{
    "class": "02958343",
    "model": "1ae530f49a914595b491214a0cc2380",
    "remove_doubles": true,
    "edge_split": true,
    "denoise": true,
    "camera_angle_x": 0.6911112070083618,
    "scale_factor": 2.276942202486052,
    "hdri_file": "/data/IndoorHDRDataset2018/9C4A0034-a460e29cd9.exr",
    "center_offset": [
        0.0,
        0.0,
        1.862645149230957e-09
    ],
    "lights": [],
    "frames": [
        {
            "file_path": "/data/shapenet_blender/all_50_random/02958343/1ae530f49a914595b491214a0cc2380/r_0",
            "rotation": 0.12566370614359174,
            "transform_matrix": [
                [
                    -0.8911344408988953,
                    0.12611141800880432,
                    0.435861736536026,
                    1.7570149898529053
                ],
                [
                    0.45373958349227905,
                    0.24768002331256866,
                    0.8560227155685425,
                    3.4507381916046143
                ],
                [
                    0.0,
                    0.9605989456176758,
                    -0.2779378890991211,
                    -1.1204036474227905
                ],
                [
                    0.0,
                    0.0,
                    0.0,
                    1.0
                ]
            ]
        },
        {
            "file_path": "/data/shapenet_blender/all_50_random/02958343/1ae530f49a914595b491214a0cc2380/r_1",
            "rotation": 0.12566370614359174,
            "transform_matrix": [
                [
                    0.2164836972951889,
                    -0.5595356822013855,
                    -0.8000340461730957,
                    -3.2250406742095947
                ],
                [
                    -0.9762862920761108,
                    -0.12407257407903671,
                    -0.17740115523338318,
                    -0.7151269912719727
                ],
                [
                    0.0,
                    0.8194666504859924,
                    -0.5731266736984253,
                    -2.31034779548645
                ],
                [
                    0.0,
                    0.0,
                    0.0,
                    1.0
                ]
            ]
        },
        {
            "file_path": "/data/shapenet_blender/all_50_random/02958343/1ae530f49a914595b491214a0cc2380/r_2",
            "rotation": 0.12566370614359174,
            "transform_matrix": [
                [
                    0.7609875202178955,
                    0.18970052897930145,
                    -0.6204125881195068,
                    -2.5009632110595703
                ],
                [
                    -0.6487666368484497,
                    0.22251412272453308,
                    -0.7277289032936096,
                    -2.9335689544677734
                ],
                [
                    0.0,
                    0.9562954902648926,
                    0.29240185022354126,
                    1.1787095069885254
                ],
                [
                    0.0,
                    0.0,
                    0.0,
                    1.0
                ]
            ]
        },
        {
            "file_path": "/data/shapenet_blender/all_50_random/02958343/1ae530f49a914595b491214a0cc2380/r_3",
            "rotation": 0.12566370614359174,
            "transform_matrix": [
                [
                    -0.9794286489486694,
                    -0.04225938022136688,
                    -0.19731593132019043,
                    -0.7954058647155762
                ],
                [
                    -0.20179052650928497,
                    0.20511391758918762,
                    0.9577102661132812,
                    3.8606531620025635
                ],
                [
                    0.0,
                    0.9778253436088562,
                    -0.2094220221042633,
                    -0.8442070484161377
                ],
                [
                    0.0,
                    0.0,
                    0.0,
                    1.0
                ]
            ]
        },
        {
            "file_path": "/data/shapenet_blender/all_50_random/02958343/1ae530f49a914595b491214a0cc2380/r_4",
            "rotation": 0.12566370614359174,
            "transform_matrix": [
                [
                    0.37592533230781555,
                    0.546807050704956,
                    0.7481191158294678,
                    3.0157642364501953
                ],
                [
                    0.9266498684883118,
                    -0.22182992100715637,
                    -0.30349862575531006,
                    -1.2234419584274292
                ],
                [
                    1.4901158529312397e-08,
                    0.80733722448349,
                    -0.590090274810791,
                    -2.3787295818328857
                ],
                [
                    0.0,
                    0.0,
                    0.0,
                    1.0
                ]
            ]
        },
        {
            "file_path": "/data/shapenet_blender/all_50_random/02958343/1ae530f49a914595b491214a0cc2380/r_5",
            "rotation": 0.12566370614359174,
            "transform_matrix": [
                [
                    0.865519106388092,
                    -0.08136522024869919,
                    0.4942229986190796,
                    1.992276668548584
                ],
                [
                    0.5008758902549744,
                    0.14060001075267792,
                    -0.8540228009223938,
                    -3.442676067352295
                ],
                [
                    -7.450580596923828e-09,
                    0.9867174029350281,
                    0.16244587302207947,
                    0.6548402309417725
                ],
                [
                    0.0,
                    0.0,
                    0.0,
                    1.0
                ]
            ]
        },
        {
            "file_path": "/data/shapenet_blender/all_50_random/02958343/1ae530f49a914595b491214a0cc2380/r_6",
            "rotation": 0.12566370614359174,
            "transform_matrix": [
                [
                    0.706195592880249,
                    0.47814589738845825,
                    -0.5221725702285767,
                    -2.104945182800293
                ],
                [
                    -0.7080168128013611,
                    0.47691595554351807,
                    -0.5208293795585632,
                    -2.0995306968688965
                ],
                [
                    -1.4901162970204496e-08,
                    0.7375143766403198,
                    0.6753312349319458,
                    2.7223474979400635
                ],
                [
                    0.0,
                    0.0,
                    0.0,
                    1.0
                ]
            ]
        },
        {
            "file_path": "/data/shapenet_blender/all_50_random/02958343/1ae530f49a914595b491214a0cc2380/r_7",
            "rotation": 0.12566370614359174,
            "transform_matrix": [
                [
                    0.6505877375602722,
                    0.3082740306854248,
                    0.6940480470657349,
                    2.797797441482544
                ],
                [
                    0.7594312429428101,
                    -0.26409149169921875,
                    -0.5945754647254944,
                    -2.396810531616211
                ],
                [
                    0.0,
                    0.913905143737793,
                    -0.4059275686740875,
                    -1.636346459388733
                ],
                [
                    0.0,
                    0.0,
                    0.0,
                    1.0
                ]
            ]
        },
        {
            "file_path": "/data/shapenet_blender/all_50_random/02958343/1ae530f49a914595b491214a0cc2380/r_8",
            "rotation": 0.12566370614359174,
            "transform_matrix": [
                [
                    0.9614285230636597,
                    -0.1626387983560562,
                    0.22181960940361023,
                    0.8941835165023804
                ],
                [
                    0.2750551402568817,
                    0.5684880614280701,
                    -0.7753488421440125,
                    -3.1255314350128174
                ],
                [
                    0.0,
                    0.8064550757408142,
                    0.5912951827049255,
                    2.38358736038208
                ],
                [
                    0.0,
                    0.0,
                    0.0,
                    1.0
                ]
            ]
        },
        {
            "file_path": "/data/shapenet_blender/all_50_random/02958343/1ae530f49a914595b491214a0cc2380/r_9",
            "rotation": 0.12566370614359174,
            "transform_matrix": [
                [
                    -0.5664902925491333,
                    -0.5696974396705627,
                    0.5954272747039795,
                    2.4002437591552734
                ],
                [
                    0.8240684866905212,
                    -0.3916277289390564,
                    0.40931522846221924,
                    1.6500022411346436
                ],
                [
                    -1.4901161193847656e-08,
                    0.7225457429885864,
                    0.6913230419158936,
                    2.7868120670318604
                ],
                [
                    0.0,
                    0.0,
                    0.0,
                    1.0
                ]
            ]
        },
        {
            "file_path": "/data/shapenet_blender/all_50_random/02958343/1ae530f49a914595b491214a0cc2380/r_10",
            "rotation": 0.12566370614359174,
            "transform_matrix": [
                [
                    0.9946969151496887,
                    -0.010069548152387142,
                    -0.1023564338684082,
                    -0.4126119911670685
                ],
                [
                    -0.10285056382417679,
                    -0.0973854586482048,
                    -0.989918053150177,
                    -3.9904873371124268
                ],
                [
                    -9.31322685637781e-10,
                    0.995195746421814,
                    -0.09790465980768204,
                    -0.39466631412506104
                ],
                [
                    0.0,
                    0.0,
                    0.0,
                    1.0
                ]
            ]
        },
        {
            "file_path": "/data/shapenet_blender/all_50_random/02958343/1ae530f49a914595b491214a0cc2380/r_11",
            "rotation": 0.12566370614359174,
            "transform_matrix": [
                [
                    0.25462615489959717,
                    0.884802520275116,
                    -0.3902437090873718,
                    -1.5731228590011597
                ],
                [
                    -0.9670395851135254,
                    0.23297272622585297,
                    -0.10275303572416306,
                    -0.4142107665538788
                ],
                [
                    0.0,
                    0.40354472398757935,
                    0.9149597883224487,
                    3.688321113586426
                ],
                [
                    0.0,
                    0.0,
                    0.0,
                    1.0
                ]
            ]
        },
        {
            "file_path": "/data/shapenet_blender/all_50_random/02958343/1ae530f49a914595b491214a0cc2380/r_12",
            "rotation": 0.12566370614359174,
            "transform_matrix": [
                [
                    0.9713062047958374,
                    0.1985837072134018,
                    -0.13087686896324158,
                    -0.5275814533233643
                ],
                [
                    -0.23783241212368011,
                    0.811014711856842,
                    -0.5345003604888916,
                    -2.154639720916748
                ],
                [
                    0.0,
                    0.5502902865409851,
                    0.8349734544754028,
                    3.3658852577209473
                ],
                [
                    0.0,
                    0.0,
                    0.0,
                    1.0
                ]
            ]
        },
        {
            "file_path": "/data/shapenet_blender/all_50_random/02958343/1ae530f49a914595b491214a0cc2380/r_13",
            "rotation": 0.12566370614359174,
            "transform_matrix": [
                [
                    0.4978009760379791,
                    -0.3187239170074463,
                    0.8066034913063049,
                    3.2515227794647217
                ],
                [
                    0.867291271686554,
                    0.18293865025043488,
                    -0.4629678726196289,
                    -1.8662831783294678
                ],
                [
                    -2.9802322387695312e-08,
                    0.930026113986969,
                    0.36749351024627686,
                    1.481413722038269
                ],
                [
                    0.0,
                    0.0,
                    0.0,
                    1.0
                ]
            ]
        },
        {
            "file_path": "/data/shapenet_blender/all_50_random/02958343/1ae530f49a914595b491214a0cc2380/r_14",
            "rotation": 0.12566370614359174,
            "transform_matrix": [
                [
                    -0.843220055103302,
                    0.03496963158249855,
                    0.5364299416542053,
                    2.1624183654785156
                ],
                [
                    0.5375685691833496,
                    0.054852716624736786,
                    0.8414340019226074,
                    3.3919289112091064
                ],
                [
                    -1.862645149230957e-09,
                    0.9978818893432617,
                    -0.06505148112773895,
                    -0.26223090291023254
                ],
                [
                    0.0,
                    0.0,
                    0.0,
                    1.0
                ]
            ]
        },
        {
            "file_path": "/data/shapenet_blender/all_50_random/02958343/1ae530f49a914595b491214a0cc2380/r_15",
            "rotation": 0.12566370614359174,
            "transform_matrix": [
                [
                    0.6293764114379883,
                    0.6878899335861206,
                    -0.36151450872421265,
                    -1.4573113918304443
                ],
                [
                    -0.777100682258606,
                    0.5571243762969971,
                    -0.29279181361198425,
                    -1.180281400680542
                ],
                [
                    0.0,
                    0.46520933508872986,
                    0.8852007389068604,
                    3.5683579444885254
                ],
                [
                    0.0,
                    0.0,
                    0.0,
                    1.0
                ]
            ]
        },
        {
            "file_path": "/data/shapenet_blender/all_50_random/02958343/1ae530f49a914595b491214a0cc2380/r_16",
            "rotation": 0.12566370614359174,
            "transform_matrix": [
                [
                    0.9910559058189392,
                    0.022273221984505653,
                    0.13157549500465393,
                    0.5303978323936462
                ],
                [
                    0.13344739377498627,
                    -0.16541354358196259,
                    -0.9771540760993958,
                    -3.9390342235565186
                ],
                [
                    0.0,
                    0.9859727621078491,
                    -0.16690637171268463,
                    -0.6728211641311646
                ],
                [
                    0.0,
                    0.0,
                    0.0,
                    1.0
                ]
            ]
        },
        {
            "file_path": "/data/shapenet_blender/all_50_random/02958343/1ae530f49a914595b491214a0cc2380/r_17",
            "rotation": 0.12566370614359174,
            "transform_matrix": [
                [
                    0.840998113155365,
                    0.2911064624786377,
                    -0.456047385931015,
                    -1.8383859395980835
                ],
                [
                    -0.5410380959510803,
                    0.45250046253204346,
                    -0.7088872194290161,
                    -2.8576159477233887
                ],
                [
                    0.0,
                    0.8429118394851685,
                    0.5380516648292542,
                    2.1689558029174805
                ],
                [
                    0.0,
                    0.0,
                    0.0,
                    1.0
                ]
            ]
        },
        {
            "file_path": "/data/shapenet_blender/all_50_random/02958343/1ae530f49a914595b491214a0cc2380/r_18",
            "rotation": 0.12566370614359174,
            "transform_matrix": [
                [
                    -0.8113196492195129,
                    -0.15878769755363464,
                    -0.5626250505447388,
                    -2.2680141925811768
                ],
                [
                    -0.5846028923988342,
                    0.2203676700592041,
                    0.780818521976471,
                    3.147580146789551
                ],
                [
                    0.0,
                    0.9624056816101074,
                    -0.2716163098812103,
                    -1.0949203968048096
                ],
                [
                    0.0,
                    0.0,
                    0.0,
                    1.0
                ]
            ]
        },
        {
            "file_path": "/data/shapenet_blender/all_50_random/02958343/1ae530f49a914595b491214a0cc2380/r_19",
            "rotation": 0.12566370614359174,
            "transform_matrix": [
                [
                    0.9995391964912415,
                    -0.013423937372863293,
                    -0.027227604761719704,
                    -0.10975798964500427
                ],
                [
                    -0.030356958508491516,
                    -0.441999226808548,
                    -0.8965015411376953,
                    -3.6139135360717773
                ],
                [
                    0.0,
                    0.8969148993492126,
                    -0.44220301508903503,
                    -1.7825775146484375
                ],
                [
                    0.0,
                    0.0,
                    0.0,
                    1.0
                ]
            ]
        },
        {
            "file_path": "/data/shapenet_blender/all_50_random/02958343/1ae530f49a914595b491214a0cc2380/r_20",
            "rotation": 0.12566370614359174,
            "transform_matrix": [
                [
                    -0.8002563118934631,
                    -0.08549319952726364,
                    0.593532383441925,
                    2.392605781555176
                ],
                [
                    0.5996580719947815,
                    -0.11409245431423187,
                    0.792081356048584,
                    3.1929824352264404
                ],
                [
                    -7.450581485102248e-09,
                    0.9897845983505249,
                    0.1425698846578598,
                    0.57471764087677
                ],
                [
                    0.0,
                    0.0,
                    0.0,
                    1.0
                ]
            ]
        },
        {
            "file_path": "/data/shapenet_blender/all_50_random/02958343/1ae530f49a914595b491214a0cc2380/r_21",
            "rotation": 0.12566370614359174,
            "transform_matrix": [
                [
                    0.42028898000717163,
                    0.026245083659887314,
                    -0.9070106744766235,
                    -3.6562769412994385
                ],
                [
                    -0.907390296459198,
                    0.012156312353909016,
                    -0.42011314630508423,
                    -1.6935302019119263
                ],
                [
                    0.0,
                    0.999581515789032,
                    0.028923703357577324,
                    0.11659517884254456
                ],
                [
                    0.0,
                    0.0,
                    0.0,
                    1.0
                ]
            ]
        },
        {
            "file_path": "/data/shapenet_blender/all_50_random/02958343/1ae530f49a914595b491214a0cc2380/r_22",
            "rotation": 0.12566370614359174,
            "transform_matrix": [
                [
                    0.4734208583831787,
                    -0.03868647664785385,
                    0.8799863457679749,
                    3.5473387241363525
                ],
                [
                    0.8808364272117615,
                    0.02079271897673607,
                    -0.47296395897865295,
                    -1.906578779220581
                ],
                [
                    0.0,
                    0.9990350008010864,
                    0.043920163065195084,
                    0.17704784870147705
                ],
                [
                    0.0,
                    0.0,
                    0.0,
                    1.0
                ]
            ]
        },
        {
            "file_path": "/data/shapenet_blender/all_50_random/02958343/1ae530f49a914595b491214a0cc2380/r_23",
            "rotation": 0.12566370614359174,
            "transform_matrix": [
                [
                    -0.5888678431510925,
                    0.03503681346774101,
                    -0.8074696063995361,
                    -3.2550137042999268
                ],
                [
                    -0.8082293272018433,
                    -0.025527475401759148,
                    0.5883143544197083,
                    2.3715708255767822
                ],
                [
                    0.0,
                    0.9990599155426025,
                    0.04335009306669235,
                    0.17474979162216187
                ],
                [
                    0.0,
                    0.0,
                    0.0,
                    1.0
                ]
            ]
        },
        {
            "file_path": "/data/shapenet_blender/all_50_random/02958343/1ae530f49a914595b491214a0cc2380/r_24",
            "rotation": 0.12566370614359174,
            "transform_matrix": [
                [
                    0.28888577222824097,
                    0.17888250946998596,
                    0.9405030012130737,
                    3.7912890911102295
                ],
                [
                    0.9573635458946228,
                    -0.053978048264980316,
                    -0.28379806876182556,
                    -1.144026756286621
                ],
                [
                    3.725290298461914e-09,
                    0.9823884963989258,
                    -0.18684908747673035,
                    -0.7532128095626831
                ],
                [
                    0.0,
                    0.0,
                    0.0,
                    1.0
                ]
            ]
        },
        {
            "file_path": "/data/shapenet_blender/all_50_random/02958343/1ae530f49a914595b491214a0cc2380/r_25",
            "rotation": 0.12566370614359174,
            "transform_matrix": [
                [
                    0.8400927186012268,
                    -0.09828943759202957,
                    -0.5334636569023132,
                    -2.150460720062256
                ],
                [
                    -0.542442798614502,
                    -0.1522229015827179,
                    -0.8261863589286804,
                    -3.3304636478424072
                ],
                [
                    7.450580596923828e-09,
                    0.9834465384483337,
                    -0.18119777739048004,
                    -0.7304316163063049
                ],
                [
                    0.0,
                    0.0,
                    0.0,
                    1.0
                ]
            ]
        },
        {
            "file_path": "/data/shapenet_blender/all_50_random/02958343/1ae530f49a914595b491214a0cc2380/r_26",
            "rotation": 0.12566370614359174,
            "transform_matrix": [
                [
                    -0.6704662442207336,
                    -0.6654245257377625,
                    -0.32815423607826233,
                    -1.3228321075439453
                ],
                [
                    -0.7419400811195374,
                    0.6013216972351074,
                    0.29654189944267273,
                    1.1953988075256348
                ],
                [
                    0.0,
                    0.44229209423065186,
                    -0.8968709707260132,
                    -3.6154026985168457
                ],
                [
                    0.0,
                    0.0,
                    0.0,
                    1.0
                ]
            ]
        },
        {
            "file_path": "/data/shapenet_blender/all_50_random/02958343/1ae530f49a914595b491214a0cc2380/r_27",
            "rotation": 0.12566370614359174,
            "transform_matrix": [
                [
                    -0.3229365944862366,
                    0.05329030379652977,
                    -0.9449190497398376,
                    -3.8090906143188477
                ],
                [
                    -0.9464206695556641,
                    -0.01818365789949894,
                    0.3224242329597473,
                    1.2997336387634277
                ],
                [
                    0.0,
                    0.9984135031700134,
                    0.05630720406770706,
                    0.22698159515857697
                ],
                [
                    0.0,
                    0.0,
                    0.0,
                    1.0
                ]
            ]
        },
        {
            "file_path": "/data/shapenet_blender/all_50_random/02958343/1ae530f49a914595b491214a0cc2380/r_28",
            "rotation": 0.12566370614359174,
            "transform_matrix": [
                [
                    0.23504360020160675,
                    0.34230145812034607,
                    -0.9097164869308472,
                    -3.667184591293335
                ],
                [
                    -0.97198486328125,
                    0.08277471363544464,
                    -0.2199859768152237,
                    -0.8867918848991394
                ],
                [
                    0.0,
                    0.9359368085861206,
                    0.3521675169467926,
                    1.4196327924728394
                ],
                [
                    0.0,
                    0.0,
                    0.0,
                    1.0
                ]
            ]
        },
        {
            "file_path": "/data/shapenet_blender/all_50_random/02958343/1ae530f49a914595b491214a0cc2380/r_29",
            "rotation": 0.12566370614359174,
            "transform_matrix": [
                [
                    0.8271057605743408,
                    -0.21557913720607758,
                    0.5190584659576416,
                    2.0923914909362793
                ],
                [
                    0.5620462894439697,
                    0.31724563241004944,
                    -0.7638449668884277,
                    -3.079157590866089
                ],
                [
                    0.0,
                    0.9235154390335083,
                    0.3835611641407013,
                    1.5461845397949219
                ],
                [
                    0.0,
                    0.0,
                    0.0,
                    1.0
                ]
            ]
        },
        {
            "file_path": "/data/shapenet_blender/all_50_random/02958343/1ae530f49a914595b491214a0cc2380/r_30",
            "rotation": 0.12566370614359174,
            "transform_matrix": [
                [
                    0.8038479089736938,
                    -0.08871728181838989,
                    0.5881816744804382,
                    2.3710362911224365
                ],
                [
                    0.5948348045349121,
                    0.11989075690507889,
                    -0.7948569655418396,
                    -3.2041711807250977
                ],
                [
                    0.0,
                    0.9888151288032532,
                    0.14914606511592865,
                    0.6012271046638489
                ],
                [
                    0.0,
                    0.0,
                    0.0,
                    1.0
                ]
            ]
        },
        {
            "file_path": "/data/shapenet_blender/all_50_random/02958343/1ae530f49a914595b491214a0cc2380/r_31",
            "rotation": 0.12566370614359174,
            "transform_matrix": [
                [
                    -0.8227859735488892,
                    -0.21529771387577057,
                    -0.5259943604469299,
                    -2.1203508377075195
                ],
                [
                    -0.5683512091636658,
                    0.3116804361343384,
                    0.7614671587944031,
                    3.0695719718933105
                ],
                [
                    1.4901160305669237e-08,
                    0.9254739880561829,
                    -0.3788110613822937,
                    -1.5270360708236694
                ],
                [
                    0.0,
                    0.0,
                    0.0,
                    1.0
                ]
            ]
        },
        {
            "file_path": "/data/shapenet_blender/all_50_random/02958343/1ae530f49a914595b491214a0cc2380/r_32",
            "rotation": 0.12566370614359174,
            "transform_matrix": [
                [
                    -0.6806678175926208,
                    -0.31524989008903503,
                    -0.6612933278083801,
                    -2.6657586097717285
                ],
                [
                    -0.7325922250747681,
                    0.29290571808815,
                    0.6144223809242249,
                    2.476815938949585
                ],
                [
                    1.4901161193847656e-08,
                    0.9026759266853333,
                    -0.4303210973739624,
                    -1.7346798181533813
                ],
                [
                    0.0,
                    0.0,
                    0.0,
                    1.0
                ]
            ]
        },
        {
            "file_path": "/data/shapenet_blender/all_50_random/02958343/1ae530f49a914595b491214a0cc2380/r_33",
            "rotation": 0.12566370614359174,
            "transform_matrix": [
                [
                    -0.9987460374832153,
                    -0.0327664315700531,
                    0.03785182163119316,
                    0.15258559584617615
                ],
                [
                    0.050063956528902054,
                    -0.6536707878112793,
                    0.7551212310791016,
                    3.0439913272857666
                ],
                [
                    3.725290298461914e-09,
                    0.7560693621635437,
                    0.6544914245605469,
                    2.6383395195007324
                ],
                [
                    0.0,
                    0.0,
                    0.0,
                    1.0
                ]
            ]
        },
        {
            "file_path": "/data/shapenet_blender/all_50_random/02958343/1ae530f49a914595b491214a0cc2380/r_34",
            "rotation": 0.12566370614359174,
            "transform_matrix": [
                [
                    0.26019352674484253,
                    -0.13699093461036682,
                    0.9557890892028809,
                    3.8529090881347656
                ],
                [
                    0.9655564427375793,
                    0.03691566362977028,
                    -0.25756147503852844,
                    -1.0382635593414307
                ],
                [
                    0.0,
                    0.9898841977119446,
                    0.1418776959180832,
                    0.5719273090362549
                ],
                [
                    0.0,
                    0.0,
                    0.0,
                    1.0
                ]
            ]
        },
        {
            "file_path": "/data/shapenet_blender/all_50_random/02958343/1ae530f49a914595b491214a0cc2380/r_35",
            "rotation": 0.12566370614359174,
            "transform_matrix": [
                [
                    0.7785606980323792,
                    0.458090215921402,
                    -0.4289482533931732,
                    -1.729145884513855
                ],
                [
                    -0.627569317817688,
                    0.5683053731918335,
                    -0.5321519374847412,
                    -2.1451733112335205
                ],
                [
                    -1.4901161193847656e-08,
                    0.6835074424743652,
                    0.7299434542655945,
                    2.9424965381622314
                ],
                [
                    0.0,
                    0.0,
                    0.0,
                    1.0
                ]
            ]
        },
        {
            "file_path": "/data/shapenet_blender/all_50_random/02958343/1ae530f49a914595b491214a0cc2380/r_36",
            "rotation": 0.12566370614359174,
            "transform_matrix": [
                [
                    0.9550130367279053,
                    -0.11981905996799469,
                    -0.27128151059150696,
                    -1.0935707092285156
                ],
                [
                    -0.29656413197517395,
                    -0.3858483135700226,
                    -0.8735964894294739,
                    -3.5215799808502197
                ],
                [
                    0.0,
                    0.9147483110427856,
                    -0.4040241539478302,
                    -1.6286734342575073
                ],
                [
                    0.0,
                    0.0,
                    0.0,
                    1.0
                ]
            ]
        },
        {
            "file_path": "/data/shapenet_blender/all_50_random/02958343/1ae530f49a914595b491214a0cc2380/r_37",
            "rotation": 0.12566370614359174,
            "transform_matrix": [
                [
                    -0.9596413373947144,
                    0.06728130578994751,
                    -0.2730599343776703,
                    -1.1007399559020996
                ],
                [
                    -0.2812268137931824,
                    -0.2295866757631302,
                    0.9317732453346252,
                    3.7560982704162598
                ],
                [
                    -7.450580596923828e-09,
                    0.9709599018096924,
                    0.23924216628074646,
                    0.9644160866737366
                ],
                [
                    0.0,
                    0.0,
                    0.0,
                    1.0
                ]
            ]
        },
        {
            "file_path": "/data/shapenet_blender/all_50_random/02958343/1ae530f49a914595b491214a0cc2380/r_38",
            "rotation": 0.12566370614359174,
            "transform_matrix": [
                [
                    0.8956892490386963,
                    0.06194116547703743,
                    0.44034528732299805,
                    1.7750886678695679
                ],
                [
                    0.444680392742157,
                    -0.1247638538479805,
                    -0.8869573473930359,
                    -3.575439453125
                ],
                [
                    0.0,
                    0.9902510643005371,
                    -0.13929367065429688,
                    -0.5615107417106628
                ],
                [
                    0.0,
                    0.0,
                    0.0,
                    1.0
                ]
            ]
        },
        {
            "file_path": "/data/shapenet_blender/all_50_random/02958343/1ae530f49a914595b491214a0cc2380/r_39",
            "rotation": 0.12566370614359174,
            "transform_matrix": [
                [
                    -0.8067460656166077,
                    -0.3152635097503662,
                    -0.49976956844329834,
                    -2.0146355628967285
                ],
                [
                    -0.5908981561660767,
                    0.43042540550231934,
                    0.6823292970657349,
                    2.7505574226379395
                ],
                [
                    -1.4901160305669237e-08,
                    0.8457794785499573,
                    -0.5335326790809631,
                    -2.1507389545440674
                ],
                [
                    0.0,
                    0.0,
                    0.0,
                    1.0
                ]
            ]
        },
        {
            "file_path": "/data/shapenet_blender/all_50_random/02958343/1ae530f49a914595b491214a0cc2380/r_40",
            "rotation": 0.12566370614359174,
            "transform_matrix": [
                [
                    -0.786580502986908,
                    -0.4390413761138916,
                    -0.434204638004303,
                    -1.7503349781036377
                ],
                [
                    -0.6174876689910889,
                    0.5592684149742126,
                    0.5531072020530701,
                    2.229646682739258
                ],
                [
                    -1.4901161193847656e-08,
                    0.7031793594360352,
                    -0.7110123634338379,
                    -2.866182804107666
                ],
                [
                    0.0,
                    0.0,
                    0.0,
                    1.0
                ]
            ]
        },
        {
            "file_path": "/data/shapenet_blender/all_50_random/02958343/1ae530f49a914595b491214a0cc2380/r_41",
            "rotation": 0.12566370614359174,
            "transform_matrix": [
                [
                    0.21268834173679352,
                    -0.44459068775177,
                    -0.8701164722442627,
                    -3.507551908493042
                ],
                [
                    -0.9771201014518738,
                    -0.0967734307050705,
                    -0.18939702212810516,
                    -0.7634838819503784
                ],
                [
                    0.0,
                    0.8904908299446106,
                    -0.45500102639198303,
