{
    "class": "02958343",
    "model": "4c3fe644e76bb94fb3cf5236f651a8e6",
    "remove_doubles": true,
    "edge_split": true,
    "denoise": true,
    "camera_angle_x": 0.6911112070083618,
    "scale_factor": 2.2435307426416395,
    "hdri_file": "/data/IndoorHDRDataset2018/AG8A0573-41ce9968c7.exr",
    "center_offset": [
        0.0,
        0.0,
        -1.862645149230957e-09
    ],
    "lights": [],
    "frames": [
        {
            "file_path": "/data/shapenet_blender/all_50_random/02958343/4c3fe644e76bb94fb3cf5236f651a8e6/r_0",
            "rotation": 0.12566370614359174,
            "transform_matrix": [
                [
                    0.9041401147842407,
                    0.13463881611824036,
                    0.40546634793281555,
                    1.634487271308899
                ],
                [
                    0.42723602056503296,
                    -0.2849299907684326,
                    -0.8580700159072876,
                    -3.458991050720215
                ],
                [
                    -7.450580596923828e-09,
                    0.9490454196929932,
                    -0.31513917446136475,
                    -1.2703667879104614
                ],
                [
                    0.0,
                    0.0,
                    0.0,
                    1.0
                ]
            ]
        },
        {
            "file_path": "/data/shapenet_blender/all_50_random/02958343/4c3fe644e76bb94fb3cf5236f651a8e6/r_1",
            "rotation": 0.12566370614359174,
            "transform_matrix": [
                [
                    0.649360716342926,
                    -0.42261946201324463,
                    0.6322367787361145,
                    2.548628330230713
                ],
                [
                    0.760480523109436,
                    0.3608672022819519,
                    -0.5398556590080261,
                    -2.1762280464172363
                ],
                [
                    -1.4901161193847656e-08,
                    0.8313649892807007,
                    0.5557267069816589,
                    2.240206241607666
                ],
                [
                    0.0,
                    0.0,
                    0.0,
                    1.0
                ]
            ]
        },
        {
            "file_path": "/data/shapenet_blender/all_50_random/02958343/4c3fe644e76bb94fb3cf5236f651a8e6/r_2",
            "rotation": 0.12566370614359174,
            "transform_matrix": [
                [
                    -0.5029913783073425,
                    -0.14777521789073944,
                    -0.8515645265579224,
                    -3.4327664375305176
                ],
                [
                    -0.8642914295196533,
                    0.08600069582462311,
                    0.49558472633361816,
                    1.9977658987045288
                ],
                [
                    0.0,
                    0.9852747321128845,
                    -0.17097847163677216,
                    -0.6892362833023071
                ],
                [
                    0.0,
                    0.0,
                    0.0,
                    1.0
                ]
            ]
        },
        {
            "file_path": "/data/shapenet_blender/all_50_random/02958343/4c3fe644e76bb94fb3cf5236f651a8e6/r_3",
            "rotation": 0.12566370614359174,
            "transform_matrix": [
                [
                    0.8574422001838684,
                    0.11358227580785751,
                    0.5018884539604187,
                    2.023177146911621
                ],
                [
                    0.5145804286003113,
                    -0.18926143646240234,
                    -0.836293637752533,
                    -3.3712074756622314
                ],
                [
                    -7.450581485102248e-09,
                    0.975335419178009,
                    -0.22072793543338776,
                    -0.8897827863693237
                ],
                [
                    0.0,
                    0.0,
                    0.0,
                    1.0
                ]
            ]
        },
        {
            "file_path": "/data/shapenet_blender/all_50_random/02958343/4c3fe644e76bb94fb3cf5236f651a8e6/r_4",
            "rotation": 0.12566370614359174,
            "transform_matrix": [
                [
                    -0.9778153896331787,
                    -0.1591077595949173,
                    0.13624165952205658,
                    0.5492076873779297
                ],
                [
                    0.2094685137271881,
                    -0.7427273988723755,
                    0.6359866857528687,
                    2.563744306564331
                ],
                [
                    -7.4505797087454084e-09,
                    0.65041583776474,
                    0.7595782279968262,
                    3.061957836151123
                ],
                [
                    0.0,
                    0.0,
                    0.0,
                    1.0
                ]
            ]
        },
        {
            "file_path": "/data/shapenet_blender/all_50_random/02958343/4c3fe644e76bb94fb3cf5236f651a8e6/r_5",
            "rotation": 0.12566370614359174,
            "transform_matrix": [
                [
                    0.9969420433044434,
                    0.06381965428590775,
                    0.045096274465322495,
                    0.18178889155387878
                ],
                [
                    0.07814489305019379,
                    -0.8141862750053406,
                    -0.5753206610679626,
                    -2.3191916942596436
                ],
                [
                    0.0,
                    0.5770853757858276,
                    -0.8166837692260742,
                    -3.2921576499938965
                ],
                [
                    0.0,
                    0.0,
                    0.0,
                    1.0
                ]
            ]
        },
        {
            "file_path": "/data/shapenet_blender/all_50_random/02958343/4c3fe644e76bb94fb3cf5236f651a8e6/r_6",
            "rotation": 0.12566370614359174,
            "transform_matrix": [
                [
                    0.8061297535896301,
                    0.06754879653453827,
                    -0.5878706574440002,
                    -2.3697826862335205
                ],
                [
                    -0.591738760471344,
                    0.09202217310667038,
                    -0.8008601069450378,
                    -3.2283706665039062
                ],
                [
                    0.0,
                    0.9934630990028381,
                    0.11415304988622665,
                    0.46016567945480347
                ],
                [
                    0.0,
                    0.0,
                    0.0,
                    1.0
                ]
            ]
        },
        {
            "file_path": "/data/shapenet_blender/all_50_random/02958343/4c3fe644e76bb94fb3cf5236f651a8e6/r_7",
            "rotation": 0.12566370614359174,
            "transform_matrix": [
                [
                    0.06882503628730774,
                    -0.13420718908309937,
                    0.9885603785514832,
                    3.985013961791992
                ],
                [
                    0.9976287484169006,
                    0.009258769452571869,
                    -0.06819941848516464,
                    -0.27492061257362366
                ],
                [
                    -9.313225746154785e-10,
                    0.9909099340438843,
                    0.13452622294425964,
                    0.5422924757003784
                ],
                [
                    0.0,
                    0.0,
                    0.0,
                    1.0
                ]
            ]
        },
        {
            "file_path": "/data/shapenet_blender/all_50_random/02958343/4c3fe644e76bb94fb3cf5236f651a8e6/r_8",
            "rotation": 0.12566370614359174,
            "transform_matrix": [
                [
                    -0.026292577385902405,
                    -0.1738191395998001,
                    0.9844265580177307,
                    3.9683501720428467
                ],
                [
                    0.9996543526649475,
                    -0.0045717330649495125,
                    0.02589206025004387,
                    0.1043742299079895
                ],
                [
                    0.0,
                    0.9847670197486877,
                    0.1738792359828949,
                    0.700929582118988
                ],
                [
                    0.0,
                    0.0,
                    0.0,
                    1.0
                ]
            ]
        },
        {
            "file_path": "/data/shapenet_blender/all_50_random/02958343/4c3fe644e76bb94fb3cf5236f651a8e6/r_9",
            "rotation": 0.12566370614359174,
            "transform_matrix": [
                [
                    -0.7548311948776245,
                    0.07015419006347656,
                    -0.6521565318107605,
                    -2.628926992416382
                ],
                [
                    -0.6559190154075623,
                    -0.08073341101408005,
                    0.7505013942718506,
                    3.0253679752349854
                ],
                [
                    -3.7252898543727042e-09,
                    0.9942638278007507,
                    0.10695557296276093,
                    0.43115171790122986
                ],
                [
                    0.0,
                    0.0,
                    0.0,
                    1.0
                ]
            ]
        },
        {
            "file_path": "/data/shapenet_blender/all_50_random/02958343/4c3fe644e76bb94fb3cf5236f651a8e6/r_10",
            "rotation": 0.12566370614359174,
            "transform_matrix": [
                [
                    0.8875935077667236,
                    -0.41551673412323,
                    -0.19880564510822296,
                    -0.8014112114906311
                ],
                [
                    -0.46062761545181274,
                    -0.8006682991981506,
                    -0.38308292627334595,
                    -1.5442566871643066
                ],
                [
                    -1.4901161193847656e-08,
                    0.4315972328186035,
                    -0.9020663499832153,
                    -3.636345863342285
                ],
                [
                    0.0,
                    0.0,
                    0.0,
                    1.0
                ]
            ]
        },
        {
            "file_path": "/data/shapenet_blender/all_50_random/02958343/4c3fe644e76bb94fb3cf5236f651a8e6/r_11",
            "rotation": 0.12566370614359174,
            "transform_matrix": [
                [
                    -0.478922575712204,
                    -0.2257375419139862,
                    0.8483370542526245,
                    3.4197559356689453
                ],
                [
                    0.8778572678565979,
                    -0.12315306067466736,
                    0.46281757950782776,
                    1.8656772375106812
                ],
                [
                    0.0,
                    0.9663723707199097,
                    0.25714612007141113,
                    1.0365891456604004
                ],
                [
                    0.0,
                    0.0,
                    0.0,
                    1.0
                ]
            ]
        },
        {
            "file_path": "/data/shapenet_blender/all_50_random/02958343/4c3fe644e76bb94fb3cf5236f651a8e6/r_12",
            "rotation": 0.12566370614359174,
            "transform_matrix": [
                [
                    0.31311389803886414,
                    0.3550325036048889,
                    -0.8808585405349731,
                    -3.550853967666626
                ],
                [
                    -0.9497156739234924,
                    0.11705146729946136,
                    -0.2904122471809387,
                    -1.1706891059875488
                ],
                [
                    -7.450580596923828e-09,
                    0.927497148513794,
                    0.37383031845092773,
                    1.5069580078125
                ],
                [
                    0.0,
                    0.0,
                    0.0,
                    1.0
                ]
            ]
        },
        {
            "file_path": "/data/shapenet_blender/all_50_random/02958343/4c3fe644e76bb94fb3cf5236f651a8e6/r_13",
            "rotation": 0.12566370614359174,
            "transform_matrix": [
                [
                    -0.932587742805481,
                    -0.0018084114417433739,
                    0.36093857884407043,
                    1.454990029335022
                ],
                [
                    0.36094310879707336,
                    -0.004672488197684288,
                    0.932576060295105,
                    3.7593345642089844
                ],
                [
                    1.164153010102531e-10,
                    0.9999875426292419,
                    0.005010238382965326,
                    0.02019691839814186
                ],
                [
                    0.0,
                    0.0,
                    0.0,
                    1.0
                ]
            ]
        },
        {
            "file_path": "/data/shapenet_blender/all_50_random/02958343/4c3fe644e76bb94fb3cf5236f651a8e6/r_14",
            "rotation": 0.12566370614359174,
            "transform_matrix": [
                [
                    -0.6993170976638794,
                    0.3936528265476227,
                    0.5966514348983765,
                    2.4051787853240967
                ],
                [
                    0.7148114442825317,
                    0.3851199448108673,
                    0.5837182998657227,
                    2.353043794631958
                ],
                [
                    -1.4901161193847656e-08,
                    0.8346975445747375,
                    -0.5507085919380188,
                    -2.219977378845215
                ],
                [
                    0.0,
                    0.0,
                    0.0,
                    1.0
                ]
            ]
        },
        {
            "file_path": "/data/shapenet_blender/all_50_random/02958343/4c3fe644e76bb94fb3cf5236f651a8e6/r_15",
            "rotation": 0.12566370614359174,
            "transform_matrix": [
                [
                    -0.5200489163398743,
                    -0.12754584848880768,
                    0.8445596694946289,
                    3.404529094696045
                ],
                [
                    0.8541364073753357,
                    -0.07765749096870422,
                    0.5142180323600769,
                    2.0728793144226074
                ],
                [
                    7.450580152834618e-09,
                    0.9887877702713013,
                    0.14932727813720703,
                    0.6019575595855713
                ],
                [
                    0.0,
                    0.0,
                    0.0,
                    1.0
                ]
            ]
        },
        {
            "file_path": "/data/shapenet_blender/all_50_random/02958343/4c3fe644e76bb94fb3cf5236f651a8e6/r_16",
            "rotation": 0.12566370614359174,
            "transform_matrix": [
                [
                    -0.9988810420036316,
                    -0.037075698375701904,
                    -0.029359890148043633,
                    -0.11835350096225739
                ],
                [
                    -0.047292813658714294,
                    0.7830832600593567,
                    0.620116114616394,
                    2.499768018722534
                ],
                [
                    0.0,
                    0.6208108067512512,
                    -0.7839604616165161,
                    -3.160245656967163
                ],
                [
                    0.0,
                    0.0,
                    0.0,
                    1.0
                ]
            ]
        },
        {
            "file_path": "/data/shapenet_blender/all_50_random/02958343/4c3fe644e76bb94fb3cf5236f651a8e6/r_17",
            "rotation": 0.12566370614359174,
            "transform_matrix": [
                [
                    0.9479540586471558,
                    0.24128347635269165,
                    0.20776280760765076,
                    0.8375186920166016
                ],
                [
                    0.3184071183204651,
                    -0.7183433771133423,
                    -0.6185464262962341,
                    -2.4934403896331787
                ],
                [
                    0.0,
                    0.6525067687034607,
                    -0.7577828764915466,
                    -3.054720401763916
                ],
                [
                    0.0,
                    0.0,
                    0.0,
                    1.0
                ]
            ]
        },
        {
            "file_path": "/data/shapenet_blender/all_50_random/02958343/4c3fe644e76bb94fb3cf5236f651a8e6/r_18",
            "rotation": 0.12566370614359174,
            "transform_matrix": [
                [
                    -0.988500714302063,
                    0.008625383488833904,
                    0.1509699523448944,
                    0.6085793972015381
                ],
                [
                    0.15121616423130035,
                    0.05638417229056358,
                    0.9868912696838379,
                    3.9782862663269043
                ],
                [
                    0.0,
                    0.9983718395233154,
                    -0.05704009160399437,
                    -0.22993597388267517
                ],
                [
                    0.0,
                    0.0,
                    0.0,
                    1.0
                ]
            ]
        },
        {
            "file_path": "/data/shapenet_blender/all_50_random/02958343/4c3fe644e76bb94fb3cf5236f651a8e6/r_19",
            "rotation": 0.12566370614359174,
            "transform_matrix": [
                [
                    -0.9731001257896423,
                    -0.12703298032283783,
                    -0.19219465553760529,
                    -0.7747613191604614
                ],
                [
                    -0.23038266599178314,
                    0.5365673303604126,
                    0.8118000626564026,
                    3.272470235824585
                ],
                [
                    -7.450580152834618e-09,
                    0.8342409729957581,
                    -0.5514000654220581,
                    -2.222764492034912
                ],
                [
                    0.0,
                    0.0,
                    0.0,
                    1.0
                ]
            ]
        },
        {
            "file_path": "/data/shapenet_blender/all_50_random/02958343/4c3fe644e76bb94fb3cf5236f651a8e6/r_20",
            "rotation": 0.12566370614359174,
            "transform_matrix": [
                [
                    0.07824245095252991,
                    -0.053784824907779694,
                    -0.9954823851585388,
                    -4.012917995452881
                ],
                [
                    -0.9969343543052673,
                    -0.004221197217702866,
                    -0.07812849432229996,
                    -0.3149460554122925
                ],
                [
                    -4.6566125955216364e-10,
                    0.9985436201095581,
                    -0.05395021289587021,
                    -0.21748028695583344
                ],
                [
                    0.0,
                    0.0,
                    0.0,
                    1.0
                ]
            ]
        },
        {
            "file_path": "/data/shapenet_blender/all_50_random/02958343/4c3fe644e76bb94fb3cf5236f651a8e6/r_21",
            "rotation": 0.12566370614359174,
            "transform_matrix": [
                [
                    -0.9949084520339966,
                    -0.0337502583861351,
                    0.09496459364891052,
                    0.38281455636024475
                ],
                [
                    0.10078372061252594,
                    -0.3331730365753174,
                    0.9374637603759766,
                    3.7790374755859375
                ],
                [
                    -3.725290742551124e-09,
                    0.9422613382339478,
                    0.334878146648407,
                    1.349937081336975
                ],
                [
                    0.0,
                    0.0,
                    0.0,
                    1.0
                ]
            ]
        },
        {
            "file_path": "/data/shapenet_blender/all_50_random/02958343/4c3fe644e76bb94fb3cf5236f651a8e6/r_22",
            "rotation": 0.12566370614359174,
            "transform_matrix": [
                [
                    0.19122430682182312,
                    -0.6164387464523315,
                    0.7638301849365234,
                    3.0790979862213135
                ],
                [
                    0.9815464019775391,
                    0.12009422481060028,
                    -0.14880894124507904,
                    -0.5998680591583252
                ],
                [
                    7.450581485102248e-09,
                    0.778190553188324,
                    0.628028154373169,
                    2.5316624641418457
                ],
                [
                    0.0,
                    0.0,
                    0.0,
                    1.0
                ]
            ]
        },
        {
            "file_path": "/data/shapenet_blender/all_50_random/02958343/4c3fe644e76bb94fb3cf5236f651a8e6/r_23",
            "rotation": 0.12566370614359174,
            "transform_matrix": [
                [
                    -0.5748780369758606,
                    0.7675933241844177,
                    0.28340035676956177,
                    1.1424232721328735
                ],
                [
                    0.8182390928268433,
                    0.5392953753471375,
                    0.19911131262779236,
                    0.8026432991027832
                ],
                [
                    1.4901160305669237e-08,
                    0.3463538587093353,
                    -0.938103973865509,
                    -3.7816176414489746
                ],
                [
                    0.0,
                    0.0,
                    0.0,
                    1.0
                ]
            ]
        },
        {
            "file_path": "/data/shapenet_blender/all_50_random/02958343/4c3fe644e76bb94fb3cf5236f651a8e6/r_24",
            "rotation": 0.12566370614359174,
            "transform_matrix": [
                [
                    0.8271015286445618,
                    -0.09141485393047333,
                    0.5545687079429626,
                    2.2355380058288574
                ],
                [
                    0.5620526075363159,
                    0.13452363014221191,
                    -0.8160883784294128,
                    -3.289757490158081
                ],
                [
                    0.0,
                    0.9866846203804016,
                    0.1626446694135666,
                    0.6556416153907776
                ],
                [
                    0.0,
                    0.0,
                    0.0,
                    1.0
                ]
            ]
        },
        {
            "file_path": "/data/shapenet_blender/all_50_random/02958343/4c3fe644e76bb94fb3cf5236f651a8e6/r_25",
            "rotation": 0.12566370614359174,
            "transform_matrix": [
                [
                    -0.5034286379814148,
                    -0.013630340807139874,
                    -0.863929271697998,
                    -3.4826104640960693
                ],
                [
                    -0.8640369176864624,
                    0.00794167909771204,
                    0.5033658742904663,
                    2.0291330814361572
                ],
                [
                    4.656613428188905e-10,
                    0.999875545501709,
                    -0.015775183215737343,
                    -0.06359180808067322
                ],
                [
                    0.0,
                    0.0,
                    0.0,
                    1.0
                ]
            ]
        },
        {
            "file_path": "/data/shapenet_blender/all_50_random/02958343/4c3fe644e76bb94fb3cf5236f651a8e6/r_26",
            "rotation": 0.12566370614359174,
            "transform_matrix": [
                [
                    -0.7847843170166016,
                    -0.029905661940574646,
                    -0.6190471053123474,
                    -2.4954586029052734
                ],
                [
                    -0.6197690367698669,
                    0.03786813095211983,
                    0.7838701605796814,
                    3.159881591796875
                ],
                [
                    1.862645149230957e-09,
                    0.9988350868225098,
                    -0.04825292527675629,
                    -0.19451376795768738
                ],
                [
                    0.0,
                    0.0,
                    0.0,
                    1.0
                ]
            ]
        },
        {
            "file_path": "/data/shapenet_blender/all_50_random/02958343/4c3fe644e76bb94fb3cf5236f651a8e6/r_27",
            "rotation": 0.12566370614359174,
            "transform_matrix": [
                [
                    0.10710787028074265,
                    0.7621220946311951,
                    0.6385120749473572,
                    2.5739247798919678
                ],
                [
                    0.9942473769187927,
                    -0.08210157603025436,
                    -0.06878536194562912,
                    -0.2772826850414276
                ],
                [
                    0.0,
                    0.6422065496444702,
                    -0.7665315866470337,
                    -3.0899879932403564
                ],
                [
                    0.0,
                    0.0,
                    0.0,
                    1.0
                ]
            ]
        },
        {
            "file_path": "/data/shapenet_blender/all_50_random/02958343/4c3fe644e76bb94fb3cf5236f651a8e6/r_28",
            "rotation": 0.12566370614359174,
            "transform_matrix": [
                [
                    -0.01628061570227146,
                    -0.5589156150817871,
                    -0.8290647268295288,
                    -3.342066764831543
                ],
                [
                    -0.9998675584793091,
                    0.009100696071982384,
                    0.013499473221600056,
                    0.05441811680793762
                ],
                [
                    0.0,
                    0.8291745781898499,
                    -0.5589896440505981,
                    -2.253359317779541
                ],
                [
                    0.0,
                    0.0,
                    0.0,
                    1.0
                ]
            ]
        },
        {
            "file_path": "/data/shapenet_blender/all_50_random/02958343/4c3fe644e76bb94fb3cf5236f651a8e6/r_29",
            "rotation": 0.12566370614359174,
            "transform_matrix": [
                [
                    -0.5892075896263123,
                    0.40058135986328125,
                    0.701690137386322,
                    2.8286030292510986
                ],
                [
                    0.8079816699028015,
                    0.29211747646331787,
                    0.5116962194442749,
                    2.062713146209717
                ],
                [
                    1.4901160305669237e-08,
                    0.8684479594230652,
                    -0.49578025937080383,
                    -1.9985538721084595
                ],
                [
                    0.0,
                    0.0,
                    0.0,
                    1.0
                ]
            ]
        },
        {
            "file_path": "/data/shapenet_blender/all_50_random/02958343/4c3fe644e76bb94fb3cf5236f651a8e6/r_30",
            "rotation": 0.12566370614359174,
            "transform_matrix": [
                [
                    0.19442294538021088,
                    0.444610059261322,
                    -0.874369204044342,
                    -3.5246951580047607
                ],
                [
                    -0.9809178709983826,
                    0.08812399208545685,
                    -0.1733044534921646,
                    -0.698612630367279
                ],
                [
                    0.0,
                    0.8913788199424744,
                    0.4532591700553894,
                    1.827146291732788
                ],
                [
                    0.0,
                    0.0,
                    0.0,
                    1.0
                ]
            ]
        },
        {
            "file_path": "/data/shapenet_blender/all_50_random/02958343/4c3fe644e76bb94fb3cf5236f651a8e6/r_31",
            "rotation": 0.12566370614359174,
            "transform_matrix": [
                [
                    -0.5702999830245972,
                    -0.5401948094367981,
                    -0.6188275218009949,
                    -2.4945735931396484
                ],
                [
                    -0.8214365243911743,
                    0.3750418722629547,
                    0.42963430285453796,
                    1.731911301612854
                ],
                [
                    0.0,
                    0.7533479928970337,
                    -0.6576220989227295,
                    -2.6509594917297363
                ],
                [
                    0.0,
                    0.0,
                    0.0,
                    1.0
                ]
            ]
        },
        {
            "file_path": "/data/shapenet_blender/all_50_random/02958343/4c3fe644e76bb94fb3cf5236f651a8e6/r_32",
            "rotation": 0.12566370614359174,
            "transform_matrix": [
                [
                    -0.993163526058197,
                    -0.10584312677383423,
                    -0.04922989383339882,
                    -0.19845205545425415
                ],
                [
                    -0.11673197895288467,
                    0.9005204439163208,
                    0.41885122656822205,
                    1.6884433031082153
                ],
                [
                    3.725290742551124e-09,
                    0.42173445224761963,
                    -0.9067193865776062,
                    -3.6551027297973633
                ],
                [
                    0.0,
                    0.0,
                    0.0,
                    1.0
                ]
            ]
        },
        {
            "file_path": "/data/shapenet_blender/all_50_random/02958343/4c3fe644e76bb94fb3cf5236f651a8e6/r_33",
            "rotation": 0.12566370614359174,
            "transform_matrix": [
                [
                    -0.8218281269073486,
                    -0.15259310603141785,
                    -0.5489206314086914,
                    -2.2127697467803955
                ],
                [
                    -0.5697354078292847,
                    0.2201114445924759,
                    0.7918033003807068,
                    3.191861152648926
                ],
                [
                    -1.4901160305669237e-08,
                    0.9634658098220825,
                    -0.2678314745426178,
                    -1.0796631574630737
                ],
                [
                    0.0,
                    0.0,
                    0.0,
                    1.0
                ]
            ]
        },
        {
            "file_path": "/data/shapenet_blender/all_50_random/02958343/4c3fe644e76bb94fb3cf5236f651a8e6/r_34",
            "rotation": 0.12566370614359174,
            "transform_matrix": [
                [
                    -0.40719518065452576,
                    -0.03713693469762802,
                    0.9125860333442688,
                    3.678750991821289
                ],
                [
                    0.9133411645889282,
                    -0.016556773334741592,
                    0.40685856342315674,
                    1.6400989294052124
                ],
                [
                    9.313224635931761e-10,
                    0.9991730451583862,
                    0.04066053405404091,
                    0.16390782594680786
                ],
                [
                    0.0,
                    0.0,
                    0.0,
                    1.0
                ]
            ]
        },
        {
            "file_path": "/data/shapenet_blender/all_50_random/02958343/4c3fe644e76bb94fb3cf5236f651a8e6/r_35",
            "rotation": 0.12566370614359174,
            "transform_matrix": [
                [
                    -0.8599815368652344,
                    0.04204605892300606,
                    0.5085899829864502,
                    2.05019211769104
                ],
                [
                    0.5103251338005066,
                    0.07085450738668442,
                    0.8570576310157776,
                    3.4549100399017334
                ],
                [
                    3.725290298461914e-09,
                    0.9966000914573669,
                    -0.08239072561264038,
                    -0.3321276605129242
                ],
                [
                    0.0,
                    0.0,
                    0.0,
                    1.0
                ]
            ]
        },
        {
            "file_path": "/data/shapenet_blender/all_50_random/02958343/4c3fe644e76bb94fb3cf5236f651a8e6/r_36",
            "rotation": 0.12566370614359174,
            "transform_matrix": [
                [
                    -0.9716108441352844,
                    -0.10913630574941635,
                    -0.2099086493253708,
                    -0.8461688756942749
                ],
                [
                    -0.2365848422050476,
                    0.4482029378414154,
                    0.8620566129684448,
                    3.4750616550445557
                ],
                [
                    0.0,
                    0.8872448801994324,
                    -0.46129876375198364,
                    -1.8595548868179321
                ],
                [
                    0.0,
                    0.0,
                    0.0,
                    1.0
                ]
            ]
        },
        {
            "file_path": "/data/shapenet_blender/all_50_random/02958343/4c3fe644e76bb94fb3cf5236f651a8e6/r_37",
            "rotation": 0.12566370614359174,
            "transform_matrix": [
                [
                    -0.7517388463020325,
                    -0.1163831278681755,
                    -0.6491097211837769,
                    -2.616645336151123
                ],
                [
                    -0.6594607830047607,
                    0.13266856968402863,
                    0.7399393916130066,
                    2.9827914237976074
                ],
                [
                    7.450580152834618e-09,
                    0.9843037724494934,
                    -0.17648223042488098,
                    -0.7114226818084717
                ],
                [
                    0.0,
                    0.0,
                    0.0,
                    1.0
                ]
            ]
        },
        {
            "file_path": "/data/shapenet_blender/all_50_random/02958343/4c3fe644e76bb94fb3cf5236f651a8e6/r_38",
            "rotation": 0.12566370614359174,
            "transform_matrix": [
                [
                    0.7504175901412964,
                    0.23637382686138153,
                    -0.617252767086029,
                    -2.4882254600524902
                ],
                [
                    -0.6609641313552856,
                    0.2683641314506531,
                    -0.7007904052734375,
                    -2.8249764442443848
                ],
                [
                    0.0,
                    0.9338672161102295,
                    0.3576197922229767,
                    1.4416115283966064
                ],
                [
                    0.0,
                    0.0,
                    0.0,
                    1.0
                ]
            ]
        },
        {
            "file_path": "/data/shapenet_blender/all_50_random/02958343/4c3fe644e76bb94fb3cf5236f651a8e6/r_39",
            "rotation": 0.12566370614359174,
            "transform_matrix": [
                [
                    -0.20037226378917694,
                    0.4385686218738556,
                    -0.8760756254196167,
                    -3.53157377243042
                ],
                [
                    -0.9797199368476868,
                    -0.08969602733850479,
                    0.17917492985725403,
                    0.7222772240638733
                ],
                [
                    0.0,
                    0.8942102789878845,
                    0.44764700531959534,
                    1.8045227527618408
                ],
                [
                    0.0,
                    0.0,
                    0.0,
                    1.0
                ]
            ]
        },
        {
            "file_path": "/data/shapenet_blender/all_50_random/02958343/4c3fe644e76bb94fb3cf5236f651a8e6/r_40",
            "rotation": 0.12566370614359174,
            "transform_matrix": [
                [
                    -0.07580401003360748,
                    0.11243032664060593,
                    -0.9907639622688293,
                    -3.9938971996307373
                ],
                [
                    -0.9971228241920471,
                    -0.008547261357307434,
                    0.07532059401273727,
                    0.30362701416015625
                ],
                [
                    0.0,
                    0.9936227202415466,
                    0.11275476217269897,
                    0.4545289874076843
                ],
                [
                    0.0,
                    0.0,
                    0.0,
                    1.0
                ]
            ]
        },
        {
            "file_path": "/data/shapenet_blender/all_50_random/02958343/4c3fe644e76bb94fb3cf5236f651a8e6/r_41",
            "rotation": 0.12566370614359174,
            "transform_matrix": [
                [
                    -0.9366245269775391,
                    -0.26216551661491394,
                    -0.2323869913816452,
                    -0.9367819428443909
                ],
                [
                    -0.3503348231315613,
                    0.7009028196334839,
                    0.6212895512580872,
