{
    "class": "02958343",
    "model": "ee2b541ccee732254c938921b509ee11",
    "remove_doubles": true,
    "edge_split": true,
    "denoise": true,
    "camera_angle_x": 0.6911112070083618,
    "scale_factor": 2.2099960561226655,
    "hdri_file": "/data/IndoorHDRDataset2018/9C4A6089-97ffb980f3.exr",
    "center_offset": [
        0.0,
        0.0,
        -1.862645149230957e-09
    ],
    "lights": [],
    "frames": [
        {
            "file_path": "/data/shapenet_blender/all_50_random/02958343/ee2b541ccee732254c938921b509ee11/r_0",
            "rotation": 0.12566370614359174,
            "transform_matrix": [
                [
                    -0.9778388738632202,
                    0.18794018030166626,
                    0.09224788844585419,
                    0.37186312675476074
                ],
                [
                    0.20935899019241333,
                    0.8777995109558105,
                    0.43085598945617676,
                    1.7368360757827759
                ],
                [
                    0.0,
                    0.44062066078186035,
                    -0.8976933360099792,
                    -3.618717670440674
                ],
                [
                    0.0,
                    0.0,
                    0.0,
                    1.0
                ]
            ]
        },
        {
            "file_path": "/data/shapenet_blender/all_50_random/02958343/ee2b541ccee732254c938921b509ee11/r_1",
            "rotation": 0.12566370614359174,
            "transform_matrix": [
                [
                    -0.2109861969947815,
                    0.16868151724338531,
                    0.9628246426582336,
                    3.881270408630371
                ],
                [
                    0.9774890542030334,
                    0.03640907257795334,
                    0.20782095193862915,
                    0.8377531170845032
                ],
                [
                    0.0,
                    0.9849979281425476,
                    -0.17256613075733185,
                    -0.6956363916397095
                ],
                [
                    0.0,
                    0.0,
                    0.0,
                    1.0
                ]
            ]
        },
        {
            "file_path": "/data/shapenet_blender/all_50_random/02958343/ee2b541ccee732254c938921b509ee11/r_2",
            "rotation": 0.12566370614359174,
            "transform_matrix": [
                [
                    -0.060710325837135315,
                    -0.7499562501907349,
                    -0.6586955189704895,
                    -2.6552867889404297
                ],
                [
                    -0.998155415058136,
                    0.045614227652549744,
                    0.0400635190308094,
                    0.1615012288093567
                ],
                [
                    0.0,
                    0.6599128246307373,
                    -0.7513421177864075,
                    -3.028757095336914
                ],
                [
                    0.0,
                    0.0,
                    0.0,
                    1.0
                ]
            ]
        },
        {
            "file_path": "/data/shapenet_blender/all_50_random/02958343/ee2b541ccee732254c938921b509ee11/r_3",
            "rotation": 0.12566370614359174,
            "transform_matrix": [
                [
                    -0.9576441049575806,
                    -0.012328567914664745,
                    -0.28769031167030334,
                    -1.1597168445587158
                ],
                [
                    -0.2879543602466583,
                    0.04100086912512779,
                    0.9567659497261047,
                    3.856847047805786
                ],
                [
                    0.0,
                    0.9990831613540649,
                    -0.04281429946422577,
                    -0.172589972615242
                ],
                [
                    0.0,
                    0.0,
                    0.0,
                    1.0
                ]
            ]
        },
        {
            "file_path": "/data/shapenet_blender/all_50_random/02958343/ee2b541ccee732254c938921b509ee11/r_4",
            "rotation": 0.12566370614359174,
            "transform_matrix": [
                [
                    0.508292019367218,
                    0.7482977509498596,
                    -0.4262506663799286,
                    -1.7182714939117432
                ],
                [
                    -0.8611847162246704,
                    0.4416634142398834,
                    -0.25158342719078064,
                    -1.0141654014587402
                ],
                [
                    0.0,
                    0.4949584901332855,
                    0.8689165711402893,
                    3.5027148723602295
                ],
                [
                    0.0,
                    0.0,
                    0.0,
                    1.0
                ]
            ]
        },
        {
            "file_path": "/data/shapenet_blender/all_50_random/02958343/ee2b541ccee732254c938921b509ee11/r_5",
            "rotation": 0.12566370614359174,
            "transform_matrix": [
                [
                    0.9998840689659119,
                    -0.0029996836092323065,
                    0.014928054064512253,
                    0.06017690896987915
                ],
                [
                    0.015226454474031925,
                    0.19698189198970795,
                    -0.9802888631820679,
                    -3.9516706466674805
                ],
                [
                    0.0,
                    0.9804025292396545,
                    0.1970047503709793,
                    0.7941515445709229
                ],
                [
                    0.0,
                    0.0,
                    0.0,
                    1.0
                ]
            ]
        },
        {
            "file_path": "/data/shapenet_blender/all_50_random/02958343/ee2b541ccee732254c938921b509ee11/r_6",
            "rotation": 0.12566370614359174,
            "transform_matrix": [
                [
                    0.02257726714015007,
                    -0.14547201991081238,
                    0.989104688167572,
                    3.987208604812622
                ],
                [
                    0.9997451901435852,
                    0.003285197773948312,
                    -0.022336972877383232,
                    -0.09004321694374084
                ],
                [
                    0.0,
                    0.9893569350242615,
                    0.14550909399986267,
                    0.5865659117698669
                ],
                [
                    0.0,
                    0.0,
                    0.0,
                    1.0
                ]
            ]
        },
        {
            "file_path": "/data/shapenet_blender/all_50_random/02958343/ee2b541ccee732254c938921b509ee11/r_7",
            "rotation": 0.12566370614359174,
            "transform_matrix": [
                [
                    -0.04791169986128807,
                    -0.94889235496521,
                    0.31194210052490234,
                    1.257478952407837
                ],
                [
                    0.9988516569137573,
                    -0.04551531374454498,
                    0.014962859451770782,
                    0.06031721830368042
                ],
                [
                    0.0,
                    0.3123006522655487,
                    0.9499832391738892,
                    3.829505205154419
                ],
                [
                    0.0,
                    0.0,
                    0.0,
                    1.0
                ]
            ]
        },
        {
            "file_path": "/data/shapenet_blender/all_50_random/02958343/ee2b541ccee732254c938921b509ee11/r_8",
            "rotation": 0.12566370614359174,
            "transform_matrix": [
                [
                    0.9891923666000366,
                    0.05688576400279999,
                    -0.13513867557048798,
                    -0.5447614192962646
                ],
                [
                    -0.14662350714206696,
                    0.3837786018848419,
                    -0.9117102026939392,
                    -3.6752214431762695
                ],
                [
                    0.0,
                    0.9216713309288025,
                    0.3879716396331787,
                    1.5639636516571045
                ],
                [
                    0.0,
                    0.0,
                    0.0,
                    1.0
                ]
            ]
        },
        {
            "file_path": "/data/shapenet_blender/all_50_random/02958343/ee2b541ccee732254c938921b509ee11/r_9",
            "rotation": 0.12566370614359174,
            "transform_matrix": [
                [
                    0.6332194805145264,
                    0.501228392124176,
                    -0.5897483825683594,
                    -2.377351999282837
                ],
                [
                    -0.7739722728729248,
                    0.4100761413574219,
                    -0.48249807953834534,
                    -1.945012092590332
                ],
                [
                    1.4901161193847656e-08,
                    0.7619761824607849,
                    0.6476050019264221,
                    2.610579490661621
                ],
                [
                    0.0,
                    0.0,
                    0.0,
                    1.0
                ]
            ]
        },
        {
            "file_path": "/data/shapenet_blender/all_50_random/02958343/ee2b541ccee732254c938921b509ee11/r_10",
            "rotation": 0.12566370614359174,
            "transform_matrix": [
                [
                    -0.4938012659549713,
                    -0.5197001099586487,
                    0.6971887350082397,
                    2.810457229614258
                ],
                [
                    0.869574785232544,
                    -0.29511961340904236,
                    0.39590921998023987,
                    1.5959609746932983
                ],
                [
                    0.0,
                    0.8017580509185791,
                    0.5976486802101135,
                    2.409198522567749
                ],
                [
                    0.0,
                    0.0,
                    0.0,
                    1.0
                ]
            ]
        },
        {
            "file_path": "/data/shapenet_blender/all_50_random/02958343/ee2b541ccee732254c938921b509ee11/r_11",
            "rotation": 0.12566370614359174,
            "transform_matrix": [
                [
                    -0.36437708139419556,
                    0.11261890083551407,
                    -0.924416720867157,
                    -3.72644305229187
                ],
                [
                    -0.931251585483551,
                    -0.04406515508890152,
                    0.3617027699947357,
                    1.4580705165863037
                ],
                [
                    0.0,
                    0.9926607012748718,
                    0.12093284726142883,
                    0.48749589920043945
                ],
                [
                    0.0,
                    0.0,
                    0.0,
                    1.0
                ]
            ]
        },
        {
            "file_path": "/data/shapenet_blender/all_50_random/02958343/ee2b541ccee732254c938921b509ee11/r_12",
            "rotation": 0.12566370614359174,
            "transform_matrix": [
                [
                    0.24380697309970856,
                    0.07376307994127274,
                    0.9670145511627197,
                    3.898160219192505
                ],
                [
                    0.9698237776756287,
                    -0.018543526530265808,
                    -0.24310074746608734,
                    -0.979970395565033
                ],
                [
                    0.0,
                    0.9971034526824951,
                    -0.07605822384357452,
                    -0.30660051107406616
                ],
                [
                    0.0,
                    0.0,
                    0.0,
                    1.0
                ]
            ]
        },
        {
            "file_path": "/data/shapenet_blender/all_50_random/02958343/ee2b541ccee732254c938921b509ee11/r_13",
            "rotation": 0.12566370614359174,
            "transform_matrix": [
                [
                    0.910943865776062,
                    0.30643904209136963,
                    -0.2761818468570709,
                    -1.1133246421813965
                ],
                [
                    -0.4125303626060486,
                    0.676674485206604,
                    -0.6098609566688538,
                    -2.458428144454956
                ],
                [
                    0.0,
                    0.6694824695587158,
                    0.742827832698822,
                    2.9944348335266113
                ],
                [
                    0.0,
                    0.0,
                    0.0,
                    1.0
                ]
            ]
        },
        {
            "file_path": "/data/shapenet_blender/all_50_random/02958343/ee2b541ccee732254c938921b509ee11/r_14",
            "rotation": 0.12566370614359174,
            "transform_matrix": [
                [
                    -0.31379884481430054,
                    0.03483277186751366,
                    0.9488503336906433,
                    3.8249378204345703
                ],
                [
                    0.949489414691925,
                    0.01151195913553238,
                    0.31358763575553894,
                    1.264112114906311
                ],
                [
                    9.313224080820248e-10,
                    0.9993268847465515,
                    -0.03668578341603279,
                    -0.14788511395454407
                ],
                [
                    0.0,
                    0.0,
                    0.0,
                    1.0
                ]
            ]
        },
        {
            "file_path": "/data/shapenet_blender/all_50_random/02958343/ee2b541ccee732254c938921b509ee11/r_15",
            "rotation": 0.12566370614359174,
            "transform_matrix": [
                [
                    0.9969186186790466,
                    -0.008045186288654804,
                    0.07802952080965042,
                    0.3145470917224884
                ],
                [
                    0.07844318449497223,
                    0.10224464535713196,
                    -0.9916614890098572,
                    -3.9975156784057617
                ],
                [
                    9.31322685637781e-10,
                    0.9947266578674316,
                    0.10256067663431168,
                    0.41343533992767334
                ],
                [
                    0.0,
                    0.0,
                    0.0,
                    1.0
                ]
            ]
        },
        {
            "file_path": "/data/shapenet_blender/all_50_random/02958343/ee2b541ccee732254c938921b509ee11/r_16",
            "rotation": 0.12566370614359174,
            "transform_matrix": [
                [
                    -0.8993455171585083,
                    0.10100879520177841,
                    -0.42541155219078064,
                    -1.7148889303207397
                ],
                [
                    -0.437238872051239,
                    -0.2077624350786209,
                    0.8750182390213013,
                    3.5273115634918213
                ],
                [
                    0.0,
                    0.9729501008987427,
                    0.231015145778656,
                    0.9312518835067749
                ],
                [
                    0.0,
                    0.0,
                    0.0,
                    1.0
                ]
            ]
        },
        {
            "file_path": "/data/shapenet_blender/all_50_random/02958343/ee2b541ccee732254c938921b509ee11/r_17",
            "rotation": 0.12566370614359174,
            "transform_matrix": [
                [
                    -0.8209273815155029,
                    -0.028496699407696724,
                    -0.5703211426734924,
                    -2.2990381717681885
                ],
                [
                    -0.5710326433181763,
                    0.04096739739179611,
                    0.8199045062065125,
                    3.305140733718872
                ],
                [
                    1.862645149230957e-09,
                    0.9987540245056152,
                    -0.04990380257368088,
                    -0.20116865634918213
                ],
                [
                    0.0,
                    0.0,
                    0.0,
                    1.0
                ]
            ]
        },
        {
            "file_path": "/data/shapenet_blender/all_50_random/02958343/ee2b541ccee732254c938921b509ee11/r_18",
            "rotation": 0.12566370614359174,
            "transform_matrix": [
                [
                    0.9902803897857666,
                    -0.09772907942533493,
                    -0.09896411746740341,
                    -0.3989371061325073
                ],
                [
                    -0.13908584415912628,
                    -0.6958233714103699,
                    -0.7046167850494385,
                    -2.8404011726379395
                ],
                [
                    0.0,
                    0.7115325331687927,
                    -0.7026530504226685,
                    -2.8324849605560303
                ],
                [
                    0.0,
                    0.0,
                    0.0,
                    1.0
                ]
            ]
        },
        {
            "file_path": "/data/shapenet_blender/all_50_random/02958343/ee2b541ccee732254c938921b509ee11/r_19",
            "rotation": 0.12566370614359174,
            "transform_matrix": [
                [
                    -0.5464939475059509,
                    0.002701528137549758,
                    -0.837458610534668,
                    -3.375903844833374
                ],
                [
                    -0.8374631404876709,
                    -0.0017629062058404088,
                    0.5464910268783569,
                    2.2029759883880615
                ],
                [
                    0.0,
                    0.9999947547912598,
                    0.003225847380235791,
                    0.01300380751490593
                ],
                [
                    0.0,
                    0.0,
                    0.0,
                    1.0
                ]
            ]
        },
        {
            "file_path": "/data/shapenet_blender/all_50_random/02958343/ee2b541ccee732254c938921b509ee11/r_20",
            "rotation": 0.12566370614359174,
            "transform_matrix": [
                [
                    0.7866123914718628,
                    0.5642886161804199,
                    0.2506375014781952,
                    1.0103521347045898
                ],
                [
                    0.6174469590187073,
                    -0.7188899517059326,
                    -0.31930607557296753,
                    -1.2871639728546143
                ],
                [
                    0.0,
                    0.40592554211616516,
                    -0.9139061570167542,
                    -3.6840734481811523
                ],
                [
                    0.0,
                    0.0,
                    0.0,
                    1.0
                ]
            ]
        },
        {
            "file_path": "/data/shapenet_blender/all_50_random/02958343/ee2b541ccee732254c938921b509ee11/r_21",
            "rotation": 0.12566370614359174,
            "transform_matrix": [
                [
                    0.19846220314502716,
                    0.05881258845329285,
                    0.9783423542976379,
                    3.943824291229248
                ],
                [
                    0.9801086187362671,
                    -0.011908961459994316,
                    -0.19810454547405243,
                    -0.7985849380493164
                ],
                [
                    0.0,
                    0.9981979727745056,
                    -0.06000619754195213,
                    -0.2418927252292633
                ],
                [
                    0.0,
                    0.0,
                    0.0,
                    1.0
                ]
            ]
        },
        {
            "file_path": "/data/shapenet_blender/all_50_random/02958343/ee2b541ccee732254c938921b509ee11/r_22",
            "rotation": 0.12566370614359174,
            "transform_matrix": [
                [
                    0.610587477684021,
                    0.31508374214172363,
                    -0.7265708446502686,
                    -2.928900718688965
                ],
                [
                    -0.7919489145278931,
                    0.24292752146720886,
                    -0.5601814389228821,
                    -2.2581636905670166
                ],
                [
                    -1.4901162970204496e-08,
                    0.9174466133117676,
                    0.39785873889923096,
                    1.6038198471069336
                ],
                [
                    0.0,
                    0.0,
                    0.0,
                    1.0
                ]
            ]
        },
        {
            "file_path": "/data/shapenet_blender/all_50_random/02958343/ee2b541ccee732254c938921b509ee11/r_23",
            "rotation": 0.12566370614359174,
            "transform_matrix": [
                [
                    0.4132228493690491,
                    -0.15690270066261292,
                    0.8970108032226562,
                    3.615966320037842
                ],
                [
                    0.9106300473213196,
                    0.07119880616664886,
                    -0.4070427417755127,
                    -1.6408417224884033
                ],
                [
                    7.450581485102248e-09,
                    0.9850443005561829,
                    0.1723012626171112,
                    0.6945686340332031
                ],
                [
                    0.0,
                    0.0,
                    0.0,
                    1.0
                ]
            ]
        },
        {
            "file_path": "/data/shapenet_blender/all_50_random/02958343/ee2b541ccee732254c938921b509ee11/r_24",
            "rotation": 0.12566370614359174,
            "transform_matrix": [
                [
                    0.9962742328643799,
                    -0.016009481623768806,
                    0.08474215865135193,
                    0.3416065275669098
                ],
                [
                    0.08624114841222763,
                    0.18494458496570587,
                    -0.9789576530456543,
                    -3.9463040828704834
                ],
                [
                    1.8626450382086546e-09,
                    0.982618510723114,
                    0.1856362223625183,
                    0.7483234405517578
                ],
                [
                    0.0,
                    0.0,
                    0.0,
                    1.0
                ]
            ]
        },
        {
            "file_path": "/data/shapenet_blender/all_50_random/02958343/ee2b541ccee732254c938921b509ee11/r_25",
            "rotation": 0.12566370614359174,
            "transform_matrix": [
                [
                    0.9279979467391968,
                    0.007506349124014378,
                    0.37250983715057373,
                    1.5016350746154785
                ],
                [
                    0.3725854754447937,
                    -0.018696049228310585,
                    -0.9278095364570618,
                    -3.740119695663452
                ],
                [
                    0.0,
                    0.9997970461845398,
                    -0.020146649330854416,
                    -0.08121374249458313
                ],
                [
                    0.0,
                    0.0,
                    0.0,
                    1.0
                ]
            ]
        },
        {
            "file_path": "/data/shapenet_blender/all_50_random/02958343/ee2b541ccee732254c938921b509ee11/r_26",
            "rotation": 0.12566370614359174,
            "transform_matrix": [
                [
                    -0.9785885214805603,
                    -0.08033250272274017,
                    0.1895025670528412,
                    0.7639093399047852
                ],
                [
                    0.20582647621631622,
                    -0.38193562626838684,
                    0.9009775519371033,
                    3.6319568157196045
                ],
                [
                    0.0,
                    0.9206909537315369,
                    0.39029234647750854,
                    1.5733188390731812
                ],
                [
                    0.0,
                    0.0,
                    0.0,
                    1.0
                ]
            ]
        },
        {
            "file_path": "/data/shapenet_blender/all_50_random/02958343/ee2b541ccee732254c938921b509ee11/r_27",
            "rotation": 0.12566370614359174,
            "transform_matrix": [
                [
                    -0.1708698868751526,
                    0.222534641623497,
                    0.9598341584205627,
                    3.869215488433838
                ],
                [
                    0.9852936267852783,
                    0.03859201818704605,
                    0.16645470261573792,
                    0.6710004210472107
                ],
                [
                    0.0,
                    0.9741606116294861,
                    -0.22585615515708923,
                    -0.9104553461074829
                ],
                [
                    0.0,
                    0.0,
                    0.0,
                    1.0
                ]
            ]
        },
        {
            "file_path": "/data/shapenet_blender/all_50_random/02958343/ee2b541ccee732254c938921b509ee11/r_28",
            "rotation": 0.12566370614359174,
            "transform_matrix": [
                [
                    -0.590950608253479,
                    0.001105609000660479,
                    -0.8067070245742798,
                    -3.2519400119781494
                ],
                [
                    -0.8067077398300171,
                    -0.0008099094848148525,
                    0.5909500122070312,
                    2.3821957111358643
                ],
                [
                    -5.820766091346741e-11,
                    0.9999990463256836,
                    0.0013705198653042316,
                    0.005524742417037487
                ],
                [
                    0.0,
                    0.0,
                    0.0,
                    1.0
                ]
            ]
        },
        {
            "file_path": "/data/shapenet_blender/all_50_random/02958343/ee2b541ccee732254c938921b509ee11/r_29",
            "rotation": 0.12566370614359174,
            "transform_matrix": [
                [
                    -0.9670634269714355,
                    0.1311446875333786,
                    -0.21815015375614166,
                    -0.8793914318084717
                ],
                [
                    -0.2545357048511505,
                    -0.498261034488678,
                    0.828822910785675,
                    3.341092348098755
                ],
                [
                    0.0,
                    0.8570513129234314,
                    0.5152308940887451,
                    2.076962471008301
                ],
                [
                    0.0,
                    0.0,
                    0.0,
                    1.0
                ]
            ]
        },
        {
            "file_path": "/data/shapenet_blender/all_50_random/02958343/ee2b541ccee732254c938921b509ee11/r_30",
            "rotation": 0.12566370614359174,
            "transform_matrix": [
                [
                    0.6856825947761536,
                    -0.47336429357528687,
                    -0.5529606938362122,
                    -2.229055881500244
                ],
                [
                    -0.7279005646705627,
                    -0.4459093511104584,
                    -0.5208892226219177,
                    -2.099771738052368
                ],
                [
                    1.4901160305669237e-08,
                    0.7596651315689087,
                    -0.650314450263977,
                    -2.6215014457702637
                ],
                [
                    0.0,
                    0.0,
                    0.0,
                    1.0
                ]
            ]
        },
        {
            "file_path": "/data/shapenet_blender/all_50_random/02958343/ee2b541ccee732254c938921b509ee11/r_31",
            "rotation": 0.12566370614359174,
            "transform_matrix": [
                [
                    0.49582451581954956,
                    -0.48345354199409485,
                    -0.7214088439941406,
                    -2.9080920219421387
                ],
                [
                    -0.86842280626297,
                    -0.27602696418762207,
                    -0.41188713908195496,
                    -1.660370111465454
                ],
                [
                    0.0,
                    0.8307115435600281,
                    -0.5567029714584351,
                    -2.2441413402557373
                ],
                [
                    0.0,
                    0.0,
                    0.0,
                    1.0
                ]
            ]
        },
        {
            "file_path": "/data/shapenet_blender/all_50_random/02958343/ee2b541ccee732254c938921b509ee11/r_32",
            "rotation": 0.12566370614359174,
            "transform_matrix": [
                [
                    -0.6171395182609558,
                    -0.4481176733970642,
                    0.6467837691307068,
                    2.607268810272217
                ],
                [
                    0.7868537306785583,
                    -0.35146450996398926,
                    0.5072808861732483,
                    2.044914722442627
                ],
                [
                    1.4901160305669237e-08,
                    0.8219873905181885,
                    0.5695056915283203,
                    2.295750856399536
                ],
                [
                    0.0,
                    0.0,
                    0.0,
                    1.0
                ]
            ]
        },
        {
            "file_path": "/data/shapenet_blender/all_50_random/02958343/ee2b541ccee732254c938921b509ee11/r_33",
            "rotation": 0.12566370614359174,
            "transform_matrix": [
                [
                    0.03406943753361702,
                    -0.15777504444122314,
                    0.9868870973587036,
                    3.978269338607788
                ],
                [
                    0.9994195103645325,
                    0.0053784288465976715,
                    -0.03364221379160881,
                    -0.13561612367630005
                ],
                [
                    4.656613428188905e-10,
                    0.9874603152275085,
                    0.1578666865825653,
                    0.6363810300827026
                ],
                [
                    0.0,
                    0.0,
                    0.0,
                    1.0
                ]
            ]
        },
        {
            "file_path": "/data/shapenet_blender/all_50_random/02958343/ee2b541ccee732254c938921b509ee11/r_34",
            "rotation": 0.12566370614359174,
            "transform_matrix": [
                [
                    -0.9612281918525696,
                    -0.12713703513145447,
                    -0.24469658732414246,
                    -0.9864034652709961
                ],
                [
                    -0.275753915309906,
                    0.44317662715911865,
                    0.8529678583145142,
                    3.4384233951568604
                ],
                [
                    7.450580152834618e-09,
                    0.8873728513717651,
                    -0.46105244755744934,
                    -1.8585618734359741
                ],
                [
                    0.0,
                    0.0,
                    0.0,
                    1.0
                ]
            ]
        },
        {
            "file_path": "/data/shapenet_blender/all_50_random/02958343/ee2b541ccee732254c938921b509ee11/r_35",
            "rotation": 0.12566370614359174,
            "transform_matrix": [
                [
                    -0.9140344858169556,
                    0.1848115175962448,
                    0.3610893785953522,
                    1.455597996711731
                ],
                [
                    0.40563634037971497,
                    0.41644221544265747,
                    0.8136551976203918,
                    3.279949426651001
                ],
                [
                    0.0,
                    0.8901801109313965,
                    -0.4556087851524353,
                    -1.8366179466247559
                ],
                [
                    0.0,
                    0.0,
                    0.0,
                    1.0
                ]
            ]
        },
        {
            "file_path": "/data/shapenet_blender/all_50_random/02958343/ee2b541ccee732254c938921b509ee11/r_36",
            "rotation": 0.12566370614359174,
            "transform_matrix": [
                [
                    0.1943770945072174,
                    -0.8028709292411804,
                    0.5635740756988525,
                    2.2718398571014404
                ],
                [
                    0.9809269905090332,
                    0.15909412503242493,
                    -0.11167588829994202,
                    -0.45017990469932556
                ],
                [
                    0.0,
                    0.5745322108268738,
                    0.818481981754303,
                    3.2994062900543213
                ],
                [
                    0.0,
                    0.0,
                    0.0,
                    1.0
                ]
            ]
        },
        {
            "file_path": "/data/shapenet_blender/all_50_random/02958343/ee2b541ccee732254c938921b509ee11/r_37",
            "rotation": 0.12566370614359174,
            "transform_matrix": [
                [
                    0.7716642618179321,
                    0.4585822522640228,
                    0.44072291254997253,
                    1.7766108512878418
                ],
                [
                    0.6360302567481995,
                    -0.55637526512146,
                    -0.5347074270248413,
                    -2.1554746627807617
                ],
                [
                    0.0,
                    0.6929275989532471,
                    -0.7210071086883545,
                    -2.906472682952881
                ],
                [
                    0.0,
                    0.0,
                    0.0,
                    1.0
                ]
            ]
        },
        {
            "file_path": "/data/shapenet_blender/all_50_random/02958343/ee2b541ccee732254c938921b509ee11/r_38",
            "rotation": 0.12566370614359174,
            "transform_matrix": [
                [
                    0.9713709354400635,
                    0.17238761484622955,
                    -0.1634659469127655,
                    -0.6589523553848267
                ],
                [
                    -0.23756815493106842,
                    0.7048601508140564,
                    -0.6683811545372009,
                    -2.694330930709839
                ],
                [
                    0.0,
                    0.6880803108215332,
                    0.7256343960762024,
                    2.925126075744629
                ],
                [
                    0.0,
                    0.0,
                    0.0,
                    1.0
                ]
            ]
        },
        {
            "file_path": "/data/shapenet_blender/all_50_random/02958343/ee2b541ccee732254c938921b509ee11/r_39",
            "rotation": 0.12566370614359174,
            "transform_matrix": [
                [
                    0.9968326687812805,
                    0.04377631098031998,
                    -0.06639508903026581,
                    -0.2676472067832947
                ],
                [
                    -0.0795278251171112,
                    0.5487092733383179,
                    -0.8322218656539917,
                    -3.3547940254211426
                ],
                [
                    0.0,
                    0.8348663449287415,
                    0.550452709197998,
                    2.2189459800720215
                ],
                [
                    0.0,
                    0.0,
                    0.0,
                    1.0
                ]
            ]
        },
        {
            "file_path": "/data/shapenet_blender/all_50_random/02958343/ee2b541ccee732254c938921b509ee11/r_40",
            "rotation": 0.12566370614359174,
            "transform_matrix": [
                [
                    0.697973370552063,
                    -0.0968315377831459,
                    -0.7095468640327454,
                    -2.8602750301361084
                ],
                [
                    -0.716123640537262,
                    -0.09437732398509979,
                    -0.6915632486343384,
                    -2.78778076171875
                ],
                [
                    0.0,
                    0.9908161163330078,
                    -0.13521620631217957,
                    -0.5450740456581116
                ],
                [
                    0.0,
                    0.0,
                    0.0,
                    1.0
                ]
            ]
        },
        {
            "file_path": "/data/shapenet_blender/all_50_random/02958343/ee2b541ccee732254c938921b509ee11/r_41",
            "rotation": 0.12566370614359174,
            "transform_matrix": [
                [
                    -0.9911622405052185,
                    -0.1254848837852478,
                    0.043021827936172485,
                    0.1734265387058258
                ],
                [
                    0.13265492022037506,
                    -0.9375895261764526,
                    0.32144761085510254,
                    1.2957967519760132
                ],
                [
                    -3.725290076417309e-09,
                    0.324313759803772,
                    0.9459495544433594,
                    3.813244581222534
