{
    "class": "02958343",
    "model": "911d8dad65dd79948e35db9103756ad5",
    "remove_doubles": true,
    "edge_split": true,
    "denoise": true,
    "camera_angle_x": 0.6911112070083618,
    "scale_factor": 2.3679876245763944,
    "hdri_file": "/data/IndoorHDRDataset2018/AG8A7650-376eeeba7b.exr",
    "center_offset": [
        0.0,
        0.0,
        -7.450580596923828e-09
    ],
    "lights": [],
    "frames": [
        {
            "file_path": "/data/shapenet_blender/all_50_random/02958343/911d8dad65dd79948e35db9103756ad5/r_0",
            "rotation": 0.12566370614359174,
            "transform_matrix": [
                [
                    0.6681837439537048,
                    0.637410581111908,
                    0.383716344833374,
                    1.5468101501464844
                ],
                [
                    0.7439963817596436,
                    -0.5724589824676514,
                    -0.34461596608161926,
                    -1.3891915082931519
                ],
                [
                    1.4901162970204496e-08,
                    0.5157502889633179,
                    -0.8567388653755188,
                    -3.453624963760376
                ],
                [
                    0.0,
                    0.0,
                    0.0,
                    1.0
                ]
            ]
        },
        {
            "file_path": "/data/shapenet_blender/all_50_random/02958343/911d8dad65dd79948e35db9103756ad5/r_1",
            "rotation": 0.12566370614359174,
            "transform_matrix": [
                [
                    -0.051953673362731934,
                    -0.2750298082828522,
                    -0.9600309133529663,
                    -3.8700084686279297
                ],
                [
                    -0.9986494779586792,
                    0.01430813129991293,
                    0.04994457960128784,
                    0.20133304595947266
                ],
                [
                    -9.313225746154785e-10,
                    0.9613292217254639,
                    -0.2754017114639282,
                    -1.1101797819137573
                ],
                [
                    0.0,
                    0.0,
                    0.0,
                    1.0
                ]
            ]
        },
        {
            "file_path": "/data/shapenet_blender/all_50_random/02958343/911d8dad65dd79948e35db9103756ad5/r_2",
            "rotation": 0.12566370614359174,
            "transform_matrix": [
                [
                    -0.8646814227104187,
                    0.39558255672454834,
                    -0.30958130955696106,
                    -1.2479619979858398
                ],
                [
                    -0.5023207664489746,
                    -0.680945098400116,
                    0.532904863357544,
                    2.148207902908325
                ],
                [
                    0.0,
                    0.6163020133972168,
                    0.7875099778175354,
                    3.174553871154785
                ],
                [
                    0.0,
                    0.0,
                    0.0,
                    1.0
                ]
            ]
        },
        {
            "file_path": "/data/shapenet_blender/all_50_random/02958343/911d8dad65dd79948e35db9103756ad5/r_3",
            "rotation": 0.12566370614359174,
            "transform_matrix": [
                [
                    0.999535322189331,
                    0.0035976546350866556,
                    -0.030268725007772446,
                    -0.12201714515686035
                ],
                [
                    -0.03048177808523178,
                    0.11797154694795609,
                    -0.9925490021705627,
                    -4.00109338760376
                ],
                [
                    -2.3283064365386963e-10,
                    0.9930104613304138,
                    0.11802638322114944,
                    0.47577962279319763
                ],
                [
                    0.0,
                    0.0,
                    0.0,
                    1.0
                ]
            ]
        },
        {
            "file_path": "/data/shapenet_blender/all_50_random/02958343/911d8dad65dd79948e35db9103756ad5/r_4",
            "rotation": 0.12566370614359174,
            "transform_matrix": [
                [
                    0.3564867079257965,
                    -0.3926219642162323,
                    -0.8478002548217773,
                    -3.4175920486450195
                ],
                [
                    -0.934300422668457,
                    -0.14980676770210266,
                    -0.3234821557998657,
                    -1.3039982318878174
                ],
                [
                    -1.4901161193847656e-08,
                    0.9074171781539917,
                    -0.4202309846878052,
                    -1.6940052509307861
                ],
                [
                    0.0,
                    0.0,
                    0.0,
                    1.0
                ]
            ]
        },
        {
            "file_path": "/data/shapenet_blender/all_50_random/02958343/911d8dad65dd79948e35db9103756ad5/r_5",
            "rotation": 0.12566370614359174,
            "transform_matrix": [
                [
                    0.1243709921836853,
                    -0.3730325996875763,
                    -0.9194446802139282,
                    -3.706400156021118
                ],
                [
                    -0.9922358393669128,
                    -0.046757470816373825,
                    -0.11524704098701477,
                    -0.4645756781101227
                ],
                [
                    -3.725290298461914e-09,
                    0.9266393184661865,
                    -0.3759515881538391,
                    -1.5155093669891357
                ],
                [
                    0.0,
                    0.0,
                    0.0,
                    1.0
                ]
            ]
        },
        {
            "file_path": "/data/shapenet_blender/all_50_random/02958343/911d8dad65dd79948e35db9103756ad5/r_6",
            "rotation": 0.12566370614359174,
            "transform_matrix": [
                [
                    0.9998652935028076,
                    -0.012110005132853985,
                    0.01107922662049532,
                    0.04466179013252258
                ],
                [
                    0.016413455829024315,
                    0.737710177898407,
                    -0.6749178767204285,
                    -2.7206809520721436
                ],
                [
                    9.313225746154785e-10,
                    0.6750088930130005,
                    0.7378095984458923,
                    2.974205732345581
                ],
                [
                    0.0,
                    0.0,
                    0.0,
                    1.0
                ]
            ]
        },
        {
            "file_path": "/data/shapenet_blender/all_50_random/02958343/911d8dad65dd79948e35db9103756ad5/r_7",
            "rotation": 0.12566370614359174,
            "transform_matrix": [
                [
                    0.06849783658981323,
                    -0.868432879447937,
                    -0.49105218052864075,
                    -1.9794948101043701
                ],
                [
                    -0.9976513385772705,
                    -0.059625815600156784,
                    -0.033715199679136276,
                    -0.13591033220291138
                ],
                [
                    3.725290742551124e-09,
                    0.49220818281173706,
                    -0.8704773783683777,
                    -3.5090067386627197
                ],
                [
                    0.0,
                    0.0,
                    0.0,
                    1.0
                ]
            ]
        },
        {
            "file_path": "/data/shapenet_blender/all_50_random/02958343/911d8dad65dd79948e35db9103756ad5/r_8",
            "rotation": 0.12566370614359174,
            "transform_matrix": [
                [
                    0.9916982650756836,
                    0.06453081220388412,
                    -0.11122190207242966,
                    -0.44834983348846436
                ],
                [
                    -0.12858669459819794,
                    0.49768054485321045,
                    -0.8577759265899658,
                    -3.4578053951263428
                ],
                [
                    0.0,
                    0.8649566173553467,
                    0.5018466711044312,
                    2.0230085849761963
                ],
                [
                    0.0,
                    0.0,
                    0.0,
                    1.0
                ]
            ]
        },
        {
            "file_path": "/data/shapenet_blender/all_50_random/02958343/911d8dad65dd79948e35db9103756ad5/r_9",
            "rotation": 0.12566370614359174,
            "transform_matrix": [
                [
                    0.11428039520978928,
                    -0.14286255836486816,
                    -0.983122706413269,
                    -3.963094472885132
                ],
                [
                    -0.9934486150741577,
                    -0.01643405668437481,
                    -0.1130925640463829,
                    -0.4558907151222229
                ],
                [
                    0.0,
                    0.9896060824394226,
                    -0.14380468428134918,
                    -0.5796952247619629
                ],
                [
                    0.0,
                    0.0,
                    0.0,
                    1.0
                ]
            ]
        },
        {
            "file_path": "/data/shapenet_blender/all_50_random/02958343/911d8dad65dd79948e35db9103756ad5/r_10",
            "rotation": 0.12566370614359174,
            "transform_matrix": [
                [
                    0.8110249042510986,
                    0.2219858020544052,
                    0.5412585735321045,
                    2.1818830966949463
                ],
                [
                    0.5850116014480591,
                    -0.3077477812767029,
                    -0.7503684163093567,
                    -3.024831771850586
                ],
                [
                    -1.4901161193847656e-08,
                    0.9252100586891174,
                    -0.3794553875923157,
                    -1.529633641242981
                ],
                [
                    0.0,
                    0.0,
                    0.0,
                    1.0
                ]
            ]
        },
        {
            "file_path": "/data/shapenet_blender/all_50_random/02958343/911d8dad65dd79948e35db9103756ad5/r_11",
            "rotation": 0.12566370614359174,
            "transform_matrix": [
                [
                    0.8811266422271729,
                    -0.32366201281547546,
                    -0.34475868940353394,
                    -1.3897666931152344
                ],
                [
                    -0.47288015484809875,
                    -0.6030856370925903,
                    -0.6423954963684082,
                    -2.5895791053771973
                ],
                [
                    0.0,
                    0.7290613055229187,
                    -0.6844483017921448,
                    -2.759099245071411
                ],
                [
                    0.0,
                    0.0,
                    0.0,
                    1.0
                ]
            ]
        },
        {
            "file_path": "/data/shapenet_blender/all_50_random/02958343/911d8dad65dd79948e35db9103756ad5/r_12",
            "rotation": 0.12566370614359174,
            "transform_matrix": [
                [
                    -0.6997125744819641,
                    0.4701327383518219,
                    0.5379381775856018,
                    2.1684980392456055
                ],
                [
                    0.7144244313240051,
                    0.4604514539241791,
                    0.5268605947494507,
                    2.12384295463562
                ],
                [
                    0.0,
                    0.7529670000076294,
                    -0.6580580472946167,
                    -2.652716875076294
                ],
                [
                    0.0,
                    0.0,
                    0.0,
                    1.0
                ]
            ]
        },
        {
            "file_path": "/data/shapenet_blender/all_50_random/02958343/911d8dad65dd79948e35db9103756ad5/r_13",
            "rotation": 0.12566370614359174,
            "transform_matrix": [
                [
                    -0.6466586589813232,
                    0.17335309088230133,
                    0.7428198456764221,
                    2.9944026470184326
                ],
                [
                    0.7627796530723572,
                    0.14696288108825684,
                    0.6297374963760376,
                    2.53855299949646
                ],
                [
                    -7.450581485102248e-09,
                    0.9738328456878662,
                    -0.22726503014564514,
                    -0.9161346554756165
                ],
                [
                    0.0,
                    0.0,
                    0.0,
                    1.0
                ]
            ]
        },
        {
            "file_path": "/data/shapenet_blender/all_50_random/02958343/911d8dad65dd79948e35db9103756ad5/r_14",
            "rotation": 0.12566370614359174,
            "transform_matrix": [
                [
                    -0.9977997541427612,
                    0.016584230586886406,
                    0.06419271230697632,
                    0.25876912474632263
                ],
                [
                    0.0663003996014595,
                    0.24958737194538116,
                    0.966079831123352,
                    3.894392490386963
                ],
                [
                    -1.862645371275562e-09,
                    0.9682101011276245,
                    -0.2501377463340759,
                    -1.0083376169204712
                ],
                [
                    0.0,
                    0.0,
                    0.0,
                    1.0
                ]
            ]
        },
        {
            "file_path": "/data/shapenet_blender/all_50_random/02958343/911d8dad65dd79948e35db9103756ad5/r_15",
            "rotation": 0.12566370614359174,
            "transform_matrix": [
                [
                    -0.9758437275886536,
                    0.04699600115418434,
                    -0.21335554122924805,
                    -0.8600636720657349
                ],
                [
                    -0.21847018599510193,
                    -0.20991766452789307,
                    0.9529981017112732,
                    3.841658115386963
                ],
                [
                    3.725290742551124e-09,
                    0.9765888452529907,
                    0.21511408686637878,
                    0.8671526312828064
                ],
                [
                    0.0,
                    0.0,
                    0.0,
                    1.0
                ]
            ]
        },
        {
            "file_path": "/data/shapenet_blender/all_50_random/02958343/911d8dad65dd79948e35db9103756ad5/r_16",
            "rotation": 0.12566370614359174,
            "transform_matrix": [
                [
                    0.3779800832271576,
                    -0.33293405175209045,
                    -0.8638784289360046,
                    -3.482405424118042
                ],
                [
                    -0.9258137345314026,
                    -0.13592630624771118,
                    -0.3526938855648041,
                    -1.4217544794082642
                ],
                [
                    0.0,
                    0.9331017732620239,
                    -0.3596123456954956,
                    -1.4496437311172485
                ],
                [
                    0.0,
                    0.0,
                    0.0,
                    1.0
                ]
            ]
        },
        {
            "file_path": "/data/shapenet_blender/all_50_random/02958343/911d8dad65dd79948e35db9103756ad5/r_17",
            "rotation": 0.12566370614359174,
            "transform_matrix": [
                [
                    -0.4354054033756256,
                    -0.11444855481386185,
                    0.89292973279953,
                    3.599515199661255
                ],
                [
                    0.9002345204353333,
                    -0.055353932082653046,
                    0.4318723976612091,
                    1.7409334182739258
                ],
                [
                    0.0,
                    0.991885781288147,
                    0.12713192403316498,
                    0.5124852657318115
                ],
                [
                    0.0,
                    0.0,
                    0.0,
                    1.0
                ]
            ]
        },
        {
            "file_path": "/data/shapenet_blender/all_50_random/02958343/911d8dad65dd79948e35db9103756ad5/r_18",
            "rotation": 0.12566370614359174,
            "transform_matrix": [
                [
                    0.33450689911842346,
                    -0.49671947956085205,
                    0.800858736038208,
                    3.228365182876587
                ],
                [
                    0.9423933029174805,
                    0.1763128936290741,
                    -0.2842685282230377,
                    -1.1459232568740845
                ],
                [
                    -1.4901162970204496e-08,
                    0.84981369972229,
                    0.5270829796791077,
                    2.124739646911621
                ],
                [
                    0.0,
                    0.0,
                    0.0,
                    1.0
                ]
            ]
        },
        {
            "file_path": "/data/shapenet_blender/all_50_random/02958343/911d8dad65dd79948e35db9103756ad5/r_19",
            "rotation": 0.12566370614359174,
            "transform_matrix": [
                [
                    0.0952686071395874,
                    -0.22574011981487274,
                    -0.9695180058479309,
                    -3.908252239227295
                ],
                [
                    -0.9954515695571899,
                    -0.02160421386361122,
                    -0.09278666973114014,
                    -0.3740350604057312
                ],
                [
                    0.0,
                    0.9739479422569275,
                    -0.22677156329154968,
                    -0.9141454696655273
                ],
                [
                    0.0,
                    0.0,
                    0.0,
                    1.0
                ]
            ]
        },
        {
            "file_path": "/data/shapenet_blender/all_50_random/02958343/911d8dad65dd79948e35db9103756ad5/r_20",
            "rotation": 0.12566370614359174,
            "transform_matrix": [
                [
                    -0.6812090873718262,
                    -0.7028738856315613,
                    0.2047494500875473,
                    0.825371503829956
                ],
                [
                    0.7320889234542847,
                    -0.6540244817733765,
                    0.19051946699619293,
                    0.7680085897445679
                ],
                [
                    0.0,
                    0.2796783447265625,
                    0.9600936770439148,
                    3.8702616691589355
                ],
                [
                    0.0,
                    0.0,
                    0.0,
                    1.0
                ]
            ]
        },
        {
            "file_path": "/data/shapenet_blender/all_50_random/02958343/911d8dad65dd79948e35db9103756ad5/r_21",
            "rotation": 0.12566370614359174,
            "transform_matrix": [
                [
                    0.392142653465271,
                    -0.8057301640510559,
                    -0.4438727796077728,
                    -1.7893085479736328
                ],
                [
                    -0.9199044704437256,
                    -0.3434717059135437,
                    -0.18921686708927155,
                    -0.7627576589584351
                ],
                [
                    0.0,
                    0.4825204610824585,
                    -0.8758845925331116,
                    -3.530803918838501
                ],
                [
                    0.0,
                    0.0,
                    0.0,
                    1.0
                ]
            ]
        },
        {
            "file_path": "/data/shapenet_blender/all_50_random/02958343/911d8dad65dd79948e35db9103756ad5/r_22",
            "rotation": 0.12566370614359174,
            "transform_matrix": [
                [
                    0.9670064449310303,
                    0.020822536200284958,
                    -0.25389930605888367,
                    -1.023500919342041
                ],
                [
                    -0.25475171208381653,
                    0.0790398046374321,
                    -0.9637707471847534,
                    -3.885084390640259
                ],
                [
                    1.862645149230957e-09,
                    0.9966538548469543,
                    0.08173657953739166,
                    0.3294907212257385
                ],
                [
                    0.0,
                    0.0,
                    0.0,
                    1.0
                ]
            ]
        },
        {
            "file_path": "/data/shapenet_blender/all_50_random/02958343/911d8dad65dd79948e35db9103756ad5/r_23",
            "rotation": 0.12566370614359174,
            "transform_matrix": [
                [
                    -0.9962413311004639,
                    0.037264518439769745,
                    -0.07819584757089615,
                    -0.3152174949645996
                ],
                [
                    -0.08662120997905731,
                    -0.42858386039733887,
                    0.8993401527404785,
                    3.6253557205200195
                ],
                [
                    0.0,
                    0.9027331471443176,
                    0.4302009046077728,
                    1.7341951131820679
                ],
                [
                    0.0,
                    0.0,
                    0.0,
                    1.0
                ]
            ]
        },
        {
            "file_path": "/data/shapenet_blender/all_50_random/02958343/911d8dad65dd79948e35db9103756ad5/r_24",
            "rotation": 0.12566370614359174,
            "transform_matrix": [
                [
                    0.18958711624145508,
                    -0.06267841905355453,
                    0.9798612594604492,
                    3.9499471187591553
                ],
                [
                    0.9818639159202576,
                    0.012102512642741203,
                    -0.18920041620731354,
                    -0.7626912593841553
                ],
                [
                    -9.31322685637781e-10,
                    0.9979603290557861,
                    0.06383615732192993,
                    0.2573317885398865
                ],
                [
                    0.0,
                    0.0,
                    0.0,
                    1.0
                ]
            ]
        },
        {
            "file_path": "/data/shapenet_blender/all_50_random/02958343/911d8dad65dd79948e35db9103756ad5/r_25",
            "rotation": 0.12566370614359174,
            "transform_matrix": [
                [
                    -0.7748063206672668,
                    -0.597041130065918,
                    -0.2078871876001358,
                    -0.8380201458930969
                ],
                [
                    -0.632198691368103,
                    0.731718122959137,
                    0.2547811269760132,
                    1.0270557403564453
                ],
                [
                    1.4901161193847656e-08,
                    0.3288320302963257,
                    -0.9443883299827576,
                    -3.8069512844085693
                ],
                [
                    0.0,
                    0.0,
                    0.0,
                    1.0
                ]
            ]
        },
        {
            "file_path": "/data/shapenet_blender/all_50_random/02958343/911d8dad65dd79948e35db9103756ad5/r_26",
            "rotation": 0.12566370614359174,
            "transform_matrix": [
                [
                    -0.6565927863121033,
                    0.5374385714530945,
                    -0.5291933417320251,
                    -2.133246898651123
                ],
                [
                    -0.7542452812194824,
                    -0.46785616874694824,
                    0.46067848801612854,
                    1.8570544719696045
                ],
                [
                    1.4901161193847656e-08,
                    0.7016197443008423,
                    0.7125514149665833,
                    2.872386932373047
                ],
                [
                    0.0,
                    0.0,
                    0.0,
                    1.0
                ]
            ]
        },
        {
            "file_path": "/data/shapenet_blender/all_50_random/02958343/911d8dad65dd79948e35db9103756ad5/r_27",
            "rotation": 0.12566370614359174,
            "transform_matrix": [
                [
                    -0.7361138463020325,
                    0.5560559630393982,
                    0.3859250247478485,
                    1.5557136535644531
                ],
                [
                    0.6768578886985779,
                    0.6047362685203552,
                    0.4197111129760742,
                    1.6919097900390625
                ],
                [
                    1.4901164746561335e-08,
                    0.5701714158058167,
                    -0.8215255737304688,
                    -3.311675786972046
                ],
                [
                    0.0,
                    0.0,
                    0.0,
                    1.0
                ]
            ]
        },
        {
            "file_path": "/data/shapenet_blender/all_50_random/02958343/911d8dad65dd79948e35db9103756ad5/r_28",
            "rotation": 0.12566370614359174,
            "transform_matrix": [
                [
                    -0.1940685510635376,
                    -0.2795238196849823,
                    0.9403210878372192,
                    3.790555715560913
                ],
                [
                    0.980988085269928,
                    -0.055298108607530594,
                    0.18602339923381805,
                    0.7498843669891357
                ],
                [
                    3.725290742551124e-09,
                    0.958544909954071,
                    0.2849411368370056,
                    1.1486345529556274
                ],
                [
                    0.0,
                    0.0,
                    0.0,
                    1.0
                ]
            ]
        },
        {
            "file_path": "/data/shapenet_blender/all_50_random/02958343/911d8dad65dd79948e35db9103756ad5/r_29",
            "rotation": 0.12566370614359174,
            "transform_matrix": [
                [
                    -0.9666196703910828,
                    -0.042522162199020386,
                    -0.2526625394821167,
                    -1.0185152292251587
                ],
                [
                    -0.25621575117111206,
                    0.1604224443435669,
                    0.9532145857810974,
                    3.8425309658050537
                ],
                [
                    -3.725290742551124e-09,
                    0.9861320853233337,
                    -0.1659623384475708,
                    -0.6690155863761902
                ],
                [
                    0.0,
                    0.0,
                    0.0,
                    1.0
                ]
            ]
        },
        {
            "file_path": "/data/shapenet_blender/all_50_random/02958343/911d8dad65dd79948e35db9103756ad5/r_30",
            "rotation": 0.12566370614359174,
            "transform_matrix": [
                [
                    -0.9806346893310547,
                    0.005939815659075975,
                    0.19575579464435577,
                    0.7891168594360352
                ],
                [
                    0.19584590196609497,
                    0.029741697013378143,
                    0.9801835417747498,
                    3.9512462615966797
                ],
                [
                    0.0,
                    0.9995399713516235,
                    -0.03032902628183365,
                    -0.1222602128982544
                ],
                [
                    0.0,
                    0.0,
                    0.0,
                    1.0
                ]
            ]
        },
        {
            "file_path": "/data/shapenet_blender/all_50_random/02958343/911d8dad65dd79948e35db9103756ad5/r_31",
            "rotation": 0.12566370614359174,
            "transform_matrix": [
                [
                    -0.9707915782928467,
                    -0.23980532586574554,
                    0.007566908374428749,
                    0.030503179877996445
                ],
                [
                    0.23992468416690826,
                    -0.9703085422515869,
                    0.03061748296022415,
                    0.1234230101108551
                ],
                [
                    0.0,
                    0.03153849020600319,
                    0.9995025992393494,
                    4.029123306274414
                ],
                [
                    0.0,
                    0.0,
                    0.0,
                    1.0
                ]
            ]
        },
        {
            "file_path": "/data/shapenet_blender/all_50_random/02958343/911d8dad65dd79948e35db9103756ad5/r_32",
            "rotation": 0.12566370614359174,
            "transform_matrix": [
                [
                    -0.38642075657844543,
                    -0.1460406333208084,
                    0.9106870889663696,
                    3.6710972785949707
                ],
                [
                    0.922322690486908,
                    -0.061185892671346664,
                    0.38154587149620056,
                    1.5380607843399048
                ],
                [
                    -3.725290298461914e-09,
                    0.9873846769332886,
                    0.15834005177021027,
                    0.638289213180542
                ],
                [
                    0.0,
                    0.0,
                    0.0,
                    1.0
                ]
            ]
        },
        {
            "file_path": "/data/shapenet_blender/all_50_random/02958343/911d8dad65dd79948e35db9103756ad5/r_33",
            "rotation": 0.12566370614359174,
            "transform_matrix": [
                [
                    -0.20547935366630554,
                    -0.265219509601593,
                    -0.9420386552810669,
                    -3.7974793910980225
                ],
                [
                    -0.9786614775657654,
                    0.0556853748857975,
                    0.19779004156589508,
                    0.7973171472549438
                ],
                [
                    -3.725290298461914e-09,
                    0.9625787138938904,
                    -0.27100229263305664,
                    -1.0924451351165771
                ],
                [
                    0.0,
                    0.0,
                    0.0,
                    1.0
                ]
            ]
        },
        {
            "file_path": "/data/shapenet_blender/all_50_random/02958343/911d8dad65dd79948e35db9103756ad5/r_34",
            "rotation": 0.12566370614359174,
            "transform_matrix": [
                [
                    -0.5307928323745728,
                    -0.21824750304222107,
                    -0.8189182281494141,
                    -3.3011648654937744
                ],
                [
                    -0.8475016355514526,
                    0.13668905198574066,
                    0.5128909349441528,
                    2.0675294399261475
                ],
                [
                    -7.450580596923828e-09,
                    0.9662732481956482,
                    -0.2575186789035797,
                    -1.0380909442901611
                ],
                [
                    0.0,
                    0.0,
                    0.0,
                    1.0
                ]
            ]
        },
        {
            "file_path": "/data/shapenet_blender/all_50_random/02958343/911d8dad65dd79948e35db9103756ad5/r_35",
            "rotation": 0.12566370614359174,
            "transform_matrix": [
                [
                    -0.9770679473876953,
                    0.015577181242406368,
                    -0.2123570293188095,
                    -0.8560385704040527
                ],
                [
                    -0.21292756497859955,
                    -0.07147953659296036,
                    0.974449872970581,
                    3.928133010864258
                ],
                [
                    0.0,
                    0.9973203539848328,
                    0.0731571838259697,
                    0.29490604996681213
                ],
                [
                    0.0,
                    0.0,
                    0.0,
                    1.0
                ]
            ]
        },
        {
            "file_path": "/data/shapenet_blender/all_50_random/02958343/911d8dad65dd79948e35db9103756ad5/r_36",
            "rotation": 0.12566370614359174,
            "transform_matrix": [
                [
                    -0.4915516972541809,
                    0.3671380579471588,
                    -0.7896748781204224,
                    -3.183281421661377
                ],
                [
                    -0.8708484172821045,
                    -0.20723164081573486,
                    0.4457331895828247,
                    1.796808123588562
                ],
                [
                    0.0,
                    0.9067880511283875,
                    0.42158669233322144,
                    1.6994704008102417
                ],
                [
                    0.0,
                    0.0,
                    0.0,
                    1.0
                ]
            ]
        },
        {
            "file_path": "/data/shapenet_blender/all_50_random/02958343/911d8dad65dd79948e35db9103756ad5/r_37",
            "rotation": 0.12566370614359174,
            "transform_matrix": [
                [
                    -0.9513698816299438,
                    0.13596747815608978,
                    -0.27642056345939636,
                    -1.1142868995666504
                ],
                [
                    -0.30805113911628723,
                    -0.41991522908210754,
                    0.853683590888977,
                    3.4413087368011475
                ],
                [
                    7.450580596923828e-09,
                    0.8973204493522644,
                    0.4413796365261078,
                    1.7792582511901855
                ],
                [
                    0.0,
                    0.0,
                    0.0,
                    1.0
                ]
            ]
        },
        {
            "file_path": "/data/shapenet_blender/all_50_random/02958343/911d8dad65dd79948e35db9103756ad5/r_38",
            "rotation": 0.12566370614359174,
            "transform_matrix": [
                [
                    -0.9925376772880554,
                    0.11418601870536804,
                    -0.04278405383229256,
                    -0.17246803641319275
                ],
                [
                    -0.12193819880485535,
                    -0.9294374585151672,
                    0.3482484221458435,
                    1.403834342956543
                ],
                [
                    0.0,
                    0.3508666157722473,
                    0.9364253878593445,
                    3.7748515605926514
                ],
                [
                    0.0,
                    0.0,
                    0.0,
                    1.0
                ]
            ]
        },
        {
            "file_path": "/data/shapenet_blender/all_50_random/02958343/911d8dad65dd79948e35db9103756ad5/r_39",
            "rotation": 0.12566370614359174,
            "transform_matrix": [
                [
                    -0.9126951694488525,
                    -0.07967604696750641,
                    -0.4007982313632965,
                    -1.6156694889068604
                ],
                [
                    -0.4086410701274872,
                    0.17795555293560028,
                    0.8951783180236816,
                    3.608579397201538
                ],
                [
                    0.0,
                    0.9808076024055481,
                    -0.19497805833816528,
                    -0.7859817743301392
                ],
                [
                    0.0,
                    0.0,
                    0.0,
                    1.0
                ]
            ]
        },
        {
            "file_path": "/data/shapenet_blender/all_50_random/02958343/911d8dad65dd79948e35db9103756ad5/r_40",
            "rotation": 0.12566370614359174,
            "transform_matrix": [
                [
                    0.9950487017631531,
                    -0.07208482176065445,
                    0.06842528283596039,
                    0.2758311629295349
                ],
                [
                    0.09938935935497284,
                    0.721686065196991,
                    -0.6850481033325195,
                    -2.7615175247192383
                ],
                [
                    -3.725290742551124e-09,
                    0.6884569525718689,
                    0.7252771258354187,
                    2.9236857891082764
                ],
                [
                    0.0,
                    0.0,
                    0.0,
                    1.0
                ]
            ]
        },
        {
            "file_path": "/data/shapenet_blender/all_50_random/02958343/911d8dad65dd79948e35db9103756ad5/r_41",
            "rotation": 0.12566370614359174,
            "transform_matrix": [
                [
                    0.19565118849277496,
                    -0.7832028269767761,
                    -0.590181291103363,
                    -2.3790969848632812
                ],
                [
                    -0.980673611164093,
                    -0.15625439584255219,
