{
    "class": "02958343",
    "model": "793a8675d7a5fecd653effc8a32f84f1",
    "remove_doubles": true,
    "edge_split": true,
    "denoise": true,
    "camera_angle_x": 0.6911112070083618,
    "scale_factor": 2.3067226549916318,
    "hdri_file": "/data/IndoorHDRDataset2018/9C4A5967-b2868d005f.exr",
    "center_offset": [
        0.0,
        -1.862645149230957e-09,
        -3.725290298461914e-09
    ],
    "lights": [],
    "frames": [
        {
            "file_path": "/data/shapenet_blender/all_50_random/02958343/793a8675d7a5fecd653effc8a32f84f1/r_0",
            "rotation": 0.12566370614359174,
            "transform_matrix": [
                [
                    -0.7678788304328918,
                    -0.4449822008609772,
                    0.46081769466400146,
                    1.8576157093048096
                ],
                [
                    0.6405951380729675,
                    -0.5333983302116394,
                    0.5523802638053894,
                    2.2267162799835205
                ],
                [
                    1.4901161193847656e-08,
                    0.7193586826324463,
                    0.6946386694908142,
                    2.800178289413452
                ],
                [
                    0.0,
                    0.0,
                    0.0,
                    1.0
                ]
            ]
        },
        {
            "file_path": "/data/shapenet_blender/all_50_random/02958343/793a8675d7a5fecd653effc8a32f84f1/r_1",
            "rotation": 0.12566370614359174,
            "transform_matrix": [
                [
                    0.56324303150177,
                    -0.7913970351219177,
                    -0.2375878244638443,
                    -0.957747220993042
                ],
                [
                    -0.8262913227081299,
                    -0.5394572615623474,
                    -0.1619521677494049,
                    -0.6528501510620117
                ],
                [
                    0.0,
                    0.2875351011753082,
                    -0.9577699899673462,
                    -3.8608946800231934
                ],
                [
                    0.0,
                    0.0,
                    0.0,
                    1.0
                ]
            ]
        },
        {
            "file_path": "/data/shapenet_blender/all_50_random/02958343/793a8675d7a5fecd653effc8a32f84f1/r_2",
            "rotation": 0.12566370614359174,
            "transform_matrix": [
                [
                    -0.49031734466552734,
                    -0.7756112813949585,
                    -0.3975122272968292,
                    -1.6024231910705566
                ],
                [
                    -0.8715440034866333,
                    0.4363470673561096,
                    0.22363431751728058,
                    0.9014988541603088
                ],
                [
                    -1.4901161193847656e-08,
                    0.4561011791229248,
                    -0.889927864074707,
                    -3.587414264678955
                ],
                [
                    0.0,
                    0.0,
                    0.0,
                    1.0
                ]
            ]
        },
        {
            "file_path": "/data/shapenet_blender/all_50_random/02958343/793a8675d7a5fecd653effc8a32f84f1/r_3",
            "rotation": 0.12566370614359174,
            "transform_matrix": [
                [
                    -0.9254593253135681,
                    0.021268172189593315,
                    0.37824955582618713,
                    1.5247727632522583
                ],
                [
                    0.37884700298309326,
                    0.05195455625653267,
                    0.9239998459815979,
                    3.724762439727783
                ],
                [
                    0.0,
                    0.9984229207038879,
                    -0.05613921955227852,
                    -0.22630442678928375
                ],
                [
                    0.0,
                    0.0,
                    0.0,
                    1.0
                ]
            ]
        },
        {
            "file_path": "/data/shapenet_blender/all_50_random/02958343/793a8675d7a5fecd653effc8a32f84f1/r_4",
            "rotation": 0.12566370614359174,
            "transform_matrix": [
                [
                    -0.9888817071914673,
                    0.11826752871274948,
                    -0.09014283120632172,
                    -0.3633773624897003
                ],
                [
                    -0.1487041860818863,
                    -0.7864781022071838,
                    0.599449098110199,
                    2.416456699371338
                ],
                [
                    0.0,
                    0.6061887145042419,
                    0.7953206896781921,
                    3.206040143966675
                ],
                [
                    0.0,
                    0.0,
                    0.0,
                    1.0
                ]
            ]
        },
        {
            "file_path": "/data/shapenet_blender/all_50_random/02958343/793a8675d7a5fecd653effc8a32f84f1/r_5",
            "rotation": 0.12566370614359174,
            "transform_matrix": [
                [
                    -0.3393060863018036,
                    -0.7908743023872375,
                    -0.5093026161193848,
                    -2.0530648231506348
                ],
                [
                    -0.9406760931015015,
                    0.28527191281318665,
                    0.18370774388313293,
                    0.7405496835708618
                ],
                [
                    0.0,
                    0.5414220094680786,
                    -0.8407508730888367,
                    -3.3891754150390625
                ],
                [
                    0.0,
                    0.0,
                    0.0,
                    1.0
                ]
            ]
        },
        {
            "file_path": "/data/shapenet_blender/all_50_random/02958343/793a8675d7a5fecd653effc8a32f84f1/r_6",
            "rotation": 0.12566370614359174,
            "transform_matrix": [
                [
                    -0.09437939524650574,
                    -0.013578807935118675,
                    -0.9954437017440796,
                    -4.01276159286499
                ],
                [
                    -0.9955363273620605,
                    0.0012873057276010513,
                    0.09437061101198196,
                    0.38042008876800537
                ],
                [
                    0.0,
                    0.9999069571495056,
                    -0.013639691285789013,
                    -0.05498335137963295
                ],
                [
                    0.0,
                    0.0,
                    0.0,
                    1.0
                ]
            ]
        },
        {
            "file_path": "/data/shapenet_blender/all_50_random/02958343/793a8675d7a5fecd653effc8a32f84f1/r_7",
            "rotation": 0.12566370614359174,
            "transform_matrix": [
                [
                    0.9007397294044495,
                    -0.21755541861057281,
                    -0.3759489059448242,
                    -1.5154985189437866
                ],
                [
                    -0.43435922265052795,
                    -0.4511491656303406,
                    -0.7796130776405334,
                    -3.142720937728882
                ],
                [
                    1.4901161193847656e-08,
                    0.8655253052711487,
                    -0.5008651614189148,
                    -2.019052028656006
                ],
                [
                    0.0,
                    0.0,
                    0.0,
                    1.0
                ]
            ]
        },
        {
            "file_path": "/data/shapenet_blender/all_50_random/02958343/793a8675d7a5fecd653effc8a32f84f1/r_8",
            "rotation": 0.12566370614359174,
            "transform_matrix": [
                [
                    0.9234041571617126,
                    0.09805557876825333,
                    0.3710927665233612,
                    1.4959228038787842
                ],
                [
                    0.3838290572166443,
                    -0.23589910566806793,
                    -0.892763614654541,
                    -3.5988452434539795
                ],
                [
                    0.0,
                    0.9668177962303162,
                    -0.2554668188095093,
                    -1.0298197269439697
                ],
                [
                    0.0,
                    0.0,
                    0.0,
                    1.0
                ]
            ]
        },
        {
            "file_path": "/data/shapenet_blender/all_50_random/02958343/793a8675d7a5fecd653effc8a32f84f1/r_9",
            "rotation": 0.12566370614359174,
            "transform_matrix": [
                [
                    0.9883635640144348,
                    0.13218452036380768,
                    -0.07526424527168274,
                    -0.303399920463562
                ],
                [
                    -0.1521100103855133,
                    0.8588939309120178,
                    -0.4890436828136444,
                    -1.9713982343673706
                ],
                [
                    0.0,
                    0.4948013126850128,
                    0.8690060377120972,
                    3.50307559967041
                ],
                [
                    0.0,
                    0.0,
                    0.0,
                    1.0
                ]
            ]
        },
        {
            "file_path": "/data/shapenet_blender/all_50_random/02958343/793a8675d7a5fecd653effc8a32f84f1/r_10",
            "rotation": 0.12566370614359174,
            "transform_matrix": [
                [
                    -0.953230082988739,
                    0.08650006353855133,
                    0.28960350155830383,
                    1.1674292087554932
                ],
                [
                    0.30224573612213135,
                    0.2728060483932495,
                    0.913358747959137,
                    3.6818671226501465
                ],
                [
                    0.0,
                    0.9581725001335144,
                    -0.2861911654472351,
                    -1.1536736488342285
                ],
                [
                    0.0,
                    0.0,
                    0.0,
                    1.0
                ]
            ]
        },
        {
            "file_path": "/data/shapenet_blender/all_50_random/02958343/793a8675d7a5fecd653effc8a32f84f1/r_11",
            "rotation": 0.12566370614359174,
            "transform_matrix": [
                [
                    -0.9415514469146729,
                    -0.327564001083374,
                    -0.07862976938486099,
                    -0.3169667720794678
                ],
                [
                    -0.33686915040016174,
                    0.9155434966087341,
                    0.21977071464061737,
                    0.8859241604804993
                ],
                [
                    0.0,
                    0.23341333866119385,
                    -0.9723774790763855,
                    -3.9197793006896973
                ],
                [
                    0.0,
                    0.0,
                    0.0,
                    1.0
                ]
            ]
        },
        {
            "file_path": "/data/shapenet_blender/all_50_random/02958343/793a8675d7a5fecd653effc8a32f84f1/r_12",
            "rotation": 0.12566370614359174,
            "transform_matrix": [
                [
                    -0.6907532215118408,
                    0.5775058269500732,
                    0.4351401627063751,
                    1.754106044769287
                ],
                [
                    0.7230905890464783,
                    0.5516791343688965,
                    0.4156802296638489,
                    1.6756606101989746
                ],
                [
                    0.0,
                    0.6017781496047974,
                    -0.7986632585525513,
                    -3.2195146083831787
                ],
                [
                    0.0,
                    0.0,
                    0.0,
                    1.0
                ]
            ]
        },
        {
            "file_path": "/data/shapenet_blender/all_50_random/02958343/793a8675d7a5fecd653effc8a32f84f1/r_13",
            "rotation": 0.12566370614359174,
            "transform_matrix": [
                [
                    -0.845195472240448,
                    -0.06498423218727112,
                    0.5304918885231018,
                    2.1384811401367188
                ],
                [
                    0.534457266330719,
                    -0.10276662558317184,
                    0.8389245271682739,
                    3.3818130493164062
                ],
                [
                    -3.725290298461914e-09,
                    0.9925804734230042,
                    0.12158918380737305,
                    0.49014168977737427
                ],
                [
                    0.0,
                    0.0,
                    0.0,
                    1.0
                ]
            ]
        },
        {
            "file_path": "/data/shapenet_blender/all_50_random/02958343/793a8675d7a5fecd653effc8a32f84f1/r_14",
            "rotation": 0.12566370614359174,
            "transform_matrix": [
                [
                    0.9287425875663757,
                    -0.19696542620658875,
                    -0.31407272815704346,
                    -1.2660677433013916
                ],
                [
                    -0.3707250654697418,
                    -0.4934389591217041,
                    -0.7868168950080872,
                    -3.1717605590820312
                ],
                [
                    0.0,
                    0.8471851348876953,
                    -0.5312977433204651,
                    -2.1417298316955566
                ],
                [
                    0.0,
                    0.0,
                    0.0,
                    1.0
                ]
            ]
        },
        {
            "file_path": "/data/shapenet_blender/all_50_random/02958343/793a8675d7a5fecd653effc8a32f84f1/r_15",
            "rotation": 0.12566370614359174,
            "transform_matrix": [
                [
                    0.9978456497192383,
                    -0.00615689717233181,
                    -0.06531599909067154,
                    -0.2632971704006195
                ],
                [
                    -0.065605528652668,
                    -0.09364503622055054,
                    -0.9934418201446533,
                    -4.0046916007995605
                ],
                [
                    0.0,
                    0.9955865740776062,
                    -0.09384723752737045,
                    -0.37831026315689087
                ],
                [
                    0.0,
                    0.0,
                    0.0,
                    1.0
                ]
            ]
        },
        {
            "file_path": "/data/shapenet_blender/all_50_random/02958343/793a8675d7a5fecd653effc8a32f84f1/r_16",
            "rotation": 0.12566370614359174,
            "transform_matrix": [
                [
                    0.7559745907783508,
                    0.09234562516212463,
                    0.6480545401573181,
                    2.612391233444214
                ],
                [
                    0.654600977897644,
                    -0.1066465675830841,
                    -0.7484143972396851,
                    -3.0169548988342285
                ],
                [
                    0.0,
                    0.9899992942810059,
                    -0.1410716325044632,
                    -0.5686779022216797
                ],
                [
                    0.0,
                    0.0,
                    0.0,
                    1.0
                ]
            ]
        },
        {
            "file_path": "/data/shapenet_blender/all_50_random/02958343/793a8675d7a5fecd653effc8a32f84f1/r_17",
            "rotation": 0.12566370614359174,
            "transform_matrix": [
                [
                    0.7390668392181396,
                    0.16235975921154022,
                    -0.6537731885910034,
                    -2.635444164276123
                ],
                [
                    -0.6736319661140442,
                    0.17813096940517426,
                    -0.7172789573669434,
                    -2.891444206237793
                ],
                [
                    7.450580152834618e-09,
                    0.9705197215080261,
                    0.24102142453193665,
                    0.9715884923934937
                ],
                [
                    0.0,
                    0.0,
                    0.0,
                    1.0
                ]
            ]
        },
        {
            "file_path": "/data/shapenet_blender/all_50_random/02958343/793a8675d7a5fecd653effc8a32f84f1/r_18",
            "rotation": 0.12566370614359174,
            "transform_matrix": [
                [
                    -0.17662900686264038,
                    -0.2942730188369751,
                    -0.9392579197883606,
                    -3.7862701416015625
                ],
                [
                    -0.984277606010437,
                    0.052807409316301346,
                    0.16855020821094513,
                    0.6794477105140686
                ],
                [
                    0.0,
                    0.9542614221572876,
                    -0.29897356033325195,
                    -1.2052011489868164
                ],
                [
                    0.0,
                    0.0,
                    0.0,
                    1.0
                ]
            ]
        },
        {
            "file_path": "/data/shapenet_blender/all_50_random/02958343/793a8675d7a5fecd653effc8a32f84f1/r_19",
            "rotation": 0.12566370614359174,
            "transform_matrix": [
                [
                    -0.9021298289299011,
                    -0.4131186604499817,
                    -0.12447726726531982,
                    -0.5017839074134827
                ],
                [
                    -0.4314645230770111,
                    0.8637713193893433,
                    0.26026394963264465,
                    1.0491575002670288
                ],
                [
                    0.0,
                    0.2884994149208069,
                    -0.9574800133705139,
                    -3.8597254753112793
                ],
                [
                    0.0,
                    0.0,
                    0.0,
                    1.0
                ]
            ]
        },
        {
            "file_path": "/data/shapenet_blender/all_50_random/02958343/793a8675d7a5fecd653effc8a32f84f1/r_20",
            "rotation": 0.12566370614359174,
            "transform_matrix": [
                [
                    -0.8973116278648376,
                    0.07726027071475983,
                    -0.43458330631256104,
                    -1.751861572265625
                ],
                [
                    -0.44139760732650757,
                    -0.15706144273281097,
                    0.8834589123725891,
                    3.5613372325897217
                ],
                [
                    -7.450580596923828e-09,
                    0.9845620393753052,
                    0.17503555119037628,
                    0.7055909633636475
                ],
                [
                    0.0,
                    0.0,
                    0.0,
                    1.0
                ]
            ]
        },
        {
            "file_path": "/data/shapenet_blender/all_50_random/02958343/793a8675d7a5fecd653effc8a32f84f1/r_21",
            "rotation": 0.12566370614359174,
            "transform_matrix": [
                [
                    0.07517466694116592,
                    -0.051527950912714005,
                    -0.9958382248878479,
                    -4.014351844787598
                ],
                [
                    -0.9971703886985779,
                    -0.0038845883682370186,
                    -0.07507423311471939,
                    -0.3026338815689087
                ],
                [
                    -2.3283064365386963e-10,
                    0.9986639618873596,
                    -0.05167417600750923,
                    -0.2083052396774292
                ],
                [
                    0.0,
                    0.0,
                    0.0,
                    1.0
                ]
            ]
        },
        {
            "file_path": "/data/shapenet_blender/all_50_random/02958343/793a8675d7a5fecd653effc8a32f84f1/r_22",
            "rotation": 0.12566370614359174,
            "transform_matrix": [
                [
                    -0.596088707447052,
                    -0.6405097842216492,
                    -0.4841749966144562,
                    -1.951771855354309
                ],
                [
                    -0.8029184937477112,
                    0.47551605105400085,
                    0.3594527542591095,
                    1.449000358581543
                ],
                [
                    -1.4901160305669237e-08,
                    0.6030188798904419,
                    -0.7977269291877747,
                    -3.215740203857422
                ],
                [
                    0.0,
                    0.0,
                    0.0,
                    1.0
                ]
            ]
        },
        {
            "file_path": "/data/shapenet_blender/all_50_random/02958343/793a8675d7a5fecd653effc8a32f84f1/r_23",
            "rotation": 0.12566370614359174,
            "transform_matrix": [
                [
                    -0.9985018372535706,
                    0.0014373678714036942,
                    -0.05469939857721329,
                    -0.22050034999847412
                ],
                [
                    -0.05471828207373619,
                    -0.02622915618121624,
                    0.9981572031974792,
                    4.023700714111328
                ],
                [
                    0.0,
                    0.9996547698974609,
                    0.02626851387321949,
                    0.10589177161455154
                ],
                [
                    0.0,
                    0.0,
                    0.0,
                    1.0
                ]
            ]
        },
        {
            "file_path": "/data/shapenet_blender/all_50_random/02958343/793a8675d7a5fecd653effc8a32f84f1/r_24",
            "rotation": 0.12566370614359174,
            "transform_matrix": [
                [
                    0.9632418155670166,
                    0.012058758176863194,
                    -0.26836496591567993,
                    -1.0818138122558594
                ],
                [
                    -0.26863574981689453,
                    0.04323884844779968,
                    -0.9622708559036255,
                    -3.879037857055664
                ],
                [
                    9.313224635931761e-10,
                    0.9989920854568481,
                    0.044888872653245926,
                    0.18095283210277557
                ],
                [
                    0.0,
                    0.0,
                    0.0,
                    1.0
                ]
            ]
        },
        {
            "file_path": "/data/shapenet_blender/all_50_random/02958343/793a8675d7a5fecd653effc8a32f84f1/r_25",
            "rotation": 0.12566370614359174,
            "transform_matrix": [
                [
                    0.06350663304328918,
                    -0.30821493268013,
                    -0.9491945505142212,
                    -3.8263258934020996
                ],
                [
                    -0.9979814887046814,
                    -0.01961328461766243,
                    -0.060402076691389084,
                    -0.24348857998847961
                ],
                [
                    0.0,
                    0.9511144161224365,
                    -0.3088383376598358,
                    -1.2449672222137451
                ],
                [
                    0.0,
                    0.0,
                    0.0,
                    1.0
                ]
            ]
        },
        {
            "file_path": "/data/shapenet_blender/all_50_random/02958343/793a8675d7a5fecd653effc8a32f84f1/r_26",
            "rotation": 0.12566370614359174,
            "transform_matrix": [
                [
                    0.9752364158630371,
                    -0.023515792563557625,
                    0.21991117298603058,
                    0.8864902853965759
                ],
                [
                    0.22116489708423615,
                    0.10369392484426498,
                    -0.9697080254554749,
                    -3.909018039703369
                ],
                [
                    0.0,
                    0.9943312406539917,
                    0.10632696002721786,
                    0.4286176860332489
                ],
                [
                    0.0,
                    0.0,
                    0.0,
                    1.0
                ]
            ]
        },
        {
            "file_path": "/data/shapenet_blender/all_50_random/02958343/793a8675d7a5fecd653effc8a32f84f1/r_27",
            "rotation": 0.12566370614359174,
            "transform_matrix": [
                [
                    0.012951628305017948,
                    0.33340883255004883,
                    0.9426934123039246,
                    3.8001184463500977
                ],
                [
                    0.9999161958694458,
                    -0.004318548832088709,
                    -0.012210437096655369,
                    -0.04922184348106384
                ],
                [
                    0.0,
                    0.9427724480628967,
                    -0.3334368169307709,
                    -1.3441267013549805
                ],
                [
                    0.0,
                    0.0,
                    0.0,
                    1.0
                ]
            ]
        },
        {
            "file_path": "/data/shapenet_blender/all_50_random/02958343/793a8675d7a5fecd653effc8a32f84f1/r_28",
            "rotation": 0.12566370614359174,
            "transform_matrix": [
                [
                    -0.9944027662277222,
                    0.0485982745885849,
                    -0.09381455183029175,
                    -0.37817859649658203
                ],
                [
                    -0.10565491020679474,
                    -0.4573971927165985,
                    0.8829636573791504,
                    3.559340476989746
                ],
                [
                    -3.7252896323280993e-09,
                    0.8879336714744568,
                    0.4599716365337372,
                    1.8542051315307617
                ],
                [
                    0.0,
                    0.0,
                    0.0,
                    1.0
                ]
            ]
        },
        {
            "file_path": "/data/shapenet_blender/all_50_random/02958343/793a8675d7a5fecd653effc8a32f84f1/r_29",
            "rotation": 0.12566370614359174,
            "transform_matrix": [
                [
                    0.2319636344909668,
                    -0.7042067050933838,
                    -0.6710333824157715,
                    -2.705022096633911
                ],
                [
                    -0.972724437713623,
                    -0.1679307520389557,
                    -0.16001997888088226,
                    -0.645061194896698
                ],
                [
                    0.0,
                    0.6898493766784668,
                    -0.7239528894424438,
                    -2.9183473587036133
                ],
                [
                    0.0,
                    0.0,
                    0.0,
                    1.0
                ]
            ]
        },
        {
            "file_path": "/data/shapenet_blender/all_50_random/02958343/793a8675d7a5fecd653effc8a32f84f1/r_30",
            "rotation": 0.12566370614359174,
            "transform_matrix": [
                [
                    0.577235996723175,
                    0.40870383381843567,
                    0.7069368362426758,
                    2.8497538566589355
                ],
                [
                    0.8165773153305054,
                    -0.2889114320278168,
                    -0.4997314512729645,
                    -2.014482021331787
                ],
                [
                    -1.4901159417490817e-08,
                    0.8657316565513611,
                    -0.5005083680152893,
                    -2.0176138877868652
                ],
                [
                    0.0,
                    0.0,
                    0.0,
                    1.0
                ]
            ]
        },
        {
            "file_path": "/data/shapenet_blender/all_50_random/02958343/793a8675d7a5fecd653effc8a32f84f1/r_31",
            "rotation": 0.12566370614359174,
            "transform_matrix": [
                [
                    -0.6657616496086121,
                    0.4013211727142334,
                    -0.6290491223335266,
                    -2.535778045654297
                ],
                [
                    -0.7461645603179932,
                    -0.3580768406391144,
                    0.5612659454345703,
                    2.262535333633423
                ],
                [
                    -1.4901162970204496e-08,
                    0.843043327331543,
                    0.5378454923629761,
                    2.1681244373321533
                ],
                [
                    0.0,
                    0.0,
                    0.0,
                    1.0
                ]
            ]
        },
        {
            "file_path": "/data/shapenet_blender/all_50_random/02958343/793a8675d7a5fecd653effc8a32f84f1/r_32",
            "rotation": 0.12566370614359174,
            "transform_matrix": [
                [
                    0.9993463158607483,
                    0.02724599465727806,
                    0.023765746504068375,
                    0.09580279886722565
                ],
                [
                    0.036154601722955704,
                    -0.7531042695045471,
                    -0.6569069623947144,
                    -2.6480770111083984
                ],
                [
                    1.862645371275562e-09,
                    0.6573367714881897,
                    -0.753596842288971,
                    -3.037846326828003
                ],
                [
                    0.0,
                    0.0,
                    0.0,
                    1.0
                ]
            ]
        },
        {
            "file_path": "/data/shapenet_blender/all_50_random/02958343/793a8675d7a5fecd653effc8a32f84f1/r_33",
            "rotation": 0.12566370614359174,
            "transform_matrix": [
                [
                    -0.3498847484588623,
                    -0.06736329197883606,
                    -0.9343675374984741,
                    -3.7665562629699707
                ],
                [
                    -0.9367928504943848,
                    0.025159664452075958,
                    0.3489789366722107,
                    1.406779170036316
                ],
                [
                    1.862645371275562e-09,
                    0.9974111318588257,
                    -0.07190842926502228,
                    -0.2898721694946289
                ],
                [
                    0.0,
                    0.0,
                    0.0,
                    1.0
                ]
            ]
        },
        {
            "file_path": "/data/shapenet_blender/all_50_random/02958343/793a8675d7a5fecd653effc8a32f84f1/r_34",
            "rotation": 0.12566370614359174,
            "transform_matrix": [
                [
                    0.04670219495892525,
                    -0.9575023055076599,
                    0.28461959958076477,
                    1.1473381519317627
                ],
                [
                    0.9989088773727417,
                    0.04476630315184593,
                    -0.013306878507137299,
                    -0.05364173650741577
                ],
                [
                    -9.313224635931761e-10,
                    0.28493058681488037,
                    0.9585482478141785,
                    3.8640310764312744
                ],
                [
                    0.0,
                    0.0,
                    0.0,
                    1.0
                ]
            ]
        },
        {
            "file_path": "/data/shapenet_blender/all_50_random/02958343/793a8675d7a5fecd653effc8a32f84f1/r_35",
            "rotation": 0.12566370614359174,
            "transform_matrix": [
                [
                    0.957064688205719,
                    -0.0010635863291099668,
                    0.2898724377155304,
                    1.168513298034668
                ],
                [
                    0.28987443447113037,
                    0.003511592512950301,
                    -0.9570581316947937,
                    -3.858025074005127
                ],
                [
                    0.0,
                    0.9999933242797852,
                    0.0036691271234303713,
                    0.014790725894272327
                ],
                [
                    0.0,
                    0.0,
                    0.0,
                    1.0
                ]
            ]
        },
        {
            "file_path": "/data/shapenet_blender/all_50_random/02958343/793a8675d7a5fecd653effc8a32f84f1/r_36",
            "rotation": 0.12566370614359174,
            "transform_matrix": [
                [
                    0.2227274775505066,
                    -0.901299238204956,
                    0.37155359983444214,
                    1.4977805614471436
                ],
                [
                    0.9748808145523071,
                    0.20591656863689423,
                    -0.08488749712705612,
                    -0.34219247102737427
                ],
                [
                    -7.450581485102248e-09,
                    0.381127268075943,
                    0.9245224595069885,
                    3.726869583129883
                ],
                [
                    0.0,
                    0.0,
                    0.0,
                    1.0
                ]
            ]
        },
        {
            "file_path": "/data/shapenet_blender/all_50_random/02958343/793a8675d7a5fecd653effc8a32f84f1/r_37",
            "rotation": 0.12566370614359174,
            "transform_matrix": [
                [
                    0.5440607070922852,
                    0.05409795045852661,
                    -0.8373000025749207,
                    -3.3752644062042236
                ],
                [
                    -0.8390459418296814,
                    0.03507861867547035,
                    -0.5429286360740662,
                    -2.188615560531616
                ],
                [
                    0.0,
                    0.9979192614555359,
                    0.06447555124759674,
                    0.2599093019962311
                ],
                [
                    0.0,
                    0.0,
                    0.0,
                    1.0
                ]
            ]
        },
        {
            "file_path": "/data/shapenet_blender/all_50_random/02958343/793a8675d7a5fecd653effc8a32f84f1/r_38",
            "rotation": 0.12566370614359174,
            "transform_matrix": [
                [
                    0.4824914336204529,
                    -0.4710998237133026,
                    0.7384219169616699,
                    2.9766738414764404
                ],
                [
                    0.8759006261825562,
                    0.2595061659812927,
                    -0.4067610204219818,
                    -1.6397061347961426
                ],
                [
                    0.0,
                    0.8430429697036743,
                    0.5378462076187134,
                    2.1681272983551025
                ],
                [
                    0.0,
                    0.0,
                    0.0,
                    1.0
                ]
            ]
        },
        {
            "file_path": "/data/shapenet_blender/all_50_random/02958343/793a8675d7a5fecd653effc8a32f84f1/r_39",
            "rotation": 0.12566370614359174,
            "transform_matrix": [
                [
                    0.5860861539840698,
                    -0.12163209915161133,
                    -0.8010671734809875,
                    -3.2292051315307617
                ],
                [
                    -0.810248851776123,
                    -0.08798148483037949,
                    -0.5794447064399719,
                    -2.3358163833618164
                ],
                [
                    -7.450581485102248e-09,
                    0.9886682629585266,
                    -0.15011698007583618,
                    -0.6051409244537354
                ],
                [
                    0.0,
                    0.0,
                    0.0,
                    1.0
                ]
            ]
        },
        {
            "file_path": "/data/shapenet_blender/all_50_random/02958343/793a8675d7a5fecd653effc8a32f84f1/r_40",
            "rotation": 0.12566370614359174,
            "transform_matrix": [
                [
                    -0.27940133213996887,
                    0.518731951713562,
                    -0.8079925179481506,
                    -3.257122278213501
                ],
                [
                    -0.9601745009422302,
                    -0.15094590187072754,
                    0.23511788249015808,
                    0.9477905631065369
                ],
                [
                    0.0,
                    0.8415061235427856,
                    0.5402475595474243,
                    2.1778078079223633
                ],
                [
                    0.0,
                    0.0,
                    0.0,
                    1.0
                ]
            ]
        },
        {
            "file_path": "/data/shapenet_blender/all_50_random/02958343/793a8675d7a5fecd653effc8a32f84f1/r_41",
            "rotation": 0.12566370614359174,
            "transform_matrix": [
                [
                    -0.9997801184654236,
                    -0.01013836171478033,
                    0.018352778628468513,
                    0.07398241758346558
                ],
                [
                    0.020966898649930954,
                    -0.4834350049495697,
                    0.8751291036605835,
                    3.5277583599090576
                ],
                [
