{
    "class": "02958343",
    "model": "5f742b43bd5884c6a352068a7fd7afee",
    "remove_doubles": true,
    "edge_split": true,
    "denoise": true,
    "camera_angle_x": 0.6911112070083618,
    "scale_factor": 2.191550289272554,
    "hdri_file": "/data/IndoorHDRDataset2018/AG8A1596-ac1f53bc32.exr",
    "center_offset": [
        0.0,
        0.0,
        1.1641532182693481e-09
    ],
    "lights": [],
    "frames": [
        {
            "file_path": "/data/shapenet_blender/all_50_random/02958343/5f742b43bd5884c6a352068a7fd7afee/r_0",
            "rotation": 0.12566370614359174,
            "transform_matrix": [
                [
                    -0.7020313739776611,
                    0.07894542068243027,
                    -0.7077566385269165,
                    -2.8530585765838623
                ],
                [
                    -0.7121460437774658,
                    -0.07782416045665741,
                    0.6977043747901917,
                    2.8125364780426025
                ],
                [
                    -3.725290298461914e-09,
                    0.9938364624977112,
                    0.11085566878318787,
                    0.4468735158443451
                ],
                [
                    0.0,
                    0.0,
                    0.0,
                    1.0
                ]
            ]
        },
        {
            "file_path": "/data/shapenet_blender/all_50_random/02958343/5f742b43bd5884c6a352068a7fd7afee/r_1",
            "rotation": 0.12566370614359174,
            "transform_matrix": [
                [
                    -0.9992690086364746,
                    -0.02826518937945366,
                    -0.02574196830391884,
                    -0.10376918315887451
                ],
                [
                    -0.03823048621416092,
                    0.7387959361076355,
                    0.6728439927101135,
                    2.712320566177368
                ],
                [
                    0.0,
                    0.6733360886573792,
                    -0.7393364906311035,
                    -2.980360269546509
                ],
                [
                    0.0,
                    0.0,
                    0.0,
                    1.0
                ]
            ]
        },
        {
            "file_path": "/data/shapenet_blender/all_50_random/02958343/5f742b43bd5884c6a352068a7fd7afee/r_2",
            "rotation": 0.12566370614359174,
            "transform_matrix": [
                [
                    -0.7396631836891174,
                    0.19511213898658752,
                    -0.6440725326538086,
                    -2.596339702606201
                ],
                [
                    -0.6729771494865417,
                    -0.21444600820541382,
                    0.7078943848609924,
                    2.85361385345459
                ],
                [
                    0.0,
                    0.9570497274398804,
                    0.2899237871170044,
                    1.1687202453613281
                ],
                [
                    0.0,
                    0.0,
                    0.0,
                    1.0
                ]
            ]
        },
        {
            "file_path": "/data/shapenet_blender/all_50_random/02958343/5f742b43bd5884c6a352068a7fd7afee/r_3",
            "rotation": 0.12566370614359174,
            "transform_matrix": [
                [
                    0.9834126830101013,
                    0.1637946516275406,
                    0.07791509479284286,
                    0.31408578157424927
                ],
                [
                    0.18138204514980316,
                    -0.8880577087402344,
                    -0.4224380850791931,
                    -1.7029024362564087
                ],
                [
                    0.0,
                    0.42956340312957764,
                    -0.9030367136001587,
                    -3.6402573585510254
                ],
                [
                    0.0,
                    0.0,
                    0.0,
                    1.0
                ]
            ]
        },
        {
            "file_path": "/data/shapenet_blender/all_50_random/02958343/5f742b43bd5884c6a352068a7fd7afee/r_4",
            "rotation": 0.12566370614359174,
            "transform_matrix": [
                [
                    -0.5997902750968933,
                    0.09625306725502014,
                    0.794346809387207,
                    3.2021145820617676
                ],
                [
                    0.8001572489738464,
                    0.07215038686990738,
                    0.595434844493866,
                    2.4002747535705566
                ],
                [
                    0.0,
                    0.9927384257316589,
                    -0.12029269337654114,
                    -0.4849153757095337
                ],
                [
                    0.0,
                    0.0,
                    0.0,
                    1.0
                ]
            ]
        },
        {
            "file_path": "/data/shapenet_blender/all_50_random/02958343/5f742b43bd5884c6a352068a7fd7afee/r_5",
            "rotation": 0.12566370614359174,
            "transform_matrix": [
                [
                    0.23081068694591522,
                    -0.04979662224650383,
                    0.9717235565185547,
                    3.917142868041992
                ],
                [
                    0.9729986190795898,
                    0.011812547221779823,
                    -0.2305082231760025,
                    -0.9292083978652954
                ],
                [
                    9.313225191043273e-10,
                    0.9986895322799683,
                    0.05117850378155708,
                    0.20630714297294617
                ],
                [
                    0.0,
                    0.0,
                    0.0,
                    1.0
                ]
            ]
        },
        {
            "file_path": "/data/shapenet_blender/all_50_random/02958343/5f742b43bd5884c6a352068a7fd7afee/r_6",
            "rotation": 0.12566370614359174,
            "transform_matrix": [
                [
                    -0.9456990957260132,
                    0.09087036550045013,
                    0.3120831251144409,
                    1.258047342300415
                ],
                [
                    0.32504352927207947,
                    0.26438310742378235,
                    0.907991349697113,
                    3.6602301597595215
                ],
                [
                    -7.450580596923828e-09,
                    0.960127055644989,
                    -0.27956369519233704,
                    -1.1269572973251343
                ],
                [
                    0.0,
                    0.0,
                    0.0,
                    1.0
                ]
            ]
        },
        {
            "file_path": "/data/shapenet_blender/all_50_random/02958343/5f742b43bd5884c6a352068a7fd7afee/r_7",
            "rotation": 0.12566370614359174,
            "transform_matrix": [
                [
                    -0.2081833779811859,
                    0.43044543266296387,
                    0.8782803416252136,
                    3.5404610633850098
                ],
                [
                    0.9780896902084351,
                    0.09161899238824844,
                    0.1869392693042755,
                    0.7535762786865234
                ],
                [
                    -7.450578820566989e-09,
                    0.8979547023773193,
                    -0.4400879144668579,
                    -1.7740510702133179
                ],
                [
                    0.0,
                    0.0,
                    0.0,
                    1.0
                ]
            ]
        },
        {
            "file_path": "/data/shapenet_blender/all_50_random/02958343/5f742b43bd5884c6a352068a7fd7afee/r_8",
            "rotation": 0.12566370614359174,
            "transform_matrix": [
                [
                    0.17163139581680298,
                    -0.43782398104667664,
                    -0.8825263977050781,
                    -3.557577610015869
                ],
                [
                    -0.985161304473877,
                    -0.07627618312835693,
                    -0.1537507027387619,
                    -0.6197888851165771
                ],
                [
                    0.0,
                    0.8958192467689514,
                    -0.4444185793399811,
                    -1.7915085554122925
                ],
                [
                    0.0,
                    0.0,
                    0.0,
                    1.0
                ]
            ]
        },
        {
            "file_path": "/data/shapenet_blender/all_50_random/02958343/5f742b43bd5884c6a352068a7fd7afee/r_9",
            "rotation": 0.12566370614359174,
            "transform_matrix": [
                [
                    0.17740215361118317,
                    0.8325690627098083,
                    0.5247447490692139,
                    2.115313768386841
                ],
                [
                    0.9841384291648865,
                    -0.15008005499839783,
                    -0.09459121525287628,
                    -0.3813093900680542
                ],
                [
                    7.450580596923828e-09,
                    0.5332021117210388,
                    -0.845987856388092,
                    -3.4102861881256104
                ],
                [
                    0.0,
                    0.0,
                    0.0,
                    1.0
                ]
            ]
        },
        {
            "file_path": "/data/shapenet_blender/all_50_random/02958343/5f742b43bd5884c6a352068a7fd7afee/r_10",
            "rotation": 0.12566370614359174,
            "transform_matrix": [
                [
                    -0.6664730310440063,
                    0.3286536633968353,
                    -0.66917884349823,
                    -2.6975464820861816
                ],
                [
                    -0.7455291748046875,
                    -0.2938031256198883,
                    0.5982189178466797,
                    2.4114978313446045
                ],
                [
                    0.0,
                    0.8975891470909119,
                    0.4408327341079712,
                    1.777053713798523
                ],
                [
                    0.0,
                    0.0,
                    0.0,
                    1.0
                ]
            ]
        },
        {
            "file_path": "/data/shapenet_blender/all_50_random/02958343/5f742b43bd5884c6a352068a7fd7afee/r_11",
            "rotation": 0.12566370614359174,
            "transform_matrix": [
                [
                    0.3565787672996521,
                    0.03206444904208183,
                    -0.9337148070335388,
                    -3.763925075531006
                ],
                [
                    -0.9342652559280396,
                    0.012237961404025555,
                    -0.35636869072914124,
                    -1.436568260192871
                ],
                [
                    0.0,
                    0.99941086769104,
                    0.034320492297410965,
                    0.13835033774375916
                ],
                [
                    0.0,
                    0.0,
                    0.0,
                    1.0
                ]
            ]
        },
        {
            "file_path": "/data/shapenet_blender/all_50_random/02958343/5f742b43bd5884c6a352068a7fd7afee/r_12",
            "rotation": 0.12566370614359174,
            "transform_matrix": [
                [
                    0.7868573069572449,
                    -0.6099035143852234,
                    -0.09419861435890198,
                    -0.3797267973423004
                ],
                [
                    -0.6171350479125977,
                    -0.7776370048522949,
                    -0.12010478228330612,
                    -0.48415789008140564
                ],
                [
                    0.0,
                    0.15263836085796356,
                    -0.9882820248603821,
                    -3.9838924407958984
                ],
                [
                    0.0,
                    0.0,
                    0.0,
                    1.0
                ]
            ]
        },
        {
            "file_path": "/data/shapenet_blender/all_50_random/02958343/5f742b43bd5884c6a352068a7fd7afee/r_13",
            "rotation": 0.12566370614359174,
            "transform_matrix": [
                [
                    0.37167760729789734,
                    0.4838399291038513,
                    0.7923097014427185,
                    3.1939024925231934
                ],
                [
                    0.9283619523048401,
                    -0.19370943307876587,
                    -0.3172079622745514,
                    -1.2787061929702759
                ],
                [
                    -1.4901162970204496e-08,
                    0.8534491062164307,
                    -0.5211760401725769,
                    -2.1009278297424316
                ],
                [
                    0.0,
                    0.0,
                    0.0,
                    1.0
                ]
            ]
        },
        {
            "file_path": "/data/shapenet_blender/all_50_random/02958343/5f742b43bd5884c6a352068a7fd7afee/r_14",
            "rotation": 0.12566370614359174,
            "transform_matrix": [
                [
                    -0.9628524780273438,
                    -0.10136421769857407,
                    -0.25028085708618164,
                    -1.0089143514633179
                ],
                [
                    -0.2700282037258148,
                    0.3614392578601837,
                    0.8924384713172913,
                    3.597534656524658
                ],
                [
                    0.0,
                    0.9268693923950195,
                    -0.3753838837146759,
                    -1.5132207870483398
                ],
                [
                    0.0,
                    0.0,
                    0.0,
                    1.0
                ]
            ]
        },
        {
            "file_path": "/data/shapenet_blender/all_50_random/02958343/5f742b43bd5884c6a352068a7fd7afee/r_15",
            "rotation": 0.12566370614359174,
            "transform_matrix": [
                [
                    0.9635987281799316,
                    0.026551302522420883,
                    -0.2660309374332428,
                    -1.0724048614501953
                ],
                [
                    -0.2673525810241699,
                    0.0956968441605568,
                    -0.9588351249694824,
                    -3.865187644958496
                ],
                [
                    0.0,
                    0.9950564503669739,
                    0.09931192547082901,
                    0.40033912658691406
                ],
                [
                    0.0,
                    0.0,
                    0.0,
                    1.0
                ]
            ]
        },
        {
            "file_path": "/data/shapenet_blender/all_50_random/02958343/5f742b43bd5884c6a352068a7fd7afee/r_16",
            "rotation": 0.12566370614359174,
            "transform_matrix": [
                [
                    -0.9999661445617676,
                    -0.0011269449023529887,
                    0.008151247166097164,
                    0.03285872936248779
                ],
                [
                    0.008228780701756477,
                    -0.13694697618484497,
                    0.9905441999435425,
                    3.993011474609375
                ],
                [
                    0.0,
                    0.9905776381492615,
                    0.13695164024829865,
                    0.5520697236061096
                ],
                [
                    0.0,
                    0.0,
                    0.0,
                    1.0
                ]
            ]
        },
        {
            "file_path": "/data/shapenet_blender/all_50_random/02958343/5f742b43bd5884c6a352068a7fd7afee/r_17",
            "rotation": 0.12566370614359174,
            "transform_matrix": [
                [
                    0.7707496881484985,
                    0.518116295337677,
                    -0.3708105683326721,
                    -1.494785189628601
                ],
                [
                    -0.6371380686759949,
                    0.6267683506011963,
                    -0.44857171177864075,
                    -1.8082504272460938
                ],
                [
                    1.4901161193847656e-08,
                    0.5819939374923706,
                    0.8131930828094482,
                    3.2780861854553223
                ],
                [
                    0.0,
                    0.0,
                    0.0,
                    1.0
                ]
            ]
        },
        {
            "file_path": "/data/shapenet_blender/all_50_random/02958343/5f742b43bd5884c6a352068a7fd7afee/r_18",
            "rotation": 0.12566370614359174,
            "transform_matrix": [
                [
                    0.8882289528846741,
                    0.002578185871243477,
                    -0.4593936800956726,
                    -1.8518750667572021
                ],
                [
                    -0.45940083265304565,
                    0.004984795115888119,
                    -0.8882150650024414,
                    -3.5805091857910156
                ],
                [
                    -2.328306020205062e-10,
                    0.9999842643737793,
                    0.005612061358988285,
                    0.02262294292449951
                ],
                [
                    0.0,
                    0.0,
                    0.0,
                    1.0
                ]
            ]
        },
        {
            "file_path": "/data/shapenet_blender/all_50_random/02958343/5f742b43bd5884c6a352068a7fd7afee/r_19",
            "rotation": 0.12566370614359174,
            "transform_matrix": [
                [
                    -0.2587699890136719,
                    0.11516125500202179,
                    0.9590494632720947,
                    3.8660521507263184
                ],
                [
                    0.9659389853477478,
                    0.030851097777485847,
                    0.2569243311882019,
                    1.0356950759887695
                ],
                [
                    0.0,
                    0.992867648601532,
                    -0.11922206729650497,
                    -0.4805995225906372
                ],
                [
                    0.0,
                    0.0,
                    0.0,
                    1.0
                ]
            ]
        },
        {
            "file_path": "/data/shapenet_blender/all_50_random/02958343/5f742b43bd5884c6a352068a7fd7afee/r_20",
            "rotation": 0.12566370614359174,
            "transform_matrix": [
                [
                    0.3269524872303009,
                    -0.02571708709001541,
                    -0.9446907639503479,
                    -3.8081703186035156
                ],
                [
                    -0.945040762424469,
                    -0.008897250518202782,
                    -0.3268314003944397,
                    -1.3174995183944702
                ],
                [
                    9.313225746154785e-10,
                    0.9996296167373657,
                    -0.02721267193555832,
                    -0.10969778895378113
                ],
                [
                    0.0,
                    0.0,
                    0.0,
                    1.0
                ]
            ]
        },
        {
            "file_path": "/data/shapenet_blender/all_50_random/02958343/5f742b43bd5884c6a352068a7fd7afee/r_21",
            "rotation": 0.12566370614359174,
            "transform_matrix": [
                [
                    0.22287385165691376,
                    -0.5298862457275391,
                    -0.8182589411735535,
                    -3.2985074520111084
                ],
                [
                    -0.9748472571372986,
                    -0.12114492058753967,
                    -0.1870739459991455,
                    -0.7541192770004272
                ],
                [
                    0.0,
                    0.8393714427947998,
                    -0.5435582399368286,
                    -2.1911535263061523
                ],
                [
                    0.0,
                    0.0,
                    0.0,
                    1.0
                ]
            ]
        },
        {
            "file_path": "/data/shapenet_blender/all_50_random/02958343/5f742b43bd5884c6a352068a7fd7afee/r_22",
            "rotation": 0.12566370614359174,
            "transform_matrix": [
                [
                    -0.2683846056461334,
                    -0.08518663793802261,
                    0.9595378637313843,
                    3.86802077293396
                ],
                [
                    0.9633119106292725,
                    -0.02373351901769638,
                    0.26733314990997314,
                    1.0776543617248535
                ],
                [
                    -1.862645371275562e-09,
                    0.9960821866989136,
                    0.08843100816011429,
                    0.3564767837524414
                ],
                [
                    0.0,
                    0.0,
                    0.0,
                    1.0
                ]
            ]
        },
        {
            "file_path": "/data/shapenet_blender/all_50_random/02958343/5f742b43bd5884c6a352068a7fd7afee/r_23",
            "rotation": 0.12566370614359174,
            "transform_matrix": [
                [
                    0.49351221323013306,
                    -0.15602841973304749,
                    0.8556287884712219,
                    3.449150323867798
                ],
                [
                    0.8697388172149658,
                    0.08853454142808914,
                    -0.4855058193206787,
                    -1.957136631011963
                ],
                [
                    7.450580596923828e-09,
                    0.9837766885757446,
                    0.1793968677520752,
                    0.7231719493865967
                ],
                [
                    0.0,
                    0.0,
                    0.0,
                    1.0
                ]
            ]
        },
        {
            "file_path": "/data/shapenet_blender/all_50_random/02958343/5f742b43bd5884c6a352068a7fd7afee/r_24",
            "rotation": 0.12566370614359174,
            "transform_matrix": [
                [
                    0.5594972372055054,
                    0.14783455431461334,
                    -0.8155413866043091,
                    -3.2875523567199707
                ],
                [
                    -0.82883220911026,
                    0.0997946634888649,
                    -0.5505253672599792,
                    -2.219238758087158
                ],
                [
                    0.0,
                    0.9839643836021423,
                    0.17836487293243408,
                    0.7190117835998535
                ],
                [
                    0.0,
                    0.0,
                    0.0,
                    1.0
                ]
            ]
        },
        {
            "file_path": "/data/shapenet_blender/all_50_random/02958343/5f742b43bd5884c6a352068a7fd7afee/r_25",
            "rotation": 0.12566370614359174,
            "transform_matrix": [
                [
                    -0.14817097783088684,
                    0.012218233197927475,
                    0.988886296749115,
                    3.986328125
                ],
                [
                    0.9889617562294006,
                    0.0018305941484868526,
                    0.1481596678495407,
                    0.5972506999969482
                ],
                [
                    -1.1641530794914701e-10,
                    0.9999237060546875,
                    -0.01235460676252842,
                    -0.04980301111936569
                ],
                [
                    0.0,
                    0.0,
                    0.0,
                    1.0
                ]
            ]
        },
        {
            "file_path": "/data/shapenet_blender/all_50_random/02958343/5f742b43bd5884c6a352068a7fd7afee/r_26",
            "rotation": 0.12566370614359174,
            "transform_matrix": [
                [
                    -0.7592941522598267,
                    -0.56484055519104,
                    -0.3231523334980011,
                    -1.3026686906814575
                ],
                [
                    -0.6507474780082703,
                    0.6590576767921448,
                    0.3770551085472107,
                    1.5199577808380127
                ],
                [
                    0.0,
                    0.4965863823890686,
                    -0.867987334728241,
                    -3.4989688396453857
                ],
                [
                    0.0,
                    0.0,
                    0.0,
                    1.0
                ]
            ]
        },
        {
            "file_path": "/data/shapenet_blender/all_50_random/02958343/5f742b43bd5884c6a352068a7fd7afee/r_27",
            "rotation": 0.12566370614359174,
            "transform_matrix": [
                [
                    0.7450338006019592,
                    0.5690261125564575,
                    -0.3480428457260132,
                    -1.403005599975586
                ],
                [
                    -0.6670267581939697,
                    0.6355722546577454,
                    -0.38874557614326477,
                    -1.5670835971832275
                ],
                [
                    -1.4901162970204496e-08,
                    0.5217824578285217,
                    0.8530785441398621,
                    3.4388697147369385
                ],
                [
                    0.0,
                    0.0,
                    0.0,
                    1.0
                ]
            ]
        },
        {
            "file_path": "/data/shapenet_blender/all_50_random/02958343/5f742b43bd5884c6a352068a7fd7afee/r_28",
            "rotation": 0.12566370614359174,
            "transform_matrix": [
                [
                    -0.4154841899871826,
                    -0.7776603698730469,
                    0.4718232750892639,
                    1.9019806385040283
                ],
                [
                    0.9096004366874695,
                    -0.3552170693874359,
                    0.2155178338289261,
                    0.868780255317688
                ],
                [
                    0.0,
                    0.5187148451805115,
                    0.8549471497535706,
                    3.4464025497436523
                ],
                [
                    0.0,
                    0.0,
                    0.0,
                    1.0
                ]
            ]
        },
        {
            "file_path": "/data/shapenet_blender/all_50_random/02958343/5f742b43bd5884c6a352068a7fd7afee/r_29",
            "rotation": 0.12566370614359174,
            "transform_matrix": [
                [
                    -0.655436098575592,
                    -0.030820660293102264,
                    -0.7546215057373047,
                    -3.0419766902923584
                ],
                [
                    -0.7552506327629089,
                    0.02674737572669983,
                    0.6548900604248047,
                    2.639946222305298
                ],
                [
                    0.0,
                    0.9991670250892639,
                    -0.04080851376056671,
                    -0.16450437903404236
                ],
                [
                    0.0,
                    0.0,
                    0.0,
                    1.0
                ]
            ]
        },
        {
            "file_path": "/data/shapenet_blender/all_50_random/02958343/5f742b43bd5884c6a352068a7fd7afee/r_30",
            "rotation": 0.12566370614359174,
            "transform_matrix": [
                [
                    -0.015120821073651314,
                    -0.017880121245980263,
                    -0.9997258186340332,
                    -4.030023574829102
                ],
                [
                    -0.9998857378959656,
                    0.0002703930076677352,
                    0.015118402428925037,
                    0.06094422936439514
                ],
                [
                    0.0,
                    0.9998400807380676,
                    -0.01788216643035412,
                    -0.07208532094955444
                ],
                [
                    0.0,
                    0.0,
                    0.0,
                    1.0
                ]
            ]
        },
        {
            "file_path": "/data/shapenet_blender/all_50_random/02958343/5f742b43bd5884c6a352068a7fd7afee/r_31",
            "rotation": 0.12566370614359174,
            "transform_matrix": [
                [
                    -0.18179602921009064,
                    0.7866193652153015,
                    0.5900678634643555,
                    2.3786399364471436
                ],
                [
                    0.983336329460144,
                    0.1454276293516159,
                    0.10908983647823334,
                    0.43975523114204407
                ],
                [
                    0.0,
                    0.6000673174858093,
                    -0.7999494671821594,
                    -3.2246997356414795
                ],
                [
                    0.0,
                    0.0,
                    0.0,
                    1.0
                ]
            ]
        },
        {
            "file_path": "/data/shapenet_blender/all_50_random/02958343/5f742b43bd5884c6a352068a7fd7afee/r_32",
            "rotation": 0.12566370614359174,
            "transform_matrix": [
                [
                    0.39977478981018066,
                    -0.04067734256386757,
                    -0.9157103896141052,
                    -3.6913466453552246
                ],
                [
                    -0.9166134595870972,
                    -0.01774114929139614,
                    -0.3993809223175049,
                    -1.6099560260772705
                ],
                [
                    0.0,
                    0.9990148544311523,
                    -0.04437785968184471,
                    -0.17889288067817688
                ],
                [
                    0.0,
                    0.0,
                    0.0,
                    1.0
                ]
            ]
        },
        {
            "file_path": "/data/shapenet_blender/all_50_random/02958343/5f742b43bd5884c6a352068a7fd7afee/r_33",
            "rotation": 0.12566370614359174,
            "transform_matrix": [
                [
                    -0.4418517053127289,
                    0.06970060616731644,
                    0.8943761587142944,
                    3.6053459644317627
                ],
                [
                    0.8970881700515747,
                    0.034330327063798904,
                    0.44051593542099,
                    1.7757766246795654
                ],
                [
                    1.862645371275562e-09,
                    0.9969770312309265,
                    -0.07769648730754852,
                    -0.3132045865058899
                ],
                [
                    0.0,
                    0.0,
                    0.0,
                    1.0
                ]
            ]
        },
        {
            "file_path": "/data/shapenet_blender/all_50_random/02958343/5f742b43bd5884c6a352068a7fd7afee/r_34",
            "rotation": 0.12566370614359174,
            "transform_matrix": [
                [
                    -0.9920745491981506,
                    -0.12541621923446655,
                    -0.007683726027607918,
                    -0.030974090099334717
                ],
                [
                    -0.12565140426158905,
                    0.9902177453041077,
                    0.060666486620903015,
                    0.24455443024635315
                ],
                [
                    0.0,
                    0.06115039438009262,
                    -0.9981285333633423,
                    -4.023584842681885
                ],
                [
                    0.0,
                    0.0,
                    0.0,
                    1.0
                ]
            ]
        },
        {
            "file_path": "/data/shapenet_blender/all_50_random/02958343/5f742b43bd5884c6a352068a7fd7afee/r_35",
            "rotation": 0.12566370614359174,
            "transform_matrix": [
                [
                    -0.1119789257645607,
                    -0.4711636006832123,
                    -0.8749088048934937,
                    -3.5268702507019043
                ],
                [
                    -0.9937105774879456,
                    0.053094327449798584,
                    0.09859143197536469,
                    0.3974347710609436
                ],
                [
                    0.0,
                    0.8804463148117065,
                    -0.4741457402706146,
                    -1.9113426208496094
                ],
                [
                    0.0,
                    0.0,
                    0.0,
                    1.0
                ]
            ]
        },
        {
            "file_path": "/data/shapenet_blender/all_50_random/02958343/5f742b43bd5884c6a352068a7fd7afee/r_36",
            "rotation": 0.12566370614359174,
            "transform_matrix": [
                [
                    -0.2614043951034546,
                    -0.06816107779741287,
                    -0.9628196954727173,
                    -3.8812503814697266
                ],
                [
                    -0.9652293920516968,
                    0.01845945231616497,
                    0.2607518136501312,
                    1.0511242151260376
                ],
                [
                    -1.862645149230957e-09,
                    0.9975035190582275,
                    -0.0706164538860321,
                    -0.2846640348434448
                ],
                [
                    0.0,
                    0.0,
                    0.0,
                    1.0
                ]
            ]
        },
        {
            "file_path": "/data/shapenet_blender/all_50_random/02958343/5f742b43bd5884c6a352068a7fd7afee/r_37",
            "rotation": 0.12566370614359174,
            "transform_matrix": [
                [
                    0.6976496577262878,
                    0.4691082537174225,
                    -0.5415000319480896,
                    -2.182856798171997
                ],
                [
                    -0.7164390683174133,
                    0.45680540800094604,
                    -0.527298629283905,
                    -2.1256089210510254
                ],
                [
                    0.0,
                    0.7558215856552124,
                    0.6547775268554688,
                    2.639492988586426
                ],
                [
                    0.0,
                    0.0,
                    0.0,
                    1.0
                ]
            ]
        },
        {
            "file_path": "/data/shapenet_blender/all_50_random/02958343/5f742b43bd5884c6a352068a7fd7afee/r_38",
            "rotation": 0.12566370614359174,
            "transform_matrix": [
                [
                    -0.06647283583879471,
                    -0.17167145013809204,
                    -0.9829090237617493,
                    -3.962233304977417
                ],
                [
                    -0.9977883100509644,
                    0.011436783708631992,
                    0.06548157334327698,
                    0.2639646828174591
                ],
                [
                    9.313225746154785e-10,
                    0.9850878715515137,
                    -0.17205198109149933,
                    -0.6935637593269348
                ],
                [
                    0.0,
                    0.0,
                    0.0,
                    1.0
                ]
            ]
        },
        {
            "file_path": "/data/shapenet_blender/all_50_random/02958343/5f742b43bd5884c6a352068a7fd7afee/r_39",
            "rotation": 0.12566370614359174,
            "transform_matrix": [
                [
                    -0.3186793327331543,
                    -0.38947784900665283,
                    -0.8641473650932312,
                    -3.4834890365600586
                ],
                [
                    -0.9478625655174255,
                    0.13094571232795715,
                    0.29053357243537903,
                    1.1711782217025757
                ],
                [
                    0.0,
                    0.9116798639297485,
                    -0.4109012186527252,
                    -1.6563955545425415
                ],
                [
                    0.0,
                    0.0,
                    0.0,
                    1.0
                ]
            ]
        },
        {
            "file_path": "/data/shapenet_blender/all_50_random/02958343/5f742b43bd5884c6a352068a7fd7afee/r_40",
            "rotation": 0.12566370614359174,
            "transform_matrix": [
                [
                    0.2791459560394287,
                    0.3483126163482666,
                    -0.8948496580123901,
                    -3.6072542667388916
                ],
                [
                    -0.9602486491203308,
                    0.10125509649515152,
                    -0.26013436913490295,
                    -1.0486351251602173
                ],
                [
                    7.450580152834618e-09,
                    0.9318936467170715,
                    0.3627316653728485,
                    1.462218165397644
                ],
                [
                    0.0,
                    0.0,
                    0.0,
                    1.0
                ]
            ]
        },
        {
            "file_path": "/data/shapenet_blender/all_50_random/02958343/5f742b43bd5884c6a352068a7fd7afee/r_41",
            "rotation": 0.12566370614359174,
            "transform_matrix": [
                [
                    -0.09924258291721344,
                    0.6664785742759705,
                    0.7388891577720642,
                    2.978557586669922
                ],
                [
                    0.995063304901123,
                    0.06647120416164398,
                    0.07369307428598404,
                    0.29706627130508423
                ],
                [
                    3.725290298461914e-09,
