{
    "class": "02958343",
    "model": "5823e5205bc7eb46cebc874b6631de1",
    "remove_doubles": true,
    "edge_split": true,
    "denoise": true,
    "camera_angle_x": 0.6911112070083618,
    "scale_factor": 2.3313990256803554,
    "hdri_file": "/data/IndoorHDRDataset2018/9C4A6604-67906a8cfd.exr",
    "center_offset": [
        0.0,
        0.0,
        3.725290298461914e-09
    ],
    "lights": [],
    "frames": [
        {
            "file_path": "/data/shapenet_blender/all_50_random/02958343/5823e5205bc7eb46cebc874b6631de1/r_0",
            "rotation": 0.12566370614359174,
            "transform_matrix": [
                [
                    -0.9068284630775452,
                    -0.20309485495090485,
                    0.36934342980384827,
                    1.4888709783554077
                ],
                [
                    0.4214998185634613,
                    -0.4369449019432068,
                    0.7946175336837769,
                    3.2032058238983154
                ],
                [
                    0.0,
                    0.8762600421905518,
                    0.48183852434158325,
                    1.9423532485961914
                ],
                [
                    0.0,
                    0.0,
                    0.0,
                    1.0
                ]
            ]
        },
        {
            "file_path": "/data/shapenet_blender/all_50_random/02958343/5823e5205bc7eb46cebc874b6631de1/r_1",
            "rotation": 0.12566370614359174,
            "transform_matrix": [
                [
                    -0.2146718055009842,
                    -0.23674598336219788,
                    0.9475586414337158,
                    3.8197309970855713
                ],
                [
                    0.9766861796379089,
                    -0.05203584209084511,
                    0.20826970040798187,
                    0.8395619988441467
                ],
                [
                    -3.7252896323280993e-09,
                    0.970177173614502,
                    0.24239715933799744,
                    0.9771342277526855
                ],
                [
                    0.0,
                    0.0,
                    0.0,
                    1.0
                ]
            ]
        },
        {
            "file_path": "/data/shapenet_blender/all_50_random/02958343/5823e5205bc7eb46cebc874b6631de1/r_2",
            "rotation": 0.12566370614359174,
            "transform_matrix": [
                [
                    0.722754180431366,
                    -0.49728885293006897,
                    0.4799271821975708,
                    1.9346483945846558
                ],
                [
                    0.6911051273345947,
                    0.5200621485710144,
                    -0.5019053816795349,
                    -2.023245334625244
                ],
                [
                    -1.4901161193847656e-08,
                    0.6944343447685242,
                    0.7195560336112976,
                    2.900623083114624
                ],
                [
                    0.0,
                    0.0,
                    0.0,
                    1.0
                ]
            ]
        },
        {
            "file_path": "/data/shapenet_blender/all_50_random/02958343/5823e5205bc7eb46cebc874b6631de1/r_3",
            "rotation": 0.12566370614359174,
            "transform_matrix": [
                [
                    0.7397708892822266,
                    -0.5748400092124939,
                    -0.3497113883495331,
                    -1.4097318649291992
                ],
                [
                    -0.6728589534759521,
                    -0.6320044994354248,
                    -0.38448816537857056,
                    -1.5499215126037598
                ],
                [
                    1.4901161193847656e-08,
                    0.5197395086288452,
                    -0.8543246984481812,
                    -3.4438931941986084
                ],
                [
                    0.0,
                    0.0,
                    0.0,
                    1.0
                ]
            ]
        },
        {
            "file_path": "/data/shapenet_blender/all_50_random/02958343/5823e5205bc7eb46cebc874b6631de1/r_4",
            "rotation": 0.12566370614359174,
            "transform_matrix": [
                [
                    0.9767144322395325,
                    0.11218118667602539,
                    0.18287743628025055,
                    0.737202525138855
                ],
                [
                    0.2145431637763977,
                    -0.5107083320617676,
                    -0.8325552344322205,
                    -3.35613751411438
                ],
                [
                    -7.450580152834618e-09,
                    0.8524039387702942,
                    -0.5228838920593262,
                    -2.1078124046325684
                ],
                [
                    0.0,
                    0.0,
                    0.0,
                    1.0
                ]
            ]
        },
        {
            "file_path": "/data/shapenet_blender/all_50_random/02958343/5823e5205bc7eb46cebc874b6631de1/r_5",
            "rotation": 0.12566370614359174,
            "transform_matrix": [
                [
                    -0.44450435042381287,
                    0.019798384979367256,
                    -0.8955578804016113,
                    -3.610109329223633
                ],
                [
                    -0.8957766890525818,
                    -0.009824398905038834,
                    0.4443957507610321,
                    1.7914165258407593
                ],
                [
                    0.0,
                    0.9997557401657104,
                    0.02210191823542118,
                    0.08909568190574646
                ],
                [
                    0.0,
                    0.0,
                    0.0,
                    1.0
                ]
            ]
        },
        {
            "file_path": "/data/shapenet_blender/all_50_random/02958343/5823e5205bc7eb46cebc874b6631de1/r_6",
            "rotation": 0.12566370614359174,
            "transform_matrix": [
                [
                    -0.7768552303314209,
                    0.4707261323928833,
                    -0.41822582483291626,
                    -1.6859222650527954
                ],
                [
                    -0.629679262638092,
                    -0.5807496905326843,
                    0.5159784555435181,
                    2.0799756050109863
                ],
                [
                    1.4901161193847656e-08,
                    0.6641886234283447,
                    0.747564971446991,
                    3.013530731201172
                ],
                [
                    0.0,
                    0.0,
                    0.0,
                    1.0
                ]
            ]
        },
        {
            "file_path": "/data/shapenet_blender/all_50_random/02958343/5823e5205bc7eb46cebc874b6631de1/r_7",
            "rotation": 0.12566370614359174,
            "transform_matrix": [
                [
                    0.7877271771430969,
                    0.1189819723367691,
                    -0.6044245362281799,
                    -2.4365134239196777
                ],
                [
                    -0.6160241365432739,
                    0.15214554965496063,
                    -0.7728944420814514,
                    -3.1156373023986816
                ],
                [
                    0.0,
                    0.9811702370643616,
                    0.19314494729042053,
                    0.7785922288894653
                ],
                [
                    0.0,
                    0.0,
                    0.0,
                    1.0
                ]
            ]
        },
        {
            "file_path": "/data/shapenet_blender/all_50_random/02958343/5823e5205bc7eb46cebc874b6631de1/r_8",
            "rotation": 0.12566370614359174,
            "transform_matrix": [
                [
                    -0.11341466009616852,
                    0.8352227210998535,
                    0.5380895137786865,
                    2.1691081523895264
                ],
                [
                    0.9935477375984192,
                    0.09534167498350143,
                    0.061423562467098236,
                    0.2476063072681427
                ],
                [
                    0.0,
                    0.5415839552879333,
                    -0.8406466841697693,
                    -3.3887550830841064
                ],
                [
                    0.0,
                    0.0,
                    0.0,
                    1.0
                ]
            ]
        },
        {
            "file_path": "/data/shapenet_blender/all_50_random/02958343/5823e5205bc7eb46cebc874b6631de1/r_9",
            "rotation": 0.12566370614359174,
            "transform_matrix": [
                [
                    -0.6013106107711792,
                    -0.04593108221888542,
                    -0.7976941466331482,
                    -3.2156078815460205
                ],
                [
                    -0.7990153431892395,
                    0.03456610068678856,
                    0.6003162860870361,
                    2.419952392578125
                ],
                [
                    -1.862645149230957e-09,
                    0.9983463287353516,
                    -0.05748460069298744,
                    -0.23172783851623535
                ],
                [
                    0.0,
                    0.0,
                    0.0,
                    1.0
                ]
            ]
        },
        {
            "file_path": "/data/shapenet_blender/all_50_random/02958343/5823e5205bc7eb46cebc874b6631de1/r_10",
            "rotation": 0.12566370614359174,
            "transform_matrix": [
                [
                    -0.6280721426010132,
                    -0.05902617424726486,
                    -0.7759131789207458,
                    -3.1278061866760254
                ],
                [
                    -0.7781551480293274,
                    0.047641780227422714,
                    0.6262626051902771,
                    2.524545431137085
                ],
                [
                    0.0,
                    0.9971189498901367,
                    -0.07585398852825165,
                    -0.3057772219181061
                ],
                [
                    0.0,
                    0.0,
                    0.0,
                    1.0
                ]
            ]
        },
        {
            "file_path": "/data/shapenet_blender/all_50_random/02958343/5823e5205bc7eb46cebc874b6631de1/r_11",
            "rotation": 0.12566370614359174,
            "transform_matrix": [
                [
                    0.4835148751735687,
                    -0.8618109822273254,
                    -0.15328149497509003,
                    -0.6178975105285645
                ],
                [
                    -0.8753361701965332,
                    -0.4760439097881317,
                    -0.08466905355453491,
                    -0.34131190180778503
                ],
                [
                    0.0,
                    0.17511168122291565,
                    -0.9845485091209412,
                    -3.9688422679901123
                ],
                [
                    0.0,
                    0.0,
                    0.0,
                    1.0
                ]
            ]
        },
        {
            "file_path": "/data/shapenet_blender/all_50_random/02958343/5823e5205bc7eb46cebc874b6631de1/r_12",
            "rotation": 0.12566370614359174,
            "transform_matrix": [
                [
                    0.7895017266273499,
                    0.287579208612442,
                    -0.5422041416168213,
                    -2.185694694519043
                ],
                [
                    -0.6137484908103943,
                    0.3699304759502411,
                    -0.6974698901176453,
                    -2.811591148376465
                ],
                [
                    0.0,
                    0.8834306001663208,
                    0.46856197714805603,
                    1.88883376121521
                ],
                [
                    0.0,
                    0.0,
                    0.0,
                    1.0
                ]
            ]
        },
        {
            "file_path": "/data/shapenet_blender/all_50_random/02958343/5823e5205bc7eb46cebc874b6631de1/r_13",
            "rotation": 0.12566370614359174,
            "transform_matrix": [
                [
                    0.9764319658279419,
                    0.21010738611221313,
                    0.04935253784060478,
                    0.19894644618034363
                ],
                [
                    0.2158258706331253,
                    -0.9505606293678284,
                    -0.22327907383441925,
                    -0.9000667333602905
                ],
                [
                    -3.725290742551124e-09,
                    0.2286684811115265,
                    -0.973504364490509,
                    -3.9243216514587402
                ],
                [
                    0.0,
                    0.0,
                    0.0,
                    1.0
                ]
            ]
        },
        {
            "file_path": "/data/shapenet_blender/all_50_random/02958343/5823e5205bc7eb46cebc874b6631de1/r_14",
            "rotation": 0.12566370614359174,
            "transform_matrix": [
                [
                    -0.15934084355831146,
                    0.8584998846054077,
                    -0.4874304533004761,
                    -1.9648950099945068
                ],
                [
                    -0.9872236251831055,
                    -0.13856443762779236,
                    0.07867272943258286,
                    0.3171399235725403
                ],
                [
                    0.0,
                    0.4937385320663452,
                    0.8696103096008301,
                    3.5055112838745117
                ],
                [
                    0.0,
                    0.0,
                    0.0,
                    1.0
                ]
            ]
        },
        {
            "file_path": "/data/shapenet_blender/all_50_random/02958343/5823e5205bc7eb46cebc874b6631de1/r_15",
            "rotation": 0.12566370614359174,
            "transform_matrix": [
                [
                    0.9507113099098206,
                    0.21226364374160767,
                    0.22603599727153778,
                    0.911180317401886
                ],
                [
                    0.31007763743400574,
                    -0.6508093476295471,
                    -0.6930359601974487,
                    -2.793717622756958
                ],
                [
                    0.0,
                    0.7289658784866333,
                    -0.6845499873161316,
                    -2.759509563446045
                ],
                [
                    0.0,
                    0.0,
                    0.0,
                    1.0
                ]
            ]
        },
        {
            "file_path": "/data/shapenet_blender/all_50_random/02958343/5823e5205bc7eb46cebc874b6631de1/r_16",
            "rotation": 0.12566370614359174,
            "transform_matrix": [
                [
                    -0.9952621459960938,
                    -0.01944769360125065,
                    -0.0952627956867218,
                    -0.38401660323143005
                ],
                [
                    -0.09722763299942017,
                    0.19907459616661072,
                    0.9751492142677307,
                    3.930952310562134
                ],
                [
                    0.0,
                    0.9797912836074829,
                    -0.20002226531505585,
                    -0.806315541267395
                ],
                [
                    0.0,
                    0.0,
                    0.0,
                    1.0
                ]
            ]
        },
        {
            "file_path": "/data/shapenet_blender/all_50_random/02958343/5823e5205bc7eb46cebc874b6631de1/r_17",
            "rotation": 0.12566370614359174,
            "transform_matrix": [
                [
                    0.6481407284736633,
                    0.11065121740102768,
                    -0.7534387111663818,
                    -3.0372085571289062
                ],
                [
                    -0.7615205645561218,
                    0.09417678415775299,
                    -0.6412621140480042,
                    -2.585010290145874
                ],
                [
                    0.0,
                    0.989387035369873,
                    0.14530299603939056,
                    0.5857350826263428
                ],
                [
                    0.0,
                    0.0,
                    0.0,
                    1.0
                ]
            ]
        },
        {
            "file_path": "/data/shapenet_blender/all_50_random/02958343/5823e5205bc7eb46cebc874b6631de1/r_18",
            "rotation": 0.12566370614359174,
            "transform_matrix": [
                [
                    0.8800022006034851,
                    -0.16977623105049133,
                    -0.4435901343822479,
                    -1.7881691455841064
                ],
                [
                    -0.474969744682312,
                    -0.3145536482334137,
                    -0.8218635320663452,
                    -3.3130381107330322
                ],
                [
                    -1.4901162970204496e-08,
                    0.9339334964752197,
                    -0.35744646191596985,
                    -1.4409128427505493
                ],
                [
                    0.0,
                    0.0,
                    0.0,
                    1.0
                ]
            ]
        },
        {
            "file_path": "/data/shapenet_blender/all_50_random/02958343/5823e5205bc7eb46cebc874b6631de1/r_19",
            "rotation": 0.12566370614359174,
            "transform_matrix": [
                [
                    -0.34422409534454346,
                    0.38064804673194885,
                    -0.8582637310028076,
                    -3.4597721099853516
                ],
                [
                    -0.9388875365257263,
                    -0.139556884765625,
                    0.3146649897098541,
                    1.2684552669525146
                ],
                [
                    0.0,
                    0.9141284227371216,
                    0.4054245054721832,
                    1.6343185901641846
                ],
                [
                    0.0,
                    0.0,
                    0.0,
                    1.0
                ]
            ]
        },
        {
            "file_path": "/data/shapenet_blender/all_50_random/02958343/5823e5205bc7eb46cebc874b6631de1/r_20",
            "rotation": 0.12566370614359174,
            "transform_matrix": [
                [
                    0.035294193774461746,
                    -0.34106171131134033,
                    0.9393780827522278,
                    3.7867541313171387
                ],
                [
                    0.9993770122528076,
                    0.012045001611113548,
                    -0.033175259828567505,
                    -0.13373374938964844
                ],
                [
                    9.313225746154785e-10,
                    0.939963698387146,
                    0.34127435088157654,
                    1.3757208585739136
                ],
                [
                    0.0,
                    0.0,
                    0.0,
                    1.0
                ]
            ]
        },
        {
            "file_path": "/data/shapenet_blender/all_50_random/02958343/5823e5205bc7eb46cebc874b6631de1/r_21",
            "rotation": 0.12566370614359174,
            "transform_matrix": [
                [
                    -0.1705261617898941,
                    0.9833869934082031,
                    0.06221834570169449,
                    0.2508101463317871
                ],
                [
                    0.9853531718254089,
                    0.1701858788728714,
                    0.010767566040158272,
                    0.0434054434299469
                ],
                [
                    0.0,
                    0.06314243376255035,
                    -0.9980045557022095,
                    -4.02308464050293
                ],
                [
                    0.0,
                    0.0,
                    0.0,
                    1.0
                ]
            ]
        },
        {
            "file_path": "/data/shapenet_blender/all_50_random/02958343/5823e5205bc7eb46cebc874b6631de1/r_22",
            "rotation": 0.12566370614359174,
            "transform_matrix": [
                [
                    -0.8967495560646057,
                    -0.17651982605457306,
                    0.405809223651886,
                    1.6358692646026611
                ],
                [
                    0.44253861904144287,
                    -0.35769549012184143,
                    0.8223220109939575,
                    3.3148860931396484
                ],
                [
                    -1.4901162970204496e-08,
                    0.9170030951499939,
                    0.39888009428977966,
                    1.6079370975494385
                ],
                [
                    0.0,
                    0.0,
                    0.0,
                    1.0
                ]
            ]
        },
        {
            "file_path": "/data/shapenet_blender/all_50_random/02958343/5823e5205bc7eb46cebc874b6631de1/r_23",
            "rotation": 0.12566370614359174,
            "transform_matrix": [
                [
                    -0.9902545809745789,
                    -0.042212601751089096,
                    0.13271769881248474,
                    0.5350022315979004
                ],
                [
                    0.1392691433429718,
                    -0.30014699697494507,
                    0.9436714053153992,
                    3.8040614128112793
                ],
                [
                    -3.725290298461914e-09,
                    0.9529584050178528,
                    0.3031008541584015,
                    1.2218387126922607
                ],
                [
                    0.0,
                    0.0,
                    0.0,
                    1.0
                ]
            ]
        },
        {
            "file_path": "/data/shapenet_blender/all_50_random/02958343/5823e5205bc7eb46cebc874b6631de1/r_24",
            "rotation": 0.12566370614359174,
            "transform_matrix": [
                [
                    -0.053872305899858475,
                    0.5989815592765808,
                    -0.7989486455917358,
                    -3.2206645011901855
                ],
                [
                    -0.9985479116439819,
                    -0.032315444201231,
                    0.04310379922389984,
                    0.17375695705413818
                ],
                [
                    1.862645149230957e-09,
                    0.8001104593276978,
                    0.5998527407646179,
                    2.418083429336548
                ],
                [
                    0.0,
                    0.0,
                    0.0,
                    1.0
                ]
            ]
        },
        {
            "file_path": "/data/shapenet_blender/all_50_random/02958343/5823e5205bc7eb46cebc874b6631de1/r_25",
            "rotation": 0.12566370614359174,
            "transform_matrix": [
                [
                    0.3583208918571472,
                    0.11863255500793457,
                    0.9260305166244507,
                    3.7329483032226562
                ],
                [
                    0.933598518371582,
                    -0.04553190618753433,
                    -0.3554162383079529,
                    -1.43272864818573
                ],
                [
                    -3.725290298461914e-09,
                    0.9918937087059021,
                    -0.12707020342350006,
                    -0.5122363567352295
                ],
                [
                    0.0,
                    0.0,
                    0.0,
                    1.0
                ]
            ]
        },
        {
            "file_path": "/data/shapenet_blender/all_50_random/02958343/5823e5205bc7eb46cebc874b6631de1/r_26",
            "rotation": 0.12566370614359174,
            "transform_matrix": [
                [
                    0.6355426907539368,
                    -0.657011866569519,
                    0.405488520860672,
                    1.6345765590667725
                ],
                [
                    0.7720658183097839,
                    0.5408335328102112,
                    -0.33378663659095764,
                    -1.3455369472503662
                ],
                [
                    -1.4901161193847656e-08,
                    0.5251995325088501,
                    0.850979208946228,
                    3.4304068088531494
                ],
                [
                    0.0,
                    0.0,
                    0.0,
                    1.0
                ]
            ]
        },
        {
            "file_path": "/data/shapenet_blender/all_50_random/02958343/5823e5205bc7eb46cebc874b6631de1/r_27",
            "rotation": 0.12566370614359174,
            "transform_matrix": [
                [
                    0.6316152811050415,
                    0.18917316198349,
                    -0.7518481016159058,
                    -3.030796766281128
                ],
                [
                    -0.775282084941864,
                    0.1541176736354828,
                    -0.6125238537788391,
                    -2.469162940979004
                ],
                [
                    7.450581485102248e-09,
                    0.9697737693786621,
                    0.24400562047958374,
                    0.9836181998252869
                ],
                [
                    0.0,
                    0.0,
                    0.0,
                    1.0
                ]
            ]
        },
        {
            "file_path": "/data/shapenet_blender/all_50_random/02958343/5823e5205bc7eb46cebc874b6631de1/r_28",
            "rotation": 0.12566370614359174,
            "transform_matrix": [
                [
                    -0.7226119637489319,
                    0.3801766037940979,
                    0.5773194432258606,
                    2.32724928855896
                ],
                [
                    0.6912540197372437,
                    0.3974228799343109,
                    0.6035088896751404,
                    2.4328224658966064
                ],
                [
                    1.4901161193847656e-08,
                    0.8351771831512451,
                    -0.5499809980392456,
                    -2.2170445919036865
                ],
                [
                    0.0,
                    0.0,
                    0.0,
                    1.0
                ]
            ]
        },
        {
            "file_path": "/data/shapenet_blender/all_50_random/02958343/5823e5205bc7eb46cebc874b6631de1/r_29",
            "rotation": 0.12566370614359174,
            "transform_matrix": [
                [
                    0.9877715110778809,
                    -0.09277843683958054,
                    0.1252979189157486,
                    0.5050920844078064
                ],
                [
                    0.15590833127498627,
                    0.5878062844276428,
                    -0.7938364148139954,
                    -3.200057029724121
                ],
                [
                    0.0,
                    0.8036640286445618,
                    0.5950831770896912,
                    2.3988571166992188
                ],
                [
                    0.0,
                    0.0,
                    0.0,
                    1.0
                ]
            ]
        },
        {
            "file_path": "/data/shapenet_blender/all_50_random/02958343/5823e5205bc7eb46cebc874b6631de1/r_30",
            "rotation": 0.12566370614359174,
            "transform_matrix": [
                [
                    -0.783428430557251,
                    0.3227076232433319,
                    -0.5311306118965149,
                    -2.1410560607910156
                ],
                [
                    -0.6214820742607117,
                    -0.4067990779876709,
                    0.6695331335067749,
                    2.698974370956421
                ],
                [
                    0.0,
                    0.8546194434165955,
                    0.5192548632621765,
                    2.0931832790374756
                ],
                [
                    0.0,
                    0.0,
                    0.0,
                    1.0
                ]
            ]
        },
        {
            "file_path": "/data/shapenet_blender/all_50_random/02958343/5823e5205bc7eb46cebc874b6631de1/r_31",
            "rotation": 0.12566370614359174,
            "transform_matrix": [
                [
                    -0.9998396635055542,
                    -0.016686873510479927,
                    -0.006498346570879221,
                    -0.026195675134658813
                ],
                [
                    -0.01790754683315754,
                    0.9316852688789368,
                    0.3628249168395996,
                    1.4625941514968872
                ],
                [
                    4.656612873077393e-10,
                    0.36288318037986755,
                    -0.9318345785140991,
                    -3.756345510482788
                ],
                [
                    0.0,
                    0.0,
                    0.0,
                    1.0
                ]
            ]
        },
        {
            "file_path": "/data/shapenet_blender/all_50_random/02958343/5823e5205bc7eb46cebc874b6631de1/r_32",
            "rotation": 0.12566370614359174,
            "transform_matrix": [
                [
                    -0.1216452419757843,
                    -0.02569551020860672,
                    -0.9922410249710083,
                    -3.9998514652252197
                ],
                [
                    -0.9925736784934998,
                    0.0031491226982325315,
                    0.12160447239875793,
                    0.490203320980072
                ],
                [
                    -2.3283064365386963e-10,
                    0.9996647238731384,
                    -0.02588776685297489,
                    -0.10435692965984344
                ],
                [
                    0.0,
                    0.0,
                    0.0,
                    1.0
                ]
            ]
        },
        {
            "file_path": "/data/shapenet_blender/all_50_random/02958343/5823e5205bc7eb46cebc874b6631de1/r_33",
            "rotation": 0.12566370614359174,
            "transform_matrix": [
                [
                    -0.5029236674308777,
                    0.03710807487368584,
                    -0.8635337352752686,
                    -3.481016159057617
                ],
                [
                    -0.8643307089805603,
                    -0.02159189060330391,
                    0.5024600028991699,
                    2.0254812240600586
                ],
                [
                    -1.8626450382086546e-09,
                    0.9990779161453247,
                    0.04293272644281387,
                    0.1730673760175705
                ],
                [
                    0.0,
                    0.0,
                    0.0,
                    1.0
                ]
            ]
        },
        {
            "file_path": "/data/shapenet_blender/all_50_random/02958343/5823e5205bc7eb46cebc874b6631de1/r_34",
            "rotation": 0.12566370614359174,
            "transform_matrix": [
                [
                    -0.8971000909805298,
                    0.10423968732357025,
                    0.429354727268219,
                    1.7307844161987305
                ],
                [
                    0.44182735681533813,
                    0.2116515189409256,
                    0.8717752695083618,
                    3.5142388343811035
                ],
                [
                    0.0,
                    0.9717704057693481,
                    -0.23592853546142578,
                    -0.9510583877563477
                ],
                [
                    0.0,
                    0.0,
                    0.0,
                    1.0
                ]
            ]
        },
        {
            "file_path": "/data/shapenet_blender/all_50_random/02958343/5823e5205bc7eb46cebc874b6631de1/r_35",
            "rotation": 0.12566370614359174,
            "transform_matrix": [
                [
                    0.20324982702732086,
                    0.010613152757287025,
                    -0.9790694117546082,
                    -3.9467549324035645
                ],
                [
                    -0.9791268110275269,
                    0.0022031073458492756,
                    -0.20323792099952698,
                    -0.8192782402038574
                ],
                [
                    0.0,
                    0.9999412298202515,
                    0.010839405469596386,
                    0.04369504004716873
                ],
                [
                    0.0,
                    0.0,
                    0.0,
                    1.0
                ]
            ]
        },
        {
            "file_path": "/data/shapenet_blender/all_50_random/02958343/5823e5205bc7eb46cebc874b6631de1/r_36",
            "rotation": 0.12566370614359174,
            "transform_matrix": [
                [
                    -0.04365898668766022,
                    -0.616030216217041,
                    0.7865117192268372,
                    3.170530080795288
                ],
                [
                    0.9990465044975281,
                    -0.026920923963189125,
                    0.03437107801437378,
                    0.13855424523353577
                ],
                [
                    0.0,
                    0.7872624397277832,
                    0.6166181564331055,
                    2.4856672286987305
                ],
                [
                    0.0,
                    0.0,
                    0.0,
                    1.0
                ]
            ]
        },
        {
            "file_path": "/data/shapenet_blender/all_50_random/02958343/5823e5205bc7eb46cebc874b6631de1/r_37",
            "rotation": 0.12566370614359174,
            "transform_matrix": [
                [
                    -0.9897589087486267,
                    -0.03264473378658295,
                    -0.138966366648674,
                    -0.5601913928985596
                ],
                [
                    -0.14274920523166656,
                    0.22634395956993103,
                    0.963530421257019,
                    3.884115695953369
                ],
                [
                    3.725290742551124e-09,
                    0.97350013256073,
                    -0.22868594527244568,
                    -0.9218626022338867
                ],
                [
                    0.0,
                    0.0,
                    0.0,
                    1.0
                ]
            ]
        },
        {
            "file_path": "/data/shapenet_blender/all_50_random/02958343/5823e5205bc7eb46cebc874b6631de1/r_38",
            "rotation": 0.12566370614359174,
            "transform_matrix": [
                [
                    0.9956342577934265,
                    0.03248166665434837,
                    -0.08750557154417038,
                    -0.35274624824523926
                ],
                [
                    -0.09333960711956024,
                    0.346475213766098,
                    -0.9334037899971008,
                    -3.7626709938049316
                ],
                [
                    0.0,
                    0.9374966025352478,
                    0.34799444675445557,
                    1.4028104543685913
                ],
                [
                    0.0,
                    0.0,
                    0.0,
                    1.0
                ]
            ]
        },
        {
            "file_path": "/data/shapenet_blender/all_50_random/02958343/5823e5205bc7eb46cebc874b6631de1/r_39",
            "rotation": 0.12566370614359174,
            "transform_matrix": [
                [
                    0.9032050967216492,
                    -0.20430225133895874,
                    -0.37746667861938477,
                    -1.521616816520691
                ],
                [
                    -0.4292091727256775,
                    -0.429922878742218,
                    -0.7943209409713745,
                    -3.202009916305542
                ],
                [
                    0.0,
                    0.8794469237327576,
                    -0.4759970009326935,
                    -1.9188051223754883
                ],
                [
                    0.0,
                    0.0,
                    0.0,
                    1.0
                ]
            ]
        },
        {
            "file_path": "/data/shapenet_blender/all_50_random/02958343/5823e5205bc7eb46cebc874b6631de1/r_40",
            "rotation": 0.12566370614359174,
            "transform_matrix": [
                [
                    -0.6547467112541199,
                    -0.4379144608974457,
                    -0.6160663366317749,
                    -2.483442783355713
                ],
                [
                    -0.7558484077453613,
                    0.379339337348938,
                    0.5336617827415466,
                    2.151259422302246
                ],
                [
                    -2.9802322387695312e-08,
                    0.8150660395622253,
                    -0.5793681144714355,
                    -2.33550763130188
                ],
                [
                    0.0,
                    0.0,
                    0.0,
                    1.0
                ]
            ]
        },
        {
            "file_path": "/data/shapenet_blender/all_50_random/02958343/5823e5205bc7eb46cebc874b6631de1/r_41",
            "rotation": 0.12566370614359174,
            "transform_matrix": [
                [
                    -0.3402542471885681,
                    0.027325861155986786,
                    -0.9399362802505493,
                    -3.789004325866699
                ],
                [
                    -0.9403334856033325,
                    -0.009887706488370895,
                    0.34011057019233704,
                    1.3710296154022217
                ],
                [
                    0.0,
