{
    "class": "02958343",
    "model": "86b488c74b27d70ace27281f3b76d1f5",
    "remove_doubles": true,
    "edge_split": true,
    "denoise": true,
    "camera_angle_x": 0.6911112070083618,
    "scale_factor": 2.276309817828363,
    "hdri_file": "/data/IndoorHDRDataset2018/AG8A9016-1162169353.exr",
    "center_offset": [
        0.0,
        0.0,
        -9.313225746154785e-10
    ],
    "lights": [],
    "frames": [
        {
            "file_path": "/data/shapenet_blender/all_50_random/02958343/86b488c74b27d70ace27281f3b76d1f5/r_0",
            "rotation": 0.12566370614359174,
            "transform_matrix": [
                [
                    0.3585968017578125,
                    0.4392818510532379,
                    0.8236744999885559,
                    3.320338249206543
                ],
                [
                    0.9334924221038818,
                    -0.16874806582927704,
                    -0.31641072034835815,
                    -1.275492548942566
                ],
                [
                    -1.4901158529312397e-08,
                    0.8823579549789429,
                    -0.4705788791179657,
                    -1.8969643115997314
                ],
                [
                    0.0,
                    0.0,
                    0.0,
                    1.0
                ]
            ]
        },
        {
            "file_path": "/data/shapenet_blender/all_50_random/02958343/86b488c74b27d70ace27281f3b76d1f5/r_1",
            "rotation": 0.12566370614359174,
            "transform_matrix": [
                [
                    0.6540999412536621,
                    0.10859812051057816,
                    -0.7485718131065369,
                    -3.017589569091797
                ],
                [
                    -0.7564080953598022,
                    0.09390964359045029,
                    -0.647323489189148,
                    -2.6094443798065186
                ],
                [
                    0.0,
                    0.9896401166915894,
                    0.14357078075408936,
                    0.578752338886261
                ],
                [
                    0.0,
                    0.0,
                    0.0,
                    1.0
                ]
            ]
        },
        {
            "file_path": "/data/shapenet_blender/all_50_random/02958343/86b488c74b27d70ace27281f3b76d1f5/r_2",
            "rotation": 0.12566370614359174,
            "transform_matrix": [
                [
                    0.9552042484283447,
                    -0.16778498888015747,
                    -0.24378915131092072,
                    -0.9827455282211304
                ],
                [
                    -0.2959475517272949,
                    -0.541545033454895,
                    -0.7868570685386658,
                    -3.171922206878662
                ],
                [
                    0.0,
                    0.8237578868865967,
                    -0.5669416785240173,
                    -2.285414934158325
                ],
                [
                    0.0,
                    0.0,
                    0.0,
                    1.0
                ]
            ]
        },
        {
            "file_path": "/data/shapenet_blender/all_50_random/02958343/86b488c74b27d70ace27281f3b76d1f5/r_3",
            "rotation": 0.12566370614359174,
            "transform_matrix": [
                [
                    0.9800363779067993,
                    -0.11289115250110626,
                    0.16365911066532135,
                    0.6597310304641724
                ],
                [
                    0.19881832599639893,
                    0.556475043296814,
                    -0.8067259192466736,
                    -3.252016544342041
                ],
                [
                    7.450580596923828e-09,
                    0.8231592178344727,
                    0.5678105354309082,
                    2.2889177799224854
                ],
                [
                    0.0,
                    0.0,
                    0.0,
                    1.0
                ]
            ]
        },
        {
            "file_path": "/data/shapenet_blender/all_50_random/02958343/86b488c74b27d70ace27281f3b76d1f5/r_4",
            "rotation": 0.12566370614359174,
            "transform_matrix": [
                [
                    0.04294057562947273,
                    -0.3956657946109772,
                    -0.9173901081085205,
                    -3.698117971420288
                ],
                [
                    -0.9990776777267456,
                    -0.0170058012008667,
                    -0.03942962363362312,
                    -0.15894591808319092
                ],
                [
                    -9.313225746154785e-10,
                    0.9182370901107788,
                    -0.39603105187416077,
                    -1.5964523553848267
                ],
                [
                    0.0,
                    0.0,
                    0.0,
                    1.0
                ]
            ]
        },
        {
            "file_path": "/data/shapenet_blender/all_50_random/02958343/86b488c74b27d70ace27281f3b76d1f5/r_5",
            "rotation": 0.12566370614359174,
            "transform_matrix": [
                [
                    -0.7282895445823669,
                    0.3283957540988922,
                    -0.6014569997787476,
                    -2.424551010131836
                ],
                [
                    -0.6852695941925049,
                    -0.3490118384361267,
                    0.639215350151062,
                    2.5767598152160645
                ],
                [
                    -1.4901161193847656e-08,
                    0.8776941895484924,
                    0.4792211949825287,
                    1.9318026304244995
                ],
                [
                    0.0,
                    0.0,
                    0.0,
                    1.0
                ]
            ]
        },
        {
            "file_path": "/data/shapenet_blender/all_50_random/02958343/86b488c74b27d70ace27281f3b76d1f5/r_6",
            "rotation": 0.12566370614359174,
            "transform_matrix": [
                [
                    0.7953042984008789,
                    0.11428291350603104,
                    -0.5953406691551208,
                    -2.399894952774048
                ],
                [
                    -0.6062104105949402,
                    0.1499309092760086,
                    -0.7810439467430115,
                    -3.148488759994507
                ],
                [
                    -7.450580596923828e-09,
                    0.9820692539215088,
                    0.18852020800113678,
                    0.759949266910553
                ],
                [
                    0.0,
                    0.0,
                    0.0,
                    1.0
                ]
            ]
        },
        {
            "file_path": "/data/shapenet_blender/all_50_random/02958343/86b488c74b27d70ace27281f3b76d1f5/r_7",
            "rotation": 0.12566370614359174,
            "transform_matrix": [
                [
                    0.9930546283721924,
                    -0.009179666638374329,
                    -0.11729618161916733,
                    -0.47283604741096497
                ],
                [
                    -0.11765485256910324,
                    -0.07748010754585266,
                    -0.9900273084640503,
                    -3.9909279346466064
                ],
                [
                    0.0,
                    0.9969515204429626,
                    -0.07802201807498932,
                    -0.3145168423652649
                ],
                [
                    0.0,
                    0.0,
                    0.0,
                    1.0
                ]
            ]
        },
        {
            "file_path": "/data/shapenet_blender/all_50_random/02958343/86b488c74b27d70ace27281f3b76d1f5/r_8",
            "rotation": 0.12566370614359174,
            "transform_matrix": [
                [
                    0.17703744769096375,
                    0.8268361687660217,
                    0.5338534116744995,
                    2.1520321369171143
                ],
                [
                    0.9842040538787842,
                    -0.1487303078174591,
                    -0.09602892398834229,
                    -0.3871050179004669
                ],
                [
                    0.0,
                    0.5424214601516724,
                    -0.8401064276695251,
                    -3.386577606201172
                ],
                [
                    0.0,
                    0.0,
                    0.0,
                    1.0
                ]
            ]
        },
        {
            "file_path": "/data/shapenet_blender/all_50_random/02958343/86b488c74b27d70ace27281f3b76d1f5/r_9",
            "rotation": 0.12566370614359174,
            "transform_matrix": [
                [
                    -0.2592063844203949,
                    0.014557996764779091,
                    -0.9657121896743774,
                    -3.8929104804992676
                ],
                [
                    -0.9658219218254089,
                    -0.003907061647623777,
                    0.25917693972587585,
                    1.0447757244110107
                ],
                [
                    2.3283062977608182e-10,
                    0.9998863935470581,
                    0.015073167160153389,
                    0.06076188385486603
                ],
                [
                    0.0,
                    0.0,
                    0.0,
                    1.0
                ]
            ]
        },
        {
            "file_path": "/data/shapenet_blender/all_50_random/02958343/86b488c74b27d70ace27281f3b76d1f5/r_10",
            "rotation": 0.12566370614359174,
            "transform_matrix": [
                [
                    -0.6730996966362,
                    -0.19447638094425201,
                    -0.7135233879089355,
                    -2.876305103302002
                ],
                [
                    -0.739551842212677,
                    0.17700178921222687,
                    0.6494100689888,
                    2.617856025695801
                ],
                [
                    0.0,
                    0.9648052453994751,
                    -0.2629651725292206,
                    -1.060046672821045
                ],
                [
                    0.0,
                    0.0,
                    0.0,
                    1.0
                ]
            ]
        },
        {
            "file_path": "/data/shapenet_blender/all_50_random/02958343/86b488c74b27d70ace27281f3b76d1f5/r_11",
            "rotation": 0.12566370614359174,
            "transform_matrix": [
                [
                    0.5450257658958435,
                    0.30843523144721985,
                    -0.7796246409416199,
                    -3.1427674293518066
                ],
                [
                    -0.8384193778038025,
                    0.20050247013568878,
                    -0.5068054795265198,
                    -2.0429983139038086
                ],
                [
                    0.0,
                    0.9298743605613708,
                    0.3678770661354065,
                    1.4829598665237427
                ],
                [
                    0.0,
                    0.0,
                    0.0,
                    1.0
                ]
            ]
        },
        {
            "file_path": "/data/shapenet_blender/all_50_random/02958343/86b488c74b27d70ace27281f3b76d1f5/r_12",
            "rotation": 0.12566370614359174,
            "transform_matrix": [
                [
                    0.997742772102356,
                    -0.0036708833649754524,
                    -0.06705178320407867,
                    -0.27029433846473694
                ],
                [
                    -0.06715218722820282,
                    -0.05454174056649208,
                    -0.9962509274482727,
                    -4.016015529632568
                ],
                [
                    0.0,
                    0.998504638671875,
                    -0.05466514453291893,
                    -0.22036221623420715
                ],
                [
                    0.0,
                    0.0,
                    0.0,
                    1.0
                ]
            ]
        },
        {
            "file_path": "/data/shapenet_blender/all_50_random/02958343/86b488c74b27d70ace27281f3b76d1f5/r_13",
            "rotation": 0.12566370614359174,
            "transform_matrix": [
                [
                    0.9768118858337402,
                    -0.05716391280293465,
                    0.20632688701152802,
                    0.831730306148529
                ],
                [
                    0.21409925818443298,
                    0.26080605387687683,
                    -0.9413509964942932,
                    -3.7947072982788086
                ],
                [
                    0.0,
                    0.9636972546577454,
                    0.26699724793434143,
                    1.0763003826141357
                ],
                [
                    0.0,
                    0.0,
                    0.0,
                    1.0
                ]
            ]
        },
        {
            "file_path": "/data/shapenet_blender/all_50_random/02958343/86b488c74b27d70ace27281f3b76d1f5/r_14",
            "rotation": 0.12566370614359174,
            "transform_matrix": [
                [
                    -0.6186833381652832,
                    -0.4578292667865753,
                    -0.6384537220001221,
                    -2.5736894607543945
                ],
                [
                    -0.7856404185295105,
                    0.3605356216430664,
                    0.5027754306793213,
                    2.0267527103424072
                ],
                [
                    0.0,
                    0.8126540184020996,
                    -0.5827465057373047,
                    -2.3491265773773193
                ],
                [
                    0.0,
                    0.0,
                    0.0,
                    1.0
                ]
            ]
        },
        {
            "file_path": "/data/shapenet_blender/all_50_random/02958343/86b488c74b27d70ace27281f3b76d1f5/r_15",
            "rotation": 0.12566370614359174,
            "transform_matrix": [
                [
                    -0.8971691131591797,
                    0.05599590390920639,
                    0.4381232261657715,
                    1.7661311626434326
                ],
                [
                    0.44168710708618164,
                    0.11374069005250931,
                    0.8899300694465637,
                    3.5874228477478027
                ],
                [
                    0.0,
                    0.9919312596321106,
                    -0.1267773061990738,
                    -0.5110556483268738
                ],
                [
                    0.0,
                    0.0,
                    0.0,
                    1.0
                ]
            ]
        },
        {
            "file_path": "/data/shapenet_blender/all_50_random/02958343/86b488c74b27d70ace27281f3b76d1f5/r_16",
            "rotation": 0.12566370614359174,
            "transform_matrix": [
                [
                    -0.9713461995124817,
                    0.1893060803413391,
                    -0.14370064437389374,
                    -0.5792758464813232
                ],
                [
                    -0.23766928911209106,
                    -0.773687481880188,
                    0.5872995853424072,
                    2.3674802780151367
                ],
                [
                    -7.450581485102248e-09,
                    0.6046243906021118,
                    0.7965106964111328,
                    3.2108373641967773
                ],
                [
                    0.0,
                    0.0,
                    0.0,
                    1.0
                ]
            ]
        },
        {
            "file_path": "/data/shapenet_blender/all_50_random/02958343/86b488c74b27d70ace27281f3b76d1f5/r_17",
            "rotation": 0.12566370614359174,
            "transform_matrix": [
                [
                    0.7754570841789246,
                    -0.37294650077819824,
                    -0.5094870924949646,
                    -2.0538082122802734
                ],
                [
                    -0.6314001083374023,
                    -0.45803606510162354,
                    -0.6257290244102478,
                    -2.5223944187164307
                ],
                [
                    -1.4901160305669237e-08,
                    0.8069162368774414,
                    -0.5906658172607422,
                    -2.3810501098632812
                ],
                [
                    0.0,
                    0.0,
                    0.0,
                    1.0
                ]
            ]
        },
        {
            "file_path": "/data/shapenet_blender/all_50_random/02958343/86b488c74b27d70ace27281f3b76d1f5/r_18",
            "rotation": 0.12566370614359174,
            "transform_matrix": [
                [
                    0.4395062029361725,
                    -0.15360017120838165,
                    -0.8850091695785522,
                    -3.5675861835479736
                ],
                [
                    -0.8982396125793457,
                    -0.07515615224838257,
                    -0.4330326020717621,
                    -1.745610237121582
                ],
                [
                    0.0,
                    0.9852707386016846,
                    -0.1710013449192047,
                    -0.6893284916877747
                ],
                [
                    0.0,
                    0.0,
                    0.0,
                    1.0
                ]
            ]
        },
        {
            "file_path": "/data/shapenet_blender/all_50_random/02958343/86b488c74b27d70ace27281f3b76d1f5/r_19",
            "rotation": 0.12566370614359174,
            "transform_matrix": [
                [
                    -0.6449994444847107,
                    -0.37000253796577454,
                    -0.6686356663703918,
                    -2.695356845855713
                ],
                [
                    -0.7641830444335938,
                    0.31229618191719055,
                    0.564353883266449,
                    2.2749834060668945
                ],
                [
                    0.0,
                    0.8749679327011108,
                    -0.4841805696487427,
                    -1.9517943859100342
                ],
                [
                    0.0,
                    0.0,
                    0.0,
                    1.0
                ]
            ]
        },
        {
            "file_path": "/data/shapenet_blender/all_50_random/02958343/86b488c74b27d70ace27281f3b76d1f5/r_20",
            "rotation": 0.12566370614359174,
            "transform_matrix": [
                [
                    0.2214064747095108,
                    0.2022300809621811,
                    0.9539822340011597,
                    3.845625400543213
                ],
                [
                    0.9751816391944885,
                    -0.04591457173228264,
                    -0.21659334003925323,
                    -0.8731156587600708
                ],
                [
                    -3.725290298461914e-09,
                    0.9782611131668091,
                    -0.20737683773040771,
                    -0.8359627723693848
                ],
                [
                    0.0,
                    0.0,
                    0.0,
                    1.0
                ]
            ]
        },
        {
            "file_path": "/data/shapenet_blender/all_50_random/02958343/86b488c74b27d70ace27281f3b76d1f5/r_21",
            "rotation": 0.12566370614359174,
            "transform_matrix": [
                [
                    -0.8163227438926697,
                    0.08127749711275101,
                    0.5718488693237305,
                    2.305196523666382
                ],
                [
                    0.5775960087776184,
                    0.11487036943435669,
                    0.8082002401351929,
                    3.2579593658447266
                ],
                [
                    0.0,
                    0.9900498986244202,
                    -0.14071683585643768,
                    -0.5672476887702942
                ],
                [
                    0.0,
                    0.0,
                    0.0,
                    1.0
                ]
            ]
        },
        {
            "file_path": "/data/shapenet_blender/all_50_random/02958343/86b488c74b27d70ace27281f3b76d1f5/r_22",
            "rotation": 0.12566370614359174,
            "transform_matrix": [
                [
                    -0.9001481533050537,
                    -0.01685541309416294,
                    0.43525752425193787,
                    1.7545793056488037
                ],
                [
                    0.43558377027511597,
                    -0.034832268953323364,
                    0.8994739651679993,
                    3.6258957386016846
                ],
                [
                    1.8626449271863521e-09,
                    0.9992510080337524,
                    0.03869614750146866,
                    0.1559891700744629
                ],
                [
                    0.0,
                    0.0,
                    0.0,
                    1.0
                ]
            ]
        },
        {
            "file_path": "/data/shapenet_blender/all_50_random/02958343/86b488c74b27d70ace27281f3b76d1f5/r_23",
            "rotation": 0.12566370614359174,
            "transform_matrix": [
                [
                    0.579032838344574,
                    -0.26489171385765076,
                    0.7710728645324707,
                    3.1082940101623535
                ],
                [
                    0.815304160118103,
                    0.1881273239850998,
                    -0.5476195216178894,
                    -2.2075247764587402
                ],
                [
                    0.0,
                    0.9457486271858215,
                    0.32489925622940063,
                    1.3097107410430908
                ],
                [
                    0.0,
                    0.0,
                    0.0,
                    1.0
                ]
            ]
        },
        {
            "file_path": "/data/shapenet_blender/all_50_random/02958343/86b488c74b27d70ace27281f3b76d1f5/r_24",
            "rotation": 0.12566370614359174,
            "transform_matrix": [
                [
                    0.08871445804834366,
                    -0.6263695955276489,
                    -0.7744616270065308,
                    -3.121954917907715
                ],
                [
                    -0.9960571527481079,
                    -0.05578800290822983,
                    -0.06897791475057602,
                    -0.27805888652801514
                ],
                [
                    3.725290742551124e-09,
                    0.7775273323059082,
                    -0.6288490295410156,
                    -2.5349717140197754
                ],
                [
                    0.0,
                    0.0,
                    0.0,
                    1.0
                ]
            ]
        },
        {
            "file_path": "/data/shapenet_blender/all_50_random/02958343/86b488c74b27d70ace27281f3b76d1f5/r_25",
            "rotation": 0.12566370614359174,
            "transform_matrix": [
                [
                    0.21348339319229126,
                    -0.05284925177693367,
                    -0.9755160808563232,
                    -3.93243145942688
                ],
                [
                    -0.9769466519355774,
                    -0.011548671871423721,
                    -0.21317076683044434,
                    -0.8593189120292664
                ],
                [
                    0.0,
                    0.9985356330871582,
                    -0.05409634858369827,
                    -0.21806937456130981
                ],
                [
                    0.0,
                    0.0,
                    0.0,
                    1.0
                ]
            ]
        },
        {
            "file_path": "/data/shapenet_blender/all_50_random/02958343/86b488c74b27d70ace27281f3b76d1f5/r_26",
            "rotation": 0.12566370614359174,
            "transform_matrix": [
                [
                    -0.9361927509307861,
                    -0.07830657809972763,
                    0.34265321493148804,
                    1.3812793493270874
                ],
                [
                    0.35148704051971436,
                    -0.20857112109661102,
                    0.9126636385917664,
                    3.6790647506713867
                ],
                [
                    0.0,
                    0.9748671650886536,
                    0.222786545753479,
                    0.8980813026428223
                ],
                [
                    0.0,
                    0.0,
                    0.0,
                    1.0
                ]
            ]
        },
        {
            "file_path": "/data/shapenet_blender/all_50_random/02958343/86b488c74b27d70ace27281f3b76d1f5/r_27",
            "rotation": 0.12566370614359174,
            "transform_matrix": [
                [
                    0.9645312428474426,
                    -0.16871531307697296,
                    -0.2030138075351715,
                    -0.8183748722076416
                ],
                [
                    -0.26396864652633667,
                    -0.6164791584014893,
                    -0.7418044805526733,
                    -2.990309715270996
                ],
                [
                    -1.4901160305669237e-08,
                    0.7690829634666443,
                    -0.6391488909721375,
                    -2.5764918327331543
                ],
                [
                    0.0,
                    0.0,
                    0.0,
                    1.0
                ]
            ]
        },
        {
            "file_path": "/data/shapenet_blender/all_50_random/02958343/86b488c74b27d70ace27281f3b76d1f5/r_28",
            "rotation": 0.12566370614359174,
            "transform_matrix": [
                [
                    0.6158209443092346,
                    0.03937393054366112,
                    -0.7869017124176025,
                    -3.172102212905884
                ],
                [
                    -0.7878862023353577,
                    0.030775118619203568,
                    -0.6150514483451843,
                    -2.479351758956909
                ],
                [
                    0.0,
                    0.9987505078315735,
                    0.04997413977980614,
                    0.20145219564437866
                ],
                [
                    0.0,
                    0.0,
                    0.0,
                    1.0
                ]
            ]
        },
        {
            "file_path": "/data/shapenet_blender/all_50_random/02958343/86b488c74b27d70ace27281f3b76d1f5/r_29",
            "rotation": 0.12566370614359174,
            "transform_matrix": [
                [
                    -0.401638925075531,
                    0.06434260308742523,
                    0.913534939289093,
                    3.68257737159729
                ],
                [
                    0.9157981276512146,
                    0.028218546882271767,
                    0.4006463587284088,
                    1.6150572299957275
                ],
                [
                    0.0,
                    0.9975286722183228,
                    -0.07025850564241409,
                    -0.28322112560272217
                ],
                [
                    0.0,
                    0.0,
                    0.0,
                    1.0
                ]
            ]
        },
        {
            "file_path": "/data/shapenet_blender/all_50_random/02958343/86b488c74b27d70ace27281f3b76d1f5/r_30",
            "rotation": 0.12566370614359174,
            "transform_matrix": [
                [
                    -0.46108880639076233,
                    -0.6550835371017456,
                    0.5985504984855652,
                    2.4128341674804688
                ],
                [
                    0.8873539566993713,
                    -0.3403959274291992,
                    0.3110201358795166,
                    1.2537622451782227
                ],
                [
                    -1.4901160305669237e-08,
                    0.6745339632034302,
                    0.7382437586784363,
                    2.9759557247161865
                ],
                [
                    0.0,
                    0.0,
                    0.0,
                    1.0
                ]
            ]
        },
        {
            "file_path": "/data/shapenet_blender/all_50_random/02958343/86b488c74b27d70ace27281f3b76d1f5/r_31",
            "rotation": 0.12566370614359174,
            "transform_matrix": [
                [
                    -0.6151679158210754,
                    -0.031179305166006088,
                    0.7877792716026306,
                    3.175640106201172
                ],
                [
                    0.7883962392807007,
                    -0.02432851493358612,
                    0.6146865487098694,
                    2.4778809547424316
                ],
                [
                    0.0,
                    0.9992176294326782,
                    0.03954776003956795,
                    0.1594221293926239
                ],
                [
                    0.0,
                    0.0,
                    0.0,
                    1.0
                ]
            ]
        },
        {
            "file_path": "/data/shapenet_blender/all_50_random/02958343/86b488c74b27d70ace27281f3b76d1f5/r_32",
            "rotation": 0.12566370614359174,
            "transform_matrix": [
                [
                    0.7553740739822388,
                    0.07954242080450058,
                    0.6504483222961426,
                    2.6220412254333496
                ],
                [
                    0.6552939414978027,
                    -0.09169057011604309,
                    -0.7497883439064026,
                    -3.022493839263916
                ],
                [
                    -3.725290742551124e-09,
                    0.9926055073738098,
                    -0.12138433009386063,
                    -0.489315927028656
                ],
                [
                    0.0,
                    0.0,
                    0.0,
                    1.0
                ]
            ]
        },
        {
            "file_path": "/data/shapenet_blender/all_50_random/02958343/86b488c74b27d70ace27281f3b76d1f5/r_33",
            "rotation": 0.12566370614359174,
            "transform_matrix": [
                [
                    -0.9826096892356873,
                    -0.11919320374727249,
                    0.1423763632774353,
                    0.5739375352859497
                ],
                [
                    0.18568265438079834,
                    -0.6307557225227356,
                    0.7534381747245789,
                    3.0372066497802734
                ],
                [
                    0.0,
                    0.7667725682258606,
                    0.6419187784194946,
                    2.5876576900482178
                ],
                [
                    0.0,
                    0.0,
                    0.0,
                    1.0
                ]
            ]
        },
        {
            "file_path": "/data/shapenet_blender/all_50_random/02958343/86b488c74b27d70ace27281f3b76d1f5/r_34",
            "rotation": 0.12566370614359174,
            "transform_matrix": [
                [
                    -0.34809064865112305,
                    0.24997824430465698,
                    0.9035173654556274,
                    3.642195224761963
                ],
                [
                    0.9374608993530273,
                    0.09281996637582779,
                    0.3354870080947876,
                    1.3523914813995361
                ],
                [
                    0.0,
                    0.9637921452522278,
                    -0.2666545510292053,
                    -1.0749189853668213
                ],
                [
                    0.0,
                    0.0,
                    0.0,
                    1.0
                ]
            ]
        },
        {
            "file_path": "/data/shapenet_blender/all_50_random/02958343/86b488c74b27d70ace27281f3b76d1f5/r_35",
            "rotation": 0.12566370614359174,
            "transform_matrix": [
                [
                    -0.2173292189836502,
                    0.03502712771296501,
                    -0.975469708442688,
                    -3.932244062423706
                ],
                [
                    -0.9760982990264893,
                    -0.007798822596669197,
                    0.2171892672777176,
                    0.8755179643630981
                ],
                [
                    9.313225191043273e-10,
                    0.9993559122085571,
                    0.035884831100702286,
                    0.14465637505054474
                ],
                [
                    0.0,
                    0.0,
                    0.0,
                    1.0
                ]
            ]
        },
        {
            "file_path": "/data/shapenet_blender/all_50_random/02958343/86b488c74b27d70ace27281f3b76d1f5/r_36",
            "rotation": 0.12566370614359174,
            "transform_matrix": [
                [
                    -0.06347347795963287,
                    -0.20803682506084442,
                    0.9760593175888062,
                    3.9346208572387695
                ],
                [
                    0.9979835748672485,
                    -0.013231501914560795,
                    0.062079060822725296,
                    0.2502487003803253
                ],
                [
                    0.0,
                    0.9780313372612,
                    0.20845720171928406,
                    0.8403178453445435
                ],
                [
                    0.0,
                    0.0,
                    0.0,
                    1.0
                ]
            ]
        },
        {
            "file_path": "/data/shapenet_blender/all_50_random/02958343/86b488c74b27d70ace27281f3b76d1f5/r_37",
            "rotation": 0.12566370614359174,
            "transform_matrix": [
                [
                    -0.13496142625808716,
                    0.09135394543409348,
                    0.9866305589675903,
                    3.9772350788116455
                ],
                [
                    0.9908508658409119,
                    0.012443103827536106,
                    0.1343865990638733,
                    0.5417296886444092
                ],
                [
                    0.0,
                    0.9957406520843506,
                    -0.092197485268116,
                    -0.3716599643230438
                ],
                [
                    0.0,
                    0.0,
                    0.0,
                    1.0
                ]
            ]
        },
        {
            "file_path": "/data/shapenet_blender/all_50_random/02958343/86b488c74b27d70ace27281f3b76d1f5/r_38",
            "rotation": 0.12566370614359174,
            "transform_matrix": [
                [
                    -0.9429594278335571,
                    -0.29240643978118896,
                    -0.15914170444011688,
                    -0.6415207386016846
                ],
                [
                    -0.3329078257083893,
                    0.8282395005226135,
                    0.4507679343223572,
                    1.817103624343872
                ],
                [
                    0.0,
                    0.4780352711677551,
                    -0.8783406019210815,
                    -3.5407042503356934
                ],
                [
                    0.0,
                    0.0,
                    0.0,
                    1.0
                ]
            ]
        },
        {
            "file_path": "/data/shapenet_blender/all_50_random/02958343/86b488c74b27d70ace27281f3b76d1f5/r_39",
            "rotation": 0.12566370614359174,
            "transform_matrix": [
                [
                    -0.3610366880893707,
                    -0.8494202494621277,
                    0.38488689064979553,
                    1.5515286922454834
                ],
                [
                    0.9325516223907471,
                    -0.32885241508483887,
                    0.14900867640972137,
                    0.6006731986999512
                ],
                [
                    0.0,
                    0.4127243459224701,
                    0.9108559489250183,
                    3.6717777252197266
                ],
                [
                    0.0,
                    0.0,
                    0.0,
                    1.0
                ]
            ]
        },
        {
            "file_path": "/data/shapenet_blender/all_50_random/02958343/86b488c74b27d70ace27281f3b76d1f5/r_40",
            "rotation": 0.12566370614359174,
            "transform_matrix": [
                [
                    0.952318549156189,
                    -0.035165537148714066,
                    -0.3030719757080078,
                    -1.2217222452163696
                ],
                [
                    -0.3051052689552307,
                    -0.10976143181324005,
                    -0.9459720849990845,
                    -3.813335418701172
                ],
                [
                    3.7252896323280993e-09,
                    0.9933357834815979,
                    -0.11525703966617584,
                    -0.46461600065231323
                ],
                [
                    0.0,
                    0.0,
                    0.0,
                    1.0
                ]
            ]
        },
        {
            "file_path": "/data/shapenet_blender/all_50_random/02958343/86b488c74b27d70ace27281f3b76d1f5/r_41",
            "rotation": 0.12566370614359174,
            "transform_matrix": [
                [
                    -0.4918702244758606,
                    0.5449091196060181,
                    0.6790712475776672,
                    2.7374236583709717
                ],
                [
                    0.8706686496734619,
                    0.3078376352787018,
                    0.3836303651332855,
                    1.5464634895324707
                ],
                [
                    0.0,
                    0.7799423336982727,
