{
    "class": "02958343",
    "model": "325ce7d1af0e0621221f497d46720397",
    "remove_doubles": true,
    "edge_split": true,
    "denoise": true,
    "camera_angle_x": 0.6911112070083618,
    "scale_factor": 2.256630776741359,
    "hdri_file": "/data/IndoorHDRDataset2018/9C4A0370-2d21311d85.exr",
    "center_offset": [
        0.0,
        0.0,
        -1.862645149230957e-09
    ],
    "lights": [],
    "frames": [
        {
            "file_path": "/data/shapenet_blender/all_50_random/02958343/325ce7d1af0e0621221f497d46720397/r_0",
            "rotation": 0.12566370614359174,
            "transform_matrix": [
                [
                    -0.7429928779602051,
                    -0.3601212799549103,
                    -0.5641579627990723,
                    -2.27419376373291
                ],
                [
                    -0.6692993640899658,
                    0.399772584438324,
                    0.626274824142456,
                    2.524594783782959
                ],
                [
                    0.0,
                    0.8429083228111267,
                    -0.5380570888519287,
                    -2.168977737426758
                ],
                [
                    0.0,
                    0.0,
                    0.0,
                    1.0
                ]
            ]
        },
        {
            "file_path": "/data/shapenet_blender/all_50_random/02958343/325ce7d1af0e0621221f497d46720397/r_1",
            "rotation": 0.12566370614359174,
            "transform_matrix": [
                [
                    0.55885910987854,
                    0.6489794254302979,
                    0.5162385702133179,
                    2.081024408340454
                ],
                [
                    0.8292626738548279,
                    -0.43736207485198975,
                    -0.3479049801826477,
                    -1.4024499654769897
                ],
                [
                    0.0,
                    0.6225271821022034,
                    -0.782598078250885,
                    -3.1547539234161377
                ],
                [
                    0.0,
                    0.0,
                    0.0,
                    1.0
                ]
            ]
        },
        {
            "file_path": "/data/shapenet_blender/all_50_random/02958343/325ce7d1af0e0621221f497d46720397/r_2",
            "rotation": 0.12566370614359174,
            "transform_matrix": [
                [
                    -0.3257383406162262,
                    -0.1275450736284256,
                    -0.9368173480033875,
                    -3.7764315605163574
                ],
                [
                    -0.9454599618911743,
                    0.04394296929240227,
                    0.3227607011795044,
                    1.3010900020599365
                ],
                [
                    -3.725290742551124e-09,
                    0.9908586740493774,
                    -0.134902685880661,
                    -0.5438101291656494
                ],
                [
                    0.0,
                    0.0,
                    0.0,
                    1.0
                ]
            ]
        },
        {
            "file_path": "/data/shapenet_blender/all_50_random/02958343/325ce7d1af0e0621221f497d46720397/r_3",
            "rotation": 0.12566370614359174,
            "transform_matrix": [
                [
                    0.9942328333854675,
                    0.05223666504025459,
                    -0.09366210550069809,
                    -0.37756404280662537
                ],
                [
                    -0.10724394768476486,
                    0.4842735826969147,
                    -0.8683189153671265,
                    -3.500305652618408
                ],
                [
                    0.0,
                    0.8733558654785156,
                    0.48708266019821167,
                    1.9634931087493896
                ],
                [
                    0.0,
                    0.0,
                    0.0,
                    1.0
                ]
            ]
        },
        {
            "file_path": "/data/shapenet_blender/all_50_random/02958343/325ce7d1af0e0621221f497d46720397/r_4",
            "rotation": 0.12566370614359174,
            "transform_matrix": [
                [
                    -0.4557758569717407,
                    0.3820837736129761,
                    0.8039156198501587,
                    3.240687608718872
                ],
                [
                    0.8900946974754333,
                    0.1956472247838974,
                    0.41164758801460266,
                    1.6594045162200928
                ],
                [
                    0.0,
                    0.9031800031661987,
                    -0.4292619526386261,
                    -1.7304103374481201
                ],
                [
                    0.0,
                    0.0,
                    0.0,
                    1.0
                ]
            ]
        },
        {
            "file_path": "/data/shapenet_blender/all_50_random/02958343/325ce7d1af0e0621221f497d46720397/r_5",
            "rotation": 0.12566370614359174,
            "transform_matrix": [
                [
                    -0.7822452783584595,
                    -0.4941435754299164,
                    -0.37936073541641235,
                    -1.529252052307129
                ],
                [
                    -0.622970700263977,
                    0.620481014251709,
                    0.47635170817375183,
                    1.9202351570129395
                ],
                [
                    0.0,
                    0.6089544892311096,
                    -0.793205201625824,
                    -3.19751238822937
                ],
                [
                    0.0,
                    0.0,
                    0.0,
                    1.0
                ]
            ]
        },
        {
            "file_path": "/data/shapenet_blender/all_50_random/02958343/325ce7d1af0e0621221f497d46720397/r_6",
            "rotation": 0.12566370614359174,
            "transform_matrix": [
                [
                    0.7494107484817505,
                    -0.30600425601005554,
                    -0.5871497988700867,
                    -2.3668768405914307
                ],
                [
                    -0.6621054410934448,
                    -0.34635403752326965,
                    -0.6645714640617371,
                    -2.678973436355591
                ],
                [
                    0.0,
                    0.8867920637130737,
                    -0.46216851472854614,
                    -1.8630609512329102
                ],
                [
                    0.0,
                    0.0,
                    0.0,
                    1.0
                ]
            ]
        },
        {
            "file_path": "/data/shapenet_blender/all_50_random/02958343/325ce7d1af0e0621221f497d46720397/r_7",
            "rotation": 0.12566370614359174,
            "transform_matrix": [
                [
                    0.4375671148300171,
                    0.2933318614959717,
                    -0.8499948978424072,
                    -3.4264392852783203
                ],
                [
                    -0.899185836315155,
                    0.14274288713932037,
                    -0.41362953186035156,
                    -1.6673940420150757
                ],
                [
                    0.0,
                    0.9452940225601196,
                    0.3262194097042084,
                    1.3150326013565063
                ],
                [
                    0.0,
                    0.0,
                    0.0,
                    1.0
                ]
            ]
        },
        {
            "file_path": "/data/shapenet_blender/all_50_random/02958343/325ce7d1af0e0621221f497d46720397/r_8",
            "rotation": 0.12566370614359174,
            "transform_matrix": [
                [
                    -0.930706262588501,
                    -0.012308108620345592,
                    -0.3655605614185333,
                    -1.4736218452453613
                ],
                [
                    -0.3657677471637726,
                    0.03131832554936409,
                    0.9301790595054626,
                    3.7496719360351562
                ],
                [
                    0.0,
                    0.9994336366653442,
                    -0.03365006670355797,
                    -0.13564777374267578
                ],
                [
                    0.0,
                    0.0,
                    0.0,
                    1.0
                ]
            ]
        },
        {
            "file_path": "/data/shapenet_blender/all_50_random/02958343/325ce7d1af0e0621221f497d46720397/r_9",
            "rotation": 0.12566370614359174,
            "transform_matrix": [
                [
                    0.7956597208976746,
                    0.20833554863929749,
                    -0.5687898993492126,
                    -2.29286527633667
                ],
                [
                    -0.6057438850402832,
                    0.27365392446517944,
                    -0.747119665145874,
                    -3.011735677719116
                ],
                [
                    0.0,
                    0.9389939308166504,
                    0.3439334034919739,
                    1.3864398002624512
                ],
                [
                    0.0,
                    0.0,
                    0.0,
                    1.0
                ]
            ]
        },
        {
            "file_path": "/data/shapenet_blender/all_50_random/02958343/325ce7d1af0e0621221f497d46720397/r_10",
            "rotation": 0.12566370614359174,
            "transform_matrix": [
                [
                    -0.05587458238005638,
                    -0.31594017148017883,
                    0.947132408618927,
                    3.8180129528045654
                ],
                [
                    0.9984378218650818,
                    -0.01768064685165882,
                    0.05300343036651611,
                    0.21366366744041443
                ],
                [
                    0.0,
                    0.9486143589019775,
                    0.31643450260162354,
                    1.2755882740020752
                ],
                [
                    0.0,
                    0.0,
                    0.0,
                    1.0
                ]
            ]
        },
        {
            "file_path": "/data/shapenet_blender/all_50_random/02958343/325ce7d1af0e0621221f497d46720397/r_11",
            "rotation": 0.12566370614359174,
            "transform_matrix": [
                [
                    -0.1388210505247116,
                    0.7786803245544434,
                    -0.611870527267456,
                    -2.46652889251709
                ],
                [
                    -0.9903175830841064,
                    -0.1091541051864624,
                    0.08577098697423935,
                    0.34575390815734863
                ],
                [
                    0.0,
                    0.6178529262542725,
                    0.7862936854362488,
                    3.1696512699127197
                ],
                [
                    0.0,
                    0.0,
                    0.0,
                    1.0
                ]
            ]
        },
        {
            "file_path": "/data/shapenet_blender/all_50_random/02958343/325ce7d1af0e0621221f497d46720397/r_12",
            "rotation": 0.12566370614359174,
            "transform_matrix": [
                [
                    0.9999999403953552,
                    -0.0001379431487293914,
                    0.000505536503624171,
                    0.0020378828048706055
                ],
                [
                    0.0005240186583250761,
                    0.26324087381362915,
                    -0.9647299647331238,
                    -3.888950824737549
                ],
                [
                    1.4551916963090328e-11,
                    0.9647300839424133,
                    0.2632409334182739,
                    1.0611581802368164
                ],
                [
                    0.0,
                    0.0,
                    0.0,
                    1.0
                ]
            ]
        },
        {
            "file_path": "/data/shapenet_blender/all_50_random/02958343/325ce7d1af0e0621221f497d46720397/r_13",
            "rotation": 0.12566370614359174,
            "transform_matrix": [
                [
                    0.3957613408565521,
                    0.10226066410541534,
                    0.9126421809196472,
                    3.6789779663085938
                ],
                [
                    0.9183533191680908,
                    -0.044068895280361176,
                    -0.3933001458644867,
                    -1.585443377494812
                ],
                [
                    0.0,
                    0.9937809109687805,
                    -0.11135219782590866,
                    -0.4488750100135803
                ],
                [
                    0.0,
                    0.0,
                    0.0,
                    1.0
                ]
            ]
        },
        {
            "file_path": "/data/shapenet_blender/all_50_random/02958343/325ce7d1af0e0621221f497d46720397/r_14",
            "rotation": 0.12566370614359174,
            "transform_matrix": [
                [
                    0.7304873466491699,
                    -0.05613497644662857,
                    0.680615246295929,
                    2.743647813796997
                ],
                [
                    0.6829262375831604,
                    0.06004439666867256,
                    -0.7280154228210449,
                    -2.9347240924835205
                ],
                [
                    -3.725290298461914e-09,
                    0.996616005897522,
                    0.08219771832227707,
                    0.33134961128234863
                ],
                [
                    0.0,
                    0.0,
                    0.0,
                    1.0
                ]
            ]
        },
        {
            "file_path": "/data/shapenet_blender/all_50_random/02958343/325ce7d1af0e0621221f497d46720397/r_15",
            "rotation": 0.12566370614359174,
            "transform_matrix": [
                [
                    0.6710326075553894,
                    0.3381125032901764,
                    0.6598447561264038,
                    2.659919261932373
                ],
                [
                    0.7414277791976929,
                    -0.30601027607917786,
                    -0.5971955060958862,
                    -2.407371997833252
                ],
                [
                    1.4901160305669237e-08,
                    0.8899649381637573,
                    -0.45602893829345703,
                    -1.8383114337921143
                ],
                [
                    0.0,
                    0.0,
                    0.0,
                    1.0
                ]
            ]
        },
        {
            "file_path": "/data/shapenet_blender/all_50_random/02958343/325ce7d1af0e0621221f497d46720397/r_16",
            "rotation": 0.12566370614359174,
            "transform_matrix": [
                [
                    0.3496066927909851,
                    0.06093328446149826,
                    -0.9349130392074585,
                    -3.7687549591064453
                ],
                [
                    -0.9368966221809387,
                    0.022737495601177216,
                    -0.3488664925098419,
                    -1.4063258171081543
                ],
                [
                    0.0,
                    0.9978828430175781,
                    0.06503736972808838,
                    0.26217401027679443
                ],
                [
                    0.0,
                    0.0,
                    0.0,
                    1.0
                ]
            ]
        },
        {
            "file_path": "/data/shapenet_blender/all_50_random/02958343/325ce7d1af0e0621221f497d46720397/r_17",
            "rotation": 0.12566370614359174,
            "transform_matrix": [
                [
                    -0.7078378200531006,
                    0.2551717162132263,
                    0.6586753129959106,
                    2.6552047729492188
                ],
                [
                    0.7063750624656677,
                    0.25570011138916016,
                    0.6600392460823059,
                    2.66070294380188
                ],
                [
                    0.0,
                    0.9324724078178406,
                    -0.3612411916255951,
                    -1.456209659576416
                ],
                [
                    0.0,
                    0.0,
                    0.0,
                    1.0
                ]
            ]
        },
        {
            "file_path": "/data/shapenet_blender/all_50_random/02958343/325ce7d1af0e0621221f497d46720397/r_18",
            "rotation": 0.12566370614359174,
            "transform_matrix": [
                [
                    -0.997952938079834,
                    -0.05294547975063324,
                    0.03587193042039871,
                    0.14460435509681702
                ],
                [
                    0.06395326554775238,
                    -0.8261829614639282,
                    0.5597602725028992,
                    2.2564656734466553
                ],
                [
                    1.862645149230957e-09,
                    0.5609085559844971,
                    0.8278778195381165,
                    3.3372819423675537
                ],
                [
                    0.0,
                    0.0,
                    0.0,
                    1.0
                ]
            ]
        },
        {
            "file_path": "/data/shapenet_blender/all_50_random/02958343/325ce7d1af0e0621221f497d46720397/r_19",
            "rotation": 0.12566370614359174,
            "transform_matrix": [
                [
                    0.9834750294685364,
                    -0.10312426835298538,
                    0.14880329370498657,
                    0.599845290184021
                ],
                [
                    0.1810443103313446,
                    0.5601951479911804,
                    -0.8083342909812927,
                    -3.25849986076355
                ],
                [
                    0.0,
                    0.8219164609909058,
                    0.5696079134941101,
                    2.2961628437042236
                ],
                [
                    0.0,
                    0.0,
                    0.0,
                    1.0
                ]
            ]
        },
        {
            "file_path": "/data/shapenet_blender/all_50_random/02958343/325ce7d1af0e0621221f497d46720397/r_20",
            "rotation": 0.12566370614359174,
            "transform_matrix": [
                [
                    -0.7564436793327332,
                    -0.07693757861852646,
                    -0.6495180726051331,
                    -2.618290901184082
                ],
                [
                    -0.6540589332580566,
                    0.08898119628429413,
                    0.7511919736862183,
                    3.028151273727417
                ],
                [
                    3.725290298461914e-09,
                    0.993057370185852,
                    -0.1176309883594513,
                    -0.47418561577796936
                ],
                [
                    0.0,
                    0.0,
                    0.0,
                    1.0
                ]
            ]
        },
        {
            "file_path": "/data/shapenet_blender/all_50_random/02958343/325ce7d1af0e0621221f497d46720397/r_21",
            "rotation": 0.12566370614359174,
            "transform_matrix": [
                [
                    0.0527920238673687,
                    0.6323651075363159,
                    -0.7728695273399353,
                    -3.115536689758301
                ],
                [
                    -0.9986055493354797,
                    0.03343044966459274,
                    -0.04085832089185715,
                    -0.16470515727996826
                ],
                [
                    0.0,
                    0.7739486694335938,
                    0.6332482099533081,
                    2.5527052879333496
                ],
                [
                    0.0,
                    0.0,
                    0.0,
                    1.0
                ]
            ]
        },
        {
            "file_path": "/data/shapenet_blender/all_50_random/02958343/325ce7d1af0e0621221f497d46720397/r_22",
            "rotation": 0.12566370614359174,
            "transform_matrix": [
                [
                    -0.9230062961578369,
                    0.2838226556777954,
                    0.25981542468070984,
                    1.0473495721817017
                ],
                [
                    0.38478487730026245,
                    0.6808223128318787,
                    0.6232346892356873,
                    2.5123395919799805
                ],
                [
                    -1.4901161193847656e-08,
                    0.675222635269165,
                    -0.7376139163970947,
                    -2.973417043685913
                ],
                [
                    0.0,
                    0.0,
                    0.0,
                    1.0
                ]
            ]
        },
        {
            "file_path": "/data/shapenet_blender/all_50_random/02958343/325ce7d1af0e0621221f497d46720397/r_23",
            "rotation": 0.12566370614359174,
            "transform_matrix": [
                [
                    -0.34536588191986084,
                    -0.7151978015899658,
                    -0.6076301336288452,
                    -2.4494357109069824
                ],
                [
                    -0.9384681582450867,
                    0.26320013403892517,
                    0.2236141413450241,
                    0.9014174938201904
                ],
                [
                    0.0,
                    0.6474702954292297,
                    -0.7620906233787537,
                    -3.0720858573913574
                ],
                [
                    0.0,
                    0.0,
                    0.0,
                    1.0
                ]
            ]
        },
        {
            "file_path": "/data/shapenet_blender/all_50_random/02958343/325ce7d1af0e0621221f497d46720397/r_24",
            "rotation": 0.12566370614359174,
            "transform_matrix": [
                [
                    0.6183205842971802,
                    -0.024525711312890053,
                    -0.7855432033538818,
                    -3.1666259765625
                ],
                [
                    -0.7859260439872742,
                    -0.01929539442062378,
                    -0.6180194020271301,
                    -2.4913158416748047
                ],
                [
                    -9.31322685637781e-10,
                    0.9995128512382507,
                    -0.03120613656938076,
                    -0.12579596042633057
                ],
                [
                    0.0,
                    0.0,
                    0.0,
                    1.0
                ]
            ]
        },
        {
            "file_path": "/data/shapenet_blender/all_50_random/02958343/325ce7d1af0e0621221f497d46720397/r_25",
            "rotation": 0.12566370614359174,
            "transform_matrix": [
                [
                    0.9953289031982422,
                    0.06807853281497955,
                    0.06845314055681229,
                    0.27594345808029175
                ],
                [
                    0.0965428501367569,
                    -0.7018700242042542,
                    -0.7057321071624756,
                    -2.8448972702026367
                ],
                [
                    3.725290298461914e-09,
                    0.7090440988540649,
                    -0.7051640152931213,
                    -2.842607259750366
                ],
                [
                    0.0,
                    0.0,
                    0.0,
                    1.0
                ]
            ]
        },
        {
            "file_path": "/data/shapenet_blender/all_50_random/02958343/325ce7d1af0e0621221f497d46720397/r_26",
            "rotation": 0.12566370614359174,
            "transform_matrix": [
                [
                    0.9629862308502197,
                    0.004707537591457367,
                    -0.26950976252555847,
                    -1.0864286422729492
                ],
                [
                    -0.2695508897304535,
                    0.016817951574921608,
                    -0.9628393054008484,
                    -3.881329298019409
                ],
                [
                    0.0,
                    0.999847412109375,
                    0.017464378848671913,
                    0.0704011619091034
                ],
                [
                    0.0,
                    0.0,
                    0.0,
                    1.0
                ]
            ]
        },
        {
            "file_path": "/data/shapenet_blender/all_50_random/02958343/325ce7d1af0e0621221f497d46720397/r_27",
            "rotation": 0.12566370614359174,
            "transform_matrix": [
                [
                    0.39183303713798523,
                    0.7980599403381348,
                    -0.4577849507331848,
                    -1.8453902006149292
                ],
                [
                    -0.9200364351272583,
                    0.3398846387863159,
                    -0.1949654072523117,
                    -0.7859306931495667
                ],
                [
                    -1.4901162970204496e-08,
                    0.4975726008415222,
                    0.8674222826957703,
                    3.4966909885406494
                ],
                [
                    0.0,
                    0.0,
                    0.0,
                    1.0
                ]
            ]
        },
        {
            "file_path": "/data/shapenet_blender/all_50_random/02958343/325ce7d1af0e0621221f497d46720397/r_28",
            "rotation": 0.12566370614359174,
            "transform_matrix": [
                [
                    0.8521459102630615,
                    0.3201351463794708,
                    -0.4139575660228729,
                    -1.668716311454773
                ],
                [
                    -0.523304283618927,
                    0.5213063359260559,
                    -0.6740862727165222,
                    -2.7173287868499756
                ],
                [
                    0.0,
                    0.7910456657409668,
                    0.6117570996284485,
                    2.466071844100952
                ],
                [
                    0.0,
                    0.0,
                    0.0,
                    1.0
                ]
            ]
        },
        {
            "file_path": "/data/shapenet_blender/all_50_random/02958343/325ce7d1af0e0621221f497d46720397/r_29",
            "rotation": 0.12566370614359174,
            "transform_matrix": [
                [
                    0.8598314523696899,
                    0.367253839969635,
                    0.35470351576805115,
                    1.4298555850982666
                ],
                [
                    0.5105780959129333,
                    -0.6184683442115784,
                    -0.5973331928253174,
                    -2.4079270362854004
                ],
                [
                    -1.4901161193847656e-08,
                    0.6947097182273865,
                    -0.7192902565002441,
                    -2.8995518684387207
                ],
                [
                    0.0,
                    0.0,
                    0.0,
                    1.0
                ]
            ]
        },
        {
            "file_path": "/data/shapenet_blender/all_50_random/02958343/325ce7d1af0e0621221f497d46720397/r_30",
            "rotation": 0.12566370614359174,
            "transform_matrix": [
                [
                    -0.7646006941795349,
                    0.1750488430261612,
                    -0.6202771663665771,
                    -2.5004172325134277
                ],
                [
                    -0.6445043683052063,
                    -0.2076672613620758,
                    0.7358589768409729,
                    2.9663424491882324
                ],
                [
                    0.0,
                    0.9624094367027283,
                    0.2716023027896881,
                    1.0948638916015625
                ],
                [
                    0.0,
                    0.0,
                    0.0,
                    1.0
                ]
            ]
        },
        {
            "file_path": "/data/shapenet_blender/all_50_random/02958343/325ce7d1af0e0621221f497d46720397/r_31",
            "rotation": 0.12566370614359174,
            "transform_matrix": [
                [
                    -0.508600652217865,
                    -0.0016170041635632515,
                    -0.8610010147094727,
                    -3.470806121826172
                ],
                [
                    -0.8610025644302368,
                    0.0009551764815114439,
                    0.5085997581481934,
                    2.0502312183380127
                ],
                [
                    -5.820766091346741e-11,
                    0.9999982118606567,
                    -0.0018780481768772006,
                    -0.0075706541538238525
                ],
                [
                    0.0,
                    0.0,
                    0.0,
                    1.0
                ]
            ]
        },
        {
            "file_path": "/data/shapenet_blender/all_50_random/02958343/325ce7d1af0e0621221f497d46720397/r_32",
            "rotation": 0.12566370614359174,
            "transform_matrix": [
                [
                    0.7376124858856201,
                    0.3632846772670746,
                    -0.569167971611023,
                    -2.294389486312866
                ],
                [
                    -0.6752243638038635,
                    0.39685073494911194,
                    -0.6217568516731262,
                    -2.5063819885253906
                ],
                [
                    0.0,
                    0.8429315686225891,
                    0.5380207300186157,
                    2.1688308715820312
                ],
                [
                    0.0,
                    0.0,
                    0.0,
                    1.0
                ]
            ]
        },
        {
            "file_path": "/data/shapenet_blender/all_50_random/02958343/325ce7d1af0e0621221f497d46720397/r_33",
            "rotation": 0.12566370614359174,
            "transform_matrix": [
                [
                    0.9524147510528564,
                    -0.17439484596252441,
                    -0.2499849945306778,
                    -1.0077217817306519
                ],
                [
                    -0.3048049211502075,
                    -0.5449262857437134,
                    -0.7811204791069031,
                    -3.1487975120544434
                ],
                [
                    -1.4901160305669237e-08,
                    0.8201473951339722,
                    -0.5721521973609924,
                    -2.306419610977173
                ],
                [
                    0.0,
                    0.0,
                    0.0,
                    1.0
                ]
            ]
        },
        {
            "file_path": "/data/shapenet_blender/all_50_random/02958343/325ce7d1af0e0621221f497d46720397/r_34",
            "rotation": 0.12566370614359174,
            "transform_matrix": [
                [
                    -0.30797743797302246,
                    0.26151373982429504,
                    0.9147460460662842,
                    3.6874594688415527
                ],
                [
                    0.9513936638832092,
                    0.08465511351823807,
                    0.2961141765117645,
                    1.1936745643615723
                ],
                [
                    0.0,
                    0.9614801406860352,
                    -0.27487435936927795,
                    -1.1080541610717773
                ],
                [
                    0.0,
                    0.0,
                    0.0,
                    1.0
                ]
            ]
        },
        {
            "file_path": "/data/shapenet_blender/all_50_random/02958343/325ce7d1af0e0621221f497d46720397/r_35",
            "rotation": 0.12566370614359174,
            "transform_matrix": [
                [
                    -0.9867694973945618,
                    0.04774653911590576,
                    -0.15493974089622498,
                    -0.6245821118354797
                ],
                [
                    -0.16212975978851318,
                    -0.2905994951725006,
                    0.9430088996887207,
                    3.8013906478881836
                ],
                [
                    0.0,
                    0.9556527733802795,
                    0.2944957911968231,
                    1.1871505975723267
                ],
                [
                    0.0,
                    0.0,
                    0.0,
                    1.0
                ]
            ]
        },
        {
            "file_path": "/data/shapenet_blender/all_50_random/02958343/325ce7d1af0e0621221f497d46720397/r_36",
            "rotation": 0.12566370614359174,
            "transform_matrix": [
                [
                    0.9999092817306519,
                    -0.00377918453887105,
                    -0.012933719903230667,
                    -0.05213749408721924
                ],
                [
                    -0.013474545441567898,
                    -0.280443012714386,
                    -0.9597761034965515,
                    -3.868981122970581
                ],
                [
                    -2.3283067140944524e-10,
                    0.9598631858825684,
                    -0.2804684638977051,
                    -1.1306045055389404
                ],
                [
                    0.0,
                    0.0,
                    0.0,
                    1.0
                ]
            ]
        },
        {
            "file_path": "/data/shapenet_blender/all_50_random/02958343/325ce7d1af0e0621221f497d46720397/r_37",
            "rotation": 0.12566370614359174,
            "transform_matrix": [
                [
                    -0.999958872795105,
                    0.0012262024683877826,
                    0.00898788869380951,
                    0.03623133897781372
                ],
                [
                    0.009071148000657558,
                    0.13517054915428162,
                    0.990780770778656,
                    3.9939651489257812
                ],
                [
                    0.0,
                    0.9908215403556824,
                    -0.13517610728740692,
                    -0.5449123382568359
                ],
                [
                    0.0,
                    0.0,
                    0.0,
                    1.0
                ]
            ]
        },
        {
            "file_path": "/data/shapenet_blender/all_50_random/02958343/325ce7d1af0e0621221f497d46720397/r_38",
            "rotation": 0.12566370614359174,
            "transform_matrix": [
                [
                    0.37410685420036316,
                    0.09976495057344437,
                    0.9220038056373596,
                    3.7167162895202637
                ],
                [
                    0.9273856282234192,
                    -0.04024512320756912,
                    -0.37193581461906433,
                    -1.4993212223052979
                ],
                [
                    0.0,
                    0.9941968321800232,
                    -0.10757655650377274,
                    -0.4336549639701843
                ],
                [
                    0.0,
                    0.0,
                    0.0,
                    1.0
                ]
            ]
        },
        {
            "file_path": "/data/shapenet_blender/all_50_random/02958343/325ce7d1af0e0621221f497d46720397/r_39",
            "rotation": 0.12566370614359174,
            "transform_matrix": [
                [
                    -0.4594714343547821,
                    0.1008540689945221,
                    0.8824479579925537,
                    3.5572614669799805
                ],
                [
                    0.8881924748420715,
                    0.052172884345054626,
                    0.45649975538253784,
                    1.8402093648910522
                ],
                [
                    0.0,
                    0.9935322999954224,
                    -0.11354978382587433,
                    -0.45773380994796753
                ],
                [
                    0.0,
                    0.0,
                    0.0,
                    1.0
                ]
            ]
        },
        {
            "file_path": "/data/shapenet_blender/all_50_random/02958343/325ce7d1af0e0621221f497d46720397/r_40",
            "rotation": 0.12566370614359174,
            "transform_matrix": [
                [
                    -0.7664064168930054,
                    -0.6166529655456543,
                    -0.17988981306552887,
                    -0.7251591086387634
                ],
                [
                    -0.6423560380935669,
                    0.7357395887374878,
                    0.21462972462177277,
                    0.8652001619338989
                ],
                [
                    0.0,
                    0.2800467312335968,
                    -0.9599862098693848,
                    -3.869828462600708
                ],
                [
                    0.0,
                    0.0,
                    0.0,
                    1.0
                ]
            ]
        },
        {
            "file_path": "/data/shapenet_blender/all_50_random/02958343/325ce7d1af0e0621221f497d46720397/r_41",
            "rotation": 0.12566370614359174,
            "transform_matrix": [
                [
                    -0.8136364221572876,
                    -0.10978394001722336,
                    -0.5709142684936523,
                    -2.301429271697998
                ],
                [
                    -0.581373929977417,
                    0.15364329516887665,
                    0.7989980578422546,
                    3.2208645343780518
                ],
                [
                    0.0,
                    0.9820087552070618,
                    -0.1888352930545807,
