{
    "class": "02958343",
    "model": "56dc27e4374cf87132eaaf3b7c9989f6",
    "remove_doubles": true,
    "edge_split": true,
    "denoise": true,
    "camera_angle_x": 0.6911112070083618,
    "scale_factor": 2.149869487162073,
    "hdri_file": "/data/IndoorHDRDataset2018/AG8A4005-20f7af8aae.exr",
    "center_offset": [
        0.0,
        0.0,
        -1.6298145055770874e-09
    ],
    "lights": [],
    "frames": [
        {
            "file_path": "/data/shapenet_blender/all_50_random/02958343/56dc27e4374cf87132eaaf3b7c9989f6/r_0",
            "rotation": 0.12566370614359174,
            "transform_matrix": [
                [
                    0.5057975053787231,
                    0.7752158045768738,
                    -0.3784300684928894,
                    -1.5255005359649658
                ],
                [
                    -0.8626523017883301,
                    0.4545310139656067,
                    -0.22188428044319153,
                    -0.8944442272186279
                ],
                [
                    0.0,
                    0.4386821389198303,
                    0.8986422419548035,
                    3.6225430965423584
                ],
                [
                    0.0,
                    0.0,
                    0.0,
                    1.0
                ]
            ]
        },
        {
            "file_path": "/data/shapenet_blender/all_50_random/02958343/56dc27e4374cf87132eaaf3b7c9989f6/r_1",
            "rotation": 0.12566370614359174,
            "transform_matrix": [
                [
                    -0.9186294674873352,
                    0.024407578632235527,
                    0.39436545968055725,
                    1.5897380113601685
                ],
                [
                    0.3951200246810913,
                    0.05674610659480095,
                    0.9168751835823059,
                    3.696042060852051
                ],
                [
                    0.0,
                    0.9980903267860413,
                    -0.06177257373929024,
                    -0.24901321530342102
                ],
                [
                    0.0,
                    0.0,
                    0.0,
                    1.0
                ]
            ]
        },
        {
            "file_path": "/data/shapenet_blender/all_50_random/02958343/56dc27e4374cf87132eaaf3b7c9989f6/r_2",
            "rotation": 0.12566370614359174,
            "transform_matrix": [
                [
                    -0.7745476961135864,
                    0.026595700532197952,
                    0.6319561004638672,
                    2.5474965572357178
                ],
                [
                    0.6325154900550842,
                    0.03256779909133911,
                    0.7738627195358276,
                    3.1195404529571533
                ],
                [
                    0.0,
                    0.9991156458854675,
                    -0.04204750806093216,
                    -0.16949892044067383
                ],
                [
                    0.0,
                    0.0,
                    0.0,
                    1.0
                ]
            ]
        },
        {
            "file_path": "/data/shapenet_blender/all_50_random/02958343/56dc27e4374cf87132eaaf3b7c9989f6/r_3",
            "rotation": 0.12566370614359174,
            "transform_matrix": [
                [
                    0.6580447554588318,
                    0.21566936373710632,
                    0.7214316725730896,
                    2.908184051513672
                ],
                [
                    0.7529787421226501,
                    -0.1884782463312149,
                    -0.6304751634597778,
                    -2.5415267944335938
                ],
                [
                    0.0,
                    0.9581036567687988,
                    -0.2864215672016144,
                    -1.154602289199829
                ],
                [
                    0.0,
                    0.0,
                    0.0,
                    1.0
                ]
            ]
        },
        {
            "file_path": "/data/shapenet_blender/all_50_random/02958343/56dc27e4374cf87132eaaf3b7c9989f6/r_4",
            "rotation": 0.12566370614359174,
            "transform_matrix": [
                [
                    -0.15092821419239044,
                    -0.16002704203128815,
                    -0.9755059480667114,
                    -3.9323904514312744
                ],
                [
                    -0.9885447025299072,
                    0.024432476609945297,
                    0.14893747866153717,
                    0.6003862619400024
                ],
                [
                    0.0,
                    0.9868102073669434,
                    -0.1618814319372177,
                    -0.6525650024414062
                ],
                [
                    0.0,
                    0.0,
                    0.0,
                    1.0
                ]
            ]
        },
        {
            "file_path": "/data/shapenet_blender/all_50_random/02958343/56dc27e4374cf87132eaaf3b7c9989f6/r_5",
            "rotation": 0.12566370614359174,
            "transform_matrix": [
                [
                    -0.9968510270118713,
                    0.06771738082170486,
                    -0.04126017913222313,
                    -0.16632512211799622
                ],
                [
                    -0.07929719239473343,
                    -0.8512802720069885,
                    0.5186848044395447,
                    2.090885639190674
                ],
                [
                    0.0,
                    0.5203233957290649,
                    0.853969156742096,
                    3.442460298538208
                ],
                [
                    0.0,
                    0.0,
                    0.0,
                    1.0
                ]
            ]
        },
        {
            "file_path": "/data/shapenet_blender/all_50_random/02958343/56dc27e4374cf87132eaaf3b7c9989f6/r_6",
            "rotation": 0.12566370614359174,
            "transform_matrix": [
                [
                    -0.21634258329868317,
                    -0.3653252124786377,
                    0.905391275882721,
                    3.6497490406036377
                ],
                [
                    0.9763175249099731,
                    -0.08095255494117737,
                    0.20062600076198578,
                    0.808749258518219
                ],
                [
                    0.0,
                    0.9273532629013062,
                    0.3741869032382965,
                    1.5083956718444824
                ],
                [
                    0.0,
                    0.0,
                    0.0,
                    1.0
                ]
            ]
        },
        {
            "file_path": "/data/shapenet_blender/all_50_random/02958343/56dc27e4374cf87132eaaf3b7c9989f6/r_7",
            "rotation": 0.12566370614359174,
            "transform_matrix": [
                [
                    0.997546911239624,
                    0.02077074535191059,
                    -0.06684863567352295,
                    -0.26947546005249023
                ],
                [
                    -0.07000117003917694,
                    0.29599207639694214,
                    -0.9526219367980957,
                    -3.840141773223877
                ],
                [
                    0.0,
                    0.9549645185470581,
                    0.2967199683189392,
                    1.1961164474487305
                ],
                [
                    0.0,
                    0.0,
                    0.0,
                    1.0
                ]
            ]
        },
        {
            "file_path": "/data/shapenet_blender/all_50_random/02958343/56dc27e4374cf87132eaaf3b7c9989f6/r_8",
            "rotation": 0.12566370614359174,
            "transform_matrix": [
                [
                    0.9041246175765991,
                    0.08427341282367706,
                    -0.41887563467025757,
                    -1.6885416507720947
                ],
                [
                    -0.42726901173591614,
                    0.17832714319229126,
                    -0.8863637447357178,
                    -3.5730464458465576
                ],
                [
                    0.0,
                    0.9803557991981506,
                    0.19723738729953766,
                    0.7950893640518188
                ],
                [
                    0.0,
                    0.0,
                    0.0,
                    1.0
                ]
            ]
        },
        {
            "file_path": "/data/shapenet_blender/all_50_random/02958343/56dc27e4374cf87132eaaf3b7c9989f6/r_9",
            "rotation": 0.12566370614359174,
            "transform_matrix": [
                [
                    0.4932577610015869,
                    -0.0310025867074728,
                    -0.8693305253982544,
                    -3.5043833255767822
                ],
                [
                    -0.8698831796646118,
                    -0.01757967844605446,
                    -0.4929444193840027,
                    -1.9871225357055664
                ],
                [
                    9.313225746154785e-10,
                    0.9993646740913391,
                    -0.035639941692352295,
                    -0.14366920292377472
                ],
                [
                    0.0,
                    0.0,
                    0.0,
                    1.0
                ]
            ]
        },
        {
            "file_path": "/data/shapenet_blender/all_50_random/02958343/56dc27e4374cf87132eaaf3b7c9989f6/r_10",
            "rotation": 0.12566370614359174,
            "transform_matrix": [
                [
                    -0.06822610646486282,
                    -0.6475172638893127,
                    0.758990466594696,
                    3.0595884323120117
                ],
                [
                    0.9976699352264404,
                    -0.0442807637155056,
                    0.05190390720963478,
                    0.20923134684562683
                ],
                [
                    0.0,
                    0.7607631087303162,
                    0.6490296125411987,
                    2.6163220405578613
                ],
                [
                    0.0,
                    0.0,
                    0.0,
                    1.0
                ]
            ]
        },
        {
            "file_path": "/data/shapenet_blender/all_50_random/02958343/56dc27e4374cf87132eaaf3b7c9989f6/r_11",
            "rotation": 0.12566370614359174,
            "transform_matrix": [
                [
                    0.6517281532287598,
                    -0.054152313619852066,
                    0.7565169334411621,
                    3.0496175289154053
                ],
                [
                    0.7584526538848877,
                    0.04653235152363777,
                    -0.6500647664070129,
                    -2.620495080947876
                ],
                [
                    0.0,
                    0.9974479079246521,
                    0.07139839977025986,
                    0.28781619668006897
                ],
                [
                    0.0,
                    0.0,
                    0.0,
                    1.0
                ]
            ]
        },
        {
            "file_path": "/data/shapenet_blender/all_50_random/02958343/56dc27e4374cf87132eaaf3b7c9989f6/r_12",
            "rotation": 0.12566370614359174,
            "transform_matrix": [
                [
                    0.010722416453063488,
                    -0.07909171283245087,
                    -0.996809720993042,
                    -4.01826810836792
                ],
                [
                    -0.9999425411224365,
                    -0.0008481030235998333,
                    -0.010688822716474533,
                    -0.04308801889419556
                ],
                [
                    -5.820766091346741e-11,
                    0.9968668818473816,
                    -0.07909627258777618,
                    -0.3188472390174866
                ],
                [
                    0.0,
                    0.0,
                    0.0,
                    1.0
                ]
            ]
        },
        {
            "file_path": "/data/shapenet_blender/all_50_random/02958343/56dc27e4374cf87132eaaf3b7c9989f6/r_13",
            "rotation": 0.12566370614359174,
            "transform_matrix": [
                [
                    0.005169542971998453,
                    0.07362756878137589,
                    0.9972723126411438,
                    4.0201334953308105
                ],
                [
                    0.9999867081642151,
                    -0.0003806259483098984,
                    -0.005155510734766722,
                    -0.020782530307769775
                ],
                [
                    0.0,
                    0.9972857236862183,
                    -0.07362853735685349,
                    -0.2968061566352844
                ],
                [
                    0.0,
                    0.0,
                    0.0,
                    1.0
                ]
            ]
        },
        {
            "file_path": "/data/shapenet_blender/all_50_random/02958343/56dc27e4374cf87132eaaf3b7c9989f6/r_14",
            "rotation": 0.12566370614359174,
            "transform_matrix": [
                [
                    0.7555679678916931,
                    0.03381367772817612,
                    -0.6541969776153564,
                    -2.637152671813965
                ],
                [
                    -0.6550703644752502,
                    0.03900119662284851,
                    -0.7545605301856995,
                    -3.041731119155884
                ],
                [
                    -1.862645371275562e-09,
                    0.9986668825149536,
                    0.05161837860941887,
                    0.20808035135269165
                ],
                [
                    0.0,
                    0.0,
                    0.0,
                    1.0
                ]
            ]
        },
        {
            "file_path": "/data/shapenet_blender/all_50_random/02958343/56dc27e4374cf87132eaaf3b7c9989f6/r_15",
            "rotation": 0.12566370614359174,
            "transform_matrix": [
                [
                    -0.3029933571815491,
                    0.23491068184375763,
                    0.9235864877700806,
                    3.7230961322784424
                ],
                [
                    0.9529927372932434,
                    0.07468722015619278,
                    0.293643981218338,
                    1.1837167739868164
                ],
                [
                    0.0,
                    0.9691433310508728,
                    -0.24649788439273834,
                    -0.9936647415161133
                ],
                [
                    0.0,
                    0.0,
                    0.0,
                    1.0
                ]
            ]
        },
        {
            "file_path": "/data/shapenet_blender/all_50_random/02958343/56dc27e4374cf87132eaaf3b7c9989f6/r_16",
            "rotation": 0.12566370614359174,
            "transform_matrix": [
                [
                    0.875512421131134,
                    -0.25390976667404175,
                    -0.411105751991272,
                    -1.6572203636169434
                ],
                [
                    -0.48319578170776367,
                    -0.4600643217563629,
                    -0.7448909878730774,
                    -3.0027518272399902
                ],
                [
                    1.4901162970204496e-08,
                    0.8508058190345764,
                    -0.5254800915718079,
                    -2.1182782649993896
                ],
                [
                    0.0,
                    0.0,
                    0.0,
                    1.0
                ]
            ]
        },
        {
            "file_path": "/data/shapenet_blender/all_50_random/02958343/56dc27e4374cf87132eaaf3b7c9989f6/r_17",
            "rotation": 0.12566370614359174,
            "transform_matrix": [
                [
                    -0.9285411238670349,
                    -0.12958358228206635,
                    0.34787872433662415,
                    1.4023441076278687
                ],
                [
                    0.37122976779937744,
                    -0.3241218030452728,
                    0.8701341152191162,
                    3.5076229572296143
                ],
                [
                    -1.4901162970204496e-08,
                    0.9370982050895691,
                    0.3490656614303589,
                    1.4071288108825684
                ],
                [
                    0.0,
                    0.0,
                    0.0,
                    1.0
                ]
            ]
        },
        {
            "file_path": "/data/shapenet_blender/all_50_random/02958343/56dc27e4374cf87132eaaf3b7c9989f6/r_18",
            "rotation": 0.12566370614359174,
            "transform_matrix": [
                [
                    0.6349377036094666,
                    0.5025724172592163,
                    -0.5867496132850647,
                    -2.3652634620666504
                ],
                [
                    -0.7725634574890137,
                    0.4130432903766632,
                    -0.48222506046295166,
                    -1.9439114332199097
                ],
                [
                    -1.4901162970204496e-08,
                    0.7594841718673706,
                    0.6505258083343506,
                    2.6223533153533936
                ],
                [
                    0.0,
                    0.0,
                    0.0,
                    1.0
                ]
            ]
        },
        {
            "file_path": "/data/shapenet_blender/all_50_random/02958343/56dc27e4374cf87132eaaf3b7c9989f6/r_19",
            "rotation": 0.12566370614359174,
            "transform_matrix": [
                [
                    0.5168450474739075,
                    -0.5625962615013123,
                    0.6452568769454956,
                    2.601113796234131
                ],
                [
                    0.8560789227485657,
                    0.3396592438220978,
                    -0.3895643651485443,
                    -1.5703842639923096
                ],
                [
                    0.0,
                    0.7537352442741394,
                    0.6571780443191528,
                    2.649169683456421
                ],
                [
                    0.0,
                    0.0,
                    0.0,
                    1.0
                ]
            ]
        },
        {
            "file_path": "/data/shapenet_blender/all_50_random/02958343/56dc27e4374cf87132eaaf3b7c9989f6/r_20",
            "rotation": 0.12566370614359174,
            "transform_matrix": [
                [
                    0.9995228052139282,
                    -0.015015361830592155,
                    0.026995690539479256,
                    0.10882312059402466
                ],
                [
                    0.03089059144258499,
                    0.48585009574890137,
                    -0.8734960556030273,
                    -3.5211753845214844
                ],
                [
                    9.313225746154785e-10,
                    0.8739132285118103,
                    0.4860820174217224,
                    1.9594594240188599
                ],
                [
                    0.0,
                    0.0,
                    0.0,
                    1.0
                ]
            ]
        },
        {
            "file_path": "/data/shapenet_blender/all_50_random/02958343/56dc27e4374cf87132eaaf3b7c9989f6/r_21",
            "rotation": 0.12566370614359174,
            "transform_matrix": [
                [
                    0.09199974685907364,
                    -0.41235870122909546,
                    -0.906364381313324,
                    -3.6536717414855957
                ],
                [
                    -0.9957590103149414,
                    -0.038098469376564026,
                    -0.08374043554067612,
                    -0.3375684916973114
                ],
                [
                    3.725290298461914e-09,
                    0.9102245569229126,
                    -0.41411495208740234,
                    -1.6693507432937622
                ],
                [
                    0.0,
                    0.0,
                    0.0,
                    1.0
                ]
            ]
        },
        {
            "file_path": "/data/shapenet_blender/all_50_random/02958343/56dc27e4374cf87132eaaf3b7c9989f6/r_22",
            "rotation": 0.12566370614359174,
            "transform_matrix": [
                [
                    -0.8976799249649048,
                    -0.05504511669278145,
                    0.43719661235809326,
                    1.7623958587646484
                ],
                [
                    0.44064822793006897,
                    -0.1121368333697319,
                    0.890648365020752,
                    3.590318441390991
                ],
                [
                    3.725290298461914e-09,
                    0.9921669960021973,
                    0.12491851300001144,
                    0.5035626292228699
                ],
                [
                    0.0,
                    0.0,
                    0.0,
                    1.0
                ]
            ]
        },
        {
            "file_path": "/data/shapenet_blender/all_50_random/02958343/56dc27e4374cf87132eaaf3b7c9989f6/r_23",
            "rotation": 0.12566370614359174,
            "transform_matrix": [
                [
                    0.1747766137123108,
                    0.007071764208376408,
                    -0.9845826625823975,
                    -3.968979835510254
                ],
                [
                    -0.9846080541610718,
                    0.001255300478078425,
                    -0.17477209866046906,
                    -0.7045289278030396
                ],
                [
                    0.0,
                    0.9999743103981018,
                    0.007182312663644552,
                    0.02895282953977585
                ],
                [
                    0.0,
                    0.0,
                    0.0,
                    1.0
                ]
            ]
        },
        {
            "file_path": "/data/shapenet_blender/all_50_random/02958343/56dc27e4374cf87132eaaf3b7c9989f6/r_24",
            "rotation": 0.12566370614359174,
            "transform_matrix": [
                [
                    -0.8938385844230652,
                    -0.3676711916923523,
                    0.2566523849964142,
                    1.0345988273620605
                ],
                [
                    0.44838887453079224,
                    -0.7329323291778564,
                    0.511622428894043,
                    2.0624160766601562
                ],
                [
                    0.0,
                    0.5723881125450134,
                    0.8199828863143921,
                    3.3054566383361816
                ],
                [
                    0.0,
                    0.0,
                    0.0,
                    1.0
                ]
            ]
        },
        {
            "file_path": "/data/shapenet_blender/all_50_random/02958343/56dc27e4374cf87132eaaf3b7c9989f6/r_25",
            "rotation": 0.12566370614359174,
            "transform_matrix": [
                [
                    -0.12345895916223526,
                    -0.6480993032455444,
                    0.751481831073761,
                    3.029320478439331
                ],
                [
                    0.9923496842384338,
                    -0.08063051104545593,
                    0.09349240362644196,
                    0.3768799602985382
                ],
                [
                    0.0,
                    0.7572753429412842,
                    0.6530957221984863,
                    2.6327133178710938
                ],
                [
                    0.0,
                    0.0,
                    0.0,
                    1.0
                ]
            ]
        },
        {
            "file_path": "/data/shapenet_blender/all_50_random/02958343/56dc27e4374cf87132eaaf3b7c9989f6/r_26",
            "rotation": 0.12566370614359174,
            "transform_matrix": [
                [
                    -0.7168923020362854,
                    0.061211585998535156,
                    -0.6944916248321533,
                    -2.7995851039886475
                ],
                [
                    -0.6971839666366577,
                    -0.06294193863868713,
                    0.7141238451004028,
                    2.878725290298462
                ],
                [
                    3.7252898543727042e-09,
                    0.9961382150650024,
                    0.08779832720756531,
                    0.3539263606071472
                ],
                [
                    0.0,
                    0.0,
                    0.0,
                    1.0
                ]
            ]
        },
        {
            "file_path": "/data/shapenet_blender/all_50_random/02958343/56dc27e4374cf87132eaaf3b7c9989f6/r_27",
            "rotation": 0.12566370614359174,
            "transform_matrix": [
                [
                    0.9138799905776978,
                    -0.3879016935825348,
                    0.11981527507305145,
                    0.4829908609390259
                ],
                [
                    0.4059845805168152,
                    0.8731750249862671,
                    -0.26970675587654114,
                    -1.0872228145599365
                ],
                [
                    7.450581485102248e-09,
                    0.29512280225753784,
                    0.9554592370986938,
                    3.8515796661376953
                ],
                [
                    0.0,
                    0.0,
                    0.0,
                    1.0
                ]
            ]
        },
        {
            "file_path": "/data/shapenet_blender/all_50_random/02958343/56dc27e4374cf87132eaaf3b7c9989f6/r_28",
            "rotation": 0.12566370614359174,
            "transform_matrix": [
                [
                    0.9994574189186096,
                    -0.0038339027669280767,
                    -0.03271157294511795,
                    -0.1318645477294922
                ],
                [
                    -0.03293547034263611,
                    -0.11634331941604614,
                    -0.9926629066467285,
                    -4.001551628112793
                ],
                [
                    0.0,
                    0.9932015538215637,
                    -0.11640649288892746,
                    -0.46924951672554016
                ],
                [
                    0.0,
                    0.0,
                    0.0,
                    1.0
                ]
            ]
        },
        {
            "file_path": "/data/shapenet_blender/all_50_random/02958343/56dc27e4374cf87132eaaf3b7c9989f6/r_29",
            "rotation": 0.12566370614359174,
            "transform_matrix": [
                [
                    0.6676710247993469,
                    -0.05065976828336716,
                    -0.7427308559417725,
                    -2.9940438270568848
                ],
                [
                    -0.7444565296173096,
                    -0.04543456435203552,
                    -0.6661232709884644,
                    -2.6852288246154785
                ],
                [
                    -3.725290742551124e-09,
                    0.9976819157600403,
                    -0.0680493414402008,
                    -0.27431565523147583
                ],
                [
                    0.0,
                    0.0,
                    0.0,
                    1.0
                ]
            ]
        },
        {
            "file_path": "/data/shapenet_blender/all_50_random/02958343/56dc27e4374cf87132eaaf3b7c9989f6/r_30",
            "rotation": 0.12566370614359174,
            "transform_matrix": [
                [
                    0.17031806707382202,
                    -0.474601686000824,
                    -0.86356520652771,
                    -3.481142997741699
                ],
                [
                    -0.9853891134262085,
                    -0.08203180134296417,
                    -0.14926159381866455,
                    -0.601692795753479
                ],
                [
                    0.0,
                    0.876369833946228,
                    -0.48163875937461853,
                    -1.9415481090545654
                ],
                [
                    0.0,
                    0.0,
                    0.0,
                    1.0
                ]
            ]
        },
        {
            "file_path": "/data/shapenet_blender/all_50_random/02958343/56dc27e4374cf87132eaaf3b7c9989f6/r_31",
            "rotation": 0.12566370614359174,
            "transform_matrix": [
                [
                    0.8487328886985779,
                    -0.13340681791305542,
                    -0.5117179751396179,
                    -2.0628011226654053
                ],
                [
                    -0.5288220047950745,
                    -0.21411126852035522,
                    -0.8212817311286926,
                    -3.310692548751831
                ],
                [
                    -7.450581485102248e-09,
                    0.9676564335823059,
                    -0.2522716820240021,
                    -1.016939640045166
                ],
                [
                    0.0,
                    0.0,
                    0.0,
                    1.0
                ]
            ]
        },
        {
            "file_path": "/data/shapenet_blender/all_50_random/02958343/56dc27e4374cf87132eaaf3b7c9989f6/r_32",
            "rotation": 0.12566370614359174,
            "transform_matrix": [
                [
                    -0.6052670478820801,
                    0.7728676795959473,
                    -0.1905970424413681,
                    -0.7683213353157043
                ],
                [
                    -0.7960225343704224,
                    -0.5876609683036804,
                    0.14492318034172058,
                    0.5842040777206421
                ],
                [
                    0.0,
                    0.23943667113780975,
                    0.9709118604660034,
                    3.9138710498809814
                ],
                [
                    0.0,
                    0.0,
                    0.0,
                    1.0
                ]
            ]
        },
        {
            "file_path": "/data/shapenet_blender/all_50_random/02958343/56dc27e4374cf87132eaaf3b7c9989f6/r_33",
            "rotation": 0.12566370614359174,
            "transform_matrix": [
                [
                    0.22377030551433563,
                    -0.43004292249679565,
                    -0.8746370077133179,
                    -3.5257744789123535
                ],
                [
                    -0.9746418595314026,
                    -0.098734550178051,
                    -0.20080995559692383,
                    -0.8094907999038696
                ],
                [
                    7.450580152834618e-09,
                    0.8973931670188904,
                    -0.44123172760009766,
                    -1.7786619663238525
                ],
                [
                    0.0,
                    0.0,
                    0.0,
                    1.0
                ]
            ]
        },
        {
            "file_path": "/data/shapenet_blender/all_50_random/02958343/56dc27e4374cf87132eaaf3b7c9989f6/r_34",
            "rotation": 0.12566370614359174,
            "transform_matrix": [
                [
                    0.9325796961784363,
                    -0.21718791127204895,
                    0.2883130609989166,
                    1.1622272729873657
                ],
                [
                    0.36096400022506714,
                    0.561122477054596,
                    -0.7448800802230835,
                    -3.0027079582214355
                ],
                [
                    0.0,
                    0.7987306714057922,
                    0.6016885042190552,
                    2.4254841804504395
                ],
                [
                    0.0,
                    0.0,
                    0.0,
                    1.0
                ]
            ]
        },
        {
            "file_path": "/data/shapenet_blender/all_50_random/02958343/56dc27e4374cf87132eaaf3b7c9989f6/r_35",
            "rotation": 0.12566370614359174,
            "transform_matrix": [
                [
                    0.4905050992965698,
                    0.20293235778808594,
                    0.8474804759025574,
                    3.4163031578063965
                ],
                [
                    0.8714383244514465,
                    -0.11422421783208847,
                    -0.4770199954509735,
                    -1.922929048538208
                ],
                [
                    0.0,
                    0.9725077152252197,
                    -0.23287057876586914,
                    -0.93873131275177
                ],
                [
                    0.0,
                    0.0,
                    0.0,
                    1.0
                ]
            ]
        },
        {
            "file_path": "/data/shapenet_blender/all_50_random/02958343/56dc27e4374cf87132eaaf3b7c9989f6/r_36",
            "rotation": 0.12566370614359174,
            "transform_matrix": [
                [
                    -0.1810871660709381,
                    -0.5591318607330322,
                    -0.8090605735778809,
                    -3.261427402496338
                ],
                [
                    -0.9834671020507812,
                    0.10295373201370239,
                    0.1489734649658203,
                    0.6005312204360962
                ],
                [
                    -7.450580596923828e-09,
                    0.8226613998413086,
                    -0.5685313940048218,
                    -2.291823387145996
                ],
                [
                    0.0,
                    0.0,
                    0.0,
                    1.0
                ]
            ]
        },
        {
            "file_path": "/data/shapenet_blender/all_50_random/02958343/56dc27e4374cf87132eaaf3b7c9989f6/r_37",
            "rotation": 0.12566370614359174,
            "transform_matrix": [
                [
                    0.8677273988723755,
                    -0.44437792897224426,
                    0.22266006469726562,
                    0.8975714445114136
                ],
                [
                    0.49704045057296753,
                    0.775789737701416,
                    -0.38871732354164124,
                    -1.566969633102417
                ],
                [
                    1.4901161193847656e-08,
                    0.4479717016220093,
                    0.8940476775169373,
                    3.6040215492248535
                ],
                [
                    0.0,
                    0.0,
                    0.0,
                    1.0
                ]
            ]
        },
        {
            "file_path": "/data/shapenet_blender/all_50_random/02958343/56dc27e4374cf87132eaaf3b7c9989f6/r_38",
            "rotation": 0.12566370614359174,
            "transform_matrix": [
                [
                    0.7541660070419312,
                    0.2865597903728485,
                    -0.5908613801002502,
                    -2.381838321685791
                ],
                [
                    -0.6566838622093201,
                    0.3290984630584717,
                    -0.6785724759101868,
                    -2.735413074493408
                ],
                [
                    -1.4901161193847656e-08,
                    0.8997653126716614,
                    0.4363740384578705,
                    1.7590800523757935
                ],
                [
                    0.0,
                    0.0,
                    0.0,
                    1.0
                ]
            ]
        },
        {
            "file_path": "/data/shapenet_blender/all_50_random/02958343/56dc27e4374cf87132eaaf3b7c9989f6/r_39",
            "rotation": 0.12566370614359174,
            "transform_matrix": [
                [
                    -0.9972788095474243,
                    -0.03933095186948776,
                    0.06235455721616745,
                    0.2513592541217804
                ],
                [
                    0.07372255623340607,
                    -0.5320478081703186,
                    0.843498706817627,
                    3.400252103805542
                ],
                [
                    0.0,
                    0.8458002805709839,
                    0.5334995985031128,
                    2.1506056785583496
                ],
                [
                    0.0,
                    0.0,
                    0.0,
                    1.0
                ]
            ]
        },
        {
            "file_path": "/data/shapenet_blender/all_50_random/02958343/56dc27e4374cf87132eaaf3b7c9989f6/r_40",
            "rotation": 0.12566370614359174,
            "transform_matrix": [
                [
                    -0.8882378339767456,
                    -0.14165183901786804,
                    -0.4369993507862091,
                    -1.7616007328033447
                ],
                [
                    -0.4593840539455414,
                    0.27388960123062134,
                    0.8449560403823853,
                    3.4061267375946045
                ],
                [
                    0.0,
                    0.9512723088264465,
                    -0.3083517253398895,
                    -1.2430055141448975
                ],
                [
                    0.0,
                    0.0,
                    0.0,
                    1.0
                ]
            ]
        },
        {
            "file_path": "/data/shapenet_blender/all_50_random/02958343/56dc27e4374cf87132eaaf3b7c9989f6/r_41",
            "rotation": 0.12566370614359174,
            "transform_matrix": [
                [
                    0.7964796423912048,
                    -0.3518003821372986,
                    0.4917892813682556,
                    1.9824659824371338
                ],
                [
                    0.6046653985977173,
                    0.4633997976779938,
                    -0.6477965116500854,
                    -2.611351251602173
                ],
                [
