{
    "class": "02958343",
    "model": "7e3237619d96b6e551a95aaa6caba1d3",
    "remove_doubles": true,
    "edge_split": true,
    "denoise": true,
    "camera_angle_x": 0.6911112070083618,
    "scale_factor": 2.263460006942609,
    "hdri_file": "/data/IndoorHDRDataset2018/AG8A5135-82a592562d.exr",
    "center_offset": [
        0.0,
        -1.862645149230957e-09,
        -3.725290298461914e-09
    ],
    "lights": [],
    "frames": [
        {
            "file_path": "/data/shapenet_blender/all_50_random/02958343/7e3237619d96b6e551a95aaa6caba1d3/r_0",
            "rotation": 0.12566370614359174,
            "transform_matrix": [
                [
                    -0.19087271392345428,
                    -0.28559303283691406,
                    -0.9391507506370544,
                    -3.7858378887176514
                ],
                [
                    -0.9816148281097412,
                    0.055532895028591156,
                    0.18261566758155823,
                    0.7361472845077515
                ],
                [
                    -3.725290742551124e-09,
                    0.9567406177520752,
                    -0.2909420430660248,
                    -1.1728248596191406
                ],
                [
                    0.0,
                    0.0,
                    0.0,
                    1.0
                ]
            ]
        },
        {
            "file_path": "/data/shapenet_blender/all_50_random/02958343/7e3237619d96b6e551a95aaa6caba1d3/r_1",
            "rotation": 0.12566370614359174,
            "transform_matrix": [
                [
                    -0.8764334917068481,
                    -0.10975658893585205,
                    0.468847393989563,
                    1.889984369277954
                ],
                [
                    0.4815230369567871,
                    -0.19977103173732758,
                    0.8533622026443481,
                    3.4400134086608887
                ],
                [
                    7.450580596923828e-09,
                    0.9736760854721069,
                    0.2279362976551056,
                    0.9188406467437744
                ],
                [
                    0.0,
                    0.0,
                    0.0,
                    1.0
                ]
            ]
        },
        {
            "file_path": "/data/shapenet_blender/all_50_random/02958343/7e3237619d96b6e551a95aaa6caba1d3/r_2",
            "rotation": 0.12566370614359174,
            "transform_matrix": [
                [
                    -0.30501529574394226,
                    -0.0456976480782032,
                    -0.951250433921814,
                    -3.834613084793091
                ],
                [
                    -0.952347457408905,
                    0.014635921455919743,
                    0.3046639561653137,
                    1.2281396389007568
                ],
                [
                    9.313225746154785e-10,
                    0.9988480806350708,
                    -0.04798421636223793,
                    -0.193430557847023
                ],
                [
                    0.0,
                    0.0,
                    0.0,
                    1.0
                ]
            ]
        },
        {
            "file_path": "/data/shapenet_blender/all_50_random/02958343/7e3237619d96b6e551a95aaa6caba1d3/r_3",
            "rotation": 0.12566370614359174,
            "transform_matrix": [
                [
                    0.9814488887786865,
                    0.0565321184694767,
                    0.18319998681545258,
                    0.7385027408599854
                ],
                [
                    0.19172407686710358,
                    -0.2893918752670288,
                    -0.9378135204315186,
                    -3.780447244644165
                ],
                [
                    3.725290742551124e-09,
                    0.9555398225784302,
                    -0.29486188292503357,
                    -1.1886262893676758
                ],
                [
                    0.0,
                    0.0,
                    0.0,
                    1.0
                ]
            ]
        },
        {
            "file_path": "/data/shapenet_blender/all_50_random/02958343/7e3237619d96b6e551a95aaa6caba1d3/r_4",
            "rotation": 0.12566370614359174,
            "transform_matrix": [
                [
                    0.4925377666950226,
                    -0.11135949194431305,
                    -0.8631370663642883,
                    -3.479416847229004
                ],
                [
                    -0.8702911138534546,
                    -0.06302345544099808,
                    -0.48848897218704224,
                    -1.9691619873046875
                ],
                [
                    0.0,
                    0.9917796850204468,
                    -0.12795661389827728,
                    -0.5158095955848694
                ],
                [
                    0.0,
                    0.0,
                    0.0,
                    1.0
                ]
            ]
        },
        {
            "file_path": "/data/shapenet_blender/all_50_random/02958343/7e3237619d96b6e551a95aaa6caba1d3/r_5",
            "rotation": 0.12566370614359174,
            "transform_matrix": [
                [
                    0.11441078037023544,
                    0.2800165116786957,
                    -0.953153133392334,
                    -3.842283248901367
                ],
                [
                    -0.9934335350990295,
                    0.03224866837263107,
                    -0.10977180302143097,
                    -0.44250428676605225
                ],
                [
                    1.862645149230957e-09,
                    0.9594534039497375,
                    0.2818673849105835,
                    1.1362438201904297
                ],
                [
                    0.0,
                    0.0,
                    0.0,
                    1.0
                ]
            ]
        },
        {
            "file_path": "/data/shapenet_blender/all_50_random/02958343/7e3237619d96b6e551a95aaa6caba1d3/r_6",
            "rotation": 0.12566370614359174,
            "transform_matrix": [
                [
                    0.9744680523872375,
                    -0.1467694342136383,
                    -0.16991360485553741,
                    -0.684943675994873
                ],
                [
                    -0.22452594339847565,
                    -0.6369960308074951,
                    -0.7374443411827087,
                    -2.97273325920105
                ],
                [
                    -7.450580152834618e-09,
                    0.7567660212516785,
                    -0.6536858677864075,
                    -2.63509202003479
                ],
                [
                    0.0,
                    0.0,
                    0.0,
                    1.0
                ]
            ]
        },
        {
            "file_path": "/data/shapenet_blender/all_50_random/02958343/7e3237619d96b6e551a95aaa6caba1d3/r_7",
            "rotation": 0.12566370614359174,
            "transform_matrix": [
                [
                    0.15578995645046234,
                    -0.897458553314209,
                    0.4126710593700409,
                    1.6635303497314453
                ],
                [
                    0.9877902865409851,
                    0.14154323935508728,
                    -0.06508467346429825,
                    -0.2623647451400757
                ],
                [
                    0.0,
                    0.417772114276886,
                    0.9085518717765808,
                    3.662489891052246
                ],
                [
                    0.0,
                    0.0,
                    0.0,
                    1.0
                ]
            ]
        },
        {
            "file_path": "/data/shapenet_blender/all_50_random/02958343/7e3237619d96b6e551a95aaa6caba1d3/r_8",
            "rotation": 0.12566370614359174,
            "transform_matrix": [
                [
                    -0.8357100486755371,
                    0.008850345388054848,
                    -0.5490995645523071,
                    -2.213491439819336
                ],
                [
                    -0.549170970916748,
                    -0.01346815936267376,
                    0.8356013894081116,
                    3.368417263031006
                ],
                [
                    4.656612873077393e-10,
                    0.9998701214790344,
                    0.01611582562327385,
                    0.06496497988700867
                ],
                [
                    0.0,
                    0.0,
                    0.0,
                    1.0
                ]
            ]
        },
        {
            "file_path": "/data/shapenet_blender/all_50_random/02958343/7e3237619d96b6e551a95aaa6caba1d3/r_9",
            "rotation": 0.12566370614359174,
            "transform_matrix": [
                [
                    -0.8311735391616821,
                    -0.41950950026512146,
                    0.3649139702320099,
                    1.4710153341293335
                ],
                [
                    0.5560129284858704,
                    -0.6271170377731323,
                    0.5455031991004944,
                    2.1989939212799072
                ],
                [
                    0.0,
                    0.6563047766685486,
                    0.7544957995414734,
                    3.0414700508117676
                ],
                [
                    0.0,
                    0.0,
                    0.0,
                    1.0
                ]
            ]
        },
        {
            "file_path": "/data/shapenet_blender/all_50_random/02958343/7e3237619d96b6e551a95aaa6caba1d3/r_10",
            "rotation": 0.12566370614359174,
            "transform_matrix": [
                [
                    -0.602833092212677,
                    0.05976360663771629,
                    0.7956258654594421,
                    3.207270383834839
                ],
                [
                    0.7978672385215759,
                    0.04515473172068596,
                    0.6011396646499634,
                    2.423271417617798
                ],
                [
                    3.725290076417309e-09,
                    0.9971907138824463,
                    -0.0749041959643364,
                    -0.3019484579563141
                ],
                [
                    0.0,
                    0.0,
                    0.0,
                    1.0
                ]
            ]
        },
        {
            "file_path": "/data/shapenet_blender/all_50_random/02958343/7e3237619d96b6e551a95aaa6caba1d3/r_11",
            "rotation": 0.12566370614359174,
            "transform_matrix": [
                [
                    -0.691457986831665,
                    -0.39552775025367737,
                    -0.6045193076133728,
                    -2.4368953704833984
                ],
                [
                    -0.7224166393280029,
                    0.37857767939567566,
                    0.5786130428314209,
                    2.3324637413024902
                ],
                [
                    0.0,
                    0.8368014097213745,
                    -0.5475064516067505,
                    -2.207069158554077
                ],
                [
                    0.0,
                    0.0,
                    0.0,
                    1.0
                ]
            ]
        },
        {
            "file_path": "/data/shapenet_blender/all_50_random/02958343/7e3237619d96b6e551a95aaa6caba1d3/r_12",
            "rotation": 0.12566370614359174,
            "transform_matrix": [
                [
                    0.9696364998817444,
                    0.006900040432810783,
                    -0.2444535195827484,
                    -0.9854235649108887
                ],
                [
                    -0.24455085396766663,
                    0.027358446270227432,
                    -0.9692505598068237,
                    -3.9071733951568604
                ],
                [
                    4.6566123179658803e-10,
                    0.9996019005775452,
                    0.028215160593390465,
                    0.11373893916606903
                ],
                [
                    0.0,
                    0.0,
                    0.0,
                    1.0
                ]
            ]
        },
        {
            "file_path": "/data/shapenet_blender/all_50_random/02958343/7e3237619d96b6e551a95aaa6caba1d3/r_13",
            "rotation": 0.12566370614359174,
            "transform_matrix": [
                [
                    -0.9345477819442749,
                    -0.31603917479515076,
                    0.1635230928659439,
                    0.6591827273368835
                ],
                [
                    0.355837881565094,
                    -0.8300232291221619,
                    0.429465651512146,
                    1.7312315702438354
                ],
                [
                    0.0,
                    0.4595438241958618,
                    0.8881549835205078,
                    3.5802674293518066
                ],
                [
                    0.0,
                    0.0,
                    0.0,
                    1.0
                ]
            ]
        },
        {
            "file_path": "/data/shapenet_blender/all_50_random/02958343/7e3237619d96b6e551a95aaa6caba1d3/r_14",
            "rotation": 0.12566370614359174,
            "transform_matrix": [
                [
                    -0.9072849750518799,
                    0.041767630726099014,
                    0.41843703389167786,
                    1.686773657798767
                ],
                [
                    0.4205164611339569,
                    0.09011571109294891,
                    0.9027984738349915,
                    3.6392970085144043
                ],
                [
                    3.725290742551124e-09,
                    0.9950549602508545,
                    -0.09932461380958557,
                    -0.4003903269767761
                ],
                [
                    0.0,
                    0.0,
                    0.0,
                    1.0
                ]
            ]
        },
        {
            "file_path": "/data/shapenet_blender/all_50_random/02958343/7e3237619d96b6e551a95aaa6caba1d3/r_15",
            "rotation": 0.12566370614359174,
            "transform_matrix": [
                [
                    -0.8550024032592773,
                    0.2695100009441376,
                    -0.4430970549583435,
                    -1.7861814498901367
                ],
                [
                    -0.5186237692832947,
                    -0.44431382417678833,
                    0.7304891347885132,
                    2.9446961879730225
                ],
                [
                    0.0,
                    0.8543708324432373,
                    0.5196636915206909,
                    2.094831705093384
                ],
                [
                    0.0,
                    0.0,
                    0.0,
                    1.0
                ]
            ]
        },
        {
            "file_path": "/data/shapenet_blender/all_50_random/02958343/7e3237619d96b6e551a95aaa6caba1d3/r_16",
            "rotation": 0.12566370614359174,
            "transform_matrix": [
                [
                    0.9783641695976257,
                    0.028155744075775146,
                    0.2049657255411148,
                    0.8262432813644409
                ],
                [
                    0.2068905532360077,
                    -0.13314561545848846,
                    -0.9692618250846863,
                    -3.907219409942627
                ],
                [
                    0.0,
                    0.990696370601654,
                    -0.13609005510807037,
                    -0.5485965609550476
                ],
                [
                    0.0,
                    0.0,
                    0.0,
                    1.0
                ]
            ]
        },
        {
            "file_path": "/data/shapenet_blender/all_50_random/02958343/7e3237619d96b6e551a95aaa6caba1d3/r_17",
            "rotation": 0.12566370614359174,
            "transform_matrix": [
                [
                    -0.6558935642242432,
                    -0.007650088518857956,
                    -0.7548145055770874,
                    -3.042754650115967
                ],
                [
                    -0.7548532485961914,
                    0.006647178437560797,
                    0.6558599472045898,
                    2.6438560485839844
                ],
                [
                    4.6566125955216364e-10,
                    0.9999486207962036,
                    -0.010134536772966385,
                    -0.04085362330079079
                ],
                [
                    0.0,
                    0.0,
                    0.0,
                    1.0
                ]
            ]
        },
        {
            "file_path": "/data/shapenet_blender/all_50_random/02958343/7e3237619d96b6e551a95aaa6caba1d3/r_18",
            "rotation": 0.12566370614359174,
            "transform_matrix": [
                [
                    0.2889796793460846,
                    0.11759986728429794,
                    0.9500846862792969,
                    3.829914093017578
                ],
                [
                    0.9573352336883545,
                    -0.03549850732088089,
                    -0.28679102659225464,
                    -1.1560916900634766
                ],
                [
                    3.725290298461914e-09,
                    0.992426335811615,
                    -0.12284084409475327,
                    -0.49518731236457825
                ],
                [
                    0.0,
                    0.0,
                    0.0,
                    1.0
                ]
            ]
        },
        {
            "file_path": "/data/shapenet_blender/all_50_random/02958343/7e3237619d96b6e551a95aaa6caba1d3/r_19",
            "rotation": 0.12566370614359174,
            "transform_matrix": [
                [
                    -0.44613751769065857,
                    -0.053348567336797714,
                    0.8933729529380798,
                    3.601301670074463
                ],
                [
                    0.8949644565582275,
                    -0.026594126597046852,
                    0.44534415006637573,
                    1.7952396869659424
                ],
                [
                    0.0,
                    0.9982218146324158,
                    0.059609707444906235,
                    0.24029441177845
                ],
                [
                    0.0,
                    0.0,
                    0.0,
                    1.0
                ]
            ]
        },
        {
            "file_path": "/data/shapenet_blender/all_50_random/02958343/7e3237619d96b6e551a95aaa6caba1d3/r_20",
            "rotation": 0.12566370614359174,
            "transform_matrix": [
                [
                    -0.88578861951828,
                    -0.18909519910812378,
                    0.4238177537918091,
                    1.7084641456604004
                ],
                [
                    0.46408891677856445,
                    -0.36091870069503784,
                    0.8089246153831482,
                    3.2608797550201416
                ],
                [
                    -1.4901161193847656e-08,
                    0.9132254123687744,
                    0.40745463967323303,
                    1.6425023078918457
                ],
                [
                    0.0,
                    0.0,
                    0.0,
                    1.0
                ]
            ]
        },
        {
            "file_path": "/data/shapenet_blender/all_50_random/02958343/7e3237619d96b6e551a95aaa6caba1d3/r_21",
            "rotation": 0.12566370614359174,
            "transform_matrix": [
                [
                    0.8634646534919739,
                    0.23152495920658112,
                    0.44813501834869385,
                    1.806490182876587
                ],
                [
                    0.5044094324111938,
                    -0.3963320553302765,
                    -0.7671322822570801,
                    -3.092409372329712
                ],
                [
                    0.0,
                    0.8884351849555969,
                    -0.4590020477771759,
                    -1.8502966165542603
                ],
                [
                    0.0,
                    0.0,
                    0.0,
                    1.0
                ]
            ]
        },
        {
            "file_path": "/data/shapenet_blender/all_50_random/02958343/7e3237619d96b6e551a95aaa6caba1d3/r_22",
            "rotation": 0.12566370614359174,
            "transform_matrix": [
                [
                    -0.9035995602607727,
                    0.003881056560203433,
                    0.42836064100265503,
                    1.7267770767211914
                ],
                [
                    0.42837828397750854,
                    0.008186505176126957,
                    0.9035623669624329,
                    3.642376661300659
                ],
                [
                    -2.3283064365386963e-10,
                    0.9999589920043945,
                    -0.009059881791472435,
                    -0.0365215539932251
                ],
                [
                    0.0,
                    0.0,
                    0.0,
                    1.0
                ]
            ]
        },
        {
            "file_path": "/data/shapenet_blender/all_50_random/02958343/7e3237619d96b6e551a95aaa6caba1d3/r_23",
            "rotation": 0.12566370614359174,
            "transform_matrix": [
                [
                    0.9979656934738159,
                    -0.00254564406350255,
                    0.06370379030704498,
                    0.25679823756217957
                ],
                [
                    0.06375464051961899,
                    0.03984753414988518,
                    -0.9971697330474854,
                    -4.019720077514648
                ],
                [
                    0.0,
                    0.9992024302482605,
                    0.03992876783013344,
                    0.16095802187919617
                ],
                [
                    0.0,
                    0.0,
                    0.0,
                    1.0
                ]
            ]
        },
        {
            "file_path": "/data/shapenet_blender/all_50_random/02958343/7e3237619d96b6e551a95aaa6caba1d3/r_24",
            "rotation": 0.12566370614359174,
            "transform_matrix": [
                [
                    -0.07870215177536011,
                    -0.1985313594341278,
                    -0.9769295454025269,
                    -3.93812894821167
                ],
                [
                    -0.9968982338905334,
                    0.01567346230149269,
                    0.077125683426857,
                    0.3109035789966583
                ],
                [
                    1.862645149230957e-09,
                    0.9799692034721375,
                    -0.19914911687374115,
                    -0.8027957677841187
                ],
                [
                    0.0,
                    0.0,
                    0.0,
                    1.0
                ]
            ]
        },
        {
            "file_path": "/data/shapenet_blender/all_50_random/02958343/7e3237619d96b6e551a95aaa6caba1d3/r_25",
            "rotation": 0.12566370614359174,
            "transform_matrix": [
                [
                    0.29050958156585693,
                    0.24692009389400482,
                    -0.9244644641876221,
                    -3.726635694503784
                ],
                [
                    -0.9568721055984497,
                    0.07496576011180878,
                    -0.28067049384117126,
                    -1.131419062614441
                ],
                [
                    -7.450580596923828e-09,
                    0.9661317467689514,
                    0.2580491900444031,
                    1.0402296781539917
                ],
                [
                    0.0,
                    0.0,
                    0.0,
                    1.0
                ]
            ]
        },
        {
            "file_path": "/data/shapenet_blender/all_50_random/02958343/7e3237619d96b6e551a95aaa6caba1d3/r_26",
            "rotation": 0.12566370614359174,
            "transform_matrix": [
                [
                    0.9431310892105103,
                    0.06705323606729507,
                    0.32558828592300415,
                    1.312488317489624
                ],
                [
                    0.3324212431907654,
                    -0.1902405321598053,
                    -0.9237449169158936,
                    -3.7237348556518555
                ],
                [
                    3.725290742551124e-09,
                    0.9794449210166931,
                    -0.20171166956424713,
                    -0.813125729560852
                ],
                [
                    0.0,
                    0.0,
                    0.0,
                    1.0
                ]
            ]
        },
        {
            "file_path": "/data/shapenet_blender/all_50_random/02958343/7e3237619d96b6e551a95aaa6caba1d3/r_27",
            "rotation": 0.12566370614359174,
            "transform_matrix": [
                [
                    -0.7303463816642761,
                    0.21664395928382874,
                    -0.6478113532066345,
                    -2.6114110946655273
                ],
                [
                    -0.6830769777297974,
                    -0.23163586854934692,
                    0.6926403641700745,
                    2.7921226024627686
                ],
                [
                    0.0,
                    0.9483723044395447,
                    0.31715893745422363,
                    1.2785085439682007
                ],
                [
                    0.0,
                    0.0,
                    0.0,
                    1.0
                ]
            ]
        },
        {
            "file_path": "/data/shapenet_blender/all_50_random/02958343/7e3237619d96b6e551a95aaa6caba1d3/r_28",
            "rotation": 0.12566370614359174,
            "transform_matrix": [
                [
                    -0.6481656432151794,
                    0.06264279782772064,
                    0.758918285369873,
                    3.059297561645508
                ],
                [
                    0.7614992260932922,
                    0.05331970751285553,
                    0.6459689140319824,
                    2.6039838790893555
                ],
                [
                    3.725290076417309e-09,
                    0.9966106414794922,
                    -0.08226246386766434,
                    -0.3316105902194977
                ],
                [
                    0.0,
                    0.0,
                    0.0,
                    1.0
                ]
            ]
        },
        {
            "file_path": "/data/shapenet_blender/all_50_random/02958343/7e3237619d96b6e551a95aaa6caba1d3/r_29",
            "rotation": 0.12566370614359174,
            "transform_matrix": [
                [
                    -0.5676507353782654,
                    0.4334757626056671,
                    0.6999081373214722,
                    2.8214199542999268
                ],
                [
                    0.8232694268226624,
                    0.29888495802879333,
                    0.4825921654701233,
                    1.945391297340393
                ],
                [
                    0.0,
                    0.850156843662262,
                    -0.5265296101570129,
                    -2.1225087642669678
                ],
                [
                    0.0,
                    0.0,
                    0.0,
                    1.0
                ]
            ]
        },
        {
            "file_path": "/data/shapenet_blender/all_50_random/02958343/7e3237619d96b6e551a95aaa6caba1d3/r_30",
            "rotation": 0.12566370614359174,
            "transform_matrix": [
                [
                    -0.9953966736793518,
                    0.009601841680705547,
                    -0.09535955637693405,
                    -0.3844066560268402
                ],
                [
                    -0.09584175795316696,
                    -0.09972315281629562,
                    0.9903886318206787,
                    3.992384195327759
                ],
                [
                    0.0,
                    0.994968831539154,
                    0.1001843512058258,
                    0.4038560390472412
                ],
                [
                    0.0,
                    0.0,
                    0.0,
                    1.0
                ]
            ]
        },
        {
            "file_path": "/data/shapenet_blender/all_50_random/02958343/7e3237619d96b6e551a95aaa6caba1d3/r_31",
            "rotation": 0.12566370614359174,
            "transform_matrix": [
                [
                    -0.29409435391426086,
                    0.1724303811788559,
                    0.9400937557220459,
                    3.7896392345428467
                ],
                [
                    0.9557763934135437,
                    0.05305718258023262,
                    0.2892687916755676,
                    1.1660797595977783
                ],
                [
                    0.0,
                    0.9835916757583618,
                    -0.18040871620178223,
                    -0.7272508144378662
                ],
                [
                    0.0,
                    0.0,
                    0.0,
                    1.0
                ]
            ]
        },
        {
            "file_path": "/data/shapenet_blender/all_50_random/02958343/7e3237619d96b6e551a95aaa6caba1d3/r_32",
            "rotation": 0.12566370614359174,
            "transform_matrix": [
                [
                    0.3536122739315033,
                    0.08670572936534882,
                    -0.9313647747039795,
                    -3.7544517517089844
                ],
                [
                    -0.9353922009468079,
                    0.03277792036533356,
                    -0.3520897626876831,
                    -1.4193193912506104
                ],
                [
                    0.0,
                    0.9956945776939392,
                    0.09269452095031738,
                    0.37366360425949097
                ],
                [
                    0.0,
                    0.0,
                    0.0,
                    1.0
                ]
            ]
        },
        {
            "file_path": "/data/shapenet_blender/all_50_random/02958343/7e3237619d96b6e551a95aaa6caba1d3/r_33",
            "rotation": 0.12566370614359174,
            "transform_matrix": [
                [
                    0.9629707336425781,
                    0.09032130986452103,
                    0.2540264129638672,
                    1.0240134000778198
                ],
                [
                    0.26960596442222595,
                    -0.32260701060295105,
                    -0.9073241949081421,
                    -3.657541036605835
                ],
                [
                    -7.450580596923828e-09,
                    0.9422137141227722,
                    -0.3350122570991516,
                    -1.350477695465088
                ],
                [
                    0.0,
                    0.0,
                    0.0,
                    1.0
                ]
            ]
        },
        {
            "file_path": "/data/shapenet_blender/all_50_random/02958343/7e3237619d96b6e551a95aaa6caba1d3/r_34",
            "rotation": 0.12566370614359174,
            "transform_matrix": [
                [
                    0.9998053312301636,
                    0.00627376651391387,
                    0.018706845119595528,
                    0.07540971040725708
                ],
                [
                    0.01973084546625614,
                    -0.3179055452346802,
                    -0.9479169845581055,
                    -3.8211758136749268
                ],
                [
                    4.656612873077393e-10,
                    0.9481015801429749,
                    -0.31796741485595703,
                    -1.281767725944519
                ],
                [
                    0.0,
                    0.0,
                    0.0,
                    1.0
                ]
            ]
        },
        {
            "file_path": "/data/shapenet_blender/all_50_random/02958343/7e3237619d96b6e551a95aaa6caba1d3/r_35",
            "rotation": 0.12566370614359174,
            "transform_matrix": [
                [
                    -0.8455607295036316,
                    -0.5333066582679749,
                    0.02471616305410862,
                    0.09963402897119522
                ],
                [
                    0.5338791608810425,
                    -0.8446540236473083,
                    0.03914559260010719,
                    0.15780091285705566
                ],
                [
                    1.8626450382086546e-09,
                    0.046296656131744385,
                    0.9989278316497803,
                    4.026806354522705
                ],
                [
                    0.0,
                    0.0,
                    0.0,
                    1.0
                ]
            ]
        },
        {
            "file_path": "/data/shapenet_blender/all_50_random/02958343/7e3237619d96b6e551a95aaa6caba1d3/r_36",
            "rotation": 0.12566370614359174,
            "transform_matrix": [
                [
                    0.22991876304149628,
                    -0.2830680012702942,
                    0.9311336278915405,
                    3.7535197734832764
                ],
                [
                    0.9732099175453186,
                    0.06687421351671219,
                    -0.21997831761837006,
                    -0.886760950088501
                ],
                [
                    -7.450581485102248e-09,
                    0.9567655920982361,
                    0.2908601760864258,
                    1.172494888305664
                ],
                [
                    0.0,
                    0.0,
                    0.0,
                    1.0
                ]
            ]
        },
        {
            "file_path": "/data/shapenet_blender/all_50_random/02958343/7e3237619d96b6e551a95aaa6caba1d3/r_37",
            "rotation": 0.12566370614359174,
            "transform_matrix": [
                [
                    0.8787317276000977,
                    0.008587905205786228,
                    -0.47723865509033203,
                    -1.923810601234436
                ],
                [
                    -0.4773159325122833,
                    0.01581021025776863,
                    -0.8785895109176636,
                    -3.5417075157165527
                ],
                [
                    0.0,
                    0.9998380541801453,
                    0.017992079257965088,
                    0.07252839207649231
                ],
                [
                    0.0,
                    0.0,
                    0.0,
                    1.0
                ]
            ]
        },
        {
            "file_path": "/data/shapenet_blender/all_50_random/02958343/7e3237619d96b6e551a95aaa6caba1d3/r_38",
            "rotation": 0.12566370614359174,
            "transform_matrix": [
                [
                    0.5271621346473694,
                    -0.41845703125,
                    -0.7395902276039124,
                    -2.981383800506592
                ],
                [
                    -0.8497647047042847,
                    -0.25959503650665283,
                    -0.4588140547275543,
                    -1.8495386838912964
                ],
                [
                    1.4901161193847656e-08,
                    0.8703470826148987,
                    -0.4924386739730835,
                    -1.9850839376449585
                ],
                [
                    0.0,
                    0.0,
                    0.0,
                    1.0
                ]
            ]
        },
        {
            "file_path": "/data/shapenet_blender/all_50_random/02958343/7e3237619d96b6e551a95aaa6caba1d3/r_39",
            "rotation": 0.12566370614359174,
            "transform_matrix": [
                [
                    0.908217191696167,
                    -0.08884316682815552,
                    0.40896034240722656,
                    1.6485718488693237
                ],
                [
                    0.41849929094314575,
                    0.19280530512332916,
                    -0.8875159025192261,
                    -3.577691078186035
                ],
                [
                    0.0,
                    0.9772067666053772,
                    0.21228986978530884,
                    0.8557678461074829
                ],
                [
                    0.0,
                    0.0,
                    0.0,
                    1.0
                ]
            ]
        },
        {
            "file_path": "/data/shapenet_blender/all_50_random/02958343/7e3237619d96b6e551a95aaa6caba1d3/r_40",
            "rotation": 0.12566370614359174,
            "transform_matrix": [
                [
                    0.9544236063957214,
                    0.2767103910446167,
                    0.11183416098356247,
                    0.45081794261932373
                ],
                [
                    0.29845523834228516,
                    -0.8848862051963806,
                    -0.35763201117515564,
                    -1.4416608810424805
                ],
                [
                    7.450580596923828e-09,
                    0.3747098743915558,
                    -0.9271419644355774,
                    -3.737429141998291
                ],
                [
                    0.0,
                    0.0,
                    0.0,
                    1.0
                ]
            ]
        },
        {
            "file_path": "/data/shapenet_blender/all_50_random/02958343/7e3237619d96b6e551a95aaa6caba1d3/r_41",
            "rotation": 0.12566370614359174,
            "transform_matrix": [
                [
                    0.26452872157096863,
                    -0.35748398303985596,
                    0.8956726789474487,
                    3.610572338104248
                ],
                [
                    0.9643778204917908,
                    0.0980578288435936,
                    -0.24568293988704681,
