{
    "class": "02958343",
    "model": "43874d4b5154b6a0e3a6d6259addf247",
    "remove_doubles": true,
    "edge_split": true,
    "denoise": true,
    "camera_angle_x": 0.6911112070083618,
    "scale_factor": 2.6557920476855514,
    "hdri_file": "/data/IndoorHDRDataset2018/AG8A7463-95c383ac9f.exr",
    "center_offset": [
        0.0,
        0.0,
        5.587935447692871e-09
    ],
    "lights": [],
    "frames": [
        {
            "file_path": "/data/shapenet_blender/all_50_random/02958343/43874d4b5154b6a0e3a6d6259addf247/r_0",
            "rotation": 0.12566370614359174,
            "transform_matrix": [
                [
                    0.17131756246089935,
                    -0.3043833076953888,
                    0.9370172023773193,
                    3.7772367000579834
                ],
                [
                    0.9852157831192017,
                    0.05292872339487076,
                    -0.16293640434741974,
                    -0.6568175554275513
                ],
                [
                    -3.7252896323280993e-09,
                    0.9510779976844788,
                    0.30895090103149414,
                    1.2454208135604858
                ],
                [
                    0.0,
                    0.0,
                    0.0,
                    1.0
                ]
            ]
        },
        {
            "file_path": "/data/shapenet_blender/all_50_random/02958343/43874d4b5154b6a0e3a6d6259addf247/r_1",
            "rotation": 0.12566370614359174,
            "transform_matrix": [
                [
                    -0.7897626757621765,
                    -0.042875729501247406,
                    -0.611912190914154,
                    -2.4666969776153564
                ],
                [
                    -0.6134124398231506,
                    0.05520208925008774,
                    0.7878310680389404,
                    3.1758487224578857
                ],
                [
                    0.0,
                    0.9975541830062866,
                    -0.06989705562591553,
                    -0.28176403045654297
                ],
                [
                    0.0,
                    0.0,
                    0.0,
                    1.0
                ]
            ]
        },
        {
            "file_path": "/data/shapenet_blender/all_50_random/02958343/43874d4b5154b6a0e3a6d6259addf247/r_2",
            "rotation": 0.12566370614359174,
            "transform_matrix": [
                [
                    0.44364768266677856,
                    0.45647352933883667,
                    0.771238386631012,
                    3.1089611053466797
                ],
                [
                    0.8962012529373169,
                    -0.22596868872642517,
                    -0.38178715109825134,
                    -1.539033055305481
                ],
                [
                    0.0,
                    0.8605636954307556,
                    -0.5093427300453186,
                    -2.0532259941101074
                ],
                [
                    0.0,
                    0.0,
                    0.0,
                    1.0
                ]
            ]
        },
        {
            "file_path": "/data/shapenet_blender/all_50_random/02958343/43874d4b5154b6a0e3a6d6259addf247/r_3",
            "rotation": 0.12566370614359174,
            "transform_matrix": [
                [
                    0.380077987909317,
                    -0.3710069954395294,
                    0.8472864627838135,
                    3.4155211448669434
                ],
                [
                    0.924954354763031,
                    0.1524524837732315,
                    -0.34816303849220276,
                    -1.4034901857376099
                ],
                [
                    -1.4901160305669237e-08,
                    0.9160305261611938,
                    0.40110838413238525,
                    1.616919755935669
                ],
                [
                    0.0,
                    0.0,
                    0.0,
                    1.0
                ]
            ]
        },
        {
            "file_path": "/data/shapenet_blender/all_50_random/02958343/43874d4b5154b6a0e3a6d6259addf247/r_4",
            "rotation": 0.12566370614359174,
            "transform_matrix": [
                [
                    -0.9598705172538757,
                    0.1380162388086319,
                    -0.24413101375102997,
                    -0.9841235876083374
                ],
                [
                    -0.2804432809352875,
                    -0.4723868668079376,
                    0.8355848789215088,
                    3.3683505058288574
                ],
                [
                    7.450580596923828e-09,
                    0.8705182075500488,
                    0.4921359717845917,
                    1.9838635921478271
                ],
                [
                    0.0,
                    0.0,
                    0.0,
                    1.0
                ]
            ]
        },
        {
            "file_path": "/data/shapenet_blender/all_50_random/02958343/43874d4b5154b6a0e3a6d6259addf247/r_5",
            "rotation": 0.12566370614359174,
            "transform_matrix": [
                [
                    -0.7869219183921814,
                    -0.4410240054130554,
                    -0.43156909942626953,
                    -1.739710807800293
                ],
                [
                    -0.6170527338981628,
                    0.5624339580535889,
                    0.5503761768341064,
                    2.218637466430664
                ],
                [
                    0.0,
                    0.6994039416313171,
                    -0.7147265076637268,
                    -2.881155014038086
                ],
                [
                    0.0,
                    0.0,
                    0.0,
                    1.0
                ]
            ]
        },
        {
            "file_path": "/data/shapenet_blender/all_50_random/02958343/43874d4b5154b6a0e3a6d6259addf247/r_6",
            "rotation": 0.12566370614359174,
            "transform_matrix": [
                [
                    0.8542771339416504,
                    -0.38202422857284546,
                    -0.35251685976982117,
                    -1.4210410118103027
                ],
                [
                    -0.5198178887367249,
                    -0.6278247833251953,
                    -0.5793318748474121,
                    -2.3353617191314697
                ],
                [
                    0.0,
                    0.6781545877456665,
                    -0.7349191904067993,
                    -2.9625542163848877
                ],
                [
                    0.0,
                    0.0,
                    0.0,
                    1.0
                ]
            ]
        },
        {
            "file_path": "/data/shapenet_blender/all_50_random/02958343/43874d4b5154b6a0e3a6d6259addf247/r_7",
            "rotation": 0.12566370614359174,
            "transform_matrix": [
                [
                    -0.9932038187980652,
                    -0.0534629188477993,
                    0.10338159650564194,
                    0.41674450039863586
                ],
                [
                    0.11638744175434113,
                    -0.45623117685317993,
                    0.8822171688079834,
                    3.556330680847168
                ],
                [
                    3.725290076417309e-09,
                    0.8882537484169006,
                    0.45935311913490295,
                    1.851711392402649
                ],
                [
                    0.0,
                    0.0,
                    0.0,
                    1.0
                ]
            ]
        },
        {
            "file_path": "/data/shapenet_blender/all_50_random/02958343/43874d4b5154b6a0e3a6d6259addf247/r_8",
            "rotation": 0.12566370614359174,
            "transform_matrix": [
                [
                    -0.0958077684044838,
                    0.1634453386068344,
                    0.9818893074989319,
                    3.9581220149993896
                ],
                [
                    0.9953998327255249,
                    0.015731701627373695,
                    0.0945073738694191,
                    0.38097137212753296
                ],
                [
                    0.0,
                    0.9864270091056824,
                    -0.16420069336891174,
                    -0.6619141101837158
                ],
                [
                    0.0,
                    0.0,
                    0.0,
                    1.0
                ]
            ]
        },
        {
            "file_path": "/data/shapenet_blender/all_50_random/02958343/43874d4b5154b6a0e3a6d6259addf247/r_9",
            "rotation": 0.12566370614359174,
            "transform_matrix": [
                [
                    -0.8721889853477478,
                    0.06842518597841263,
                    0.4843598008155823,
                    1.9525169134140015
                ],
                [
                    0.4891692101955414,
                    0.12200214713811874,
                    0.8636138439178467,
                    3.4813389778137207
                ],
                [
                    3.725290742551124e-09,
                    0.9901683926582336,
                    -0.13988040387630463,
                    -0.5638760328292847
                ],
                [
                    0.0,
                    0.0,
                    0.0,
                    1.0
                ]
            ]
        },
        {
            "file_path": "/data/shapenet_blender/all_50_random/02958343/43874d4b5154b6a0e3a6d6259addf247/r_10",
            "rotation": 0.12566370614359174,
            "transform_matrix": [
                [
                    -0.5848960280418396,
                    0.01890723966062069,
                    -0.81088787317276,
                    -3.2687935829162598
                ],
                [
                    -0.8111082911491394,
                    -0.013634147122502327,
                    0.5847370624542236,
                    2.3571505546569824
                ],
                [
                    -9.313225746154785e-10,
                    0.999728262424469,
                    0.023310378193855286,
                    0.09396713972091675
                ],
                [
                    0.0,
                    0.0,
                    0.0,
                    1.0
                ]
            ]
        },
        {
            "file_path": "/data/shapenet_blender/all_50_random/02958343/43874d4b5154b6a0e3a6d6259addf247/r_11",
            "rotation": 0.12566370614359174,
            "transform_matrix": [
                [
                    0.9184192419052124,
                    0.1799665093421936,
                    -0.35230427980422974,
                    -1.4201841354370117
                ],
                [
                    -0.3956087827682495,
                    0.41779837012290955,
                    -0.8178863525390625,
                    -3.2970056533813477
                ],
                [
                    0.0,
                    0.8905372619628906,
                    0.4549102783203125,
                    1.8338021039962769
                ],
                [
                    0.0,
                    0.0,
                    0.0,
                    1.0
                ]
            ]
        },
        {
            "file_path": "/data/shapenet_blender/all_50_random/02958343/43874d4b5154b6a0e3a6d6259addf247/r_12",
            "rotation": 0.12566370614359174,
            "transform_matrix": [
                [
                    -0.9998236894607544,
                    0.0011427021818235517,
                    0.018744755536317825,
                    0.07556252926588058
                ],
                [
                    0.018779553472995758,
                    0.06083747744560242,
                    0.9979709982872009,
                    4.022949695587158
                ],
                [
                    0.0,
                    0.9981470704078674,
                    -0.06084820628166199,
                    -0.2452869713306427
                ],
                [
                    0.0,
                    0.0,
                    0.0,
                    1.0
                ]
            ]
        },
        {
            "file_path": "/data/shapenet_blender/all_50_random/02958343/43874d4b5154b6a0e3a6d6259addf247/r_13",
            "rotation": 0.12566370614359174,
            "transform_matrix": [
                [
                    -0.7232236266136169,
                    -0.09670490026473999,
                    0.6838098168373108,
                    2.7565252780914307
                ],
                [
                    0.6906140446662903,
                    -0.1012711375951767,
                    0.7160981297492981,
                    2.886683464050293
                ],
                [
                    0.0,
                    0.990147590637207,
                    0.14002744853496552,
                    0.5644686222076416
                ],
                [
                    0.0,
                    0.0,
                    0.0,
                    1.0
                ]
            ]
        },
        {
            "file_path": "/data/shapenet_blender/all_50_random/02958343/43874d4b5154b6a0e3a6d6259addf247/r_14",
            "rotation": 0.12566370614359174,
            "transform_matrix": [
                [
                    -0.43080633878707886,
                    0.6345104575157166,
                    -0.641718327999115,
                    -2.5868492126464844
                ],
                [
                    -0.9024443626403809,
                    -0.3029007911682129,
                    0.30634167790412903,
                    1.2349028587341309
                ],
                [
                    1.4901159417490817e-08,
                    0.711089015007019,
                    0.7031019926071167,
                    2.8342947959899902
                ],
                [
                    0.0,
                    0.0,
                    0.0,
                    1.0
                ]
            ]
        },
        {
            "file_path": "/data/shapenet_blender/all_50_random/02958343/43874d4b5154b6a0e3a6d6259addf247/r_15",
            "rotation": 0.12566370614359174,
            "transform_matrix": [
                [
                    0.8324254155158997,
                    0.1554301530122757,
                    -0.5318923592567444,
                    -2.1441266536712646
                ],
                [
                    -0.5541372299194336,
                    0.2334873378276825,
                    -0.7990092039108276,
                    -3.2209091186523438
                ],
                [
                    7.450580596923828e-09,
                    0.9598568677902222,
                    0.2804904282093048,
                    1.1306930780410767
                ],
                [
                    0.0,
                    0.0,
                    0.0,
                    1.0
                ]
            ]
        },
        {
            "file_path": "/data/shapenet_blender/all_50_random/02958343/43874d4b5154b6a0e3a6d6259addf247/r_16",
            "rotation": 0.12566370614359174,
            "transform_matrix": [
                [
                    0.6780368685722351,
                    0.10659082233905792,
                    -0.7272580862045288,
                    -2.931671142578125
                ],
                [
                    -0.7350279092788696,
                    0.09832621365785599,
                    -0.6708695292472839,
                    -2.7043616771698
                ],
                [
                    0.0,
                    0.9894293546676636,
                    0.14501601457595825,
                    0.584578275680542
                ],
                [
                    0.0,
                    0.0,
                    0.0,
                    1.0
                ]
            ]
        },
        {
            "file_path": "/data/shapenet_blender/all_50_random/02958343/43874d4b5154b6a0e3a6d6259addf247/r_17",
            "rotation": 0.12566370614359174,
            "transform_matrix": [
                [
                    0.807319700717926,
                    -0.12893061339855194,
                    -0.5758575797080994,
                    -2.3213560581207275
                ],
                [
                    -0.5901144742965698,
                    -0.1763864904642105,
                    -0.7878152132034302,
                    -3.1757845878601074
                ],
                [
                    0.0,
                    0.9758404493331909,
                    -0.21848411858081818,
                    -0.8807376623153687
                ],
                [
                    0.0,
                    0.0,
                    0.0,
                    1.0
                ]
            ]
        },
        {
            "file_path": "/data/shapenet_blender/all_50_random/02958343/43874d4b5154b6a0e3a6d6259addf247/r_18",
            "rotation": 0.12566370614359174,
            "transform_matrix": [
                [
                    0.9952635765075684,
                    0.0047249561175704,
                    -0.09709914773702621,
                    -0.3914191722869873
                ],
                [
                    -0.09721405804157257,
                    0.048373427242040634,
                    -0.9940872192382812,
                    -4.007293701171875
                ],
                [
                    4.656613428188905e-10,
                    0.9988181591033936,
                    0.048603639006614685,
                    0.19592753052711487
                ],
                [
                    0.0,
                    0.0,
                    0.0,
                    1.0
                ]
            ]
        },
        {
            "file_path": "/data/shapenet_blender/all_50_random/02958343/43874d4b5154b6a0e3a6d6259addf247/r_19",
            "rotation": 0.12566370614359174,
            "transform_matrix": [
                [
                    -0.8381151556968689,
                    -0.035321783274412155,
                    -0.5443485379219055,
                    -2.1943390369415283
                ],
                [
                    -0.5454933643341064,
                    0.05426963046193123,
                    0.8363562822341919,
                    3.3714599609375
                ],
                [
                    0.0,
                    0.997901439666748,
                    -0.0647519901394844,
                    -0.261023610830307
                ],
                [
                    0.0,
                    0.0,
                    0.0,
                    1.0
                ]
            ]
        },
        {
            "file_path": "/data/shapenet_blender/all_50_random/02958343/43874d4b5154b6a0e3a6d6259addf247/r_20",
            "rotation": 0.12566370614359174,
            "transform_matrix": [
                [
                    -0.9160014986991882,
                    -0.09974811971187592,
                    0.3885763883590698,
                    1.566401481628418
                ],
                [
                    0.4011749029159546,
                    -0.2277545928955078,
                    0.8872353434562683,
                    3.5765600204467773
                ],
                [
                    0.0,
                    0.9685959219932556,
                    0.2486400008201599,
                    1.0022999048233032
                ],
                [
                    0.0,
                    0.0,
                    0.0,
                    1.0
                ]
            ]
        },
        {
            "file_path": "/data/shapenet_blender/all_50_random/02958343/43874d4b5154b6a0e3a6d6259addf247/r_21",
            "rotation": 0.12566370614359174,
            "transform_matrix": [
                [
                    0.7906841039657593,
                    -0.007453769911080599,
                    0.6121790409088135,
                    2.4677727222442627
                ],
                [
                    0.6122245192527771,
                    0.009626496583223343,
                    -0.7906253933906555,
                    -3.187112808227539
                ],
                [
                    0.0,
                    0.9999258518218994,
                    0.012174897827208042,
                    0.04907858371734619
                ],
                [
                    0.0,
                    0.0,
                    0.0,
                    1.0
                ]
            ]
        },
        {
            "file_path": "/data/shapenet_blender/all_50_random/02958343/43874d4b5154b6a0e3a6d6259addf247/r_22",
            "rotation": 0.12566370614359174,
            "transform_matrix": [
                [
                    0.039554521441459656,
                    0.02490670047700405,
                    -0.9989069700241089,
                    -4.0267229080200195
                ],
                [
                    -0.9992174506187439,
                    0.000985944177955389,
                    -0.03954223170876503,
                    -0.1593998372554779
                ],
                [
                    0.0,
                    0.9996892213821411,
                    0.024926209822297096,
                    0.10048076510429382
                ],
                [
                    0.0,
                    0.0,
                    0.0,
                    1.0
                ]
            ]
        },
        {
            "file_path": "/data/shapenet_blender/all_50_random/02958343/43874d4b5154b6a0e3a6d6259addf247/r_23",
            "rotation": 0.12566370614359174,
            "transform_matrix": [
                [
                    -0.11145082116127014,
                    -0.331655353307724,
                    -0.9367942214012146,
                    -3.7763383388519287
                ],
                [
                    -0.9937699437141418,
                    0.03719498962163925,
                    0.10506101697683334,
                    0.4235145151615143
                ],
                [
                    3.725290298461914e-09,
                    0.9426670074462891,
                    -0.33373457193374634,
                    -1.3453271389007568
                ],
                [
                    0.0,
                    0.0,
                    0.0,
                    1.0
                ]
            ]
        },
        {
            "file_path": "/data/shapenet_blender/all_50_random/02958343/43874d4b5154b6a0e3a6d6259addf247/r_24",
            "rotation": 0.12566370614359174,
            "transform_matrix": [
                [
                    -0.8420758247375488,
                    -0.3759951889514923,
                    -0.38669872283935547,
                    -1.5588324069976807
                ],
                [
                    -0.5393590927124023,
                    0.5870234966278076,
                    0.6037343740463257,
                    2.4337310791015625
                ],
                [
                    1.4901160305669237e-08,
                    0.7169595956802368,
                    -0.6971147060394287,
                    -2.810159206390381
                ],
                [
                    0.0,
                    0.0,
                    0.0,
                    1.0
                ]
            ]
        },
        {
            "file_path": "/data/shapenet_blender/all_50_random/02958343/43874d4b5154b6a0e3a6d6259addf247/r_25",
            "rotation": 0.12566370614359174,
            "transform_matrix": [
                [
                    0.04561471939086914,
                    -0.09688122570514679,
                    0.9942501783370972,
                    4.007950305938721
                ],
                [
                    0.9989591240882874,
                    0.0044238148257136345,
                    -0.04539969936013222,
                    -0.18301203846931458
                ],
                [
                    -4.6566123179658803e-10,
                    0.9952860474586487,
                    0.0969821885228157,
                    0.39094769954681396
                ],
                [
                    0.0,
                    0.0,
                    0.0,
                    1.0
                ]
            ]
        },
        {
            "file_path": "/data/shapenet_blender/all_50_random/02958343/43874d4b5154b6a0e3a6d6259addf247/r_26",
            "rotation": 0.12566370614359174,
            "transform_matrix": [
                [
                    -0.7400988936424255,
                    0.03675013408064842,
                    -0.6714931726455688,
                    -2.7068755626678467
                ],
                [
                    -0.6724981069564819,
                    -0.040444329380989075,
                    0.7389929890632629,
                    2.978976011276245
                ],
                [
                    1.862645149230957e-09,
                    0.998505711555481,
                    0.05464719980955124,
                    0.2202899158000946
                ],
                [
                    0.0,
                    0.0,
                    0.0,
                    1.0
                ]
            ]
        },
        {
            "file_path": "/data/shapenet_blender/all_50_random/02958343/43874d4b5154b6a0e3a6d6259addf247/r_27",
            "rotation": 0.12566370614359174,
            "transform_matrix": [
                [
                    -0.9181240797042847,
                    -0.2732899785041809,
                    -0.2869858741760254,
                    -1.156877040863037
                ],
                [
                    -0.3962932825088501,
                    0.6331526041030884,
                    0.6648829579353333,
                    2.6802289485931396
                ],
                [
                    1.4901162970204496e-08,
                    0.7241755127906799,
                    -0.6896156668663025,
                    -2.7799296379089355
                ],
                [
                    0.0,
                    0.0,
                    0.0,
                    1.0
                ]
            ]
        },
        {
            "file_path": "/data/shapenet_blender/all_50_random/02958343/43874d4b5154b6a0e3a6d6259addf247/r_28",
            "rotation": 0.12566370614359174,
            "transform_matrix": [
                [
                    -0.4625801146030426,
                    0.31415921449661255,
                    -0.829049825668335,
                    -3.3420066833496094
                ],
                [
                    -0.8865776062011719,
                    -0.1639155000448227,
                    0.4325644373893738,
                    1.743722915649414
                ],
                [
                    -1.4901162970204496e-08,
                    0.9351125359535217,
                    0.35435059666633606,
                    1.4284329414367676
                ],
                [
                    0.0,
                    0.0,
                    0.0,
                    1.0
                ]
            ]
        },
        {
            "file_path": "/data/shapenet_blender/all_50_random/02958343/43874d4b5154b6a0e3a6d6259addf247/r_29",
            "rotation": 0.12566370614359174,
            "transform_matrix": [
                [
                    -0.9920217990875244,
                    0.004098059609532356,
                    0.12600038945674896,
                    0.5079237818717957
                ],
                [
                    0.12606702744960785,
                    0.032247647643089294,
                    0.9914975166320801,
                    3.996853828430176
                ],
                [
                    0.0,
                    0.9994715452194214,
                    -0.032506998628377914,
                    -0.13103988766670227
                ],
                [
                    0.0,
                    0.0,
                    0.0,
                    1.0
                ]
            ]
        },
        {
            "file_path": "/data/shapenet_blender/all_50_random/02958343/43874d4b5154b6a0e3a6d6259addf247/r_30",
            "rotation": 0.12566370614359174,
            "transform_matrix": [
                [
                    0.4410722255706787,
                    -0.009218418039381504,
                    -0.8974242210388184,
                    -3.6176328659057617
                ],
                [
                    -0.8974714875221252,
                    -0.0045304931700229645,
                    -0.4410490393638611,
                    -1.7779254913330078
                ],
                [
                    0.0,
                    0.9999472498893738,
                    -0.010271543636918068,
                    -0.04140591621398926
                ],
                [
                    0.0,
                    0.0,
                    0.0,
                    1.0
                ]
            ]
        },
        {
            "file_path": "/data/shapenet_blender/all_50_random/02958343/43874d4b5154b6a0e3a6d6259addf247/r_31",
            "rotation": 0.12566370614359174,
            "transform_matrix": [
                [
                    -0.9176316857337952,
                    0.05677099898457527,
                    -0.3933563530445099,
                    -1.5856701135635376
                ],
                [
                    -0.39743196964263916,
                    -0.13107869029045105,
                    0.9082214832305908,
                    3.6611576080322266
                ],
                [
                    3.725290298461914e-09,
                    0.989745020866394,
                    0.1428445726633072,
                    0.5758248567581177
                ],
                [
                    0.0,
                    0.0,
                    0.0,
                    1.0
                ]
            ]
        },
        {
            "file_path": "/data/shapenet_blender/all_50_random/02958343/43874d4b5154b6a0e3a6d6259addf247/r_32",
            "rotation": 0.12566370614359174,
            "transform_matrix": [
                [
                    -0.0902627557516098,
                    0.037349291145801544,
                    0.9952173829078674,
                    4.011849403381348
                ],
                [
                    0.9959179162979126,
                    0.003385067917406559,
                    0.09019926190376282,
                    0.3636048436164856
                ],
                [
                    0.0,
                    0.9992964863777161,
                    -0.03750237450003624,
                    -0.15117689967155457
                ],
                [
                    0.0,
                    0.0,
                    0.0,
                    1.0
                ]
            ]
        },
        {
            "file_path": "/data/shapenet_blender/all_50_random/02958343/43874d4b5154b6a0e3a6d6259addf247/r_33",
            "rotation": 0.12566370614359174,
            "transform_matrix": [
                [
                    0.6051584482192993,
                    -0.3533214330673218,
                    0.7134053111076355,
                    2.875828742980957
                ],
                [
                    0.7961049675941467,
                    0.2685769498348236,
                    -0.5422943830490112,
                    -2.186058521270752
                ],
                [
                    0.0,
                    0.8961195349693298,
                    0.44381263852119446,
                    1.789065957069397
                ],
                [
                    0.0,
                    0.0,
                    0.0,
                    1.0
                ]
            ]
        },
        {
            "file_path": "/data/shapenet_blender/all_50_random/02958343/43874d4b5154b6a0e3a6d6259addf247/r_34",
            "rotation": 0.12566370614359174,
            "transform_matrix": [
                [
                    0.023046109825372696,
                    0.10763408988714218,
                    -0.9939233660697937,
                    -4.006633281707764
                ],
                [
                    -0.9997344613075256,
                    0.002481206087395549,
                    -0.022912152111530304,
                    -0.09236183762550354
                ],
                [
                    0.0,
                    0.9941874742507935,
                    0.10766267776489258,
                    0.4340021312236786
                ],
                [
                    0.0,
                    0.0,
                    0.0,
                    1.0
                ]
            ]
        },
        {
            "file_path": "/data/shapenet_blender/all_50_random/02958343/43874d4b5154b6a0e3a6d6259addf247/r_35",
            "rotation": 0.12566370614359174,
            "transform_matrix": [
                [
                    0.5335260629653931,
                    0.729390561580658,
                    -0.4281812012195587,
                    -1.7260537147521973
                ],
                [
                    -0.8457835912704468,
                    0.4601045250892639,
                    -0.27009958028793335,
                    -1.088806390762329
                ],
                [
                    1.4901161193847656e-08,
                    0.5062538385391235,
                    0.8623844385147095,
                    3.4763832092285156
                ],
                [
                    0.0,
                    0.0,
                    0.0,
                    1.0
                ]
            ]
        },
        {
            "file_path": "/data/shapenet_blender/all_50_random/02958343/43874d4b5154b6a0e3a6d6259addf247/r_36",
            "rotation": 0.12566370614359174,
            "transform_matrix": [
                [
                    -0.049857281148433685,
                    0.8573983311653137,
                    -0.512232780456543,
                    -2.0648763179779053
                ],
                [
                    -0.9987564086914062,
                    -0.04280077666044235,
                    0.025570333003997803,
                    0.10307730734348297
                ],
                [
                    0.0,
                    0.5128706097602844,
                    0.8584659099578857,
                    3.4605867862701416
                ],
                [
                    0.0,
                    0.0,
                    0.0,
                    1.0
                ]
            ]
        },
        {
            "file_path": "/data/shapenet_blender/all_50_random/02958343/43874d4b5154b6a0e3a6d6259addf247/r_37",
            "rotation": 0.12566370614359174,
            "transform_matrix": [
                [
                    0.37909388542175293,
                    -0.34818050265312195,
                    -0.8573554158210754,
                    -3.4561097621917725
                ],
                [
                    -0.9253582954406738,
                    -0.14263997972011566,
                    -0.35123497247695923,
                    -1.4158732891082764
                ],
                [
                    7.450580596923828e-09,
                    0.926511824131012,
                    -0.3762657046318054,
                    -1.516775369644165
                ],
                [
                    0.0,
                    0.0,
                    0.0,
                    1.0
                ]
            ]
        },
        {
            "file_path": "/data/shapenet_blender/all_50_random/02958343/43874d4b5154b6a0e3a6d6259addf247/r_38",
            "rotation": 0.12566370614359174,
            "transform_matrix": [
                [
                    0.9997733235359192,
                    -0.001536391326226294,
                    0.021234285086393356,
                    0.08559814095497131
                ],
                [
                    0.02128979191184044,
                    0.07214926928281784,
                    -0.997166633605957,
                    -4.019707202911377
                ],
                [
                    0.0,
                    0.9973926544189453,
                    0.07216563075780869,
                    0.29090896248817444
                ],
                [
                    0.0,
                    0.0,
                    0.0,
                    1.0
                ]
            ]
        },
        {
            "file_path": "/data/shapenet_blender/all_50_random/02958343/43874d4b5154b6a0e3a6d6259addf247/r_39",
            "rotation": 0.12566370614359174,
            "transform_matrix": [
                [
                    -0.6302642226219177,
                    -0.018089542165398598,
                    -0.7761699557304382,
                    -3.1288411617279053
                ],
                [
                    -0.776380717754364,
                    0.014685050584375858,
                    0.6300930976867676,
                    2.5399866104125977
                ],
                [
                    0.0,
                    0.9997284412384033,
                    -0.02329983562231064,
                    -0.0939246416091919
                ],
                [
                    0.0,
                    0.0,
                    0.0,
                    1.0
                ]
            ]
        },
        {
            "file_path": "/data/shapenet_blender/all_50_random/02958343/43874d4b5154b6a0e3a6d6259addf247/r_40",
            "rotation": 0.12566370614359174,
            "transform_matrix": [
                [
                    0.7856013178825378,
                    0.3543357849121094,
                    0.5072245001792908,
                    2.044687271118164
                ],
                [
                    0.6187329292297363,
                    -0.4498978555202484,
                    -0.6440197229385376,
                    -2.5961265563964844
                ],
                [
                    -1.4901160305669237e-08,
                    0.8197792768478394,
                    -0.5726795792579651,
                    -2.3085451126098633
                ],
                [
                    0.0,
                    0.0,
                    0.0,
                    1.0
                ]
            ]
        },
        {
            "file_path": "/data/shapenet_blender/all_50_random/02958343/43874d4b5154b6a0e3a6d6259addf247/r_41",
            "rotation": 0.12566370614359174,
            "transform_matrix": [
                [
                    -0.9977031946182251,
                    0.055366817861795425,
                    0.03902331367135048,
                    0.15730801224708557
                ],
                [
                    0.06773701310157776,
                    0.8155016899108887,
                    0.5747770667076111,
                    2.317000389099121
                ],
                [
