{
    "class": "02958343",
    "model": "1b2ef0809ca1abc7ca92a4cdad802b45",
    "remove_doubles": true,
    "edge_split": true,
    "denoise": true,
    "camera_angle_x": 0.6911112070083618,
    "scale_factor": 2.2669747633570685,
    "hdri_file": "/data/IndoorHDRDataset2018/AG8A1638-856ced25cf.exr",
    "center_offset": [
        0.0,
        -1.862645149230957e-09,
        -3.725290298461914e-09
    ],
    "lights": [],
    "frames": [
        {
            "file_path": "/data/shapenet_blender/all_50_random/02958343/1b2ef0809ca1abc7ca92a4cdad802b45/r_0",
            "rotation": 0.12566370614359174,
            "transform_matrix": [
                [
                    0.9945853352546692,
                    0.09514137357473373,
                    0.041811734437942505,
                    0.16854849457740784
                ],
                [
                    0.10392353683710098,
                    -0.9105368852615356,
                    -0.4001532196998596,
                    -1.6130691766738892
                ],
                [
                    0.0,
                    0.4023316502571106,
                    -0.9154939651489258,
                    -3.690474271774292
                ],
                [
                    0.0,
                    0.0,
                    0.0,
                    1.0
                ]
            ]
        },
        {
            "file_path": "/data/shapenet_blender/all_50_random/02958343/1b2ef0809ca1abc7ca92a4cdad802b45/r_1",
            "rotation": 0.12566370614359174,
            "transform_matrix": [
                [
                    0.05667391046881676,
                    -0.03296137601137161,
                    0.9978485703468323,
                    4.022456169128418
                ],
                [
                    0.9983927607536316,
                    0.0018710573203861713,
                    -0.05664302036166191,
                    -0.22833532094955444
                ],
                [
                    1.1641531488804091e-10,
                    0.9994547963142395,
                    0.0330144464969635,
                    0.1330854892730713
                ],
                [
                    0.0,
                    0.0,
                    0.0,
                    1.0
                ]
            ]
        },
        {
            "file_path": "/data/shapenet_blender/all_50_random/02958343/1b2ef0809ca1abc7ca92a4cdad802b45/r_2",
            "rotation": 0.12566370614359174,
            "transform_matrix": [
                [
                    0.774791419506073,
                    0.053784944117069244,
                    -0.6299249529838562,
                    -2.539308786392212
                ],
                [
                    -0.6322169303894043,
                    0.06591425836086273,
                    -0.7719825506210327,
                    -3.1119611263275146
                ],
                [
                    -3.725290298461914e-09,
                    0.9963746666908264,
                    0.0850735455751419,
                    0.3429424464702606
                ],
                [
                    0.0,
                    0.0,
                    0.0,
                    1.0
                ]
            ]
        },
        {
            "file_path": "/data/shapenet_blender/all_50_random/02958343/1b2ef0809ca1abc7ca92a4cdad802b45/r_3",
            "rotation": 0.12566370614359174,
            "transform_matrix": [
                [
                    -0.4210154712200165,
                    0.39218807220458984,
                    0.8178842067718506,
                    3.296996593475342
                ],
                [
                    0.9070535898208618,
                    0.18203692138195038,
                    0.3796268403530121,
                    1.5303246974945068
                ],
                [
                    0.0,
                    0.9016934037208557,
                    -0.4323759078979492,
                    -1.7429630756378174
                ],
                [
                    0.0,
                    0.0,
                    0.0,
                    1.0
                ]
            ]
        },
        {
            "file_path": "/data/shapenet_blender/all_50_random/02958343/1b2ef0809ca1abc7ca92a4cdad802b45/r_4",
            "rotation": 0.12566370614359174,
            "transform_matrix": [
                [
                    0.04302415996789932,
                    -0.5615231394767761,
                    0.8263416886329651,
                    3.331089973449707
                ],
                [
                    0.9990741014480591,
                    0.02418145351111889,
                    -0.03558560833334923,
                    -0.14345017075538635
                ],
                [
                    0.0,
                    0.8271076083183289,
                    0.5620435476303101,
                    2.26567006111145
                ],
                [
                    0.0,
                    0.0,
                    0.0,
                    1.0
                ]
            ]
        },
        {
            "file_path": "/data/shapenet_blender/all_50_random/02958343/1b2ef0809ca1abc7ca92a4cdad802b45/r_5",
            "rotation": 0.12566370614359174,
            "transform_matrix": [
                [
                    -0.9137153625488281,
                    0.15352264046669006,
                    -0.37623825669288635,
                    -1.516664981842041
                ],
                [
                    -0.406355082988739,
                    -0.3452054262161255,
                    0.8459957242012024,
                    3.410317897796631
                ],
                [
                    0.0,
                    0.9258854389190674,
                    0.3778041899204254,
                    1.522977352142334
                ],
                [
                    0.0,
                    0.0,
                    0.0,
                    1.0
                ]
            ]
        },
        {
            "file_path": "/data/shapenet_blender/all_50_random/02958343/1b2ef0809ca1abc7ca92a4cdad802b45/r_6",
            "rotation": 0.12566370614359174,
            "transform_matrix": [
                [
                    -0.5599738359451294,
                    -0.26395925879478455,
                    0.7853373289108276,
                    3.1657960414886475
                ],
                [
                    0.8285102248191833,
                    -0.17840491235256195,
                    0.5307941436767578,
                    2.139699697494507
                ],
                [
                    0.0,
                    0.9478909373283386,
                    0.3185950219631195,
                    1.2842975854873657
                ],
                [
                    0.0,
                    0.0,
                    0.0,
                    1.0
                ]
            ]
        },
        {
            "file_path": "/data/shapenet_blender/all_50_random/02958343/1b2ef0809ca1abc7ca92a4cdad802b45/r_7",
            "rotation": 0.12566370614359174,
            "transform_matrix": [
                [
                    -0.054118599742650986,
                    0.21295791864395142,
                    0.9755614399909973,
                    3.9326138496398926
                ],
                [
                    0.9985345602035522,
                    0.011541897431015968,
                    0.05287349969148636,
                    0.21313989162445068
                ],
                [
                    9.313225746154785e-10,
                    0.976993203163147,
                    -0.21327045559883118,
                    -0.8597207069396973
                ],
                [
                    0.0,
                    0.0,
                    0.0,
                    1.0
                ]
            ]
        },
        {
            "file_path": "/data/shapenet_blender/all_50_random/02958343/1b2ef0809ca1abc7ca92a4cdad802b45/r_8",
            "rotation": 0.12566370614359174,
            "transform_matrix": [
                [
                    0.6788862943649292,
                    -0.05307499319314957,
                    -0.732322633266449,
                    -2.952086925506592
                ],
                [
                    -0.7342433333396912,
                    -0.049073487520217896,
                    -0.6771103143692017,
                    -2.7295188903808594
                ],
                [
                    0.0,
                    0.9973839521408081,
                    -0.07228528708219528,
                    -0.2913913130760193
                ],
                [
                    0.0,
                    0.0,
                    0.0,
                    1.0
                ]
            ]
        },
        {
            "file_path": "/data/shapenet_blender/all_50_random/02958343/1b2ef0809ca1abc7ca92a4cdad802b45/r_9",
            "rotation": 0.12566370614359174,
            "transform_matrix": [
                [
                    -0.40083545446395874,
                    0.40122926235198975,
                    0.8236176371574402,
                    3.3201088905334473
                ],
                [
                    0.9161500930786133,
                    0.17554648220539093,
                    0.36035051941871643,
                    1.4526194334030151
                ],
                [
                    -1.4901161193847656e-08,
                    0.8989986181259155,
                    -0.4379514455795288,
                    -1.7654387950897217
                ],
                [
                    0.0,
                    0.0,
                    0.0,
                    1.0
                ]
            ]
        },
        {
            "file_path": "/data/shapenet_blender/all_50_random/02958343/1b2ef0809ca1abc7ca92a4cdad802b45/r_10",
            "rotation": 0.12566370614359174,
            "transform_matrix": [
                [
                    -0.9900215268135071,
                    -0.002880288753658533,
                    -0.14088623225688934,
                    -0.5679305791854858
                ],
                [
                    -0.140915647149086,
                    0.020235849544405937,
                    0.989814817905426,
                    3.9900710582733154
                ],
                [
                    0.0,
                    0.999791145324707,
                    -0.02043980546295643,
                    -0.08239549398422241
                ],
                [
                    0.0,
                    0.0,
                    0.0,
                    1.0
                ]
            ]
        },
        {
            "file_path": "/data/shapenet_blender/all_50_random/02958343/1b2ef0809ca1abc7ca92a4cdad802b45/r_11",
            "rotation": 0.12566370614359174,
            "transform_matrix": [
                [
                    -0.16515450179576874,
                    -0.661531388759613,
                    -0.7315053343772888,
                    -2.9487924575805664
                ],
                [
                    -0.9862678050994873,
                    0.11077609658241272,
                    0.12249351292848587,
                    0.49378716945648193
                ],
                [
                    0.0,
                    0.7416905760765076,
                    -0.6707421541213989,
                    -2.703848361968994
                ],
                [
                    0.0,
                    0.0,
                    0.0,
                    1.0
                ]
            ]
        },
        {
            "file_path": "/data/shapenet_blender/all_50_random/02958343/1b2ef0809ca1abc7ca92a4cdad802b45/r_12",
            "rotation": 0.12566370614359174,
            "transform_matrix": [
                [
                    -0.18408876657485962,
                    -0.5865243673324585,
                    0.7887334823608398,
                    3.1794862747192383
                ],
                [
                    0.982909619808197,
                    -0.10984992235898972,
                    0.14772158861160278,
                    0.595484733581543
                ],
                [
                    0.0,
                    0.8024476170539856,
                    0.5967225432395935,
                    2.4054653644561768
                ],
                [
                    0.0,
                    0.0,
                    0.0,
                    1.0
                ]
            ]
        },
        {
            "file_path": "/data/shapenet_blender/all_50_random/02958343/1b2ef0809ca1abc7ca92a4cdad802b45/r_13",
            "rotation": 0.12566370614359174,
            "transform_matrix": [
                [
                    0.9655817151069641,
                    0.18131022155284882,
                    0.18648965656757355,
                    0.7517639398574829
                ],
                [
                    0.2600995600223541,
                    -0.6730877161026001,
                    -0.6923156380653381,
                    -2.79081392288208
                ],
                [
                    0.0,
                    0.7169933319091797,
                    -0.6970798969268799,
                    -2.8100192546844482
                ],
                [
                    0.0,
                    0.0,
                    0.0,
                    1.0
                ]
            ]
        },
        {
            "file_path": "/data/shapenet_blender/all_50_random/02958343/1b2ef0809ca1abc7ca92a4cdad802b45/r_14",
            "rotation": 0.12566370614359174,
            "transform_matrix": [
                [
                    -0.9686406850814819,
                    -0.23932845890522003,
                    -0.06676267087459564,
                    -0.2691289484500885
                ],
                [
                    -0.24846604466438293,
                    0.933017909526825,
                    0.26027315855026245,
                    1.0491946935653687
                ],
                [
                    -3.725290742551124e-09,
                    0.2686995267868042,
                    -0.9632240533828735,
                    -3.882880449295044
                ],
                [
                    0.0,
                    0.0,
                    0.0,
                    1.0
                ]
            ]
        },
        {
            "file_path": "/data/shapenet_blender/all_50_random/02958343/1b2ef0809ca1abc7ca92a4cdad802b45/r_15",
            "rotation": 0.12566370614359174,
            "transform_matrix": [
                [
                    0.8556373715400696,
                    0.1502019315958023,
                    0.49530184268951416,
                    1.9966256618499756
                ],
                [
                    0.5175756216049194,
                    -0.2483084499835968,
                    -0.8188151717185974,
                    -3.3007497787475586
                ],
                [
                    7.450580152834618e-09,
                    0.9569650888442993,
                    -0.2902028560638428,
                    -1.1698452234268188
                ],
                [
                    0.0,
                    0.0,
                    0.0,
                    1.0
                ]
            ]
        },
        {
            "file_path": "/data/shapenet_blender/all_50_random/02958343/1b2ef0809ca1abc7ca92a4cdad802b45/r_16",
            "rotation": 0.12566370614359174,
            "transform_matrix": [
                [
                    -0.9121500849723816,
                    -0.2032175362110138,
                    0.35592812299728394,
                    1.4347922801971436
                ],
                [
                    0.4098563492298126,
                    -0.45226797461509705,
                    0.7921308875083923,
                    3.1931819915771484
                ],
                [
                    1.4901161193847656e-08,
                    0.8684216737747192,
                    0.49582627415657043,
                    1.9987397193908691
                ],
                [
                    0.0,
                    0.0,
                    0.0,
                    1.0
                ]
            ]
        },
        {
            "file_path": "/data/shapenet_blender/all_50_random/02958343/1b2ef0809ca1abc7ca92a4cdad802b45/r_17",
            "rotation": 0.12566370614359174,
            "transform_matrix": [
                [
                    -0.4503328800201416,
                    -0.7431681752204895,
                    -0.4948750138282776,
                    -1.9949049949645996
                ],
                [
                    -0.8928607702255249,
                    0.3748323321342468,
                    0.24960052967071533,
                    1.0061719417572021
                ],
                [
                    -1.4901161193847656e-08,
                    0.5542576909065247,
                    -0.8323450684547424,
                    -3.355290174484253
                ],
                [
                    0.0,
                    0.0,
                    0.0,
                    1.0
                ]
            ]
        },
        {
            "file_path": "/data/shapenet_blender/all_50_random/02958343/1b2ef0809ca1abc7ca92a4cdad802b45/r_18",
            "rotation": 0.12566370614359174,
            "transform_matrix": [
                [
                    0.9812259078025818,
                    0.17969562113285065,
                    -0.07003609091043472,
                    -0.28232452273368835
                ],
                [
                    -0.19286148250102997,
                    0.9142415523529053,
                    -0.3563242256641388,
                    -1.4363888502120972
                ],
                [
                    0.0,
                    0.36314183473587036,
                    0.9317338466644287,
                    3.755939245223999
                ],
                [
                    0.0,
                    0.0,
                    0.0,
                    1.0
                ]
            ]
        },
        {
            "file_path": "/data/shapenet_blender/all_50_random/02958343/1b2ef0809ca1abc7ca92a4cdad802b45/r_19",
            "rotation": 0.12566370614359174,
            "transform_matrix": [
                [
                    0.2375442236661911,
                    0.08539965748786926,
                    -0.9676154255867004,
                    -3.9005825519561768
                ],
                [
                    -0.9713768362998962,
                    0.020883958786725998,
                    -0.23662438988685608,
                    -0.9538634419441223
                ],
                [
                    -1.862645371275562e-09,
                    0.9961278438568115,
                    0.08791610598564148,
                    0.354401171207428
                ],
                [
                    0.0,
                    0.0,
                    0.0,
                    1.0
                ]
            ]
        },
        {
            "file_path": "/data/shapenet_blender/all_50_random/02958343/1b2ef0809ca1abc7ca92a4cdad802b45/r_20",
            "rotation": 0.12566370614359174,
            "transform_matrix": [
                [
                    -0.45241114497184753,
                    -0.2985454797744751,
                    -0.8403539061546326,
                    -3.3875749111175537
                ],
                [
                    -0.8918094038963318,
                    0.15145087242126465,
                    0.4263080060482025,
                    1.7185025215148926
                ],
                [
                    1.4901160305669237e-08,
                    0.9423021078109741,
                    -0.3347637355327606,
                    -1.3494757413864136
                ],
                [
                    0.0,
                    0.0,
                    0.0,
                    1.0
                ]
            ]
        },
        {
            "file_path": "/data/shapenet_blender/all_50_random/02958343/1b2ef0809ca1abc7ca92a4cdad802b45/r_21",
            "rotation": 0.12566370614359174,
            "transform_matrix": [
                [
                    0.9829207062721252,
                    -0.13690975308418274,
                    -0.1229737251996994,
                    -0.4957229495048523
                ],
                [
                    -0.18402940034866333,
                    -0.7312496304512024,
                    -0.656815767288208,
                    -2.6477091312408447
                ],
                [
                    -7.450580596923828e-09,
                    0.6682286262512207,
                    -0.7439559102058411,
                    -2.9989821910858154
                ],
                [
                    0.0,
                    0.0,
                    0.0,
                    1.0
                ]
            ]
        },
        {
            "file_path": "/data/shapenet_blender/all_50_random/02958343/1b2ef0809ca1abc7ca92a4cdad802b45/r_22",
            "rotation": 0.12566370614359174,
            "transform_matrix": [
                [
                    -0.36232081055641174,
                    0.12567320466041565,
                    -0.9235419631004333,
                    -3.722917079925537
                ],
                [
                    -0.9320534467697144,
                    -0.04885344207286835,
                    0.35901209712028503,
                    1.4472241401672363
                ],
                [
                    0.0,
                    0.990868091583252,
                    0.13483475148677826,
                    0.5435363054275513
                ],
                [
                    0.0,
                    0.0,
                    0.0,
                    1.0
                ]
            ]
        },
        {
            "file_path": "/data/shapenet_blender/all_50_random/02958343/1b2ef0809ca1abc7ca92a4cdad802b45/r_23",
            "rotation": 0.12566370614359174,
            "transform_matrix": [
                [
                    0.9909569025039673,
                    -0.004396246280521154,
                    0.13410881161689758,
                    0.5406098365783691
                ],
                [
                    0.13418084383010864,
                    0.0324673056602478,
                    -0.9904249310493469,
                    -3.992530107498169
                ],
                [
                    0.0,
                    0.9994630813598633,
                    0.03276359289884567,
                    0.1320742517709732
                ],
                [
                    0.0,
                    0.0,
                    0.0,
                    1.0
                ]
            ]
        },
        {
            "file_path": "/data/shapenet_blender/all_50_random/02958343/1b2ef0809ca1abc7ca92a4cdad802b45/r_24",
            "rotation": 0.12566370614359174,
            "transform_matrix": [
                [
                    0.9992268085479736,
                    -0.0336909256875515,
                    0.020270977169275284,
                    0.081714928150177
                ],
                [
                    0.03931909799575806,
                    0.8561965823173523,
                    -0.5151517987251282,
                    -2.076643466949463
                ],
                [
                    0.0,
                    0.5155503749847412,
                    0.8568590879440308,
                    3.4541096687316895
                ],
                [
                    0.0,
                    0.0,
                    0.0,
                    1.0
                ]
            ]
        },
        {
            "file_path": "/data/shapenet_blender/all_50_random/02958343/1b2ef0809ca1abc7ca92a4cdad802b45/r_25",
            "rotation": 0.12566370614359174,
            "transform_matrix": [
                [
                    0.2766551077365875,
                    0.7016879916191101,
                    -0.656578779220581,
                    -2.646754026412964
                ],
                [
                    -0.9609693884849548,
                    0.2020101398229599,
                    -0.18902356922626495,
                    -0.7619784474372864
                ],
                [
                    0.0,
                    0.6832464337348938,
                    0.7301877737045288,
                    2.943481206893921
                ],
                [
                    0.0,
                    0.0,
                    0.0,
                    1.0
                ]
            ]
        },
        {
            "file_path": "/data/shapenet_blender/all_50_random/02958343/1b2ef0809ca1abc7ca92a4cdad802b45/r_26",
            "rotation": 0.12566370614359174,
            "transform_matrix": [
                [
                    -0.4515663683414459,
                    0.027725355699658394,
                    -0.8918066620826721,
                    -3.594987392425537
                ],
                [
                    -0.8922375440597534,
                    -0.014031956903636456,
                    0.45134830474853516,
                    1.8194431066513062
                ],
                [
                    0.0,
                    0.999517023563385,
                    0.03107396513223648,
                    0.12526315450668335
                ],
                [
                    0.0,
                    0.0,
                    0.0,
                    1.0
                ]
            ]
        },
        {
            "file_path": "/data/shapenet_blender/all_50_random/02958343/1b2ef0809ca1abc7ca92a4cdad802b45/r_27",
            "rotation": 0.12566370614359174,
            "transform_matrix": [
                [
                    0.9881439208984375,
                    0.0681261420249939,
                    0.1375878006219864,
                    0.5546342134475708
                ],
                [
                    0.15353038907051086,
                    -0.438469797372818,
                    -0.8855351805686951,
                    -3.569706678390503
                ],
                [
                    0.0,
                    0.8961601853370667,
                    -0.4437306821346283,
                    -1.7887357473373413
                ],
                [
                    0.0,
                    0.0,
                    0.0,
                    1.0
                ]
            ]
        },
        {
            "file_path": "/data/shapenet_blender/all_50_random/02958343/1b2ef0809ca1abc7ca92a4cdad802b45/r_28",
            "rotation": 0.12566370614359174,
            "transform_matrix": [
                [
                    -0.8237223625183105,
                    -0.04415266588330269,
                    -0.5652717351913452,
                    -2.2786831855773926
                ],
                [
                    -0.5669934749603271,
                    0.0641445443034172,
                    0.8212209939956665,
                    3.3104476928710938
                ],
                [
                    0.0,
                    0.9969634413719177,
                    -0.07787155359983444,
                    -0.31391027569770813
                ],
                [
                    0.0,
                    0.0,
                    0.0,
                    1.0
                ]
            ]
        },
        {
            "file_path": "/data/shapenet_blender/all_50_random/02958343/1b2ef0809ca1abc7ca92a4cdad802b45/r_29",
            "rotation": 0.12566370614359174,
            "transform_matrix": [
                [
                    0.3849194049835205,
                    0.6514256000518799,
                    -0.6538206934928894,
                    -2.6356358528137207
                ],
                [
                    -0.922950267791748,
                    0.271679162979126,
                    -0.27267804741859436,
                    -1.0992004871368408
                ],
                [
                    0.0,
                    0.7084029912948608,
                    0.7058080434799194,
                    2.845203399658203
                ],
                [
                    0.0,
                    0.0,
                    0.0,
                    1.0
                ]
            ]
        },
        {
            "file_path": "/data/shapenet_blender/all_50_random/02958343/1b2ef0809ca1abc7ca92a4cdad802b45/r_30",
            "rotation": 0.12566370614359174,
            "transform_matrix": [
                [
                    -0.5711013078689575,
                    0.25524795055389404,
                    0.7801870107650757,
                    3.1450345516204834
                ],
                [
                    0.8208796381950378,
                    0.17758077383041382,
                    0.5427907109260559,
                    2.1880593299865723
                ],
                [
                    0.0,
                    0.9504280686378479,
                    -0.31094443798065186,
                    -1.2534570693969727
                ],
                [
                    0.0,
                    0.0,
                    0.0,
                    1.0
                ]
            ]
        },
        {
            "file_path": "/data/shapenet_blender/all_50_random/02958343/1b2ef0809ca1abc7ca92a4cdad802b45/r_31",
            "rotation": 0.12566370614359174,
            "transform_matrix": [
                [
                    0.9191790223121643,
                    0.04488623887300491,
                    0.3912735879421234,
                    1.5772744417190552
                ],
                [
                    0.39383983612060547,
                    -0.1047595664858818,
                    -0.913189709186554,
                    -3.681185722351074
                ],
                [
                    0.0,
                    0.9934840798377991,
                    -0.1139707863330841,
                    -0.4594309628009796
                ],
                [
                    0.0,
                    0.0,
                    0.0,
                    1.0
                ]
            ]
        },
        {
            "file_path": "/data/shapenet_blender/all_50_random/02958343/1b2ef0809ca1abc7ca92a4cdad802b45/r_32",
            "rotation": 0.12566370614359174,
            "transform_matrix": [
                [
                    0.9977188110351562,
                    -0.023825008422136307,
                    0.06316369026899338,
                    0.2546209692955017
                ],
                [
                    0.06750765442848206,
                    0.35211798548698425,
                    -0.9335178732872009,
                    -3.7631309032440186
                ],
                [
                    0.0,
                    0.9356521964073181,
                    0.35292309522628784,
                    1.4226784706115723
                ],
                [
                    0.0,
                    0.0,
                    0.0,
                    1.0
                ]
            ]
        },
        {
            "file_path": "/data/shapenet_blender/all_50_random/02958343/1b2ef0809ca1abc7ca92a4cdad802b45/r_33",
            "rotation": 0.12566370614359174,
            "transform_matrix": [
                [
                    0.5575387477874756,
                    -0.20785512030124664,
                    0.8037081360816956,
                    3.239851236343384
                ],
                [
                    0.8301510214805603,
                    0.1395978331565857,
                    -0.5397794246673584,
                    -2.1759204864501953
                ],
                [
                    0.0,
                    0.9681469798088074,
                    0.25038230419158936,
                    1.0093233585357666
                ],
                [
                    0.0,
                    0.0,
                    0.0,
                    1.0
                ]
            ]
        },
        {
            "file_path": "/data/shapenet_blender/all_50_random/02958343/1b2ef0809ca1abc7ca92a4cdad802b45/r_34",
            "rotation": 0.12566370614359174,
            "transform_matrix": [
                [
                    0.9209004640579224,
                    0.0864710733294487,
                    0.3800857663154602,
                    1.532174825668335
                ],
                [
                    0.38979798555374146,
                    -0.204288512468338,
                    -0.8979552388191223,
                    -3.6197736263275146
                ],
                [
                    7.450581485102248e-09,
                    0.9750840067863464,
                    -0.22183561325073242,
                    -0.8942480087280273
                ],
                [
                    0.0,
                    0.0,
                    0.0,
                    1.0
                ]
            ]
        },
        {
            "file_path": "/data/shapenet_blender/all_50_random/02958343/1b2ef0809ca1abc7ca92a4cdad802b45/r_35",
            "rotation": 0.12566370614359174,
            "transform_matrix": [
                [
                    -0.6971453428268433,
                    -0.524732232093811,
                    -0.4885125160217285,
                    -1.969257116317749
                ],
                [
                    -0.7169299125671387,
                    0.5102515816688538,
                    0.4750313460826874,
                    1.9149127006530762
                ],
                [
                    2.9802322387695312e-08,
                    0.6813951134681702,
                    -0.7319157123565674,
                    -2.950446844100952
                ],
                [
                    0.0,
                    0.0,
                    0.0,
                    1.0
                ]
            ]
        },
        {
            "file_path": "/data/shapenet_blender/all_50_random/02958343/1b2ef0809ca1abc7ca92a4cdad802b45/r_36",
            "rotation": 0.12566370614359174,
            "transform_matrix": [
                [
                    -0.06928946077823639,
                    -0.24647459387779236,
                    0.9666690826416016,
                    3.8967678546905518
                ],
                [
                    0.9975965619087219,
                    -0.017119240015745163,
                    0.06714135408401489,
                    0.27065548300743103
                ],
                [
                    1.862645149230957e-09,
                    0.9689979553222656,
                    0.2470684051513672,
                    0.9959646463394165
                ],
                [
                    0.0,
                    0.0,
                    0.0,
                    1.0
                ]
            ]
        },
        {
            "file_path": "/data/shapenet_blender/all_50_random/02958343/1b2ef0809ca1abc7ca92a4cdad802b45/r_37",
            "rotation": 0.12566370614359174,
            "transform_matrix": [
                [
                    0.22259555757045746,
                    0.8714016079902649,
                    0.43716156482696533,
                    1.7622545957565308
                ],
                [
                    0.9749107956886292,
                    -0.19896192848682404,
                    -0.09981448203325272,
                    -0.4023650586605072
                ],
                [
                    1.4901160305669237e-08,
                    0.4484119117259979,
                    -0.8938270211219788,
                    -3.6031320095062256
                ],
                [
                    0.0,
                    0.0,
                    0.0,
                    1.0
                ]
            ]
        },
        {
            "file_path": "/data/shapenet_blender/all_50_random/02958343/1b2ef0809ca1abc7ca92a4cdad802b45/r_38",
            "rotation": 0.12566370614359174,
            "transform_matrix": [
                [
                    0.9800649285316467,
                    -0.025177590548992157,
                    -0.1970762014389038,
                    -0.7944395542144775
                ],
                [
                    -0.19867800176143646,
                    -0.12419933080673218,
                    -0.9721633791923523,
                    -3.9189159870147705
                ],
                [
                    -1.862645371275562e-09,
                    0.9919377565383911,
                    -0.12672562897205353,
                    -0.5108473300933838
                ],
                [
                    0.0,
                    0.0,
                    0.0,
                    1.0
                ]
            ]
        },
        {
            "file_path": "/data/shapenet_blender/all_50_random/02958343/1b2ef0809ca1abc7ca92a4cdad802b45/r_39",
            "rotation": 0.12566370614359174,
            "transform_matrix": [
                [
                    -0.9668135643005371,
                    -0.0005088979378342628,
                    -0.2554822266101837,
                    -1.0298819541931152
                ],
                [
                    -0.2554827332496643,
                    0.0019258029060438275,
                    0.9668116569519043,
                    3.8973426818847656
                ],
                [
                    0.0,
                    0.9999980330467224,
                    -0.0019919066689908504,
                    -0.008029633201658726
                ],
                [
                    0.0,
                    0.0,
                    0.0,
                    1.0
                ]
            ]
        },
        {
            "file_path": "/data/shapenet_blender/all_50_random/02958343/1b2ef0809ca1abc7ca92a4cdad802b45/r_40",
            "rotation": 0.12566370614359174,
            "transform_matrix": [
                [
                    -0.2023303061723709,
                    -0.45610520243644714,
                    -0.8666201829910278,
                    -3.493457317352295
                ],
                [
                    -0.979317307472229,
                    0.09423290193080902,
                    0.17904670536518097,
                    0.7217602729797363
                ],
                [
                    7.4505797087454084e-09,
                    0.8849227428436279,
                    -0.4657379388809204,
                    -1.8774495124816895
                ],
                [
                    0.0,
                    0.0,
                    0.0,
                    1.0
                ]
            ]
        },
        {
            "file_path": "/data/shapenet_blender/all_50_random/02958343/1b2ef0809ca1abc7ca92a4cdad802b45/r_41",
            "rotation": 0.12566370614359174,
            "transform_matrix": [
                [
                    -0.8934991359710693,
                    0.08897577971220016,
                    0.4401620626449585,
                    1.7743501663208008
                ],
                [
                    0.4490649998188019,
                    0.17703400552272797,
                    0.8757850527763367,
                    3.530402660369873
                ],
                [
