{
    "class": "02958343",
    "model": "804c21bdd416783176ad064d1c5fdd7c",
    "remove_doubles": true,
    "edge_split": true,
    "denoise": true,
    "camera_angle_x": 0.6911112070083618,
    "scale_factor": 2.251010238026811,
    "hdri_file": "/data/IndoorHDRDataset2018/9C4A6215-534513a8d9.exr",
    "center_offset": [
        0.0,
        -1.862645149230957e-09,
        0.0
    ],
    "lights": [],
    "frames": [
        {
            "file_path": "/data/shapenet_blender/all_50_random/02958343/804c21bdd416783176ad064d1c5fdd7c/r_0",
            "rotation": 0.12566370614359174,
            "transform_matrix": [
                [
                    -0.9599947333335876,
                    -0.010492374189198017,
                    0.2798214554786682,
                    1.1279963254928589
                ],
                [
                    0.2800181210041046,
                    -0.03597132861614227,
                    0.9593205451965332,
                    3.867144823074341
                ],
                [
                    0.0,
                    0.9992976188659668,
                    0.037470344454050064,
                    0.15104779601097107
                ],
                [
                    0.0,
                    0.0,
                    0.0,
                    1.0
                ]
            ]
        },
        {
            "file_path": "/data/shapenet_blender/all_50_random/02958343/804c21bdd416783176ad064d1c5fdd7c/r_1",
            "rotation": 0.12566370614359174,
            "transform_matrix": [
                [
                    0.982258677482605,
                    -0.17616435885429382,
                    0.06429699808359146,
                    0.2591894865036011
                ],
                [
                    0.18753129243850708,
                    0.9227204918861389,
                    -0.33677729964256287,
                    -1.3575927019119263
                ],
                [
                    0.0,
                    0.3428601026535034,
                    0.9393864870071411,
                    3.786787986755371
                ],
                [
                    0.0,
                    0.0,
                    0.0,
                    1.0
                ]
            ]
        },
        {
            "file_path": "/data/shapenet_blender/all_50_random/02958343/804c21bdd416783176ad064d1c5fdd7c/r_2",
            "rotation": 0.12566370614359174,
            "transform_matrix": [
                [
                    0.9075804948806763,
                    -0.2183036506175995,
                    0.35866573452949524,
                    1.445827841758728
                ],
                [
                    0.4198780357837677,
                    0.47187066078186035,
                    -0.775268018245697,
                    -3.1252052783966064
                ],
                [
                    1.4901159417490817e-08,
                    0.8542140126228333,
                    0.5199215412139893,
                    2.0958707332611084
                ],
                [
                    0.0,
                    0.0,
                    0.0,
                    1.0
                ]
            ]
        },
        {
            "file_path": "/data/shapenet_blender/all_50_random/02958343/804c21bdd416783176ad064d1c5fdd7c/r_3",
            "rotation": 0.12566370614359174,
            "transform_matrix": [
                [
                    0.13158857822418213,
                    -0.9158055186271667,
                    -0.3794529139995575,
                    -1.5296237468719482
                ],
                [
                    -0.9913044571876526,
                    -0.12156663835048676,
                    -0.050369665026664734,
                    -0.20304663479328156
                ],
                [
                    3.725290742551124e-09,
                    0.38278135657310486,
                    -0.9238388538360596,
                    -3.724113702774048
                ],
                [
                    0.0,
                    0.0,
                    0.0,
                    1.0
                ]
            ]
        },
        {
            "file_path": "/data/shapenet_blender/all_50_random/02958343/804c21bdd416783176ad064d1c5fdd7c/r_4",
            "rotation": 0.12566370614359174,
            "transform_matrix": [
                [
                    -0.8890219330787659,
                    0.32504981756210327,
                    -0.3224632441997528,
                    -1.2998908758163452
                ],
                [
                    -0.45786455273628235,
                    -0.6311395764350891,
                    0.6261172890663147,
                    2.5239593982696533
                ],
                [
                    0.0,
                    0.7042765021324158,
                    0.7099257707595825,
                    2.861802101135254
                ],
                [
                    0.0,
                    0.0,
                    0.0,
                    1.0
                ]
            ]
        },
        {
            "file_path": "/data/shapenet_blender/all_50_random/02958343/804c21bdd416783176ad064d1c5fdd7c/r_5",
            "rotation": 0.12566370614359174,
            "transform_matrix": [
                [
                    0.8649288415908813,
                    -0.006356733851134777,
                    -0.5018541812896729,
                    -2.023038864135742
                ],
                [
                    -0.5018944144248962,
                    -0.010954739525914192,
                    -0.8648595213890076,
                    -3.4863603115081787
                ],
                [
                    0.0,
                    0.9999198317527771,
                    -0.012665478512644768,
                    -0.05105617642402649
                ],
                [
                    0.0,
                    0.0,
                    0.0,
                    1.0
                ]
            ]
        },
        {
            "file_path": "/data/shapenet_blender/all_50_random/02958343/804c21bdd416783176ad064d1c5fdd7c/r_6",
            "rotation": 0.12566370614359174,
            "transform_matrix": [
                [
                    -0.8515942096710205,
                    0.2410862296819687,
                    -0.46547257900238037,
                    -1.8763797283172607
                ],
                [
                    -0.5242015719413757,
                    -0.3916577994823456,
                    0.75618577003479,
                    3.0482819080352783
                ],
                [
                    1.4901160305669237e-08,
                    0.8879647850990295,
                    0.45991143584251404,
                    1.8539620637893677
                ],
                [
                    0.0,
                    0.0,
                    0.0,
                    1.0
                ]
            ]
        },
        {
            "file_path": "/data/shapenet_blender/all_50_random/02958343/804c21bdd416783176ad064d1c5fdd7c/r_7",
            "rotation": 0.12566370614359174,
            "transform_matrix": [
                [
                    0.9893244504928589,
                    -0.0060349139384925365,
                    -0.14560481905937195,
                    -0.5869518518447876
                ],
                [
                    -0.14572985470294952,
                    -0.04096955806016922,
                    -0.9884756207466125,
                    -3.984673023223877
                ],
                [
                    0.0,
                    0.9991422295570374,
                    -0.041411641985177994,
                    -0.16693568229675293
                ],
                [
                    0.0,
                    0.0,
                    0.0,
                    1.0
                ]
            ]
        },
        {
            "file_path": "/data/shapenet_blender/all_50_random/02958343/804c21bdd416783176ad064d1c5fdd7c/r_8",
            "rotation": 0.12566370614359174,
            "transform_matrix": [
                [
                    -0.7580657601356506,
                    -0.1787194460630417,
                    0.627212643623352,
                    2.5283751487731934
                ],
                [
                    0.652178168296814,
                    -0.2077363133430481,
                    0.7290468215942383,
                    2.9388816356658936
                ],
                [
                    0.0,
                    0.961719810962677,
                    0.27403467893600464,
                    1.1046690940856934
                ],
                [
                    0.0,
                    0.0,
                    0.0,
                    1.0
                ]
            ]
        },
        {
            "file_path": "/data/shapenet_blender/all_50_random/02958343/804c21bdd416783176ad064d1c5fdd7c/r_9",
            "rotation": 0.12566370614359174,
            "transform_matrix": [
                [
                    -0.998979926109314,
                    0.03464556857943535,
                    -0.02896590158343315,
                    -0.11676529049873352
                ],
                [
                    -0.045159049332141876,
                    -0.7664073705673218,
                    0.640765368938446,
                    2.583008050918579
                ],
                [
                    1.862645593320167e-09,
                    0.6414196491241455,
                    0.7671899795532227,
                    3.092642068862915
                ],
                [
                    0.0,
                    0.0,
                    0.0,
                    1.0
                ]
            ]
        },
        {
            "file_path": "/data/shapenet_blender/all_50_random/02958343/804c21bdd416783176ad064d1c5fdd7c/r_10",
            "rotation": 0.12566370614359174,
            "transform_matrix": [
                [
                    0.9997966885566711,
                    -0.0005366315599530935,
                    0.020155487582087517,
                    0.08124935626983643
                ],
                [
                    0.02016262896358967,
                    0.026609748601913452,
                    -0.9994426369667053,
                    -4.028881549835205
                ],
                [
                    5.820765050512655e-11,
                    0.9996458292007446,
                    0.026615161448717117,
                    0.1072891354560852
                ],
                [
                    0.0,
                    0.0,
                    0.0,
                    1.0
                ]
            ]
        },
        {
            "file_path": "/data/shapenet_blender/all_50_random/02958343/804c21bdd416783176ad064d1c5fdd7c/r_11",
            "rotation": 0.12566370614359174,
            "transform_matrix": [
                [
                    0.6943784952163696,
                    0.3825685977935791,
                    -0.6094913482666016,
                    -2.4569385051727295
                ],
                [
                    -0.7196099758148193,
                    0.369154691696167,
                    -0.5881208777427673,
                    -2.370791435241699
                ],
                [
                    0.0,
                    0.8469745516777039,
                    0.531633198261261,
                    2.1430821418762207
                ],
                [
                    0.0,
                    0.0,
                    0.0,
                    1.0
                ]
            ]
        },
        {
            "file_path": "/data/shapenet_blender/all_50_random/02958343/804c21bdd416783176ad064d1c5fdd7c/r_12",
            "rotation": 0.12566370614359174,
            "transform_matrix": [
                [
                    -0.3113034665584564,
                    0.21858876943588257,
                    -0.9248291850090027,
                    -3.7281057834625244
                ],
                [
                    -0.9503105878829956,
                    -0.07160547375679016,
                    0.3029562532901764,
                    1.2212557792663574
                ],
                [
                    0.0,
                    0.9731863141059875,
                    0.2300182282924652,
                    0.9272331595420837
                ],
                [
                    0.0,
                    0.0,
                    0.0,
                    1.0
                ]
            ]
        },
        {
            "file_path": "/data/shapenet_blender/all_50_random/02958343/804c21bdd416783176ad064d1c5fdd7c/r_13",
            "rotation": 0.12566370614359174,
            "transform_matrix": [
                [
                    -0.31404680013656616,
                    0.5949099659919739,
                    -0.7399030923843384,
                    -2.982645034790039
                ],
                [
                    -0.9494075775146484,
                    -0.19678542017936707,
                    0.24474652111530304,
                    0.9866048693656921
                ],
                [
                    0.0,
                    0.7793315052986145,
                    0.6266117691993713,
                    2.5259530544281006
                ],
                [
                    0.0,
                    0.0,
                    0.0,
                    1.0
                ]
            ]
        },
        {
            "file_path": "/data/shapenet_blender/all_50_random/02958343/804c21bdd416783176ad064d1c5fdd7c/r_14",
            "rotation": 0.12566370614359174,
            "transform_matrix": [
                [
                    0.42188042402267456,
                    -0.3057449162006378,
                    -0.8535436987876892,
                    -3.4407448768615723
                ],
                [
                    -0.906651496887207,
                    -0.1422683447599411,
                    -0.39716845750808716,
                    -1.6010373830795288
                ],
                [
                    -1.4901161193847656e-08,
                    0.9414243698120117,
                    -0.3372242748737335,
                    -1.3593946695327759
                ],
                [
                    0.0,
                    0.0,
                    0.0,
                    1.0
                ]
            ]
        },
        {
            "file_path": "/data/shapenet_blender/all_50_random/02958343/804c21bdd416783176ad064d1c5fdd7c/r_15",
            "rotation": 0.12566370614359174,
            "transform_matrix": [
                [
                    0.9975219964981079,
                    -0.03539036959409714,
                    0.0608067624270916,
                    0.24511989951133728
                ],
                [
                    0.07035581767559052,
                    0.5017732977867126,
                    -0.8621331453323364,
                    -3.475369930267334
                ],
                [
                    0.0,
                    0.8642747402191162,
                    0.5030198097229004,
                    2.027737617492676
                ],
                [
                    0.0,
                    0.0,
                    0.0,
                    1.0
                ]
            ]
        },
        {
            "file_path": "/data/shapenet_blender/all_50_random/02958343/804c21bdd416783176ad064d1c5fdd7c/r_16",
            "rotation": 0.12566370614359174,
            "transform_matrix": [
                [
                    -0.9999152421951294,
                    0.00333000672981143,
                    0.012583519332110882,
                    0.0507257878780365
                ],
                [
                    0.01301667746156454,
                    0.25580447912216187,
                    0.9666408896446228,
                    3.8966541290283203
                ],
                [
                    0.0,
                    0.966722846031189,
                    -0.2558261454105377,
                    -1.0312681198120117
                ],
                [
                    0.0,
                    0.0,
                    0.0,
                    1.0
                ]
            ]
        },
        {
            "file_path": "/data/shapenet_blender/all_50_random/02958343/804c21bdd416783176ad064d1c5fdd7c/r_17",
            "rotation": 0.12566370614359174,
            "transform_matrix": [
                [
                    -0.1460963785648346,
                    -0.529198169708252,
                    -0.8358259797096252,
                    -3.3693222999572754
                ],
                [
                    -0.9892703890800476,
                    0.07815248519182205,
                    0.12343557178974152,
                    0.4975847005844116
                ],
                [
                    0.0,
                    0.8448913097381592,
                    -0.534937858581543,
                    -2.1564035415649414
                ],
                [
                    0.0,
                    0.0,
                    0.0,
                    1.0
                ]
            ]
        },
        {
            "file_path": "/data/shapenet_blender/all_50_random/02958343/804c21bdd416783176ad064d1c5fdd7c/r_18",
            "rotation": 0.12566370614359174,
            "transform_matrix": [
                [
                    -0.7276653051376343,
                    -0.6734448075294495,
                    -0.1302892416715622,
                    -0.5252127647399902
                ],
                [
                    -0.6859323978424072,
                    0.7144179344177246,
                    0.13821618258953094,
                    0.5571672916412354
                ],
                [
                    0.0,
                    0.18994496762752533,
                    -0.9817947745323181,
                    -3.9577414989471436
                ],
                [
                    0.0,
                    0.0,
                    0.0,
                    1.0
                ]
            ]
        },
        {
            "file_path": "/data/shapenet_blender/all_50_random/02958343/804c21bdd416783176ad064d1c5fdd7c/r_19",
            "rotation": 0.12566370614359174,
            "transform_matrix": [
                [
                    0.548721194267273,
                    -0.045610859990119934,
                    -0.8347601890563965,
                    -3.3650259971618652
                ],
                [
                    -0.8360053300857544,
                    -0.02993718534708023,
                    -0.5479039549827576,
                    -2.2086715698242188
                ],
                [
                    0.0,
                    0.9985105991363525,
                    -0.05455809086561203,
                    -0.21993069350719452
                ],
                [
                    0.0,
                    0.0,
                    0.0,
                    1.0
                ]
            ]
        },
        {
            "file_path": "/data/shapenet_blender/all_50_random/02958343/804c21bdd416783176ad064d1c5fdd7c/r_20",
            "rotation": 0.12566370614359174,
            "transform_matrix": [
                [
                    0.45726367831230164,
                    0.8686245679855347,
                    0.19079141318798065,
                    0.7691047191619873
                ],
                [
                    0.8893312215805054,
                    -0.4466170072555542,
                    -0.09809841215610504,
                    -0.395447313785553
                ],
                [
                    0.0,
                    0.21453340351581573,
                    -0.9767166972160339,
                    -3.937270402908325
                ],
                [
                    0.0,
                    0.0,
                    0.0,
                    1.0
                ]
            ]
        },
        {
            "file_path": "/data/shapenet_blender/all_50_random/02958343/804c21bdd416783176ad064d1c5fdd7c/r_21",
            "rotation": 0.12566370614359174,
            "transform_matrix": [
                [
                    -0.9977985620498657,
                    -0.04920567199587822,
                    -0.04446399584412575,
                    -0.1792401224374771
                ],
                [
                    -0.06631927937269211,
                    0.7403178811073303,
                    0.6689775586128235,
                    2.696735143661499
                ],
                [
                    0.0,
                    0.6704536080360413,
                    -0.7419513463973999,
                    -2.9909017086029053
                ],
                [
                    0.0,
                    0.0,
                    0.0,
                    1.0
                ]
            ]
        },
        {
            "file_path": "/data/shapenet_blender/all_50_random/02958343/804c21bdd416783176ad064d1c5fdd7c/r_22",
            "rotation": 0.12566370614359174,
            "transform_matrix": [
                [
                    0.1361912339925766,
                    0.4364217221736908,
                    0.8893749713897705,
                    3.5851855278015137
                ],
                [
                    0.9906826019287109,
                    -0.05999581888318062,
                    -0.12226425856351852,
                    -0.4928630292415619
                ],
                [
                    0.0,
                    0.8977397084236145,
                    -0.44052621722221375,
                    -1.775818109512329
                ],
                [
                    0.0,
                    0.0,
                    0.0,
                    1.0
                ]
            ]
        },
        {
            "file_path": "/data/shapenet_blender/all_50_random/02958343/804c21bdd416783176ad064d1c5fdd7c/r_23",
            "rotation": 0.12566370614359174,
            "transform_matrix": [
                [
                    0.3402283191680908,
                    0.23492500185966492,
                    -0.9105246067047119,
                    -3.6704416275024414
                ],
                [
                    -0.9403429627418518,
                    0.08499892055988312,
                    -0.3294396698474884,
                    -1.3280136585235596
                ],
                [
                    -7.450580596923828e-09,
                    0.968289852142334,
                    0.24982915818691254,
                    1.0070934295654297
                ],
                [
                    0.0,
                    0.0,
                    0.0,
                    1.0
                ]
            ]
        },
        {
            "file_path": "/data/shapenet_blender/all_50_random/02958343/804c21bdd416783176ad064d1c5fdd7c/r_24",
            "rotation": 0.12566370614359174,
            "transform_matrix": [
                [
                    -0.2882368862628937,
                    -0.1699514091014862,
                    0.9423565864562988,
                    3.7987611293792725
                ],
                [
                    0.9575591683387756,
                    -0.05115742236375809,
                    0.2836607098579407,
                    1.1434730291366577
                ],
                [
                    -3.725290298461914e-09,
                    0.984123706817627,
                    0.1774839460849762,
                    0.7154607176780701
                ],
                [
                    0.0,
                    0.0,
                    0.0,
                    1.0
                ]
            ]
        },
        {
            "file_path": "/data/shapenet_blender/all_50_random/02958343/804c21bdd416783176ad064d1c5fdd7c/r_25",
            "rotation": 0.12566370614359174,
            "transform_matrix": [
                [
                    0.9440327882766724,
                    0.26163190603256226,
                    0.20087562501430511,
                    0.8097555637359619
                ],
                [
                    0.329851895570755,
                    -0.7487878203392029,
                    -0.5749039649963379,
                    -2.317512035369873
                ],
                [
                    0.0,
                    0.6089873313903809,
                    -0.7931799292564392,
                    -3.1974105834960938
                ],
                [
                    0.0,
                    0.0,
                    0.0,
                    1.0
                ]
            ]
        },
        {
            "file_path": "/data/shapenet_blender/all_50_random/02958343/804c21bdd416783176ad064d1c5fdd7c/r_26",
            "rotation": 0.12566370614359174,
            "transform_matrix": [
                [
                    0.9922916889190674,
                    -0.02316165715456009,
                    -0.12174053490161896,
                    -0.4907517731189728
                ],
                [
                    -0.12392424792051315,
                    -0.18546102941036224,
                    -0.9748061299324036,
                    -3.9295690059661865
                ],
                [
                    0.0,
                    0.9823786020278931,
                    -0.18690171837806702,
                    -0.753424882888794
                ],
                [
                    0.0,
                    0.0,
                    0.0,
                    1.0
                ]
            ]
        },
        {
            "file_path": "/data/shapenet_blender/all_50_random/02958343/804c21bdd416783176ad064d1c5fdd7c/r_27",
            "rotation": 0.12566370614359174,
            "transform_matrix": [
                [
                    -0.785976231098175,
                    -0.13105043768882751,
                    0.6042078733444214,
                    2.4356398582458496
                ],
                [
                    0.6182567477226257,
                    -0.16660155355930328,
                    0.7681161761283875,
                    3.0963754653930664
                ],
                [
                    7.450581485102248e-09,
                    0.9772765636444092,
                    0.21196770668029785,
                    0.8544691801071167
                ],
                [
                    0.0,
                    0.0,
                    0.0,
                    1.0
                ]
            ]
        },
        {
            "file_path": "/data/shapenet_blender/all_50_random/02958343/804c21bdd416783176ad064d1c5fdd7c/r_28",
            "rotation": 0.12566370614359174,
            "transform_matrix": [
                [
                    0.26461103558540344,
                    0.03782940283417702,
                    0.963612973690033,
                    3.8844478130340576
                ],
                [
                    0.9643552303314209,
                    -0.010380073450505733,
                    -0.26440736651420593,
                    -1.0658601522445679
                ],
                [
                    0.0,
                    0.999230146408081,
                    -0.039227668195962906,
                    -0.15813177824020386
                ],
                [
                    0.0,
                    0.0,
                    0.0,
                    1.0
                ]
            ]
        },
        {
            "file_path": "/data/shapenet_blender/all_50_random/02958343/804c21bdd416783176ad064d1c5fdd7c/r_29",
            "rotation": 0.12566370614359174,
            "transform_matrix": [
                [
                    -0.9956518411636353,
                    0.034305181354284286,
                    0.08660678565502167,
                    0.34912312030792236
                ],
                [
                    0.09315353631973267,
                    0.3666636347770691,
                    0.9256782531738281,
                    3.7315282821655273
                ],
                [
                    0.0,
                    0.929720938205719,
                    -0.36826491355895996,
                    -1.4845232963562012
                ],
                [
                    0.0,
                    0.0,
                    0.0,
                    1.0
                ]
            ]
        },
        {
            "file_path": "/data/shapenet_blender/all_50_random/02958343/804c21bdd416783176ad064d1c5fdd7c/r_30",
            "rotation": 0.12566370614359174,
            "transform_matrix": [
                [
                    0.9067177772521973,
                    -0.11154202371835709,
                    -0.40672001242637634,
                    -1.6395409107208252
                ],
                [
                    -0.42173781991004944,
                    -0.23981043696403503,
                    -0.8744301199913025,
                    -3.5249407291412354
                ],
                [
                    7.4505797087454084e-09,
                    0.9643906354904175,
                    -0.26448187232017517,
                    -1.0661606788635254
                ],
                [
                    0.0,
                    0.0,
                    0.0,
                    1.0
                ]
            ]
        },
        {
            "file_path": "/data/shapenet_blender/all_50_random/02958343/804c21bdd416783176ad064d1c5fdd7c/r_31",
            "rotation": 0.12566370614359174,
            "transform_matrix": [
                [
                    0.9949398636817932,
                    -0.05614770948886871,
                    -0.0833195149898529,
                    -0.33587169647216797
                ],
                [
                    -0.10047242045402527,
                    -0.5560092329978943,
                    -0.8250811696052551,
                    -3.3260085582733154
                ],
                [
                    -3.725290298461914e-09,
                    0.8292774558067322,
                    -0.5588370561599731,
                    -2.252744197845459
                ],
                [
                    0.0,
                    0.0,
                    0.0,
                    1.0
                ]
            ]
        },
        {
            "file_path": "/data/shapenet_blender/all_50_random/02958343/804c21bdd416783176ad064d1c5fdd7c/r_32",
            "rotation": 0.12566370614359174,
            "transform_matrix": [
                [
                    -0.8031724095344543,
                    0.4260733127593994,
                    -0.41638392210006714,
                    -1.678497314453125
                ],
                [
                    -0.595746636390686,
                    -0.5744225382804871,
                    0.5613595247268677,
                    2.2629125118255615
                ],
                [
                    -1.4901161193847656e-08,
                    0.6989277601242065,
                    0.7151921987533569,
                    2.8830320835113525
                ],
                [
                    0.0,
                    0.0,
                    0.0,
                    1.0
                ]
            ]
        },
        {
            "file_path": "/data/shapenet_blender/all_50_random/02958343/804c21bdd416783176ad064d1c5fdd7c/r_33",
            "rotation": 0.12566370614359174,
            "transform_matrix": [
                [
                    -0.8003621697425842,
                    -0.006355476099997759,
                    -0.5994830131530762,
                    -2.416593551635742
                ],
                [
                    -0.599516749382019,
                    0.008484638296067715,
                    0.8003171682357788,
                    3.226181983947754
                ],
                [
                    0.0,
                    0.9999439120292664,
                    -0.010600995272397995,
                    -0.04273398220539093
                ],
                [
                    0.0,
                    0.0,
                    0.0,
                    1.0
                ]
            ]
        },
        {
            "file_path": "/data/shapenet_blender/all_50_random/02958343/804c21bdd416783176ad064d1c5fdd7c/r_34",
            "rotation": 0.12566370614359174,
            "transform_matrix": [
                [
                    0.8847660422325134,
                    0.15444673597812653,
                    0.43969905376434326,
                    1.7724835872650146
                ],
                [
                    0.46603548526763916,
                    -0.2932163178920746,
                    -0.8347664475440979,
                    -3.36505126953125
                ],
                [
                    -1.4901161193847656e-08,
                    0.9434884786605835,
                    -0.33140549063682556,
                    -1.3359382152557373
                ],
                [
                    0.0,
                    0.0,
                    0.0,
                    1.0
                ]
            ]
        },
        {
            "file_path": "/data/shapenet_blender/all_50_random/02958343/804c21bdd416783176ad064d1c5fdd7c/r_35",
            "rotation": 0.12566370614359174,
            "transform_matrix": [
                [
                    -0.7257698774337769,
                    0.14564527571201324,
                    -0.672343373298645,
                    -2.7103028297424316
                ],
                [
                    -0.6879376173019409,
                    -0.15365482866764069,
                    0.7093179821968079,
                    2.8593523502349854
                ],
                [
                    7.450581485102248e-09,
                    0.977331817150116,
                    0.21171291172504425,
                    0.8534420728683472
                ],
                [
                    0.0,
                    0.0,
                    0.0,
                    1.0
                ]
            ]
        },
        {
            "file_path": "/data/shapenet_blender/all_50_random/02958343/804c21bdd416783176ad064d1c5fdd7c/r_36",
            "rotation": 0.12566370614359174,
            "transform_matrix": [
                [
                    -0.5921005606651306,
                    -0.2783336341381073,
                    0.7562718987464905,
                    3.0486297607421875
                ],
                [
                    0.8058640956878662,
                    -0.2045028656721115,
                    0.5556632280349731,
                    2.23995041847229
                ],
                [
                    0.0,
                    0.9384609460830688,
                    0.34538528323173523,
                    1.3922927379608154
                ],
                [
                    0.0,
                    0.0,
                    0.0,
                    1.0
                ]
            ]
        },
        {
            "file_path": "/data/shapenet_blender/all_50_random/02958343/804c21bdd416783176ad064d1c5fdd7c/r_37",
            "rotation": 0.12566370614359174,
            "transform_matrix": [
                [
                    -0.042272426187992096,
                    -0.5897496938705444,
                    -0.8064790368080139,
                    -3.251020669937134
                ],
                [
                    -0.9991061687469482,
                    0.02495245262980461,
                    0.034122321754693985,
                    0.1375514566898346
                ],
                [
                    1.862645149230957e-09,
                    0.80720055103302,
                    -0.5902773141860962,
                    -2.379483699798584
                ],
                [
                    0.0,
                    0.0,
                    0.0,
                    1.0
                ]
            ]
        },
        {
            "file_path": "/data/shapenet_blender/all_50_random/02958343/804c21bdd416783176ad064d1c5fdd7c/r_38",
            "rotation": 0.12566370614359174,
            "transform_matrix": [
                [
                    -0.04942170903086662,
                    -0.8380119204521179,
                    0.5434091687202454,
                    2.1905524730682373
                ],
                [
                    0.9987781047821045,
                    -0.041466645896434784,
                    0.02688906341791153,
                    0.10839328169822693
                ],
                [
                    0.0,
                    0.5440738797187805,
                    0.8390371799468994,
                    3.3822669982910156
                ],
                [
                    0.0,
                    0.0,
                    0.0,
                    1.0
                ]
            ]
        },
        {
            "file_path": "/data/shapenet_blender/all_50_random/02958343/804c21bdd416783176ad064d1c5fdd7c/r_39",
            "rotation": 0.12566370614359174,
            "transform_matrix": [
                [
                    0.7525351047515869,
                    0.04712998494505882,
                    0.6568636298179626,
                    2.647901773452759
                ],
                [
                    0.6585522294044495,
                    -0.05385596677660942,
                    -0.7506054639816284,
                    -3.025787115097046
                ],
                [
                    0.0,
                    0.9974358081817627,
                    -0.07156606763601303,
                    -0.28849202394485474
                ],
                [
                    0.0,
                    0.0,
                    0.0,
                    1.0
                ]
            ]
        },
        {
            "file_path": "/data/shapenet_blender/all_50_random/02958343/804c21bdd416783176ad064d1c5fdd7c/r_40",
            "rotation": 0.12566370614359174,
            "transform_matrix": [
                [
                    0.4525022506713867,
                    0.72896409034729,
                    0.5136662721633911,
                    2.070655107498169
                ],
                [
                    0.8917633295059204,
                    -0.36989396810531616,
                    -0.26064667105674744,
                    -1.0507004261016846
                ],
                [
                    0.0,
                    0.5760119557380676,
                    -0.8174411654472351,
                    -3.29521107673645
                ],
                [
                    0.0,
                    0.0,
                    0.0,
                    1.0
                ]
            ]
        },
        {
            "file_path": "/data/shapenet_blender/all_50_random/02958343/804c21bdd416783176ad064d1c5fdd7c/r_41",
            "rotation": 0.12566370614359174,
            "transform_matrix": [
                [
                    -0.9997074007987976,
                    -0.02073661983013153,
                    0.012456425465643406,
                    0.05021345615386963
                ],
                [
                    0.02419028803706169,
                    -0.8569783568382263,
                    0.5147843360900879,
                    2.075161933898926
                ],
                [
                    0.0,
                    0.5149350166320801,
