{
    "class": "02958343",
    "model": "348fe55c1976b64c45aa033a20004998",
    "remove_doubles": true,
    "edge_split": true,
    "denoise": true,
    "camera_angle_x": 0.6911112070083618,
    "scale_factor": 2.2063365638469903,
    "hdri_file": "/data/IndoorHDRDataset2018/AG8A0887-649a553f67.exr",
    "center_offset": [
        0.0,
        0.0,
        -4.656612873077393e-10
    ],
    "lights": [],
    "frames": [
        {
            "file_path": "/data/shapenet_blender/all_50_random/02958343/348fe55c1976b64c45aa033a20004998/r_0",
            "rotation": 0.12566370614359174,
            "transform_matrix": [
                [
                    0.856290340423584,
                    0.05165570601820946,
                    -0.5139051675796509,
                    -2.0716183185577393
                ],
                [
                    -0.5164948105812073,
                    0.0856393501162529,
                    -0.8519970178604126,
                    -3.4345099925994873
                ],
                [
                    0.0,
                    0.9949860572814941,
                    0.10001205652952194,
                    0.40316152572631836
                ],
                [
                    0.0,
                    0.0,
                    0.0,
                    1.0
                ]
            ]
        },
        {
            "file_path": "/data/shapenet_blender/all_50_random/02958343/348fe55c1976b64c45aa033a20004998/r_1",
            "rotation": 0.12566370614359174,
            "transform_matrix": [
                [
                    -0.9513614773750305,
                    0.3022473156452179,
                    -0.05964850261807442,
                    -0.24045079946517944
                ],
                [
                    -0.3080769181251526,
                    -0.9333592057228088,
                    0.18419842422008514,
                    0.7425276041030884
                ],
                [
                    0.0,
                    0.19361573457717896,
                    0.9810774326324463,
                    3.9548497200012207
                ],
                [
                    0.0,
                    0.0,
                    0.0,
                    1.0
                ]
            ]
        },
        {
            "file_path": "/data/shapenet_blender/all_50_random/02958343/348fe55c1976b64c45aa033a20004998/r_2",
            "rotation": 0.12566370614359174,
            "transform_matrix": [
                [
                    0.9556580185890198,
                    0.09582788497209549,
                    0.278450608253479,
                    1.1224702596664429
                ],
                [
                    0.29447871446609497,
                    -0.3109857439994812,
                    -0.9036427140235901,
                    -3.6427001953125
                ],
                [
                    0.0,
                    0.9455711245536804,
                    -0.32541531324386597,
                    -1.3117910623550415
                ],
                [
                    0.0,
                    0.0,
                    0.0,
                    1.0
                ]
            ]
        },
        {
            "file_path": "/data/shapenet_blender/all_50_random/02958343/348fe55c1976b64c45aa033a20004998/r_3",
            "rotation": 0.12566370614359174,
            "transform_matrix": [
                [
                    -0.28098201751708984,
                    0.39940759539604187,
                    0.8726526498794556,
                    3.517775297164917
                ],
                [
                    0.9597130417823792,
                    0.11693739891052246,
                    0.2554927170276642,
                    1.0299240350723267
                ],
                [
                    0.0,
                    0.9092849493026733,
                    -0.4161739945411682,
                    -1.677651047706604
                ],
                [
                    0.0,
                    0.0,
                    0.0,
                    1.0
                ]
            ]
        },
        {
            "file_path": "/data/shapenet_blender/all_50_random/02958343/348fe55c1976b64c45aa033a20004998/r_4",
            "rotation": 0.12566370614359174,
            "transform_matrix": [
                [
                    -0.4555513262748718,
                    -0.1017133817076683,
                    -0.8843796253204346,
                    -3.5650484561920166
                ],
                [
                    -0.8902094960212708,
                    0.05205029249191284,
                    0.4525679647922516,
                    1.8243598937988281
                ],
                [
                    0.0,
                    0.9934510588645935,
                    -0.1142578125,
                    -0.4605880081653595
                ],
                [
                    0.0,
                    0.0,
                    0.0,
                    1.0
                ]
            ]
        },
        {
            "file_path": "/data/shapenet_blender/all_50_random/02958343/348fe55c1976b64c45aa033a20004998/r_5",
            "rotation": 0.12566370614359174,
            "transform_matrix": [
                [
                    -0.02141602896153927,
                    0.28759849071502686,
                    -0.9575116038322449,
                    -3.8598527908325195
                ],
                [
                    -0.9997705817222595,
                    -0.006160631310194731,
                    0.020510802045464516,
                    0.08268168568611145
                ],
                [
                    -4.6566125955216364e-10,
                    0.9577312469482422,
                    0.2876644730567932,
                    1.1596125364303589
                ],
                [
                    0.0,
                    0.0,
                    0.0,
                    1.0
                ]
            ]
        },
        {
            "file_path": "/data/shapenet_blender/all_50_random/02958343/348fe55c1976b64c45aa033a20004998/r_6",
            "rotation": 0.12566370614359174,
            "transform_matrix": [
                [
                    -0.8919020295143127,
                    0.037660032510757446,
                    -0.45065784454345703,
                    -1.816659927368164
                ],
                [
                    -0.4522286653518677,
                    -0.07427450269460678,
                    0.8888039588928223,
                    3.582883358001709
                ],
                [
                    0.0,
                    0.9965264201164246,
                    0.08327653259038925,
                    0.3356984257698059
                ],
                [
                    0.0,
                    0.0,
                    0.0,
                    1.0
                ]
            ]
        },
        {
            "file_path": "/data/shapenet_blender/all_50_random/02958343/348fe55c1976b64c45aa033a20004998/r_7",
            "rotation": 0.12566370614359174,
            "transform_matrix": [
                [
                    0.8502904176712036,
                    -0.17137102782726288,
                    -0.49763256311416626,
                    -2.006021022796631
                ],
                [
                    -0.5263137817382812,
                    -0.2768598198890686,
                    -0.8039542436599731,
                    -3.2408432960510254
                ],
                [
                    0.0,
                    0.9455054402351379,
                    -0.32560619711875916,
                    -1.3125605583190918
                ],
                [
                    0.0,
                    0.0,
                    0.0,
                    1.0
                ]
            ]
        },
        {
            "file_path": "/data/shapenet_blender/all_50_random/02958343/348fe55c1976b64c45aa033a20004998/r_8",
            "rotation": 0.12566370614359174,
            "transform_matrix": [
                [
                    -0.06716419011354446,
                    -0.19601799547672272,
                    0.9782974123954773,
                    3.94364333152771
                ],
                [
                    0.9977419972419739,
                    -0.01319518405944109,
                    0.0658552497625351,
                    0.26547104120254517
                ],
                [
                    0.0,
                    0.9805115461349487,
                    0.19646158814430237,
                    0.7919620275497437
                ],
                [
                    0.0,
                    0.0,
                    0.0,
                    1.0
                ]
            ]
        },
        {
            "file_path": "/data/shapenet_blender/all_50_random/02958343/348fe55c1976b64c45aa033a20004998/r_9",
            "rotation": 0.12566370614359174,
            "transform_matrix": [
                [
                    -0.9509385228157043,
                    -0.08035196363925934,
                    -0.29876312613487244,
                    -1.2043527364730835
                ],
                [
                    -0.3093797564506531,
                    0.2469773292541504,
                    0.9183062314987183,
                    3.701810836791992
                ],
                [
                    7.450580152834618e-09,
                    0.9656840562820435,
                    -0.2597195506095886,
                    -1.0469629764556885
                ],
                [
                    0.0,
                    0.0,
                    0.0,
                    1.0
                ]
            ]
        },
        {
            "file_path": "/data/shapenet_blender/all_50_random/02958343/348fe55c1976b64c45aa033a20004998/r_10",
            "rotation": 0.12566370614359174,
            "transform_matrix": [
                [
                    -0.8251246213912964,
                    -0.06120862811803818,
                    0.561625063419342,
                    2.2639832496643066
                ],
                [
                    0.564950704574585,
                    -0.08939673006534576,
                    0.8202674984931946,
                    3.3066043853759766
                ],
                [
                    0.0,
                    0.9941135048866272,
                    0.10834328830242157,
                    0.4367457926273346
                ],
                [
                    0.0,
                    0.0,
                    0.0,
                    1.0
                ]
            ]
        },
        {
            "file_path": "/data/shapenet_blender/all_50_random/02958343/348fe55c1976b64c45aa033a20004998/r_11",
            "rotation": 0.12566370614359174,
            "transform_matrix": [
                [
                    -0.40291333198547363,
                    0.5979990363121033,
                    -0.6928620934486389,
                    -2.7930164337158203
                ],
                [
                    -0.9152381420135498,
                    -0.2632558345794678,
                    0.30501723289489746,
                    1.22956383228302
                ],
                [
                    2.9802322387695312e-08,
                    0.7570292949676514,
                    0.6533808708190918,
                    2.6338624954223633
                ],
                [
                    0.0,
                    0.0,
                    0.0,
                    1.0
                ]
            ]
        },
        {
            "file_path": "/data/shapenet_blender/all_50_random/02958343/348fe55c1976b64c45aa033a20004998/r_12",
            "rotation": 0.12566370614359174,
            "transform_matrix": [
                [
                    -0.9619814157485962,
                    0.053066685795784,
                    0.2679099142551422,
                    1.079979419708252
                ],
                [
                    0.27311500906944275,
                    0.18691454827785492,
                    0.9436477422714233,
                    3.8039658069610596
                ],
                [
                    -3.725290742551124e-09,
                    0.9809417724609375,
                    -0.19430162012577057,
                    -0.783254861831665
                ],
                [
                    0.0,
                    0.0,
                    0.0,
                    1.0
                ]
            ]
        },
        {
            "file_path": "/data/shapenet_blender/all_50_random/02958343/348fe55c1976b64c45aa033a20004998/r_13",
            "rotation": 0.12566370614359174,
            "transform_matrix": [
                [
                    -0.9567445516586304,
                    -0.025172755122184753,
                    -0.2898385226726532,
                    -1.1683764457702637
                ],
                [
                    -0.2909296452999115,
                    0.08278254419565201,
                    0.9531563520431519,
                    3.8422961235046387
                ],
                [
                    -1.862645371275562e-09,
                    0.9962496757507324,
                    -0.08652523905038834,
                    -0.3487944006919861
                ],
                [
                    0.0,
                    0.0,
                    0.0,
                    1.0
                ]
            ]
        },
        {
            "file_path": "/data/shapenet_blender/all_50_random/02958343/348fe55c1976b64c45aa033a20004998/r_14",
            "rotation": 0.12566370614359174,
            "transform_matrix": [
                [
                    0.35490384697914124,
                    0.22438497841358185,
                    0.9075761437416077,
                    3.6585566997528076
                ],
                [
                    0.9349027872085571,
                    -0.08518007397651672,
                    -0.34453022480010986,
                    -1.3888459205627441
                ],
                [
                    0.0,
                    0.9707707166671753,
                    -0.24000884592533112,
                    -0.9675066471099854
                ],
                [
                    0.0,
                    0.0,
                    0.0,
                    1.0
                ]
            ]
        },
        {
            "file_path": "/data/shapenet_blender/all_50_random/02958343/348fe55c1976b64c45aa033a20004998/r_15",
            "rotation": 0.12566370614359174,
            "transform_matrix": [
                [
                    0.7249325513839722,
                    -0.1889883279800415,
                    -0.6623867750167847,
                    -2.670166492462158
                ],
                [
                    -0.688819944858551,
                    -0.1988963931798935,
                    -0.6971136331558228,
                    -2.810154914855957
                ],
                [
                    0.0,
                    0.9616255760192871,
                    -0.2743653357028961,
                    -1.1060020923614502
                ],
                [
                    0.0,
                    0.0,
                    0.0,
                    1.0
                ]
            ]
        },
        {
            "file_path": "/data/shapenet_blender/all_50_random/02958343/348fe55c1976b64c45aa033a20004998/r_16",
            "rotation": 0.12566370614359174,
            "transform_matrix": [
                [
                    -0.8796393275260925,
                    -0.3550359308719635,
                    -0.3165186643600464,
                    -1.2759276628494263
                ],
                [
                    -0.4756412208080292,
                    0.6565948128700256,
                    0.585361897945404,
                    2.3596694469451904
                ],
                [
                    1.4901160305669237e-08,
                    0.6654567122459412,
                    -0.7464362978935242,
                    -3.008981227874756
                ],
                [
                    0.0,
                    0.0,
                    0.0,
                    1.0
                ]
            ]
        },
        {
            "file_path": "/data/shapenet_blender/all_50_random/02958343/348fe55c1976b64c45aa033a20004998/r_17",
            "rotation": 0.12566370614359174,
            "transform_matrix": [
                [
                    -0.4853914976119995,
                    -0.15963034331798553,
                    0.8596006631851196,
                    3.465160608291626
                ],
                [
                    0.8742968440055847,
                    -0.08862345665693283,
                    0.4772324860095978,
                    1.9237854480743408
                ],
                [
                    -7.450580152834618e-09,
                    0.983190655708313,
                    0.18258140981197357,
                    0.7360091209411621
                ],
                [
                    0.0,
                    0.0,
                    0.0,
                    1.0
                ]
            ]
        },
        {
            "file_path": "/data/shapenet_blender/all_50_random/02958343/348fe55c1976b64c45aa033a20004998/r_18",
            "rotation": 0.12566370614359174,
            "transform_matrix": [
                [
                    -0.08343831449747086,
                    0.07919411361217499,
                    -0.9933611154556274,
                    -4.004366874694824
                ],
                [
                    -0.9965128898620605,
                    -0.0066309464164078236,
                    0.08317441493272781,
                    0.33528682589530945
                ],
                [
                    0.0,
                    0.9968370795249939,
                    0.07947123795747757,
                    0.32035884261131287
                ],
                [
                    0.0,
                    0.0,
                    0.0,
                    1.0
                ]
            ]
        },
        {
            "file_path": "/data/shapenet_blender/all_50_random/02958343/348fe55c1976b64c45aa033a20004998/r_19",
            "rotation": 0.12566370614359174,
            "transform_matrix": [
                [
                    -0.937283992767334,
                    0.2654684782028198,
                    -0.22588755190372467,
                    -0.9105818867683411
                ],
                [
                    -0.3485666513442993,
                    -0.7138358354568481,
                    0.6074039936065674,
                    2.448523998260498
                ],
                [
                    -1.4901161193847656e-08,
                    0.6480469107627869,
                    0.7616003155708313,
                    3.0701093673706055
                ],
                [
                    0.0,
                    0.0,
                    0.0,
                    1.0
                ]
            ]
        },
        {
            "file_path": "/data/shapenet_blender/all_50_random/02958343/348fe55c1976b64c45aa033a20004998/r_20",
            "rotation": 0.12566370614359174,
            "transform_matrix": [
                [
                    0.7360836863517761,
                    0.006598242092877626,
                    -0.6768583059310913,
                    -2.7285029888153076
                ],
                [
                    -0.6768904328346252,
                    0.00717525091022253,
                    -0.7360487580299377,
                    -2.9671075344085693
                ],
                [
                    0.0,
                    0.999952495098114,
                    0.00974787212908268,
                    0.039294928312301636
                ],
                [
                    0.0,
                    0.0,
                    0.0,
                    1.0
                ]
            ]
        },
        {
            "file_path": "/data/shapenet_blender/all_50_random/02958343/348fe55c1976b64c45aa033a20004998/r_21",
            "rotation": 0.12566370614359174,
            "transform_matrix": [
                [
                    0.39743009209632874,
                    -0.013867356814444065,
                    -0.9175276756286621,
                    -3.698672294616699
                ],
                [
                    -0.9176324605941772,
                    -0.0060060047544538975,
                    -0.3973847031593323,
                    -1.6019089221954346
                ],
                [
                    -4.656612873077393e-10,
                    0.9998857975006104,
                    -0.015112103894352913,
                    -0.060918837785720825
                ],
                [
                    0.0,
                    0.0,
                    0.0,
                    1.0
                ]
            ]
        },
        {
            "file_path": "/data/shapenet_blender/all_50_random/02958343/348fe55c1976b64c45aa033a20004998/r_22",
            "rotation": 0.12566370614359174,
            "transform_matrix": [
                [
                    -0.9937873482704163,
                    -0.036149125546216965,
                    0.10526188462972641,
                    0.42432424426078796
                ],
                [
                    0.11129610985517502,
                    -0.322783499956131,
                    0.9399064183235168,
                    3.788883924484253
                ],
                [
                    7.450580596923828e-09,
                    0.9457822442054749,
                    0.32480138540267944,
                    1.3093162775039673
                ],
                [
                    0.0,
                    0.0,
                    0.0,
                    1.0
                ]
            ]
        },
        {
            "file_path": "/data/shapenet_blender/all_50_random/02958343/348fe55c1976b64c45aa033a20004998/r_23",
            "rotation": 0.12566370614359174,
            "transform_matrix": [
                [
                    0.02839018404483795,
                    0.29206931591033936,
                    -0.9559757113456726,
                    -3.853661298751831
                ],
                [
                    -0.999596893787384,
                    0.00829524639993906,
                    -0.02715127170085907,
                    -0.10945028066635132
                ],
                [
                    9.313224635931761e-10,
                    0.9563612341880798,
                    0.2921871244907379,
                    1.1778439283370972
                ],
                [
                    0.0,
                    0.0,
                    0.0,
                    1.0
                ]
            ]
        },
        {
            "file_path": "/data/shapenet_blender/all_50_random/02958343/348fe55c1976b64c45aa033a20004998/r_24",
            "rotation": 0.12566370614359174,
            "transform_matrix": [
                [
                    -0.7000184655189514,
                    0.3687940239906311,
                    -0.6115269064903259,
                    -2.465143918991089
                ],
                [
                    -0.7141247391700745,
                    -0.36150914430618286,
                    0.5994472503662109,
                    2.4164490699768066
                ],
                [
                    0.0,
                    0.8563305735588074,
                    0.5164279341697693,
                    2.081787586212158
                ],
                [
                    0.0,
                    0.0,
                    0.0,
                    1.0
                ]
            ]
        },
        {
            "file_path": "/data/shapenet_blender/all_50_random/02958343/348fe55c1976b64c45aa033a20004998/r_25",
            "rotation": 0.12566370614359174,
            "transform_matrix": [
                [
                    0.33389684557914734,
                    0.16701583564281464,
                    0.9276953339576721,
                    3.739659547805786
                ],
                [
                    0.9426097273826599,
                    -0.05916135013103485,
                    -0.3286137878894806,
                    -1.324684500694275
                ],
                [
                    0.0,
                    0.9841775894165039,
                    -0.17718453705310822,
                    -0.7142537236213684
                ],
                [
                    0.0,
                    0.0,
                    0.0,
                    1.0
                ]
            ]
        },
        {
            "file_path": "/data/shapenet_blender/all_50_random/02958343/348fe55c1976b64c45aa033a20004998/r_26",
            "rotation": 0.12566370614359174,
            "transform_matrix": [
                [
                    -0.9324904084205627,
                    -0.002188947284594178,
                    -0.36118796467781067,
                    -1.4559952020645142
                ],
                [
                    -0.36119458079338074,
                    0.0056511708535254,
                    0.9324733018875122,
                    3.758920192718506
                ],
                [
                    -2.3283062977608182e-10,
                    0.9999815821647644,
                    -0.006060298997908831,
                    -0.024429846554994583
                ],
                [
                    0.0,
                    0.0,
                    0.0,
                    1.0
                ]
            ]
        },
        {
            "file_path": "/data/shapenet_blender/all_50_random/02958343/348fe55c1976b64c45aa033a20004998/r_27",
            "rotation": 0.12566370614359174,
            "transform_matrix": [
                [
                    0.9523429274559021,
                    -0.005402815528213978,
                    -0.30498185753822327,
                    -1.2294211387634277
                ],
                [
                    -0.3050297200679779,
                    -0.01686829887330532,
                    -0.9521934390068054,
                    -3.838414430618286
                ],
                [
                    0.0,
                    0.9998430013656616,
                    -0.01771242544054985,
                    -0.07140106707811356
                ],
                [
                    0.0,
                    0.0,
                    0.0,
                    1.0
                ]
            ]
        },
        {
            "file_path": "/data/shapenet_blender/all_50_random/02958343/348fe55c1976b64c45aa033a20004998/r_28",
            "rotation": 0.12566370614359174,
            "transform_matrix": [
                [
                    -0.9369627833366394,
                    0.04247333109378815,
                    0.34683823585510254,
                    1.3981497287750244
                ],
                [
                    0.3494292199611664,
                    0.11388839781284332,
                    0.9300153255462646,
                    3.749011993408203
                ],
                [
                    -3.725290742551124e-09,
                    0.9925851821899414,
                    -0.12155059725046158,
                    -0.4899861514568329
                ],
                [
                    0.0,
                    0.0,
                    0.0,
                    1.0
                ]
            ]
        },
        {
            "file_path": "/data/shapenet_blender/all_50_random/02958343/348fe55c1976b64c45aa033a20004998/r_29",
            "rotation": 0.12566370614359174,
            "transform_matrix": [
                [
                    -0.8822519779205322,
                    0.33228716254234314,
                    -0.33349162340164185,
                    -1.3443478345870972
                ],
                [
                    -0.47077757120132446,
                    -0.6227166056632996,
                    0.6249738335609436,
                    2.519350290298462
                ],
                [
                    1.4901162970204496e-08,
                    0.7083848118782043,
                    0.7058262825012207,
                    2.8452770709991455
                ],
                [
                    0.0,
                    0.0,
                    0.0,
                    1.0
                ]
            ]
        },
        {
            "file_path": "/data/shapenet_blender/all_50_random/02958343/348fe55c1976b64c45aa033a20004998/r_30",
            "rotation": 0.12566370614359174,
            "transform_matrix": [
                [
                    -0.020472215488553047,
                    -0.20735369622707367,
                    0.9780518412590027,
                    3.942652702331543
                ],
                [
                    0.9997904300689697,
                    -0.004245879128575325,
                    0.02002708427608013,
                    0.08073174953460693
                ],
                [
                    0.0,
                    0.9782568216323853,
                    0.2073971927165985,
                    0.8360447287559509
                ],
                [
                    0.0,
                    0.0,
                    0.0,
                    1.0
                ]
            ]
        },
        {
            "file_path": "/data/shapenet_blender/all_50_random/02958343/348fe55c1976b64c45aa033a20004998/r_31",
            "rotation": 0.12566370614359174,
            "transform_matrix": [
                [
                    0.9698917865753174,
                    -0.02893328107893467,
                    -0.24181164801120758,
                    -0.9747739434242249
                ],
                [
                    -0.24353647232055664,
                    -0.11522771418094635,
                    -0.9630226492881775,
                    -3.882068395614624
                ],
                [
                    1.862645149230957e-09,
                    0.9929175972938538,
                    -0.11880473792552948,
                    -0.4789172112941742
                ],
                [
                    0.0,
                    0.0,
                    0.0,
                    1.0
                ]
            ]
        },
        {
            "file_path": "/data/shapenet_blender/all_50_random/02958343/348fe55c1976b64c45aa033a20004998/r_32",
            "rotation": 0.12566370614359174,
            "transform_matrix": [
                [
                    0.24228297173976898,
                    -0.35458773374557495,
                    -0.9030871987342834,
                    -3.640460968017578
                ],
                [
                    -0.9702056050300598,
                    -0.08854882419109344,
                    -0.22552193701267242,
                    -0.9091079831123352
                ],
                [
                    0.0,
                    0.9308204054832458,
                    -0.3654768764972687,
                    -1.473284363746643
                ],
                [
                    0.0,
                    0.0,
                    0.0,
                    1.0
                ]
            ]
        },
        {
            "file_path": "/data/shapenet_blender/all_50_random/02958343/348fe55c1976b64c45aa033a20004998/r_33",
            "rotation": 0.12566370614359174,
            "transform_matrix": [
                [
                    -0.4850454330444336,
                    0.3281046152114868,
                    -0.8106035590171814,
                    -3.2676477432250977
                ],
                [
                    -0.8744889497756958,
                    -0.18198704719543457,
                    0.4496106803417206,
                    1.812438726425171
                ],
                [
                    0.0,
                    0.9269455075263977,
                    0.37519583106040955,
                    1.512462854385376
                ],
                [
                    0.0,
                    0.0,
                    0.0,
                    1.0
                ]
            ]
        },
        {
            "file_path": "/data/shapenet_blender/all_50_random/02958343/348fe55c1976b64c45aa033a20004998/r_34",
            "rotation": 0.12566370614359174,
            "transform_matrix": [
                [
                    -0.9976571202278137,
                    -0.06616219878196716,
                    -0.01740221120417118,
                    -0.07015055418014526
                ],
                [
                    -0.06841252744197845,
                    0.9648406505584717,
                    0.2537757456302643,
                    1.0230027437210083
                ],
                [
                    -1.862645149230957e-09,
                    0.25437164306640625,
                    -0.9671065211296082,
                    -3.898531198501587
                ],
                [
                    0.0,
                    0.0,
                    0.0,
                    1.0
                ]
            ]
        },
        {
            "file_path": "/data/shapenet_blender/all_50_random/02958343/348fe55c1976b64c45aa033a20004998/r_35",
            "rotation": 0.12566370614359174,
            "transform_matrix": [
                [
                    0.1430138796567917,
                    -0.2983647882938385,
                    -0.9436765909194946,
                    -3.804081916809082
                ],
                [
                    -0.9897207021713257,
                    -0.043113481253385544,
                    -0.1363605409860611,
                    -0.5496869087219238
                ],
                [
                    0.0,
                    0.953477680683136,
                    -0.30146363377571106,
                    -1.2152388095855713
                ],
                [
                    0.0,
                    0.0,
                    0.0,
                    1.0
                ]
            ]
        },
        {
            "file_path": "/data/shapenet_blender/all_50_random/02958343/348fe55c1976b64c45aa033a20004998/r_36",
            "rotation": 0.12566370614359174,
            "transform_matrix": [
                [
                    0.5567964315414429,
                    0.37683558464050293,
                    0.7402517795562744,
                    2.9840500354766846
                ],
                [
                    0.8306489586830139,
                    -0.25259852409362793,
                    -0.49620187282562256,
                    -2.000253438949585
                ],
                [
                    -1.4901161193847656e-08,
                    0.8911727070808411,
                    -0.45366406440734863,
                    -1.8287781476974487
                ],
                [
                    0.0,
                    0.0,
                    0.0,
                    1.0
                ]
            ]
        },
        {
            "file_path": "/data/shapenet_blender/all_50_random/02958343/348fe55c1976b64c45aa033a20004998/r_37",
            "rotation": 0.12566370614359174,
            "transform_matrix": [
                [
                    0.6282103061676025,
                    0.24652312695980072,
                    -0.7379553914070129,
                    -2.9747931957244873
                ],
                [
                    -0.7780435085296631,
                    0.1990484595298767,
                    -0.595842182636261,
                    -2.40191650390625
                ],
                [
                    0.0,
                    0.9484756588935852,
                    0.3168500065803528,
                    1.2772631645202637
                ],
                [
                    0.0,
                    0.0,
                    0.0,
                    1.0
                ]
            ]
        },
        {
            "file_path": "/data/shapenet_blender/all_50_random/02958343/348fe55c1976b64c45aa033a20004998/r_38",
            "rotation": 0.12566370614359174,
            "transform_matrix": [
                [
                    -0.5104170441627502,
                    0.34294527769088745,
                    0.7885828018188477,
                    3.1788792610168457
                ],
                [
                    0.8599270582199097,
                    0.20355810225009918,
                    0.46807006001472473,
                    1.8868508338928223
                ],
                [
                    0.0,
                    0.9170346856117249,
                    -0.39880743622779846,
                    -1.6076443195343018
                ],
                [
                    0.0,
                    0.0,
                    0.0,
                    1.0
                ]
            ]
        },
        {
            "file_path": "/data/shapenet_blender/all_50_random/02958343/348fe55c1976b64c45aa033a20004998/r_39",
            "rotation": 0.12566370614359174,
            "transform_matrix": [
                [
                    0.8790956735610962,
                    -0.38068103790283203,
                    -0.2868323028087616,
                    -1.1562581062316895
                ],
                [
                    -0.47664543986320496,
                    -0.7021047472953796,
                    -0.5290158987045288,
                    -2.1325316429138184
                ],
                [
                    0.0,
                    0.6017729043960571,
                    -0.7986671328544617,
                    -3.2195303440093994
                ],
                [
                    0.0,
                    0.0,
                    0.0,
                    1.0
                ]
            ]
        },
        {
            "file_path": "/data/shapenet_blender/all_50_random/02958343/348fe55c1976b64c45aa033a20004998/r_40",
            "rotation": 0.12566370614359174,
            "transform_matrix": [
                [
                    -0.9897395372390747,
                    0.01949767954647541,
                    -0.14154711365699768,
                    -0.5705946087837219
                ],
                [
                    -0.14288367331027985,
                    -0.13505826890468597,
                    0.9804813265800476,
                    3.952446222305298
                ],
                [
                    3.725290298461914e-09,
                    0.9906458258628845,
                    0.1364584118127823,
                    0.5500813722610474
                ],
                [
                    0.0,
                    0.0,
                    0.0,
                    1.0
                ]
            ]
        },
        {
            "file_path": "/data/shapenet_blender/all_50_random/02958343/348fe55c1976b64c45aa033a20004998/r_41",
            "rotation": 0.12566370614359174,
            "transform_matrix": [
                [
                    -0.69619220495224,
                    -0.39772945642471313,
                    0.597601592540741,
                    2.4090092182159424
                ],
                [
                    0.7178554534912109,
                    -0.3857268691062927,
                    0.5795673131942749,
                    2.336310863494873
                ],
                [
