{
    "class": "02958343",
    "model": "5d8476a9aecbbe1e9ec9fbf723f60ac0",
    "remove_doubles": true,
    "edge_split": true,
    "denoise": true,
    "camera_angle_x": 0.6911112070083618,
    "scale_factor": 2.203412388725955,
    "hdri_file": "/data/IndoorHDRDataset2018/9C4A6765-55315335bf.exr",
    "center_offset": [
        0.0,
        -9.313225746154785e-10,
        0.0
    ],
    "lights": [],
    "frames": [
        {
            "file_path": "/data/shapenet_blender/all_50_random/02958343/5d8476a9aecbbe1e9ec9fbf723f60ac0/r_0",
            "rotation": 0.12566370614359174,
            "transform_matrix": [
                [
                    0.5677974820137024,
                    -0.00561142573133111,
                    -0.8231491446495056,
                    -3.318220376968384
                ],
                [
                    -0.8231682181358337,
                    -0.003870597807690501,
                    -0.567784309387207,
                    -2.288811683654785
                ],
                [
                    0.0,
                    0.999976634979248,
                    -0.006816864013671875,
                    -0.027479657903313637
                ],
                [
                    0.0,
                    0.0,
                    0.0,
                    1.0
                ]
            ]
        },
        {
            "file_path": "/data/shapenet_blender/all_50_random/02958343/5d8476a9aecbbe1e9ec9fbf723f60ac0/r_1",
            "rotation": 0.12566370614359174,
            "transform_matrix": [
                [
                    -0.721595287322998,
                    0.4925521910190582,
                    -0.486510694026947,
                    -1.9611873626708984
                ],
                [
                    -0.6923152208328247,
                    -0.513383686542511,
                    0.5070866942405701,
                    2.0441317558288574
                ],
                [
                    0.0,
                    0.7027300596237183,
                    0.7114565372467041,
                    2.8679730892181396
                ],
                [
                    0.0,
                    0.0,
                    0.0,
                    1.0
                ]
            ]
        },
        {
            "file_path": "/data/shapenet_blender/all_50_random/02958343/5d8476a9aecbbe1e9ec9fbf723f60ac0/r_2",
            "rotation": 0.12566370614359174,
            "transform_matrix": [
                [
                    0.2890031337738037,
                    0.1331755816936493,
                    -0.9480197429656982,
                    -3.821589708328247
                ],
                [
                    -0.9573281407356262,
                    0.040203727781772614,
                    -0.28619304299354553,
                    -1.1536810398101807
                ],
                [
                    0.0,
                    0.9902766942977905,
                    0.13911172747612,
                    0.5607773065567017
                ],
                [
                    0.0,
                    0.0,
                    0.0,
                    1.0
                ]
            ]
        },
        {
            "file_path": "/data/shapenet_blender/all_50_random/02958343/5d8476a9aecbbe1e9ec9fbf723f60ac0/r_3",
            "rotation": 0.12566370614359174,
            "transform_matrix": [
                [
                    -0.9098495244979858,
                    0.17627306282520294,
                    -0.37563517689704895,
                    -1.514233946800232
                ],
                [
                    -0.4149385690689087,
                    -0.38651975989341736,
                    0.8236676454544067,
                    3.3203108310699463
                ],
                [
                    0.0,
                    0.9052790999412537,
                    0.42481717467308044,
                    1.7124929428100586
                ],
                [
                    0.0,
                    0.0,
                    0.0,
                    1.0
                ]
            ]
        },
        {
            "file_path": "/data/shapenet_blender/all_50_random/02958343/5d8476a9aecbbe1e9ec9fbf723f60ac0/r_4",
            "rotation": 0.12566370614359174,
            "transform_matrix": [
                [
                    0.5684824585914612,
                    0.026897333562374115,
                    -0.8222556114196777,
                    -3.3146181106567383
                ],
                [
                    -0.8226954340934753,
                    0.01858605444431305,
                    -0.5681785345077515,
                    -2.290400743484497
                ],
                [
                    0.0,
                    0.9994654059410095,
                    0.03269416093826294,
                    0.13179436326026917
                ],
                [
                    0.0,
                    0.0,
                    0.0,
                    1.0
                ]
            ]
        },
        {
            "file_path": "/data/shapenet_blender/all_50_random/02958343/5d8476a9aecbbe1e9ec9fbf723f60ac0/r_5",
            "rotation": 0.12566370614359174,
            "transform_matrix": [
                [
                    -0.11560734361410141,
                    -0.6261818408966064,
                    0.7710584402084351,
                    3.108236074447632
                ],
                [
                    0.9932950139045715,
                    -0.07287988066673279,
                    0.08974173665046692,
                    0.3617604970932007
                ],
                [
                    0.0,
                    0.7762632369995117,
                    0.630408763885498,
                    2.5412590503692627
                ],
                [
                    0.0,
                    0.0,
                    0.0,
                    1.0
                ]
            ]
        },
        {
            "file_path": "/data/shapenet_blender/all_50_random/02958343/5d8476a9aecbbe1e9ec9fbf723f60ac0/r_6",
            "rotation": 0.12566370614359174,
            "transform_matrix": [
                [
                    0.2713116705417633,
                    -0.7711488604545593,
                    -0.5759508609771729,
                    -2.3217318058013916
                ],
                [
                    -0.9624915719032288,
                    -0.21737511456012726,
                    -0.16235175728797913,
                    -0.6544607877731323
                ],
                [
                    -1.4901160305669237e-08,
                    0.5983957648277283,
                    -0.8012007474899292,
                    -3.229743242263794
                ],
                [
                    0.0,
                    0.0,
                    0.0,
                    1.0
                ]
            ]
        },
        {
            "file_path": "/data/shapenet_blender/all_50_random/02958343/5d8476a9aecbbe1e9ec9fbf723f60ac0/r_7",
            "rotation": 0.12566370614359174,
            "transform_matrix": [
                [
                    -0.6320244073867798,
                    -0.3135811984539032,
                    -0.7086691856384277,
                    -2.856736898422241
                ],
                [
                    -0.7749485373497009,
                    0.2557472884654999,
                    0.5779690146446228,
                    2.3298676013946533
                ],
                [
                    0.0,
                    0.9144726991653442,
                    -0.4046477675437927,
                    -1.6311873197555542
                ],
                [
                    0.0,
                    0.0,
                    0.0,
                    1.0
                ]
            ]
        },
        {
            "file_path": "/data/shapenet_blender/all_50_random/02958343/5d8476a9aecbbe1e9ec9fbf723f60ac0/r_8",
            "rotation": 0.12566370614359174,
            "transform_matrix": [
                [
                    -0.988389253616333,
                    -0.09190813452005386,
                    -0.12099451571702957,
                    -0.4877444803714752
                ],
                [
                    -0.15194334089756012,
                    0.5978610515594482,
                    0.7870675325393677,
                    3.1727707386016846
                ],
                [
                    0.0,
                    0.7963133454322815,
                    -0.6048842668533325,
                    -2.438366413116455
                ],
                [
                    0.0,
                    0.0,
                    0.0,
                    1.0
                ]
            ]
        },
        {
            "file_path": "/data/shapenet_blender/all_50_random/02958343/5d8476a9aecbbe1e9ec9fbf723f60ac0/r_9",
            "rotation": 0.12566370614359174,
            "transform_matrix": [
                [
                    -0.5950599312782288,
                    0.1453564614057541,
                    0.7904272079467773,
                    3.186314105987549
                ],
                [
                    0.8036813735961914,
                    0.10762450098991394,
                    0.5852463245391846,
                    2.359203338623047
                ],
                [
                    0.0,
                    0.983508288860321,
                    -0.18086327612400055,
                    -0.7290831804275513
                ],
                [
                    0.0,
                    0.0,
                    0.0,
                    1.0
                ]
            ]
        },
        {
            "file_path": "/data/shapenet_blender/all_50_random/02958343/5d8476a9aecbbe1e9ec9fbf723f60ac0/r_10",
            "rotation": 0.12566370614359174,
            "transform_matrix": [
                [
                    0.6112985014915466,
                    0.6647720336914062,
                    0.4294091761112213,
                    1.7310038805007935
                ],
                [
                    0.7914001941680908,
                    -0.5134875774383545,
                    -0.3316870629787445,
                    -1.3370734453201294
                ],
                [
                    -1.4901161193847656e-08,
                    0.542594313621521,
                    -0.8399947881698608,
                    -3.386127471923828
                ],
                [
                    0.0,
                    0.0,
                    0.0,
                    1.0
                ]
            ]
        },
        {
            "file_path": "/data/shapenet_blender/all_50_random/02958343/5d8476a9aecbbe1e9ec9fbf723f60ac0/r_11",
            "rotation": 0.12566370614359174,
            "transform_matrix": [
                [
                    -0.6118360757827759,
                    0.31185072660446167,
                    0.7269151210784912,
                    2.930288791656494
                ],
                [
                    0.790984570980072,
                    0.24122031033039093,
                    0.562277615070343,
                    2.266613721847534
                ],
                [
                    0.0,
                    0.919000506401062,
                    -0.3942563235759735,
                    -1.5892982482910156
                ],
                [
                    0.0,
                    0.0,
                    0.0,
                    1.0
                ]
            ]
        },
        {
            "file_path": "/data/shapenet_blender/all_50_random/02958343/5d8476a9aecbbe1e9ec9fbf723f60ac0/r_12",
            "rotation": 0.12566370614359174,
            "transform_matrix": [
                [
                    0.9424350261688232,
                    0.13013485074043274,
                    0.30802804231643677,
                    1.2417007684707642
                ],
                [
                    0.3343895673751831,
                    -0.3667687773704529,
                    -0.8681383728981018,
                    -3.499577760696411
                ],
                [
                    7.450581485102248e-09,
                    0.9211652278900146,
                    -0.3891715109348297,
                    -1.5688005685806274
                ],
                [
                    0.0,
                    0.0,
                    0.0,
                    1.0
                ]
            ]
        },
        {
            "file_path": "/data/shapenet_blender/all_50_random/02958343/5d8476a9aecbbe1e9ec9fbf723f60ac0/r_13",
            "rotation": 0.12566370614359174,
            "transform_matrix": [
                [
                    -0.07853564620018005,
                    0.35623976588249207,
                    -0.9310881495475769,
                    -3.7533366680145264
                ],
                [
                    -0.996911346912384,
                    -0.028064200654625893,
                    0.07335016131401062,
                    0.29568397998809814
                ],
                [
                    1.862645371275562e-09,
                    0.933972954750061,
                    0.35734349489212036,
                    1.440497875213623
                ],
                [
                    0.0,
                    0.0,
                    0.0,
                    1.0
                ]
            ]
        },
        {
            "file_path": "/data/shapenet_blender/all_50_random/02958343/5d8476a9aecbbe1e9ec9fbf723f60ac0/r_14",
            "rotation": 0.12566370614359174,
            "transform_matrix": [
                [
                    -0.9453641176223755,
                    0.23761649429798126,
                    -0.22321566939353943,
                    -0.8998111486434937
                ],
                [
                    -0.3260166347026825,
                    -0.6890265345573425,
                    0.6472678780555725,
                    2.609220266342163
                ],
                [
                    0.0,
                    0.6846756935119629,
                    0.7288478016853333,
                    2.938079357147217
                ],
                [
                    0.0,
                    0.0,
                    0.0,
                    1.0
                ]
            ]
        },
        {
            "file_path": "/data/shapenet_blender/all_50_random/02958343/5d8476a9aecbbe1e9ec9fbf723f60ac0/r_15",
            "rotation": 0.12566370614359174,
            "transform_matrix": [
                [
                    0.9108699560165405,
                    0.37399959564208984,
                    0.17447182536125183,
                    0.7033184766769409
                ],
                [
                    0.4126937985420227,
                    -0.8254666924476624,
                    -0.3850824534893036,
                    -1.5523171424865723
                ],
                [
                    0.0,
                    0.4227634072303772,
                    -0.9062399864196777,
                    -3.653170585632324
                ],
                [
                    0.0,
                    0.0,
                    0.0,
                    1.0
                ]
            ]
        },
        {
            "file_path": "/data/shapenet_blender/all_50_random/02958343/5d8476a9aecbbe1e9ec9fbf723f60ac0/r_16",
            "rotation": 0.12566370614359174,
            "transform_matrix": [
                [
                    0.976118803024292,
                    0.07234451919794083,
                    0.2048375904560089,
                    0.8257267475128174
                ],
                [
                    0.21723760664463043,
                    -0.32506731152534485,
                    -0.9204015731811523,
                    -3.7102575302124023
                ],
                [
                    -7.450581485102248e-09,
                    0.9429196119308472,
                    -0.33302026987075806,
                    -1.3424476385116577
                ],
                [
                    0.0,
                    0.0,
                    0.0,
                    1.0
                ]
            ]
        },
        {
            "file_path": "/data/shapenet_blender/all_50_random/02958343/5d8476a9aecbbe1e9ec9fbf723f60ac0/r_17",
            "rotation": 0.12566370614359174,
            "transform_matrix": [
                [
                    -0.2576870620250702,
                    -0.023020371794700623,
                    0.965954065322876,
                    3.893885612487793
                ],
                [
                    0.9662284255027771,
                    -0.006139389704912901,
                    0.2576138973236084,
                    1.0384749174118042
                ],
                [
                    4.656612873077393e-10,
                    0.9997161626815796,
                    0.02382497675716877,
                    0.09604156017303467
                ],
                [
                    0.0,
                    0.0,
                    0.0,
                    1.0
                ]
            ]
        },
        {
            "file_path": "/data/shapenet_blender/all_50_random/02958343/5d8476a9aecbbe1e9ec9fbf723f60ac0/r_18",
            "rotation": 0.12566370614359174,
            "transform_matrix": [
                [
                    -0.9443792104721069,
                    0.21663729846477509,
                    -0.2474198043346405,
                    -0.9973812103271484
                ],
                [
                    -0.3288591206073761,
                    -0.6221136450767517,
                    0.7105112671852112,
                    2.8641626834869385
                ],
                [
                    1.4901162970204496e-08,
                    0.7523582577705383,
                    0.6587541699409485,
                    2.6555233001708984
                ],
                [
                    0.0,
                    0.0,
                    0.0,
                    1.0
                ]
            ]
        },
        {
            "file_path": "/data/shapenet_blender/all_50_random/02958343/5d8476a9aecbbe1e9ec9fbf723f60ac0/r_19",
            "rotation": 0.12566370614359174,
            "transform_matrix": [
                [
                    -0.9826878905296326,
                    0.022382451221346855,
                    -0.1839117407798767,
                    -0.7413719892501831
                ],
                [
                    -0.18526874482631683,
                    -0.11871923506259918,
                    0.9754902124404907,
                    3.9323270320892334
                ],
                [
                    0.0,
                    0.9926754832267761,
                    0.12081073969602585,
                    0.4870036840438843
                ],
                [
                    0.0,
                    0.0,
                    0.0,
                    1.0
                ]
            ]
        },
        {
            "file_path": "/data/shapenet_blender/all_50_random/02958343/5d8476a9aecbbe1e9ec9fbf723f60ac0/r_20",
            "rotation": 0.12566370614359174,
            "transform_matrix": [
                [
                    0.44721636176109314,
                    0.5142011046409607,
                    -0.7318434119224548,
                    -2.950155258178711
                ],
                [
                    -0.8944258689880371,
                    0.25710251927375793,
                    -0.36592450737953186,
                    -1.4750888347625732
                ],
                [
                    0.0,
                    0.8182269930839539,
                    0.5748952031135559,
                    2.317476749420166
                ],
                [
                    0.0,
                    0.0,
                    0.0,
                    1.0
                ]
            ]
        },
        {
            "file_path": "/data/shapenet_blender/all_50_random/02958343/5d8476a9aecbbe1e9ec9fbf723f60ac0/r_21",
            "rotation": 0.12566370614359174,
            "transform_matrix": [
                [
                    0.6237348318099976,
                    0.7000632882118225,
                    0.3476581275463104,
                    1.4014548063278198
                ],
                [
                    0.7816360592842102,
                    -0.5586408376693726,
                    -0.2774263620376587,
                    -1.1183415651321411
                ],
                [
                    1.4901161193847656e-08,
                    0.44478270411491394,
                    -0.8956385254859924,
                    -3.6104345321655273
                ],
                [
                    0.0,
                    0.0,
                    0.0,
                    1.0
                ]
            ]
        },
        {
            "file_path": "/data/shapenet_blender/all_50_random/02958343/5d8476a9aecbbe1e9ec9fbf723f60ac0/r_22",
            "rotation": 0.12566370614359174,
            "transform_matrix": [
                [
                    -0.4330603778362274,
                    0.6046134829521179,
                    0.6685066819190979,
                    2.6948366165161133
                ],
                [
                    0.9013648629188538,
                    0.29048630595207214,
                    0.3211837708950043,
                    1.2947331666946411
                ],
                [
                    0.0,
                    0.7416604161262512,
                    -0.6707754731178284,
                    -2.703982353210449
                ],
                [
                    0.0,
                    0.0,
                    0.0,
                    1.0
                ]
            ]
        },
        {
            "file_path": "/data/shapenet_blender/all_50_random/02958343/5d8476a9aecbbe1e9ec9fbf723f60ac0/r_23",
            "rotation": 0.12566370614359174,
            "transform_matrix": [
                [
                    -0.9994568228721619,
                    -9.207111725118011e-05,
                    -0.0329577699303627,
                    -0.13285702466964722
                ],
                [
                    -0.032957904040813446,
                    0.0027920801658183336,
                    0.9994528293609619,
                    4.028923034667969
                ],
                [
                    0.0,
                    0.9999961256980896,
                    -0.002793597523123026,
                    -0.01126135140657425
                ],
                [
                    0.0,
                    0.0,
                    0.0,
                    1.0
                ]
            ]
        },
        {
            "file_path": "/data/shapenet_blender/all_50_random/02958343/5d8476a9aecbbe1e9ec9fbf723f60ac0/r_24",
            "rotation": 0.12566370614359174,
            "transform_matrix": [
                [
                    -0.9577816128730774,
                    0.0725012868642807,
                    -0.27820491790771484,
                    -1.121479868888855
                ],
                [
                    -0.28749680519104004,
                    -0.2415345013141632,
                    0.9268261194229126,
                    3.7361555099487305
                ],
                [
                    0.0,
                    0.9676799774169922,
                    0.25218120217323303,
                    1.0165749788284302
                ],
                [
                    0.0,
                    0.0,
                    0.0,
                    1.0
                ]
            ]
        },
        {
            "file_path": "/data/shapenet_blender/all_50_random/02958343/5d8476a9aecbbe1e9ec9fbf723f60ac0/r_25",
            "rotation": 0.12566370614359174,
            "transform_matrix": [
                [
                    -0.4595494866371155,
                    -0.03457921743392944,
                    -0.8874787092208862,
                    -3.5775411128997803
                ],
                [
                    -0.8881521224975586,
                    0.017892049625515938,
                    0.45920103788375854,
                    1.8510985374450684
                ],
                [
                    0.0,
                    0.9992417693138123,
                    -0.0389338880777359,
                    -0.156947523355484
                ],
                [
                    0.0,
                    0.0,
                    0.0,
                    1.0
                ]
            ]
        },
        {
            "file_path": "/data/shapenet_blender/all_50_random/02958343/5d8476a9aecbbe1e9ec9fbf723f60ac0/r_26",
            "rotation": 0.12566370614359174,
            "transform_matrix": [
                [
                    -0.9720523357391357,
                    -0.06619462370872498,
                    -0.22523878514766693,
                    -0.9079666137695312
                ],
                [
                    -0.2347642034292221,
                    0.2740819454193115,
                    0.9326118230819702,
                    3.7594785690307617
                ],
                [
                    -3.7252898543727042e-09,
                    0.9594255685806274,
                    -0.281962126493454,
                    -1.1366256475448608
                ],
                [
                    0.0,
                    0.0,
                    0.0,
                    1.0
                ]
            ]
        },
        {
            "file_path": "/data/shapenet_blender/all_50_random/02958343/5d8476a9aecbbe1e9ec9fbf723f60ac0/r_27",
            "rotation": 0.12566370614359174,
            "transform_matrix": [
                [
                    0.770945131778717,
                    -0.15624941885471344,
                    -0.617438018321991,
                    -2.4889721870422363
                ],
                [
                    -0.6369015574455261,
                    -0.18913400173187256,
                    -0.7473853230476379,
                    -3.0128066539764404
                ],
                [
                    0.0,
                    0.9694403409957886,
                    -0.2453274428844452,
                    -0.9889465570449829
                ],
                [
                    0.0,
                    0.0,
                    0.0,
                    1.0
                ]
            ]
        },
        {
            "file_path": "/data/shapenet_blender/all_50_random/02958343/5d8476a9aecbbe1e9ec9fbf723f60ac0/r_28",
            "rotation": 0.12566370614359174,
            "transform_matrix": [
                [
                    -0.9999595284461975,
                    0.0030230761040002108,
                    -0.008466930128633976,
                    -0.03413128852844238
                ],
                [
                    -0.008990433998405933,
                    -0.33624112606048584,
                    0.9417329430580139,
                    3.7962470054626465
                ],
                [
                    2.3283064365386963e-10,
                    0.9417710304260254,
                    0.33625471591949463,
                    1.3554861545562744
                ],
                [
                    0.0,
                    0.0,
                    0.0,
                    1.0
                ]
            ]
        },
        {
            "file_path": "/data/shapenet_blender/all_50_random/02958343/5d8476a9aecbbe1e9ec9fbf723f60ac0/r_29",
            "rotation": 0.12566370614359174,
            "transform_matrix": [
                [
                    0.984017014503479,
                    -0.0946618989109993,
                    0.15082986652851105,
                    0.6080146431922913
                ],
                [
                    0.17807449400424957,
                    0.523089587688446,
                    -0.833466649055481,
                    -3.359811544418335
                ],
                [
                    0.0,
                    0.847004234790802,
                    0.5315860509872437,
                    2.1428918838500977
                ],
                [
                    0.0,
                    0.0,
                    0.0,
                    1.0
                ]
            ]
        },
        {
            "file_path": "/data/shapenet_blender/all_50_random/02958343/5d8476a9aecbbe1e9ec9fbf723f60ac0/r_30",
            "rotation": 0.12566370614359174,
            "transform_matrix": [
                [
                    -0.9748169779777527,
                    -0.014898375608026981,
                    0.2225082516670227,
                    0.8969594836235046
                ],
                [
                    0.223006471991539,
                    -0.06512451171875,
                    0.9726390838623047,
                    3.9208338260650635
                ],
                [
                    0.0,
                    0.9977657794952393,
                    0.06680691987276077,
                    0.26930734515190125
                ],
                [
                    0.0,
                    0.0,
                    0.0,
                    1.0
                ]
            ]
        },
        {
            "file_path": "/data/shapenet_blender/all_50_random/02958343/5d8476a9aecbbe1e9ec9fbf723f60ac0/r_31",
            "rotation": 0.12566370614359174,
            "transform_matrix": [
                [
                    0.50150066614151,
                    -0.4715566337108612,
                    -0.7253491282463074,
                    -2.923975944519043
                ],
                [
                    -0.8651571869850159,
                    -0.2733445167541504,
                    -0.42045894265174866,
                    -1.694924235343933
                ],
                [
                    0.0,
                    0.8384013772010803,
                    -0.5450531244277954,
                    -2.1971793174743652
                ],
                [
                    0.0,
                    0.0,
                    0.0,
                    1.0
                ]
            ]
        },
        {
            "file_path": "/data/shapenet_blender/all_50_random/02958343/5d8476a9aecbbe1e9ec9fbf723f60ac0/r_32",
            "rotation": 0.12566370614359174,
            "transform_matrix": [
                [
                    -0.9973400831222534,
                    0.007863888517022133,
                    -0.07246240228414536,
                    -0.2921052873134613
                ],
                [
                    -0.0728878527879715,
                    -0.10760325193405151,
                    0.9915184378623962,
                    3.996938705444336
                ],
                [
                    4.6566125955216364e-10,
                    0.9941628575325012,
                    0.10789021849632263,
                    0.4349193871021271
                ],
                [
                    0.0,
                    0.0,
                    0.0,
                    1.0
                ]
            ]
        },
        {
            "file_path": "/data/shapenet_blender/all_50_random/02958343/5d8476a9aecbbe1e9ec9fbf723f60ac0/r_33",
            "rotation": 0.12566370614359174,
            "transform_matrix": [
                [
                    0.3464198708534241,
                    0.5079064965248108,
                    0.788685142993927,
                    3.1792914867401123
                ],
                [
                    0.9380796551704407,
                    -0.18756288290023804,
                    -0.2912505567073822,
                    -1.174068570137024
                ],
                [
                    1.4901162970204496e-08,
                    0.8407443761825562,
                    -0.5414322018623352,
                    -2.1825830936431885
                ],
                [
                    0.0,
                    0.0,
                    0.0,
                    1.0
                ]
            ]
        },
        {
            "file_path": "/data/shapenet_blender/all_50_random/02958343/5d8476a9aecbbe1e9ec9fbf723f60ac0/r_34",
            "rotation": 0.12566370614359174,
            "transform_matrix": [
                [
                    -0.2968619465827942,
                    0.17836150527000427,
                    -0.938115119934082,
                    -3.781663179397583
                ],
                [
                    -0.9549204111099243,
                    -0.05544833466410637,
                    0.2916375696659088,
                    1.1756287813186646
                ],
                [
                    -3.725290298461914e-09,
                    0.9824014902114868,
                    0.18678152561187744,
                    0.7529404759407043
                ],
                [
                    0.0,
                    0.0,
                    0.0,
                    1.0
                ]
            ]
        },
        {
            "file_path": "/data/shapenet_blender/all_50_random/02958343/5d8476a9aecbbe1e9ec9fbf723f60ac0/r_35",
            "rotation": 0.12566370614359174,
            "transform_matrix": [
                [
                    0.2758532166481018,
                    0.517204761505127,
                    0.8101878762245178,
                    3.2659714221954346
                ],
                [
                    0.9611998200416565,
                    -0.14843177795410156,
                    -0.23251454532146454,
                    -0.9372959733009338
                ],
                [
                    -7.450580596923828e-09,
                    0.8428921699523926,
                    -0.5380825400352478,
                    -2.1690797805786133
                ],
                [
                    0.0,
                    0.0,
                    0.0,
                    1.0
                ]
            ]
        },
        {
            "file_path": "/data/shapenet_blender/all_50_random/02958343/5d8476a9aecbbe1e9ec9fbf723f60ac0/r_36",
            "rotation": 0.12566370614359174,
            "transform_matrix": [
                [
                    -0.0209006667137146,
                    0.4769551455974579,
                    0.878679096698761,
                    3.5420687198638916
                ],
                [
                    0.999781608581543,
                    0.009970858693122864,
                    0.01836899109184742,
                    0.07404777407646179
                ],
                [
                    0.0,
                    0.8788711428642273,
                    -0.47705933451652527,
                    -1.9230877161026
                ],
                [
                    0.0,
                    0.0,
                    0.0,
                    1.0
                ]
            ]
        },
        {
            "file_path": "/data/shapenet_blender/all_50_random/02958343/5d8476a9aecbbe1e9ec9fbf723f60ac0/r_37",
            "rotation": 0.12566370614359174,
            "transform_matrix": [
                [
                    0.8920291662216187,
                    -0.11672499775886536,
                    0.43664538860321045,
                    1.760174036026001
                ],
                [
                    0.45197781920433044,
                    0.2303699404001236,
                    -0.861768901348114,
                    -3.4739017486572266
                ],
                [
                    0.0,
                    0.9660770297050476,
                    0.258253812789917,
                    1.0410544872283936
                ],
                [
                    0.0,
                    0.0,
                    0.0,
                    1.0
                ]
            ]
        },
        {
            "file_path": "/data/shapenet_blender/all_50_random/02958343/5d8476a9aecbbe1e9ec9fbf723f60ac0/r_38",
            "rotation": 0.12566370614359174,
            "transform_matrix": [
                [
                    -0.1315612941980362,
                    0.9204344749450684,
                    -0.3680923283100128,
                    -1.4838275909423828
                ],
                [
                    -0.9913080930709839,
                    -0.12215530872344971,
                    0.04885131120681763,
                    0.19692593812942505
                ],
                [
                    0.0,
                    0.37131980061531067,
                    0.928505003452301,
                    3.7429234981536865
                ],
                [
                    0.0,
                    0.0,
                    0.0,
                    1.0
                ]
            ]
        },
        {
            "file_path": "/data/shapenet_blender/all_50_random/02958343/5d8476a9aecbbe1e9ec9fbf723f60ac0/r_39",
            "rotation": 0.12566370614359174,
            "transform_matrix": [
                [
                    0.9965876936912537,
                    -0.022929353639483452,
                    0.0792929008603096,
                    0.3196398615837097
                ],
                [
                    0.08254161477088928,
                    0.27684351801872253,
                    -0.9573634266853333,
                    -3.859254837036133
                ],
                [
                    -1.862645149230957e-09,
                    0.9606413245201111,
                    0.27779147028923035,
                    1.119813084602356
                ],
                [
                    0.0,
                    0.0,
                    0.0,
                    1.0
                ]
            ]
        },
        {
            "file_path": "/data/shapenet_blender/all_50_random/02958343/5d8476a9aecbbe1e9ec9fbf723f60ac0/r_40",
            "rotation": 0.12566370614359174,
            "transform_matrix": [
                [
                    -0.3480945825576782,
                    0.5423277616500854,
                    -0.7646637558937073,
                    -3.082458257675171
                ],
                [
                    -0.9374595284461975,
                    -0.20137549936771393,
                    0.2839325964450836,
                    1.144568920135498
                ],
                [
                    -1.4901162970204496e-08,
                    0.8156765699386597,
                    0.5785080790519714,
                    2.332040548324585
                ],
                [
                    0.0,
                    0.0,
                    0.0,
                    1.0
                ]
            ]
        },
        {
            "file_path": "/data/shapenet_blender/all_50_random/02958343/5d8476a9aecbbe1e9ec9fbf723f60ac0/r_41",
            "rotation": 0.12566370614359174,
            "transform_matrix": [
                [
                    -0.5019201636314392,
                    -0.3254081606864929,
                    0.8013648986816406,
                    3.230405330657959
                ],
                [
                    0.864914059638977,
                    -0.18883831799030304,
                    0.4650418162345886,
                    1.8746435642242432
                ],
                [
                    0.0,
                    0.9265255331993103,
                    0.3762317895889282,
