{
    "class": "02958343",
    "model": "669974eb491f2bf7f8883e486ec8cb7",
    "remove_doubles": true,
    "edge_split": true,
    "denoise": true,
    "camera_angle_x": 0.6911112070083618,
    "scale_factor": 2.2423233790444033,
    "hdri_file": "/data/IndoorHDRDataset2018/AG8A0680-38e426ed5a.exr",
    "center_offset": [
        0.0,
        -3.725290298461914e-09,
        0.0
    ],
    "lights": [],
    "frames": [
        {
            "file_path": "/data/shapenet_blender/all_50_random/02958343/669974eb491f2bf7f8883e486ec8cb7/r_0",
            "rotation": 0.12566370614359174,
            "transform_matrix": [
                [
                    0.7317962050437927,
                    0.10026659071445465,
                    0.6741074919700623,
                    2.717414140701294
                ],
                [
                    0.6815235614776611,
                    -0.10766277462244034,
                    -0.7238331437110901,
                    -2.9178647994995117
                ],
                [
                    0.0,
                    0.9891184568405151,
                    -0.14712125062942505,
                    -0.5930647253990173
                ],
                [
                    0.0,
                    0.0,
                    0.0,
                    1.0
                ]
            ]
        },
        {
            "file_path": "/data/shapenet_blender/all_50_random/02958343/669974eb491f2bf7f8883e486ec8cb7/r_1",
            "rotation": 0.12566370614359174,
            "transform_matrix": [
                [
                    -0.39560288190841675,
                    0.03712000697851181,
                    -0.9176711440086365,
                    -3.6992509365081787
                ],
                [
                    -0.918421745300293,
                    -0.0159891489893198,
                    0.39527958631515503,
                    1.5934231281280518
                ],
                [
                    9.313225746154785e-10,
                    0.999182939529419,
                    0.04041716456413269,
                    0.1629268229007721
                ],
                [
                    0.0,
                    0.0,
                    0.0,
                    1.0
                ]
            ]
        },
        {
            "file_path": "/data/shapenet_blender/all_50_random/02958343/669974eb491f2bf7f8883e486ec8cb7/r_2",
            "rotation": 0.12566370614359174,
            "transform_matrix": [
                [
                    0.7202463150024414,
                    0.33494484424591064,
                    -0.6075007319450378,
                    -2.448913812637329
                ],
                [
                    -0.6937183737754822,
                    0.3477531969547272,
                    -0.6307317018508911,
                    -2.5425608158111572
                ],
                [
                    -1.4901161193847656e-08,
                    0.875716507434845,
                    0.48282548785209656,
                    1.9463317394256592
                ],
                [
                    0.0,
                    0.0,
                    0.0,
                    1.0
                ]
            ]
        },
        {
            "file_path": "/data/shapenet_blender/all_50_random/02958343/669974eb491f2bf7f8883e486ec8cb7/r_3",
            "rotation": 0.12566370614359174,
            "transform_matrix": [
                [
                    0.944553017616272,
                    0.07644913345575333,
                    -0.3193354606628418,
                    -1.2872824668884277
                ],
                [
                    -0.3283589482307434,
                    0.2199125438928604,
                    -0.918596088886261,
                    -3.702979326248169
                ],
                [
                    0.0,
                    0.9725193977355957,
                    0.23282180726528168,
                    0.9385347366333008
                ],
                [
                    0.0,
                    0.0,
                    0.0,
                    1.0
                ]
            ]
        },
        {
            "file_path": "/data/shapenet_blender/all_50_random/02958343/669974eb491f2bf7f8883e486ec8cb7/r_4",
            "rotation": 0.12566370614359174,
            "transform_matrix": [
                [
                    -0.29467976093292236,
                    -0.019562765955924988,
                    -0.9553956985473633,
                    -3.8513236045837402
                ],
                [
                    -0.9555961489677429,
                    0.0060326228849589825,
                    0.2946179509162903,
                    1.187643051147461
                ],
                [
                    -4.656613428188905e-10,
                    0.999790370464325,
                    -0.020471792668104172,
                    -0.08252444118261337
                ],
                [
                    0.0,
                    0.0,
                    0.0,
                    1.0
                ]
            ]
        },
        {
            "file_path": "/data/shapenet_blender/all_50_random/02958343/669974eb491f2bf7f8883e486ec8cb7/r_5",
            "rotation": 0.12566370614359174,
            "transform_matrix": [
                [
                    -0.9604793190956116,
                    0.011926637031137943,
                    0.27809572219848633,
                    1.121039867401123
                ],
                [
                    0.27835139632225037,
                    0.041154056787490845,
                    0.9595971703529358,
                    3.868260145187378
                ],
                [
                    -9.313225746154785e-10,
                    0.9990816116333008,
                    -0.0428474135696888,
                    -0.1727234572172165
                ],
                [
                    0.0,
                    0.0,
                    0.0,
                    1.0
                ]
            ]
        },
        {
            "file_path": "/data/shapenet_blender/all_50_random/02958343/669974eb491f2bf7f8883e486ec8cb7/r_6",
            "rotation": 0.12566370614359174,
            "transform_matrix": [
                [
                    0.8150073885917664,
                    -0.1830609142780304,
                    0.5497740507125854,
                    2.21621036529541
                ],
                [
                    0.5794504880905151,
                    0.25747838616371155,
                    -0.7732669711112976,
                    -3.1171391010284424
                ],
                [
                    1.4901160305669237e-08,
                    0.9487853050231934,
                    0.31592151522636414,
                    1.2735204696655273
                ],
                [
                    0.0,
                    0.0,
                    0.0,
                    1.0
                ]
            ]
        },
        {
            "file_path": "/data/shapenet_blender/all_50_random/02958343/669974eb491f2bf7f8883e486ec8cb7/r_7",
            "rotation": 0.12566370614359174,
            "transform_matrix": [
                [
                    -0.974043607711792,
                    0.02182752825319767,
                    -0.22530579566955566,
                    -0.9082366228103638
                ],
                [
                    -0.22636063396930695,
                    -0.09392518550157547,
                    0.9695045351982117,
                    3.9081974029541016
                ],
                [
                    0.0,
                    0.9953399896621704,
                    0.09642811864614487,
                    0.38871413469314575
                ],
                [
                    0.0,
                    0.0,
                    0.0,
                    1.0
                ]
            ]
        },
        {
            "file_path": "/data/shapenet_blender/all_50_random/02958343/669974eb491f2bf7f8883e486ec8cb7/r_8",
            "rotation": 0.12566370614359174,
            "transform_matrix": [
                [
                    -0.7584909796714783,
                    -0.06824968010187149,
                    -0.6480998992919922,
                    -2.612574338912964
                ],
                [
                    -0.6516836285591125,
                    0.07943543046712875,
                    0.7543199062347412,
                    3.0407607555389404
                ],
                [
                    3.725290298461914e-09,
                    0.9945008754730225,
                    -0.10472824424505234,
                    -0.42217305302619934
                ],
                [
                    0.0,
                    0.0,
                    0.0,
                    1.0
                ]
            ]
        },
        {
            "file_path": "/data/shapenet_blender/all_50_random/02958343/669974eb491f2bf7f8883e486ec8cb7/r_9",
            "rotation": 0.12566370614359174,
            "transform_matrix": [
                [
                    0.359927237033844,
                    -0.5578786134719849,
                    -0.7478126287460327,
                    -3.0145294666290283
                ],
                [
                    -0.9329804182052612,
                    -0.2152196317911148,
                    -0.2884927988052368,
                    -1.1629518270492554
                ],
                [
                    1.4901161193847656e-08,
                    0.8015310764312744,
                    -0.5979531407356262,
                    -2.410426378250122
                ],
                [
                    0.0,
                    0.0,
                    0.0,
                    1.0
                ]
            ]
        },
        {
            "file_path": "/data/shapenet_blender/all_50_random/02958343/669974eb491f2bf7f8883e486ec8cb7/r_10",
            "rotation": 0.12566370614359174,
            "transform_matrix": [
                [
                    0.008887793868780136,
                    -0.3846765160560608,
                    0.9230085611343384,
                    3.72076678276062
                ],
                [
                    0.9999606013298035,
                    0.0034190607257187366,
                    -0.008203833363950253,
                    -0.03307071328163147
                ],
                [
                    0.0,
                    0.9230450391769409,
                    0.38469168543815613,
                    1.5507419109344482
                ],
                [
                    0.0,
                    0.0,
                    0.0,
                    1.0
                ]
            ]
        },
        {
            "file_path": "/data/shapenet_blender/all_50_random/02958343/669974eb491f2bf7f8883e486ec8cb7/r_11",
            "rotation": 0.12566370614359174,
            "transform_matrix": [
                [
                    0.9725240468978882,
                    0.10567606985569,
                    -0.2074357569217682,
                    -0.8362003564834595
                ],
                [
                    -0.23280256986618042,
                    0.4414578378200531,
                    -0.8665551543235779,
                    -3.4931957721710205
                ],
                [
                    0.0,
                    0.8910373449325562,
                    0.45392996072769165,
                    1.8298503160476685
                ],
                [
                    0.0,
                    0.0,
                    0.0,
                    1.0
                ]
            ]
        },
        {
            "file_path": "/data/shapenet_blender/all_50_random/02958343/669974eb491f2bf7f8883e486ec8cb7/r_12",
            "rotation": 0.12566370614359174,
            "transform_matrix": [
                [
                    -0.10864144563674927,
                    -0.1568320244550705,
                    -0.9816316962242126,
                    -3.9570837020874023
                ],
                [
                    -0.9940810799598694,
                    0.01713990978896618,
                    0.10728087276220322,
                    0.43246302008628845
                ],
                [
                    1.862645149230957e-09,
                    0.9874765872955322,
                    -0.15776583552360535,
                    -0.6359744071960449
                ],
                [
                    0.0,
                    0.0,
                    0.0,
                    1.0
                ]
            ]
        },
        {
            "file_path": "/data/shapenet_blender/all_50_random/02958343/669974eb491f2bf7f8883e486ec8cb7/r_13",
            "rotation": 0.12566370614359174,
            "transform_matrix": [
                [
                    -0.9980066418647766,
                    -0.0269538052380085,
                    0.057062335312366486,
                    0.23002560436725616
                ],
                [
                    0.06310796737670898,
                    -0.4262547791004181,
                    0.9023992419242859,
                    3.6376872062683105
                ],
                [
                    0.0,
                    0.9042015075683594,
                    0.4271061420440674,
                    1.721719741821289
                ],
                [
                    0.0,
                    0.0,
                    0.0,
                    1.0
                ]
            ]
        },
        {
            "file_path": "/data/shapenet_blender/all_50_random/02958343/669974eb491f2bf7f8883e486ec8cb7/r_14",
            "rotation": 0.12566370614359174,
            "transform_matrix": [
                [
                    -0.9963672757148743,
                    -0.007883366197347641,
                    -0.08479459583759308,
                    -0.3418179452419281
                ],
                [
                    -0.0851602628827095,
                    0.09223466366529465,
                    0.9920889735221863,
                    3.9992384910583496
                ],
                [
                    0.0,
                    0.9957060813903809,
                    -0.0925709530711174,
                    -0.37316545844078064
                ],
                [
                    0.0,
                    0.0,
                    0.0,
                    1.0
                ]
            ]
        },
        {
            "file_path": "/data/shapenet_blender/all_50_random/02958343/669974eb491f2bf7f8883e486ec8cb7/r_15",
            "rotation": 0.12566370614359174,
            "transform_matrix": [
                [
                    -0.4522818922996521,
                    -0.28121116757392883,
                    -0.8463813662528992,
                    -3.411872386932373
                ],
                [
                    -0.891875147819519,
                    0.1426059603691101,
                    0.4292113780975342,
                    1.7302063703536987
                ],
                [
                    -7.450581485102248e-09,
                    0.9489908814430237,
                    -0.31530332565307617,
                    -1.2710283994674683
                ],
                [
                    0.0,
                    0.0,
                    0.0,
                    1.0
                ]
            ]
        },
        {
            "file_path": "/data/shapenet_blender/all_50_random/02958343/669974eb491f2bf7f8883e486ec8cb7/r_16",
            "rotation": 0.12566370614359174,
            "transform_matrix": [
                [
                    -0.9838622808456421,
                    0.1620194911956787,
                    -0.07592654973268509,
                    -0.3060697019100189
                ],
                [
                    -0.17892779409885406,
                    -0.8908893465995789,
                    0.41749390959739685,
                    1.6829718351364136
                ],
                [
                    0.0,
                    0.4243418574333191,
                    0.9055020809173584,
                    3.650195598602295
                ],
                [
                    0.0,
                    0.0,
                    0.0,
                    1.0
                ]
            ]
        },
        {
            "file_path": "/data/shapenet_blender/all_50_random/02958343/669974eb491f2bf7f8883e486ec8cb7/r_17",
            "rotation": 0.12566370614359174,
            "transform_matrix": [
                [
                    0.01976863294839859,
                    0.9733889698982239,
                    -0.22830413281917572,
                    -0.920323371887207
                ],
                [
                    -0.9998046159744263,
                    0.019246330484747887,
                    -0.004514142405241728,
                    -0.018197089433670044
                ],
                [
                    0.0,
                    0.2283487170934677,
                    0.9735793471336365,
                    3.924623966217041
                ],
                [
                    0.0,
                    0.0,
                    0.0,
                    1.0
                ]
            ]
        },
        {
            "file_path": "/data/shapenet_blender/all_50_random/02958343/669974eb491f2bf7f8883e486ec8cb7/r_18",
            "rotation": 0.12566370614359174,
            "transform_matrix": [
                [
                    0.05851580202579498,
                    -0.09395775198936462,
                    0.9938549995422363,
                    4.006357669830322
                ],
                [
                    0.9982864260673523,
                    0.0055074505507946014,
                    -0.05825604870915413,
                    -0.23483765125274658
                ],
                [
                    0.0,
                    0.995560884475708,
                    0.09411902725696564,
                    0.3794059455394745
                ],
                [
                    0.0,
                    0.0,
                    0.0,
                    1.0
                ]
            ]
        },
        {
            "file_path": "/data/shapenet_blender/all_50_random/02958343/669974eb491f2bf7f8883e486ec8cb7/r_19",
            "rotation": 0.12566370614359174,
            "transform_matrix": [
                [
                    0.9998910427093506,
                    -0.0016903409268707037,
                    0.014666657894849777,
                    0.05912318825721741
                ],
                [
                    0.014763743616640568,
                    0.11448022723197937,
                    -0.9933158159255981,
                    -4.004184246063232
                ],
                [
                    0.0,
                    0.993424117565155,
                    0.11449270695447922,
                    0.46153485774993896
                ],
                [
                    0.0,
                    0.0,
                    0.0,
                    1.0
                ]
            ]
        },
        {
            "file_path": "/data/shapenet_blender/all_50_random/02958343/669974eb491f2bf7f8883e486ec8cb7/r_20",
            "rotation": 0.12566370614359174,
            "transform_matrix": [
                [
                    -0.8998399972915649,
                    0.0167295653373003,
                    -0.4358992576599121,
                    -1.7571661472320557
                ],
                [
                    -0.4362201690673828,
                    -0.03450993448495865,
                    0.8991779685020447,
                    3.624702215194702
                ],
                [
                    1.862645149230957e-09,
                    0.9992642998695374,
                    0.03835119679570198,
                    0.15459862351417542
                ],
                [
                    0.0,
                    0.0,
                    0.0,
                    1.0
                ]
            ]
        },
        {
            "file_path": "/data/shapenet_blender/all_50_random/02958343/669974eb491f2bf7f8883e486ec8cb7/r_21",
            "rotation": 0.12566370614359174,
            "transform_matrix": [
                [
                    0.349330335855484,
                    0.03305010497570038,
                    0.9364165663719177,
                    3.7748160362243652
                ],
                [
                    0.9369996190071106,
                    -0.012321674264967442,
                    -0.34911295771598816,
                    -1.4073193073272705
                ],
                [
                    0.0,
                    0.9993777275085449,
                    -0.035272274166345596,
                    -0.14218708872795105
                ],
                [
                    0.0,
                    0.0,
                    0.0,
                    1.0
                ]
            ]
        },
        {
            "file_path": "/data/shapenet_blender/all_50_random/02958343/669974eb491f2bf7f8883e486ec8cb7/r_22",
            "rotation": 0.12566370614359174,
            "transform_matrix": [
                [
                    -0.9999412894248962,
                    0.0013829130912199616,
                    0.010750052519142628,
                    0.04333484172821045
                ],
                [
                    0.010838638059794903,
                    0.1275835484266281,
                    0.9917686581611633,
                    3.9979469776153564
                ],
                [
                    0.0,
                    0.9918268322944641,
                    -0.1275910586118698,
                    -0.5143359303474426
                ],
                [
                    0.0,
                    0.0,
                    0.0,
                    1.0
                ]
            ]
        },
        {
            "file_path": "/data/shapenet_blender/all_50_random/02958343/669974eb491f2bf7f8883e486ec8cb7/r_23",
            "rotation": 0.12566370614359174,
            "transform_matrix": [
                [
                    -0.011853656731545925,
                    0.28719037771224976,
                    0.9578002095222473,
                    3.861016035079956
                ],
                [
                    0.9999297857284546,
                    0.0034044955391436815,
                    0.011354233138263226,
                    0.04577037692070007
                ],
                [
                    0.0,
                    0.9578675627708435,
                    -0.28721052408218384,
                    -1.1577826738357544
                ],
                [
                    0.0,
                    0.0,
                    0.0,
                    1.0
                ]
            ]
        },
        {
            "file_path": "/data/shapenet_blender/all_50_random/02958343/669974eb491f2bf7f8883e486ec8cb7/r_24",
            "rotation": 0.12566370614359174,
            "transform_matrix": [
                [
                    -0.7961620092391968,
                    -0.3356611132621765,
                    -0.5034459233283997,
                    -2.0294554233551025
                ],
                [
                    -0.6050836443901062,
                    0.44165894389152527,
                    0.6624282002449036,
                    2.6703333854675293
                ],
                [
                    1.4901162970204496e-08,
                    0.8320269584655762,
                    -0.5547350645065308,
                    -2.23620867729187
                ],
                [
                    0.0,
                    0.0,
                    0.0,
                    1.0
                ]
            ]
        },
        {
            "file_path": "/data/shapenet_blender/all_50_random/02958343/669974eb491f2bf7f8883e486ec8cb7/r_25",
            "rotation": 0.12566370614359174,
            "transform_matrix": [
                [
                    0.1089625135064125,
                    -0.37938442826271057,
                    0.9188006520271301,
                    3.7038040161132812
                ],
                [
                    0.9940459132194519,
                    0.04158628731966019,
                    -0.10071448981761932,
                    -0.40599310398101807
                ],
                [
                    0.0,
                    0.924304187297821,
                    0.38165679574012756,
                    1.5385076999664307
                ],
                [
                    0.0,
                    0.0,
                    0.0,
                    1.0
                ]
            ]
        },
        {
            "file_path": "/data/shapenet_blender/all_50_random/02958343/669974eb491f2bf7f8883e486ec8cb7/r_26",
            "rotation": 0.12566370614359174,
            "transform_matrix": [
                [
                    0.7394866347312927,
                    0.06846119463443756,
                    0.6696808934211731,
                    2.6995701789855957
                ],
                [
                    0.6731712222099304,
                    -0.07520543783903122,
                    -0.7356524467468262,
                    -2.965510129928589
                ],
                [
                    0.0,
                    0.9948151111602783,
                    -0.10169952362775803,
                    -0.4099639356136322
                ],
                [
                    0.0,
                    0.0,
                    0.0,
                    1.0
                ]
            ]
        },
        {
            "file_path": "/data/shapenet_blender/all_50_random/02958343/669974eb491f2bf7f8883e486ec8cb7/r_27",
            "rotation": 0.12566370614359174,
            "transform_matrix": [
                [
                    -0.7494160532951355,
                    0.27715784311294556,
                    -0.6012977957725525,
                    -2.4239089488983154
                ],
                [
                    -0.662099301815033,
                    -0.3137090504169464,
                    0.680596113204956,
                    2.7435708045959473
                ],
                [
                    0.0,
                    0.9081684947013855,
                    0.41860461235046387,
                    1.6874492168426514
                ],
                [
                    0.0,
                    0.0,
                    0.0,
                    1.0
                ]
            ]
        },
        {
            "file_path": "/data/shapenet_blender/all_50_random/02958343/669974eb491f2bf7f8883e486ec8cb7/r_28",
            "rotation": 0.12566370614359174,
            "transform_matrix": [
                [
                    -0.8726910352706909,
                    -0.2912311255931854,
                    -0.3919117748737335,
                    -1.579846978187561
                ],
                [
                    -0.48827293515205383,
                    0.520517885684967,
                    0.7004645466804504,
                    2.8236632347106934
                ],
                [
                    0.0,
                    0.8026490211486816,
                    -0.596451461315155,
                    -2.4043729305267334
                ],
                [
                    0.0,
                    0.0,
                    0.0,
                    1.0
                ]
            ]
        },
        {
            "file_path": "/data/shapenet_blender/all_50_random/02958343/669974eb491f2bf7f8883e486ec8cb7/r_29",
            "rotation": 0.12566370614359174,
            "transform_matrix": [
                [
                    0.9643257260322571,
                    -0.250253826379776,
                    0.08630774170160294,
                    0.34791767597198486
                ],
                [
                    0.2647187411785126,
                    0.9116324186325073,
                    -0.31440454721450806,
                    -1.267405390739441
                ],
                [
                    7.450581485102248e-09,
                    0.326035737991333,
                    0.9453573226928711,
                    3.8108577728271484
                ],
                [
                    0.0,
                    0.0,
                    0.0,
                    1.0
                ]
            ]
        },
        {
            "file_path": "/data/shapenet_blender/all_50_random/02958343/669974eb491f2bf7f8883e486ec8cb7/r_30",
            "rotation": 0.12566370614359174,
            "transform_matrix": [
                [
                    0.9911434054374695,
                    0.00044401464401744306,
                    -0.132795050740242,
                    -0.5353140234947205
                ],
                [
                    -0.1327958106994629,
                    0.0033139765728265047,
                    -0.9911377429962158,
                    -3.9954044818878174
                ],
                [
                    2.9103830456733704e-11,
                    0.9999943375587463,
                    0.003343589138239622,
                    0.013478441163897514
                ],
                [
                    0.0,
                    0.0,
                    0.0,
                    1.0
                ]
            ]
        },
        {
            "file_path": "/data/shapenet_blender/all_50_random/02958343/669974eb491f2bf7f8883e486ec8cb7/r_31",
            "rotation": 0.12566370614359174,
            "transform_matrix": [
                [
                    -0.6876612305641174,
                    0.48520854115486145,
                    -0.5400876998901367,
                    -2.1771631240844727
                ],
                [
                    -0.7260317206382751,
                    -0.4595654606819153,
                    0.5115442872047424,
                    2.062100887298584
                ],
                [
                    1.4901159417490817e-08,
                    0.7438899278640747,
                    0.6683021187782288,
                    2.694011926651001
                ],
                [
                    0.0,
                    0.0,
                    0.0,
                    1.0
                ]
            ]
        },
        {
            "file_path": "/data/shapenet_blender/all_50_random/02958343/669974eb491f2bf7f8883e486ec8cb7/r_32",
            "rotation": 0.12566370614359174,
            "transform_matrix": [
                [
                    0.4062276780605316,
                    -0.04534208029508591,
                    -0.9126461744308472,
                    -3.678994655609131
                ],
                [
                    -0.9137718677520752,
                    -0.020157337188720703,
                    -0.40572720766067505,
                    -1.6355388164520264
                ],
                [
                    0.0,
                    0.9987680315971375,
                    -0.04962078854441643,
                    -0.20002780854701996
                ],
                [
                    0.0,
                    0.0,
                    0.0,
                    1.0
                ]
            ]
        },
        {
            "file_path": "/data/shapenet_blender/all_50_random/02958343/669974eb491f2bf7f8883e486ec8cb7/r_33",
            "rotation": 0.12566370614359174,
            "transform_matrix": [
                [
                    0.9973589777946472,
                    -0.02892143279314041,
                    -0.0666227862238884,
                    -0.26856502890586853
                ],
                [
                    -0.07262951135635376,
                    -0.3971533179283142,
                    -0.9148738384246826,
                    -3.687974452972412
                ],
                [
                    1.862645149230957e-09,
                    0.9172965288162231,
                    -0.3982049226760864,
                    -1.6052154302597046
                ],
                [
                    0.0,
                    0.0,
                    0.0,
                    1.0
                ]
            ]
        },
        {
            "file_path": "/data/shapenet_blender/all_50_random/02958343/669974eb491f2bf7f8883e486ec8cb7/r_34",
            "rotation": 0.12566370614359174,
            "transform_matrix": [
                [
                    -0.0013484389055520296,
                    0.7690853476524353,
                    0.6391444802284241,
                    2.5764737129211426
                ],
                [
                    0.9999991655349731,
                    0.001037065521813929,
                    0.0008618480642326176,
                    0.003474220633506775
                ],
                [
                    5.820766785236131e-11,
                    0.639145016670227,
                    -0.7690861821174622,
                    -3.100285530090332
                ],
                [
                    0.0,
                    0.0,
                    0.0,
                    1.0
                ]
            ]
        },
        {
            "file_path": "/data/shapenet_blender/all_50_random/02958343/669974eb491f2bf7f8883e486ec8cb7/r_35",
            "rotation": 0.12566370614359174,
            "transform_matrix": [
                [
                    0.9964637756347656,
                    0.03490600734949112,
                    -0.07643032819032669,
                    -0.30810055136680603
                ],
                [
                    -0.08402395993471146,
                    0.41396015882492065,
                    -0.9064087271690369,
                    -3.653850793838501
                ],
                [
                    3.725290742551124e-09,
                    0.9096254110336304,
                    0.4154292345046997,
                    1.6746488809585571
                ],
                [
                    0.0,
                    0.0,
                    0.0,
                    1.0
                ]
            ]
        },
        {
            "file_path": "/data/shapenet_blender/all_50_random/02958343/669974eb491f2bf7f8883e486ec8cb7/r_36",
            "rotation": 0.12566370614359174,
            "transform_matrix": [
                [
                    -0.976472020149231,
                    0.09531382471323013,
                    0.19343656301498413,
                    0.7797677516937256
                ],
                [
                    0.2156442105770111,
                    0.43159645795822144,
                    0.8759121298789978,
                    3.530914783477783
                ],
                [
                    0.0,
                    0.8970171213150024,
                    -0.4419957399368286,
                    -1.7817418575286865
                ],
                [
                    0.0,
                    0.0,
                    0.0,
                    1.0
                ]
            ]
        },
        {
            "file_path": "/data/shapenet_blender/all_50_random/02958343/669974eb491f2bf7f8883e486ec8cb7/r_37",
            "rotation": 0.12566370614359174,
            "transform_matrix": [
                [
                    -0.07472065836191177,
                    -0.18422868847846985,
                    -0.9800390005111694,
                    -3.9506638050079346
                ],
                [
                    -0.9972044825553894,
                    0.013804277405142784,
                    0.07343444228172302,
                    0.29602372646331787
                ],
                [
                    -1.8626450382086546e-09,
                    0.9827864766120911,
                    -0.18474511802196503,
                    -0.7447314262390137
                ],
                [
                    0.0,
                    0.0,
                    0.0,
                    1.0
                ]
            ]
        },
        {
            "file_path": "/data/shapenet_blender/all_50_random/02958343/669974eb491f2bf7f8883e486ec8cb7/r_38",
            "rotation": 0.12566370614359174,
            "transform_matrix": [
                [
                    0.8018999695777893,
                    -0.5649283528327942,
                    0.19445377588272095,
                    0.7838681936264038
                ],
                [
                    0.5974581837654114,
                    0.7582387924194336,
                    -0.260993093252182,
                    -1.0520968437194824
                ],
                [
                    1.4901160305669237e-08,
                    0.3254685699939728,
                    0.9455529451370239,
                    3.8116455078125
                ],
                [
                    0.0,
                    0.0,
                    0.0,
                    1.0
                ]
            ]
        },
        {
            "file_path": "/data/shapenet_blender/all_50_random/02958343/669974eb491f2bf7f8883e486ec8cb7/r_39",
            "rotation": 0.12566370614359174,
            "transform_matrix": [
                [
                    0.9305487871170044,
                    -0.025151314213871956,
                    0.36530303955078125,
                    1.4725836515426636
                ],
                [
                    0.366167813539505,
                    0.06391747295856476,
                    -0.9283510446548462,
                    -3.742302656173706
                ],
                [
                    1.8626450382086546e-09,
                    0.9976382255554199,
                    0.06868793070316315,
                    0.2768899202346802
                ],
                [
                    0.0,
                    0.0,
                    0.0,
                    1.0
                ]
            ]
        },
        {
            "file_path": "/data/shapenet_blender/all_50_random/02958343/669974eb491f2bf7f8883e486ec8cb7/r_40",
            "rotation": 0.12566370614359174,
            "transform_matrix": [
                [
                    -0.6682007312774658,
                    0.6604973077774048,
                    -0.3424195349216461,
                    -1.3803374767303467
                ],
                [
                    -0.743981122970581,
                    -0.5932204127311707,
                    0.3075413703918457,
                    1.2397390604019165
                ],
                [
                    -1.4901161193847656e-08,
                    0.4602530598640442,
                    0.8877876996994019,
                    3.578786849975586
                ],
                [
                    0.0,
                    0.0,
                    0.0,
                    1.0
                ]
            ]
        },
        {
            "file_path": "/data/shapenet_blender/all_50_random/02958343/669974eb491f2bf7f8883e486ec8cb7/r_41",
            "rotation": 0.12566370614359174,
            "transform_matrix": [
                [
                    -0.9995269775390625,
                    8.143873128574342e-05,
                    0.030756335705518723,
                    0.1239827573299408
                ],
                [
                    0.030756445601582527,
                    0.0026466066483408213,
                    0.999523401260376,
                    4.029207706451416
                ],
