{
    "class": "02958343",
    "model": "9c27cdc4feb2fa5d4244558fce818712",
    "remove_doubles": true,
    "edge_split": true,
    "denoise": true,
    "camera_angle_x": 0.6911112070083618,
    "scale_factor": 2.262927262466509,
    "hdri_file": "/data/IndoorHDRDataset2018/AG8A9228-640863bfa3.exr",
    "center_offset": [
        0.0,
        0.0,
        0.0
    ],
    "lights": [],
    "frames": [
        {
            "file_path": "/data/shapenet_blender/all_50_random/02958343/9c27cdc4feb2fa5d4244558fce818712/r_0",
            "rotation": 0.12566370614359174,
            "transform_matrix": [
                [
                    -0.7118269801139832,
                    -0.6162154078483582,
                    0.337017685174942,
                    1.3585617542266846
                ],
                [
                    0.702354907989502,
                    -0.624525785446167,
                    0.34156274795532227,
                    1.3768835067749023
                ],
                [
                    0.0,
                    0.47983962297439575,
                    0.877356231212616,
                    3.536736011505127
                ],
                [
                    0.0,
                    0.0,
                    0.0,
                    1.0
                ]
            ]
        },
        {
            "file_path": "/data/shapenet_blender/all_50_random/02958343/9c27cdc4feb2fa5d4244558fce818712/r_1",
            "rotation": 0.12566370614359174,
            "transform_matrix": [
                [
                    -0.983299195766449,
                    -0.0266068484634161,
                    0.18004105985164642,
                    0.7257687449455261
                ],
                [
                    0.1819964498281479,
                    -0.14375275373458862,
                    0.9727345108985901,
                    3.921218156814575
                ],
                [
                    -1.862645149230957e-09,
                    0.9892559051513672,
                    0.14619432389736176,
                    0.5893281698226929
                ],
                [
                    0.0,
                    0.0,
                    0.0,
                    1.0
                ]
            ]
        },
        {
            "file_path": "/data/shapenet_blender/all_50_random/02958343/9c27cdc4feb2fa5d4244558fce818712/r_2",
            "rotation": 0.12566370614359174,
            "transform_matrix": [
                [
                    0.5881453156471252,
                    0.004923567175865173,
                    0.8087402582168579,
                    3.260136365890503
                ],
                [
                    0.8087552785873413,
                    -0.003580530174076557,
                    -0.5881343483924866,
                    -2.370845317840576
                ],
                [
                    0.0,
                    0.9999815225601196,
                    -0.006087831687182188,
                    -0.02454083412885666
                ],
                [
                    0.0,
                    0.0,
                    0.0,
                    1.0
                ]
            ]
        },
        {
            "file_path": "/data/shapenet_blender/all_50_random/02958343/9c27cdc4feb2fa5d4244558fce818712/r_3",
            "rotation": 0.12566370614359174,
            "transform_matrix": [
                [
                    0.13609962165355682,
                    0.4614458680152893,
                    -0.8766667246818542,
                    -3.53395676612854
                ],
                [
                    -0.9906951785087585,
                    0.06339246034622192,
                    -0.12043463438749313,
                    -0.48548758029937744
                ],
                [
                    0.0,
                    0.8849005699157715,
                    0.4657798409461975,
                    1.877618670463562
                ],
                [
                    0.0,
                    0.0,
                    0.0,
                    1.0
                ]
            ]
        },
        {
            "file_path": "/data/shapenet_blender/all_50_random/02958343/9c27cdc4feb2fa5d4244558fce818712/r_4",
            "rotation": 0.12566370614359174,
            "transform_matrix": [
                [
                    0.2861425578594208,
                    -0.4149778485298157,
                    -0.8636640906333923,
                    -3.481541633605957
                ],
                [
                    -0.9581869840621948,
                    -0.12392448633909225,
                    -0.2579152584075928,
                    -1.0396897792816162
                ],
                [
                    0.0,
                    0.9013523459434509,
                    -0.43308645486831665,
                    -1.7458274364471436
                ],
                [
                    0.0,
                    0.0,
                    0.0,
                    1.0
                ]
            ]
        },
        {
            "file_path": "/data/shapenet_blender/all_50_random/02958343/9c27cdc4feb2fa5d4244558fce818712/r_5",
            "rotation": 0.12566370614359174,
            "transform_matrix": [
                [
                    0.4212492108345032,
                    -0.4668705463409424,
                    0.7775480151176453,
                    3.1343963146209717
                ],
                [
                    0.9069449305534363,
                    0.21684761345386505,
                    -0.3611481487751007,
                    -1.4558347463607788
                ],
                [
                    1.4901161193847656e-08,
                    0.8573266863822937,
                    0.5147727727890015,
                    2.075115442276001
                ],
                [
                    0.0,
                    0.0,
                    0.0,
                    1.0
                ]
            ]
        },
        {
            "file_path": "/data/shapenet_blender/all_50_random/02958343/9c27cdc4feb2fa5d4244558fce818712/r_6",
            "rotation": 0.12566370614359174,
            "transform_matrix": [
                [
                    -0.14013884961605072,
                    -0.7492180466651917,
                    -0.6473278403282166,
                    -2.609462022781372
                ],
                [
                    -0.9901318550109863,
                    0.10604098439216614,
                    0.09161990135908127,
                    0.36933162808418274
                ],
                [
                    0.0,
                    0.6537793278694153,
                    -0.7566851377487183,
                    -3.050295352935791
                ],
                [
                    0.0,
                    0.0,
                    0.0,
                    1.0
                ]
            ]
        },
        {
            "file_path": "/data/shapenet_blender/all_50_random/02958343/9c27cdc4feb2fa5d4244558fce818712/r_7",
            "rotation": 0.12566370614359174,
            "transform_matrix": [
                [
                    -0.18372634053230286,
                    0.3476376533508301,
                    0.9194523692131042,
                    3.7064311504364014
                ],
                [
                    0.9829774498939514,
                    0.06497625261545181,
                    0.1718529909849167,
                    0.6927615404129028
                ],
                [
                    0.0,
                    0.935374915599823,
                    -0.3536577820777893,
                    -1.4256401062011719
                ],
                [
                    0.0,
                    0.0,
                    0.0,
                    1.0
                ]
            ]
        },
        {
            "file_path": "/data/shapenet_blender/all_50_random/02958343/9c27cdc4feb2fa5d4244558fce818712/r_8",
            "rotation": 0.12566370614359174,
            "transform_matrix": [
                [
                    0.027877163141965866,
                    0.6375633478164673,
                    0.7698934078216553,
                    3.1035397052764893
                ],
                [
                    0.9996113777160645,
                    -0.0177803672850132,
                    -0.02147078886628151,
                    -0.08655151724815369
                ],
                [
                    -9.313225746154785e-10,
                    0.7701927423477173,
                    -0.6378111839294434,
                    -2.571099042892456
                ],
                [
                    0.0,
                    0.0,
                    0.0,
                    1.0
                ]
            ]
        },
        {
            "file_path": "/data/shapenet_blender/all_50_random/02958343/9c27cdc4feb2fa5d4244558fce818712/r_9",
            "rotation": 0.12566370614359174,
            "transform_matrix": [
                [
                    -0.49331265687942505,
                    0.030227867886424065,
                    0.8693267107009888,
                    3.5043680667877197
                ],
                [
                    0.8698521256446838,
                    0.017142901197075844,
                    0.4930146634578705,
                    1.9874056577682495
                ],
                [
                    -9.313225746154785e-10,
                    0.999396026134491,
                    -0.03475058078765869,
                    -0.14008407294750214
                ],
                [
                    0.0,
                    0.0,
                    0.0,
                    1.0
                ]
            ]
        },
        {
            "file_path": "/data/shapenet_blender/all_50_random/02958343/9c27cdc4feb2fa5d4244558fce818712/r_10",
            "rotation": 0.12566370614359174,
            "transform_matrix": [
                [
                    -0.549579381942749,
                    0.053771790117025375,
                    0.8337091207504272,
                    3.3607892990112305
                ],
                [
                    0.835441529750824,
                    0.03537275642156601,
                    0.5484397411346436,
                    2.210831642150879
                ],
                [
                    -1.862645149230957e-09,
                    0.9979265928268433,
                    -0.06436330825090408,
                    -0.2594568133354187
                ],
                [
                    0.0,
                    0.0,
                    0.0,
                    1.0
                ]
            ]
        },
        {
            "file_path": "/data/shapenet_blender/all_50_random/02958343/9c27cdc4feb2fa5d4244558fce818712/r_11",
            "rotation": 0.12566370614359174,
            "transform_matrix": [
                [
                    0.9954497814178467,
                    0.00928277987986803,
                    -0.09483543783426285,
                    -0.3822938799858093
                ],
                [
                    -0.09528867900371552,
                    0.09697418659925461,
                    -0.990714967250824,
                    -3.993699789047241
                ],
                [
                    9.31322685637781e-10,
                    0.9952435493469238,
                    0.09741746634244919,
                    0.3927023708820343
                ],
                [
                    0.0,
                    0.0,
                    0.0,
                    1.0
                ]
            ]
        },
        {
            "file_path": "/data/shapenet_blender/all_50_random/02958343/9c27cdc4feb2fa5d4244558fce818712/r_12",
            "rotation": 0.12566370614359174,
            "transform_matrix": [
                [
                    0.8568983674049377,
                    0.10878496617078781,
                    0.5038761496543884,
                    2.0311896800994873
                ],
                [
                    0.5154855847358704,
                    -0.18083465099334717,
                    -0.8375998139381409,
                    -3.3764729499816895
                ],
                [
                    0.0,
                    0.9774787425994873,
                    -0.21103397011756897,
                    -0.8507051467895508
                ],
                [
                    0.0,
                    0.0,
                    0.0,
                    1.0
                ]
            ]
        },
        {
            "file_path": "/data/shapenet_blender/all_50_random/02958343/9c27cdc4feb2fa5d4244558fce818712/r_13",
            "rotation": 0.12566370614359174,
            "transform_matrix": [
                [
                    0.7819770574569702,
                    -0.10605168342590332,
                    -0.6142188906669617,
                    -2.4759955406188965
                ],
                [
                    -0.6233071088790894,
                    -0.13304834067821503,
                    -0.7705752849578857,
                    -3.106288433074951
                ],
                [
                    0.0,
                    0.9854193329811096,
                    -0.17014352977275848,
                    -0.6858705282211304
                ],
                [
                    0.0,
                    0.0,
                    0.0,
                    1.0
                ]
            ]
        },
        {
            "file_path": "/data/shapenet_blender/all_50_random/02958343/9c27cdc4feb2fa5d4244558fce818712/r_14",
            "rotation": 0.12566370614359174,
            "transform_matrix": [
                [
                    -0.9869868159294128,
                    0.09718423336744308,
                    -0.12811033427715302,
                    -0.5164293050765991
                ],
                [
                    -0.1608012318611145,
                    -0.596510112285614,
                    0.786332368850708,
                    3.169807195663452
                ],
                [
                    0.0,
                    0.7966999411582947,
                    0.6043749451637268,
                    2.4363133907318115
                ],
                [
                    0.0,
                    0.0,
                    0.0,
                    1.0
                ]
            ]
        },
        {
            "file_path": "/data/shapenet_blender/all_50_random/02958343/9c27cdc4feb2fa5d4244558fce818712/r_15",
            "rotation": 0.12566370614359174,
            "transform_matrix": [
                [
                    0.9868780374526978,
                    0.012514515779912472,
                    0.1609816551208496,
                    0.6489378213882446
                ],
                [
                    0.16146734356880188,
                    -0.07648791372776031,
                    -0.9839094877243042,
                    -3.966265916824341
                ],
                [
                    0.0,
                    0.9969918727874756,
                    -0.07750494033098221,
                    -0.3124324083328247
                ],
                [
                    0.0,
                    0.0,
                    0.0,
                    1.0
                ]
            ]
        },
        {
            "file_path": "/data/shapenet_blender/all_50_random/02958343/9c27cdc4feb2fa5d4244558fce818712/r_16",
            "rotation": 0.12566370614359174,
            "transform_matrix": [
                [
                    -0.768512487411499,
                    0.4769126772880554,
                    0.4265475869178772,
                    1.719468355178833
                ],
                [
                    0.6398348212242126,
                    0.5728248953819275,
                    0.5123308897018433,
                    2.0652718544006348
                ],
                [
                    1.4901161193847656e-08,
                    0.6666526794433594,
                    -0.745368480682373,
                    -3.004676342010498
                ],
                [
                    0.0,
                    0.0,
                    0.0,
                    1.0
                ]
            ]
        },
        {
            "file_path": "/data/shapenet_blender/all_50_random/02958343/9c27cdc4feb2fa5d4244558fce818712/r_17",
            "rotation": 0.12566370614359174,
            "transform_matrix": [
                [
                    -0.03505760058760643,
                    -0.001285649137571454,
                    0.9993844628334045,
                    4.028647422790527
                ],
                [
                    0.9993853569030762,
                    -4.509949212661013e-05,
                    0.035057567059993744,
                    0.1413215696811676
                ],
                [
                    0.0,
                    0.9999991059303284,
                    0.0012864399468526244,
                    0.005185805261135101
                ],
                [
                    0.0,
                    0.0,
                    0.0,
                    1.0
                ]
            ]
        },
        {
            "file_path": "/data/shapenet_blender/all_50_random/02958343/9c27cdc4feb2fa5d4244558fce818712/r_18",
            "rotation": 0.12566370614359174,
            "transform_matrix": [
                [
                    0.28659138083457947,
                    0.008271721191704273,
                    -0.9580171704292297,
                    -3.8618907928466797
                ],
                [
                    -0.9580529928207397,
                    0.002474397886544466,
                    -0.2865806519985199,
                    -1.1552435159683228
                ],
                [
                    4.656613428188905e-10,
                    0.9999627470970154,
                    0.008633887395262718,
                    0.034804314374923706
                ],
                [
                    0.0,
                    0.0,
                    0.0,
                    1.0
                ]
            ]
        },
        {
            "file_path": "/data/shapenet_blender/all_50_random/02958343/9c27cdc4feb2fa5d4244558fce818712/r_19",
            "rotation": 0.12566370614359174,
            "transform_matrix": [
                [
                    0.9568226337432861,
                    -0.10718508064746857,
                    0.27018851041793823,
                    1.0891647338867188
                ],
                [
                    0.2906724512577057,
                    0.3528270721435547,
                    -0.8893944621086121,
                    -3.585263729095459
                ],
                [
                    -7.450580596923828e-09,
                    0.929529070854187,
                    0.36874866485595703,
                    1.4864734411239624
                ],
                [
                    0.0,
                    0.0,
                    0.0,
                    1.0
                ]
            ]
        },
        {
            "file_path": "/data/shapenet_blender/all_50_random/02958343/9c27cdc4feb2fa5d4244558fce818712/r_20",
            "rotation": 0.12566370614359174,
            "transform_matrix": [
                [
                    -0.28604307770729065,
                    0.8948313593864441,
                    -0.34271878004074097,
                    -1.381543755531311
                ],
                [
                    -0.9582167863845825,
                    -0.26712149381637573,
                    0.1023070439696312,
                    0.4124129116535187
                ],
                [
                    -7.450580596923828e-09,
                    0.35766327381134033,
                    0.9338506460189819,
                    3.764472484588623
                ],
                [
                    0.0,
                    0.0,
                    0.0,
                    1.0
                ]
            ]
        },
        {
            "file_path": "/data/shapenet_blender/all_50_random/02958343/9c27cdc4feb2fa5d4244558fce818712/r_21",
            "rotation": 0.12566370614359174,
            "transform_matrix": [
                [
                    0.017482196912169456,
                    -0.8424115180969238,
                    0.5385507941246033,
                    2.1709678173065186
                ],
                [
                    0.9998471140861511,
                    0.014729457907378674,
                    -0.009416492655873299,
                    -0.03795909881591797
                ],
                [
                    9.313225191043273e-10,
                    0.5386331081390381,
                    0.8425403237342834,
                    3.3963890075683594
                ],
                [
                    0.0,
                    0.0,
                    0.0,
                    1.0
                ]
            ]
        },
        {
            "file_path": "/data/shapenet_blender/all_50_random/02958343/9c27cdc4feb2fa5d4244558fce818712/r_22",
            "rotation": 0.12566370614359174,
            "transform_matrix": [
                [
                    0.3003198802471161,
                    -0.37570229172706604,
                    0.8767301440238953,
                    3.534212350845337
                ],
                [
                    0.953838586807251,
                    0.11829136312007904,
                    -0.27604198455810547,
                    -1.1127607822418213
                ],
                [
                    7.450580596923828e-09,
                    0.9191599488258362,
                    0.393884539604187,
                    1.587799310684204
                ],
                [
                    0.0,
                    0.0,
                    0.0,
                    1.0
                ]
            ]
        },
        {
            "file_path": "/data/shapenet_blender/all_50_random/02958343/9c27cdc4feb2fa5d4244558fce818712/r_23",
            "rotation": 0.12566370614359174,
            "transform_matrix": [
                [
                    0.9947118759155273,
                    -0.09854606539011002,
                    -0.028930801898241043,
                    -0.11662379652261734
                ],
                [
                    -0.10270501673221588,
                    -0.95443195104599,
                    -0.28019872307777405,
                    -1.1295171976089478
                ],
                [
                    0.0,
                    0.2816881239414215,
                    -0.9595059752464294,
                    -3.867892265319824
                ],
                [
                    0.0,
                    0.0,
                    0.0,
                    1.0
                ]
            ]
        },
        {
            "file_path": "/data/shapenet_blender/all_50_random/02958343/9c27cdc4feb2fa5d4244558fce818712/r_24",
            "rotation": 0.12566370614359174,
            "transform_matrix": [
                [
                    0.608131468296051,
                    -0.7197000980377197,
                    -0.3349743187427521,
                    -1.3503246307373047
                ],
                [
                    -0.7938362956047058,
                    -0.5513381958007812,
                    -0.256612628698349,
                    -1.0344386100769043
                ],
                [
                    -1.4901161193847656e-08,
                    0.4219690263271332,
                    -0.9066102504730225,
                    -3.654662847518921
                ],
                [
                    0.0,
                    0.0,
                    0.0,
                    1.0
                ]
            ]
        },
        {
            "file_path": "/data/shapenet_blender/all_50_random/02958343/9c27cdc4feb2fa5d4244558fce818712/r_25",
            "rotation": 0.12566370614359174,
            "transform_matrix": [
                [
                    -0.3653853237628937,
                    -0.3016975224018097,
                    0.8806089758872986,
                    3.5498483180999756
                ],
                [
                    0.9308563470840454,
                    -0.11842413991689682,
                    0.3456619381904602,
                    1.3934078216552734
                ],
                [
                    7.450580152834618e-09,
                    0.946020245552063,
                    0.3241075277328491,
                    1.3065192699432373
                ],
                [
                    0.0,
                    0.0,
                    0.0,
                    1.0
                ]
            ]
        },
        {
            "file_path": "/data/shapenet_blender/all_50_random/02958343/9c27cdc4feb2fa5d4244558fce818712/r_26",
            "rotation": 0.12566370614359174,
            "transform_matrix": [
                [
                    0.9602943658828735,
                    0.02017301693558693,
                    -0.27825841307640076,
                    -1.1216955184936523
                ],
                [
                    -0.27898868918418884,
                    0.06943662464618683,
                    -0.9577807188034058,
                    -3.8609375953674316
                ],
                [
                    -1.8626450382086546e-09,
                    0.997382402420044,
                    0.07230764627456665,
                    0.2914814352989197
                ],
                [
                    0.0,
                    0.0,
                    0.0,
                    1.0
                ]
            ]
        },
        {
            "file_path": "/data/shapenet_blender/all_50_random/02958343/9c27cdc4feb2fa5d4244558fce818712/r_27",
            "rotation": 0.12566370614359174,
            "transform_matrix": [
                [
                    0.9780439138412476,
                    0.1984296292066574,
                    -0.06368526071310043,
                    -0.2567234933376312
                ],
                [
                    -0.2083989530801773,
                    0.9312564730644226,
                    -0.2988833487033844,
                    -1.2048373222351074
                ],
                [
                    0.0,
                    0.30559298396110535,
                    0.9521622061729431,
                    3.8382885456085205
                ],
                [
                    0.0,
                    0.0,
                    0.0,
                    1.0
                ]
            ]
        },
        {
            "file_path": "/data/shapenet_blender/all_50_random/02958343/9c27cdc4feb2fa5d4244558fce818712/r_28",
            "rotation": 0.12566370614359174,
            "transform_matrix": [
                [
                    0.5818661451339722,
                    -0.04025324806571007,
                    0.8122876882553101,
                    3.2744364738464355
                ],
                [
                    0.8132844567298889,
                    0.028799282386898994,
                    -0.5811530947685242,
                    -2.342703104019165
                ],
                [
                    -1.8626450382086546e-09,
                    0.9987743496894836,
                    0.049494680017232895,
                    0.19951944053173065
                ],
                [
                    0.0,
                    0.0,
                    0.0,
                    1.0
                ]
            ]
        },
        {
            "file_path": "/data/shapenet_blender/all_50_random/02958343/9c27cdc4feb2fa5d4244558fce818712/r_29",
            "rotation": 0.12566370614359174,
            "transform_matrix": [
                [
                    0.8911635875701904,
                    -0.4353947937488556,
                    0.1275106519460678,
                    0.5140118598937988
                ],
                [
                    0.4536822438240051,
                    0.8552417159080505,
                    -0.2504679262638092,
                    -1.0096684694290161
                ],
                [
                    7.450580596923828e-09,
                    0.2810569703578949,
                    0.959691047668457,
                    3.868638277053833
                ],
                [
                    0.0,
                    0.0,
                    0.0,
                    1.0
                ]
            ]
        },
        {
            "file_path": "/data/shapenet_blender/all_50_random/02958343/9c27cdc4feb2fa5d4244558fce818712/r_30",
            "rotation": 0.12566370614359174,
            "transform_matrix": [
                [
                    0.465165376663208,
                    0.6623362302780151,
                    0.5873090028762817,
                    2.367518663406372
                ],
                [
                    0.8852238655090332,
                    -0.34804290533065796,
                    -0.3086177706718445,
                    -1.2440781593322754
                ],
                [
                    0.0,
                    0.6634582877159119,
                    -0.7482132315635681,
                    -3.016144275665283
                ],
                [
                    0.0,
                    0.0,
                    0.0,
                    1.0
                ]
            ]
        },
        {
            "file_path": "/data/shapenet_blender/all_50_random/02958343/9c27cdc4feb2fa5d4244558fce818712/r_31",
            "rotation": 0.12566370614359174,
            "transform_matrix": [
                [
                    0.05069426819682121,
                    -0.6622893214225769,
                    0.7475311160087585,
                    3.013394594192505
                ],
                [
                    0.99871426820755,
                    0.03361749276518822,
                    -0.03794432803988457,
                    -0.15295849740505219
                ],
                [
                    1.862645371275562e-09,
                    0.748493492603302,
                    0.6631419062614441,
                    2.673210859298706
                ],
                [
                    0.0,
                    0.0,
                    0.0,
                    1.0
                ]
            ]
        },
        {
            "file_path": "/data/shapenet_blender/all_50_random/02958343/9c27cdc4feb2fa5d4244558fce818712/r_32",
            "rotation": 0.12566370614359174,
            "transform_matrix": [
                [
                    0.9804176092147827,
                    0.11679066717624664,
                    0.1585601419210434,
                    0.6391763687133789
                ],
                [
                    0.1969299018383026,
                    -0.5814436078071594,
                    -0.7893933653831482,
                    -3.1821465492248535
                ],
                [
                    7.450581485102248e-09,
                    0.8051603436470032,
                    -0.5930570960044861,
                    -2.3906896114349365
                ],
                [
                    0.0,
                    0.0,
                    0.0,
                    1.0
                ]
            ]
        },
        {
            "file_path": "/data/shapenet_blender/all_50_random/02958343/9c27cdc4feb2fa5d4244558fce818712/r_33",
            "rotation": 0.12566370614359174,
            "transform_matrix": [
                [
                    0.532821536064148,
                    0.34882020950317383,
                    0.7709900140762329,
                    3.1079604625701904
                ],
                [
                    0.846227765083313,
                    -0.21963228285312653,
                    -0.4854486286640167,
                    -1.9569060802459717
                ],
                [
                    0.0,
                    0.9110905528068542,
                    -0.41220611333847046,
                    -1.661656141281128
                ],
                [
                    0.0,
                    0.0,
                    0.0,
                    1.0
                ]
            ]
        },
        {
            "file_path": "/data/shapenet_blender/all_50_random/02958343/9c27cdc4feb2fa5d4244558fce818712/r_34",
            "rotation": 0.12566370614359174,
            "transform_matrix": [
                [
                    0.20559532940387726,
                    -0.45163577795028687,
                    -0.8681910634040833,
                    -3.4997899532318115
                ],
                [
                    -0.9786370396614075,
                    -0.09488113969564438,
                    -0.18239246308803558,
                    -0.7352474927902222
                ],
                [
                    7.450580152834618e-09,
                    0.8871429562568665,
                    -0.4614946246147156,
                    -1.8603442907333374
                ],
                [
                    0.0,
                    0.0,
                    0.0,
                    1.0
                ]
            ]
        },
        {
            "file_path": "/data/shapenet_blender/all_50_random/02958343/9c27cdc4feb2fa5d4244558fce818712/r_35",
            "rotation": 0.12566370614359174,
            "transform_matrix": [
                [
                    -0.9406718611717224,
                    -0.10027299076318741,
                    -0.3241632878780365,
                    -1.30674409866333
                ],
                [
                    -0.3393177390098572,
                    0.2779812514781952,
                    0.8986600041389465,
                    3.622614622116089
                ],
                [
                    0.0,
                    0.9553384780883789,
                    -0.2955135405063629,
                    -1.1912533044815063
                ],
                [
                    0.0,
                    0.0,
                    0.0,
                    1.0
                ]
            ]
        },
        {
            "file_path": "/data/shapenet_blender/all_50_random/02958343/9c27cdc4feb2fa5d4244558fce818712/r_36",
            "rotation": 0.12566370614359174,
            "transform_matrix": [
                [
                    0.8178128004074097,
                    0.0071794758550822735,
                    0.5754393935203552,
                    2.3196704387664795
                ],
                [
                    0.5754841566085815,
                    -0.01020265743136406,
                    -0.8177492022514343,
                    -3.296452522277832
                ],
                [
                    4.6566125955216364e-10,
                    0.9999222159385681,
                    -0.012475538067519665,
                    -0.05029050260782242
                ],
                [
                    0.0,
                    0.0,
                    0.0,
                    1.0
                ]
            ]
        },
        {
            "file_path": "/data/shapenet_blender/all_50_random/02958343/9c27cdc4feb2fa5d4244558fce818712/r_37",
            "rotation": 0.12566370614359174,
            "transform_matrix": [
                [
                    0.15378537774085999,
                    -0.0024280298966914415,
                    0.9881013631820679,
                    3.983163595199585
                ],
                [
                    0.9881042838096619,
                    0.000377890799427405,
                    -0.15378493070602417,
                    -0.6199268102645874
                ],
                [
                    0.0,
                    0.9999970197677612,
                    0.0024572608526796103,
                    0.009905533865094185
                ],
                [
                    0.0,
                    0.0,
                    0.0,
                    1.0
                ]
            ]
        },
        {
            "file_path": "/data/shapenet_blender/all_50_random/02958343/9c27cdc4feb2fa5d4244558fce818712/r_38",
            "rotation": 0.12566370614359174,
            "transform_matrix": [
                [
                    -0.4548018276691437,
                    0.0957733690738678,
                    0.8854280114173889,
                    3.569274425506592
                ],
                [
                    0.8905927538871765,
                    0.04890889301896095,
                    0.45216435194015503,
                    1.8227328062057495
                ],
                [
                    0.0,
                    0.9942008256912231,
                    -0.10753892362117767,
                    -0.43350327014923096
                ],
                [
                    0.0,
                    0.0,
                    0.0,
                    1.0
                ]
            ]
        },
        {
            "file_path": "/data/shapenet_blender/all_50_random/02958343/9c27cdc4feb2fa5d4244558fce818712/r_39",
            "rotation": 0.12566370614359174,
            "transform_matrix": [
                [
                    -0.7872248888015747,
                    0.2552671730518341,
                    -0.5613515973091125,
                    -2.262880563735962
                ],
                [
                    -0.6166659593582153,
                    -0.3258695602416992,
                    0.7166115045547485,
                    2.8887534141540527
                ],
                [
                    0.0,
                    0.9103008508682251,
                    0.4139472544193268,
                    1.6686747074127197
                ],
                [
                    0.0,
                    0.0,
                    0.0,
                    1.0
                ]
            ]
        },
        {
            "file_path": "/data/shapenet_blender/all_50_random/02958343/9c27cdc4feb2fa5d4244558fce818712/r_40",
            "rotation": 0.12566370614359174,
            "transform_matrix": [
                [
                    0.3206012547016144,
                    0.15092958509922028,
                    -0.9351123571395874,
                    -3.7695584297180176
                ],
                [
                    -0.9472142457962036,
                    0.051084764301776886,
                    -0.31650516390800476,
                    -1.2758731842041016
                ],
                [
                    0.0,
                    0.9872236847877502,
                    0.159340500831604,
                    0.6423221230506897
                ],
                [
                    0.0,
                    0.0,
                    0.0,
                    1.0
                ]
            ]
        },
        {
            "file_path": "/data/shapenet_blender/all_50_random/02958343/9c27cdc4feb2fa5d4244558fce818712/r_41",
            "rotation": 0.12566370614359174,
            "transform_matrix": [
                [
                    0.9833733439445496,
                    -0.08811064064502716,
                    0.15878725051879883,
                    0.6400919556617737
                ],
                [
                    0.18159538507461548,
                    0.4771357774734497,
                    -0.8598630428314209,
                    -3.466218948364258
                ],
                [
