{
    "class": "02958343",
    "model": "17926c1ef484b73e6758a098566bc94e",
    "remove_doubles": true,
    "edge_split": true,
    "denoise": true,
    "camera_angle_x": 0.6911112070083618,
    "scale_factor": 2.2714753846223625,
    "hdri_file": "/data/IndoorHDRDataset2018/9C4A7769-e8f52ced46.exr",
    "center_offset": [
        0.0,
        -3.725290298461914e-09,
        0.0
    ],
    "lights": [],
    "frames": [
        {
            "file_path": "/data/shapenet_blender/all_50_random/02958343/17926c1ef484b73e6758a098566bc94e/r_0",
            "rotation": 0.12566370614359174,
            "transform_matrix": [
                [
                    0.848229169845581,
                    -0.4587029218673706,
                    -0.26476213335990906,
                    -1.0672903060913086
                ],
                [
                    -0.5296294689178467,
                    -0.7346366047859192,
                    -0.4240303337574005,
                    -1.7093209028244019
                ],
                [
                    0.0,
                    0.4999007284641266,
                    -0.8660827875137329,
                    -3.4912912845611572
                ],
                [
                    0.0,
                    0.0,
                    0.0,
                    1.0
                ]
            ]
        },
        {
            "file_path": "/data/shapenet_blender/all_50_random/02958343/17926c1ef484b73e6758a098566bc94e/r_1",
            "rotation": 0.12566370614359174,
            "transform_matrix": [
                [
                    -0.9474488496780396,
                    0.20593155920505524,
                    0.24481192231178284,
                    0.9868685007095337
                ],
                [
                    0.3199073374271393,
                    0.6098941564559937,
                    0.7250435948371887,
                    2.9227445125579834
                ],
                [
                    0.0,
                    0.7652589082717896,
                    -0.6437225341796875,
                    -2.594928741455078
                ],
                [
                    0.0,
                    0.0,
                    0.0,
                    1.0
                ]
            ]
        },
        {
            "file_path": "/data/shapenet_blender/all_50_random/02958343/17926c1ef484b73e6758a098566bc94e/r_2",
            "rotation": 0.12566370614359174,
            "transform_matrix": [
                [
                    -0.996717095375061,
                    0.02092670649290085,
                    0.07821175456047058,
                    0.3152816593647003
                ],
                [
                    0.08096299320459366,
                    0.25762397050857544,
                    0.9628472924232483,
                    3.881361246109009
                ],
                [
                    -1.8626449271863521e-09,
                    0.966018557548523,
                    -0.2584725320339203,
                    -1.0419360399246216
                ],
                [
                    0.0,
                    0.0,
                    0.0,
                    1.0
                ]
            ]
        },
        {
            "file_path": "/data/shapenet_blender/all_50_random/02958343/17926c1ef484b73e6758a098566bc94e/r_3",
            "rotation": 0.12566370614359174,
            "transform_matrix": [
                [
                    0.0724174901843071,
                    0.9639142155647278,
                    0.2561737596988678,
                    1.0326694250106812
                ],
                [
                    0.997374415397644,
                    -0.06998800486326218,
                    -0.01860029809176922,
                    -0.07498019933700562
                ],
                [
                    0.0,
                    0.2568480372428894,
                    -0.9664517641067505,
                    -3.8958916664123535
                ],
                [
                    0.0,
                    0.0,
                    0.0,
                    1.0
                ]
            ]
        },
        {
            "file_path": "/data/shapenet_blender/all_50_random/02958343/17926c1ef484b73e6758a098566bc94e/r_4",
            "rotation": 0.12566370614359174,
            "transform_matrix": [
                [
                    -0.9337928295135498,
                    -0.018964320421218872,
                    -0.3573112189769745,
                    -1.440367579460144
                ],
                [
                    -0.35781413316726685,
                    0.04949146881699562,
                    0.9324803352355957,
                    3.758948564529419
                ],
                [
                    0.0,
                    0.9985945224761963,
                    -0.05300047621130943,
                    -0.21365174651145935
                ],
                [
                    0.0,
                    0.0,
                    0.0,
                    1.0
                ]
            ]
        },
        {
            "file_path": "/data/shapenet_blender/all_50_random/02958343/17926c1ef484b73e6758a098566bc94e/r_5",
            "rotation": 0.12566370614359174,
            "transform_matrix": [
                [
                    0.8604006171226501,
                    -0.009145550429821014,
                    -0.5095361471176147,
                    -2.0540058612823486
                ],
                [
                    -0.5096181631088257,
                    -0.015440654009580612,
                    -0.8602620959281921,
                    -3.467827320098877
                ],
                [
                    -9.313225191043273e-10,
                    0.9998388886451721,
                    -0.01794588752090931,
                    -0.07234218716621399
                ],
                [
                    0.0,
                    0.0,
                    0.0,
                    1.0
                ]
            ]
        },
        {
            "file_path": "/data/shapenet_blender/all_50_random/02958343/17926c1ef484b73e6758a098566bc94e/r_6",
            "rotation": 0.12566370614359174,
            "transform_matrix": [
                [
                    0.3268395662307739,
                    0.1996922791004181,
                    -0.9237417578697205,
                    -3.723722219467163
                ],
                [
                    -0.9450799226760864,
                    0.06906012445688248,
                    -0.3194601237773895,
                    -1.2877849340438843
                ],
                [
                    0.0,
                    0.9774219989776611,
                    0.2112967073917389,
                    0.8517642617225647
                ],
                [
                    0.0,
                    0.0,
                    0.0,
                    1.0
                ]
            ]
        },
        {
            "file_path": "/data/shapenet_blender/all_50_random/02958343/17926c1ef484b73e6758a098566bc94e/r_7",
            "rotation": 0.12566370614359174,
            "transform_matrix": [
                [
                    0.9645919799804688,
                    0.0039799269288778305,
                    -0.2637164890766144,
                    -1.0630751848220825
                ],
                [
                    -0.2637465000152588,
                    0.014555663801729679,
                    -0.9644821882247925,
                    -3.8879520893096924
                ],
                [
                    -2.3283062977608182e-10,
                    0.999886155128479,
                    0.015089970082044601,
                    0.060829613357782364
                ],
                [
                    0.0,
                    0.0,
                    0.0,
                    1.0
                ]
            ]
        },
        {
            "file_path": "/data/shapenet_blender/all_50_random/02958343/17926c1ef484b73e6758a098566bc94e/r_8",
            "rotation": 0.12566370614359174,
            "transform_matrix": [
                [
                    0.9884949326515198,
                    0.08117245137691498,
                    -0.12762698531150818,
                    -0.5144808292388916
                ],
                [
                    -0.15125346183776855,
                    0.5304906964302063,
                    -0.8340875506401062,
                    -3.362314462661743
                ],
                [
                    0.0,
                    0.8437953591346741,
                    0.5366650223731995,
                    2.1633658409118652
                ],
                [
                    0.0,
                    0.0,
                    0.0,
                    1.0
                ]
            ]
        },
        {
            "file_path": "/data/shapenet_blender/all_50_random/02958343/17926c1ef484b73e6758a098566bc94e/r_9",
            "rotation": 0.12566370614359174,
            "transform_matrix": [
                [
                    -0.7354494333267212,
                    -0.1269000917673111,
                    -0.6655903458595276,
                    -2.6830806732177734
                ],
                [
                    -0.6775796413421631,
                    0.1377381831407547,
                    0.7224361300468445,
                    2.912233352661133
                ],
                [
                    0.0,
                    0.982305645942688,
                    -0.18728439509868622,
                    -0.7549676299095154
                ],
                [
                    0.0,
                    0.0,
                    0.0,
                    1.0
                ]
            ]
        },
        {
            "file_path": "/data/shapenet_blender/all_50_random/02958343/17926c1ef484b73e6758a098566bc94e/r_10",
            "rotation": 0.12566370614359174,
            "transform_matrix": [
                [
                    -0.6263452768325806,
                    -0.05077748745679855,
                    -0.7778902053833008,
                    -3.1357758045196533
                ],
                [
                    -0.7795458436012268,
                    0.04079842194914818,
                    0.6250150799751282,
                    2.5195164680480957
                ],
                [
                    -3.725290742551124e-09,
                    0.9978762269020081,
                    -0.06513727456331253,
                    -0.26257675886154175
                ],
                [
                    0.0,
                    0.0,
                    0.0,
                    1.0
                ]
            ]
        },
        {
            "file_path": "/data/shapenet_blender/all_50_random/02958343/17926c1ef484b73e6758a098566bc94e/r_11",
            "rotation": 0.12566370614359174,
            "transform_matrix": [
                [
                    0.9980621933937073,
                    0.02380095049738884,
                    -0.057493679225444794,
                    -0.23176443576812744
                ],
                [
                    -0.06222546845674515,
                    0.3817541003227234,
                    -0.9221668839454651,
                    -3.7173736095428467
                ],
                [
                    0.0,
                    0.9239572882652283,
                    0.3824954032897949,
                    1.5418882369995117
                ],
                [
                    0.0,
                    0.0,
                    0.0,
                    1.0
                ]
            ]
        },
        {
            "file_path": "/data/shapenet_blender/all_50_random/02958343/17926c1ef484b73e6758a098566bc94e/r_12",
            "rotation": 0.12566370614359174,
            "transform_matrix": [
                [
                    0.42666709423065186,
                    -0.7302732467651367,
                    0.5335318446159363,
                    2.150735855102539
                ],
                [
                    0.9044088125228882,
                    0.3445162773132324,
                    -0.25170084834098816,
                    -1.0146386623382568
                ],
                [
                    -1.4901161193847656e-08,
                    0.5899233818054199,
                    0.8074591755867004,
                    3.254972219467163
                ],
                [
                    0.0,
                    0.0,
                    0.0,
                    1.0
                ]
            ]
        },
        {
            "file_path": "/data/shapenet_blender/all_50_random/02958343/17926c1ef484b73e6758a098566bc94e/r_13",
            "rotation": 0.12566370614359174,
            "transform_matrix": [
                [
                    0.3653181493282318,
                    -0.20798012614250183,
                    0.907351553440094,
                    3.65765118598938
                ],
                [
                    0.9308827519416809,
                    0.08162029087543488,
                    -0.3560835123062134,
                    -1.4354186058044434
                ],
                [
                    0.0,
                    0.9747216105461121,
                    0.22342249751091003,
                    0.9006448984146118
                ],
                [
                    0.0,
                    0.0,
                    0.0,
                    1.0
                ]
            ]
        },
        {
            "file_path": "/data/shapenet_blender/all_50_random/02958343/17926c1ef484b73e6758a098566bc94e/r_14",
            "rotation": 0.12566370614359174,
            "transform_matrix": [
                [
                    -0.29549065232276917,
                    0.5593822598457336,
                    -0.7744525074958801,
                    -3.121917963027954
                ],
                [
                    -0.955345630645752,
                    -0.17301826179027557,
                    0.2395399808883667,
                    0.9656165242195129
                ],
                [
                    -1.4901161193847656e-08,
                    0.8106516599655151,
                    0.5855287313461304,
                    2.360341787338257
                ],
                [
                    0.0,
                    0.0,
                    0.0,
                    1.0
                ]
            ]
        },
        {
            "file_path": "/data/shapenet_blender/all_50_random/02958343/17926c1ef484b73e6758a098566bc94e/r_15",
            "rotation": 0.12566370614359174,
            "transform_matrix": [
                [
                    -0.6701979637145996,
                    -0.618094801902771,
                    -0.4108448326587677,
                    -1.6561684608459473
                ],
                [
                    -0.7421824336051941,
                    0.5581456422805786,
                    0.37099689245224,
                    1.4955363273620605
                ],
                [
                    0.0,
                    0.5535631775856018,
                    -0.832807183265686,
                    -3.3571531772613525
                ],
                [
                    0.0,
                    0.0,
                    0.0,
                    1.0
                ]
            ]
        },
        {
            "file_path": "/data/shapenet_blender/all_50_random/02958343/17926c1ef484b73e6758a098566bc94e/r_16",
            "rotation": 0.12566370614359174,
            "transform_matrix": [
                [
                    -0.9024280309677124,
                    0.28584399819374084,
                    0.32236167788505554,
                    1.2994815111160278
                ],
                [
                    0.4308409094810486,
                    0.5987213253974915,
                    0.6752102971076965,
                    2.7218596935272217
                ],
                [
                    0.0,
                    0.7482152581214905,
                    -0.6634560823440552,
                    -2.6744771003723145
                ],
                [
                    0.0,
                    0.0,
                    0.0,
                    1.0
                ]
            ]
        },
        {
            "file_path": "/data/shapenet_blender/all_50_random/02958343/17926c1ef484b73e6758a098566bc94e/r_17",
            "rotation": 0.12566370614359174,
            "transform_matrix": [
                [
                    -0.831407368183136,
                    -0.36068305373191833,
                    0.42269307374954224,
                    1.7039302587509155
                ],
                [
                    0.5556632280349731,
                    -0.5396695733070374,
                    0.6324516534805298,
                    2.5494942665100098
                ],
                [
                    0.0,
                    0.7607000470161438,
                    0.6491035223007202,
                    2.6166200637817383
                ],
                [
                    0.0,
                    0.0,
                    0.0,
                    1.0
                ]
            ]
        },
        {
            "file_path": "/data/shapenet_blender/all_50_random/02958343/17926c1ef484b73e6758a098566bc94e/r_18",
            "rotation": 0.12566370614359174,
            "transform_matrix": [
                [
                    0.9991215467453003,
                    0.0035456661134958267,
                    0.04175654053688049,
                    0.1683260202407837
                ],
                [
                    0.04190681129693985,
                    -0.08453403413295746,
                    -0.9955388903617859,
                    -4.013145923614502
                ],
                [
                    2.3283067140944524e-10,
                    0.9964141249656677,
                    -0.08460836112499237,
                    -0.34106725454330444
                ],
                [
                    0.0,
                    0.0,
                    0.0,
                    1.0
                ]
            ]
        },
        {
            "file_path": "/data/shapenet_blender/all_50_random/02958343/17926c1ef484b73e6758a098566bc94e/r_19",
            "rotation": 0.12566370614359174,
            "transform_matrix": [
                [
                    0.6454181671142578,
                    -0.34026509523391724,
                    0.683853030204773,
                    2.756700038909912
                ],
                [
                    0.7638294696807861,
                    0.28751611709594727,
                    -0.5778399109840393,
                    -2.3293473720550537
                ],
                [
                    -1.4901161193847656e-08,
                    0.8952955603599548,
                    0.4454725682735443,
                    1.795757532119751
                ],
                [
                    0.0,
                    0.0,
                    0.0,
                    1.0
                ]
            ]
        },
        {
            "file_path": "/data/shapenet_blender/all_50_random/02958343/17926c1ef484b73e6758a098566bc94e/r_20",
            "rotation": 0.12566370614359174,
            "transform_matrix": [
                [
                    0.983241617679596,
                    -0.07026701420545578,
                    -0.16822145879268646,
                    -0.6781224608421326
                ],
                [
                    -0.18230721354484558,
                    -0.3789726793766022,
                    -0.9072726368904114,
                    -3.6573331356048584
                ],
                [
                    0.0,
                    0.9227361679077148,
                    -0.3854319155216217,
                    -1.5537258386611938
                ],
                [
                    0.0,
                    0.0,
                    0.0,
                    1.0
                ]
            ]
        },
        {
            "file_path": "/data/shapenet_blender/all_50_random/02958343/17926c1ef484b73e6758a098566bc94e/r_21",
            "rotation": 0.12566370614359174,
            "transform_matrix": [
                [
                    -0.132456973195076,
                    0.6964419484138489,
                    0.7052825689315796,
                    2.843085289001465
                ],
                [
                    0.9911887645721436,
                    0.09306863695383072,
                    0.09425004571676254,
                    0.3799341022968292
                ],
                [
                    0.0,
                    0.7115522623062134,
                    -0.7026330232620239,
                    -2.832404613494873
                ],
                [
                    0.0,
                    0.0,
                    0.0,
                    1.0
                ]
            ]
        },
        {
            "file_path": "/data/shapenet_blender/all_50_random/02958343/17926c1ef484b73e6758a098566bc94e/r_22",
            "rotation": 0.12566370614359174,
            "transform_matrix": [
                [
                    -0.9627017974853516,
                    -0.06649329513311386,
                    -0.26226693391799927,
                    -1.0572317838668823
                ],
                [
                    -0.2705647945404053,
                    0.23659107089042664,
                    0.9331769943237305,
                    3.7617568969726562
                ],
                [
                    0.0,
                    0.9693314433097839,
                    -0.24575737118721008,
                    -0.9906796216964722
                ],
                [
                    0.0,
                    0.0,
                    0.0,
                    1.0
                ]
            ]
        },
        {
            "file_path": "/data/shapenet_blender/all_50_random/02958343/17926c1ef484b73e6758a098566bc94e/r_23",
            "rotation": 0.12566370614359174,
            "transform_matrix": [
                [
                    0.7492160797119141,
                    -0.5295564532279968,
                    -0.397800475358963,
                    -1.603585124015808
                ],
                [
                    -0.6623257398605347,
                    -0.5990288257598877,
                    -0.4499877989292145,
                    -1.813959002494812
                ],
                [
                    0.0,
                    0.6006115674972534,
                    -0.7995408773422241,
                    -3.223052501678467
                ],
                [
                    0.0,
                    0.0,
                    0.0,
                    1.0
                ]
            ]
        },
        {
            "file_path": "/data/shapenet_blender/all_50_random/02958343/17926c1ef484b73e6758a098566bc94e/r_24",
            "rotation": 0.12566370614359174,
            "transform_matrix": [
                [
                    0.9808478355407715,
                    -0.018929248675704002,
                    -0.19385364651679993,
                    -0.7814490795135498
                ],
                [
                    -0.19477567076683044,
                    -0.0953235775232315,
                    -0.9762047529220581,
                    -3.9352073669433594
                ],
                [
                    0.0,
                    0.9952661991119385,
                    -0.09718488156795502,
                    -0.3917648196220398
                ],
                [
                    0.0,
                    0.0,
                    0.0,
                    1.0
                ]
            ]
        },
        {
            "file_path": "/data/shapenet_blender/all_50_random/02958343/17926c1ef484b73e6758a098566bc94e/r_25",
            "rotation": 0.12566370614359174,
            "transform_matrix": [
                [
                    0.08405642956495285,
                    0.40295305848121643,
                    0.9113523364067078,
                    3.673779249191284
                ],
                [
                    0.9964610934257507,
                    -0.03399108722805977,
                    -0.07687708735466003,
                    -0.30990147590637207
                ],
                [
                    1.862645371275562e-09,
                    0.9145891070365906,
                    -0.40438416600227356,
                    -1.6301249265670776
                ],
                [
                    0.0,
                    0.0,
                    0.0,
                    1.0
                ]
            ]
        },
        {
            "file_path": "/data/shapenet_blender/all_50_random/02958343/17926c1ef484b73e6758a098566bc94e/r_26",
            "rotation": 0.12566370614359174,
            "transform_matrix": [
                [
                    0.9544259309768677,
                    -0.0015521448804065585,
                    0.2984439432621002,
                    1.203066110610962
                ],
                [
                    0.29844802618026733,
                    0.004963702987879515,
                    -0.9544129371643066,
                    -3.8473618030548096
                ],
                [
                    0.0,
                    0.999986469745636,
                    0.0052007208578288555,
                    0.02096477895975113
                ],
                [
                    0.0,
                    0.0,
                    0.0,
                    1.0
                ]
            ]
        },
        {
            "file_path": "/data/shapenet_blender/all_50_random/02958343/17926c1ef484b73e6758a098566bc94e/r_27",
            "rotation": 0.12566370614359174,
            "transform_matrix": [
                [
                    -0.44047948718070984,
                    -0.22646203637123108,
                    -0.8687305450439453,
                    -3.501964807510376
                ],
                [
                    -0.897762656211853,
                    0.11111164093017578,
                    0.4262351393699646,
                    1.7182087898254395
                ],
                [
                    0.0,
                    0.9676617383956909,
                    -0.2522515654563904,
                    -1.0168585777282715
                ],
                [
                    0.0,
                    0.0,
                    0.0,
                    1.0
                ]
            ]
        },
        {
            "file_path": "/data/shapenet_blender/all_50_random/02958343/17926c1ef484b73e6758a098566bc94e/r_28",
            "rotation": 0.12566370614359174,
            "transform_matrix": [
                [
                    -0.193579763174057,
                    -0.28291842341423035,
                    0.939406156539917,
                    3.786867618560791
                ],
                [
                    0.9810845851898193,
                    -0.055823199450969696,
                    0.18535609543323517,
                    0.7471944093704224
                ],
                [
                    0.0,
                    0.9575181007385254,
                    0.28837308287620544,
                    1.1624691486358643
                ],
                [
                    0.0,
                    0.0,
                    0.0,
                    1.0
                ]
            ]
        },
        {
            "file_path": "/data/shapenet_blender/all_50_random/02958343/17926c1ef484b73e6758a098566bc94e/r_29",
            "rotation": 0.12566370614359174,
            "transform_matrix": [
                [
                    -0.9715291857719421,
                    -0.021894315257668495,
                    0.2359062135219574,
                    0.9509685039520264
                ],
                [
                    0.2369200736284256,
                    -0.08978119492530823,
                    0.9673717021942139,
                    3.8996005058288574
                ],
                [
                    0.0,
                    0.9957208037376404,
                    0.09241224080324173,
                    0.372525691986084
                ],
                [
                    0.0,
                    0.0,
                    0.0,
                    1.0
                ]
            ]
        },
        {
            "file_path": "/data/shapenet_blender/all_50_random/02958343/17926c1ef484b73e6758a098566bc94e/r_30",
            "rotation": 0.12566370614359174,
            "transform_matrix": [
                [
                    -0.4281925559043884,
                    0.7502865791320801,
                    0.5037074685096741,
                    2.0305099487304688
                ],
                [
                    0.903687596321106,
                    0.35550686717033386,
                    0.23867076635360718,
                    0.9621126651763916
                ],
                [
                    0.0,
                    0.5573912262916565,
                    -0.8302499055862427,
                    -3.3468446731567383
                ],
                [
                    0.0,
                    0.0,
                    0.0,
                    1.0
                ]
            ]
        },
        {
            "file_path": "/data/shapenet_blender/all_50_random/02958343/17926c1ef484b73e6758a098566bc94e/r_31",
            "rotation": 0.12566370614359174,
            "transform_matrix": [
                [
                    0.2516622245311737,
                    0.865095853805542,
                    0.43390706181526184,
                    1.7491353750228882
                ],
                [
                    0.9678152203559875,
                    -0.22495196759700775,
                    -0.11282940208911896,
                    -0.4548299014568329
                ],
                [
                    0.0,
                    0.448336660861969,
                    -0.893864631652832,
                    -3.6032838821411133
                ],
                [
                    0.0,
                    0.0,
                    0.0,
                    1.0
                ]
            ]
        },
        {
            "file_path": "/data/shapenet_blender/all_50_random/02958343/17926c1ef484b73e6758a098566bc94e/r_32",
            "rotation": 0.12566370614359174,
            "transform_matrix": [
                [
                    -0.4130861461162567,
                    -0.08255281299352646,
                    -0.90694260597229,
                    -3.6560025215148926
                ],
                [
                    -0.9106919169425964,
                    0.03744561970233917,
                    0.4113854765892029,
                    1.6583478450775146
                ],
                [
                    0.0,
                    0.9958828687667847,
                    -0.09064845740795135,
                    -0.36541563272476196
                ],
                [
                    0.0,
                    0.0,
                    0.0,
                    1.0
                ]
            ]
        },
        {
            "file_path": "/data/shapenet_blender/all_50_random/02958343/17926c1ef484b73e6758a098566bc94e/r_33",
            "rotation": 0.12566370614359174,
            "transform_matrix": [
                [
                    0.3666905164718628,
                    0.03341960161924362,
                    -0.9297424554824829,
                    -3.7479119300842285
                ],
                [
                    -0.9303430318832397,
                    0.01317218691110611,
                    -0.3664538264274597,
                    -1.4772228002548218
                ],
                [
                    0.0,
                    0.9993545413017273,
                    0.03592180460691452,
                    0.144805446267128
                ],
                [
                    0.0,
                    0.0,
                    0.0,
                    1.0
                ]
            ]
        },
        {
            "file_path": "/data/shapenet_blender/all_50_random/02958343/17926c1ef484b73e6758a098566bc94e/r_34",
            "rotation": 0.12566370614359174,
            "transform_matrix": [
                [
                    -0.3187253177165985,
                    0.07602788507938385,
                    0.9447931051254272,
                    3.8085825443267822
                ],
                [
                    0.9478471279144287,
                    0.025565315037965775,
                    0.31769832968711853,
                    1.280682921409607
                ],
                [
                    0.0,
                    0.9967778921127319,
                    -0.08021113276481628,
                    -0.32334139943122864
                ],
                [
                    0.0,
                    0.0,
                    0.0,
                    1.0
                ]
            ]
        },
        {
            "file_path": "/data/shapenet_blender/all_50_random/02958343/17926c1ef484b73e6758a098566bc94e/r_35",
            "rotation": 0.12566370614359174,
            "transform_matrix": [
                [
                    0.22087490558624268,
                    0.7369552254676819,
                    -0.6388359069824219,
                    -2.5752298831939697
                ],
                [
                    -0.9753022193908691,
                    0.16689690947532654,
                    -0.14467599987983704,
                    -0.5832076072692871
                ],
                [
                    7.450580596923828e-09,
                    0.6550133228302002,
                    0.7556173205375671,
                    3.0459909439086914
                ],
                [
                    0.0,
                    0.0,
                    0.0,
                    1.0
                ]
            ]
        },
        {
            "file_path": "/data/shapenet_blender/all_50_random/02958343/17926c1ef484b73e6758a098566bc94e/r_36",
            "rotation": 0.12566370614359174,
            "transform_matrix": [
                [
                    0.12488830089569092,
                    -0.7446908354759216,
                    0.6556206941604614,
                    2.6428911685943604
                ],
                [
                    0.9921708106994629,
                    0.09373705834150314,
                    -0.08252546191215515,
                    -0.33267074823379517
                ],
                [
                    0.0,
                    0.6607940793037415,
                    0.7505671977996826,
                    3.025632858276367
                ],
                [
                    0.0,
                    0.0,
                    0.0,
                    1.0
                ]
            ]
        },
        {
            "file_path": "/data/shapenet_blender/all_50_random/02958343/17926c1ef484b73e6758a098566bc94e/r_37",
            "rotation": 0.12566370614359174,
            "transform_matrix": [
                [
                    -0.5510397553443909,
                    0.1554291993379593,
                    -0.8198761343955994,
                    -3.3050265312194824
                ],
                [
                    -0.8344789147377014,
                    -0.10263611376285553,
                    0.541396975517273,
                    2.182440996170044
                ],
                [
                    0.0,
                    0.9825006723403931,
                    0.18625898659229279,
                    0.7508339881896973
                ],
                [
                    0.0,
                    0.0,
                    0.0,
                    1.0
                ]
            ]
        },
        {
            "file_path": "/data/shapenet_blender/all_50_random/02958343/17926c1ef484b73e6758a098566bc94e/r_38",
            "rotation": 0.12566370614359174,
            "transform_matrix": [
                [
                    -0.991351842880249,
                    -0.049252185970544815,
                    0.12163736671209335,
                    0.49033594131469727
                ],
                [
                    0.131230428814888,
                    -0.3720649182796478,
                    0.9188830852508545,
                    3.704136371612549
                ],
                [
                    -3.725290076417309e-09,
                    0.9268990159034729,
                    0.37531065940856934,
                    1.5129257440567017
                ],
                [
                    0.0,
                    0.0,
                    0.0,
                    1.0
                ]
            ]
        },
        {
            "file_path": "/data/shapenet_blender/all_50_random/02958343/17926c1ef484b73e6758a098566bc94e/r_39",
            "rotation": 0.12566370614359174,
            "transform_matrix": [
                [
                    -0.6904456615447998,
                    -0.39338356256484985,
                    -0.6070701479911804,
                    -2.4471778869628906
                ],
                [
                    -0.7233843207359314,
                    0.37547120451927185,
                    0.5794277787208557,
                    2.3357479572296143
                ],
                [
                    0.0,
                    0.8392083644866943,
                    -0.5438099503517151,
                    -2.1921679973602295
                ],
                [
                    0.0,
                    0.0,
                    0.0,
                    1.0
                ]
            ]
        },
        {
            "file_path": "/data/shapenet_blender/all_50_random/02958343/17926c1ef484b73e6758a098566bc94e/r_40",
            "rotation": 0.12566370614359174,
            "transform_matrix": [
                [
                    -0.999497652053833,
                    -0.008496259339153767,
                    0.030531395226716995,
                    0.12307599186897278
                ],
                [
                    0.03169151768088341,
                    -0.2679578363895416,
                    0.9629092216491699,
                    3.8816113471984863
                ],
                [
                    0.0,
                    0.9633931517601013,
                    0.26809248328208923,
                    1.0807154178619385
                ],
                [
                    0.0,
                    0.0,
                    0.0,
                    1.0
                ]
            ]
        },
        {
            "file_path": "/data/shapenet_blender/all_50_random/02958343/17926c1ef484b73e6758a098566bc94e/r_41",
            "rotation": 0.12566370614359174,
            "transform_matrix": [
                [
                    0.5032827258110046,
                    0.43101367354393005,
                    0.7489550709724426,
                    3.019134283065796
                ],
                [
                    0.8641217350959778,
                    -0.25103142857551575,
                    -0.43620720505714417,
                    -1.7584073543548584
                ],
                [
                    1.4901159417490817e-08,
                    0.8667238354682922,
                    -0.49878814816474915,
                    -2.010679244995117
