{
    "class": "02958343",
    "model": "286ce4a8390b317f93680c5a9a367b4a",
    "remove_doubles": true,
    "edge_split": true,
    "denoise": true,
    "camera_angle_x": 0.6911112070083618,
    "scale_factor": 2.296680731949584,
    "hdri_file": "/data/IndoorHDRDataset2018/9C4A5172-2a95bdc502.exr",
    "center_offset": [
        0.0,
        0.0,
        9.313225746154785e-10
    ],
    "lights": [],
    "frames": [
        {
            "file_path": "/data/shapenet_blender/all_50_random/02958343/286ce4a8390b317f93680c5a9a367b4a/r_0",
            "rotation": 0.12566370614359174,
            "transform_matrix": [
                [
                    0.9488639235496521,
                    0.18892508745193481,
                    -0.25291189551353455,
                    -1.0195205211639404
                ],
                [
                    -0.31568512320518494,
                    0.567857563495636,
                    -0.7601845860481262,
                    -3.0644021034240723
                ],
                [
                    -1.4901160305669237e-08,
                    0.8011523485183716,
                    0.5984604358673096,
                    2.412471294403076
                ],
                [
                    0.0,
                    0.0,
                    0.0,
                    1.0
                ]
            ]
        },
        {
            "file_path": "/data/shapenet_blender/all_50_random/02958343/286ce4a8390b317f93680c5a9a367b4a/r_1",
            "rotation": 0.12566370614359174,
            "transform_matrix": [
                [
                    -0.8624631762504578,
                    0.45793694257736206,
                    -0.21552488207817078,
                    -0.8688085675239563
                ],
                [
                    -0.5061197876930237,
                    -0.7803562879562378,
                    0.3672693371772766,
                    1.4805099964141846
                ],
                [
                    0.0,
                    0.42583760619163513,
                    0.9047995805740356,
                    3.6473636627197266
                ],
                [
                    0.0,
                    0.0,
                    0.0,
                    1.0
                ]
            ]
        },
        {
            "file_path": "/data/shapenet_blender/all_50_random/02958343/286ce4a8390b317f93680c5a9a367b4a/r_2",
            "rotation": 0.12566370614359174,
            "transform_matrix": [
                [
                    0.6323119401931763,
                    -0.07648694515228271,
                    -0.7709288597106934,
                    -3.1077136993408203
                ],
                [
                    -0.7747138738632202,
                    -0.06242770701646805,
                    -0.6292226910591125,
                    -2.53647780418396
                ],
                [
                    3.725290298461914e-09,
                    0.995114266872406,
                    -0.09872928261756897,
                    -0.39799046516418457
                ],
                [
                    0.0,
                    0.0,
                    0.0,
                    1.0
                ]
            ]
        },
        {
            "file_path": "/data/shapenet_blender/all_50_random/02958343/286ce4a8390b317f93680c5a9a367b4a/r_3",
            "rotation": 0.12566370614359174,
            "transform_matrix": [
                [
                    -0.44279739260673523,
                    0.2505286931991577,
                    -0.8609098196029663,
                    -3.4704387187957764
                ],
                [
                    -0.8966217637062073,
                    -0.12372379750013351,
                    0.4251610338687897,
                    1.713879108428955
                ],
                [
                    0.0,
                    0.9601706266403198,
                    0.27941399812698364,
                    1.1263539791107178
                ],
                [
                    0.0,
                    0.0,
                    0.0,
                    1.0
                ]
            ]
        },
        {
            "file_path": "/data/shapenet_blender/all_50_random/02958343/286ce4a8390b317f93680c5a9a367b4a/r_4",
            "rotation": 0.12566370614359174,
            "transform_matrix": [
                [
                    -0.16162773966789246,
                    0.600466787815094,
                    -0.7831448912620544,
                    -3.1569583415985107
                ],
                [
                    -0.9868518710136414,
                    -0.09834514558315277,
                    0.12826436758041382,
                    0.5170502662658691
                ],
                [
                    0.0,
                    0.7935790419578552,
                    0.6084670424461365,
                    2.4528093338012695
                ],
                [
                    0.0,
                    0.0,
                    0.0,
                    1.0
                ]
            ]
        },
        {
            "file_path": "/data/shapenet_blender/all_50_random/02958343/286ce4a8390b317f93680c5a9a367b4a/r_5",
            "rotation": 0.12566370614359174,
            "transform_matrix": [
                [
                    -0.21265344321727753,
                    -0.6018060445785522,
                    0.7698102593421936,
                    3.1032044887542725
                ],
                [
                    0.977127730846405,
                    -0.1309717446565628,
                    0.1675347089767456,
                    0.67535400390625
                ],
                [
                    -7.450581485102248e-09,
                    0.7878296375274658,
                    0.6158930063247681,
                    2.4827442169189453
                ],
                [
                    0.0,
                    0.0,
                    0.0,
                    1.0
                ]
            ]
        },
        {
            "file_path": "/data/shapenet_blender/all_50_random/02958343/286ce4a8390b317f93680c5a9a367b4a/r_6",
            "rotation": 0.12566370614359174,
            "transform_matrix": [
                [
                    -0.08313979208469391,
                    0.6035928130149841,
                    0.7929461002349854,
                    3.1964681148529053
                ],
                [
                    0.9965378642082214,
                    0.050356924533843994,
                    0.06615440547466278,
                    0.26667696237564087
                ],
                [
                    0.0,
                    0.7957009673118591,
                    -0.6056896448135376,
                    -2.44161319732666
                ],
                [
                    0.0,
                    0.0,
                    0.0,
                    1.0
                ]
            ]
        },
        {
            "file_path": "/data/shapenet_blender/all_50_random/02958343/286ce4a8390b317f93680c5a9a367b4a/r_7",
            "rotation": 0.12566370614359174,
            "transform_matrix": [
                [
                    -0.6206803917884827,
                    -0.3456529378890991,
                    -0.7037611603736877,
                    -2.8369522094726562
                ],
                [
                    -0.7840636968612671,
                    0.2736257314682007,
                    0.5571113228797913,
                    2.2457878589630127
                ],
                [
                    0.0,
                    0.8975816965103149,
                    -0.4408480226993561,
                    -1.7771153450012207
                ],
                [
                    0.0,
                    0.0,
                    0.0,
                    1.0
                ]
            ]
        },
        {
            "file_path": "/data/shapenet_blender/all_50_random/02958343/286ce4a8390b317f93680c5a9a367b4a/r_8",
            "rotation": 0.12566370614359174,
            "transform_matrix": [
                [
                    -0.8556388020515442,
                    -0.5033965706825256,
                    -0.120309017598629,
                    -0.4849811792373657
                ],
                [
                    -0.5175735950469971,
                    0.8322017192840576,
                    0.19889165461063385,
                    0.8017579913139343
                ],
                [
                    -7.450581485102248e-09,
                    0.23244813084602356,
                    -0.9726086854934692,
                    -3.9207112789154053
                ],
                [
                    0.0,
                    0.0,
                    0.0,
                    1.0
                ]
            ]
        },
        {
            "file_path": "/data/shapenet_blender/all_50_random/02958343/286ce4a8390b317f93680c5a9a367b4a/r_9",
            "rotation": 0.12566370614359174,
            "transform_matrix": [
                [
                    0.9138897657394409,
                    0.28404495120048523,
                    0.2900415360927582,
                    1.1691948175430298
                ],
                [
                    0.40596264600753784,
                    -0.6394326686859131,
                    -0.6529319286346436,
                    -2.6320528984069824
                ],
                [
                    1.4901162970204496e-08,
                    0.7144538760185242,
                    -0.6996825933456421,
                    -2.8205108642578125
                ],
                [
                    0.0,
                    0.0,
                    0.0,
                    1.0
                ]
            ]
        },
        {
            "file_path": "/data/shapenet_blender/all_50_random/02958343/286ce4a8390b317f93680c5a9a367b4a/r_10",
            "rotation": 0.12566370614359174,
            "transform_matrix": [
                [
                    -0.2796088457107544,
                    -0.677455484867096,
                    0.6803476810455322,
                    2.7425692081451416
                ],
                [
                    0.9601139426231384,
                    -0.19729174673557281,
                    0.19813401997089386,
                    0.7987037897109985
                ],
                [
                    0.0,
                    0.7086113691329956,
                    0.7055989503860474,
                    2.8443603515625
                ],
                [
                    0.0,
                    0.0,
                    0.0,
                    1.0
                ]
            ]
        },
        {
            "file_path": "/data/shapenet_blender/all_50_random/02958343/286ce4a8390b317f93680c5a9a367b4a/r_11",
            "rotation": 0.12566370614359174,
            "transform_matrix": [
                [
                    -0.9976339936256409,
                    -0.06358259916305542,
                    -0.02614978887140751,
                    -0.10541316866874695
                ],
                [
                    -0.06874996423721313,
                    0.9226500391960144,
                    0.37946081161499023,
                    1.5296554565429688
                ],
                [
                    -1.862645149230957e-09,
                    0.3803607225418091,
                    -0.9248381853103638,
                    -3.728142023086548
                ],
                [
                    0.0,
                    0.0,
                    0.0,
                    1.0
                ]
            ]
        },
        {
            "file_path": "/data/shapenet_blender/all_50_random/02958343/286ce4a8390b317f93680c5a9a367b4a/r_12",
            "rotation": 0.12566370614359174,
            "transform_matrix": [
                [
                    0.3353288471698761,
                    0.5996840000152588,
                    -0.7265902757644653,
                    -2.9289793968200684
                ],
                [
                    -0.9421010613441467,
                    0.2134498804807663,
                    -0.2586205303668976,
                    -1.0425328016281128
                ],
                [
                    0.0,
                    0.7712445259094238,
                    0.6365388631820679,
                    2.5659704208374023
                ],
                [
                    0.0,
                    0.0,
                    0.0,
                    1.0
                ]
            ]
        },
        {
            "file_path": "/data/shapenet_blender/all_50_random/02958343/286ce4a8390b317f93680c5a9a367b4a/r_13",
            "rotation": 0.12566370614359174,
            "transform_matrix": [
                [
                    0.8623096942901611,
                    0.13584551215171814,
                    0.4878195524215698,
                    1.9664636850357056
                ],
                [
                    0.5063812136650085,
                    -0.23132947087287903,
                    -0.8307012915611267,
                    -3.3486642837524414
                ],
                [
                    -7.4505797087454084e-09,
                    0.9633445143699646,
                    -0.2682672441005707,
                    -1.0814199447631836
                ],
                [
                    0.0,
                    0.0,
                    0.0,
                    1.0
                ]
            ]
        },
        {
            "file_path": "/data/shapenet_blender/all_50_random/02958343/286ce4a8390b317f93680c5a9a367b4a/r_14",
            "rotation": 0.12566370614359174,
            "transform_matrix": [
                [
                    0.9993522763252258,
                    -0.03491444140672684,
                    -0.0087260277941823,
                    -0.03517574071884155
                ],
                [
                    -0.03598836064338684,
                    -0.9695308804512024,
                    -0.24231098592281342,
                    -0.976786732673645
                ],
                [
                    0.0,
                    0.2424679845571518,
                    -0.9701594710350037,
                    -3.910837411880493
                ],
                [
                    0.0,
                    0.0,
                    0.0,
                    1.0
                ]
            ]
        },
        {
            "file_path": "/data/shapenet_blender/all_50_random/02958343/286ce4a8390b317f93680c5a9a367b4a/r_15",
            "rotation": 0.12566370614359174,
            "transform_matrix": [
                [
                    -0.2992337942123413,
                    0.8640862703323364,
                    -0.40473923087120056,
                    -1.6315559148788452
                ],
                [
                    -0.9541798830032349,
                    -0.2709801495075226,
                    0.1269274801015854,
                    0.5116610527038574
                ],
                [
                    0.0,
                    0.42417508363723755,
                    0.9055802226066589,
                    3.650510549545288
                ],
                [
                    0.0,
                    0.0,
                    0.0,
                    1.0
                ]
            ]
        },
        {
            "file_path": "/data/shapenet_blender/all_50_random/02958343/286ce4a8390b317f93680c5a9a367b4a/r_16",
            "rotation": 0.12566370614359174,
            "transform_matrix": [
                [
                    -0.015653735026717186,
                    -0.9345301389694214,
                    0.3555394411087036,
                    1.4332252740859985
                ],
                [
                    0.9998775124549866,
                    -0.014630679972469807,
                    0.005566202104091644,
                    0.022438079118728638
                ],
                [
                    4.656613428188905e-10,
                    0.35558298230171204,
                    0.9346446990966797,
                    3.7676732540130615
                ],
                [
                    0.0,
                    0.0,
                    0.0,
                    1.0
                ]
            ]
        },
        {
            "file_path": "/data/shapenet_blender/all_50_random/02958343/286ce4a8390b317f93680c5a9a367b4a/r_17",
            "rotation": 0.12566370614359174,
            "transform_matrix": [
                [
                    -0.619388222694397,
                    0.023819386959075928,
                    0.7847234010696411,
                    3.1633214950561523
                ],
                [
                    0.7850848436355591,
                    0.0187921691685915,
                    0.6191030144691467,
                    2.4956843852996826
                ],
                [
                    0.0,
                    0.9995396733283997,
                    -0.030339883640408516,
                    -0.12230399250984192
                ],
                [
                    0.0,
                    0.0,
                    0.0,
                    1.0
                ]
            ]
        },
        {
            "file_path": "/data/shapenet_blender/all_50_random/02958343/286ce4a8390b317f93680c5a9a367b4a/r_18",
            "rotation": 0.12566370614359174,
            "transform_matrix": [
                [
                    -0.588252604007721,
                    -0.08088409155607224,
                    -0.8046219944953918,
                    -3.243535041809082
                ],
                [
                    -0.8086771965026855,
                    0.0588371641933918,
                    0.5853027701377869,
                    2.3594307899475098
                ],
                [
                    -7.4505797087454084e-09,
                    0.9949854612350464,
                    -0.10002022981643677,
                    -0.40319445729255676
                ],
                [
                    0.0,
                    0.0,
                    0.0,
                    1.0
                ]
            ]
        },
        {
            "file_path": "/data/shapenet_blender/all_50_random/02958343/286ce4a8390b317f93680c5a9a367b4a/r_19",
            "rotation": 0.12566370614359174,
            "transform_matrix": [
                [
                    0.5736529231071472,
                    0.1940472573041916,
                    -0.7957813143730164,
                    -3.207897424697876
                ],
                [
                    -0.8190984725952148,
                    0.1359003633260727,
                    -0.5573228001594543,
                    -2.246640205383301
                ],
                [
                    7.450580596923828e-09,
                    0.9715331792831421,
                    0.23690342903137207,
                    0.9549883008003235
                ],
                [
                    0.0,
                    0.0,
                    0.0,
                    1.0
                ]
            ]
        },
        {
            "file_path": "/data/shapenet_blender/all_50_random/02958343/286ce4a8390b317f93680c5a9a367b4a/r_20",
            "rotation": 0.12566370614359174,
            "transform_matrix": [
                [
                    0.21225962042808533,
                    -0.1507493555545807,
                    0.9655157327651978,
                    3.892117977142334
                ],
                [
                    0.9772133827209473,
                    0.03274413198232651,
                    -0.20971877872943878,
                    -0.8454033136367798
                ],
                [
                    -3.725290298461914e-09,
                    0.9880295395851135,
                    0.15426455438137054,
                    0.6218602061271667
                ],
                [
                    0.0,
                    0.0,
                    0.0,
                    1.0
                ]
            ]
        },
        {
            "file_path": "/data/shapenet_blender/all_50_random/02958343/286ce4a8390b317f93680c5a9a367b4a/r_21",
            "rotation": 0.12566370614359174,
            "transform_matrix": [
                [
                    -0.7253757119178772,
                    0.30824220180511475,
                    -0.6154810190200806,
                    -2.481083393096924
                ],
                [
                    -0.6883531808853149,
                    -0.32482069730758667,
                    0.6485841274261475,
                    2.6145262718200684
                ],
                [
                    2.9802322387695312e-08,
                    0.8941355347633362,
                    0.44779646396636963,
                    1.8051252365112305
                ],
                [
                    0.0,
                    0.0,
                    0.0,
                    1.0
                ]
            ]
        },
        {
            "file_path": "/data/shapenet_blender/all_50_random/02958343/286ce4a8390b317f93680c5a9a367b4a/r_22",
            "rotation": 0.12566370614359174,
            "transform_matrix": [
                [
                    0.4425017237663269,
                    0.18894359469413757,
                    -0.8766371011734009,
                    -3.533837080001831
                ],
                [
                    -0.8967677354812622,
                    0.09323246777057648,
                    -0.4325684607028961,
                    -1.7437392473220825
                ],
                [
                    7.450581485102248e-09,
                    0.9775519967079163,
                    0.21069402992725372,
                    0.8493347764015198
                ],
                [
                    0.0,
                    0.0,
                    0.0,
                    1.0
                ]
            ]
        },
        {
            "file_path": "/data/shapenet_blender/all_50_random/02958343/286ce4a8390b317f93680c5a9a367b4a/r_23",
            "rotation": 0.12566370614359174,
            "transform_matrix": [
                [
                    -0.9991346001625061,
                    0.019514748826622963,
                    0.036730699241161346,
                    0.1480661928653717
                ],
                [
                    0.041592907160520554,
                    0.468778520822525,
                    0.8823358416557312,
                    3.556809902191162
                ],
                [
                    0.0,
                    0.8831000924110413,
                    -0.469184547662735,
                    -1.8913434743881226
                ],
                [
                    0.0,
                    0.0,
                    0.0,
                    1.0
                ]
            ]
        },
        {
            "file_path": "/data/shapenet_blender/all_50_random/02958343/286ce4a8390b317f93680c5a9a367b4a/r_24",
            "rotation": 0.12566370614359174,
            "transform_matrix": [
                [
                    -0.9812049269676208,
                    0.02354385145008564,
                    -0.19152653217315674,
                    -0.772068202495575
                ],
                [
                    -0.1929681897163391,
                    -0.11971580982208252,
                    0.9738743305206299,
                    3.9258131980895996
                ],
                [
                    -1.8626450382086546e-09,
                    0.9925289154052734,
                    0.12200896441936493,
                    0.49183389544487
                ],
                [
                    0.0,
                    0.0,
                    0.0,
                    1.0
                ]
            ]
        },
        {
            "file_path": "/data/shapenet_blender/all_50_random/02958343/286ce4a8390b317f93680c5a9a367b4a/r_25",
            "rotation": 0.12566370614359174,
            "transform_matrix": [
                [
                    -0.9856724739074707,
                    -0.0806296169757843,
                    -0.1481512188911438,
                    -0.5972167253494263
                ],
                [
                    -0.16867107152938843,
                    0.4711797535419464,
                    0.865759551525116,
                    3.4899885654449463
                ],
                [
                    -7.450580596923828e-09,
                    0.8783441781997681,
                    -0.4780287444591522,
                    -1.9269956350326538
                ],
                [
                    0.0,
                    0.0,
                    0.0,
                    1.0
                ]
            ]
        },
        {
            "file_path": "/data/shapenet_blender/all_50_random/02958343/286ce4a8390b317f93680c5a9a367b4a/r_26",
            "rotation": 0.12566370614359174,
            "transform_matrix": [
                [
                    -0.9233576059341431,
                    -0.0027768569998443127,
                    0.383931040763855,
                    1.547675609588623
                ],
                [
                    0.3839411437511444,
                    -0.0066781905479729176,
                    0.9233333468437195,
                    3.722075939178467
                ],
                [
                    0.0,
                    0.9999738335609436,
                    0.007232507225126028,
                    0.029155170544981956
                ],
                [
                    0.0,
                    0.0,
                    0.0,
                    1.0
                ]
            ]
        },
        {
            "file_path": "/data/shapenet_blender/all_50_random/02958343/286ce4a8390b317f93680c5a9a367b4a/r_27",
            "rotation": 0.12566370614359174,
            "transform_matrix": [
                [
                    0.7106672525405884,
                    0.6760058403015137,
                    -0.19485419988632202,
                    -0.7854824066162109
                ],
                [
                    -0.7035282850265503,
                    0.6828655004501343,
                    -0.19683146476745605,
                    -0.7934530377388
                ],
                [
                    -1.4901159417490817e-08,
                    0.27696725726127625,
                    0.9608794450759888,
                    3.8734288215637207
                ],
                [
                    0.0,
                    0.0,
                    0.0,
                    1.0
                ]
            ]
        },
        {
            "file_path": "/data/shapenet_blender/all_50_random/02958343/286ce4a8390b317f93680c5a9a367b4a/r_28",
            "rotation": 0.12566370614359174,
            "transform_matrix": [
                [
                    0.2596275210380554,
                    0.020821524783968925,
                    0.9654843211174011,
                    3.8919918537139893
                ],
                [
                    0.9657089114189148,
                    -0.005597795359790325,
                    -0.25956714153289795,
                    -1.0463485717773438
                ],
                [
                    0.0,
                    0.9997674226760864,
                    -0.021560873836278915,
                    -0.08691466599702835
                ],
                [
                    0.0,
                    0.0,
                    0.0,
                    1.0
                ]
            ]
        },
        {
            "file_path": "/data/shapenet_blender/all_50_random/02958343/286ce4a8390b317f93680c5a9a367b4a/r_29",
            "rotation": 0.12566370614359174,
            "transform_matrix": [
                [
                    0.7486350536346436,
                    -0.24094203114509583,
                    0.6176508069038391,
                    2.4898300170898438
                ],
                [
                    0.6629823446273804,
                    0.2720700800418854,
                    -0.6974470019340515,
                    -2.8114988803863525
                ],
                [
                    0.0,
                    0.9316248297691345,
                    0.3634214997291565,
                    1.4649989604949951
                ],
                [
                    0.0,
                    0.0,
                    0.0,
                    1.0
                ]
            ]
        },
        {
            "file_path": "/data/shapenet_blender/all_50_random/02958343/286ce4a8390b317f93680c5a9a367b4a/r_30",
            "rotation": 0.12566370614359174,
            "transform_matrix": [
                [
                    0.9426619410514832,
                    -0.006690080743283033,
                    0.33368223905563354,
                    1.3451160192489624
                ],
                [
                    0.33374929428100586,
                    0.018895873799920082,
                    -0.9424725770950317,
                    -3.7992279529571533
                ],
                [
                    0.0,
                    0.9997989535331726,
                    0.020045237615704536,
                    0.08080492913722992
                ],
                [
                    0.0,
                    0.0,
                    0.0,
                    1.0
                ]
            ]
        },
        {
            "file_path": "/data/shapenet_blender/all_50_random/02958343/286ce4a8390b317f93680c5a9a367b4a/r_31",
            "rotation": 0.12566370614359174,
            "transform_matrix": [
                [
                    -0.7157726883888245,
                    0.19156785309314728,
                    0.6715439558029175,
                    2.7070798873901367
                ],
                [
                    0.6983333230018616,
                    0.19635184109210968,
                    0.6883143186569214,
                    2.7746834754943848
                ],
                [
                    1.4901159417490817e-08,
                    0.9616380333900452,
                    -0.2743214964866638,
                    -1.1058251857757568
                ],
                [
                    0.0,
                    0.0,
                    0.0,
                    1.0
                ]
            ]
        },
        {
            "file_path": "/data/shapenet_blender/all_50_random/02958343/286ce4a8390b317f93680c5a9a367b4a/r_32",
            "rotation": 0.12566370614359174,
            "transform_matrix": [
                [
                    -0.7084980607032776,
                    -0.1954054832458496,
                    -0.6781201958656311,
                    -2.7335901260375977
                ],
                [
                    -0.705712616443634,
                    0.19617675244808197,
                    0.68079674243927,
                    2.744379758834839
                ],
                [
                    0.0,
                    0.9609013795852661,
                    -0.27689096331596375,
                    -1.1161832809448242
                ],
                [
                    0.0,
                    0.0,
                    0.0,
                    1.0
                ]
            ]
        },
        {
            "file_path": "/data/shapenet_blender/all_50_random/02958343/286ce4a8390b317f93680c5a9a367b4a/r_33",
            "rotation": 0.12566370614359174,
            "transform_matrix": [
                [
                    0.5213144421577454,
                    0.7211068272590637,
                    -0.4563291370868683,
                    -1.8395216464996338
                ],
                [
                    -0.8533647656440735,
                    0.4405190348625183,
                    -0.2787682116031647,
                    -1.1237505674362183
                ],
                [
                    1.4901162970204496e-08,
                    0.5347410440444946,
                    0.8450159430503845,
                    3.4063682556152344
                ],
                [
                    0.0,
                    0.0,
                    0.0,
                    1.0
                ]
            ]
        },
        {
            "file_path": "/data/shapenet_blender/all_50_random/02958343/286ce4a8390b317f93680c5a9a367b4a/r_34",
            "rotation": 0.12566370614359174,
            "transform_matrix": [
                [
                    0.22262445092201233,
                    0.826030969619751,
                    -0.5177944302558899,
                    -2.0872962474823
                ],
                [
                    -0.9749042987823486,
                    0.1886284500360489,
                    -0.11824104934930801,
                    -0.47664493322372437
                ],
                [
                    0.0,
                    0.5311233997344971,
                    0.8472943902015686,
                    3.415553092956543
                ],
                [
                    0.0,
                    0.0,
                    0.0,
                    1.0
                ]
            ]
        },
        {
            "file_path": "/data/shapenet_blender/all_50_random/02958343/286ce4a8390b317f93680c5a9a367b4a/r_35",
            "rotation": 0.12566370614359174,
            "transform_matrix": [
                [
                    0.29248371720314026,
                    -0.4937102794647217,
                    0.8189647793769836,
                    3.3013529777526855
                ],
                [
                    0.9562705755233765,
                    0.15100562572479248,
                    -0.2504875361919403,
                    -1.0097476243972778
                ],
                [
                    -1.4901162970204496e-08,
                    0.8564154505729675,
                    0.5162872076034546,
                    2.0812206268310547
                ],
                [
                    0.0,
                    0.0,
                    0.0,
                    1.0
                ]
            ]
        },
        {
            "file_path": "/data/shapenet_blender/all_50_random/02958343/286ce4a8390b317f93680c5a9a367b4a/r_36",
            "rotation": 0.12566370614359174,
            "transform_matrix": [
                [
                    0.46236443519592285,
                    0.4316217005252838,
                    -0.774546205997467,
                    -3.122295618057251
                ],
                [
                    -0.8866900205612183,
                    0.2250691056251526,
                    -0.4038870632648468,
                    -1.62812077999115
                ],
                [
                    0.0,
                    0.8735253810882568,
                    0.4867785573005676,
                    1.9622671604156494
                ],
                [
                    0.0,
                    0.0,
                    0.0,
                    1.0
                ]
            ]
        },
        {
            "file_path": "/data/shapenet_blender/all_50_random/02958343/286ce4a8390b317f93680c5a9a367b4a/r_37",
            "rotation": 0.12566370614359174,
            "transform_matrix": [
                [
                    0.7633547782897949,
                    -0.1994003802537918,
                    -0.6144338846206665,
                    -2.4768619537353516
                ],
                [
                    -0.6459794640541077,
                    -0.23563168942928314,
                    -0.7260773181915283,
                    -2.926910877227783
                ],
                [
                    0.0,
                    0.9511661529541016,
                    -0.30867916345596313,
                    -1.2443253993988037
                ],
                [
                    0.0,
                    0.0,
                    0.0,
                    1.0
                ]
            ]
        },
        {
            "file_path": "/data/shapenet_blender/all_50_random/02958343/286ce4a8390b317f93680c5a9a367b4a/r_38",
            "rotation": 0.12566370614359174,
            "transform_matrix": [
                [
                    -0.9554066061973572,
                    0.06422010809183121,
                    -0.28822559118270874,
                    -1.161874532699585
                ],
                [
                    -0.2952934503555298,
                    -0.2077808529138565,
                    0.9325389862060547,
                    3.7591848373413086
                ],
                [
                    0.0,
                    0.976064920425415,
                    0.21747899055480957,
                    0.8766858577728271
                ],
                [
                    0.0,
                    0.0,
                    0.0,
                    1.0
                ]
            ]
        },
        {
            "file_path": "/data/shapenet_blender/all_50_random/02958343/286ce4a8390b317f93680c5a9a367b4a/r_39",
            "rotation": 0.12566370614359174,
            "transform_matrix": [
                [
                    0.4482104778289795,
                    -0.4613383114337921,
                    -0.765685498714447,
                    -3.0865769386291504
                ],
                [
                    -0.893928050994873,
                    -0.23131243884563446,
                    -0.3839104175567627,
                    -1.5475924015045166
                ],
                [
                    0.0,
                    0.856540322303772,
                    -0.5160799026489258,
                    -2.0803847312927246
                ],
                [
                    0.0,
                    0.0,
                    0.0,
                    1.0
                ]
            ]
        },
        {
            "file_path": "/data/shapenet_blender/all_50_random/02958343/286ce4a8390b317f93680c5a9a367b4a/r_40",
            "rotation": 0.12566370614359174,
            "transform_matrix": [
                [
                    -0.45420822501182556,
                    -0.36297789216041565,
                    0.8135981559753418,
                    3.279719114303589
                ],
                [
                    0.890895664691925,
                    -0.18505819141864777,
                    0.41479939222335815,
                    1.672109842300415
                ],
                [
                    0.0,
                    0.9132362604141235,
                    0.4074303209781647,
                    1.6424041986465454
                ],
                [
                    0.0,
                    0.0,
                    0.0,
                    1.0
                ]
            ]
        },
        {
            "file_path": "/data/shapenet_blender/all_50_random/02958343/286ce4a8390b317f93680c5a9a367b4a/r_41",
            "rotation": 0.12566370614359174,
            "transform_matrix": [
                [
                    0.5683012008666992,
                    -0.5497604608535767,
                    -0.6122068762779236,
                    -2.4678850173950195
                ],
                [
                    -0.8228206634521484,
                    -0.3797054886817932,
                    -0.4228356182575226,
                    -1.7045049667358398
                ],
                [
