{
    "class": "02958343",
    "model": "12097984d9c51437b84d944e8a1952a5",
    "remove_doubles": true,
    "edge_split": true,
    "denoise": true,
    "camera_angle_x": 0.6911112070083618,
    "scale_factor": 2.544526131523781,
    "hdri_file": "/data/IndoorHDRDataset2018/9C4A9180-1de6c0cb81.exr",
    "center_offset": [
        0.0,
        -3.725290298461914e-09,
        7.450580596923828e-09
    ],
    "lights": [],
    "frames": [
        {
            "file_path": "/data/shapenet_blender/all_50_random/02958343/12097984d9c51437b84d944e8a1952a5/r_0",
            "rotation": 0.12566370614359174,
            "transform_matrix": [
                [
                    -0.7370340824127197,
                    -0.04616487771272659,
                    -0.6742769479751587,
                    -2.718097448348999
                ],
                [
                    -0.6758554577827454,
                    0.05034372955560684,
                    0.7353126406669617,
                    2.9641404151916504
                ],
                [
                    -3.725290076417309e-09,
                    0.9976643919944763,
                    -0.06830582767724991,
                    -0.27534961700439453
                ],
                [
                    0.0,
                    0.0,
                    0.0,
                    1.0
                ]
            ]
        },
        {
            "file_path": "/data/shapenet_blender/all_50_random/02958343/12097984d9c51437b84d944e8a1952a5/r_1",
            "rotation": 0.12566370614359174,
            "transform_matrix": [
                [
                    0.7780616879463196,
                    0.6149942278862,
                    -0.1280709207057953,
                    -0.5162703990936279
                ],
                [
                    -0.628187894821167,
                    0.7617202401161194,
                    -0.1586262285709381,
                    -0.6394428014755249
                ],
                [
                    0.0,
                    0.203873410820961,
                    0.9789972305297852,
                    3.9464640617370605
                ],
                [
                    0.0,
                    0.0,
                    0.0,
                    1.0
                ]
            ]
        },
        {
            "file_path": "/data/shapenet_blender/all_50_random/02958343/12097984d9c51437b84d944e8a1952a5/r_2",
            "rotation": 0.12566370614359174,
            "transform_matrix": [
                [
                    0.833889901638031,
                    -0.08394093066453934,
                    0.5455102920532227,
                    2.1990222930908203
                ],
                [
                    0.5519307255744934,
                    0.12682297825813293,
                    -0.8241895437240601,
                    -3.3224143981933594
                ],
                [
                    0.0,
                    0.9883673191070557,
                    0.15208595991134644,
                    0.6130781173706055
                ],
                [
                    0.0,
                    0.0,
                    0.0,
                    1.0
                ]
            ]
        },
        {
            "file_path": "/data/shapenet_blender/all_50_random/02958343/12097984d9c51437b84d944e8a1952a5/r_3",
            "rotation": 0.12566370614359174,
            "transform_matrix": [
                [
                    -0.44588929414749146,
                    -0.3480667471885681,
                    0.824640691280365,
                    3.324233055114746
                ],
                [
                    0.8950881958007812,
                    -0.17338989675045013,
                    0.41079580783843994,
                    1.655970811843872
                ],
                [
                    0.0,
                    0.9212955832481384,
                    0.38886308670043945,
                    1.5675572156906128
                ],
                [
                    0.0,
                    0.0,
                    0.0,
                    1.0
                ]
            ]
        },
        {
            "file_path": "/data/shapenet_blender/all_50_random/02958343/12097984d9c51437b84d944e8a1952a5/r_4",
            "rotation": 0.12566370614359174,
            "transform_matrix": [
                [
                    0.9790284037590027,
                    0.048520319163799286,
                    -0.19786186516284943,
                    -0.7976067066192627
                ],
                [
                    -0.2037241905927658,
                    0.2331719547510147,
                    -0.9508560299873352,
                    -3.8330233097076416
                ],
                [
                    -3.725290742551124e-09,
                    0.9712241888046265,
                    0.23816673457622528,
                    0.9600808024406433
                ],
                [
                    0.0,
                    0.0,
                    0.0,
                    1.0
                ]
            ]
        },
        {
            "file_path": "/data/shapenet_blender/all_50_random/02958343/12097984d9c51437b84d944e8a1952a5/r_5",
            "rotation": 0.12566370614359174,
            "transform_matrix": [
                [
                    -0.6827685832977295,
                    0.7233991026878357,
                    -0.10257158428430557,
                    -0.4134792983531952
                ],
                [
                    -0.7306347489356995,
                    -0.6760069727897644,
                    0.09585180133581161,
                    0.3863910138607025
                ],
                [
                    0.0,
                    0.14038707315921783,
                    0.9900966286659241,
                    3.9912073612213135
                ],
                [
                    0.0,
                    0.0,
                    0.0,
                    1.0
                ]
            ]
        },
        {
            "file_path": "/data/shapenet_blender/all_50_random/02958343/12097984d9c51437b84d944e8a1952a5/r_6",
            "rotation": 0.12566370614359174,
            "transform_matrix": [
                [
                    -0.5867022275924683,
                    0.5239025354385376,
                    0.6175003051757812,
                    2.4892232418060303
                ],
                [
                    0.809802770614624,
                    0.3795675039291382,
                    0.44737908244132996,
                    1.8034427165985107
                ],
                [
                    0.0,
                    0.7625316381454468,
                    -0.6469507813453674,
                    -2.6079421043395996
                ],
                [
                    0.0,
                    0.0,
                    0.0,
                    1.0
                ]
            ]
        },
        {
            "file_path": "/data/shapenet_blender/all_50_random/02958343/12097984d9c51437b84d944e8a1952a5/r_7",
            "rotation": 0.12566370614359174,
            "transform_matrix": [
                [
                    0.9357810020446777,
                    -0.05726059153676033,
                    0.34790104627609253,
                    1.4024341106414795
                ],
                [
                    0.35258182883262634,
                    0.15197429060935974,
                    -0.9233578443527222,
                    -3.722174882888794
                ],
                [
                    0.0,
                    0.9867244362831116,
                    0.1624036729335785,
                    0.6546701788902283
                ],
                [
                    0.0,
                    0.0,
                    0.0,
                    1.0
                ]
            ]
        },
        {
            "file_path": "/data/shapenet_blender/all_50_random/02958343/12097984d9c51437b84d944e8a1952a5/r_8",
            "rotation": 0.12566370614359174,
            "transform_matrix": [
                [
                    -0.3814578950405121,
                    0.5834162831306458,
                    0.717018187046051,
                    2.890393018722534
                ],
                [
                    0.924386203289032,
                    0.24075300991535187,
                    0.29588526487350464,
                    1.1927517652511597
                ],
                [
                    1.4901161193847656e-08,
                    0.775669515132904,
                    -0.6311390995979309,
                    -2.544203281402588
                ],
                [
                    0.0,
                    0.0,
                    0.0,
                    1.0
                ]
            ]
        },
        {
            "file_path": "/data/shapenet_blender/all_50_random/02958343/12097984d9c51437b84d944e8a1952a5/r_9",
            "rotation": 0.12566370614359174,
            "transform_matrix": [
                [
                    -0.044444404542446136,
                    -0.505221426486969,
                    -0.861844539642334,
                    -3.4742066860198975
                ],
                [
                    -0.9990119338035583,
                    0.022476471960544586,
                    0.03834205120801926,
                    0.15456177294254303
                ],
                [
                    -1.862645149230957e-09,
                    0.8626971244812012,
                    -0.5057209730148315,
                    -2.0386266708374023
                ],
                [
                    0.0,
                    0.0,
                    0.0,
                    1.0
                ]
            ]
        },
        {
            "file_path": "/data/shapenet_blender/all_50_random/02958343/12097984d9c51437b84d944e8a1952a5/r_10",
            "rotation": 0.12566370614359174,
            "transform_matrix": [
                [
                    0.9989200830459595,
                    -0.03574170917272568,
                    -0.029684968292713165,
                    -0.11966392397880554
                ],
                [
                    -0.04646146297454834,
                    -0.7684457302093506,
                    -0.6382259726524353,
                    -2.572770833969116
                ],
                [
                    1.8626449271863521e-09,
                    0.6389158964157104,
                    -0.7692766785621643,
                    -3.10105299949646
                ],
                [
                    0.0,
                    0.0,
                    0.0,
                    1.0
                ]
            ]
        },
        {
            "file_path": "/data/shapenet_blender/all_50_random/02958343/12097984d9c51437b84d944e8a1952a5/r_11",
            "rotation": 0.12566370614359174,
            "transform_matrix": [
                [
                    -0.5045679807662964,
                    -0.4271635115146637,
                    0.7502949833869934,
                    3.0245354175567627
                ],
                [
                    0.8633720278739929,
                    -0.24964098632335663,
                    0.4384840428829193,
                    1.7675855159759521
                ],
                [
                    0.0,
                    0.8690285086631775,
                    0.4947619140148163,
                    1.9944487810134888
                ],
                [
                    0.0,
                    0.0,
                    0.0,
                    1.0
                ]
            ]
        },
        {
            "file_path": "/data/shapenet_blender/all_50_random/02958343/12097984d9c51437b84d944e8a1952a5/r_12",
            "rotation": 0.12566370614359174,
            "transform_matrix": [
                [
                    0.41817861795425415,
                    -0.07622547447681427,
                    -0.9051610231399536,
                    -3.648820400238037
                ],
                [
                    -0.9083648920059204,
                    -0.035091474652290344,
                    -0.4167036712169647,
                    -1.679785966873169
                ],
                [
                    0.0,
                    0.9964728951454163,
                    -0.08391504734754562,
                    -0.3382723331451416
                ],
                [
                    0.0,
                    0.0,
                    0.0,
                    1.0
                ]
            ]
        },
        {
            "file_path": "/data/shapenet_blender/all_50_random/02958343/12097984d9c51437b84d944e8a1952a5/r_13",
            "rotation": 0.12566370614359174,
            "transform_matrix": [
                [
                    -0.3746917247772217,
                    -0.326314240694046,
                    -0.8678277730941772,
                    -3.498325824737549
                ],
                [
                    -0.9271494150161743,
                    0.13187436759471893,
                    0.3507178723812103,
                    1.4137890338897705
                ],
                [
                    0.0,
                    0.9360171556472778,
                    -0.35195428133010864,
                    -1.4187731742858887
                ],
                [
                    0.0,
                    0.0,
                    0.0,
                    1.0
                ]
            ]
        },
        {
            "file_path": "/data/shapenet_blender/all_50_random/02958343/12097984d9c51437b84d944e8a1952a5/r_14",
            "rotation": 0.12566370614359174,
            "transform_matrix": [
                [
                    -0.762519121170044,
                    -0.46816620230674744,
                    0.4465256333351135,
                    1.8000025749206543
                ],
                [
                    0.6469658613204956,
                    -0.551784336566925,
                    0.5262786149978638,
                    2.12149715423584
                ],
                [
                    -1.4901162970204496e-08,
                    0.6901844143867493,
                    0.7236334681510925,
                    2.917060136795044
                ],
                [
                    0.0,
                    0.0,
                    0.0,
                    1.0
                ]
            ]
        },
        {
            "file_path": "/data/shapenet_blender/all_50_random/02958343/12097984d9c51437b84d944e8a1952a5/r_15",
            "rotation": 0.12566370614359174,
            "transform_matrix": [
                [
                    0.9744358062744141,
                    -0.026094473898410797,
                    -0.22314567863941193,
                    -0.899528980255127
                ],
                [
                    -0.22466620802879333,
                    -0.11317851394414902,
                    -0.9678407907485962,
                    -3.9014909267425537
                ],
                [
                    0.0,
                    0.993232011795044,
                    -0.11614774167537689,
                    -0.468206524848938
                ],
                [
                    0.0,
                    0.0,
                    0.0,
                    1.0
                ]
            ]
        },
        {
            "file_path": "/data/shapenet_blender/all_50_random/02958343/12097984d9c51437b84d944e8a1952a5/r_16",
            "rotation": 0.12566370614359174,
            "transform_matrix": [
                [
                    -0.9866458177566528,
                    0.04915565624833107,
                    -0.15528585016727448,
                    -0.6259772777557373
                ],
                [
                    -0.16288022696971893,
                    -0.297760009765625,
                    0.9406428933143616,
                    3.7918527126312256
                ],
                [
                    3.7252898543727042e-09,
                    0.953374445438385,
                    0.30179017782211304,
                    1.216555118560791
                ],
                [
                    0.0,
                    0.0,
                    0.0,
                    1.0
                ]
            ]
        },
        {
            "file_path": "/data/shapenet_blender/all_50_random/02958343/12097984d9c51437b84d944e8a1952a5/r_17",
            "rotation": 0.12566370614359174,
            "transform_matrix": [
                [
                    0.6125892996788025,
                    0.4403323531150818,
                    -0.6563852429389954,
                    -2.6459736824035645
                ],
                [
                    -0.7904012799263,
                    0.34127336740493774,
                    -0.5087220668792725,
                    -2.050724506378174
                ],
                [
                    1.4901160305669237e-08,
                    0.8304454684257507,
                    0.5570997595787048,
                    2.245741128921509
                ],
                [
                    0.0,
                    0.0,
                    0.0,
                    1.0
                ]
            ]
        },
        {
            "file_path": "/data/shapenet_blender/all_50_random/02958343/12097984d9c51437b84d944e8a1952a5/r_18",
            "rotation": 0.12566370614359174,
            "transform_matrix": [
                [
                    0.5291204452514648,
                    -0.4220302999019623,
                    0.7361534237861633,
                    2.967529535293579
                ],
                [
                    0.8485467433929443,
                    0.2631615400314331,
                    -0.45903638005256653,
                    -1.8504348993301392
                ],
                [
                    -1.4901161193847656e-08,
                    0.8675462007522583,
                    0.4973565638065338,
                    2.004908561706543
                ],
                [
                    0.0,
                    0.0,
                    0.0,
                    1.0
                ]
            ]
        },
        {
            "file_path": "/data/shapenet_blender/all_50_random/02958343/12097984d9c51437b84d944e8a1952a5/r_19",
            "rotation": 0.12566370614359174,
            "transform_matrix": [
                [
                    0.9704608917236328,
                    0.05063038319349289,
                    -0.23588602244853973,
                    -0.9508870244026184
                ],
                [
                    -0.24125848710536957,
                    0.20366042852401733,
                    -0.948850154876709,
                    -3.824937582015991
                ],
                [
                    0.0,
                    0.9777315855026245,
                    0.2098594456911087,
                    0.8459705710411072
                ],
                [
                    0.0,
                    0.0,
                    0.0,
                    1.0
                ]
            ]
        },
        {
            "file_path": "/data/shapenet_blender/all_50_random/02958343/12097984d9c51437b84d944e8a1952a5/r_20",
            "rotation": 0.12566370614359174,
            "transform_matrix": [
                [
                    -0.4276881217956543,
                    -0.4810171127319336,
                    0.7653138637542725,
                    3.0850789546966553
                ],
                [
                    0.9039263725280762,
                    -0.22759076952934265,
                    0.3621043264865875,
                    1.4596892595291138
                ],
                [
                    -1.4901161193847656e-08,
                    0.8466550707817078,
                    0.532141923904419,
                    2.1451327800750732
                ],
                [
                    0.0,
                    0.0,
                    0.0,
                    1.0
                ]
            ]
        },
        {
            "file_path": "/data/shapenet_blender/all_50_random/02958343/12097984d9c51437b84d944e8a1952a5/r_21",
            "rotation": 0.12566370614359174,
            "transform_matrix": [
                [
                    -0.3142000138759613,
                    -0.7552165389060974,
                    -0.5752619504928589,
                    -2.318955183029175
                ],
                [
                    -0.9493568539619446,
                    0.24994716048240662,
                    0.1903892308473587,
                    0.7674835324287415
                ],
                [
                    0.0,
                    0.6059491038322449,
                    -0.7955033183097839,
                    -3.2067763805389404
                ],
                [
                    0.0,
                    0.0,
                    0.0,
                    1.0
                ]
            ]
        },
        {
            "file_path": "/data/shapenet_blender/all_50_random/02958343/12097984d9c51437b84d944e8a1952a5/r_22",
            "rotation": 0.12566370614359174,
            "transform_matrix": [
                [
                    0.966152012348175,
                    0.2543679475784302,
                    0.04297957941889763,
                    0.17325624823570251
                ],
                [
                    0.25797349214553833,
                    -0.9526487588882446,
                    -0.16096541285514832,
                    -0.6488723754882812
                ],
                [
                    0.0,
                    0.16660462319850922,
                    -0.9860237240791321,
                    -3.9747889041900635
                ],
                [
                    0.0,
                    0.0,
                    0.0,
                    1.0
                ]
            ]
        },
        {
            "file_path": "/data/shapenet_blender/all_50_random/02958343/12097984d9c51437b84d944e8a1952a5/r_23",
            "rotation": 0.12566370614359174,
            "transform_matrix": [
                [
                    0.9899791479110718,
                    0.026631643995642662,
                    -0.13867974281311035,
                    -0.5590358972549438
                ],
                [
                    -0.14121372997760773,
                    0.1867011934518814,
                    -0.9722146987915039,
                    -3.9191224575042725
                ],
                [
                    0.0,
                    0.9820557236671448,
                    0.18859106302261353,
                    0.7602348327636719
                ],
                [
                    0.0,
                    0.0,
                    0.0,
                    1.0
                ]
            ]
        },
        {
            "file_path": "/data/shapenet_blender/all_50_random/02958343/12097984d9c51437b84d944e8a1952a5/r_24",
            "rotation": 0.12566370614359174,
            "transform_matrix": [
                [
                    -0.9164193272590637,
                    -0.05425373837351799,
                    0.3965253531932831,
                    1.5984448194503784
                ],
                [
                    0.40021976828575134,
                    -0.12422967702150345,
                    0.9079598784446716,
                    3.6601033210754395
                ],
                [
                    0.0,
                    0.9907691478729248,
                    0.13555987179279327,
                    0.5464593172073364
                ],
                [
                    0.0,
                    0.0,
                    0.0,
                    1.0
                ]
            ]
        },
        {
            "file_path": "/data/shapenet_blender/all_50_random/02958343/12097984d9c51437b84d944e8a1952a5/r_25",
            "rotation": 0.12566370614359174,
            "transform_matrix": [
                [
                    -0.710818886756897,
                    0.10330431163311005,
                    0.6957474946975708,
                    2.8046481609344482
                ],
                [
                    0.7033750414848328,
                    0.10439758747816086,
                    0.7031106352806091,
                    2.834329843521118
                ],
                [
                    0.0,
                    0.9891558885574341,
                    -0.14686943590641022,
                    -0.5920497179031372
                ],
                [
                    0.0,
                    0.0,
                    0.0,
                    1.0
                ]
            ]
        },
        {
            "file_path": "/data/shapenet_blender/all_50_random/02958343/12097984d9c51437b84d944e8a1952a5/r_26",
            "rotation": 0.12566370614359174,
            "transform_matrix": [
                [
                    0.7571539282798767,
                    0.4706755578517914,
                    -0.4529706537723541,
                    -1.8259832859039307
                ],
                [
                    -0.6532365083694458,
                    0.5455509424209595,
                    -0.5250295400619507,
                    -2.116461992263794
                ],
                [
                    -1.4901161193847656e-08,
                    0.6934251189231873,
                    0.7205285429954529,
                    2.90454363822937
                ],
                [
                    0.0,
                    0.0,
                    0.0,
                    1.0
                ]
            ]
        },
        {
            "file_path": "/data/shapenet_blender/all_50_random/02958343/12097984d9c51437b84d944e8a1952a5/r_27",
            "rotation": 0.12566370614359174,
            "transform_matrix": [
                [
                    0.09023471921682358,
                    -0.8349029421806335,
                    -0.5429499745368958,
                    -2.188701629638672
                ],
                [
                    -0.9959205985069275,
                    -0.0756458193063736,
                    -0.0491936169564724,
                    -0.19830583035945892
                ],
                [
                    0.0,
                    0.5451740622520447,
                    -0.8383228182792664,
                    -3.379387617111206
                ],
                [
                    0.0,
                    0.0,
                    0.0,
                    1.0
                ]
            ]
        },
        {
            "file_path": "/data/shapenet_blender/all_50_random/02958343/12097984d9c51437b84d944e8a1952a5/r_28",
            "rotation": 0.12566370614359174,
            "transform_matrix": [
                [
                    -0.9661847949028015,
                    0.1894949972629547,
                    -0.17486736178398132,
                    -0.7049129009246826
                ],
                [
                    -0.25785064697265625,
                    -0.7100512981414795,
                    0.655240535736084,
                    2.6413590908050537
                ],
                [
                    7.450580596923828e-09,
                    0.6781731843948364,
                    0.7349021434783936,
                    2.9624853134155273
                ],
                [
                    0.0,
                    0.0,
                    0.0,
                    1.0
                ]
            ]
        },
        {
            "file_path": "/data/shapenet_blender/all_50_random/02958343/12097984d9c51437b84d944e8a1952a5/r_29",
            "rotation": 0.12566370614359174,
            "transform_matrix": [
                [
                    -0.3394714593887329,
                    -0.0723489448428154,
                    0.9378297924995422,
                    3.780512809753418
                ],
                [
                    0.9406164288520813,
                    -0.02611096389591694,
                    0.33846575021743774,
                    1.3643990755081177
                ],
                [
                    0.0,
                    0.997037410736084,
                    0.07691653072834015,
                    0.31006044149398804
                ],
                [
                    0.0,
                    0.0,
                    0.0,
                    1.0
                ]
            ]
        },
        {
            "file_path": "/data/shapenet_blender/all_50_random/02958343/12097984d9c51437b84d944e8a1952a5/r_30",
            "rotation": 0.12566370614359174,
            "transform_matrix": [
                [
                    -0.5218191742897034,
                    -0.7498090863227844,
                    -0.40680599212646484,
                    -1.6398874521255493
                ],
                [
                    -0.8530562520027161,
                    0.45866233110427856,
                    0.24884547293186188,
                    1.003128170967102
                ],
                [
                    -1.4901162970204496e-08,
                    0.4768806993961334,
                    -0.8789680004119873,
                    -3.5432333946228027
                ],
                [
                    0.0,
                    0.0,
                    0.0,
                    1.0
                ]
            ]
        },
        {
            "file_path": "/data/shapenet_blender/all_50_random/02958343/12097984d9c51437b84d944e8a1952a5/r_31",
            "rotation": 0.12566370614359174,
            "transform_matrix": [
                [
                    -0.898270845413208,
                    -0.05151866003870964,
                    0.4364117681980133,
                    1.7592322826385498
                ],
                [
                    0.43944215774536133,
                    -0.10531012713909149,
                    0.8920763731002808,
                    3.5960750579833984
                ],
                [
                    0.0,
                    0.993104100227356,
                    0.11723647266626358,
                    0.47259536385536194
                ],
                [
                    0.0,
                    0.0,
                    0.0,
                    1.0
                ]
            ]
        },
        {
            "file_path": "/data/shapenet_blender/all_50_random/02958343/12097984d9c51437b84d944e8a1952a5/r_32",
            "rotation": 0.12566370614359174,
            "transform_matrix": [
                [
                    0.5891047716140747,
                    -0.1428765058517456,
                    0.795324981212616,
                    3.206057548522949
                ],
                [
                    0.8080565929412842,
                    0.1041625589132309,
                    -0.5798229575157166,
                    -2.337341070175171
                ],
                [
                    0.0,
                    0.9842440485954285,
                    0.176815003156662,
                    0.7127640843391418
                ],
                [
                    0.0,
                    0.0,
                    0.0,
                    1.0
                ]
            ]
        },
        {
            "file_path": "/data/shapenet_blender/all_50_random/02958343/12097984d9c51437b84d944e8a1952a5/r_33",
            "rotation": 0.12566370614359174,
            "transform_matrix": [
                [
                    -0.4703994691371918,
                    -0.1268288493156433,
                    -0.8732919096946716,
                    -3.520352363586426
                ],
                [
                    -0.8824536204338074,
                    0.06760720163583755,
                    0.46551573276519775,
                    1.8765538930892944
                ],
                [
                    -3.725290742551124e-09,
                    0.9896178245544434,
                    -0.14372298121452332,
                    -0.5793658494949341
                ],
                [
                    0.0,
                    0.0,
                    0.0,
                    1.0
                ]
            ]
        },
        {
            "file_path": "/data/shapenet_blender/all_50_random/02958343/12097984d9c51437b84d944e8a1952a5/r_34",
            "rotation": 0.12566370614359174,
            "transform_matrix": [
                [
                    -0.9772515892982483,
                    -0.11223692446947098,
                    -0.179950550198555,
                    -0.725403904914856
                ],
                [
                    -0.21208332479000092,
                    0.5171727538108826,
                    0.8291881084442139,
                    3.342564344406128
                ],
                [
                    0.0,
                    0.8484898209571838,
                    -0.5292114019393921,
                    -2.133319616317749
                ],
                [
                    0.0,
                    0.0,
                    0.0,
                    1.0
                ]
            ]
        },
        {
            "file_path": "/data/shapenet_blender/all_50_random/02958343/12097984d9c51437b84d944e8a1952a5/r_35",
            "rotation": 0.12566370614359174,
            "transform_matrix": [
                [
                    0.28663119673728943,
                    0.3025951087474823,
                    0.9089987277984619,
                    3.6642911434173584
                ],
                [
                    0.9580410718917847,
                    -0.09053181111812592,
                    -0.27195847034454346,
                    -1.096299648284912
                ],
                [
                    0.0,
                    0.9488098621368408,
                    -0.3158477544784546,
                    -1.2732230424880981
                ],
                [
                    0.0,
                    0.0,
                    0.0,
                    1.0
                ]
            ]
        },
        {
            "file_path": "/data/shapenet_blender/all_50_random/02958343/12097984d9c51437b84d944e8a1952a5/r_36",
            "rotation": 0.12566370614359174,
            "transform_matrix": [
                [
                    -0.7310042381286621,
                    -0.2805379629135132,
                    0.6220380067825317,
                    2.5075154304504395
                ],
                [
                    0.6823729276657104,
                    -0.3005312979221344,
                    0.6663693785667419,
                    2.68622088432312
                ],
                [
                    -1.4901161193847656e-08,
                    0.9115806221961975,
                    0.4111211895942688,
                    1.6572824716567993
                ],
                [
                    0.0,
                    0.0,
                    0.0,
                    1.0
                ]
            ]
        },
        {
            "file_path": "/data/shapenet_blender/all_50_random/02958343/12097984d9c51437b84d944e8a1952a5/r_37",
            "rotation": 0.12566370614359174,
            "transform_matrix": [
                [
                    -0.9910105466842651,
                    -0.04331575334072113,
                    -0.12657739222049713,
                    -0.5102497935295105
                ],
                [
                    -0.133783757686615,
                    0.32086384296417236,
                    0.9376290440559387,
                    3.7797036170959473
                ],
                [
                    0.0,
                    0.9461342692375183,
                    -0.32377442717552185,
                    -1.3051764965057373
                ],
                [
                    0.0,
                    0.0,
                    0.0,
                    1.0
                ]
            ]
        },
        {
            "file_path": "/data/shapenet_blender/all_50_random/02958343/12097984d9c51437b84d944e8a1952a5/r_38",
            "rotation": 0.12566370614359174,
            "transform_matrix": [
                [
                    -0.961561381816864,
                    0.050906650722026825,
                    -0.2698298990726471,
                    -1.087719202041626
                ],
                [
                    -0.27459001541137695,
                    -0.1782652884721756,
                    0.9448923468589783,
                    3.808983325958252
                ],
                [
                    0.0,
                    0.9826647639274597,
                    0.18539147078990936,
                    0.7473369836807251
                ],
                [
                    0.0,
                    0.0,
                    0.0,
                    1.0
                ]
            ]
        },
        {
            "file_path": "/data/shapenet_blender/all_50_random/02958343/12097984d9c51437b84d944e8a1952a5/r_39",
            "rotation": 0.12566370614359174,
            "transform_matrix": [
                [
                    -0.43760743737220764,
                    0.344216912984848,
                    -0.8306710720062256,
                    -3.3485422134399414
                ],
                [
                    -0.8991661071777344,
                    -0.16752395033836365,
                    0.4042721688747406,
                    1.6296732425689697
                ],
                [
                    1.4901161193847656e-08,
                    0.9238237738609314,
                    0.3828178942203522,
                    1.5431883335113525
                ],
                [
                    0.0,
                    0.0,
                    0.0,
                    1.0
                ]
            ]
        },
        {
            "file_path": "/data/shapenet_blender/all_50_random/02958343/12097984d9c51437b84d944e8a1952a5/r_40",
            "rotation": 0.12566370614359174,
            "transform_matrix": [
                [
                    0.1165224015712738,
                    0.4998847544193268,
                    -0.858217716217041,
                    -3.4595863819122314
                ],
                [
                    -0.9931881427764893,
                    0.058647271245718,
                    -0.10068745911121368,
                    -0.40588411688804626
                ],
                [
                    3.725290742551124e-09,
                    0.8641039729118347,
                    0.5033133029937744,
                    2.028920888900757
                ],
                [
                    0.0,
                    0.0,
                    0.0,
                    1.0
                ]
            ]
        },
        {
            "file_path": "/data/shapenet_blender/all_50_random/02958343/12097984d9c51437b84d944e8a1952a5/r_41",
            "rotation": 0.12566370614359174,
            "transform_matrix": [
                [
                    0.3524904251098633,
                    -0.05413925647735596,
                    -0.9342480897903442,
                    -3.7660744190216064
                ],
                [
                    -0.9358155131340027,
                    -0.020392445847392082,
                    -0.35190001130104065,
                    -1.4185543060302734
                ],
                [
                    1.862645149230957e-09,
                    0.9983252286911011,
