{
    "class": "02958343",
    "model": "189c2b53ef76d02978a20fe14185667",
    "remove_doubles": true,
    "edge_split": true,
    "denoise": true,
    "camera_angle_x": 0.6911112070083618,
    "scale_factor": 2.2903761481767053,
    "hdri_file": "/data/IndoorHDRDataset2018/AG8A8227-c4bbd91636.exr",
    "center_offset": [
        0.0,
        -2.7939677238464355e-09,
        -7.450580596923828e-09
    ],
    "lights": [],
    "frames": [
        {
            "file_path": "/data/shapenet_blender/all_50_random/02958343/189c2b53ef76d02978a20fe14185667/r_0",
            "rotation": 0.12566370614359174,
            "transform_matrix": [
                [
                    -0.6151714324951172,
                    -0.7180004715919495,
                    -0.32563695311546326,
                    -1.3126845359802246
                ],
                [
                    -0.7883934378623962,
                    0.5602448582649231,
                    0.2540895640850067,
                    1.0242677927017212
                ],
                [
                    1.4901161193847656e-08,
                    0.4130387008190155,
                    -0.9107134938240051,
                    -3.67120361328125
                ],
                [
                    0.0,
                    0.0,
                    0.0,
                    1.0
                ]
            ]
        },
        {
            "file_path": "/data/shapenet_blender/all_50_random/02958343/189c2b53ef76d02978a20fe14185667/r_1",
            "rotation": 0.12566370614359174,
            "transform_matrix": [
                [
                    -0.9990048408508301,
                    0.00751958042383194,
                    0.043964553624391556,
                    0.17722678184509277
                ],
                [
                    0.04460298269987106,
                    0.1684214025735855,
                    0.9847054481506348,
                    3.9694745540618896
                ],
                [
                    0.0,
                    0.9856864213943481,
                    -0.16858917474746704,
                    -0.679604709148407
                ],
                [
                    0.0,
                    0.0,
                    0.0,
                    1.0
                ]
            ]
        },
        {
            "file_path": "/data/shapenet_blender/all_50_random/02958343/189c2b53ef76d02978a20fe14185667/r_2",
            "rotation": 0.12566370614359174,
            "transform_matrix": [
                [
                    0.21384859085083008,
                    0.14113368093967438,
                    -0.9666178226470947,
                    -3.8965611457824707
                ],
                [
                    -0.9768669009208679,
                    0.030895959585905075,
                    -0.21160493791103363,
                    -0.8530067801475525
                ],
                [
                    1.862645371275562e-09,
                    0.989508330821991,
                    0.14447587728500366,
                    0.582400918006897
                ],
                [
                    0.0,
                    0.0,
                    0.0,
                    1.0
                ]
            ]
        },
        {
            "file_path": "/data/shapenet_blender/all_50_random/02958343/189c2b53ef76d02978a20fe14185667/r_3",
            "rotation": 0.12566370614359174,
            "transform_matrix": [
                [
                    -0.9987608194351196,
                    -0.0017250594682991505,
                    0.04973776265978813,
                    0.20049934089183807
                ],
                [
                    0.04976766183972359,
                    -0.034619297832250595,
                    0.998160719871521,
                    4.023714542388916
                ],
                [
                    -1.1641530794914701e-10,
                    0.9993991255760193,
                    0.03466225415468216,
                    0.13972800970077515
                ],
                [
                    0.0,
                    0.0,
                    0.0,
                    1.0
                ]
            ]
        },
        {
            "file_path": "/data/shapenet_blender/all_50_random/02958343/189c2b53ef76d02978a20fe14185667/r_4",
            "rotation": 0.12566370614359174,
            "transform_matrix": [
                [
                    0.13843920826911926,
                    0.921790361404419,
                    0.3621285855770111,
                    1.4597868919372559
                ],
                [
                    0.9903709292411804,
                    -0.12885266542434692,
                    -0.050620220601558685,
                    -0.20405660569667816
                ],
                [
                    0.0,
                    0.365649551153183,
                    -0.930752694606781,
                    -3.751983642578125
                ],
                [
                    0.0,
                    0.0,
                    0.0,
                    1.0
                ]
            ]
        },
        {
            "file_path": "/data/shapenet_blender/all_50_random/02958343/189c2b53ef76d02978a20fe14185667/r_5",
            "rotation": 0.12566370614359174,
            "transform_matrix": [
                [
                    0.6762331128120422,
                    0.09325970709323883,
                    -0.7307608723640442,
                    -2.945791244506836
                ],
                [
                    -0.7366877794265747,
                    0.08560655266046524,
                    -0.6707925796508789,
                    -2.7040512561798096
                ],
                [
                    0.0,
                    0.9919546246528625,
                    0.12659327685832977,
                    0.5103138089179993
                ],
                [
                    0.0,
                    0.0,
                    0.0,
                    1.0
                ]
            ]
        },
        {
            "file_path": "/data/shapenet_blender/all_50_random/02958343/189c2b53ef76d02978a20fe14185667/r_6",
            "rotation": 0.12566370614359174,
            "transform_matrix": [
                [
                    -0.999423086643219,
                    -0.010708903893828392,
                    0.03223336115479469,
                    0.1299368292093277
                ],
                [
                    0.03396572172641754,
                    -0.3151037096977234,
                    0.9484492540359497,
                    3.8233213424682617
                ],
                [
                    -9.31322685637781e-10,
                    0.9489967823028564,
                    0.3152856230735779,
                    1.2709569931030273
                ],
                [
                    0.0,
                    0.0,
                    0.0,
                    1.0
                ]
            ]
        },
        {
            "file_path": "/data/shapenet_blender/all_50_random/02958343/189c2b53ef76d02978a20fe14185667/r_7",
            "rotation": 0.12566370614359174,
            "transform_matrix": [
                [
                    -0.8731704354286194,
                    -0.07522105425596237,
                    0.48157575726509094,
                    1.9412939548492432
                ],
                [
                    0.48741504549980164,
                    -0.13475333154201508,
                    0.8627097606658936,
                    3.477694272994995
                ],
                [
                    0.0,
                    0.9880199432373047,
                    0.15432648360729218,
                    0.6221099495887756
                ],
                [
                    0.0,
                    0.0,
                    0.0,
                    1.0
                ]
            ]
        },
        {
            "file_path": "/data/shapenet_blender/all_50_random/02958343/189c2b53ef76d02978a20fe14185667/r_8",
            "rotation": 0.12566370614359174,
            "transform_matrix": [
                [
                    -0.2779398560523987,
                    -0.08299539983272552,
                    -0.9570063352584839,
                    -3.857815980911255
                ],
                [
                    -0.9605984687805176,
                    0.024013912305235863,
                    0.2769005000591278,
                    1.1162216663360596
                ],
                [
                    -1.862645149230957e-09,
                    0.9962605237960815,
                    -0.08639967441558838,
                    -0.34828823804855347
                ],
                [
                    0.0,
                    0.0,
                    0.0,
                    1.0
                ]
            ]
        },
        {
            "file_path": "/data/shapenet_blender/all_50_random/02958343/189c2b53ef76d02978a20fe14185667/r_9",
            "rotation": 0.12566370614359174,
            "transform_matrix": [
                [
                    0.04297434538602829,
                    -0.4472350478172302,
                    -0.8933835029602051,
                    -3.601344108581543
                ],
                [
                    -0.999076247215271,
                    -0.019237402826547623,
                    -0.03842806816101074,
                    -0.15490849316120148
                ],
                [
                    0.0,
                    0.8942095041275024,
                    -0.4476485848426819,
                    -1.8045291900634766
                ],
                [
                    0.0,
                    0.0,
                    0.0,
                    1.0
                ]
            ]
        },
        {
            "file_path": "/data/shapenet_blender/all_50_random/02958343/189c2b53ef76d02978a20fe14185667/r_10",
            "rotation": 0.12566370614359174,
            "transform_matrix": [
                [
                    0.3887898027896881,
                    0.09638962149620056,
                    -0.91627037525177,
                    -3.6936042308807373
                ],
                [
                    -0.9213265180587769,
                    0.04067537561058998,
                    -0.38665616512298584,
                    -1.5586609840393066
                ],
                [
                    0.0,
                    0.9945122003555298,
                    0.10462047159671783,
                    0.4217386543750763
                ],
                [
                    0.0,
                    0.0,
                    0.0,
                    1.0
                ]
            ]
        },
        {
            "file_path": "/data/shapenet_blender/all_50_random/02958343/189c2b53ef76d02978a20fe14185667/r_11",
            "rotation": 0.12566370614359174,
            "transform_matrix": [
                [
                    0.7622948884963989,
                    -0.5749548673629761,
                    -0.29720935225486755,
                    -1.1980892419815063
                ],
                [
                    -0.6472299098968506,
                    -0.6771707534790039,
                    -0.35004740953445435,
                    -1.4110862016677856
                ],
                [
                    -2.9802322387695312e-08,
                    0.4592020511627197,
                    -0.8883318305015564,
                    -3.580980062484741
                ],
                [
                    0.0,
                    0.0,
                    0.0,
                    1.0
                ]
            ]
        },
        {
            "file_path": "/data/shapenet_blender/all_50_random/02958343/189c2b53ef76d02978a20fe14185667/r_12",
            "rotation": 0.12566370614359174,
            "transform_matrix": [
                [
                    0.36780187487602234,
                    0.6865622997283936,
                    -0.6271792054176331,
                    -2.528240442276001
                ],
                [
                    -0.9299042224884033,
                    0.2715536653995514,
                    -0.24806608259677887,
                    -0.9999864101409912
                ],
                [
                    0.0,
                    0.6744557619094849,
                    0.7383151054382324,
                    2.976243734359741
                ],
                [
                    0.0,
                    0.0,
                    0.0,
                    1.0
                ]
            ]
        },
        {
            "file_path": "/data/shapenet_blender/all_50_random/02958343/189c2b53ef76d02978a20fe14185667/r_13",
            "rotation": 0.12566370614359174,
            "transform_matrix": [
                [
                    -0.8639132380485535,
                    0.29775360226631165,
                    0.40619802474975586,
                    1.6374366283416748
                ],
                [
                    0.5036408305168152,
                    0.5107474327087402,
                    0.6967660784721375,
                    2.8087539672851562
                ],
                [
                    0.0,
                    0.806523323059082,
                    -0.5912022590637207,
                    -2.3832125663757324
                ],
                [
                    0.0,
                    0.0,
                    0.0,
                    1.0
                ]
            ]
        },
        {
            "file_path": "/data/shapenet_blender/all_50_random/02958343/189c2b53ef76d02978a20fe14185667/r_14",
            "rotation": 0.12566370614359174,
            "transform_matrix": [
                [
                    0.9671962261199951,
                    -0.2357684224843979,
                    -0.09457723796367645,
                    -0.38125303387641907
                ],
                [
                    -0.2540307343006134,
                    -0.8976643085479736,
                    -0.36009323596954346,
                    -1.4515823125839233
                ],
                [
                    0.0,
                    0.3723062574863434,
                    -0.928109884262085,
                    -3.741330623626709
                ],
                [
                    0.0,
                    0.0,
                    0.0,
                    1.0
                ]
            ]
        },
        {
            "file_path": "/data/shapenet_blender/all_50_random/02958343/189c2b53ef76d02978a20fe14185667/r_15",
            "rotation": 0.12566370614359174,
            "transform_matrix": [
                [
                    -0.7919413447380066,
                    0.11283934116363525,
                    -0.6000800728797913,
                    -2.4190003871917725
                ],
                [
                    -0.6105971336364746,
                    -0.14635202288627625,
                    0.7783007621765137,
                    3.1374309062957764
                ],
                [
                    7.450580596923828e-09,
                    0.9827758073806763,
                    0.1848015934228897,
                    0.7449591159820557
                ],
                [
                    0.0,
                    0.0,
                    0.0,
                    1.0
                ]
            ]
        },
        {
            "file_path": "/data/shapenet_blender/all_50_random/02958343/189c2b53ef76d02978a20fe14185667/r_16",
            "rotation": 0.12566370614359174,
            "transform_matrix": [
                [
                    -0.9141570329666138,
                    0.07525888830423355,
                    -0.39831265807151794,
                    -1.6056498289108276
                ],
                [
                    -0.40536022186279297,
                    -0.16972175240516663,
                    0.8982636332511902,
                    3.62101674079895
                ],
                [
                    0.0,
                    0.9826140999794006,
                    0.18565930426120758,
                    0.7484166622161865
                ],
                [
                    0.0,
                    0.0,
                    0.0,
                    1.0
                ]
            ]
        },
        {
            "file_path": "/data/shapenet_blender/all_50_random/02958343/189c2b53ef76d02978a20fe14185667/r_17",
            "rotation": 0.12566370614359174,
            "transform_matrix": [
                [
                    0.5265672206878662,
                    -0.6268081665039062,
                    -0.5743155479431152,
                    -2.3151400089263916
                ],
                [
                    -0.85013347864151,
                    -0.3882409632205963,
                    -0.35572734475135803,
                    -1.4339828491210938
                ],
                [
                    -1.4901161193847656e-08,
                    0.6755592823028564,
                    -0.7373056411743164,
                    -2.9721741676330566
                ],
                [
                    0.0,
                    0.0,
                    0.0,
                    1.0
                ]
            ]
        },
        {
            "file_path": "/data/shapenet_blender/all_50_random/02958343/189c2b53ef76d02978a20fe14185667/r_18",
            "rotation": 0.12566370614359174,
            "transform_matrix": [
                [
                    -0.9933368563652039,
                    -0.03267648443579674,
                    0.11051743477582932,
                    0.44551002979278564
                ],
                [
                    0.11524693667888641,
                    -0.281645268201828,
                    0.9525722861289978,
                    3.8399417400360107
                ],
                [
                    0.0,
                    0.9589619636535645,
                    0.2835344970226288,
                    1.1429641246795654
                ],
                [
                    0.0,
                    0.0,
                    0.0,
                    1.0
                ]
            ]
        },
        {
            "file_path": "/data/shapenet_blender/all_50_random/02958343/189c2b53ef76d02978a20fe14185667/r_19",
            "rotation": 0.12566370614359174,
            "transform_matrix": [
                [
                    0.8675659894943237,
                    0.1929122507572174,
                    0.4583822190761566,
                    1.8477979898452759
                ],
                [
                    0.49732232093811035,
                    -0.3365304470062256,
                    -0.7996360063552856,
                    -3.223436117172241
                ],
                [
                    -1.4901162970204496e-08,
                    0.921700656414032,
                    -0.3879018723964691,
                    -1.5636825561523438
                ],
                [
                    0.0,
                    0.0,
                    0.0,
                    1.0
                ]
            ]
        },
        {
            "file_path": "/data/shapenet_blender/all_50_random/02958343/189c2b53ef76d02978a20fe14185667/r_20",
            "rotation": 0.12566370614359174,
            "transform_matrix": [
                [
                    0.689910888671875,
                    0.13943618535995483,
                    -0.710338294506073,
                    -2.8634653091430664
                ],
                [
                    -0.7238943576812744,
                    0.13289031386375427,
                    -0.6769912242889404,
                    -2.729038953781128
                ],
                [
                    0.0,
                    0.9812735319137573,
                    0.19261953234672546,
                    0.7764741778373718
                ],
                [
                    0.0,
                    0.0,
                    0.0,
                    1.0
                ]
            ]
        },
        {
            "file_path": "/data/shapenet_blender/all_50_random/02958343/189c2b53ef76d02978a20fe14185667/r_21",
            "rotation": 0.12566370614359174,
            "transform_matrix": [
                [
                    -0.548403263092041,
                    0.3918492794036865,
                    0.7387205362319946,
                    2.977877616882324
                ],
                [
                    0.836214005947113,
                    0.25698137283325195,
                    0.4844653904438019,
                    1.9529424905776978
                ],
                [
                    0.0,
                    0.8834108114242554,
                    -0.46859925985336304,
                    -1.8889840841293335
                ],
                [
                    0.0,
                    0.0,
                    0.0,
                    1.0
                ]
            ]
        },
        {
            "file_path": "/data/shapenet_blender/all_50_random/02958343/189c2b53ef76d02978a20fe14185667/r_22",
            "rotation": 0.12566370614359174,
            "transform_matrix": [
                [
                    0.9949929118156433,
                    -0.08130156248807907,
                    -0.058130763471126556,
                    -0.2343326210975647
                ],
                [
                    -0.09994564205408096,
                    -0.8093847632408142,
                    -0.5787115097045898,
                    -2.3328609466552734
                ],
                [
                    0.0,
                    0.5816237330436707,
                    -0.8134577870368958,
                    -3.27915358543396
                ],
                [
                    0.0,
                    0.0,
                    0.0,
                    1.0
                ]
            ]
        },
        {
            "file_path": "/data/shapenet_blender/all_50_random/02958343/189c2b53ef76d02978a20fe14185667/r_23",
            "rotation": 0.12566370614359174,
            "transform_matrix": [
                [
                    0.45883187651634216,
                    -0.3540538251399994,
                    0.8149350881576538,
                    3.2851083278656006
                ],
                [
                    0.8885232210159302,
                    0.18283280730247498,
                    -0.4208311140537262,
                    -1.6964244842529297
                ],
                [
                    0.0,
                    0.91717928647995,
                    0.3984745740890503,
                    1.6063023805618286
                ],
                [
                    0.0,
                    0.0,
                    0.0,
                    1.0
                ]
            ]
        },
        {
            "file_path": "/data/shapenet_blender/all_50_random/02958343/189c2b53ef76d02978a20fe14185667/r_24",
            "rotation": 0.12566370614359174,
            "transform_matrix": [
                [
                    0.2907223403453827,
                    -0.08080964535474777,
                    0.9533888697624207,
                    3.843233346939087
                ],
                [
                    0.956807553768158,
                    0.024553705006837845,
                    -0.28968361020088196,
                    -1.1677520275115967
                ],
                [
                    1.862645371275562e-09,
                    0.996427059173584,
                    0.08445758372545242,
                    0.340459406375885
                ],
                [
                    0.0,
                    0.0,
                    0.0,
                    1.0
                ]
            ]
        },
        {
            "file_path": "/data/shapenet_blender/all_50_random/02958343/189c2b53ef76d02978a20fe14185667/r_25",
            "rotation": 0.12566370614359174,
            "transform_matrix": [
                [
                    -0.7199709415435791,
                    0.41441434621810913,
                    0.5566889047622681,
                    2.2440848350524902
                ],
                [
                    0.6940041780471802,
                    0.4299200475215912,
                    0.5775179266929626,
                    2.3280491828918457
                ],
                [
                    -1.4901161193847656e-08,
                    0.8021405935287476,
                    -0.5971351861953735,
                    -2.4071288108825684
                ],
                [
                    0.0,
                    0.0,
                    0.0,
                    1.0
                ]
            ]
        },
        {
            "file_path": "/data/shapenet_blender/all_50_random/02958343/189c2b53ef76d02978a20fe14185667/r_26",
            "rotation": 0.12566370614359174,
            "transform_matrix": [
                [
                    0.3222653269767761,
                    -0.6495071053504944,
                    0.6886838674545288,
                    2.7761733531951904
                ],
                [
                    0.9466493725776672,
                    0.22110997140407562,
                    -0.23444680869579315,
                    -0.9450852870941162
                ],
                [
                    -1.4901161193847656e-08,
                    0.727496325969696,
                    0.6861116290092468,
                    2.7658045291900635
                ],
                [
                    0.0,
                    0.0,
                    0.0,
                    1.0
                ]
            ]
        },
        {
            "file_path": "/data/shapenet_blender/all_50_random/02958343/189c2b53ef76d02978a20fe14185667/r_27",
            "rotation": 0.12566370614359174,
            "transform_matrix": [
                [
                    -0.9965360164642334,
                    -0.07294642180204391,
                    0.03993615880608559,
                    0.16098779439926147
                ],
                [
                    0.08316297084093094,
                    -0.8741118907928467,
                    0.4785521924495697,
                    1.929105520248413
                ],
                [
                    3.725290298461914e-09,
                    0.48021575808525085,
                    0.8771504163742065,
                    3.5359063148498535
                ],
                [
                    0.0,
                    0.0,
                    0.0,
                    1.0
                ]
            ]
        },
        {
            "file_path": "/data/shapenet_blender/all_50_random/02958343/189c2b53ef76d02978a20fe14185667/r_28",
            "rotation": 0.12566370614359174,
            "transform_matrix": [
                [
                    0.7682578563690186,
                    0.1744443029165268,
                    -0.6159132122993469,
                    -2.482825517654419
                ],
                [
                    -0.6401405334472656,
                    0.20935747027397156,
                    -0.739181637763977,
                    -2.979736566543579
                ],
                [
                    0.0,
                    0.9621530771255493,
                    0.2725093960762024,
                    1.0985205173492432
                ],
                [
                    0.0,
                    0.0,
                    0.0,
                    1.0
                ]
            ]
        },
        {
            "file_path": "/data/shapenet_blender/all_50_random/02958343/189c2b53ef76d02978a20fe14185667/r_29",
            "rotation": 0.12566370614359174,
            "transform_matrix": [
                [
                    0.16948910057544708,
                    -0.6388376951217651,
                    -0.7504397630691528,
                    -3.0251195430755615
                ],
                [
                    -0.9855321049690247,
                    -0.10986554622650146,
                    -0.1290585696697235,
                    -0.5202517509460449
                ],
                [
                    0.0,
                    0.7614564299583435,
                    -0.6482160091400146,
                    -2.6130423545837402
                ],
                [
                    0.0,
                    0.0,
                    0.0,
                    1.0
                ]
            ]
        },
        {
            "file_path": "/data/shapenet_blender/all_50_random/02958343/189c2b53ef76d02978a20fe14185667/r_30",
            "rotation": 0.12566370614359174,
            "transform_matrix": [
                [
                    -0.8351083397865295,
                    0.142155259847641,
                    -0.5314000844955444,
                    -2.1421422958374023
                ],
                [
                    -0.5500856637954712,
                    -0.21581190824508667,
                    0.806740939617157,
                    3.2520768642425537
                ],
                [
                    0.0,
                    0.9660316705703735,
                    0.2584238648414612,
                    1.0417399406433105
                ],
                [
                    0.0,
                    0.0,
                    0.0,
                    1.0
                ]
            ]
        },
        {
            "file_path": "/data/shapenet_blender/all_50_random/02958343/189c2b53ef76d02978a20fe14185667/r_31",
            "rotation": 0.12566370614359174,
            "transform_matrix": [
                [
                    -0.793477475643158,
                    -0.323513001203537,
                    0.515492856502533,
                    2.0780184268951416
                ],
                [
                    0.6085997223854065,
                    -0.4217883050441742,
                    0.6720869541168213,
                    2.7092695236206055
                ],
                [
                    -1.4901162970204496e-08,
                    0.8470146656036377,
                    0.5315693616867065,
                    2.14282488822937
                ],
                [
                    0.0,
                    0.0,
                    0.0,
                    1.0
                ]
            ]
        },
        {
            "file_path": "/data/shapenet_blender/all_50_random/02958343/189c2b53ef76d02978a20fe14185667/r_32",
            "rotation": 0.12566370614359174,
            "transform_matrix": [
                [
                    -0.9324400424957275,
                    0.29167959094047546,
                    0.213257297873497,
                    0.8596677184104919
                ],
                [
                    0.36132490634918213,
                    0.7527123689651489,
                    0.5503346920013428,
                    2.218470335006714
                ],
                [
                    -1.4901161193847656e-08,
                    0.5902092456817627,
                    -0.8072502017021179,
                    -3.2541298866271973
                ],
                [
                    0.0,
                    0.0,
                    0.0,
                    1.0
                ]
            ]
        },
        {
            "file_path": "/data/shapenet_blender/all_50_random/02958343/189c2b53ef76d02978a20fe14185667/r_33",
            "rotation": 0.12566370614359174,
            "transform_matrix": [
                [
                    -0.5996979475021362,
                    -0.11288172006607056,
                    0.7922248244285583,
                    3.1935603618621826
                ],
                [
                    0.8002265095710754,
                    -0.0845947116613388,
                    0.5937013030052185,
                    2.3932864665985107
                ],
                [
                    7.450580596923828e-09,
                    0.9900006651878357,
                    0.14106221497058868,
                    0.5686399936676025
                ],
                [
                    0.0,
                    0.0,
                    0.0,
                    1.0
                ]
            ]
        },
        {
            "file_path": "/data/shapenet_blender/all_50_random/02958343/189c2b53ef76d02978a20fe14185667/r_34",
            "rotation": 0.12566370614359174,
            "transform_matrix": [
                [
                    -0.3103253245353699,
                    -0.06931312382221222,
                    -0.9481000900268555,
                    -3.821913957595825
                ],
                [
                    -0.9506303668022156,
                    0.022626694291830063,
                    0.3094993531703949,
                    1.2476319074630737
                ],
                [
                    3.725290076417309e-09,
                    0.9973382353782654,
                    -0.0729128047823906,
                    -0.29392093420028687
                ],
                [
                    0.0,
                    0.0,
                    0.0,
                    1.0
                ]
            ]
        },
        {
            "file_path": "/data/shapenet_blender/all_50_random/02958343/189c2b53ef76d02978a20fe14185667/r_35",
            "rotation": 0.12566370614359174,
            "transform_matrix": [
                [
                    0.17645518481731415,
                    0.013072755187749863,
                    0.9842218160629272,
                    3.967525005340576
                ],
                [
                    0.9843086004257202,
                    -0.0023435286711901426,
                    -0.17643962800502777,
                    -0.711250901222229
                ],
                [
                    0.0,
                    0.9999118447303772,
                    -0.01328115351498127,
                    -0.053538043051958084
                ],
                [
                    0.0,
                    0.0,
                    0.0,
                    1.0
                ]
            ]
        },
        {
            "file_path": "/data/shapenet_blender/all_50_random/02958343/189c2b53ef76d02978a20fe14185667/r_36",
            "rotation": 0.12566370614359174,
            "transform_matrix": [
                [
                    0.38317692279815674,
                    -0.9180895686149597,
                    -0.10142453014850616,
                    -0.4088553786277771
                ],
                [
                    -0.9236749410629272,
                    -0.3808598816394806,
                    -0.04207490757107735,
                    -0.16960939764976501
                ],
                [
                    0.0,
                    0.10980551689863205,
                    -0.9939529895782471,
                    -4.006752967834473
                ],
                [
                    0.0,
                    0.0,
                    0.0,
                    1.0
                ]
            ]
        },
        {
            "file_path": "/data/shapenet_blender/all_50_random/02958343/189c2b53ef76d02978a20fe14185667/r_37",
            "rotation": 0.12566370614359174,
            "transform_matrix": [
                [
                    0.826126754283905,
                    0.020496398210525513,
                    0.5631113648414612,
                    2.269974708557129
                ],
                [
                    0.5634843111038208,
                    -0.03004985675215721,
                    -0.8255800008773804,
                    -3.328019618988037
                ],
                [
                    0.0,
                    0.9993382096290588,
                    -0.03637438639998436,
                    -0.14662985503673553
                ],
                [
                    0.0,
                    0.0,
                    0.0,
                    1.0
                ]
            ]
        },
        {
            "file_path": "/data/shapenet_blender/all_50_random/02958343/189c2b53ef76d02978a20fe14185667/r_38",
            "rotation": 0.12566370614359174,
            "transform_matrix": [
                [
                    0.31541356444358826,
                    0.04514088109135628,
                    -0.9478800892829895,
                    -3.8210268020629883
                ],
                [
                    -0.9489543437957764,
                    0.015003932639956474,
                    -0.3150565028190613,
                    -1.270033359527588
                ],
                [
                    9.313225746154785e-10,
                    0.998867928981781,
                    0.04756908491253853,
                    0.19175711274147034
                ],
                [
                    0.0,
                    0.0,
                    0.0,
                    1.0
                ]
            ]
        },
        {
            "file_path": "/data/shapenet_blender/all_50_random/02958343/189c2b53ef76d02978a20fe14185667/r_39",
            "rotation": 0.12566370614359174,
            "transform_matrix": [
                [
                    -0.4852723479270935,
                    -0.03757920861244202,
                    -0.8735552430152893,
                    -3.5214133262634277
                ],
                [
                    -0.8743630647659302,
                    0.020856494084000587,
                    0.48482397198677063,
                    1.9543876647949219
                ],
                [
                    -1.8626449271863521e-09,
                    0.9990760087966919,
                    -0.04297895357012749,
                    -0.17325368523597717
                ],
                [
                    0.0,
                    0.0,
                    0.0,
                    1.0
                ]
            ]
        },
        {
            "file_path": "/data/shapenet_blender/all_50_random/02958343/189c2b53ef76d02978a20fe14185667/r_40",
            "rotation": 0.12566370614359174,
            "transform_matrix": [
                [
                    -0.7358430624008179,
                    -0.4099375009536743,
                    0.5389676094055176,
                    2.1726481914520264
                ],
                [
                    0.6771520376205444,
                    -0.44546812772750854,
                    0.5856817364692688,
                    2.3609588146209717
                ],
                [
                    -1.4901160305669237e-08,
                    0.7959330677986145,
                    0.6053846478462219,
                    2.4403839111328125
                ],
                [
                    0.0,
                    0.0,
                    0.0,
                    1.0
                ]
            ]
        },
        {
            "file_path": "/data/shapenet_blender/all_50_random/02958343/189c2b53ef76d02978a20fe14185667/r_41",
            "rotation": 0.12566370614359174,
            "transform_matrix": [
                [
                    0.4436376988887787,
                    0.7809027433395386,
                    -0.4397459626197815,
                    -1.7726726531982422
                ],
                [
                    -0.8962062001228333,
                    0.38656046986579895,
                    -0.2176819145679474,
                    -0.8775038719177246
                ],
                [
                    0.0,
