{
    "class": "02958343",
    "model": "f238821689b42db5d95840a0da458be0",
    "remove_doubles": true,
    "edge_split": true,
    "denoise": true,
    "camera_angle_x": 0.6911112070083618,
    "scale_factor": 2.270570205283863,
    "hdri_file": "/data/IndoorHDRDataset2018/AG8A8784-818c0c8e55.exr",
    "center_offset": [
        0.0,
        0.0,
        1.3969838619232178e-09
    ],
    "lights": [],
    "frames": [
        {
            "file_path": "/data/shapenet_blender/all_50_random/02958343/f238821689b42db5d95840a0da458be0/r_0",
            "rotation": 0.12566370614359174,
            "transform_matrix": [
                [
                    -0.32761475443840027,
                    -0.04445851966738701,
                    -0.9437648057937622,
                    -3.8044376373291016
                ],
                [
                    -0.9448114633560181,
                    0.015416056849062443,
                    0.3272518217563629,
                    1.3191943168640137
                ],
                [
                    0.0,
                    0.9988921880722046,
                    -0.0470554456114769,
                    -0.18968656659126282
                ],
                [
                    0.0,
                    0.0,
                    0.0,
                    1.0
                ]
            ]
        },
        {
            "file_path": "/data/shapenet_blender/all_50_random/02958343/f238821689b42db5d95840a0da458be0/r_1",
            "rotation": 0.12566370614359174,
            "transform_matrix": [
                [
                    0.28525784611701965,
                    0.3800143599510193,
                    -0.8798959851264954,
                    -3.5469741821289062
                ],
                [
                    -0.9584507942199707,
                    0.11310135573148727,
                    -0.2618780732154846,
                    -1.055664300918579
                ],
                [
                    0.0,
                    0.9180397391319275,
                    0.39648815989494324,
                    1.5982948541641235
                ],
                [
                    0.0,
                    0.0,
                    0.0,
                    1.0
                ]
            ]
        },
        {
            "file_path": "/data/shapenet_blender/all_50_random/02958343/f238821689b42db5d95840a0da458be0/r_2",
            "rotation": 0.12566370614359174,
            "transform_matrix": [
                [
                    0.6903506517410278,
                    -0.01164281740784645,
                    -0.7233813405036926,
                    -2.916043281555176
                ],
                [
                    -0.7234750390052795,
                    -0.011109748855233192,
                    -0.69026118516922,
                    -2.78253173828125
                ],
                [
                    0.0,
                    0.9998705387115479,
                    -0.016092905774712563,
                    -0.06487257778644562
                ],
                [
                    0.0,
                    0.0,
                    0.0,
                    1.0
                ]
            ]
        },
        {
            "file_path": "/data/shapenet_blender/all_50_random/02958343/f238821689b42db5d95840a0da458be0/r_3",
            "rotation": 0.12566370614359174,
            "transform_matrix": [
                [
                    0.15033955872058868,
                    -0.2736737132072449,
                    0.9500004053115845,
                    3.8295741081237793
                ],
                [
                    0.988634467124939,
                    0.04161698371171951,
                    -0.14446455240249634,
                    -0.582355260848999
                ],
                [
                    0.0,
                    0.9609217643737793,
                    0.27681994438171387,
                    1.1158969402313232
                ],
                [
                    0.0,
                    0.0,
                    0.0,
                    1.0
                ]
            ]
        },
        {
            "file_path": "/data/shapenet_blender/all_50_random/02958343/f238821689b42db5d95840a0da458be0/r_4",
            "rotation": 0.12566370614359174,
            "transform_matrix": [
                [
                    -0.9996746778488159,
                    -0.017039403319358826,
                    0.018981508910655975,
                    0.07651691138744354
                ],
                [
                    0.025507625192403793,
                    -0.6677948236465454,
                    0.7439082264900208,
                    2.9987900257110596
                ],
                [
                    9.313225746154785e-10,
                    0.7441502213478088,
                    0.6680122017860413,
                    2.692843198776245
                ],
                [
                    0.0,
                    0.0,
                    0.0,
                    1.0
                ]
            ]
        },
        {
            "file_path": "/data/shapenet_blender/all_50_random/02958343/f238821689b42db5d95840a0da458be0/r_5",
            "rotation": 0.12566370614359174,
            "transform_matrix": [
                [
                    0.3222194314002991,
                    -0.9460544586181641,
                    0.03399350494146347,
                    0.13703221082687378
                ],
                [
                    0.9466650485992432,
                    0.3220115900039673,
                    -0.011570478789508343,
                    -0.04664209485054016
                ],
                [
                    0.0,
                    0.03590849041938782,
                    0.9993550181388855,
                    4.028529167175293
                ],
                [
                    0.0,
                    0.0,
                    0.0,
                    1.0
                ]
            ]
        },
        {
            "file_path": "/data/shapenet_blender/all_50_random/02958343/f238821689b42db5d95840a0da458be0/r_6",
            "rotation": 0.12566370614359174,
            "transform_matrix": [
                [
                    -0.048067327588796616,
                    -0.28660261631011963,
                    0.9568428993225098,
                    3.8571572303771973
                ],
                [
                    0.9988442063331604,
                    -0.013792161829769611,
                    0.046046096831560135,
                    0.18561777472496033
                ],
                [
                    0.0,
                    0.9579502940177917,
                    0.2869342267513275,
                    1.156669020652771
                ],
                [
                    0.0,
                    0.0,
                    0.0,
                    1.0
                ]
            ]
        },
        {
            "file_path": "/data/shapenet_blender/all_50_random/02958343/f238821689b42db5d95840a0da458be0/r_7",
            "rotation": 0.12566370614359174,
            "transform_matrix": [
                [
                    -0.983127236366272,
                    -0.016395675018429756,
                    -0.18218711018562317,
                    -0.7344197034835815
                ],
                [
                    -0.18292339146137238,
                    0.0881190374493599,
                    0.9791700839996338,
                    3.9471607208251953
                ],
                [
                    -1.862645371275562e-09,
                    0.9959748983383179,
                    -0.08963137865066528,
                    -0.36131563782691956
                ],
                [
                    0.0,
                    0.0,
                    0.0,
                    1.0
                ]
            ]
        },
        {
            "file_path": "/data/shapenet_blender/all_50_random/02958343/f238821689b42db5d95840a0da458be0/r_8",
            "rotation": 0.12566370614359174,
            "transform_matrix": [
                [
                    -0.14198718965053558,
                    0.7089870572090149,
                    0.690779983997345,
                    2.784623146057129
                ],
                [
                    0.9898685216903687,
                    0.10169743001461029,
                    0.09908579289913177,
                    0.399427592754364
                ],
                [
                    -7.450580596923828e-09,
                    0.6978501081466675,
                    -0.7162437438964844,
                    -2.887270927429199
                ],
                [
                    0.0,
                    0.0,
                    0.0,
                    1.0
                ]
            ]
        },
        {
            "file_path": "/data/shapenet_blender/all_50_random/02958343/f238821689b42db5d95840a0da458be0/r_9",
            "rotation": 0.12566370614359174,
            "transform_matrix": [
                [
                    0.9999487400054932,
                    -0.008707398548722267,
                    0.005165107548236847,
                    0.020821213722229004
                ],
                [
                    0.0101240873336792,
                    0.8600234389305115,
                    -0.5101538896560669,
                    -2.0564961433410645
                ],
                [
                    0.0,
                    0.5101800560951233,
                    0.86006760597229,
                    3.467043399810791
                ],
                [
                    0.0,
                    0.0,
                    0.0,
                    1.0
                ]
            ]
        },
        {
            "file_path": "/data/shapenet_blender/all_50_random/02958343/f238821689b42db5d95840a0da458be0/r_10",
            "rotation": 0.12566370614359174,
            "transform_matrix": [
                [
                    0.999841570854187,
                    -0.01520488504320383,
                    -0.009260240010917187,
                    -0.03732922673225403
                ],
                [
                    -0.017802827060222626,
                    -0.8539360761642456,
                    -0.5200732350349426,
                    -2.096482515335083
                ],
                [
                    9.313225746154785e-10,
                    0.5201557874679565,
                    -0.854071319103241,
                    -3.4428720474243164
                ],
                [
                    0.0,
                    0.0,
                    0.0,
                    1.0
                ]
            ]
        },
        {
            "file_path": "/data/shapenet_blender/all_50_random/02958343/f238821689b42db5d95840a0da458be0/r_11",
            "rotation": 0.12566370614359174,
            "transform_matrix": [
                [
                    -0.608364999294281,
                    -0.5624101758003235,
                    -0.5599880814552307,
                    -2.2573840618133545
                ],
                [
                    -0.7936573624610901,
                    0.4311063289642334,
                    0.42924967408180237,
                    1.730360746383667
                ],
                [
                    1.4901161193847656e-08,
                    0.7055791020393372,
                    -0.7086310982704163,
                    -2.8565833568573
                ],
                [
                    0.0,
                    0.0,
                    0.0,
                    1.0
                ]
            ]
        },
        {
            "file_path": "/data/shapenet_blender/all_50_random/02958343/f238821689b42db5d95840a0da458be0/r_12",
            "rotation": 0.12566370614359174,
            "transform_matrix": [
                [
                    0.6418919563293457,
                    0.13751475512981415,
                    0.7543635964393616,
                    3.0409369468688965
                ],
                [
                    0.7667950987815857,
                    -0.11511499434709549,
                    -0.6314854025840759,
                    -2.5455989837646484
                ],
                [
                    0.0,
                    0.9837877154350281,
                    -0.1793370246887207,
                    -0.7229306697845459
                ],
                [
                    0.0,
                    0.0,
                    0.0,
                    1.0
                ]
            ]
        },
        {
            "file_path": "/data/shapenet_blender/all_50_random/02958343/f238821689b42db5d95840a0da458be0/r_13",
            "rotation": 0.12566370614359174,
            "transform_matrix": [
                [
                    0.18710128962993622,
                    -0.3181401193141937,
                    0.9293976426124573,
                    3.7465217113494873
                ],
                [
                    0.9823406338691711,
                    0.06059449538588524,
                    -0.17701752483844757,
                    -0.7135804891586304
                ],
                [
                    -3.725290298461914e-09,
                    0.9461052417755127,
                    0.3238592743873596,
                    1.3055185079574585
                ],
                [
                    0.0,
                    0.0,
                    0.0,
                    1.0
                ]
            ]
        },
        {
            "file_path": "/data/shapenet_blender/all_50_random/02958343/f238821689b42db5d95840a0da458be0/r_14",
            "rotation": 0.12566370614359174,
            "transform_matrix": [
                [
                    -0.7797126770019531,
                    -0.17955058813095093,
                    0.5998414754867554,
                    2.4180383682250977
                ],
                [
                    0.6261374950408936,
                    -0.22358962893486023,
                    0.7469668388366699,
                    3.0111196041107178
                ],
                [
                    0.0,
                    0.9580026865005493,
                    0.28675898909568787,
                    1.1559624671936035
                ],
                [
                    0.0,
                    0.0,
                    0.0,
                    1.0
                ]
            ]
        },
        {
            "file_path": "/data/shapenet_blender/all_50_random/02958343/f238821689b42db5d95840a0da458be0/r_15",
            "rotation": 0.12566370614359174,
            "transform_matrix": [
                [
                    -0.29822129011154175,
                    -0.4317523241043091,
                    -0.8512660264968872,
                    -3.431563377380371
                ],
                [
                    -0.9544967412948608,
                    0.134895920753479,
                    0.26596805453300476,
                    1.0721516609191895
                ],
                [
                    -1.4901161193847656e-08,
                    0.8918480277061462,
                    -0.45233502984046936,
                    -1.8234210014343262
                ],
                [
                    0.0,
                    0.0,
                    0.0,
                    1.0
                ]
            ]
        },
        {
            "file_path": "/data/shapenet_blender/all_50_random/02958343/f238821689b42db5d95840a0da458be0/r_16",
            "rotation": 0.12566370614359174,
            "transform_matrix": [
                [
                    0.16848529875278473,
                    0.7780054211616516,
                    0.6052438020706177,
                    2.4398159980773926
                ],
                [
                    0.9857041835784912,
                    -0.13298358023166656,
                    -0.10345364362001419,
                    -0.4170350134372711
                ],
                [
                    0.0,
                    0.6140217781066895,
                    -0.7892889976501465,
                    -3.1817259788513184
                ],
                [
                    0.0,
                    0.0,
                    0.0,
                    1.0
                ]
            ]
        },
        {
            "file_path": "/data/shapenet_blender/all_50_random/02958343/f238821689b42db5d95840a0da458be0/r_17",
            "rotation": 0.12566370614359174,
            "transform_matrix": [
                [
                    -0.9827046394348145,
                    -0.021309878677129745,
                    0.18394960463047028,
                    0.7415246367454529
                ],
                [
                    0.18517984449863434,
                    -0.11308638006448746,
                    0.9761760830879211,
                    3.935091972351074
                ],
                [
                    1.862645149230957e-09,
                    0.9933566451072693,
                    0.11507664620876312,
                    0.46388882398605347
                ],
                [
                    0.0,
                    0.0,
                    0.0,
                    1.0
                ]
            ]
        },
        {
            "file_path": "/data/shapenet_blender/all_50_random/02958343/f238821689b42db5d95840a0da458be0/r_18",
            "rotation": 0.12566370614359174,
            "transform_matrix": [
                [
                    -0.3081025183200836,
                    0.23630723357200623,
                    0.9215376377105713,
                    3.7148373126983643
                ],
                [
                    0.9513530731201172,
                    0.07652979344129562,
                    0.29844656586647034,
                    1.203076720237732
                ],
                [
                    0.0,
                    0.9686598777770996,
                    -0.24839065968990326,
                    -1.0012948513031006
                ],
                [
                    0.0,
                    0.0,
                    0.0,
                    1.0
                ]
            ]
        },
        {
            "file_path": "/data/shapenet_blender/all_50_random/02958343/f238821689b42db5d95840a0da458be0/r_19",
            "rotation": 0.12566370614359174,
            "transform_matrix": [
                [
                    -0.5046144723892212,
                    -0.02078969031572342,
                    -0.8630945086479187,
                    -3.479245185852051
                ],
                [
                    -0.8633449077606201,
                    0.012151318602263927,
                    0.5044681429862976,
                    2.033576011657715
                ],
                [
                    0.0,
                    0.999709963798523,
                    -0.02408040501177311,
                    -0.09707121551036835
                ],
                [
                    0.0,
                    0.0,
                    0.0,
                    1.0
                ]
            ]
        },
        {
            "file_path": "/data/shapenet_blender/all_50_random/02958343/f238821689b42db5d95840a0da458be0/r_20",
            "rotation": 0.12566370614359174,
            "transform_matrix": [
                [
                    -0.37605202198028564,
                    -0.5677887797355652,
                    -0.7322573065757751,
                    -2.9518237113952637
                ],
                [
                    -0.9265986680984497,
                    0.2304321527481079,
                    0.2971802353858948,
                    1.1979718208312988
                ],
                [
                    1.4901162970204496e-08,
                    0.7902637124061584,
                    -0.6127667427062988,
                    -2.470141649246216
                ],
                [
                    0.0,
                    0.0,
                    0.0,
                    1.0
                ]
            ]
        },
        {
            "file_path": "/data/shapenet_blender/all_50_random/02958343/f238821689b42db5d95840a0da458be0/r_21",
            "rotation": 0.12566370614359174,
            "transform_matrix": [
                [
                    0.9998083114624023,
                    0.008148199878633022,
                    0.017806269228458405,
                    0.07177937030792236
                ],
                [
                    0.01958204247057438,
                    -0.41602593660354614,
                    -0.9091418981552124,
                    -3.664868116378784
                ],
                [
                    0.0,
                    0.9093161821365356,
                    -0.4161056876182556,
                    -1.6773756742477417
                ],
                [
                    0.0,
                    0.0,
                    0.0,
                    1.0
                ]
            ]
        },
        {
            "file_path": "/data/shapenet_blender/all_50_random/02958343/f238821689b42db5d95840a0da458be0/r_22",
            "rotation": 0.12566370614359174,
            "transform_matrix": [
                [
                    0.917885422706604,
                    0.006272275932133198,
                    -0.3967960774898529,
                    -1.5995359420776367
                ],
                [
                    -0.39684563875198364,
                    0.014507480897009373,
                    -0.9177708029747009,
                    -3.6996519565582275
                ],
                [
                    -4.656612873077393e-10,
                    0.9998750686645508,
                    0.015805331990122795,
                    0.06371332705020905
                ],
                [
                    0.0,
                    0.0,
                    0.0,
                    1.0
                ]
            ]
        },
        {
            "file_path": "/data/shapenet_blender/all_50_random/02958343/f238821689b42db5d95840a0da458be0/r_23",
            "rotation": 0.12566370614359174,
            "transform_matrix": [
                [
                    -0.10105542093515396,
                    0.08307911455631256,
                    -0.9914058446884155,
                    -3.9964849948883057
                ],
                [
                    -0.9948808550834656,
                    -0.008438793942332268,
                    0.1007024496793747,
                    0.4059445858001709
                ],
                [
                    9.313225746154785e-10,
                    0.9965071082115173,
                    0.08350659161806107,
                    0.336625874042511
                ],
                [
                    0.0,
                    0.0,
                    0.0,
                    1.0
                ]
            ]
        },
        {
            "file_path": "/data/shapenet_blender/all_50_random/02958343/f238821689b42db5d95840a0da458be0/r_24",
            "rotation": 0.12566370614359174,
            "transform_matrix": [
                [
                    -0.9355069994926453,
                    0.31435447931289673,
                    -0.1612696796655655,
                    -0.6500989198684692
                ],
                [
                    -0.35330814123153687,
                    -0.832363486289978,
                    0.4270179271697998,
                    1.7213644981384277
                ],
                [
                    0.0,
                    0.4564562141895294,
                    0.889745831489563,
                    3.5866804122924805
                ],
                [
                    0.0,
                    0.0,
                    0.0,
                    1.0
                ]
            ]
        },
        {
            "file_path": "/data/shapenet_blender/all_50_random/02958343/f238821689b42db5d95840a0da458be0/r_25",
            "rotation": 0.12566370614359174,
            "transform_matrix": [
                [
                    -0.28133082389831543,
                    -0.43191835284233093,
                    0.8569127321243286,
                    3.4543259143829346
                ],
                [
                    0.9596109390258789,
                    -0.12662626802921295,
                    0.2512226104736328,
                    1.0127108097076416
                ],
                [
                    0.0,
                    0.8929795622825623,
                    0.45009732246398926,
                    1.8144004344940186
                ],
                [
                    0.0,
                    0.0,
                    0.0,
                    1.0
                ]
            ]
        },
        {
            "file_path": "/data/shapenet_blender/all_50_random/02958343/f238821689b42db5d95840a0da458be0/r_26",
            "rotation": 0.12566370614359174,
            "transform_matrix": [
                [
                    0.9508930444717407,
                    -0.1725221425294876,
                    -0.2569796144962311,
                    -1.0359179973602295
                ],
                [
                    -0.3095196485519409,
                    -0.5300151109695435,
                    -0.7894817590713501,
                    -3.1825027465820312
                ],
                [
                    0.0,
                    0.8302528858184814,
                    -0.5573867559432983,
                    -2.2468979358673096
                ],
                [
                    0.0,
                    0.0,
                    0.0,
                    1.0
                ]
            ]
        },
        {
            "file_path": "/data/shapenet_blender/all_50_random/02958343/f238821689b42db5d95840a0da458be0/r_27",
            "rotation": 0.12566370614359174,
            "transform_matrix": [
                [
                    -0.6815060377120972,
                    -0.35253211855888367,
                    -0.6413038372993469,
                    -2.5851783752441406
                ],
                [
                    -0.7318124771118164,
                    0.3282982409000397,
                    0.5972191691398621,
                    2.4074673652648926
                ],
                [
                    -1.4901161193847656e-08,
                    0.8763225674629211,
                    -0.48172467947006226,
                    -1.941894292831421
                ],
                [
                    0.0,
                    0.0,
                    0.0,
                    1.0
                ]
            ]
        },
        {
            "file_path": "/data/shapenet_blender/all_50_random/02958343/f238821689b42db5d95840a0da458be0/r_28",
            "rotation": 0.12566370614359174,
            "transform_matrix": [
                [
                    -0.4151447117328644,
                    -0.27785900235176086,
                    -0.8662846684455872,
                    -3.49210524559021
                ],
                [
                    -0.9097553491592407,
                    0.12679420411586761,
                    0.3953079283237457,
                    1.5935372114181519
                ],
                [
                    7.450580596923828e-09,
                    0.9522170424461365,
                    -0.30542171001434326,
                    -1.231194257736206
                ],
                [
                    0.0,
                    0.0,
                    0.0,
                    1.0
                ]
            ]
        },
        {
            "file_path": "/data/shapenet_blender/all_50_random/02958343/f238821689b42db5d95840a0da458be0/r_29",
            "rotation": 0.12566370614359174,
            "transform_matrix": [
                [
                    -0.3268081843852997,
                    0.527234673500061,
                    -0.7843595743179321,
                    -3.1618547439575195
                ],
                [
                    -0.945090651512146,
                    -0.1823154240846634,
                    0.2712280750274658,
                    1.093355417251587
                ],
                [
                    0.0,
                    0.8299305438995361,
                    0.5578666925430298,
                    2.2488327026367188
                ],
                [
                    0.0,
                    0.0,
                    0.0,
                    1.0
                ]
            ]
        },
        {
            "file_path": "/data/shapenet_blender/all_50_random/02958343/f238821689b42db5d95840a0da458be0/r_30",
            "rotation": 0.12566370614359174,
            "transform_matrix": [
                [
                    0.026251401752233505,
                    -0.5194445848464966,
                    -0.8541008234024048,
                    -3.44299054145813
                ],
                [
                    -0.9996553659439087,
                    -0.013640847988426685,
                    -0.022429071366786957,
                    -0.09041447937488556
                ],
                [
                    9.313225746154785e-10,
                    0.85439532995224,
                    -0.5196236371994019,
                    -2.094669818878174
                ],
                [
                    0.0,
                    0.0,
                    0.0,
                    1.0
                ]
            ]
        },
        {
            "file_path": "/data/shapenet_blender/all_50_random/02958343/f238821689b42db5d95840a0da458be0/r_31",
            "rotation": 0.12566370614359174,
            "transform_matrix": [
                [
                    -0.000643953331746161,
                    -0.045591097325086594,
                    0.998960018157959,
                    4.0269365310668945
                ],
                [
                    0.9999998807907104,
                    -2.935854354291223e-05,
                    0.0006432837108150125,
                    0.0025931596755981445
                ],
                [
                    1.8189894035458565e-12,
                    0.9989602565765381,
                    0.04559110850095749,
                    0.1837836354970932
                ],
                [
                    0.0,
                    0.0,
                    0.0,
                    1.0
                ]
            ]
        },
        {
            "file_path": "/data/shapenet_blender/all_50_random/02958343/f238821689b42db5d95840a0da458be0/r_32",
            "rotation": 0.12566370614359174,
            "transform_matrix": [
                [
                    0.017830129712820053,
                    0.24701835215091705,
                    0.9688467979431152,
                    3.905545949935913
                ],
                [
                    0.999841034412384,
                    -0.0044050696305930614,
                    -0.017277410253882408,
                    -0.06964746117591858
                ],
                [
                    0.0,
                    0.9690007567405701,
                    -0.24705764651298523,
                    -0.9959211349487305
                ],
                [
                    0.0,
                    0.0,
                    0.0,
                    1.0
                ]
            ]
        },
        {
            "file_path": "/data/shapenet_blender/all_50_random/02958343/f238821689b42db5d95840a0da458be0/r_33",
            "rotation": 0.12566370614359174,
            "transform_matrix": [
                [
                    -0.8395017981529236,
                    0.24686193466186523,
                    0.48404112458229065,
                    1.9512324333190918
                ],
                [
                    0.5433568954467773,
                    0.3814087212085724,
                    0.7478573322296143,
                    3.01470947265625
                ],
                [
                    -1.4901161193847656e-08,
                    0.8908347487449646,
                    -0.45432740449905396,
                    -1.8314526081085205
                ],
                [
                    0.0,
                    0.0,
                    0.0,
                    1.0
                ]
            ]
        },
        {
            "file_path": "/data/shapenet_blender/all_50_random/02958343/f238821689b42db5d95840a0da458be0/r_34",
            "rotation": 0.12566370614359174,
            "transform_matrix": [
                [
                    0.348392128944397,
                    0.1198815405368805,
                    0.9296512007713318,
                    3.7475438117980957
                ],
                [
                    0.9373489022254944,
                    -0.0445573516190052,
                    -0.34553107619285583,
                    -1.3928803205490112
                ],
                [
                    0.0,
                    0.9917877316474915,
                    -0.12789426743984222,
                    -0.5155583024024963
                ],
                [
                    0.0,
                    0.0,
                    0.0,
                    1.0
                ]
            ]
        },
        {
            "file_path": "/data/shapenet_blender/all_50_random/02958343/f238821689b42db5d95840a0da458be0/r_35",
            "rotation": 0.12566370614359174,
            "transform_matrix": [
                [
                    -0.11028478294610977,
                    0.8541154861450195,
                    0.5082557201385498,
                    2.048844575881958
                ],
                [
                    0.9939000606536865,
                    0.09477405250072479,
                    0.056396886706352234,
                    0.22734315693378448
                ],
                [
                    0.0,
                    0.5113750696182251,
                    -0.859357476234436,
                    -3.4641811847686768
                ],
                [
                    0.0,
                    0.0,
                    0.0,
                    1.0
                ]
            ]
        },
        {
            "file_path": "/data/shapenet_blender/all_50_random/02958343/f238821689b42db5d95840a0da458be0/r_36",
            "rotation": 0.12566370614359174,
            "transform_matrix": [
                [
                    -0.9994354844093323,
                    -0.012141410261392593,
                    0.03132395073771477,
                    0.12627089023590088
                ],
                [
                    0.03359469398856163,
                    -0.3612045347690582,
                    0.9318812489509583,
                    3.75653338432312
                ],
                [
                    9.313225191043273e-10,
                    0.9324074983596802,
                    0.3614085614681244,
                    1.456884503364563
                ],
                [
                    0.0,
                    0.0,
                    0.0,
                    1.0
                ]
            ]
        },
        {
            "file_path": "/data/shapenet_blender/all_50_random/02958343/f238821689b42db5d95840a0da458be0/r_37",
            "rotation": 0.12566370614359174,
            "transform_matrix": [
                [
                    0.19899167120456696,
                    0.3691384792327881,
                    0.9078210592269897,
                    3.659543752670288
                ],
                [
                    0.9800011515617371,
                    -0.07495448738336563,
                    -0.18433533608913422,
                    -0.7430794835090637
                ],
                [
                    -7.450580152834618e-09,
                    0.9263469576835632,
                    -0.3766714334487915,
                    -1.5184111595153809
                ],
                [
                    0.0,
                    0.0,
                    0.0,
                    1.0
                ]
            ]
        },
        {
            "file_path": "/data/shapenet_blender/all_50_random/02958343/f238821689b42db5d95840a0da458be0/r_38",
            "rotation": 0.12566370614359174,
            "transform_matrix": [
                [
                    0.45372268557548523,
                    0.7131685018539429,
                    -0.5343468189239502,
                    -2.1540205478668213
                ],
                [
                    -0.8911429047584534,
                    0.3631075620651245,
                    -0.2720610499382019,
                    -1.0967130661010742
                ],
                [
                    0.0,
                    0.5996196866035461,
                    0.8002852201461792,
                    3.2260525226593018
                ],
                [
                    0.0,
                    0.0,
                    0.0,
                    1.0
                ]
            ]
        },
        {
            "file_path": "/data/shapenet_blender/all_50_random/02958343/f238821689b42db5d95840a0da458be0/r_39",
            "rotation": 0.12566370614359174,
            "transform_matrix": [
                [
                    0.42765724658966064,
                    0.13496850430965424,
                    -0.8938080668449402,
                    -3.603055477142334
                ],
                [
                    -0.9039410352706909,
                    0.06385400891304016,
                    -0.42286330461502075,
                    -1.7046165466308594
                ],
                [
                    0.0,
                    0.9887902736663818,
                    0.14931118488311768,
                    0.6018926501274109
                ],
                [
                    0.0,
                    0.0,
                    0.0,
                    1.0
                ]
            ]
        },
        {
            "file_path": "/data/shapenet_blender/all_50_random/02958343/f238821689b42db5d95840a0da458be0/r_40",
            "rotation": 0.12566370614359174,
            "transform_matrix": [
                [
                    0.9304200410842896,
                    0.06288882344961166,
                    0.3610588014125824,
                    1.4554743766784668
                ],
                [
                    0.3664948046207428,
                    -0.15965580940246582,
                    -0.9166197180747986,
                    -3.695011854171753
                ],
                [
                    0.0,
                    0.985167384147644,
                    -0.17159545421600342,
                    -0.6917233467102051
                ],
                [
                    0.0,
                    0.0,
                    0.0,
                    1.0
                ]
            ]
        },
        {
            "file_path": "/data/shapenet_blender/all_50_random/02958343/f238821689b42db5d95840a0da458be0/r_41",
            "rotation": 0.12566370614359174,
            "transform_matrix": [
                [
                    0.4293491244316101,
                    0.14789819717407227,
                    0.8909463286399841,
                    3.591519594192505
                ],
                [
                    0.9031385183334351,
                    -0.0703103244304657,
                    -0.4235529899597168,
                    -1.7073967456817627
                ],
                [
