{
    "class": "02958343",
    "model": "ea76015145946dffc0896a3cd08800fe",
    "remove_doubles": true,
    "edge_split": true,
    "denoise": true,
    "camera_angle_x": 0.6911112070083618,
    "scale_factor": 2.215266258649373,
    "hdri_file": "/data/IndoorHDRDataset2018/9C4A0391-3d8ad37285.exr",
    "center_offset": [
        0.0,
        0.0,
        0.0
    ],
    "lights": [],
    "frames": [
        {
            "file_path": "/data/shapenet_blender/all_50_random/02958343/ea76015145946dffc0896a3cd08800fe/r_0",
            "rotation": 0.12566370614359174,
            "transform_matrix": [
                [
                    0.9758442640304565,
                    0.08411407470703125,
                    0.20162540674209595,
                    0.8127779960632324
                ],
                [
                    0.2184673696756363,
                    -0.37571853399276733,
                    -0.9006150960922241,
                    -3.630495548248291
                ],
                [
                    0.0,
                    0.92290860414505,
                    -0.3850189745426178,
                    -1.5520610809326172
                ],
                [
                    0.0,
                    0.0,
                    0.0,
                    1.0
                ]
            ]
        },
        {
            "file_path": "/data/shapenet_blender/all_50_random/02958343/ea76015145946dffc0896a3cd08800fe/r_1",
            "rotation": 0.12566370614359174,
            "transform_matrix": [
                [
                    0.725439190864563,
                    0.4556695818901062,
                    0.5158518552780151,
                    2.079465627670288
                ],
                [
                    0.688286304473877,
                    -0.48026609420776367,
                    -0.543696939945221,
                    -2.1917126178741455
                ],
                [
                    0.0,
                    0.7494728565216064,
                    -0.6620349287986755,
                    -2.668748378753662
                ],
                [
                    0.0,
                    0.0,
                    0.0,
                    1.0
                ]
            ]
        },
        {
            "file_path": "/data/shapenet_blender/all_50_random/02958343/ea76015145946dffc0896a3cd08800fe/r_2",
            "rotation": 0.12566370614359174,
            "transform_matrix": [
                [
                    -0.3309037983417511,
                    0.25149232149124146,
                    0.9095351099967957,
                    3.6664535999298096
                ],
                [
                    0.94366455078125,
                    0.08818787336349487,
                    0.3189360201358795,
                    1.2856723070144653
                ],
                [
                    0.0,
                    0.9638331532478333,
                    -0.2665060758590698,
                    -1.0743204355239868
                ],
                [
                    0.0,
                    0.0,
                    0.0,
                    1.0
                ]
            ]
        },
        {
            "file_path": "/data/shapenet_blender/all_50_random/02958343/ea76015145946dffc0896a3cd08800fe/r_3",
            "rotation": 0.12566370614359174,
            "transform_matrix": [
                [
                    -0.38547730445861816,
                    0.1287458837032318,
                    0.9136912226676941,
                    3.6832072734832764
                ],
                [
                    0.9227173328399658,
                    0.0537852868437767,
                    0.38170650601387024,
                    1.538708209991455
                ],
                [
                    0.0,
                    0.990217924118042,
                    -0.1395290642976761,
                    -0.5624597072601318
                ],
                [
                    0.0,
                    0.0,
                    0.0,
                    1.0
                ]
            ]
        },
        {
            "file_path": "/data/shapenet_blender/all_50_random/02958343/ea76015145946dffc0896a3cd08800fe/r_4",
            "rotation": 0.12566370614359174,
            "transform_matrix": [
                [
                    0.6721227765083313,
                    0.20258750021457672,
                    0.7121862173080444,
                    2.8709144592285156
                ],
                [
                    0.7404396533966064,
                    -0.18389570713043213,
                    -0.646476149559021,
                    -2.6060287952423096
                ],
                [
                    0.0,
                    0.9618422985076904,
                    -0.27360430359840393,
                    -1.1029342412948608
                ],
                [
                    0.0,
                    0.0,
                    0.0,
                    1.0
                ]
            ]
        },
        {
            "file_path": "/data/shapenet_blender/all_50_random/02958343/ea76015145946dffc0896a3cd08800fe/r_5",
            "rotation": 0.12566370614359174,
            "transform_matrix": [
                [
                    -0.2747604250907898,
                    0.8249186873435974,
                    -0.49397948384284973,
                    -1.9912949800491333
                ],
                [
                    -0.9615126252174377,
                    -0.23572756350040436,
                    0.14115886390209198,
                    0.5690295696258545
                ],
                [
                    7.450580152834618e-09,
                    0.5137524008750916,
                    0.8579384684562683,
                    3.458460569381714
                ],
                [
                    0.0,
                    0.0,
                    0.0,
                    1.0
                ]
            ]
        },
        {
            "file_path": "/data/shapenet_blender/all_50_random/02958343/ea76015145946dffc0896a3cd08800fe/r_6",
            "rotation": 0.12566370614359174,
            "transform_matrix": [
                [
                    -0.33402734994888306,
                    0.2661721110343933,
                    0.9042002558708191,
                    3.6449477672576904
                ],
                [
                    0.9425634741783142,
                    0.09432655572891235,
                    0.3204321265220642,
                    1.291703224182129
                ],
                [
                    0.0,
                    0.9592991471290588,
                    -0.2823917269706726,
                    -1.1383575201034546
                ],
                [
                    0.0,
                    0.0,
                    0.0,
                    1.0
                ]
            ]
        },
        {
            "file_path": "/data/shapenet_blender/all_50_random/02958343/ea76015145946dffc0896a3cd08800fe/r_7",
            "rotation": 0.12566370614359174,
            "transform_matrix": [
                [
                    0.9449769854545593,
                    0.03871036320924759,
                    -0.3248385787010193,
                    -1.3094662427902222
                ],
                [
                    -0.32713696360588074,
                    0.11181984096765518,
                    -0.9383378028869629,
                    -3.7825605869293213
                ],
                [
                    0.0,
                    0.9929742813110352,
                    0.11833076924085617,
                    0.47700658440589905
                ],
                [
                    0.0,
                    0.0,
                    0.0,
                    1.0
                ]
            ]
        },
        {
            "file_path": "/data/shapenet_blender/all_50_random/02958343/ea76015145946dffc0896a3cd08800fe/r_8",
            "rotation": 0.12566370614359174,
            "transform_matrix": [
                [
                    0.8845983743667603,
                    0.01753527671098709,
                    0.4660239517688751,
                    1.8786026239395142
                ],
                [
                    0.46635371446609497,
                    -0.03326161205768585,
                    -0.8839728236198425,
                    -3.563408374786377
                ],
                [
                    0.0,
                    0.9992927312850952,
                    -0.037600815296173096,
                    -0.15157373249530792
                ],
                [
                    0.0,
                    0.0,
                    0.0,
                    1.0
                ]
            ]
        },
        {
            "file_path": "/data/shapenet_blender/all_50_random/02958343/ea76015145946dffc0896a3cd08800fe/r_9",
            "rotation": 0.12566370614359174,
            "transform_matrix": [
                [
                    -0.1235092505812645,
                    -0.3103439509868622,
                    0.9425666928291321,
                    3.799607992172241
                ],
                [
                    0.9923433661460876,
                    -0.03862609341740608,
                    0.1173139363527298,
                    0.4729076027870178
                ],
                [
                    -3.725290298461914e-09,
                    0.949839174747467,
                    0.31273847818374634,
                    1.26068913936615
                ],
                [
                    0.0,
                    0.0,
                    0.0,
                    1.0
                ]
            ]
        },
        {
            "file_path": "/data/shapenet_blender/all_50_random/02958343/ea76015145946dffc0896a3cd08800fe/r_10",
            "rotation": 0.12566370614359174,
            "transform_matrix": [
                [
                    -0.5393709540367126,
                    0.18484380841255188,
                    -0.8215300440788269,
                    -3.3116934299468994
                ],
                [
                    -0.8420682549476624,
                    -0.11839824169874191,
                    0.526215672492981,
                    2.1212432384490967
                ],
                [
                    0.0,
                    0.9756097793579102,
                    0.21951168775558472,
                    0.8848799467086792
                ],
                [
                    0.0,
                    0.0,
                    0.0,
                    1.0
                ]
            ]
        },
        {
            "file_path": "/data/shapenet_blender/all_50_random/02958343/ea76015145946dffc0896a3cd08800fe/r_11",
            "rotation": 0.12566370614359174,
            "transform_matrix": [
                [
                    0.9992872476577759,
                    -0.008433301001787186,
                    -0.036797285079956055,
                    -0.14833462238311768
                ],
                [
                    -0.03775130957365036,
                    -0.2232317328453064,
                    -0.9740340113639832,
                    -3.926456928253174
                ],
                [
                    9.31322685637781e-10,
                    0.9747288227081299,
                    -0.22339098155498505,
                    -0.9005179405212402
                ],
                [
                    0.0,
                    0.0,
                    0.0,
                    1.0
                ]
            ]
        },
        {
            "file_path": "/data/shapenet_blender/all_50_random/02958343/ea76015145946dffc0896a3cd08800fe/r_12",
            "rotation": 0.12566370614359174,
            "transform_matrix": [
                [
                    -0.8283279538154602,
                    0.5309648513793945,
                    -0.17874307930469513,
                    -0.7205363512039185
                ],
                [
                    -0.5602434873580933,
                    -0.7850390672683716,
                    0.26427415013313293,
                    1.0653231143951416
                ],
                [
                    0.0,
                    0.31904518604278564,
                    0.9477394819259644,
                    3.8204598426818848
                ],
                [
                    0.0,
                    0.0,
                    0.0,
                    1.0
                ]
            ]
        },
        {
            "file_path": "/data/shapenet_blender/all_50_random/02958343/ea76015145946dffc0896a3cd08800fe/r_13",
            "rotation": 0.12566370614359174,
            "transform_matrix": [
                [
                    -0.5914991497993469,
                    0.3323153555393219,
                    0.7346395254135132,
                    2.9614267349243164
                ],
                [
                    0.8063057065010071,
                    0.24378380179405212,
                    0.5389254689216614,
                    2.172477960586548
                ],
                [
                    0.0,
                    0.9111178517341614,
                    -0.4121456742286682,
                    -1.6614123582839966
                ],
                [
                    0.0,
                    0.0,
                    0.0,
                    1.0
                ]
            ]
        },
        {
            "file_path": "/data/shapenet_blender/all_50_random/02958343/ea76015145946dffc0896a3cd08800fe/r_14",
            "rotation": 0.12566370614359174,
            "transform_matrix": [
                [
                    0.19454465806484222,
                    0.5991489887237549,
                    -0.7766420245170593,
                    -3.130744218826294
                ],
                [
                    -0.9808936715126038,
                    0.11883166432380676,
                    -0.1540345698595047,
                    -0.6209332346916199
                ],
                [
                    7.450580596923828e-09,
                    0.7917698621749878,
                    0.6108195185661316,
                    2.462292194366455
                ],
                [
                    0.0,
                    0.0,
                    0.0,
                    1.0
                ]
            ]
        },
        {
            "file_path": "/data/shapenet_blender/all_50_random/02958343/ea76015145946dffc0896a3cd08800fe/r_15",
            "rotation": 0.12566370614359174,
            "transform_matrix": [
                [
                    -0.8338114619255066,
                    -0.021479077637195587,
                    -0.5516311526298523,
                    -2.223696231842041
                ],
                [
                    -0.5520491600036621,
                    0.03244185820221901,
                    0.8331801891326904,
                    3.358656644821167
                ],
                [
                    0.0,
                    0.9992427825927734,
                    -0.03890790417790413,
                    -0.15684276819229126
                ],
                [
                    0.0,
                    0.0,
                    0.0,
                    1.0
                ]
            ]
        },
        {
            "file_path": "/data/shapenet_blender/all_50_random/02958343/ea76015145946dffc0896a3cd08800fe/r_16",
            "rotation": 0.12566370614359174,
            "transform_matrix": [
                [
                    0.8949181437492371,
                    -0.07402601093053818,
                    0.44004735350608826,
                    1.7738876342773438
                ],
                [
                    0.44623032212257385,
                    0.14845968782901764,
                    -0.8825181126594543,
                    -3.557544231414795
                ],
                [
                    0.0,
                    0.9861438870429993,
                    0.16589194536209106,
                    0.6687318086624146
                ],
                [
                    0.0,
                    0.0,
                    0.0,
                    1.0
                ]
            ]
        },
        {
            "file_path": "/data/shapenet_blender/all_50_random/02958343/ea76015145946dffc0896a3cd08800fe/r_17",
            "rotation": 0.12566370614359174,
            "transform_matrix": [
                [
                    0.9809304475784302,
                    0.04258953779935837,
                    0.18963532149791718,
                    0.7644444108009338
                ],
                [
                    0.19435901939868927,
                    -0.21494951844215393,
                    -0.9570899605751038,
                    -3.8581531047821045
                ],
                [
                    0.0,
                    0.9756959676742554,
                    -0.21912819147109985,
                    -0.8833339810371399
                ],
                [
                    0.0,
                    0.0,
                    0.0,
                    1.0
                ]
            ]
        },
        {
            "file_path": "/data/shapenet_blender/all_50_random/02958343/ea76015145946dffc0896a3cd08800fe/r_18",
            "rotation": 0.12566370614359174,
            "transform_matrix": [
                [
                    0.9602735638618469,
                    0.11686636507511139,
                    0.2534104287624359,
                    1.021530270576477
                ],
                [
                    0.2790601849555969,
                    -0.40214860439300537,
                    -0.8720101714134216,
                    -3.515185594558716
                ],
                [
                    -7.450580152834618e-09,
                    0.9080852270126343,
                    -0.4187853932380676,
                    -1.6881780624389648
                ],
                [
                    0.0,
                    0.0,
                    0.0,
                    1.0
                ]
            ]
        },
        {
            "file_path": "/data/shapenet_blender/all_50_random/02958343/ea76015145946dffc0896a3cd08800fe/r_19",
            "rotation": 0.12566370614359174,
            "transform_matrix": [
                [
                    0.8660920262336731,
                    -0.21280930936336517,
                    -0.4523237943649292,
                    -1.8233757019042969
                ],
                [
                    -0.4998846650123596,
                    -0.368709921836853,
                    -0.7836888432502747,
                    -3.159151077270508
                ],
                [
                    1.4901161193847656e-08,
                    0.9048564434051514,
                    -0.4257167875766754,
                    -1.716119408607483
                ],
                [
                    0.0,
                    0.0,
                    0.0,
                    1.0
                ]
            ]
        },
        {
            "file_path": "/data/shapenet_blender/all_50_random/02958343/ea76015145946dffc0896a3cd08800fe/r_20",
            "rotation": 0.12566370614359174,
            "transform_matrix": [
                [
                    -0.9886658787727356,
                    0.08430927246809006,
                    0.1242242306470871,
                    0.5007638931274414
                ],
                [
                    0.15013229846954346,
                    0.5552015900611877,
                    0.8180534839630127,
                    3.2976791858673096
                ],
                [
                    7.450580152834618e-09,
                    0.8274316787719727,
                    -0.5615664124488831,
                    -2.263746500015259
                ],
                [
                    0.0,
                    0.0,
                    0.0,
                    1.0
                ]
            ]
        },
        {
            "file_path": "/data/shapenet_blender/all_50_random/02958343/ea76015145946dffc0896a3cd08800fe/r_21",
            "rotation": 0.12566370614359174,
            "transform_matrix": [
                [
                    0.07222691178321838,
                    0.993846595287323,
                    0.08397659659385681,
                    0.33852046728134155
                ],
                [
                    0.9973882436752319,
                    -0.07197044044733047,
                    -0.006081253755837679,
                    -0.024514317512512207
                ],
                [
                    -4.656612873077393e-10,
                    0.08419610559940338,
                    -0.9964491128921509,
                    -4.016814708709717
                ],
                [
                    0.0,
                    0.0,
                    0.0,
                    1.0
                ]
            ]
        },
        {
            "file_path": "/data/shapenet_blender/all_50_random/02958343/ea76015145946dffc0896a3cd08800fe/r_22",
            "rotation": 0.12566370614359174,
            "transform_matrix": [
                [
                    -0.18650178611278534,
                    0.042114198207855225,
                    0.9815515279769897,
                    3.956760883331299
                ],
                [
                    0.9824546575546265,
                    0.007994642481207848,
                    0.18633034825325012,
                    0.7511216402053833
                ],
                [
                    0.0,
                    0.9990808963775635,
                    -0.042866300791502,
                    -0.17279958724975586
                ],
                [
                    0.0,
                    0.0,
                    0.0,
                    1.0
                ]
            ]
        },
        {
            "file_path": "/data/shapenet_blender/all_50_random/02958343/ea76015145946dffc0896a3cd08800fe/r_23",
            "rotation": 0.12566370614359174,
            "transform_matrix": [
                [
                    -0.041295237839221954,
                    -0.8463755249977112,
                    -0.5309832692146301,
                    -2.1404619216918945
                ],
                [
                    -0.9991470575332642,
                    0.03498111665248871,
                    0.02194579876959324,
                    0.0884663462638855
                ],
                [
                    0.0,
                    0.5314366817474365,
                    -0.8470980525016785,
                    -3.414761543273926
                ],
                [
                    0.0,
                    0.0,
                    0.0,
                    1.0
                ]
            ]
        },
        {
            "file_path": "/data/shapenet_blender/all_50_random/02958343/ea76015145946dffc0896a3cd08800fe/r_24",
            "rotation": 0.12566370614359174,
            "transform_matrix": [
                [
                    -0.9989847540855408,
                    0.0043782121501863,
                    -0.04483775421977043,
                    -0.18074676394462585
                ],
                [
                    -0.045051004737615585,
                    -0.09708478301763535,
                    0.9942560195922852,
                    4.007974147796631
                ],
                [
                    0.0,
                    0.995266318321228,
                    0.0971834808588028,
                    0.39175912737846375
                ],
                [
                    0.0,
                    0.0,
                    0.0,
                    1.0
                ]
            ]
        },
        {
            "file_path": "/data/shapenet_blender/all_50_random/02958343/ea76015145946dffc0896a3cd08800fe/r_25",
            "rotation": 0.12566370614359174,
            "transform_matrix": [
                [
                    -0.1649717092514038,
                    -0.5757923722267151,
                    -0.8007792234420776,
                    -3.228044271469116
                ],
                [
                    -0.9862982630729675,
                    0.09630906581878662,
                    0.1339411437511444,
                    0.5399340391159058
                ],
                [
                    1.4901161193847656e-08,
                    0.811903715133667,
                    -0.5837913751602173,
                    -2.3533382415771484
                ],
                [
                    0.0,
                    0.0,
                    0.0,
                    1.0
                ]
            ]
        },
        {
            "file_path": "/data/shapenet_blender/all_50_random/02958343/ea76015145946dffc0896a3cd08800fe/r_26",
            "rotation": 0.12566370614359174,
            "transform_matrix": [
                [
                    -0.38192564249038696,
                    -0.44509565830230713,
                    -0.8099522590637207,
                    -3.265022039413452
                ],
                [
                    -0.9241930842399597,
                    0.18393714725971222,
                    0.33471524715423584,
                    1.3492803573608398
                ],
                [
                    0.0,
                    0.876388669013977,
                    -0.48160460591316223,
                    -1.9414103031158447
                ],
                [
                    0.0,
                    0.0,
                    0.0,
                    1.0
                ]
            ]
        },
        {
            "file_path": "/data/shapenet_blender/all_50_random/02958343/ea76015145946dffc0896a3cd08800fe/r_27",
            "rotation": 0.12566370614359174,
            "transform_matrix": [
                [
                    -0.8723382353782654,
                    -0.1056332215666771,
                    0.4773547947406769,
                    1.9242784976959229
                ],
                [
                    0.488902747631073,
                    -0.1884789913892746,
                    0.8517334461212158,
                    3.4334468841552734
                ],
                [
                    0.0,
                    0.9763796925544739,
                    0.21606184542179108,
                    0.8709730505943298
                ],
                [
                    0.0,
                    0.0,
                    0.0,
                    1.0
                ]
            ]
        },
        {
            "file_path": "/data/shapenet_blender/all_50_random/02958343/ea76015145946dffc0896a3cd08800fe/r_28",
            "rotation": 0.12566370614359174,
            "transform_matrix": [
                [
                    0.4023470878601074,
                    0.013180221430957317,
                    0.9153923392295837,
                    3.6900644302368164
                ],
                [
                    0.9154871702194214,
                    -0.005792570300400257,
                    -0.4023054242134094,
                    -1.621744990348816
                ],
                [
                    0.0,
                    0.9998963475227356,
                    -0.014396949671208858,
                    -0.0580359622836113
                ],
                [
                    0.0,
                    0.0,
                    0.0,
                    1.0
                ]
            ]
        },
        {
            "file_path": "/data/shapenet_blender/all_50_random/02958343/ea76015145946dffc0896a3cd08800fe/r_29",
            "rotation": 0.12566370614359174,
            "transform_matrix": [
                [
                    -0.9571195244789124,
                    -0.2563762962818146,
                    0.13488316535949707,
                    0.5437315106391907
                ],
                [
                    0.2896934449672699,
                    -0.8470428586006165,
                    0.4456411302089691,
                    1.7964370250701904
                ],
                [
                    0.0,
                    0.4656064510345459,
                    0.8849917054176331,
                    3.5675158500671387
                ],
                [
                    0.0,
                    0.0,
                    0.0,
                    1.0
                ]
            ]
        },
        {
            "file_path": "/data/shapenet_blender/all_50_random/02958343/ea76015145946dffc0896a3cd08800fe/r_30",
            "rotation": 0.12566370614359174,
            "transform_matrix": [
                [
                    -0.5387603044509888,
                    0.12987937033176422,
                    -0.8323873281478882,
                    -3.3554606437683105
                ],
                [
                    -0.8424590229988098,
                    -0.08305905759334564,
                    0.5323193669319153,
                    2.145848035812378
                ],
                [
                    0.0,
                    0.988044798374176,
                    0.15416698157787323,
                    0.6214669942855835
                ],
                [
                    0.0,
                    0.0,
                    0.0,
                    1.0
                ]
            ]
        },
        {
            "file_path": "/data/shapenet_blender/all_50_random/02958343/ea76015145946dffc0896a3cd08800fe/r_31",
            "rotation": 0.12566370614359174,
            "transform_matrix": [
                [
                    0.8080587983131409,
                    -0.01447161566466093,
                    -0.5889241695404053,
                    -2.3740293979644775
                ],
                [
                    -0.589102029800415,
                    -0.019850406795740128,
                    -0.8078147768974304,
                    -3.256405830383301
                ],
                [
                    0.0,
                    0.9996981620788574,
                    -0.024565551429986954,
                    -0.09902691096067429
                ],
                [
                    0.0,
                    0.0,
                    0.0,
                    1.0
                ]
            ]
        },
        {
            "file_path": "/data/shapenet_blender/all_50_random/02958343/ea76015145946dffc0896a3cd08800fe/r_32",
            "rotation": 0.12566370614359174,
            "transform_matrix": [
                [
                    0.7190966606140137,
                    -0.20362083613872528,
                    -0.6644084453582764,
                    -2.678316116333008
                ],
                [
                    -0.6949100494384766,
                    -0.2107079178094864,
                    -0.687533438205719,
                    -2.771535873413086
                ],
                [
                    0.0,
                    0.9561070203781128,
                    -0.29301753640174866,
                    -1.1811914443969727
                ],
                [
                    0.0,
                    0.0,
                    0.0,
                    1.0
                ]
            ]
        },
        {
            "file_path": "/data/shapenet_blender/all_50_random/02958343/ea76015145946dffc0896a3cd08800fe/r_33",
            "rotation": 0.12566370614359174,
            "transform_matrix": [
                [
                    -0.9227555990219116,
                    0.24619340896606445,
                    0.29649773240089417,
                    1.1952205896377563
                ],
                [
                    0.3853856325149536,
                    0.5894779562950134,
                    0.7099250555038452,
                    2.861799478530884
                ],
                [
                    -1.4901161193847656e-08,
                    0.7693532109260559,
                    -0.6388235092163086,
                    -2.5751798152923584
                ],
                [
                    0.0,
                    0.0,
                    0.0,
                    1.0
                ]
            ]
        },
        {
            "file_path": "/data/shapenet_blender/all_50_random/02958343/ea76015145946dffc0896a3cd08800fe/r_34",
            "rotation": 0.12566370614359174,
            "transform_matrix": [
                [
                    0.3737607002258301,
                    -0.1260823905467987,
                    -0.9189156889915466,
                    -3.704267740249634
                ],
                [
                    -0.9275251626968384,
                    -0.050806865096092224,
                    -0.3702913820743561,
                    -1.4926923513412476
                ],
                [
                    -3.725290298461914e-09,
                    0.9907178282737732,
                    -0.13593420386314392,
                    -0.547968327999115
                ],
                [
                    0.0,
                    0.0,
                    0.0,
                    1.0
                ]
            ]
        },
        {
            "file_path": "/data/shapenet_blender/all_50_random/02958343/ea76015145946dffc0896a3cd08800fe/r_35",
            "rotation": 0.12566370614359174,
            "transform_matrix": [
                [
                    -0.642542839050293,
                    0.5403093099594116,
                    0.5433273315429688,
                    2.1902225017547607
                ],
                [
                    0.7662497758865356,
                    0.4530792832374573,
                    0.455610066652298,
                    1.836622953414917
                ],
                [
                    0.0,
                    0.7090733647346497,
                    -0.7051346302032471,
                    -2.8424885272979736
                ],
                [
                    0.0,
                    0.0,
                    0.0,
                    1.0
                ]
            ]
        },
        {
            "file_path": "/data/shapenet_blender/all_50_random/02958343/ea76015145946dffc0896a3cd08800fe/r_36",
            "rotation": 0.12566370614359174,
            "transform_matrix": [
                [
                    -0.8262215852737427,
                    0.3678523898124695,
                    -0.4266645014286041,
                    -1.7199395895004272
                ],
                [
                    -0.5633454322814941,
                    -0.5395048260688782,
                    0.6257607340812683,
                    2.522522211074829
                ],
                [
                    2.980232594040899e-08,
                    0.757376492023468,
                    0.6529784798622131,
                    2.6322405338287354
                ],
                [
                    0.0,
                    0.0,
                    0.0,
                    1.0
                ]
            ]
        },
        {
            "file_path": "/data/shapenet_blender/all_50_random/02958343/ea76015145946dffc0896a3cd08800fe/r_37",
            "rotation": 0.12566370614359174,
            "transform_matrix": [
                [
                    0.7441984415054321,
                    -0.5752698183059692,
                    0.3394602835178375,
                    1.3684083223342896
                ],
                [
                    0.6679584980010986,
                    0.6409303545951843,
                    -0.3782058656215668,
                    -1.5245966911315918
                ],
                [
                    1.4901160305669237e-08,
                    0.5082056522369385,
                    0.8612356185913086,
                    3.471752166748047
                ],
                [
                    0.0,
                    0.0,
                    0.0,
                    1.0
                ]
            ]
        },
        {
            "file_path": "/data/shapenet_blender/all_50_random/02958343/ea76015145946dffc0896a3cd08800fe/r_38",
            "rotation": 0.12566370614359174,
            "transform_matrix": [
                [
                    -0.763041079044342,
                    -0.0318964421749115,
                    0.6455625891685486,
                    2.6023459434509277
                ],
                [
                    0.646350085735321,
                    -0.03765496984124184,
                    0.7621113657951355,
                    3.072169065475464
                ],
                [
                    0.0,
                    0.9987816214561462,
                    0.049348559230566025,
                    0.19893041253089905
                ],
                [
                    0.0,
                    0.0,
                    0.0,
                    1.0
                ]
            ]
        },
        {
            "file_path": "/data/shapenet_blender/all_50_random/02958343/ea76015145946dffc0896a3cd08800fe/r_39",
            "rotation": 0.12566370614359174,
            "transform_matrix": [
                [
                    0.9100923538208008,
                    0.11160241067409515,
                    -0.39909523725509644,
                    -1.6088043451309204
                ],
                [
                    -0.4144057631492615,
                    0.24509431421756744,
                    -0.876468300819397,
                    -3.533156633377075
                ],
                [
                    0.0,
                    0.9630542397499084,
                    0.26930713653564453,
                    1.0856118202209473
                ],
                [
                    0.0,
                    0.0,
                    0.0,
                    1.0
                ]
            ]
        },
        {
            "file_path": "/data/shapenet_blender/all_50_random/02958343/ea76015145946dffc0896a3cd08800fe/r_40",
            "rotation": 0.12566370614359174,
            "transform_matrix": [
                [
                    -0.26528966426849365,
                    -0.42092373967170715,
                    0.8674355745315552,
                    3.4967448711395264
                ],
                [
                    0.9641687870025635,
                    -0.11581657081842422,
                    0.23867367208003998,
                    0.9621244072914124
                ],
                [
                    0.0,
                    0.8996719717979431,
                    0.43656644225120544,
                    1.7598557472229004
                ],
                [
                    0.0,
                    0.0,
                    0.0,
                    1.0
                ]
            ]
        },
        {
            "file_path": "/data/shapenet_blender/all_50_random/02958343/ea76015145946dffc0896a3cd08800fe/r_41",
            "rotation": 0.12566370614359174,
            "transform_matrix": [
                [
                    -0.5692640542984009,
                    0.6278041005134583,
                    -0.5308488011360168,
                    -2.139920234680176
                ],
                [
                    -0.8221547603607178,
                    -0.43469464778900146,
                    0.36756235361099243,
                    1.4816913604736328
                ],
                [
                    1.4901161193847656e-08,
                    0.6456799507141113,
                    0.7636080384254456,
                    3.078202724456787
                ],
