{
    "class": "02958343",
    "model": "40f0bac5bcb4f8686ff5dbbe822945fd",
    "remove_doubles": true,
    "edge_split": true,
    "denoise": true,
    "camera_angle_x": 0.6911112070083618,
    "scale_factor": 2.1911780522458044,
    "hdri_file": "/data/IndoorHDRDataset2018/AG8A6645-b7c4e08bd0.exr",
    "center_offset": [
        0.0,
        -3.725290298461914e-09,
        -3.725290298461914e-09
    ],
    "lights": [],
    "frames": [
        {
            "file_path": "/data/shapenet_blender/all_50_random/02958343/40f0bac5bcb4f8686ff5dbbe822945fd/r_0",
            "rotation": 0.12566370614359174,
            "transform_matrix": [
                [
                    -0.6383331418037415,
                    -0.005176842212677002,
                    -0.7697427868843079,
                    -3.1029324531555176
                ],
                [
                    -0.7697601914405823,
                    0.004292959813028574,
                    0.6383187174797058,
                    2.5731449127197266
                ],
                [
                    -2.3283061589829401e-10,
                    0.9999773502349854,
                    -0.006725265644490719,
                    -0.02711041271686554
                ],
                [
                    0.0,
                    0.0,
                    0.0,
                    1.0
                ]
            ]
        },
        {
            "file_path": "/data/shapenet_blender/all_50_random/02958343/40f0bac5bcb4f8686ff5dbbe822945fd/r_1",
            "rotation": 0.12566370614359174,
            "transform_matrix": [
                [
                    0.996129035949707,
                    -0.021744785830378532,
                    -0.08517158776521683,
                    -0.34333765506744385
                ],
                [
                    -0.08790355920791626,
                    -0.24641337990760803,
                    -0.96517014503479,
                    -3.8907253742218018
                ],
                [
                    -1.862645149230957e-09,
                    0.968920886516571,
                    -0.24737094342708588,
                    -0.997184157371521
                ],
                [
                    0.0,
                    0.0,
                    0.0,
                    1.0
                ]
            ]
        },
        {
            "file_path": "/data/shapenet_blender/all_50_random/02958343/40f0bac5bcb4f8686ff5dbbe822945fd/r_2",
            "rotation": 0.12566370614359174,
            "transform_matrix": [
                [
                    0.3913319408893585,
                    -0.1867448091506958,
                    -0.9011024832725525,
                    -3.632460355758667
                ],
                [
                    -0.9202496409416199,
                    -0.07941236346960068,
                    -0.3831896483898163,
                    -1.5446869134902954
                ],
                [
                    0.0,
                    0.9791936278343201,
                    -0.20292840898036957,
                    -0.818030595779419
                ],
                [
                    0.0,
                    0.0,
                    0.0,
                    1.0
                ]
            ]
        },
        {
            "file_path": "/data/shapenet_blender/all_50_random/02958343/40f0bac5bcb4f8686ff5dbbe822945fd/r_3",
            "rotation": 0.12566370614359174,
            "transform_matrix": [
                [
                    0.18430514633655548,
                    0.5151718258857727,
                    -0.8370362520217896,
                    -3.3742010593414307
                ],
                [
                    -0.9828691482543945,
                    0.09660372883081436,
                    -0.1569589376449585,
                    -0.6327217221260071
                ],
                [
                    0.0,
                    0.851625382900238,
                    0.5241509675979614,
                    2.112920045852661
                ],
                [
                    0.0,
                    0.0,
                    0.0,
                    1.0
                ]
            ]
        },
        {
            "file_path": "/data/shapenet_blender/all_50_random/02958343/40f0bac5bcb4f8686ff5dbbe822945fd/r_4",
            "rotation": 0.12566370614359174,
            "transform_matrix": [
                [
                    -0.7759780287742615,
                    -0.02369598299264908,
                    0.6303147077560425,
                    2.5408802032470703
                ],
                [
                    0.6307600736618042,
                    -0.02915143221616745,
                    0.7754300832748413,
                    3.125858783721924
                ],
                [
                    -1.862645371275562e-09,
                    0.9992940425872803,
                    0.037567343562841415,
                    0.15143881738185883
                ],
                [
                    0.0,
                    0.0,
                    0.0,
                    1.0
                ]
            ]
        },
        {
            "file_path": "/data/shapenet_blender/all_50_random/02958343/40f0bac5bcb4f8686ff5dbbe822945fd/r_5",
            "rotation": 0.12566370614359174,
            "transform_matrix": [
                [
                    0.6696983575820923,
                    0.43178215622901917,
                    -0.604208767414093,
                    -2.435643434524536
                ],
                [
                    -0.7426332831382751,
                    0.38937631249427795,
                    -0.5448687076568604,
                    -2.1964359283447266
                ],
                [
                    0.0,
                    0.8136032223701477,
                    0.5814204812049866,
                    2.343780994415283
                ],
                [
                    0.0,
                    0.0,
                    0.0,
                    1.0
                ]
            ]
        },
        {
            "file_path": "/data/shapenet_blender/all_50_random/02958343/40f0bac5bcb4f8686ff5dbbe822945fd/r_6",
            "rotation": 0.12566370614359174,
            "transform_matrix": [
                [
                    0.14783315360546112,
                    0.01944924332201481,
                    -0.9888210296630859,
                    -3.986065149307251
                ],
                [
                    -0.9890123605728149,
                    0.0029071862809360027,
                    -0.14780455827713013,
                    -0.5958192348480225
                ],
                [
                    0.0,
                    0.9998065829277039,
                    0.019665319472551346,
                    0.07927343994379044
                ],
                [
                    0.0,
                    0.0,
                    0.0,
                    1.0
                ]
            ]
        },
        {
            "file_path": "/data/shapenet_blender/all_50_random/02958343/40f0bac5bcb4f8686ff5dbbe822945fd/r_7",
            "rotation": 0.12566370614359174,
            "transform_matrix": [
                [
                    -0.6104471683502197,
                    0.20172733068466187,
                    0.7659374475479126,
                    3.087592840194702
                ],
                [
                    0.7920569777488708,
                    0.155473530292511,
                    0.5903165936470032,
                    2.3796424865722656
                ],
                [
                    -7.450580596923828e-09,
                    0.9670233130455017,
                    -0.2546879053115845,
                    -1.0266798734664917
                ],
                [
                    0.0,
                    0.0,
                    0.0,
                    1.0
                ]
            ]
        },
        {
            "file_path": "/data/shapenet_blender/all_50_random/02958343/40f0bac5bcb4f8686ff5dbbe822945fd/r_8",
            "rotation": 0.12566370614359174,
            "transform_matrix": [
                [
                    0.6714522838592529,
                    0.5989581942558289,
                    -0.436349481344223,
                    -1.7589809894561768
                ],
                [
                    -0.7410476803779602,
                    0.5427071452140808,
                    -0.3953697979450226,
                    -1.593786597251892
                ],
                [
                    0.0,
                    0.5888277292251587,
                    0.8082584738731384,
                    3.2581942081451416
                ],
                [
                    0.0,
                    0.0,
                    0.0,
                    1.0
                ]
            ]
        },
        {
            "file_path": "/data/shapenet_blender/all_50_random/02958343/40f0bac5bcb4f8686ff5dbbe822945fd/r_9",
            "rotation": 0.12566370614359174,
            "transform_matrix": [
                [
                    -0.9806468486785889,
                    -0.1546257734298706,
                    0.12009403109550476,
                    0.48411452770233154
                ],
                [
                    0.19578485190868378,
                    -0.7744893431663513,
                    0.6015267968177795,
                    2.4248321056365967
                ],
                [
                    0.0,
                    0.6133977770805359,
                    0.7897740006446838,
                    3.183680772781372
                ],
                [
                    0.0,
                    0.0,
                    0.0,
                    1.0
                ]
            ]
        },
        {
            "file_path": "/data/shapenet_blender/all_50_random/02958343/40f0bac5bcb4f8686ff5dbbe822945fd/r_10",
            "rotation": 0.12566370614359174,
            "transform_matrix": [
                [
                    0.8593577146530151,
                    0.06915541738271713,
                    -0.5066772103309631,
                    -2.0424811840057373
                ],
                [
                    -0.5113748908042908,
                    0.11621464043855667,
                    -0.8514633774757385,
                    -3.432358741760254
                ],
                [
                    3.725290298461914e-09,
                    0.9908136129379272,
                    0.1352342963218689,
                    0.5451468825340271
                ],
                [
                    0.0,
                    0.0,
                    0.0,
                    1.0
                ]
            ]
        },
        {
            "file_path": "/data/shapenet_blender/all_50_random/02958343/40f0bac5bcb4f8686ff5dbbe822945fd/r_11",
            "rotation": 0.12566370614359174,
            "transform_matrix": [
                [
                    0.7610569000244141,
                    0.22630725800991058,
                    -0.6079288721084595,
                    -2.4506397247314453
                ],
                [
                    -0.6486852169036865,
                    0.2655104100704193,
                    -0.7132402658462524,
                    -2.8751635551452637
                ],
                [
                    0.0,
                    0.9371708631515503,
                    0.3488706946372986,
                    1.4063427448272705
                ],
                [
                    0.0,
                    0.0,
                    0.0,
                    1.0
                ]
            ]
        },
        {
            "file_path": "/data/shapenet_blender/all_50_random/02958343/40f0bac5bcb4f8686ff5dbbe822945fd/r_12",
            "rotation": 0.12566370614359174,
            "transform_matrix": [
                [
                    -0.8277126550674438,
                    -0.14750809967517853,
                    0.5414177775382996,
                    2.1825249195098877
                ],
                [
                    0.5611522793769836,
                    -0.21757787466049194,
                    0.7986037731170654,
                    3.2192747592926025
                ],
                [
                    0.0,
                    0.9648321270942688,
                    0.26286646723747253,
                    1.0596486330032349
                ],
                [
                    0.0,
                    0.0,
                    0.0,
                    1.0
                ]
            ]
        },
        {
            "file_path": "/data/shapenet_blender/all_50_random/02958343/40f0bac5bcb4f8686ff5dbbe822945fd/r_13",
            "rotation": 0.12566370614359174,
            "transform_matrix": [
                [
                    -0.8735498189926147,
                    -0.3399900794029236,
                    0.34830671548843384,
                    1.404069423675537
                ],
                [
                    0.4867349863052368,
                    -0.6101847887039185,
                    0.6251107454299927,
                    2.519902229309082
                ],
                [
                    0.0,
                    0.7155984044075012,
                    0.6985118389129639,
                    2.815791606903076
                ],
                [
                    0.0,
                    0.0,
                    0.0,
                    1.0
                ]
            ]
        },
        {
            "file_path": "/data/shapenet_blender/all_50_random/02958343/40f0bac5bcb4f8686ff5dbbe822945fd/r_14",
            "rotation": 0.12566370614359174,
            "transform_matrix": [
                [
                    0.9999988079071045,
                    0.00021235487656667829,
                    -0.0015334507916122675,
                    -0.006181538105010986
                ],
                [
                    -0.0015480848960578442,
                    0.13717247545719147,
                    -0.9905458688735962,
                    -3.993018388748169
                ],
                [
                    -1.4551916963090328e-11,
                    0.9905471205711365,
                    0.1371726095676422,
                    0.5529605150222778
                ],
                [
                    0.0,
                    0.0,
                    0.0,
                    1.0
                ]
            ]
        },
        {
            "file_path": "/data/shapenet_blender/all_50_random/02958343/40f0bac5bcb4f8686ff5dbbe822945fd/r_15",
            "rotation": 0.12566370614359174,
            "transform_matrix": [
                [
                    -0.549235463142395,
                    0.053910158574581146,
                    0.8339269757270813,
                    3.361666679382324
                ],
                [
                    0.8356676697731018,
                    0.03543199226260185,
                    0.5480914115905762,
                    2.2094268798828125
                ],
                [
                    0.0,
                    0.9979168772697449,
                    -0.0645114928483963,
                    -0.2600541114807129
                ],
                [
                    0.0,
                    0.0,
                    0.0,
                    1.0
                ]
            ]
        },
        {
            "file_path": "/data/shapenet_blender/all_50_random/02958343/40f0bac5bcb4f8686ff5dbbe822945fd/r_16",
            "rotation": 0.12566370614359174,
            "transform_matrix": [
                [
                    -0.8966716527938843,
                    -0.3462252616882324,
                    0.27587684988975525,
                    1.1120952367782593
                ],
                [
                    0.4426962733268738,
                    -0.7012717723846436,
                    0.5587825775146484,
                    2.2525248527526855
                ],
                [
                    0.0,
                    0.6231741309165955,
                    0.7820830345153809,
                    3.1526777744293213
                ],
                [
                    0.0,
                    0.0,
                    0.0,
                    1.0
                ]
            ]
        },
        {
            "file_path": "/data/shapenet_blender/all_50_random/02958343/40f0bac5bcb4f8686ff5dbbe822945fd/r_17",
            "rotation": 0.12566370614359174,
            "transform_matrix": [
                [
                    0.9963849186897278,
                    0.0036796722561120987,
                    0.08487328141927719,
                    0.34213513135910034
                ],
                [
                    0.08495300263166428,
                    -0.04315762594342232,
                    -0.9954499006271362,
                    -4.012786865234375
                ],
                [
                    0.0,
                    0.9990614652633667,
                    -0.04331421107053757,
                    -0.17460517585277557
                ],
                [
                    0.0,
                    0.0,
                    0.0,
                    1.0
                ]
            ]
        },
        {
            "file_path": "/data/shapenet_blender/all_50_random/02958343/40f0bac5bcb4f8686ff5dbbe822945fd/r_18",
            "rotation": 0.12566370614359174,
            "transform_matrix": [
                [
                    0.984375536441803,
                    0.09759766608476639,
                    -0.1465592235326767,
                    -0.5907992124557495
                ],
                [
                    -0.17608213424682617,
                    0.5456132888793945,
                    -0.8193296790122986,
                    -3.302823781967163
                ],
                [
                    0.0,
                    0.8323346376419067,
                    0.5542734861373901,
                    2.2343480587005615
                ],
                [
                    0.0,
                    0.0,
                    0.0,
                    1.0
                ]
            ]
        },
        {
            "file_path": "/data/shapenet_blender/all_50_random/02958343/40f0bac5bcb4f8686ff5dbbe822945fd/r_19",
            "rotation": 0.12566370614359174,
            "transform_matrix": [
                [
                    -0.3181251287460327,
                    0.6195505857467651,
                    -0.7176024913787842,
                    -2.8927483558654785
                ],
                [
                    -0.9480487108230591,
                    -0.20789502561092377,
                    0.24079711735248566,
                    0.970684289932251
                ],
                [
                    0.0,
                    0.7569258213043213,
                    0.6535007357597351,
                    2.6343460083007812
                ],
                [
                    0.0,
                    0.0,
                    0.0,
                    1.0
                ]
            ]
        },
        {
            "file_path": "/data/shapenet_blender/all_50_random/02958343/40f0bac5bcb4f8686ff5dbbe822945fd/r_20",
            "rotation": 0.12566370614359174,
            "transform_matrix": [
                [
                    -0.9925492405891418,
                    0.004006820730865002,
                    0.12177807837724686,
                    0.49090316891670227
                ],
                [
                    0.12184398621320724,
                    0.03263983130455017,
                    0.9920123815536499,
                    3.998929977416992
                ],
                [
                    -4.656612873077393e-10,
                    0.9994590282440186,
                    -0.03288484737277031,
                    -0.13256306946277618
                ],
                [
                    0.0,
                    0.0,
                    0.0,
                    1.0
                ]
            ]
        },
        {
            "file_path": "/data/shapenet_blender/all_50_random/02958343/40f0bac5bcb4f8686ff5dbbe822945fd/r_21",
            "rotation": 0.12566370614359174,
            "transform_matrix": [
                [
                    -0.9997603893280029,
                    0.008432735688984394,
                    -0.020205195993185043,
                    -0.08144974708557129
                ],
                [
                    -0.021894315257668495,
                    -0.38506409525871277,
                    0.9226301312446594,
                    3.71924090385437
                ],
                [
                    9.31322685637781e-10,
                    0.9228512644767761,
                    0.38515642285346985,
                    1.5526151657104492
                ],
                [
                    0.0,
                    0.0,
                    0.0,
                    1.0
                ]
            ]
        },
        {
            "file_path": "/data/shapenet_blender/all_50_random/02958343/40f0bac5bcb4f8686ff5dbbe822945fd/r_22",
            "rotation": 0.12566370614359174,
            "transform_matrix": [
                [
                    -0.5112596154212952,
                    0.3476516008377075,
                    -0.785971999168396,
                    -3.1683545112609863
                ],
                [
                    -0.8594264388084412,
                    -0.20681263506412506,
                    0.4675627052783966,
                    1.8848055601119995
                ],
                [
                    -1.4901162970204496e-08,
                    0.9145309329032898,
                    0.4045158624649048,
                    1.6306556463241577
                ],
                [
                    0.0,
                    0.0,
                    0.0,
                    1.0
                ]
            ]
        },
        {
            "file_path": "/data/shapenet_blender/all_50_random/02958343/40f0bac5bcb4f8686ff5dbbe822945fd/r_23",
            "rotation": 0.12566370614359174,
            "transform_matrix": [
                [
                    -0.4237698018550873,
                    0.05577614903450012,
                    0.9040509462356567,
                    3.644345998764038
                ],
                [
                    0.905769944190979,
                    0.026095200330018997,
                    0.42296555638313293,
                    1.7050286531448364
                ],
                [
                    0.0,
                    0.9981021881103516,
                    -0.061578720808029175,
                    -0.24823176860809326
                ],
                [
                    0.0,
                    0.0,
                    0.0,
                    1.0
                ]
            ]
        },
        {
            "file_path": "/data/shapenet_blender/all_50_random/02958343/40f0bac5bcb4f8686ff5dbbe822945fd/r_24",
            "rotation": 0.12566370614359174,
            "transform_matrix": [
                [
                    0.547393262386322,
                    -0.10938891023397446,
                    -0.8296955227851868,
                    -3.3446097373962402
                ],
                [
                    -0.8368756175041199,
                    -0.07155035436153412,
                    -0.5426968336105347,
                    -2.187680959701538
                ],
                [
                    3.725290742551124e-09,
                    0.9914204478263855,
                    -0.13071107864379883,
                    -0.5269132256507874
                ],
                [
                    0.0,
                    0.0,
                    0.0,
                    1.0
                ]
            ]
        },
        {
            "file_path": "/data/shapenet_blender/all_50_random/02958343/40f0bac5bcb4f8686ff5dbbe822945fd/r_25",
            "rotation": 0.12566370614359174,
            "transform_matrix": [
                [
                    0.758841335773468,
                    0.0552186593413353,
                    0.6489304900169373,
                    2.615922689437866
                ],
                [
                    0.6512756943702698,
                    -0.06433863937854767,
                    -0.7561087608337402,
                    -3.0479722023010254
                ],
                [
                    -3.725290742551124e-09,
                    0.9963992238044739,
                    -0.08478537946939468,
                    -0.3417808413505554
                ],
                [
                    0.0,
                    0.0,
                    0.0,
                    1.0
                ]
            ]
        },
        {
            "file_path": "/data/shapenet_blender/all_50_random/02958343/40f0bac5bcb4f8686ff5dbbe822945fd/r_26",
            "rotation": 0.12566370614359174,
            "transform_matrix": [
                [
                    -0.49324220418930054,
                    -0.6674697399139404,
                    -0.5578498244285583,
                    -2.2487645149230957
                ],
                [
                    -0.8698921203613281,
                    0.37846559286117554,
                    0.3163094222545624,
                    1.2750840187072754
                ],
                [
                    0.0,
                    0.6412861943244934,
                    -0.7673016786575317,
                    -3.0930919647216797
                ],
                [
                    0.0,
                    0.0,
                    0.0,
                    1.0
                ]
            ]
        },
        {
            "file_path": "/data/shapenet_blender/all_50_random/02958343/40f0bac5bcb4f8686ff5dbbe822945fd/r_27",
            "rotation": 0.12566370614359174,
            "transform_matrix": [
                [
                    -0.9919371604919434,
                    -0.002038151491433382,
                    -0.12671464681625366,
                    -0.5108031034469604
                ],
                [
                    -0.1267310529947281,
                    0.01595282554626465,
                    0.9918087720870972,
                    3.9981091022491455
                ],
                [
                    0.0,
                    0.9998706579208374,
                    -0.01608249545097351,
                    -0.06483061611652374
                ],
                [
                    0.0,
                    0.0,
                    0.0,
                    1.0
                ]
            ]
        },
        {
            "file_path": "/data/shapenet_blender/all_50_random/02958343/40f0bac5bcb4f8686ff5dbbe822945fd/r_28",
            "rotation": 0.12566370614359174,
            "transform_matrix": [
                [
                    -0.1811666339635849,
                    -0.5939525961875916,
                    0.7838358879089355,
                    3.1597437858581543
                ],
                [
                    0.9834523797035217,
                    -0.1094149649143219,
                    0.14439429342746735,
                    0.5820720791816711
                ],
                [
                    7.450580596923828e-09,
                    0.7970247268676758,
                    0.6039464473724365,
                    2.4345862865448
                ],
                [
                    0.0,
                    0.0,
                    0.0,
                    1.0
                ]
            ]
        },
        {
            "file_path": "/data/shapenet_blender/all_50_random/02958343/40f0bac5bcb4f8686ff5dbbe822945fd/r_29",
            "rotation": 0.12566370614359174,
            "transform_matrix": [
                [
                    0.6236436367034912,
                    -0.018389228731393814,
                    0.7814923524856567,
                    3.150296688079834
                ],
                [
                    0.7817087769508362,
                    0.014670842327177525,
                    -0.6234710216522217,
                    -2.5132923126220703
                ],
                [
                    9.313225746154785e-10,
                    0.9997232556343079,
                    0.023524397984147072,
                    0.09482988715171814
                ],
                [
                    0.0,
                    0.0,
                    0.0,
                    1.0
                ]
            ]
        },
        {
            "file_path": "/data/shapenet_blender/all_50_random/02958343/40f0bac5bcb4f8686ff5dbbe822945fd/r_30",
            "rotation": 0.12566370614359174,
            "transform_matrix": [
                [
                    0.8637349605560303,
                    -0.07261602580547333,
                    -0.49868708848953247,
                    -2.0102720260620117
                ],
                [
                    -0.5039463639259338,
                    -0.12445967644453049,
                    -0.8547208309173584,
                    -3.4454901218414307
                ],
                [
                    0.0,
                    0.9895639419555664,
                    -0.14409472048282623,
                    -0.580864429473877
                ],
                [
                    0.0,
                    0.0,
                    0.0,
                    1.0
                ]
            ]
        },
        {
            "file_path": "/data/shapenet_blender/all_50_random/02958343/40f0bac5bcb4f8686ff5dbbe822945fd/r_31",
            "rotation": 0.12566370614359174,
            "transform_matrix": [
                [
                    -0.47465747594833374,
                    -0.23782943189144135,
                    -0.8474298715591431,
                    -3.4160990715026855
                ],
                [
                    -0.8801706433296204,
                    0.1282563954591751,
                    0.45700106024742126,
                    1.842230200767517
                ],
                [
                    -7.450581485102248e-09,
                    0.9628016948699951,
                    -0.27020835876464844,
                    -1.0892447233200073
                ],
                [
                    0.0,
                    0.0,
                    0.0,
                    1.0
                ]
            ]
        },
        {
            "file_path": "/data/shapenet_blender/all_50_random/02958343/40f0bac5bcb4f8686ff5dbbe822945fd/r_32",
            "rotation": 0.12566370614359174,
            "transform_matrix": [
                [
                    -0.5613402128219604,
                    0.7822263836860657,
                    -0.27022024989128113,
                    -1.0892927646636963
                ],
                [
                    -0.8275852203369141,
                    -0.530573844909668,
                    0.1832868605852127,
                    0.7388530373573303
                ],
                [
                    0.0,
                    0.32651659846305847,
                    0.9451913833618164,
                    3.8101885318756104
                ],
                [
                    0.0,
                    0.0,
                    0.0,
                    1.0
                ]
            ]
        },
        {
            "file_path": "/data/shapenet_blender/all_50_random/02958343/40f0bac5bcb4f8686ff5dbbe822945fd/r_33",
            "rotation": 0.12566370614359174,
            "transform_matrix": [
                [
                    0.16717760264873505,
                    0.2757740914821625,
                    0.9465728998184204,
                    3.8157575130462646
                ],
                [
                    0.9859268069267273,
                    -0.04676133766770363,
                    -0.16050460934638977,
                    -0.6470147967338562
                ],
                [
                    3.725290076417309e-09,
                    0.9600843787193298,
                    -0.2797105312347412,
                    -1.127549171447754
                ],
                [
                    0.0,
                    0.0,
                    0.0,
                    1.0
                ]
            ]
        },
        {
            "file_path": "/data/shapenet_blender/all_50_random/02958343/40f0bac5bcb4f8686ff5dbbe822945fd/r_34",
            "rotation": 0.12566370614359174,
            "transform_matrix": [
                [
                    -0.902255117893219,
                    -0.026484685018658638,
                    0.43038851022720337,
                    1.734951376914978
                ],
                [
                    0.43120259046554565,
                    -0.05541697144508362,
                    0.9005517363548279,
                    3.630239725112915
                ],
                [
                    0.0,
                    0.99811190366745,
                    0.06142051890492439,
                    0.24759399890899658
                ],
                [
                    0.0,
                    0.0,
                    0.0,
                    1.0
                ]
            ]
        },
        {
            "file_path": "/data/shapenet_blender/all_50_random/02958343/40f0bac5bcb4f8686ff5dbbe822945fd/r_35",
            "rotation": 0.12566370614359174,
            "transform_matrix": [
                [
                    0.6790391206741333,
                    -0.2219143509864807,
                    -0.6997569799423218,
                    -2.820810556411743
                ],
                [
                    -0.7341020107269287,
                    -0.2052692025899887,
                    -0.6472702026367188,
                    -2.609229564666748
                ],
                [
                    -1.4901158529312397e-08,
                    0.9532148241996765,
                    -0.302293598651886,
                    -1.218584418296814
                ],
                [
                    0.0,
                    0.0,
                    0.0,
                    1.0
                ]
            ]
        },
        {
            "file_path": "/data/shapenet_blender/all_50_random/02958343/40f0bac5bcb4f8686ff5dbbe822945fd/r_36",
            "rotation": 0.12566370614359174,
            "transform_matrix": [
                [
                    -0.8570451736450195,
                    0.3622704744338989,
                    -0.36637914180755615,
                    -1.476921558380127
                ],
                [
                    -0.5152413249015808,
                    -0.6025956273078918,
                    0.6094299554824829,
                    2.456690788269043
                ],
                [
                    1.4901162970204496e-08,
                    0.7110825777053833,
                    0.7031084299087524,
                    2.8343207836151123
                ],
                [
                    0.0,
                    0.0,
                    0.0,
                    1.0
                ]
            ]
        },
        {
            "file_path": "/data/shapenet_blender/all_50_random/02958343/40f0bac5bcb4f8686ff5dbbe822945fd/r_37",
            "rotation": 0.12566370614359174,
            "transform_matrix": [
                [
                    0.8785386681556702,
                    0.3160451054573059,
                    -0.35816916823387146,
                    -1.4438261985778809
                ],
                [
                    -0.4776710569858551,
                    0.581274151802063,
                    -0.6587492823600769,
                    -2.655503511428833
                ],
                [
                    -1.4901160305669237e-08,
                    0.7498238682746887,
                    0.6616373658180237,
                    2.6671457290649414
                ],
                [
                    0.0,
                    0.0,
                    0.0,
                    1.0
                ]
            ]
        },
        {
            "file_path": "/data/shapenet_blender/all_50_random/02958343/40f0bac5bcb4f8686ff5dbbe822945fd/r_38",
            "rotation": 0.12566370614359174,
            "transform_matrix": [
                [
                    0.9892399311065674,
                    0.09145207703113556,
                    0.11419598013162613,
                    0.4603387117385864
                ],
                [
                    0.1463017463684082,
                    -0.6183661222457886,
                    -0.772152304649353,
                    -3.112645387649536
                ],
                [
                    -7.4505797087454084e-09,
                    0.780551016330719,
                    -0.625092089176178,
                    -2.519826889038086
                ],
                [
                    0.0,
                    0.0,
                    0.0,
                    1.0
                ]
            ]
        },
        {
            "file_path": "/data/shapenet_blender/all_50_random/02958343/40f0bac5bcb4f8686ff5dbbe822945fd/r_39",
            "rotation": 0.12566370614359174,
            "transform_matrix": [
                [
                    -0.8342148065567017,
                    -0.31631171703338623,
                    0.45169973373413086,
                    1.8208599090576172
                ],
                [
                    0.551439642906189,
                    -0.47851455211639404,
                    0.6833287477493286,
                    2.7545862197875977
                ],
                [
                    0.0,
                    0.8191279768943787,
                    0.5736107230186462,
                    2.3122987747192383
                ],
                [
                    0.0,
                    0.0,
                    0.0,
                    1.0
                ]
            ]
        },
        {
            "file_path": "/data/shapenet_blender/all_50_random/02958343/40f0bac5bcb4f8686ff5dbbe822945fd/r_40",
            "rotation": 0.12566370614359174,
            "transform_matrix": [
                [
                    -0.36641913652420044,
                    -0.15343855321407318,
                    0.917711079120636,
                    3.699411630630493
                ],
                [
                    0.930449903011322,
                    -0.060425419360399246,
                    0.3614024817943573,
                    1.4568599462509155
                ],
                [
                    0.0,
                    0.9863089323043823,
                    0.16490793228149414,
                    0.6647651195526123
                ],
                [
                    0.0,
                    0.0,
                    0.0,
                    1.0
                ]
            ]
        },
        {
            "file_path": "/data/shapenet_blender/all_50_random/02958343/40f0bac5bcb4f8686ff5dbbe822945fd/r_41",
            "rotation": 0.12566370614359174,
            "transform_matrix": [
                [
                    0.6640834212303162,
                    -0.06131705269217491,
                    0.7451398968696594,
                    3.0037548542022705
                ],
                [
                    0.7476585507392883,
                    0.05446288362145424,
                    -0.6618463397026062,
                    -2.667987823486328
                ],
                [
