{
    "class": "02958343",
    "model": "abc42e7c5ffaa41d1466737d5c4b4246",
    "remove_doubles": true,
    "edge_split": true,
    "denoise": true,
    "camera_angle_x": 0.6911112070083618,
    "scale_factor": 2.264949357561603,
    "hdri_file": "/data/IndoorHDRDataset2018/AG8A0544-df05e1bb8b.exr",
    "center_offset": [
        0.0,
        -1.862645149230957e-09,
        -1.862645149230957e-09
    ],
    "lights": [],
    "frames": [
        {
            "file_path": "/data/shapenet_blender/all_50_random/02958343/abc42e7c5ffaa41d1466737d5c4b4246/r_0",
            "rotation": 0.12566370614359174,
            "transform_matrix": [
                [
                    -0.41444337368011475,
                    0.003246528562158346,
                    0.9100692272186279,
                    3.668606758117676
                ],
                [
                    0.9100751280784607,
                    0.0014784518862143159,
                    0.41444069147109985,
                    1.6706639528274536
                ],
                [
                    0.0,
                    0.9999936819076538,
                    -0.0035673186648637056,
                    -0.014380322769284248
                ],
                [
                    0.0,
                    0.0,
                    0.0,
                    1.0
                ]
            ]
        },
        {
            "file_path": "/data/shapenet_blender/all_50_random/02958343/abc42e7c5ffaa41d1466737d5c4b4246/r_1",
            "rotation": 0.12566370614359174,
            "transform_matrix": [
                [
                    0.8271288871765137,
                    -0.11049516499042511,
                    0.5510432124137878,
                    2.2213263511657715
                ],
                [
                    0.5620123147964478,
                    0.1626187562942505,
                    -0.8109853863716125,
                    -3.2691867351531982
                ],
                [
                    7.450580596923828e-09,
                    0.9804825782775879,
                    0.19660629332065582,
                    0.7925453186035156
                ],
                [
                    0.0,
                    0.0,
                    0.0,
                    1.0
                ]
            ]
        },
        {
            "file_path": "/data/shapenet_blender/all_50_random/02958343/abc42e7c5ffaa41d1466737d5c4b4246/r_2",
            "rotation": 0.12566370614359174,
            "transform_matrix": [
                [
                    -0.7886343002319336,
                    -0.25213557481765747,
                    -0.5607883930206299,
                    -2.260610580444336
                ],
                [
                    -0.6148626804351807,
                    0.3233937919139862,
                    0.7192776203155518,
                    2.899501085281372
                ],
                [
                    1.4901162970204496e-08,
                    0.9120548963546753,
                    -0.4100681245326996,
                    -1.6530375480651855
                ],
                [
                    0.0,
                    0.0,
                    0.0,
                    1.0
                ]
            ]
        },
        {
            "file_path": "/data/shapenet_blender/all_50_random/02958343/abc42e7c5ffaa41d1466737d5c4b4246/r_3",
            "rotation": 0.12566370614359174,
            "transform_matrix": [
                [
                    -0.873056948184967,
                    0.1275215893983841,
                    0.4706484377384186,
                    1.8972445726394653
                ],
                [
                    0.48761844635009766,
                    0.2283211648464203,
                    0.8426729440689087,
                    3.396923303604126
                ],
                [
                    -7.450581485102248e-09,
                    0.9651980996131897,
                    -0.26151925325393677,
                    -1.05421781539917
                ],
                [
                    0.0,
                    0.0,
                    0.0,
                    1.0
                ]
            ]
        },
        {
            "file_path": "/data/shapenet_blender/all_50_random/02958343/abc42e7c5ffaa41d1466737d5c4b4246/r_4",
            "rotation": 0.12566370614359174,
            "transform_matrix": [
                [
                    0.3171798884868622,
                    -0.6089839935302734,
                    0.7270044088363647,
                    2.9306485652923584
                ],
                [
                    0.9483654499053955,
                    0.2036741077899933,
                    -0.2431459128856659,
                    -0.9801525473594666
                ],
                [
                    0.0,
                    0.7665868401527405,
                    0.6421406269073486,
                    2.5885517597198486
                ],
                [
                    0.0,
                    0.0,
                    0.0,
                    1.0
                ]
            ]
        },
        {
            "file_path": "/data/shapenet_blender/all_50_random/02958343/abc42e7c5ffaa41d1466737d5c4b4246/r_5",
            "rotation": 0.12566370614359174,
            "transform_matrix": [
                [
                    -0.3792862594127655,
                    -0.2811674475669861,
                    -0.8815252184867859,
                    -3.553541898727417
                ],
                [
                    -0.9252793788909912,
                    0.11525486409664154,
                    0.36135074496269226,
                    1.4566514492034912
                ],
                [
                    -7.450580596923828e-09,
                    0.9527125358581543,
                    -0.3038730323314667,
                    -1.2249513864517212
                ],
                [
                    0.0,
                    0.0,
                    0.0,
                    1.0
                ]
            ]
        },
        {
            "file_path": "/data/shapenet_blender/all_50_random/02958343/abc42e7c5ffaa41d1466737d5c4b4246/r_6",
            "rotation": 0.12566370614359174,
            "transform_matrix": [
                [
                    0.9986211061477661,
                    0.022707439959049225,
                    -0.04733241721987724,
                    -0.19080308079719543
                ],
                [
                    -0.05249748378992081,
                    0.4319469630718231,
                    -0.9003698229789734,
                    -3.629506826400757
                ],
                [
                    0.0,
                    0.9016130566596985,
                    0.43254348635673523,
                    1.743638515472412
                ],
                [
                    0.0,
                    0.0,
                    0.0,
                    1.0
                ]
            ]
        },
        {
            "file_path": "/data/shapenet_blender/all_50_random/02958343/abc42e7c5ffaa41d1466737d5c4b4246/r_7",
            "rotation": 0.12566370614359174,
            "transform_matrix": [
                [
                    0.999991238117218,
                    0.0006522424519062042,
                    -0.004127885680645704,
                    -0.016640037298202515
                ],
                [
                    -0.00417909724637866,
                    0.15607120096683502,
                    -0.9877370595932007,
                    -3.9816949367523193
                ],
                [
                    5.8207657444020455e-11,
                    0.987745463848114,
                    0.15607260167598724,
                    0.6291487216949463
                ],
                [
                    0.0,
                    0.0,
                    0.0,
                    1.0
                ]
            ]
        },
        {
            "file_path": "/data/shapenet_blender/all_50_random/02958343/abc42e7c5ffaa41d1466737d5c4b4246/r_8",
            "rotation": 0.12566370614359174,
            "transform_matrix": [
                [
                    0.8468033075332642,
                    0.06656286120414734,
                    0.5277249217033386,
                    2.1273272037506104
                ],
                [
                    0.5319061875343323,
                    -0.1059691458940506,
                    -0.8401466012001038,
                    -3.3867392539978027
                ],
                [
                    0.0,
                    0.9921389818191528,
                    -0.1251402199268341,
                    -0.5044563412666321
                ],
                [
                    0.0,
                    0.0,
                    0.0,
                    1.0
                ]
            ]
        },
        {
            "file_path": "/data/shapenet_blender/all_50_random/02958343/abc42e7c5ffaa41d1466737d5c4b4246/r_9",
            "rotation": 0.12566370614359174,
            "transform_matrix": [
                [
                    0.9004928469657898,
                    -0.1473563015460968,
                    0.4091441035270691,
                    1.6493127346038818
                ],
                [
                    0.4348710775375366,
                    0.30513250827789307,
                    -0.847219705581665,
                    -3.415252208709717
                ],
                [
                    -7.450581485102248e-09,
                    0.9408401250839233,
                    0.33885058760643005,
                    1.365950584411621
                ],
                [
                    0.0,
                    0.0,
                    0.0,
                    1.0
                ]
            ]
        },
        {
            "file_path": "/data/shapenet_blender/all_50_random/02958343/abc42e7c5ffaa41d1466737d5c4b4246/r_10",
            "rotation": 0.12566370614359174,
            "transform_matrix": [
                [
                    -0.07373327761888504,
                    0.5795561075210571,
                    0.8115898370742798,
                    3.271623373031616
                ],
                [
                    0.9972780346870422,
                    0.04284920543432236,
                    0.06000451371073723,
                    0.2418859302997589
                ],
                [
                    3.725290298461914e-09,
                    0.8138049840927124,
                    -0.5811379551887512,
                    -2.342642068862915
                ],
                [
                    0.0,
                    0.0,
                    0.0,
                    1.0
                ]
            ]
        },
        {
            "file_path": "/data/shapenet_blender/all_50_random/02958343/abc42e7c5ffaa41d1466737d5c4b4246/r_11",
            "rotation": 0.12566370614359174,
            "transform_matrix": [
                [
                    0.9874785542488098,
                    -0.0035234701354056597,
                    -0.15771394968032837,
                    -0.6357652544975281
                ],
                [
                    -0.15775328874588013,
                    -0.022055646404623985,
                    -0.9872322082519531,
                    -3.9796602725982666
                ],
                [
                    2.3283062977608182e-10,
                    0.999750554561615,
                    -0.022335316985845566,
                    -0.090036541223526
                ],
                [
                    0.0,
                    0.0,
                    0.0,
                    1.0
                ]
            ]
        },
        {
            "file_path": "/data/shapenet_blender/all_50_random/02958343/abc42e7c5ffaa41d1466737d5c4b4246/r_12",
            "rotation": 0.12566370614359174,
            "transform_matrix": [
                [
                    -0.1721048802137375,
                    -0.06476595252752304,
                    -0.9829471707344055,
                    -3.9623870849609375
                ],
                [
                    -0.9850786924362183,
                    0.011315376497805119,
                    0.17173247039318085,
                    0.6922757625579834
                ],
                [
                    0.0,
                    0.9978362917900085,
                    -0.0657469779253006,
                    -0.26503458619117737
                ],
                [
                    0.0,
                    0.0,
                    0.0,
                    1.0
                ]
            ]
        },
        {
            "file_path": "/data/shapenet_blender/all_50_random/02958343/abc42e7c5ffaa41d1466737d5c4b4246/r_13",
            "rotation": 0.12566370614359174,
            "transform_matrix": [
                [
                    0.2395867556333542,
                    0.014494185335934162,
                    -0.9707667827606201,
                    -3.913285970687866
                ],
                [
                    -0.9708750247955322,
                    0.003576788818463683,
                    -0.2395600527524948,
                    -0.9656974673271179
                ],
                [
                    0.0,
                    0.9998885989189148,
                    0.014928992837667465,
                    0.06018069386482239
                ],
                [
                    0.0,
                    0.0,
                    0.0,
                    1.0
                ]
            ]
        },
        {
            "file_path": "/data/shapenet_blender/all_50_random/02958343/abc42e7c5ffaa41d1466737d5c4b4246/r_14",
            "rotation": 0.12566370614359174,
            "transform_matrix": [
                [
                    0.8944200873374939,
                    0.16499948501586914,
                    -0.4156777858734131,
                    -1.675650715827942
                ],
                [
                    -0.44722801446914673,
                    0.32998570799827576,
                    -0.831322193145752,
                    -3.3511669635772705
                ],
                [
                    -1.4901162970204496e-08,
                    0.9294538497924805,
                    0.36893823742866516,
                    1.487237572669983
                ],
                [
                    0.0,
                    0.0,
                    0.0,
                    1.0
                ]
            ]
        },
        {
            "file_path": "/data/shapenet_blender/all_50_random/02958343/abc42e7c5ffaa41d1466737d5c4b4246/r_15",
            "rotation": 0.12566370614359174,
            "transform_matrix": [
                [
                    -0.2911357879638672,
                    -0.4298425614833832,
                    -0.8546785116195679,
                    -3.445319175720215
                ],
                [
                    -0.9566816687583923,
                    0.1308089792728424,
                    0.26009437441825867,
                    1.0484739542007446
                ],
                [
                    -1.4901158529312397e-08,
                    0.8933781981468201,
                    -0.4493056535720825,
                    -1.811208963394165
                ],
                [
                    0.0,
                    0.0,
                    0.0,
                    1.0
                ]
            ]
        },
        {
            "file_path": "/data/shapenet_blender/all_50_random/02958343/abc42e7c5ffaa41d1466737d5c4b4246/r_16",
            "rotation": 0.12566370614359174,
            "transform_matrix": [
                [
                    0.4668492078781128,
                    -0.5115847587585449,
                    -0.7213409543037415,
                    -2.90781831741333
                ],
                [
                    -0.8843369483947754,
                    -0.27007007598876953,
                    -0.3808022141456604,
                    -1.5350627899169922
                ],
                [
                    0.0,
                    0.8156856298446655,
                    -0.5784953236579895,
                    -2.331989288330078
                ],
                [
                    0.0,
                    0.0,
                    0.0,
                    1.0
                ]
            ]
        },
        {
            "file_path": "/data/shapenet_blender/all_50_random/02958343/abc42e7c5ffaa41d1466737d5c4b4246/r_17",
            "rotation": 0.12566370614359174,
            "transform_matrix": [
                [
                    -0.4263083040714264,
                    -0.5373350381851196,
                    -0.7276896834373474,
                    -2.933410882949829
                ],
                [
                    -0.9045779705047607,
                    0.2532345652580261,
                    0.3429446518421173,
                    1.3824541568756104
                ],
                [
                    1.4901161193847656e-08,
                    0.8044520616531372,
                    -0.5940174460411072,
                    -2.3945608139038086
                ],
                [
                    0.0,
                    0.0,
                    0.0,
                    1.0
                ]
            ]
        },
        {
            "file_path": "/data/shapenet_blender/all_50_random/02958343/abc42e7c5ffaa41d1466737d5c4b4246/r_18",
            "rotation": 0.12566370614359174,
            "transform_matrix": [
                [
                    0.24779373407363892,
                    0.532739520072937,
                    -0.8091889023780823,
                    -3.2619447708129883
                ],
                [
                    -0.9688128232955933,
                    0.1362590491771698,
                    -0.20696663856506348,
                    -0.8343092203140259
                ],
                [
                    7.450581485102248e-09,
                    0.8352375626564026,
                    0.5498891472816467,
                    2.2166740894317627
                ],
                [
                    0.0,
                    0.0,
                    0.0,
                    1.0
                ]
            ]
        },
        {
            "file_path": "/data/shapenet_blender/all_50_random/02958343/abc42e7c5ffaa41d1466737d5c4b4246/r_19",
            "rotation": 0.12566370614359174,
            "transform_matrix": [
                [
                    -0.6146725416183472,
                    0.6436508297920227,
                    -0.4559508264064789,
                    -1.8379967212677002
                ],
                [
                    -0.7887824177742004,
                    -0.5015762448310852,
                    0.3553077280521393,
                    1.4322913885116577
                ],
                [
                    1.4901161193847656e-08,
                    0.5780438184738159,
                    0.816005527973175,
                    3.289423704147339
                ],
                [
                    0.0,
                    0.0,
                    0.0,
                    1.0
                ]
            ]
        },
        {
            "file_path": "/data/shapenet_blender/all_50_random/02958343/abc42e7c5ffaa41d1466737d5c4b4246/r_20",
            "rotation": 0.12566370614359174,
            "transform_matrix": [
                [
                    0.08311841636896133,
                    0.7055444121360779,
                    -0.7037743926048279,
                    -2.837005376815796
                ],
                [
                    -0.9965397119522095,
                    0.05884736776351929,
                    -0.05869973450899124,
                    -0.23662619292736053
                ],
                [
                    0.0,
                    0.7062181830406189,
                    0.707994282245636,
                    2.8540163040161133
                ],
                [
                    0.0,
                    0.0,
                    0.0,
                    1.0
                ]
            ]
        },
        {
            "file_path": "/data/shapenet_blender/all_50_random/02958343/abc42e7c5ffaa41d1466737d5c4b4246/r_21",
            "rotation": 0.12566370614359174,
            "transform_matrix": [
                [
                    -0.7741757035255432,
                    0.2643032371997833,
                    0.5751484632492065,
                    2.318497657775879
                ],
                [
                    0.6329707503318787,
                    0.3232647478580475,
                    0.7034542560577393,
                    2.835714817047119
                ],
                [
                    0.0,
                    0.9086493849754333,
                    -0.417559951543808,
                    -1.6832380294799805
                ],
                [
                    0.0,
                    0.0,
                    0.0,
                    1.0
                ]
            ]
        },
        {
            "file_path": "/data/shapenet_blender/all_50_random/02958343/abc42e7c5ffaa41d1466737d5c4b4246/r_22",
            "rotation": 0.12566370614359174,
            "transform_matrix": [
                [
                    0.30407512187957764,
                    -0.613262951374054,
                    0.7290040254592896,
                    2.938709259033203
                ],
                [
                    0.9526480436325073,
                    0.1957470178604126,
                    -0.23269033432006836,
                    -0.938004732131958
                ],
                [
                    0.0,
                    0.7652395963668823,
                    0.643745481967926,
                    2.5950210094451904
                ],
                [
                    0.0,
                    0.0,
                    0.0,
                    1.0
                ]
            ]
        },
        {
            "file_path": "/data/shapenet_blender/all_50_random/02958343/abc42e7c5ffaa41d1466737d5c4b4246/r_23",
            "rotation": 0.12566370614359174,
            "transform_matrix": [
                [
                    -0.6653643846511841,
                    0.5165881514549255,
                    0.5389125347137451,
                    2.172426223754883
                ],
                [
                    0.7465187311172485,
                    0.46042972803115845,
                    0.48032721877098083,
                    1.9362610578536987
                ],
                [
                    0.0,
                    0.7219009399414062,
                    -0.6919962763786316,
                    -2.7895264625549316
                ],
                [
                    0.0,
                    0.0,
                    0.0,
                    1.0
                ]
            ]
        },
        {
            "file_path": "/data/shapenet_blender/all_50_random/02958343/abc42e7c5ffaa41d1466737d5c4b4246/r_24",
            "rotation": 0.12566370614359174,
            "transform_matrix": [
                [
                    -0.6300974488258362,
                    -0.008858905173838139,
                    0.7764654755592346,
                    3.130032539367676
                ],
                [
                    0.7765160202980042,
                    -0.007188485004007816,
                    0.6300564408302307,
                    2.5398387908935547
                ],
                [
                    0.0,
                    0.99993497133255,
                    0.011408527381718159,
                    0.04598924517631531
                ],
                [
                    0.0,
                    0.0,
                    0.0,
                    1.0
                ]
            ]
        },
        {
            "file_path": "/data/shapenet_blender/all_50_random/02958343/abc42e7c5ffaa41d1466737d5c4b4246/r_25",
            "rotation": 0.12566370614359174,
            "transform_matrix": [
                [
                    0.38683027029037476,
                    0.15797428786754608,
                    -0.9085188508033752,
                    -3.6623566150665283
                ],
                [
                    -0.9221510291099548,
                    0.06626813858747482,
                    -0.3811117112636566,
                    -1.5363104343414307
                ],
                [
                    3.725290742551124e-09,
                    0.9852170348167419,
                    0.1713106632232666,
                    0.690575361251831
                ],
                [
                    0.0,
                    0.0,
                    0.0,
                    1.0
                ]
            ]
        },
        {
            "file_path": "/data/shapenet_blender/all_50_random/02958343/abc42e7c5ffaa41d1466737d5c4b4246/r_26",
            "rotation": 0.12566370614359174,
            "transform_matrix": [
                [
                    -0.9301294088363647,
                    -0.0014060839312151074,
                    0.3672293424606323,
                    1.4803489446640015
                ],
                [
                    0.367232084274292,
                    -0.003561344463378191,
                    0.930122435092926,
                    3.749443769454956
                ],
                [
                    -1.1641532182693481e-10,
                    0.9999926686286926,
                    0.0038288698997348547,
                    0.015434669330716133
                ],
                [
                    0.0,
                    0.0,
                    0.0,
                    1.0
                ]
            ]
        },
        {
            "file_path": "/data/shapenet_blender/all_50_random/02958343/abc42e7c5ffaa41d1466737d5c4b4246/r_27",
            "rotation": 0.12566370614359174,
            "transform_matrix": [
                [
                    0.7768909931182861,
                    -0.5531643629074097,
                    -0.30074840784072876,
                    -1.212355613708496
                ],
                [
                    -0.6296352744102478,
                    -0.6825354695320129,
                    -0.3710858225822449,
                    -1.4958947896957397
                ],
                [
                    0.0,
                    0.47765496373176575,
                    -0.8785474896430969,
                    -3.5415382385253906
                ],
                [
                    0.0,
                    0.0,
                    0.0,
                    1.0
                ]
            ]
        },
        {
            "file_path": "/data/shapenet_blender/all_50_random/02958343/abc42e7c5ffaa41d1466737d5c4b4246/r_28",
            "rotation": 0.12566370614359174,
            "transform_matrix": [
                [
                    0.30713608860969543,
                    0.169965460896492,
                    -0.9363648891448975,
                    -3.7746076583862305
                ],
                [
                    -0.9516656398773193,
                    0.054853856563568115,
                    -0.30219799280166626,
                    -1.2181990146636963
                ],
                [
                    3.725290742551124e-09,
                    0.9839220643043518,
                    0.17859789729118347,
                    0.7199511528015137
                ],
                [
                    0.0,
                    0.0,
                    0.0,
                    1.0
                ]
            ]
        },
        {
            "file_path": "/data/shapenet_blender/all_50_random/02958343/abc42e7c5ffaa41d1466737d5c4b4246/r_29",
            "rotation": 0.12566370614359174,
            "transform_matrix": [
                [
                    0.44277364015579224,
                    -0.5854520797729492,
                    -0.6791151165962219,
                    -2.737600564956665
                ],
                [
                    -0.896633505821228,
                    -0.28910669684410095,
                    -0.3353591561317444,
                    -1.3518760204315186
                ],
                [
                    -1.4901162970204496e-08,
                    0.7574054598808289,
                    -0.6529447436332703,
                    -2.6321043968200684
                ],
                [
                    0.0,
                    0.0,
                    0.0,
                    1.0
                ]
            ]
        },
        {
            "file_path": "/data/shapenet_blender/all_50_random/02958343/abc42e7c5ffaa41d1466737d5c4b4246/r_30",
            "rotation": 0.12566370614359174,
            "transform_matrix": [
                [
                    0.977328360080719,
                    -0.1680312305688858,
                    0.12882071733474731,
                    0.5192930102348328
                ],
                [
                    0.2117292433977127,
                    0.7756211757659912,
                    -0.5946280360221863,
                    -2.3970224857330322
                ],
                [
                    7.450580596923828e-09,
                    0.6084219813346863,
                    0.7936135530471802,
                    3.1991589069366455
                ],
                [
                    0.0,
                    0.0,
                    0.0,
                    1.0
                ]
            ]
        },
        {
            "file_path": "/data/shapenet_blender/all_50_random/02958343/abc42e7c5ffaa41d1466737d5c4b4246/r_31",
            "rotation": 0.12566370614359174,
            "transform_matrix": [
                [
                    -0.2810437083244324,
                    -0.36478856205940247,
                    0.8876619338989258,
                    3.578279733657837
                ],
                [
                    0.9596949815750122,
                    -0.10682720690965652,
                    0.25994905829429626,
                    1.047888159751892
                ],
                [
                    0.0,
                    0.9249417185783386,
                    0.38010886311531067,
                    1.5322678089141846
                ],
                [
                    0.0,
                    0.0,
                    0.0,
                    1.0
                ]
            ]
        },
        {
            "file_path": "/data/shapenet_blender/all_50_random/02958343/abc42e7c5ffaa41d1466737d5c4b4246/r_32",
            "rotation": 0.12566370614359174,
            "transform_matrix": [
                [
                    -0.006483166012912989,
                    -0.09503814578056335,
                    -0.9954525232315063,
                    -4.0127973556518555
                ],
                [
                    -0.9999790787696838,
                    0.0006161609198898077,
                    0.006453818641602993,
                    0.026016175746917725
                ],
                [
                    -5.820766785236131e-11,
                    0.9954734444618225,
                    -0.09504014253616333,
                    -0.3831190764904022
                ],
                [
                    0.0,
                    0.0,
                    0.0,
                    1.0
                ]
            ]
        },
        {
            "file_path": "/data/shapenet_blender/all_50_random/02958343/abc42e7c5ffaa41d1466737d5c4b4246/r_33",
            "rotation": 0.12566370614359174,
            "transform_matrix": [
                [
                    -0.6066954731941223,
                    0.2787056565284729,
                    0.7444754838943481,
                    3.0010766983032227
                ],
                [
                    0.7949343919754028,
                    0.2127087116241455,
                    0.5681851506233215,
                    2.2904276847839355
                ],
                [
                    -1.4901161193847656e-08,
                    0.9365245699882507,
                    -0.35060209035873413,
                    -1.4133222103118896
                ],
                [
                    0.0,
                    0.0,
                    0.0,
                    1.0
                ]
            ]
        },
        {
            "file_path": "/data/shapenet_blender/all_50_random/02958343/abc42e7c5ffaa41d1466737d5c4b4246/r_34",
            "rotation": 0.12566370614359174,
            "transform_matrix": [
                [
                    -0.34172892570495605,
                    0.8469730615615845,
                    -0.4072566628456116,
                    -1.6417040824890137
                ],
                [
                    -0.9397985935211182,
                    -0.30797573924064636,
                    0.14808638393878937,
                    0.5969552993774414
                ],
                [
                    0.0,
                    0.4333445429801941,
                    0.9012283086776733,
                    3.632967472076416
                ],
                [
                    0.0,
                    0.0,
                    0.0,
                    1.0
                ]
            ]
        },
        {
            "file_path": "/data/shapenet_blender/all_50_random/02958343/abc42e7c5ffaa41d1466737d5c4b4246/r_35",
            "rotation": 0.12566370614359174,
            "transform_matrix": [
                [
                    0.9763765335083008,
                    -0.19366885721683502,
                    -0.09581907093524933,
                    -0.3862590193748474
                ],
                [
                    -0.21607621014118195,
                    -0.8751251697540283,
                    -0.4329744875431061,
                    -1.7453759908676147
                ],
                [
                    0.0,
                    0.4434502124786377,
                    -0.896298885345459,
                    -3.6130964756011963
                ],
                [
                    0.0,
                    0.0,
                    0.0,
                    1.0
                ]
            ]
        },
        {
            "file_path": "/data/shapenet_blender/all_50_random/02958343/abc42e7c5ffaa41d1466737d5c4b4246/r_36",
            "rotation": 0.12566370614359174,
            "transform_matrix": [
                [
                    0.16681049764156342,
                    -0.1254591941833496,
                    -0.977974534034729,
                    -3.9423415660858154
                ],
                [
                    -0.9859889149665833,
                    -0.021225299686193466,
                    -0.16545462608337402,
                    -0.6669689416885376
                ],
                [
                    1.8626450382086546e-09,
                    0.99187171459198,
                    -0.12724196910858154,
                    -0.5129287838935852
                ],
                [
                    0.0,
                    0.0,
                    0.0,
                    1.0
                ]
            ]
        },
        {
            "file_path": "/data/shapenet_blender/all_50_random/02958343/abc42e7c5ffaa41d1466737d5c4b4246/r_37",
            "rotation": 0.12566370614359174,
            "transform_matrix": [
                [
                    -0.049464717507362366,
                    0.7022862434387207,
                    0.710174024105072,
                    2.8628032207489014
                ],
                [
                    0.9987759590148926,
                    0.03478096425533295,
                    0.03517160937190056,
                    0.1417813003063202
                ],
                [
                    0.0,
                    0.7110443711280823,
                    -0.7031469345092773,
                    -2.8344762325286865
                ],
                [
                    0.0,
                    0.0,
                    0.0,
                    1.0
                ]
            ]
        },
        {
            "file_path": "/data/shapenet_blender/all_50_random/02958343/abc42e7c5ffaa41d1466737d5c4b4246/r_38",
            "rotation": 0.12566370614359174,
            "transform_matrix": [
                [
                    -0.9305629134178162,
                    0.0007510632858611643,
                    -0.3661313056945801,
                    -1.4759224653244019
                ],
                [
                    -0.36613208055496216,
                    -0.001908905804157257,
                    0.9305609464645386,
                    3.751211166381836
                ],
                [
                    0.0,
                    0.9999978542327881,
                    0.002051345305517316,
                    0.008269237354397774
                ],
                [
                    0.0,
                    0.0,
                    0.0,
                    1.0
                ]
            ]
        },
        {
            "file_path": "/data/shapenet_blender/all_50_random/02958343/abc42e7c5ffaa41d1466737d5c4b4246/r_39",
            "rotation": 0.12566370614359174,
            "transform_matrix": [
                [
                    0.13441245257854462,
                    -0.571534276008606,
                    -0.8094947338104248,
                    -3.2631776332855225
                ],
                [
                    -0.9909255504608154,
                    -0.0775248184800148,
                    -0.10980256646871567,
                    -0.44262829422950745
                ],
                [
                    0.0,
                    0.8169077634811401,
                    -0.5767682790756226,
                    -2.3250272274017334
                ],
                [
                    0.0,
                    0.0,
                    0.0,
                    1.0
                ]
            ]
        },
        {
            "file_path": "/data/shapenet_blender/all_50_random/02958343/abc42e7c5ffaa41d1466737d5c4b4246/r_40",
            "rotation": 0.12566370614359174,
            "transform_matrix": [
                [
                    -0.7261873483657837,
                    -0.389045387506485,
                    -0.566829264163971,
                    -2.2849621772766113
                ],
                [
                    -0.6874967813491821,
                    0.41093990206718445,
                    0.5987290143966675,
                    2.4135541915893555
                ],
                [
                    0.0,
                    0.8244828581809998,
                    -0.5658867359161377,
                    -2.281162738800049
                ],
                [
                    0.0,
                    0.0,
                    0.0,
                    1.0
                ]
            ]
        },
        {
            "file_path": "/data/shapenet_blender/all_50_random/02958343/abc42e7c5ffaa41d1466737d5c4b4246/r_41",
            "rotation": 0.12566370614359174,
            "transform_matrix": [
                [
                    -0.6592860817909241,
                    -0.562929630279541,
                    -0.4984496533870697,
                    -2.009314775466919
                ],
                [
                    -0.7518922686576843,
                    0.4935969114303589,
                    0.43705856800079346,
