{
    "class": "02958343",
    "model": "6291f064e64c6eb9d18a5bd35f0d115b",
    "remove_doubles": true,
    "edge_split": true,
    "denoise": true,
    "camera_angle_x": 0.6911112070083618,
    "scale_factor": 2.198870080784532,
    "hdri_file": "/data/IndoorHDRDataset2018/AG8A9197-11e383039e.exr",
    "center_offset": [
        0.0,
        0.0,
        3.725290298461914e-09
    ],
    "lights": [],
    "frames": [
        {
            "file_path": "/data/shapenet_blender/all_50_random/02958343/6291f064e64c6eb9d18a5bd35f0d115b/r_0",
            "rotation": 0.12566370614359174,
            "transform_matrix": [
                [
                    0.5209705233573914,
                    0.7160868644714355,
                    -0.46455273032188416,
                    -1.8726720809936523
                ],
                [
                    -0.8535745739936829,
                    0.4370563328266144,
                    -0.28353503346443176,
                    -1.142966389656067
                ],
                [
                    0.0,
                    0.5442439317703247,
                    0.8389269709587097,
                    3.3818230628967285
                ],
                [
                    0.0,
                    0.0,
                    0.0,
                    1.0
                ]
            ]
        },
        {
            "file_path": "/data/shapenet_blender/all_50_random/02958343/6291f064e64c6eb9d18a5bd35f0d115b/r_1",
            "rotation": 0.12566370614359174,
            "transform_matrix": [
                [
                    0.7976162433624268,
                    0.0037328763864934444,
                    -0.603153645992279,
                    -2.4313902854919434
                ],
                [
                    -0.6031652092933655,
                    0.004936296958476305,
                    -0.7976009249687195,
                    -3.2152323722839355
                ],
                [
                    0.0,
                    0.9999808669090271,
                    0.006188811268657446,
                    0.02494789846241474
                ],
                [
                    0.0,
                    0.0,
                    0.0,
                    1.0
                ]
            ]
        },
        {
            "file_path": "/data/shapenet_blender/all_50_random/02958343/6291f064e64c6eb9d18a5bd35f0d115b/r_2",
            "rotation": 0.12566370614359174,
            "transform_matrix": [
                [
                    -0.9866546392440796,
                    0.07552698999643326,
                    0.14425049722194672,
                    0.5814924240112305
                ],
                [
                    0.16282670199871063,
                    0.45765864849090576,
                    0.874091386795044,
                    3.5235753059387207
                ],
                [
                    0.0,
                    0.8859142065048218,
                    -0.46384894847869873,
                    -1.8698350191116333
                ],
                [
                    0.0,
                    0.0,
                    0.0,
                    1.0
                ]
            ]
        },
        {
            "file_path": "/data/shapenet_blender/all_50_random/02958343/6291f064e64c6eb9d18a5bd35f0d115b/r_3",
            "rotation": 0.12566370614359174,
            "transform_matrix": [
                [
                    -0.7551372647285461,
                    0.02341320924460888,
                    -0.6551485657691956,
                    -2.640988349914551
                ],
                [
                    -0.6555668115615845,
                    -0.02696930803358555,
                    0.7546554207801819,
                    3.0421133041381836
                ],
                [
                    0.0,
                    0.9993618726730347,
                    0.03571445494890213,
                    0.1439695656299591
                ],
                [
                    0.0,
                    0.0,
                    0.0,
                    1.0
                ]
            ]
        },
        {
            "file_path": "/data/shapenet_blender/all_50_random/02958343/6291f064e64c6eb9d18a5bd35f0d115b/r_4",
            "rotation": 0.12566370614359174,
            "transform_matrix": [
                [
                    -0.9879346489906311,
                    0.07582235336303711,
                    0.13504113256931305,
                    0.5443682074546814
                ],
                [
                    0.15487132966518402,
                    0.4836758077144623,
                    0.8614363670349121,
                    3.4725611209869385
                ],
                [
                    7.450580152834618e-09,
                    0.8719568252563477,
                    -0.48958277702331543,
                    -1.9735713005065918
                ],
                [
                    0.0,
                    0.0,
                    0.0,
                    1.0
                ]
            ]
        },
        {
            "file_path": "/data/shapenet_blender/all_50_random/02958343/6291f064e64c6eb9d18a5bd35f0d115b/r_5",
            "rotation": 0.12566370614359174,
            "transform_matrix": [
                [
                    -0.9288114309310913,
                    0.1734897345304489,
                    0.3274303376674652,
                    1.3199138641357422
                ],
                [
                    0.3705527186393738,
                    0.4348618686199188,
                    0.820722758769989,
                    3.308439254760742
                ],
                [
                    1.4901159417490817e-08,
                    0.8836268782615662,
                    -0.4681917726993561,
                    -1.8873413801193237
                ],
                [
                    0.0,
                    0.0,
                    0.0,
                    1.0
                ]
            ]
        },
        {
            "file_path": "/data/shapenet_blender/all_50_random/02958343/6291f064e64c6eb9d18a5bd35f0d115b/r_6",
            "rotation": 0.12566370614359174,
            "transform_matrix": [
                [
                    -0.4261363744735718,
                    -0.07715155929327011,
                    -0.9013631343841553,
                    -3.6335105895996094
                ],
                [
                    -0.904658854007721,
                    0.03634197264909744,
                    0.42458397150039673,
                    1.7115525007247925
                ],
                [
                    0.0,
                    0.9963567852973938,
                    -0.08528248965740204,
                    -0.3437846601009369
                ],
                [
                    0.0,
                    0.0,
                    0.0,
                    1.0
                ]
            ]
        },
        {
            "file_path": "/data/shapenet_blender/all_50_random/02958343/6291f064e64c6eb9d18a5bd35f0d115b/r_7",
            "rotation": 0.12566370614359174,
            "transform_matrix": [
                [
                    0.9988628625869751,
                    -0.009158134460449219,
                    0.046787429600954056,
                    0.1886061728000641
                ],
                [
                    0.04767530784010887,
                    0.1918754279613495,
                    -0.9802605509757996,
                    -3.951556921005249
                ],
                [
                    -9.313225746154785e-10,
                    0.9813765287399292,
                    0.1920938342809677,
                    0.7743550539016724
                ],
                [
                    0.0,
                    0.0,
                    0.0,
                    1.0
                ]
            ]
        },
        {
            "file_path": "/data/shapenet_blender/all_50_random/02958343/6291f064e64c6eb9d18a5bd35f0d115b/r_8",
            "rotation": 0.12566370614359174,
            "transform_matrix": [
                [
                    0.7881280779838562,
                    0.5684829354286194,
                    0.23596850037574768,
                    0.9512194395065308
                ],
                [
                    0.6155111789703369,
                    -0.727911114692688,
                    -0.3021446764469147,
                    -1.2179841995239258
                ],
                [
                    0.0,
                    0.3833698034286499,
                    -0.9235948920249939,
                    -3.723129987716675
                ],
                [
                    0.0,
                    0.0,
                    0.0,
                    1.0
                ]
            ]
        },
        {
            "file_path": "/data/shapenet_blender/all_50_random/02958343/6291f064e64c6eb9d18a5bd35f0d115b/r_9",
            "rotation": 0.12566370614359174,
            "transform_matrix": [
                [
                    0.4578300416469574,
                    -0.3165040910243988,
                    -0.8307928442955017,
                    -3.3490331172943115
                ],
                [
                    -0.8890396952629089,
                    -0.16299057006835938,
                    -0.42783457040786743,
                    -1.724656343460083
                ],
                [
                    0.0,
                    0.9344834089279175,
                    -0.3560067117214203,
                    -1.4351089000701904
                ],
                [
                    0.0,
                    0.0,
                    0.0,
                    1.0
                ]
            ]
        },
        {
            "file_path": "/data/shapenet_blender/all_50_random/02958343/6291f064e64c6eb9d18a5bd35f0d115b/r_10",
            "rotation": 0.12566370614359174,
            "transform_matrix": [
                [
                    -0.855086088180542,
                    0.02712406776845455,
                    -0.5177760124206543,
                    -2.08722186088562
                ],
                [
                    -0.518485963344574,
                    -0.0447329618036747,
                    0.8539152145385742,
                    3.442242383956909
                ],
                [
                    -1.862645149230957e-09,
                    0.9986305832862854,
                    0.05231398716568947,
                    0.21088442206382751
                ],
                [
                    0.0,
                    0.0,
                    0.0,
                    1.0
                ]
            ]
        },
        {
            "file_path": "/data/shapenet_blender/all_50_random/02958343/6291f064e64c6eb9d18a5bd35f0d115b/r_11",
            "rotation": 0.12566370614359174,
            "transform_matrix": [
                [
                    -0.09275495260953903,
                    0.057478900998830795,
                    0.9940285086631775,
                    4.007057189941406
                ],
                [
                    0.9956890344619751,
                    0.005354535765945911,
                    0.0926002711057663,
                    0.37328362464904785
                ],
                [
                    4.656613428188905e-10,
                    0.9983322620391846,
                    -0.05772776901721954,
                    -0.23270808160305023
                ],
                [
                    0.0,
                    0.0,
                    0.0,
                    1.0
                ]
            ]
        },
        {
            "file_path": "/data/shapenet_blender/all_50_random/02958343/6291f064e64c6eb9d18a5bd35f0d115b/r_12",
            "rotation": 0.12566370614359174,
            "transform_matrix": [
                [
                    -0.4042353332042694,
                    0.877499520778656,
                    0.25804731249809265,
                    1.040221929550171
                ],
                [
                    0.9146549701690674,
                    0.38781434297561646,
                    0.11404502391815186,
                    0.45973020792007446
                ],
                [
                    7.450580152834618e-09,
                    0.2821252644062042,
                    -0.9593775868415833,
                    -3.8673746585845947
                ],
                [
                    0.0,
                    0.0,
                    0.0,
                    1.0
                ]
            ]
        },
        {
            "file_path": "/data/shapenet_blender/all_50_random/02958343/6291f064e64c6eb9d18a5bd35f0d115b/r_13",
            "rotation": 0.12566370614359174,
            "transform_matrix": [
                [
                    0.9608370661735535,
                    0.021874304860830307,
                    -0.27624914050102234,
                    -1.113595724105835
                ],
                [
                    -0.27711382508277893,
                    0.07584480941295624,
                    -0.9578390121459961,
                    -3.8611721992492676
                ],
                [
                    0.0,
                    0.9968796968460083,
                    0.07893618196249008,
                    0.3182018995285034
                ],
                [
                    0.0,
                    0.0,
                    0.0,
                    1.0
                ]
            ]
        },
        {
            "file_path": "/data/shapenet_blender/all_50_random/02958343/6291f064e64c6eb9d18a5bd35f0d115b/r_14",
            "rotation": 0.12566370614359174,
            "transform_matrix": [
                [
                    0.8969656825065613,
                    0.3472723066806793,
                    -0.2735956013202667,
                    -1.102899193763733
                ],
                [
                    -0.44210028648376465,
                    0.7045717239379883,
                    -0.5550909638404846,
                    -2.237643241882324
                ],
                [
                    0.0,
                    0.6188541054725647,
                    0.7855058312416077,
                    3.166475296020508
                ],
                [
                    0.0,
                    0.0,
                    0.0,
                    1.0
                ]
            ]
        },
        {
            "file_path": "/data/shapenet_blender/all_50_random/02958343/6291f064e64c6eb9d18a5bd35f0d115b/r_15",
            "rotation": 0.12566370614359174,
            "transform_matrix": [
                [
                    -0.7092782258987427,
                    -0.0950269103050232,
                    -0.6984943151473999,
                    -2.815720558166504
                ],
                [
                    -0.7049286961555481,
                    0.09561324864625931,
                    0.7028041481971741,
                    2.8330941200256348
                ],
                [
                    0.0,
                    0.990872323513031,
                    -0.13480359315872192,
                    -0.5434106588363647
                ],
                [
                    0.0,
                    0.0,
                    0.0,
                    1.0
                ]
            ]
        },
        {
            "file_path": "/data/shapenet_blender/all_50_random/02958343/6291f064e64c6eb9d18a5bd35f0d115b/r_16",
            "rotation": 0.12566370614359174,
            "transform_matrix": [
                [
                    -0.33488929271698,
                    -0.3721950650215149,
                    0.8656325936317444,
                    3.4894769191741943
                ],
                [
                    0.9422574639320374,
                    -0.13228248059749603,
                    0.307655930519104,
                    1.2402008771896362
                ],
                [
                    0.0,
                    0.9186794757843018,
                    0.3950035572052002,
                    1.5923104286193848
                ],
                [
                    0.0,
                    0.0,
                    0.0,
                    1.0
                ]
            ]
        },
        {
            "file_path": "/data/shapenet_blender/all_50_random/02958343/6291f064e64c6eb9d18a5bd35f0d115b/r_17",
            "rotation": 0.12566370614359174,
            "transform_matrix": [
                [
                    0.27424702048301697,
                    -0.002245788462460041,
                    0.9616566300392151,
                    3.8765618801116943
                ],
                [
                    0.9616592526435852,
                    0.0006404565065167844,
                    -0.27424630522727966,
                    -1.1055222749710083
                ],
                [
                    -5.8207657444020455e-11,
                    0.9999973177909851,
                    0.002335326513275504,
                    0.009414002299308777
                ],
                [
                    0.0,
                    0.0,
                    0.0,
                    1.0
                ]
            ]
        },
        {
            "file_path": "/data/shapenet_blender/all_50_random/02958343/6291f064e64c6eb9d18a5bd35f0d115b/r_18",
            "rotation": 0.12566370614359174,
            "transform_matrix": [
                [
                    -0.6197256445884705,
                    0.3087964355945587,
                    -0.7215155363082886,
                    -2.908522367477417
                ],
                [
                    -0.7848184108734131,
                    -0.24383866786956787,
                    0.569739043712616,
                    2.29669189453125
                ],
                [
                    1.4901160305669237e-08,
                    0.9193407297134399,
                    0.39346224069595337,
                    1.5860971212387085
                ],
                [
                    0.0,
                    0.0,
                    0.0,
                    1.0
                ]
            ]
        },
        {
            "file_path": "/data/shapenet_blender/all_50_random/02958343/6291f064e64c6eb9d18a5bd35f0d115b/r_19",
            "rotation": 0.12566370614359174,
            "transform_matrix": [
                [
                    0.1943904161453247,
                    0.6924986839294434,
                    -0.6947358846664429,
                    -2.800570011138916
                ],
                [
                    -0.9809242486953735,
                    0.1372329294681549,
                    -0.13767626881599426,
                    -0.5549907684326172
                ],
                [
                    7.450580596923828e-09,
                    0.7082462310791016,
                    0.7059654593467712,
                    2.8458378314971924
                ],
                [
                    0.0,
                    0.0,
                    0.0,
                    1.0
                ]
            ]
        },
        {
            "file_path": "/data/shapenet_blender/all_50_random/02958343/6291f064e64c6eb9d18a5bd35f0d115b/r_20",
            "rotation": 0.12566370614359174,
            "transform_matrix": [
                [
                    0.5340633392333984,
                    -0.12997747957706451,
                    -0.8353934288024902,
                    -3.3675787448883057
                ],
                [
                    -0.8454445600509644,
                    -0.08210616558790207,
                    -0.5277141332626343,
                    -2.127283811569214
                ],
                [
                    0.0,
                    0.9881114959716797,
                    -0.15373863279819489,
                    -0.6197402477264404
                ],
                [
                    0.0,
                    0.0,
                    0.0,
                    1.0
                ]
            ]
        },
        {
            "file_path": "/data/shapenet_blender/all_50_random/02958343/6291f064e64c6eb9d18a5bd35f0d115b/r_21",
            "rotation": 0.12566370614359174,
            "transform_matrix": [
                [
                    0.9506919980049133,
                    0.05548233166337013,
                    0.30513355135917664,
                    1.2300328016281128
                ],
                [
                    0.31013673543930054,
                    -0.17007532715797424,
                    -0.9353552460670471,
                    -3.770537853240967
                ],
                [
                    0.0,
                    0.983867883682251,
                    -0.17889633774757385,
                    -0.7211542725563049
                ],
                [
                    0.0,
                    0.0,
                    0.0,
                    1.0
                ]
            ]
        },
        {
            "file_path": "/data/shapenet_blender/all_50_random/02958343/6291f064e64c6eb9d18a5bd35f0d115b/r_22",
            "rotation": 0.12566370614359174,
            "transform_matrix": [
                [
                    0.7293440699577332,
                    -0.007571735419332981,
                    0.6841051578521729,
                    2.757716178894043
                ],
                [
                    0.68414705991745,
                    0.008071948774158955,
                    -0.7292993664741516,
                    -2.9398996829986572
                ],
                [
                    -4.656612873077393e-10,
                    0.9999387264251709,
                    0.011067409068346024,
                    0.04461415112018585
                ],
                [
                    0.0,
                    0.0,
                    0.0,
                    1.0
                ]
            ]
        },
        {
            "file_path": "/data/shapenet_blender/all_50_random/02958343/6291f064e64c6eb9d18a5bd35f0d115b/r_23",
            "rotation": 0.12566370614359174,
            "transform_matrix": [
                [
                    0.9363935589790344,
                    -0.16612379252910614,
                    0.30914366245269775,
                    1.2461979389190674
                ],
                [
                    0.3509514033794403,
                    0.44324442744255066,
                    -0.8248439431190491,
                    -3.325052261352539
                ],
                [
                    0.0,
                    0.8808730840682983,
                    0.4733526110649109,
                    1.9081454277038574
                ],
                [
                    0.0,
                    0.0,
                    0.0,
                    1.0
                ]
            ]
        },
        {
            "file_path": "/data/shapenet_blender/all_50_random/02958343/6291f064e64c6eb9d18a5bd35f0d115b/r_24",
            "rotation": 0.12566370614359174,
            "transform_matrix": [
                [
                    -0.07651586085557938,
                    -0.11166966706514359,
                    0.9907951951026917,
                    3.994023323059082
                ],
                [
                    0.9970682859420776,
                    -0.008569625206291676,
                    0.07603445649147034,
                    0.3065047264099121
                ],
                [
                    9.313224080820248e-10,
                    0.9937084913253784,
                    0.11199799180030823,
                    0.45147836208343506
                ],
                [
                    0.0,
                    0.0,
                    0.0,
                    1.0
                ]
            ]
        },
        {
            "file_path": "/data/shapenet_blender/all_50_random/02958343/6291f064e64c6eb9d18a5bd35f0d115b/r_25",
            "rotation": 0.12566370614359174,
            "transform_matrix": [
                [
                    0.9712265729904175,
                    -0.20239552855491638,
                    -0.1255194991827011,
                    -0.5059853196144104
                ],
                [
                    -0.2381577491760254,
                    -0.825385332107544,
                    -0.5118786692619324,
                    -2.0634491443634033
                ],
                [
                    7.450581485102248e-09,
                    0.5270434617996216,
                    -0.8498381972312927,
                    -3.425807476043701
                ],
                [
                    0.0,
                    0.0,
                    0.0,
                    1.0
                ]
            ]
        },
        {
            "file_path": "/data/shapenet_blender/all_50_random/02958343/6291f064e64c6eb9d18a5bd35f0d115b/r_26",
            "rotation": 0.12566370614359174,
            "transform_matrix": [
                [
                    0.8334838151931763,
                    0.2741805911064148,
                    0.479718416929245,
                    1.9338067770004272
                ],
                [
                    0.5525439381599426,
                    -0.41358718276023865,
                    -0.7236303687095642,
                    -2.9170472621917725
                ],
                [
                    -1.4901161193847656e-08,
                    0.8681997060775757,
                    -0.4962150454521179,
                    -2.0003068447113037
                ],
                [
                    0.0,
                    0.0,
                    0.0,
                    1.0
                ]
            ]
        },
        {
            "file_path": "/data/shapenet_blender/all_50_random/02958343/6291f064e64c6eb9d18a5bd35f0d115b/r_27",
            "rotation": 0.12566370614359174,
            "transform_matrix": [
                [
                    0.9710959792137146,
                    0.20313020050525665,
                    0.12534236907958984,
                    0.505271315574646
                ],
                [
                    0.2386893481016159,
                    -0.8264253735542297,
                    -0.5099493265151978,
                    -2.0556716918945312
                ],
                [
                    7.450580596923828e-09,
                    0.525127649307251,
                    -0.8510233759880066,
                    -3.4305851459503174
                ],
                [
                    0.0,
                    0.0,
                    0.0,
                    1.0
                ]
            ]
        },
        {
            "file_path": "/data/shapenet_blender/all_50_random/02958343/6291f064e64c6eb9d18a5bd35f0d115b/r_28",
            "rotation": 0.12566370614359174,
            "transform_matrix": [
                [
                    -0.4484917223453522,
                    -0.25313302874565125,
                    0.85719233751297,
                    3.4554529190063477
                ],
                [
                    0.8937869071960449,
                    -0.12701916694641113,
                    0.4301290214061737,
                    1.733905553817749
                ],
                [
                    0.0,
                    0.9590566754341125,
                    0.2832140624523163,
                    1.1416723728179932
                ],
                [
                    0.0,
                    0.0,
                    0.0,
                    1.0
                ]
            ]
        },
        {
            "file_path": "/data/shapenet_blender/all_50_random/02958343/6291f064e64c6eb9d18a5bd35f0d115b/r_29",
            "rotation": 0.12566370614359174,
            "transform_matrix": [
                [
                    -0.693797767162323,
                    0.6376180648803711,
                    0.33479514718055725,
                    1.349602460861206
                ],
                [
                    0.7201699614524841,
                    0.614268958568573,
                    0.3225351572036743,
                    1.3001807928085327
                ],
                [
                    -2.980232594040899e-08,
                    0.4648835361003876,
                    -0.8853718042373657,
                    -3.5690479278564453
                ],
                [
                    0.0,
                    0.0,
                    0.0,
                    1.0
                ]
            ]
        },
        {
            "file_path": "/data/shapenet_blender/all_50_random/02958343/6291f064e64c6eb9d18a5bd35f0d115b/r_30",
            "rotation": 0.12566370614359174,
            "transform_matrix": [
                [
                    -0.9964120984077454,
                    -0.007699906360358,
                    0.08428293466567993,
                    0.3397553265094757
                ],
                [
                    0.08463391661643982,
                    -0.09065254777669907,
                    0.9922798871994019,
                    4.000007629394531
                ],
                [
                    4.6566123179658803e-10,
                    0.9958528280258179,
                    0.0909789651632309,
                    0.3667478859424591
                ],
                [
                    0.0,
                    0.0,
                    0.0,
                    1.0
                ]
            ]
        },
        {
            "file_path": "/data/shapenet_blender/all_50_random/02958343/6291f064e64c6eb9d18a5bd35f0d115b/r_31",
            "rotation": 0.12566370614359174,
            "transform_matrix": [
                [
                    0.9894189834594727,
                    -0.13813139498233795,
                    -0.044381964951753616,
                    -0.17890942096710205
                ],
                [
                    -0.1450863480567932,
                    -0.9419896602630615,
                    -0.302663654088974,
                    -1.2200762033462524
                ],
                [
                    3.7252898543727042e-09,
                    0.30590060353279114,
                    -0.9520635008811951,
                    -3.837890625
                ],
                [
                    0.0,
                    0.0,
                    0.0,
                    1.0
                ]
            ]
        },
        {
            "file_path": "/data/shapenet_blender/all_50_random/02958343/6291f064e64c6eb9d18a5bd35f0d115b/r_32",
            "rotation": 0.12566370614359174,
            "transform_matrix": [
                [
                    0.7436590790748596,
                    -0.06408815085887909,
                    0.6654800772666931,
                    2.682636022567749
                ],
                [
                    0.6685588955879211,
                    0.07128726691007614,
                    -0.7402344346046448,
                    -2.983980417251587
                ],
                [
                    0.0,
                    0.995394766330719,
                    0.09586013853549957,
                    0.38642457127571106
                ],
                [
                    0.0,
                    0.0,
                    0.0,
                    1.0
                ]
            ]
        },
        {
            "file_path": "/data/shapenet_blender/all_50_random/02958343/6291f064e64c6eb9d18a5bd35f0d115b/r_33",
            "rotation": 0.12566370614359174,
            "transform_matrix": [
                [
                    -0.8990676999092102,
                    0.36595267057418823,
                    -0.2403249740600586,
                    -0.9687809944152832
                ],
                [
                    -0.43780991435050964,
                    -0.7515047192573547,
                    0.4935210645198822,
                    1.9894471168518066
                ],
                [
                    0.0,
                    0.5489254593849182,
                    0.8358712196350098,
                    3.369504928588867
                ],
                [
                    0.0,
                    0.0,
                    0.0,
                    1.0
                ]
            ]
        },
        {
            "file_path": "/data/shapenet_blender/all_50_random/02958343/6291f064e64c6eb9d18a5bd35f0d115b/r_34",
            "rotation": 0.12566370614359174,
            "transform_matrix": [
                [
                    -0.8012896776199341,
                    -0.36347097158432007,
                    -0.47520923614501953,
                    -1.9156297445297241
                ],
                [
                    -0.5982767343521118,
                    0.4868074059486389,
                    0.6364617347717285,
                    2.565659284591675
                ],
                [
                    0.0,
                    0.7942968606948853,
                    -0.607529878616333,
                    -2.449031352996826
                ],
                [
                    0.0,
                    0.0,
                    0.0,
                    1.0
                ]
            ]
        },
        {
            "file_path": "/data/shapenet_blender/all_50_random/02958343/6291f064e64c6eb9d18a5bd35f0d115b/r_35",
            "rotation": 0.12566370614359174,
            "transform_matrix": [
                [
                    -0.49369144439697266,
                    0.10367269814014435,
                    -0.8634353876113892,
                    -3.480619430541992
                ],
                [
                    -0.8696371912956238,
                    -0.05885479971766472,
                    0.4901706874370575,
                    1.9759413003921509
                ],
                [
                    0.0,
                    0.9928686022758484,
                    0.11921373009681702,
                    0.4805659055709839
                ],
                [
                    0.0,
                    0.0,
                    0.0,
                    1.0
                ]
            ]
        },
        {
            "file_path": "/data/shapenet_blender/all_50_random/02958343/6291f064e64c6eb9d18a5bd35f0d115b/r_36",
            "rotation": 0.12566370614359174,
            "transform_matrix": [
                [
                    -0.3180546462535858,
                    0.02417062409222126,
                    0.9477642178535461,
                    3.8205597400665283
                ],
                [
                    0.9480723142623901,
                    0.00810864195227623,
                    0.3179512917995453,
                    1.2817026376724243
                ],
                [
                    0.0,
                    0.9996747970581055,
                    -0.025494495406746864,
                    -0.10277159512042999
                ],
                [
                    0.0,
                    0.0,
                    0.0,
                    1.0
                ]
            ]
        },
        {
            "file_path": "/data/shapenet_blender/all_50_random/02958343/6291f064e64c6eb9d18a5bd35f0d115b/r_37",
            "rotation": 0.12566370614359174,
            "transform_matrix": [
                [
                    0.1712421327829361,
                    -0.023099638521671295,
                    -0.9849582314491272,
                    -3.9704930782318115
                ],
                [
                    -0.9852290153503418,
                    -0.004014935810118914,
                    -0.17119506001472473,
                    -0.6901092529296875
                ],
                [
                    -4.656612873077393e-10,
                    0.9997250437736511,
                    -0.023445961996912956,
                    -0.09451368451118469
                ],
                [
                    0.0,
                    0.0,
                    0.0,
                    1.0
                ]
            ]
        },
        {
            "file_path": "/data/shapenet_blender/all_50_random/02958343/6291f064e64c6eb9d18a5bd35f0d115b/r_38",
            "rotation": 0.12566370614359174,
            "transform_matrix": [
                [
                    -0.11606654524803162,
                    -0.7204164862632751,
                    0.6837607026100159,
                    2.7563276290893555
                ],
                [
                    0.993241548538208,
                    -0.08418521285057068,
                    0.07990175485610962,
                    0.32209426164627075
                ],
                [
                    0.0,
                    0.6884134411811829,
                    0.7253184914588928,
                    2.9238524436950684
                ],
                [
                    0.0,
                    0.0,
                    0.0,
                    1.0
                ]
            ]
        },
        {
            "file_path": "/data/shapenet_blender/all_50_random/02958343/6291f064e64c6eb9d18a5bd35f0d115b/r_39",
            "rotation": 0.12566370614359174,
            "transform_matrix": [
                [
                    0.2555197775363922,
                    0.8860568404197693,
                    -0.38679826259613037,
                    -1.5592336654663086
                ],
                [
                    -0.9668039083480835,
                    0.23417885601520538,
                    -0.10222817212343216,
                    -0.41209495067596436
                ],
                [
                    0.0,
                    0.4000793993473053,
                    0.9164804816246033,
                    3.694451093673706
                ],
                [
                    0.0,
                    0.0,
                    0.0,
                    1.0
                ]
            ]
        },
        {
            "file_path": "/data/shapenet_blender/all_50_random/02958343/6291f064e64c6eb9d18a5bd35f0d115b/r_40",
            "rotation": 0.12566370614359174,
            "transform_matrix": [
                [
                    0.4270617365837097,
                    0.1273864060640335,
                    -0.8952044248580933,
                    -3.608684539794922
                ],
                [
                    -0.9042225480079651,
                    0.06016423925757408,
                    -0.42280250787734985,
                    -1.704371452331543
                ],
                [
                    0.0,
                    0.9900267124176025,
                    0.14087949693202972,
                    0.5679033994674683
                ],
                [
                    0.0,
                    0.0,
                    0.0,
                    1.0
                ]
            ]
        },
        {
            "file_path": "/data/shapenet_blender/all_50_random/02958343/6291f064e64c6eb9d18a5bd35f0d115b/r_41",
            "rotation": 0.12566370614359174,
            "transform_matrix": [
                [
                    -0.6844037175178528,
                    -0.35463714599609375,
                    -0.6370431184768677,
                    -2.5680031776428223
                ],
                [
                    -0.7291032075881958,
                    0.3328952193260193,
                    0.5979875922203064,
                    2.4105653762817383
                ],
                [
                    0.0,
                    0.8737351894378662,
