{
    "class": "02958343",
    "model": "c20ff7778ca2b8ca86ac29addefc0f11",
    "remove_doubles": true,
    "edge_split": true,
    "denoise": true,
    "camera_angle_x": 0.6911112070083618,
    "scale_factor": 2.2648671079975498,
    "hdri_file": "/data/IndoorHDRDataset2018/9C4A7664-597a4a85fc.exr",
    "center_offset": [
        0.0,
        -1.862645149230957e-09,
        -3.725290298461914e-09
    ],
    "lights": [],
    "frames": [
        {
            "file_path": "/data/shapenet_blender/all_50_random/02958343/c20ff7778ca2b8ca86ac29addefc0f11/r_0",
            "rotation": 0.12566370614359174,
            "transform_matrix": [
                [
                    0.5050776600837708,
                    0.06054433062672615,
                    -0.8609477877616882,
                    -3.4705910682678223
                ],
                [
                    -0.8630739450454712,
                    0.035431019961833954,
                    -0.5038334131240845,
                    -2.031017303466797
                ],
                [
                    1.8626449271863521e-09,
                    0.9975364208221436,
                    0.07014965265989304,
                    0.28278225660324097
                ],
                [
                    0.0,
                    0.0,
                    0.0,
                    1.0
                ]
            ]
        },
        {
            "file_path": "/data/shapenet_blender/all_50_random/02958343/c20ff7778ca2b8ca86ac29addefc0f11/r_1",
            "rotation": 0.12566370614359174,
            "transform_matrix": [
                [
                    0.8663025498390198,
                    -0.28452199697494507,
                    -0.41056913137435913,
                    -1.6550570726394653
                ],
                [
                    -0.49951955676078796,
                    -0.4934384226799011,
                    -0.7120383977890015,
                    -2.870318651199341
                ],
                [
                    1.4901160305669237e-08,
                    0.8219280242919922,
                    -0.5695913434028625,
                    -2.296096086502075
                ],
                [
                    0.0,
                    0.0,
                    0.0,
                    1.0
                ]
            ]
        },
        {
            "file_path": "/data/shapenet_blender/all_50_random/02958343/c20ff7778ca2b8ca86ac29addefc0f11/r_2",
            "rotation": 0.12566370614359174,
            "transform_matrix": [
                [
                    -0.4902907907962799,
                    -0.06916729360818863,
                    -0.8688099980354309,
                    -3.5022852420806885
                ],
                [
                    -0.8715590238571167,
                    0.038909684866666794,
                    0.4887443780899048,
                    1.9701915979385376
                ],
                [
                    0.0,
                    0.9968459606170654,
                    -0.07936043292284012,
                    -0.3199121356010437
                ],
                [
                    0.0,
                    0.0,
                    0.0,
                    1.0
                ]
            ]
        },
        {
            "file_path": "/data/shapenet_blender/all_50_random/02958343/c20ff7778ca2b8ca86ac29addefc0f11/r_3",
            "rotation": 0.12566370614359174,
            "transform_matrix": [
                [
                    0.8970036506652832,
                    0.03760279342532158,
                    0.4404207766056061,
                    1.7753928899765015
                ],
                [
                    0.4420230984687805,
                    -0.07630787789821625,
                    -0.8937520384788513,
                    -3.602829694747925
                ],
                [
                    3.725290298461914e-09,
                    0.9963749647140503,
                    -0.08506975322961807,
                    -0.34292715787887573
                ],
                [
                    0.0,
                    0.0,
                    0.0,
                    1.0
                ]
            ]
        },
        {
            "file_path": "/data/shapenet_blender/all_50_random/02958343/c20ff7778ca2b8ca86ac29addefc0f11/r_4",
            "rotation": 0.12566370614359174,
            "transform_matrix": [
                [
                    -0.3164292871952057,
                    -0.3756909668445587,
                    0.8710503578186035,
                    3.5113162994384766
                ],
                [
                    0.9486162066459656,
                    -0.1253190040588379,
                    0.2905557155609131,
                    1.1712675094604492
                ],
                [
                    7.450581485102248e-09,
                    0.9182326197624207,
                    0.3960411846637726,
                    1.596493124961853
                ],
                [
                    0.0,
                    0.0,
                    0.0,
                    1.0
                ]
            ]
        },
        {
            "file_path": "/data/shapenet_blender/all_50_random/02958343/c20ff7778ca2b8ca86ac29addefc0f11/r_5",
            "rotation": 0.12566370614359174,
            "transform_matrix": [
                [
                    0.40938910841941833,
                    -0.028180425986647606,
                    -0.9119246006011963,
                    -3.6760854721069336
                ],
                [
                    -0.9123600125312805,
                    -0.012644963338971138,
                    -0.4091937243938446,
                    -1.649512529373169
                ],
                [
                    0.0,
                    0.9995227456092834,
                    -0.030887402594089508,
                    -0.12451109290122986
                ],
                [
                    0.0,
                    0.0,
                    0.0,
                    1.0
                ]
            ]
        },
        {
            "file_path": "/data/shapenet_blender/all_50_random/02958343/c20ff7778ca2b8ca86ac29addefc0f11/r_6",
            "rotation": 0.12566370614359174,
            "transform_matrix": [
                [
                    0.7898107171058655,
                    0.01955718733370304,
                    -0.6130387783050537,
                    -2.471238374710083
                ],
                [
                    -0.6133506894111633,
                    0.02518376149237156,
                    -0.7894091010093689,
                    -3.1822099685668945
                ],
                [
                    9.313225746154785e-10,
                    0.9994915127754211,
                    0.031885817646980286,
                    0.12853583693504333
                ],
                [
                    0.0,
                    0.0,
                    0.0,
                    1.0
                ]
            ]
        },
        {
            "file_path": "/data/shapenet_blender/all_50_random/02958343/c20ff7778ca2b8ca86ac29addefc0f11/r_7",
            "rotation": 0.12566370614359174,
            "transform_matrix": [
                [
                    -0.6456313133239746,
                    -0.359494149684906,
                    0.6737388372421265,
                    2.715928316116333
                ],
                [
                    0.7636491656303406,
                    -0.303936243057251,
                    0.5696161389350891,
                    2.296196222305298
                ],
                [
                    -1.4901160305669237e-08,
                    0.882262110710144,
                    0.47075822949409485,
                    1.8976871967315674
                ],
                [
                    0.0,
                    0.0,
                    0.0,
                    1.0
                ]
            ]
        },
        {
            "file_path": "/data/shapenet_blender/all_50_random/02958343/c20ff7778ca2b8ca86ac29addefc0f11/r_8",
            "rotation": 0.12566370614359174,
            "transform_matrix": [
                [
                    0.7912583351135254,
                    -0.5961892008781433,
                    0.13589909672737122,
                    0.5478268265724182
                ],
                [
                    0.6114819645881653,
                    0.7714694738388062,
                    -0.17585358023643494,
                    -0.7088885307312012
                ],
                [
                    0.0,
                    0.2222454696893692,
                    0.9749906659126282,
                    3.9303133487701416
                ],
                [
                    0.0,
                    0.0,
                    0.0,
                    1.0
                ]
            ]
        },
        {
            "file_path": "/data/shapenet_blender/all_50_random/02958343/c20ff7778ca2b8ca86ac29addefc0f11/r_9",
            "rotation": 0.12566370614359174,
            "transform_matrix": [
                [
                    -0.8527599573135376,
                    -0.017042456194758415,
                    -0.5220249891281128,
                    -2.1043500900268555
                ],
                [
                    -0.5223031640052795,
                    0.02782507613301277,
                    0.8523058295249939,
                    3.4357547760009766
                ],
                [
                    -9.31322685637781e-10,
                    0.9994674324989319,
                    -0.03262944146990776,
                    -0.13153348863124847
                ],
                [
                    0.0,
                    0.0,
                    0.0,
                    1.0
                ]
            ]
        },
        {
            "file_path": "/data/shapenet_blender/all_50_random/02958343/c20ff7778ca2b8ca86ac29addefc0f11/r_10",
            "rotation": 0.12566370614359174,
            "transform_matrix": [
                [
                    -0.5414956212043762,
                    -0.34163418412208557,
                    0.7681591510772705,
                    3.096548557281494
                ],
                [
                    0.840703547000885,
                    -0.22004595398902893,
                    0.49476996064186096,
                    1.9944815635681152
                ],
                [
                    -2.9802322387695312e-08,
                    0.9137098789215088,
                    0.4063670039176941,
                    1.638117790222168
                ],
                [
                    0.0,
                    0.0,
                    0.0,
                    1.0
                ]
            ]
        },
        {
            "file_path": "/data/shapenet_blender/all_50_random/02958343/c20ff7778ca2b8ca86ac29addefc0f11/r_11",
            "rotation": 0.12566370614359174,
            "transform_matrix": [
                [
                    -0.03861326724290848,
                    0.8542775511741638,
                    0.5183811187744141,
                    2.089661121368408
                ],
                [
                    0.9992542266845703,
                    0.033011067658662796,
                    0.02003132551908493,
                    0.08074885606765747
                ],
                [
                    -3.7252898543727042e-09,
                    0.5187680125236511,
                    -0.8549150824546814,
                    -3.446272850036621
                ],
                [
                    0.0,
                    0.0,
                    0.0,
                    1.0
                ]
            ]
        },
        {
            "file_path": "/data/shapenet_blender/all_50_random/02958343/c20ff7778ca2b8ca86ac29addefc0f11/r_12",
            "rotation": 0.12566370614359174,
            "transform_matrix": [
                [
                    -0.7112080454826355,
                    0.0013573240721598268,
                    0.7029802799224854,
                    2.833804130554199
                ],
                [
                    0.7029815912246704,
                    0.0013732077786698937,
                    0.7112067341804504,
                    2.8669660091400146
                ],
                [
                    0.0,
                    0.9999980926513672,
                    -0.0019308103946968913,
                    -0.007783345878124237
                ],
                [
                    0.0,
                    0.0,
                    0.0,
                    1.0
                ]
            ]
        },
        {
            "file_path": "/data/shapenet_blender/all_50_random/02958343/c20ff7778ca2b8ca86ac29addefc0f11/r_13",
            "rotation": 0.12566370614359174,
            "transform_matrix": [
                [
                    0.9823298454284668,
                    -0.01808181405067444,
                    -0.18628251552581787,
                    -0.7509288787841797
                ],
                [
                    -0.1871580332517624,
                    -0.09490538388490677,
                    -0.9777345061302185,
                    -3.9413740634918213
                ],
                [
                    0.0,
                    0.9953219890594482,
                    -0.09661254286766052,
                    -0.389457643032074
                ],
                [
                    0.0,
                    0.0,
                    0.0,
                    1.0
                ]
            ]
        },
        {
            "file_path": "/data/shapenet_blender/all_50_random/02958343/c20ff7778ca2b8ca86ac29addefc0f11/r_14",
            "rotation": 0.12566370614359174,
            "transform_matrix": [
                [
                    -0.5670322775840759,
                    -0.2807616889476776,
                    0.774368941783905,
                    3.1215806007385254
                ],
                [
                    0.8236954212188721,
                    -0.19327646493911743,
                    0.5330759286880493,
                    2.148897647857666
                ],
                [
                    0.0,
                    0.9401153922080994,
                    0.3408561944961548,
                    1.374035120010376
                ],
                [
                    0.0,
                    0.0,
                    0.0,
                    1.0
                ]
            ]
        },
        {
            "file_path": "/data/shapenet_blender/all_50_random/02958343/c20ff7778ca2b8ca86ac29addefc0f11/r_15",
            "rotation": 0.12566370614359174,
            "transform_matrix": [
                [
                    0.9923988580703735,
                    0.04663785919547081,
                    0.11388429254293442,
                    0.4590822756290436
                ],
                [
                    0.12306390702724457,
                    -0.3760920464992523,
                    -0.9183735847473145,
                    -3.702082395553589
                ],
                [
                    0.0,
                    0.925407886505127,
                    -0.3789726495742798,
                    -1.527687668800354
                ],
                [
                    0.0,
                    0.0,
                    0.0,
                    1.0
                ]
            ]
        },
        {
            "file_path": "/data/shapenet_blender/all_50_random/02958343/c20ff7778ca2b8ca86ac29addefc0f11/r_16",
            "rotation": 0.12566370614359174,
            "transform_matrix": [
                [
                    -0.6197270750999451,
                    0.5555961728096008,
                    0.5543023943901062,
                    2.234464645385742
                ],
                [
                    0.7848172783851624,
                    0.43872374296188354,
                    0.43770211935043335,
                    1.764433741569519
                ],
                [
                    -1.4901160305669237e-08,
                    0.7062820792198181,
                    -0.7079304456710815,
                    -2.8537590503692627
                ],
                [
                    0.0,
                    0.0,
                    0.0,
                    1.0
                ]
            ]
        },
        {
            "file_path": "/data/shapenet_blender/all_50_random/02958343/c20ff7778ca2b8ca86ac29addefc0f11/r_17",
            "rotation": 0.12566370614359174,
            "transform_matrix": [
                [
                    -0.6249217987060547,
                    0.5303383469581604,
                    0.572899580001831,
                    2.309432029724121
                ],
                [
                    0.7806873917579651,
                    0.42452332377433777,
                    0.4585925340652466,
                    1.8486456871032715
                ],
                [
                    -2.9802322387695312e-08,
                    0.7338398694992065,
                    -0.6793224811553955,
                    -2.738436460494995
                ],
                [
                    0.0,
                    0.0,
                    0.0,
                    1.0
                ]
            ]
        },
        {
            "file_path": "/data/shapenet_blender/all_50_random/02958343/c20ff7778ca2b8ca86ac29addefc0f11/r_18",
            "rotation": 0.12566370614359174,
            "transform_matrix": [
                [
                    -0.9997511506080627,
                    0.0074923280626535416,
                    -0.021009154617786407,
                    -0.08469060808420181
                ],
                [
                    -0.022305143997073174,
                    -0.33581775426864624,
                    0.9416628479957581,
                    3.795964241027832
                ],
                [
                    -4.6566125955216364e-10,
                    0.9418970942497253,
                    0.3359013497829437,
                    1.3540616035461426
                ],
                [
                    0.0,
                    0.0,
                    0.0,
                    1.0
                ]
            ]
        },
        {
            "file_path": "/data/shapenet_blender/all_50_random/02958343/c20ff7778ca2b8ca86ac29addefc0f11/r_19",
            "rotation": 0.12566370614359174,
            "transform_matrix": [
                [
                    0.8216203451156616,
                    -0.44532519578933716,
                    -0.3558445870876312,
                    -1.434455394744873
                ],
                [
                    -0.570034921169281,
                    -0.641869843006134,
                    -0.5128968954086304,
                    -2.0675535202026367
                ],
                [
                    0.0,
                    0.6242504715919495,
                    -0.781224250793457,
                    -3.1492156982421875
                ],
                [
                    0.0,
                    0.0,
                    0.0,
                    1.0
                ]
            ]
        },
        {
            "file_path": "/data/shapenet_blender/all_50_random/02958343/c20ff7778ca2b8ca86ac29addefc0f11/r_20",
            "rotation": 0.12566370614359174,
            "transform_matrix": [
                [
                    0.8991231322288513,
                    -0.01387904491275549,
                    -0.43747562170028687,
                    -1.76352059841156
                ],
                [
                    -0.43769571185112,
                    -0.028510605916380882,
                    -0.89867103099823,
                    -3.6226587295532227
                ],
                [
                    9.313224635931761e-10,
                    0.9994972348213196,
                    -0.03170934319496155,
                    -0.12782445549964905
                ],
                [
                    0.0,
                    0.0,
                    0.0,
                    1.0
                ]
            ]
        },
        {
            "file_path": "/data/shapenet_blender/all_50_random/02958343/c20ff7778ca2b8ca86ac29addefc0f11/r_21",
            "rotation": 0.12566370614359174,
            "transform_matrix": [
                [
                    0.9886460900306702,
                    -0.06284870207309723,
                    -0.13648812472820282,
                    -0.5502012372016907
                ],
                [
                    -0.1502629816532135,
                    -0.41350916028022766,
                    -0.8980151414871216,
                    -3.6200149059295654
                ],
                [
                    -3.725290298461914e-09,
                    0.9083282351493835,
                    -0.41825801134109497,
                    -1.6860519647598267
                ],
                [
                    0.0,
                    0.0,
                    0.0,
                    1.0
                ]
            ]
        },
        {
            "file_path": "/data/shapenet_blender/all_50_random/02958343/c20ff7778ca2b8ca86ac29addefc0f11/r_22",
            "rotation": 0.12566370614359174,
            "transform_matrix": [
                [
                    0.9989521503448486,
                    0.039894312620162964,
                    0.022432520985603333,
                    0.09042838215827942
                ],
                [
                    0.045768700540065765,
                    -0.8707371354103088,
                    -0.4896143674850464,
                    -1.973698616027832
                ],
                [
                    0.0,
                    0.4901278614997864,
                    -0.8716505169868469,
                    -3.51373553276062
                ],
                [
                    0.0,
                    0.0,
                    0.0,
                    1.0
                ]
            ]
        },
        {
            "file_path": "/data/shapenet_blender/all_50_random/02958343/c20ff7778ca2b8ca86ac29addefc0f11/r_23",
            "rotation": 0.12566370614359174,
            "transform_matrix": [
                [
                    -0.981866717338562,
                    -0.04965886101126671,
                    -0.1829528659582138,
                    -0.737506628036499
                ],
                [
                    -0.18957257270812988,
                    0.2572016716003418,
                    0.9475808143615723,
                    3.8198206424713135
                ],
                [
                    0.0,
                    0.9650810360908508,
                    -0.2619516849517822,
                    -1.0559611320495605
                ],
                [
                    0.0,
                    0.0,
                    0.0,
                    1.0
                ]
            ]
        },
        {
            "file_path": "/data/shapenet_blender/all_50_random/02958343/c20ff7778ca2b8ca86ac29addefc0f11/r_24",
            "rotation": 0.12566370614359174,
            "transform_matrix": [
                [
                    0.9587141871452332,
                    -0.04985964670777321,
                    -0.27996641397476196,
                    -1.1285806894302368
                ],
                [
                    -0.284371554851532,
                    -0.1680939942598343,
                    -0.9438629150390625,
                    -3.804833173751831
                ],
                [
                    0.0,
                    0.984509289264679,
                    -0.17533272504806519,
                    -0.7067888379096985
                ],
                [
                    0.0,
                    0.0,
                    0.0,
                    1.0
                ]
            ]
        },
        {
            "file_path": "/data/shapenet_blender/all_50_random/02958343/c20ff7778ca2b8ca86ac29addefc0f11/r_25",
            "rotation": 0.12566370614359174,
            "transform_matrix": [
                [
                    -0.39725205302238464,
                    0.9159737825393677,
                    0.0564141646027565,
                    0.22741279006004333
                ],
                [
                    0.9177095293998718,
                    0.39650067687034607,
                    0.02442019060254097,
                    0.09844094514846802
                ],
                [
                    0.0,
                    0.06147328019142151,
                    -0.9981087446212769,
                    -4.023505210876465
                ],
                [
                    0.0,
                    0.0,
                    0.0,
                    1.0
                ]
            ]
        },
        {
            "file_path": "/data/shapenet_blender/all_50_random/02958343/c20ff7778ca2b8ca86ac29addefc0f11/r_26",
            "rotation": 0.12566370614359174,
            "transform_matrix": [
                [
                    0.917185366153717,
                    0.21096289157867432,
                    -0.338032066822052,
                    -1.3626508712768555
                ],
                [
                    -0.39846086502075195,
                    0.48559874296188354,
                    -0.778089165687561,
                    -3.136577844619751
                ],
                [
                    0.0,
                    0.848344624042511,
                    0.5294444561004639,
                    2.134258985519409
                ],
                [
                    0.0,
                    0.0,
                    0.0,
                    1.0
                ]
            ]
        },
        {
            "file_path": "/data/shapenet_blender/all_50_random/02958343/c20ff7778ca2b8ca86ac29addefc0f11/r_27",
            "rotation": 0.12566370614359174,
            "transform_matrix": [
                [
                    0.5443925261497498,
                    -0.7013645768165588,
                    -0.4601353704929352,
                    -1.8548649549484253
                ],
                [
                    -0.8388305902481079,
                    -0.45517849922180176,
                    -0.2986231744289398,
                    -1.2037885189056396
                ],
                [
                    -1.4901161193847656e-08,
                    0.5485438108444214,
                    -0.8361217379570007,
                    -3.3705146312713623
                ],
                [
                    0.0,
                    0.0,
                    0.0,
                    1.0
                ]
            ]
        },
        {
            "file_path": "/data/shapenet_blender/all_50_random/02958343/c20ff7778ca2b8ca86ac29addefc0f11/r_28",
            "rotation": 0.12566370614359174,
            "transform_matrix": [
                [
                    -0.944750189781189,
                    -0.08234637975692749,
                    0.3172794282436371,
                    1.2789944410324097
                ],
                [
                    0.32779136300086975,
                    -0.23733621835708618,
                    0.9144529700279236,
                    3.6862781047821045
                ],
                [
                    7.450580596923828e-09,
                    0.9679310321807861,
                    0.2512158453464508,
                    1.012683629989624
                ],
                [
                    0.0,
                    0.0,
                    0.0,
                    1.0
                ]
            ]
        },
        {
            "file_path": "/data/shapenet_blender/all_50_random/02958343/c20ff7778ca2b8ca86ac29addefc0f11/r_29",
            "rotation": 0.12566370614359174,
            "transform_matrix": [
                [
                    -0.9516283869743347,
                    0.016997789964079857,
                    0.3067808151245117,
                    1.2366729974746704
                ],
                [
                    0.30725133419036865,
                    0.052646081894636154,
                    0.9501710534095764,
                    3.8302619457244873
                ],
                [
                    0.0,
                    0.9984684586524963,
                    -0.05532211437821388,
                    -0.2230105698108673
                ],
                [
                    0.0,
                    0.0,
                    0.0,
                    1.0
                ]
            ]
        },
        {
            "file_path": "/data/shapenet_blender/all_50_random/02958343/c20ff7778ca2b8ca86ac29addefc0f11/r_30",
            "rotation": 0.12566370614359174,
            "transform_matrix": [
                [
                    0.4039485454559326,
                    0.6420218348503113,
                    0.6516390442848206,
                    2.6268410682678223
                ],
                [
                    0.9147817492485046,
                    -0.2835034728050232,
                    -0.2877502143383026,
                    -1.1599582433700562
                ],
                [
                    1.4901162970204496e-08,
                    0.7123437523841858,
                    -0.7018306851387024,
                    -2.829169988632202
                ],
                [
                    0.0,
                    0.0,
                    0.0,
                    1.0
                ]
            ]
        },
        {
            "file_path": "/data/shapenet_blender/all_50_random/02958343/c20ff7778ca2b8ca86ac29addefc0f11/r_31",
            "rotation": 0.12566370614359174,
            "transform_matrix": [
                [
                    0.2968698740005493,
                    -0.02444416843354702,
                    0.954604983329773,
                    3.8481359481811523
                ],
                [
                    0.9549179673194885,
                    0.007599330507218838,
                    -0.2967725694179535,
                    -1.1963286399841309
                ],
                [
                    0.0,
                    0.9996722936630249,
                    0.025598183274269104,
                    0.10318958759307861
                ],
                [
                    0.0,
                    0.0,
                    0.0,
                    1.0
                ]
            ]
        },
        {
            "file_path": "/data/shapenet_blender/all_50_random/02958343/c20ff7778ca2b8ca86ac29addefc0f11/r_32",
            "rotation": 0.12566370614359174,
            "transform_matrix": [
                [
                    -0.7022915482521057,
                    0.11974278092384338,
                    0.7017465233802795,
                    2.8288307189941406
                ],
                [
                    0.711889386177063,
                    0.11812837421894073,
                    0.692285418510437,
                    2.79069185256958
                ],
                [
                    0.0,
                    0.9857520461082458,
                    -0.1682041883468628,
                    -0.6780527830123901
                ],
                [
                    0.0,
                    0.0,
                    0.0,
                    1.0
                ]
            ]
        },
        {
            "file_path": "/data/shapenet_blender/all_50_random/02958343/c20ff7778ca2b8ca86ac29addefc0f11/r_33",
            "rotation": 0.12566370614359174,
            "transform_matrix": [
                [
                    -0.7971890568733215,
                    0.289276659488678,
                    0.5299137830734253,
                    2.13615083694458
                ],
                [
                    0.6037297248840332,
                    0.3819725513458252,
                    0.6997194290161133,
                    2.8206591606140137
                ],
                [
                    -1.4901161193847656e-08,
                    0.8777332901954651,
                    -0.47914934158325195,
                    -1.9315128326416016
                ],
                [
                    0.0,
                    0.0,
                    0.0,
                    1.0
                ]
            ]
        },
        {
            "file_path": "/data/shapenet_blender/all_50_random/02958343/c20ff7778ca2b8ca86ac29addefc0f11/r_34",
            "rotation": 0.12566370614359174,
            "transform_matrix": [
                [
                    0.3981466591358185,
                    -0.2377888411283493,
                    -0.885965883731842,
                    -3.5714428424835205
                ],
                [
                    -0.9173216819763184,
                    -0.10320788621902466,
                    -0.3845372498035431,
                    -1.550119400024414
                ],
                [
                    0.0,
                    0.9658180475234985,
                    -0.25922074913978577,
                    -1.044952392578125
                ],
                [
                    0.0,
                    0.0,
                    0.0,
                    1.0
                ]
            ]
        },
        {
            "file_path": "/data/shapenet_blender/all_50_random/02958343/c20ff7778ca2b8ca86ac29addefc0f11/r_35",
            "rotation": 0.12566370614359174,
            "transform_matrix": [
                [
                    0.19173824787139893,
                    -0.4133284389972687,
                    -0.8901662826538086,
                    -3.5883750915527344
                ],
                [
                    -0.9814460873603821,
                    -0.08074908703565598,
                    -0.17390555143356323,
                    -0.7010356783866882
                ],
                [
                    -7.450580596923828e-09,
                    0.906994640827179,
                    -0.42114225029945374,
                    -1.6976786851882935
                ],
                [
                    0.0,
                    0.0,
                    0.0,
                    1.0
                ]
            ]
        },
        {
            "file_path": "/data/shapenet_blender/all_50_random/02958343/c20ff7778ca2b8ca86ac29addefc0f11/r_36",
            "rotation": 0.12566370614359174,
            "transform_matrix": [
                [
                    0.9694035649299622,
                    0.07692461460828781,
                    -0.23310808837413788,
                    -0.9396888017654419
                ],
                [
                    -0.24547258019447327,
                    0.30378544330596924,
                    -0.9205745458602905,
                    -3.7109549045562744
                ],
                [
                    0.0,
                    0.9496298432350159,
                    0.3133735656738281,
                    1.263249397277832
                ],
                [
                    0.0,
                    0.0,
                    0.0,
                    1.0
                ]
            ]
        },
        {
            "file_path": "/data/shapenet_blender/all_50_random/02958343/c20ff7778ca2b8ca86ac29addefc0f11/r_37",
            "rotation": 0.12566370614359174,
            "transform_matrix": [
                [
                    0.6467823386192322,
                    0.07903303951025009,
                    0.7585685849189758,
                    3.0578877925872803
                ],
                [
                    0.7626746296882629,
                    -0.06702356785535812,
                    -0.6433002948760986,
                    -2.593226432800293
                ],
                [
                    -3.725290298461914e-09,
                    0.9946162700653076,
                    -0.10362615436315536,
                    -0.4177303910255432
                ],
                [
                    0.0,
                    0.0,
                    0.0,
                    1.0
                ]
            ]
        },
        {
            "file_path": "/data/shapenet_blender/all_50_random/02958343/c20ff7778ca2b8ca86ac29addefc0f11/r_38",
            "rotation": 0.12566370614359174,
            "transform_matrix": [
                [
                    0.9941970109939575,
                    -0.10210343450307846,
                    0.03386983275413513,
                    0.1365336775779724
                ],
                [
                    0.10757452994585037,
                    0.943633496761322,
                    -0.3130228519439697,
                    -1.2618355751037598
                ],
                [
                    0.0,
                    0.31484997272491455,
                    0.9491413831710815,
                    3.8261115550994873
                ],
                [
                    0.0,
                    0.0,
                    0.0,
                    1.0
                ]
            ]
        },
        {
            "file_path": "/data/shapenet_blender/all_50_random/02958343/c20ff7778ca2b8ca86ac29addefc0f11/r_39",
            "rotation": 0.12566370614359174,
            "transform_matrix": [
                [
                    -0.9242661595344543,
                    0.046377453953027725,
                    0.3789210617542267,
                    1.527479648590088
                ],
                [
                    0.38174861669540405,
                    0.11228621751070023,
                    0.9174202084541321,
                    3.6982390880584717
                ],
                [
                    0.0,
                    0.9925930500030518,
                    -0.12148689478635788,
                    -0.4897293448448181
                ],
                [
                    0.0,
                    0.0,
                    0.0,
                    1.0
                ]
            ]
        },
        {
            "file_path": "/data/shapenet_blender/all_50_random/02958343/c20ff7778ca2b8ca86ac29addefc0f11/r_40",
            "rotation": 0.12566370614359174,
            "transform_matrix": [
                [
                    0.9771552681922913,
                    0.025198141112923622,
                    0.2110276222229004,
                    0.8506796360015869
                ],
                [
                    0.21252673864364624,
                    -0.11585599929094315,
                    -0.9702626466751099,
                    -3.9112541675567627
                ],
                [
                    1.862645149230957e-09,
                    0.9929463863372803,
                    -0.11856456100940704,
                    -0.4779490530490875
                ],
                [
                    0.0,
                    0.0,
                    0.0,
                    1.0
                ]
            ]
        },
        {
            "file_path": "/data/shapenet_blender/all_50_random/02958343/c20ff7778ca2b8ca86ac29addefc0f11/r_41",
            "rotation": 0.12566370614359174,
            "transform_matrix": [
                [
                    -0.6316417455673218,
                    -0.0775393545627594,
                    -0.7713730335235596,
                    -3.109504222869873
                ],
                [
                    -0.7752605080604553,
                    0.0631750151515007,
                    0.6284744739532471,
                    2.533461570739746
