{
    "class": "02958343",
    "model": "db86af2bec3e48d7beda80d430b92891",
    "remove_doubles": true,
    "edge_split": true,
    "denoise": true,
    "camera_angle_x": 0.6911112070083618,
    "scale_factor": 2.25735933126944,
    "hdri_file": "/data/IndoorHDRDataset2018/9C4A0363-e2a65b93c9.exr",
    "center_offset": [
        0.0,
        -2.3283064365386963e-09,
        -3.725290298461914e-09
    ],
    "lights": [],
    "frames": [
        {
            "file_path": "/data/shapenet_blender/all_50_random/02958343/db86af2bec3e48d7beda80d430b92891/r_0",
            "rotation": 0.12566370614359174,
            "transform_matrix": [
                [
                    -0.5368276238441467,
                    0.5029793977737427,
                    0.6773682236671448,
                    2.7305588722229004
                ],
                [
                    0.8436919450759888,
                    0.32003769278526306,
                    0.4309985339641571,
                    1.7374107837677002
                ],
                [
                    1.4901161193847656e-08,
                    0.8028621673583984,
                    -0.5961646437644958,
                    -2.40321683883667
                ],
                [
                    0.0,
                    0.0,
                    0.0,
                    1.0
                ]
            ]
        },
        {
            "file_path": "/data/shapenet_blender/all_50_random/02958343/db86af2bec3e48d7beda80d430b92891/r_1",
            "rotation": 0.12566370614359174,
            "transform_matrix": [
                [
                    0.2283458709716797,
                    -0.0945400819182396,
                    -0.968979001045227,
                    -3.9060792922973633
                ],
                [
                    -0.9735800623893738,
                    -0.02217366360127926,
                    -0.22726672887802124,
                    -0.9161415100097656
                ],
                [
                    0.0,
                    0.9952740669250488,
                    -0.09710560739040375,
                    -0.39144521951675415
                ],
                [
                    0.0,
                    0.0,
                    0.0,
                    1.0
                ]
            ]
        },
        {
            "file_path": "/data/shapenet_blender/all_50_random/02958343/db86af2bec3e48d7beda80d430b92891/r_2",
            "rotation": 0.12566370614359174,
            "transform_matrix": [
                [
                    -0.07509028911590576,
                    0.88591068983078,
                    0.4577375054359436,
                    1.8451989889144897
                ],
                [
                    0.9971767067909241,
                    0.06671163439750671,
                    0.03446895629167557,
                    0.13894882798194885
                ],
                [
                    1.862645149230957e-09,
                    0.4590335190296173,
                    -0.8884188532829285,
                    -3.581331253051758
                ],
                [
                    0.0,
                    0.0,
                    0.0,
                    1.0
                ]
            ]
        },
        {
            "file_path": "/data/shapenet_blender/all_50_random/02958343/db86af2bec3e48d7beda80d430b92891/r_3",
            "rotation": 0.12566370614359174,
            "transform_matrix": [
                [
                    -0.9824295043945312,
                    -0.13822533190250397,
                    -0.1254032999277115,
                    -0.5055168867111206
                ],
                [
                    -0.18663392961025238,
                    0.7276095747947693,
                    0.6601152420043945,
                    2.6610095500946045
                ],
                [
                    0.0,
                    0.6719212532043457,
                    -0.7406226396560669,
                    -2.9855453968048096
                ],
                [
                    0.0,
                    0.0,
                    0.0,
                    1.0
                ]
            ]
        },
        {
            "file_path": "/data/shapenet_blender/all_50_random/02958343/db86af2bec3e48d7beda80d430b92891/r_4",
            "rotation": 0.12566370614359174,
            "transform_matrix": [
                [
                    -0.7501814365386963,
                    -0.5732635259628296,
                    -0.32954007387161255,
                    -1.328418493270874
                ],
                [
                    -0.6612319946289062,
                    0.6503793597221375,
                    0.3738700747489929,
                    1.5071184635162354
                ],
                [
                    -1.4901161193847656e-08,
                    0.4983729124069214,
                    -0.8669627904891968,
                    -3.4948387145996094
                ],
                [
                    0.0,
                    0.0,
                    0.0,
                    1.0
                ]
            ]
        },
        {
            "file_path": "/data/shapenet_blender/all_50_random/02958343/db86af2bec3e48d7beda80d430b92891/r_5",
            "rotation": 0.12566370614359174,
            "transform_matrix": [
                [
                    -0.8701082468032837,
                    -0.46850308775901794,
                    0.15302446484565735,
                    0.6168613433837891
                ],
                [
                    0.49286067485809326,
                    -0.827106773853302,
                    0.27015310525894165,
                    1.0890220403671265
                ],
                [
                    1.4901160305669237e-08,
                    0.31048235297203064,
                    0.9505791664123535,
                    3.831907033920288
                ],
                [
                    0.0,
                    0.0,
                    0.0,
                    1.0
                ]
            ]
        },
        {
            "file_path": "/data/shapenet_blender/all_50_random/02958343/db86af2bec3e48d7beda80d430b92891/r_6",
            "rotation": 0.12566370614359174,
            "transform_matrix": [
                [
                    -0.6473498940467834,
                    0.6628186106681824,
                    -0.37631046772003174,
                    -1.5169559717178345
                ],
                [
                    -0.7621930837631226,
                    -0.5629486441612244,
                    0.31961002945899963,
                    1.2883892059326172
                ],
                [
                    1.4901162970204496e-08,
                    0.49372076988220215,
                    0.8696205615997314,
                    3.5055525302886963
                ],
                [
                    0.0,
                    0.0,
                    0.0,
                    1.0
                ]
            ]
        },
        {
            "file_path": "/data/shapenet_blender/all_50_random/02958343/db86af2bec3e48d7beda80d430b92891/r_7",
            "rotation": 0.12566370614359174,
            "transform_matrix": [
                [
                    0.6815478801727295,
                    -0.0037028228398412466,
                    -0.7317641973495483,
                    -2.949835777282715
                ],
                [
                    -0.7317735552787781,
                    -0.00344867748208344,
                    -0.6815391182899475,
                    -2.7473721504211426
                ],
                [
                    -2.3283064365386963e-10,
                    0.9999872446060181,
                    -0.005060066003352404,
                    -0.02039777860045433
                ],
                [
                    0.0,
                    0.0,
                    0.0,
                    1.0
                ]
            ]
        },
        {
            "file_path": "/data/shapenet_blender/all_50_random/02958343/db86af2bec3e48d7beda80d430b92891/r_8",
            "rotation": 0.12566370614359174,
            "transform_matrix": [
                [
                    0.013376113027334213,
                    -0.28339600563049316,
                    -0.9589096903800964,
                    -3.8654885292053223
                ],
                [
                    -0.9999105930328369,
                    -0.003791075898334384,
                    -0.012827630154788494,
                    -0.05170983076095581
                ],
                [
                    0.0,
                    0.9589953422546387,
                    -0.2834213972091675,
                    -1.1425081491470337
                ],
                [
                    0.0,
                    0.0,
                    0.0,
                    1.0
                ]
            ]
        },
        {
            "file_path": "/data/shapenet_blender/all_50_random/02958343/db86af2bec3e48d7beda80d430b92891/r_9",
            "rotation": 0.12566370614359174,
            "transform_matrix": [
                [
                    -0.6880384087562561,
                    -0.36435553431510925,
                    0.6275731921195984,
                    2.5298283100128174
                ],
                [
                    0.7256742119789124,
                    -0.34545889496803284,
                    0.5950252413749695,
                    2.398623466491699
                ],
                [
                    0.0,
                    0.8648138642311096,
                    0.5020924210548401,
                    2.0239992141723633
                ],
                [
                    0.0,
                    0.0,
                    0.0,
                    1.0
                ]
            ]
        },
        {
            "file_path": "/data/shapenet_blender/all_50_random/02958343/db86af2bec3e48d7beda80d430b92891/r_10",
            "rotation": 0.12566370614359174,
            "transform_matrix": [
                [
                    0.788686215877533,
                    0.43913739919662476,
                    -0.43027010560035706,
                    -1.7344744205474854
                ],
                [
                    -0.6147959232330322,
                    0.5633440017700195,
                    -0.5519686937332153,
                    -2.2250571250915527
                ],
                [
                    -2.9802322387695312e-08,
                    0.6998584866523743,
                    0.714281439781189,
                    2.8793609142303467
                ],
                [
                    0.0,
                    0.0,
                    0.0,
                    1.0
                ]
            ]
        },
        {
            "file_path": "/data/shapenet_blender/all_50_random/02958343/db86af2bec3e48d7beda80d430b92891/r_11",
            "rotation": 0.12566370614359174,
            "transform_matrix": [
                [
                    -0.7878161072731018,
                    0.06276567280292511,
                    0.6127039790153503,
                    2.469888687133789
                ],
                [
                    0.6159104704856873,
                    0.08028408139944077,
                    0.7837147116661072,
                    3.159255027770996
                ],
                [
                    3.725290076417309e-09,
                    0.9947938919067383,
                    -0.10190713405609131,
                    -0.4108007848262787
                ],
                [
                    0.0,
                    0.0,
                    0.0,
                    1.0
                ]
            ]
        },
        {
            "file_path": "/data/shapenet_blender/all_50_random/02958343/db86af2bec3e48d7beda80d430b92891/r_12",
            "rotation": 0.12566370614359174,
            "transform_matrix": [
                [
                    0.3535773456096649,
                    0.14171139895915985,
                    0.9246085286140442,
                    3.7272162437438965
                ],
                [
                    0.9354053139686584,
                    -0.05356601998209953,
                    -0.3494962155818939,
                    -1.4088642597198486
                ],
                [
                    3.725290298461914e-09,
                    0.9884577393531799,
                    -0.15149731934070587,
                    -0.6107052564620972
                ],
                [
                    0.0,
                    0.0,
                    0.0,
                    1.0
                ]
            ]
        },
        {
            "file_path": "/data/shapenet_blender/all_50_random/02958343/db86af2bec3e48d7beda80d430b92891/r_13",
            "rotation": 0.12566370614359174,
            "transform_matrix": [
                [
                    -0.9497235417366028,
                    0.08401751518249512,
                    -0.30160632729530334,
                    -1.2158139944076538
                ],
                [
                    -0.3130899667739868,
                    -0.25485777854919434,
                    0.9148891568183899,
                    3.6880362033843994
                ],
                [
                    0.0,
                    0.9633215665817261,
                    0.26834946870803833,
                    1.0817513465881348
                ],
                [
                    0.0,
                    0.0,
                    0.0,
                    1.0
                ]
            ]
        },
        {
            "file_path": "/data/shapenet_blender/all_50_random/02958343/db86af2bec3e48d7beda80d430b92891/r_14",
            "rotation": 0.12566370614359174,
            "transform_matrix": [
                [
                    -0.32285434007644653,
                    -0.3314334750175476,
                    -0.8865194916725159,
                    -3.573674440383911
                ],
                [
                    -0.9464486241340637,
                    0.11305921524763107,
                    0.30241119861602783,
                    1.2190585136413574
                ],
                [
                    0.0,
                    0.936680018901825,
                    -0.35018643736839294,
                    -1.4116467237472534
                ],
                [
                    0.0,
                    0.0,
                    0.0,
                    1.0
                ]
            ]
        },
        {
            "file_path": "/data/shapenet_blender/all_50_random/02958343/db86af2bec3e48d7beda80d430b92891/r_15",
            "rotation": 0.12566370614359174,
            "transform_matrix": [
                [
                    0.8255702257156372,
                    -0.13573703169822693,
                    0.5477309823036194,
                    2.2079739570617676
                ],
                [
                    0.5642992854118347,
                    0.19858336448669434,
                    -0.8013307452201843,
                    -3.230267286300659
                ],
                [
                    0.0,
                    0.9706389307975769,
                    0.24054087698459625,
                    0.9696511626243591
                ],
                [
                    0.0,
                    0.0,
                    0.0,
                    1.0
                ]
            ]
        },
        {
            "file_path": "/data/shapenet_blender/all_50_random/02958343/db86af2bec3e48d7beda80d430b92891/r_16",
            "rotation": 0.12566370614359174,
            "transform_matrix": [
                [
                    -0.950781524181366,
                    -0.120244599878788,
                    -0.2855799198150635,
                    -1.1512095928192139
                ],
                [
                    -0.309862345457077,
                    0.368958443403244,
                    0.8762732744216919,
                    3.5323708057403564
                ],
                [
                    -7.450581485102248e-09,
                    0.9216348528862,
                    -0.3880580961704254,
                    -1.5643123388290405
                ],
                [
                    0.0,
                    0.0,
                    0.0,
                    1.0
                ]
            ]
        },
        {
            "file_path": "/data/shapenet_blender/all_50_random/02958343/db86af2bec3e48d7beda80d430b92891/r_17",
            "rotation": 0.12566370614359174,
            "transform_matrix": [
                [
                    -0.8860966563224792,
                    0.1091461032629013,
                    0.45046624541282654,
                    1.8158875703811646
                ],
                [
                    0.4635005295276642,
                    0.20865994691848755,
                    0.8611783981323242,
                    3.4715211391448975
                ],
                [
                    7.450580596923828e-09,
                    0.9718786478042603,
                    -0.23548215627670288,
                    -0.9492589235305786
                ],
                [
                    0.0,
                    0.0,
                    0.0,
                    1.0
                ]
            ]
        },
        {
            "file_path": "/data/shapenet_blender/all_50_random/02958343/db86af2bec3e48d7beda80d430b92891/r_18",
            "rotation": 0.12566370614359174,
            "transform_matrix": [
                [
                    0.12323292344808578,
                    0.015972500666975975,
                    -0.9922492504119873,
                    -3.999884605407715
                ],
                [
                    -0.992377758026123,
                    0.001983456313610077,
                    -0.12321696430444717,
                    -0.49670347571372986
                ],
                [
                    0.0,
                    0.9998704791069031,
                    0.016095181927084923,
                    0.06488175690174103
                ],
                [
                    0.0,
                    0.0,
                    0.0,
                    1.0
                ]
            ]
        },
        {
            "file_path": "/data/shapenet_blender/all_50_random/02958343/db86af2bec3e48d7beda80d430b92891/r_19",
            "rotation": 0.12566370614359174,
            "transform_matrix": [
                [
                    -0.03761929273605347,
                    -0.9350109696388245,
                    -0.3526175618171692,
                    -1.4214469194412231
                ],
                [
                    -0.9992921948432922,
                    0.0351993665099144,
                    0.013274620287120342,
                    0.05351170897483826
                ],
                [
                    -9.313225746154785e-10,
                    0.3528672754764557,
                    -0.9356732964515686,
                    -3.771819829940796
                ],
                [
                    0.0,
                    0.0,
                    0.0,
                    1.0
                ]
            ]
        },
        {
            "file_path": "/data/shapenet_blender/all_50_random/02958343/db86af2bec3e48d7beda80d430b92891/r_20",
            "rotation": 0.12566370614359174,
            "transform_matrix": [
                [
                    -0.5363290309906006,
                    0.3854500651359558,
                    0.7508524060249329,
                    3.026782989501953
                ],
                [
                    0.8440089821815491,
                    0.24493584036827087,
                    0.47713229060173035,
                    1.9233819246292114
                ],
                [
                    0.0,
                    0.8896260261535645,
                    -0.4566895365715027,
                    -1.8409745693206787
                ],
                [
                    0.0,
                    0.0,
                    0.0,
                    1.0
                ]
            ]
        },
        {
            "file_path": "/data/shapenet_blender/all_50_random/02958343/db86af2bec3e48d7beda80d430b92891/r_21",
            "rotation": 0.12566370614359174,
            "transform_matrix": [
                [
                    0.9687330722808838,
                    -0.013007303699851036,
                    -0.24776394665241241,
                    -0.9987683892250061
                ],
                [
                    -0.24810513854026794,
                    -0.05078735575079918,
                    -0.967400848865509,
                    -3.8997175693511963
                ],
                [
                    9.313225746154785e-10,
                    0.9986247420310974,
                    -0.052426572889089584,
                    -0.21133828163146973
                ],
                [
                    0.0,
                    0.0,
                    0.0,
                    1.0
                ]
            ]
        },
        {
            "file_path": "/data/shapenet_blender/all_50_random/02958343/db86af2bec3e48d7beda80d430b92891/r_22",
            "rotation": 0.12566370614359174,
            "transform_matrix": [
                [
                    0.9832621216773987,
                    0.14303149282932281,
                    0.11286118626594543,
                    0.4549579918384552
                ],
                [
                    0.1821967512369156,
                    -0.7718987464904785,
                    -0.6090784668922424,
                    -2.4552738666534424
                ],
                [
                    7.450581485102248e-09,
                    0.6194465756416321,
                    -0.7850386500358582,
                    -3.1645920276641846
                ],
                [
                    0.0,
                    0.0,
                    0.0,
                    1.0
                ]
            ]
        },
        {
            "file_path": "/data/shapenet_blender/all_50_random/02958343/db86af2bec3e48d7beda80d430b92891/r_23",
            "rotation": 0.12566370614359174,
            "transform_matrix": [
                [
                    0.8822327852249146,
                    0.1653839647769928,
                    -0.4408099055290222,
                    -1.7769615650177002
                ],
                [
                    -0.4708133637905121,
                    0.30990445613861084,
                    -0.8260108828544617,
                    -3.329756259918213
                ],
                [
                    0.0,
                    0.9362729787826538,
                    0.3512728810310364,
                    1.41602623462677
                ],
                [
                    0.0,
                    0.0,
                    0.0,
                    1.0
                ]
            ]
        },
        {
            "file_path": "/data/shapenet_blender/all_50_random/02958343/db86af2bec3e48d7beda80d430b92891/r_24",
            "rotation": 0.12566370614359174,
            "transform_matrix": [
                [
                    -0.7779580950737,
                    -0.16075995564460754,
                    -0.6074020862579346,
                    -2.448516368865967
                ],
                [
                    -0.6283161044120789,
                    0.19904711842536926,
                    0.7520631551742554,
                    3.0316638946533203
                ],
                [
                    0.0,
                    0.9667143225669861,
                    -0.2558583617210388,
                    -1.0313981771469116
                ],
                [
                    0.0,
                    0.0,
                    0.0,
                    1.0
                ]
            ]
        },
        {
            "file_path": "/data/shapenet_blender/all_50_random/02958343/db86af2bec3e48d7beda80d430b92891/r_25",
            "rotation": 0.12566370614359174,
            "transform_matrix": [
                [
                    0.8158034086227417,
                    0.2856719195842743,
                    0.5028480887413025,
                    2.027045726776123
                ],
                [
                    0.5783292055130005,
                    -0.40297484397888184,
                    -0.7093281745910645,
                    -2.85939359664917
                ],
                [
                    0.0,
                    0.8694841861724854,
                    -0.4939606785774231,
                    -1.9912192821502686
                ],
                [
                    0.0,
                    0.0,
                    0.0,
                    1.0
                ]
            ]
        },
        {
            "file_path": "/data/shapenet_blender/all_50_random/02958343/db86af2bec3e48d7beda80d430b92891/r_26",
            "rotation": 0.12566370614359174,
            "transform_matrix": [
                [
                    0.8899841904640198,
                    -0.002113224472850561,
                    0.45598646998405457,
                    1.8381402492523193
                ],
                [
                    0.45599138736724854,
                    0.00412449985742569,
                    -0.8899745941162109,
                    -3.587602376937866
                ],
                [
                    0.0,
                    0.9999892115592957,
                    0.004634352400898933,
                    0.01868167147040367
                ],
                [
                    0.0,
                    0.0,
                    0.0,
                    1.0
                ]
            ]
        },
        {
            "file_path": "/data/shapenet_blender/all_50_random/02958343/db86af2bec3e48d7beda80d430b92891/r_27",
            "rotation": 0.12566370614359174,
            "transform_matrix": [
                [
                    -0.9999999403953552,
                    3.689262302941643e-05,
                    3.612242289818823e-05,
                    0.0001456141471862793
                ],
                [
                    5.163230889593251e-05,
                    0.7145258784294128,
                    0.6996089220046997,
                    2.820213794708252
                ],
                [
                    1.8189894035458565e-12,
                    0.6996089816093445,
                    -0.7145258784294128,
                    -2.8803460597991943
                ],
                [
                    0.0,
                    0.0,
                    0.0,
                    1.0
                ]
            ]
        },
        {
            "file_path": "/data/shapenet_blender/all_50_random/02958343/db86af2bec3e48d7beda80d430b92891/r_28",
            "rotation": 0.12566370614359174,
            "transform_matrix": [
                [
                    0.07870569080114365,
                    0.47361671924591064,
                    0.8772072196006775,
                    3.53613543510437
                ],
                [
                    0.9968978762626648,
                    -0.037392325699329376,
                    -0.06925604492425919,
                    -0.27918004989624023
                ],
                [
                    -3.725290298461914e-09,
                    0.8799368739128113,
                    -0.47509050369262695,
                    -1.9151511192321777
                ],
                [
                    0.0,
                    0.0,
                    0.0,
                    1.0
                ]
            ]
        },
        {
            "file_path": "/data/shapenet_blender/all_50_random/02958343/db86af2bec3e48d7beda80d430b92891/r_29",
            "rotation": 0.12566370614359174,
            "transform_matrix": [
                [
                    0.25693395733833313,
                    0.11005179584026337,
                    -0.9601424932479858,
                    -3.8704581260681152
                ],
                [
                    -0.9664289951324463,
                    0.029258273541927338,
                    -0.2552626430988312,
                    -1.0289965867996216
                ],
                [
                    0.0,
                    0.9934950470924377,
                    0.11387470364570618,
                    0.45904362201690674
                ],
                [
                    0.0,
                    0.0,
                    0.0,
                    1.0
                ]
            ]
        },
        {
            "file_path": "/data/shapenet_blender/all_50_random/02958343/db86af2bec3e48d7beda80d430b92891/r_30",
            "rotation": 0.12566370614359174,
            "transform_matrix": [
                [
                    0.9863767623901367,
                    -0.03944255784153938,
                    0.15970370173454285,
                    0.6437861919403076
                ],
                [
                    0.16450226306915283,
                    0.23650266230106354,
                    -0.9576040506362915,
                    -3.8602254390716553
                ],
                [
                    3.725290742551124e-09,
                    0.9708299040794373,
                    0.2397691160440445,
                    0.9665402173995972
                ],
                [
                    0.0,
                    0.0,
                    0.0,
                    1.0
                ]
            ]
        },
        {
            "file_path": "/data/shapenet_blender/all_50_random/02958343/db86af2bec3e48d7beda80d430b92891/r_31",
            "rotation": 0.12566370614359174,
            "transform_matrix": [
                [
                    0.9634203910827637,
                    0.18649302423000336,
                    -0.19246172904968262,
                    -0.7758380174636841
                ],
                [
                    -0.2679947018623352,
                    0.6704280972480774,
                    -0.6918851733207703,
                    -2.7890782356262207
                ],
                [
                    -1.4901159417490817e-08,
                    0.718155026435852,
                    0.6958832144737244,
                    2.805194854736328
                ],
                [
                    0.0,
                    0.0,
                    0.0,
                    1.0
                ]
            ]
        },
        {
            "file_path": "/data/shapenet_blender/all_50_random/02958343/db86af2bec3e48d7beda80d430b92891/r_32",
            "rotation": 0.12566370614359174,
            "transform_matrix": [
                [
                    -0.902116596698761,
                    0.2754111588001251,
                    0.33216628432273865,
                    1.3390051126480103
                ],
                [
                    0.43149247765541077,
                    0.5757991075515747,
                    0.6944563984870911,
                    2.799443244934082
                ],
                [
                    -1.4901161193847656e-08,
                    0.7698078155517578,
                    -0.638275682926178,
                    -2.5729715824127197
                ],
                [
                    0.0,
                    0.0,
                    0.0,
                    1.0
                ]
            ]
        },
        {
            "file_path": "/data/shapenet_blender/all_50_random/02958343/db86af2bec3e48d7beda80d430b92891/r_33",
            "rotation": 0.12566370614359174,
            "transform_matrix": [
                [
                    0.5915037393569946,
                    0.49661290645599365,
                    0.6352155804634094,
                    2.560636043548584
                ],
                [
                    0.8063021898269653,
                    -0.36431553959846497,
                    -0.46599453687667847,
                    -1.8784841299057007
                ],
                [
                    0.0,
                    0.7878133058547974,
                    -0.6159140467643738,
                    -2.4828290939331055
                ],
                [
                    0.0,
                    0.0,
                    0.0,
                    1.0
                ]
            ]
        },
        {
            "file_path": "/data/shapenet_blender/all_50_random/02958343/db86af2bec3e48d7beda80d430b92891/r_34",
            "rotation": 0.12566370614359174,
            "transform_matrix": [
                [
                    0.4371444582939148,
                    0.01805308647453785,
                    0.8992100358009338,
                    3.6248319149017334
                ],
                [
                    0.8993913531303406,
                    -0.008774608373641968,
                    -0.4370563328266144,
                    -1.7618305683135986
                ],
                [
                    0.0,
                    0.9997984170913696,
                    -0.020072562620043755,
                    -0.08091509342193604
                ],
                [
                    0.0,
                    0.0,
                    0.0,
                    1.0
                ]
            ]
        },
        {
            "file_path": "/data/shapenet_blender/all_50_random/02958343/db86af2bec3e48d7beda80d430b92891/r_35",
            "rotation": 0.12566370614359174,
            "transform_matrix": [
                [
                    0.22893008589744568,
                    -0.522298276424408,
                    -0.8214592933654785,
                    -3.311408519744873
                ],
                [
                    -0.9734429121017456,
                    -0.12283184379339218,
                    -0.19318723678588867,
                    -0.778762698173523
                ],
                [
                    0.0,
                    0.8438701033592224,
                    -0.5365474224090576,
                    -2.1628921031951904
                ],
                [
                    0.0,
                    0.0,
                    0.0,
                    1.0
                ]
            ]
        },
        {
            "file_path": "/data/shapenet_blender/all_50_random/02958343/db86af2bec3e48d7beda80d430b92891/r_36",
            "rotation": 0.12566370614359174,
            "transform_matrix": [
                [
                    -0.5329974293708801,
                    0.08535199612379074,
                    0.8418009281158447,
                    3.3934082984924316
                ],
                [
                    0.8461169600486755,
                    0.05376607924699783,
                    0.5302785634994507,
                    2.1376214027404785
                ],
                [
                    0.0,
                    0.9948991537094116,
                    -0.10087493062019348,
                    -0.40663987398147583
                ],
                [
                    0.0,
                    0.0,
                    0.0,
                    1.0
                ]
            ]
        },
        {
            "file_path": "/data/shapenet_blender/all_50_random/02958343/db86af2bec3e48d7beda80d430b92891/r_37",
            "rotation": 0.12566370614359174,
            "transform_matrix": [
                [
                    0.9875171184539795,
                    -0.014021112583577633,
                    0.15688692033290863,
                    0.6324313879013062
                ],
                [
                    0.15751223266124725,
                    0.08790484815835953,
                    -0.9835967421531677,
                    -3.965005397796631
                ],
                [
                    0.0,
                    0.9960302114486694,
                    0.08901602774858475,
                    0.3588350713253021
                ],
                [
                    0.0,
                    0.0,
                    0.0,
                    1.0
                ]
            ]
        },
        {
            "file_path": "/data/shapenet_blender/all_50_random/02958343/db86af2bec3e48d7beda80d430b92891/r_38",
            "rotation": 0.12566370614359174,
            "transform_matrix": [
                [
                    0.5816551446914673,
                    -0.6112289428710938,
                    0.5367276072502136,
                    2.1636180877685547
                ],
                [
                    0.8134355545043945,
                    0.43706533312797546,
                    -0.3837924003601074,
                    -1.5471166372299194
                ],
                [
                    0.0,
                    0.6598280072212219,
                    0.7514166235923767,
                    3.029057264328003
                ],
                [
                    0.0,
                    0.0,
                    0.0,
                    1.0
                ]
            ]
        },
        {
            "file_path": "/data/shapenet_blender/all_50_random/02958343/db86af2bec3e48d7beda80d430b92891/r_39",
            "rotation": 0.12566370614359174,
            "transform_matrix": [
                [
                    0.2699646055698395,
                    0.06861970573663712,
                    0.9604219794273376,
                    3.871584892272949
                ],
                [
                    0.9628702402114868,
                    -0.019239241257309914,
                    -0.2692781984806061,
                    -1.085495114326477
                ],
                [
                    0.0,
                    0.9974573254585266,
                    -0.07126578688621521,
                    -0.2872815728187561
                ],
                [
                    0.0,
                    0.0,
                    0.0,
                    1.0
                ]
            ]
        },
        {
            "file_path": "/data/shapenet_blender/all_50_random/02958343/db86af2bec3e48d7beda80d430b92891/r_40",
            "rotation": 0.12566370614359174,
            "transform_matrix": [
                [
                    0.984827995300293,
                    -0.11251188814640045,
                    0.1321171373128891,
                    0.5325812697410583
                ],
                [
                    0.17353346943855286,
                    0.6385214924812317,
                    -0.7497841715812683,
                    -3.0224769115448
                ],
                [
                    0.0,
                    0.7613351345062256,
                    0.6483584046363831,
                    2.613616466522217
                ],
                [
                    0.0,
                    0.0,
                    0.0,
                    1.0
                ]
            ]
        },
        {
            "file_path": "/data/shapenet_blender/all_50_random/02958343/db86af2bec3e48d7beda80d430b92891/r_41",
            "rotation": 0.12566370614359174,
            "transform_matrix": [
                [
                    0.9219104051589966,
                    -0.16489489376544952,
                    0.3505580425262451,
                    1.413144826889038
                ],
                [
                    0.387403279542923,
                    0.3924033045768738,
                    -0.8342291712760925,
                    -3.3628854751586914
                ],
                [
