{
    "class": "02958343",
    "model": "3db560d20e40c3b835ac1a825225d411",
    "remove_doubles": true,
    "edge_split": true,
    "denoise": true,
    "camera_angle_x": 0.6911112070083618,
    "scale_factor": 2.3380819975160376,
    "hdri_file": "/data/IndoorHDRDataset2018/9C4A3279-40c54fd0d6.exr",
    "center_offset": [
        0.0,
        0.0,
        3.725290298461914e-09
    ],
    "lights": [],
    "frames": [
        {
            "file_path": "/data/shapenet_blender/all_50_random/02958343/3db560d20e40c3b835ac1a825225d411/r_0",
            "rotation": 0.12566370614359174,
            "transform_matrix": [
                [
                    -0.9263449311256409,
                    0.056514013558626175,
                    -0.37241262197494507,
                    -1.5012434720993042
                ],
                [
                    -0.3766762912273407,
                    -0.1389826536178589,
                    0.9158594608306885,
                    3.6919479370117188
                ],
                [
                    -3.725290298461914e-09,
                    0.988680899143219,
                    0.15003333985805511,
                    0.6048038005828857
                ],
                [
                    0.0,
                    0.0,
                    0.0,
                    1.0
                ]
            ]
        },
        {
            "file_path": "/data/shapenet_blender/all_50_random/02958343/3db560d20e40c3b835ac1a825225d411/r_1",
            "rotation": 0.12566370614359174,
            "transform_matrix": [
                [
                    -0.04008236527442932,
                    0.27209264039993286,
                    0.9614359140396118,
                    3.8756721019744873
                ],
                [
                    0.9991964101791382,
                    0.01091488916426897,
                    0.038567621260881424,
                    0.1554710566997528
                ],
                [
                    -9.313225746154785e-10,
                    0.9622090458869934,
                    -0.2723115086555481,
                    -1.0977227687835693
                ],
                [
                    0.0,
                    0.0,
                    0.0,
                    1.0
                ]
            ]
        },
        {
            "file_path": "/data/shapenet_blender/all_50_random/02958343/3db560d20e40c3b835ac1a825225d411/r_2",
            "rotation": 0.12566370614359174,
            "transform_matrix": [
                [
                    0.9872892498970032,
                    0.1532129943370819,
                    0.042258258908987045,
                    0.17034849524497986
                ],
                [
                    0.15893389284610748,
                    -0.9517512917518616,
                    -0.2625061571598053,
                    -1.0581961870193481
                ],
                [
                    -3.725290298461914e-09,
                    0.26588568091392517,
                    -0.9640045166015625,
                    -3.886026620864868
                ],
                [
                    0.0,
                    0.0,
                    0.0,
                    1.0
                ]
            ]
        },
        {
            "file_path": "/data/shapenet_blender/all_50_random/02958343/3db560d20e40c3b835ac1a825225d411/r_3",
            "rotation": 0.12566370614359174,
            "transform_matrix": [
                [
                    0.11419100314378738,
                    0.23628155887126923,
                    -0.9649515151977539,
                    -3.8898439407348633
                ],
                [
                    -0.9934588670730591,
                    0.02715887874364853,
                    -0.11091428995132446,
                    -0.44710981845855713
                ],
                [
                    0.0,
                    0.9713050723075867,
                    0.2378372848033905,
                    0.9587527513504028
                ],
                [
                    0.0,
                    0.0,
                    0.0,
                    1.0
                ]
            ]
        },
        {
            "file_path": "/data/shapenet_blender/all_50_random/02958343/3db560d20e40c3b835ac1a825225d411/r_4",
            "rotation": 0.12566370614359174,
            "transform_matrix": [
                [
                    0.09769153594970703,
                    -0.059831637889146805,
                    -0.9934165477752686,
                    -4.0045905113220215
                ],
                [
                    -0.9952167868614197,
                    -0.005873137153685093,
                    -0.0975148156285286,
                    -0.39309483766555786
                ],
                [
                    -4.656613428188905e-10,
                    0.9981911182403564,
                    -0.060119207948446274,
                    -0.2423482984304428
                ],
                [
                    0.0,
                    0.0,
                    0.0,
                    1.0
                ]
            ]
        },
        {
            "file_path": "/data/shapenet_blender/all_50_random/02958343/3db560d20e40c3b835ac1a825225d411/r_5",
            "rotation": 0.12566370614359174,
            "transform_matrix": [
                [
                    -0.20773804187774658,
                    0.3911248445510864,
                    -0.8965858817100525,
                    -3.614253044128418
                ],
                [
                    -0.9781844615936279,
                    -0.08306358754634857,
                    0.1904088705778122,
                    0.7675626873970032
                ],
                [
                    0.0,
                    0.9165815711021423,
                    0.39984774589538574,
                    1.6118377447128296
                ],
                [
                    0.0,
                    0.0,
                    0.0,
                    1.0
                ]
            ]
        },
        {
            "file_path": "/data/shapenet_blender/all_50_random/02958343/3db560d20e40c3b835ac1a825225d411/r_6",
            "rotation": 0.12566370614359174,
            "transform_matrix": [
                [
                    -0.7167560458183289,
                    0.0769207626581192,
                    -0.6930684447288513,
                    -2.7938482761383057
                ],
                [
                    -0.6973239183425903,
                    -0.07906429469585419,
                    0.7123820185661316,
                    2.871703863143921
                ],
                [
                    0.0,
                    0.9938974380493164,
                    0.11030850559473038,
                    0.4446678161621094
                ],
                [
                    0.0,
                    0.0,
                    0.0,
                    1.0
                ]
            ]
        },
        {
            "file_path": "/data/shapenet_blender/all_50_random/02958343/3db560d20e40c3b835ac1a825225d411/r_7",
            "rotation": 0.12566370614359174,
            "transform_matrix": [
                [
                    -0.16693316400051117,
                    -0.23150186240673065,
                    0.9584051370620728,
                    3.8634541034698486
                ],
                [
                    0.985968291759491,
                    -0.039195314049720764,
                    0.16226647794246674,
                    0.6541169881820679
                ],
                [
                    0.0,
                    0.9720445275306702,
                    0.23479650914669037,
                    0.9464948773384094
                ],
                [
                    0.0,
                    0.0,
                    0.0,
                    1.0
                ]
            ]
        },
        {
            "file_path": "/data/shapenet_blender/all_50_random/02958343/3db560d20e40c3b835ac1a825225d411/r_8",
            "rotation": 0.12566370614359174,
            "transform_matrix": [
                [
                    0.20655152201652527,
                    0.2410060167312622,
                    0.9482892155647278,
                    3.822676420211792
                ],
                [
                    0.9784358143806458,
                    -0.05087728798389435,
                    -0.20018744468688965,
                    -0.8069814443588257
                ],
                [
                    7.450581485102248e-09,
                    0.9691891074180603,
                    -0.24631766974925995,
                    -0.9929383397102356
                ],
                [
                    0.0,
                    0.0,
                    0.0,
                    1.0
                ]
            ]
        },
        {
            "file_path": "/data/shapenet_blender/all_50_random/02958343/3db560d20e40c3b835ac1a825225d411/r_9",
            "rotation": 0.12566370614359174,
            "transform_matrix": [
                [
                    -0.3895801305770874,
                    0.8115415573120117,
                    0.4354625344276428,
                    1.7554056644439697
                ],
                [
                    0.9209926724433899,
                    0.3432822823524475,
                    0.18420074880123138,
                    0.7425369620323181
                ],
                [
                    -1.4901162970204496e-08,
                    0.4728187024593353,
                    -0.8811597228050232,
                    -3.5520684719085693
                ],
                [
                    0.0,
                    0.0,
                    0.0,
                    1.0
                ]
            ]
        },
        {
            "file_path": "/data/shapenet_blender/all_50_random/02958343/3db560d20e40c3b835ac1a825225d411/r_10",
            "rotation": 0.12566370614359174,
            "transform_matrix": [
                [
                    -0.8144605755805969,
                    -0.051918286830186844,
                    0.57789146900177,
                    2.329555034637451
                ],
                [
                    0.5802189707756042,
                    -0.07287833839654922,
                    0.8111934065818787,
                    3.2700252532958984
                ],
                [
                    0.0,
                    0.9959886074066162,
                    0.08948051184415817,
                    0.36070749163627625
                ],
                [
                    0.0,
                    0.0,
                    0.0,
                    1.0
                ]
            ]
        },
        {
            "file_path": "/data/shapenet_blender/all_50_random/02958343/3db560d20e40c3b835ac1a825225d411/r_11",
            "rotation": 0.12566370614359174,
            "transform_matrix": [
                [
                    0.9836244583129883,
                    -0.004438708070665598,
                    -0.1801755726337433,
                    -0.7263110280036926
                ],
                [
                    -0.1802302449941635,
                    -0.024224689230322838,
                    -0.9833260774612427,
                    -3.963914394378662
                ],
                [
                    0.0,
                    0.999696671962738,
                    -0.024627987295389175,
                    -0.09927859902381897
                ],
                [
                    0.0,
                    0.0,
                    0.0,
                    1.0
                ]
            ]
        },
        {
            "file_path": "/data/shapenet_blender/all_50_random/02958343/3db560d20e40c3b835ac1a825225d411/r_12",
            "rotation": 0.12566370614359174,
            "transform_matrix": [
                [
                    0.8493732810020447,
                    0.27084237337112427,
                    -0.4530005156993866,
                    -1.8261035680770874
                ],
                [
                    -0.5277926325798035,
                    0.4358648359775543,
                    -0.7290107607841492,
                    -2.9387366771698
                ],
                [
                    -1.4901161193847656e-08,
                    0.8582926392555237,
                    0.5131604671478271,
                    2.0686161518096924
                ],
                [
                    0.0,
                    0.0,
                    0.0,
                    1.0
                ]
            ]
        },
        {
            "file_path": "/data/shapenet_blender/all_50_random/02958343/3db560d20e40c3b835ac1a825225d411/r_13",
            "rotation": 0.12566370614359174,
            "transform_matrix": [
                [
                    0.3590969443321228,
                    -0.8908290863037109,
                    -0.2783394157886505,
                    -1.1220221519470215
                ],
                [
                    -0.9333003759384155,
                    -0.3427557051181793,
                    -0.10709397494792938,
                    -0.4317096471786499
                ],
                [
                    0.0,
                    0.29823145270347595,
                    -0.954493522644043,
                    -3.847686767578125
                ],
                [
                    0.0,
                    0.0,
                    0.0,
                    1.0
                ]
            ]
        },
        {
            "file_path": "/data/shapenet_blender/all_50_random/02958343/3db560d20e40c3b835ac1a825225d411/r_14",
            "rotation": 0.12566370614359174,
            "transform_matrix": [
                [
                    0.9847112894058228,
                    0.09469553083181381,
                    0.1462073177099228,
                    0.5893805623054504
                ],
                [
                    0.174194797873497,
                    -0.5353073477745056,
                    -0.8264999389648438,
                    -3.3317277431488037
                ],
                [
                    7.450581485102248e-09,
                    0.8393322229385376,
                    -0.5436186790466309,
                    -2.191396951675415
                ],
                [
                    0.0,
                    0.0,
                    0.0,
                    1.0
                ]
            ]
        },
        {
            "file_path": "/data/shapenet_blender/all_50_random/02958343/3db560d20e40c3b835ac1a825225d411/r_15",
            "rotation": 0.12566370614359174,
            "transform_matrix": [
                [
                    -0.722713828086853,
                    -0.3469838500022888,
                    0.597734808921814,
                    2.409546136856079
                ],
                [
                    0.6911473870277405,
                    -0.3628315031528473,
                    0.6250348687171936,
                    2.5195960998535156
                ],
                [
                    1.4901161193847656e-08,
                    0.8648442625999451,
                    0.5020403265953064,
                    2.023789405822754
                ],
                [
                    0.0,
                    0.0,
                    0.0,
                    1.0
                ]
            ]
        },
        {
            "file_path": "/data/shapenet_blender/all_50_random/02958343/3db560d20e40c3b835ac1a825225d411/r_16",
            "rotation": 0.12566370614359174,
            "transform_matrix": [
                [
                    -0.9022495150566101,
                    -0.4004531502723694,
                    0.1599467694759369,
                    0.644766092300415
                ],
                [
                    0.43121427297592163,
                    -0.8378866314888,
                    0.3346640169620514,
                    1.349073886871338
                ],
                [
                    0.0,
                    0.3709218204021454,
                    0.9286640286445618,
                    3.7435646057128906
                ],
                [
                    0.0,
                    0.0,
                    0.0,
                    1.0
                ]
            ]
        },
        {
            "file_path": "/data/shapenet_blender/all_50_random/02958343/3db560d20e40c3b835ac1a825225d411/r_17",
            "rotation": 0.12566370614359174,
            "transform_matrix": [
                [
                    -0.45246416330337524,
                    -0.17889326810836792,
                    -0.8736552000045776,
                    -3.5218167304992676
                ],
                [
                    -0.8917825818061829,
                    0.09076516330242157,
                    0.4432668685913086,
                    1.7868659496307373
                ],
                [
                    -7.4505797087454084e-09,
                    0.9796728491783142,
                    -0.20060187578201294,
                    -0.8086520433425903
                ],
                [
                    0.0,
                    0.0,
                    0.0,
                    1.0
                ]
            ]
        },
        {
            "file_path": "/data/shapenet_blender/all_50_random/02958343/3db560d20e40c3b835ac1a825225d411/r_18",
            "rotation": 0.12566370614359174,
            "transform_matrix": [
                [
                    0.25513413548469543,
                    -0.30621156096458435,
                    -0.9171374440193176,
                    -3.697098970413208
                ],
                [
                    -0.9669056534767151,
                    -0.08079900592565536,
                    -0.2420019656419754,
                    -0.9755410552024841
                ],
                [
                    7.4505797087454084e-09,
                    0.9485283493995667,
                    -0.3166922926902771,
                    -1.2766274213790894
                ],
                [
                    0.0,
                    0.0,
                    0.0,
                    1.0
                ]
            ]
        },
        {
            "file_path": "/data/shapenet_blender/all_50_random/02958343/3db560d20e40c3b835ac1a825225d411/r_19",
            "rotation": 0.12566370614359174,
            "transform_matrix": [
                [
                    -0.5107147693634033,
                    -0.0146946981549263,
                    0.8596246242523193,
                    3.4652576446533203
                ],
                [
                    0.8597502708435059,
                    -0.00872904621064663,
                    0.5106401443481445,
                    2.0584561824798584
                ],
                [
                    4.656612873077393e-10,
                    0.9998539686203003,
                    0.017091820016503334,
                    0.06889933347702026
                ],
                [
                    0.0,
                    0.0,
                    0.0,
                    1.0
                ]
            ]
        },
        {
            "file_path": "/data/shapenet_blender/all_50_random/02958343/3db560d20e40c3b835ac1a825225d411/r_20",
            "rotation": 0.12566370614359174,
            "transform_matrix": [
                [
                    -0.9673458337783813,
                    -0.1651361882686615,
                    -0.19228146970272064,
                    -0.7751114368438721
                ],
                [
                    -0.2534603476524353,
                    0.6302516460418701,
                    0.7338531613349915,
                    2.958256959915161
                ],
                [
                    0.0,
                    0.7586255073547363,
                    -0.6515267491340637,
                    -2.6263885498046875
                ],
                [
                    0.0,
                    0.0,
                    0.0,
                    1.0
                ]
            ]
        },
        {
            "file_path": "/data/shapenet_blender/all_50_random/02958343/3db560d20e40c3b835ac1a825225d411/r_21",
            "rotation": 0.12566370614359174,
            "transform_matrix": [
                [
                    -0.5070257782936096,
                    0.2347780168056488,
                    -0.8293395638465881,
                    -3.343174695968628
                ],
                [
                    -0.8619308471679688,
                    -0.1381068080663681,
                    0.4878541827201843,
                    1.96660315990448
                ],
                [
                    0.0,
                    0.9621880650520325,
                    0.2723861336708069,
                    1.0980236530303955
                ],
                [
                    0.0,
                    0.0,
                    0.0,
                    1.0
                ]
            ]
        },
        {
            "file_path": "/data/shapenet_blender/all_50_random/02958343/3db560d20e40c3b835ac1a825225d411/r_22",
            "rotation": 0.12566370614359174,
            "transform_matrix": [
                [
                    -0.7114104628562927,
                    -0.15693074464797974,
                    0.6850312352180481,
                    2.7614495754241943
                ],
                [
                    0.7027767896652222,
                    -0.15885864198207855,
                    0.693446934223175,
                    2.7953741550445557
                ],
                [
                    -1.4901162970204496e-08,
                    0.9747493863105774,
                    0.2233009785413742,
                    0.9001550674438477
                ],
                [
                    0.0,
                    0.0,
                    0.0,
                    1.0
                ]
            ]
        },
        {
            "file_path": "/data/shapenet_blender/all_50_random/02958343/3db560d20e40c3b835ac1a825225d411/r_23",
            "rotation": 0.12566370614359174,
            "transform_matrix": [
                [
                    0.03652084246277809,
                    -0.011056491173803806,
                    -0.9992716908454895,
                    -4.02819299697876
                ],
                [
                    -0.9993329048156738,
                    -0.000404061924200505,
                    -0.036518603563308716,
                    -0.1472111940383911
                ],
                [
                    -2.9103830456733704e-11,
                    0.9999388456344604,
                    -0.01106387097388506,
                    -0.04459989070892334
                ],
                [
                    0.0,
                    0.0,
                    0.0,
                    1.0
                ]
            ]
        },
        {
            "file_path": "/data/shapenet_blender/all_50_random/02958343/3db560d20e40c3b835ac1a825225d411/r_24",
            "rotation": 0.12566370614359174,
            "transform_matrix": [
                [
                    -0.6729236245155334,
                    -0.19666913151741028,
                    0.71308833360672,
                    2.8745510578155518
                ],
                [
                    0.7397119402885437,
                    -0.178911954164505,
                    0.6487038731575012,
                    2.615009069442749
                ],
                [
                    0.0,
                    0.9640082120895386,
                    0.2658725678920746,
                    1.0717666149139404
                ],
                [
                    0.0,
                    0.0,
                    0.0,
                    1.0
                ]
            ]
        },
        {
            "file_path": "/data/shapenet_blender/all_50_random/02958343/3db560d20e40c3b835ac1a825225d411/r_25",
            "rotation": 0.12566370614359174,
            "transform_matrix": [
                [
                    0.3990035653114319,
                    0.7283284068107605,
                    0.557076096534729,
                    2.245645523071289
                ],
                [
                    0.9169493913650513,
                    -0.3169265687465668,
                    -0.2424074113368988,
                    -0.9771755337715149
                ],
                [
                    1.4901162970204496e-08,
                    0.6075319647789001,
                    -0.7942951917648315,
                    -3.201906442642212
                ],
                [
                    0.0,
                    0.0,
                    0.0,
                    1.0
                ]
            ]
        },
        {
            "file_path": "/data/shapenet_blender/all_50_random/02958343/3db560d20e40c3b835ac1a825225d411/r_26",
            "rotation": 0.12566370614359174,
            "transform_matrix": [
                [
                    -0.9641762971878052,
                    0.1750612109899521,
                    0.19929292798042297,
                    0.8033755421638489
                ],
                [
                    0.26526233553886414,
                    0.6363129615783691,
                    0.72439044713974,
                    2.9201114177703857
                ],
                [
                    0.0,
                    0.7513050436973572,
                    -0.6599550247192383,
                    -2.6603641510009766
                ],
                [
                    0.0,
                    0.0,
                    0.0,
                    1.0
                ]
            ]
        },
        {
            "file_path": "/data/shapenet_blender/all_50_random/02958343/3db560d20e40c3b835ac1a825225d411/r_27",
            "rotation": 0.12566370614359174,
            "transform_matrix": [
                [
                    -0.6762930750846863,
                    -0.48683616518974304,
                    -0.5528274178504944,
                    -2.2285189628601074
                ],
                [
                    -0.7366327047348022,
                    0.446958065032959,
                    0.5075438022613525,
                    2.0459747314453125
                ],
                [
                    -1.4901161193847656e-08,
                    0.7504792809486389,
                    -0.660893976688385,
                    -2.664149045944214
                ],
                [
                    0.0,
                    0.0,
                    0.0,
                    1.0
                ]
            ]
        },
        {
            "file_path": "/data/shapenet_blender/all_50_random/02958343/3db560d20e40c3b835ac1a825225d411/r_28",
            "rotation": 0.12566370614359174,
            "transform_matrix": [
                [
                    0.13854919373989105,
                    -0.6865056157112122,
                    -0.7138025164604187,
                    -2.8774302005767822
                ],
                [
                    -0.9903555512428284,
                    -0.09604106843471527,
                    -0.09985985606908798,
                    -0.4025479853153229
                ],
                [
                    0.0,
                    0.7207538485527039,
                    -0.6931909918785095,
                    -2.794342517852783
                ],
                [
                    0.0,
                    0.0,
                    0.0,
                    1.0
                ]
            ]
        },
        {
            "file_path": "/data/shapenet_blender/all_50_random/02958343/3db560d20e40c3b835ac1a825225d411/r_29",
            "rotation": 0.12566370614359174,
            "transform_matrix": [
                [
                    0.9273630380630493,
                    -0.2719699740409851,
                    0.2569633722305298,
                    1.0358524322509766
                ],
                [
                    0.37416285276412964,
                    0.6740778684616089,
                    -0.6368839740753174,
                    -2.567361354827881
                ],
                [
                    0.0,
                    0.6867687702178955,
                    0.726875901222229,
                    2.9301304817199707
                ],
                [
                    0.0,
                    0.0,
                    0.0,
                    1.0
                ]
            ]
        },
        {
            "file_path": "/data/shapenet_blender/all_50_random/02958343/3db560d20e40c3b835ac1a825225d411/r_30",
            "rotation": 0.12566370614359174,
            "transform_matrix": [
                [
                    -0.47657281160354614,
                    -0.02972833439707756,
                    0.8786321878433228,
                    3.541879653930664
                ],
                [
                    0.8791349530220032,
                    -0.016115520149469376,
                    0.47630026936531067,
                    1.9200278520584106
                ],
                [
                    1.8626450382086546e-09,
                    0.9994280934333801,
                    0.03381543606519699,
                    0.13631437718868256
                ],
                [
                    0.0,
                    0.0,
                    0.0,
                    1.0
                ]
            ]
        },
        {
            "file_path": "/data/shapenet_blender/all_50_random/02958343/3db560d20e40c3b835ac1a825225d411/r_31",
            "rotation": 0.12566370614359174,
            "transform_matrix": [
                [
                    0.7194759845733643,
                    -0.028110720217227936,
                    0.6939482092857361,
                    2.7973947525024414
                ],
                [
                    0.6945173740386963,
                    0.029120923951268196,
                    -0.7188863754272461,
                    -2.897923707962036
                ],
                [
                    1.862645149230957e-09,
                    0.9991805553436279,
                    0.040475182235240936,
                    0.16316068172454834
                ],
                [
                    0.0,
                    0.0,
                    0.0,
                    1.0
                ]
            ]
        },
        {
            "file_path": "/data/shapenet_blender/all_50_random/02958343/3db560d20e40c3b835ac1a825225d411/r_32",
            "rotation": 0.12566370614359174,
            "transform_matrix": [
                [
                    -0.4537370800971985,
                    0.2580479383468628,
                    0.8529560565948486,
                    3.438375473022461
                ],
                [
                    0.8911356925964355,
                    0.1313895583152771,
                    0.43429726362228394,
                    1.7507081031799316
                ],
                [
                    -7.450580596923828e-09,
                    0.957156240940094,
                    -0.2895720303058624,
                    -1.1673020124435425
                ],
                [
                    0.0,
                    0.0,
                    0.0,
                    1.0
                ]
            ]
        },
        {
            "file_path": "/data/shapenet_blender/all_50_random/02958343/3db560d20e40c3b835ac1a825225d411/r_33",
            "rotation": 0.12566370614359174,
            "transform_matrix": [
                [
                    -0.47863635420799255,
                    -0.18203990161418915,
                    -0.8589345812797546,
                    -3.4624762535095215
                ],
                [
                    -0.8780132532119751,
                    0.09923644363880157,
                    0.46823588013648987,
                    1.887519359588623
                ],
                [
                    0.0,
                    0.9782707095146179,
                    -0.2073316127061844,
                    -0.8357805013656616
                ],
                [
                    0.0,
                    0.0,
                    0.0,
                    1.0
                ]
            ]
        },
        {
            "file_path": "/data/shapenet_blender/all_50_random/02958343/3db560d20e40c3b835ac1a825225d411/r_34",
            "rotation": 0.12566370614359174,
            "transform_matrix": [
                [
                    -0.9821677207946777,
                    0.09595116227865219,
                    -0.16167832911014557,
                    -0.6517462730407715
                ],
                [
                    -0.18800665438175201,
                    -0.5012595057487488,
                    0.8446254730224609,
                    3.404794692993164
                ],
                [
                    0.0,
                    0.859960675239563,
                    0.5103603005409241,
                    2.057328462600708
                ],
                [
                    0.0,
                    0.0,
                    0.0,
                    1.0
                ]
            ]
        },
        {
            "file_path": "/data/shapenet_blender/all_50_random/02958343/3db560d20e40c3b835ac1a825225d411/r_35",
            "rotation": 0.12566370614359174,
            "transform_matrix": [
                [
                    -0.8945978879928589,
                    -0.31874823570251465,
                    0.31320005655288696,
                    1.262549877166748
                ],
                [
                    0.44687220454216003,
                    -0.6381052732467651,
                    0.6269983053207397,
                    2.5275113582611084
                ],
                [
                    0.0,
                    0.7008717656135559,
                    0.7132871747016907,
                    2.8753528594970703
                ],
                [
                    0.0,
                    0.0,
                    0.0,
                    1.0
                ]
            ]
        },
        {
            "file_path": "/data/shapenet_blender/all_50_random/02958343/3db560d20e40c3b835ac1a825225d411/r_36",
            "rotation": 0.12566370614359174,
            "transform_matrix": [
                [
                    0.8599611520767212,
                    -0.012868295423686504,
                    0.5101972818374634,
                    2.056670904159546
                ],
                [
                    0.5103595852851868,
                    0.021683210507035255,
                    -0.8596877455711365,
                    -3.4655120372772217
                ],
                [
                    9.313224635931761e-10,
                    0.9996821284294128,
                    0.02521417662501335,
                    0.10164159536361694
                ],
                [
                    0.0,
                    0.0,
                    0.0,
                    1.0
                ]
            ]
        },
        {
            "file_path": "/data/shapenet_blender/all_50_random/02958343/3db560d20e40c3b835ac1a825225d411/r_37",
            "rotation": 0.12566370614359174,
            "transform_matrix": [
                [
                    -0.7405253052711487,
                    -0.6421173810958862,
                    -0.1982613503932953,
                    -0.7992171049118042
                ],
                [
                    -0.6720285415649414,
                    0.707565426826477,
                    0.21846920251846313,
                    0.8806775808334351
                ],
                [
                    0.0,
                    0.295019268989563,
                    -0.9554911851882935,
                    -3.85170841217041
                ],
                [
                    0.0,
                    0.0,
                    0.0,
                    1.0
                ]
            ]
        },
        {
            "file_path": "/data/shapenet_blender/all_50_random/02958343/3db560d20e40c3b835ac1a825225d411/r_38",
            "rotation": 0.12566370614359174,
            "transform_matrix": [
                [
                    0.9491397142410278,
                    -0.18107740581035614,
                    -0.25757482647895813,
                    -1.0383174419403076
                ],
                [
                    -0.31485527753829956,
                    -0.5458627343177795,
                    -0.7764663100242615,
                    -3.1300361156463623
                ],
                [
                    0.0,
                    0.8180739283561707,
                    -0.57511305809021,
                    -2.318355083465576
                ],
                [
                    0.0,
                    0.0,
                    0.0,
                    1.0
                ]
            ]
        },
        {
            "file_path": "/data/shapenet_blender/all_50_random/02958343/3db560d20e40c3b835ac1a825225d411/r_39",
            "rotation": 0.12566370614359174,
            "transform_matrix": [
                [
                    -0.4203156530857086,
                    0.4953822195529938,
                    -0.7602179050445557,
                    -3.0645360946655273
                ],
                [
                    -0.9073778986930847,
                    -0.22947099804878235,
                    0.35214823484420776,
                    1.4195547103881836
                ],
                [
                    0.0,
                    0.8378183841705322,
                    0.5459491610527039,
                    2.200791120529175
                ],
                [
                    0.0,
                    0.0,
                    0.0,
                    1.0
                ]
            ]
        },
        {
            "file_path": "/data/shapenet_blender/all_50_random/02958343/3db560d20e40c3b835ac1a825225d411/r_40",
            "rotation": 0.12566370614359174,
            "transform_matrix": [
                [
                    -0.9999063611030579,
                    0.0016396860592067242,
                    -0.013588126748800278,
                    -0.05477549135684967
                ],
                [
                    -0.013686701655387878,
                    -0.11979019641876221,
                    0.9927048683166504,
                    4.001721382141113
                ],
                [
                    0.0,
                    0.9927978515625,
                    0.11980142444372177,
                    0.48293498158454895
                ],
                [
                    0.0,
                    0.0,
                    0.0,
                    1.0
                ]
            ]
        },
        {
            "file_path": "/data/shapenet_blender/all_50_random/02958343/3db560d20e40c3b835ac1a825225d411/r_41",
            "rotation": 0.12566370614359174,
            "transform_matrix": [
                [
                    -0.14185483753681183,
                    -0.3493216931819916,
                    0.9262027740478516,
                    3.733642816543579
                ],
                [
                    0.9898874759674072,
                    -0.05005919188261032,
                    0.13272856175899506,
                    0.5350459218025208
                ],
                [
