{
    "class": "02958343",
    "model": "39ec376b0df877986483e7894702b192",
    "remove_doubles": true,
    "edge_split": true,
    "denoise": true,
    "camera_angle_x": 0.6911112070083618,
    "scale_factor": 2.268129100132683,
    "hdri_file": "/data/IndoorHDRDataset2018/9C4A7191-6a659e9d85.exr",
    "center_offset": [
        0.0,
        0.0,
        -1.862645149230957e-09
    ],
    "lights": [],
    "frames": [
        {
            "file_path": "/data/shapenet_blender/all_50_random/02958343/39ec376b0df877986483e7894702b192/r_0",
            "rotation": 0.12566370614359174,
            "transform_matrix": [
                [
                    -0.9997802972793579,
                    -0.006363240536302328,
                    0.019972484558820724,
                    0.0805116593837738
                ],
                [
                    0.02096165530383587,
                    -0.3034990429878235,
                    0.9526011347770691,
                    3.8400580883026123
                ],
                [
                    -4.656612873077393e-10,
                    0.9528104662895203,
                    0.30356577038764954,
                    1.2237128019332886
                ],
                [
                    0.0,
                    0.0,
                    0.0,
                    1.0
                ]
            ]
        },
        {
            "file_path": "/data/shapenet_blender/all_50_random/02958343/39ec376b0df877986483e7894702b192/r_1",
            "rotation": 0.12566370614359174,
            "transform_matrix": [
                [
                    0.9999905228614807,
                    0.0002216288703493774,
                    0.004353158641606569,
                    0.01754814386367798
                ],
                [
                    0.004358796402812004,
                    -0.050845857709646225,
                    -0.99869704246521,
                    -4.025876522064209
                ],
                [
                    -1.4551914361005114e-11,
                    0.9987064599990845,
                    -0.050846341997385025,
                    -0.2049681544303894
                ],
                [
                    0.0,
                    0.0,
                    0.0,
                    1.0
                ]
            ]
        },
        {
            "file_path": "/data/shapenet_blender/all_50_random/02958343/39ec376b0df877986483e7894702b192/r_2",
            "rotation": 0.12566370614359174,
            "transform_matrix": [
                [
                    0.9302130937576294,
                    0.09391415119171143,
                    0.3548009991645813,
                    1.430248737335205
                ],
                [
                    0.3670199513435364,
                    -0.23802568018436432,
                    -0.8992441296577454,
                    -3.624969244003296
                ],
                [
                    0.0,
                    0.9667077660560608,
                    -0.2558829188346863,
                    -1.0314971208572388
                ],
                [
                    0.0,
                    0.0,
                    0.0,
                    1.0
                ]
            ]
        },
        {
            "file_path": "/data/shapenet_blender/all_50_random/02958343/39ec376b0df877986483e7894702b192/r_3",
            "rotation": 0.12566370614359174,
            "transform_matrix": [
                [
                    0.5351259112358093,
                    0.3595525026321411,
                    -0.764435887336731,
                    -3.0815396308898926
                ],
                [
                    -0.8447723984718323,
                    0.22776061296463013,
                    -0.48423632979393005,
                    -1.9520190954208374
                ],
                [
                    0.0,
                    0.9049016833305359,
                    0.4256206154823303,
                    1.7157316207885742
                ],
                [
                    0.0,
                    0.0,
                    0.0,
                    1.0
                ]
            ]
        },
        {
            "file_path": "/data/shapenet_blender/all_50_random/02958343/39ec376b0df877986483e7894702b192/r_4",
            "rotation": 0.12566370614359174,
            "transform_matrix": [
                [
                    0.7352526783943176,
                    0.0754070058465004,
                    -0.6735854744911194,
                    -2.7153098583221436
                ],
                [
                    -0.6777932047843933,
                    0.08179958164691925,
                    -0.730688214302063,
                    -2.94549822807312
                ],
                [
                    0.0,
                    0.9937918782234192,
                    0.11125373840332031,
                    0.4484781324863434
                ],
                [
                    0.0,
                    0.0,
                    0.0,
                    1.0
                ]
            ]
        },
        {
            "file_path": "/data/shapenet_blender/all_50_random/02958343/39ec376b0df877986483e7894702b192/r_5",
            "rotation": 0.12566370614359174,
            "transform_matrix": [
                [
                    -0.10271669179201126,
                    0.6553772687911987,
                    -0.7482845187187195,
                    -3.0164315700531006
                ],
                [
                    -0.9947106838226318,
                    -0.06767614930868149,
                    0.0772700160741806,
                    0.3114854395389557
                ],
                [
                    0.0,
                    0.7522634863853455,
                    0.6588622331619263,
                    2.655958890914917
                ],
                [
                    0.0,
                    0.0,
                    0.0,
                    1.0
                ]
            ]
        },
        {
            "file_path": "/data/shapenet_blender/all_50_random/02958343/39ec376b0df877986483e7894702b192/r_6",
            "rotation": 0.12566370614359174,
            "transform_matrix": [
                [
                    0.8392565846443176,
                    0.33270105719566345,
                    0.43006792664527893,
                    1.733659267425537
                ],
                [
                    0.5437356233596802,
                    -0.5135245323181152,
                    -0.6638103723526001,
                    -2.675905227661133
                ],
                [
                    2.9802322387695312e-08,
                    0.7909504771232605,
                    -0.6118801832199097,
                    -2.4665679931640625
                ],
                [
                    0.0,
                    0.0,
                    0.0,
                    1.0
                ]
            ]
        },
        {
            "file_path": "/data/shapenet_blender/all_50_random/02958343/39ec376b0df877986483e7894702b192/r_7",
            "rotation": 0.12566370614359174,
            "transform_matrix": [
                [
                    0.997991144657135,
                    -0.06238458678126335,
                    0.011034965515136719,
                    0.04448336362838745
                ],
                [
                    0.0633530244231224,
                    0.9827353954315186,
                    -0.17383220791816711,
                    -0.7007399797439575
                ],
                [
                    -9.313224080820248e-10,
                    0.17418184876441956,
                    0.9847135543823242,
                    3.9695067405700684
                ],
                [
                    0.0,
                    0.0,
                    0.0,
                    1.0
                ]
            ]
        },
        {
            "file_path": "/data/shapenet_blender/all_50_random/02958343/39ec376b0df877986483e7894702b192/r_8",
            "rotation": 0.12566370614359174,
            "transform_matrix": [
                [
                    0.576580286026001,
                    -0.2790319323539734,
                    0.7679169178009033,
                    3.095571756362915
                ],
                [
                    0.8170405626296997,
                    0.1969110667705536,
                    -0.5419141054153442,
                    -2.184525489807129
                ],
                [
                    0.0,
                    0.9398760795593262,
                    0.3415154814720154,
                    1.376692771911621
                ],
                [
                    0.0,
                    0.0,
                    0.0,
                    1.0
                ]
            ]
        },
        {
            "file_path": "/data/shapenet_blender/all_50_random/02958343/39ec376b0df877986483e7894702b192/r_9",
            "rotation": 0.12566370614359174,
            "transform_matrix": [
                [
                    0.27221018075942993,
                    -0.1320587545633316,
                    0.9531327486038208,
                    3.842200994491577
                ],
                [
                    0.9622378349304199,
                    0.03735847398638725,
                    -0.2696344256401062,
                    -1.0869311094284058
                ],
                [
                    3.725290742551124e-09,
                    0.9905375242233276,
                    0.13724128901958466,
                    0.5532373189926147
                ],
                [
                    0.0,
                    0.0,
                    0.0,
                    1.0
                ]
            ]
        },
        {
            "file_path": "/data/shapenet_blender/all_50_random/02958343/39ec376b0df877986483e7894702b192/r_10",
            "rotation": 0.12566370614359174,
            "transform_matrix": [
                [
                    -0.7068148851394653,
                    -0.036456406116485596,
                    0.7064583897590637,
                    2.847825050354004
                ],
                [
                    0.7073984742164612,
                    -0.03642633184790611,
                    0.70587557554245,
                    2.845475673675537
                ],
                [
                    1.862645149230957e-09,
                    0.9986711144447327,
                    0.05153587833046913,
                    0.20774778723716736
                ],
                [
                    0.0,
                    0.0,
                    0.0,
                    1.0
                ]
            ]
        },
        {
            "file_path": "/data/shapenet_blender/all_50_random/02958343/39ec376b0df877986483e7894702b192/r_11",
            "rotation": 0.12566370614359174,
            "transform_matrix": [
                [
                    0.9135405421257019,
                    0.1405463069677353,
                    0.3816942274570465,
                    1.538658618927002
                ],
                [
                    0.4067477881908417,
                    -0.31566181778907776,
                    -0.857271134853363,
                    -3.455770492553711
                ],
                [
                    0.0,
                    0.9384050965309143,
                    -0.3455367982387543,
                    -1.3929033279418945
                ],
                [
                    0.0,
                    0.0,
                    0.0,
                    1.0
                ]
            ]
        },
        {
            "file_path": "/data/shapenet_blender/all_50_random/02958343/39ec376b0df877986483e7894702b192/r_12",
            "rotation": 0.12566370614359174,
            "transform_matrix": [
                [
                    -0.07523214817047119,
                    -0.31009435653686523,
                    0.947724461555481,
                    3.820399284362793
                ],
                [
                    0.997166097164154,
                    -0.023395361378788948,
                    0.0715019702911377,
                    0.2882336676120758
                ],
                [
                    -1.862645149230957e-09,
                    0.9504178762435913,
                    0.3109756112098694,
                    1.2535827159881592
                ],
                [
                    0.0,
                    0.0,
                    0.0,
                    1.0
                ]
            ]
        },
        {
            "file_path": "/data/shapenet_blender/all_50_random/02958343/39ec376b0df877986483e7894702b192/r_13",
            "rotation": 0.12566370614359174,
            "transform_matrix": [
                [
                    -0.6414593458175659,
                    -0.13640649616718292,
                    0.7549325823783875,
                    3.0432302951812744
                ],
                [
                    0.7671570777893066,
                    -0.11405647546052933,
                    0.6312378644943237,
                    2.5446009635925293
                ],
                [
                    0.0,
                    0.9840651750564575,
                    0.17780782282352448,
                    0.7167661786079407
                ],
                [
                    0.0,
                    0.0,
                    0.0,
                    1.0
                ]
            ]
        },
        {
            "file_path": "/data/shapenet_blender/all_50_random/02958343/39ec376b0df877986483e7894702b192/r_14",
            "rotation": 0.12566370614359174,
            "transform_matrix": [
                [
                    0.9773657917976379,
                    -0.10141393542289734,
                    0.1856648325920105,
                    0.7484389543533325
                ],
                [
                    0.21155665814876556,
                    0.4685198664665222,
                    -0.8577486872673035,
                    -3.457695722579956
                ],
                [
                    7.450580596923828e-09,
                    0.8776128888130188,
                    0.47937002778053284,
                    1.932402491569519
                ],
                [
                    0.0,
                    0.0,
                    0.0,
                    1.0
                ]
            ]
        },
        {
            "file_path": "/data/shapenet_blender/all_50_random/02958343/39ec376b0df877986483e7894702b192/r_15",
            "rotation": 0.12566370614359174,
            "transform_matrix": [
                [
                    -0.0965043157339096,
                    -0.9738087058067322,
                    0.2058725357055664,
                    0.8298987150192261
                ],
                [
                    0.9953325986862183,
                    -0.09441742300987244,
                    0.01996075175702572,
                    0.08046436309814453
                ],
                [
                    0.0,
                    0.20683802664279938,
                    0.9783751964569092,
                    3.9439566135406494
                ],
                [
                    0.0,
                    0.0,
                    0.0,
                    1.0
                ]
            ]
        },
        {
            "file_path": "/data/shapenet_blender/all_50_random/02958343/39ec376b0df877986483e7894702b192/r_16",
            "rotation": 0.12566370614359174,
            "transform_matrix": [
                [
                    -0.3949885666370392,
                    -0.38765862584114075,
                    -0.8328893780708313,
                    -3.357484817504883
                ],
                [
                    -0.9186861515045166,
                    0.16667358577251434,
                    0.3581002950668335,
                    1.443548560142517
                ],
                [
                    -1.4901162970204496e-08,
                    0.9066094756126404,
                    -0.4219706654548645,
                    -1.7010183334350586
                ],
                [
                    0.0,
                    0.0,
                    0.0,
                    1.0
                ]
            ]
        },
        {
            "file_path": "/data/shapenet_blender/all_50_random/02958343/39ec376b0df877986483e7894702b192/r_17",
            "rotation": 0.12566370614359174,
            "transform_matrix": [
                [
                    0.758018970489502,
                    -0.40828946232795715,
                    -0.5086323618888855,
                    -2.0503625869750977
                ],
                [
                    -0.6522324681282043,
                    -0.4745105504989624,
                    -0.5911282300949097,
                    -2.3829140663146973
                ],
                [
                    0.0,
                    0.7798329591751099,
                    -0.6259876489639282,
                    -2.523437023162842
                ],
                [
                    0.0,
                    0.0,
                    0.0,
                    1.0
                ]
            ]
        },
        {
            "file_path": "/data/shapenet_blender/all_50_random/02958343/39ec376b0df877986483e7894702b192/r_18",
            "rotation": 0.12566370614359174,
            "transform_matrix": [
                [
                    -0.24926145374774933,
                    0.3562619090080261,
                    0.9005255103111267,
                    3.630134344100952
                ],
                [
                    0.9684362411499023,
                    0.09169664978981018,
                    0.2317822277545929,
                    0.9343440532684326
                ],
                [
                    7.450580596923828e-09,
                    0.9298758506774902,
                    -0.36787334084510803,
                    -1.4829448461532593
                ],
                [
                    0.0,
                    0.0,
                    0.0,
                    1.0
                ]
            ]
        },
        {
            "file_path": "/data/shapenet_blender/all_50_random/02958343/39ec376b0df877986483e7894702b192/r_19",
            "rotation": 0.12566370614359174,
            "transform_matrix": [
                [
                    -0.9776409864425659,
                    -0.008710555732250214,
                    -0.2101006656885147,
                    -0.8469429016113281
                ],
                [
                    -0.2102811634540558,
                    0.04049719125032425,
                    0.9768018126487732,
                    3.9376139640808105
                ],
                [
                    0.0,
                    0.9991416335105896,
                    -0.04142338037490845,
                    -0.1669829934835434
                ],
                [
                    0.0,
                    0.0,
                    0.0,
                    1.0
                ]
            ]
        },
        {
            "file_path": "/data/shapenet_blender/all_50_random/02958343/39ec376b0df877986483e7894702b192/r_20",
            "rotation": 0.12566370614359174,
            "transform_matrix": [
                [
                    -0.8459838628768921,
                    0.42288845777511597,
                    -0.32477185130119324,
                    -1.3091973066329956
                ],
                [
                    -0.5332086682319641,
                    -0.6709508895874023,
                    0.51528000831604,
                    2.077160358428955
                ],
                [
                    1.4901162970204496e-08,
                    0.609089732170105,
                    0.7931011915206909,
                    3.1970934867858887
                ],
                [
                    0.0,
                    0.0,
                    0.0,
                    1.0
                ]
            ]
        },
        {
            "file_path": "/data/shapenet_blender/all_50_random/02958343/39ec376b0df877986483e7894702b192/r_21",
            "rotation": 0.12566370614359174,
            "transform_matrix": [
                [
                    0.40640580654144287,
                    0.8996670842170715,
                    -0.15947777032852173,
                    -0.6428754329681396
                ],
                [
                    -0.9136927127838135,
                    0.4001672565937042,
                    -0.07093489170074463,
                    -0.28594768047332764
                ],
                [
                    -7.450581485102248e-09,
                    0.1745421588420868,
                    0.9846497178077698,
                    3.969249963760376
                ],
                [
                    0.0,
                    0.0,
                    0.0,
                    1.0
                ]
            ]
        },
        {
            "file_path": "/data/shapenet_blender/all_50_random/02958343/39ec376b0df877986483e7894702b192/r_22",
            "rotation": 0.12566370614359174,
            "transform_matrix": [
                [
                    -0.5280608534812927,
                    0.11961530894041061,
                    0.8407400846481323,
                    3.389131784439087
                ],
                [
                    0.8492066264152527,
                    0.07438021153211594,
                    0.5227961540222168,
                    2.1074585914611816
                ],
                [
                    0.0,
                    0.9900301694869995,
                    -0.14085538685321808,
                    -0.5678062438964844
                ],
                [
                    0.0,
                    0.0,
                    0.0,
                    1.0
                ]
            ]
        },
        {
            "file_path": "/data/shapenet_blender/all_50_random/02958343/39ec376b0df877986483e7894702b192/r_23",
            "rotation": 0.12566370614359174,
            "transform_matrix": [
                [
                    0.8331013917922974,
                    -0.019119739532470703,
                    0.5527898073196411,
                    2.2283670902252197
                ],
                [
                    0.5531203746795654,
                    0.028797855600714684,
                    -0.8326034545898438,
                    -3.3563318252563477
                ],
                [
                    0.0,
                    0.9994022846221924,
                    0.03456705063581467,
                    0.1393442451953888
                ],
                [
                    0.0,
                    0.0,
                    0.0,
                    1.0
                ]
            ]
        },
        {
            "file_path": "/data/shapenet_blender/all_50_random/02958343/39ec376b0df877986483e7894702b192/r_24",
            "rotation": 0.12566370614359174,
            "transform_matrix": [
                [
                    0.003983316011726856,
                    -0.8957709670066833,
                    0.4444980323314667,
                    1.7918288707733154
                ],
                [
                    0.9999920725822449,
                    0.003568167332559824,
                    -0.0017705901991575956,
                    -0.007137477397918701
                ],
                [
                    -1.1641532182693481e-10,
                    0.4445016086101532,
                    0.8957780599594116,
                    3.610996961593628
                ],
                [
                    0.0,
                    0.0,
                    0.0,
                    1.0
                ]
            ]
        },
        {
            "file_path": "/data/shapenet_blender/all_50_random/02958343/39ec376b0df877986483e7894702b192/r_25",
            "rotation": 0.12566370614359174,
            "transform_matrix": [
                [
                    0.1479804664850235,
                    0.5123869776725769,
                    -0.8459086418151855,
                    -3.4099667072296143
                ],
                [
                    -0.988990306854248,
                    0.07666734606027603,
                    -0.12657146155834198,
                    -0.5102258920669556
                ],
                [
                    0.0,
                    0.8553255200386047,
                    0.5180910229682922,
                    2.088491678237915
                ],
                [
                    0.0,
                    0.0,
                    0.0,
                    1.0
                ]
            ]
        },
        {
            "file_path": "/data/shapenet_blender/all_50_random/02958343/39ec376b0df877986483e7894702b192/r_26",
            "rotation": 0.12566370614359174,
            "transform_matrix": [
                [
                    0.9736948609352112,
                    -0.15260910987854004,
                    0.16920045018196106,
                    0.6820688247680664
                ],
                [
                    0.22785595059394836,
                    0.6521431803703308,
                    -0.7230428457260132,
                    -2.9146790504455566
                ],
                [
                    7.450580596923828e-09,
                    0.7425764203071594,
                    0.6697613000869751,
                    2.6998941898345947
                ],
                [
                    0.0,
                    0.0,
                    0.0,
                    1.0
                ]
            ]
        },
        {
            "file_path": "/data/shapenet_blender/all_50_random/02958343/39ec376b0df877986483e7894702b192/r_27",
            "rotation": 0.12566370614359174,
            "transform_matrix": [
                [
                    0.9993965029716492,
                    -0.0032324246130883694,
                    0.03458614647388458,
                    0.1394212245941162
                ],
                [
                    0.03473687171936035,
                    0.09299840033054352,
                    -0.9950600266456604,
                    -4.011215686798096
                ],
                [
                    2.3283064365386963e-10,
                    0.9956609606742859,
                    0.09305456280708313,
                    0.37511497735977173
                ],
                [
                    0.0,
                    0.0,
                    0.0,
                    1.0
                ]
            ]
        },
        {
            "file_path": "/data/shapenet_blender/all_50_random/02958343/39ec376b0df877986483e7894702b192/r_28",
            "rotation": 0.12566370614359174,
            "transform_matrix": [
                [
                    0.12297363579273224,
                    -0.027510758489370346,
                    -0.9920285940170288,
                    -3.998995065689087
                ],
                [
                    -0.9924099445343018,
                    -0.0034089721739292145,
                    -0.12292637676000595,
                    -0.4955320656299591
                ],
                [
                    0.0,
                    0.9996156096458435,
                    -0.027721168473362923,
                    -0.111747607588768
                ],
                [
                    0.0,
                    0.0,
                    0.0,
                    1.0
                ]
            ]
        },
        {
            "file_path": "/data/shapenet_blender/all_50_random/02958343/39ec376b0df877986483e7894702b192/r_29",
            "rotation": 0.12566370614359174,
            "transform_matrix": [
                [
                    -0.7853937149047852,
                    -0.15246479213237762,
                    -0.5999259352684021,
                    -2.4183788299560547
                ],
                [
                    -0.6189964413642883,
                    0.19345004856586456,
                    0.7611966729164124,
                    3.068481922149658
                ],
                [
                    7.450580596923828e-09,
                    0.9691910743713379,
                    -0.24630966782569885,
                    -0.9929060339927673
                ],
                [
                    0.0,
                    0.0,
                    0.0,
                    1.0
                ]
            ]
        },
        {
            "file_path": "/data/shapenet_blender/all_50_random/02958343/39ec376b0df877986483e7894702b192/r_30",
            "rotation": 0.12566370614359174,
            "transform_matrix": [
                [
                    -0.7386142611503601,
                    0.31028714776039124,
                    0.5984737277030945,
                    2.412524938583374
                ],
                [
                    0.6741283535957336,
                    0.33996865153312683,
                    0.6557226777076721,
                    2.6433029174804688
                ],
                [
                    0.0,
                    0.8877742290496826,
                    -0.46027901768684387,
                    -1.8554441928863525
                ],
                [
                    0.0,
                    0.0,
                    0.0,
                    1.0
                ]
            ]
        },
        {
            "file_path": "/data/shapenet_blender/all_50_random/02958343/39ec376b0df877986483e7894702b192/r_31",
            "rotation": 0.12566370614359174,
            "transform_matrix": [
                [
                    -0.05901037156581879,
                    0.8939601182937622,
                    0.4442439675331116,
                    1.7908045053482056
                ],
                [
                    0.9982573986053467,
                    0.05284500494599342,
                    0.02626076154410839,
                    0.10586050152778625
                ],
                [
                    -1.862645149230957e-09,
                    0.44501960277557373,
                    -0.8955209851264954,
                    -3.6099600791931152
                ],
                [
                    0.0,
                    0.0,
                    0.0,
                    1.0
                ]
            ]
        },
        {
            "file_path": "/data/shapenet_blender/all_50_random/02958343/39ec376b0df877986483e7894702b192/r_32",
            "rotation": 0.12566370614359174,
            "transform_matrix": [
                [
                    -0.05869284272193909,
                    -0.290573388338089,
                    -0.9550509452819824,
                    -3.849933385848999
                ],
                [
                    -0.9982760548591614,
                    0.01708403043448925,
                    0.056151457130908966,
                    0.22635376453399658
                ],
                [
                    0.0,
                    0.9567001461982727,
                    -0.2910751700401306,
                    -1.1733615398406982
                ],
                [
                    0.0,
                    0.0,
                    0.0,
                    1.0
                ]
            ]
        },
        {
            "file_path": "/data/shapenet_blender/all_50_random/02958343/39ec376b0df877986483e7894702b192/r_33",
            "rotation": 0.12566370614359174,
            "transform_matrix": [
                [
                    -0.04740295559167862,
                    -0.01857968419790268,
                    0.9987030625343323,
                    4.025900363922119
                ],
                [
                    0.9988759160041809,
                    -0.0008817231864668429,
                    0.047394756227731705,
                    0.1910543441772461
                ],
                [
                    5.820766091346741e-11,
                    0.9998270273208618,
                    0.018600592389702797,
                    0.07498137652873993
                ],
                [
                    0.0,
                    0.0,
                    0.0,
                    1.0
                ]
            ]
        },
        {
            "file_path": "/data/shapenet_blender/all_50_random/02958343/39ec376b0df877986483e7894702b192/r_34",
            "rotation": 0.12566370614359174,
            "transform_matrix": [
                [
                    0.283321738243103,
                    0.7729319930076599,
                    0.5677188634872437,
                    2.288547992706299
                ],
                [
                    0.9590248465538025,
                    -0.22834491729736328,
                    -0.16771942377090454,
                    -0.6760985851287842
                ],
                [
                    0.0,
                    0.5919751524925232,
                    -0.805956244468689,
                    -3.248913288116455
                ],
                [
                    0.0,
                    0.0,
                    0.0,
                    1.0
                ]
            ]
        },
        {
            "file_path": "/data/shapenet_blender/all_50_random/02958343/39ec376b0df877986483e7894702b192/r_35",
            "rotation": 0.12566370614359174,
            "transform_matrix": [
                [
                    0.3759932816028595,
                    -0.5980514287948608,
                    0.7077876925468445,
                    2.8531837463378906
                ],
                [
                    0.9266222715377808,
                    0.24266989529132843,
                    -0.2871972918510437,
                    -1.1577293872833252
                ],
                [
                    0.0,
                    0.7638362050056458,
                    0.6454100608825684,
                    2.601731300354004
                ],
                [
                    0.0,
                    0.0,
                    0.0,
                    1.0
                ]
            ]
        },
        {
            "file_path": "/data/shapenet_blender/all_50_random/02958343/39ec376b0df877986483e7894702b192/r_36",
            "rotation": 0.12566370614359174,
            "transform_matrix": [
                [
                    -0.6564772725105286,
                    -0.7227240204811096,
                    0.21611939370632172,
                    0.8712051510810852
                ],
                [
                    0.7543458938598633,
                    -0.6289580464363098,
                    0.18808014690876007,
                    0.7581753134727478
                ],
                [
                    -1.4901162970204496e-08,
                    0.2864990830421448,
                    0.9580804705619812,
                    3.8621459007263184
                ],
                [
                    0.0,
                    0.0,
                    0.0,
                    1.0
                ]
            ]
        },
        {
            "file_path": "/data/shapenet_blender/all_50_random/02958343/39ec376b0df877986483e7894702b192/r_37",
            "rotation": 0.12566370614359174,
            "transform_matrix": [
                [
                    0.8557513952255249,
                    -0.18712124228477478,
                    0.4823642671108246,
                    1.9444726705551147
                ],
                [
                    0.5173873901367188,
                    0.3094958961009979,
                    -0.7978236079216003,
                    -3.216130018234253
                ],
                [
                    -1.4901162970204496e-08,
                    0.932307779788971,
                    0.36166566610336304,
                    1.457921028137207
                ],
                [
                    0.0,
                    0.0,
                    0.0,
                    1.0
                ]
            ]
        },
        {
            "file_path": "/data/shapenet_blender/all_50_random/02958343/39ec376b0df877986483e7894702b192/r_38",
            "rotation": 0.12566370614359174,
            "transform_matrix": [
                [
                    -0.6861336827278137,
                    0.396397203207016,
                    0.6099915504455566,
                    2.4589548110961914
                ],
                [
                    0.7274753451347351,
                    0.3738703429698944,
                    0.5753263235092163,
                    2.3192148208618164
                ],
                [
                    0.0,
                    0.8385047912597656,
                    -0.5448941588401794,
                    -2.1965389251708984
                ],
                [
                    0.0,
                    0.0,
                    0.0,
                    1.0
                ]
            ]
        },
        {
            "file_path": "/data/shapenet_blender/all_50_random/02958343/39ec376b0df877986483e7894702b192/r_39",
            "rotation": 0.12566370614359174,
            "transform_matrix": [
                [
                    -0.3940909206867218,
                    0.009229060262441635,
                    0.9190251231193542,
                    3.7047088146209717
                ],
                [
                    0.9190714955329895,
                    0.003957351669669151,
                    0.3940710723400116,
                    1.5885512828826904
                ],
                [
                    2.3283064365386963e-10,
                    0.9999495148658752,
                    -0.010041723027825356,
                    -0.04047948122024536
                ],
                [
                    0.0,
                    0.0,
                    0.0,
                    1.0
                ]
            ]
        },
        {
            "file_path": "/data/shapenet_blender/all_50_random/02958343/39ec376b0df877986483e7894702b192/r_40",
            "rotation": 0.12566370614359174,
            "transform_matrix": [
                [
                    -0.00202887668274343,
                    0.02691427618265152,
                    -0.9996357560157776,
                    -4.029660224914551
                ],
                [
                    -0.9999978542327881,
                    -5.460586544359103e-05,
                    0.002028142102062702,
                    0.008175700902938843
                ],
                [
                    0.0,
                    0.9996376633644104,
                    0.026914335787296295,
                    0.10849514603614807
                ],
                [
                    0.0,
                    0.0,
                    0.0,
                    1.0
                ]
            ]
        },
        {
            "file_path": "/data/shapenet_blender/all_50_random/02958343/39ec376b0df877986483e7894702b192/r_41",
            "rotation": 0.12566370614359174,
            "transform_matrix": [
                [
                    -0.9552006125450134,
                    0.06498003751039505,
                    -0.28873786330223083,
                    -1.1639395952224731
                ],
                [
                    -0.2959594130516052,
                    -0.20972120761871338,
                    0.9318932294845581,
                    3.7565817832946777
                ],
                [
