{
    "class": "02958343",
    "model": "a053946cd9048d46f200a72c9245aee7",
    "remove_doubles": true,
    "edge_split": true,
    "denoise": true,
    "camera_angle_x": 0.6911112070083618,
    "scale_factor": 2.2745106651986995,
    "hdri_file": "/data/IndoorHDRDataset2018/9C4A0731-b145fdd83d.exr",
    "center_offset": [
        0.0,
        0.0,
        -2.7939677238464355e-09
    ],
    "lights": [],
    "frames": [
        {
            "file_path": "/data/shapenet_blender/all_50_random/02958343/a053946cd9048d46f200a72c9245aee7/r_0",
            "rotation": 0.12566370614359174,
            "transform_matrix": [
                [
                    0.964436948299408,
                    0.05305492505431175,
                    -0.25893357396125793,
                    -1.0437946319580078
                ],
                [
                    -0.26431313157081604,
                    0.19358906149864197,
                    -0.9448078274726868,
                    -3.8086421489715576
                ],
                [
                    0.0,
                    0.979647159576416,
                    0.20072753727436066,
                    0.8091585636138916
                ],
                [
                    0.0,
                    0.0,
                    0.0,
                    1.0
                ]
            ]
        },
        {
            "file_path": "/data/shapenet_blender/all_50_random/02958343/a053946cd9048d46f200a72c9245aee7/r_1",
            "rotation": 0.12566370614359174,
            "transform_matrix": [
                [
                    -0.14341403543949127,
                    0.5539625287055969,
                    0.8200962543487549,
                    3.3059136867523193
                ],
                [
                    0.989662766456604,
                    0.08027583360671997,
                    0.11884181201457977,
                    0.4790666699409485
                ],
                [
                    0.0,
                    0.8286623358726501,
                    -0.5597488284111023,
                    -2.2564196586608887
                ],
                [
                    0.0,
                    0.0,
                    0.0,
                    1.0
                ]
            ]
        },
        {
            "file_path": "/data/shapenet_blender/all_50_random/02958343/a053946cd9048d46f200a72c9245aee7/r_2",
            "rotation": 0.12566370614359174,
            "transform_matrix": [
                [
                    -0.5877662301063538,
                    0.7586578130722046,
                    0.28101441264152527,
                    1.132805347442627
                ],
                [
                    0.8090308308601379,
                    0.5511698722839355,
                    0.20415879786014557,
                    0.8229904174804688
                ],
                [
                    -1.4901162970204496e-08,
                    0.3473469913005829,
                    -0.9377366304397583,
                    -3.780137300491333
                ],
                [
                    0.0,
                    0.0,
                    0.0,
                    1.0
                ]
            ]
        },
        {
            "file_path": "/data/shapenet_blender/all_50_random/02958343/a053946cd9048d46f200a72c9245aee7/r_3",
            "rotation": 0.12566370614359174,
            "transform_matrix": [
                [
                    -0.050916656851768494,
                    0.09878143668174744,
                    0.9938057065010071,
                    4.006158828735352
                ],
                [
                    0.9987029433250427,
                    0.005036152899265289,
                    0.05066698417067528,
                    0.20424515008926392
                ],
                [
                    0.0,
                    0.9950963854789734,
                    -0.09890974313020706,
                    -0.3987179398536682
                ],
                [
                    0.0,
                    0.0,
                    0.0,
                    1.0
                ]
            ]
        },
        {
            "file_path": "/data/shapenet_blender/all_50_random/02958343/a053946cd9048d46f200a72c9245aee7/r_4",
            "rotation": 0.12566370614359174,
            "transform_matrix": [
                [
                    0.4931235611438751,
                    -0.792007327079773,
                    0.3599356412887573,
                    1.4509469270706177
                ],
                [
                    0.8699592351913452,
                    0.44893765449523926,
                    -0.20402421057224274,
                    -0.8224478960037231
                ],
                [
                    0.0,
                    0.41373834013938904,
                    0.9103958010673523,
                    3.6699228286743164
                ],
                [
                    0.0,
                    0.0,
                    0.0,
                    1.0
                ]
            ]
        },
        {
            "file_path": "/data/shapenet_blender/all_50_random/02958343/a053946cd9048d46f200a72c9245aee7/r_5",
            "rotation": 0.12566370614359174,
            "transform_matrix": [
                [
                    -0.9000490307807922,
                    0.08390527963638306,
                    -0.4276348650455475,
                    -1.7238514423370361
                ],
                [
                    -0.435788631439209,
                    -0.17329244315624237,
                    0.8832088708877563,
                    3.560328960418701
                ],
                [
                    -7.450580596923828e-09,
                    0.981289803981781,
                    0.1925366371870041,
                    0.7761400938034058
                ],
                [
                    0.0,
                    0.0,
                    0.0,
                    1.0
                ]
            ]
        },
        {
            "file_path": "/data/shapenet_blender/all_50_random/02958343/a053946cd9048d46f200a72c9245aee7/r_6",
            "rotation": 0.12566370614359174,
            "transform_matrix": [
                [
                    -0.71014803647995,
                    0.6339348554611206,
                    0.30629467964172363,
                    1.2347133159637451
                ],
                [
                    0.7040524482727051,
                    0.6394233703613281,
                    0.30894649028778076,
                    1.2454031705856323
                ],
                [
                    -2.980232594040899e-08,
                    0.4350452125072479,
                    -0.9004085659980774,
                    -3.6296629905700684
                ],
                [
                    0.0,
                    0.0,
                    0.0,
                    1.0
                ]
            ]
        },
        {
            "file_path": "/data/shapenet_blender/all_50_random/02958343/a053946cd9048d46f200a72c9245aee7/r_7",
            "rotation": 0.12566370614359174,
            "transform_matrix": [
                [
                    0.67647784948349,
                    -0.2712164521217346,
                    0.6847037672996521,
                    2.760129451751709
                ],
                [
                    0.7364629507064819,
                    0.24912580847740173,
                    -0.6289344429969788,
                    -2.535315990447998
                ],
                [
                    0.0,
                    0.9297192692756653,
                    0.3682689368724823,
                    1.4845397472381592
                ],
                [
                    0.0,
                    0.0,
                    0.0,
                    1.0
                ]
            ]
        },
        {
            "file_path": "/data/shapenet_blender/all_50_random/02958343/a053946cd9048d46f200a72c9245aee7/r_8",
            "rotation": 0.12566370614359174,
            "transform_matrix": [
                [
                    0.8675832748413086,
                    0.002439403673633933,
                    0.4972860515117645,
                    2.004624366760254
                ],
                [
                    0.4972921311855316,
                    -0.004255820065736771,
                    -0.8675726652145386,
                    -3.497297525405884
                ],
                [
                    0.0,
                    0.9999879002571106,
                    -0.004905374255031347,
                    -0.019774198532104492
                ],
                [
                    0.0,
                    0.0,
                    0.0,
                    1.0
                ]
            ]
        },
        {
            "file_path": "/data/shapenet_blender/all_50_random/02958343/a053946cd9048d46f200a72c9245aee7/r_9",
            "rotation": 0.12566370614359174,
            "transform_matrix": [
                [
                    0.8151309490203857,
                    -0.569622278213501,
                    0.10531885921955109,
                    0.42455390095710754
                ],
                [
                    0.5792768597602844,
                    0.8015455007553101,
                    -0.14819970726966858,
                    -0.597412109375
                ],
                [
                    0.0,
                    0.18181078135967255,
                    0.9833335280418396,
                    3.96394419670105
                ],
                [
                    0.0,
                    0.0,
                    0.0,
                    1.0
                ]
            ]
        },
        {
            "file_path": "/data/shapenet_blender/all_50_random/02958343/a053946cd9048d46f200a72c9245aee7/r_10",
            "rotation": 0.12566370614359174,
            "transform_matrix": [
                [
                    0.7045021653175354,
                    -0.07706168293952942,
                    -0.7055056691169739,
                    -2.843984365463257
                ],
                [
                    -0.7097018957138062,
                    -0.07649707794189453,
                    -0.7003366351127625,
                    -2.8231472969055176
                ],
                [
                    0.0,
                    0.9940873384475708,
                    -0.10858316719532013,
                    -0.43771275877952576
                ],
                [
                    0.0,
                    0.0,
                    0.0,
                    1.0
                ]
            ]
        },
        {
            "file_path": "/data/shapenet_blender/all_50_random/02958343/a053946cd9048d46f200a72c9245aee7/r_11",
            "rotation": 0.12566370614359174,
            "transform_matrix": [
                [
                    -0.9193499684333801,
                    0.35381704568862915,
                    -0.17207269370555878,
                    -0.6936471462249756
                ],
                [
                    -0.3934405744075775,
                    -0.8267619013786316,
                    0.40208110213279724,
                    1.6208405494689941
                ],
                [
                    0.0,
                    0.43735364079475403,
                    0.8992896676063538,
                    3.625152111053467
                ],
                [
                    0.0,
                    0.0,
                    0.0,
                    1.0
                ]
            ]
        },
        {
            "file_path": "/data/shapenet_blender/all_50_random/02958343/a053946cd9048d46f200a72c9245aee7/r_12",
            "rotation": 0.12566370614359174,
            "transform_matrix": [
                [
                    0.23240263760089874,
                    0.022404681891202927,
                    -0.9723615050315857,
                    -3.9197146892547607
                ],
                [
                    -0.9726197123527527,
                    0.005353487096726894,
                    -0.2323409467935562,
                    -0.9365963339805603
                ],
                [
                    -4.656613428188905e-10,
                    0.99973464012146,
                    0.02303539775311947,
                    0.09285865724086761
                ],
                [
                    0.0,
                    0.0,
                    0.0,
                    1.0
                ]
            ]
        },
        {
            "file_path": "/data/shapenet_blender/all_50_random/02958343/a053946cd9048d46f200a72c9245aee7/r_13",
            "rotation": 0.12566370614359174,
            "transform_matrix": [
                [
                    0.6702332496643066,
                    -0.27392521500587463,
                    -0.6897479891777039,
                    -2.780463218688965
                ],
                [
                    -0.7421505451202393,
                    -0.2473808079957962,
                    -0.6229087114334106,
                    -2.5110256671905518
                ],
                [
                    0.0,
                    0.9293909668922424,
                    -0.3690966069698334,
                    -1.4878761768341064
                ],
                [
                    0.0,
                    0.0,
                    0.0,
                    1.0
                ]
            ]
        },
        {
            "file_path": "/data/shapenet_blender/all_50_random/02958343/a053946cd9048d46f200a72c9245aee7/r_14",
            "rotation": 0.12566370614359174,
            "transform_matrix": [
                [
                    -0.9966340661048889,
                    0.006629529409110546,
                    0.0817113071680069,
                    0.3293887674808502
                ],
                [
                    0.08197980374097824,
                    0.08059563487768173,
                    0.9933698773384094,
                    4.004401683807373
                ],
                [
                    0.0,
                    0.9967247843742371,
                    -0.08086784929037094,
                    -0.32598868012428284
                ],
                [
                    0.0,
                    0.0,
                    0.0,
                    1.0
                ]
            ]
        },
        {
            "file_path": "/data/shapenet_blender/all_50_random/02958343/a053946cd9048d46f200a72c9245aee7/r_15",
            "rotation": 0.12566370614359174,
            "transform_matrix": [
                [
                    0.8896603584289551,
                    0.19774934649467468,
                    0.41158202290534973,
                    1.6591403484344482
                ],
                [
                    0.4566230773925781,
                    -0.385284423828125,
                    -0.8019047379493713,
                    -3.232581615447998
                ],
                [
                    0.0,
                    0.9013605713844299,
                    -0.4330691695213318,
                    -1.745757818222046
                ],
                [
                    0.0,
                    0.0,
                    0.0,
                    1.0
                ]
            ]
        },
        {
            "file_path": "/data/shapenet_blender/all_50_random/02958343/a053946cd9048d46f200a72c9245aee7/r_16",
            "rotation": 0.12566370614359174,
            "transform_matrix": [
                [
                    -0.5213241577148438,
                    -0.04385277256369591,
                    -0.8522312045097351,
                    -3.4354538917541504
                ],
                [
                    -0.8533587455749512,
                    0.026790035888552666,
                    0.5206353664398193,
                    2.098748207092285
                ],
                [
                    0.0,
                    0.9986786842346191,
                    -0.051388442516326904,
                    -0.20715343952178955
                ],
                [
                    0.0,
                    0.0,
                    0.0,
                    1.0
                ]
            ]
        },
        {
            "file_path": "/data/shapenet_blender/all_50_random/02958343/a053946cd9048d46f200a72c9245aee7/r_17",
            "rotation": 0.12566370614359174,
            "transform_matrix": [
                [
                    0.9726351499557495,
                    0.004056005273014307,
                    0.23230212926864624,
                    0.9364397525787354
                ],
                [
                    0.23233750462532043,
                    -0.01697966642677784,
                    -0.9724870920181274,
                    -3.920220375061035
                ],
                [
                    0.0,
                    0.9998476505279541,
                    -0.01745738461613655,
                    -0.07037296146154404
                ],
                [
                    0.0,
                    0.0,
                    0.0,
                    1.0
                ]
            ]
        },
        {
            "file_path": "/data/shapenet_blender/all_50_random/02958343/a053946cd9048d46f200a72c9245aee7/r_18",
            "rotation": 0.12566370614359174,
            "transform_matrix": [
                [
                    0.09411388635635376,
                    -0.2339521050453186,
                    0.9676822423934937,
                    3.9008519649505615
                ],
                [
                    0.995561420917511,
                    0.02211630530655384,
                    -0.0914783701300621,
                    -0.3687610924243927
                ],
                [
                    0.0,
                    0.9719964861869812,
                    0.23499515652656555,
                    0.9472957849502563
                ],
                [
                    0.0,
                    0.0,
                    0.0,
                    1.0
                ]
            ]
        },
        {
            "file_path": "/data/shapenet_blender/all_50_random/02958343/a053946cd9048d46f200a72c9245aee7/r_19",
            "rotation": 0.12566370614359174,
            "transform_matrix": [
                [
                    -0.9162609577178955,
                    0.3679618835449219,
                    0.1583351492881775,
                    0.6382694840431213
                ],
                [
                    0.40058204531669617,
                    0.8416481018066406,
                    0.362163782119751,
                    1.4599289894104004
                ],
                [
                    0.0,
                    0.39526262879371643,
                    -0.9185680747032166,
                    -3.702866554260254
                ],
                [
                    0.0,
                    0.0,
                    0.0,
                    1.0
                ]
            ]
        },
        {
            "file_path": "/data/shapenet_blender/all_50_random/02958343/a053946cd9048d46f200a72c9245aee7/r_20",
            "rotation": 0.12566370614359174,
            "transform_matrix": [
                [
                    -0.952616274356842,
                    -0.015569204464554787,
                    -0.3037760853767395,
                    -1.2245606184005737
                ],
                [
                    -0.3041748106479645,
                    0.048759713768959045,
                    0.9513674974441528,
                    3.835085153579712
                ],
                [
                    -9.31322685637781e-10,
                    0.9986891150474548,
                    -0.05118505284190178,
                    -0.20633354783058167
                ],
                [
                    0.0,
                    0.0,
                    0.0,
                    1.0
                ]
            ]
        },
        {
            "file_path": "/data/shapenet_blender/all_50_random/02958343/a053946cd9048d46f200a72c9245aee7/r_21",
            "rotation": 0.12566370614359174,
            "transform_matrix": [
                [
                    -0.4777337610721588,
                    -0.0001139592204708606,
                    -0.8785046935081482,
                    -3.541365623474121
                ],
                [
                    -0.8785046935081482,
                    6.197139737196267e-05,
                    0.4777337610721588,
                    1.9258064031600952
                ],
                [
                    0.0,
                    0.9999999403953552,
                    -0.00012971954129170626,
                    -0.000522916205227375
                ],
                [
                    0.0,
                    0.0,
                    0.0,
                    1.0
                ]
            ]
        },
        {
            "file_path": "/data/shapenet_blender/all_50_random/02958343/a053946cd9048d46f200a72c9245aee7/r_22",
            "rotation": 0.12566370614359174,
            "transform_matrix": [
                [
                    0.8841292858123779,
                    -0.06601922959089279,
                    0.4625546932220459,
                    1.8646175861358643
                ],
                [
                    0.4672423005104065,
                    0.1249234676361084,
                    -0.8752592206001282,
                    -3.528282880783081
                ],
                [
                    3.725290076417309e-09,
                    0.9899675250053406,
                    0.14129546284675598,
                    0.5695802569389343
                ],
                [
                    0.0,
                    0.0,
                    0.0,
                    1.0
                ]
            ]
        },
        {
            "file_path": "/data/shapenet_blender/all_50_random/02958343/a053946cd9048d46f200a72c9245aee7/r_23",
            "rotation": 0.12566370614359174,
            "transform_matrix": [
                [
                    -0.3970973789691925,
                    -0.9159044623374939,
                    0.05858961492776871,
                    0.2361822873353958
                ],
                [
                    0.9177764058113098,
                    -0.3962874412536621,
                    0.025350164622068405,
                    0.10218977928161621
                ],
                [
                    0.0,
                    0.06383825838565826,
                    0.9979602098464966,
                    4.022906303405762
                ],
                [
                    0.0,
                    0.0,
                    0.0,
                    1.0
                ]
            ]
        },
        {
            "file_path": "/data/shapenet_blender/all_50_random/02958343/a053946cd9048d46f200a72c9245aee7/r_24",
            "rotation": 0.12566370614359174,
            "transform_matrix": [
                [
                    0.09372857213020325,
                    -0.5086787939071655,
                    -0.855839192867279,
                    -3.449998378753662
                ],
                [
                    -0.995597779750824,
                    -0.047888558357954025,
                    -0.08057127892971039,
                    -0.3247932493686676
                ],
                [
                    0.0,
                    0.8596234321594238,
                    -0.5109279751777649,
                    -2.059616804122925
                ],
                [
                    0.0,
                    0.0,
                    0.0,
                    1.0
                ]
            ]
        },
        {
            "file_path": "/data/shapenet_blender/all_50_random/02958343/a053946cd9048d46f200a72c9245aee7/r_25",
            "rotation": 0.12566370614359174,
            "transform_matrix": [
                [
                    -0.8776026964187622,
                    0.24047358334064484,
                    0.4147120416164398,
                    1.671757698059082
                ],
                [
                    0.47938886284828186,
                    0.440227746963501,
                    0.7592008113861084,
                    3.060436248779297
                ],
                [
                    -1.4901162970204496e-08,
                    0.8650848269462585,
                    -0.5016254186630249,
                    -2.0221166610717773
                ],
                [
                    0.0,
                    0.0,
                    0.0,
                    1.0
                ]
            ]
        },
        {
            "file_path": "/data/shapenet_blender/all_50_random/02958343/a053946cd9048d46f200a72c9245aee7/r_26",
            "rotation": 0.12566370614359174,
            "transform_matrix": [
                [
                    -0.3711759150028229,
                    0.42126795649528503,
                    -0.8275032639503479,
                    -3.3357725143432617
                ],
                [
                    -0.9285626411437988,
                    -0.16839416325092316,
                    0.3307792842388153,
                    1.333414077758789
                ],
                [
                    -1.4901162970204496e-08,
                    0.8911659121513367,
                    0.4536774456501007,
                    1.8288323879241943
                ],
                [
                    0.0,
                    0.0,
                    0.0,
                    1.0
                ]
            ]
        },
        {
            "file_path": "/data/shapenet_blender/all_50_random/02958343/a053946cd9048d46f200a72c9245aee7/r_27",
            "rotation": 0.12566370614359174,
            "transform_matrix": [
                [
                    0.11163558065891266,
                    -0.6836044192314148,
                    0.7212645411491394,
                    2.90751051902771
                ],
                [
                    0.9937492609024048,
                    0.0767945945262909,
                    -0.08102525025606155,
                    -0.32662326097488403
                ],
                [
                    3.725290298461914e-09,
                    0.725801408290863,
                    0.6879042387008667,
                    2.773030996322632
                ],
                [
                    0.0,
                    0.0,
                    0.0,
                    1.0
                ]
            ]
        },
        {
            "file_path": "/data/shapenet_blender/all_50_random/02958343/a053946cd9048d46f200a72c9245aee7/r_28",
            "rotation": 0.12566370614359174,
            "transform_matrix": [
                [
                    -0.9090814590454102,
                    -0.41062644124031067,
                    0.07040507346391678,
                    0.28381192684173584
                ],
                [
                    0.4166184663772583,
                    -0.8960065245628357,
                    0.15362723171710968,
                    0.6192911863327026
                ],
                [
                    0.0,
                    0.16899167001247406,
                    0.985617458820343,
                    3.9731509685516357
                ],
                [
                    0.0,
                    0.0,
                    0.0,
                    1.0
                ]
            ]
        },
        {
            "file_path": "/data/shapenet_blender/all_50_random/02958343/a053946cd9048d46f200a72c9245aee7/r_29",
            "rotation": 0.12566370614359174,
            "transform_matrix": [
                [
                    -0.9866328239440918,
                    0.023692525923252106,
                    0.16122759878635406,
                    0.6499292850494385
                ],
                [
                    0.16295912861824036,
                    0.1434459388256073,
                    0.976149320602417,
                    3.934983968734741
                ],
                [
                    -1.862645149230957e-09,
                    0.9893744587898254,
                    -0.1453893631696701,
                    -0.5860833525657654
                ],
                [
                    0.0,
                    0.0,
                    0.0,
                    1.0
                ]
            ]
        },
        {
            "file_path": "/data/shapenet_blender/all_50_random/02958343/a053946cd9048d46f200a72c9245aee7/r_30",
            "rotation": 0.12566370614359174,
            "transform_matrix": [
                [
                    -0.982122004032135,
                    0.009264715015888214,
                    -0.18801753222942352,
                    -0.757922887802124
                ],
                [
                    -0.18824566900730133,
                    -0.0483362041413784,
                    0.9809317588806152,
                    3.9542624950408936
                ],
                [
                    0.0,
                    0.9987881779670715,
                    0.04921608418226242,
                    0.19839638471603394
                ],
                [
                    0.0,
                    0.0,
                    0.0,
                    1.0
                ]
            ]
        },
        {
            "file_path": "/data/shapenet_blender/all_50_random/02958343/a053946cd9048d46f200a72c9245aee7/r_31",
            "rotation": 0.12566370614359174,
            "transform_matrix": [
                [
                    0.8534912467002869,
                    -0.29656949639320374,
                    -0.42848482728004456,
                    -1.7272777557373047
                ],
                [
                    -0.5211072564125061,
                    -0.48573389649391174,
                    -0.7017903327941895,
                    -2.829007625579834
                ],
                [
                    1.4901162970204496e-08,
                    0.8222585320472717,
                    -0.5691140294075012,
                    -2.2941722869873047
                ],
                [
                    0.0,
                    0.0,
                    0.0,
                    1.0
                ]
            ]
        },
        {
            "file_path": "/data/shapenet_blender/all_50_random/02958343/a053946cd9048d46f200a72c9245aee7/r_32",
            "rotation": 0.12566370614359174,
            "transform_matrix": [
                [
                    -0.9806814789772034,
                    -0.1422664374113083,
                    0.13425397872924805,
                    0.5411950945854187
                ],
                [
                    0.19561153650283813,
                    -0.7132404446601868,
                    0.6730706691741943,
                    2.7132346630096436
                ],
                [
                    0.0,
                    0.6863295435905457,
                    0.7272906303405762,
                    2.931802272796631
                ],
                [
                    0.0,
                    0.0,
                    0.0,
                    1.0
                ]
            ]
        },
        {
            "file_path": "/data/shapenet_blender/all_50_random/02958343/a053946cd9048d46f200a72c9245aee7/r_33",
            "rotation": 0.12566370614359174,
            "transform_matrix": [
                [
                    -0.8533220887184143,
                    -0.02458416484296322,
                    0.5208043456077576,
                    2.0994293689727783
                ],
                [
                    0.5213842988014221,
                    -0.040235601365566254,
                    0.8523728847503662,
                    3.4360249042510986
                ],
                [
                    0.0,
                    0.9988876581192017,
                    0.04715172201395035,
                    0.19007466733455658
                ],
                [
                    0.0,
                    0.0,
                    0.0,
                    1.0
                ]
            ]
        },
        {
            "file_path": "/data/shapenet_blender/all_50_random/02958343/a053946cd9048d46f200a72c9245aee7/r_34",
            "rotation": 0.12566370614359174,
            "transform_matrix": [
                [
                    -0.968812882900238,
                    -0.09322205930948257,
                    -0.22958947718143463,
                    -0.9255048036575317
                ],
                [
                    -0.24779364466667175,
                    0.3644755780696869,
                    0.8976390361785889,
                    3.6184988021850586
                ],
                [
                    0.0,
                    0.9265350103378296,
                    -0.37620848417282104,
                    -1.5165449380874634
                ],
                [
                    0.0,
                    0.0,
                    0.0,
                    1.0
                ]
            ]
        },
        {
            "file_path": "/data/shapenet_blender/all_50_random/02958343/a053946cd9048d46f200a72c9245aee7/r_35",
            "rotation": 0.12566370614359174,
            "transform_matrix": [
                [
                    -0.13400471210479736,
                    -0.7743701934814453,
                    0.6183797717094421,
                    2.4927685260772705
                ],
                [
                    0.9909806847572327,
                    -0.10471370816230774,
                    0.08362000435590744,
                    0.33708301186561584
                ],
                [
                    0.0,
                    0.6240079402923584,
                    0.7814180254936218,
                    3.149996757507324
                ],
                [
                    0.0,
                    0.0,
                    0.0,
                    1.0
                ]
            ]
        },
        {
            "file_path": "/data/shapenet_blender/all_50_random/02958343/a053946cd9048d46f200a72c9245aee7/r_36",
            "rotation": 0.12566370614359174,
            "transform_matrix": [
                [
                    0.15162859857082367,
                    0.5264562964439392,
                    -0.8365718722343445,
                    -3.372328996658325
                ],
                [
                    -0.9884375333786011,
                    0.08075961470603943,
                    -0.12833204865455627,
                    -0.5173230171203613
                ],
                [
                    7.450580596923828e-09,
                    0.8463577628135681,
                    0.5326147079467773,
                    2.147038459777832
                ],
                [
                    0.0,
                    0.0,
                    0.0,
                    1.0
                ]
            ]
        },
        {
            "file_path": "/data/shapenet_blender/all_50_random/02958343/a053946cd9048d46f200a72c9245aee7/r_37",
            "rotation": 0.12566370614359174,
            "transform_matrix": [
                [
                    0.4941665232181549,
                    0.387602835893631,
                    0.7781795859336853,
                    3.136942148208618
                ],
                [
                    0.8693673014640808,
                    -0.22032155096530914,
                    -0.44233351945877075,
                    -1.7831034660339355
                ],
                [
                    1.4901161193847656e-08,
                    0.8951102495193481,
                    -0.4458447992801666,
                    -1.797257900238037
                ],
                [
                    0.0,
                    0.0,
                    0.0,
                    1.0
                ]
            ]
        },
        {
            "file_path": "/data/shapenet_blender/all_50_random/02958343/a053946cd9048d46f200a72c9245aee7/r_38",
            "rotation": 0.12566370614359174,
            "transform_matrix": [
                [
                    0.4675435721874237,
                    -0.19282595813274384,
                    -0.8626825213432312,
                    -3.4775846004486084
                ],
                [
                    -0.8839699625968933,
                    -0.10198822617530823,
                    -0.4562843441963196,
                    -1.839341163635254
                ],
                [
                    7.4505797087454084e-09,
                    0.9759182929992676,
                    -0.21813631057739258,
                    -0.8793356418609619
                ],
                [
                    0.0,
                    0.0,
                    0.0,
                    1.0
                ]
            ]
        },
        {
            "file_path": "/data/shapenet_blender/all_50_random/02958343/a053946cd9048d46f200a72c9245aee7/r_39",
            "rotation": 0.12566370614359174,
            "transform_matrix": [
                [
                    0.9457823038101196,
                    -0.06568394601345062,
                    -0.3180902600288391,
                    -1.2822628021240234
                ],
                [
                    -0.32480111718177795,
                    -0.1912638247013092,
                    -0.9262409806251526,
                    -3.7337968349456787
                ],
                [
                    3.725290076417309e-09,
                    0.9793384075164795,
                    -0.20222817361354828,
                    -0.815207839012146
                ],
                [
                    0.0,
                    0.0,
                    0.0,
                    1.0
                ]
            ]
        },
        {
            "file_path": "/data/shapenet_blender/all_50_random/02958343/a053946cd9048d46f200a72c9245aee7/r_40",
            "rotation": 0.12566370614359174,
            "transform_matrix": [
                [
                    0.8533816933631897,
                    0.3514469563961029,
                    -0.3849996030330658,
                    -1.5519829988479614
                ],
                [
                    -0.5212864875793457,
                    0.5753427147865295,
                    -0.6302707195281982,
                    -2.5407025814056396
                ],
                [
                    -1.4901160305669237e-08,
                    0.7385566234588623,
                    0.6741914749145508,
                    2.717752695083618
                ],
                [
                    0.0,
                    0.0,
                    0.0,
                    1.0
                ]
            ]
        },
        {
            "file_path": "/data/shapenet_blender/all_50_random/02958343/a053946cd9048d46f200a72c9245aee7/r_41",
            "rotation": 0.12566370614359174,
            "transform_matrix": [
                [
                    -0.6087717413902283,
                    0.35951510071754456,
                    0.7072099447250366,
                    2.8508543968200684
                ],
                [
                    0.7933454513549805,
                    0.2758730351924896,
                    0.5426758527755737,
                    2.187596321105957
                ],
                [
                    0.0,
                    0.8914275169372559,
