{
    "class": "02958343",
    "model": "9ff9c8287fdb49be8b55a52bfd1cce7a",
    "remove_doubles": true,
    "edge_split": true,
    "denoise": true,
    "camera_angle_x": 0.6911112070083618,
    "scale_factor": 2.1813629722010797,
    "hdri_file": "/data/IndoorHDRDataset2018/AG8A8304-c2b7096e00.exr",
    "center_offset": [
        0.0,
        0.0,
        -5.587935447692871e-09
    ],
    "lights": [],
    "frames": [
        {
            "file_path": "/data/shapenet_blender/all_50_random/02958343/9ff9c8287fdb49be8b55a52bfd1cce7a/r_0",
            "rotation": 0.12566370614359174,
            "transform_matrix": [
                [
                    -0.9356387853622437,
                    -0.31697937846183777,
                    0.15525519847869873,
                    0.6258537769317627
                ],
                [
                    0.3529590964317322,
                    -0.840262234210968,
                    0.41155701875686646,
                    1.6590394973754883
                ],
                [
                    0.0,
                    0.4398673474788666,
                    0.8980625867843628,
                    3.620206356048584
                ],
                [
                    0.0,
                    0.0,
                    0.0,
                    1.0
                ]
            ]
        },
        {
            "file_path": "/data/shapenet_blender/all_50_random/02958343/9ff9c8287fdb49be8b55a52bfd1cce7a/r_1",
            "rotation": 0.12566370614359174,
            "transform_matrix": [
                [
                    -0.997957706451416,
                    -0.04185992479324341,
                    -0.04825136065483093,
                    -0.1945074498653412
                ],
                [
                    -0.0638783797621727,
                    0.6539682745933533,
                    0.7538202404975891,
                    3.0387465953826904
                ],
                [
                    0.0,
                    0.755362868309021,
                    -0.6553066372871399,
                    -2.6416256427764893
                ],
                [
                    0.0,
                    0.0,
                    0.0,
                    1.0
                ]
            ]
        },
        {
            "file_path": "/data/shapenet_blender/all_50_random/02958343/9ff9c8287fdb49be8b55a52bfd1cce7a/r_2",
            "rotation": 0.12566370614359174,
            "transform_matrix": [
                [
                    -0.5916562080383301,
                    -0.14563299715518951,
                    -0.7929274439811707,
                    -3.196392774581909
                ],
                [
                    -0.8061903715133667,
                    0.10687880963087082,
                    0.5819226503372192,
                    2.3458051681518555
                ],
                [
                    0.0,
                    0.9835485816001892,
                    -0.18064343929290771,
                    -0.7281969785690308
                ],
                [
                    0.0,
                    0.0,
                    0.0,
                    1.0
                ]
            ]
        },
        {
            "file_path": "/data/shapenet_blender/all_50_random/02958343/9ff9c8287fdb49be8b55a52bfd1cce7a/r_3",
            "rotation": 0.12566370614359174,
            "transform_matrix": [
                [
                    -0.4561035931110382,
                    0.4248064458370209,
                    0.7819904088973999,
                    3.152304172515869
                ],
                [
                    0.8899267911911011,
                    0.21772100031375885,
                    0.4007842540740967,
                    1.6156129837036133
                ],
                [
                    0.0,
                    0.8787132501602173,
                    -0.4773499667644501,
                    -1.9242593050003052
                ],
                [
                    0.0,
                    0.0,
                    0.0,
                    1.0
                ]
            ]
        },
        {
            "file_path": "/data/shapenet_blender/all_50_random/02958343/9ff9c8287fdb49be8b55a52bfd1cce7a/r_4",
            "rotation": 0.12566370614359174,
            "transform_matrix": [
                [
                    -0.6820538640022278,
                    -0.45502007007598877,
                    -0.5725024938583374,
                    -2.307831287384033
                ],
                [
                    -0.7313018441200256,
                    0.4243777394294739,
                    0.533948540687561,
                    2.1524155139923096
                ],
                [
                    0.0,
                    0.7828538417816162,
                    -0.6222056150436401,
                    -2.5081911087036133
                ],
                [
                    0.0,
                    0.0,
                    0.0,
                    1.0
                ]
            ]
        },
        {
            "file_path": "/data/shapenet_blender/all_50_random/02958343/9ff9c8287fdb49be8b55a52bfd1cce7a/r_5",
            "rotation": 0.12566370614359174,
            "transform_matrix": [
                [
                    -0.1648874431848526,
                    -0.021478237584233284,
                    0.9860785007476807,
                    3.9750096797943115
                ],
                [
                    0.9863123893737793,
                    -0.003590639214962721,
                    0.16484834253787994,
                    0.6645249128341675
                ],
                [
                    2.3283067140944524e-10,
                    0.999762773513794,
                    0.02177630551159382,
                    0.0877830982208252
                ],
                [
                    0.0,
                    0.0,
                    0.0,
                    1.0
                ]
            ]
        },
        {
            "file_path": "/data/shapenet_blender/all_50_random/02958343/9ff9c8287fdb49be8b55a52bfd1cce7a/r_6",
            "rotation": 0.12566370614359174,
            "transform_matrix": [
                [
                    -0.4245990216732025,
                    -0.014435963705182076,
                    -0.9052664041519165,
                    -3.649245500564575
                ],
                [
                    -0.9053815603256226,
                    0.00677006971091032,
                    0.424545019865036,
                    1.7113957405090332
                ],
                [
                    4.656612873077393e-10,
                    0.9998728632926941,
                    -0.015944618731737137,
                    -0.06427481770515442
                ],
                [
                    0.0,
                    0.0,
                    0.0,
                    1.0
                ]
            ]
        },
        {
            "file_path": "/data/shapenet_blender/all_50_random/02958343/9ff9c8287fdb49be8b55a52bfd1cce7a/r_7",
            "rotation": 0.12566370614359174,
            "transform_matrix": [
                [
                    0.9426215887069702,
                    -0.01879356987774372,
                    0.33333390951156616,
                    1.3437118530273438
                ],
                [
                    0.3338632881641388,
                    0.053061310201883316,
                    -0.9411269426345825,
                    -3.7938036918640137
                ],
                [
                    0.0,
                    0.9984143972396851,
                    0.05629122257232666,
                    0.22691714763641357
                ],
                [
                    0.0,
                    0.0,
                    0.0,
                    1.0
                ]
            ]
        },
        {
            "file_path": "/data/shapenet_blender/all_50_random/02958343/9ff9c8287fdb49be8b55a52bfd1cce7a/r_8",
            "rotation": 0.12566370614359174,
            "transform_matrix": [
                [
                    -0.7995254993438721,
                    0.08872012048959732,
                    -0.5940435528755188,
                    -2.3946664333343506
                ],
                [
                    -0.6006321907043457,
                    -0.11809888482093811,
                    0.790755033493042,
                    3.187635660171509
                ],
                [
                    0.0,
                    0.9890304803848267,
                    0.14771121740341187,
                    0.5954430103302002
                ],
                [
                    0.0,
                    0.0,
                    0.0,
                    1.0
                ]
            ]
        },
        {
            "file_path": "/data/shapenet_blender/all_50_random/02958343/9ff9c8287fdb49be8b55a52bfd1cce7a/r_9",
            "rotation": 0.12566370614359174,
            "transform_matrix": [
                [
                    0.14704865217208862,
                    -0.5025904774665833,
                    0.8519269227981567,
                    3.434227228164673
                ],
                [
                    0.9891292452812195,
                    0.07471749931573868,
                    -0.12665151059627533,
                    -0.5105485916137695
                ],
                [
                    -7.450580596923828e-09,
                    0.8612897396087646,
                    0.5081140995025635,
                    2.0482735633850098
                ],
                [
                    0.0,
                    0.0,
                    0.0,
                    1.0
                ]
            ]
        },
        {
            "file_path": "/data/shapenet_blender/all_50_random/02958343/9ff9c8287fdb49be8b55a52bfd1cce7a/r_10",
            "rotation": 0.12566370614359174,
            "transform_matrix": [
                [
                    0.2241659164428711,
                    0.0013356652343645692,
                    0.9745501279830933,
                    3.928537130355835
                ],
                [
                    0.9745510220527649,
                    -0.0003072292893193662,
                    -0.22416570782661438,
                    -0.903640866279602
                ],
                [
                    0.0,
                    0.9999990463256836,
                    -0.0013705441961064935,
                    -0.005524840205907822
                ],
                [
                    0.0,
                    0.0,
                    0.0,
                    1.0
                ]
            ]
        },
        {
            "file_path": "/data/shapenet_blender/all_50_random/02958343/9ff9c8287fdb49be8b55a52bfd1cce7a/r_11",
            "rotation": 0.12566370614359174,
            "transform_matrix": [
                [
                    0.44555795192718506,
                    0.06025214493274689,
                    0.8932232856750488,
                    3.600698232650757
                ],
                [
                    0.8952531218528748,
                    -0.029986850917339325,
                    -0.44454771280288696,
                    -1.7920291423797607
                ],
                [
                    0.0,
                    0.9977325797080994,
                    -0.06730180233716965,
                    -0.2713022530078888
                ],
                [
                    0.0,
                    0.0,
                    0.0,
                    1.0
                ]
            ]
        },
        {
            "file_path": "/data/shapenet_blender/all_50_random/02958343/9ff9c8287fdb49be8b55a52bfd1cce7a/r_12",
            "rotation": 0.12566370614359174,
            "transform_matrix": [
                [
                    0.508717954158783,
                    0.20256772637367249,
                    -0.8367629647254944,
                    -3.3730995655059814
                ],
                [
                    -0.8609333038330078,
                    0.1196954995393753,
                    -0.4944359362125397,
                    -1.9931350946426392
                ],
                [
                    0.0,
                    0.9719254374504089,
                    0.23528854548931122,
                    0.9484785199165344
                ],
                [
                    0.0,
                    0.0,
                    0.0,
                    1.0
                ]
            ]
        },
        {
            "file_path": "/data/shapenet_blender/all_50_random/02958343/9ff9c8287fdb49be8b55a52bfd1cce7a/r_13",
            "rotation": 0.12566370614359174,
            "transform_matrix": [
                [
                    0.8481923937797546,
                    -0.20816349983215332,
                    0.4870704710483551,
                    1.9634439945220947
                ],
                [
                    0.52968829870224,
                    0.33333316445350647,
                    -0.7799481749534607,
                    -3.1440718173980713
                ],
                [
                    0.0,
                    0.9195416569709778,
                    0.39299240708351135,
                    1.5842032432556152
                ],
                [
                    0.0,
                    0.0,
                    0.0,
                    1.0
                ]
            ]
        },
        {
            "file_path": "/data/shapenet_blender/all_50_random/02958343/9ff9c8287fdb49be8b55a52bfd1cce7a/r_14",
            "rotation": 0.12566370614359174,
            "transform_matrix": [
                [
                    -0.6819179654121399,
                    -0.28807100653648376,
                    0.6723116040229797,
                    2.710174560546875
                ],
                [
                    0.7314286231994629,
                    -0.2685714066028595,
                    0.6268026232719421,
                    2.5267221927642822
                ],
                [
                    1.4901160305669237e-08,
                    0.9191759824752808,
                    0.3938470780849457,
                    1.5876482725143433
                ],
                [
                    0.0,
                    0.0,
                    0.0,
                    1.0
                ]
            ]
        },
        {
            "file_path": "/data/shapenet_blender/all_50_random/02958343/9ff9c8287fdb49be8b55a52bfd1cce7a/r_15",
            "rotation": 0.12566370614359174,
            "transform_matrix": [
                [
                    0.5902568101882935,
                    -0.6384965181350708,
                    -0.4938814043998718,
                    -1.990899682044983
                ],
                [
                    -0.8072153925895691,
                    -0.4668852686882019,
                    -0.36113888025283813,
                    -1.455797553062439
                ],
                [
                    -1.4901160305669237e-08,
                    0.611833393573761,
                    -0.7909865379333496,
                    -3.1885690689086914
                ],
                [
                    0.0,
                    0.0,
                    0.0,
                    1.0
                ]
            ]
        },
        {
            "file_path": "/data/shapenet_blender/all_50_random/02958343/9ff9c8287fdb49be8b55a52bfd1cce7a/r_16",
            "rotation": 0.12566370614359174,
            "transform_matrix": [
                [
                    0.6903150081634521,
                    0.18102478981018066,
                    -0.7004963159561157,
                    -2.823791027069092
                ],
                [
                    -0.7235088348388672,
                    0.1727195531129837,
                    -0.6683582663536072,
                    -2.6942384243011475
                ],
                [
                    0.0,
                    0.9681931734085083,
                    0.250203937292099,
                    1.0086042881011963
                ],
                [
                    0.0,
                    0.0,
                    0.0,
                    1.0
                ]
            ]
        },
        {
            "file_path": "/data/shapenet_blender/all_50_random/02958343/9ff9c8287fdb49be8b55a52bfd1cce7a/r_17",
            "rotation": 0.12566370614359174,
            "transform_matrix": [
                [
                    -0.8642278909683228,
                    0.14646810293197632,
                    0.4813079535961151,
                    1.9402143955230713
                ],
                [
                    0.5031006932258606,
                    0.2516033351421356,
                    0.8267922401428223,
                    3.3329062461853027
                ],
                [
                    0.0,
                    0.9566832780838013,
                    -0.29113078117370605,
                    -1.1735857725143433
                ],
                [
                    0.0,
                    0.0,
                    0.0,
                    1.0
                ]
            ]
        },
        {
            "file_path": "/data/shapenet_blender/all_50_random/02958343/9ff9c8287fdb49be8b55a52bfd1cce7a/r_18",
            "rotation": 0.12566370614359174,
            "transform_matrix": [
                [
                    -0.9451949596405029,
                    0.015846222639083862,
                    0.3261219561100006,
                    1.3146398067474365
                ],
                [
                    0.32650673389434814,
                    0.0458727702498436,
                    0.9440810084342957,
                    3.8057124614715576
                ],
                [
                    0.0,
                    0.9988216161727905,
                    -0.048532601445913315,
                    -0.1956411898136139
                ],
                [
                    0.0,
                    0.0,
                    0.0,
                    1.0
                ]
            ]
        },
        {
            "file_path": "/data/shapenet_blender/all_50_random/02958343/9ff9c8287fdb49be8b55a52bfd1cce7a/r_19",
            "rotation": 0.12566370614359174,
            "transform_matrix": [
                [
                    -0.6761131882667542,
                    -0.5377813577651978,
                    -0.5036488771438599,
                    -2.030273675918579
                ],
                [
                    -0.7367978096008301,
                    0.49348822236061096,
                    0.46216699481010437,
                    1.8630547523498535
                ],
                [
                    -1.4901162970204496e-08,
                    0.6835645437240601,
                    -0.729889988899231,
                    -2.9422807693481445
                ],
                [
                    0.0,
                    0.0,
                    0.0,
                    1.0
                ]
            ]
        },
        {
            "file_path": "/data/shapenet_blender/all_50_random/02958343/9ff9c8287fdb49be8b55a52bfd1cce7a/r_20",
            "rotation": 0.12566370614359174,
            "transform_matrix": [
                [
                    0.8732081055641174,
                    -0.26450932025909424,
                    -0.4093194901943207,
                    -1.650019645690918
                ],
                [
                    -0.4873475730419159,
                    -0.4739362895488739,
                    -0.733400821685791,
                    -2.9564332962036133
                ],
                [
                    0.0,
                    0.8398923277854919,
                    -0.5427529811859131,
                    -2.1879072189331055
                ],
                [
                    0.0,
                    0.0,
                    0.0,
                    1.0
                ]
            ]
        },
        {
            "file_path": "/data/shapenet_blender/all_50_random/02958343/9ff9c8287fdb49be8b55a52bfd1cce7a/r_21",
            "rotation": 0.12566370614359174,
            "transform_matrix": [
                [
                    0.8174113631248474,
                    0.12454605847597122,
                    0.5624296069145203,
                    2.267226219177246
                ],
                [
                    0.5760545134544373,
                    -0.17672869563102722,
                    -0.7980778217315674,
                    -3.2171545028686523
                ],
                [
                    7.450580596923828e-09,
                    0.9763479232788086,
                    -0.21620534360408783,
                    -0.8715516328811646
                ],
                [
                    0.0,
                    0.0,
                    0.0,
                    1.0
                ]
            ]
        },
        {
            "file_path": "/data/shapenet_blender/all_50_random/02958343/9ff9c8287fdb49be8b55a52bfd1cce7a/r_22",
            "rotation": 0.12566370614359174,
            "transform_matrix": [
                [
                    0.7762132287025452,
                    -0.3309271037578583,
                    0.5366379022598267,
                    2.163256883621216
                ],
                [
                    0.6304705142974854,
                    0.4074258506298065,
                    -0.6606897711753845,
                    -2.663325786590576
                ],
                [
                    0.0,
                    0.8511704802513123,
                    0.5248890519142151,
                    2.1158957481384277
                ],
                [
                    0.0,
                    0.0,
                    0.0,
                    1.0
                ]
            ]
        },
        {
            "file_path": "/data/shapenet_blender/all_50_random/02958343/9ff9c8287fdb49be8b55a52bfd1cce7a/r_23",
            "rotation": 0.12566370614359174,
            "transform_matrix": [
                [
                    -0.9941346049308777,
                    -0.07241202145814896,
                    -0.08033010363578796,
                    -0.3238210082054138
                ],
                [
                    -0.10815003514289856,
                    0.6656243801116943,
                    0.7384088039398193,
                    2.976621150970459
                ],
                [
                    0.0,
                    0.7427653670310974,
                    -0.6695516705513,
                    -2.699049234390259
                ],
                [
                    0.0,
                    0.0,
                    0.0,
                    1.0
                ]
            ]
        },
        {
            "file_path": "/data/shapenet_blender/all_50_random/02958343/9ff9c8287fdb49be8b55a52bfd1cce7a/r_24",
            "rotation": 0.12566370614359174,
            "transform_matrix": [
                [
                    0.9961107969284058,
                    0.07556479424238205,
                    -0.04531227424740791,
                    -0.18265962600708008
                ],
                [
                    -0.08810925483703613,
                    0.8542906641960144,
                    -0.5122736096382141,
                    -2.0650410652160645
                ],
                [
                    3.7252898543727042e-09,
                    0.5142736434936523,
                    0.8576261401176453,
                    3.4572014808654785
                ],
                [
                    0.0,
                    0.0,
                    0.0,
                    1.0
                ]
            ]
        },
        {
            "file_path": "/data/shapenet_blender/all_50_random/02958343/9ff9c8287fdb49be8b55a52bfd1cce7a/r_25",
            "rotation": 0.12566370614359174,
            "transform_matrix": [
                [
                    0.9899753928184509,
                    0.071456678211689,
                    -0.12183009088039398,
                    -0.4911128282546997
                ],
                [
                    -0.14123959839344025,
                    0.5008534789085388,
                    -0.8539303541183472,
                    -3.4423036575317383
                ],
                [
                    0.0,
                    0.8625774383544922,
                    0.5059250593185425,
                    2.039449453353882
                ],
                [
                    0.0,
                    0.0,
                    0.0,
                    1.0
                ]
            ]
        },
        {
            "file_path": "/data/shapenet_blender/all_50_random/02958343/9ff9c8287fdb49be8b55a52bfd1cce7a/r_26",
            "rotation": 0.12566370614359174,
            "transform_matrix": [
                [
                    0.5411862730979919,
                    0.44529759883880615,
                    0.7133212685585022,
                    2.875490188598633
                ],
                [
                    0.8409027457237244,
                    -0.28658366203308105,
                    -0.45907774567604065,
                    -1.8506016731262207
                ],
                [
                    1.4901161193847656e-08,
                    0.8482804298400879,
                    -0.5295470952987671,
                    -2.1346728801727295
                ],
                [
                    0.0,
                    0.0,
                    0.0,
                    1.0
                ]
            ]
        },
        {
            "file_path": "/data/shapenet_blender/all_50_random/02958343/9ff9c8287fdb49be8b55a52bfd1cce7a/r_27",
            "rotation": 0.12566370614359174,
            "transform_matrix": [
                [
                    0.028078626841306686,
                    0.39767977595329285,
                    0.9170945286750793,
                    3.6969263553619385
                ],
                [
                    0.999605655670166,
                    -0.0111707067117095,
                    -0.025760913267731667,
                    -0.10384556651115417
                ],
                [
                    0.0,
                    0.9174562692642212,
                    -0.3978366255760193,
                    -1.6037306785583496
                ],
                [
                    0.0,
                    0.0,
                    0.0,
                    1.0
                ]
            ]
        },
        {
            "file_path": "/data/shapenet_blender/all_50_random/02958343/9ff9c8287fdb49be8b55a52bfd1cce7a/r_28",
            "rotation": 0.12566370614359174,
            "transform_matrix": [
                [
                    -0.9362892508506775,
                    -0.22597463428974152,
                    0.2688823938369751,
                    1.083899736404419
                ],
                [
                    0.3512296676635742,
                    -0.6023910641670227,
                    0.7167723178863525,
                    2.889401912689209
                ],
                [
                    0.0,
                    0.7655458450317383,
                    0.6433812379837036,
                    2.593553066253662
                ],
                [
                    0.0,
                    0.0,
                    0.0,
                    1.0
                ]
            ]
        },
        {
            "file_path": "/data/shapenet_blender/all_50_random/02958343/9ff9c8287fdb49be8b55a52bfd1cce7a/r_29",
            "rotation": 0.12566370614359174,
            "transform_matrix": [
                [
                    -0.7915692925453186,
                    0.029938731342554092,
                    0.6103454828262329,
                    2.460381507873535
                ],
                [
                    0.6110793948173523,
                    0.03878151252865791,
                    0.7906186580657959,
                    3.1870861053466797
                ],
                [
                    -1.862645149230957e-09,
                    0.9987991452217102,
                    -0.04899318888783455,
                    -0.1974978744983673
                ],
                [
                    0.0,
                    0.0,
                    0.0,
                    1.0
                ]
            ]
        },
        {
            "file_path": "/data/shapenet_blender/all_50_random/02958343/9ff9c8287fdb49be8b55a52bfd1cce7a/r_30",
            "rotation": 0.12566370614359174,
            "transform_matrix": [
                [
                    0.9010166525840759,
                    -0.36613598465919495,
                    0.23262321949005127,
                    0.9377341270446777
                ],
                [
                    0.43378469347953796,
                    0.7605031728744507,
                    -0.48318302631378174,
                    -1.9477729797363281
                ],
                [
                    -1.4901161193847656e-08,
                    0.5362643599510193,
                    0.8440501093864441,
                    3.4024746417999268
                ],
                [
                    0.0,
                    0.0,
                    0.0,
                    1.0
                ]
            ]
        },
        {
            "file_path": "/data/shapenet_blender/all_50_random/02958343/9ff9c8287fdb49be8b55a52bfd1cce7a/r_31",
            "rotation": 0.12566370614359174,
            "transform_matrix": [
                [
                    0.48352429270744324,
                    -0.8268224000930786,
                    0.2873478829860687,
                    1.1583364009857178
                ],
                [
                    0.8753310441970825,
                    0.45672860741615295,
                    -0.15872815251350403,
                    -0.6398536562919617
                ],
                [
                    -1.4901164746561335e-08,
                    0.3282732665538788,
                    0.9445827007293701,
                    3.807734727859497
                ],
                [
                    0.0,
                    0.0,
                    0.0,
                    1.0
                ]
            ]
        },
        {
            "file_path": "/data/shapenet_blender/all_50_random/02958343/9ff9c8287fdb49be8b55a52bfd1cce7a/r_32",
            "rotation": 0.12566370614359174,
            "transform_matrix": [
                [
                    -0.7315864562988281,
                    -0.6397422552108765,
                    -0.23560768365859985,
                    -0.9497649669647217
                ],
                [
                    -0.6817485690116882,
                    0.686509370803833,
                    0.2528313100337982,
                    1.019195556640625
                ],
                [
                    1.4901161193847656e-08,
                    0.3455931842327118,
                    -0.9383844137191772,
                    -3.7827484607696533
                ],
                [
                    0.0,
                    0.0,
                    0.0,
                    1.0
                ]
            ]
        },
        {
            "file_path": "/data/shapenet_blender/all_50_random/02958343/9ff9c8287fdb49be8b55a52bfd1cce7a/r_33",
            "rotation": 0.12566370614359174,
            "transform_matrix": [
                [
                    -0.5984224677085876,
                    0.47462698817253113,
                    0.645460844039917,
                    2.601935863494873
                ],
                [
                    0.8011807203292847,
                    0.3545111119747162,
                    0.4821113049983978,
                    1.9434528350830078
                ],
                [
                    -1.4901161193847656e-08,
                    0.805637001991272,
                    -0.5924094319343567,
                    -2.3880786895751953
                ],
                [
                    0.0,
                    0.0,
                    0.0,
                    1.0
                ]
            ]
        },
        {
            "file_path": "/data/shapenet_blender/all_50_random/02958343/9ff9c8287fdb49be8b55a52bfd1cce7a/r_34",
            "rotation": 0.12566370614359174,
            "transform_matrix": [
                [
                    -0.12102764844894409,
                    0.835344672203064,
                    -0.5362383723258972,
                    -2.1616461277008057
                ],
                [
                    -0.9926491379737854,
                    -0.10184847563505173,
                    0.0653802677989006,
                    0.2635563015937805
                ],
                [
                    -3.725290298461914e-09,
                    0.5402094125747681,
                    0.8415306210517883,
                    3.3923184871673584
                ],
                [
                    0.0,
                    0.0,
                    0.0,
                    1.0
                ]
            ]
        },
        {
            "file_path": "/data/shapenet_blender/all_50_random/02958343/9ff9c8287fdb49be8b55a52bfd1cce7a/r_35",
            "rotation": 0.12566370614359174,
            "transform_matrix": [
                [
                    -0.6389123201370239,
                    0.43361106514930725,
                    -0.6354309320449829,
                    -2.5615041255950928
                ],
                [
                    -0.7692795991897583,
                    -0.36012840270996094,
                    0.5277465581893921,
                    2.1274144649505615
                ],
                [
                    1.4901162970204496e-08,
                    0.8260077834129333,
                    0.563658595085144,
                    2.2721805572509766
                ],
                [
                    0.0,
                    0.0,
                    0.0,
                    1.0
                ]
            ]
        },
        {
            "file_path": "/data/shapenet_blender/all_50_random/02958343/9ff9c8287fdb49be8b55a52bfd1cce7a/r_36",
            "rotation": 0.12566370614359174,
            "transform_matrix": [
                [
                    -0.17619343101978302,
                    -0.7555609941482544,
                    -0.6309385895729065,
                    -2.5433948040008545
                ],
                [
                    -0.9843555092811584,
                    0.13524065911769867,
                    0.11293403059244156,
                    0.45525163412094116
                ],
                [
                    0.0,
                    0.6409661173820496,
                    -0.7675691246986389,
                    -3.094170093536377
                ],
                [
                    0.0,
                    0.0,
                    0.0,
                    1.0
                ]
            ]
        },
        {
            "file_path": "/data/shapenet_blender/all_50_random/02958343/9ff9c8287fdb49be8b55a52bfd1cce7a/r_37",
            "rotation": 0.12566370614359174,
            "transform_matrix": [
                [
                    0.29335954785346985,
                    -0.6549904942512512,
                    -0.6963674426078796,
                    -2.8071470260620117
                ],
                [
                    -0.9560021162033081,
                    -0.20099088549613953,
                    -0.21368783712387085,
                    -0.861403226852417
                ],
                [
                    0.0,
                    0.7284162044525146,
                    -0.6851349472999573,
                    -2.7618672847747803
                ],
                [
                    0.0,
                    0.0,
                    0.0,
                    1.0
                ]
            ]
        },
        {
            "file_path": "/data/shapenet_blender/all_50_random/02958343/9ff9c8287fdb49be8b55a52bfd1cce7a/r_38",
            "rotation": 0.12566370614359174,
            "transform_matrix": [
                [
                    -0.04704362154006958,
                    0.02889714390039444,
                    -0.9984747767448425,
                    -4.024980545043945
                ],
                [
                    -0.9988929033279419,
                    -0.0013609329471364617,
                    0.04702392965555191,
                    0.18955951929092407
                ],
                [
                    0.0,
                    0.9995813369750977,
                    0.028929177671670914,
                    0.11661724746227264
                ],
                [
                    0.0,
                    0.0,
                    0.0,
                    1.0
                ]
            ]
        },
        {
            "file_path": "/data/shapenet_blender/all_50_random/02958343/9ff9c8287fdb49be8b55a52bfd1cce7a/r_39",
            "rotation": 0.12566370614359174,
            "transform_matrix": [
                [
                    -0.6641384363174438,
                    0.011721537448465824,
                    -0.7475177645683289,
                    -3.013340473175049
                ],
                [
                    -0.7476096153259277,
                    -0.010412818752229214,
                    0.6640568375587463,
                    2.676898717880249
                ],
                [
                    4.656612873077393e-10,
                    0.9998770356178284,
                    0.015678688883781433,
                    0.06320281326770782
                ],
                [
                    0.0,
                    0.0,
                    0.0,
                    1.0
                ]
            ]
        },
        {
            "file_path": "/data/shapenet_blender/all_50_random/02958343/9ff9c8287fdb49be8b55a52bfd1cce7a/r_40",
            "rotation": 0.12566370614359174,
            "transform_matrix": [
                [
                    0.6332400441169739,
                    -0.053542736917734146,
                    -0.7721010446548462,
                    -3.1124391555786133
                ],
                [
                    -0.7739554643630981,
                    -0.04380796104669571,
                    -0.6317228674888611,
                    -2.5465564727783203
                ],
                [
                    0.0,
                    0.9976041316986084,
                    -0.06918063759803772,
                    -0.27887609601020813
                ],
                [
                    0.0,
                    0.0,
                    0.0,
                    1.0
                ]
            ]
        },
        {
            "file_path": "/data/shapenet_blender/all_50_random/02958343/9ff9c8287fdb49be8b55a52bfd1cce7a/r_41",
            "rotation": 0.12566370614359174,
            "transform_matrix": [
                [
                    -0.6894106268882751,
                    -0.43683096766471863,
                    0.5778334736824036,
                    2.3293213844299316
                ],
                [
                    0.7243706583976746,
                    -0.41574835777282715,
                    0.5499457120895386,
                    2.216902256011963
                ],
                [
                    0.0,
                    0.7977041006088257,
