{
    "class": "02958343",
    "model": "5b1f078a81df862ec2c2c81e2232aa95",
    "remove_doubles": true,
    "edge_split": true,
    "denoise": true,
    "camera_angle_x": 0.6911112070083618,
    "scale_factor": 2.267540368713509,
    "hdri_file": "/data/IndoorHDRDataset2018/9C4A2722-d6f806cca0.exr",
    "center_offset": [
        0.0,
        -1.3969838619232178e-09,
        -3.725290298461914e-09
    ],
    "lights": [],
    "frames": [
        {
            "file_path": "/data/shapenet_blender/all_50_random/02958343/5b1f078a81df862ec2c2c81e2232aa95/r_0",
            "rotation": 0.12566370614359174,
            "transform_matrix": [
                [
                    0.9921474456787109,
                    0.07282496988773346,
                    -0.10168580710887909,
                    -0.40990862250328064
                ],
                [
                    -0.12507390975952148,
                    0.5776833295822144,
                    -0.8066216111183167,
                    -3.251595973968506
                ],
                [
                    0.0,
                    0.8130059242248535,
                    0.5822554230690002,
                    2.347146987915039
                ],
                [
                    0.0,
                    0.0,
                    0.0,
                    1.0
                ]
            ]
        },
        {
            "file_path": "/data/shapenet_blender/all_50_random/02958343/5b1f078a81df862ec2c2c81e2232aa95/r_1",
            "rotation": 0.12566370614359174,
            "transform_matrix": [
                [
                    0.5013441443443298,
                    -0.11935757100582123,
                    0.8569758534431458,
                    3.454580545425415
                ],
                [
                    0.8652479648590088,
                    0.06915845721960068,
                    -0.4965510964393616,
                    -2.001661777496338
                ],
                [
                    3.725290298461914e-09,
                    0.9904397130012512,
                    0.13794606924057007,
                    0.5560784339904785
                ],
                [
                    0.0,
                    0.0,
                    0.0,
                    1.0
                ]
            ]
        },
        {
            "file_path": "/data/shapenet_blender/all_50_random/02958343/5b1f078a81df862ec2c2c81e2232aa95/r_2",
            "rotation": 0.12566370614359174,
            "transform_matrix": [
                [
                    -0.9860089421272278,
                    0.01804155856370926,
                    0.1657136231660843,
                    0.6680129766464233
                ],
                [
                    0.1666928380727768,
                    0.10671806335449219,
                    0.9802166819572449,
                    3.9513797760009766
                ],
                [
                    0.0,
                    0.9941256642341614,
                    -0.10823234915733337,
                    -0.43629854917526245
                ],
                [
                    0.0,
                    0.0,
                    0.0,
                    1.0
                ]
            ]
        },
        {
            "file_path": "/data/shapenet_blender/all_50_random/02958343/5b1f078a81df862ec2c2c81e2232aa95/r_3",
            "rotation": 0.12566370614359174,
            "transform_matrix": [
                [
                    -0.9296022653579712,
                    0.20642979443073273,
                    0.3053300380706787,
                    1.2308247089385986
                ],
                [
                    0.3685643672943115,
                    0.5206623673439026,
                    0.7701110243797302,
                    3.104416847229004
                ],
                [
                    0.0,
                    0.8284307718276978,
                    -0.560091495513916,
                    -2.257801055908203
                ],
                [
                    0.0,
                    0.0,
                    0.0,
                    1.0
                ]
            ]
        },
        {
            "file_path": "/data/shapenet_blender/all_50_random/02958343/5b1f078a81df862ec2c2c81e2232aa95/r_4",
            "rotation": 0.12566370614359174,
            "transform_matrix": [
                [
                    0.9920991063117981,
                    -0.050255484879016876,
                    0.1149519830942154,
                    0.463386207818985
                ],
                [
                    0.12545745074748993,
                    0.3974130153656006,
                    -0.9090233445167542,
                    -3.6643898487091064
                ],
                [
                    -3.725290742551124e-09,
                    0.9162625074386597,
                    0.4005780518054962,
                    1.6147816181182861
                ],
                [
                    0.0,
                    0.0,
                    0.0,
                    1.0
                ]
            ]
        },
        {
            "file_path": "/data/shapenet_blender/all_50_random/02958343/5b1f078a81df862ec2c2c81e2232aa95/r_5",
            "rotation": 0.12566370614359174,
            "transform_matrix": [
                [
                    0.996678352355957,
                    0.04702383652329445,
                    0.06649156659841537,
                    0.2680360972881317
                ],
                [
                    0.08143936842679977,
                    -0.575491189956665,
                    -0.8137428760528564,
                    -3.2803027629852295
                ],
                [
                    0.0,
                    0.8164550065994263,
                    -0.577409029006958,
                    -2.327610492706299
                ],
                [
                    0.0,
                    0.0,
                    0.0,
                    1.0
                ]
            ]
        },
        {
            "file_path": "/data/shapenet_blender/all_50_random/02958343/5b1f078a81df862ec2c2c81e2232aa95/r_6",
            "rotation": 0.12566370614359174,
            "transform_matrix": [
                [
                    0.12350468337535858,
                    -0.2534289062023163,
                    0.9594375491142273,
                    3.8676164150238037
                ],
                [
                    0.9923440217971802,
                    0.0315411351621151,
                    -0.1194092258810997,
                    -0.4813539981842041
                ],
                [
                    0.0,
                    0.966839611530304,
                    0.2553841471672058,
                    1.0294864177703857
                ],
                [
                    0.0,
                    0.0,
                    0.0,
                    1.0
                ]
            ]
        },
        {
            "file_path": "/data/shapenet_blender/all_50_random/02958343/5b1f078a81df862ec2c2c81e2232aa95/r_7",
            "rotation": 0.12566370614359174,
            "transform_matrix": [
                [
                    0.802993893623352,
                    -0.545195460319519,
                    -0.24075445532798767,
                    -0.970512330532074
                ],
                [
                    -0.5959872603416443,
                    -0.7345603704452515,
                    -0.32437664270401,
                    -1.307604193687439
                ],
                [
                    0.0,
                    0.40395915508270264,
                    -0.9147769808769226,
                    -3.687584161758423
                ],
                [
                    0.0,
                    0.0,
                    0.0,
                    1.0
                ]
            ]
        },
        {
            "file_path": "/data/shapenet_blender/all_50_random/02958343/5b1f078a81df862ec2c2c81e2232aa95/r_8",
            "rotation": 0.12566370614359174,
            "transform_matrix": [
                [
                    -0.8889151811599731,
                    -0.26805680990219116,
                    0.371450275182724,
                    1.4973640441894531
                ],
                [
                    0.4580717980861664,
                    -0.5201799869537354,
                    0.7208210229873657,
                    2.9057226181030273
                ],
                [
                    1.4901160305669237e-08,
                    0.8108996748924255,
                    0.5851851105690002,
                    2.358956813812256
                ],
                [
                    0.0,
                    0.0,
                    0.0,
                    1.0
                ]
            ]
        },
        {
            "file_path": "/data/shapenet_blender/all_50_random/02958343/5b1f078a81df862ec2c2c81e2232aa95/r_9",
            "rotation": 0.12566370614359174,
            "transform_matrix": [
                [
                    0.8572463393211365,
                    0.07931559532880783,
                    -0.5087610483169556,
                    -2.0508816242218018
                ],
                [
                    -0.5149067044258118,
                    0.13204917311668396,
                    -0.8470147848129272,
                    -3.41442608833313
                ],
                [
                    -7.450581485102248e-09,
                    0.9880647659301758,
                    0.15403877198696136,
                    0.6209502220153809
                ],
                [
                    0.0,
                    0.0,
                    0.0,
                    1.0
                ]
            ]
        },
        {
            "file_path": "/data/shapenet_blender/all_50_random/02958343/5b1f078a81df862ec2c2c81e2232aa95/r_10",
            "rotation": 0.12566370614359174,
            "transform_matrix": [
                [
                    -0.5206953287124634,
                    -0.11559819430112839,
                    -0.8458802103996277,
                    -3.4098522663116455
                ],
                [
                    -0.8537424802780151,
                    0.07050304114818573,
                    0.515900194644928,
                    2.079660177230835
                ],
                [
                    0.0,
                    0.9907907843589783,
                    -0.13540169596672058,
                    -0.5458216667175293
                ],
                [
                    0.0,
                    0.0,
                    0.0,
                    1.0
                ]
            ]
        },
        {
            "file_path": "/data/shapenet_blender/all_50_random/02958343/5b1f078a81df862ec2c2c81e2232aa95/r_11",
            "rotation": 0.12566370614359174,
            "transform_matrix": [
                [
                    0.6254136562347412,
                    0.31154003739356995,
                    0.7154024243354797,
                    2.8838794231414795
                ],
                [
                    0.7802934646606445,
                    -0.24970270693302155,
                    -0.5734028220176697,
                    -2.3114607334136963
                ],
                [
                    -1.4901162970204496e-08,
                    0.9168376326560974,
                    -0.39926010370254517,
                    -1.609468936920166
                ],
                [
                    0.0,
                    0.0,
                    0.0,
                    1.0
                ]
            ]
        },
        {
            "file_path": "/data/shapenet_blender/all_50_random/02958343/5b1f078a81df862ec2c2c81e2232aa95/r_12",
            "rotation": 0.12566370614359174,
            "transform_matrix": [
                [
                    -0.9236848950386047,
                    -0.18431897461414337,
                    0.33590567111968994,
                    1.354079246520996
                ],
                [
                    0.38315290212631226,
                    -0.44434651732444763,
                    0.8097838163375854,
                    3.26434326171875
                ],
                [
                    -1.4901161193847656e-08,
                    0.8766884207725525,
                    0.4810585379600525,
                    1.9392091035842896
                ],
                [
                    0.0,
                    0.0,
                    0.0,
                    1.0
                ]
            ]
        },
        {
            "file_path": "/data/shapenet_blender/all_50_random/02958343/5b1f078a81df862ec2c2c81e2232aa95/r_13",
            "rotation": 0.12566370614359174,
            "transform_matrix": [
                [
                    -0.028995802626013756,
                    -0.2887166440486908,
                    0.9569753408432007,
                    3.8576910495758057
                ],
                [
                    0.9995795488357544,
                    -0.008375093340873718,
                    0.027759941294789314,
                    0.11190390586853027
                ],
                [
                    9.313225746154785e-10,
                    0.9573779702186584,
                    0.28883808851242065,
                    1.1643435955047607
                ],
                [
                    0.0,
                    0.0,
                    0.0,
                    1.0
                ]
            ]
        },
        {
            "file_path": "/data/shapenet_blender/all_50_random/02958343/5b1f078a81df862ec2c2c81e2232aa95/r_14",
            "rotation": 0.12566370614359174,
            "transform_matrix": [
                [
                    -0.8705505728721619,
                    -0.08358338475227356,
                    -0.4849283695220947,
                    -1.9548089504241943
                ],
                [
                    -0.4920790195465088,
                    0.14786967635154724,
                    0.8579001426696777,
                    3.458306312561035
                ],
                [
                    0.0,
                    0.9854685068130493,
                    -0.16985763609409332,
                    -0.6847180724143982
                ],
                [
                    0.0,
                    0.0,
                    0.0,
                    1.0
                ]
            ]
        },
        {
            "file_path": "/data/shapenet_blender/all_50_random/02958343/5b1f078a81df862ec2c2c81e2232aa95/r_15",
            "rotation": 0.12566370614359174,
            "transform_matrix": [
                [
                    0.9810208082199097,
                    -0.09871978312730789,
                    0.1668911874294281,
                    0.6727598905563354
                ],
                [
                    0.19390271604061127,
                    0.4994574785232544,
                    -0.8443601131439209,
                    -3.403724431991577
                ],
                [
                    -7.450580596923828e-09,
                    0.860695481300354,
                    0.5091201663017273,
                    2.0523290634155273
                ],
                [
                    0.0,
                    0.0,
                    0.0,
                    1.0
                ]
            ]
        },
        {
            "file_path": "/data/shapenet_blender/all_50_random/02958343/5b1f078a81df862ec2c2c81e2232aa95/r_16",
            "rotation": 0.12566370614359174,
            "transform_matrix": [
                [
                    -0.10990014672279358,
                    -0.047401320189237595,
                    0.9928116202354431,
                    4.002151966094971
                ],
                [
                    0.9939426183700562,
                    -0.005241159815341234,
                    0.10977508872747421,
                    0.44251757860183716
                ],
                [
                    0.0,
                    0.9988621473312378,
                    0.047690194100141525,
                    0.19224533438682556
                ],
                [
                    0.0,
                    0.0,
                    0.0,
                    1.0
                ]
            ]
        },
        {
            "file_path": "/data/shapenet_blender/all_50_random/02958343/5b1f078a81df862ec2c2c81e2232aa95/r_17",
            "rotation": 0.12566370614359174,
            "transform_matrix": [
                [
                    0.8642370700836182,
                    0.27377963066101074,
                    0.4220651090145111,
                    1.7013988494873047
                ],
                [
                    0.5030847191810608,
                    -0.4703194499015808,
                    -0.725055456161499,
                    -2.9227919578552246
                ],
                [
                    1.4901159417490817e-08,
                    0.8389542698860168,
                    -0.5442019104957581,
                    -2.1937479972839355
                ],
                [
                    0.0,
                    0.0,
                    0.0,
                    1.0
                ]
            ]
        },
        {
            "file_path": "/data/shapenet_blender/all_50_random/02958343/5b1f078a81df862ec2c2c81e2232aa95/r_18",
            "rotation": 0.12566370614359174,
            "transform_matrix": [
                [
                    0.9983672499656677,
                    0.04917938634753227,
                    -0.02905605174601078,
                    -0.11712870001792908
                ],
                [
                    -0.05712150037288666,
                    0.8595553040504456,
                    -0.5078404545783997,
                    -2.047170639038086
                ],
                [
                    0.0,
                    0.5086709856987,
                    0.860960841178894,
                    3.470644474029541
                ],
                [
                    0.0,
                    0.0,
                    0.0,
                    1.0
                ]
            ]
        },
        {
            "file_path": "/data/shapenet_blender/all_50_random/02958343/5b1f078a81df862ec2c2c81e2232aa95/r_19",
            "rotation": 0.12566370614359174,
            "transform_matrix": [
                [
                    -0.36031708121299744,
                    0.7983168363571167,
                    0.482557475566864,
                    1.9452515840530396
                ],
                [
                    0.9328299164772034,
                    0.3083597421646118,
                    0.18639379739761353,
                    0.7513774633407593
                ],
                [
                    0.0,
                    0.5173048973083496,
                    -0.8558010458946228,
                    -3.4498445987701416
                ],
                [
                    0.0,
                    0.0,
                    0.0,
                    1.0
                ]
            ]
        },
        {
            "file_path": "/data/shapenet_blender/all_50_random/02958343/5b1f078a81df862ec2c2c81e2232aa95/r_20",
            "rotation": 0.12566370614359174,
            "transform_matrix": [
                [
                    -0.7247509956359863,
                    -0.5958548188209534,
                    -0.345966637134552,
                    -1.3946362733840942
                ],
                [
                    -0.6890107989311218,
                    0.6267628073692322,
                    0.3639124929904938,
                    1.4669783115386963
                ],
                [
                    1.4901161193847656e-08,
                    0.5021206736564636,
                    -0.8647974133491516,
                    -3.486110210418701
                ],
                [
                    0.0,
                    0.0,
                    0.0,
                    1.0
                ]
            ]
        },
        {
            "file_path": "/data/shapenet_blender/all_50_random/02958343/5b1f078a81df862ec2c2c81e2232aa95/r_21",
            "rotation": 0.12566370614359174,
            "transform_matrix": [
                [
                    -0.8009263277053833,
                    0.004361665342003107,
                    0.5987468957901001,
                    2.413626194000244
                ],
                [
                    0.5987628698348999,
                    0.005834317300468683,
                    0.8009049892425537,
                    3.2285516262054443
                ],
                [
                    0.0,
                    0.9999735355377197,
                    -0.007284460589289665,
                    -0.029364602640271187
                ],
                [
                    0.0,
                    0.0,
                    0.0,
                    1.0
                ]
            ]
        },
        {
            "file_path": "/data/shapenet_blender/all_50_random/02958343/5b1f078a81df862ec2c2c81e2232aa95/r_22",
            "rotation": 0.12566370614359174,
            "transform_matrix": [
                [
                    -0.3831419348716736,
                    -0.056217651814222336,
                    0.9219771027565002,
                    3.7166085243225098
                ],
                [
                    0.9236894249916077,
                    -0.023318814113736153,
                    0.38243168592453003,
                    1.5416314601898193
                ],
                [
                    0.0,
                    0.998146116733551,
                    0.06086207553744316,
                    0.24534288048744202
                ],
                [
                    0.0,
                    0.0,
                    0.0,
                    1.0
                ]
            ]
        },
        {
            "file_path": "/data/shapenet_blender/all_50_random/02958343/5b1f078a81df862ec2c2c81e2232aa95/r_23",
            "rotation": 0.12566370614359174,
            "transform_matrix": [
                [
                    -0.5155806541442871,
                    -0.5086169242858887,
                    0.6895545125007629,
                    2.7796831130981445
                ],
                [
                    0.8568410277366638,
                    -0.30604633688926697,
                    0.4149205982685089,
                    1.6725984811782837
                ],
                [
                    -1.4901160305669237e-08,
                    0.8047635555267334,
                    0.5935954451560974,
                    2.392859697341919
                ],
                [
                    0.0,
                    0.0,
                    0.0,
                    1.0
                ]
            ]
        },
        {
            "file_path": "/data/shapenet_blender/all_50_random/02958343/5b1f078a81df862ec2c2c81e2232aa95/r_24",
            "rotation": 0.12566370614359174,
            "transform_matrix": [
                [
                    0.11589695513248444,
                    0.1571747213602066,
                    -0.9807466864585876,
                    -3.9535162448883057
                ],
                [
                    -0.9932612776756287,
                    0.01833965629339218,
                    -0.11443670839071274,
                    -0.46130913496017456
                ],
                [
                    -1.862645149230957e-09,
                    0.9874005317687988,
                    0.15824106335639954,
                    0.637890100479126
                ],
                [
                    0.0,
                    0.0,
                    0.0,
                    1.0
                ]
            ]
        },
        {
            "file_path": "/data/shapenet_blender/all_50_random/02958343/5b1f078a81df862ec2c2c81e2232aa95/r_25",
            "rotation": 0.12566370614359174,
            "transform_matrix": [
                [
                    0.665479838848114,
                    0.276077538728714,
                    -0.6934823393821716,
                    -2.7955167293548584
                ],
                [
                    -0.7464158535003662,
                    0.24614167213439941,
                    -0.6182860732078552,
                    -2.4923908710479736
                ],
                [
                    0.0,
                    0.9290831685066223,
                    0.36987096071243286,
                    1.490997552871704
                ],
                [
                    0.0,
                    0.0,
                    0.0,
                    1.0
                ]
            ]
        },
        {
            "file_path": "/data/shapenet_blender/all_50_random/02958343/5b1f078a81df862ec2c2c81e2232aa95/r_26",
            "rotation": 0.12566370614359174,
            "transform_matrix": [
                [
                    0.03663505241274834,
                    -0.29341381788253784,
                    0.9552832245826721,
                    3.850870132446289
                ],
                [
                    0.9993287920951843,
                    0.010756450705230236,
                    -0.03502035513520241,
                    -0.14117157459259033
                ],
                [
                    0.0,
                    0.955924928188324,
                    0.29361090064048767,
                    1.1835834980010986
                ],
                [
                    0.0,
                    0.0,
                    0.0,
                    1.0
                ]
            ]
        },
        {
            "file_path": "/data/shapenet_blender/all_50_random/02958343/5b1f078a81df862ec2c2c81e2232aa95/r_27",
            "rotation": 0.12566370614359174,
            "transform_matrix": [
                [
                    -0.9900059700012207,
                    -0.09220663458108902,
                    -0.10670597106218338,
                    -0.4301455616950989
                ],
                [
                    -0.1410256326198578,
                    0.6472944617271423,
                    0.7490804195404053,
                    3.0196399688720703
                ],
                [
                    0.0,
                    0.7566424012184143,
                    -0.6538287997245789,
                    -2.6356685161590576
                ],
                [
                    0.0,
                    0.0,
                    0.0,
                    1.0
                ]
            ]
        },
        {
            "file_path": "/data/shapenet_blender/all_50_random/02958343/5b1f078a81df862ec2c2c81e2232aa95/r_28",
            "rotation": 0.12566370614359174,
            "transform_matrix": [
                [
                    -0.9585905075073242,
                    0.2762278616428375,
                    0.06929980218410492,
                    0.279356449842453
                ],
                [
                    0.28478822112083435,
                    0.929776668548584,
                    0.23326154053211212,
                    0.9403073191642761
                ],
                [
                    0.0,
                    0.2433379888534546,
                    -0.9699414968490601,
                    -3.909959316253662
                ],
                [
                    0.0,
                    0.0,
                    0.0,
                    1.0
                ]
            ]
        },
        {
            "file_path": "/data/shapenet_blender/all_50_random/02958343/5b1f078a81df862ec2c2c81e2232aa95/r_29",
            "rotation": 0.12566370614359174,
            "transform_matrix": [
                [
                    0.7404277920722961,
                    -0.6321192383766174,
                    -0.2284557968378067,
                    -0.920934796333313
                ],
                [
                    -0.6721359491348267,
                    -0.6963451504707336,
                    -0.251667857170105,
                    -1.0145056247711182
                ],
                [
                    1.4901161193847656e-08,
                    0.33989521861076355,
                    -0.9404633045196533,
                    -3.7911288738250732
                ],
                [
                    0.0,
                    0.0,
                    0.0,
                    1.0
                ]
            ]
        },
        {
            "file_path": "/data/shapenet_blender/all_50_random/02958343/5b1f078a81df862ec2c2c81e2232aa95/r_30",
            "rotation": 0.12566370614359174,
            "transform_matrix": [
                [
                    0.6231681108474731,
                    0.328257292509079,
                    0.709865152835846,
                    2.861557960510254
                ],
                [
                    0.7820878028869629,
                    -0.26155564188957214,
                    -0.5656210780143738,
                    -2.2800915241241455
                ],
                [
                    0.0,
                    0.9076539278030396,
                    -0.41971924901008606,
                    -1.6919424533843994
                ],
                [
                    0.0,
                    0.0,
                    0.0,
                    1.0
                ]
            ]
        },
        {
            "file_path": "/data/shapenet_blender/all_50_random/02958343/5b1f078a81df862ec2c2c81e2232aa95/r_31",
            "rotation": 0.12566370614359174,
            "transform_matrix": [
                [
                    -0.8111675977706909,
                    0.14698779582977295,
                    -0.5660403966903687,
                    -2.2817819118499756
                ],
                [
                    -0.5848137736320496,
                    -0.20387981832027435,
                    0.7851278781890869,
                    3.164951801300049
                ],
                [
                    7.450580596923828e-09,
                    0.9678986072540283,
                    0.25134116411209106,
                    1.0131886005401611
                ],
                [
                    0.0,
                    0.0,
                    0.0,
                    1.0
                ]
            ]
        },
        {
            "file_path": "/data/shapenet_blender/all_50_random/02958343/5b1f078a81df862ec2c2c81e2232aa95/r_32",
            "rotation": 0.12566370614359174,
            "transform_matrix": [
                [
                    0.09445124119520187,
                    0.6506585478782654,
                    -0.7534735202789307,
                    -3.037349224090576
                ],
                [
                    -0.9955295324325562,
                    0.061731476336717606,
                    -0.07148608565330505,
                    -0.28816965222358704
                ],
                [
                    0.0,
                    0.75685715675354,
                    0.6535803079605103,
                    2.634666681289673
                ],
                [
                    0.0,
                    0.0,
                    0.0,
                    1.0
                ]
            ]
        },
        {
            "file_path": "/data/shapenet_blender/all_50_random/02958343/5b1f078a81df862ec2c2c81e2232aa95/r_33",
            "rotation": 0.12566370614359174,
            "transform_matrix": [
                [
                    0.9992961287498474,
                    -0.009129543788731098,
                    -0.03638853505253792,
                    -0.1466868817806244
                ],
                [
                    -0.03751632198691368,
                    -0.24317729473114014,
                    -0.9692560434341431,
                    -3.907196044921875
                ],
                [
                    0.0,
                    0.9699387550354004,
                    -0.2433486431837082,
                    -0.9809697866439819
                ],
                [
                    0.0,
                    0.0,
                    0.0,
                    1.0
                ]
            ]
        },
        {
            "file_path": "/data/shapenet_blender/all_50_random/02958343/5b1f078a81df862ec2c2c81e2232aa95/r_34",
            "rotation": 0.12566370614359174,
            "transform_matrix": [
                [
                    -0.08351105451583862,
                    0.21865792572498322,
                    0.9722214341163635,
                    3.9191501140594482
                ],
                [
                    0.9965068697929382,
                    0.018324362114071846,
                    0.08147584646940231,
                    0.3284396827220917
                ],
                [
                    1.862645149230957e-09,
                    0.975629448890686,
                    -0.21942438185214996,
                    -0.8845280408859253
                ],
                [
                    0.0,
                    0.0,
                    0.0,
                    1.0
                ]
            ]
        },
        {
            "file_path": "/data/shapenet_blender/all_50_random/02958343/5b1f078a81df862ec2c2c81e2232aa95/r_35",
            "rotation": 0.12566370614359174,
            "transform_matrix": [
                [
                    0.7187812328338623,
                    -0.11506348848342896,
                    0.6856485605239868,
                    2.7639377117156982
                ],
                [
                    0.695236325263977,
                    0.11896022409200668,
                    -0.7088687419891357,
                    -2.857541084289551
                ],
                [
                    7.4505797087454084e-09,
                    0.9862093329429626,
                    0.16550271213054657,
                    0.6671627759933472
                ],
                [
                    0.0,
                    0.0,
                    0.0,
                    1.0
                ]
            ]
        },
        {
            "file_path": "/data/shapenet_blender/all_50_random/02958343/5b1f078a81df862ec2c2c81e2232aa95/r_36",
            "rotation": 0.12566370614359174,
            "transform_matrix": [
                [
                    -0.8844021558761597,
                    -0.052266865968704224,
                    -0.4637898802757263,
                    -1.8695968389511108
                ],
                [
                    -0.46672573685646057,
                    0.09904088079929352,
                    0.8788390159606934,
                    3.5427134037017822
                ],
                [
                    0.0,
                    0.9937097430229187,
                    -0.11198625713586807,
                    -0.4514310359954834
                ],
                [
                    0.0,
                    0.0,
                    0.0,
                    1.0
                ]
            ]
        },
        {
            "file_path": "/data/shapenet_blender/all_50_random/02958343/5b1f078a81df862ec2c2c81e2232aa95/r_37",
            "rotation": 0.12566370614359174,
            "transform_matrix": [
                [
                    -0.542465329170227,
                    0.07288970798254013,
                    -0.8369099497795105,
                    -3.373692274093628
                ],
                [
                    -0.8400781750679016,
                    -0.04706721752882004,
                    0.5404195189476013,
                    2.1785008907318115
                ],
                [
                    0.0,
                    0.9962287545204163,
                    0.08676537871360779,
                    0.3497624695301056
                ],
                [
                    0.0,
                    0.0,
                    0.0,
                    1.0
                ]
            ]
        },
        {
            "file_path": "/data/shapenet_blender/all_50_random/02958343/5b1f078a81df862ec2c2c81e2232aa95/r_38",
            "rotation": 0.12566370614359174,
            "transform_matrix": [
                [
                    0.7534109950065613,
                    0.12135560065507889,
                    -0.646254301071167,
                    -2.6051344871520996
                ],
                [
                    -0.6575497984886169,
                    0.13904745876789093,
                    -0.7404687404632568,
                    -2.9849250316619873
                ],
                [
                    -7.450580152834618e-09,
                    0.9828217029571533,
                    0.1845572590827942,
                    0.7439740896224976
                ],
                [
                    0.0,
                    0.0,
                    0.0,
                    1.0
                ]
            ]
        },
        {
            "file_path": "/data/shapenet_blender/all_50_random/02958343/5b1f078a81df862ec2c2c81e2232aa95/r_39",
            "rotation": 0.12566370614359174,
            "transform_matrix": [
                [
                    0.9622256755828857,
                    0.2515037953853607,
                    0.10424808412790298,
                    0.4202374219894409
                ],
                [
                    0.27225327491760254,
                    -0.8888907432556152,
                    -0.3684443533420563,
                    -1.4852465391159058
                ],
                [
                    0.0,
                    0.3829084634780884,
                    -0.9237863421440125,
                    -3.7239015102386475
                ],
                [
                    0.0,
                    0.0,
                    0.0,
                    1.0
                ]
            ]
        },
        {
            "file_path": "/data/shapenet_blender/all_50_random/02958343/5b1f078a81df862ec2c2c81e2232aa95/r_40",
            "rotation": 0.12566370614359174,
            "transform_matrix": [
                [
                    -0.6250893473625183,
                    0.5305215716362,
                    -0.5725469589233398,
                    -2.3080105781555176
                ],
                [
                    -0.7805532217025757,
                    -0.42485690116882324,
                    0.45851200819015503,
                    1.8483210802078247
                ],
                [
                    -1.4901162970204496e-08,
                    0.7335143089294434,
                    0.6796739101409912,
                    2.7398531436920166
                ],
                [
                    0.0,
                    0.0,
                    0.0,
                    1.0
                ]
            ]
        },
        {
            "file_path": "/data/shapenet_blender/all_50_random/02958343/5b1f078a81df862ec2c2c81e2232aa95/r_41",
            "rotation": 0.12566370614359174,
            "transform_matrix": [
                [
                    -0.7936349511146545,
                    0.2415522336959839,
                    0.558387041091919,
                    2.250930070877075
                ],
                [
                    0.6083942651748657,
                    0.3150987923145294,
                    0.728401780128479,
                    2.936281442642212
                ],
                [
                    -1.4901161193847656e-08,
