{
    "class": "02958343",
    "model": "ae086c610d023693d8a99964311c4152",
    "remove_doubles": true,
    "edge_split": true,
    "denoise": true,
    "camera_angle_x": 0.6911112070083618,
    "scale_factor": 2.2516715530321076,
    "hdri_file": "/data/IndoorHDRDataset2018/AG8A0134-1c7e929b22.exr",
    "center_offset": [
        0.0,
        3.725290298461914e-09,
        0.0
    ],
    "lights": [],
    "frames": [
        {
            "file_path": "/data/shapenet_blender/all_50_random/02958343/ae086c610d023693d8a99964311c4152/r_0",
            "rotation": 0.12566370614359174,
            "transform_matrix": [
                [
                    -0.7779582738876343,
                    0.5444084405899048,
                    -0.3136880695819855,
                    -1.2645171880722046
                ],
                [
                    -0.6283159255981445,
                    -0.6740670800209045,
                    0.38839736580848694,
                    1.5656800270080566
                ],
                [
                    0.0,
                    0.4992522597312927,
                    0.8664566874504089,
                    3.4927988052368164
                ],
                [
                    0.0,
                    0.0,
                    0.0,
                    1.0
                ]
            ]
        },
        {
            "file_path": "/data/shapenet_blender/all_50_random/02958343/ae086c610d023693d8a99964311c4152/r_1",
            "rotation": 0.12566370614359174,
            "transform_matrix": [
                [
                    -0.5906904935836792,
                    0.7568100094795227,
                    -0.2798629105091095,
                    -1.128163456916809
                ],
                [
                    -0.8068980574607849,
                    -0.5540234446525574,
                    0.20487390458583832,
                    0.825873076915741
                ],
                [
                    0.0,
                    0.3468380272388458,
                    0.9379250407218933,
                    3.7808966636657715
                ],
                [
                    0.0,
                    0.0,
                    0.0,
                    1.0
                ]
            ]
        },
        {
            "file_path": "/data/shapenet_blender/all_50_random/02958343/ae086c610d023693d8a99964311c4152/r_2",
            "rotation": 0.12566370614359174,
            "transform_matrix": [
                [
                    0.45444899797439575,
                    -0.259915292263031,
                    -0.8520094752311707,
                    -3.4345600605010986
                ],
                [
                    -0.8907728791236877,
                    -0.13260197639465332,
                    -0.43467292189598083,
                    -1.7522225379943848
                ],
                [
                    0.0,
                    0.9564835429191589,
                    -0.2917862832546234,
                    -1.1762281656265259
                ],
                [
                    0.0,
                    0.0,
                    0.0,
                    1.0
                ]
            ]
        },
        {
            "file_path": "/data/shapenet_blender/all_50_random/02958343/ae086c610d023693d8a99964311c4152/r_3",
            "rotation": 0.12566370614359174,
            "transform_matrix": [
                [
                    -0.9128580093383789,
                    0.21336257457733154,
                    -0.34808993339538574,
                    -1.4031955003738403
                ],
                [
                    -0.40827715396881104,
                    -0.4770527780056,
                    0.7782867550849915,
                    3.1373744010925293
                ],
                [
                    0.0,
                    0.8525824546813965,
                    0.5225925445556641,
                    2.106638193130493
                ],
                [
                    0.0,
                    0.0,
                    0.0,
                    1.0
                ]
            ]
        },
        {
            "file_path": "/data/shapenet_blender/all_50_random/02958343/ae086c610d023693d8a99964311c4152/r_4",
            "rotation": 0.12566370614359174,
            "transform_matrix": [
                [
                    0.08575665950775146,
                    -0.13405168056488037,
                    0.9872567653656006,
                    3.9797592163085938
                ],
                [
                    0.9963161945343018,
                    0.011538330465555191,
                    -0.08497688174247742,
                    -0.3425527811050415
                ],
                [
                    -9.31322685637781e-10,
                    0.9909071326255798,
                    0.13454733788967133,
                    0.5423776507377625
                ],
                [
                    0.0,
                    0.0,
                    0.0,
                    1.0
                ]
            ]
        },
        {
            "file_path": "/data/shapenet_blender/all_50_random/02958343/ae086c610d023693d8a99964311c4152/r_5",
            "rotation": 0.12566370614359174,
            "transform_matrix": [
                [
                    0.9687469005584717,
                    0.05100426822900772,
                    0.2427510917186737,
                    0.9785609245300293
                ],
                [
                    0.2480514794588089,
                    -0.19919343292713165,
                    -0.9480466246604919,
                    -3.8216981887817383
                ],
                [
                    0.0,
                    0.9786319136619568,
                    -0.205619677901268,
                    -0.8288794159889221
                ],
                [
                    0.0,
                    0.0,
                    0.0,
                    1.0
                ]
            ]
        },
        {
            "file_path": "/data/shapenet_blender/all_50_random/02958343/ae086c610d023693d8a99964311c4152/r_6",
            "rotation": 0.12566370614359174,
            "transform_matrix": [
                [
                    -0.4303904175758362,
                    -0.8293574452400208,
                    -0.3562725782394409,
                    -1.436180591583252
                ],
                [
                    -0.9026428461074829,
                    0.3954470753669739,
                    0.16987481713294983,
                    0.6847872734069824
                ],
                [
                    1.4901161193847656e-08,
                    0.39469945430755615,
                    -0.9188103079795837,
                    -3.7038426399230957
                ],
                [
                    0.0,
                    0.0,
                    0.0,
                    1.0
                ]
            ]
        },
        {
            "file_path": "/data/shapenet_blender/all_50_random/02958343/ae086c610d023693d8a99964311c4152/r_7",
            "rotation": 0.12566370614359174,
            "transform_matrix": [
                [
                    0.17829647660255432,
                    0.0811477079987526,
                    0.9806249737739563,
                    3.9530258178710938
                ],
                [
                    0.9839768409729004,
                    -0.014703954569995403,
                    -0.17768912017345428,
                    -0.7162877321243286
                ],
                [
                    0.0,
                    0.9965935945510864,
                    -0.08246912807226181,
                    -0.3324436843395233
                ],
                [
                    0.0,
                    0.0,
                    0.0,
                    1.0
                ]
            ]
        },
        {
            "file_path": "/data/shapenet_blender/all_50_random/02958343/ae086c610d023693d8a99964311c4152/r_8",
            "rotation": 0.12566370614359174,
            "transform_matrix": [
                [
                    -0.9850205183029175,
                    -0.11527971178293228,
                    0.1282385289669037,
                    0.5169460773468018
                ],
                [
                    0.17243704199790955,
                    -0.6585178375244141,
                    0.7325431704521179,
                    2.9529762268066406
                ],
                [
                    0.0,
                    0.7436830997467041,
                    0.668532133102417,
                    2.694939374923706
                ],
                [
                    0.0,
                    0.0,
                    0.0,
                    1.0
                ]
            ]
        },
        {
            "file_path": "/data/shapenet_blender/all_50_random/02958343/ae086c610d023693d8a99964311c4152/r_9",
            "rotation": 0.12566370614359174,
            "transform_matrix": [
                [
                    -0.9467266201972961,
                    0.07082390785217285,
                    -0.3141539692878723,
                    -1.2663952112197876
                ],
                [
                    -0.3220384120941162,
                    -0.20820772647857666,
                    0.9235479831695557,
                    3.7229409217834473
                ],
                [
                    0.0,
                    0.9755170345306396,
                    0.21992383897304535,
                    0.8865413665771484
                ],
                [
                    0.0,
                    0.0,
                    0.0,
                    1.0
                ]
            ]
        },
        {
            "file_path": "/data/shapenet_blender/all_50_random/02958343/ae086c610d023693d8a99964311c4152/r_10",
            "rotation": 0.12566370614359174,
            "transform_matrix": [
                [
                    -0.42408818006515503,
                    -0.24636520445346832,
                    -0.8714661598205566,
                    -3.5129926204681396
                ],
                [
                    -0.905620813369751,
                    0.11536900699138641,
                    0.4080940783023834,
                    1.6450799703598022
                ],
                [
                    7.450580152834618e-09,
                    0.9622858166694641,
                    -0.27204009890556335,
                    -1.0966287851333618
                ],
                [
                    0.0,
                    0.0,
                    0.0,
                    1.0
                ]
            ]
        },
        {
            "file_path": "/data/shapenet_blender/all_50_random/02958343/ae086c610d023693d8a99964311c4152/r_11",
            "rotation": 0.12566370614359174,
            "transform_matrix": [
                [
                    0.8307288885116577,
                    -0.1182003915309906,
                    0.543983519077301,
                    2.1928677558898926
                ],
                [
                    0.5566770434379578,
                    0.1763903796672821,
                    -0.8117862939834595,
                    -3.2724151611328125
                ],
                [
                    0.0,
                    0.9771975874900818,
                    0.21233204007148743,
                    0.8559378385543823
                ],
                [
                    0.0,
                    0.0,
                    0.0,
                    1.0
                ]
            ]
        },
        {
            "file_path": "/data/shapenet_blender/all_50_random/02958343/ae086c610d023693d8a99964311c4152/r_12",
            "rotation": 0.12566370614359174,
            "transform_matrix": [
                [
                    -0.4951574206352234,
                    0.7169662117958069,
                    0.4906918406486511,
                    1.9780422449111938
                ],
                [
                    0.8688033819198608,
                    0.40862083435058594,
                    0.279660165309906,
                    1.1273462772369385
                ],
                [
                    -1.4901162970204496e-08,
                    0.5647904276847839,
                    -0.8252342343330383,
                    -3.3266258239746094
                ],
                [
                    0.0,
                    0.0,
                    0.0,
                    1.0
                ]
            ]
        },
        {
            "file_path": "/data/shapenet_blender/all_50_random/02958343/ae086c610d023693d8a99964311c4152/r_13",
            "rotation": 0.12566370614359174,
            "transform_matrix": [
                [
                    -0.8820577263832092,
                    -0.242708221077919,
                    0.40381544828414917,
                    1.6278321743011475
                ],
                [
                    0.47114136815071106,
                    -0.4543915390968323,
                    0.756011962890625,
                    3.047581672668457
                ],
                [
                    0.0,
                    0.8571003079414368,
                    0.5151494741439819,
                    2.076633930206299
                ],
                [
                    0.0,
                    0.0,
                    0.0,
                    1.0
                ]
            ]
        },
        {
            "file_path": "/data/shapenet_blender/all_50_random/02958343/ae086c610d023693d8a99964311c4152/r_14",
            "rotation": 0.12566370614359174,
            "transform_matrix": [
                [
                    -0.9999960660934448,
                    0.0012952883262187243,
                    0.0024846550077199936,
                    0.01001596450805664
                ],
                [
                    0.002802013885229826,
                    0.4622686207294464,
                    0.8867354989051819,
                    3.57454514503479
                ],
                [
                    1.1641532182693481e-10,
                    0.8867389559745789,
                    -0.46227046847343445,
                    -1.8634718656539917
                ],
                [
                    0.0,
                    0.0,
                    0.0,
                    1.0
                ]
            ]
        },
        {
            "file_path": "/data/shapenet_blender/all_50_random/02958343/ae086c610d023693d8a99964311c4152/r_15",
            "rotation": 0.12566370614359174,
            "transform_matrix": [
                [
                    -0.5612382292747498,
                    -0.030775366351008415,
                    -0.8270819783210754,
                    -3.334074020385742
                ],
                [
                    -0.8276543021202087,
                    0.020868990570306778,
                    0.5608500838279724,
                    2.2608590126037598
                ],
                [
                    -1.8626449271863521e-09,
                    0.9993085265159607,
                    -0.03718383610248566,
                    -0.14989283680915833
                ],
                [
                    0.0,
                    0.0,
                    0.0,
                    1.0
                ]
            ]
        },
        {
            "file_path": "/data/shapenet_blender/all_50_random/02958343/ae086c610d023693d8a99964311c4152/r_16",
            "rotation": 0.12566370614359174,
            "transform_matrix": [
                [
                    0.9080557823181152,
                    -0.11146299540996552,
                    0.4037459194660187,
                    1.6275520324707031
                ],
                [
                    0.4188494384288788,
                    0.24164919555187225,
                    -0.8753117918968201,
                    -3.5284948348999023
                ],
                [
                    0.0,
                    0.9639406204223633,
                    0.266117125749588,
                    1.072752594947815
                ],
                [
                    0.0,
                    0.0,
                    0.0,
                    1.0
                ]
            ]
        },
        {
            "file_path": "/data/shapenet_blender/all_50_random/02958343/ae086c610d023693d8a99964311c4152/r_17",
            "rotation": 0.12566370614359174,
            "transform_matrix": [
                [
                    -0.2803899943828583,
                    -0.26788967847824097,
                    0.9217464923858643,
                    3.7156789302825928
                ],
                [
                    0.9598861932754517,
                    -0.07825259864330292,
                    0.2692491114139557,
                    1.0853779315948486
                ],
                [
                    0.0,
                    0.9602664113044739,
                    0.27908486127853394,
                    1.125027060508728
                ],
                [
                    0.0,
                    0.0,
                    0.0,
                    1.0
                ]
            ]
        },
        {
            "file_path": "/data/shapenet_blender/all_50_random/02958343/ae086c610d023693d8a99964311c4152/r_18",
            "rotation": 0.12566370614359174,
            "transform_matrix": [
                [
                    0.8014209270477295,
                    0.49345067143440247,
                    -0.3379806876182556,
                    -1.3624438047409058
                ],
                [
                    -0.5981007814407349,
                    0.6611957550048828,
                    -0.4528748691082001,
                    -1.8255971670150757
                ],
                [
                    0.0,
                    0.5650899410247803,
                    0.8250292539596558,
                    3.3257994651794434
                ],
                [
                    0.0,
                    0.0,
                    0.0,
                    1.0
                ]
            ]
        },
        {
            "file_path": "/data/shapenet_blender/all_50_random/02958343/ae086c610d023693d8a99964311c4152/r_19",
            "rotation": 0.12566370614359174,
            "transform_matrix": [
                [
                    -0.9453191757202148,
                    0.19810180366039276,
                    -0.2590893805027008,
                    -1.0444228649139404
                ],
                [
                    -0.32614666223526,
                    -0.5741878151893616,
                    0.7509571313858032,
                    3.027205228805542
                ],
                [
                    0.0,
                    0.7943953275680542,
                    0.6074009537696838,
                    2.448511838912964
                ],
                [
                    0.0,
                    0.0,
                    0.0,
                    1.0
                ]
            ]
        },
        {
            "file_path": "/data/shapenet_blender/all_50_random/02958343/ae086c610d023693d8a99964311c4152/r_20",
            "rotation": 0.12566370614359174,
            "transform_matrix": [
                [
                    0.7617139220237732,
                    0.008840974420309067,
                    0.6478530764579773,
                    2.611579418182373
                ],
                [
                    0.6479134559631348,
                    -0.01039381604641676,
                    -0.7616429924964905,
                    -3.0702812671661377
                ],
                [
                    -4.656612873077393e-10,
                    0.9999068975448608,
                    -0.013645299710333347,
                    -0.05500596761703491
                ],
                [
                    0.0,
                    0.0,
                    0.0,
                    1.0
                ]
            ]
        },
        {
            "file_path": "/data/shapenet_blender/all_50_random/02958343/ae086c610d023693d8a99964311c4152/r_21",
            "rotation": 0.12566370614359174,
            "transform_matrix": [
                [
                    0.9486100077629089,
                    0.0349302813410759,
                    0.3145139515399933,
                    1.2678464651107788
                ],
                [
                    0.31644776463508606,
                    -0.10470990836620331,
                    -0.9428130984306335,
                    -3.8006014823913574
                ],
                [
                    0.0,
                    0.9938890933990479,
                    -0.11038246750831604,
                    -0.44496598839759827
                ],
                [
                    0.0,
                    0.0,
                    0.0,
                    1.0
                ]
            ]
        },
        {
            "file_path": "/data/shapenet_blender/all_50_random/02958343/ae086c610d023693d8a99964311c4152/r_22",
            "rotation": 0.12566370614359174,
            "transform_matrix": [
                [
                    0.9345521926879883,
                    -0.01004287600517273,
                    0.35568419098854065,
                    1.4338089227676392
                ],
                [
                    0.35582593083381653,
                    0.026376916095614433,
                    -0.9341799020767212,
                    -3.7657997608184814
                ],
                [
                    9.313225191043273e-10,
                    0.9996016025543213,
                    0.028224123641848564,
                    0.1137750893831253
                ],
                [
                    0.0,
                    0.0,
                    0.0,
                    1.0
                ]
            ]
        },
        {
            "file_path": "/data/shapenet_blender/all_50_random/02958343/ae086c610d023693d8a99964311c4152/r_23",
            "rotation": 0.12566370614359174,
            "transform_matrix": [
                [
                    0.9121929407119751,
                    -0.05380282551050186,
                    0.4062133729457855,
                    1.6374986171722412
                ],
                [
                    0.4097610414028168,
                    0.11977361142635345,
                    -0.9042953252792358,
                    -3.645331382751465
                ],
                [
                    0.0,
                    0.9913422465324402,
                    0.13130292296409607,
                    0.5292990803718567
                ],
                [
                    0.0,
                    0.0,
                    0.0,
                    1.0
                ]
            ]
        },
        {
            "file_path": "/data/shapenet_blender/all_50_random/02958343/ae086c610d023693d8a99964311c4152/r_24",
            "rotation": 0.12566370614359174,
            "transform_matrix": [
                [
                    0.6471955180168152,
                    -0.7446464896202087,
                    -0.1632165014743805,
                    -0.657946765422821
                ],
                [
                    -0.7623241543769836,
                    -0.6321876049041748,
                    -0.1385670304298401,
                    -0.5585815906524658
                ],
                [
                    7.450581485102248e-09,
                    0.2141037881374359,
                    -0.976810872554779,
                    -3.937650680541992
                ],
                [
                    0.0,
                    0.0,
                    0.0,
                    1.0
                ]
            ]
        },
        {
            "file_path": "/data/shapenet_blender/all_50_random/02958343/ae086c610d023693d8a99964311c4152/r_25",
            "rotation": 0.12566370614359174,
            "transform_matrix": [
                [
                    0.07317553460597992,
                    0.0047782049514353275,
                    -0.997307538986206,
                    -4.020275592803955
                ],
                [
                    -0.9973190426826477,
                    0.0003505876229610294,
                    -0.07317469269037247,
                    -0.2949766516685486
                ],
                [
                    -2.9103826987286752e-11,
                    0.9999885559082031,
                    0.004791048355400562,
                    0.019313335418701172
                ],
                [
                    0.0,
                    0.0,
                    0.0,
                    1.0
                ]
            ]
        },
        {
            "file_path": "/data/shapenet_blender/all_50_random/02958343/ae086c610d023693d8a99964311c4152/r_26",
            "rotation": 0.12566370614359174,
            "transform_matrix": [
                [
                    0.7751163244247437,
                    -0.4780004620552063,
                    -0.41317087411880493,
                    -1.665545105934143
                ],
                [
                    -0.6318184733390808,
                    -0.5864120125770569,
                    -0.5068789720535278,
                    -2.0432944297790527
                ],
                [
                    0.0,
                    0.6539392471313477,
                    -0.7565470933914185,
                    -3.049738883972168
                ],
                [
                    0.0,
                    0.0,
                    0.0,
                    1.0
                ]
            ]
        },
        {
            "file_path": "/data/shapenet_blender/all_50_random/02958343/ae086c610d023693d8a99964311c4152/r_27",
            "rotation": 0.12566370614359174,
            "transform_matrix": [
                [
                    -0.08080438524484634,
                    -0.859467625617981,
                    0.5047631859779358,
                    2.0347654819488525
                ],
                [
                    0.9967300891876221,
                    -0.06967659294605255,
                    0.040920887142419815,
                    0.16495737433433533
                ],
                [
                    3.725290742551124e-09,
                    0.5064191818237305,
                    0.8622874021530151,
                    3.475991725921631
                ],
                [
                    0.0,
                    0.0,
                    0.0,
                    1.0
                ]
            ]
        },
        {
            "file_path": "/data/shapenet_blender/all_50_random/02958343/ae086c610d023693d8a99964311c4152/r_28",
            "rotation": 0.12566370614359174,
            "transform_matrix": [
                [
                    -0.8278334140777588,
                    0.00963391549885273,
                    -0.5608913898468018,
                    -2.2610254287719727
                ],
                [
                    -0.5609741806983948,
                    -0.014216835610568523,
                    0.827711284160614,
                    3.336610794067383
                ],
                [
                    0.0,
                    0.9998524188995361,
                    0.01717355102300644,
                    0.06922879815101624
                ],
                [
                    0.0,
                    0.0,
                    0.0,
                    1.0
                ]
            ]
        },
        {
            "file_path": "/data/shapenet_blender/all_50_random/02958343/ae086c610d023693d8a99964311c4152/r_29",
            "rotation": 0.12566370614359174,
            "transform_matrix": [
                [
                    0.6053590774536133,
                    -0.5584944486618042,
                    0.567119300365448,
                    2.286130905151367
                ],
                [
                    0.795952558517456,
                    0.4247611165046692,
                    -0.4313206970691681,
                    -1.7387093305587769
                ],
                [
                    -1.4901161193847656e-08,
                    0.7125038504600525,
                    0.7016681432723999,
                    2.828514814376831
                ],
                [
                    0.0,
                    0.0,
                    0.0,
                    1.0
                ]
            ]
        },
        {
            "file_path": "/data/shapenet_blender/all_50_random/02958343/ae086c610d023693d8a99964311c4152/r_30",
            "rotation": 0.12566370614359174,
            "transform_matrix": [
                [
                    0.5114837884902954,
                    0.09662448614835739,
                    -0.8538431525230408,
                    -3.4419517517089844
                ],
                [
                    -0.8592929840087891,
                    0.05751455947756767,
                    -0.5082398653030396,
                    -2.0487804412841797
                ],
                [
                    -3.725290298461914e-09,
                    0.9936577081680298,
                    0.11244651675224304,
                    0.45328640937805176
                ],
                [
                    0.0,
                    0.0,
                    0.0,
                    1.0
                ]
            ]
        },
        {
            "file_path": "/data/shapenet_blender/all_50_random/02958343/ae086c610d023693d8a99964311c4152/r_31",
            "rotation": 0.12566370614359174,
            "transform_matrix": [
                [
                    0.17076954245567322,
                    -0.2814520299434662,
                    0.9442575573921204,
                    3.806424140930176
                ],
                [
                    0.9853110313415527,
                    0.048779960721731186,
                    -0.16365434229373932,
                    -0.6597118377685547
                ],
                [
                    3.725290742551124e-09,
                    0.9583345055580139,
                    0.2856478989124298,
                    1.1514836549758911
                ],
                [
                    0.0,
                    0.0,
                    0.0,
                    1.0
                ]
            ]
        },
        {
            "file_path": "/data/shapenet_blender/all_50_random/02958343/ae086c610d023693d8a99964311c4152/r_32",
            "rotation": 0.12566370614359174,
            "transform_matrix": [
                [
                    0.03210475668311119,
                    -0.07727230340242386,
                    0.9964929223060608,
                    4.01699161529541
                ],
                [
                    0.9994844794273376,
                    0.0024820882827043533,
                    -0.032008662819862366,
                    -0.12903106212615967
                ],
                [
                    0.0,
                    0.997006893157959,
                    0.07731214910745621,
                    0.31165528297424316
                ],
                [
                    0.0,
                    0.0,
                    0.0,
                    1.0
                ]
            ]
        },
        {
            "file_path": "/data/shapenet_blender/all_50_random/02958343/ae086c610d023693d8a99964311c4152/r_33",
            "rotation": 0.12566370614359174,
            "transform_matrix": [
                [
                    -0.9184445738792419,
                    -0.3926635980606079,
                    0.04769550636410713,
                    0.19226673245429993
                ],
                [
                    0.3955497145652771,
                    -0.9117431640625,
                    0.11074632406234741,
                    0.4464327096939087
                ],
                [
                    0.0,
                    0.12058021128177643,
                    0.9927035570144653,
                    4.001716136932373
                ],
                [
                    0.0,
                    0.0,
                    0.0,
                    1.0
                ]
            ]
        },
        {
            "file_path": "/data/shapenet_blender/all_50_random/02958343/ae086c610d023693d8a99964311c4152/r_34",
            "rotation": 0.12566370614359174,
            "transform_matrix": [
                [
                    0.9736920595169067,
                    -0.024538885802030563,
                    -0.22654257714748383,
                    -0.9132223129272461
                ],
                [
                    -0.2278677076101303,
                    -0.10485608875751495,
                    -0.9680296778678894,
                    -3.902252435684204
                ],
                [
                    1.8626450382086546e-09,
                    0.9941846132278442,
                    -0.10768917202949524,
                    -0.4341089427471161
                ],
                [
                    0.0,
                    0.0,
                    0.0,
                    1.0
                ]
            ]
        },
        {
            "file_path": "/data/shapenet_blender/all_50_random/02958343/ae086c610d023693d8a99964311c4152/r_35",
            "rotation": 0.12566370614359174,
            "transform_matrix": [
                [
                    -0.35137373208999634,
                    -0.5397467017173767,
                    -0.7649900913238525,
                    -3.0837738513946533
                ],
                [
                    -0.936235249042511,
                    0.2025696486234665,
                    0.28710460662841797,
                    1.157355785369873
                ],
                [
                    0.0,
                    0.817091703414917,
                    -0.5765075087547302,
                    -2.3239762783050537
                ],
                [
                    0.0,
                    0.0,
                    0.0,
                    1.0
                ]
            ]
        },
        {
            "file_path": "/data/shapenet_blender/all_50_random/02958343/ae086c610d023693d8a99964311c4152/r_36",
            "rotation": 0.12566370614359174,
            "transform_matrix": [
                [
                    0.11740767955780029,
                    0.5539480447769165,
                    0.8242311477661133,
                    3.3225820064544678
                ],
                [
                    0.9930838346481323,
                    -0.06549069285392761,
                    -0.09744501113891602,
                    -0.39281341433525085
                ],
                [
                    -7.450581485102248e-09,
                    0.8299713730812073,
                    -0.5578059554100037,
                    -2.2485878467559814
                ],
                [
                    0.0,
                    0.0,
                    0.0,
                    1.0
                ]
            ]
        },
        {
            "file_path": "/data/shapenet_blender/all_50_random/02958343/ae086c610d023693d8a99964311c4152/r_37",
            "rotation": 0.12566370614359174,
            "transform_matrix": [
                [
                    -0.9995394945144653,
                    -0.018227145075798035,
                    0.024257540702819824,
                    0.09778526425361633
                ],
                [
                    0.030342327430844307,
                    -0.6004401445388794,
                    0.7990939021110535,
                    3.221250057220459
                ],
                [
                    9.313224080820248e-10,
                    0.7994619607925415,
                    0.600716769695282,
                    2.4215664863586426
                ],
                [
                    0.0,
                    0.0,
                    0.0,
                    1.0
                ]
            ]
        },
        {
            "file_path": "/data/shapenet_blender/all_50_random/02958343/ae086c610d023693d8a99964311c4152/r_38",
            "rotation": 0.12566370614359174,
            "transform_matrix": [
                [
                    -0.881479799747467,
                    -0.3536742925643921,
                    0.31290215253829956,
                    1.2613489627838135
                ],
                [
                    0.47222161293029785,
                    -0.6601915955543518,
                    0.5840836763381958,
                    2.3545165061950684
                ],
                [
                    0.0,
                    0.662617027759552,
                    0.7489583492279053,
                    3.0191476345062256
                ],
                [
                    0.0,
                    0.0,
                    0.0,
                    1.0
                ]
            ]
        },
        {
            "file_path": "/data/shapenet_blender/all_50_random/02958343/ae086c610d023693d8a99964311c4152/r_39",
            "rotation": 0.12566370614359174,
            "transform_matrix": [
                [
                    0.23066352307796478,
                    -0.6335790157318115,
                    0.738493025302887,
                    2.9769608974456787
                ],
                [
                    0.9730335474014282,
                    0.15019376575946808,
                    -0.17506426572799683,
                    -0.7057067155838013
                ],
                [
                    0.0,
                    0.7589595317840576,
                    0.6511377096176147,
                    2.6248202323913574
                ],
                [
                    0.0,
                    0.0,
                    0.0,
                    1.0
                ]
            ]
        },
        {
            "file_path": "/data/shapenet_blender/all_50_random/02958343/ae086c610d023693d8a99964311c4152/r_40",
            "rotation": 0.12566370614359174,
            "transform_matrix": [
                [
                    0.9406242370605469,
                    -0.07287635654211044,
                    0.3315345048904419,
                    1.3364583253860474
                ],
                [
                    0.3394496738910675,
                    0.2019423395395279,
                    -0.9186910390853882,
                    -3.703361988067627
                ],
                [
                    7.450580596923828e-09,
                    0.9766823053359985,
                    0.21468974649906158,
                    0.8654420375823975
                ],
                [
                    0.0,
                    0.0,
                    0.0,
                    1.0
                ]
            ]
        },
        {
            "file_path": "/data/shapenet_blender/all_50_random/02958343/ae086c610d023693d8a99964311c4152/r_41",
            "rotation": 0.12566370614359174,
            "transform_matrix": [
                [
                    -0.9907519817352295,
                    -0.05185582488775253,
                    0.12538599967956543,
                    0.5054471492767334
                ],
                [
                    0.1356859654188156,
                    -0.3786409795284271,
                    0.9155437350273132,
                    3.6906747817993164
                ],
                [
                    0.0,
