{
    "class": "02958343",
    "model": "c8b196595745bbd241c181f4a7e1bfa5",
    "remove_doubles": true,
    "edge_split": true,
    "denoise": true,
    "camera_angle_x": 0.6911112070083618,
    "scale_factor": 2.2733807841429905,
    "hdri_file": "/data/IndoorHDRDataset2018/AG8A3025-65c96016e5.exr",
    "center_offset": [
        0.0,
        0.0,
        -1.3969838619232178e-09
    ],
    "lights": [],
    "frames": [
        {
            "file_path": "/data/shapenet_blender/all_50_random/02958343/c8b196595745bbd241c181f4a7e1bfa5/r_0",
            "rotation": 0.12566370614359174,
            "transform_matrix": [
                [
                    -0.07740622013807297,
                    0.3154686391353607,
                    0.9457736611366272,
                    3.812535524368286
                ],
                [
                    0.9969996809959412,
                    0.024492722004652023,
                    0.07342907786369324,
                    0.2960020899772644
                ],
                [
                    1.862645149230957e-09,
                    0.9486198425292969,
                    -0.31641802191734314,
                    -1.2755218744277954
                ],
                [
                    0.0,
                    0.0,
                    0.0,
                    1.0
                ]
            ]
        },
        {
            "file_path": "/data/shapenet_blender/all_50_random/02958343/c8b196595745bbd241c181f4a7e1bfa5/r_1",
            "rotation": 0.12566370614359174,
            "transform_matrix": [
                [
                    -0.13820713758468628,
                    -0.6084474921226501,
                    0.7814668416976929,
                    3.150193691253662
                ],
                [
                    0.9904033541679382,
                    -0.08490660786628723,
                    0.10905081778764725,
                    0.4395979046821594
                ],
                [
                    0.0,
                    0.7890390157699585,
                    0.6143431067466736,
                    2.4764962196350098
                ],
                [
                    0.0,
                    0.0,
                    0.0,
                    1.0
                ]
            ]
        },
        {
            "file_path": "/data/shapenet_blender/all_50_random/02958343/c8b196595745bbd241c181f4a7e1bfa5/r_2",
            "rotation": 0.12566370614359174,
            "transform_matrix": [
                [
                    0.6397460103034973,
                    -0.5389761924743652,
                    -0.5479321479797363,
                    -2.208785057067871
                ],
                [
                    -0.7685865163803101,
                    -0.4486260414123535,
                    -0.45608067512512207,
                    -1.8385200500488281
                ],
                [
                    0.0,
                    0.7129089832305908,
                    -0.701256513595581,
                    -2.826855421066284
                ],
                [
                    0.0,
                    0.0,
                    0.0,
                    1.0
                ]
            ]
        },
        {
            "file_path": "/data/shapenet_blender/all_50_random/02958343/c8b196595745bbd241c181f4a7e1bfa5/r_3",
            "rotation": 0.12566370614359174,
            "transform_matrix": [
                [
                    0.9045615196228027,
                    0.30069872736930847,
                    0.30223938822746277,
                    1.2183659076690674
                ],
                [
                    0.42634305357933044,
                    -0.6379850506782532,
                    -0.6412538290023804,
                    -2.5849769115448
                ],
                [
                    0.0,
                    0.7089111804962158,
                    -0.7052976489067078,
                    -2.8431458473205566
                ],
                [
                    0.0,
                    0.0,
                    0.0,
                    1.0
                ]
            ]
        },
        {
            "file_path": "/data/shapenet_blender/all_50_random/02958343/c8b196595745bbd241c181f4a7e1bfa5/r_4",
            "rotation": 0.12566370614359174,
            "transform_matrix": [
                [
                    0.17070665955543518,
                    -0.7918935418128967,
                    -0.586313784122467,
                    -2.363506555557251
                ],
                [
                    -0.9853218793869019,
                    -0.13719527423381805,
                    -0.10157866030931473,
                    -0.4094766676425934
                ],
                [
                    7.450580152834618e-09,
                    0.5950478911399841,
                    -0.8036901950836182,
                    -3.239778757095337
                ],
                [
                    0.0,
                    0.0,
                    0.0,
                    1.0
                ]
            ]
        },
        {
            "file_path": "/data/shapenet_blender/all_50_random/02958343/c8b196595745bbd241c181f4a7e1bfa5/r_5",
            "rotation": 0.12566370614359174,
            "transform_matrix": [
                [
                    -0.9302639365196228,
                    -0.2415282428264618,
                    0.27617597579956055,
                    1.1133009195327759
                ],
                [
                    0.366891086101532,
                    -0.6124024987220764,
                    0.7002529501914978,
                    2.822809934616089
                ],
                [
                    0.0,
                    0.7527465224266052,
                    0.6583104729652405,
                    2.6537344455718994
                ],
                [
                    0.0,
                    0.0,
                    0.0,
                    1.0
                ]
            ]
        },
        {
            "file_path": "/data/shapenet_blender/all_50_random/02958343/c8b196595745bbd241c181f4a7e1bfa5/r_6",
            "rotation": 0.12566370614359174,
            "transform_matrix": [
                [
                    -0.5595453977584839,
                    0.10184574872255325,
                    -0.8225183486938477,
                    -3.3156771659851074
                ],
                [
                    -0.8287997245788574,
                    -0.06875885277986526,
                    0.5553047060966492,
                    2.238504648208618
                ],
                [
                    7.450580596923828e-09,
                    0.9924210906028748,
                    0.12288343161344528,
                    0.4953588843345642
                ],
                [
                    0.0,
                    0.0,
                    0.0,
                    1.0
                ]
            ]
        },
        {
            "file_path": "/data/shapenet_blender/all_50_random/02958343/c8b196595745bbd241c181f4a7e1bfa5/r_7",
            "rotation": 0.12566370614359174,
            "transform_matrix": [
                [
                    -0.12267976254224777,
                    0.3549593389034271,
                    -0.9267973899841309,
                    -3.7360401153564453
                ],
                [
                    -0.9924463033676147,
                    -0.04387776553630829,
                    0.1145646721124649,
                    0.4618249833583832
                ],
                [
                    0.0,
                    0.9338513612747192,
                    0.35766100883483887,
                    1.4417777061462402
                ],
                [
                    0.0,
                    0.0,
                    0.0,
                    1.0
                ]
            ]
        },
        {
            "file_path": "/data/shapenet_blender/all_50_random/02958343/c8b196595745bbd241c181f4a7e1bfa5/r_8",
            "rotation": 0.12566370614359174,
            "transform_matrix": [
                [
                    0.24220331013202667,
                    0.2778676450252533,
                    0.9295843243598938,
                    3.747274398803711
                ],
                [
                    0.9702256321907043,
                    -0.06936578452587128,
                    -0.23205778002738953,
                    -0.9354549050331116
                ],
                [
                    -7.450581485102248e-09,
                    0.9581116437911987,
                    -0.2863948345184326,
                    -1.1544946432113647
                ],
                [
                    0.0,
                    0.0,
                    0.0,
                    1.0
                ]
            ]
        },
        {
            "file_path": "/data/shapenet_blender/all_50_random/02958343/c8b196595745bbd241c181f4a7e1bfa5/r_9",
            "rotation": 0.12566370614359174,
            "transform_matrix": [
                [
                    -0.9619730710983276,
                    0.033585336059331894,
                    0.27107134461402893,
                    1.0927236080169678
                ],
                [
                    0.273144006729126,
                    0.11828261613845825,
                    0.9546734690666199,
                    3.848412036895752
                ],
                [
                    0.0,
                    0.9924118518829346,
                    -0.12295832484960556,
                    -0.4956609010696411
                ],
                [
                    0.0,
                    0.0,
                    0.0,
                    1.0
                ]
            ]
        },
        {
            "file_path": "/data/shapenet_blender/all_50_random/02958343/c8b196595745bbd241c181f4a7e1bfa5/r_10",
            "rotation": 0.12566370614359174,
            "transform_matrix": [
                [
                    0.5122751593589783,
                    -0.10630776733160019,
                    -0.8522164821624756,
                    -3.435394048690796
                ],
                [
                    -0.8588213920593262,
                    -0.06341112405061722,
                    -0.5083354711532593,
                    -2.0491654872894287
                ],
                [
                    0.0,
                    0.9923092722892761,
                    -0.12378334999084473,
                    -0.4989865720272064
                ],
                [
                    0.0,
                    0.0,
                    0.0,
                    1.0
                ]
            ]
        },
        {
            "file_path": "/data/shapenet_blender/all_50_random/02958343/c8b196595745bbd241c181f4a7e1bfa5/r_11",
            "rotation": 0.12566370614359174,
            "transform_matrix": [
                [
                    0.9964161515235901,
                    0.08346684277057648,
                    -0.013719267211854458,
                    -0.055304139852523804
                ],
                [
                    -0.08458683639764786,
                    0.9832227826118469,
                    -0.16161023080348969,
                    -0.651471734046936
                ],
                [
                    -9.313225746154785e-10,
                    0.16219152510166168,
                    0.9867592453956604,
                    3.9777538776397705
                ],
                [
                    0.0,
                    0.0,
                    0.0,
                    1.0
                ]
            ]
        },
        {
            "file_path": "/data/shapenet_blender/all_50_random/02958343/c8b196595745bbd241c181f4a7e1bfa5/r_12",
            "rotation": 0.12566370614359174,
            "transform_matrix": [
                [
                    0.9444342851638794,
                    0.011156998574733734,
                    0.3285110592842102,
                    1.324270486831665
                ],
                [
                    0.3287004828453064,
                    -0.032056696712970734,
                    -0.9438900351524353,
                    -3.8049423694610596
                ],
                [
                    0.0,
                    0.9994237422943115,
                    -0.033942755311727524,
                    -0.13682761788368225
                ],
                [
                    0.0,
                    0.0,
                    0.0,
                    1.0
                ]
            ]
        },
        {
            "file_path": "/data/shapenet_blender/all_50_random/02958343/c8b196595745bbd241c181f4a7e1bfa5/r_13",
            "rotation": 0.12566370614359174,
            "transform_matrix": [
                [
                    0.7702334523200989,
                    -0.07131955027580261,
                    0.6337615847587585,
                    2.5547749996185303
                ],
                [
                    0.6377618908882141,
                    0.08613356202840805,
                    -0.7654022574424744,
                    -3.085435390472412
                ],
                [
                    3.725290076417309e-09,
                    0.9937276244163513,
                    0.11182784289121628,
                    0.45079249143600464
                ],
                [
                    0.0,
                    0.0,
                    0.0,
                    1.0
                ]
            ]
        },
        {
            "file_path": "/data/shapenet_blender/all_50_random/02958343/c8b196595745bbd241c181f4a7e1bfa5/r_14",
            "rotation": 0.12566370614359174,
            "transform_matrix": [
                [
                    -0.9521819949150085,
                    0.07016859203577042,
                    0.2973649501800537,
                    1.198716402053833
                ],
                [
                    0.3055315911769867,
                    0.21867874264717102,
                    0.9267308712005615,
                    3.735771656036377
                ],
                [
                    7.450580596923828e-09,
                    0.9732706546783447,
                    -0.22966068983078003,
                    -0.92579185962677
                ],
                [
                    0.0,
                    0.0,
                    0.0,
                    1.0
                ]
            ]
        },
        {
            "file_path": "/data/shapenet_blender/all_50_random/02958343/c8b196595745bbd241c181f4a7e1bfa5/r_15",
            "rotation": 0.12566370614359174,
            "transform_matrix": [
                [
                    0.0031282680574804544,
                    -0.5922410488128662,
                    0.8057548403739929,
                    3.248101234436035
                ],
                [
                    0.9999950528144836,
                    0.0018526981584727764,
                    -0.0025206299033015966,
                    -0.010160982608795166
                ],
                [
                    -1.164153010102531e-10,
                    0.8057587146759033,
                    0.5922439694404602,
                    2.387411594390869
                ],
                [
                    0.0,
                    0.0,
                    0.0,
                    1.0
                ]
            ]
        },
        {
            "file_path": "/data/shapenet_blender/all_50_random/02958343/c8b196595745bbd241c181f4a7e1bfa5/r_16",
            "rotation": 0.12566370614359174,
            "transform_matrix": [
                [
                    -0.8603634238243103,
                    -0.4832681715488434,
                    0.16194674372673035,
                    0.6528282165527344
                ],
                [
                    0.5096811652183533,
                    -0.8157771825790405,
                    0.27337297797203064,
                    1.102001667022705
                ],
                [
                    0.0,
                    0.317741334438324,
                    0.9481774568557739,
                    3.822225570678711
                ],
                [
                    0.0,
                    0.0,
                    0.0,
                    1.0
                ]
            ]
        },
        {
            "file_path": "/data/shapenet_blender/all_50_random/02958343/c8b196595745bbd241c181f4a7e1bfa5/r_17",
            "rotation": 0.12566370614359174,
            "transform_matrix": [
                [
                    0.8931519389152527,
                    0.0025183637626469135,
                    0.44974809885025024,
                    1.8129924535751343
                ],
                [
                    0.44975513219833374,
                    -0.0050011249259114265,
                    -0.8931379318237305,
                    -3.600353956222534
                ],
                [
                    0.0,
                    0.9999843835830688,
                    -0.005599411204457283,
                    -0.022571947425603867
                ],
                [
                    0.0,
                    0.0,
                    0.0,
                    1.0
                ]
            ]
        },
        {
            "file_path": "/data/shapenet_blender/all_50_random/02958343/c8b196595745bbd241c181f4a7e1bfa5/r_18",
            "rotation": 0.12566370614359174,
            "transform_matrix": [
                [
                    -0.7894973754882812,
                    -0.13342581689357758,
                    -0.5990755558013916,
                    -2.4149508476257324
                ],
                [
                    -0.6137540340423584,
                    0.17163117229938507,
                    0.770615816116333,
                    3.1064515113830566
                ],
                [
                    0.0,
                    0.9760841727256775,
                    -0.21739298105239868,
                    -0.8763390779495239
                ],
                [
                    0.0,
                    0.0,
                    0.0,
                    1.0
                ]
            ]
        },
        {
            "file_path": "/data/shapenet_blender/all_50_random/02958343/c8b196595745bbd241c181f4a7e1bfa5/r_19",
            "rotation": 0.12566370614359174,
            "transform_matrix": [
                [
                    0.3233564496040344,
                    0.22362340986728668,
                    -0.9194744229316711,
                    -3.706519842147827
                ],
                [
                    -0.9462773203849792,
                    0.07641531527042389,
                    -0.3141975402832031,
                    -1.266570806503296
                ],
                [
                    0.0,
                    0.971675455570221,
                    0.2363191395998001,
                    0.9526329040527344
                ],
                [
                    0.0,
                    0.0,
                    0.0,
                    1.0
                ]
            ]
        },
        {
            "file_path": "/data/shapenet_blender/all_50_random/02958343/c8b196595745bbd241c181f4a7e1bfa5/r_20",
            "rotation": 0.12566370614359174,
            "transform_matrix": [
                [
                    -0.9636262059211731,
                    0.2628610134124756,
                    -0.04825584962964058,
                    -0.1945255547761917
                ],
                [
                    -0.26725369691848755,
                    -0.9477876424789429,
                    0.17399421334266663,
                    0.7013931274414062
                ],
                [
                    0.0,
                    0.1805618852376938,
                    0.9835636019706726,
                    3.964871644973755
                ],
                [
                    0.0,
                    0.0,
                    0.0,
                    1.0
                ]
            ]
        },
        {
            "file_path": "/data/shapenet_blender/all_50_random/02958343/c8b196595745bbd241c181f4a7e1bfa5/r_21",
            "rotation": 0.12566370614359174,
            "transform_matrix": [
                [
                    0.6620851159095764,
                    0.05955463647842407,
                    0.747058629989624,
                    3.0114896297454834
                ],
                [
                    0.7494287490844727,
                    -0.052613724023103714,
                    -0.6599912047386169,
                    -2.6605095863342285
                ],
                [
                    0.0,
                    0.9968374371528625,
                    -0.07946672290563583,
                    -0.3203406035900116
                ],
                [
                    0.0,
                    0.0,
                    0.0,
                    1.0
                ]
            ]
        },
        {
            "file_path": "/data/shapenet_blender/all_50_random/02958343/c8b196595745bbd241c181f4a7e1bfa5/r_22",
            "rotation": 0.12566370614359174,
            "transform_matrix": [
                [
                    -0.681868851184845,
                    -0.09674429893493652,
                    -0.7250485420227051,
                    -2.9227640628814697
                ],
                [
                    -0.7314743995666504,
                    0.09018349647521973,
                    0.6758787631988525,
                    2.7245545387268066
                ],
                [
                    -7.450580152834618e-09,
                    0.991215169429779,
                    -0.1322592943906784,
                    -0.5331542491912842
                ],
                [
                    0.0,
                    0.0,
                    0.0,
                    1.0
                ]
            ]
        },
        {
            "file_path": "/data/shapenet_blender/all_50_random/02958343/c8b196595745bbd241c181f4a7e1bfa5/r_23",
            "rotation": 0.12566370614359174,
            "transform_matrix": [
                [
                    -0.9122075438499451,
                    -0.00710738729685545,
                    -0.4096669554710388,
                    -1.6514203548431396
                ],
                [
                    -0.40972864627838135,
                    0.015823673456907272,
                    0.9120702147483826,
                    3.6766726970672607
                ],
                [
                    0.0,
                    0.9998494982719421,
                    -0.017346573993563652,
                    -0.06992627680301666
                ],
                [
                    0.0,
                    0.0,
                    0.0,
                    1.0
                ]
            ]
        },
        {
            "file_path": "/data/shapenet_blender/all_50_random/02958343/c8b196595745bbd241c181f4a7e1bfa5/r_24",
            "rotation": 0.12566370614359174,
            "transform_matrix": [
                [
                    0.7434408068656921,
                    -0.39199113845825195,
                    0.5418843030929565,
                    2.184405565261841
                ],
                [
                    0.6688016057014465,
                    0.43573787808418274,
                    -0.6023593544960022,
                    -2.4281883239746094
                ],
                [
                    1.4901159417490817e-08,
                    0.8102316856384277,
                    0.5861096382141113,
                    2.3626835346221924
                ],
                [
                    0.0,
                    0.0,
                    0.0,
                    1.0
                ]
            ]
        },
        {
            "file_path": "/data/shapenet_blender/all_50_random/02958343/c8b196595745bbd241c181f4a7e1bfa5/r_25",
            "rotation": 0.12566370614359174,
            "transform_matrix": [
                [
                    0.008854459971189499,
                    0.36183005571365356,
                    0.9322020411491394,
                    3.757826566696167
                ],
                [
                    0.9999608397483826,
                    -0.0032039352227002382,
                    -0.008254469372332096,
                    -0.033274829387664795
                ],
                [
                    -2.3283064365386963e-10,
                    0.9322385191917419,
                    -0.3618442416191101,
                    -1.4586408138275146
                ],
                [
                    0.0,
                    0.0,
                    0.0,
                    1.0
                ]
            ]
        },
        {
            "file_path": "/data/shapenet_blender/all_50_random/02958343/c8b196595745bbd241c181f4a7e1bfa5/r_26",
            "rotation": 0.12566370614359174,
            "transform_matrix": [
                [
                    0.9352440237998962,
                    0.03675033152103424,
                    -0.3520909547805786,
                    -1.4193241596221924
                ],
                [
                    -0.35400375723838806,
                    0.09709084779024124,
                    -0.9301906228065491,
                    -3.74971866607666
                ],
                [
                    -3.725290298461914e-09,
                    0.9945968389511108,
                    0.10381338000297546,
                    0.418485164642334
                ],
                [
                    0.0,
                    0.0,
                    0.0,
                    1.0
                ]
            ]
        },
        {
            "file_path": "/data/shapenet_blender/all_50_random/02958343/c8b196595745bbd241c181f4a7e1bfa5/r_27",
            "rotation": 0.12566370614359174,
            "transform_matrix": [
                [
                    0.724140465259552,
                    -0.23835612833499908,
                    -0.6471529006958008,
                    -2.6087567806243896
                ],
                [
                    -0.6896523833274841,
                    -0.2502758204936981,
                    -0.6795156598091125,
                    -2.739215135574341
                ],
                [
                    -1.4901158529312397e-08,
                    0.9383754134178162,
                    -0.34561774134635925,
                    -1.3932297229766846
                ],
                [
                    0.0,
                    0.0,
                    0.0,
                    1.0
                ]
            ]
        },
        {
            "file_path": "/data/shapenet_blender/all_50_random/02958343/c8b196595745bbd241c181f4a7e1bfa5/r_28",
            "rotation": 0.12566370614359174,
            "transform_matrix": [
                [
                    0.08142895251512527,
                    0.31813716888427734,
                    0.9445412158966064,
                    3.8075673580169678
                ],
                [
                    0.9966791272163391,
                    -0.0259918924421072,
                    -0.077169269323349,
                    -0.3110792636871338
                ],
                [
                    0.0,
                    0.9476882815361023,
                    -0.3191971778869629,
                    -1.2867249250411987
                ],
                [
                    0.0,
                    0.0,
                    0.0,
                    1.0
                ]
            ]
        },
        {
            "file_path": "/data/shapenet_blender/all_50_random/02958343/c8b196595745bbd241c181f4a7e1bfa5/r_29",
            "rotation": 0.12566370614359174,
            "transform_matrix": [
                [
                    -0.5358633399009705,
                    -0.840772271156311,
                    0.07715240120887756,
                    0.31101128458976746
                ],
                [
                    0.8443047404289246,
                    -0.5336213707923889,
                    0.048967089504003525,
                    0.19739265739917755
                ],
                [
                    -3.725290298461914e-09,
                    0.09137963503599167,
                    0.9958161115646362,
                    4.014263153076172
                ],
                [
                    0.0,
                    0.0,
                    0.0,
                    1.0
                ]
            ]
        },
        {
            "file_path": "/data/shapenet_blender/all_50_random/02958343/c8b196595745bbd241c181f4a7e1bfa5/r_30",
            "rotation": 0.12566370614359174,
            "transform_matrix": [
                [
                    -0.12222851067781448,
                    0.11362620443105698,
                    0.9859762787818909,
                    3.974597454071045
                ],
                [
                    0.992501974105835,
                    0.013993283733725548,
                    0.12142486125230789,
                    0.48947927355766296
                ],
                [
                    0.0,
                    0.9934250712394714,
                    -0.11448460072278976,
                    -0.46150219440460205
                ],
                [
                    0.0,
                    0.0,
                    0.0,
                    1.0
                ]
            ]
        },
        {
            "file_path": "/data/shapenet_blender/all_50_random/02958343/c8b196595745bbd241c181f4a7e1bfa5/r_31",
            "rotation": 0.12566370614359174,
            "transform_matrix": [
                [
                    0.999678373336792,
                    0.01329776644706726,
                    0.021597063168883324,
                    0.08706054836511612
                ],
                [
                    0.02536264806985855,
                    -0.5241365432739258,
                    -0.8512564897537231,
                    -3.4315247535705566
                ],
                [
                    0.0,
                    0.8515303730964661,
                    -0.5243052244186401,
                    -2.113542079925537
                ],
                [
                    0.0,
                    0.0,
                    0.0,
                    1.0
                ]
            ]
        },
        {
            "file_path": "/data/shapenet_blender/all_50_random/02958343/c8b196595745bbd241c181f4a7e1bfa5/r_32",
            "rotation": 0.12566370614359174,
            "transform_matrix": [
                [
                    -0.9333333373069763,
                    0.0019907967653125525,
                    0.3590053915977478,
                    1.4471970796585083
                ],
                [
                    0.3590109050273895,
                    0.005175544414669275,
                    0.9333189725875854,
                    3.7623291015625
                ],
                [
                    0.0,
                    0.999984622001648,
                    -0.00554522592574358,
                    -0.022353520616889
                ],
                [
                    0.0,
                    0.0,
                    0.0,
                    1.0
                ]
            ]
        },
        {
            "file_path": "/data/shapenet_blender/all_50_random/02958343/c8b196595745bbd241c181f4a7e1bfa5/r_33",
            "rotation": 0.12566370614359174,
            "transform_matrix": [
                [
                    0.9393432140350342,
                    -0.05235963687300682,
                    0.3389584720134735,
                    1.3663853406906128
                ],
                [
                    0.34297871589660645,
                    0.14340153336524963,
                    -0.9283326864242554,
                    -3.7422287464141846
                ],
                [
                    -3.725290298461914e-09,
                    0.9882785081863403,
                    0.1526614874601364,
                    0.6153981685638428
                ],
                [
                    0.0,
                    0.0,
                    0.0,
                    1.0
                ]
            ]
        },
        {
            "file_path": "/data/shapenet_blender/all_50_random/02958343/c8b196595745bbd241c181f4a7e1bfa5/r_34",
            "rotation": 0.12566370614359174,
            "transform_matrix": [
                [
                    -0.2785864472389221,
                    0.36489492654800415,
                    0.888392448425293,
                    3.5812246799468994
                ],
                [
                    0.9604111313819885,
                    0.10584507882595062,
                    0.2576960027217865,
                    1.0388059616088867
                ],
                [
                    0.0,
                    0.9250126481056213,
                    -0.379936158657074,
                    -1.5315717458724976
                ],
                [
                    0.0,
                    0.0,
                    0.0,
                    1.0
                ]
            ]
        },
        {
            "file_path": "/data/shapenet_blender/all_50_random/02958343/c8b196595745bbd241c181f4a7e1bfa5/r_35",
            "rotation": 0.12566370614359174,
            "transform_matrix": [
                [
                    -0.8154317736625671,
                    -0.2011588215827942,
                    -0.542776346206665,
                    -2.1880016326904297
                ],
                [
                    -0.5788532495498657,
                    0.28337281942367554,
                    0.7646100521087646,
                    3.082242250442505
                ],
                [
                    0.0,
                    0.9376751780509949,
                    -0.3475126326084137,
                    -1.40086829662323
                ],
                [
                    0.0,
                    0.0,
                    0.0,
                    1.0
                ]
            ]
        },
        {
            "file_path": "/data/shapenet_blender/all_50_random/02958343/c8b196595745bbd241c181f4a7e1bfa5/r_36",
            "rotation": 0.12566370614359174,
            "transform_matrix": [
                [
                    -0.9607480764389038,
                    -0.045195069164037704,
                    0.2737163007259369,
                    1.1033856868743896
                ],
                [
                    0.2774224579334259,
                    -0.15651606023311615,
                    0.9479132294654846,
                    3.821160316467285
                ],
                [
                    -3.725290298461914e-09,
                    0.9866408109664917,
                    0.16291062533855438,
                    0.6567137241363525
                ],
                [
                    0.0,
                    0.0,
                    0.0,
                    1.0
                ]
            ]
        },
        {
            "file_path": "/data/shapenet_blender/all_50_random/02958343/c8b196595745bbd241c181f4a7e1bfa5/r_37",
            "rotation": 0.12566370614359174,
            "transform_matrix": [
                [
                    -0.957442581653595,
                    -0.06145784258842468,
                    0.2820044457912445,
                    1.136796236038208
                ],
                [
                    0.28862354159355164,
                    -0.20387232303619385,
                    0.9354851245880127,
                    3.7710611820220947
                ],
                [
                    3.725290298461914e-09,
                    0.9770664572715759,
                    0.2129342406988144,
                    0.8583653569221497
                ],
                [
                    0.0,
                    0.0,
                    0.0,
                    1.0
                ]
            ]
        },
        {
            "file_path": "/data/shapenet_blender/all_50_random/02958343/c8b196595745bbd241c181f4a7e1bfa5/r_38",
            "rotation": 0.12566370614359174,
            "transform_matrix": [
                [
                    0.9357753992080688,
                    0.07139763981103897,
                    0.34529227018356323,
                    1.3919175863265991
                ],
                [
                    0.352596640586853,
                    -0.18948610126972198,
                    -0.9163900017738342,
                    -3.6940860748291016
                ],
                [
                    7.4505797087454084e-09,
                    0.9792841076850891,
                    -0.20249101519584656,
                    -0.8162673711776733
                ],
                [
                    0.0,
                    0.0,
                    0.0,
                    1.0
                ]
            ]
        },
        {
            "file_path": "/data/shapenet_blender/all_50_random/02958343/c8b196595745bbd241c181f4a7e1bfa5/r_39",
            "rotation": 0.12566370614359174,
            "transform_matrix": [
                [
                    -0.9995512962341309,
                    0.008049397729337215,
                    0.02885310724377632,
                    0.11631059646606445
                ],
                [
                    0.029954876750707626,
                    0.2685968577861786,
                    0.9627867937088013,
                    3.881117820739746
                ],
                [
                    -4.656612873077393e-10,
                    0.9632191061973572,
                    -0.2687174081802368,
                    -1.0832345485687256
                ],
                [
                    0.0,
                    0.0,
                    0.0,
                    1.0
                ]
            ]
        },
        {
            "file_path": "/data/shapenet_blender/all_50_random/02958343/c8b196595745bbd241c181f4a7e1bfa5/r_40",
            "rotation": 0.12566370614359174,
            "transform_matrix": [
                [
                    0.9649410247802734,
                    0.2254703938961029,
                    0.13435795903205872,
                    0.5416142344474792
                ],
                [
                    0.26246705651283264,
                    -0.8289254307746887,
                    -0.49395719170570374,
                    -1.991205096244812
                ],
                [
                    7.450581485102248e-09,
                    0.5119039416313171,
                    -0.8590425848960876,
                    -3.462911367416382
                ],
                [
                    0.0,
                    0.0,
                    0.0,
                    1.0
                ]
            ]
        },
        {
            "file_path": "/data/shapenet_blender/all_50_random/02958343/c8b196595745bbd241c181f4a7e1bfa5/r_41",
            "rotation": 0.12566370614359174,
            "transform_matrix": [
                [
                    0.3584364652633667,
                    0.6448652148246765,
                    -0.6750348806381226,
                    -2.7211525440216064
                ],
                [
                    -0.9335541129112244,
                    0.24759487807750702,
                    -0.2591784596443176,
                    -1.0447818040847778
                ],
                [
