{
    "class": "02958343",
    "model": "fee1c13922c07e8711b978ff9450f61b",
    "remove_doubles": true,
    "edge_split": true,
    "denoise": true,
    "camera_angle_x": 0.6911112070083618,
    "scale_factor": 2.354259503216525,
    "hdri_file": "/data/IndoorHDRDataset2018/9C4A2334-79dbacbb08.exr",
    "center_offset": [
        0.0,
        -1.862645149230957e-09,
        0.0
    ],
    "lights": [],
    "frames": [
        {
            "file_path": "/data/shapenet_blender/all_50_random/02958343/fee1c13922c07e8711b978ff9450f61b/r_0",
            "rotation": 0.12566370614359174,
            "transform_matrix": [
                [
                    -0.5865464210510254,
                    -0.24099649488925934,
                    0.7732295393943787,
                    3.116988182067871
                ],
                [
                    0.8099156618118286,
                    -0.17453131079673767,
                    0.5599781274795532,
                    2.2573442459106445
                ],
                [
                    -1.4901161193847656e-08,
                    0.9547038674354553,
                    0.2975575029850006,
                    1.1994928121566772
                ],
                [
                    0.0,
                    0.0,
                    0.0,
                    1.0
                ]
            ]
        },
        {
            "file_path": "/data/shapenet_blender/all_50_random/02958343/fee1c13922c07e8711b978ff9450f61b/r_1",
            "rotation": 0.12566370614359174,
            "transform_matrix": [
                [
                    -0.9242430329322815,
                    -0.17299401760101318,
                    0.3403642475605011,
                    1.3720523118972778
                ],
                [
                    0.38180461525917053,
                    -0.41877052187919617,
                    0.8239274621009827,
                    3.3213579654693604
                ],
                [
                    -1.4901160305669237e-08,
                    0.8914619088172913,
                    0.45309561491012573,
                    1.8264869451522827
                ],
                [
                    0.0,
                    0.0,
                    0.0,
                    1.0
                ]
            ]
        },
        {
            "file_path": "/data/shapenet_blender/all_50_random/02958343/fee1c13922c07e8711b978ff9450f61b/r_2",
            "rotation": 0.12566370614359174,
            "transform_matrix": [
                [
                    -0.845429539680481,
                    0.033609677106142044,
                    -0.5330283641815186,
                    -2.1487061977386475
                ],
                [
                    -0.5340869426727295,
                    -0.05320221930742264,
                    0.8437538146972656,
                    3.401280641555786
                ],
                [
                    1.862645149230957e-09,
                    0.9980179071426392,
                    0.06292922049760818,
                    0.25367581844329834
                ],
                [
                    0.0,
                    0.0,
                    0.0,
                    1.0
                ]
            ]
        },
        {
            "file_path": "/data/shapenet_blender/all_50_random/02958343/fee1c13922c07e8711b978ff9450f61b/r_3",
            "rotation": 0.12566370614359174,
            "transform_matrix": [
                [
                    -0.2710731327533722,
                    -0.5569950342178345,
                    0.7850324511528015,
                    3.164566993713379
                ],
                [
                    0.9625587463378906,
                    -0.1568593978881836,
                    0.22107866406440735,
                    0.891196608543396
                ],
                [
                    0.0,
                    0.8155683279037476,
                    0.578660786151886,
                    2.332656145095825
                ],
                [
                    0.0,
                    0.0,
                    0.0,
                    1.0
                ]
            ]
        },
        {
            "file_path": "/data/shapenet_blender/all_50_random/02958343/fee1c13922c07e8711b978ff9450f61b/r_4",
            "rotation": 0.12566370614359174,
            "transform_matrix": [
                [
                    0.862987756729126,
                    -0.3164522349834442,
                    0.39384013414382935,
                    1.587620496749878
                ],
                [
                    0.5052248239517212,
                    0.5405403971672058,
                    -0.6727286577224731,
                    -2.7118561267852783
                ],
                [
                    -1.4901161193847656e-08,
                    0.7795343995094299,
                    0.626359224319458,
                    2.524935007095337
                ],
                [
                    0.0,
                    0.0,
                    0.0,
                    1.0
                ]
            ]
        },
        {
            "file_path": "/data/shapenet_blender/all_50_random/02958343/fee1c13922c07e8711b978ff9450f61b/r_5",
            "rotation": 0.12566370614359174,
            "transform_matrix": [
                [
                    0.995858371257782,
                    0.04171901196241379,
                    -0.08078193664550781,
                    -0.3256424069404602
                ],
                [
                    -0.090918630361557,
                    0.4569605588912964,
                    -0.8848281502723694,
                    -3.5668563842773438
                ],
                [
                    3.725290298461914e-09,
                    0.8885080218315125,
                    0.45886096358299255,
                    1.849727749824524
                ],
                [
                    0.0,
                    0.0,
                    0.0,
                    1.0
                ]
            ]
        },
        {
            "file_path": "/data/shapenet_blender/all_50_random/02958343/fee1c13922c07e8711b978ff9450f61b/r_6",
            "rotation": 0.12566370614359174,
            "transform_matrix": [
                [
                    0.33023807406425476,
                    -0.889954686164856,
                    -0.31452125310897827,
                    -1.2678756713867188
                ],
                [
                    -0.9438976645469666,
                    -0.3113652467727661,
                    -0.11004041880369186,
                    -0.44358712434768677
                ],
                [
                    -7.450580152834618e-09,
                    0.3332153260707855,
                    -0.9428507089614868,
                    -3.800752878189087
                ],
                [
                    0.0,
                    0.0,
                    0.0,
                    1.0
                ]
            ]
        },
        {
            "file_path": "/data/shapenet_blender/all_50_random/02958343/fee1c13922c07e8711b978ff9450f61b/r_7",
            "rotation": 0.12566370614359174,
            "transform_matrix": [
                [
                    0.9560733437538147,
                    -0.1891806721687317,
                    0.22390756011009216,
                    0.902600109577179
                ],
                [
                    0.2931278347969055,
                    0.6170365214347839,
                    -0.7303026914596558,
                    -2.943943977355957
                ],
                [
                    1.4901161193847656e-08,
                    0.7638562917709351,
                    0.6453863382339478,
                    2.601635217666626
                ],
                [
                    0.0,
                    0.0,
                    0.0,
                    1.0
                ]
            ]
        },
        {
            "file_path": "/data/shapenet_blender/all_50_random/02958343/fee1c13922c07e8711b978ff9450f61b/r_8",
            "rotation": 0.12566370614359174,
            "transform_matrix": [
                [
                    0.8218554258346558,
                    -0.43326523900032043,
                    -0.3699120283126831,
                    -1.4911632537841797
                ],
                [
                    -0.5696961283683777,
                    -0.6250373721122742,
                    -0.5336427092552185,
                    -2.1511828899383545
                ],
                [
                    0.0,
                    0.6493145823478699,
                    -0.7605197429656982,
                    -3.06575345993042
                ],
                [
                    0.0,
                    0.0,
                    0.0,
                    1.0
                ]
            ]
        },
        {
            "file_path": "/data/shapenet_blender/all_50_random/02958343/fee1c13922c07e8711b978ff9450f61b/r_9",
            "rotation": 0.12566370614359174,
            "transform_matrix": [
                [
                    -0.9626955389976501,
                    -0.02351481094956398,
                    0.2695635259151459,
                    1.086645483970642
                ],
                [
                    0.270587295293808,
                    -0.08366100490093231,
                    0.9590532779693604,
                    3.86606764793396
                ],
                [
                    0.0,
                    0.9962167739868164,
                    0.08690287172794342,
                    0.35031670331954956
                ],
                [
                    0.0,
                    0.0,
                    0.0,
                    1.0
                ]
            ]
        },
        {
            "file_path": "/data/shapenet_blender/all_50_random/02958343/fee1c13922c07e8711b978ff9450f61b/r_10",
            "rotation": 0.12566370614359174,
            "transform_matrix": [
                [
                    0.8794654607772827,
                    -0.03216654807329178,
                    0.474874347448349,
                    1.914279580116272
                ],
                [
                    0.47596246004104614,
                    0.0594361312687397,
                    -0.8774548768997192,
                    -3.5371334552764893
                ],
                [
                    0.0,
                    0.9977136254310608,
                    0.06758210808038712,
                    0.2724321782588959
                ],
                [
                    0.0,
                    0.0,
                    0.0,
                    1.0
                ]
            ]
        },
        {
            "file_path": "/data/shapenet_blender/all_50_random/02958343/fee1c13922c07e8711b978ff9450f61b/r_11",
            "rotation": 0.12566370614359174,
            "transform_matrix": [
                [
                    -0.9464580416679382,
                    0.013238929212093353,
                    0.32255539298057556,
                    1.300262451171875
                ],
                [
                    0.322827011346817,
                    0.03881363570690155,
                    0.9456616640090942,
                    3.812084436416626
                ],
                [
                    0.0,
                    0.9991586208343506,
                    -0.04100935906171799,
                    -0.16531403362751007
                ],
                [
                    0.0,
                    0.0,
                    0.0,
                    1.0
                ]
            ]
        },
        {
            "file_path": "/data/shapenet_blender/all_50_random/02958343/fee1c13922c07e8711b978ff9450f61b/r_12",
            "rotation": 0.12566370614359174,
            "transform_matrix": [
                [
                    0.8347400426864624,
                    -0.30686819553375244,
                    0.45720982551574707,
                    1.8430719375610352
                ],
                [
                    0.5506440997123718,
                    0.46519190073013306,
                    -0.6930997967720032,
                    -2.7939748764038086
                ],
                [
                    -1.4901161193847656e-08,
                    0.8303180932998657,
                    0.5572894811630249,
                    2.2465059757232666
                ],
                [
                    0.0,
                    0.0,
                    0.0,
                    1.0
                ]
            ]
        },
        {
            "file_path": "/data/shapenet_blender/all_50_random/02958343/fee1c13922c07e8711b978ff9450f61b/r_13",
            "rotation": 0.12566370614359174,
            "transform_matrix": [
                [
                    -0.7955182194709778,
                    -0.5851121544837952,
                    0.15746308863162994,
                    0.6347540020942688
                ],
                [
                    0.6059298515319824,
                    -0.7681869268417358,
                    0.20673145353794098,
                    0.8333611488342285
                ],
                [
                    -7.450581485102248e-09,
                    0.2598702311515808,
                    0.9656435251235962,
                    3.8926336765289307
                ],
                [
                    0.0,
                    0.0,
                    0.0,
                    1.0
                ]
            ]
        },
        {
            "file_path": "/data/shapenet_blender/all_50_random/02958343/fee1c13922c07e8711b978ff9450f61b/r_14",
            "rotation": 0.12566370614359174,
            "transform_matrix": [
                [
                    0.5379405617713928,
                    0.5972328782081604,
                    0.5949223637580872,
                    2.3982090950012207
                ],
                [
                    0.8429827690124512,
                    -0.38111788034439087,
                    -0.3796434700489044,
                    -1.5303919315338135
                ],
                [
                    -1.4901162970204496e-08,
                    0.7057349681854248,
                    -0.7084757685661316,
                    -2.855957508087158
                ],
                [
                    0.0,
                    0.0,
                    0.0,
                    1.0
                ]
            ]
        },
        {
            "file_path": "/data/shapenet_blender/all_50_random/02958343/fee1c13922c07e8711b978ff9450f61b/r_15",
            "rotation": 0.12566370614359174,
            "transform_matrix": [
                [
                    0.9984358549118042,
                    0.047506000846624374,
                    0.029478762298822403,
                    0.11883269250392914
                ],
                [
                    0.055909011512994766,
                    -0.8483729958534241,
                    -0.5264384746551514,
                    -2.1221413612365723
                ],
                [
                    0.0,
                    0.5272632837295532,
                    -0.849702000617981,
                    -3.4252583980560303
                ],
                [
                    0.0,
                    0.0,
                    0.0,
                    1.0
                ]
            ]
        },
        {
            "file_path": "/data/shapenet_blender/all_50_random/02958343/fee1c13922c07e8711b978ff9450f61b/r_16",
            "rotation": 0.12566370614359174,
            "transform_matrix": [
                [
                    0.9888174533843994,
                    -0.1340876668691635,
                    -0.06527284532785416,
                    -0.2631232440471649
                ],
                [
                    -0.14913097023963928,
                    -0.8890723586082458,
                    -0.43279361724853516,
                    -1.7446469068527222
                ],
                [
                    3.725290298461914e-09,
                    0.4376879930496216,
                    -0.8991268873214722,
                    -3.6244964599609375
                ],
                [
                    0.0,
                    0.0,
                    0.0,
                    1.0
                ]
            ]
        },
        {
            "file_path": "/data/shapenet_blender/all_50_random/02958343/fee1c13922c07e8711b978ff9450f61b/r_17",
            "rotation": 0.12566370614359174,
            "transform_matrix": [
                [
                    0.0221397764980793,
                    -0.9155943989753723,
                    0.4014933407306671,
                    1.618471384048462
                ],
                [
                    0.9997549057006836,
                    0.0202760249376297,
                    -0.008891151286661625,
                    -0.03584137558937073
                ],
                [
                    0.0,
                    0.4015916883945465,
                    0.9158187508583069,
                    3.6917834281921387
                ],
                [
                    0.0,
                    0.0,
                    0.0,
                    1.0
                ]
            ]
        },
        {
            "file_path": "/data/shapenet_blender/all_50_random/02958343/fee1c13922c07e8711b978ff9450f61b/r_18",
            "rotation": 0.12566370614359174,
            "transform_matrix": [
                [
                    0.9869221448898315,
                    0.06160930544137955,
                    0.1489601731300354,
                    0.6004776358604431
                ],
                [
                    0.16119815409183502,
                    -0.3771977722644806,
                    -0.9119961261749268,
                    -3.6763739585876465
                ],
                [
                    0.0,
                    0.9240811467170715,
                    -0.3821961283683777,
                    -1.5406818389892578
                ],
                [
                    0.0,
                    0.0,
                    0.0,
                    1.0
                ]
            ]
        },
        {
            "file_path": "/data/shapenet_blender/all_50_random/02958343/fee1c13922c07e8711b978ff9450f61b/r_19",
            "rotation": 0.12566370614359174,
            "transform_matrix": [
                [
                    -0.8706725835800171,
                    -0.08145539462566376,
                    -0.4850715398788452,
                    -1.9553860425949097
                ],
                [
                    -0.4918632507324219,
                    0.14418840408325195,
                    0.8586502075195312,
                    3.461329936981201
                ],
                [
                    0.0,
                    0.9861919283866882,
                    -0.1656057983636856,
                    -0.667578399181366
                ],
                [
                    0.0,
                    0.0,
                    0.0,
                    1.0
                ]
            ]
        },
        {
            "file_path": "/data/shapenet_blender/all_50_random/02958343/fee1c13922c07e8711b978ff9450f61b/r_20",
            "rotation": 0.12566370614359174,
            "transform_matrix": [
                [
                    0.9704151749610901,
                    0.0001712117955321446,
                    0.24144236743450165,
                    0.9732853174209595
                ],
                [
                    0.24144242703914642,
                    -0.0006881413864903152,
                    -0.970414936542511,
                    -3.911867618560791
                ],
                [
                    1.4551915228366852e-11,
                    0.9999997615814209,
                    -0.000709120649844408,
                    -0.002858556807041168
                ],
                [
                    0.0,
                    0.0,
                    0.0,
                    1.0
                ]
            ]
        },
        {
            "file_path": "/data/shapenet_blender/all_50_random/02958343/fee1c13922c07e8711b978ff9450f61b/r_21",
            "rotation": 0.12566370614359174,
            "transform_matrix": [
                [
                    0.359618604183197,
                    0.5194646120071411,
                    0.7751328349113464,
                    3.1246604919433594
                ],
                [
                    0.9330993890762329,
                    -0.2002028524875641,
                    -0.2987379729747772,
                    -1.2042512893676758
                ],
                [
                    0.0,
                    0.8307077288627625,
                    -0.5567087531089783,
                    -2.2441647052764893
                ],
                [
                    0.0,
                    0.0,
                    0.0,
                    1.0
                ]
            ]
        },
        {
            "file_path": "/data/shapenet_blender/all_50_random/02958343/fee1c13922c07e8711b978ff9450f61b/r_22",
            "rotation": 0.12566370614359174,
            "transform_matrix": [
                [
                    0.9357138872146606,
                    -0.2060898095369339,
                    -0.2862977385520935,
                    -1.15410315990448
                ],
                [
                    -0.3527596890926361,
                    -0.5466641783714294,
                    -0.7594199776649475,
                    -3.0613200664520264
                ],
                [
                    -1.4901160305669237e-08,
                    0.8115941882133484,
                    -0.5842214822769165,
                    -2.355072259902954
                ],
                [
                    0.0,
                    0.0,
                    0.0,
                    1.0
                ]
            ]
        },
        {
            "file_path": "/data/shapenet_blender/all_50_random/02958343/fee1c13922c07e8711b978ff9450f61b/r_23",
            "rotation": 0.12566370614359174,
            "transform_matrix": [
                [
                    -0.4816242754459381,
                    -0.6726112961769104,
                    0.5618112683296204,
                    2.2647337913513184
                ],
                [
                    0.8763777613639832,
                    -0.36964190006256104,
                    0.30875036120414734,
                    1.244612693786621
                ],
                [
                    0.0,
                    0.6410605907440186,
                    0.7674901485443115,
                    3.0938520431518555
                ],
                [
                    0.0,
                    0.0,
                    0.0,
                    1.0
                ]
            ]
        },
        {
            "file_path": "/data/shapenet_blender/all_50_random/02958343/fee1c13922c07e8711b978ff9450f61b/r_24",
            "rotation": 0.12566370614359174,
            "transform_matrix": [
                [
                    -0.3882931172847748,
                    0.17607097327709198,
                    -0.9045592546463013,
                    -3.646394968032837
                ],
                [
                    -0.9215359091758728,
                    -0.07418825477361679,
                    0.3811399042606354,
                    1.5364240407943726
                ],
                [
                    0.0,
                    0.9815778136253357,
                    0.19106252491474152,
                    0.7701976895332336
                ],
                [
                    0.0,
                    0.0,
                    0.0,
                    1.0
                ]
            ]
        },
        {
            "file_path": "/data/shapenet_blender/all_50_random/02958343/fee1c13922c07e8711b978ff9450f61b/r_25",
            "rotation": 0.12566370614359174,
            "transform_matrix": [
                [
                    -0.9952957630157471,
                    0.012735062278807163,
                    0.09604345262050629,
                    0.38716354966163635
                ],
                [
                    0.0968841016292572,
                    0.13082802295684814,
                    0.9866597652435303,
                    3.9773526191711426
                ],
                [
                    -1.862645149230957e-09,
                    0.9913233518600464,
                    -0.13144637644290924,
                    -0.5298773050308228
                ],
                [
                    0.0,
                    0.0,
                    0.0,
                    1.0
                ]
            ]
        },
        {
            "file_path": "/data/shapenet_blender/all_50_random/02958343/fee1c13922c07e8711b978ff9450f61b/r_26",
            "rotation": 0.12566370614359174,
            "transform_matrix": [
                [
                    0.666226327419281,
                    0.11070604622364044,
                    0.7374867796897888,
                    2.9729039669036865
                ],
                [
                    0.7457496523857117,
                    -0.09890086203813553,
                    -0.6588445901870728,
                    -2.6558871269226074
                ],
                [
                    0.0,
                    0.9889200329780579,
                    -0.1484493613243103,
                    -0.5984184145927429
                ],
                [
                    0.0,
                    0.0,
                    0.0,
                    1.0
                ]
            ]
        },
        {
            "file_path": "/data/shapenet_blender/all_50_random/02958343/fee1c13922c07e8711b978ff9450f61b/r_27",
            "rotation": 0.12566370614359174,
            "transform_matrix": [
                [
                    0.6101911664009094,
                    -0.2570321559906006,
                    0.7494006156921387,
                    3.020930528640747
                ],
                [
                    0.7922543287277222,
                    0.19796516001224518,
                    -0.5771853923797607,
                    -2.3267087936401367
                ],
                [
                    -1.4901162970204496e-08,
                    0.9459092020988464,
                    0.3244314193725586,
                    1.3078248500823975
                ],
                [
                    0.0,
                    0.0,
                    0.0,
                    1.0
                ]
            ]
        },
        {
            "file_path": "/data/shapenet_blender/all_50_random/02958343/fee1c13922c07e8711b978ff9450f61b/r_28",
            "rotation": 0.12566370614359174,
            "transform_matrix": [
                [
                    -0.8485634922981262,
                    -0.10260424762964249,
                    -0.5190495252609253,
                    -2.092355489730835
                ],
                [
                    -0.5290935039520264,
                    0.1645573079586029,
                    0.8324547410011292,
                    3.3557324409484863
                ],
                [
                    0.0,
                    0.9810164570808411,
                    -0.19392457604408264,
                    -0.7817349433898926
                ],
                [
                    0.0,
                    0.0,
                    0.0,
                    1.0
                ]
            ]
        },
        {
            "file_path": "/data/shapenet_blender/all_50_random/02958343/fee1c13922c07e8711b978ff9450f61b/r_29",
            "rotation": 0.12566370614359174,
            "transform_matrix": [
                [
                    0.47914230823516846,
                    -0.3668663501739502,
                    -0.7973905801773071,
                    -3.2143843173980713
                ],
                [
                    -0.8777372241020203,
                    -0.2002663016319275,
                    -0.4352823793888092,
                    -1.7546794414520264
                ],
                [
                    -1.4901161193847656e-08,
                    0.9084616303443909,
                    -0.4179683029651642,
                    -1.6848840713500977
                ],
                [
                    0.0,
                    0.0,
                    0.0,
                    1.0
                ]
            ]
        },
        {
            "file_path": "/data/shapenet_blender/all_50_random/02958343/fee1c13922c07e8711b978ff9450f61b/r_30",
            "rotation": 0.12566370614359174,
            "transform_matrix": [
                [
                    0.10524074733257294,
                    0.5177052021026611,
                    -0.8490616679191589,
                    -3.4226770401000977
                ],
                [
                    -0.9944468140602112,
                    0.054787930101156235,
                    -0.08985486626625061,
                    -0.3622165620326996
                ],
                [
                    -3.725290298461914e-09,
                    0.8538029789924622,
                    0.5205962061882019,
                    2.09859037399292
                ],
                [
                    0.0,
                    0.0,
                    0.0,
                    1.0
                ]
            ]
        },
        {
            "file_path": "/data/shapenet_blender/all_50_random/02958343/fee1c13922c07e8711b978ff9450f61b/r_31",
            "rotation": 0.12566370614359174,
            "transform_matrix": [
                [
                    0.6689761877059937,
                    -0.11985801160335541,
                    0.7335563898086548,
                    2.9570603370666504
                ],
                [
                    0.7432838678359985,
                    0.10787554830312729,
                    -0.6602211594581604,
                    -2.6614365577697754
                ],
                [
                    0.0,
                    0.9869128465652466,
                    0.16125468909740448,
                    0.6500384211540222
                ],
                [
                    0.0,
                    0.0,
                    0.0,
                    1.0
                ]
            ]
        },
        {
            "file_path": "/data/shapenet_blender/all_50_random/02958343/fee1c13922c07e8711b978ff9450f61b/r_32",
            "rotation": 0.12566370614359174,
            "transform_matrix": [
                [
                    0.8658052682876587,
                    -0.042426083236932755,
                    0.4985791742801666,
                    2.0098369121551514
                ],
                [
                    0.5003809928894043,
                    0.07340952008962631,
                    -0.8626875877380371,
                    -3.477604866027832
                ],
                [
                    -3.725290076417309e-09,
                    0.9963989853858948,
                    0.08478755503892899,
                    0.341789573431015
                ],
                [
                    0.0,
                    0.0,
                    0.0,
                    1.0
                ]
            ]
        },
        {
            "file_path": "/data/shapenet_blender/all_50_random/02958343/fee1c13922c07e8711b978ff9450f61b/r_33",
            "rotation": 0.12566370614359174,
            "transform_matrix": [
                [
                    -0.9530826210975647,
                    0.21509909629821777,
                    -0.2129931002855301,
                    -0.8586026430130005
                ],
                [
                    -0.3027105927467346,
                    -0.6772382855415344,
                    0.6706075668334961,
                    2.70330548286438
                ],
                [
                    -1.4901162970204496e-08,
                    0.7036195397377014,
                    0.7105768322944641,
                    2.864426851272583
                ],
                [
                    0.0,
                    0.0,
                    0.0,
                    1.0
                ]
            ]
        },
        {
            "file_path": "/data/shapenet_blender/all_50_random/02958343/fee1c13922c07e8711b978ff9450f61b/r_34",
            "rotation": 0.12566370614359174,
            "transform_matrix": [
                [
                    -0.9019135236740112,
                    0.09404297918081284,
                    0.4215540587902069,
                    1.6993387937545776
                ],
                [
                    0.4319165349006653,
                    0.19637738168239594,
                    0.8802750110626221,
                    3.548501968383789
                ],
                [
                    0.0,
                    0.9760081171989441,
                    -0.21773412823677063,
                    -0.8777143359184265
                ],
                [
                    0.0,
                    0.0,
                    0.0,
                    1.0
                ]
            ]
        },
        {
            "file_path": "/data/shapenet_blender/all_50_random/02958343/fee1c13922c07e8711b978ff9450f61b/r_35",
            "rotation": 0.12566370614359174,
            "transform_matrix": [
                [
                    0.8438805937767029,
                    -0.4231879711151123,
                    0.3298141658306122,
                    1.3295235633850098
                ],
                [
                    0.5365309715270996,
                    0.6656094789505005,
                    -0.5187468528747559,
                    -2.0911357402801514
                ],
                [
                    0.0,
                    0.6147159934043884,
                    0.7887484431266785,
                    3.17954683303833
                ],
                [
                    0.0,
                    0.0,
                    0.0,
                    1.0
                ]
            ]
        },
        {
            "file_path": "/data/shapenet_blender/all_50_random/02958343/fee1c13922c07e8711b978ff9450f61b/r_36",
            "rotation": 0.12566370614359174,
            "transform_matrix": [
                [
                    -0.6753801107406616,
                    0.1285093128681183,
                    0.7261866331100464,
                    2.927351951599121
                ],
                [
                    0.7374697923660278,
                    0.11768975108861923,
                    0.6650468707084656,
                    2.68088960647583
                ],
                [
                    -7.450580596923828e-09,
                    0.984700083732605,
                    -0.1742570549249649,
                    -0.7024526596069336
                ],
                [
                    0.0,
                    0.0,
                    0.0,
                    1.0
                ]
            ]
        },
        {
            "file_path": "/data/shapenet_blender/all_50_random/02958343/fee1c13922c07e8711b978ff9450f61b/r_37",
            "rotation": 0.12566370614359174,
            "transform_matrix": [
                [
                    0.3808213770389557,
                    -0.4865149259567261,
                    0.786306619644165,
                    3.169703722000122
                ],
                [
                    0.9246485829353333,
                    0.20037375390529633,
                    -0.3238445520401001,
                    -1.3054592609405518
                ],
                [
                    0.0,
                    0.8503842949867249,
                    0.5261619687080383,
                    2.1210269927978516
                ],
                [
                    0.0,
                    0.0,
                    0.0,
                    1.0
                ]
            ]
        },
        {
            "file_path": "/data/shapenet_blender/all_50_random/02958343/fee1c13922c07e8711b978ff9450f61b/r_38",
            "rotation": 0.12566370614359174,
            "transform_matrix": [
                [
                    -0.9936944842338562,
                    0.08206849545240402,
                    -0.076393261551857,
                    -0.30795109272003174
                ],
                [
                    -0.11212121695280075,
                    -0.7273468375205994,
                    0.6770490407943726,
                    2.72927188873291
                ],
                [
                    0.0,
                    0.6813452243804932,
                    0.7319622039794922,
                    2.950634002685547
                ],
                [
                    0.0,
                    0.0,
                    0.0,
                    1.0
                ]
            ]
        },
        {
            "file_path": "/data/shapenet_blender/all_50_random/02958343/fee1c13922c07e8711b978ff9450f61b/r_39",
            "rotation": 0.12566370614359174,
            "transform_matrix": [
                [
                    0.06495613604784012,
                    -0.7107346057891846,
                    -0.7004547119140625,
                    -2.8236234188079834
                ],
                [
                    -0.9978881478309631,
                    -0.046264272183179855,
                    -0.045595116913318634,
                    -0.18379980325698853
                ],
                [
                    0.0,
                    0.701937198638916,
                    -0.7122387886047363,
                    -2.871126651763916
                ],
                [
                    0.0,
                    0.0,
                    0.0,
                    1.0
                ]
            ]
        },
        {
            "file_path": "/data/shapenet_blender/all_50_random/02958343/fee1c13922c07e8711b978ff9450f61b/r_40",
            "rotation": 0.12566370614359174,
            "transform_matrix": [
                [
                    -0.4837861955165863,
                    0.29203200340270996,
                    -0.8250262141227722,
                    -3.325786828994751
                ],
                [
                    -0.8751862049102783,
                    -0.16142970323562622,
                    0.45605871081352234,
                    1.8384313583374023
                ],
                [
                    0.0,
                    0.9426864981651306,
                    0.33367985486984253,
                    1.3451064825057983
                ],
                [
                    0.0,
                    0.0,
                    0.0,
                    1.0
                ]
            ]
        },
        {
            "file_path": "/data/shapenet_blender/all_50_random/02958343/fee1c13922c07e8711b978ff9450f61b/r_41",
            "rotation": 0.12566370614359174,
            "transform_matrix": [
                [
                    -0.4640963673591614,
                    0.4773535430431366,
                    -0.7461555600166321,
                    -3.0078494548797607
                ],
                [
                    -0.8857847452163696,
                    -0.2501036822795868,
                    0.39093929529190063,
                    1.5759267807006836
                ],
                [
                    0.0,
