{
    "class": "02958343",
    "model": "61645b21c344e22a65dc1e664bdf2e6b",
    "remove_doubles": true,
    "edge_split": true,
    "denoise": true,
    "camera_angle_x": 0.6911112070083618,
    "scale_factor": 2.295439055386383,
    "hdri_file": "/data/IndoorHDRDataset2018/9C4A0185-32936f6d6f.exr",
    "center_offset": [
        0.0,
        0.0,
        -7.450580596923828e-09
    ],
    "lights": [],
    "frames": [
        {
            "file_path": "/data/shapenet_blender/all_50_random/02958343/61645b21c344e22a65dc1e664bdf2e6b/r_0",
            "rotation": 0.12566370614359174,
            "transform_matrix": [
                [
                    -0.9014999270439148,
                    -0.3432716429233551,
                    -0.263557106256485,
                    -1.0624326467514038
                ],
                [
                    -0.43277910351753235,
                    0.715051531791687,
                    0.5490022897720337,
                    2.2130990028381348
                ],
                [
                    -1.4901160305669237e-08,
                    0.60898756980896,
                    -0.7931796908378601,
                    -3.1974096298217773
                ],
                [
                    0.0,
                    0.0,
                    0.0,
                    1.0
                ]
            ]
        },
        {
            "file_path": "/data/shapenet_blender/all_50_random/02958343/61645b21c344e22a65dc1e664bdf2e6b/r_1",
            "rotation": 0.12566370614359174,
            "transform_matrix": [
                [
                    0.7128515243530273,
                    0.05481117218732834,
                    0.6991698145866394,
                    2.818443775177002
                ],
                [
                    0.7013149857521057,
                    -0.055712807923555374,
                    -0.710671067237854,
                    -2.864806652069092
                ],
                [
                    -3.725290298461914e-09,
                    0.9969412088394165,
                    -0.07815485447645187,
                    -0.3150523006916046
                ],
                [
                    0.0,
                    0.0,
                    0.0,
                    1.0
                ]
            ]
        },
        {
            "file_path": "/data/shapenet_blender/all_50_random/02958343/61645b21c344e22a65dc1e664bdf2e6b/r_2",
            "rotation": 0.12566370614359174,
            "transform_matrix": [
                [
                    0.8100206851959229,
                    0.08687310665845871,
                    -0.5799305438995361,
                    -2.3377749919891357
                ],
                [
                    -0.5864012837409973,
                    0.12000147253274918,
                    -0.80108243227005,
                    -3.229266881942749
                ],
                [
                    0.0,
                    0.9889654517173767,
                    0.14814616739749908,
                    0.5971963405609131
                ],
                [
                    0.0,
                    0.0,
                    0.0,
                    1.0
                ]
            ]
        },
        {
            "file_path": "/data/shapenet_blender/all_50_random/02958343/61645b21c344e22a65dc1e664bdf2e6b/r_3",
            "rotation": 0.12566370614359174,
            "transform_matrix": [
                [
                    0.3151084780693054,
                    0.8434962034225464,
                    0.4349951148033142,
                    1.75352144241333
                ],
                [
                    0.9490556120872498,
                    -0.2800603210926056,
                    -0.14442847669124603,
                    -0.5822098255157471
                ],
                [
                    -7.450580596923828e-09,
                    0.4583451747894287,
                    -0.8887742161750793,
                    -3.582763433456421
                ],
                [
                    0.0,
                    0.0,
                    0.0,
                    1.0
                ]
            ]
        },
        {
            "file_path": "/data/shapenet_blender/all_50_random/02958343/61645b21c344e22a65dc1e664bdf2e6b/r_4",
            "rotation": 0.12566370614359174,
            "transform_matrix": [
                [
                    -0.8773068785667419,
                    -0.1193120926618576,
                    0.46486249566078186,
                    1.8739207983016968
                ],
                [
                    0.47992971539497375,
                    -0.2181013524532318,
                    0.8497641682624817,
                    3.425509214401245
                ],
                [
                    -7.450580152834618e-09,
                    0.9686053395271301,
                    0.24860325455665588,
                    1.0021518468856812
                ],
                [
                    0.0,
                    0.0,
                    0.0,
                    1.0
                ]
            ]
        },
        {
            "file_path": "/data/shapenet_blender/all_50_random/02958343/61645b21c344e22a65dc1e664bdf2e6b/r_5",
            "rotation": 0.12566370614359174,
            "transform_matrix": [
                [
                    0.10680218786001205,
                    -0.11755796521902084,
                    0.9873062372207642,
                    3.9799582958221436
                ],
                [
                    0.9942803382873535,
                    0.012627674266695976,
                    -0.10605305433273315,
                    -0.4275134801864624
                ],
                [
                    0.0,
                    0.9929856657981873,
                    0.11823425441980362,
                    0.4766174554824829
                ],
                [
                    0.0,
                    0.0,
                    0.0,
                    1.0
                ]
            ]
        },
        {
            "file_path": "/data/shapenet_blender/all_50_random/02958343/61645b21c344e22a65dc1e664bdf2e6b/r_6",
            "rotation": 0.12566370614359174,
            "transform_matrix": [
                [
                    -0.9586268067359924,
                    -0.005596986971795559,
                    -0.2846111059188843,
                    -1.1473040580749512
                ],
                [
                    -0.28466618061065674,
                    0.01884811744093895,
                    0.9584413766860962,
                    3.863600730895996
                ],
                [
                    -4.656613428188905e-10,
                    0.9998067021369934,
                    -0.01966158114373684,
                    -0.07925836741924286
                ],
                [
                    0.0,
                    0.0,
                    0.0,
                    1.0
                ]
            ]
        },
        {
            "file_path": "/data/shapenet_blender/all_50_random/02958343/61645b21c344e22a65dc1e664bdf2e6b/r_7",
            "rotation": 0.12566370614359174,
            "transform_matrix": [
                [
                    -0.09535448253154755,
                    -0.1402747631072998,
                    0.9855102896690369,
                    3.9727189540863037
                ],
                [
                    0.9954434037208557,
                    -0.013437055982649326,
                    0.0944029837846756,
                    0.3805505931377411
                ],
                [
                    0.0,
                    0.9900213479995728,
                    0.1409168839454651,
                    0.5680541396141052
                ],
                [
                    0.0,
                    0.0,
                    0.0,
                    1.0
                ]
            ]
        },
        {
            "file_path": "/data/shapenet_blender/all_50_random/02958343/61645b21c344e22a65dc1e664bdf2e6b/r_8",
            "rotation": 0.12566370614359174,
            "transform_matrix": [
                [
                    0.5071643590927124,
                    -0.1288190484046936,
                    -0.8521677255630493,
                    -3.4351983070373535
                ],
                [
                    -0.8618493676185608,
                    -0.0758049339056015,
                    -0.5014670491218567,
                    -2.0214786529541016
                ],
                [
                    -7.450580596923828e-09,
                    0.9887665510177612,
                    -0.14946816861629486,
                    -0.602525532245636
                ],
                [
                    0.0,
                    0.0,
                    0.0,
                    1.0
                ]
            ]
        },
        {
            "file_path": "/data/shapenet_blender/all_50_random/02958343/61645b21c344e22a65dc1e664bdf2e6b/r_9",
            "rotation": 0.12566370614359174,
            "transform_matrix": [
                [
                    -0.3353501260280609,
                    -0.620672881603241,
                    -0.7087351083755493,
                    -2.8570024967193604
                ],
                [
                    -0.9420934915542603,
                    0.2209363728761673,
                    0.2522832453250885,
                    1.0169862508773804
                ],
                [
                    0.0,
                    0.7522979974746704,
                    -0.6588229537010193,
                    -2.6558003425598145
                ],
                [
                    0.0,
                    0.0,
                    0.0,
                    1.0
                ]
            ]
        },
        {
            "file_path": "/data/shapenet_blender/all_50_random/02958343/61645b21c344e22a65dc1e664bdf2e6b/r_10",
            "rotation": 0.12566370614359174,
            "transform_matrix": [
                [
                    -0.7358921766281128,
                    0.5749907493591309,
                    0.35755854845046997,
                    1.4413646459579468
                ],
                [
                    0.6770985722541809,
                    0.6249181628227234,
                    0.3886059522628784,
                    1.5665206909179688
                ],
                [
                    0.0,
                    0.5280744433403015,
                    -0.8491979837417603,
                    -3.4232265949249268
                ],
                [
                    0.0,
                    0.0,
                    0.0,
                    1.0
                ]
            ]
        },
        {
            "file_path": "/data/shapenet_blender/all_50_random/02958343/61645b21c344e22a65dc1e664bdf2e6b/r_11",
            "rotation": 0.12566370614359174,
            "transform_matrix": [
                [
                    0.8906033635139465,
                    0.16968724131584167,
                    -0.42193838953971863,
                    -1.7008877992630005
                ],
                [
                    -0.4547809958457947,
                    0.33230066299438477,
                    -0.8262872695922852,
                    -3.3308701515197754
                ],
                [
                    0.0,
                    0.9277836084365845,
                    0.3731186091899872,
                    1.5040889978408813
                ],
                [
                    0.0,
                    0.0,
                    0.0,
                    1.0
                ]
            ]
        },
        {
            "file_path": "/data/shapenet_blender/all_50_random/02958343/61645b21c344e22a65dc1e664bdf2e6b/r_12",
            "rotation": 0.12566370614359174,
            "transform_matrix": [
                [
                    -0.8102908134460449,
                    0.037897080183029175,
                    0.5848013162612915,
                    2.357409715652466
                ],
                [
                    0.5860280394554138,
                    0.052399635314941406,
                    0.8085946440696716,
                    3.259549617767334
                ],
                [
                    0.0,
                    0.9979068636894226,
                    -0.06466767936944962,
                    -0.2606837749481201
                ],
                [
                    0.0,
                    0.0,
                    0.0,
                    1.0
                ]
            ]
        },
        {
            "file_path": "/data/shapenet_blender/all_50_random/02958343/61645b21c344e22a65dc1e664bdf2e6b/r_13",
            "rotation": 0.12566370614359174,
            "transform_matrix": [
                [
                    -0.8184704184532166,
                    -0.23861683905124664,
                    -0.5226548910140991,
                    -2.106889486312866
                ],
                [
                    -0.5745487213134766,
                    0.33992037177085876,
                    0.7445453405380249,
                    3.0013585090637207
                ],
                [
                    0.0,
                    0.9096789956092834,
                    -0.4153117835521698,
                    -1.674175500869751
                ],
                [
                    0.0,
                    0.0,
                    0.0,
                    1.0
                ]
            ]
        },
        {
            "file_path": "/data/shapenet_blender/all_50_random/02958343/61645b21c344e22a65dc1e664bdf2e6b/r_14",
            "rotation": 0.12566370614359174,
            "transform_matrix": [
                [
                    -0.5174557566642761,
                    -0.19820912182331085,
                    0.8324376940727234,
                    3.355664014816284
                ],
                [
                    0.8557098507881165,
                    -0.11985892802476883,
                    0.5033828616142273,
                    2.0292015075683594
                ],
                [
                    1.4901158529312397e-08,
                    0.9728037714958191,
                    0.23163118958473206,
                    0.9337352514266968
                ],
                [
                    0.0,
                    0.0,
                    0.0,
                    1.0
                ]
            ]
        },
        {
            "file_path": "/data/shapenet_blender/all_50_random/02958343/61645b21c344e22a65dc1e664bdf2e6b/r_15",
            "rotation": 0.12566370614359174,
            "transform_matrix": [
                [
                    0.8469711542129517,
                    -0.5289593935012817,
                    -0.05330616980791092,
                    -0.21488401293754578
                ],
                [
                    -0.5316386818885803,
                    -0.8427028059959412,
                    -0.08492382615804672,
                    -0.3423388600349426
                ],
                [
                    0.0,
                    0.10026795417070389,
                    -0.9949605464935303,
                    -4.0108137130737305
                ],
                [
                    0.0,
                    0.0,
                    0.0,
                    1.0
                ]
            ]
        },
        {
            "file_path": "/data/shapenet_blender/all_50_random/02958343/61645b21c344e22a65dc1e664bdf2e6b/r_16",
            "rotation": 0.12566370614359174,
            "transform_matrix": [
                [
                    -0.026772422716021538,
                    0.43665674328804016,
                    0.8992298245429993,
                    3.624910831451416
                ],
                [
                    0.999641478061676,
                    0.01169455237686634,
                    0.024083195254206657,
                    0.09708245098590851
                ],
                [
                    -9.313224080820248e-10,
                    0.8995522260665894,
                    -0.4368133246898651,
                    -1.7608506679534912
                ],
                [
                    0.0,
                    0.0,
                    0.0,
                    1.0
                ]
            ]
        },
        {
            "file_path": "/data/shapenet_blender/all_50_random/02958343/61645b21c344e22a65dc1e664bdf2e6b/r_17",
            "rotation": 0.12566370614359174,
            "transform_matrix": [
                [
                    0.4976956844329834,
                    -0.46572521328926086,
                    0.7317096590995789,
                    2.949615955352783
                ],
                [
                    0.8673517107963562,
                    0.2672381103038788,
                    -0.41986283659935,
                    -1.6925212144851685
                ],
                [
                    0.0,
                    0.8436135649681091,
                    0.5369508266448975,
                    2.164518117904663
                ],
                [
                    0.0,
                    0.0,
                    0.0,
                    1.0
                ]
            ]
        },
        {
            "file_path": "/data/shapenet_blender/all_50_random/02958343/61645b21c344e22a65dc1e664bdf2e6b/r_18",
            "rotation": 0.12566370614359174,
            "transform_matrix": [
                [
                    0.8620675206184387,
                    -0.007875483483076096,
                    -0.5067323446273804,
                    -2.04270339012146
                ],
                [
                    -0.5067935585975647,
                    -0.013396378606557846,
                    -0.8619633913040161,
                    -3.4746854305267334
                ],
                [
                    0.0,
                    0.9998792409896851,
                    -0.015539828687906265,
                    -0.06264305114746094
                ],
                [
                    0.0,
                    0.0,
                    0.0,
                    1.0
                ]
            ]
        },
        {
            "file_path": "/data/shapenet_blender/all_50_random/02958343/61645b21c344e22a65dc1e664bdf2e6b/r_19",
            "rotation": 0.12566370614359174,
            "transform_matrix": [
                [
                    0.80950528383255,
                    -0.2164619266986847,
                    0.5457519888877869,
                    2.1999967098236084
                ],
                [
                    0.5871124267578125,
                    0.29845571517944336,
                    -0.7524779438972473,
                    -3.0333356857299805
                ],
                [
                    1.4901160305669237e-08,
                    0.9295527935028076,
                    0.36868900060653687,
                    1.486232876777649
                ],
                [
                    0.0,
                    0.0,
                    0.0,
                    1.0
                ]
            ]
        },
        {
            "file_path": "/data/shapenet_blender/all_50_random/02958343/61645b21c344e22a65dc1e664bdf2e6b/r_20",
            "rotation": 0.12566370614359174,
            "transform_matrix": [
                [
                    0.5405992865562439,
                    0.8400839567184448,
                    0.04484754055738449,
                    0.18078619241714478
                ],
                [
                    0.8412801027297974,
                    -0.5398306846618652,
                    -0.028818640857934952,
                    -0.11617164313793182
                ],
                [
                    0.0,
                    0.05330896005034447,
                    -0.9985781311988831,
                    -4.025396823883057
                ],
                [
                    0.0,
                    0.0,
                    0.0,
                    1.0
                ]
            ]
        },
        {
            "file_path": "/data/shapenet_blender/all_50_random/02958343/61645b21c344e22a65dc1e664bdf2e6b/r_21",
            "rotation": 0.12566370614359174,
            "transform_matrix": [
                [
                    -0.5046096444129944,
                    0.3434915244579315,
                    0.7920748591423035,
                    3.19295597076416
                ],
                [
                    0.8633477091789246,
                    0.2007640153169632,
                    0.4629521369934082,
                    1.8662197589874268
                ],
                [
                    1.4901162970204496e-08,
                    0.9174460172653198,
                    -0.397860050201416,
                    -1.6038252115249634
                ],
                [
                    0.0,
                    0.0,
                    0.0,
                    1.0
                ]
            ]
        },
        {
            "file_path": "/data/shapenet_blender/all_50_random/02958343/61645b21c344e22a65dc1e664bdf2e6b/r_22",
            "rotation": 0.12566370614359174,
            "transform_matrix": [
                [
                    0.040898632258176804,
                    0.9110679030418396,
                    -0.41022253036499023,
                    -1.6536599397659302
                ],
                [
                    -0.9991633892059326,
                    0.03729263320565224,
                    -0.016791589558124542,
                    -0.06768906116485596
                ],
                [
                    0.0,
                    0.4105660617351532,
                    0.9118308424949646,
                    3.6757075786590576
                ],
                [
                    0.0,
                    0.0,
                    0.0,
                    1.0
                ]
            ]
        },
        {
            "file_path": "/data/shapenet_blender/all_50_random/02958343/61645b21c344e22a65dc1e664bdf2e6b/r_23",
            "rotation": 0.12566370614359174,
            "transform_matrix": [
                [
                    -0.37650084495544434,
                    0.051732540130615234,
                    0.9249707460403442,
                    3.7286763191223145
                ],
                [
                    0.926416277885437,
                    0.021024396643042564,
                    0.3759133517742157,
                    1.5153552293777466
                ],
                [
                    0.0,
                    0.9984394907951355,
                    -0.05584158003330231,
                    -0.22510461509227753
                ],
                [
                    0.0,
                    0.0,
                    0.0,
                    1.0
                ]
            ]
        },
        {
            "file_path": "/data/shapenet_blender/all_50_random/02958343/61645b21c344e22a65dc1e664bdf2e6b/r_24",
            "rotation": 0.12566370614359174,
            "transform_matrix": [
                [
                    0.48830223083496094,
                    -0.525601327419281,
                    -0.696637749671936,
                    -2.808236598968506
                ],
                [
                    -0.8726747035980225,
                    -0.29409846663475037,
                    -0.3898012936115265,
                    -1.5713392496109009
                ],
                [
                    -1.4901162970204496e-08,
                    0.7982788681983948,
                    -0.602288007736206,
                    -2.427900552749634
                ],
                [
                    0.0,
                    0.0,
                    0.0,
                    1.0
                ]
            ]
        },
        {
            "file_path": "/data/shapenet_blender/all_50_random/02958343/61645b21c344e22a65dc1e664bdf2e6b/r_25",
            "rotation": 0.12566370614359174,
            "transform_matrix": [
                [
                    0.4709617793560028,
                    0.008385641500353813,
                    -0.8821136355400085,
                    -3.5559141635894775
                ],
                [
                    -0.8821535706520081,
                    0.004476903472095728,
                    -0.4709404408931732,
                    -1.8984217643737793
                ],
                [
                    0.0,
                    0.9999547600746155,
                    0.00950587447732687,
                    0.038319408893585205
                ],
                [
                    0.0,
                    0.0,
                    0.0,
                    1.0
                ]
            ]
        },
        {
            "file_path": "/data/shapenet_blender/all_50_random/02958343/61645b21c344e22a65dc1e664bdf2e6b/r_26",
            "rotation": 0.12566370614359174,
            "transform_matrix": [
                [
                    0.9999697208404541,
                    5.5727254220983014e-05,
                    -0.007785025052726269,
                    -0.03138244152069092
                ],
                [
                    -0.007785225752741098,
                    0.0071578617207705975,
                    -0.9999439716339111,
                    -4.030903339385986
                ],
                [
                    0.0,
                    0.9999743103981018,
                    0.0071580782532691956,
                    0.028855137526988983
                ],
                [
                    0.0,
                    0.0,
                    0.0,
                    1.0
                ]
            ]
        },
        {
            "file_path": "/data/shapenet_blender/all_50_random/02958343/61645b21c344e22a65dc1e664bdf2e6b/r_27",
            "rotation": 0.12566370614359174,
            "transform_matrix": [
                [
                    -0.24089182913303375,
                    0.13327716290950775,
                    -0.9613574743270874,
                    -3.8753561973571777
                ],
                [
                    -0.9705519676208496,
                    -0.03307950496673584,
                    0.23860974609851837,
                    0.9618667364120483
                ],
                [
                    0.0,
                    0.9905266165733337,
                    0.13732096552848816,
                    0.5535585880279541
                ],
                [
                    0.0,
                    0.0,
                    0.0,
                    1.0
                ]
            ]
        },
        {
            "file_path": "/data/shapenet_blender/all_50_random/02958343/61645b21c344e22a65dc1e664bdf2e6b/r_28",
            "rotation": 0.12566370614359174,
            "transform_matrix": [
                [
                    0.1494094878435135,
                    -0.020010007545351982,
                    0.988572895526886,
                    3.985064744949341
                ],
                [
                    0.9887754917144775,
                    0.0030236237216740847,
                    -0.14937888085842133,
                    -0.6021655201911926
                ],
                [
                    2.3283067140944524e-10,
                    0.9997951984405518,
                    0.020237162709236145,
                    0.08157861232757568
                ],
                [
                    0.0,
                    0.0,
                    0.0,
                    1.0
                ]
            ]
        },
        {
            "file_path": "/data/shapenet_blender/all_50_random/02958343/61645b21c344e22a65dc1e664bdf2e6b/r_29",
            "rotation": 0.12566370614359174,
            "transform_matrix": [
                [
                    -0.48174136877059937,
                    -0.10170875489711761,
                    0.8703910112380981,
                    3.5086584091186523
                ],
                [
                    0.8763134479522705,
                    -0.05591299757361412,
                    0.4784855842590332,
                    1.9288370609283447
                ],
                [
                    0.0,
                    0.9932417273521423,
                    0.11606434732675552,
                    0.4678703546524048
                ],
                [
                    0.0,
                    0.0,
                    0.0,
                    1.0
                ]
            ]
        },
        {
            "file_path": "/data/shapenet_blender/all_50_random/02958343/61645b21c344e22a65dc1e664bdf2e6b/r_30",
            "rotation": 0.12566370614359174,
            "transform_matrix": [
                [
                    0.16519062221050262,
                    -0.684560239315033,
                    -0.7099924087524414,
                    -2.8620710372924805
                ],
                [
                    -0.9862617254257202,
                    -0.11465814709663391,
                    -0.11891781538724899,
                    -0.479373037815094
                ],
                [
                    -7.450581485102248e-09,
                    0.7198823690414429,
                    -0.694096028804779,
                    -2.797990560531616
                ],
                [
                    0.0,
                    0.0,
                    0.0,
                    1.0
                ]
            ]
        },
        {
            "file_path": "/data/shapenet_blender/all_50_random/02958343/61645b21c344e22a65dc1e664bdf2e6b/r_31",
            "rotation": 0.12566370614359174,
            "transform_matrix": [
                [
                    -0.6199515461921692,
                    -0.1313319355249405,
                    0.7735708355903625,
                    3.118364095687866
                ],
                [
                    0.7846400737762451,
                    -0.10376662015914917,
                    0.6112056374549866,
                    2.4638490676879883
                ],
                [
                    7.450580596923828e-09,
                    0.9858925938606262,
                    0.16737857460975647,
                    0.6747246980667114
                ],
                [
                    0.0,
                    0.0,
                    0.0,
                    1.0
                ]
            ]
        },
        {
            "file_path": "/data/shapenet_blender/all_50_random/02958343/61645b21c344e22a65dc1e664bdf2e6b/r_32",
            "rotation": 0.12566370614359174,
            "transform_matrix": [
                [
                    0.9703943133354187,
                    0.09262307733297348,
                    0.22305986285209656,
                    0.8991830945014954
                ],
                [
                    0.24152584373950958,
                    -0.3721378743648529,
                    -0.8962023258209229,
                    -3.6127071380615234
                ],
                [
                    0.0,
                    0.9235443472862244,
                    -0.3834913372993469,
                    -1.5459030866622925
                ],
                [
                    0.0,
                    0.0,
                    0.0,
                    1.0
                ]
            ]
        },
        {
            "file_path": "/data/shapenet_blender/all_50_random/02958343/61645b21c344e22a65dc1e664bdf2e6b/r_33",
            "rotation": 0.12566370614359174,
            "transform_matrix": [
                [
                    0.8207773566246033,
                    0.07037685066461563,
                    -0.5668964385986328,
                    -2.2852327823638916
                ],
                [
                    -0.5712482929229736,
                    0.10111843794584274,
                    -0.8145246505737305,
                    -3.283454179763794
                ],
                [
                    3.725290298461914e-09,
                    0.9923820495605469,
                    0.12319836765527725,
                    0.4966285228729248
                ],
                [
                    0.0,
                    0.0,
                    0.0,
                    1.0
                ]
            ]
        },
        {
            "file_path": "/data/shapenet_blender/all_50_random/02958343/61645b21c344e22a65dc1e664bdf2e6b/r_34",
            "rotation": 0.12566370614359174,
            "transform_matrix": [
                [
                    0.8542633652687073,
                    0.2946538031101227,
                    0.4282677173614502,
                    1.7264025211334229
                ],
                [
                    0.5198404788970947,
                    -0.48420998454093933,
                    -0.7037801146507263,
                    -2.837028741836548
                ],
                [
                    1.4901161193847656e-08,
                    0.8238445520401001,
                    -0.5668156743049622,
                    -2.284907341003418
                ],
                [
                    0.0,
                    0.0,
                    0.0,
                    1.0
                ]
            ]
        },
        {
            "file_path": "/data/shapenet_blender/all_50_random/02958343/61645b21c344e22a65dc1e664bdf2e6b/r_35",
            "rotation": 0.12566370614359174,
            "transform_matrix": [
                [
                    0.9890890121459961,
                    0.0007501264335587621,
                    -0.1473178267478943,
                    -0.5938571691513062
                ],
                [
                    -0.1473197489976883,
                    0.005036268848925829,
                    -0.9890760779380798,
                    -3.987093210220337
                ],
                [
                    5.820766785236131e-11,
                    0.9999870657920837,
                    0.005091825500130653,
                    0.02052580565214157
                ],
                [
                    0.0,
                    0.0,
                    0.0,
                    1.0
                ]
            ]
        },
        {
            "file_path": "/data/shapenet_blender/all_50_random/02958343/61645b21c344e22a65dc1e664bdf2e6b/r_36",
            "rotation": 0.12566370614359174,
            "transform_matrix": [
                [
                    0.14396341145038605,
                    0.3139093518257141,
                    0.9384750723838806,
                    3.783113956451416
                ],
                [
                    0.9895830154418945,
                    -0.04566717892885208,
                    -0.13652828335762024,
                    -0.5503631234169006
                ],
                [
                    3.725290298461914e-09,
                    0.9483540654182434,
                    -0.317213773727417,
                    -1.2787296772003174
                ],
                [
                    0.0,
                    0.0,
                    0.0,
                    1.0
                ]
            ]
        },
        {
            "file_path": "/data/shapenet_blender/all_50_random/02958343/61645b21c344e22a65dc1e664bdf2e6b/r_37",
            "rotation": 0.12566370614359174,
            "transform_matrix": [
                [
                    0.9460250735282898,
                    -0.04430310055613518,
                    0.32105115056037903,
                    1.2941986322402954
                ],
                [
                    0.3240935206413269,
                    0.1293201893568039,
                    -0.9371443390846252,
                    -3.77774977684021
                ],
                [
                    3.725290298461914e-09,
                    0.9906126856803894,
                    0.13669848442077637,
                    0.5510492324829102
                ],
                [
                    0.0,
                    0.0,
                    0.0,
                    1.0
                ]
            ]
        },
        {
            "file_path": "/data/shapenet_blender/all_50_random/02958343/61645b21c344e22a65dc1e664bdf2e6b/r_38",
            "rotation": 0.12566370614359174,
            "transform_matrix": [
                [
                    -0.7082086205482483,
                    0.4556828439235687,
                    -0.5392528772354126,
                    -2.173797845840454
                ],
                [
                    -0.7060032486915588,
                    -0.4571063220500946,
                    0.5409374237060547,
                    2.180588483810425
                ],
                [
                    0.0,
                    0.7638107538223267,
                    0.6454401612281799,
                    2.6018524169921875
                ],
                [
                    0.0,
                    0.0,
                    0.0,
                    1.0
                ]
            ]
        },
        {
            "file_path": "/data/shapenet_blender/all_50_random/02958343/61645b21c344e22a65dc1e664bdf2e6b/r_39",
            "rotation": 0.12566370614359174,
            "transform_matrix": [
                [
                    -0.45310136675834656,
                    -0.7689996361732483,
                    0.4509308338165283,
                    1.8177603483200073
                ],
                [
                    0.8914589285850525,
                    -0.39085903763771057,
                    0.22919437289237976,
                    0.9239120483398438
                ],
                [
                    0.0,
                    0.5058345794677734,
                    0.8626304268836975,
                    3.47737455368042
                ],
                [
                    0.0,
                    0.0,
                    0.0,
                    1.0
                ]
            ]
        },
        {
            "file_path": "/data/shapenet_blender/all_50_random/02958343/61645b21c344e22a65dc1e664bdf2e6b/r_40",
            "rotation": 0.12566370614359174,
            "transform_matrix": [
                [
                    0.6610638499259949,
                    0.0029006260447204113,
                    -0.7503240704536438,
                    -3.0246527194976807
                ],
                [
                    -0.7503294944763184,
                    0.0025555421598255634,
                    -0.6610590219497681,
                    -2.664813756942749
                ],
                [
                    -2.328306020205062e-10,
                    0.9999925494194031,
                    0.0038658021949231625,
                    0.015583544969558716
                ],
                [
                    0.0,
                    0.0,
                    0.0,
                    1.0
                ]
            ]
        },
        {
            "file_path": "/data/shapenet_blender/all_50_random/02958343/61645b21c344e22a65dc1e664bdf2e6b/r_41",
            "rotation": 0.12566370614359174,
            "transform_matrix": [
                [
                    -0.5263418555259705,
                    0.03745558485388756,
                    -0.8494476675987244,
                    -3.4242329597473145
                ],
                [
                    -0.850273072719574,
                    -0.023186014965176582,
                    0.5258309245109558,
                    2.119692325592041
                ],
