{
    "class": "02958343",
    "model": "14330011009dacfed49701eac14326ae",
    "remove_doubles": true,
    "edge_split": true,
    "denoise": true,
    "camera_angle_x": 0.6911112070083618,
    "scale_factor": 2.2746865973847745,
    "hdri_file": "/data/IndoorHDRDataset2018/9C4A7989-0812eba9f2.exr",
    "center_offset": [
        0.0,
        -7.566995918750763e-10,
        0.0
    ],
    "lights": [],
    "frames": [
        {
            "file_path": "/data/shapenet_blender/all_50_random/02958343/14330011009dacfed49701eac14326ae/r_0",
            "rotation": 0.12566370614359174,
            "transform_matrix": [
                [
                    -0.9999792575836182,
                    -0.003694066544994712,
                    0.005280305631458759,
                    0.021285593509674072
                ],
                [
                    0.006444204598665237,
                    -0.5732267498970032,
                    0.8193714022636414,
                    3.3029918670654297
                ],
                [
                    -2.3283067140944524e-10,
                    0.8193884491920471,
                    0.5732386708259583,
                    2.3107988834381104
                ],
                [
                    0.0,
                    0.0,
                    0.0,
                    1.0
                ]
            ]
        },
        {
            "file_path": "/data/shapenet_blender/all_50_random/02958343/14330011009dacfed49701eac14326ae/r_1",
            "rotation": 0.12566370614359174,
            "transform_matrix": [
                [
                    -0.025922926142811775,
                    0.02218884788453579,
                    0.9994177222251892,
                    4.028781414031982
                ],
                [
                    0.9996640086174011,
                    0.0005753931473009288,
                    0.025916539132595062,
                    0.10447290539741516
                ],
                [
                    0.0,
                    0.9997537136077881,
                    -0.02219630591571331,
                    -0.08947616815567017
                ],
                [
                    0.0,
                    0.0,
                    0.0,
                    1.0
                ]
            ]
        },
        {
            "file_path": "/data/shapenet_blender/all_50_random/02958343/14330011009dacfed49701eac14326ae/r_2",
            "rotation": 0.12566370614359174,
            "transform_matrix": [
                [
                    -0.9580438137054443,
                    -0.013864879496395588,
                    -0.28628650307655334,
                    -1.1540578603744507
                ],
                [
                    -0.2866221070289612,
                    0.04634382203221321,
                    0.9569221138954163,
                    3.8574764728546143
                ],
                [
                    9.31322685637781e-10,
                    0.9988293647766113,
                    -0.04837338253855705,
                    -0.1949993371963501
                ],
                [
                    0.0,
                    0.0,
                    0.0,
                    1.0
                ]
            ]
        },
        {
            "file_path": "/data/shapenet_blender/all_50_random/02958343/14330011009dacfed49701eac14326ae/r_3",
            "rotation": 0.12566370614359174,
            "transform_matrix": [
                [
                    0.9520725011825562,
                    -0.13843080401420593,
                    -0.2727541923522949,
                    -1.099507451057434
                ],
                [
                    -0.30587244033813477,
                    -0.43088603019714355,
                    -0.8489871025085449,
                    -3.4223766326904297
                ],
                [
                    -7.450580596923828e-09,
                    0.8917252421379089,
                    -0.4525769352912903,
                    -1.8243961334228516
                ],
                [
                    0.0,
                    0.0,
                    0.0,
                    1.0
                ]
            ]
        },
        {
            "file_path": "/data/shapenet_blender/all_50_random/02958343/14330011009dacfed49701eac14326ae/r_4",
            "rotation": 0.12566370614359174,
            "transform_matrix": [
                [
                    -0.8561261892318726,
                    -0.4665597081184387,
                    -0.22219347953796387,
                    -0.8956905603408813
                ],
                [
                    -0.5167668461799622,
                    0.772948145866394,
                    0.3681073486804962,
                    1.4838881492614746
                ],
                [
                    -1.4901162970204496e-08,
                    0.4299684166908264,
                    -0.9028438925743103,
                    -3.6394801139831543
                ],
                [
                    0.0,
                    0.0,
                    0.0,
                    1.0
                ]
            ]
        },
        {
            "file_path": "/data/shapenet_blender/all_50_random/02958343/14330011009dacfed49701eac14326ae/r_5",
            "rotation": 0.12566370614359174,
            "transform_matrix": [
                [
                    -0.1756478250026703,
                    -0.9386895895004272,
                    0.29666441679000854,
                    1.195892572402954
                ],
                [
                    0.9844530820846558,
                    -0.16748261451721191,
                    0.05293137952685356,
                    0.21337321400642395
                ],
                [
                    0.0,
                    0.301349401473999,
                    0.9535137414932251,
                    3.8437368869781494
                ],
                [
                    0.0,
                    0.0,
                    0.0,
                    1.0
                ]
            ]
        },
        {
            "file_path": "/data/shapenet_blender/all_50_random/02958343/14330011009dacfed49701eac14326ae/r_6",
            "rotation": 0.12566370614359174,
            "transform_matrix": [
                [
                    -0.8309674263000488,
                    0.12403649836778641,
                    -0.542317271232605,
                    -2.1861510276794434
                ],
                [
                    -0.5563210844993591,
                    -0.1852712333202362,
                    0.8100501894950867,
                    3.2654170989990234
                ],
                [
                    -7.450580596923828e-09,
                    0.9748279452323914,
                    0.22295844554901123,
                    0.8987743258476257
                ],
                [
                    0.0,
                    0.0,
                    0.0,
                    1.0
                ]
            ]
        },
        {
            "file_path": "/data/shapenet_blender/all_50_random/02958343/14330011009dacfed49701eac14326ae/r_7",
            "rotation": 0.12566370614359174,
            "transform_matrix": [
                [
                    -0.9786972999572754,
                    0.14237244427204132,
                    -0.14792464673519135,
                    -0.5963033437728882
                ],
                [
                    -0.20530860126018524,
                    -0.6786834001541138,
                    0.7051504254341125,
                    2.8425521850585938
                ],
                [
                    -7.450580596923828e-09,
                    0.7204990386962891,
                    0.6934559345245361,
                    2.795410394668579
                ],
                [
                    0.0,
                    0.0,
                    0.0,
                    1.0
                ]
            ]
        },
        {
            "file_path": "/data/shapenet_blender/all_50_random/02958343/14330011009dacfed49701eac14326ae/r_8",
            "rotation": 0.12566370614359174,
            "transform_matrix": [
                [
                    -0.7478885650634766,
                    0.31162795424461365,
                    0.5861319899559021,
                    2.362773895263672
                ],
                [
                    0.6638243794441223,
                    0.35109126567840576,
                    0.6603574752807617,
                    2.6619863510131836
                ],
                [
                    2.980232594040899e-08,
                    0.8829625248908997,
                    -0.4694433808326721,
                    -1.8923869132995605
                ],
                [
                    0.0,
                    0.0,
                    0.0,
                    1.0
                ]
            ]
        },
        {
            "file_path": "/data/shapenet_blender/all_50_random/02958343/14330011009dacfed49701eac14326ae/r_9",
            "rotation": 0.12566370614359174,
            "transform_matrix": [
                [
                    -0.7729586958885193,
                    -0.015851115807890892,
                    -0.6342582702636719,
                    -2.556777000427246
                ],
                [
                    -0.6344563364982605,
                    0.01931142620742321,
                    0.7727173566818237,
                    3.1149234771728516
                ],
                [
                    -9.313225746154785e-10,
                    0.9996877908706665,
                    -0.024983776733279228,
                    -0.1007128357887268
                ],
                [
                    0.0,
                    0.0,
                    0.0,
                    1.0
                ]
            ]
        },
        {
            "file_path": "/data/shapenet_blender/all_50_random/02958343/14330011009dacfed49701eac14326ae/r_10",
            "rotation": 0.12566370614359174,
            "transform_matrix": [
                [
                    -0.512465238571167,
                    -0.313538134098053,
                    0.7994205355644226,
                    3.222567319869995
                ],
                [
                    0.8587079644203186,
                    -0.18711529672145844,
                    0.47708332538604736,
                    1.9231843948364258
                ],
                [
                    0.0,
                    0.9309573769569397,
                    0.3651277720928192,
                    1.471877098083496
                ],
                [
                    0.0,
                    0.0,
                    0.0,
                    1.0
                ]
            ]
        },
        {
            "file_path": "/data/shapenet_blender/all_50_random/02958343/14330011009dacfed49701eac14326ae/r_11",
            "rotation": 0.12566370614359174,
            "transform_matrix": [
                [
                    0.9779931306838989,
                    0.06807397305965424,
                    0.1972191482782364,
                    0.795015811920166
                ],
                [
                    0.20863714814186096,
                    -0.3190988600254059,
                    -0.9244709014892578,
                    -3.726661443710327
                ],
                [
                    -7.450580596923828e-09,
                    0.9452734589576721,
                    -0.3262792229652405,
                    -1.315273642539978
                ],
                [
                    0.0,
                    0.0,
                    0.0,
                    1.0
                ]
            ]
        },
        {
            "file_path": "/data/shapenet_blender/all_50_random/02958343/14330011009dacfed49701eac14326ae/r_12",
            "rotation": 0.12566370614359174,
            "transform_matrix": [
                [
                    -0.35871681571006775,
                    0.5916364192962646,
                    0.7220032215118408,
                    2.9104881286621094
                ],
                [
                    0.9334465265274048,
                    0.22736166417598724,
                    0.2774606943130493,
                    1.11847984790802
                ],
                [
                    0.0,
                    0.7734810709953308,
                    -0.6338192820549011,
                    -2.555007219314575
                ],
                [
                    0.0,
                    0.0,
                    0.0,
                    1.0
                ]
            ]
        },
        {
            "file_path": "/data/shapenet_blender/all_50_random/02958343/14330011009dacfed49701eac14326ae/r_13",
            "rotation": 0.12566370614359174,
            "transform_matrix": [
                [
                    -0.9995999336242676,
                    0.00024011079221963882,
                    -0.028284942731261253,
                    -0.11402025818824768
                ],
                [
                    -0.02828596532344818,
                    -0.008485293947160244,
                    0.9995638132095337,
                    4.0293707847595215
                ],
                [
                    1.4551915228366852e-11,
                    0.9999640583992004,
                    0.008488688617944717,
                    0.03421900048851967
                ],
                [
                    0.0,
                    0.0,
                    0.0,
                    1.0
                ]
            ]
        },
        {
            "file_path": "/data/shapenet_blender/all_50_random/02958343/14330011009dacfed49701eac14326ae/r_14",
            "rotation": 0.12566370614359174,
            "transform_matrix": [
                [
                    -0.2375125139951706,
                    0.622412383556366,
                    -0.7457818984985352,
                    -3.006342887878418
                ],
                [
                    -0.9713844656944275,
                    -0.1521856188774109,
                    0.18235060572624207,
                    0.7350788116455078
                ],
                [
                    -7.4505792646561986e-09,
                    0.7677514553070068,
                    0.6407477855682373,
                    2.582937002182007
                ],
                [
                    0.0,
                    0.0,
                    0.0,
                    1.0
                ]
            ]
        },
        {
            "file_path": "/data/shapenet_blender/all_50_random/02958343/14330011009dacfed49701eac14326ae/r_15",
            "rotation": 0.12566370614359174,
            "transform_matrix": [
                [
                    -0.7218172550201416,
                    0.15545298159122467,
                    0.6743991374969482,
                    2.7185897827148438
                ],
                [
                    0.6920836567878723,
                    0.16213162243366241,
                    0.7033729553222656,
                    2.8353869915008545
                ],
                [
                    0.0,
                    0.9744474291801453,
                    -0.2246159017086029,
                    -0.9054555892944336
                ],
                [
                    0.0,
                    0.0,
                    0.0,
                    1.0
                ]
            ]
        },
        {
            "file_path": "/data/shapenet_blender/all_50_random/02958343/14330011009dacfed49701eac14326ae/r_16",
            "rotation": 0.12566370614359174,
            "transform_matrix": [
                [
                    0.8297114968299866,
                    -0.19323000311851501,
                    0.5236801505088806,
                    2.111022472381592
                ],
                [
                    0.5581924319267273,
                    0.2872220277786255,
                    -0.7784115672111511,
                    -3.1378777027130127
                ],
                [
                    0.0,
                    0.9381715059280396,
                    0.3461708724498749,
                    1.395459532737732
                ],
                [
                    0.0,
                    0.0,
                    0.0,
                    1.0
                ]
            ]
        },
        {
            "file_path": "/data/shapenet_blender/all_50_random/02958343/14330011009dacfed49701eac14326ae/r_17",
            "rotation": 0.12566370614359174,
            "transform_matrix": [
                [
                    0.9274539947509766,
                    0.15775294601917267,
                    0.3390326499938965,
                    1.3666843175888062
                ],
                [
                    0.37393736839294434,
                    -0.39126500487327576,
                    -0.8408820033073425,
                    -3.3897037506103516
                ],
                [
                    0.0,
                    0.9066563844680786,
                    -0.42186999320983887,
                    -1.7006123065948486
                ],
                [
                    0.0,
                    0.0,
                    0.0,
                    1.0
                ]
            ]
        },
        {
            "file_path": "/data/shapenet_blender/all_50_random/02958343/14330011009dacfed49701eac14326ae/r_18",
            "rotation": 0.12566370614359174,
            "transform_matrix": [
                [
                    -0.42220252752304077,
                    -0.29725921154022217,
                    0.8563772439956665,
                    3.45216703414917
                ],
                [
                    0.9065015316009521,
                    -0.1384483128786087,
                    0.3988572061061859,
                    1.6078448295593262
                ],
                [
                    7.450580596923828e-09,
                    0.9447057247161865,
                    0.3279191851615906,
                    1.3218845129013062
                ],
                [
                    0.0,
                    0.0,
                    0.0,
                    1.0
                ]
            ]
        },
        {
            "file_path": "/data/shapenet_blender/all_50_random/02958343/14330011009dacfed49701eac14326ae/r_19",
            "rotation": 0.12566370614359174,
            "transform_matrix": [
                [
                    -0.33818933367729187,
                    0.8533533215522766,
                    0.3967568278312683,
                    1.5993778705596924
                ],
                [
                    0.9410780072212219,
                    0.30666422843933105,
                    0.14258000254631042,
                    0.5747583508491516
                ],
                [
                    -1.4901160305669237e-08,
                    0.4215981960296631,
                    -0.9067827463150024,
                    -3.655358076095581
                ],
                [
                    0.0,
                    0.0,
                    0.0,
                    1.0
                ]
            ]
        },
        {
            "file_path": "/data/shapenet_blender/all_50_random/02958343/14330011009dacfed49701eac14326ae/r_20",
            "rotation": 0.12566370614359174,
            "transform_matrix": [
                [
                    0.3297974169254303,
                    0.7001069188117981,
                    -0.6333118081092834,
                    -2.552961587905884
                ],
                [
                    -0.9440517425537109,
                    0.24457710981369019,
                    -0.2212427258491516,
                    -0.8918579816818237
                ],
                [
                    1.4901162970204496e-08,
                    0.6708443760871887,
                    0.7415981292724609,
                    2.9894776344299316
                ],
                [
                    0.0,
                    0.0,
                    0.0,
                    1.0
                ]
            ]
        },
        {
            "file_path": "/data/shapenet_blender/all_50_random/02958343/14330011009dacfed49701eac14326ae/r_21",
            "rotation": 0.12566370614359174,
            "transform_matrix": [
                [
                    0.9354047179222107,
                    0.24169279634952545,
                    0.25807473063468933,
                    1.0403326749801636
                ],
                [
                    0.3535788059234619,
                    -0.6394064426422119,
                    -0.6827454566955566,
                    -2.752235174179077
                ],
                [
                    0.0,
                    0.7298932075500488,
                    -0.6835611462593079,
                    -2.755523443222046
                ],
                [
                    0.0,
                    0.0,
                    0.0,
                    1.0
                ]
            ]
        },
        {
            "file_path": "/data/shapenet_blender/all_50_random/02958343/14330011009dacfed49701eac14326ae/r_22",
            "rotation": 0.12566370614359174,
            "transform_matrix": [
                [
                    0.9864028096199036,
                    -0.025184234604239464,
                    0.16240446269512177,
                    0.6546733379364014
                ],
                [
                    0.16434553265571594,
                    0.15115591883659363,
                    -0.9747524857521057,
                    -3.9293529987335205
                ],
                [
                    -1.8626450382086546e-09,
                    0.9881891012191772,
                    0.15323953330516815,
                    0.6177282929420471
                ],
                [
                    0.0,
                    0.0,
                    0.0,
                    1.0
                ]
            ]
        },
        {
            "file_path": "/data/shapenet_blender/all_50_random/02958343/14330011009dacfed49701eac14326ae/r_23",
            "rotation": 0.12566370614359174,
            "transform_matrix": [
                [
                    -0.9991357326507568,
                    -0.016772864386439323,
                    -0.038034141063690186,
                    -0.1533205360174179
                ],
                [
                    -0.041568323969841,
                    0.40315234661102295,
                    0.9141882061958313,
                    3.685210704803467
                ],
                [
                    -9.313227966600834e-10,
                    0.9149790406227112,
                    -0.40350112318992615,
                    -1.6265652179718018
                ],
                [
                    0.0,
                    0.0,
                    0.0,
                    1.0
                ]
            ]
        },
        {
            "file_path": "/data/shapenet_blender/all_50_random/02958343/14330011009dacfed49701eac14326ae/r_24",
            "rotation": 0.12566370614359174,
            "transform_matrix": [
                [
                    -0.9822794795036316,
                    -0.108116514980793,
                    0.15309490263462067,
                    0.6171452403068542
                ],
                [
                    0.18742260336875916,
                    -0.5666372179985046,
                    0.8023684024810791,
                    3.234450101852417
                ],
                [
                    -7.450581485102248e-09,
                    0.8168432712554932,
                    0.5768596529960632,
                    2.325395345687866
                ],
                [
                    0.0,
                    0.0,
                    0.0,
                    1.0
                ]
            ]
        },
        {
            "file_path": "/data/shapenet_blender/all_50_random/02958343/14330011009dacfed49701eac14326ae/r_25",
            "rotation": 0.12566370614359174,
            "transform_matrix": [
                [
                    -0.5587041974067688,
                    0.7039186954498291,
                    -0.4385749399662018,
                    -1.7679523229599
                ],
                [
                    -0.8293670415878296,
                    -0.47419577836990356,
                    0.29544660449028015,
                    1.190983533859253
                ],
                [
                    0.0,
                    0.5288068056106567,
                    0.8487420082092285,
                    3.421388864517212
                ],
                [
                    0.0,
                    0.0,
                    0.0,
                    1.0
                ]
            ]
        },
        {
            "file_path": "/data/shapenet_blender/all_50_random/02958343/14330011009dacfed49701eac14326ae/r_26",
            "rotation": 0.12566370614359174,
            "transform_matrix": [
                [
                    0.5543255805969238,
                    -0.08961270749568939,
                    0.8274615406990051,
                    3.335604429244995
                ],
                [
                    0.8322999477386475,
                    0.059683553874492645,
                    -0.5511031150817871,
                    -2.2215678691864014
                ],
                [
                    0.0,
                    0.9941868185997009,
                    0.10766875743865967,
                    0.43402668833732605
                ],
                [
                    0.0,
                    0.0,
                    0.0,
                    1.0
                ]
            ]
        },
        {
            "file_path": "/data/shapenet_blender/all_50_random/02958343/14330011009dacfed49701eac14326ae/r_27",
            "rotation": 0.12566370614359174,
            "transform_matrix": [
                [
                    -0.013323244638741016,
                    0.46523380279541016,
                    -0.8850875496864319,
                    -3.567902088165283
                ],
                [
                    -0.9999113082885742,
                    -0.006198973394930363,
                    0.011793283745646477,
                    0.047540247440338135
                ],
                [
                    0.0,
                    0.8851661086082458,
                    0.4652750790119171,
                    1.8755838871002197
                ],
                [
                    0.0,
                    0.0,
                    0.0,
                    1.0
                ]
            ]
        },
        {
            "file_path": "/data/shapenet_blender/all_50_random/02958343/14330011009dacfed49701eac14326ae/r_28",
            "rotation": 0.12566370614359174,
            "transform_matrix": [
                [
                    -0.371613085269928,
                    0.20142479240894318,
                    0.9062734842300415,
                    3.6533055305480957
                ],
                [
                    0.9283877015113831,
                    0.08062589913606644,
                    0.3627612590789795,
                    1.4623374938964844
                ],
                [
                    0.0,
                    0.9761800765991211,
                    -0.21696190536022186,
                    -0.8746014833450317
                ],
                [
                    0.0,
                    0.0,
                    0.0,
                    1.0
                ]
            ]
        },
        {
            "file_path": "/data/shapenet_blender/all_50_random/02958343/14330011009dacfed49701eac14326ae/r_29",
            "rotation": 0.12566370614359174,
            "transform_matrix": [
                [
                    0.7189454436302185,
                    -0.06681074947118759,
                    0.6918480396270752,
                    2.788928747177124
                ],
                [
                    0.6950664520263672,
                    0.06910604238510132,
                    -0.7156164646148682,
                    -2.884742259979248
                ],
                [
                    -7.450580596923828e-09,
                    0.9953696131706238,
                    0.09612137824296951,
                    0.38747766613960266
                ],
                [
                    0.0,
                    0.0,
                    0.0,
                    1.0
                ]
            ]
        },
        {
            "file_path": "/data/shapenet_blender/all_50_random/02958343/14330011009dacfed49701eac14326ae/r_30",
            "rotation": 0.12566370614359174,
            "transform_matrix": [
                [
                    -0.8954675197601318,
                    -0.22342675924301147,
                    0.38499143719673157,
                    1.551950216293335
                ],
                [
                    0.44512689113616943,
                    -0.44947049021720886,
                    0.7744922637939453,
                    3.1220784187316895
                ],
                [
                    -1.4901161193847656e-08,
                    0.8649027347564697,
                    0.5019393563270569,
                    2.0233824253082275
                ],
                [
                    0.0,
                    0.0,
                    0.0,
                    1.0
                ]
            ]
        },
        {
            "file_path": "/data/shapenet_blender/all_50_random/02958343/14330011009dacfed49701eac14326ae/r_31",
            "rotation": 0.12566370614359174,
            "transform_matrix": [
                [
                    -0.2732776999473572,
                    -0.43215662240982056,
                    0.8593951463699341,
                    3.4643325805664062
                ],
                [
                    0.9619351625442505,
                    -0.12277206778526306,
                    0.24414695799350739,
                    0.9841878414154053
                ],
                [
                    -7.450580152834618e-09,
                    0.8934023380279541,
                    0.449257493019104,
                    1.8110148906707764
                ],
                [
                    0.0,
                    0.0,
                    0.0,
                    1.0
                ]
            ]
        },
        {
            "file_path": "/data/shapenet_blender/all_50_random/02958343/14330011009dacfed49701eac14326ae/r_32",
            "rotation": 0.12566370614359174,
            "transform_matrix": [
                [
                    -0.3498391807079315,
                    0.2535325884819031,
                    0.9018501043319702,
                    3.635474443435669
                ],
                [
                    0.9368098378181458,
                    0.0946783721446991,
                    0.33678391575813293,
                    1.3576195240020752
                ],
                [
                    0.0,
                    0.96268230676651,
                    -0.2706339955329895,
                    -1.0909606218338013
                ],
                [
                    0.0,
                    0.0,
                    0.0,
                    1.0
                ]
            ]
        },
        {
            "file_path": "/data/shapenet_blender/all_50_random/02958343/14330011009dacfed49701eac14326ae/r_33",
            "rotation": 0.12566370614359174,
            "transform_matrix": [
                [
                    0.8997097015380859,
                    0.07175356894731522,
                    0.43055063486099243,
                    1.735605001449585
                ],
                [
                    0.4364887475967407,
                    -0.14790159463882446,
                    -0.8874698281288147,
                    -3.577505111694336
                ],
                [
                    0.0,
                    0.9863956570625305,
                    -0.16438813507556915,
                    -0.6626697778701782
                ],
                [
                    0.0,
                    0.0,
                    0.0,
                    1.0
                ]
            ]
        },
        {
            "file_path": "/data/shapenet_blender/all_50_random/02958343/14330011009dacfed49701eac14326ae/r_34",
            "rotation": 0.12566370614359174,
            "transform_matrix": [
                [
                    -0.9106597900390625,
                    -0.10702195763587952,
                    -0.39905527234077454,
                    -1.6086432933807373
                ],
                [
                    -0.4131571650505066,
                    0.23589231073856354,
                    0.8795771598815918,
                    3.5456888675689697
                ],
                [
                    0.0,
                    0.9658679962158203,
                    -0.25903451442718506,
                    -1.0442014932632446
                ],
                [
                    0.0,
                    0.0,
                    0.0,
                    1.0
                ]
            ]
        },
        {
            "file_path": "/data/shapenet_blender/all_50_random/02958343/14330011009dacfed49701eac14326ae/r_35",
            "rotation": 0.12566370614359174,
            "transform_matrix": [
                [
                    0.5485633015632629,
                    0.02015596255660057,
                    0.8358660340309143,
                    3.3694839477539062
                ],
                [
                    0.8361091017723083,
                    -0.01322413794696331,
                    -0.548403799533844,
                    -2.210686683654785
                ],
                [
                    9.313225746154785e-10,
                    0.9997093677520752,
                    -0.024106858298182487,
                    -0.09717786312103271
                ],
                [
                    0.0,
                    0.0,
                    0.0,
                    1.0
                ]
            ]
        },
        {
            "file_path": "/data/shapenet_blender/all_50_random/02958343/14330011009dacfed49701eac14326ae/r_36",
            "rotation": 0.12566370614359174,
            "transform_matrix": [
                [
                    -0.7629402875900269,
                    0.11764536052942276,
                    -0.635674238204956,
                    -2.5624845027923584
                ],
                [
                    -0.6464689373970032,
                    -0.13884097337722778,
                    0.7502007484436035,
                    3.024155616760254
                ],
                [
                    0.0,
                    0.9833019375801086,
                    0.18198148906230927,
                    0.7335907816886902
                ],
                [
                    0.0,
                    0.0,
                    0.0,
                    1.0
                ]
            ]
        },
        {
            "file_path": "/data/shapenet_blender/all_50_random/02958343/14330011009dacfed49701eac14326ae/r_37",
            "rotation": 0.12566370614359174,
            "transform_matrix": [
                [
                    0.10658220201730728,
                    -0.4134906530380249,
                    0.9042486548423767,
                    3.6451430320739746
                ],
                [
                    0.9943038821220398,
                    0.044323209673166275,
                    -0.0969289243221283,
                    -0.390733003616333
                ],
                [
                    0.0,
                    0.9094288945198059,
                    0.4158594608306885,
                    1.676383137702942
                ],
                [
                    0.0,
                    0.0,
                    0.0,
                    1.0
                ]
            ]
        },
        {
            "file_path": "/data/shapenet_blender/all_50_random/02958343/14330011009dacfed49701eac14326ae/r_38",
            "rotation": 0.12566370614359174,
            "transform_matrix": [
                [
                    -0.9982525706291199,
                    -0.00012057067942805588,
                    0.059091731905937195,
                    0.23820635676383972
                ],
                [
                    0.059091854840517044,
                    -0.0020368285477161407,
                    0.9982504844665527,
                    4.024075984954834
                ],
                [
                    -7.275957180502557e-12,
                    0.9999979138374329,
                    0.002040394116193056,
                    0.00822509080171585
                ],
                [
                    0.0,
                    0.0,
                    0.0,
                    1.0
                ]
            ]
        },
        {
            "file_path": "/data/shapenet_blender/all_50_random/02958343/14330011009dacfed49701eac14326ae/r_39",
            "rotation": 0.12566370614359174,
            "transform_matrix": [
                [
                    -0.9163205623626709,
                    -0.08593175560235977,
                    0.391116738319397,
                    1.5766422748565674
                ],
                [
                    0.4004455506801605,
                    -0.19663357734680176,
                    0.8949739336967468,
                    3.6077558994293213
                ],
                [
                    7.450580596923828e-09,
                    0.9767041802406311,
                    0.21459032595157623,
                    0.8650413751602173
                ],
                [
                    0.0,
                    0.0,
                    0.0,
                    1.0
                ]
            ]
        },
        {
            "file_path": "/data/shapenet_blender/all_50_random/02958343/14330011009dacfed49701eac14326ae/r_40",
            "rotation": 0.12566370614359174,
            "transform_matrix": [
                [
                    -0.8794838786125183,
                    0.0825304314494133,
                    -0.46871834993362427,
                    -1.8894641399383545
                ],
                [
                    -0.47592875361442566,
                    -0.1525106132030487,
                    0.8661595582962036,
                    3.491600751876831
                ],
                [
                    0.0,
                    0.9848498106002808,
                    0.17340923845767975,
                    0.6990349888801575
                ],
                [
                    0.0,
                    0.0,
                    0.0,
                    1.0
                ]
            ]
        },
        {
            "file_path": "/data/shapenet_blender/all_50_random/02958343/14330011009dacfed49701eac14326ae/r_41",
            "rotation": 0.12566370614359174,
            "transform_matrix": [
                [
                    0.9662275314331055,
                    -0.1236952394247055,
                    0.22606170177459717,
                    0.9112837314605713
                ],
                [
                    0.25769054889678955,
                    0.46380338072776794,
                    -0.8476331830024719,
