{
    "class": "02958343",
    "model": "2854a948ff81145d2d7d789814cae761",
    "remove_doubles": true,
    "edge_split": true,
    "denoise": true,
    "camera_angle_x": 0.6911112070083618,
    "scale_factor": 2.173830332504817,
    "hdri_file": "/data/IndoorHDRDataset2018/AG8A3469-d06a09bb74.exr",
    "center_offset": [
        0.0,
        0.0,
        -1.862645149230957e-09
    ],
    "lights": [],
    "frames": [
        {
            "file_path": "/data/shapenet_blender/all_50_random/02958343/2854a948ff81145d2d7d789814cae761/r_0",
            "rotation": 0.12566370614359174,
            "transform_matrix": [
                [
                    0.7773460149765015,
                    0.09859249740839005,
                    -0.6212992668151855,
                    -2.504537343978882
                ],
                [
                    -0.6290733814239502,
                    0.12183075398206711,
                    -0.7677395939826965,
                    -3.0948572158813477
                ],
                [
                    0.0,
                    0.9876420497894287,
                    0.15672656893730164,
                    0.6317850351333618
                ],
                [
                    0.0,
                    0.0,
                    0.0,
                    1.0
                ]
            ]
        },
        {
            "file_path": "/data/shapenet_blender/all_50_random/02958343/2854a948ff81145d2d7d789814cae761/r_1",
            "rotation": 0.12566370614359174,
            "transform_matrix": [
                [
                    0.7023723125457764,
                    0.20758774876594543,
                    -0.6808673739433289,
                    -2.744664430618286
                ],
                [
                    -0.7118097543716431,
                    0.20483547449111938,
                    -0.6718401908874512,
                    -2.7082746028900146
                ],
                [
                    0.0,
                    0.9565300345420837,
                    0.2916337251663208,
                    1.175613284111023
                ],
                [
                    0.0,
                    0.0,
                    0.0,
                    1.0
                ]
            ]
        },
        {
            "file_path": "/data/shapenet_blender/all_50_random/02958343/2854a948ff81145d2d7d789814cae761/r_2",
            "rotation": 0.12566370614359174,
            "transform_matrix": [
                [
                    0.8145619630813599,
                    0.24631506204605103,
                    -0.5251836776733398,
                    -2.1170830726623535
                ],
                [
                    -0.5800767540931702,
                    0.3458832800388336,
                    -0.7374793291091919,
                    -2.972874164581299
                ],
                [
                    -1.4901162970204496e-08,
                    0.905369222164154,
                    0.424625039100647,
                    1.7117183208465576
                ],
                [
                    0.0,
                    0.0,
                    0.0,
                    1.0
                ]
            ]
        },
        {
            "file_path": "/data/shapenet_blender/all_50_random/02958343/2854a948ff81145d2d7d789814cae761/r_3",
            "rotation": 0.12566370614359174,
            "transform_matrix": [
                [
                    -0.9337116479873657,
                    0.3343297839164734,
                    0.12808629870414734,
                    0.5163323879241943
                ],
                [
                    0.35802584886550903,
                    0.8719136118888855,
                    0.3340420126914978,
                    1.3465664386749268
                ],
                [
                    7.450580596923828e-09,
                    0.35775721073150635,
                    -0.9338146448135376,
                    -3.76432728767395
                ],
                [
                    0.0,
                    0.0,
                    0.0,
                    1.0
                ]
            ]
        },
        {
            "file_path": "/data/shapenet_blender/all_50_random/02958343/2854a948ff81145d2d7d789814cae761/r_4",
            "rotation": 0.12566370614359174,
            "transform_matrix": [
                [
                    -0.40520983934402466,
                    -0.06019938364624977,
                    -0.9122395515441895,
                    -3.6773552894592285
                ],
                [
                    -0.9142236709594727,
                    0.02668207325041294,
                    0.40433043241500854,
                    1.6299080848693848
                ],
                [
                    0.0,
                    0.997829794883728,
                    -0.06584753096103668,
                    -0.26543989777565
                ],
                [
                    0.0,
                    0.0,
                    0.0,
                    1.0
                ]
            ]
        },
        {
            "file_path": "/data/shapenet_blender/all_50_random/02958343/2854a948ff81145d2d7d789814cae761/r_5",
            "rotation": 0.12566370614359174,
            "transform_matrix": [
                [
                    0.7828525304794312,
                    0.455087810754776,
                    -0.42430779337882996,
                    -1.7104395627975464
                ],
                [
                    -0.6222074627876282,
                    0.5725849270820618,
                    -0.5338580012321472,
                    -2.152050733566284
                ],
                [
                    -4.4703490686970326e-08,
                    0.6819396018981934,
                    0.731408417224884,
                    2.948401927947998
                ],
                [
                    0.0,
                    0.0,
                    0.0,
                    1.0
                ]
            ]
        },
        {
            "file_path": "/data/shapenet_blender/all_50_random/02958343/2854a948ff81145d2d7d789814cae761/r_6",
            "rotation": 0.12566370614359174,
            "transform_matrix": [
                [
                    -0.3432714641094208,
                    0.06698022037744522,
                    0.9368448853492737,
                    3.7765424251556396
                ],
                [
                    0.9392363429069519,
                    0.02447989024221897,
                    0.34239745140075684,
                    1.3802483081817627
                ],
                [
                    -1.862645371275562e-09,
                    0.9974538683891296,
                    -0.0713135153055191,
                    -0.28747397661209106
                ],
                [
                    0.0,
                    0.0,
                    0.0,
                    1.0
                ]
            ]
        },
        {
            "file_path": "/data/shapenet_blender/all_50_random/02958343/2854a948ff81145d2d7d789814cae761/r_7",
            "rotation": 0.12566370614359174,
            "transform_matrix": [
                [
                    -0.6257156133651733,
                    -0.00934609305113554,
                    0.7799952030181885,
                    3.144261360168457
                ],
                [
                    0.7800512313842773,
                    -0.0074969385750591755,
                    0.6256706714630127,
                    2.5221593379974365
                ],
                [
                    0.0,
                    0.9999281167984009,
                    0.01198138389736414,
                    0.04829850792884827
                ],
                [
                    0.0,
                    0.0,
                    0.0,
                    1.0
                ]
            ]
        },
        {
            "file_path": "/data/shapenet_blender/all_50_random/02958343/2854a948ff81145d2d7d789814cae761/r_8",
            "rotation": 0.12566370614359174,
            "transform_matrix": [
                [
                    -0.8387268781661987,
                    0.16519328951835632,
                    -0.518891453742981,
                    -2.0917186737060547
                ],
                [
                    -0.5445523262023926,
                    -0.25443294644355774,
                    0.7992036938667297,
                    3.221693277359009
                ],
                [
                    0.0,
                    0.9528772830963135,
                    0.3033561110496521,
                    1.222867727279663
                ],
                [
                    0.0,
                    0.0,
                    0.0,
                    1.0
                ]
            ]
        },
        {
            "file_path": "/data/shapenet_blender/all_50_random/02958343/2854a948ff81145d2d7d789814cae761/r_9",
            "rotation": 0.12566370614359174,
            "transform_matrix": [
                [
                    0.5974899530410767,
                    0.07786465436220169,
                    -0.7980868816375732,
                    -3.217191457748413
                ],
                [
                    -0.8018763661384583,
                    0.05801811069250107,
                    -0.5946663618087769,
                    -2.39717698097229
                ],
                [
                    0.0,
                    0.9952743053436279,
                    0.0971030592918396,
                    0.39143499732017517
                ],
                [
                    0.0,
                    0.0,
                    0.0,
                    1.0
                ]
            ]
        },
        {
            "file_path": "/data/shapenet_blender/all_50_random/02958343/2854a948ff81145d2d7d789814cae761/r_10",
            "rotation": 0.12566370614359174,
            "transform_matrix": [
                [
                    0.6020539999008179,
                    0.5728734135627747,
                    -0.5561896562576294,
                    -2.242072105407715
                ],
                [
                    -0.7984553575515747,
                    0.43195998668670654,
                    -0.4193800687789917,
                    -1.690575122833252
                ],
                [
                    -1.4901161193847656e-08,
                    0.696582019329071,
                    0.7174771428108215,
                    2.892242908477783
                ],
                [
                    0.0,
                    0.0,
                    0.0,
                    1.0
                ]
            ]
        },
        {
            "file_path": "/data/shapenet_blender/all_50_random/02958343/2854a948ff81145d2d7d789814cae761/r_11",
            "rotation": 0.12566370614359174,
            "transform_matrix": [
                [
                    -0.3702203929424286,
                    -0.07241629809141159,
                    0.926116943359375,
                    3.7332968711853027
                ],
                [
                    0.928943932056427,
                    -0.028860721737146378,
                    0.36909374594688416,
                    1.4878644943237305
                ],
                [
                    0.0,
                    0.9969567656517029,
                    0.07795551419258118,
                    0.3142487406730652
                ],
                [
                    0.0,
                    0.0,
                    0.0,
                    1.0
                ]
            ]
        },
        {
            "file_path": "/data/shapenet_blender/all_50_random/02958343/2854a948ff81145d2d7d789814cae761/r_12",
            "rotation": 0.12566370614359174,
            "transform_matrix": [
                [
                    -0.0008657549624331295,
                    -0.7925878167152405,
                    -0.609757125377655,
                    -2.458009719848633
                ],
                [
                    -0.9999996423721313,
                    0.0006861870642751455,
                    0.0005279004108160734,
                    0.002128034830093384
                ],
                [
                    0.0,
                    0.6097573041915894,
                    -0.7925879955291748,
                    -3.1950247287750244
                ],
                [
                    0.0,
                    0.0,
                    0.0,
                    1.0
                ]
            ]
        },
        {
            "file_path": "/data/shapenet_blender/all_50_random/02958343/2854a948ff81145d2d7d789814cae761/r_13",
            "rotation": 0.12566370614359174,
            "transform_matrix": [
                [
                    -0.9996267557144165,
                    0.019697945564985275,
                    -0.018933840095996857,
                    -0.07632476091384888
                ],
                [
                    -0.02732214704155922,
                    -0.7206825017929077,
                    0.6927264928817749,
                    2.7924699783325195
                ],
                [
                    1.862645371275562e-09,
                    0.6929852366447449,
                    0.7209516763687134,
                    2.906249523162842
                ],
                [
                    0.0,
                    0.0,
                    0.0,
                    1.0
                ]
            ]
        },
        {
            "file_path": "/data/shapenet_blender/all_50_random/02958343/2854a948ff81145d2d7d789814cae761/r_14",
            "rotation": 0.12566370614359174,
            "transform_matrix": [
                [
                    -0.31808432936668396,
                    0.5224748253822327,
                    -0.7911019325256348,
                    -3.1890342235565186
                ],
                [
                    -0.9480624198913574,
                    -0.17529547214508057,
                    0.265422523021698,
                    1.0699524879455566
                ],
                [
                    0.0,
                    0.8344407677650452,
                    0.5510974526405334,
                    2.2215452194213867
                ],
                [
                    0.0,
                    0.0,
                    0.0,
                    1.0
                ]
            ]
        },
        {
            "file_path": "/data/shapenet_blender/all_50_random/02958343/2854a948ff81145d2d7d789814cae761/r_15",
            "rotation": 0.12566370614359174,
            "transform_matrix": [
                [
                    -0.9833987951278687,
                    0.15532587468624115,
                    0.09381262958049774,
                    0.37817081809043884
                ],
                [
                    0.18145781755447388,
                    0.8417784571647644,
                    0.5084114074707031,
                    2.049471855163574
                ],
                [
                    0.0,
                    0.5169941186904907,
                    -0.8559888601303101,
                    -3.450601577758789
                ],
                [
                    0.0,
                    0.0,
                    0.0,
                    1.0
                ]
            ]
        },
        {
            "file_path": "/data/shapenet_blender/all_50_random/02958343/2854a948ff81145d2d7d789814cae761/r_16",
            "rotation": 0.12566370614359174,
            "transform_matrix": [
                [
                    0.6917536854743958,
                    0.15088431537151337,
                    0.7061944603919983,
                    2.8467612266540527
                ],
                [
                    0.7221335172653198,
                    -0.14453667402267456,
                    -0.6764851808547974,
                    -2.726999282836914
                ],
                [
                    0.0,
                    0.9779279828071594,
                    -0.20894235372543335,
                    -0.8422736525535583
                ],
                [
                    0.0,
                    0.0,
                    0.0,
                    1.0
                ]
            ]
        },
        {
            "file_path": "/data/shapenet_blender/all_50_random/02958343/2854a948ff81145d2d7d789814cae761/r_17",
            "rotation": 0.12566370614359174,
            "transform_matrix": [
                [
                    0.6681243181228638,
                    -0.739510715007782,
                    0.08205946534872055,
                    0.33079227805137634
                ],
                [
                    0.7440497279167175,
                    0.6640484929084778,
                    -0.07368583977222443,
                    -0.29703712463378906
                ],
                [
                    3.725290742551124e-09,
                    0.11028744280338287,
                    0.9938997030258179,
                    4.006537914276123
                ],
                [
                    0.0,
                    0.0,
                    0.0,
                    1.0
                ]
            ]
        },
        {
            "file_path": "/data/shapenet_blender/all_50_random/02958343/2854a948ff81145d2d7d789814cae761/r_18",
            "rotation": 0.12566370614359174,
            "transform_matrix": [
                [
                    -0.9196327924728394,
                    0.24046576023101807,
                    -0.31056684255599976,
                    -1.2519348859786987
                ],
                [
                    -0.39277926087379456,
                    -0.5630139112472534,
                    0.7271449565887451,
                    2.9312148094177246
                ],
                [
                    0.0,
                    0.7906904220581055,
                    0.6122161149978638,
                    2.467921733856201
                ],
                [
                    0.0,
                    0.0,
                    0.0,
                    1.0
                ]
            ]
        },
        {
            "file_path": "/data/shapenet_blender/all_50_random/02958343/2854a948ff81145d2d7d789814cae761/r_19",
            "rotation": 0.12566370614359174,
            "transform_matrix": [
                [
                    0.9084274768829346,
                    -0.2036905437707901,
                    0.3650609850883484,
                    1.47160804271698
                ],
                [
                    0.41804230213165283,
                    0.4426300525665283,
                    -0.7932963371276855,
                    -3.1978800296783447
                ],
                [
                    0.0,
                    0.8732632994651794,
                    0.48724859952926636,
                    1.964161992073059
                ],
                [
                    0.0,
                    0.0,
                    0.0,
                    1.0
                ]
            ]
        },
        {
            "file_path": "/data/shapenet_blender/all_50_random/02958343/2854a948ff81145d2d7d789814cae761/r_20",
            "rotation": 0.12566370614359174,
            "transform_matrix": [
                [
                    0.9093784689903259,
                    0.2893862724304199,
                    -0.29880815744400024,
                    -1.2045341730117798
                ],
                [
                    -0.415969580411911,
                    0.6326463222503662,
                    -0.653244137763977,
                    -2.6333112716674805
                ],
                [
                    0.0,
                    0.7183412909507751,
                    0.6956908702850342,
                    2.80441951751709
                ],
                [
                    0.0,
                    0.0,
                    0.0,
                    1.0
                ]
            ]
        },
        {
            "file_path": "/data/shapenet_blender/all_50_random/02958343/2854a948ff81145d2d7d789814cae761/r_21",
            "rotation": 0.12566370614359174,
            "transform_matrix": [
                [
                    0.9638977646827698,
                    -0.00563682010397315,
                    -0.2662128508090973,
                    -1.0731383562088013
                ],
                [
                    -0.26627251505851746,
                    -0.020405104383826256,
                    -0.9636817574501038,
                    -3.884725332260132
                ],
                [
                    -4.656612873077393e-10,
                    0.999775767326355,
                    -0.02116936631500721,
                    -0.08533644676208496
                ],
                [
                    0.0,
                    0.0,
                    0.0,
                    1.0
                ]
            ]
        },
        {
            "file_path": "/data/shapenet_blender/all_50_random/02958343/2854a948ff81145d2d7d789814cae761/r_22",
            "rotation": 0.12566370614359174,
            "transform_matrix": [
                [
                    0.8309593200683594,
                    -0.32688429951667786,
                    0.45017024874687195,
                    1.8146944046020508
                ],
                [
                    0.5563333034515381,
                    0.4882461428642273,
                    -0.6723904013633728,
                    -2.7104926109313965
                ],
                [
                    -1.4901162970204496e-08,
                    0.8091737627983093,
                    0.5875692963600159,
                    2.368567943572998
                ],
                [
                    0.0,
                    0.0,
                    0.0,
                    1.0
                ]
            ]
        },
        {
            "file_path": "/data/shapenet_blender/all_50_random/02958343/2854a948ff81145d2d7d789814cae761/r_23",
            "rotation": 0.12566370614359174,
            "transform_matrix": [
                [
                    0.5621989965438843,
                    -0.33391886949539185,
                    0.7565913796424866,
                    3.049917459487915
                ],
                [
                    0.8270020484924316,
                    0.22699925303459167,
                    -0.5143335461616516,
                    -2.0733449459075928
                ],
                [
                    0.0,
                    0.9148604273796082,
                    0.4037702679634094,
                    1.6276500225067139
                ],
                [
                    0.0,
                    0.0,
                    0.0,
                    1.0
                ]
            ]
        },
        {
            "file_path": "/data/shapenet_blender/all_50_random/02958343/2854a948ff81145d2d7d789814cae761/r_24",
            "rotation": 0.12566370614359174,
            "transform_matrix": [
                [
                    -0.23593561351299286,
                    -0.21142028272151947,
                    0.9484913349151611,
                    3.823490858078003
                ],
                [
                    0.9717686772346497,
                    -0.05133070424199104,
                    0.23028410971164703,
                    0.92830491065979
                ],
                [
                    -3.725290298461914e-09,
                    0.9760463833808899,
                    0.21756234765052795,
                    0.877021849155426
                ],
                [
                    0.0,
                    0.0,
                    0.0,
                    1.0
                ]
            ]
        },
        {
            "file_path": "/data/shapenet_blender/all_50_random/02958343/2854a948ff81145d2d7d789814cae761/r_25",
            "rotation": 0.12566370614359174,
            "transform_matrix": [
                [
                    0.8529596328735352,
                    -0.3617483377456665,
                    0.37629520893096924,
                    1.5168944597244263
                ],
                [
                    0.5219769477844238,
                    0.5911309123039246,
                    -0.6149019002914429,
                    -2.4787487983703613
                ],
                [
                    1.4901161193847656e-08,
                    0.7209038734436035,
                    0.6930350065231323,
                    2.7937135696411133
                ],
                [
                    0.0,
                    0.0,
                    0.0,
                    1.0
                ]
            ]
        },
        {
            "file_path": "/data/shapenet_blender/all_50_random/02958343/2854a948ff81145d2d7d789814cae761/r_26",
            "rotation": 0.12566370614359174,
            "transform_matrix": [
                [
                    0.8371416330337524,
                    0.20501534640789032,
                    0.5071119070053101,
                    2.044233798980713
                ],
                [
                    0.5469861626625061,
                    -0.3137682378292084,
                    -0.7761156558990479,
                    -3.128622531890869
                ],
                [
                    0.0,
                    0.9271020293235779,
                    -0.37480899691581726,
                    -1.5109034776687622
                ],
                [
                    0.0,
                    0.0,
                    0.0,
                    1.0
                ]
            ]
        },
        {
            "file_path": "/data/shapenet_blender/all_50_random/02958343/2854a948ff81145d2d7d789814cae761/r_27",
            "rotation": 0.12566370614359174,
            "transform_matrix": [
                [
                    -0.9268609285354614,
                    0.16771408915519714,
                    -0.33585822582244873,
                    -1.3538877964019775
                ],
                [
                    -0.37540480494499207,
                    -0.41408005356788635,
                    0.8292218446731567,
                    3.342700242996216
                ],
                [
                    -1.4901161193847656e-08,
                    0.8946560621261597,
                    0.4467553198337555,
                    1.8009283542633057
                ],
                [
                    0.0,
                    0.0,
                    0.0,
                    1.0
                ]
            ]
        },
        {
            "file_path": "/data/shapenet_blender/all_50_random/02958343/2854a948ff81145d2d7d789814cae761/r_28",
            "rotation": 0.12566370614359174,
            "transform_matrix": [
                [
                    -0.9995021820068359,
                    0.005214762408286333,
                    0.031115872785449028,
                    0.1254321038722992
                ],
                [
                    0.03154982626438141,
                    0.16520428657531738,
                    0.9857545495033264,
                    3.9737038612365723
                ],
                [
                    0.0,
                    0.9862456321716309,
                    -0.16528655588626862,
                    -0.6662914752960205
                ],
                [
                    0.0,
                    0.0,
                    0.0,
                    1.0
                ]
            ]
        },
        {
            "file_path": "/data/shapenet_blender/all_50_random/02958343/2854a948ff81145d2d7d789814cae761/r_29",
            "rotation": 0.12566370614359174,
            "transform_matrix": [
                [
                    0.4220140278339386,
                    -0.32657989859580994,
                    -0.84572434425354,
                    -3.409224033355713
                ],
                [
                    -0.9065892696380615,
                    -0.15202176570892334,
                    -0.3936816155910492,
                    -1.5869814157485962
                ],
                [
                    0.0,
                    0.9328638911247253,
                    -0.36022913455963135,
                    -1.4521301984786987
                ],
                [
                    0.0,
                    0.0,
                    0.0,
                    1.0
                ]
            ]
        },
        {
            "file_path": "/data/shapenet_blender/all_50_random/02958343/2854a948ff81145d2d7d789814cae761/r_30",
            "rotation": 0.12566370614359174,
            "transform_matrix": [
                [
                    0.053682226687669754,
                    -0.8375798463821411,
                    0.5436708331108093,
                    2.1916074752807617
                ],
                [
                    0.9985581636428833,
                    0.04502807557582855,
                    -0.0292276032269001,
                    -0.11782024800777435
                ],
                [
                    -1.862645593320167e-09,
                    0.5444559454917908,
                    0.8387893438339233,
                    3.381268262863159
                ],
                [
                    0.0,
                    0.0,
                    0.0,
                    1.0
                ]
            ]
        },
        {
            "file_path": "/data/shapenet_blender/all_50_random/02958343/2854a948ff81145d2d7d789814cae761/r_31",
            "rotation": 0.12566370614359174,
            "transform_matrix": [
                [
                    -0.3979460597038269,
                    -0.6847324967384338,
                    -0.6105573773384094,
                    -2.461235761642456
                ],
                [
                    -0.9174089431762695,
                    0.29701757431030273,
                    0.26484251022338867,
                    1.0676144361495972
                ],
                [
                    -1.4901162970204496e-08,
                    0.6655237674713135,
                    -0.7463765740394592,
                    -3.0087404251098633
                ],
                [
                    0.0,
                    0.0,
                    0.0,
                    1.0
                ]
            ]
        },
        {
            "file_path": "/data/shapenet_blender/all_50_random/02958343/2854a948ff81145d2d7d789814cae761/r_32",
            "rotation": 0.12566370614359174,
            "transform_matrix": [
                [
                    0.12264496833086014,
                    -0.5702905058860779,
                    0.8122357130050659,
                    3.2742271423339844
                ],
                [
                    0.9924506545066833,
                    0.07047530263662338,
                    -0.10037437826395035,
                    -0.40462207794189453
                ],
                [
                    -3.725290298461914e-09,
                    0.8184143304824829,
                    0.5746285319328308,
                    2.316401958465576
                ],
                [
                    0.0,
                    0.0,
                    0.0,
                    1.0
                ]
            ]
        },
        {
            "file_path": "/data/shapenet_blender/all_50_random/02958343/2854a948ff81145d2d7d789814cae761/r_33",
            "rotation": 0.12566370614359174,
            "transform_matrix": [
                [
                    -0.23353497684001923,
                    -0.32034581899642944,
                    -0.9180631637573242,
                    -3.7008309364318848
                ],
                [
                    -0.9723484516143799,
                    0.07693944871425629,
                    0.22049695253372192,
                    0.8888516426086426
                ],
                [
                    0.0,
                    0.9441710114479065,
                    -0.32945579290390015,
                    -1.3280787467956543
                ],
                [
                    0.0,
                    0.0,
                    0.0,
                    1.0
                ]
            ]
        },
        {
            "file_path": "/data/shapenet_blender/all_50_random/02958343/2854a948ff81145d2d7d789814cae761/r_34",
            "rotation": 0.12566370614359174,
            "transform_matrix": [
                [
                    -0.9995932579040527,
                    0.023932917043566704,
                    -0.015510957688093185,
                    -0.06252667307853699
                ],
                [
                    -0.02851971983909607,
                    -0.838829517364502,
                    0.5436465740203857,
                    2.19150972366333
                ],
                [
                    0.0,
                    0.5438677072525024,
                    0.8391707539558411,
                    3.382805824279785
                ],
                [
                    0.0,
                    0.0,
                    0.0,
                    1.0
                ]
            ]
        },
        {
            "file_path": "/data/shapenet_blender/all_50_random/02958343/2854a948ff81145d2d7d789814cae761/r_35",
            "rotation": 0.12566370614359174,
            "transform_matrix": [
                [
                    0.9485377669334412,
                    0.06377825886011124,
                    -0.3101746737957001,
                    -1.2503540515899658
                ],
                [
                    -0.31666380167007446,
                    0.1910419911146164,
                    -0.9291000962257385,
                    -3.7453222274780273
                ],
                [
                    0.0,
                    0.9795076251029968,
                    0.20140686631202698,
                    0.8118970394134521
                ],
                [
                    0.0,
                    0.0,
                    0.0,
                    1.0
                ]
            ]
        },
        {
            "file_path": "/data/shapenet_blender/all_50_random/02958343/2854a948ff81145d2d7d789814cae761/r_36",
            "rotation": 0.12566370614359174,
            "transform_matrix": [
                [
                    0.2454153448343277,
                    -0.20425496995449066,
                    -0.9476555585861206,
                    -3.820122003555298
                ],
                [
                    -0.9694181084632874,
                    -0.0517086498439312,
                    -0.23990598320960999,
                    -0.9670920372009277
                ],
                [
                    0.0,
                    0.9775511026382446,
                    -0.21069851517677307,
                    -0.8493529558181763
                ],
                [
                    0.0,
                    0.0,
                    0.0,
                    1.0
                ]
            ]
        },
        {
            "file_path": "/data/shapenet_blender/all_50_random/02958343/2854a948ff81145d2d7d789814cae761/r_37",
            "rotation": 0.12566370614359174,
            "transform_matrix": [
                [
                    -0.49793142080307007,
                    0.11902544647455215,
                    0.8590095043182373,
                    3.462777614593506
                ],
                [
                    0.8672164082527161,
                    0.06834108382463455,
                    0.493219256401062,
                    1.9882302284240723
                ],
                [
                    0.0,
                    0.9905364513397217,
                    -0.13725000619888306,
                    -0.5532724261283875
                ],
                [
                    0.0,
                    0.0,
                    0.0,
                    1.0
                ]
            ]
        },
        {
            "file_path": "/data/shapenet_blender/all_50_random/02958343/2854a948ff81145d2d7d789814cae761/r_38",
            "rotation": 0.12566370614359174,
            "transform_matrix": [
                [
                    -0.5334468483924866,
                    -0.614577054977417,
                    0.5811449289321899,
                    2.342670202255249
                ],
                [
                    0.8458336591720581,
                    -0.3875989317893982,
                    0.36651408672332764,
                    1.4774655103683472
                ],
                [
                    0.0,
                    0.6870676875114441,
                    0.7265933752059937,
                    2.9289915561676025
                ],
                [
                    0.0,
                    0.0,
                    0.0,
                    1.0
                ]
            ]
        },
        {
            "file_path": "/data/shapenet_blender/all_50_random/02958343/2854a948ff81145d2d7d789814cae761/r_39",
            "rotation": 0.12566370614359174,
            "transform_matrix": [
                [
                    0.002555964281782508,
                    0.11655358225107193,
                    -0.9931811094284058,
                    -4.003641128540039
                ],
                [
                    -0.9999967217445374,
                    0.00029790776898153126,
                    -0.0025385438930243254,
                    -0.01023319736123085
                ],
                [
                    0.0,
                    0.9931843280792236,
                    0.11655396223068237,
                    0.4698440432548523
                ],
                [
                    0.0,
                    0.0,
                    0.0,
                    1.0
                ]
            ]
        },
        {
            "file_path": "/data/shapenet_blender/all_50_random/02958343/2854a948ff81145d2d7d789814cae761/r_40",
            "rotation": 0.12566370614359174,
            "transform_matrix": [
                [
                    0.9942122101783752,
                    -0.0678209513425827,
                    0.08332036435604095,
                    0.33587515354156494
                ],
                [
                    0.10743353515863419,
                    0.6276291608810425,
                    -0.7710639834403992,
                    -3.1082584857940674
                ],
                [
                    0.0,
                    0.7755526900291443,
                    0.6312828063964844,
                    2.5447826385498047
                ],
                [
                    0.0,
                    0.0,
                    0.0,
                    1.0
                ]
            ]
        },
        {
            "file_path": "/data/shapenet_blender/all_50_random/02958343/2854a948ff81145d2d7d789814cae761/r_41",
            "rotation": 0.12566370614359174,
            "transform_matrix": [
                [
                    -0.8987938761711121,
                    -0.35669592022895813,
                    -0.25482863187789917,
                    -1.0272471904754639
                ],
                [
                    -0.4383715093135834,
                    0.7313342094421387,
                    0.52247554063797,
                    2.1061666011810303
                ],
                [
                    0.0,
                    0.5813075304031372,
                    -0.8136838674545288,
