{
    "class": "02958343",
    "model": "43be650d6fd7468fd9952f9e00a53f0e",
    "remove_doubles": true,
    "edge_split": true,
    "denoise": true,
    "camera_angle_x": 0.6911112070083618,
    "scale_factor": 2.2800805852761177,
    "hdri_file": "/data/IndoorHDRDataset2018/9C4A3319-036562f85a.exr",
    "center_offset": [
        0.0,
        0.0,
        -3.725290298461914e-09
    ],
    "lights": [],
    "frames": [
        {
            "file_path": "/data/shapenet_blender/all_50_random/02958343/43be650d6fd7468fd9952f9e00a53f0e/r_0",
            "rotation": 0.12566370614359174,
            "transform_matrix": [
                [
                    -0.9992099404335022,
                    -0.011470489203929901,
                    -0.03805181011557579,
                    -0.1533917486667633
                ],
                [
                    -0.039743077009916306,
                    0.2883879542350769,
                    0.9566885232925415,
                    3.856534481048584
                ],
                [
                    -1.8626450382086546e-09,
                    0.957444965839386,
                    -0.28861597180366516,
                    -1.1634482145309448
                ],
                [
                    0.0,
                    0.0,
                    0.0,
                    1.0
                ]
            ]
        },
        {
            "file_path": "/data/shapenet_blender/all_50_random/02958343/43be650d6fd7468fd9952f9e00a53f0e/r_1",
            "rotation": 0.12566370614359174,
            "transform_matrix": [
                [
                    -0.19206173717975616,
                    -0.51214998960495,
                    0.8371467590332031,
                    3.3746464252471924
                ],
                [
                    0.9813827872276306,
                    -0.10023041814565659,
                    0.16383399069309235,
                    0.6604359149932861
                ],
                [
                    -7.450580152834618e-09,
                    0.8530277013778687,
                    0.5218656659126282,
                    2.103707790374756
                ],
                [
                    0.0,
                    0.0,
                    0.0,
                    1.0
                ]
            ]
        },
        {
            "file_path": "/data/shapenet_blender/all_50_random/02958343/43be650d6fd7468fd9952f9e00a53f0e/r_2",
            "rotation": 0.12566370614359174,
            "transform_matrix": [
                [
                    0.5965321660041809,
                    -0.3154083788394928,
                    0.7380155324935913,
                    2.9750356674194336
                ],
                [
                    0.8025891780853271,
                    0.23443032801151276,
                    -0.5485371947288513,
                    -2.21122407913208
                ],
                [
                    0.0,
                    0.9195432662963867,
                    0.3929886817932129,
                    1.5841881036758423
                ],
                [
                    0.0,
                    0.0,
                    0.0,
                    1.0
                ]
            ]
        },
        {
            "file_path": "/data/shapenet_blender/all_50_random/02958343/43be650d6fd7468fd9952f9e00a53f0e/r_3",
            "rotation": 0.12566370614359174,
            "transform_matrix": [
                [
                    0.04316515102982521,
                    0.12389761954545975,
                    0.9913557171821594,
                    3.9962828159332275
                ],
                [
                    0.999068021774292,
                    -0.0053530484437942505,
                    -0.042831938713788986,
                    -0.17266106605529785
                ],
                [
                    0.0,
                    0.9922805428504944,
                    -0.12401321530342102,
                    -0.4999132752418518
                ],
                [
                    0.0,
                    0.0,
                    0.0,
                    1.0
                ]
            ]
        },
        {
            "file_path": "/data/shapenet_blender/all_50_random/02958343/43be650d6fd7468fd9952f9e00a53f0e/r_4",
            "rotation": 0.12566370614359174,
            "transform_matrix": [
                [
                    -0.18992915749549866,
                    -0.2254805862903595,
                    -0.9555549621582031,
                    -3.8519654273986816
                ],
                [
                    -0.9817977547645569,
                    0.0436193123459816,
                    0.1848524957895279,
                    0.7451643347740173
                ],
                [
                    0.0,
                    0.9732707738876343,
                    -0.22966089844703674,
                    -0.9257927536964417
                ],
                [
                    0.0,
                    0.0,
                    0.0,
                    1.0
                ]
            ]
        },
        {
            "file_path": "/data/shapenet_blender/all_50_random/02958343/43be650d6fd7468fd9952f9e00a53f0e/r_5",
            "rotation": 0.12566370614359174,
            "transform_matrix": [
                [
                    0.06385570764541626,
                    0.9773567914962769,
                    0.20173227787017822,
                    0.813208818435669
                ],
                [
                    0.9979590773582458,
                    -0.06253744661808014,
                    -0.012908102944493294,
                    -0.052034229040145874
                ],
                [
                    0.0,
                    0.20214495062828064,
                    -0.9793556332588196,
                    -3.947908878326416
                ],
                [
                    0.0,
                    0.0,
                    0.0,
                    1.0
                ]
            ]
        },
        {
            "file_path": "/data/shapenet_blender/all_50_random/02958343/43be650d6fd7468fd9952f9e00a53f0e/r_6",
            "rotation": 0.12566370614359174,
            "transform_matrix": [
                [
                    -0.91648930311203,
                    0.36670973896980286,
                    0.15991100668907166,
                    0.6446219682693481
                ],
                [
                    0.4000594913959503,
                    0.8400889039039612,
                    0.3663373291492462,
                    1.4767531156539917
                ],
                [
                    0.0,
                    0.39971813559532166,
                    -0.9166380167007446,
                    -3.6950862407684326
                ],
                [
                    0.0,
                    0.0,
                    0.0,
                    1.0
                ]
            ]
        },
        {
            "file_path": "/data/shapenet_blender/all_50_random/02958343/43be650d6fd7468fd9952f9e00a53f0e/r_7",
            "rotation": 0.12566370614359174,
            "transform_matrix": [
                [
                    0.8533569574356079,
                    -0.1619935780763626,
                    -0.49552008509635925,
                    -1.9975053071975708
                ],
                [
                    -0.5213272571563721,
                    -0.26516613364219666,
                    -0.8111133575439453,
                    -3.269702434539795
                ],
                [
                    1.4901162970204496e-08,
                    0.9504972100257874,
                    -0.31073302030563354,
                    -1.2526048421859741
                ],
                [
                    0.0,
                    0.0,
                    0.0,
                    1.0
                ]
            ]
        },
        {
            "file_path": "/data/shapenet_blender/all_50_random/02958343/43be650d6fd7468fd9952f9e00a53f0e/r_8",
            "rotation": 0.12566370614359174,
            "transform_matrix": [
                [
                    -0.5795584321022034,
                    -0.8109044432640076,
                    0.08090706169605255,
                    0.32614681124687195
                ],
                [
                    0.8149305582046509,
                    -0.5766952037811279,
                    0.05753910914063454,
                    0.23194757103919983
                ],
                [
                    -7.450580152834618e-09,
                    0.09928091615438461,
                    0.9950594305992126,
                    4.0112128257751465
                ],
                [
                    0.0,
                    0.0,
                    0.0,
                    1.0
                ]
            ]
        },
        {
            "file_path": "/data/shapenet_blender/all_50_random/02958343/43be650d6fd7468fd9952f9e00a53f0e/r_9",
            "rotation": 0.12566370614359174,
            "transform_matrix": [
                [
                    -0.15264670550823212,
                    -0.4728129506111145,
                    0.8678402900695801,
                    3.4983763694763184
                ],
                [
                    0.9882808327674866,
                    -0.07302918285131454,
                    0.1340438425540924,
                    0.5403480529785156
                ],
                [
                    0.0,
                    0.8781313300132751,
                    0.47841963171958923,
                    1.928571343421936
                ],
                [
                    0.0,
                    0.0,
                    0.0,
                    1.0
                ]
            ]
        },
        {
            "file_path": "/data/shapenet_blender/all_50_random/02958343/43be650d6fd7468fd9952f9e00a53f0e/r_10",
            "rotation": 0.12566370614359174,
            "transform_matrix": [
                [
                    -0.3726430833339691,
                    0.05224517732858658,
                    0.9265029430389404,
                    3.7348523139953613
                ],
                [
                    0.9279747009277344,
                    0.02097988687455654,
                    0.37205207347869873,
                    1.4997897148132324
                ],
                [
                    -1.8626447051417472e-09,
                    0.9984139800071716,
                    -0.05630021542310715,
                    -0.2269534021615982
                ],
                [
                    0.0,
                    0.0,
                    0.0,
                    1.0
                ]
            ]
        },
        {
            "file_path": "/data/shapenet_blender/all_50_random/02958343/43be650d6fd7468fd9952f9e00a53f0e/r_11",
            "rotation": 0.12566370614359174,
            "transform_matrix": [
                [
                    -0.30826807022094727,
                    0.4509409964084625,
                    0.8376293182373047,
                    3.376591920852661
                ],
                [
                    0.9512994885444641,
                    0.14612717926502228,
                    0.2714333236217499,
                    1.0941828489303589
                ],
                [
                    7.450580152834618e-09,
                    0.880510687828064,
                    -0.47402629256248474,
                    -1.9108612537384033
                ],
                [
                    0.0,
                    0.0,
                    0.0,
                    1.0
                ]
            ]
        },
        {
            "file_path": "/data/shapenet_blender/all_50_random/02958343/43be650d6fd7468fd9952f9e00a53f0e/r_12",
            "rotation": 0.12566370614359174,
            "transform_matrix": [
                [
                    -0.9953333735466003,
                    0.08522487431764603,
                    -0.04525718837976456,
                    -0.18243756890296936
                ],
                [
                    -0.09649607539176941,
                    -0.8790736794471741,
                    0.466816782951355,
                    1.8817986249923706
                ],
                [
                    0.0,
                    0.4690055251121521,
                    0.8831952214241028,
                    3.5602738857269287
                ],
                [
                    0.0,
                    0.0,
                    0.0,
                    1.0
                ]
            ]
        },
        {
            "file_path": "/data/shapenet_blender/all_50_random/02958343/43be650d6fd7468fd9952f9e00a53f0e/r_13",
            "rotation": 0.12566370614359174,
            "transform_matrix": [
                [
                    -0.540159285068512,
                    0.20152461528778076,
                    -0.8170775175094604,
                    -3.2937450408935547
                ],
                [
                    -0.841562807559967,
                    -0.12934909760951996,
                    0.5244433283805847,
                    2.1140990257263184
                ],
                [
                    0.0,
                    0.9709050059318542,
                    0.23946473002433777,
                    0.9653132557868958
                ],
                [
                    0.0,
                    0.0,
                    0.0,
                    1.0
                ]
            ]
        },
        {
            "file_path": "/data/shapenet_blender/all_50_random/02958343/43be650d6fd7468fd9952f9e00a53f0e/r_14",
            "rotation": 0.12566370614359174,
            "transform_matrix": [
                [
                    -0.9998466372489929,
                    -0.007171138189733028,
                    -0.0159810371696949,
                    -0.0644216239452362
                ],
                [
                    -0.01751624420285225,
                    0.40933650732040405,
                    0.9122152924537659,
                    3.677257537841797
                ],
                [
                    0.0,
                    0.9123551845550537,
                    -0.4093993604183197,
                    -1.6503416299819946
                ],
                [
                    0.0,
                    0.0,
                    0.0,
                    1.0
                ]
            ]
        },
        {
            "file_path": "/data/shapenet_blender/all_50_random/02958343/43be650d6fd7468fd9952f9e00a53f0e/r_15",
            "rotation": 0.12566370614359174,
            "transform_matrix": [
                [
                    0.9999949932098389,
                    3.0028700166440103e-06,
                    -0.0031737980898469687,
                    -0.01279398798942566
                ],
                [
                    -0.003173799254000187,
                    0.0009461389272473752,
                    -0.9999945759773254,
                    -4.031106472015381
                ],
                [
                    2.273736618907049e-13,
                    0.9999995827674866,
                    0.0009461437002755702,
                    0.003814026713371277
                ],
                [
                    0.0,
                    0.0,
                    0.0,
                    1.0
                ]
            ]
        },
        {
            "file_path": "/data/shapenet_blender/all_50_random/02958343/43be650d6fd7468fd9952f9e00a53f0e/r_16",
            "rotation": 0.12566370614359174,
            "transform_matrix": [
                [
                    -0.8205164074897766,
                    0.012922530062496662,
                    -0.5714768767356873,
                    -2.303696632385254
                ],
                [
                    -0.571622908115387,
                    -0.018549200147390366,
                    0.8203068375587463,
                    3.306762218475342
                ],
                [
                    0.0,
                    0.9997444748878479,
                    0.02260673977434635,
                    0.09113067388534546
                ],
                [
                    0.0,
                    0.0,
                    0.0,
                    1.0
                ]
            ]
        },
        {
            "file_path": "/data/shapenet_blender/all_50_random/02958343/43be650d6fd7468fd9952f9e00a53f0e/r_17",
            "rotation": 0.12566370614359174,
            "transform_matrix": [
                [
                    -0.006428644526749849,
                    0.6176957488059998,
                    0.7863907814025879,
                    3.1700429916381836
                ],
                [
                    0.9999793767929077,
                    0.00397102814167738,
                    0.005055530928075314,
                    0.020379498600959778
                ],
                [
                    0.0,
                    0.7864071130752563,
                    -0.6177084445953369,
                    -2.490062713623047
                ],
                [
                    0.0,
                    0.0,
                    0.0,
                    1.0
                ]
            ]
        },
        {
            "file_path": "/data/shapenet_blender/all_50_random/02958343/43be650d6fd7468fd9952f9e00a53f0e/r_18",
            "rotation": 0.12566370614359174,
            "transform_matrix": [
                [
                    -0.9764629602432251,
                    -0.02321578934788704,
                    -0.2144322544336319,
                    -0.8644040822982788
                ],
                [
                    -0.21568533778190613,
                    0.10510384291410446,
                    0.970789909362793,
                    3.913379192352295
                ],
                [
                    0.0,
                    0.9941902160644531,
                    -0.10763730853796005,
                    -0.4338998794555664
                ],
                [
                    0.0,
                    0.0,
                    0.0,
                    1.0
                ]
            ]
        },
        {
            "file_path": "/data/shapenet_blender/all_50_random/02958343/43be650d6fd7468fd9952f9e00a53f0e/r_19",
            "rotation": 0.12566370614359174,
            "transform_matrix": [
                [
                    -0.6868404150009155,
                    -0.209730327129364,
                    -0.6958903670310974,
                    -2.8052237033843994
                ],
                [
                    -0.7268082499504089,
                    0.19819708168506622,
                    0.657622754573822,
                    2.6509621143341064
                ],
                [
                    0.0,
                    0.9574607610702515,
                    -0.2885635197162628,
                    -1.1632367372512817
                ],
                [
                    0.0,
                    0.0,
                    0.0,
                    1.0
                ]
            ]
        },
        {
            "file_path": "/data/shapenet_blender/all_50_random/02958343/43be650d6fd7468fd9952f9e00a53f0e/r_20",
            "rotation": 0.12566370614359174,
            "transform_matrix": [
                [
                    0.9928925633430481,
                    0.028121301904320717,
                    -0.11564426124095917,
                    -0.46617692708969116
                ],
                [
                    -0.11901430040597916,
                    0.23460566997528076,
                    -0.9647775888442993,
                    -3.8891427516937256
                ],
                [
                    -1.862645149230957e-09,
                    0.9716838002204895,
                    0.23628506064414978,
                    0.9524955749511719
                ],
                [
                    0.0,
                    0.0,
                    0.0,
                    1.0
                ]
            ]
        },
        {
            "file_path": "/data/shapenet_blender/all_50_random/02958343/43be650d6fd7468fd9952f9e00a53f0e/r_21",
            "rotation": 0.12566370614359174,
            "transform_matrix": [
                [
                    0.9862183332443237,
                    0.0366806760430336,
                    0.16133156418800354,
                    0.6503483653068542
                ],
                [
                    0.16544891893863678,
                    -0.21864847838878632,
                    -0.9616754055023193,
                    -3.8766374588012695
                ],
                [
                    -3.725290298461914e-09,
                    0.9751139879226685,
                    -0.22170396149158478,
                    -0.8937172293663025
                ],
                [
                    0.0,
                    0.0,
                    0.0,
                    1.0
                ]
            ]
        },
        {
            "file_path": "/data/shapenet_blender/all_50_random/02958343/43be650d6fd7468fd9952f9e00a53f0e/r_22",
            "rotation": 0.12566370614359174,
            "transform_matrix": [
                [
                    -0.9921358227729797,
                    0.032756295055150986,
                    0.120803102850914,
                    0.4869729280471802
                ],
                [
                    0.12516534328460693,
                    0.25964605808258057,
                    0.9575580358505249,
                    3.8600401878356934
                ],
                [
                    3.725290076417309e-09,
                    0.9651480913162231,
                    -0.26170411705970764,
                    -1.0549631118774414
                ],
                [
                    0.0,
                    0.0,
                    0.0,
                    1.0
                ]
            ]
        },
        {
            "file_path": "/data/shapenet_blender/all_50_random/02958343/43be650d6fd7468fd9952f9e00a53f0e/r_23",
            "rotation": 0.12566370614359174,
            "transform_matrix": [
                [
                    0.5960878133773804,
                    0.46905234456062317,
                    -0.6516664624214172,
                    -2.6269514560699463
                ],
                [
                    -0.8029192686080933,
                    0.34822478890419006,
                    -0.4837976396083832,
                    -1.9502506256103516
                ],
                [
                    0.0,
                    0.811621367931366,
                    0.5841837525367737,
                    2.3549201488494873
                ],
                [
                    0.0,
                    0.0,
                    0.0,
                    1.0
                ]
            ]
        },
        {
            "file_path": "/data/shapenet_blender/all_50_random/02958343/43be650d6fd7468fd9952f9e00a53f0e/r_24",
            "rotation": 0.12566370614359174,
            "transform_matrix": [
                [
                    -0.861167311668396,
                    -0.2258082926273346,
                    -0.4554136097431183,
                    -1.8358309268951416
                ],
                [
                    -0.5083217620849609,
                    0.382550448179245,
                    0.7715336084365845,
                    3.110151529312134
                ],
                [
                    0.0,
                    0.8959160447120667,
                    -0.44422319531440735,
                    -1.7907209396362305
                ],
                [
                    0.0,
                    0.0,
                    0.0,
                    1.0
                ]
            ]
        },
        {
            "file_path": "/data/shapenet_blender/all_50_random/02958343/43be650d6fd7468fd9952f9e00a53f0e/r_25",
            "rotation": 0.12566370614359174,
            "transform_matrix": [
                [
                    -0.18014104664325714,
                    -0.04350098595023155,
                    -0.9826782941818237,
                    -3.961303234100342
                ],
                [
                    -0.9836407899856567,
                    0.007966640405356884,
                    0.17996476590633392,
                    0.7254612445831299
                ],
                [
                    0.0,
                    0.9990216493606567,
                    -0.04422445595264435,
                    -0.1782744973897934
                ],
                [
                    0.0,
                    0.0,
                    0.0,
                    1.0
                ]
            ]
        },
        {
            "file_path": "/data/shapenet_blender/all_50_random/02958343/43be650d6fd7468fd9952f9e00a53f0e/r_26",
            "rotation": 0.12566370614359174,
            "transform_matrix": [
                [
                    0.8967715501785278,
                    -0.10060436278581619,
                    -0.4309054911136627,
                    -1.7370356321334839
                ],
                [
                    -0.44249382615089417,
                    -0.20388789474964142,
                    -0.873286247253418,
                    -3.520329475402832
                ],
                [
                    -7.450580596923828e-09,
                    0.9738112688064575,
                    -0.2273576706647873,
                    -0.9165080785751343
                ],
                [
                    0.0,
                    0.0,
                    0.0,
                    1.0
                ]
            ]
        },
        {
            "file_path": "/data/shapenet_blender/all_50_random/02958343/43be650d6fd7468fd9952f9e00a53f0e/r_27",
            "rotation": 0.12566370614359174,
            "transform_matrix": [
                [
                    -0.6168010234832764,
                    -0.012079179286956787,
                    -0.7870264649391174,
                    -3.17260479927063
                ],
                [
                    -0.7871190309524536,
                    0.009465468116104603,
                    0.6167284846305847,
                    2.486111640930176
                ],
                [
                    4.656612040410124e-10,
                    0.9998822212219238,
                    -0.015346067026257515,
                    -0.06186196580529213
                ],
                [
                    0.0,
                    0.0,
                    0.0,
                    1.0
                ]
            ]
        },
        {
            "file_path": "/data/shapenet_blender/all_50_random/02958343/43be650d6fd7468fd9952f9e00a53f0e/r_28",
            "rotation": 0.12566370614359174,
            "transform_matrix": [
                [
                    -0.9695751070976257,
                    0.08009445667266846,
                    -0.23131999373435974,
                    -0.9324806928634644
                ],
                [
                    -0.24479390680789948,
                    -0.31723660230636597,
                    0.9162078499794006,
                    3.693351984024048
                ],
                [
                    0.0,
                    0.9449581503868103,
                    0.3271913230419159,
                    1.3189504146575928
                ],
                [
                    0.0,
                    0.0,
                    0.0,
                    1.0
                ]
            ]
        },
        {
            "file_path": "/data/shapenet_blender/all_50_random/02958343/43be650d6fd7468fd9952f9e00a53f0e/r_29",
            "rotation": 0.12566370614359174,
            "transform_matrix": [
                [
                    -0.3709109127521515,
                    0.26800525188446045,
                    -0.8891559839248657,
                    -3.5843024253845215
                ],
                [
                    -0.9286684393882751,
                    -0.10704150050878525,
                    0.355129599571228,
                    1.4315731525421143
                ],
                [
                    7.4505797087454084e-09,
                    0.9574525356292725,
                    0.2885908782482147,
                    1.1633470058441162
                ],
                [
                    0.0,
                    0.0,
                    0.0,
                    1.0
                ]
            ]
        },
        {
            "file_path": "/data/shapenet_blender/all_50_random/02958343/43be650d6fd7468fd9952f9e00a53f0e/r_30",
            "rotation": 0.12566370614359174,
            "transform_matrix": [
                [
                    -0.8345728516578674,
                    -0.3208398222923279,
                    -0.44782793521881104,
                    -1.8052523136138916
                ],
                [
                    -0.550897479057312,
                    0.4860508441925049,
                    0.6784293055534363,
                    2.7348363399505615
                ],
                [
                    0.0,
                    0.81290602684021,
                    -0.5823946595191956,
                    -2.347708225250244
                ],
                [
                    0.0,
                    0.0,
                    0.0,
                    1.0
                ]
            ]
        },
        {
            "file_path": "/data/shapenet_blender/all_50_random/02958343/43be650d6fd7468fd9952f9e00a53f0e/r_31",
            "rotation": 0.12566370614359174,
            "transform_matrix": [
                [
                    -0.8773515820503235,
                    -0.2537924647331238,
                    -0.4072389304637909,
                    -1.6416326761245728
                ],
                [
                    -0.47984805703163147,
                    0.46403276920318604,
                    0.7445934414863586,
                    3.001552104949951
                ],
                [
                    0.0,
                    0.8486830592155457,
                    -0.5289016962051392,
                    -2.132071018218994
                ],
                [
                    0.0,
                    0.0,
                    0.0,
                    1.0
                ]
            ]
        },
        {
            "file_path": "/data/shapenet_blender/all_50_random/02958343/43be650d6fd7468fd9952f9e00a53f0e/r_32",
            "rotation": 0.12566370614359174,
            "transform_matrix": [
                [
                    -0.9999255537986755,
                    -0.00027965885237790644,
                    -0.012198703363537788,
                    -0.04917454719543457
                ],
                [
                    -0.012201908975839615,
                    0.02291756495833397,
                    0.9996628761291504,
                    4.0297698974609375
                ],
                [
                    0.0,
                    0.9997373223304749,
                    -0.022919271141290665,
                    -0.09239053726196289
                ],
                [
                    0.0,
                    0.0,
                    0.0,
                    1.0
                ]
            ]
        },
        {
            "file_path": "/data/shapenet_blender/all_50_random/02958343/43be650d6fd7468fd9952f9e00a53f0e/r_33",
            "rotation": 0.12566370614359174,
            "transform_matrix": [
                [
                    0.30456265807151794,
                    0.6718721985816956,
                    -0.6751511693000793,
                    -2.7216217517852783
                ],
                [
                    -0.952492356300354,
                    0.21483343839645386,
                    -0.21588189899921417,
                    -0.8702478408813477
                ],
                [
                    0.0,
                    0.7088258862495422,
                    0.70538330078125,
                    2.843491315841675
                ],
                [
                    0.0,
                    0.0,
                    0.0,
                    1.0
                ]
            ]
        },
        {
            "file_path": "/data/shapenet_blender/all_50_random/02958343/43be650d6fd7468fd9952f9e00a53f0e/r_34",
            "rotation": 0.12566370614359174,
            "transform_matrix": [
                [
                    -0.7016748785972595,
                    0.3659643232822418,
                    0.6113283038139343,
                    2.464343547821045
                ],
                [
                    0.7124972343444824,
                    0.3604055941104889,
                    0.6020426750183105,
                    2.4269118309020996
                ],
                [
                    0.0,
                    0.858008086681366,
                    -0.51363605260849,
                    -2.070533514022827
                ],
                [
                    0.0,
                    0.0,
                    0.0,
                    1.0
                ]
            ]
        },
        {
            "file_path": "/data/shapenet_blender/all_50_random/02958343/43be650d6fd7468fd9952f9e00a53f0e/r_35",
            "rotation": 0.12566370614359174,
            "transform_matrix": [
                [
                    -0.18721064925193787,
                    0.973612904548645,
                    0.1304992139339447,
                    0.526059091091156
                ],
                [
                    0.9823198914527893,
                    0.18555127084255219,
                    0.024870557710528374,
                    0.10025641322135925
                ],
                [
                    0.0,
                    0.13284790515899658,
                    -0.9911364912986755,
                    -3.99539852142334
                ],
                [
                    0.0,
                    0.0,
                    0.0,
                    1.0
                ]
            ]
        },
        {
            "file_path": "/data/shapenet_blender/all_50_random/02958343/43be650d6fd7468fd9952f9e00a53f0e/r_36",
            "rotation": 0.12566370614359174,
            "transform_matrix": [
                [
                    0.04360193386673927,
                    0.17402897775173187,
                    0.983774721622467,
                    3.9657227993011475
                ],
                [
                    0.9990489482879639,
                    -0.007595223840326071,
                    -0.042935315519571304,
                    -0.173077791929245
                ],
                [
                    4.656612873077393e-10,
                    0.9847111701965332,
                    -0.17419464886188507,
                    -0.7022010684013367
                ],
                [
                    0.0,
                    0.0,
                    0.0,
                    1.0
                ]
            ]
        },
        {
            "file_path": "/data/shapenet_blender/all_50_random/02958343/43be650d6fd7468fd9952f9e00a53f0e/r_37",
            "rotation": 0.12566370614359174,
            "transform_matrix": [
                [
                    -0.8949198722839355,
                    -0.0006215828470885754,
                    0.4462263286113739,
                    1.7987959384918213
                ],
                [
                    0.4462267756462097,
                    -0.0012466012267395854,
                    0.8949189782142639,
                    3.6075339317321777
                ],
                [
                    0.0,
                    0.9999990463256836,
                    0.0013929751003161073,
                    0.005615262780338526
                ],
                [
                    0.0,
                    0.0,
                    0.0,
                    1.0
                ]
            ]
        },
        {
            "file_path": "/data/shapenet_blender/all_50_random/02958343/43be650d6fd7468fd9952f9e00a53f0e/r_38",
            "rotation": 0.12566370614359174,
            "transform_matrix": [
                [
                    0.01596912369132042,
                    0.19345270097255707,
                    -0.9809796214103699,
                    -3.9544551372528076
                ],
                [
                    -0.9998724460601807,
                    0.003089664736762643,
                    -0.01566738449037075,
                    -0.06315724551677704
                ],
                [
                    0.0,
                    0.9811047315597534,
                    0.19347739219665527,
                    0.7799322605133057
                ],
                [
                    0.0,
                    0.0,
                    0.0,
                    1.0
                ]
            ]
        },
        {
            "file_path": "/data/shapenet_blender/all_50_random/02958343/43be650d6fd7468fd9952f9e00a53f0e/r_39",
            "rotation": 0.12566370614359174,
            "transform_matrix": [
                [
                    -0.6006519198417664,
                    0.3692258894443512,
                    -0.7091470956802368,
                    -2.8586630821228027
                ],
                [
                    -0.7995105981826782,
                    -0.2773899734020233,
                    0.5327640771865845,
                    2.1476404666900635
                ],
                [
                    -1.4901159417490817e-08,
                    0.8869762420654297,
                    0.46181491017341614,
                    1.8616352081298828
                ],
                [
                    0.0,
                    0.0,
                    0.0,
                    1.0
                ]
            ]
        },
        {
            "file_path": "/data/shapenet_blender/all_50_random/02958343/43be650d6fd7468fd9952f9e00a53f0e/r_40",
            "rotation": 0.12566370614359174,
            "transform_matrix": [
                [
                    -0.15930674970149994,
                    -0.6983510255813599,
                    -0.6978016495704651,
                    -2.8129286766052246
                ],
                [
                    -0.9872291088104248,
                    0.11269120126962662,
                    0.11260256171226501,
                    0.45391547679901123
                ],
                [
                    -7.450580152834618e-09,
                    0.7068285942077637,
                    -0.7073848247528076,
                    -2.851559638977051
                ],
                [
                    0.0,
                    0.0,
                    0.0,
                    1.0
                ]
            ]
        },
        {
            "file_path": "/data/shapenet_blender/all_50_random/02958343/43be650d6fd7468fd9952f9e00a53f0e/r_41",
            "rotation": 0.12566370614359174,
            "transform_matrix": [
                [
                    0.13548579812049866,
                    -0.5655665397644043,
                    0.8134973049163818,
                    3.2793128490448
                ],
                [
                    0.9907793402671814,
                    0.07733936607837677,
                    -0.11124307662248611,
                    -0.4484352171421051
                ],
                [
