{
    "class": "02958343",
    "model": "a42b6210fa2682adeb4ea3744b7acd6c",
    "remove_doubles": true,
    "edge_split": true,
    "denoise": true,
    "camera_angle_x": 0.6911112070083618,
    "scale_factor": 2.2412027878349554,
    "hdri_file": "/data/IndoorHDRDataset2018/AG8A4089-ec23c18c70.exr",
    "center_offset": [
        0.0,
        -1.862645149230957e-09,
        -3.725290298461914e-09
    ],
    "lights": [],
    "frames": [
        {
            "file_path": "/data/shapenet_blender/all_50_random/02958343/a42b6210fa2682adeb4ea3744b7acd6c/r_0",
            "rotation": 0.12566370614359174,
            "transform_matrix": [
                [
                    0.6441965699195862,
                    0.418338418006897,
                    0.6403152942657471,
                    2.581193685531616
                ],
                [
                    0.7648599147796631,
                    -0.35234183073043823,
                    -0.5392999053001404,
                    -2.173987627029419
                ],
                [
                    -1.4901159417490817e-08,
                    0.8371667265892029,
                    -0.546947717666626,
                    -2.204817056655884
                ],
                [
                    0.0,
                    0.0,
                    0.0,
                    1.0
                ]
            ]
        },
        {
            "file_path": "/data/shapenet_blender/all_50_random/02958343/a42b6210fa2682adeb4ea3744b7acd6c/r_1",
            "rotation": 0.12566370614359174,
            "transform_matrix": [
                [
                    0.69743812084198,
                    -0.07906937599182129,
                    -0.7122695446014404,
                    -2.871250629425049
                ],
                [
                    -0.7166448831558228,
                    -0.07695023715496063,
                    -0.6931800246238708,
                    -2.7942984104156494
                ],
                [
                    3.725290076417309e-09,
                    0.9938947558403015,
                    -0.1103326752781868,
                    -0.44476526975631714
                ],
                [
                    0.0,
                    0.0,
                    0.0,
                    1.0
                ]
            ]
        },
        {
            "file_path": "/data/shapenet_blender/all_50_random/02958343/a42b6210fa2682adeb4ea3744b7acd6c/r_2",
            "rotation": 0.12566370614359174,
            "transform_matrix": [
                [
                    -0.9610203504562378,
                    0.20282508432865143,
                    0.18788780272006989,
                    0.7574000358581543
                ],
                [
                    0.276477575302124,
                    0.7050084471702576,
                    0.653087317943573,
                    2.6326794624328613
                ],
                [
                    0.0,
                    0.6795769929885864,
                    -0.7336040735244751,
                    -2.9572527408599854
                ],
                [
                    0.0,
                    0.0,
                    0.0,
                    1.0
                ]
            ]
        },
        {
            "file_path": "/data/shapenet_blender/all_50_random/02958343/a42b6210fa2682adeb4ea3744b7acd6c/r_3",
            "rotation": 0.12566370614359174,
            "transform_matrix": [
                [
                    -0.3777550458908081,
                    0.8036971092224121,
                    0.4597522020339966,
                    1.8533203601837158
                ],
                [
                    0.9259056448936462,
                    0.327895849943161,
                    0.187571719288826,
                    0.756125807762146
                ],
                [
                    1.4901161193847656e-08,
                    0.49654334783554077,
                    -0.8680119514465332,
                    -3.499068021774292
                ],
                [
                    0.0,
                    0.0,
                    0.0,
                    1.0
                ]
            ]
        },
        {
            "file_path": "/data/shapenet_blender/all_50_random/02958343/a42b6210fa2682adeb4ea3744b7acd6c/r_4",
            "rotation": 0.12566370614359174,
            "transform_matrix": [
                [
                    0.690343976020813,
                    0.1294659972190857,
                    -0.711803138256073,
                    -2.869370460510254
                ],
                [
                    -0.7234814167022705,
                    0.1235361099243164,
                    -0.6792005896568298,
                    -2.737945318222046
                ],
                [
                    7.450580596923828e-09,
                    0.9838584065437317,
                    0.17894864082336426,
                    0.7213650941848755
                ],
                [
                    0.0,
                    0.0,
                    0.0,
                    1.0
                ]
            ]
        },
        {
            "file_path": "/data/shapenet_blender/all_50_random/02958343/a42b6210fa2682adeb4ea3744b7acd6c/r_5",
            "rotation": 0.12566370614359174,
            "transform_matrix": [
                [
                    0.9539046287536621,
                    -0.04348153993487358,
                    0.2969430685043335,
                    1.1970157623291016
                ],
                [
                    0.3001096844673157,
                    0.13820694386959076,
                    -0.9438394904136658,
                    -3.804738759994507
                ],
                [
                    0.0,
                    0.9894483685493469,
                    0.14488548040390015,
                    0.5840520262718201
                ],
                [
                    0.0,
                    0.0,
                    0.0,
                    1.0
                ]
            ]
        },
        {
            "file_path": "/data/shapenet_blender/all_50_random/02958343/a42b6210fa2682adeb4ea3744b7acd6c/r_6",
            "rotation": 0.12566370614359174,
            "transform_matrix": [
                [
                    -0.8253667950630188,
                    0.10065191239118576,
                    -0.5555527210235596,
                    -2.239504814147949
                ],
                [
                    -0.564596951007843,
                    -0.14713992178440094,
                    0.8121453523635864,
                    3.273862838745117
                ],
                [
                    -7.450580596923828e-09,
                    0.983981192111969,
                    0.17827215790748596,
                    0.7186381220817566
                ],
                [
                    0.0,
                    0.0,
                    0.0,
                    1.0
                ]
            ]
        },
        {
            "file_path": "/data/shapenet_blender/all_50_random/02958343/a42b6210fa2682adeb4ea3744b7acd6c/r_7",
            "rotation": 0.12566370614359174,
            "transform_matrix": [
                [
                    0.9978039860725403,
                    0.04263409227132797,
                    0.05069071799516678,
                    0.20434081554412842
                ],
                [
                    0.06623604893684387,
                    -0.642255425453186,
                    -0.7636233568191528,
                    -3.0782642364501953
                ],
                [
                    0.0,
                    0.765303909778595,
                    -0.6436690092086792,
                    -2.594712734222412
                ],
                [
                    0.0,
                    0.0,
                    0.0,
                    1.0
                ]
            ]
        },
        {
            "file_path": "/data/shapenet_blender/all_50_random/02958343/a42b6210fa2682adeb4ea3744b7acd6c/r_8",
            "rotation": 0.12566370614359174,
            "transform_matrix": [
                [
                    -0.6064834594726562,
                    0.33145180344581604,
                    0.7227152585983276,
                    2.913358688354492
                ],
                [
                    0.7950959801673889,
                    0.2528248727321625,
                    0.5512728691101074,
                    2.222252368927002
                ],
                [
                    0.0,
                    0.9089660048484802,
                    -0.4168701171875,
                    -1.680457353591919
                ],
                [
                    0.0,
                    0.0,
                    0.0,
                    1.0
                ]
            ]
        },
        {
            "file_path": "/data/shapenet_blender/all_50_random/02958343/a42b6210fa2682adeb4ea3744b7acd6c/r_9",
            "rotation": 0.12566370614359174,
            "transform_matrix": [
                [
                    0.3141249120235443,
                    0.31272318959236145,
                    0.89639812707901,
                    3.6134965419769287
                ],
                [
                    0.9493815898895264,
                    -0.10347171127796173,
                    -0.2965940833091736,
                    -1.1956089735031128
                ],
                [
                    0.0,
                    0.944191575050354,
                    -0.32939669489860535,
                    -1.3278405666351318
                ],
                [
                    0.0,
                    0.0,
                    0.0,
                    1.0
                ]
            ]
        },
        {
            "file_path": "/data/shapenet_blender/all_50_random/02958343/a42b6210fa2682adeb4ea3744b7acd6c/r_10",
            "rotation": 0.12566370614359174,
            "transform_matrix": [
                [
                    0.9910069108009338,
                    0.09143493324518204,
                    -0.09769774973392487,
                    -0.3938322365283966
                ],
                [
                    -0.13381029665470123,
                    0.6771724224090576,
                    -0.7235552668571472,
                    -2.9167444705963135
                ],
                [
                    -7.450580596923828e-09,
                    0.7301212549209595,
                    0.6833175420761108,
                    2.7545411586761475
                ],
                [
                    0.0,
                    0.0,
                    0.0,
                    1.0
                ]
            ]
        },
        {
            "file_path": "/data/shapenet_blender/all_50_random/02958343/a42b6210fa2682adeb4ea3744b7acd6c/r_11",
            "rotation": 0.12566370614359174,
            "transform_matrix": [
                [
                    0.07421261072158813,
                    0.11843940615653992,
                    -0.9901840686798096,
                    -3.9915597438812256
                ],
                [
                    -0.9972425103187561,
                    0.008814002387225628,
                    -0.07368733733892441,
                    -0.2970431447029114
                ],
                [
                    0.0,
                    0.9929221272468567,
                    0.1187669113278389,
                    0.47876474261283875
                ],
                [
                    0.0,
                    0.0,
                    0.0,
                    1.0
                ]
            ]
        },
        {
            "file_path": "/data/shapenet_blender/all_50_random/02958343/a42b6210fa2682adeb4ea3744b7acd6c/r_12",
            "rotation": 0.12566370614359174,
            "transform_matrix": [
                [
                    0.6460253000259399,
                    0.6686533689498901,
                    -0.3681766390800476,
                    -1.4841675758361816
                ],
                [
                    -0.7633160352706909,
                    0.5659084320068359,
                    -0.31160277128219604,
                    -1.2561110258102417
                ],
                [
                    1.4901161193847656e-08,
                    0.48233839869499207,
                    0.8759849071502686,
                    3.5312082767486572
                ],
                [
                    0.0,
                    0.0,
                    0.0,
                    1.0
                ]
            ]
        },
        {
            "file_path": "/data/shapenet_blender/all_50_random/02958343/a42b6210fa2682adeb4ea3744b7acd6c/r_13",
            "rotation": 0.12566370614359174,
            "transform_matrix": [
                [
                    -0.9286853075027466,
                    -0.20307166874408722,
                    0.31033146381378174,
                    1.250986099243164
                ],
                [
                    0.37086889147758484,
                    -0.5085076689720154,
                    0.7770947217941284,
                    3.1325690746307373
                ],
                [
                    1.4901162970204496e-08,
                    0.8367686867713928,
                    0.5475565195083618,
                    2.207270860671997
                ],
                [
                    0.0,
                    0.0,
                    0.0,
                    1.0
                ]
            ]
        },
        {
            "file_path": "/data/shapenet_blender/all_50_random/02958343/a42b6210fa2682adeb4ea3744b7acd6c/r_14",
            "rotation": 0.12566370614359174,
            "transform_matrix": [
                [
                    0.02017456293106079,
                    -0.1633705198764801,
                    -0.9863584637641907,
                    -3.9761383533477783
                ],
                [
                    -0.9997965097427368,
                    -0.003296599490568042,
                    -0.019903400912880898,
                    -0.08023318648338318
                ],
                [
                    4.656612873077393e-10,
                    0.9865592122077942,
                    -0.16340377926826477,
                    -0.6587017774581909
                ],
                [
                    0.0,
                    0.0,
                    0.0,
                    1.0
                ]
            ]
        },
        {
            "file_path": "/data/shapenet_blender/all_50_random/02958343/a42b6210fa2682adeb4ea3744b7acd6c/r_15",
            "rotation": 0.12566370614359174,
            "transform_matrix": [
                [
                    0.9974129796028137,
                    -0.006712425500154495,
                    -0.07157068699598312,
                    -0.28851068019866943
                ],
                [
                    -0.07188476622104645,
                    -0.0931360051035881,
                    -0.9930550456047058,
                    -4.0031328201293945
                ],
                [
                    4.656612873077393e-10,
                    0.9956308007240295,
                    -0.09337757527828217,
                    -0.37641704082489014
                ],
                [
                    0.0,
                    0.0,
                    0.0,
                    1.0
                ]
            ]
        },
        {
            "file_path": "/data/shapenet_blender/all_50_random/02958343/a42b6210fa2682adeb4ea3744b7acd6c/r_16",
            "rotation": 0.12566370614359174,
            "transform_matrix": [
                [
                    -0.5047028064727783,
                    0.7744829058647156,
                    0.3813807964324951,
                    1.5373951196670532
                ],
                [
                    0.8632930517196655,
                    0.45278215408325195,
                    0.2229647934436798,
                    0.8987998366355896
                ],
                [
                    0.0,
                    0.4417744278907776,
                    -0.8971261382102966,
                    -3.61643123626709
                ],
                [
                    0.0,
                    0.0,
                    0.0,
                    1.0
                ]
            ]
        },
        {
            "file_path": "/data/shapenet_blender/all_50_random/02958343/a42b6210fa2682adeb4ea3744b7acd6c/r_17",
            "rotation": 0.12566370614359174,
            "transform_matrix": [
                [
                    0.9422706365585327,
                    -0.008182619698345661,
                    -0.33475247025489807,
                    -1.3494302034378052
                ],
                [
                    -0.3348524272441864,
                    -0.023025792092084885,
                    -0.9419893026351929,
                    -3.7972798347473145
                ],
                [
                    -4.6566123179658803e-10,
                    0.9997014403343201,
                    -0.024436498060822487,
                    -0.09850665926933289
                ],
                [
                    0.0,
                    0.0,
                    0.0,
                    1.0
                ]
            ]
        },
        {
            "file_path": "/data/shapenet_blender/all_50_random/02958343/a42b6210fa2682adeb4ea3744b7acd6c/r_18",
            "rotation": 0.12566370614359174,
            "transform_matrix": [
                [
                    0.4806312918663025,
                    -0.02868754230439663,
                    -0.8764534592628479,
                    -3.5330967903137207
                ],
                [
                    -0.8769229054450989,
                    -0.01572331041097641,
                    -0.4803740084171295,
                    -1.9364495277404785
                ],
                [
                    0.0,
                    0.9994646906852722,
                    -0.0327138751745224,
                    -0.13187384605407715
                ],
                [
                    0.0,
                    0.0,
                    0.0,
                    1.0
                ]
            ]
        },
        {
            "file_path": "/data/shapenet_blender/all_50_random/02958343/a42b6210fa2682adeb4ea3744b7acd6c/r_19",
            "rotation": 0.12566370614359174,
            "transform_matrix": [
                [
                    0.24156343936920166,
                    0.6347716450691223,
                    0.7339699864387512,
                    2.9587275981903076
                ],
                [
                    0.9703850746154785,
                    -0.15801729261875153,
                    -0.18271128833293915,
                    -0.7365327477455139
                ],
                [
                    0.0,
                    0.7563698887825012,
                    -0.6541441679000854,
                    -2.636939525604248
                ],
                [
                    0.0,
                    0.0,
                    0.0,
                    1.0
                ]
            ]
        },
        {
            "file_path": "/data/shapenet_blender/all_50_random/02958343/a42b6210fa2682adeb4ea3744b7acd6c/r_20",
            "rotation": 0.12566370614359174,
            "transform_matrix": [
                [
                    0.8975594639778137,
                    -0.43482711911201477,
                    0.07288669049739838,
                    0.2938156723976135
                ],
                [
                    0.4408935010433197,
                    0.8852096199989319,
                    -0.1483808159828186,
                    -0.5981422662734985
                ],
                [
                    0.0,
                    0.16531579196453094,
                    0.9862406253814697,
                    3.975663423538208
                ],
                [
                    0.0,
                    0.0,
                    0.0,
                    1.0
                ]
            ]
        },
        {
            "file_path": "/data/shapenet_blender/all_50_random/02958343/a42b6210fa2682adeb4ea3744b7acd6c/r_21",
            "rotation": 0.12566370614359174,
            "transform_matrix": [
                [
                    -0.5485316514968872,
                    -0.09022171795368195,
                    -0.8312479257583618,
                    -3.35086727142334
                ],
                [
                    -0.8361297845840454,
                    0.05918873846530914,
                    0.5453289747238159,
                    2.198291063308716
                ],
                [
                    0.0,
                    0.9941612482070923,
                    -0.10790397971868515,
                    -0.4349747896194458
                ],
                [
                    0.0,
                    0.0,
                    0.0,
                    1.0
                ]
            ]
        },
        {
            "file_path": "/data/shapenet_blender/all_50_random/02958343/a42b6210fa2682adeb4ea3744b7acd6c/r_22",
            "rotation": 0.12566370614359174,
            "transform_matrix": [
                [
                    -0.9966427087783813,
                    -0.029509130865335464,
                    -0.0763709545135498,
                    -0.30786120891571045
                ],
                [
                    -0.08187375962734222,
                    0.3592122793197632,
                    0.929657518863678,
                    3.7475695610046387
                ],
                [
                    0.0,
                    0.932789146900177,
                    -0.3604223430156708,
                    -1.4529091119766235
                ],
                [
                    0.0,
                    0.0,
                    0.0,
                    1.0
                ]
            ]
        },
        {
            "file_path": "/data/shapenet_blender/all_50_random/02958343/a42b6210fa2682adeb4ea3744b7acd6c/r_23",
            "rotation": 0.12566370614359174,
            "transform_matrix": [
                [
                    -0.9428397417068481,
                    0.06936675310134888,
                    -0.32594698667526245,
                    -1.3139344453811646
                ],
                [
                    -0.33324646949768066,
                    -0.1962563395500183,
                    0.9221876859664917,
                    3.7174577713012695
                ],
                [
                    7.450580596923828e-09,
                    0.9780959486961365,
                    0.20815448462963104,
                    0.8390976190567017
                ],
                [
                    0.0,
                    0.0,
                    0.0,
                    1.0
                ]
            ]
        },
        {
            "file_path": "/data/shapenet_blender/all_50_random/02958343/a42b6210fa2682adeb4ea3744b7acd6c/r_24",
            "rotation": 0.12566370614359174,
            "transform_matrix": [
                [
                    0.5663917660713196,
                    0.009718134999275208,
                    0.8240787982940674,
                    3.321967840194702
                ],
                [
                    0.8241360783576965,
                    -0.006678838282823563,
                    -0.5663524270057678,
                    -2.2830395698547363
                ],
                [
                    0.0,
                    0.9999305605888367,
                    -0.011791904456913471,
                    -0.04753468558192253
                ],
                [
                    0.0,
                    0.0,
                    0.0,
                    1.0
                ]
            ]
        },
        {
            "file_path": "/data/shapenet_blender/all_50_random/02958343/a42b6210fa2682adeb4ea3744b7acd6c/r_25",
            "rotation": 0.12566370614359174,
            "transform_matrix": [
                [
                    -0.47132962942123413,
                    0.4716235399246216,
                    -0.7452647686004639,
                    -3.004258394241333
                ],
                [
                    -0.8819572329521179,
                    -0.25204184651374817,
                    0.3982793688774109,
                    1.605515480041504
                ],
                [
                    1.4901162970204496e-08,
                    0.8450124263763428,
                    0.534746527671814,
                    2.155632257461548
                ],
                [
                    0.0,
                    0.0,
                    0.0,
                    1.0
                ]
            ]
        },
        {
            "file_path": "/data/shapenet_blender/all_50_random/02958343/a42b6210fa2682adeb4ea3744b7acd6c/r_26",
            "rotation": 0.12566370614359174,
            "transform_matrix": [
                [
                    0.6628583073616028,
                    0.00352294254116714,
                    0.748736560344696,
                    3.0182535648345947
                ],
                [
                    0.748744785785675,
                    -0.0031188353896141052,
                    -0.6628510355949402,
                    -2.6720380783081055
                ],
                [
                    0.0,
                    0.9999889135360718,
                    -0.004705131519585848,
                    -0.01896699145436287
                ],
                [
                    0.0,
                    0.0,
                    0.0,
                    1.0
                ]
            ]
        },
        {
            "file_path": "/data/shapenet_blender/all_50_random/02958343/a42b6210fa2682adeb4ea3744b7acd6c/r_27",
            "rotation": 0.12566370614359174,
            "transform_matrix": [
                [
                    -0.8010854721069336,
                    0.06918563693761826,
                    0.5945378541946411,
                    2.3966586589813232
                ],
                [
                    0.5985497832298279,
                    0.09259649366140366,
                    0.7957160472869873,
                    3.2076337337493896
                ],
                [
                    -3.7252896323280993e-09,
                    0.9932971596717834,
                    -0.11558877676725388,
                    -0.4659532308578491
                ],
                [
                    0.0,
                    0.0,
                    0.0,
                    1.0
                ]
            ]
        },
        {
            "file_path": "/data/shapenet_blender/all_50_random/02958343/a42b6210fa2682adeb4ea3744b7acd6c/r_28",
            "rotation": 0.12566370614359174,
            "transform_matrix": [
                [
                    0.516745388507843,
                    -0.3465016782283783,
                    -0.7828862071037292,
                    -3.155914783477783
                ],
                [
                    -0.8561390042304993,
                    -0.20914028584957123,
                    -0.4725317358970642,
                    -1.9048361778259277
                ],
                [
                    0.0,
                    0.914438009262085,
                    -0.40472596883773804,
                    -1.631502389907837
                ],
                [
                    0.0,
                    0.0,
                    0.0,
                    1.0
                ]
            ]
        },
        {
            "file_path": "/data/shapenet_blender/all_50_random/02958343/a42b6210fa2682adeb4ea3744b7acd6c/r_29",
            "rotation": 0.12566370614359174,
            "transform_matrix": [
                [
                    -0.46766141057014465,
                    -0.19920755922794342,
                    0.861167311668396,
                    3.4714765548706055
                ],
                [
                    0.8839077949523926,
                    -0.10539752244949341,
                    0.45562979578971863,
                    1.8367024660110474
                ],
                [
                    0.0,
                    0.9742729067802429,
                    0.22537145018577576,
                    0.908501386642456
                ],
                [
                    0.0,
                    0.0,
                    0.0,
                    1.0
                ]
            ]
        },
        {
            "file_path": "/data/shapenet_blender/all_50_random/02958343/a42b6210fa2682adeb4ea3744b7acd6c/r_30",
            "rotation": 0.12566370614359174,
            "transform_matrix": [
                [
                    0.4087623059749603,
                    -0.3582119941711426,
                    -0.8394030928611755,
                    -3.383742094039917
                ],
                [
                    -0.9126409888267517,
                    -0.1604393720626831,
                    -0.3759598135948181,
                    -1.5155425071716309
                ],
                [
                    1.4901162970204496e-08,
                    0.9197517037391663,
                    -0.39250048995018005,
                    -1.5822200775146484
                ],
                [
                    0.0,
                    0.0,
                    0.0,
                    1.0
                ]
            ]
        },
        {
            "file_path": "/data/shapenet_blender/all_50_random/02958343/a42b6210fa2682adeb4ea3744b7acd6c/r_31",
            "rotation": 0.12566370614359174,
            "transform_matrix": [
                [
                    0.8860899806022644,
                    0.05523039028048515,
                    0.46021100878715515,
                    1.8551698923110962
                ],
                [
                    0.4635133147239685,
                    -0.10558293014764786,
                    -0.8797770738601685,
                    -3.546494722366333
                ],
                [
                    -7.450580596923828e-09,
                    0.9928755760192871,
                    -0.11915598809719086,
                    -0.480333149433136
                ],
                [
                    0.0,
                    0.0,
                    0.0,
                    1.0
                ]
            ]
        },
        {
            "file_path": "/data/shapenet_blender/all_50_random/02958343/a42b6210fa2682adeb4ea3744b7acd6c/r_32",
            "rotation": 0.12566370614359174,
            "transform_matrix": [
                [
                    -0.5638031363487244,
                    0.6011719703674316,
                    -0.5663197636604309,
                    -2.2829079627990723
                ],
                [
                    -0.8259091973304749,
                    -0.4103873372077942,
                    0.38659563660621643,
                    1.5584168434143066
                ],
                [
                    0.0,
                    0.6856926083564758,
                    0.727891206741333,
                    2.9342234134674072
                ],
                [
                    0.0,
                    0.0,
                    0.0,
                    1.0
                ]
            ]
        },
        {
            "file_path": "/data/shapenet_blender/all_50_random/02958343/a42b6210fa2682adeb4ea3744b7acd6c/r_33",
            "rotation": 0.12566370614359174,
            "transform_matrix": [
                [
                    -0.4885892868041992,
                    -0.19675998389720917,
                    -0.8500388264656067,
                    -3.4266161918640137
                ],
                [
                    -0.8725139498710632,
                    0.11018141359090805,
                    0.4760036766529083,
                    1.9188321828842163
                ],
                [
                    0.0,
                    0.9742408990859985,
                    -0.22550930082798004,
                    -0.909057080745697
                ],
                [
                    0.0,
                    0.0,
                    0.0,
                    1.0
                ]
            ]
        },
        {
            "file_path": "/data/shapenet_blender/all_50_random/02958343/a42b6210fa2682adeb4ea3744b7acd6c/r_34",
            "rotation": 0.12566370614359174,
            "transform_matrix": [
                [
                    -0.9761396646499634,
                    0.04571695253252983,
                    0.21227653324604034,
                    0.8557140827178955
                ],
                [
                    0.21714365482330322,
                    0.2055143266916275,
                    0.9542601704597473,
                    3.846745729446411
                ],
                [
                    -3.725290298461914e-09,
                    0.9775856733322144,
                    -0.2105378359556198,
                    -0.8487051725387573
                ],
                [
                    0.0,
                    0.0,
                    0.0,
                    1.0
                ]
            ]
        },
        {
            "file_path": "/data/shapenet_blender/all_50_random/02958343/a42b6210fa2682adeb4ea3744b7acd6c/r_35",
            "rotation": 0.12566370614359174,
            "transform_matrix": [
                [
                    -0.047936201095581055,
                    0.68027263879776,
                    0.7313899993896484,
                    2.9483273029327393
                ],
                [
                    0.998850405216217,
                    0.03264721482992172,
                    0.035100407898426056,
                    0.1414942741394043
                ],
                [
                    1.862645149230957e-09,
                    0.7322317361831665,
                    -0.6810555458068848,
                    -2.745422601699829
                ],
                [
                    0.0,
                    0.0,
                    0.0,
                    1.0
                ]
            ]
        },
        {
            "file_path": "/data/shapenet_blender/all_50_random/02958343/a42b6210fa2682adeb4ea3744b7acd6c/r_36",
            "rotation": 0.12566370614359174,
            "transform_matrix": [
                [
                    0.9610317349433899,
                    -0.0044758194126188755,
                    -0.27640166878700256,
                    -1.1142107248306274
                ],
                [
                    -0.2764378786087036,
                    -0.01556011289358139,
                    -0.9609058499336243,
                    -3.87353515625
                ],
                [
                    -4.656612040410124e-10,
                    0.9998689293861389,
                    -0.01619104854762554,
                    -0.06526820361614227
                ],
                [
                    0.0,
                    0.0,
                    0.0,
                    1.0
                ]
            ]
        },
        {
            "file_path": "/data/shapenet_blender/all_50_random/02958343/a42b6210fa2682adeb4ea3744b7acd6c/r_37",
            "rotation": 0.12566370614359174,
            "transform_matrix": [
                [
                    0.7922590374946594,
                    0.039453405886888504,
                    0.6089080572128296,
                    2.45458722114563
                ],
                [
                    0.6101849675178528,
                    -0.051225971430540085,
                    -0.7906010746955872,
                    -3.1870150566101074
                ],
                [
                    1.862645371275562e-09,
                    0.9979074001312256,
                    -0.06465810537338257,
                    -0.26064518094062805
                ],
                [
                    0.0,
                    0.0,
                    0.0,
                    1.0
                ]
            ]
        },
        {
            "file_path": "/data/shapenet_blender/all_50_random/02958343/a42b6210fa2682adeb4ea3744b7acd6c/r_38",
            "rotation": 0.12566370614359174,
            "transform_matrix": [
                [
                    0.4780805706977844,
                    -0.09009724855422974,
                    0.8736826777458191,
                    3.52192759513855
                ],
                [
                    0.8783159852027893,
                    0.04904128238558769,
                    -0.4755585789680481,
                    -1.9170379638671875
                ],
                [
                    0.0,
                    0.9947247505187988,
                    0.10257954150438309,
                    0.41351136565208435
                ],
                [
                    0.0,
                    0.0,
                    0.0,
                    1.0
                ]
            ]
        },
        {
            "file_path": "/data/shapenet_blender/all_50_random/02958343/a42b6210fa2682adeb4ea3744b7acd6c/r_39",
            "rotation": 0.12566370614359174,
            "transform_matrix": [
                [
                    0.10814418643712997,
                    0.14190736413002014,
                    -0.9839548468589783,
                    -3.9664487838745117
                ],
                [
                    -0.9941352605819702,
                    0.015436990186572075,
                    -0.10703673958778381,
                    -0.431478887796402
                ],
                [
                    0.0,
                    0.9897595643997192,
                    0.1427445262670517,
                    0.5754215717315674
                ],
                [
                    0.0,
                    0.0,
                    0.0,
                    1.0
                ]
            ]
        },
        {
            "file_path": "/data/shapenet_blender/all_50_random/02958343/a42b6210fa2682adeb4ea3744b7acd6c/r_40",
            "rotation": 0.12566370614359174,
            "transform_matrix": [
                [
                    -0.998540997505188,
                    -0.02185657247900963,
                    0.04937887564301491,
                    0.199052631855011
                ],
                [
                    0.053999848663806915,
                    -0.4041619598865509,
                    0.9130920171737671,
                    3.6807918548583984
                ],
                [
                    0.0,
                    0.9144262075424194,
                    0.4047524929046631,
                    1.631609559059143
                ],
                [
                    0.0,
                    0.0,
                    0.0,
                    1.0
                ]
            ]
        },
        {
            "file_path": "/data/shapenet_blender/all_50_random/02958343/a42b6210fa2682adeb4ea3744b7acd6c/r_41",
            "rotation": 0.12566370614359174,
            "transform_matrix": [
                [
                    0.7948831915855408,
                    -0.05422598868608475,
                    0.6043345332145691,
                    2.436150312423706
                ],
                [
                    0.6067624688148499,
                    0.07103822380304337,
                    -0.7917025089263916,
                    -3.1914548873901367
                ],
                [
