{
    "class": "02958343",
    "model": "a5dcd1196a1ffa9739f20966eb25504f",
    "remove_doubles": true,
    "edge_split": true,
    "denoise": true,
    "camera_angle_x": 0.6911112070083618,
    "scale_factor": 2.1811533975801303,
    "hdri_file": "/data/IndoorHDRDataset2018/AG8A9834-c3c757aec7.exr",
    "center_offset": [
        0.0,
        0.0,
        3.725290298461914e-09
    ],
    "lights": [],
    "frames": [
        {
            "file_path": "/data/shapenet_blender/all_50_random/02958343/a5dcd1196a1ffa9739f20966eb25504f/r_0",
            "rotation": 0.12566370614359174,
            "transform_matrix": [
                [
                    -0.9762979745864868,
                    0.1470232605934143,
                    -0.15882888436317444,
                    -0.6402596831321716
                ],
                [
                    -0.21643120050430298,
                    -0.6632062196731567,
                    0.716460108757019,
                    2.8881430625915527
                ],
                [
                    0.0,
                    0.7338539958000183,
                    0.679307222366333,
                    2.738374948501587
                ],
                [
                    0.0,
                    0.0,
                    0.0,
                    1.0
                ]
            ]
        },
        {
            "file_path": "/data/shapenet_blender/all_50_random/02958343/a5dcd1196a1ffa9739f20966eb25504f/r_1",
            "rotation": 0.12566370614359174,
            "transform_matrix": [
                [
                    -0.9851330518722534,
                    0.02164844423532486,
                    -0.17042416334152222,
                    -0.6870017647743225
                ],
                [
                    -0.1717936396598816,
                    -0.12414078414440155,
                    0.9772799015045166,
                    3.9395413398742676
                ],
                [
                    0.0,
                    0.9920282959938049,
                    0.12601424753665924,
                    0.507979691028595
                ],
                [
                    0.0,
                    0.0,
                    0.0,
                    1.0
                ]
            ]
        },
        {
            "file_path": "/data/shapenet_blender/all_50_random/02958343/a5dcd1196a1ffa9739f20966eb25504f/r_2",
            "rotation": 0.12566370614359174,
            "transform_matrix": [
                [
                    0.053591493517160416,
                    -0.27192550897598267,
                    0.9608247876167297,
                    3.87320876121521
                ],
                [
                    0.9985629320144653,
                    0.01459386758506298,
                    -0.05156613886356354,
                    -0.2078697681427002
                ],
                [
                    -9.313225746154785e-10,
                    0.962207555770874,
                    0.2723168432712555,
                    1.0977444648742676
                ],
                [
                    0.0,
                    0.0,
                    0.0,
                    1.0
                ]
            ]
        },
        {
            "file_path": "/data/shapenet_blender/all_50_random/02958343/a5dcd1196a1ffa9739f20966eb25504f/r_3",
            "rotation": 0.12566370614359174,
            "transform_matrix": [
                [
                    0.8258488178253174,
                    0.026744864881038666,
                    0.5632568597793579,
                    2.2705609798431396
                ],
                [
                    0.5638914108276367,
                    -0.03916927054524422,
                    -0.8249195218086243,
                    -3.325356960296631
                ],
                [
                    0.0,
                    0.9988744854927063,
                    -0.047429103404283524,
                    -0.1911928355693817
                ],
                [
                    0.0,
                    0.0,
                    0.0,
                    1.0
                ]
            ]
        },
        {
            "file_path": "/data/shapenet_blender/all_50_random/02958343/a5dcd1196a1ffa9739f20966eb25504f/r_4",
            "rotation": 0.12566370614359174,
            "transform_matrix": [
                [
                    -0.6145076751708984,
                    0.03508499637246132,
                    0.7881302237510681,
                    3.1770548820495605
                ],
                [
                    0.7889108061790466,
                    0.027328819036483765,
                    0.6138996481895447,
                    2.4747087955474854
                ],
                [
                    0.0,
                    0.9990105628967285,
                    -0.04447270184755325,
                    -0.17927521467208862
                ],
                [
                    0.0,
                    0.0,
                    0.0,
                    1.0
                ]
            ]
        },
        {
            "file_path": "/data/shapenet_blender/all_50_random/02958343/a5dcd1196a1ffa9739f20966eb25504f/r_5",
            "rotation": 0.12566370614359174,
            "transform_matrix": [
                [
                    0.11294295638799667,
                    0.37321096658706665,
                    0.9208461046218872,
                    3.7120490074157715
                ],
                [
                    0.9936015009880066,
                    -0.04242298752069473,
                    -0.10467281937599182,
                    -0.4219495952129364
                ],
                [
                    -3.725290298461914e-09,
                    0.9267759323120117,
                    -0.3756144046783447,
                    -1.5141499042510986
                ],
                [
                    0.0,
                    0.0,
                    0.0,
                    1.0
                ]
            ]
        },
        {
            "file_path": "/data/shapenet_blender/all_50_random/02958343/a5dcd1196a1ffa9739f20966eb25504f/r_6",
            "rotation": 0.12566370614359174,
            "transform_matrix": [
                [
                    -0.29318204522132874,
                    -0.004860341548919678,
                    -0.9560442566871643,
                    -3.8539376258850098
                ],
                [
                    -0.9560566544532776,
                    0.0014904607087373734,
                    0.2931782603263855,
                    1.1818393468856812
                ],
                [
                    -1.1641532182693481e-10,
                    0.9999871253967285,
                    -0.005083737429231405,
                    -0.020493201911449432
                ],
                [
                    0.0,
                    0.0,
                    0.0,
                    1.0
                ]
            ]
        },
        {
            "file_path": "/data/shapenet_blender/all_50_random/02958343/a5dcd1196a1ffa9739f20966eb25504f/r_7",
            "rotation": 0.12566370614359174,
            "transform_matrix": [
                [
                    0.8745225071907043,
                    -0.0673060193657875,
                    0.48029187321662903,
                    1.936118483543396
                ],
                [
                    0.4849849045276642,
                    0.12136589735746384,
                    -0.8660600185394287,
                    -3.491199493408203
                ],
                [
                    0.0,
                    0.9903233051300049,
                    0.13877961039543152,
                    0.5594385266304016
                ],
                [
                    0.0,
                    0.0,
                    0.0,
                    1.0
                ]
            ]
        },
        {
            "file_path": "/data/shapenet_blender/all_50_random/02958343/a5dcd1196a1ffa9739f20966eb25504f/r_8",
            "rotation": 0.12566370614359174,
            "transform_matrix": [
                [
                    -0.9837977886199951,
                    0.047308649867773056,
                    0.17292778193950653,
                    0.697094202041626
                ],
                [
                    0.1792822629213333,
                    0.2596026062965393,
                    0.9489279985427856,
                    3.8252511024475098
                ],
                [
                    0.0,
                    0.9645560383796692,
                    -0.2638780474662781,
                    -1.0637264251708984
                ],
                [
                    0.0,
                    0.0,
                    0.0,
                    1.0
                ]
            ]
        },
        {
            "file_path": "/data/shapenet_blender/all_50_random/02958343/a5dcd1196a1ffa9739f20966eb25504f/r_9",
            "rotation": 0.12566370614359174,
            "transform_matrix": [
                [
                    -0.5576827526092529,
                    -0.673961341381073,
                    -0.4845266044139862,
                    -1.9531893730163574
                ],
                [
                    -0.8300542235374451,
                    0.4528096914291382,
                    0.32553550601005554,
                    1.312275767326355
                ],
                [
                    -1.4901161193847656e-08,
                    0.5837290287017822,
                    -0.8119485378265381,
                    -3.273069381713867
                ],
                [
                    0.0,
                    0.0,
                    0.0,
                    1.0
                ]
            ]
        },
        {
            "file_path": "/data/shapenet_blender/all_50_random/02958343/a5dcd1196a1ffa9739f20966eb25504f/r_10",
            "rotation": 0.12566370614359174,
            "transform_matrix": [
                [
                    -0.2538200616836548,
                    -0.6364736557006836,
                    -0.7283382415771484,
                    -2.936025619506836
                ],
                [
                    -0.9672514796257019,
                    0.16701942682266235,
                    0.19112595915794373,
                    0.7704534530639648
                ],
                [
                    -7.450580596923828e-09,
                    0.752997875213623,
                    -0.6580228805541992,
                    -2.6525752544403076
                ],
                [
                    0.0,
                    0.0,
                    0.0,
                    1.0
                ]
            ]
        },
        {
            "file_path": "/data/shapenet_blender/all_50_random/02958343/a5dcd1196a1ffa9739f20966eb25504f/r_11",
            "rotation": 0.12566370614359174,
            "transform_matrix": [
                [
                    0.9266013503074646,
                    -0.36959317326545715,
                    -0.0693613812327385,
                    -0.2796046733856201
                ],
                [
                    -0.3760454058647156,
                    -0.9107025861740112,
                    -0.17091113328933716,
                    -0.68896484375
                ],
                [
                    0.0,
                    0.1844494789838791,
                    -0.982841968536377,
                    -3.9619626998901367
                ],
                [
                    0.0,
                    0.0,
                    0.0,
                    1.0
                ]
            ]
        },
        {
            "file_path": "/data/shapenet_blender/all_50_random/02958343/a5dcd1196a1ffa9739f20966eb25504f/r_12",
            "rotation": 0.12566370614359174,
            "transform_matrix": [
                [
                    0.4852270483970642,
                    0.3884379267692566,
                    -0.7833713293075562,
                    -3.1578710079193115
                ],
                [
                    -0.8743882775306702,
                    0.21555708348751068,
                    -0.4347187280654907,
                    -1.7524073123931885
                ],
                [
                    0.0,
                    0.895907998085022,
                    0.44423964619636536,
                    1.7907874584197998
                ],
                [
                    0.0,
                    0.0,
                    0.0,
                    1.0
                ]
            ]
        },
        {
            "file_path": "/data/shapenet_blender/all_50_random/02958343/a5dcd1196a1ffa9739f20966eb25504f/r_13",
            "rotation": 0.12566370614359174,
            "transform_matrix": [
                [
                    0.669201135635376,
                    0.6386771202087402,
                    0.379817396402359,
                    1.531092882156372
                ],
                [
                    0.743081271648407,
                    -0.5751773118972778,
                    -0.34205442667007446,
                    -1.3788654804229736
                ],
                [
                    1.4901161193847656e-08,
                    0.5111383199691772,
                    -0.8594983816146851,
                    -3.4647488594055176
                ],
                [
                    0.0,
                    0.0,
                    0.0,
                    1.0
                ]
            ]
        },
        {
            "file_path": "/data/shapenet_blender/all_50_random/02958343/a5dcd1196a1ffa9739f20966eb25504f/r_14",
            "rotation": 0.12566370614359174,
            "transform_matrix": [
                [
                    0.026557249948382378,
                    -0.08170930296182632,
                    -0.9963023066520691,
                    -4.016222953796387
                ],
                [
                    -0.999647319316864,
                    -0.0021707399282604456,
                    -0.026468385010957718,
                    -0.10669746994972229
                ],
                [
                    2.3283064365386963e-10,
                    0.9966537952423096,
                    -0.08173813670873642,
                    -0.32949697971343994
                ],
                [
                    0.0,
                    0.0,
                    0.0,
                    1.0
                ]
            ]
        },
        {
            "file_path": "/data/shapenet_blender/all_50_random/02958343/a5dcd1196a1ffa9739f20966eb25504f/r_15",
            "rotation": 0.12566370614359174,
            "transform_matrix": [
                [
                    0.2563451826572418,
                    0.2742516100406647,
                    -0.9268619418144226,
                    -3.736300230026245
                ],
                [
                    -0.9665853977203369,
                    0.07273344695568085,
                    -0.24581025540828705,
                    -0.9908928871154785
                ],
                [
                    7.450581485102248e-09,
                    0.958903431892395,
                    0.28373241424560547,
                    1.1437621116638184
                ],
                [
                    0.0,
                    0.0,
                    0.0,
                    1.0
                ]
            ]
        },
        {
            "file_path": "/data/shapenet_blender/all_50_random/02958343/a5dcd1196a1ffa9739f20966eb25504f/r_16",
            "rotation": 0.12566370614359174,
            "transform_matrix": [
                [
                    -0.2677668333053589,
                    0.09312858432531357,
                    -0.9589723944664001,
                    -3.86574125289917
                ],
                [
                    -0.9634837508201599,
                    -0.025881852954626083,
                    0.26651304960250854,
                    1.0743484497070312
                ],
                [
                    0.0,
                    0.9953175783157349,
                    0.09665818512439728,
                    0.3896416127681732
                ],
                [
                    0.0,
                    0.0,
                    0.0,
                    1.0
                ]
            ]
        },
        {
            "file_path": "/data/shapenet_blender/all_50_random/02958343/a5dcd1196a1ffa9739f20966eb25504f/r_17",
            "rotation": 0.12566370614359174,
            "transform_matrix": [
                [
                    0.8531939387321472,
                    0.03277099132537842,
                    0.5205633044242859,
                    2.0984578132629395
                ],
                [
                    0.5215938091278076,
                    -0.05360494926571846,
                    -0.8515083193778992,
                    -3.432539939880371
                ],
                [
                    -1.862645149230957e-09,
                    0.9980243444442749,
                    -0.06282856315374374,
                    -0.2532700300216675
                ],
                [
                    0.0,
                    0.0,
                    0.0,
                    1.0
                ]
            ]
        },
        {
            "file_path": "/data/shapenet_blender/all_50_random/02958343/a5dcd1196a1ffa9739f20966eb25504f/r_18",
            "rotation": 0.12566370614359174,
            "transform_matrix": [
                [
                    -0.8599772453308105,
                    -0.005637545138597488,
                    0.5103012323379517,
                    2.0570902824401855
                ],
                [
                    0.510332465171814,
                    -0.009500004351139069,
                    0.8599246740341187,
                    3.4664673805236816
                ],
                [
                    0.0,
                    0.9999390244483948,
                    0.011046807281672955,
                    0.04453110694885254
                ],
                [
                    0.0,
                    0.0,
                    0.0,
                    1.0
                ]
            ]
        },
        {
            "file_path": "/data/shapenet_blender/all_50_random/02958343/a5dcd1196a1ffa9739f20966eb25504f/r_19",
            "rotation": 0.12566370614359174,
            "transform_matrix": [
                [
                    0.7186489701271057,
                    -0.11116691678762436,
                    0.686429500579834,
                    2.7670860290527344
                ],
                [
                    0.6953730583190918,
                    0.11488796025514603,
                    -0.7094060778617859,
                    -2.8597075939178467
                ],
                [
                    0.0,
                    0.987138569355011,
                    0.1598665714263916,
                    0.6444427967071533
                ],
                [
                    0.0,
                    0.0,
                    0.0,
                    1.0
                ]
            ]
        },
        {
            "file_path": "/data/shapenet_blender/all_50_random/02958343/a5dcd1196a1ffa9739f20966eb25504f/r_20",
            "rotation": 0.12566370614359174,
            "transform_matrix": [
                [
                    0.3401240110397339,
                    0.3575897514820099,
                    0.8697385787963867,
                    3.506028413772583
                ],
                [
                    0.9403806328773499,
                    -0.12933580577373505,
                    -0.3145737051963806,
                    -1.2680871486663818
                ],
                [
                    7.450580596923828e-09,
                    0.9248793125152588,
                    -0.3802606463432312,
                    -1.5328797101974487
                ],
                [
                    0.0,
                    0.0,
                    0.0,
                    1.0
                ]
            ]
        },
        {
            "file_path": "/data/shapenet_blender/all_50_random/02958343/a5dcd1196a1ffa9739f20966eb25504f/r_21",
            "rotation": 0.12566370614359174,
            "transform_matrix": [
                [
                    -0.36701667308807373,
                    -0.16878558695316315,
                    -0.9147732257843018,
                    -3.6875691413879395
                ],
                [
                    -0.9302143454551697,
                    0.06659445911645889,
                    0.3609243333339691,
                    1.454932689666748
                ],
                [
                    3.725290742551124e-09,
                    0.9834003448486328,
                    -0.1814480721950531,
                    -0.7314406633377075
                ],
                [
                    0.0,
                    0.0,
                    0.0,
                    1.0
                ]
            ]
        },
        {
            "file_path": "/data/shapenet_blender/all_50_random/02958343/a5dcd1196a1ffa9739f20966eb25504f/r_22",
            "rotation": 0.12566370614359174,
            "transform_matrix": [
                [
                    0.7988478541374207,
                    -0.0002260403853142634,
                    -0.6015331745147705,
                    -2.4248576164245605
                ],
                [
                    -0.6015331745147705,
                    -0.00030018604593351483,
                    -0.7988478541374207,
                    -3.2202582359313965
                ],
                [
                    1.4551913493643376e-11,
                    0.9999999403953552,
                    -0.0003757737867999822,
                    -0.0015147924423217773
                ],
                [
                    0.0,
                    0.0,
                    0.0,
                    1.0
                ]
            ]
        },
        {
            "file_path": "/data/shapenet_blender/all_50_random/02958343/a5dcd1196a1ffa9739f20966eb25504f/r_23",
            "rotation": 0.12566370614359174,
            "transform_matrix": [
                [
                    -0.771023690700531,
                    0.35330453515052795,
                    -0.529809832572937,
                    -2.1357316970825195
                ],
                [
                    -0.6368065476417542,
                    -0.4277690649032593,
                    0.6414756774902344,
                    2.5858712196350098
                ],
                [
                    0.0,
                    0.8319792747497559,
                    0.554806649684906,
                    2.236497163772583
                ],
                [
                    0.0,
                    0.0,
                    0.0,
                    1.0
                ]
            ]
        },
        {
            "file_path": "/data/shapenet_blender/all_50_random/02958343/a5dcd1196a1ffa9739f20966eb25504f/r_24",
            "rotation": 0.12566370614359174,
            "transform_matrix": [
                [
                    0.2313036471605301,
                    0.007623851299285889,
                    0.9728517532348633,
                    3.9216909408569336
                ],
                [
                    0.9728816747665405,
                    -0.0018125787610188127,
                    -0.23129653930664062,
                    -0.9323861598968506
                ],
                [
                    0.0,
                    0.9999693036079407,
                    -0.007836360484361649,
                    -0.03158937767148018
                ],
                [
                    0.0,
                    0.0,
                    0.0,
                    1.0
                ]
            ]
        },
        {
            "file_path": "/data/shapenet_blender/all_50_random/02958343/a5dcd1196a1ffa9739f20966eb25504f/r_25",
            "rotation": 0.12566370614359174,
            "transform_matrix": [
                [
                    0.6185159683227539,
                    -0.4114648699760437,
                    -0.6694285869598389,
                    -2.6985530853271484
                ],
                [
                    -0.7857722043991089,
                    -0.3238821029663086,
                    -0.5269367098808289,
                    -2.124150037765503
                ],
                [
                    0.0,
                    0.8519372344017029,
                    -0.5236437916755676,
                    -2.1108758449554443
                ],
                [
                    0.0,
                    0.0,
                    0.0,
                    1.0
                ]
            ]
        },
        {
            "file_path": "/data/shapenet_blender/all_50_random/02958343/a5dcd1196a1ffa9739f20966eb25504f/r_26",
            "rotation": 0.12566370614359174,
            "transform_matrix": [
                [
                    -0.7741426229476929,
                    -0.03892132639884949,
                    -0.6318135857582092,
                    -2.546921968460083
                ],
                [
                    -0.6330112814903259,
                    0.04759892821311951,
                    0.7726778984069824,
                    3.1147642135620117
                ],
                [
                    0.0,
                    0.99810791015625,
                    -0.06148599460721016,
                    -0.2478579729795456
                ],
                [
                    0.0,
                    0.0,
                    0.0,
                    1.0
                ]
            ]
        },
        {
            "file_path": "/data/shapenet_blender/all_50_random/02958343/a5dcd1196a1ffa9739f20966eb25504f/r_27",
            "rotation": 0.12566370614359174,
            "transform_matrix": [
                [
                    -0.18630214035511017,
                    -0.22455231845378876,
                    0.9564871788024902,
                    3.8557231426239014
                ],
                [
                    0.9824925065040588,
                    -0.042580053210258484,
                    0.18137097358703613,
                    0.7311297655105591
                ],
                [
                    3.725290298461914e-09,
                    0.9735312461853027,
                    0.22855372726917267,
                    0.9213295578956604
                ],
                [
                    0.0,
                    0.0,
                    0.0,
                    1.0
                ]
            ]
        },
        {
            "file_path": "/data/shapenet_blender/all_50_random/02958343/a5dcd1196a1ffa9739f20966eb25504f/r_28",
            "rotation": 0.12566370614359174,
            "transform_matrix": [
                [
                    0.9061627984046936,
                    0.10703012347221375,
                    0.4091619849205017,
                    1.6493847370147705
                ],
                [
                    0.422929048538208,
                    -0.22932147979736328,
                    -0.8766656517982483,
                    -3.533952236175537
                ],
                [
                    0.0,
                    0.9674481749534607,
                    -0.2530687749385834,
                    -1.0201528072357178
                ],
                [
                    0.0,
                    0.0,
                    0.0,
                    1.0
                ]
            ]
        },
        {
            "file_path": "/data/shapenet_blender/all_50_random/02958343/a5dcd1196a1ffa9739f20966eb25504f/r_29",
            "rotation": 0.12566370614359174,
            "transform_matrix": [
                [
                    -0.9892141222953796,
                    0.0992518812417984,
                    -0.10772429406642914,
                    -0.4342505633831024
                ],
                [
                    -0.1464768350124359,
                    -0.6702859997749329,
                    0.7275033593177795,
                    2.9326601028442383
                ],
                [
                    -1.4901161193847656e-08,
                    0.7354357838630676,
                    0.6775943636894226,
                    2.7314705848693848
                ],
                [
                    0.0,
                    0.0,
                    0.0,
                    1.0
                ]
            ]
        },
        {
            "file_path": "/data/shapenet_blender/all_50_random/02958343/a5dcd1196a1ffa9739f20966eb25504f/r_30",
            "rotation": 0.12566370614359174,
            "transform_matrix": [
                [
                    0.6673958897590637,
                    -0.5605046153068542,
                    0.49032360315322876,
                    1.976557731628418
                ],
                [
                    0.7447029948234558,
                    0.5023190379142761,
                    -0.43942344188690186,
                    -1.771372675895691
                ],
                [
                    -1.4901160305669237e-08,
                    0.6584149599075317,
                    0.752655029296875,
                    3.0340497493743896
                ],
                [
                    0.0,
                    0.0,
                    0.0,
                    1.0
                ]
            ]
        },
        {
            "file_path": "/data/shapenet_blender/all_50_random/02958343/a5dcd1196a1ffa9739f20966eb25504f/r_31",
            "rotation": 0.12566370614359174,
            "transform_matrix": [
                [
                    -0.9426310062408447,
                    -0.0254961010068655,
                    -0.33286166191101074,
                    -1.3418083190917969
                ],
                [
                    -0.33383670449256897,
                    0.07199152559041977,
                    0.9398778080940247,
                    3.7887685298919678
                ],
                [
                    0.0,
                    0.9970791935920715,
                    -0.07637298107147217,
                    -0.3078693449497223
                ],
                [
                    0.0,
                    0.0,
                    0.0,
                    1.0
                ]
            ]
        },
        {
            "file_path": "/data/shapenet_blender/all_50_random/02958343/a5dcd1196a1ffa9739f20966eb25504f/r_32",
            "rotation": 0.12566370614359174,
            "transform_matrix": [
                [
                    0.399541974067688,
                    0.09249518066644669,
                    -0.912036657333374,
                    -3.676537275314331
                ],
                [
                    -0.9167149066925049,
                    0.04031319543719292,
                    -0.3975030183792114,
                    -1.6023858785629272
                ],
                [
                    -3.725290298461914e-09,
                    0.994896650314331,
                    0.10089852660894394,
                    0.40673497319221497
                ],
                [
                    0.0,
                    0.0,
                    0.0,
                    1.0
                ]
            ]
        },
        {
            "file_path": "/data/shapenet_blender/all_50_random/02958343/a5dcd1196a1ffa9739f20966eb25504f/r_33",
            "rotation": 0.12566370614359174,
            "transform_matrix": [
                [
                    0.10433505475521088,
                    0.6128312349319458,
                    -0.7832956910133362,
                    -3.1575658321380615
                ],
                [
                    -0.9945421814918518,
                    0.06429066509008408,
                    -0.08217369019985199,
                    -0.3312527537345886
                ],
                [
                    0.0,
                    0.7875941395759583,
                    0.6161943078041077,
                    2.4839587211608887
                ],
                [
                    0.0,
                    0.0,
                    0.0,
                    1.0
                ]
            ]
        },
        {
            "file_path": "/data/shapenet_blender/all_50_random/02958343/a5dcd1196a1ffa9739f20966eb25504f/r_34",
            "rotation": 0.12566370614359174,
            "transform_matrix": [
                [
                    0.8083805441856384,
                    0.25739505887031555,
                    0.5294041633605957,
                    2.134096384048462
                ],
                [
                    0.5886603593826294,
                    -0.3534689247608185,
                    -0.7270066142082214,
                    -2.930657386779785
                ],
                [
                    0.0,
                    0.899337112903595,
                    -0.43725571036338806,
                    -1.7626341581344604
                ],
                [
                    0.0,
                    0.0,
                    0.0,
                    1.0
                ]
            ]
        },
        {
            "file_path": "/data/shapenet_blender/all_50_random/02958343/a5dcd1196a1ffa9739f20966eb25504f/r_35",
            "rotation": 0.12566370614359174,
            "transform_matrix": [
                [
                    0.03565044701099396,
                    0.11004292219877243,
                    -0.993287205696106,
                    -4.004068851470947
                ],
                [
                    -0.9993643164634705,
                    0.003925574943423271,
                    -0.035433657467365265,
                    -0.14283764362335205
                ],
                [
                    2.3283064365386963e-10,
                    0.9939191341400146,
                    0.11011290550231934,
                    0.44387930631637573
                ],
                [
                    0.0,
                    0.0,
                    0.0,
                    1.0
                ]
            ]
        },
        {
            "file_path": "/data/shapenet_blender/all_50_random/02958343/a5dcd1196a1ffa9739f20966eb25504f/r_36",
            "rotation": 0.12566370614359174,
            "transform_matrix": [
                [
                    0.9984108805656433,
                    -0.021335089579224586,
                    0.052159544080495834,
                    0.21026185154914856
                ],
                [
                    0.056354280561208725,
                    0.3779870271682739,
                    -0.9240941405296326,
                    -3.72514271736145
                ],
                [
                    0.0,
                    0.9255650043487549,
                    0.37858861684799194,
                    1.526139497756958
                ],
                [
                    0.0,
                    0.0,
                    0.0,
                    1.0
                ]
            ]
        },
        {
            "file_path": "/data/shapenet_blender/all_50_random/02958343/a5dcd1196a1ffa9739f20966eb25504f/r_37",
            "rotation": 0.12566370614359174,
            "transform_matrix": [
                [
                    0.6259545683860779,
                    0.07121041417121887,
                    -0.7766014933586121,
                    -3.1305809020996094
                ],
                [
                    -0.7798595428466797,
                    0.057157065719366074,
                    -0.6233394742012024,
                    -2.5127620697021484
                ],
                [
                    -3.725290298461914e-09,
                    0.9958223700523376,
                    0.09131183475255966,
                    0.36808979511260986
                ],
                [
                    0.0,
                    0.0,
                    0.0,
                    1.0
                ]
            ]
        },
        {
            "file_path": "/data/shapenet_blender/all_50_random/02958343/a5dcd1196a1ffa9739f20966eb25504f/r_38",
            "rotation": 0.12566370614359174,
            "transform_matrix": [
                [
                    -0.6246659755706787,
                    -0.16749566793441772,
                    0.7627172470092773,
                    3.0746116638183594
                ],
                [
                    0.7808921337127686,
                    -0.13398630917072296,
                    0.6101271510124207,
                    2.459501266479492
                ],
                [
                    2.2351747119842003e-08,
                    0.9767254590988159,
                    0.21449273824691772,
                    0.8646478652954102
                ],
                [
                    0.0,
                    0.0,
                    0.0,
                    1.0
                ]
            ]
        },
        {
            "file_path": "/data/shapenet_blender/all_50_random/02958343/a5dcd1196a1ffa9739f20966eb25504f/r_39",
            "rotation": 0.12566370614359174,
            "transform_matrix": [
                [
                    -0.9678769707679749,
                    -0.004460844676941633,
                    -0.251384973526001,
                    -1.0133652687072754
                ],
                [
                    -0.2514245808124542,
                    0.01717234216630459,
                    0.9677245616912842,
                    3.901022434234619
                ],
                [
                    0.0,
                    0.9998424649238586,
                    -0.017742283642292023,
                    -0.07152143120765686
                ],
                [
                    0.0,
                    0.0,
                    0.0,
                    1.0
                ]
            ]
        },
        {
            "file_path": "/data/shapenet_blender/all_50_random/02958343/a5dcd1196a1ffa9739f20966eb25504f/r_40",
            "rotation": 0.12566370614359174,
            "transform_matrix": [
                [
                    -0.5564233660697937,
                    -0.7828174233436584,
                    0.27854955196380615,
                    1.1228691339492798
                ],
                [
                    0.8308990597724915,
                    -0.5242248177528381,
                    0.18653468787670135,
                    0.7519453763961792
                ],
                [
                    -1.4901162970204496e-08,
                    0.3352387249469757,
                    0.9421331882476807,
                    3.7978603839874268
                ],
                [
                    0.0,
                    0.0,
                    0.0,
                    1.0
                ]
            ]
        },
        {
            "file_path": "/data/shapenet_blender/all_50_random/02958343/a5dcd1196a1ffa9739f20966eb25504f/r_41",
            "rotation": 0.12566370614359174,
            "transform_matrix": [
                [
                    -0.9696730375289917,
                    -0.0015976784052327275,
                    0.24440054595470428,
                    0.9852101802825928
                ],
                [
                    0.24440579116344452,
                    -0.006338743958622217,
                    0.9696522355079651,
                    3.9087934494018555
