{
    "class": "02958343",
    "model": "d922b4f3ba23cf43780575af49bfeda6",
    "remove_doubles": true,
    "edge_split": true,
    "denoise": true,
    "camera_angle_x": 0.6911112070083618,
    "scale_factor": 2.2453518155470644,
    "hdri_file": "/data/IndoorHDRDataset2018/9C4A4283-efc7baa2e2.exr",
    "center_offset": [
        0.0,
        0.0,
        -1.862645149230957e-09
    ],
    "lights": [],
    "frames": [
        {
            "file_path": "/data/shapenet_blender/all_50_random/02958343/d922b4f3ba23cf43780575af49bfeda6/r_0",
            "rotation": 0.12566370614359174,
            "transform_matrix": [
                [
                    -0.993254542350769,
                    -0.013364758342504501,
                    0.11518214643001556,
                    0.4643140137195587
                ],
                [
                    0.1159549206495285,
                    -0.11448075622320175,
                    0.9866350889205933,
                    3.977252721786499
                ],
                [
                    -9.313224635931761e-10,
                    0.9933356046676636,
                    0.11525825411081314,
                    0.46462082862854004
                ],
                [
                    0.0,
                    0.0,
                    0.0,
                    1.0
                ]
            ]
        },
        {
            "file_path": "/data/shapenet_blender/all_50_random/02958343/d922b4f3ba23cf43780575af49bfeda6/r_1",
            "rotation": 0.12566370614359174,
            "transform_matrix": [
                [
                    -0.9861247539520264,
                    -0.07200996577739716,
                    -0.14957493543624878,
                    -0.6029559373855591
                ],
                [
                    -0.16600634157657623,
                    0.4277596175670624,
                    0.8885175585746765,
                    3.5817291736602783
                ],
                [
                    0.0,
                    0.9010195136070251,
                    -0.43377840518951416,
                    -1.7486168146133423
                ],
                [
                    0.0,
                    0.0,
                    0.0,
                    1.0
                ]
            ]
        },
        {
            "file_path": "/data/shapenet_blender/all_50_random/02958343/d922b4f3ba23cf43780575af49bfeda6/r_2",
            "rotation": 0.12566370614359174,
            "transform_matrix": [
                [
                    -0.9316856265068054,
                    0.21455501019954681,
                    -0.2931346893310547,
                    -1.1816637516021729
                ],
                [
                    -0.36326542496681213,
                    -0.5502803325653076,
                    0.7518177032470703,
                    3.0306739807128906
                ],
                [
                    1.4901160305669237e-08,
                    0.8069434762001038,
                    0.5906286835670471,
                    2.3809003829956055
                ],
                [
                    0.0,
                    0.0,
                    0.0,
                    1.0
                ]
            ]
        },
        {
            "file_path": "/data/shapenet_blender/all_50_random/02958343/d922b4f3ba23cf43780575af49bfeda6/r_3",
            "rotation": 0.12566370614359174,
            "transform_matrix": [
                [
                    -0.9621299505233765,
                    0.03277628496289253,
                    0.2706136405467987,
                    1.0908786058425903
                ],
                [
                    0.27259135246276855,
                    0.11568615585565567,
                    0.9551494717597961,
                    3.8503308296203613
                ],
                [
                    0.0,
                    0.9927448034286499,
                    -0.12023963779211044,
                    -0.4847015142440796
                ],
                [
                    0.0,
                    0.0,
                    0.0,
                    1.0
                ]
            ]
        },
        {
            "file_path": "/data/shapenet_blender/all_50_random/02958343/d922b4f3ba23cf43780575af49bfeda6/r_4",
            "rotation": 0.12566370614359174,
            "transform_matrix": [
                [
                    -0.2976172864437103,
                    0.4314664304256439,
                    -0.8516222834587097,
                    -3.4329993724823
                ],
                [
                    -0.9546852111816406,
                    -0.13450703024864197,
                    0.26548805832862854,
                    1.0702167749404907
                ],
                [
                    0.0,
                    0.8920450806617737,
                    0.45194628834724426,
                    1.8218538761138916
                ],
                [
                    0.0,
                    0.0,
                    0.0,
                    1.0
                ]
            ]
        },
        {
            "file_path": "/data/shapenet_blender/all_50_random/02958343/d922b4f3ba23cf43780575af49bfeda6/r_5",
            "rotation": 0.12566370614359174,
            "transform_matrix": [
                [
                    0.14597216248512268,
                    -0.15899159014225006,
                    -0.9764290452003479,
                    -3.9361114501953125
                ],
                [
                    -0.9892886877059937,
                    -0.023459631949663162,
                    -0.1440747082233429,
                    -0.5807837247848511
                ],
                [
                    0.0,
                    0.9870011210441589,
                    -0.16071303188800812,
                    -0.6478549242019653
                ],
                [
                    0.0,
                    0.0,
                    0.0,
                    1.0
                ]
            ]
        },
        {
            "file_path": "/data/shapenet_blender/all_50_random/02958343/d922b4f3ba23cf43780575af49bfeda6/r_6",
            "rotation": 0.12566370614359174,
            "transform_matrix": [
                [
                    -0.7538281679153442,
                    -0.06294966489076614,
                    -0.654049277305603,
                    -2.63655686378479
                ],
                [
                    -0.6570716500282288,
                    0.07221926748752594,
                    0.7503607273101807,
                    3.0248007774353027
                ],
                [
                    3.725290742551124e-09,
                    0.9954001903533936,
                    -0.09580335766077042,
                    -0.38619568943977356
                ],
                [
                    0.0,
                    0.0,
                    0.0,
                    1.0
                ]
            ]
        },
        {
            "file_path": "/data/shapenet_blender/all_50_random/02958343/d922b4f3ba23cf43780575af49bfeda6/r_7",
            "rotation": 0.12566370614359174,
            "transform_matrix": [
                [
                    -0.9328577518463135,
                    0.18508023023605347,
                    -0.3090659976005554,
                    -1.2458850145339966
                ],
                [
                    -0.3602450489997864,
                    -0.479266881942749,
                    0.8003291487693787,
                    3.2262301445007324
                ],
                [
                    0.0,
                    0.8579327464103699,
                    0.5137619376182556,
                    2.0710408687591553
                ],
                [
                    0.0,
                    0.0,
                    0.0,
                    1.0
                ]
            ]
        },
        {
            "file_path": "/data/shapenet_blender/all_50_random/02958343/d922b4f3ba23cf43780575af49bfeda6/r_8",
            "rotation": 0.12566370614359174,
            "transform_matrix": [
                [
                    -0.12661314010620117,
                    0.5631919503211975,
                    -0.8165683150291443,
                    -3.2916924953460693
                ],
                [
                    -0.9919521808624268,
                    -0.07188602536916733,
                    0.10422707349061966,
                    0.42015281319618225
                ],
                [
                    0.0,
                    0.8231933116912842,
                    0.5677611231803894,
                    2.2887184619903564
                ],
                [
                    0.0,
                    0.0,
                    0.0,
                    1.0
                ]
            ]
        },
        {
            "file_path": "/data/shapenet_blender/all_50_random/02958343/d922b4f3ba23cf43780575af49bfeda6/r_9",
            "rotation": 0.12566370614359174,
            "transform_matrix": [
                [
                    -0.9569117426872253,
                    -0.1552671492099762,
                    0.24538135528564453,
                    0.9891639351844788
                ],
                [
                    0.2903788983821869,
                    -0.5116657614707947,
                    0.8086272478103638,
                    3.259680986404419
                ],
                [
                    0.0,
                    0.8450384140014648,
                    0.5347052812576294,
                    2.155466079711914
                ],
                [
                    0.0,
                    0.0,
                    0.0,
                    1.0
                ]
            ]
        },
        {
            "file_path": "/data/shapenet_blender/all_50_random/02958343/d922b4f3ba23cf43780575af49bfeda6/r_10",
            "rotation": 0.12566370614359174,
            "transform_matrix": [
                [
                    0.9580535292625427,
                    -0.06324949860572815,
                    0.27952268719673157,
                    1.126792073249817
                ],
                [
                    0.2865893542766571,
                    0.2114398330450058,
                    -0.9344301223754883,
                    -3.76680850982666
                ],
                [
                    3.725290298461914e-09,
                    0.9753423929214478,
                    0.220697283744812,
                    0.8896592855453491
                ],
                [
                    0.0,
                    0.0,
                    0.0,
                    1.0
                ]
            ]
        },
        {
            "file_path": "/data/shapenet_blender/all_50_random/02958343/d922b4f3ba23cf43780575af49bfeda6/r_11",
            "rotation": 0.12566370614359174,
            "transform_matrix": [
                [
                    0.9884570837020874,
                    0.11183231323957443,
                    -0.1022072434425354,
                    -0.41201052069664
                ],
                [
                    -0.15150177478790283,
                    0.7296379208564758,
                    -0.6668401956558228,
                    -2.6881184577941895
                ],
                [
                    0.0,
                    0.674627423286438,
                    0.7381584644317627,
                    2.975611686706543
                ],
                [
                    0.0,
                    0.0,
                    0.0,
                    1.0
                ]
            ]
        },
        {
            "file_path": "/data/shapenet_blender/all_50_random/02958343/d922b4f3ba23cf43780575af49bfeda6/r_12",
            "rotation": 0.12566370614359174,
            "transform_matrix": [
                [
                    0.9937122464179993,
                    0.007793355733156204,
                    0.1116926297545433,
                    0.4502473771572113
                ],
                [
                    0.11196419596672058,
                    -0.06916812062263489,
                    -0.9913020133972168,
                    -3.9960663318634033
                ],
                [
                    4.656613428188905e-10,
                    0.9975744485855103,
                    -0.06960579007863998,
                    -0.28058990836143494
                ],
                [
                    0.0,
                    0.0,
                    0.0,
                    1.0
                ]
            ]
        },
        {
            "file_path": "/data/shapenet_blender/all_50_random/02958343/d922b4f3ba23cf43780575af49bfeda6/r_13",
            "rotation": 0.12566370614359174,
            "transform_matrix": [
                [
                    0.5336605310440063,
                    0.14682196080684662,
                    -0.8328563570976257,
                    -3.357351303100586
                ],
                [
                    -0.8456987738609314,
                    0.0926489382982254,
                    -0.5255566239356995,
                    -2.118586540222168
                ],
                [
                    0.0,
                    0.9848144054412842,
                    0.17361025512218475,
                    0.6998453140258789
                ],
                [
                    0.0,
                    0.0,
                    0.0,
                    1.0
                ]
            ]
        },
        {
            "file_path": "/data/shapenet_blender/all_50_random/02958343/d922b4f3ba23cf43780575af49bfeda6/r_14",
            "rotation": 0.12566370614359174,
            "transform_matrix": [
                [
                    0.14700844883918762,
                    0.7544107437133789,
                    0.6397287845611572,
                    2.578829526901245
                ],
                [
                    0.9891352653503418,
                    -0.11212293803691864,
                    -0.09507854282855988,
                    -0.3832738995552063
                ],
                [
                    -7.450580596923828e-09,
                    0.646755576133728,
                    -0.7626972198486328,
                    -3.074531078338623
                ],
                [
                    0.0,
                    0.0,
                    0.0,
                    1.0
                ]
            ]
        },
        {
            "file_path": "/data/shapenet_blender/all_50_random/02958343/d922b4f3ba23cf43780575af49bfeda6/r_15",
            "rotation": 0.12566370614359174,
            "transform_matrix": [
                [
                    0.7509645819664001,
                    0.07612671703100204,
                    -0.6559395790100098,
                    -2.644176721572876
                ],
                [
                    -0.660342276096344,
                    0.0865740031003952,
                    -0.7459577918052673,
                    -3.007051706314087
                ],
                [
                    -3.7252896323280993e-09,
                    0.9933326244354248,
                    0.11528372019529343,
                    0.46472349762916565
                ],
                [
                    0.0,
                    0.0,
                    0.0,
                    1.0
                ]
            ]
        },
        {
            "file_path": "/data/shapenet_blender/all_50_random/02958343/d922b4f3ba23cf43780575af49bfeda6/r_16",
            "rotation": 0.12566370614359174,
            "transform_matrix": [
                [
                    -0.6325780749320984,
                    0.5701345801353455,
                    0.5242055654525757,
                    2.113140106201172
                ],
                [
                    0.7744966745376587,
                    0.46566325426101685,
                    0.4281502664089203,
                    1.7259289026260376
                ],
                [
                    0.0,
                    0.6768338084220886,
                    -0.736135721206665,
                    -2.9674580097198486
                ],
                [
                    0.0,
                    0.0,
                    0.0,
                    1.0
                ]
            ]
        },
        {
            "file_path": "/data/shapenet_blender/all_50_random/02958343/d922b4f3ba23cf43780575af49bfeda6/r_17",
            "rotation": 0.12566370614359174,
            "transform_matrix": [
                [
                    0.4067422151565552,
                    -0.1668209731578827,
                    0.8981823325157166,
                    3.6206886768341064
                ],
                [
                    0.9135429263114929,
                    0.0742747113108635,
                    -0.39990314841270447,
                    -1.6120610237121582
                ],
                [
                    0.0,
                    0.9831855893135071,
                    0.18260878324508667,
                    0.7361195087432861
                ],
                [
                    0.0,
                    0.0,
                    0.0,
                    1.0
                ]
            ]
        },
        {
            "file_path": "/data/shapenet_blender/all_50_random/02958343/d922b4f3ba23cf43780575af49bfeda6/r_18",
            "rotation": 0.12566370614359174,
            "transform_matrix": [
                [
                    0.7920762896537781,
                    -0.10793957859277725,
                    0.6008028984069824,
                    2.4219138622283936
                ],
                [
                    0.6104220151901245,
                    0.14006111025810242,
                    -0.7795946598052979,
                    -3.142646551132202
                ],
                [
                    0.0,
                    0.9842418432235718,
                    0.17682777345180511,
                    0.7128155827522278
                ],
                [
                    0.0,
                    0.0,
                    0.0,
                    1.0
                ]
            ]
        },
        {
            "file_path": "/data/shapenet_blender/all_50_random/02958343/d922b4f3ba23cf43780575af49bfeda6/r_19",
            "rotation": 0.12566370614359174,
            "transform_matrix": [
                [
                    -0.8815489411354065,
                    0.24418482184410095,
                    -0.4040362536907196,
                    -1.6287221908569336
                ],
                [
                    -0.4720926880836487,
                    -0.4559715986251831,
                    0.754465639591217,
                    3.0413482189178467
                ],
                [
                    0.0,
                    0.855840802192688,
                    0.5172391533851624,
                    2.0850577354431152
                ],
                [
                    0.0,
                    0.0,
                    0.0,
                    1.0
                ]
            ]
        },
        {
            "file_path": "/data/shapenet_blender/all_50_random/02958343/d922b4f3ba23cf43780575af49bfeda6/r_20",
            "rotation": 0.12566370614359174,
            "transform_matrix": [
                [
                    0.7760715484619141,
                    -0.005989768076688051,
                    -0.6306164860725403,
                    -2.5420963764190674
                ],
                [
                    -0.6306449770927429,
                    -0.007371006533503532,
                    -0.7760364413261414,
                    -3.128303050994873
                ],
                [
                    0.0,
                    0.9999549984931946,
                    -0.00949784368276596,
                    -0.03828703239560127
                ],
                [
                    0.0,
                    0.0,
                    0.0,
                    1.0
                ]
            ]
        },
        {
            "file_path": "/data/shapenet_blender/all_50_random/02958343/d922b4f3ba23cf43780575af49bfeda6/r_21",
            "rotation": 0.12566370614359174,
            "transform_matrix": [
                [
                    0.6473374962806702,
                    0.08677181601524353,
                    -0.7572481036186218,
                    -3.052565097808838
                ],
                [
                    -0.7622036337852478,
                    0.07369507849216461,
                    -0.6431288123130798,
                    -2.5925354957580566
                ],
                [
                    3.725290742551124e-09,
                    0.993498682975769,
                    0.11384335160255432,
                    0.4589172601699829
                ],
                [
                    0.0,
                    0.0,
                    0.0,
                    1.0
                ]
            ]
        },
        {
            "file_path": "/data/shapenet_blender/all_50_random/02958343/d922b4f3ba23cf43780575af49bfeda6/r_22",
            "rotation": 0.12566370614359174,
            "transform_matrix": [
                [
                    0.029916316270828247,
                    -0.18039783835411072,
                    -0.9831385612487793,
                    -3.96315860748291
                ],
                [
                    -0.9995524287223816,
                    -0.005399255082011223,
                    -0.02942505292594433,
                    -0.11861619353294373
                ],
                [
                    4.656612873077393e-10,
                    0.9835789203643799,
                    -0.18047858774662018,
                    -0.7275325059890747
                ],
                [
                    0.0,
                    0.0,
                    0.0,
                    1.0
                ]
            ]
        },
        {
            "file_path": "/data/shapenet_blender/all_50_random/02958343/d922b4f3ba23cf43780575af49bfeda6/r_23",
            "rotation": 0.12566370614359174,
            "transform_matrix": [
                [
                    0.7375175356864929,
                    -0.3630725145339966,
                    0.5694261789321899,
                    2.2954304218292236
                ],
                [
                    0.6753279566764832,
                    0.3965071439743042,
                    -0.6218634843826294,
                    -2.5068118572235107
                ],
                [
                    0.0,
                    0.8431846499443054,
                    0.5376240015029907,
                    2.167231559753418
                ],
                [
                    0.0,
                    0.0,
                    0.0,
                    1.0
                ]
            ]
        },
        {
            "file_path": "/data/shapenet_blender/all_50_random/02958343/d922b4f3ba23cf43780575af49bfeda6/r_24",
            "rotation": 0.12566370614359174,
            "transform_matrix": [
                [
                    -0.9954328536987305,
                    0.009422647766768932,
                    -0.09499876201152802,
                    -0.3829522728919983
                ],
                [
                    -0.09546492248773575,
                    -0.09825193136930466,
                    0.9905720949172974,
                    3.993123769760132
                ],
                [
                    0.0,
                    0.9951170086860657,
                    0.09870272129774094,
                    0.3978833854198456
                ],
                [
                    0.0,
                    0.0,
                    0.0,
                    1.0
                ]
            ]
        },
        {
            "file_path": "/data/shapenet_blender/all_50_random/02958343/d922b4f3ba23cf43780575af49bfeda6/r_25",
            "rotation": 0.12566370614359174,
            "transform_matrix": [
                [
                    0.6235565543174744,
                    0.6213884949684143,
                    -0.47439804673194885,
                    -1.9123598337173462
                ],
                [
                    -0.7817783355712891,
                    0.4956275522708893,
                    -0.3783860504627228,
                    -1.5253230333328247
                ],
                [
                    0.0,
                    0.6068192720413208,
                    0.7948397397994995,
                    3.204101800918579
                ],
                [
                    0.0,
                    0.0,
                    0.0,
                    1.0
                ]
            ]
        },
        {
            "file_path": "/data/shapenet_blender/all_50_random/02958343/d922b4f3ba23cf43780575af49bfeda6/r_26",
            "rotation": 0.12566370614359174,
            "transform_matrix": [
                [
                    -0.9699856638908386,
                    0.023906901478767395,
                    0.24198409914970398,
                    0.975469172000885
                ],
                [
                    0.24316219985485077,
                    0.09536576271057129,
                    0.965286135673523,
                    3.891193151473999
                ],
                [
                    1.862645149230957e-09,
                    0.9951550960540771,
                    -0.09831666946411133,
                    -0.3963271975517273
                ],
                [
                    0.0,
                    0.0,
                    0.0,
                    1.0
                ]
            ]
        },
        {
            "file_path": "/data/shapenet_blender/all_50_random/02958343/d922b4f3ba23cf43780575af49bfeda6/r_27",
            "rotation": 0.12566370614359174,
            "transform_matrix": [
                [
                    0.7912373542785645,
                    -0.11838632822036743,
                    -0.5999400019645691,
                    -2.418435573577881
                ],
                [
                    -0.6115090250968933,
                    -0.15318119525909424,
                    -0.7762680649757385,
                    -3.1292366981506348
                ],
                [
                    0.0,
                    0.9810810685157776,
                    -0.1935970038175583,
                    -0.7804144620895386
                ],
                [
                    0.0,
                    0.0,
                    0.0,
                    1.0
                ]
            ]
        },
        {
            "file_path": "/data/shapenet_blender/all_50_random/02958343/d922b4f3ba23cf43780575af49bfeda6/r_28",
            "rotation": 0.12566370614359174,
            "transform_matrix": [
                [
                    -0.9997618198394775,
                    -0.019632043316960335,
                    -0.009533517993986607,
                    -0.0384308397769928
                ],
                [
                    -0.021824415773153305,
                    0.8993306756019592,
                    0.4367240369319916,
                    1.760490894317627
                ],
                [
                    0.0,
                    0.436828076839447,
                    -0.8995450139045715,
                    -3.6261818408966064
                ],
                [
                    0.0,
                    0.0,
                    0.0,
                    1.0
                ]
            ]
        },
        {
            "file_path": "/data/shapenet_blender/all_50_random/02958343/d922b4f3ba23cf43780575af49bfeda6/r_29",
            "rotation": 0.12566370614359174,
            "transform_matrix": [
                [
                    -0.9813672304153442,
                    -0.03178566321730614,
                    -0.1894940435886383,
                    -0.7638749480247498
                ],
                [
                    -0.19214139878749847,
                    0.16234610974788666,
                    0.9678457379341125,
                    3.9015109539031982
                ],
                [
                    1.8626450382086546e-09,
                    0.9862218499183655,
                    -0.16542848944664001,
                    -0.6668635606765747
                ],
                [
                    0.0,
                    0.0,
                    0.0,
                    1.0
                ]
            ]
        },
        {
            "file_path": "/data/shapenet_blender/all_50_random/02958343/d922b4f3ba23cf43780575af49bfeda6/r_30",
            "rotation": 0.12566370614359174,
            "transform_matrix": [
                [
                    0.8610451817512512,
                    0.024416353553533554,
                    0.5079420208930969,
                    2.047579765319824
                ],
                [
                    0.5085285305976868,
                    -0.04134199023246765,
                    -0.8600520491600037,
                    -3.4669806957244873
                ],
                [
                    0.0,
                    0.9988466501235962,
                    -0.048013731837272644,
                    -0.19354954361915588
                ],
                [
                    0.0,
                    0.0,
                    0.0,
                    1.0
                ]
            ]
        },
        {
            "file_path": "/data/shapenet_blender/all_50_random/02958343/d922b4f3ba23cf43780575af49bfeda6/r_31",
            "rotation": 0.12566370614359174,
            "transform_matrix": [
                [
                    0.9081847071647644,
                    0.12622298300266266,
                    0.3990843892097473,
                    1.6087605953216553
                ],
                [
                    0.4185696840286255,
                    -0.27387022972106934,
                    -0.8659067749977112,
                    -3.490581750869751
                ],
                [
                    0.0,
                    0.9534478783607483,
                    -0.30155786871910095,
                    -1.21561861038208
                ],
                [
                    0.0,
                    0.0,
                    0.0,
                    1.0
                ]
            ]
        },
        {
            "file_path": "/data/shapenet_blender/all_50_random/02958343/d922b4f3ba23cf43780575af49bfeda6/r_32",
            "rotation": 0.12566370614359174,
            "transform_matrix": [
                [
                    0.03892010450363159,
                    -0.4958151876926422,
                    -0.8675554394721985,
                    -3.497227907180786
                ],
                [
                    -0.9992423057556152,
                    -0.0193118117749691,
                    -0.0337909534573555,
                    -0.1362156867980957
                ],
                [
                    1.862645149230957e-09,
                    0.8682132959365845,
                    -0.496191143989563,
                    -2.0002105236053467
                ],
                [
                    0.0,
                    0.0,
                    0.0,
                    1.0
                ]
            ]
        },
        {
            "file_path": "/data/shapenet_blender/all_50_random/02958343/d922b4f3ba23cf43780575af49bfeda6/r_33",
            "rotation": 0.12566370614359174,
            "transform_matrix": [
                [
                    0.5249282717704773,
                    -0.07570871710777283,
                    0.8477727770805359,
                    3.417480945587158
                ],
                [
                    0.8511465787887573,
                    0.04669189453125,
                    -0.5228475332260132,
                    -2.107665538787842
                ],
                [
                    0.0,
                    0.9960361123085022,
                    0.08894912898540497,
                    0.3585653603076935
                ],
                [
                    0.0,
                    0.0,
                    0.0,
                    1.0
                ]
            ]
        },
        {
            "file_path": "/data/shapenet_blender/all_50_random/02958343/d922b4f3ba23cf43780575af49bfeda6/r_34",
            "rotation": 0.12566370614359174,
            "transform_matrix": [
                [
                    -0.44282495975494385,
                    -0.5239865183830261,
                    0.7275604605674744,
                    2.932889938354492
                ],
                [
                    0.8966080546379089,
                    -0.2587912380695343,
                    0.35933417081832886,
                    1.4485223293304443
                ],
                [
                    1.4901161193847656e-08,
                    0.8114586472511292,
                    0.584409773349762,
                    2.3558311462402344
                ],
                [
                    0.0,
                    0.0,
                    0.0,
                    1.0
                ]
            ]
        },
        {
            "file_path": "/data/shapenet_blender/all_50_random/02958343/d922b4f3ba23cf43780575af49bfeda6/r_35",
            "rotation": 0.12566370614359174,
            "transform_matrix": [
                [
                    -0.8592182993888855,
                    -0.0030669416300952435,
                    -0.5115998983383179,
                    -2.0623254776000977
                ],
                [
                    -0.5116091370582581,
                    0.0051507530733942986,
                    0.8592028021812439,
                    3.463557481765747
                ],
                [
                    0.0,
                    0.9999820590019226,
                    -0.005994696170091629,
                    -0.02416539564728737
                ],
                [
                    0.0,
                    0.0,
                    0.0,
                    1.0
                ]
            ]
        },
        {
            "file_path": "/data/shapenet_blender/all_50_random/02958343/d922b4f3ba23cf43780575af49bfeda6/r_36",
            "rotation": 0.12566370614359174,
            "transform_matrix": [
                [
                    0.9216864705085754,
                    -0.1730174720287323,
                    0.34721603989601135,
                    1.3996726274490356
                ],
                [
                    0.387935608625412,
                    0.4110678732395172,
                    -0.824941873550415,
                    -3.3254470825195312
                ],
                [
                    0.0,
                    0.8950351476669312,
                    0.44599539041519165,
                    1.7978649139404297
                ],
                [
                    0.0,
                    0.0,
                    0.0,
                    1.0
                ]
            ]
        },
        {
            "file_path": "/data/shapenet_blender/all_50_random/02958343/d922b4f3ba23cf43780575af49bfeda6/r_37",
            "rotation": 0.12566370614359174,
            "transform_matrix": [
                [
                    0.7036059498786926,
                    -0.11841250211000443,
                    0.7006547451019287,
                    2.824429750442505
                ],
                [
                    0.7105903029441833,
                    0.11724863201379776,
                    -0.6937680244445801,
                    -2.796668529510498
                ],
                [
                    0.0,
                    0.9860179424285889,
                    0.16663959622383118,
                    0.671745777130127
                ],
                [
                    0.0,
                    0.0,
                    0.0,
                    1.0
                ]
            ]
        },
        {
            "file_path": "/data/shapenet_blender/all_50_random/02958343/d922b4f3ba23cf43780575af49bfeda6/r_38",
            "rotation": 0.12566370614359174,
            "transform_matrix": [
                [
                    -0.9801132678985596,
                    -0.009382721036672592,
                    0.19821733236312866,
                    0.7990395426750183
                ],
                [
                    0.19843928515911102,
                    -0.046342283487319946,
                    0.9790170192718506,
                    3.9465434551239014
                ],
                [
                    9.313225746154785e-10,
                    0.9988815784454346,
                    0.047282587736845016,
                    0.19060218334197998
                ],
                [
                    0.0,
                    0.0,
                    0.0,
                    1.0
                ]
            ]
        },
        {
            "file_path": "/data/shapenet_blender/all_50_random/02958343/d922b4f3ba23cf43780575af49bfeda6/r_39",
            "rotation": 0.12566370614359174,
            "transform_matrix": [
                [
                    -0.32124781608581543,
                    -0.28490403294563293,
                    0.9031221270561218,
                    3.640601634979248
                ],
                [
                    0.946995198726654,
                    -0.09664758294820786,
                    0.30636483430862427,
                    1.2349961996078491
                ],
                [
                    -7.450580596923828e-09,
                    0.9536712765693665,
                    0.3008505702018738,
                    1.212767481803894
                ],
                [
                    0.0,
                    0.0,
                    0.0,
                    1.0
                ]
            ]
        },
        {
            "file_path": "/data/shapenet_blender/all_50_random/02958343/d922b4f3ba23cf43780575af49bfeda6/r_40",
            "rotation": 0.12566370614359174,
            "transform_matrix": [
                [
                    -0.6203621029853821,
                    -0.04007742181420326,
                    0.7832908034324646,
                    3.1575465202331543
                ],
                [
                    0.7843154668807983,
                    -0.031699635088443756,
                    0.6195516586303711,
                    2.497492790222168
                ],
                [
                    -1.8626450382086546e-09,
                    0.9986936450004578,
                    0.051098596304655075,
                    0.20598503947257996
                ],
                [
                    0.0,
                    0.0,
                    0.0,
                    1.0
                ]
            ]
        },
        {
            "file_path": "/data/shapenet_blender/all_50_random/02958343/d922b4f3ba23cf43780575af49bfeda6/r_41",
            "rotation": 0.12566370614359174,
            "transform_matrix": [
                [
                    -0.897602915763855,
                    0.08375246822834015,
                    0.4327753782272339,
                    1.7445732355117798
                ],
                [
                    0.44080495834350586,
                    0.1705435812473297,
                    0.8812524676322937,
                    3.5524420738220215
                ],
                [
                    7.4505797087454084e-09,
                    0.9817842841148376,
