{
    "class": "02958343",
    "model": "5801f9eb726b56448b9c28e7b121fdbc",
    "remove_doubles": true,
    "edge_split": true,
    "denoise": true,
    "camera_angle_x": 0.6911112070083618,
    "scale_factor": 2.3789755548768157,
    "hdri_file": "/data/IndoorHDRDataset2018/9C4A7233-ef4f5b03e9.exr",
    "center_offset": [
        0.0,
        -3.725290298461914e-09,
        0.0
    ],
    "lights": [],
    "frames": [
        {
            "file_path": "/data/shapenet_blender/all_50_random/02958343/5801f9eb726b56448b9c28e7b121fdbc/r_0",
            "rotation": 0.12566370614359174,
            "transform_matrix": [
                [
                    0.6560052037239075,
                    0.3825664818286896,
                    0.6506150960922241,
                    2.622713327407837
                ],
                [
                    0.7547563910484314,
                    -0.3325120806694031,
                    -0.565489649772644,
                    -2.279561758041382
                ],
                [
                    0.0,
                    0.8620200157165527,
                    -0.5068740844726562,
                    -2.0432748794555664
                ],
                [
                    0.0,
                    0.0,
                    0.0,
                    1.0
                ]
            ]
        },
        {
            "file_path": "/data/shapenet_blender/all_50_random/02958343/5801f9eb726b56448b9c28e7b121fdbc/r_1",
            "rotation": 0.12566370614359174,
            "transform_matrix": [
                [
                    -0.36273083090782166,
                    -0.2678118348121643,
                    0.8925822377204895,
                    3.598114252090454
                ],
                [
                    0.9318938851356506,
                    -0.104243203997612,
                    0.3474291265010834,
                    1.4005317687988281
                ],
                [
                    0.0,
                    0.9578152894973755,
                    0.28738442063331604,
                    1.1584837436676025
                ],
                [
                    0.0,
                    0.0,
                    0.0,
                    1.0
                ]
            ]
        },
        {
            "file_path": "/data/shapenet_blender/all_50_random/02958343/5801f9eb726b56448b9c28e7b121fdbc/r_2",
            "rotation": 0.12566370614359174,
            "transform_matrix": [
                [
                    -0.9872828125953674,
                    -0.15193158388137817,
                    -0.04679281637072563,
                    -0.18862789869308472
                ],
                [
                    -0.15897415578365326,
                    0.9435461163520813,
                    0.2905990779399872,
                    1.1714425086975098
                ],
                [
                    0.0,
                    0.29434242844581604,
                    -0.9556999802589417,
                    -3.8525500297546387
                ],
                [
                    0.0,
                    0.0,
                    0.0,
                    1.0
                ]
            ]
        },
        {
            "file_path": "/data/shapenet_blender/all_50_random/02958343/5801f9eb726b56448b9c28e7b121fdbc/r_3",
            "rotation": 0.12566370614359174,
            "transform_matrix": [
                [
                    -0.9593547582626343,
                    0.08741046488285065,
                    0.2683244049549103,
                    1.0816502571105957
                ],
                [
                    0.2822031080722809,
                    0.2971535325050354,
                    0.912173867225647,
                    3.6770904064178467
                ],
                [
                    0.0,
                    0.95082026720047,
                    -0.30974310636520386,
                    -1.2486144304275513
                ],
                [
                    0.0,
                    0.0,
                    0.0,
                    1.0
                ]
            ]
        },
        {
            "file_path": "/data/shapenet_blender/all_50_random/02958343/5801f9eb726b56448b9c28e7b121fdbc/r_4",
            "rotation": 0.12566370614359174,
            "transform_matrix": [
                [
                    0.601512610912323,
                    0.7404716610908508,
                    -0.29980695247650146,
                    -1.208560585975647
                ],
                [
                    -0.798863410949707,
                    0.5575459003448486,
                    -0.22574280202388763,
                    -0.9099984169006348
                ],
                [
                    0.0,
                    0.3752918839454651,
                    0.9269065856933594,
                    3.736480236053467
                ],
                [
                    0.0,
                    0.0,
                    0.0,
                    1.0
                ]
            ]
        },
        {
            "file_path": "/data/shapenet_blender/all_50_random/02958343/5801f9eb726b56448b9c28e7b121fdbc/r_5",
            "rotation": 0.12566370614359174,
            "transform_matrix": [
                [
                    0.856630265712738,
                    -0.3543550968170166,
                    -0.3749893009662628,
                    -1.5116301774978638
                ],
                [
                    -0.515930712223053,
                    -0.5883566737174988,
                    -0.6226168870925903,
                    -2.5098490715026855
                ],
                [
                    0.0,
                    0.7268210053443909,
                    -0.6868268847465515,
                    -2.7686877250671387
                ],
                [
                    0.0,
                    0.0,
                    0.0,
                    1.0
                ]
            ]
        },
        {
            "file_path": "/data/shapenet_blender/all_50_random/02958343/5801f9eb726b56448b9c28e7b121fdbc/r_6",
            "rotation": 0.12566370614359174,
            "transform_matrix": [
                [
                    -0.27700701355934143,
                    -0.8339254260063171,
                    0.47732117772102356,
                    1.9241433143615723
                ],
                [
                    0.9608680009841919,
                    -0.24041098356246948,
                    0.13760612905025482,
                    0.5547081232070923
                ],
                [
                    0.0,
                    0.49676045775413513,
                    0.867887556552887,
                    3.4985668659210205
                ],
                [
                    0.0,
                    0.0,
                    0.0,
                    1.0
                ]
            ]
        },
        {
            "file_path": "/data/shapenet_blender/all_50_random/02958343/5801f9eb726b56448b9c28e7b121fdbc/r_7",
            "rotation": 0.12566370614359174,
            "transform_matrix": [
                [
                    -0.9843899011611938,
                    -0.020332850515842438,
                    0.17482346296310425,
                    0.7047358155250549
                ],
                [
                    0.1760018914937973,
                    -0.11372295022010803,
                    0.9777988195419312,
                    3.9416327476501465
                ],
                [
                    3.725290298461914e-09,
                    0.993304431438446,
                    0.11552634090185165,
                    0.46570152044296265
                ],
                [
                    0.0,
                    0.0,
                    0.0,
                    1.0
                ]
            ]
        },
        {
            "file_path": "/data/shapenet_blender/all_50_random/02958343/5801f9eb726b56448b9c28e7b121fdbc/r_8",
            "rotation": 0.12566370614359174,
            "transform_matrix": [
                [
                    0.08544441312551498,
                    -0.4615604877471924,
                    0.8829841613769531,
                    3.5594232082366943
                ],
                [
                    0.9963429570198059,
                    0.0395825169980526,
                    -0.07572298496961594,
                    -0.3052491545677185
                ],
                [
                    3.725290298461914e-09,
                    0.886225163936615,
                    0.4632546305656433,
                    1.8674392700195312
                ],
                [
                    0.0,
                    0.0,
                    0.0,
                    1.0
                ]
            ]
        },
        {
            "file_path": "/data/shapenet_blender/all_50_random/02958343/5801f9eb726b56448b9c28e7b121fdbc/r_9",
            "rotation": 0.12566370614359174,
            "transform_matrix": [
                [
                    0.08847443014383316,
                    0.20683111250400543,
                    -0.9743679761886597,
                    -3.9278032779693604
                ],
                [
                    -0.9960785508155823,
                    0.018371306359767914,
                    -0.08654603362083435,
                    -0.34887826442718506
                ],
                [
                    0.0,
                    0.9782041311264038,
                    0.20764540135860443,
                    0.837045431137085
                ],
                [
                    0.0,
                    0.0,
                    0.0,
                    1.0
                ]
            ]
        },
        {
            "file_path": "/data/shapenet_blender/all_50_random/02958343/5801f9eb726b56448b9c28e7b121fdbc/r_10",
            "rotation": 0.12566370614359174,
            "transform_matrix": [
                [
                    -0.43595147132873535,
                    0.02825242280960083,
                    -0.8995265960693359,
                    -3.626107692718506
                ],
                [
                    -0.8999701738357544,
                    -0.013685658574104309,
                    0.43573659658432007,
                    1.7565103769302368
                ],
                [
                    9.313225191043273e-10,
                    0.9995071887969971,
                    0.03139261528849602,
                    0.1265476793050766
                ],
                [
                    0.0,
                    0.0,
                    0.0,
                    1.0
                ]
            ]
        },
        {
            "file_path": "/data/shapenet_blender/all_50_random/02958343/5801f9eb726b56448b9c28e7b121fdbc/r_11",
            "rotation": 0.12566370614359174,
            "transform_matrix": [
                [
                    0.9006140828132629,
                    0.045639969408512115,
                    0.4322165846824646,
                    1.7423208951950073
                ],
                [
                    0.43461960554122925,
                    -0.09457466006278992,
                    -0.8956345915794373,
                    -3.6104187965393066
                ],
                [
                    0.0,
                    0.9944708943367004,
                    -0.10501130670309067,
                    -0.4233141541481018
                ],
                [
                    0.0,
                    0.0,
                    0.0,
                    1.0
                ]
            ]
        },
        {
            "file_path": "/data/shapenet_blender/all_50_random/02958343/5801f9eb726b56448b9c28e7b121fdbc/r_12",
            "rotation": 0.12566370614359174,
            "transform_matrix": [
                [
                    0.2805211842060089,
                    0.7838045358657837,
                    -0.5540381073951721,
                    -2.2333993911743164
                ],
                [
                    -0.9598478078842163,
                    0.2290714979171753,
                    -0.1619209200143814,
                    -0.6527241468429565
                ],
                [
                    -1.4901161193847656e-08,
                    0.5772145390510559,
                    0.8165923953056335,
                    3.2917895317077637
                ],
                [
                    0.0,
                    0.0,
                    0.0,
                    1.0
                ]
            ]
        },
        {
            "file_path": "/data/shapenet_blender/all_50_random/02958343/5801f9eb726b56448b9c28e7b121fdbc/r_13",
            "rotation": 0.12566370614359174,
            "transform_matrix": [
                [
                    -0.4977497458457947,
                    -0.7666482329368591,
                    -0.4055803418159485,
                    -1.6349468231201172
                ],
                [
                    -0.867320716381073,
                    0.43997451663017273,
                    0.23275993764400482,
                    0.9382854104042053
                ],
                [
                    1.4901162970204496e-08,
                    0.46762439608573914,
                    -0.8839271664619446,
                    -3.5632245540618896
                ],
                [
                    0.0,
                    0.0,
                    0.0,
                    1.0
                ]
            ]
        },
        {
            "file_path": "/data/shapenet_blender/all_50_random/02958343/5801f9eb726b56448b9c28e7b121fdbc/r_14",
            "rotation": 0.12566370614359174,
            "transform_matrix": [
                [
                    -0.9925082325935364,
                    -0.10609259456396103,
                    -0.06059518828988075,
                    -0.24426701664924622
                ],
                [
                    -0.12217780947685242,
                    0.8618404269218445,
                    0.4922434091567993,
                    1.9842966794967651
                ],
                [
                    3.725290298461914e-09,
                    0.4959590435028076,
                    -0.8683459162712097,
                    -3.5004143714904785
                ],
                [
                    0.0,
                    0.0,
                    0.0,
                    1.0
                ]
            ]
        },
        {
            "file_path": "/data/shapenet_blender/all_50_random/02958343/5801f9eb726b56448b9c28e7b121fdbc/r_15",
            "rotation": 0.12566370614359174,
            "transform_matrix": [
                [
                    -0.802888035774231,
                    -0.06732183694839478,
                    -0.592316210269928,
                    -2.3877029418945312
                ],
                [
                    -0.5961297154426575,
                    0.0906713530421257,
                    0.797751784324646,
                    3.2158403396606445
                ],
                [
                    -3.725290076417309e-09,
                    0.9936028122901917,
                    -0.11293148994445801,
                    -0.4552414119243622
                ],
                [
                    0.0,
                    0.0,
                    0.0,
                    1.0
                ]
            ]
        },
        {
            "file_path": "/data/shapenet_blender/all_50_random/02958343/5801f9eb726b56448b9c28e7b121fdbc/r_16",
            "rotation": 0.12566370614359174,
            "transform_matrix": [
                [
                    0.8841009736061096,
                    0.28352105617523193,
                    -0.3714583218097687,
                    -1.497396469116211
                ],
                [
                    -0.4672960340976715,
                    0.5364078283309937,
                    -0.7027807831764221,
                    -2.8330001831054688
                ],
                [
                    0.0,
                    0.7949101328849792,
                    0.6067270040512085,
                    2.4457950592041016
                ],
                [
                    0.0,
                    0.0,
                    0.0,
                    1.0
                ]
            ]
        },
        {
            "file_path": "/data/shapenet_blender/all_50_random/02958343/5801f9eb726b56448b9c28e7b121fdbc/r_17",
            "rotation": 0.12566370614359174,
            "transform_matrix": [
                [
                    -0.9289255738258362,
                    0.0032526932191103697,
                    -0.3702521026134491,
                    -1.4925339221954346
                ],
                [
                    -0.3702663779258728,
                    -0.008160367608070374,
                    0.9288897514343262,
                    3.744474411010742
                ],
                [
                    2.3283062977608182e-10,
                    0.9999614357948303,
                    0.008784737437963486,
                    0.03541240841150284
                ],
                [
                    0.0,
                    0.0,
                    0.0,
                    1.0
                ]
            ]
        },
        {
            "file_path": "/data/shapenet_blender/all_50_random/02958343/5801f9eb726b56448b9c28e7b121fdbc/r_18",
            "rotation": 0.12566370614359174,
            "transform_matrix": [
                [
                    0.4772678017616272,
                    -0.7720562815666199,
                    -0.41969576478004456,
                    -1.691847801208496
                ],
                [
                    -0.878757894039154,
                    -0.4193164110183716,
                    -0.22794364392757416,
                    -0.918870210647583
                ],
                [
                    0.0,
                    0.47760120034217834,
                    -0.8785767555236816,
                    -3.541656255722046
                ],
                [
                    0.0,
                    0.0,
                    0.0,
                    1.0
                ]
            ]
        },
        {
            "file_path": "/data/shapenet_blender/all_50_random/02958343/5801f9eb726b56448b9c28e7b121fdbc/r_19",
            "rotation": 0.12566370614359174,
            "transform_matrix": [
                [
                    0.9410899877548218,
                    -0.08215421438217163,
                    -0.32802489399909973,
                    -1.3223108053207397
                ],
                [
                    -0.33815625309944153,
                    -0.22863544523715973,
                    -0.9128943085670471,
                    -3.679994821548462
                ],
                [
                    -7.450580596923828e-09,
                    0.9700393676757812,
                    -0.24294747412204742,
                    -0.9793526530265808
                ],
                [
                    0.0,
                    0.0,
                    0.0,
                    1.0
                ]
            ]
        },
        {
            "file_path": "/data/shapenet_blender/all_50_random/02958343/5801f9eb726b56448b9c28e7b121fdbc/r_20",
            "rotation": 0.12566370614359174,
            "transform_matrix": [
                [
                    -0.8019901514053345,
                    -0.376748263835907,
                    0.4635434150695801,
                    1.868603229522705
                ],
                [
                    0.5973372459411621,
                    -0.5058255195617676,
                    0.6223573684692383,
                    2.508802890777588
                ],
                [
                    1.4901161193847656e-08,
                    0.7760161757469177,
                    0.6307128667831421,
                    2.542484998703003
                ],
                [
                    0.0,
                    0.0,
                    0.0,
                    1.0
                ]
            ]
        },
        {
            "file_path": "/data/shapenet_blender/all_50_random/02958343/5801f9eb726b56448b9c28e7b121fdbc/r_21",
            "rotation": 0.12566370614359174,
            "transform_matrix": [
                [
                    0.9758552312850952,
                    -0.1624438762664795,
                    0.1460091471672058,
                    0.5885817408561707
                ],
                [
                    0.2184186428785324,
                    0.7257700562477112,
                    -0.6523426175117493,
                    -2.6296775341033936
                ],
                [
                    0.0,
                    0.6684830188751221,
                    0.7437272667884827,
                    2.998060703277588
                ],
                [
                    0.0,
                    0.0,
                    0.0,
                    1.0
                ]
            ]
        },
        {
            "file_path": "/data/shapenet_blender/all_50_random/02958343/5801f9eb726b56448b9c28e7b121fdbc/r_22",
            "rotation": 0.12566370614359174,
            "transform_matrix": [
                [
                    -0.9143598079681396,
                    -0.3403955101966858,
                    -0.21926499903202057,
                    -0.8838855028152466
                ],
                [
                    -0.40490275621414185,
                    0.7686882019042969,
                    0.49514880776405334,
                    1.9960086345672607
                ],
                [
                    -1.4901161193847656e-08,
                    0.5415250658988953,
                    -0.8406845927238464,
                    -3.3889079093933105
                ],
                [
                    0.0,
                    0.0,
                    0.0,
                    1.0
                ]
            ]
        },
        {
            "file_path": "/data/shapenet_blender/all_50_random/02958343/5801f9eb726b56448b9c28e7b121fdbc/r_23",
            "rotation": 0.12566370614359174,
            "transform_matrix": [
                [
                    -0.3877180814743042,
                    0.020898276939988136,
                    0.9215410947799683,
                    3.714850902557373
                ],
                [
                    0.9217780232429504,
                    0.008790228515863419,
                    0.38761842250823975,
                    1.56253981590271
                ],
                [
                    0.0,
                    0.9997429847717285,
                    -0.02267170138657093,
                    -0.09139255434274673
                ],
                [
                    0.0,
                    0.0,
                    0.0,
                    1.0
                ]
            ]
        },
        {
            "file_path": "/data/shapenet_blender/all_50_random/02958343/5801f9eb726b56448b9c28e7b121fdbc/r_24",
            "rotation": 0.12566370614359174,
            "transform_matrix": [
                [
                    0.004453773610293865,
                    -0.784487783908844,
                    0.6201283931732178,
                    2.4998176097869873
                ],
                [
                    0.9999901056289673,
                    0.003493965370580554,
                    -0.0027619386091828346,
                    -0.011133730411529541
                ],
                [
                    0.0,
                    0.6201345324516296,
                    0.7844954133033752,
                    3.1624021530151367
                ],
                [
                    0.0,
                    0.0,
                    0.0,
                    1.0
                ]
            ]
        },
        {
            "file_path": "/data/shapenet_blender/all_50_random/02958343/5801f9eb726b56448b9c28e7b121fdbc/r_25",
            "rotation": 0.12566370614359174,
            "transform_matrix": [
                [
                    0.733237087726593,
                    -0.2957041561603546,
                    0.612308919429779,
                    2.468296527862549
                ],
                [
                    0.6799729466438293,
                    0.3188674747943878,
                    -0.6602727770805359,
                    -2.66164493560791
                ],
                [
                    0.0,
                    0.9004902243614197,
                    0.4348762631416321,
                    1.753042459487915
                ],
                [
                    0.0,
                    0.0,
                    0.0,
                    1.0
                ]
            ]
        },
        {
            "file_path": "/data/shapenet_blender/all_50_random/02958343/5801f9eb726b56448b9c28e7b121fdbc/r_26",
            "rotation": 0.12566370614359174,
            "transform_matrix": [
                [
                    -0.910364031791687,
                    0.043103475123643875,
                    -0.41155728697776794,
                    -1.6590404510498047
                ],
                [
                    -0.41380825638771057,
                    -0.09482616931200027,
                    0.905411958694458,
                    3.649832248687744
                ],
                [
                    0.0,
                    0.9945603013038635,
                    0.10416291654109955,
                    0.41989415884017944
                ],
                [
                    0.0,
                    0.0,
                    0.0,
                    1.0
                ]
            ]
        },
        {
            "file_path": "/data/shapenet_blender/all_50_random/02958343/5801f9eb726b56448b9c28e7b121fdbc/r_27",
            "rotation": 0.12566370614359174,
            "transform_matrix": [
                [
                    -0.44633153080940247,
                    -0.19246354699134827,
                    0.8739256262779236,
                    3.52290678024292
                ],
                [
                    0.8948677182197571,
                    -0.09599468857049942,
                    0.4358862638473511,
                    1.7571136951446533
                ],
                [
                    0.0,
                    0.9765975475311279,
                    0.21507489681243896,
                    0.8669946193695068
                ],
                [
                    0.0,
                    0.0,
                    0.0,
                    1.0
                ]
            ]
        },
        {
            "file_path": "/data/shapenet_blender/all_50_random/02958343/5801f9eb726b56448b9c28e7b121fdbc/r_28",
            "rotation": 0.12566370614359174,
            "transform_matrix": [
                [
                    -0.23697985708713531,
                    0.21267826855182648,
                    0.9479496479034424,
                    3.8213071823120117
                ],
                [
                    0.9715145230293274,
                    0.05187824368476868,
                    0.2312317192554474,
                    0.9321248531341553
                ],
                [
                    0.0,
                    0.9757441282272339,
                    -0.21891413629055023,
                    -0.8824710845947266
                ],
                [
                    0.0,
                    0.0,
                    0.0,
                    1.0
                ]
            ]
        },
        {
            "file_path": "/data/shapenet_blender/all_50_random/02958343/5801f9eb726b56448b9c28e7b121fdbc/r_29",
            "rotation": 0.12566370614359174,
            "transform_matrix": [
                [
                    -0.24960048496723175,
                    -0.7064067125320435,
                    -0.6623361706733704,
                    -2.6699624061584473
                ],
                [
                    -0.9683489799499512,
                    0.18208254873752594,
                    0.17072297632694244,
                    0.6882063150405884
                ],
                [
                    0.0,
                    0.6839849948883057,
                    -0.7294960618019104,
                    -2.940692663192749
                ],
                [
                    0.0,
                    0.0,
                    0.0,
                    1.0
                ]
            ]
        },
        {
            "file_path": "/data/shapenet_blender/all_50_random/02958343/5801f9eb726b56448b9c28e7b121fdbc/r_30",
            "rotation": 0.12566370614359174,
            "transform_matrix": [
                [
                    0.7022693753242493,
                    0.34297144412994385,
                    -0.623849630355835,
                    -2.5148184299468994
                ],
                [
                    -0.7119114398956299,
                    0.33832627534866333,
                    -0.6154002547264099,
                    -2.48075795173645
                ],
                [
                    0.0,
                    0.8763024806976318,
                    0.4817613959312439,
                    1.9420424699783325
                ],
                [
                    0.0,
                    0.0,
                    0.0,
                    1.0
                ]
            ]
        },
        {
            "file_path": "/data/shapenet_blender/all_50_random/02958343/5801f9eb726b56448b9c28e7b121fdbc/r_31",
            "rotation": 0.12566370614359174,
            "transform_matrix": [
                [
                    0.7582381963729858,
                    -0.0643773227930069,
                    0.6487914323806763,
                    2.6153621673583984
                ],
                [
                    0.6519775986671448,
                    0.07486966252326965,
                    -0.7545326948165894,
                    -3.041618824005127
                ],
                [
                    0.0,
                    0.9951130151748657,
                    0.09874161332845688,
                    0.39804020524024963
                ],
                [
                    0.0,
                    0.0,
                    0.0,
                    1.0
                ]
            ]
        },
        {
            "file_path": "/data/shapenet_blender/all_50_random/02958343/5801f9eb726b56448b9c28e7b121fdbc/r_32",
            "rotation": 0.12566370614359174,
            "transform_matrix": [
                [
                    -0.7634453177452087,
                    0.30151286721229553,
                    -0.5711752772331238,
                    -2.3024814128875732
                ],
                [
                    -0.6458724737167358,
                    -0.35639941692352295,
                    0.6751503944396973,
                    2.72161865234375
                ],
                [
                    -1.4901161193847656e-08,
                    0.8843468427658081,
                    0.466830313205719,
                    1.8818533420562744
                ],
                [
                    0.0,
                    0.0,
                    0.0,
                    1.0
                ]
            ]
        },
        {
            "file_path": "/data/shapenet_blender/all_50_random/02958343/5801f9eb726b56448b9c28e7b121fdbc/r_33",
            "rotation": 0.12566370614359174,
            "transform_matrix": [
                [
                    0.49026787281036377,
                    -0.40087655186653137,
                    -0.7739090919494629,
                    -3.119727611541748
                ],
                [
                    -0.8715718984603882,
                    -0.2254970669746399,
                    -0.4353315830230713,
                    -1.7548778057098389
                ],
                [
                    -1.4901162970204496e-08,
                    0.8879464864730835,
                    -0.4599466621875763,
                    -1.8541043996810913
                ],
                [
                    0.0,
                    0.0,
                    0.0,
                    1.0
                ]
            ]
        },
        {
            "file_path": "/data/shapenet_blender/all_50_random/02958343/5801f9eb726b56448b9c28e7b121fdbc/r_34",
            "rotation": 0.12566370614359174,
            "transform_matrix": [
                [
                    -0.6080875396728516,
                    0.26944994926452637,
                    0.7467437982559204,
                    3.010220527648926
                ],
                [
                    0.7938700318336487,
                    0.20639291405677795,
                    0.571989893913269,
                    2.30576491355896
                ],
                [
                    1.4901161193847656e-08,
                    0.9406374096870422,
                    -0.3394131660461426,
                    -1.368218183517456
                ],
                [
                    0.0,
                    0.0,
                    0.0,
                    1.0
                ]
            ]
        },
        {
            "file_path": "/data/shapenet_blender/all_50_random/02958343/5801f9eb726b56448b9c28e7b121fdbc/r_35",
            "rotation": 0.12566370614359174,
            "transform_matrix": [
                [
                    0.11574700474739075,
                    -0.4360988438129425,
                    -0.8924238681793213,
                    -3.59747576713562
                ],
                [
                    -0.9932787418365479,
                    -0.05081870034337044,
                    -0.10399436205625534,
                    -0.4192146956920624
                ],
                [
                    0.0,
                    0.8984625935554504,
                    -0.4390498399734497,
                    -1.7698664665222168
                ],
                [
                    0.0,
                    0.0,
                    0.0,
                    1.0
                ]
            ]
        },
        {
            "file_path": "/data/shapenet_blender/all_50_random/02958343/5801f9eb726b56448b9c28e7b121fdbc/r_36",
            "rotation": 0.12566370614359174,
            "transform_matrix": [
                [
                    -0.38023853302001953,
                    0.04521537944674492,
                    0.9237825274467468,
                    3.723886489868164
                ],
                [
                    0.9248884916305542,
                    0.018588867038488388,
                    0.37978383898735046,
                    1.530957579612732
                ],
                [
                    0.0,
                    0.9988042116165161,
                    -0.04888739064335823,
                    -0.197071373462677
                ],
                [
                    0.0,
                    0.0,
                    0.0,
                    1.0
                ]
            ]
        },
        {
            "file_path": "/data/shapenet_blender/all_50_random/02958343/5801f9eb726b56448b9c28e7b121fdbc/r_37",
            "rotation": 0.12566370614359174,
            "transform_matrix": [
                [
                    -0.9886187314987183,
                    -0.02101445011794567,
                    -0.1489679217338562,
                    -0.6005089282989502
                ],
                [
                    -0.15044283866882324,
                    0.13809417188167572,
                    0.978926420211792,
                    3.946178674697876
                ],
                [
                    1.862645149230957e-09,
                    0.990196168422699,
                    -0.13968394696712494,
                    -0.5630840063095093
                ],
                [
                    0.0,
                    0.0,
                    0.0,
                    1.0
                ]
            ]
        },
        {
            "file_path": "/data/shapenet_blender/all_50_random/02958343/5801f9eb726b56448b9c28e7b121fdbc/r_38",
            "rotation": 0.12566370614359174,
            "transform_matrix": [
                [
                    -0.6312852501869202,
                    -0.09120406210422516,
                    -0.7701692581176758,
                    -3.104651689529419
                ],
                [
                    -0.7755506634712219,
                    0.07423858344554901,
                    0.6269049048423767,
                    2.527134418487549
                ],
                [
                    3.725290076417309e-09,
                    0.9930611252784729,
                    -0.11759909987449646,
                    -0.474057137966156
                ],
                [
                    0.0,
                    0.0,
                    0.0,
                    1.0
                ]
            ]
        },
        {
            "file_path": "/data/shapenet_blender/all_50_random/02958343/5801f9eb726b56448b9c28e7b121fdbc/r_39",
            "rotation": 0.12566370614359174,
            "transform_matrix": [
                [
                    -0.3889515697956085,
                    -0.6160353422164917,
                    0.6849942207336426,
                    2.7613000869750977
                ],
                [
                    0.9212581515312195,
                    -0.2600876986980438,
                    0.28920188546180725,
                    1.1658101081848145
                ],
                [
                    -1.4901160305669237e-08,
                    0.7435421347618103,
                    0.6686891317367554,
                    2.6955721378326416
                ],
                [
                    0.0,
                    0.0,
                    0.0,
                    1.0
                ]
            ]
        },
        {
            "file_path": "/data/shapenet_blender/all_50_random/02958343/5801f9eb726b56448b9c28e7b121fdbc/r_40",
            "rotation": 0.12566370614359174,
            "transform_matrix": [
                [
                    0.42485055327415466,
                    0.1069766953587532,
                    -0.8989204168319702,
                    -3.623664140701294
                ],
                [
                    -0.9052634835243225,
                    0.050205398350954056,
                    -0.42187371850013733,
                    -1.700627326965332
                ],
                [
                    0.0,
                    0.9929929971694946,
                    0.11817190796136856,
                    0.47636619210243225
                ],
                [
                    0.0,
                    0.0,
                    0.0,
                    1.0
                ]
            ]
        },
        {
            "file_path": "/data/shapenet_blender/all_50_random/02958343/5801f9eb726b56448b9c28e7b121fdbc/r_41",
            "rotation": 0.12566370614359174,
            "transform_matrix": [
                [
                    0.4963124394416809,
                    -0.17415285110473633,
                    0.850496768951416,
                    3.428462028503418
                ],
                [
                    0.8681439757347107,
                    0.09956208616495132,
                    -0.48622360825538635,
                    -1.9600300788879395
                ],
                [
                    -7.450580596923828e-09,
                    0.9796724319458008,
