{
    "class": "02958343",
    "model": "4359a0878f823f5b96e24f86f1144c52",
    "remove_doubles": true,
    "edge_split": true,
    "denoise": true,
    "camera_angle_x": 0.6911112070083618,
    "scale_factor": 2.253048902497163,
    "hdri_file": "/data/IndoorHDRDataset2018/9C4A3058-88110e8439.exr",
    "center_offset": [
        0.0,
        -1.862645149230957e-09,
        -1.862645149230957e-09
    ],
    "lights": [],
    "frames": [
        {
            "file_path": "/data/shapenet_blender/all_50_random/02958343/4359a0878f823f5b96e24f86f1144c52/r_0",
            "rotation": 0.12566370614359174,
            "transform_matrix": [
                [
                    0.9432620406150818,
                    -0.07936429977416992,
                    0.3224255442619324,
                    1.299738883972168
                ],
                [
                    0.33204957842826843,
                    0.22545225918293,
                    -0.9159227013587952,
                    -3.692202568054199
                ],
                [
                    0.0,
                    0.9710162281990051,
                    0.2390134185552597,
                    0.9634938836097717
                ],
                [
                    0.0,
                    0.0,
                    0.0,
                    1.0
                ]
            ]
        },
        {
            "file_path": "/data/shapenet_blender/all_50_random/02958343/4359a0878f823f5b96e24f86f1144c52/r_1",
            "rotation": 0.12566370614359174,
            "transform_matrix": [
                [
                    -0.23024386167526245,
                    0.14407281577587128,
                    0.9624087810516357,
                    3.879594087600708
                ],
                [
                    0.9731329679489136,
                    0.03408771753311157,
                    0.22770650684833527,
                    0.9179143309593201
                ],
                [
                    -3.725290076417309e-09,
                    0.9889798164367676,
                    -0.1480504870414734,
                    -0.5968106389045715
                ],
                [
                    0.0,
                    0.0,
                    0.0,
                    1.0
                ]
            ]
        },
        {
            "file_path": "/data/shapenet_blender/all_50_random/02958343/4359a0878f823f5b96e24f86f1144c52/r_2",
            "rotation": 0.12566370614359174,
            "transform_matrix": [
                [
                    0.869428813457489,
                    0.03625185415148735,
                    0.49272647500038147,
                    1.9862442016601562
                ],
                [
                    0.49405837059020996,
                    -0.06379490345716476,
                    -0.8670849800109863,
                    -3.4953317642211914
                ],
                [
                    0.0,
                    0.9973044395446777,
                    -0.0733756497502327,
                    -0.2957867383956909
                ],
                [
                    0.0,
                    0.0,
                    0.0,
                    1.0
                ]
            ]
        },
        {
            "file_path": "/data/shapenet_blender/all_50_random/02958343/4359a0878f823f5b96e24f86f1144c52/r_3",
            "rotation": 0.12566370614359174,
            "transform_matrix": [
                [
                    -0.7805121541023254,
                    0.5047025084495544,
                    0.36888477206230164,
                    1.487022042274475
                ],
                [
                    0.6251404881477356,
                    0.6301407217979431,
                    0.4605669677257538,
                    1.856604814529419
                ],
                [
                    0.0,
                    0.5900830030441284,
                    -0.8073425889015198,
                    -3.254502058029175
                ],
                [
                    0.0,
                    0.0,
                    0.0,
                    1.0
                ]
            ]
        },
        {
            "file_path": "/data/shapenet_blender/all_50_random/02958343/4359a0878f823f5b96e24f86f1144c52/r_4",
            "rotation": 0.12566370614359174,
            "transform_matrix": [
                [
                    -0.8155517578125,
                    -0.16673028469085693,
                    0.554144561290741,
                    2.23382830619812
                ],
                [
                    0.5786840319633484,
                    -0.23497657477855682,
                    0.7809678316116333,
                    3.1481821537017822
                ],
                [
                    1.4901159417490817e-08,
                    0.9575943946838379,
                    0.28811970353126526,
                    1.1614477634429932
                ],
                [
                    0.0,
                    0.0,
                    0.0,
                    1.0
                ]
            ]
        },
        {
            "file_path": "/data/shapenet_blender/all_50_random/02958343/4359a0878f823f5b96e24f86f1144c52/r_5",
            "rotation": 0.12566370614359174,
            "transform_matrix": [
                [
                    0.7159625291824341,
                    0.5197623372077942,
                    -0.46609506011009216,
                    -1.8788893222808838
                ],
                [
                    -0.6981385946273804,
                    0.533032238483429,
                    -0.47799479961395264,
                    -1.92685866355896
                ],
                [
                    0.0,
                    0.6676254868507385,
                    0.7444972991943359,
                    3.001164674758911
                ],
                [
                    0.0,
                    0.0,
                    0.0,
                    1.0
                ]
            ]
        },
        {
            "file_path": "/data/shapenet_blender/all_50_random/02958343/4359a0878f823f5b96e24f86f1144c52/r_6",
            "rotation": 0.12566370614359174,
            "transform_matrix": [
                [
                    0.21078243851661682,
                    0.6963551044464111,
                    0.6860467195510864,
                    2.76554274559021
                ],
                [
                    0.9775329828262329,
                    -0.15015290677547455,
                    -0.14793014526367188,
                    -0.5963255167007446
                ],
                [
                    0.0,
                    0.7018143534660339,
                    -0.7123597860336304,
                    -2.8716142177581787
                ],
                [
                    0.0,
                    0.0,
                    0.0,
                    1.0
                ]
            ]
        },
        {
            "file_path": "/data/shapenet_blender/all_50_random/02958343/4359a0878f823f5b96e24f86f1144c52/r_7",
            "rotation": 0.12566370614359174,
            "transform_matrix": [
                [
                    0.8686140179634094,
                    -0.18125231564044952,
                    -0.4611479640007019,
                    -1.8589470386505127
                ],
                [
                    -0.49548959732055664,
                    -0.31774288415908813,
                    -0.8084116578102112,
                    -3.2588119506835938
                ],
                [
                    0.0,
                    0.9306915998458862,
                    -0.3658044934272766,
                    -1.4746052026748657
                ],
                [
                    0.0,
                    0.0,
                    0.0,
                    1.0
                ]
            ]
        },
        {
            "file_path": "/data/shapenet_blender/all_50_random/02958343/4359a0878f823f5b96e24f86f1144c52/r_8",
            "rotation": 0.12566370614359174,
            "transform_matrix": [
                [
                    -0.1349712312221527,
                    0.5856741666793823,
                    -0.7992299795150757,
                    -3.22179913520813
                ],
                [
                    -0.990849494934082,
                    -0.07977918535470963,
                    0.108869269490242,
                    0.4388660490512848
                ],
                [
                    7.4505797087454084e-09,
                    0.8066108226776123,
                    0.5910828113555908,
                    2.3827309608459473
                ],
                [
                    0.0,
                    0.0,
                    0.0,
                    1.0
                ]
            ]
        },
        {
            "file_path": "/data/shapenet_blender/all_50_random/02958343/4359a0878f823f5b96e24f86f1144c52/r_9",
            "rotation": 0.12566370614359174,
            "transform_matrix": [
                [
                    -0.9909700751304626,
                    -0.09496758878231049,
                    -0.09465400874614716,
                    -0.3815625309944153
                ],
                [
                    -0.13408291339874268,
                    0.7018794417381287,
                    0.6995618343353271,
                    2.820024251937866
                ],
                [
                    0.0,
                    0.7059364318847656,
                    -0.7082751393318176,
                    -2.8551485538482666
                ],
                [
                    0.0,
                    0.0,
                    0.0,
                    1.0
                ]
            ]
        },
        {
            "file_path": "/data/shapenet_blender/all_50_random/02958343/4359a0878f823f5b96e24f86f1144c52/r_10",
            "rotation": 0.12566370614359174,
            "transform_matrix": [
                [
                    0.9486730694770813,
                    -0.07797166705131531,
                    0.3064959943294525,
                    1.2355248928070068
                ],
                [
                    0.31625837087631226,
                    0.23388983309268951,
                    -0.919389009475708,
                    -3.7061755657196045
                ],
                [
                    -7.450580596923828e-09,
                    0.9691314697265625,
                    0.24654419720172882,
                    0.9938514232635498
                ],
                [
                    0.0,
                    0.0,
                    0.0,
                    1.0
                ]
            ]
        },
        {
            "file_path": "/data/shapenet_blender/all_50_random/02958343/4359a0878f823f5b96e24f86f1144c52/r_11",
            "rotation": 0.12566370614359174,
            "transform_matrix": [
                [
                    -0.9939281940460205,
                    0.06649713218212128,
                    0.08766374737024307,
                    0.353383868932724
                ],
                [
                    0.11003091931343079,
                    0.6006800532341003,
                    0.7918817400932312,
                    3.1921772956848145
                ],
                [
                    0.0,
                    0.7967193126678467,
                    -0.6043495535850525,
                    -2.436210870742798
                ],
                [
                    0.0,
                    0.0,
                    0.0,
                    1.0
                ]
            ]
        },
        {
            "file_path": "/data/shapenet_blender/all_50_random/02958343/4359a0878f823f5b96e24f86f1144c52/r_12",
            "rotation": 0.12566370614359174,
            "transform_matrix": [
                [
                    0.7751835584640503,
                    -0.07224597781896591,
                    0.6275914907455444,
                    2.529902219772339
                ],
                [
                    0.6317360997200012,
                    0.08865075558423996,
                    -0.7700977325439453,
                    -3.104363203048706
                ],
                [
                    7.450580596923828e-09,
                    0.993439257144928,
                    0.1143609955906868,
                    0.4610039293766022
                ],
                [
                    0.0,
                    0.0,
                    0.0,
                    1.0
                ]
            ]
        },
        {
            "file_path": "/data/shapenet_blender/all_50_random/02958343/4359a0878f823f5b96e24f86f1144c52/r_13",
            "rotation": 0.12566370614359174,
            "transform_matrix": [
                [
                    0.1838710606098175,
                    0.1035315990447998,
                    0.9774827361106873,
                    3.940359115600586
                ],
                [
                    0.9829503297805786,
                    -0.019366661086678505,
                    -0.18284828960895538,
                    -0.7370851039886475
                ],
                [
                    1.8626450382086546e-09,
                    0.9944376349449158,
                    -0.10532737523317337,
                    -0.42458826303482056
                ],
                [
                    0.0,
                    0.0,
                    0.0,
                    1.0
                ]
            ]
        },
        {
            "file_path": "/data/shapenet_blender/all_50_random/02958343/4359a0878f823f5b96e24f86f1144c52/r_14",
            "rotation": 0.12566370614359174,
            "transform_matrix": [
                [
                    -0.44303303956985474,
                    0.5140032768249512,
                    -0.7345218062400818,
                    -2.960951805114746
                ],
                [
                    -0.8965052366256714,
                    -0.25400906801223755,
                    0.36298441886901855,
                    1.4632368087768555
                ],
                [
                    -1.4901159417490817e-08,
                    0.8193166851997375,
                    0.5733411908149719,
                    2.3112120628356934
                ],
                [
                    0.0,
                    0.0,
                    0.0,
                    1.0
                ]
            ]
        },
        {
            "file_path": "/data/shapenet_blender/all_50_random/02958343/4359a0878f823f5b96e24f86f1144c52/r_15",
            "rotation": 0.12566370614359174,
            "transform_matrix": [
                [
                    0.5094006061553955,
                    0.16478055715560913,
                    0.8446054458618164,
                    3.4047136306762695
                ],
                [
                    0.8605295419692993,
                    -0.09754378348588943,
                    -0.4999741315841675,
                    -2.015460252761841
                ],
                [
                    -7.450580596923828e-09,
                    0.9814950227737427,
                    -0.1914874166250229,
                    -0.771910548210144
                ],
                [
                    0.0,
                    0.0,
                    0.0,
                    1.0
                ]
            ]
        },
        {
            "file_path": "/data/shapenet_blender/all_50_random/02958343/4359a0878f823f5b96e24f86f1144c52/r_16",
            "rotation": 0.12566370614359174,
            "transform_matrix": [
                [
                    -0.36811622977256775,
                    -0.2105189859867096,
                    0.9056336283683777,
                    3.650725841522217
                ],
                [
                    0.9297797679901123,
                    -0.08334817737340927,
                    0.3585563600063324,
                    1.4453868865966797
                ],
                [
                    -7.450580152834618e-09,
                    0.9740301370620728,
                    0.22641810774803162,
                    0.9127205610275269
                ],
                [
                    0.0,
                    0.0,
                    0.0,
                    1.0
                ]
            ]
        },
        {
            "file_path": "/data/shapenet_blender/all_50_random/02958343/4359a0878f823f5b96e24f86f1144c52/r_17",
            "rotation": 0.12566370614359174,
            "transform_matrix": [
                [
                    -0.6139716506004333,
                    0.1588987410068512,
                    -0.7731688022613525,
                    -3.1167428493499756
                ],
                [
                    -0.7893279790878296,
                    -0.12359795719385147,
                    0.6014024019241333,
                    2.424330234527588
                ],
                [
                    0.0,
                    0.9795277714729309,
                    0.20130890607833862,
                    0.8115020394325256
                ],
                [
                    0.0,
                    0.0,
                    0.0,
                    1.0
                ]
            ]
        },
        {
            "file_path": "/data/shapenet_blender/all_50_random/02958343/4359a0878f823f5b96e24f86f1144c52/r_18",
            "rotation": 0.12566370614359174,
            "transform_matrix": [
                [
                    0.7205016613006592,
                    -0.6847967505455017,
                    0.10922840982675552,
                    0.44031381607055664
                ],
                [
                    0.693453311920166,
                    0.7115074396133423,
                    -0.11348889768123627,
                    -0.45748838782310486
                ],
                [
                    0.0,
                    0.1575135886669159,
                    0.9875168204307556,
                    3.9808075428009033
                ],
                [
                    0.0,
                    0.0,
                    0.0,
                    1.0
                ]
            ]
        },
        {
            "file_path": "/data/shapenet_blender/all_50_random/02958343/4359a0878f823f5b96e24f86f1144c52/r_19",
            "rotation": 0.12566370614359174,
            "transform_matrix": [
                [
                    -0.9432656764984131,
                    0.026881208643317223,
                    0.3309492766857147,
                    1.3340991735458374
                ],
                [
                    0.3320392370223999,
                    0.07636484503746033,
                    0.9401693344116211,
                    3.7899436950683594
                ],
                [
                    -3.725290742551124e-09,
                    0.9967175126075745,
                    -0.08095794171094894,
                    -0.32635191082954407
                ],
                [
                    0.0,
                    0.0,
                    0.0,
                    1.0
                ]
            ]
        },
        {
            "file_path": "/data/shapenet_blender/all_50_random/02958343/4359a0878f823f5b96e24f86f1144c52/r_20",
            "rotation": 0.12566370614359174,
            "transform_matrix": [
                [
                    -0.3800777792930603,
                    0.028568170964717865,
                    -0.9245132803916931,
                    -3.726832151412964
                ],
                [
                    -0.9249546527862549,
                    -0.011739091016352177,
                    0.3798964023590088,
                    1.5314114093780518
                ],
                [
                    0.0,
                    0.9995228052139282,
                    0.030886027961969376,
                    0.12450556457042694
                ],
                [
                    0.0,
                    0.0,
                    0.0,
                    1.0
                ]
            ]
        },
        {
            "file_path": "/data/shapenet_blender/all_50_random/02958343/4359a0878f823f5b96e24f86f1144c52/r_21",
            "rotation": 0.12566370614359174,
            "transform_matrix": [
                [
                    0.9594323635101318,
                    0.12448174506425858,
                    0.25297001004219055,
                    1.0197547674179077
                ],
                [
                    0.2819388806819916,
                    -0.4236089289188385,
                    -0.8608518838882446,
                    -3.4702048301696777
                ],
                [
                    7.450580596923828e-09,
                    0.8972512483596802,
                    -0.4415203332901001,
                    -1.7798254489898682
                ],
                [
                    0.0,
                    0.0,
                    0.0,
                    1.0
                ]
            ]
        },
        {
            "file_path": "/data/shapenet_blender/all_50_random/02958343/4359a0878f823f5b96e24f86f1144c52/r_22",
            "rotation": 0.12566370614359174,
            "transform_matrix": [
                [
                    0.9648038148880005,
                    -0.04165591672062874,
                    0.25965070724487305,
                    1.0466854572296143
                ],
                [
                    0.262970894575119,
                    0.15282978117465973,
                    -0.9526224136352539,
                    -3.8401436805725098
                ],
                [
                    -3.725290298461914e-09,
                    0.9873741269111633,
                    0.15840506553649902,
                    0.6385512351989746
                ],
                [
                    0.0,
                    0.0,
                    0.0,
                    1.0
                ]
            ]
        },
        {
            "file_path": "/data/shapenet_blender/all_50_random/02958343/4359a0878f823f5b96e24f86f1144c52/r_23",
            "rotation": 0.12566370614359174,
            "transform_matrix": [
                [
                    0.42713961005210876,
                    0.5783867239952087,
                    -0.69499671459198,
                    -2.801621437072754
                ],
                [
                    -0.9041857719421387,
                    0.2732313573360443,
                    -0.32831817865371704,
                    -1.3234928846359253
                ],
                [
                    1.4901162970204496e-08,
                    0.7686437368392944,
                    0.6396769881248474,
                    2.578620433807373
                ],
                [
                    0.0,
                    0.0,
                    0.0,
                    1.0
                ]
            ]
        },
        {
            "file_path": "/data/shapenet_blender/all_50_random/02958343/4359a0878f823f5b96e24f86f1144c52/r_24",
            "rotation": 0.12566370614359174,
            "transform_matrix": [
                [
                    -0.5142379403114319,
                    9.308990411227569e-05,
                    -0.8576475977897644,
                    -3.457287549972534
                ],
                [
                    -0.8576473593711853,
                    -5.581590085057542e-05,
                    0.5142380595207214,
                    2.0729596614837646
                ],
                [
                    0.0,
                    1.0,
                    0.00010854100401047617,
                    0.0004375427379272878
                ],
                [
                    0.0,
                    0.0,
                    0.0,
                    1.0
                ]
            ]
        },
        {
            "file_path": "/data/shapenet_blender/all_50_random/02958343/4359a0878f823f5b96e24f86f1144c52/r_25",
            "rotation": 0.12566370614359174,
            "transform_matrix": [
                [
                    -0.8386185169219971,
                    -0.34076112508773804,
                    -0.4249715507030487,
                    -1.7131150960922241
                ],
                [
                    -0.5447191596031189,
                    0.5246163606643677,
                    0.6542619466781616,
                    2.6374142169952393
                ],
                [
                    0.0,
                    0.7801662683486938,
                    -0.625572144985199,
                    -2.521761894226074
                ],
                [
                    0.0,
                    0.0,
                    0.0,
                    1.0
                ]
            ]
        },
        {
            "file_path": "/data/shapenet_blender/all_50_random/02958343/4359a0878f823f5b96e24f86f1144c52/r_26",
            "rotation": 0.12566370614359174,
            "transform_matrix": [
                [
                    0.8884280920028687,
                    0.10339575260877609,
                    0.44721901416778564,
                    1.802797555923462
                ],
                [
                    0.4590158462524414,
                    -0.2001231461763382,
                    -0.865595281124115,
                    -3.489326238632202
                ],
                [
                    0.0,
                    0.9742997884750366,
                    -0.22525529563426971,
                    -0.9080331325531006
                ],
                [
                    0.0,
                    0.0,
                    0.0,
                    1.0
                ]
            ]
        },
        {
            "file_path": "/data/shapenet_blender/all_50_random/02958343/4359a0878f823f5b96e24f86f1144c52/r_27",
            "rotation": 0.12566370614359174,
            "transform_matrix": [
                [
                    0.5840398073196411,
                    -0.2803519368171692,
                    -0.761774480342865,
                    -3.0708110332489014
                ],
                [
                    -0.8117250204086304,
                    -0.20171445608139038,
                    -0.5481001138687134,
                    -2.2094621658325195
                ],
                [
                    0.0,
                    0.9384636282920837,
                    -0.34537795186042786,
                    -1.3922630548477173
                ],
                [
                    0.0,
                    0.0,
                    0.0,
                    1.0
                ]
            ]
        },
        {
            "file_path": "/data/shapenet_blender/all_50_random/02958343/4359a0878f823f5b96e24f86f1144c52/r_28",
            "rotation": 0.12566370614359174,
            "transform_matrix": [
                [
                    -0.11409588158130646,
                    -0.4745851755142212,
                    -0.8727834820747375,
                    -3.5183026790618896
                ],
                [
                    -0.9934698343276978,
                    0.054504137486219406,
                    0.10023555904626846,
                    0.4040624499320984
                ],
                [
                    0.0,
                    0.8785203099250793,
                    -0.4777047634124756,
                    -1.925689458847046
                ],
                [
                    0.0,
                    0.0,
                    0.0,
                    1.0
                ]
            ]
        },
        {
            "file_path": "/data/shapenet_blender/all_50_random/02958343/4359a0878f823f5b96e24f86f1144c52/r_29",
            "rotation": 0.12566370614359174,
            "transform_matrix": [
                [
                    -0.6989111304283142,
                    -0.4729797840118408,
                    0.5364824533462524,
                    2.1626298427581787
                ],
                [
                    0.7152085900306702,
                    -0.4622019827365875,
                    0.5242576003074646,
                    2.1133499145507812
                ],
                [
                    0.0,
                    0.7501062750816345,
                    0.6613172888755798,
                    2.6658551692962646
                ],
                [
                    0.0,
                    0.0,
                    0.0,
                    1.0
                ]
            ]
        },
        {
            "file_path": "/data/shapenet_blender/all_50_random/02958343/4359a0878f823f5b96e24f86f1144c52/r_30",
            "rotation": 0.12566370614359174,
            "transform_matrix": [
                [
                    -0.9906067252159119,
                    0.11982071399688721,
                    0.06589026749134064,
                    0.2656121551990509
                ],
                [
                    0.13674260675907135,
                    0.8680192232131958,
                    0.47732996940612793,
                    1.9241786003112793
                ],
                [
                    -3.725291186640334e-09,
                    0.4818561375141144,
                    -0.8762502670288086,
                    -3.532277822494507
                ],
                [
                    0.0,
                    0.0,
                    0.0,
                    1.0
                ]
            ]
        },
        {
            "file_path": "/data/shapenet_blender/all_50_random/02958343/4359a0878f823f5b96e24f86f1144c52/r_31",
            "rotation": 0.12566370614359174,
            "transform_matrix": [
                [
                    -0.38478341698646545,
                    0.7834542393684387,
                    -0.48799702525138855,
                    -1.9671789407730103
                ],
                [
                    -0.9230070114135742,
                    -0.3266066014766693,
                    0.20343634486198425,
                    0.8200781345367432
                ],
                [
                    1.4901162970204496e-08,
                    0.5287034511566162,
                    0.8488065600395203,
                    3.4216487407684326
                ],
                [
                    0.0,
                    0.0,
                    0.0,
                    1.0
                ]
            ]
        },
        {
            "file_path": "/data/shapenet_blender/all_50_random/02958343/4359a0878f823f5b96e24f86f1144c52/r_32",
            "rotation": 0.12566370614359174,
            "transform_matrix": [
                [
                    -0.06877700239419937,
                    -0.9286983609199524,
                    0.3644024133682251,
                    1.468953251838684
                ],
                [
                    0.9976321458816528,
                    -0.06402468681335449,
                    0.025121990591287613,
                    0.10126999020576477
                ],
                [
                    0.0,
                    0.365267276763916,
                    0.9309025406837463,
                    3.7525885105133057
                ],
                [
                    0.0,
                    0.0,
                    0.0,
                    1.0
                ]
            ]
        },
        {
            "file_path": "/data/shapenet_blender/all_50_random/02958343/4359a0878f823f5b96e24f86f1144c52/r_33",
            "rotation": 0.12566370614359174,
            "transform_matrix": [
                [
                    0.2624123990535736,
                    0.5092843174934387,
                    0.8196152448654175,
                    3.3039748668670654
                ],
                [
                    0.964955747127533,
                    -0.1384960114955902,
                    -0.22288817167282104,
                    -0.8984910249710083
                ],
                [
                    -7.450580152834618e-09,
                    0.849381148815155,
                    -0.5277798771858215,
                    -2.127548933029175
                ],
                [
                    0.0,
                    0.0,
                    0.0,
                    1.0
                ]
            ]
        },
        {
            "file_path": "/data/shapenet_blender/all_50_random/02958343/4359a0878f823f5b96e24f86f1144c52/r_34",
            "rotation": 0.12566370614359174,
            "transform_matrix": [
                [
                    0.6998028755187988,
                    -0.4174901843070984,
                    -0.5796358585357666,
                    -2.3365871906280518
                ],
                [
                    -0.7143359780311584,
                    -0.40899643301963806,
                    -0.5678432583808899,
                    -2.2890496253967285
                ],
                [
                    -1.4901161193847656e-08,
                    0.8114332556724548,
                    -0.584445059299469,
                    -2.355973720550537
                ],
                [
                    0.0,
                    0.0,
                    0.0,
                    1.0
                ]
            ]
        },
        {
            "file_path": "/data/shapenet_blender/all_50_random/02958343/4359a0878f823f5b96e24f86f1144c52/r_35",
            "rotation": 0.12566370614359174,
            "transform_matrix": [
                [
                    -0.25753968954086304,
                    0.11421044170856476,
                    0.9594943523406982,
                    3.867845058441162
                ],
                [
                    0.9662677049636841,
                    0.030440552160143852,
                    0.255734384059906,
                    1.030898094177246
                ],
                [
                    0.0,
                    0.9929901361465454,
                    -0.11819751560688019,
                    -0.47646936774253845
                ],
                [
                    0.0,
                    0.0,
                    0.0,
                    1.0
                ]
            ]
        },
        {
            "file_path": "/data/shapenet_blender/all_50_random/02958343/4359a0878f823f5b96e24f86f1144c52/r_36",
            "rotation": 0.12566370614359174,
            "transform_matrix": [
                [
                    0.7318483591079712,
                    -0.2369750291109085,
                    -0.6389372944831848,
                    -2.57563853263855
                ],
                [
                    -0.6814675331115723,
                    -0.2544945478439331,
                    -0.6861737966537476,
                    -2.76605486869812
                ],
                [
                    0.0,
                    0.9375901818275452,
                    -0.3477422297000885,
                    -1.4017937183380127
                ],
                [
                    0.0,
                    0.0,
                    0.0,
                    1.0
                ]
            ]
        },
        {
            "file_path": "/data/shapenet_blender/all_50_random/02958343/4359a0878f823f5b96e24f86f1144c52/r_37",
            "rotation": 0.12566370614359174,
            "transform_matrix": [
                [
                    0.5707033276557922,
                    -0.01155969686806202,
                    0.8210750222206116,
                    3.309858798980713
                ],
                [
                    0.8211563229560852,
                    0.008033985272049904,
                    -0.5706468224525452,
                    -2.3003506660461426
                ],
                [
                    -4.6566123179658803e-10,
                    0.9999009966850281,
                    0.014077339321374893,
                    0.05674756318330765
                ],
                [
                    0.0,
                    0.0,
                    0.0,
                    1.0
                ]
            ]
        },
        {
            "file_path": "/data/shapenet_blender/all_50_random/02958343/4359a0878f823f5b96e24f86f1144c52/r_38",
            "rotation": 0.12566370614359174,
            "transform_matrix": [
                [
                    -0.48652470111846924,
                    0.5602158904075623,
                    -0.6704117059707642,
                    -2.7025158405303955
                ],
                [
                    -0.8736668825149536,
                    -0.31197115778923035,
                    0.3733366131782532,
                    1.5049679279327393
                ],
                [
                    -1.4901161193847656e-08,
                    0.767353892326355,
                    0.6412237286567688,
                    2.584855556488037
                ],
                [
                    0.0,
                    0.0,
                    0.0,
                    1.0
                ]
            ]
        },
        {
            "file_path": "/data/shapenet_blender/all_50_random/02958343/4359a0878f823f5b96e24f86f1144c52/r_39",
            "rotation": 0.12566370614359174,
            "transform_matrix": [
                [
                    -0.9317506551742554,
                    -0.22572970390319824,
                    0.28440600633621216,
                    1.1464773416519165
                ],
                [
                    0.36309874057769775,
                    -0.5792468786239624,
                    0.7298166155815125,
                    2.9419848918914795
                ],
                [
                    0.0,
                    0.7832747101783752,
                    0.6216757893562317,
                    2.5060553550720215
                ],
                [
                    0.0,
                    0.0,
                    0.0,
                    1.0
                ]
            ]
        },
        {
            "file_path": "/data/shapenet_blender/all_50_random/02958343/4359a0878f823f5b96e24f86f1144c52/r_40",
            "rotation": 0.12566370614359174,
            "transform_matrix": [
                [
                    0.9998701214790344,
                    0.004910606890916824,
                    0.015355097129940987,
                    0.061898380517959595
                ],
                [
                    0.01612120121717453,
                    -0.3045659363269806,
                    -0.9523547887802124,
                    -3.8390650749206543
                ],
                [
                    -4.656612873077393e-10,
                    0.9524786472320557,
                    -0.30460548400878906,
                    -1.2279040813446045
                ],
                [
                    0.0,
                    0.0,
                    0.0,
                    1.0
                ]
            ]
        },
        {
            "file_path": "/data/shapenet_blender/all_50_random/02958343/4359a0878f823f5b96e24f86f1144c52/r_41",
            "rotation": 0.12566370614359174,
            "transform_matrix": [
                [
                    0.09452556073665619,
                    0.46709826588630676,
                    0.8791382312774658,
                    3.543919563293457
                ],
                [
                    0.9955224394798279,
                    -0.044351305812597275,
                    -0.0834747925400734,
                    -0.3364976644515991
                ],
                [
                    0.0,
