{
    "class": "02958343",
    "model": "fa9897315ee8b6ba67789dfcc3262f70",
    "remove_doubles": true,
    "edge_split": true,
    "denoise": true,
    "camera_angle_x": 0.6911112070083618,
    "scale_factor": 2.265544392424453,
    "hdri_file": "/data/IndoorHDRDataset2018/AG8A3686-f78c39d2f1.exr",
    "center_offset": [
        0.0,
        0.0,
        3.725290298461914e-09
    ],
    "lights": [],
    "frames": [
        {
            "file_path": "/data/shapenet_blender/all_50_random/02958343/fa9897315ee8b6ba67789dfcc3262f70/r_0",
            "rotation": 0.12566370614359174,
            "transform_matrix": [
                [
                    0.09752950817346573,
                    0.40201693773269653,
                    -0.9104231595993042,
                    -3.6700329780578613
                ],
                [
                    -0.9952327013015747,
                    0.03939632698893547,
                    -0.08921845257282257,
                    -0.3596510589122772
                ],
                [
                    0.0,
                    0.9147842526435852,
                    0.40394270420074463,
                    1.628345012664795
                ],
                [
                    0.0,
                    0.0,
                    0.0,
                    1.0
                ]
            ]
        },
        {
            "file_path": "/data/shapenet_blender/all_50_random/02958343/fa9897315ee8b6ba67789dfcc3262f70/r_1",
            "rotation": 0.12566370614359174,
            "transform_matrix": [
                [
                    0.3543190062046051,
                    -0.052907634526491165,
                    -0.9336267113685608,
                    -3.7635695934295654
                ],
                [
                    -0.9351245760917664,
                    -0.020046718418598175,
                    -0.35375145077705383,
                    -1.4260177612304688
                ],
                [
                    1.8626449271863521e-09,
                    0.9983982443809509,
                    -0.05657816305756569,
                    -0.2280738651752472
                ],
                [
                    0.0,
                    0.0,
                    0.0,
                    1.0
                ]
            ]
        },
        {
            "file_path": "/data/shapenet_blender/all_50_random/02958343/fa9897315ee8b6ba67789dfcc3262f70/r_2",
            "rotation": 0.12566370614359174,
            "transform_matrix": [
                [
                    -0.5681555867195129,
                    -0.25696977972984314,
                    0.7817708849906921,
                    3.1514194011688232
                ],
                [
                    0.8229211568832397,
                    -0.17741531133651733,
                    0.5397448539733887,
                    2.17578125
                ],
                [
                    0.0,
                    0.9499949216842651,
                    0.3122653365135193,
                    1.258781909942627
                ],
                [
                    0.0,
                    0.0,
                    0.0,
                    1.0
                ]
            ]
        },
        {
            "file_path": "/data/shapenet_blender/all_50_random/02958343/fa9897315ee8b6ba67789dfcc3262f70/r_3",
            "rotation": 0.12566370614359174,
            "transform_matrix": [
                [
                    0.689558207988739,
                    0.42405375838279724,
                    -0.58710116147995,
                    -2.36668062210083
                ],
                [
                    -0.7242302298545837,
                    0.40375247597694397,
                    -0.5589941143989563,
                    -2.253377676010132
                ],
                [
                    -1.4901161193847656e-08,
                    0.810655415058136,
                    0.5855233073234558,
                    2.3603200912475586
                ],
                [
                    0.0,
                    0.0,
                    0.0,
                    1.0
                ]
            ]
        },
        {
            "file_path": "/data/shapenet_blender/all_50_random/02958343/fa9897315ee8b6ba67789dfcc3262f70/r_4",
            "rotation": 0.12566370614359174,
            "transform_matrix": [
                [
                    0.9979202747344971,
                    -0.03419309854507446,
                    0.05464237555861473,
                    0.22027045488357544
                ],
                [
                    0.0644589513540268,
                    0.5293599367141724,
                    -0.8459450602531433,
                    -3.410113573074341
                ],
                [
                    -1.8626450382086546e-09,
                    0.8477079272270203,
                    0.5304630994796753,
                    2.1383652687072754
                ],
                [
                    0.0,
                    0.0,
                    0.0,
                    1.0
                ]
            ]
        },
        {
            "file_path": "/data/shapenet_blender/all_50_random/02958343/fa9897315ee8b6ba67789dfcc3262f70/r_5",
            "rotation": 0.12566370614359174,
            "transform_matrix": [
                [
                    -0.05140872299671173,
                    -0.019192364066839218,
                    -0.9984931349754333,
                    -4.025054931640625
                ],
                [
                    -0.9986777305603027,
                    0.0009879613062366843,
                    0.051399219781160355,
                    0.2071968913078308
                ],
                [
                    0.0,
                    0.9998152256011963,
                    -0.019217774271965027,
                    -0.07746933400630951
                ],
                [
                    0.0,
                    0.0,
                    0.0,
                    1.0
                ]
            ]
        },
        {
            "file_path": "/data/shapenet_blender/all_50_random/02958343/fa9897315ee8b6ba67789dfcc3262f70/r_6",
            "rotation": 0.12566370614359174,
            "transform_matrix": [
                [
                    0.8814128637313843,
                    -0.4299997091293335,
                    0.19547781348228455,
                    0.787996232509613
                ],
                [
                    0.47234663367271423,
                    0.802392303943634,
                    -0.3647674322128296,
                    -1.4704245328903198
                ],
                [
                    0.0,
                    0.4138439893722534,
                    0.9103478193283081,
                    3.669729232788086
                ],
                [
                    0.0,
                    0.0,
                    0.0,
                    1.0
                ]
            ]
        },
        {
            "file_path": "/data/shapenet_blender/all_50_random/02958343/fa9897315ee8b6ba67789dfcc3262f70/r_7",
            "rotation": 0.12566370614359174,
            "transform_matrix": [
                [
                    -0.6686785817146301,
                    -0.02690611034631729,
                    -0.7430644631385803,
                    -2.995388984680176
                ],
                [
                    -0.7435514330863953,
                    0.024196766316890717,
                    0.6682406663894653,
                    2.6937644481658936
                ],
                [
                    0.0,
                    0.999345064163208,
                    -0.03618593513965607,
                    -0.145870178937912
                ],
                [
                    0.0,
                    0.0,
                    0.0,
                    1.0
                ]
            ]
        },
        {
            "file_path": "/data/shapenet_blender/all_50_random/02958343/fa9897315ee8b6ba67789dfcc3262f70/r_8",
            "rotation": 0.12566370614359174,
            "transform_matrix": [
                [
                    -0.9946550726890564,
                    0.09373074024915695,
                    0.0433100163936615,
                    0.17458826303482056
                ],
                [
                    0.10325313359498978,
                    0.9029242396354675,
                    0.4172128140926361,
                    1.6818386316299438
                ],
                [
                    3.725290076417309e-09,
                    0.41945478320121765,
                    -0.9077762365341187,
                    -3.659363031387329
                ],
                [
                    0.0,
                    0.0,
                    0.0,
                    1.0
                ]
            ]
        },
        {
            "file_path": "/data/shapenet_blender/all_50_random/02958343/fa9897315ee8b6ba67789dfcc3262f70/r_9",
            "rotation": 0.12566370614359174,
            "transform_matrix": [
                [
                    0.5465804934501648,
                    0.468162477016449,
                    -0.6943151354789734,
                    -2.7988741397857666
                ],
                [
                    -0.8374064564704895,
                    0.30557262897491455,
                    -0.4531839191913605,
                    -1.8268429040908813
                ],
                [
                    0.0,
                    0.8291255831718445,
                    0.5590623021125793,
                    2.253652572631836
                ],
                [
                    0.0,
                    0.0,
                    0.0,
                    1.0
                ]
            ]
        },
        {
            "file_path": "/data/shapenet_blender/all_50_random/02958343/fa9897315ee8b6ba67789dfcc3262f70/r_10",
            "rotation": 0.12566370614359174,
            "transform_matrix": [
                [
                    0.6970494389533997,
                    0.5333765745162964,
                    -0.4791986346244812,
                    -1.9317114353179932
                ],
                [
                    -0.7170229554176331,
                    0.5185188055038452,
                    -0.46584999561309814,
                    -1.8779014348983765
                ],
                [
                    2.9802320611338473e-08,
                    0.6683169603347778,
                    0.743876576423645,
                    2.9986624717712402
                ],
                [
                    0.0,
                    0.0,
                    0.0,
                    1.0
                ]
            ]
        },
        {
            "file_path": "/data/shapenet_blender/all_50_random/02958343/fa9897315ee8b6ba67789dfcc3262f70/r_11",
            "rotation": 0.12566370614359174,
            "transform_matrix": [
                [
                    -0.8084298968315125,
                    -0.1767268180847168,
                    -0.5614345669746399,
                    -2.2632150650024414
                ],
                [
                    -0.588592529296875,
                    0.24273370206356049,
                    0.7711285352706909,
                    3.108518362045288
                ],
                [
                    0.0,
                    0.9538595080375671,
                    -0.3002532720565796,
                    -1.2103595733642578
                ],
                [
                    0.0,
                    0.0,
                    0.0,
                    1.0
                ]
            ]
        },
        {
            "file_path": "/data/shapenet_blender/all_50_random/02958343/fa9897315ee8b6ba67789dfcc3262f70/r_12",
            "rotation": 0.12566370614359174,
            "transform_matrix": [
                [
                    0.4904906451702118,
                    0.07254499942064285,
                    -0.868421733379364,
                    -3.5007195472717285
                ],
                [
                    -0.8714464902877808,
                    0.04083169996738434,
                    -0.4887881577014923,
                    -1.9703679084777832
                ],
                [
                    0.0,
                    0.9965288639068604,
                    0.08324666321277618,
                    0.33557799458503723
                ],
                [
                    0.0,
                    0.0,
                    0.0,
                    1.0
                ]
            ]
        },
        {
            "file_path": "/data/shapenet_blender/all_50_random/02958343/fa9897315ee8b6ba67789dfcc3262f70/r_13",
            "rotation": 0.12566370614359174,
            "transform_matrix": [
                [
                    -0.19839860498905182,
                    0.18291662633419037,
                    -0.9629015922546387,
                    -3.881580352783203
                ],
                [
                    -0.980121374130249,
                    -0.03702643886208534,
                    0.19491292536258698,
                    0.785719096660614
                ],
                [
                    -3.7252898543727042e-09,
                    0.9824309945106506,
                    0.18662647902965546,
                    0.7523153424263
                ],
                [
                    0.0,
                    0.0,
                    0.0,
                    1.0
                ]
            ]
        },
        {
            "file_path": "/data/shapenet_blender/all_50_random/02958343/fa9897315ee8b6ba67789dfcc3262f70/r_14",
            "rotation": 0.12566370614359174,
            "transform_matrix": [
                [
                    0.7082446813583374,
                    -0.3820783197879791,
                    0.5936376452445984,
                    2.3930301666259766
                ],
                [
                    0.705967128276825,
                    0.3833109736442566,
                    -0.5955528020858765,
                    -2.4007503986358643
                ],
                [
                    0.0,
                    0.8408858180046082,
                    0.5412125587463379,
                    2.1816978454589844
                ],
                [
                    0.0,
                    0.0,
                    0.0,
                    1.0
                ]
            ]
        },
        {
            "file_path": "/data/shapenet_blender/all_50_random/02958343/fa9897315ee8b6ba67789dfcc3262f70/r_15",
            "rotation": 0.12566370614359174,
            "transform_matrix": [
                [
                    -0.9673611521720886,
                    0.07742404192686081,
                    -0.2412835657596588,
                    -0.9726451635360718
                ],
                [
                    -0.2534013092517853,
                    -0.29556676745414734,
                    0.9211015105247498,
                    3.7130789756774902
                ],
                [
                    0.0,
                    0.9521794319152832,
                    0.30553922057151794,
                    1.2316679954528809
                ],
                [
                    0.0,
                    0.0,
                    0.0,
                    1.0
                ]
            ]
        },
        {
            "file_path": "/data/shapenet_blender/all_50_random/02958343/fa9897315ee8b6ba67789dfcc3262f70/r_16",
            "rotation": 0.12566370614359174,
            "transform_matrix": [
                [
                    0.6739824414253235,
                    0.23028533160686493,
                    -0.7019376158714294,
                    -2.8296010494232178
                ],
                [
                    -0.7387473583221436,
                    0.21009652316570282,
                    -0.640399694442749,
                    -2.581533670425415
                ],
                [
                    -1.4901161193847656e-08,
                    0.9501726627349854,
                    0.3117240369319916,
                    1.2565997838974
                ],
                [
                    0.0,
                    0.0,
                    0.0,
                    1.0
                ]
            ]
        },
        {
            "file_path": "/data/shapenet_blender/all_50_random/02958343/fa9897315ee8b6ba67789dfcc3262f70/r_17",
            "rotation": 0.12566370614359174,
            "transform_matrix": [
                [
                    0.5450597405433655,
                    0.07306165248155594,
                    0.8352076411247253,
                    3.3668296337127686
                ],
                [
                    0.838397204875946,
                    -0.04749893397092819,
                    -0.5429862141609192,
                    -2.188847541809082
                ],
                [
                    3.725290298461914e-09,
                    0.9961956143379211,
                    -0.08714444935321808,
                    -0.3512905240058899
                ],
                [
                    0.0,
                    0.0,
                    0.0,
                    1.0
                ]
            ]
        },
        {
            "file_path": "/data/shapenet_blender/all_50_random/02958343/fa9897315ee8b6ba67789dfcc3262f70/r_18",
            "rotation": 0.12566370614359174,
            "transform_matrix": [
                [
                    0.9996837973594666,
                    0.02112337201833725,
                    0.013641633093357086,
                    0.054991185665130615
                ],
                [
                    0.025145398452878,
                    -0.8397835493087769,
                    -0.5423385500907898,
                    -2.18623685836792
                ],
                [
                    0.0,
                    0.5425100922584534,
                    -0.8400492072105408,
                    -3.3863468170166016
                ],
                [
                    0.0,
                    0.0,
                    0.0,
                    1.0
                ]
            ]
        },
        {
            "file_path": "/data/shapenet_blender/all_50_random/02958343/fa9897315ee8b6ba67789dfcc3262f70/r_19",
            "rotation": 0.12566370614359174,
            "transform_matrix": [
                [
                    0.7253971099853516,
                    0.04472888261079788,
                    -0.6868758201599121,
                    -2.7688848972320557
                ],
                [
                    -0.6883306503295898,
                    0.04713752120733261,
                    -0.7238638997077942,
                    -2.9179887771606445
                ],
                [
                    0.0,
                    0.9978864192962646,
                    0.06498168408870697,
                    0.2619495391845703
                ],
                [
                    0.0,
                    0.0,
                    0.0,
                    1.0
                ]
            ]
        },
        {
            "file_path": "/data/shapenet_blender/all_50_random/02958343/fa9897315ee8b6ba67789dfcc3262f70/r_20",
            "rotation": 0.12566370614359174,
            "transform_matrix": [
                [
                    -0.7417187690734863,
                    -0.12608492374420166,
                    -0.6587530970573425,
                    -2.6555190086364746
                ],
                [
                    -0.6707108616828918,
                    0.13943348824977875,
                    0.7284950613975525,
                    2.936657667160034
                ],
                [
                    -7.450580152834618e-09,
                    0.9821715354919434,
                    -0.18798696994781494,
                    -0.7577998042106628
                ],
                [
                    0.0,
                    0.0,
                    0.0,
                    1.0
                ]
            ]
        },
        {
            "file_path": "/data/shapenet_blender/all_50_random/02958343/fa9897315ee8b6ba67789dfcc3262f70/r_21",
            "rotation": 0.12566370614359174,
            "transform_matrix": [
                [
                    0.7075856328010559,
                    0.4914754629135132,
                    -0.5077149271965027,
                    -2.046664237976074
                ],
                [
                    -0.7066275477409363,
                    0.49214181303977966,
                    -0.5084033012390137,
                    -2.0494391918182373
                ],
                [
                    0.0,
                    0.7185041904449463,
                    0.6955226063728333,
                    2.803741216659546
                ],
                [
                    0.0,
                    0.0,
                    0.0,
                    1.0
                ]
            ]
        },
        {
            "file_path": "/data/shapenet_blender/all_50_random/02958343/fa9897315ee8b6ba67789dfcc3262f70/r_22",
            "rotation": 0.12566370614359174,
            "transform_matrix": [
                [
                    0.8083089590072632,
                    -0.18741710484027863,
                    0.5581321120262146,
                    2.2499024868011475
                ],
                [
                    0.5887585282325745,
                    0.25730568170547485,
                    -0.7662617564201355,
                    -3.088899850845337
                ],
                [
                    -1.4901161193847656e-08,
                    0.9479812383651733,
                    0.3183259069919586,
                    1.2832127809524536
                ],
                [
                    0.0,
                    0.0,
                    0.0,
                    1.0
                ]
            ]
        },
        {
            "file_path": "/data/shapenet_blender/all_50_random/02958343/fa9897315ee8b6ba67789dfcc3262f70/r_23",
            "rotation": 0.12566370614359174,
            "transform_matrix": [
                [
                    0.23030675947666168,
                    0.7621515989303589,
                    -0.6050483584403992,
                    -2.439028024673462
                ],
                [
                    -0.973118007183075,
                    0.18037760257720947,
                    -0.14319613575935364,
                    -0.5772420763969421
                ],
                [
                    7.450580152834618e-09,
                    0.6217625141143799,
                    0.7832057476043701,
                    3.157203435897827
                ],
                [
                    0.0,
                    0.0,
                    0.0,
                    1.0
                ]
            ]
        },
        {
            "file_path": "/data/shapenet_blender/all_50_random/02958343/fa9897315ee8b6ba67789dfcc3262f70/r_24",
            "rotation": 0.12566370614359174,
            "transform_matrix": [
                [
                    -0.9989850521087646,
                    0.00720707792788744,
                    0.0444646030664444,
                    0.1792425513267517
                ],
                [
                    0.045044898986816406,
                    0.15983524918556213,
                    0.9861154556274414,
                    3.975158452987671
                ],
                [
                    0.0,
                    0.9871172904968262,
                    -0.15999767184257507,
                    -0.6449712514877319
                ],
                [
                    0.0,
                    0.0,
                    0.0,
                    1.0
                ]
            ]
        },
        {
            "file_path": "/data/shapenet_blender/all_50_random/02958343/fa9897315ee8b6ba67789dfcc3262f70/r_25",
            "rotation": 0.12566370614359174,
            "transform_matrix": [
                [
                    -0.8235640525817871,
                    0.05960553139448166,
                    0.5640828609466553,
                    2.273890972137451
                ],
                [
                    0.5672234296798706,
                    0.08654256165027618,
                    0.8190041780471802,
                    3.301511764526367
                ],
                [
                    3.725290742551124e-09,
                    0.9944633841514587,
                    -0.10508299618959427,
                    -0.4236031472682953
                ],
                [
                    0.0,
                    0.0,
                    0.0,
                    1.0
                ]
            ]
        },
        {
            "file_path": "/data/shapenet_blender/all_50_random/02958343/fa9897315ee8b6ba67789dfcc3262f70/r_26",
            "rotation": 0.12566370614359174,
            "transform_matrix": [
                [
                    0.7771179676055908,
                    0.03562289848923683,
                    0.6283460259437561,
                    2.5329437255859375
                ],
                [
                    0.6293550729751587,
                    -0.04398661106824875,
                    -0.7758720517158508,
                    -3.1276402473449707
                ],
                [
                    1.862645149230957e-09,
                    0.9983968138694763,
                    -0.05660223960876465,
                    -0.22817091643810272
                ],
                [
                    0.0,
                    0.0,
                    0.0,
                    1.0
                ]
            ]
        },
        {
            "file_path": "/data/shapenet_blender/all_50_random/02958343/fa9897315ee8b6ba67789dfcc3262f70/r_27",
            "rotation": 0.12566370614359174,
            "transform_matrix": [
                [
                    -0.5394588708877563,
                    0.28280341625213623,
                    0.7930992245674133,
                    3.197085380554199
                ],
                [
                    0.8420120477676392,
                    0.1811860054731369,
                    0.5081214308738708,
                    2.0483031272888184
                ],
                [
                    0.0,
                    0.9419096112251282,
                    -0.3358662724494934,
                    -1.353920340538025
                ],
                [
                    0.0,
                    0.0,
                    0.0,
                    1.0
                ]
            ]
        },
        {
            "file_path": "/data/shapenet_blender/all_50_random/02958343/fa9897315ee8b6ba67789dfcc3262f70/r_28",
            "rotation": 0.12566370614359174,
            "transform_matrix": [
                [
                    -0.30523836612701416,
                    0.9054613709449768,
                    -0.29490506649017334,
                    -1.1888004541397095
                ],
                [
                    -0.9522759914398193,
                    -0.2902326285839081,
                    0.09452758729457855,
                    0.3810529112815857
                ],
                [
                    0.0,
                    0.3096843957901001,
                    0.9508392810821533,
                    3.832956075668335
                ],
                [
                    0.0,
                    0.0,
                    0.0,
                    1.0
                ]
            ]
        },
        {
            "file_path": "/data/shapenet_blender/all_50_random/02958343/fa9897315ee8b6ba67789dfcc3262f70/r_29",
            "rotation": 0.12566370614359174,
            "transform_matrix": [
                [
                    0.8671222925186157,
                    -0.023940732702612877,
                    -0.49751967191696167,
                    -2.005566120147705
                ],
                [
                    -0.49809539318084717,
                    -0.041677843779325485,
                    -0.8661199808120728,
                    -3.491441488265991
                ],
                [
                    0.0,
                    0.9988442659378052,
                    -0.04806454852223396,
                    -0.1937544047832489
                ],
                [
                    0.0,
                    0.0,
                    0.0,
                    1.0
                ]
            ]
        },
        {
            "file_path": "/data/shapenet_blender/all_50_random/02958343/fa9897315ee8b6ba67789dfcc3262f70/r_30",
            "rotation": 0.12566370614359174,
            "transform_matrix": [
                [
                    0.6912602782249451,
                    -0.07167185842990875,
                    0.7190426588058472,
                    2.8985536098480225
                ],
                [
                    0.7226058840751648,
                    0.06856284290552139,
                    -0.6878516674041748,
                    -2.7728188037872314
                ],
                [
                    0.0,
                    0.9950689077377319,
                    0.0991852805018425,
                    0.39982864260673523
                ],
                [
                    0.0,
                    0.0,
                    0.0,
                    1.0
                ]
            ]
        },
        {
            "file_path": "/data/shapenet_blender/all_50_random/02958343/fa9897315ee8b6ba67789dfcc3262f70/r_31",
            "rotation": 0.12566370614359174,
            "transform_matrix": [
                [
                    0.20163482427597046,
                    -0.07831067591905594,
                    -0.9763250946998596,
                    -3.935692548751831
                ],
                [
                    -0.9794607758522034,
                    -0.016121279448270798,
                    -0.20098932087421417,
                    -0.8102139234542847
                ],
                [
                    0.0,
                    0.996798574924469,
                    -0.07995285093784332,
                    -0.3223002851009369
                ],
                [
                    0.0,
                    0.0,
                    0.0,
                    1.0
                ]
            ]
        },
        {
            "file_path": "/data/shapenet_blender/all_50_random/02958343/fa9897315ee8b6ba67789dfcc3262f70/r_32",
            "rotation": 0.12566370614359174,
            "transform_matrix": [
                [
                    0.7881655693054199,
                    0.20679427683353424,
                    -0.5796819925308228,
                    -2.336772918701172
                ],
                [
                    -0.6154633164405823,
                    0.2648217976093292,
                    -0.7423437237739563,
                    -2.992483377456665
                ],
                [
                    0.0,
                    0.9418627023696899,
                    0.33599773049354553,
                    1.3544502258300781
                ],
                [
                    0.0,
                    0.0,
                    0.0,
                    1.0
                ]
            ]
        },
        {
            "file_path": "/data/shapenet_blender/all_50_random/02958343/fa9897315ee8b6ba67789dfcc3262f70/r_33",
            "rotation": 0.12566370614359174,
            "transform_matrix": [
                [
                    -0.010623454116284847,
                    0.08009643107652664,
                    -0.9967304468154907,
                    -4.017949104309082
                ],
                [
                    -0.9999436140060425,
                    -0.0008509487379342318,
                    0.010589317418634892,
                    0.042686909437179565
                ],
                [
                    0.0,
                    0.9967867136001587,
                    0.08010093867778778,
                    0.3228972554206848
                ],
                [
                    0.0,
                    0.0,
                    0.0,
                    1.0
                ]
            ]
        },
        {
            "file_path": "/data/shapenet_blender/all_50_random/02958343/fa9897315ee8b6ba67789dfcc3262f70/r_34",
            "rotation": 0.12566370614359174,
            "transform_matrix": [
                [
                    -0.21551427245140076,
                    0.785462498664856,
                    0.5801743268966675,
                    2.3387575149536133
                ],
                [
                    0.9765007495880127,
                    0.17335200309753418,
                    0.12804479897022247,
                    0.5161650776863098
                ],
                [
                    7.450581485102248e-09,
                    0.594136118888855,
                    -0.8043645024299622,
                    -3.242496967315674
                ],
                [
                    0.0,
                    0.0,
                    0.0,
                    1.0
                ]
            ]
        },
        {
            "file_path": "/data/shapenet_blender/all_50_random/02958343/fa9897315ee8b6ba67789dfcc3262f70/r_35",
            "rotation": 0.12566370614359174,
            "transform_matrix": [
                [
                    -0.15622824430465698,
                    0.8461761474609375,
                    -0.509488582611084,
                    -2.053814172744751
                ],
                [
                    -0.9877209663391113,
                    -0.13384003937244415,
                    0.0805860236287117,
                    0.3248526453971863
                ],
                [
                    0.0,
                    0.5158224701881409,
                    0.8566955327987671,
                    3.4534502029418945
                ],
                [
                    0.0,
                    0.0,
                    0.0,
                    1.0
                ]
            ]
        },
        {
            "file_path": "/data/shapenet_blender/all_50_random/02958343/fa9897315ee8b6ba67789dfcc3262f70/r_36",
            "rotation": 0.12566370614359174,
            "transform_matrix": [
                [
                    0.08171918243169785,
                    -0.7506576776504517,
                    -0.6556179523468018,
                    -2.642880439758301
                ],
                [
                    -0.9966554641723633,
                    -0.06154898554086685,
                    -0.05375635251402855,
                    -0.2166987955570221
                ],
                [
                    -3.725290742551124e-09,
                    0.6578180193901062,
                    -0.7531768083572388,
                    -3.0361528396606445
                ],
                [
                    0.0,
                    0.0,
                    0.0,
                    1.0
                ]
            ]
        },
        {
            "file_path": "/data/shapenet_blender/all_50_random/02958343/fa9897315ee8b6ba67789dfcc3262f70/r_37",
            "rotation": 0.12566370614359174,
            "transform_matrix": [
                [
                    0.8584319353103638,
                    0.307744562625885,
                    -0.4103509783744812,
                    -1.6541775465011597
                ],
                [
                    -0.5129274725914001,
                    0.5150392055511475,
                    -0.6867605447769165,
                    -2.7684199810028076
                ],
                [
                    1.4901159417490817e-08,
                    0.8000174164772034,
                    0.5999767780303955,
                    2.418583393096924
                ],
                [
                    0.0,
                    0.0,
                    0.0,
                    1.0
                ]
            ]
        },
        {
            "file_path": "/data/shapenet_blender/all_50_random/02958343/fa9897315ee8b6ba67789dfcc3262f70/r_38",
            "rotation": 0.12566370614359174,
            "transform_matrix": [
                [
                    -0.5998370051383972,
                    0.09887886047363281,
                    -0.7939889430999756,
                    -3.200672149658203
                ],
                [
                    -0.8001223206520081,
                    -0.0741276666522026,
                    0.5952389240264893,
                    2.3994851112365723
                ],
                [
                    0.0,
                    0.9923345446586609,
                    0.12357969582080841,
                    0.49816572666168213
                ],
                [
                    0.0,
                    0.0,
                    0.0,
                    1.0
                ]
            ]
        },
        {
            "file_path": "/data/shapenet_blender/all_50_random/02958343/fa9897315ee8b6ba67789dfcc3262f70/r_39",
            "rotation": 0.12566370614359174,
            "transform_matrix": [
                [
                    -0.01948222890496254,
                    -0.7238637804985046,
                    -0.6896676421165466,
                    -2.780139446258545
                ],
                [
                    -0.9998102188110352,
                    0.014105156064033508,
                    0.013438812457025051,
                    0.05417358875274658
                ],
                [
                    0.0,
                    0.6897985935211182,
                    -0.7240012288093567,
                    -2.9185426235198975
                ],
                [
                    0.0,
                    0.0,
                    0.0,
                    1.0
                ]
            ]
        },
        {
            "file_path": "/data/shapenet_blender/all_50_random/02958343/fa9897315ee8b6ba67789dfcc3262f70/r_40",
            "rotation": 0.12566370614359174,
            "transform_matrix": [
                [
                    -0.04050953686237335,
                    0.004763851873576641,
                    -0.999167799949646,
                    -4.027774333953857
                ],
                [
                    -0.9991792440414429,
                    -0.0001931399601744488,
                    0.040509071201086044,
                    0.16329729557037354
                ],
                [
                    -1.4551915228366852e-11,
                    0.9999887347221375,
                    0.004767765291035175,
                    0.019219476729631424
                ],
                [
                    0.0,
                    0.0,
                    0.0,
                    1.0
                ]
            ]
        },
        {
            "file_path": "/data/shapenet_blender/all_50_random/02958343/fa9897315ee8b6ba67789dfcc3262f70/r_41",
            "rotation": 0.12566370614359174,
            "transform_matrix": [
                [
                    0.854957103729248,
                    0.40875568985939026,
                    0.3193228542804718,
                    1.2872315645217896
                ],
                [
                    0.5186986923217773,
                    -0.6737410426139832,
                    -0.5263313055038452,
                    -2.1217093467712402
                ],
                [
                    0.0,
                    0.6156231164932251,
