{
    "class": "02958343",
    "model": "d1dcddb5b1d7404dd9b0c189eb588ce6",
    "remove_doubles": true,
    "edge_split": true,
    "denoise": true,
    "camera_angle_x": 0.6911112070083618,
    "scale_factor": 2.2125900118349686,
    "hdri_file": "/data/IndoorHDRDataset2018/9C4A2848-ec8571dc82.exr",
    "center_offset": [
        0.0,
        -1.862645149230957e-09,
        -3.725290298461914e-09
    ],
    "lights": [],
    "frames": [
        {
            "file_path": "/data/shapenet_blender/all_50_random/02958343/d1dcddb5b1d7404dd9b0c189eb588ce6/r_0",
            "rotation": 0.12566370614359174,
            "transform_matrix": [
                [
                    -0.6446070671081543,
                    -0.31984248757362366,
                    -0.6943936347961426,
                    -2.7991902828216553
                ],
                [
                    -0.7645140886306763,
                    0.26967811584472656,
                    0.5854843854904175,
                    2.3601629734039307
                ],
                [
                    -1.4901161193847656e-08,
                    0.9082810878753662,
                    -0.41836050152778625,
                    -1.6864651441574097
                ],
                [
                    0.0,
                    0.0,
                    0.0,
                    1.0
                ]
            ]
        },
        {
            "file_path": "/data/shapenet_blender/all_50_random/02958343/d1dcddb5b1d7404dd9b0c189eb588ce6/r_1",
            "rotation": 0.12566370614359174,
            "transform_matrix": [
                [
                    -0.9121285676956177,
                    -0.39828670024871826,
                    0.09689834713935852,
                    0.3906096816062927
                ],
                [
                    0.4099043607711792,
                    -0.8862766623497009,
                    0.21562039852142334,
                    0.8691934943199158
                ],
                [
                    7.450580596923828e-09,
                    0.2363925576210022,
                    0.9716576933860779,
                    3.916877031326294
                ],
                [
                    0.0,
                    0.0,
                    0.0,
                    1.0
                ]
            ]
        },
        {
            "file_path": "/data/shapenet_blender/all_50_random/02958343/d1dcddb5b1d7404dd9b0c189eb588ce6/r_2",
            "rotation": 0.12566370614359174,
            "transform_matrix": [
                [
                    0.6576154828071594,
                    0.42766883969306946,
                    0.6201945543289185,
                    2.500084161758423
                ],
                [
                    0.7533538937568665,
                    -0.37331944704055786,
                    -0.5413784384727478,
                    -2.182366371154785
                ],
                [
                    0.0,
                    0.8232446908950806,
                    -0.5676865577697754,
                    -2.2884178161621094
                ],
                [
                    0.0,
                    0.0,
                    0.0,
                    1.0
                ]
            ]
        },
        {
            "file_path": "/data/shapenet_blender/all_50_random/02958343/d1dcddb5b1d7404dd9b0c189eb588ce6/r_3",
            "rotation": 0.12566370614359174,
            "transform_matrix": [
                [
                    -0.3498065769672394,
                    -0.7440353631973267,
                    0.5692508816719055,
                    2.2947239875793457
                ],
                [
                    0.9368218183517456,
                    -0.2778206467628479,
                    0.2125566452741623,
                    0.8568432927131653
                ],
                [
                    -1.4901159417490817e-08,
                    0.6076404452323914,
                    0.7942121028900146,
                    3.2015717029571533
                ],
                [
                    0.0,
                    0.0,
                    0.0,
                    1.0
                ]
            ]
        },
        {
            "file_path": "/data/shapenet_blender/all_50_random/02958343/d1dcddb5b1d7404dd9b0c189eb588ce6/r_4",
            "rotation": 0.12566370614359174,
            "transform_matrix": [
                [
                    0.9323120713233948,
                    0.16556590795516968,
                    0.32153114676475525,
                    1.2961335182189941
                ],
                [
                    0.36165502667427063,
                    -0.426813006401062,
                    -0.8288764953613281,
                    -3.341308116912842
                ],
                [
                    -1.4901162970204496e-08,
                    0.8890547752380371,
                    -0.45780065655708313,
                    -1.8454535007476807
                ],
                [
                    0.0,
                    0.0,
                    0.0,
                    1.0
                ]
            ]
        },
        {
            "file_path": "/data/shapenet_blender/all_50_random/02958343/d1dcddb5b1d7404dd9b0c189eb588ce6/r_5",
            "rotation": 0.12566370614359174,
            "transform_matrix": [
                [
                    -0.5757325887680054,
                    -0.00783947017043829,
                    0.817600429058075,
                    3.2958531379699707
                ],
                [
                    0.8176381587982178,
                    -0.005520092789083719,
                    0.5757060050964355,
                    2.3207454681396484
                ],
                [
                    0.0,
                    0.9999540448188782,
                    0.009587947279214859,
                    0.038650255650281906
                ],
                [
                    0.0,
                    0.0,
                    0.0,
                    1.0
                ]
            ]
        },
        {
            "file_path": "/data/shapenet_blender/all_50_random/02958343/d1dcddb5b1d7404dd9b0c189eb588ce6/r_6",
            "rotation": 0.12566370614359174,
            "transform_matrix": [
                [
                    0.9731488823890686,
                    0.06223602965474129,
                    0.22160276770591736,
                    0.8933093547821045
                ],
                [
                    0.23017624020576477,
                    -0.26312410831451416,
                    -0.9369015693664551,
                    -3.776771068572998
                ],
                [
                    0.0,
                    0.9627524018287659,
                    -0.2703842520713806,
                    -1.0899537801742554
                ],
                [
                    0.0,
                    0.0,
                    0.0,
                    1.0
                ]
            ]
        },
        {
            "file_path": "/data/shapenet_blender/all_50_random/02958343/d1dcddb5b1d7404dd9b0c189eb588ce6/r_7",
            "rotation": 0.12566370614359174,
            "transform_matrix": [
                [
                    -0.7918647527694702,
                    0.20455461740493774,
                    -0.5754196047782898,
                    -2.3195905685424805
                ],
                [
                    -0.6106966137886047,
                    -0.26523739099502563,
                    0.7461224794387817,
                    3.007715940475464
                ],
                [
                    -1.4901162970204496e-08,
                    0.9422347545623779,
                    0.3349529504776001,
                    1.350238561630249
                ],
                [
                    0.0,
                    0.0,
                    0.0,
                    1.0
                ]
            ]
        },
        {
            "file_path": "/data/shapenet_blender/all_50_random/02958343/d1dcddb5b1d7404dd9b0c189eb588ce6/r_8",
            "rotation": 0.12566370614359174,
            "transform_matrix": [
                [
                    0.5335349440574646,
                    -0.12547971308231354,
                    -0.836418092250824,
                    -3.371709108352661
                ],
                [
                    -0.8457779884338379,
                    -0.07915531098842621,
                    -0.5276305675506592,
                    -2.1269469261169434
                ],
                [
                    0.0,
                    0.9889333248138428,
                    -0.14836011826992035,
                    -0.5980587601661682
                ],
                [
                    0.0,
                    0.0,
                    0.0,
                    1.0
                ]
            ]
        },
        {
            "file_path": "/data/shapenet_blender/all_50_random/02958343/d1dcddb5b1d7404dd9b0c189eb588ce6/r_9",
            "rotation": 0.12566370614359174,
            "transform_matrix": [
                [
                    0.6933093667030334,
                    0.37349390983581543,
                    -0.6162989735603333,
                    -2.4843807220458984
                ],
                [
                    -0.7206400632858276,
                    0.3593289256095886,
                    -0.5929254293441772,
                    -2.3901588916778564
                ],
                [
                    1.4901161193847656e-08,
                    0.855210542678833,
                    0.5182807445526123,
                    2.089256525039673
                ],
                [
                    0.0,
                    0.0,
                    0.0,
                    1.0
                ]
            ]
        },
        {
            "file_path": "/data/shapenet_blender/all_50_random/02958343/d1dcddb5b1d7404dd9b0c189eb588ce6/r_10",
            "rotation": 0.12566370614359174,
            "transform_matrix": [
                [
                    0.20263133943080902,
                    -0.2240356057882309,
                    0.9532830715179443,
                    3.8428070545196533
                ],
                [
                    0.979255199432373,
                    0.04635832831263542,
                    -0.19725708663463593,
                    -0.7951687574386597
                ],
                [
                    3.725290742551124e-09,
                    0.9734777212142944,
                    0.22878168523311615,
                    0.9222484827041626
                ],
                [
                    0.0,
                    0.0,
                    0.0,
                    1.0
                ]
            ]
        },
        {
            "file_path": "/data/shapenet_blender/all_50_random/02958343/d1dcddb5b1d7404dd9b0c189eb588ce6/r_11",
            "rotation": 0.12566370614359174,
            "transform_matrix": [
                [
                    0.20549200475215912,
                    0.2234467715024948,
                    0.9528087973594666,
                    3.840895175933838
                ],
                [
                    0.9786587953567505,
                    -0.046917807310819626,
                    -0.20006419718265533,
                    -0.806484580039978
                ],
                [
                    0.0,
                    0.9735862612724304,
                    -0.22831939160823822,
                    -0.9203848838806152
                ],
                [
                    0.0,
                    0.0,
                    0.0,
                    1.0
                ]
            ]
        },
        {
            "file_path": "/data/shapenet_blender/all_50_random/02958343/d1dcddb5b1d7404dd9b0c189eb588ce6/r_12",
            "rotation": 0.12566370614359174,
            "transform_matrix": [
                [
                    -0.8281081318855286,
                    0.37113499641418457,
                    0.4201139211654663,
                    1.6935336589813232
                ],
                [
                    0.5605685114860535,
                    0.5482646822929382,
                    0.620619535446167,
                    2.501797676086426
                ],
                [
                    0.0,
                    0.7494428157806396,
                    -0.6620689630508423,
                    -2.6688857078552246
                ],
                [
                    0.0,
                    0.0,
                    0.0,
                    1.0
                ]
            ]
        },
        {
            "file_path": "/data/shapenet_blender/all_50_random/02958343/d1dcddb5b1d7404dd9b0c189eb588ce6/r_13",
            "rotation": 0.12566370614359174,
            "transform_matrix": [
                [
                    -0.45924603939056396,
                    0.5392457842826843,
                    0.7059086561203003,
                    2.845608711242676
                ],
                [
                    0.888309121131897,
                    0.2787841558456421,
                    0.36494702100753784,
                    1.4711484909057617
                ],
                [
                    0.0,
                    0.7946654558181763,
                    -0.6070474982261658,
                    -2.447086811065674
                ],
                [
                    0.0,
                    0.0,
                    0.0,
                    1.0
                ]
            ]
        },
        {
            "file_path": "/data/shapenet_blender/all_50_random/02958343/d1dcddb5b1d7404dd9b0c189eb588ce6/r_14",
            "rotation": 0.12566370614359174,
            "transform_matrix": [
                [
                    -0.867782711982727,
                    -0.2581325173377991,
                    0.42464184761047363,
                    1.7117860317230225
                ],
                [
                    0.49694374203681946,
                    -0.45076119899749756,
                    0.7415263056755066,
                    2.9891881942749023
                ],
                [
                    1.4901160305669237e-08,
                    0.8545068502426147,
                    0.5194401144981384,
                    2.0939300060272217
                ],
                [
                    0.0,
                    0.0,
                    0.0,
                    1.0
                ]
            ]
        },
        {
            "file_path": "/data/shapenet_blender/all_50_random/02958343/d1dcddb5b1d7404dd9b0c189eb588ce6/r_15",
            "rotation": 0.12566370614359174,
            "transform_matrix": [
                [
                    -0.9965780973434448,
                    0.046324532479047775,
                    -0.06845534592866898,
                    -0.27595236897468567
                ],
                [
                    -0.08265650272369385,
                    -0.558528482913971,
                    0.8253567218780518,
                    3.3271195888519287
                ],
                [
                    3.725290298461914e-09,
                    0.8281906843185425,
                    0.5604462623596191,
                    2.2592313289642334
                ],
                [
                    0.0,
                    0.0,
                    0.0,
                    1.0
                ]
            ]
        },
        {
            "file_path": "/data/shapenet_blender/all_50_random/02958343/d1dcddb5b1d7404dd9b0c189eb588ce6/r_16",
            "rotation": 0.12566370614359174,
            "transform_matrix": [
                [
                    -0.21313317120075226,
                    -0.10096221417188644,
                    0.9717926383018494,
                    3.917421340942383
                ],
                [
                    0.9770232439041138,
                    -0.022024448961019516,
                    0.21199214458465576,
                    0.8545676469802856
                ],
                [
                    0.0,
                    0.9946464896202087,
                    0.10333655774593353,
                    0.4165629744529724
                ],
                [
                    0.0,
                    0.0,
                    0.0,
                    1.0
                ]
            ]
        },
        {
            "file_path": "/data/shapenet_blender/all_50_random/02958343/d1dcddb5b1d7404dd9b0c189eb588ce6/r_17",
            "rotation": 0.12566370614359174,
            "transform_matrix": [
                [
                    -0.987489640712738,
                    -0.05929174646735191,
                    -0.1461116373538971,
                    -0.5889948606491089
                ],
                [
                    -0.1576836109161377,
                    0.37131309509277344,
                    0.9150204658508301,
                    3.688565492630005
                ],
                [
                    3.725290076417309e-09,
                    0.9266127347946167,
                    -0.37601715326309204,
                    -1.5157736539840698
                ],
                [
                    0.0,
                    0.0,
                    0.0,
                    1.0
                ]
            ]
        },
        {
            "file_path": "/data/shapenet_blender/all_50_random/02958343/d1dcddb5b1d7404dd9b0c189eb588ce6/r_18",
            "rotation": 0.12566370614359174,
            "transform_matrix": [
                [
                    -0.9409252405166626,
                    -0.279989093542099,
                    0.1904359757900238,
                    0.7676718831062317
                ],
                [
                    0.33861449360847473,
                    -0.778019905090332,
                    0.5291740894317627,
                    2.1331686973571777
                ],
                [
                    0.0,
                    0.5623976588249207,
                    0.8268669843673706,
                    3.333207130432129
                ],
                [
                    0.0,
                    0.0,
                    0.0,
                    1.0
                ]
            ]
        },
        {
            "file_path": "/data/shapenet_blender/all_50_random/02958343/d1dcddb5b1d7404dd9b0c189eb588ce6/r_19",
            "rotation": 0.12566370614359174,
            "transform_matrix": [
                [
                    0.7849083542823792,
                    0.04356533661484718,
                    0.6180785298347473,
                    2.4915544986724854
                ],
                [
                    0.6196120381355286,
                    -0.055187422782182693,
                    -0.7829656600952148,
                    -3.156235694885254
                ],
                [
                    -3.725290742551124e-09,
                    0.9975250363349915,
                    -0.07031066715717316,
                    -0.28343138098716736
                ],
                [
                    0.0,
                    0.0,
                    0.0,
                    1.0
                ]
            ]
        },
        {
            "file_path": "/data/shapenet_blender/all_50_random/02958343/d1dcddb5b1d7404dd9b0c189eb588ce6/r_20",
            "rotation": 0.12566370614359174,
            "transform_matrix": [
                [
                    0.5308175683021545,
                    0.01320133451372385,
                    -0.8473832607269287,
                    -3.4159114360809326
                ],
                [
                    -0.8474861979484558,
                    0.008268571458756924,
                    -0.5307530760765076,
                    -2.1395342350006104
                ],
                [
                    0.0,
                    0.9998786449432373,
                    0.015577050857245922,
                    0.06279310584068298
                ],
                [
                    0.0,
                    0.0,
                    0.0,
                    1.0
                ]
            ]
        },
        {
            "file_path": "/data/shapenet_blender/all_50_random/02958343/d1dcddb5b1d7404dd9b0c189eb588ce6/r_21",
            "rotation": 0.12566370614359174,
            "transform_matrix": [
                [
                    -0.04953717067837715,
                    -0.04000963270664215,
                    0.9979706406593323,
                    4.022948265075684
                ],
                [
                    0.998772382736206,
                    -0.0019843997433781624,
                    0.04949739947915077,
                    0.19953039288520813
                ],
                [
                    0.0,
                    0.9991971850395203,
                    0.040058817714452744,
                    0.16148225963115692
                ],
                [
                    0.0,
                    0.0,
                    0.0,
                    1.0
                ]
            ]
        },
        {
            "file_path": "/data/shapenet_blender/all_50_random/02958343/d1dcddb5b1d7404dd9b0c189eb588ce6/r_22",
            "rotation": 0.12566370614359174,
            "transform_matrix": [
                [
                    -0.9999196529388428,
                    0.005082733929157257,
                    0.011615791358053684,
                    0.046824753284454346
                ],
                [
                    0.012679149396717548,
                    0.40084120631217957,
                    0.9160597920417786,
                    3.6927552223205566
                ],
                [
                    4.656612873077393e-10,
                    0.9161334037780762,
                    -0.40087345242500305,
                    -1.6159725189208984
                ],
                [
                    0.0,
                    0.0,
                    0.0,
                    1.0
                ]
            ]
        },
        {
            "file_path": "/data/shapenet_blender/all_50_random/02958343/d1dcddb5b1d7404dd9b0c189eb588ce6/r_23",
            "rotation": 0.12566370614359174,
            "transform_matrix": [
                [
                    0.8261821269989014,
                    0.47636574506759644,
                    -0.3008303940296173,
                    -1.2126860618591309
                ],
                [
                    -0.563403308391571,
                    0.6985489726066589,
                    -0.44114166498184204,
                    -1.7782989740371704
                ],
                [
                    0.0,
                    0.533951997756958,
                    0.845514714717865,
                    3.408378839492798
                ],
                [
                    0.0,
                    0.0,
                    0.0,
                    1.0
                ]
            ]
        },
        {
            "file_path": "/data/shapenet_blender/all_50_random/02958343/d1dcddb5b1d7404dd9b0c189eb588ce6/r_24",
            "rotation": 0.12566370614359174,
            "transform_matrix": [
                [
                    0.9331179261207581,
                    0.02855943702161312,
                    -0.3584344983100891,
                    -1.444895625114441
                ],
                [
                    -0.3595704734325409,
                    0.07411432266235352,
                    -0.930169939994812,
                    -3.7496347427368164
                ],
                [
                    1.862645149230957e-09,
                    0.9968406558036804,
                    0.07942653447389603,
                    0.3201785981655121
                ],
                [
                    0.0,
                    0.0,
                    0.0,
                    1.0
                ]
            ]
        },
        {
            "file_path": "/data/shapenet_blender/all_50_random/02958343/d1dcddb5b1d7404dd9b0c189eb588ce6/r_25",
            "rotation": 0.12566370614359174,
            "transform_matrix": [
                [
                    0.9958807229995728,
                    -0.06631414592266083,
                    0.06183910742402077,
                    0.24928143620491028
                ],
                [
                    0.09067326784133911,
                    0.7283400893211365,
                    -0.679189920425415,
                    -2.7379024028778076
                ],
                [
                    0.0,
                    0.6819993257522583,
                    0.731352686882019,
                    2.9481773376464844
                ],
                [
                    0.0,
                    0.0,
                    0.0,
                    1.0
                ]
            ]
        },
        {
            "file_path": "/data/shapenet_blender/all_50_random/02958343/d1dcddb5b1d7404dd9b0c189eb588ce6/r_26",
            "rotation": 0.12566370614359174,
            "transform_matrix": [
                [
                    -0.5441600680351257,
                    -0.46241337060928345,
                    -0.7000454068183899,
                    -2.8219735622406006
                ],
                [
                    -0.8389815092086792,
                    0.2999194860458374,
                    0.45404672622680664,
                    1.8303210735321045
                ],
                [
                    -1.4901162970204496e-08,
                    0.8343993425369263,
                    -0.5511603355407715,
                    -2.2217986583709717
                ],
                [
                    0.0,
                    0.0,
                    0.0,
                    1.0
                ]
            ]
        },
        {
            "file_path": "/data/shapenet_blender/all_50_random/02958343/d1dcddb5b1d7404dd9b0c189eb588ce6/r_27",
            "rotation": 0.12566370614359174,
            "transform_matrix": [
                [
                    0.4426594078540802,
                    0.8372722864151001,
                    -0.3209793269634247,
                    -1.2939091920852661
                ],
                [
                    -0.8966898918151855,
                    0.4133273661136627,
                    -0.15845446288585663,
                    -0.638750433921814
                ],
                [
                    1.4901162970204496e-08,
                    0.3579602539539337,
                    0.9337366819381714,
                    3.7640132904052734
                ],
                [
                    0.0,
                    0.0,
                    0.0,
                    1.0
                ]
            ]
        },
        {
            "file_path": "/data/shapenet_blender/all_50_random/02958343/d1dcddb5b1d7404dd9b0c189eb588ce6/r_28",
            "rotation": 0.12566370614359174,
            "transform_matrix": [
                [
                    -0.7475154399871826,
                    -0.11531186103820801,
                    -0.654158890247345,
                    -2.636998414993286
                ],
                [
                    -0.6642444133758545,
                    0.12976759672164917,
                    0.7361656427383423,
                    2.967578172683716
                ],
                [
                    0.0,
                    0.9848164916038513,
                    -0.17359858751296997,
                    -0.6997982263565063
                ],
                [
                    0.0,
                    0.0,
                    0.0,
                    1.0
                ]
            ]
        },
        {
            "file_path": "/data/shapenet_blender/all_50_random/02958343/d1dcddb5b1d7404dd9b0c189eb588ce6/r_29",
            "rotation": 0.12566370614359174,
            "transform_matrix": [
                [
                    0.7687494158744812,
                    0.2072206288576126,
                    0.605048656463623,
                    2.4390292167663574
                ],
                [
                    0.6395500898361206,
                    -0.2490825206041336,
                    -0.7272781729698181,
                    -2.9317522048950195
                ],
                [
                    0.0,
                    0.9460536241531372,
                    -0.3240100145339966,
                    -1.3061261177062988
                ],
                [
                    0.0,
                    0.0,
                    0.0,
                    1.0
                ]
            ]
        },
        {
            "file_path": "/data/shapenet_blender/all_50_random/02958343/d1dcddb5b1d7404dd9b0c189eb588ce6/r_30",
            "rotation": 0.12566370614359174,
            "transform_matrix": [
                [
                    0.8977724313735962,
                    0.18730641901493073,
                    0.3986489474773407,
                    1.6070054769515991
                ],
                [
                    0.440459668636322,
                    -0.38177967071533203,
                    -0.8125512003898621,
                    -3.275498867034912
                ],
                [
                    1.4901161193847656e-08,
                    0.9050748348236084,
                    -0.42525216937065125,
                    -1.714246392250061
                ],
                [
                    0.0,
                    0.0,
                    0.0,
                    1.0
                ]
            ]
        },
        {
            "file_path": "/data/shapenet_blender/all_50_random/02958343/d1dcddb5b1d7404dd9b0c189eb588ce6/r_31",
            "rotation": 0.12566370614359174,
            "transform_matrix": [
                [
                    0.17699576914310455,
                    -0.28105783462524414,
                    0.9432279467582703,
                    3.8022735118865967
                ],
                [
                    0.9842115640640259,
                    0.05054406449198723,
                    -0.16962549090385437,
                    -0.6837822198867798
                ],
                [
                    0.0,
                    0.9583589434623718,
                    0.28556641936302185,
                    1.1511551141738892
                ],
                [
                    0.0,
                    0.0,
                    0.0,
                    1.0
                ]
            ]
        },
        {
            "file_path": "/data/shapenet_blender/all_50_random/02958343/d1dcddb5b1d7404dd9b0c189eb588ce6/r_32",
            "rotation": 0.12566370614359174,
            "transform_matrix": [
                [
                    -0.9974098205566406,
                    -0.027715537697076797,
                    -0.06637334823608398,
                    -0.26755955815315247
                ],
                [
                    -0.07192755490541458,
                    0.3843276798725128,
                    0.9203904271125793,
                    3.7102127075195312
                ],
                [
                    0.0,
                    0.9227806329727173,
                    -0.38532570004463196,
                    -1.553297758102417
                ],
                [
                    0.0,
                    0.0,
                    0.0,
                    1.0
                ]
            ]
        },
        {
            "file_path": "/data/shapenet_blender/all_50_random/02958343/d1dcddb5b1d7404dd9b0c189eb588ce6/r_33",
            "rotation": 0.12566370614359174,
            "transform_matrix": [
                [
                    -0.671255886554718,
                    0.038198068737983704,
                    0.7402406930923462,
                    2.984005928039551
                ],
                [
                    0.7412256598472595,
                    0.034592270851135254,
                    0.6703639030456543,
                    2.7023236751556396
                ],
                [
                    0.0,
                    0.9986712336540222,
                    -0.05153365433216095,
                    -0.20773881673812866
                ],
                [
                    0.0,
                    0.0,
                    0.0,
                    1.0
                ]
            ]
        },
        {
            "file_path": "/data/shapenet_blender/all_50_random/02958343/d1dcddb5b1d7404dd9b0c189eb588ce6/r_34",
            "rotation": 0.12566370614359174,
            "transform_matrix": [
                [
                    -0.2341252714395523,
                    -0.5298808813095093,
                    -0.815114438533783,
                    -3.2858314514160156
                ],
                [
                    -0.9722064733505249,
                    0.1276051104068756,
                    0.1962946057319641,
                    0.7912888526916504
                ],
                [
                    7.450580596923828e-09,
                    0.8384169340133667,
                    -0.5450292825698853,
                    -2.1970832347869873
                ],
                [
                    0.0,
                    0.0,
                    0.0,
                    1.0
                ]
            ]
        },
        {
            "file_path": "/data/shapenet_blender/all_50_random/02958343/d1dcddb5b1d7404dd9b0c189eb588ce6/r_35",
            "rotation": 0.12566370614359174,
            "transform_matrix": [
                [
                    -0.9953970909118652,
                    0.04473239928483963,
                    -0.08475644886493683,
                    -0.34166419506073
                ],
                [
                    -0.0958365648984909,
                    -0.46460872888565063,
                    0.8803146481513977,
                    3.5486621856689453
                ],
                [
                    0.0,
                    0.8843854069709778,
                    0.4667571485042572,
                    1.8815584182739258
                ],
                [
                    0.0,
                    0.0,
                    0.0,
                    1.0
                ]
            ]
        },
        {
            "file_path": "/data/shapenet_blender/all_50_random/02958343/d1dcddb5b1d7404dd9b0c189eb588ce6/r_36",
            "rotation": 0.12566370614359174,
            "transform_matrix": [
                [
                    -0.03364092856645584,
                    0.20370285212993622,
                    0.97845458984375,
                    3.9442765712738037
                ],
                [
                    0.9994340538978577,
                    0.0068566338159143925,
                    0.0329347625374794,
                    0.1327642798423767
                ],
                [
                    4.656613428188905e-10,
                    0.9790087342262268,
                    -0.2038182020187378,
                    -0.8216174244880676
                ],
                [
                    0.0,
                    0.0,
                    0.0,
                    1.0
                ]
            ]
        },
        {
            "file_path": "/data/shapenet_blender/all_50_random/02958343/d1dcddb5b1d7404dd9b0c189eb588ce6/r_37",
            "rotation": 0.12566370614359174,
            "transform_matrix": [
                [
                    0.2590230405330658,
                    0.132243350148201,
                    -0.9567751288414001,
                    -3.856884002685547
                ],
                [
                    -0.9658710956573486,
                    0.035464439541101456,
                    -0.25658372044563293,
                    -1.0343220233917236
                ],
                [
                    3.725290298461914e-09,
                    0.9905825257301331,
                    0.1369161605834961,
                    0.5519266724586487
                ],
                [
                    0.0,
                    0.0,
                    0.0,
                    1.0
                ]
            ]
        },
        {
            "file_path": "/data/shapenet_blender/all_50_random/02958343/d1dcddb5b1d7404dd9b0c189eb588ce6/r_38",
            "rotation": 0.12566370614359174,
            "transform_matrix": [
                [
                    0.6186985969543457,
                    0.0333307720720768,
                    -0.7849209904670715,
                    -3.1641178131103516
                ],
                [
                    -0.7856283187866211,
                    0.02624867670238018,
                    -0.6181415915489197,
                    -2.4918084144592285
                ],
                [
                    1.8626450382086546e-09,
                    0.9990995526313782,
                    0.042425625026226044,
                    0.1710231602191925
                ],
                [
                    0.0,
                    0.0,
                    0.0,
                    1.0
                ]
            ]
        },
        {
            "file_path": "/data/shapenet_blender/all_50_random/02958343/d1dcddb5b1d7404dd9b0c189eb588ce6/r_39",
            "rotation": 0.12566370614359174,
            "transform_matrix": [
                [
                    -0.5671237707138062,
                    0.2875049114227295,
                    -0.771823525428772,
                    -3.1113204956054688
                ],
                [
                    -0.8236326575279236,
                    -0.19796548783779144,
                    0.5314497947692871,
                    2.1423428058624268
                ],
                [
                    1.4901161193847656e-08,
                    0.937096893787384,
                    0.3490693271160126,
                    1.4071435928344727
                ],
                [
                    0.0,
                    0.0,
                    0.0,
                    1.0
                ]
            ]
        },
        {
            "file_path": "/data/shapenet_blender/all_50_random/02958343/d1dcddb5b1d7404dd9b0c189eb588ce6/r_40",
            "rotation": 0.12566370614359174,
            "transform_matrix": [
                [
                    0.7661337852478027,
                    0.00803586095571518,
                    0.6426308155059814,
                    2.5905277729034424
                ],
                [
                    0.6426810622215271,
                    -0.009579471312463284,
                    -0.7660739421844482,
                    -3.0881428718566895
                ],
                [
                    0.0,
                    0.9999218583106995,
                    -0.012503652833402157,
                    -0.050403837114572525
                ],
                [
                    0.0,
                    0.0,
                    0.0,
                    1.0
                ]
            ]
        },
        {
            "file_path": "/data/shapenet_blender/all_50_random/02958343/d1dcddb5b1d7404dd9b0c189eb588ce6/r_41",
            "rotation": 0.12566370614359174,
            "transform_matrix": [
                [
                    -0.2748267650604248,
                    -0.26737675070762634,
                    0.9235690236091614,
                    3.7230260372161865
                ],
                [
                    0.9614937901496887,
                    -0.07642512768507004,
                    0.26398658752441406,
                    1.0641640424728394
                ],
