{
    "class": "02958343",
    "model": "78c3bf6ae1bdf75419b43924bf120208",
    "remove_doubles": true,
    "edge_split": true,
    "denoise": true,
    "camera_angle_x": 0.6911112070083618,
    "scale_factor": 2.3654502362317964,
    "hdri_file": "/data/IndoorHDRDataset2018/AG8A7692-79e4b5baea.exr",
    "center_offset": [
        0.0,
        0.0,
        7.450580596923828e-09
    ],
    "lights": [],
    "frames": [
        {
            "file_path": "/data/shapenet_blender/all_50_random/02958343/78c3bf6ae1bdf75419b43924bf120208/r_0",
            "rotation": 0.12566370614359174,
            "transform_matrix": [
                [
                    -0.8459827303886414,
                    0.05623762309551239,
                    0.5302364826202393,
                    2.137451648712158
                ],
                [
                    0.5332105159759521,
                    0.0892256423830986,
                    0.8412641286849976,
                    3.3912441730499268
                ],
                [
                    3.725290742551124e-09,
                    0.994422435760498,
                    -0.10546984523534775,
                    -0.42516255378723145
                ],
                [
                    0.0,
                    0.0,
                    0.0,
                    1.0
                ]
            ]
        },
        {
            "file_path": "/data/shapenet_blender/all_50_random/02958343/78c3bf6ae1bdf75419b43924bf120208/r_1",
            "rotation": 0.12566370614359174,
            "transform_matrix": [
                [
                    0.9695519804954529,
                    0.15847384929656982,
                    -0.18669500946998596,
                    -0.7525916695594788
                ],
                [
                    -0.24488565325737,
                    0.6274301409721375,
                    -0.7391633987426758,
                    -2.9796628952026367
                ],
                [
                    7.450580596923828e-09,
                    0.7623762488365173,
                    0.647134006023407,
                    2.6086807250976562
                ],
                [
                    0.0,
                    0.0,
                    0.0,
                    1.0
                ]
            ]
        },
        {
            "file_path": "/data/shapenet_blender/all_50_random/02958343/78c3bf6ae1bdf75419b43924bf120208/r_2",
            "rotation": 0.12566370614359174,
            "transform_matrix": [
                [
                    0.9456238150596619,
                    -0.07352299988269806,
                    -0.3168438971042633,
                    -1.2772386074066162
                ],
                [
                    -0.32526251673698425,
                    -0.21375073492527008,
                    -0.9211487174034119,
                    -3.7132692337036133
                ],
                [
                    0.0,
                    0.9741175174713135,
                    -0.22604209184646606,
                    -0.9112048149108887
                ],
                [
                    0.0,
                    0.0,
                    0.0,
                    1.0
                ]
            ]
        },
        {
            "file_path": "/data/shapenet_blender/all_50_random/02958343/78c3bf6ae1bdf75419b43924bf120208/r_3",
            "rotation": 0.12566370614359174,
            "transform_matrix": [
                [
                    -0.9663890600204468,
                    0.029693488031625748,
                    -0.2553635537624359,
                    -1.029403567314148
                ],
                [
                    -0.2570841610431671,
                    -0.11161894351243973,
                    0.9599213004112244,
                    3.8695666790008545
                ],
                [
                    0.0,
                    0.99330735206604,
                    0.1155010536313057,
                    0.4655996561050415
                ],
                [
                    0.0,
                    0.0,
                    0.0,
                    1.0
                ]
            ]
        },
        {
            "file_path": "/data/shapenet_blender/all_50_random/02958343/78c3bf6ae1bdf75419b43924bf120208/r_4",
            "rotation": 0.12566370614359174,
            "transform_matrix": [
                [
                    0.7227973341941833,
                    0.26877954602241516,
                    -0.6366487145423889,
                    -2.566413164138794
                ],
                [
                    -0.6910601258277893,
                    0.2811233699321747,
                    -0.6658870577812195,
                    -2.684276580810547
                ],
                [
                    1.4901159417490817e-08,
                    0.9212639927864075,
                    0.3889380395412445,
                    1.567859411239624
                ],
                [
                    0.0,
                    0.0,
                    0.0,
                    1.0
                ]
            ]
        },
        {
            "file_path": "/data/shapenet_blender/all_50_random/02958343/78c3bf6ae1bdf75419b43924bf120208/r_5",
            "rotation": 0.12566370614359174,
            "transform_matrix": [
                [
                    0.9994590878486633,
                    0.03158397227525711,
                    0.009173142723739147,
                    0.03697812557220459
                ],
                [
                    0.03288911283016205,
                    -0.9597974419593811,
                    -0.2787603437900543,
                    -1.1237189769744873
                ],
                [
                    0.0,
                    0.27891114354133606,
                    -0.9603168368339539,
                    -3.8711612224578857
                ],
                [
                    0.0,
                    0.0,
                    0.0,
                    1.0
                ]
            ]
        },
        {
            "file_path": "/data/shapenet_blender/all_50_random/02958343/78c3bf6ae1bdf75419b43924bf120208/r_6",
            "rotation": 0.12566370614359174,
            "transform_matrix": [
                [
                    0.9678664207458496,
                    -0.007466078735888004,
                    0.25135400891304016,
                    1.0132405757904053
                ],
                [
                    0.2514649033546448,
                    0.028736284002661705,
                    -0.9674396514892578,
                    -3.899874210357666
                ],
                [
                    0.0,
                    0.9995591044425964,
                    0.029690338298678398,
                    0.1196855902671814
                ],
                [
                    0.0,
                    0.0,
                    0.0,
                    1.0
                ]
            ]
        },
        {
            "file_path": "/data/shapenet_blender/all_50_random/02958343/78c3bf6ae1bdf75419b43924bf120208/r_7",
            "rotation": 0.12566370614359174,
            "transform_matrix": [
                [
                    -0.0760786309838295,
                    0.08686348795890808,
                    0.9933110475540161,
                    4.004164695739746
                ],
                [
                    0.9971017837524414,
                    0.006627664435654879,
                    0.07578939944505692,
                    0.3055168390274048
                ],
                [
                    0.0,
                    0.9961981177330017,
                    -0.08711598068475723,
                    -0.3511757254600525
                ],
                [
                    0.0,
                    0.0,
                    0.0,
                    1.0
                ]
            ]
        },
        {
            "file_path": "/data/shapenet_blender/all_50_random/02958343/78c3bf6ae1bdf75419b43924bf120208/r_8",
            "rotation": 0.12566370614359174,
            "transform_matrix": [
                [
                    0.6551986932754517,
                    0.32991838455200195,
                    -0.6796090602874756,
                    -2.7395918369293213
                ],
                [
                    -0.7554565668106079,
                    0.28613439202308655,
                    -0.589417040348053,
                    -2.376016139984131
                ],
                [
                    1.4901161193847656e-08,
                    0.8996004462242126,
                    0.4367138743400574,
                    1.7604498863220215
                ],
                [
                    0.0,
                    0.0,
                    0.0,
                    1.0
                ]
            ]
        },
        {
            "file_path": "/data/shapenet_blender/all_50_random/02958343/78c3bf6ae1bdf75419b43924bf120208/r_9",
            "rotation": 0.12566370614359174,
            "transform_matrix": [
                [
                    -0.48403987288475037,
                    0.610192060470581,
                    -0.627193033695221,
                    -2.5282959938049316
                ],
                [
                    -0.8750460743904114,
                    -0.3375334143638611,
                    0.3469376564025879,
                    1.3985503911972046
                ],
                [
                    0.0,
                    0.7167543768882751,
                    0.6973257064819336,
                    2.8110098838806152
                ],
                [
                    0.0,
                    0.0,
                    0.0,
                    1.0
                ]
            ]
        },
        {
            "file_path": "/data/shapenet_blender/all_50_random/02958343/78c3bf6ae1bdf75419b43924bf120208/r_10",
            "rotation": 0.12566370614359174,
            "transform_matrix": [
                [
                    -0.9524778127670288,
                    0.025949696078896523,
                    0.3035009503364563,
                    1.2234514951705933
                ],
                [
                    0.3046083152294159,
                    0.08114193379878998,
                    0.9490151405334473,
                    3.8256022930145264
                ],
                [
                    0.0,
                    0.9963646531105042,
                    -0.08519038558006287,
                    -0.34341344237327576
                ],
                [
                    0.0,
                    0.0,
                    0.0,
                    1.0
                ]
            ]
        },
        {
            "file_path": "/data/shapenet_blender/all_50_random/02958343/78c3bf6ae1bdf75419b43924bf120208/r_11",
            "rotation": 0.12566370614359174,
            "transform_matrix": [
                [
                    0.08892005681991577,
                    0.6026126742362976,
                    -0.7930642366409302,
                    -3.1969447135925293
                ],
                [
                    -0.9960387945175171,
                    0.05379745736718178,
                    -0.07079977542161942,
                    -0.2854030430316925
                ],
                [
                    -3.725290298461914e-09,
                    0.7962183952331543,
                    0.6050091981887817,
                    2.438870429992676
                ],
                [
                    0.0,
                    0.0,
                    0.0,
                    1.0
                ]
            ]
        },
        {
            "file_path": "/data/shapenet_blender/all_50_random/02958343/78c3bf6ae1bdf75419b43924bf120208/r_12",
            "rotation": 0.12566370614359174,
            "transform_matrix": [
                [
                    0.3588862419128418,
                    -0.5016025900840759,
                    0.7871438264846802,
                    3.1730782985687256
                ],
                [
                    0.9333814382553101,
                    0.19286678731441498,
                    -0.30265772342681885,
                    -1.2200523614883423
                ],
                [
                    0.0,
                    0.8433248996734619,
                    0.5374037623405457,
                    2.166343927383423
                ],
                [
                    0.0,
                    0.0,
                    0.0,
                    1.0
                ]
            ]
        },
        {
            "file_path": "/data/shapenet_blender/all_50_random/02958343/78c3bf6ae1bdf75419b43924bf120208/r_13",
            "rotation": 0.12566370614359174,
            "transform_matrix": [
                [
                    0.9749757051467896,
                    -0.20674963295459747,
                    -0.08171261847019196,
                    -0.32939413189888
                ],
                [
                    -0.22231140732765198,
                    -0.9067274928092957,
                    -0.3583613634109497,
                    -1.4446009397506714
                ],
                [
                    0.0,
                    0.3675592541694641,
                    -0.9300000071525574,
                    -3.748950242996216
                ],
                [
                    0.0,
                    0.0,
                    0.0,
                    1.0
                ]
            ]
        },
        {
            "file_path": "/data/shapenet_blender/all_50_random/02958343/78c3bf6ae1bdf75419b43924bf120208/r_14",
            "rotation": 0.12566370614359174,
            "transform_matrix": [
                [
                    -0.2234731912612915,
                    0.12235035002231598,
                    -0.9670004844665527,
                    -3.898103952407837
                ],
                [
                    -0.9747101068496704,
                    -0.02805144153535366,
                    0.2217055857181549,
                    0.8937238454818726
                ],
                [
                    -1.862645149230957e-09,
                    0.9920904040336609,
                    0.1255248486995697,
                    0.5060068964958191
                ],
                [
                    0.0,
                    0.0,
                    0.0,
                    1.0
                ]
            ]
        },
        {
            "file_path": "/data/shapenet_blender/all_50_random/02958343/78c3bf6ae1bdf75419b43924bf120208/r_15",
            "rotation": 0.12566370614359174,
            "transform_matrix": [
                [
                    0.917721688747406,
                    0.1194155141711235,
                    0.3788493871688843,
                    1.5271905660629272
                ],
                [
                    0.39722397923469543,
                    -0.27589020133018494,
                    -0.8752701282501221,
                    -3.5283262729644775
                ],
                [
                    0.0,
                    0.9537423253059387,
                    -0.30062514543533325,
                    -1.2118586301803589
                ],
                [
                    0.0,
                    0.0,
                    0.0,
                    1.0
                ]
            ]
        },
        {
            "file_path": "/data/shapenet_blender/all_50_random/02958343/78c3bf6ae1bdf75419b43924bf120208/r_16",
            "rotation": 0.12566370614359174,
            "transform_matrix": [
                [
                    -0.5145742297172546,
                    -0.5017842054367065,
                    0.695288360118866,
                    2.8027968406677246
                ],
                [
                    0.8574458360671997,
                    -0.30113300681114197,
                    0.4172596037387848,
                    1.6820272207260132
                ],
                [
                    -1.4901160305669237e-08,
                    0.810883104801178,
                    0.5852081179618835,
                    2.3590493202209473
                ],
                [
                    0.0,
                    0.0,
                    0.0,
                    1.0
                ]
            ]
        },
        {
            "file_path": "/data/shapenet_blender/all_50_random/02958343/78c3bf6ae1bdf75419b43924bf120208/r_17",
            "rotation": 0.12566370614359174,
            "transform_matrix": [
                [
                    0.9213133454322815,
                    0.14284251630306244,
                    0.36163198947906494,
                    1.4577852487564087
                ],
                [
                    0.3888208866119385,
                    -0.33846616744995117,
                    -0.8568890690803528,
                    -3.454230546951294
                ],
                [
                    7.450580152834618e-09,
                    0.9300733804702759,
                    -0.3673735558986664,
                    -1.4809303283691406
                ],
                [
                    0.0,
                    0.0,
                    0.0,
                    1.0
                ]
            ]
        },
        {
            "file_path": "/data/shapenet_blender/all_50_random/02958343/78c3bf6ae1bdf75419b43924bf120208/r_18",
            "rotation": 0.12566370614359174,
            "transform_matrix": [
                [
                    -0.9612098932266235,
                    0.14069297909736633,
                    0.23723624646663666,
                    0.9563299417495728
                ],
                [
                    0.27581799030303955,
                    0.4903069734573364,
                    0.8267546892166138,
                    3.3327550888061523
                ],
                [
                    0.0,
                    0.8601188063621521,
                    -0.5100935101509094,
                    -2.056252956390381
                ],
                [
                    0.0,
                    0.0,
                    0.0,
                    1.0
                ]
            ]
        },
        {
            "file_path": "/data/shapenet_blender/all_50_random/02958343/78c3bf6ae1bdf75419b43924bf120208/r_19",
            "rotation": 0.12566370614359174,
            "transform_matrix": [
                [
                    0.9999339580535889,
                    0.00017094219219870865,
                    -0.011492705903947353,
                    -0.046328574419021606
                ],
                [
                    -0.011493977159261703,
                    0.014871346764266491,
                    -0.9998233914375305,
                    -4.030416488647461
                ],
                [
                    1.4551914361005114e-11,
                    0.9998894333839417,
                    0.014872330240905285,
                    0.0599522739648819
                ],
                [
                    0.0,
                    0.0,
                    0.0,
                    1.0
                ]
            ]
        },
        {
            "file_path": "/data/shapenet_blender/all_50_random/02958343/78c3bf6ae1bdf75419b43924bf120208/r_20",
            "rotation": 0.12566370614359174,
            "transform_matrix": [
                [
                    -0.08327464014291763,
                    -0.6151587963104248,
                    -0.7839929461479187,
                    -3.16037654876709
                ],
                [
                    -0.9965266585350037,
                    0.051405683159828186,
                    0.06551428884267807,
                    0.26409655809402466
                ],
                [
                    0.0,
                    0.7867255210876465,
                    -0.6173029541969299,
                    -2.4884278774261475
                ],
                [
                    0.0,
                    0.0,
                    0.0,
                    1.0
                ]
            ]
        },
        {
            "file_path": "/data/shapenet_blender/all_50_random/02958343/78c3bf6ae1bdf75419b43924bf120208/r_21",
            "rotation": 0.12566370614359174,
            "transform_matrix": [
                [
                    -0.8155173063278198,
                    -0.1769925057888031,
                    0.5510038733482361,
                    2.22116756439209
                ],
                [
                    0.5787327885627747,
                    -0.24940775334835052,
                    0.7764432430267334,
                    3.1299428939819336
                ],
                [
                    0.0,
                    0.9520868062973022,
                    0.30582767724990845,
                    1.2328307628631592
                ],
                [
                    0.0,
                    0.0,
                    0.0,
                    1.0
                ]
            ]
        },
        {
            "file_path": "/data/shapenet_blender/all_50_random/02958343/78c3bf6ae1bdf75419b43924bf120208/r_22",
            "rotation": 0.12566370614359174,
            "transform_matrix": [
                [
                    0.9001191258430481,
                    0.23011605441570282,
                    -0.36990827322006226,
                    -1.4911479949951172
                ],
                [
                    -0.4356438219547272,
                    0.47546151280403137,
                    -0.7642975449562073,
                    -3.080981969833374
                ],
                [
                    0.0,
                    0.849107027053833,
                    0.5282207131385803,
                    2.1293258666992188
                ],
                [
                    0.0,
                    0.0,
                    0.0,
                    1.0
                ]
            ]
        },
        {
            "file_path": "/data/shapenet_blender/all_50_random/02958343/78c3bf6ae1bdf75419b43924bf120208/r_23",
            "rotation": 0.12566370614359174,
            "transform_matrix": [
                [
                    0.5942993760108948,
                    -0.1686989665031433,
                    0.7863515615463257,
                    3.16988468170166
                ],
                [
                    0.8042438626289368,
                    0.12466080486774445,
                    -0.5810777544975281,
                    -2.3423995971679688
                ],
                [
                    0.0,
                    0.9777525663375854,
                    0.20976096391677856,
                    0.8455735445022583
                ],
                [
                    0.0,
                    0.0,
                    0.0,
                    1.0
                ]
            ]
        },
        {
            "file_path": "/data/shapenet_blender/all_50_random/02958343/78c3bf6ae1bdf75419b43924bf120208/r_24",
            "rotation": 0.12566370614359174,
            "transform_matrix": [
                [
                    0.5050373673439026,
                    0.862032413482666,
                    -0.042864590883255005,
                    -0.1727926880121231
                ],
                [
                    -0.8630975484848022,
                    0.5044141411781311,
                    -0.02508201077580452,
                    -0.10110881924629211
                ],
                [
                    0.0,
                    0.049662865698337555,
                    0.9987660050392151,
                    4.026154518127441
                ],
                [
                    0.0,
                    0.0,
                    0.0,
                    1.0
                ]
            ]
        },
        {
            "file_path": "/data/shapenet_blender/all_50_random/02958343/78c3bf6ae1bdf75419b43924bf120208/r_25",
            "rotation": 0.12566370614359174,
            "transform_matrix": [
                [
                    0.5857975482940674,
                    0.4369886517524719,
                    -0.6825555562973022,
                    -2.751469373703003
                ],
                [
                    -0.8104574084281921,
                    0.3158548176288605,
                    -0.4933502674102783,
                    -1.9887585639953613
                ],
                [
                    0.0,
                    0.8421854972839355,
                    0.5391877293586731,
                    2.1735353469848633
                ],
                [
                    0.0,
                    0.0,
                    0.0,
                    1.0
                ]
            ]
        },
        {
            "file_path": "/data/shapenet_blender/all_50_random/02958343/78c3bf6ae1bdf75419b43924bf120208/r_26",
            "rotation": 0.12566370614359174,
            "transform_matrix": [
                [
                    -0.7242124080657959,
                    0.039496563374996185,
                    -0.6884448528289795,
                    -2.77521014213562
                ],
                [
                    -0.689577043056488,
                    -0.04148036241531372,
                    0.7230234146118164,
                    2.9146008491516113
                ],
                [
                    -1.862645371275562e-09,
                    0.9983583092689514,
                    0.057276513427495956,
                    0.23088902235031128
                ],
                [
                    0.0,
                    0.0,
                    0.0,
                    1.0
                ]
            ]
        },
        {
            "file_path": "/data/shapenet_blender/all_50_random/02958343/78c3bf6ae1bdf75419b43924bf120208/r_27",
            "rotation": 0.12566370614359174,
            "transform_matrix": [
                [
                    0.7586869597434998,
                    -0.523592472076416,
                    -0.3876146078109741,
                    -1.5625245571136475
                ],
                [
                    -0.6514554023742676,
                    -0.6097773909568787,
                    -0.4514171779155731,
                    -1.819720983505249
                ],
                [
                    1.4901161193847656e-08,
                    0.5949978828430176,
                    -0.8037270903587341,
                    -3.2399277687072754
                ],
                [
                    0.0,
                    0.0,
                    0.0,
                    1.0
                ]
            ]
        },
        {
            "file_path": "/data/shapenet_blender/all_50_random/02958343/78c3bf6ae1bdf75419b43924bf120208/r_28",
            "rotation": 0.12566370614359174,
            "transform_matrix": [
                [
                    0.7130109071731567,
                    0.5676245093345642,
                    0.41160398721694946,
                    1.659228801727295
                ],
                [
                    0.7011529207229614,
                    -0.5772242546081543,
                    -0.4185650944709778,
                    -1.687289834022522
                ],
                [
                    0.0,
                    0.5870386958122253,
                    -0.8095588088035583,
                    -3.2634358406066895
                ],
                [
                    0.0,
                    0.0,
                    0.0,
                    1.0
                ]
            ]
        },
        {
            "file_path": "/data/shapenet_blender/all_50_random/02958343/78c3bf6ae1bdf75419b43924bf120208/r_29",
            "rotation": 0.12566370614359174,
            "transform_matrix": [
                [
                    -0.30734264850616455,
                    -0.5524950623512268,
                    -0.7747836112976074,
                    -3.1232526302337646
                ],
                [
                    -0.9515988230705261,
                    0.1784421056509018,
                    0.25023576617240906,
                    1.0087326765060425
                ],
                [
                    -1.4901158529312397e-08,
                    0.8141913414001465,
                    -0.5805966258049011,
                    -2.3404598236083984
                ],
                [
                    0.0,
                    0.0,
                    0.0,
                    1.0
                ]
            ]
        },
        {
            "file_path": "/data/shapenet_blender/all_50_random/02958343/78c3bf6ae1bdf75419b43924bf120208/r_30",
            "rotation": 0.12566370614359174,
            "transform_matrix": [
                [
                    0.9215183854103088,
                    -0.09874394536018372,
                    -0.3755709230899811,
                    -1.5139747858047485
                ],
                [
                    -0.3883347809314728,
                    -0.23431937396526337,
                    -0.8912297487258911,
                    -3.5926620960235596
                ],
                [
                    -7.450580596923828e-09,
                    0.9671319127082825,
                    -0.25427529215812683,
                    -1.0250165462493896
                ],
                [
                    0.0,
                    0.0,
                    0.0,
                    1.0
                ]
            ]
        },
        {
            "file_path": "/data/shapenet_blender/all_50_random/02958343/78c3bf6ae1bdf75419b43924bf120208/r_31",
            "rotation": 0.12566370614359174,
            "transform_matrix": [
                [
                    -0.8853802680969238,
                    -0.034691862761974335,
                    0.4635712504386902,
                    1.8687156438827515
                ],
                [
                    0.46486762166023254,
                    -0.06607363373041153,
                    0.882911205291748,
                    3.559129238128662
                ],
                [
                    3.725290742551124e-09,
                    0.9972114562988281,
                    0.07462739944458008,
                    0.30083268880844116
                ],
                [
                    0.0,
                    0.0,
                    0.0,
                    1.0
                ]
            ]
        },
        {
            "file_path": "/data/shapenet_blender/all_50_random/02958343/78c3bf6ae1bdf75419b43924bf120208/r_32",
            "rotation": 0.12566370614359174,
            "transform_matrix": [
                [
                    -0.26214951276779175,
                    0.049277178943157196,
                    0.9637684226036072,
                    3.8850743770599365
                ],
                [
                    0.9650273323059082,
                    0.0133861368522048,
                    0.26180753111839294,
                    1.0553797483444214
                ],
                [
                    9.313224635931761e-10,
                    0.9986954927444458,
                    -0.051062993705272675,
                    -0.20584148168563843
                ],
                [
                    0.0,
                    0.0,
                    0.0,
                    1.0
                ]
            ]
        },
        {
            "file_path": "/data/shapenet_blender/all_50_random/02958343/78c3bf6ae1bdf75419b43924bf120208/r_33",
            "rotation": 0.12566370614359174,
            "transform_matrix": [
                [
                    0.714085578918457,
                    0.018500450998544693,
                    0.6998137831687927,
                    2.821039915084839
                ],
                [
                    0.7000583410263062,
                    -0.01887114904820919,
                    -0.713836133480072,
                    -2.877565622329712
                ],
                [
                    -9.313225191043273e-10,
                    0.999650776386261,
                    -0.0264270082116127,
                    -0.10653068870306015
                ],
                [
                    0.0,
                    0.0,
                    0.0,
                    1.0
                ]
            ]
        },
        {
            "file_path": "/data/shapenet_blender/all_50_random/02958343/78c3bf6ae1bdf75419b43924bf120208/r_34",
            "rotation": 0.12566370614359174,
            "transform_matrix": [
                [
                    0.9549381136894226,
                    0.01082907896488905,
                    0.29660722613334656,
                    1.195662021636963
                ],
                [
                    0.29680484533309937,
                    -0.03484141081571579,
                    -0.9543023109436035,
                    -3.8469157218933105
                ],
                [
                    -9.313225746154785e-10,
                    0.9993340969085693,
                    -0.036485522985458374,
                    -0.14707784354686737
                ],
                [
                    0.0,
                    0.0,
                    0.0,
                    1.0
                ]
            ]
        },
        {
            "file_path": "/data/shapenet_blender/all_50_random/02958343/78c3bf6ae1bdf75419b43924bf120208/r_35",
            "rotation": 0.12566370614359174,
            "transform_matrix": [
                [
                    0.7662075757980347,
                    -0.09619221091270447,
                    0.6353525519371033,
                    2.561188220977783
                ],
                [
                    0.6425930857658386,
                    0.11469654738903046,
                    -0.7575742602348328,
                    -3.053879737854004
                ],
                [
                    0.0,
                    0.9887323975563049,
                    0.1496938019990921,
                    0.6034350991249084
                ],
                [
                    0.0,
                    0.0,
                    0.0,
                    1.0
                ]
            ]
        },
        {
            "file_path": "/data/shapenet_blender/all_50_random/02958343/78c3bf6ae1bdf75419b43924bf120208/r_36",
            "rotation": 0.12566370614359174,
            "transform_matrix": [
                [
                    -0.6311562657356262,
                    -0.036256343126297,
                    0.774807870388031,
                    3.1233503818511963
                ],
                [
                    0.7756556868553162,
                    -0.029502030462026596,
                    0.6304664015769958,
                    2.5414912700653076
                ],
                [
                    0.0,
                    0.9989069700241089,
                    0.04674283042550087,
                    0.18842637538909912
                ],
                [
                    0.0,
                    0.0,
                    0.0,
                    1.0
                ]
            ]
        },
        {
            "file_path": "/data/shapenet_blender/all_50_random/02958343/78c3bf6ae1bdf75419b43924bf120208/r_37",
            "rotation": 0.12566370614359174,
            "transform_matrix": [
                [
                    -0.5806260704994202,
                    0.11534722149372101,
                    -0.8059580326080322,
                    -3.2489209175109863
                ],
                [
                    -0.8141704201698303,
                    -0.08225992321968079,
                    0.5747693777084351,
                    2.316969633102417
                ],
                [
                    0.0,
                    0.989913284778595,
                    0.14167453348636627,
                    0.5711084008216858
                ],
                [
                    0.0,
                    0.0,
                    0.0,
                    1.0
                ]
            ]
        },
        {
            "file_path": "/data/shapenet_blender/all_50_random/02958343/78c3bf6ae1bdf75419b43924bf120208/r_38",
            "rotation": 0.12566370614359174,
            "transform_matrix": [
                [
                    -0.9996945858001709,
                    0.014029797166585922,
                    0.020347436890006065,
                    0.08202314376831055
                ],
                [
                    0.024715449661016464,
                    0.5674795508384705,
                    0.8230164647102356,
                    3.317685604095459
                ],
                [
                    0.0,
                    0.8232679963111877,
                    -0.5676529407501221,
                    -2.2882821559906006
                ],
                [
                    0.0,
                    0.0,
                    0.0,
                    1.0
                ]
            ]
        },
        {
            "file_path": "/data/shapenet_blender/all_50_random/02958343/78c3bf6ae1bdf75419b43924bf120208/r_39",
            "rotation": 0.12566370614359174,
            "transform_matrix": [
                [
                    -0.5064666867256165,
                    -0.49235159158706665,
                    0.7078709006309509,
                    2.8535192012786865
                ],
                [
                    0.8622594475746155,
                    -0.28919336199760437,
                    0.4157832860946655,
                    1.6760761737823486
                ],
                [
                    1.4901160305669237e-08,
                    0.8209488987922668,
                    0.5710015892982483,
                    2.301781177520752
                ],
                [
                    0.0,
                    0.0,
                    0.0,
                    1.0
                ]
            ]
        },
        {
            "file_path": "/data/shapenet_blender/all_50_random/02958343/78c3bf6ae1bdf75419b43924bf120208/r_40",
            "rotation": 0.12566370614359174,
            "transform_matrix": [
                [
                    0.39073464274406433,
                    0.2397199422121048,
                    0.8887410163879395,
                    3.582630157470703
                ],
                [
                    0.9205034375190735,
                    -0.10175614804029465,
                    -0.37725216150283813,
                    -1.5207523107528687
                ],
                [
                    -7.450580596923828e-09,
                    0.965494692325592,
                    -0.26042264699935913,
                    -1.0497974157333374
                ],
                [
                    0.0,
                    0.0,
                    0.0,
                    1.0
                ]
            ]
        },
        {
            "file_path": "/data/shapenet_blender/all_50_random/02958343/78c3bf6ae1bdf75419b43924bf120208/r_41",
            "rotation": 0.12566370614359174,
            "transform_matrix": [
                [
                    -0.31116804480552673,
                    0.825965404510498,
                    0.47005903720855713,
                    1.8948686122894287
                ],
                [
                    0.9503548741340637,
                    0.27044010162353516,
                    0.1539081484079361,
                    0.6204236149787903
                ],
                [
