{
    "class": "02958343",
    "model": "a387407d49e209fdeea60824a43a0b",
    "remove_doubles": true,
    "edge_split": true,
    "denoise": true,
    "camera_angle_x": 0.6911112070083618,
    "scale_factor": 2.2663531069657075,
    "hdri_file": "/data/IndoorHDRDataset2018/AG8A1596-ac1f53bc32.exr",
    "center_offset": [
        0.0,
        -9.313225746154785e-10,
        -3.725290298461914e-09
    ],
    "lights": [],
    "frames": [
        {
            "file_path": "/data/shapenet_blender/all_50_random/02958343/a387407d49e209fdeea60824a43a0b/r_0",
            "rotation": 0.12566370614359174,
            "transform_matrix": [
                [
                    -0.8750733137130737,
                    -0.33007046580314636,
                    -0.3539777398109436,
                    -1.4269299507141113
                ],
                [
                    -0.48399049043655396,
                    0.5967800617218018,
                    0.640005350112915,
                    2.579944133758545
                ],
                [
                    0.0,
                    0.7313734889030457,
                    -0.6819772124290466,
                    -2.749138116836548
                ],
                [
                    0.0,
                    0.0,
                    0.0,
                    1.0
                ]
            ]
        },
        {
            "file_path": "/data/shapenet_blender/all_50_random/02958343/a387407d49e209fdeea60824a43a0b/r_1",
            "rotation": 0.12566370614359174,
            "transform_matrix": [
                [
                    -0.7896363735198975,
                    -0.433205246925354,
                    0.43451988697052,
                    1.7516058683395386
                ],
                [
                    0.6135749816894531,
                    -0.5575106739997864,
                    0.5592024922370911,
                    2.2542176246643066
                ],
                [
                    2.9802320611338473e-08,
                    0.7081772089004517,
                    0.7060346007347107,
                    2.846116781234741
                ],
                [
                    0.0,
                    0.0,
                    0.0,
                    1.0
                ]
            ]
        },
        {
            "file_path": "/data/shapenet_blender/all_50_random/02958343/a387407d49e209fdeea60824a43a0b/r_2",
            "rotation": 0.12566370614359174,
            "transform_matrix": [
                [
                    0.26488956809043884,
                    0.06494792550802231,
                    -0.9620890021324158,
                    -3.8783047199249268
                ],
                [
                    -0.9642787575721741,
                    0.017841342836618423,
                    -0.2642880380153656,
                    -1.0653791427612305
                ],
                [
                    0.0,
                    0.9977291226387024,
                    0.06735389679670334,
                    0.2715122401714325
                ],
                [
                    0.0,
                    0.0,
                    0.0,
                    1.0
                ]
            ]
        },
        {
            "file_path": "/data/shapenet_blender/all_50_random/02958343/a387407d49e209fdeea60824a43a0b/r_3",
            "rotation": 0.12566370614359174,
            "transform_matrix": [
                [
                    0.9745988249778748,
                    0.03295539692044258,
                    0.22151987254619598,
                    0.8929752111434937
                ],
                [
                    0.2239578664302826,
                    -0.14341221749782562,
                    -0.9639894366264343,
                    -3.8859660625457764
                ],
                [
                    0.0,
                    0.9891142249107361,
                    -0.1471499651670456,
                    -0.5931805372238159
                ],
                [
                    0.0,
                    0.0,
                    0.0,
                    1.0
                ]
            ]
        },
        {
            "file_path": "/data/shapenet_blender/all_50_random/02958343/a387407d49e209fdeea60824a43a0b/r_4",
            "rotation": 0.12566370614359174,
            "transform_matrix": [
                [
                    0.8356417417526245,
                    0.2996993660926819,
                    0.4603077471256256,
                    1.8555598258972168
                ],
                [
                    0.5492749810218811,
                    -0.4559488594532013,
                    -0.700291097164154,
                    -2.8229637145996094
                ],
                [
                    -1.4901161193847656e-08,
                    0.8380279541015625,
                    -0.5456272959709167,
                    -2.199493885040283
                ],
                [
                    0.0,
                    0.0,
                    0.0,
                    1.0
                ]
            ]
        },
        {
            "file_path": "/data/shapenet_blender/all_50_random/02958343/a387407d49e209fdeea60824a43a0b/r_5",
            "rotation": 0.12566370614359174,
            "transform_matrix": [
                [
                    -0.9692243337631226,
                    -0.05778144299983978,
                    0.23930232226848602,
                    0.9646585583686829
                ],
                [
                    0.24617944657802582,
                    -0.22748926281929016,
                    0.9421486854553223,
                    3.7979230880737305
                ],
                [
                    0.0,
                    0.972064733505249,
                    0.23471270501613617,
                    0.9461572170257568
                ],
                [
                    0.0,
                    0.0,
                    0.0,
                    1.0
                ]
            ]
        },
        {
            "file_path": "/data/shapenet_blender/all_50_random/02958343/a387407d49e209fdeea60824a43a0b/r_6",
            "rotation": 0.12566370614359174,
            "transform_matrix": [
                [
                    0.7207895517349243,
                    -0.5653620958328247,
                    -0.40103358030319214,
                    -1.6166181564331055
                ],
                [
                    -0.6931538581848145,
                    -0.587902843952179,
                    -0.41702255606651306,
                    -1.6810717582702637
                ],
                [
                    -2.9802320611338473e-08,
                    0.5785635113716125,
                    -0.8156372308731079,
                    -3.2879390716552734
                ],
                [
                    0.0,
                    0.0,
                    0.0,
                    1.0
                ]
            ]
        },
        {
            "file_path": "/data/shapenet_blender/all_50_random/02958343/a387407d49e209fdeea60824a43a0b/r_7",
            "rotation": 0.12566370614359174,
            "transform_matrix": [
                [
                    0.6640701293945312,
                    -0.4090787172317505,
                    -0.6258317232131958,
                    -2.52280855178833
                ],
                [
                    -0.7476702928543091,
                    -0.3633378744125366,
                    -0.5558547973632812,
                    -2.24072265625
                ],
                [
                    0.0,
                    0.8370423913002014,
                    -0.5471378564834595,
                    -2.2055835723876953
                ],
                [
                    0.0,
                    0.0,
                    0.0,
                    1.0
                ]
            ]
        },
        {
            "file_path": "/data/shapenet_blender/all_50_random/02958343/a387407d49e209fdeea60824a43a0b/r_8",
            "rotation": 0.12566370614359174,
            "transform_matrix": [
                [
                    -0.9813933372497559,
                    -0.06703265756368637,
                    0.17992760241031647,
                    0.7253113389015198
                ],
                [
                    0.19200867414474487,
                    -0.34261682629585266,
                    0.9196446537971497,
                    3.7072062492370605
                ],
                [
                    0.0,
                    0.9370806813240051,
                    0.34911268949508667,
                    1.4073182344436646
                ],
                [
                    0.0,
                    0.0,
                    0.0,
                    1.0
                ]
            ]
        },
        {
            "file_path": "/data/shapenet_blender/all_50_random/02958343/a387407d49e209fdeea60824a43a0b/r_9",
            "rotation": 0.12566370614359174,
            "transform_matrix": [
                [
                    0.39113572239875793,
                    -0.47945737838745117,
                    -0.7855783700942993,
                    -3.1667678356170654
                ],
                [
                    -0.9203330278396606,
                    -0.2037663608789444,
                    -0.33386585116386414,
                    -1.3458564281463623
                ],
                [
                    0.0,
                    0.85358065366745,
                    -0.5209606289863586,
                    -2.100059747695923
                ],
                [
                    0.0,
                    0.0,
                    0.0,
                    1.0
                ]
            ]
        },
        {
            "file_path": "/data/shapenet_blender/all_50_random/02958343/a387407d49e209fdeea60824a43a0b/r_10",
            "rotation": 0.12566370614359174,
            "transform_matrix": [
                [
                    0.19208943843841553,
                    0.36094680428504944,
                    -0.9125890731811523,
                    -3.678764820098877
                ],
                [
                    -0.981377363204956,
                    0.07064975053071976,
                    -0.1786252111196518,
                    -0.7200613021850586
                ],
                [
                    -7.450580152834618e-09,
                    0.9299063682556152,
                    0.3677960932254791,
                    1.4826335906982422
                ],
                [
                    0.0,
                    0.0,
                    0.0,
                    1.0
                ]
            ]
        },
        {
            "file_path": "/data/shapenet_blender/all_50_random/02958343/a387407d49e209fdeea60824a43a0b/r_11",
            "rotation": 0.12566370614359174,
            "transform_matrix": [
                [
                    -0.565102219581604,
                    -0.054511018097400665,
                    -0.823218047618866,
                    -3.318498134613037
                ],
                [
                    -0.8250208497047424,
                    0.03733760118484497,
                    0.5638673901557922,
                    2.273022174835205
                ],
                [
                    1.8626450382086546e-09,
                    0.9978148937225342,
                    -0.06607228517532349,
                    -0.26634588837623596
                ],
                [
                    0.0,
                    0.0,
                    0.0,
                    1.0
                ]
            ]
        },
        {
            "file_path": "/data/shapenet_blender/all_50_random/02958343/a387407d49e209fdeea60824a43a0b/r_12",
            "rotation": 0.12566370614359174,
            "transform_matrix": [
                [
                    0.8688156008720398,
                    0.06902648508548737,
                    0.4903005361557007,
                    1.9764647483825684
                ],
                [
                    0.4951356053352356,
                    -0.12112093716859818,
                    -0.8603314757347107,
                    -3.4681074619293213
                ],
                [
                    3.7252898543727042e-09,
                    0.990234911441803,
                    -0.13940921425819397,
                    -0.5619765520095825
                ],
                [
                    0.0,
                    0.0,
                    0.0,
                    1.0
                ]
            ]
        },
        {
            "file_path": "/data/shapenet_blender/all_50_random/02958343/a387407d49e209fdeea60824a43a0b/r_13",
            "rotation": 0.12566370614359174,
            "transform_matrix": [
                [
                    -0.36853790283203125,
                    -0.799930214881897,
                    -0.473594069480896,
                    -1.9091187715530396
                ],
                [
                    -0.9296126365661621,
                    0.3171262741088867,
                    0.18775276839733124,
                    0.7568556070327759
                ],
                [
                    0.0,
                    0.5094531178474426,
                    -0.8604984283447266,
                    -3.468780040740967
                ],
                [
                    0.0,
                    0.0,
                    0.0,
                    1.0
                ]
            ]
        },
        {
            "file_path": "/data/shapenet_blender/all_50_random/02958343/a387407d49e209fdeea60824a43a0b/r_14",
            "rotation": 0.12566370614359174,
            "transform_matrix": [
                [
                    -0.1505974978208542,
                    0.004423502366989851,
                    -0.9885851740837097,
                    -3.985114574432373
                ],
                [
                    -0.988595187664032,
                    -0.0006738536176271737,
                    0.15059597790241241,
                    0.6070718765258789
                ],
                [
                    0.0,
                    0.9999899864196777,
                    0.004474532790482044,
                    0.018037419766187668
                ],
                [
                    0.0,
                    0.0,
                    0.0,
                    1.0
                ]
            ]
        },
        {
            "file_path": "/data/shapenet_blender/all_50_random/02958343/a387407d49e209fdeea60824a43a0b/r_15",
            "rotation": 0.12566370614359174,
            "transform_matrix": [
                [
                    0.013706767000257969,
                    0.08085984736680984,
                    -0.9966312646865845,
                    -4.01754903793335
                ],
                [
                    -0.9999060034751892,
                    0.0011084313737228513,
                    -0.013661876320838928,
                    -0.055072784423828125
                ],
                [
                    1.1641531488804091e-10,
                    0.9967247843742371,
                    0.0808674544095993,
                    0.3259871304035187
                ],
                [
                    0.0,
                    0.0,
                    0.0,
                    1.0
                ]
            ]
        },
        {
            "file_path": "/data/shapenet_blender/all_50_random/02958343/a387407d49e209fdeea60824a43a0b/r_16",
            "rotation": 0.12566370614359174,
            "transform_matrix": [
                [
                    -0.9940558075904846,
                    0.021902358159422874,
                    -0.10664570331573486,
                    -0.429902583360672
                ],
                [
                    -0.10887157171964645,
                    -0.19998027384281158,
                    0.9737324118614197,
                    3.925240993499756
                ],
                [
                    -1.862645149230957e-09,
                    0.9795551300048828,
                    0.20117607712745667,
                    0.8109667301177979
                ],
                [
                    0.0,
                    0.0,
                    0.0,
                    1.0
                ]
            ]
        },
        {
            "file_path": "/data/shapenet_blender/all_50_random/02958343/a387407d49e209fdeea60824a43a0b/r_17",
            "rotation": 0.12566370614359174,
            "transform_matrix": [
                [
                    0.9705032706260681,
                    -0.1766878366470337,
                    0.1640271693468094,
                    0.6612146496772766
                ],
                [
                    0.24108818173408508,
                    0.7112589478492737,
                    -0.6602932810783386,
                    -2.6617274284362793
                ],
                [
                    -7.450581485102248e-09,
                    0.6803616881370544,
                    0.7328764200210571,
                    2.9543192386627197
                ],
                [
                    0.0,
                    0.0,
                    0.0,
                    1.0
                ]
            ]
        },
        {
            "file_path": "/data/shapenet_blender/all_50_random/02958343/a387407d49e209fdeea60824a43a0b/r_18",
            "rotation": 0.12566370614359174,
            "transform_matrix": [
                [
                    -0.9792163372039795,
                    0.028884435072541237,
                    -0.20075136423110962,
                    -0.8092546463012695
                ],
                [
                    -0.20281869173049927,
                    -0.1394551545381546,
                    0.9692352414131165,
                    3.9071121215820312
                ],
                [
                    0.0,
                    0.98980712890625,
                    0.14241506159305573,
                    0.5740934610366821
                ],
                [
                    0.0,
                    0.0,
                    0.0,
                    1.0
                ]
            ]
        },
        {
            "file_path": "/data/shapenet_blender/all_50_random/02958343/a387407d49e209fdeea60824a43a0b/r_19",
            "rotation": 0.12566370614359174,
            "transform_matrix": [
                [
                    -0.7739096283912659,
                    -0.49926212430000305,
                    0.38961660861968994,
                    1.5705947875976562
                ],
                [
                    0.6332958936691284,
                    -0.6101157069206238,
                    0.4761250615119934,
                    1.9193215370178223
                ],
                [
                    0.0,
                    0.6152204275131226,
                    0.7883551120758057,
                    3.1779611110687256
                ],
                [
                    0.0,
                    0.0,
                    0.0,
                    1.0
                ]
            ]
        },
        {
            "file_path": "/data/shapenet_blender/all_50_random/02958343/a387407d49e209fdeea60824a43a0b/r_20",
            "rotation": 0.12566370614359174,
            "transform_matrix": [
                [
                    -0.8998062014579773,
                    0.21379509568214417,
                    -0.3803161680698395,
                    -1.5331034660339355
                ],
                [
                    -0.4362896978855133,
                    -0.44093212485313416,
                    0.7843660712242126,
                    3.1618807315826416
                ],
                [
                    0.0,
                    0.8717055320739746,
                    0.49003008008003235,
                    1.975374460220337
                ],
                [
                    0.0,
                    0.0,
                    0.0,
                    1.0
                ]
            ]
        },
        {
            "file_path": "/data/shapenet_blender/all_50_random/02958343/a387407d49e209fdeea60824a43a0b/r_21",
            "rotation": 0.12566370614359174,
            "transform_matrix": [
                [
                    -0.6762884855270386,
                    -0.3573257625102997,
                    0.6441678404808044,
                    2.5967235565185547
                ],
                [
                    0.7366368174552917,
                    -0.3280521333217621,
                    0.5913949012756348,
                    2.383989095687866
                ],
                [
                    0.0,
                    0.8744713664054871,
                    0.4850772023200989,
                    1.9554086923599243
                ],
                [
                    0.0,
                    0.0,
                    0.0,
                    1.0
                ]
            ]
        },
        {
            "file_path": "/data/shapenet_blender/all_50_random/02958343/a387407d49e209fdeea60824a43a0b/r_22",
            "rotation": 0.12566370614359174,
            "transform_matrix": [
                [
                    0.6252669095993042,
                    -0.462801069021225,
                    -0.6283759474754333,
                    -2.533064603805542
                ],
                [
                    -0.7804109454154968,
                    -0.3707972466945648,
                    -0.503456175327301,
                    -2.029496908187866
                ],
                [
                    -1.4901160305669237e-08,
                    0.8051860928535461,
                    -0.5930222272872925,
                    -2.3905491828918457
                ],
                [
                    0.0,
                    0.0,
                    0.0,
                    1.0
                ]
            ]
        },
        {
            "file_path": "/data/shapenet_blender/all_50_random/02958343/a387407d49e209fdeea60824a43a0b/r_23",
            "rotation": 0.12566370614359174,
            "transform_matrix": [
                [
                    0.44828224182128906,
                    -0.4519733190536499,
                    0.7712088823318481,
                    3.108842611312866
                ],
                [
                    0.8938920497894287,
                    0.226662278175354,
                    -0.3867572546005249,
                    -1.5590684413909912
                ],
                [
                    0.0,
                    0.8627539873123169,
                    0.505623996257782,
                    2.038235664367676
                ],
                [
                    0.0,
                    0.0,
                    0.0,
                    1.0
                ]
            ]
        },
        {
            "file_path": "/data/shapenet_blender/all_50_random/02958343/a387407d49e209fdeea60824a43a0b/r_24",
            "rotation": 0.12566370614359174,
            "transform_matrix": [
                [
                    -0.37688398361206055,
                    -0.030146898701786995,
                    0.9257696866989136,
                    3.7318971157073975
                ],
                [
                    0.9262604713439941,
                    -0.012266402132809162,
                    0.376684308052063,
                    1.518463134765625
                ],
                [
                    -9.313225746154785e-10,
                    0.9994701743125916,
                    0.032546889036893845,
                    0.13120071589946747
                ],
                [
                    0.0,
                    0.0,
                    0.0,
                    1.0
                ]
            ]
        },
        {
            "file_path": "/data/shapenet_blender/all_50_random/02958343/a387407d49e209fdeea60824a43a0b/r_25",
            "rotation": 0.12566370614359174,
            "transform_matrix": [
                [
                    -0.9324330687522888,
                    0.08949529379606247,
                    0.35008472204208374,
                    1.4112366437911987
                ],
                [
                    0.3613429367542267,
                    0.23093950748443604,
                    0.9033815264701843,
                    3.6416473388671875
                ],
                [
                    0.0,
                    0.9688433408737183,
                    -0.2476741075515747,
                    -0.9984062910079956
                ],
                [
                    0.0,
                    0.0,
                    0.0,
                    1.0
                ]
            ]
        },
        {
            "file_path": "/data/shapenet_blender/all_50_random/02958343/a387407d49e209fdeea60824a43a0b/r_26",
            "rotation": 0.12566370614359174,
            "transform_matrix": [
                [
                    0.9026942253112793,
                    -0.019345393404364586,
                    0.42984750866889954,
                    1.7327706813812256
                ],
                [
                    0.4302825927734375,
                    0.04058489575982094,
                    -0.901781439781189,
                    -3.635197162628174
                ],
                [
                    0.0,
                    0.9989887475967407,
                    0.044959746301174164,
                    0.18123853206634521
                ],
                [
                    0.0,
                    0.0,
                    0.0,
                    1.0
                ]
            ]
        },
        {
            "file_path": "/data/shapenet_blender/all_50_random/02958343/a387407d49e209fdeea60824a43a0b/r_27",
            "rotation": 0.12566370614359174,
            "transform_matrix": [
                [
                    0.9957984089851379,
                    0.09100450575351715,
                    -0.010191773995757103,
                    -0.041084352880716324
                ],
                [
                    -0.09157343208789825,
                    0.9896116852760315,
                    -0.11082857102155685,
                    -0.4467642307281494
                ],
                [
                    -9.313225746154785e-10,
                    0.11129578948020935,
                    0.9937872886657715,
                    4.006084442138672
                ],
                [
                    0.0,
                    0.0,
                    0.0,
                    1.0
                ]
            ]
        },
        {
            "file_path": "/data/shapenet_blender/all_50_random/02958343/a387407d49e209fdeea60824a43a0b/r_28",
            "rotation": 0.12566370614359174,
            "transform_matrix": [
                [
                    -0.8481204509735107,
                    0.4095170795917511,
                    0.3361361622810364,
                    1.3550083637237549
                ],
                [
                    0.5298036336898804,
                    0.6555632948875427,
                    0.538093626499176,
                    2.1691250801086426
                ],
                [
                    0.0,
                    0.6344543099403381,
                    -0.7729602456092834,
                    -3.1159026622772217
                ],
                [
                    0.0,
                    0.0,
                    0.0,
                    1.0
                ]
            ]
        },
        {
            "file_path": "/data/shapenet_blender/all_50_random/02958343/a387407d49e209fdeea60824a43a0b/r_29",
            "rotation": 0.12566370614359174,
            "transform_matrix": [
                [
                    -0.21853557229042053,
                    -0.5869736075401306,
                    -0.7795538902282715,
                    -3.142482280731201
                ],
                [
                    -0.9758290648460388,
                    0.13145193457603455,
                    0.17458003759384155,
                    0.7037546634674072
                ],
                [
                    -7.450580596923828e-09,
                    0.7988632321357727,
                    -0.6015127301216125,
                    -2.4247753620147705
                ],
                [
                    0.0,
                    0.0,
                    0.0,
                    1.0
                ]
            ]
        },
        {
            "file_path": "/data/shapenet_blender/all_50_random/02958343/a387407d49e209fdeea60824a43a0b/r_30",
            "rotation": 0.12566370614359174,
            "transform_matrix": [
                [
                    0.7552099227905273,
                    -0.5128712058067322,
                    0.4081924259662628,
                    1.6454763412475586
                ],
                [
                    0.6554830074310303,
                    0.5909007787704468,
                    -0.47029587626457214,
                    -1.895823359489441
                ],
                [
                    -1.4901161193847656e-08,
                    0.6227352023124695,
                    0.7824325561523438,
                    3.1540865898132324
                ],
                [
                    0.0,
                    0.0,
                    0.0,
                    1.0
                ]
            ]
        },
        {
            "file_path": "/data/shapenet_blender/all_50_random/02958343/a387407d49e209fdeea60824a43a0b/r_31",
            "rotation": 0.12566370614359174,
            "transform_matrix": [
                [
                    -0.6123093366622925,
                    -0.36989036202430725,
                    -0.6987548470497131,
                    -2.8167710304260254
                ],
                [
                    -0.790618360042572,
                    0.28646859526634216,
                    0.5411639213562012,
                    2.181501865386963
                ],
                [
                    0.0,
                    0.8838081955909729,
                    -0.4678494334220886,
                    -1.8859615325927734
                ],
                [
                    0.0,
                    0.0,
                    0.0,
                    1.0
                ]
            ]
        },
        {
            "file_path": "/data/shapenet_blender/all_50_random/02958343/a387407d49e209fdeea60824a43a0b/r_32",
            "rotation": 0.12566370614359174,
            "transform_matrix": [
                [
                    0.9513263702392578,
                    0.02841329015791416,
                    0.3068729341030121,
                    1.2370444536209106
                ],
                [
                    0.30818554759025574,
                    -0.08770790696144104,
                    -0.9472744464874268,
                    -3.8185856342315674
                ],
                [
                    0.0,
                    0.9957408308982849,
                    -0.09219540655612946,
                    -0.3716515898704529
                ],
                [
                    0.0,
                    0.0,
                    0.0,
                    1.0
                ]
            ]
        },
        {
            "file_path": "/data/shapenet_blender/all_50_random/02958343/a387407d49e209fdeea60824a43a0b/r_33",
            "rotation": 0.12566370614359174,
            "transform_matrix": [
                [
                    -0.998358428478241,
                    -0.01759129762649536,
                    0.05450679734349251,
                    0.21972393989562988
                ],
                [
                    0.05727516859769821,
                    -0.3066323697566986,
                    0.9501031637191772,
                    3.829988479614258
                ],
                [
                    1.862645149230957e-09,
                    0.951665461063385,
                    0.30713650584220886,
                    1.2381069660186768
                ],
                [
                    0.0,
                    0.0,
                    0.0,
                    1.0
                ]
            ]
        },
        {
            "file_path": "/data/shapenet_blender/all_50_random/02958343/a387407d49e209fdeea60824a43a0b/r_34",
            "rotation": 0.12566370614359174,
            "transform_matrix": [
                [
                    -0.41224801540374756,
                    0.6740066409111023,
                    0.6129978895187378,
                    2.471073865890503
                ],
                [
                    0.91107177734375,
                    0.3049791753292084,
                    0.2773735225200653,
                    1.1181285381317139
                ],
                [
                    1.4901162970204496e-08,
                    0.6728317737579346,
                    -0.7397953867912292,
                    -2.982210874557495
                ],
                [
                    0.0,
                    0.0,
                    0.0,
                    1.0
                ]
            ]
        },
        {
            "file_path": "/data/shapenet_blender/all_50_random/02958343/a387407d49e209fdeea60824a43a0b/r_35",
            "rotation": 0.12566370614359174,
            "transform_matrix": [
                [
                    0.6320158243179321,
                    0.25961074233055115,
                    0.7301768064498901,
                    2.943436861038208
                ],
                [
                    0.7749554514884949,
                    -0.2117258608341217,
                    -0.5954965949058533,
                    -2.4005236625671387
                ],
                [
                    0.0,
                    0.9422177076339722,
                    -0.3350008726119995,
                    -1.3504316806793213
                ],
                [
                    0.0,
                    0.0,
                    0.0,
                    1.0
                ]
            ]
        },
        {
            "file_path": "/data/shapenet_blender/all_50_random/02958343/a387407d49e209fdeea60824a43a0b/r_36",
            "rotation": 0.12566370614359174,
            "transform_matrix": [
                [
                    0.01141034159809351,
                    -0.12631236016750336,
                    0.9919248819351196,
                    3.998577117919922
                ],
                [
                    0.9999349117279053,
                    0.0014413610333576798,
                    -0.011318938806653023,
                    -0.045628100633621216
                ],
                [
                    0.0,
                    0.9919894933700562,
                    0.12632057070732117,
                    0.5092145204544067
                ],
                [
                    0.0,
                    0.0,
                    0.0,
                    1.0
                ]
            ]
        },
        {
            "file_path": "/data/shapenet_blender/all_50_random/02958343/a387407d49e209fdeea60824a43a0b/r_37",
            "rotation": 0.12566370614359174,
            "transform_matrix": [
                [
                    -0.9857739806175232,
                    -0.07428998500108719,
                    0.1507674604654312,
                    0.6077630519866943
                ],
                [
                    0.16807687282562256,
                    -0.43571212887763977,
                    0.884253978729248,
                    3.564541816711426
                ],
                [
                    0.0,
                    0.8970149159431458,
                    0.4420001208782196,
                    1.78175950050354
                ],
                [
                    0.0,
                    0.0,
                    0.0,
                    1.0
                ]
            ]
        },
        {
            "file_path": "/data/shapenet_blender/all_50_random/02958343/a387407d49e209fdeea60824a43a0b/r_38",
            "rotation": 0.12566370614359174,
            "transform_matrix": [
                [
                    -0.24765853583812714,
                    -0.41887831687927246,
                    -0.8736167550086975,
                    -3.5216617584228516
                ],
                [
                    -0.968847393989563,
                    0.10707443952560425,
                    0.2233155071735382,
                    0.9002135992050171
                ],
                [
                    0.0,
                    0.9017072916030884,
                    -0.43234705924987793,
                    -1.7428467273712158
                ],
                [
                    0.0,
                    0.0,
                    0.0,
                    1.0
                ]
            ]
        },
        {
            "file_path": "/data/shapenet_blender/all_50_random/02958343/a387407d49e209fdeea60824a43a0b/r_39",
            "rotation": 0.12566370614359174,
            "transform_matrix": [
                [
                    -0.05464460328221321,
                    -0.001511375536210835,
                    0.9985046982765198,
                    4.025101184844971
                ],
                [
                    0.9985058307647705,
                    -8.271210390375927e-05,
                    0.05464453995227814,
                    0.22027918696403503
                ],
                [
                    7.275957180502557e-12,
                    0.999998927116394,
                    0.001513637020252645,
                    0.006101666018366814
                ],
                [
                    0.0,
                    0.0,
                    0.0,
                    1.0
                ]
            ]
        },
        {
            "file_path": "/data/shapenet_blender/all_50_random/02958343/a387407d49e209fdeea60824a43a0b/r_40",
            "rotation": 0.12566370614359174,
            "transform_matrix": [
                [
                    -0.8824240565299988,
                    -0.19077599048614502,
                    0.4300374388694763,
                    1.7335361242294312
                ],
                [
                    0.47045469284057617,
                    -0.3578353524208069,
                    0.806614100933075,
                    3.2515649795532227
                ],
                [
                    -1.4901158529312397e-08,
                    0.914088785648346,
                    0.40551409125328064,
                    1.6346794366836548
                ],
                [
                    0.0,
                    0.0,
                    0.0,
                    1.0
                ]
            ]
        },
        {
            "file_path": "/data/shapenet_blender/all_50_random/02958343/a387407d49e209fdeea60824a43a0b/r_41",
            "rotation": 0.12566370614359174,
            "transform_matrix": [
                [
                    -0.9665554761886597,
                    -0.14580415189266205,
                    0.2109779715538025,
                    0.8504794836044312
                ],
                [
                    0.25645774602890015,
                    -0.5495166778564453,
                    0.7951481938362122,
                    3.2053451538085938
                ],
                [
                    7.450581485102248e-09,
                    0.8226617574691772,
                    0.5685309171676636,
