{
    "class": "02958343",
    "model": "7b57af1bd2d83363ea1216357e7f0768",
    "remove_doubles": true,
    "edge_split": true,
    "denoise": true,
    "camera_angle_x": 0.6911112070083618,
    "scale_factor": 2.2293934910574262,
    "hdri_file": "/data/IndoorHDRDataset2018/AG8A1470-a677080642.exr",
    "center_offset": [
        0.0,
        -1.862645149230957e-09,
        0.0
    ],
    "lights": [],
    "frames": [
        {
            "file_path": "/data/shapenet_blender/all_50_random/02958343/7b57af1bd2d83363ea1216357e7f0768/r_0",
            "rotation": 0.12566370614359174,
            "transform_matrix": [
                [
                    -0.015256213955581188,
                    -0.05436713993549347,
                    0.9984044432640076,
                    4.024697303771973
                ],
                [
                    0.9998836517333984,
                    -0.0008295332663692534,
                    0.015233644284307957,
                    0.061408787965774536
                ],
                [
                    0.0,
                    0.9985206127166748,
                    0.05437347665429115,
                    0.21918651461601257
                ],
                [
                    0.0,
                    0.0,
                    0.0,
                    1.0
                ]
            ]
        },
        {
            "file_path": "/data/shapenet_blender/all_50_random/02958343/7b57af1bd2d83363ea1216357e7f0768/r_1",
            "rotation": 0.12566370614359174,
            "transform_matrix": [
                [
                    0.0038677651900798082,
                    0.5178465843200684,
                    -0.8554647564888,
                    -3.448488712310791
                ],
                [
                    -0.9999925494194031,
                    0.002002923982217908,
                    -0.0033087613992393017,
                    -0.013338044285774231
                ],
                [
                    1.1641532182693481e-10,
                    0.8554711937904358,
                    0.5178504586219788,
                    2.087522029876709
                ],
                [
                    0.0,
                    0.0,
                    0.0,
                    1.0
                ]
            ]
        },
        {
            "file_path": "/data/shapenet_blender/all_50_random/02958343/7b57af1bd2d83363ea1216357e7f0768/r_2",
            "rotation": 0.12566370614359174,
            "transform_matrix": [
                [
                    -0.8534312844276428,
                    -0.1799054592847824,
                    -0.4891718327999115,
                    -1.9719147682189941
                ],
                [
                    -0.5212053656578064,
                    0.29458051919937134,
                    0.80097895860672,
                    3.228849411010742
                ],
                [
                    0.0,
                    0.938539445400238,
                    -0.3451719284057617,
                    -1.391432523727417
                ],
                [
                    0.0,
                    0.0,
                    0.0,
                    1.0
                ]
            ]
        },
        {
            "file_path": "/data/shapenet_blender/all_50_random/02958343/7b57af1bd2d83363ea1216357e7f0768/r_3",
            "rotation": 0.12566370614359174,
            "transform_matrix": [
                [
                    0.15082764625549316,
                    -0.9188182950019836,
                    -0.36472460627555847,
                    -1.4702520370483398
                ],
                [
                    -0.9885600805282593,
                    -0.14018692076206207,
                    -0.05564715340733528,
                    -0.22432085871696472
                ],
                [
                    0.0,
                    0.3689452111721039,
                    -0.929451048374176,
                    -3.746737241744995
                ],
                [
                    0.0,
                    0.0,
                    0.0,
                    1.0
                ]
            ]
        },
        {
            "file_path": "/data/shapenet_blender/all_50_random/02958343/7b57af1bd2d83363ea1216357e7f0768/r_4",
            "rotation": 0.12566370614359174,
            "transform_matrix": [
                [
                    -0.6392176151275635,
                    -0.1539204865694046,
                    0.7534647583961487,
                    3.037313938140869
                ],
                [
                    0.7690258622169495,
                    -0.1279393881559372,
                    0.6262831687927246,
                    2.5246284008026123
                ],
                [
                    7.450580596923828e-09,
                    0.9797652959823608,
                    0.20014990866184235,
                    0.8068301677703857
                ],
                [
                    0.0,
                    0.0,
                    0.0,
                    1.0
                ]
            ]
        },
        {
            "file_path": "/data/shapenet_blender/all_50_random/02958343/7b57af1bd2d83363ea1216357e7f0768/r_5",
            "rotation": 0.12566370614359174,
            "transform_matrix": [
                [
                    -0.22903688251972198,
                    -0.023871179670095444,
                    0.9731249809265137,
                    3.922792434692383
                ],
                [
                    0.9734176993370056,
                    -0.005616685375571251,
                    0.22896800935268402,
                    0.9229996204376221
                ],
                [
                    0.0,
                    0.9996992349624634,
                    0.024523060768842697,
                    0.0988556295633316
                ],
                [
                    0.0,
                    0.0,
                    0.0,
                    1.0
                ]
            ]
        },
        {
            "file_path": "/data/shapenet_blender/all_50_random/02958343/7b57af1bd2d83363ea1216357e7f0768/r_6",
            "rotation": 0.12566370614359174,
            "transform_matrix": [
                [
                    0.6456747651100159,
                    0.5208016633987427,
                    0.5584527850151062,
                    2.251195192337036
                ],
                [
                    0.7636124491691589,
                    -0.4403654634952545,
                    -0.47220146656036377,
                    -1.9035048484802246
                ],
                [
                    0.0,
                    0.7313300967216492,
                    -0.6820235848426819,
                    -2.7493250370025635
                ],
                [
                    0.0,
                    0.0,
                    0.0,
                    1.0
                ]
            ]
        },
        {
            "file_path": "/data/shapenet_blender/all_50_random/02958343/7b57af1bd2d83363ea1216357e7f0768/r_7",
            "rotation": 0.12566370614359174,
            "transform_matrix": [
                [
                    0.24508672952651978,
                    -0.22394700348377228,
                    -0.9432815909385681,
                    -3.802489757537842
                ],
                [
                    -0.9695011377334595,
                    -0.056613072752952576,
                    -0.238458514213562,
                    -0.9612570405006409
                ],
                [
                    0.0,
                    0.9729555249214172,
                    -0.23099201917648315,
                    -0.9311586022377014
                ],
                [
                    0.0,
                    0.0,
                    0.0,
                    1.0
                ]
            ]
        },
        {
            "file_path": "/data/shapenet_blender/all_50_random/02958343/7b57af1bd2d83363ea1216357e7f0768/r_8",
            "rotation": 0.12566370614359174,
            "transform_matrix": [
                [
                    -0.9975519180297852,
                    0.010112474672496319,
                    -0.06919395923614502,
                    -0.27892976999282837
                ],
                [
                    -0.06992900371551514,
                    -0.1442565619945526,
                    0.9870663285255432,
                    3.9789915084838867
                ],
                [
                    0.0,
                    0.9894885420799255,
                    0.14461056888103485,
                    0.582943856716156
                ],
                [
                    0.0,
                    0.0,
                    0.0,
                    1.0
                ]
            ]
        },
        {
            "file_path": "/data/shapenet_blender/all_50_random/02958343/7b57af1bd2d83363ea1216357e7f0768/r_9",
            "rotation": 0.12566370614359174,
            "transform_matrix": [
                [
                    -0.9923076629638672,
                    -0.015242070890963078,
                    -0.12285414338111877,
                    -0.4952409267425537
                ],
                [
                    -0.12379604578018188,
                    0.12217532843351364,
                    0.9847576022148132,
                    3.9696850776672363
                ],
                [
                    0.0,
                    0.9923914670944214,
                    -0.12312241643667221,
                    -0.496322363615036
                ],
                [
                    0.0,
                    0.0,
                    0.0,
                    1.0
                ]
            ]
        },
        {
            "file_path": "/data/shapenet_blender/all_50_random/02958343/7b57af1bd2d83363ea1216357e7f0768/r_10",
            "rotation": 0.12566370614359174,
            "transform_matrix": [
                [
                    -0.22134287655353546,
                    0.10062188655138016,
                    -0.9699909687042236,
                    -3.91015887260437
                ],
                [
                    -0.975196123123169,
                    -0.022838417440652847,
                    0.22016143798828125,
                    0.887499213218689
                ],
                [
                    0.0,
                    0.9946625232696533,
                    0.10318120568990707,
                    0.41593676805496216
                ],
                [
                    0.0,
                    0.0,
                    0.0,
                    1.0
                ]
            ]
        },
        {
            "file_path": "/data/shapenet_blender/all_50_random/02958343/7b57af1bd2d83363ea1216357e7f0768/r_11",
            "rotation": 0.12566370614359174,
            "transform_matrix": [
                [
                    -0.813514232635498,
                    -0.060347046703100204,
                    0.5784055590629578,
                    2.331627368927002
                ],
                [
                    0.5815451741218567,
                    -0.08441850543022156,
                    0.8091222047805786,
                    3.2616758346557617
                ],
                [
                    -3.725290742551124e-09,
                    0.9946012496948242,
                    0.1037701889872551,
                    0.4183109998703003
                ],
                [
                    0.0,
                    0.0,
                    0.0,
                    1.0
                ]
            ]
        },
        {
            "file_path": "/data/shapenet_blender/all_50_random/02958343/7b57af1bd2d83363ea1216357e7f0768/r_12",
            "rotation": 0.12566370614359174,
            "transform_matrix": [
                [
                    -0.9951626062393188,
                    -0.011177554726600647,
                    0.09760281443595886,
                    0.3934495151042938
                ],
                [
                    0.09824074804782867,
                    -0.11322678625583649,
                    0.9887003898620605,
                    3.985578775405884
                ],
                [
                    0.0,
                    0.9935061931610107,
                    0.11377716809511185,
                    0.4586504399776459
                ],
                [
                    0.0,
                    0.0,
                    0.0,
                    1.0
                ]
            ]
        },
        {
            "file_path": "/data/shapenet_blender/all_50_random/02958343/7b57af1bd2d83363ea1216357e7f0768/r_13",
            "rotation": 0.12566370614359174,
            "transform_matrix": [
                [
                    0.2541709244251251,
                    0.017381960526108742,
                    -0.9670031070709229,
                    -3.898113965988159
                ],
                [
                    -0.9671593308448792,
                    0.004568004980683327,
                    -0.2541298270225525,
                    -1.0244301557540894
                ],
                [
                    0.0,
                    0.9998384118080139,
                    0.017972180619835854,
                    0.07244817912578583
                ],
                [
                    0.0,
                    0.0,
                    0.0,
                    1.0
                ]
            ]
        },
        {
            "file_path": "/data/shapenet_blender/all_50_random/02958343/7b57af1bd2d83363ea1216357e7f0768/r_14",
            "rotation": 0.12566370614359174,
            "transform_matrix": [
                [
                    0.8801772594451904,
                    -0.3420402705669403,
                    -0.3290843069553375,
                    -1.3265812397003174
                ],
                [
                    -0.47464513778686523,
                    -0.6342760920524597,
                    -0.6102506518363953,
                    -2.4599990844726562
                ],
                [
                    -1.4901161193847656e-08,
                    0.693327009677887,
                    -0.7206230759620667,
                    -2.9049246311187744
                ],
                [
                    0.0,
                    0.0,
                    0.0,
                    1.0
                ]
            ]
        },
        {
            "file_path": "/data/shapenet_blender/all_50_random/02958343/7b57af1bd2d83363ea1216357e7f0768/r_15",
            "rotation": 0.12566370614359174,
            "transform_matrix": [
                [
                    -0.7894552946090698,
                    -0.18646033108234406,
                    -0.5848016738891602,
                    -2.3574109077453613
                ],
                [
                    -0.6138082146644592,
                    0.23981770873069763,
                    0.7521482110023499,
                    3.0320065021514893
                ],
                [
                    0.0,
                    0.9527433514595032,
                    -0.30377623438835144,
                    -1.2245612144470215
                ],
                [
                    0.0,
                    0.0,
                    0.0,
                    1.0
                ]
            ]
        },
        {
            "file_path": "/data/shapenet_blender/all_50_random/02958343/7b57af1bd2d83363ea1216357e7f0768/r_16",
            "rotation": 0.12566370614359174,
            "transform_matrix": [
                [
                    0.20820830762386322,
                    0.9589629173278809,
                    -0.1924559623003006,
                    -0.7758147716522217
                ],
                [
                    -0.9780845642089844,
                    0.20413781702518463,
                    -0.04096877574920654,
                    -0.16515041887760162
                ],
                [
                    3.725290742551124e-09,
                    0.19676826894283295,
                    0.9804500341415405,
                    3.9523205757141113
                ],
                [
                    0.0,
                    0.0,
                    0.0,
                    1.0
                ]
            ]
        },
        {
            "file_path": "/data/shapenet_blender/all_50_random/02958343/7b57af1bd2d83363ea1216357e7f0768/r_17",
            "rotation": 0.12566370614359174,
            "transform_matrix": [
                [
                    -0.7125190496444702,
                    -0.4220762848854065,
                    -0.5605069994926453,
                    -2.2594761848449707
                ],
                [
                    -0.7016527056694031,
                    0.4286128878593445,
                    0.5691874623298645,
                    2.294468402862549
                ],
                [
                    -1.4901161193847656e-08,
                    0.798838198184967,
                    -0.6015457510948181,
                    -2.4249086380004883
                ],
                [
                    0.0,
                    0.0,
                    0.0,
                    1.0
                ]
            ]
        },
        {
            "file_path": "/data/shapenet_blender/all_50_random/02958343/7b57af1bd2d83363ea1216357e7f0768/r_18",
            "rotation": 0.12566370614359174,
            "transform_matrix": [
                [
                    -0.40082645416259766,
                    -0.030386630445718765,
                    0.915649950504303,
                    3.6911027431488037
                ],
                [
                    0.9161539673805237,
                    -0.013294452801346779,
                    0.4006059467792511,
                    1.614894151687622
                ],
                [
                    0.0,
                    0.9994497895240784,
                    0.033167604357004166,
                    0.13370288908481598
                ],
                [
                    0.0,
                    0.0,
                    0.0,
                    1.0
                ]
            ]
        },
        {
            "file_path": "/data/shapenet_blender/all_50_random/02958343/7b57af1bd2d83363ea1216357e7f0768/r_19",
            "rotation": 0.12566370614359174,
            "transform_matrix": [
                [
                    0.7927647829055786,
                    0.006957725156098604,
                    -0.6094880104064941,
                    -2.4569244384765625
                ],
                [
                    -0.6095276474952698,
                    0.009049367159605026,
                    -0.7927132248878479,
                    -3.195528745651245
                ],
                [
                    0.0,
                    0.9999348521232605,
                    0.011414947919547558,
                    0.046015121042728424
                ],
                [
                    0.0,
                    0.0,
                    0.0,
                    1.0
                ]
            ]
        },
        {
            "file_path": "/data/shapenet_blender/all_50_random/02958343/7b57af1bd2d83363ea1216357e7f0768/r_20",
            "rotation": 0.12566370614359174,
            "transform_matrix": [
                [
                    -0.1895284801721573,
                    0.2749638557434082,
                    -0.9425889253616333,
                    -3.7996973991394043
                ],
                [
                    -0.9818753004074097,
                    -0.05307546257972717,
                    0.18194514513015747,
                    0.733444333076477
                ],
                [
                    -3.725290298461914e-09,
                    0.959988534450531,
                    0.2800394892692566,
                    1.1288752555847168
                ],
                [
                    0.0,
                    0.0,
                    0.0,
                    1.0
                ]
            ]
        },
        {
            "file_path": "/data/shapenet_blender/all_50_random/02958343/7b57af1bd2d83363ea1216357e7f0768/r_21",
            "rotation": 0.12566370614359174,
            "transform_matrix": [
                [
                    -0.9707368612289429,
                    -0.008383833803236485,
                    0.23999939858913422,
                    0.9674683809280396
                ],
                [
                    0.24014577269554138,
                    -0.03388981521129608,
                    0.9701451659202576,
                    3.9107797145843506
                ],
                [
                    -9.313224635931761e-10,
                    0.9993904829025269,
                    0.03491143882274628,
                    0.14073249697685242
                ],
                [
                    0.0,
                    0.0,
                    0.0,
                    1.0
                ]
            ]
        },
        {
            "file_path": "/data/shapenet_blender/all_50_random/02958343/7b57af1bd2d83363ea1216357e7f0768/r_22",
            "rotation": 0.12566370614359174,
            "transform_matrix": [
                [
                    0.9992002844810486,
                    0.0196380652487278,
                    -0.034829895943403244,
                    -0.14040380716323853
                ],
                [
                    -0.03998468816280365,
                    0.4907468855381012,
                    -0.8703842163085938,
                    -3.5086309909820557
                ],
                [
                    1.862645149230957e-09,
                    0.8710808157920837,
                    0.49113965034484863,
                    1.9798473119735718
                ],
                [
                    0.0,
                    0.0,
                    0.0,
                    1.0
                ]
            ]
        },
        {
            "file_path": "/data/shapenet_blender/all_50_random/02958343/7b57af1bd2d83363ea1216357e7f0768/r_23",
            "rotation": 0.12566370614359174,
            "transform_matrix": [
                [
                    -0.5552337765693665,
                    0.425152450799942,
                    0.7148151993751526,
                    2.88151216506958
                ],
                [
                    0.8316942453384399,
                    0.28382906317710876,
                    0.4772060513496399,
                    1.9236791133880615
                ],
                [
                    -1.4901160305669237e-08,
                    0.8594686388969421,
                    -0.5111883878707886,
                    -2.06066632270813
                ],
                [
                    0.0,
                    0.0,
                    0.0,
                    1.0
                ]
            ]
        },
        {
            "file_path": "/data/shapenet_blender/all_50_random/02958343/7b57af1bd2d83363ea1216357e7f0768/r_24",
            "rotation": 0.12566370614359174,
            "transform_matrix": [
                [
                    0.9986305832862854,
                    -0.04323621466755867,
                    -0.029453782364726067,
                    -0.11873200535774231
                ],
                [
                    -0.05231534317135811,
                    -0.8253219723701477,
                    -0.5622336268424988,
                    -2.2664365768432617
                ],
                [
                    1.8626450382086546e-09,
                    0.563004732131958,
                    -0.8264536261558533,
                    -3.3315412998199463
                ],
                [
                    0.0,
                    0.0,
                    0.0,
                    1.0
                ]
            ]
        },
        {
            "file_path": "/data/shapenet_blender/all_50_random/02958343/7b57af1bd2d83363ea1216357e7f0768/r_25",
            "rotation": 0.12566370614359174,
            "transform_matrix": [
                [
                    -0.8600306510925293,
                    0.33531779050827026,
                    -0.38458970189094543,
                    -1.550330638885498
                ],
                [
                    -0.5102422833442688,
                    -0.5651894211769104,
                    0.6482388973236084,
                    2.6131346225738525
                ],
                [
                    0.0,
                    0.7537392377853394,
                    0.6571735739707947,
                    2.64915132522583
                ],
                [
                    0.0,
                    0.0,
                    0.0,
                    1.0
                ]
            ]
        },
        {
            "file_path": "/data/shapenet_blender/all_50_random/02958343/7b57af1bd2d83363ea1216357e7f0768/r_26",
            "rotation": 0.12566370614359174,
            "transform_matrix": [
                [
                    0.99943608045578,
                    0.03351523354649544,
                    0.0020974401850253344,
                    0.008455052971839905
                ],
                [
                    0.033580802381038666,
                    -0.9974846243858337,
                    -0.062424276024103165,
                    -0.25164031982421875
                ],
                [
                    2.3283064365386963e-10,
                    0.062460362911224365,
                    -0.9980474710464478,
                    -4.023258209228516
                ],
                [
                    0.0,
                    0.0,
                    0.0,
                    1.0
                ]
            ]
        },
        {
            "file_path": "/data/shapenet_blender/all_50_random/02958343/7b57af1bd2d83363ea1216357e7f0768/r_27",
            "rotation": 0.12566370614359174,
            "transform_matrix": [
                [
                    0.2137419432401657,
                    0.95976722240448,
                    -0.1821020245552063,
                    -0.734076738357544
                ],
                [
                    -0.9768901467323303,
                    0.20999546349048615,
                    -0.039843618869781494,
                    -0.1606147587299347
                ],
                [
                    0.0,
                    0.18640998005867004,
                    0.9824720621109009,
                    3.9604716300964355
                ],
                [
                    0.0,
                    0.0,
                    0.0,
                    1.0
                ]
            ]
        },
        {
            "file_path": "/data/shapenet_blender/all_50_random/02958343/7b57af1bd2d83363ea1216357e7f0768/r_28",
            "rotation": 0.12566370614359174,
            "transform_matrix": [
                [
                    0.47588786482810974,
                    0.0541592501103878,
                    -0.8778367638587952,
                    -3.5386734008789062
                ],
                [
                    -0.87950599193573,
                    0.029304783791303635,
                    -0.47498467564582825,
                    -1.914724588394165
                ],
                [
                    3.725290298461914e-09,
                    0.9981021285057068,
                    0.06157917529344559,
                    0.2482336163520813
                ],
                [
                    0.0,
                    0.0,
                    0.0,
                    1.0
                ]
            ]
        },
        {
            "file_path": "/data/shapenet_blender/all_50_random/02958343/7b57af1bd2d83363ea1216357e7f0768/r_29",
            "rotation": 0.12566370614359174,
            "transform_matrix": [
                [
                    0.20183657109737396,
                    0.15390904247760773,
                    0.9672507047653198,
                    3.8991124629974365
                ],
                [
                    0.9794192910194397,
                    -0.03171723708510399,
                    -0.19932888448238373,
                    -0.8035205006599426
                ],
                [
                    1.862645371275562e-09,
                    0.9875757098197937,
                    -0.15714319050312042,
                    -0.633464515209198
                ],
                [
                    0.0,
                    0.0,
                    0.0,
                    1.0
                ]
            ]
        },
        {
            "file_path": "/data/shapenet_blender/all_50_random/02958343/7b57af1bd2d83363ea1216357e7f0768/r_30",
            "rotation": 0.12566370614359174,
            "transform_matrix": [
                [
                    0.23364023864269257,
                    -0.07587137818336487,
                    0.9693583846092224,
                    3.9076087474823
                ],
                [
                    0.9723231196403503,
                    0.018231188878417015,
                    -0.2329278439283371,
                    -0.9389621615409851
                ],
                [
                    0.0,
                    0.9969509243965149,
                    0.0780310332775116,
                    0.3145531415939331
                ],
                [
                    0.0,
                    0.0,
                    0.0,
                    1.0
                ]
            ]
        },
        {
            "file_path": "/data/shapenet_blender/all_50_random/02958343/7b57af1bd2d83363ea1216357e7f0768/r_31",
            "rotation": 0.12566370614359174,
            "transform_matrix": [
                [
                    0.3117322623729706,
                    -0.35568639636039734,
                    0.8810845613479614,
                    3.5517656803131104
                ],
                [
                    0.9501699805259705,
                    0.11669378727674484,
                    -0.2890666723251343,
                    -1.1652652025222778
                ],
                [
                    -7.450580596923828e-09,
                    0.9272915720939636,
                    0.374339759349823,
                    1.50901198387146
                ],
                [
                    0.0,
                    0.0,
                    0.0,
                    1.0
                ]
            ]
        },
        {
            "file_path": "/data/shapenet_blender/all_50_random/02958343/7b57af1bd2d83363ea1216357e7f0768/r_32",
            "rotation": 0.12566370614359174,
            "transform_matrix": [
                [
                    0.9513139128684998,
                    0.005964566022157669,
                    -0.30816614627838135,
                    -1.2422575950622559
                ],
                [
                    -0.3082238733768463,
                    0.018409263342618942,
                    -0.9511356949806213,
                    -3.834150791168213
                ],
                [
                    4.656612873077393e-10,
                    0.999812662601471,
                    0.019351409748196602,
                    0.07800803333520889
                ],
                [
                    0.0,
                    0.0,
                    0.0,
                    1.0
                ]
            ]
        },
        {
            "file_path": "/data/shapenet_blender/all_50_random/02958343/7b57af1bd2d83363ea1216357e7f0768/r_33",
            "rotation": 0.12566370614359174,
            "transform_matrix": [
                [
                    0.640542209148407,
                    0.7079885005950928,
                    0.29741865396499634,
                    1.1989328861236572
                ],
                [
                    0.7679229974746704,
                    -0.5905495285987854,
                    -0.24808375537395477,
                    -1.000057578086853
                ],
                [
                    0.0,
                    0.38730260729789734,
                    -0.9219525456428528,
                    -3.7165095806121826
                ],
                [
                    0.0,
                    0.0,
                    0.0,
                    1.0
                ]
            ]
        },
        {
            "file_path": "/data/shapenet_blender/all_50_random/02958343/7b57af1bd2d83363ea1216357e7f0768/r_34",
            "rotation": 0.12566370614359174,
            "transform_matrix": [
                [
                    -0.4254220724105835,
                    -0.07785197347402573,
                    0.9016401767730713,
                    3.6346280574798584
                ],
                [
                    0.9049952030181885,
                    -0.03659681975841522,
                    0.42384493350982666,
                    1.7085736989974976
                ],
                [
                    -3.725291186640334e-09,
                    0.9962929487228394,
                    0.08602473884820938,
                    0.3467768430709839
                ],
                [
                    0.0,
                    0.0,
                    0.0,
                    1.0
                ]
            ]
        },
        {
            "file_path": "/data/shapenet_blender/all_50_random/02958343/7b57af1bd2d83363ea1216357e7f0768/r_35",
            "rotation": 0.12566370614359174,
            "transform_matrix": [
                [
                    0.0018761919345706701,
                    0.18412566184997559,
                    0.9829009771347046,
                    3.962200164794922
                ],
                [
                    0.9999982118606567,
                    -0.0003454557154327631,
                    -0.0018441142747178674,
                    -0.007433861494064331
                ],
                [
                    0.0,
                    0.9829025864601135,
                    -0.18412600457668304,
                    -0.7422356009483337
                ],
                [
                    0.0,
                    0.0,
                    0.0,
                    1.0
                ]
            ]
        },
        {
            "file_path": "/data/shapenet_blender/all_50_random/02958343/7b57af1bd2d83363ea1216357e7f0768/r_36",
            "rotation": 0.12566370614359174,
            "transform_matrix": [
                [
                    -0.958732008934021,
                    0.14162658154964447,
                    0.24652552604675293,
                    0.9937762022018433
                ],
                [
                    0.28431132435798645,
                    0.4775818884372711,
                    0.8313137888908386,
                    3.351133108139038
                ],
                [
                    7.450580596923828e-09,
                    0.8670971393585205,
                    -0.49813908338546753,
                    -2.0080628395080566
                ],
                [
                    0.0,
                    0.0,
                    0.0,
                    1.0
                ]
            ]
        },
        {
            "file_path": "/data/shapenet_blender/all_50_random/02958343/7b57af1bd2d83363ea1216357e7f0768/r_37",
            "rotation": 0.12566370614359174,
            "transform_matrix": [
                [
                    -0.9663716554641724,
                    0.08400474488735199,
                    -0.2430412322282791,
                    -0.9797305464744568
                ],
                [
                    -0.25714942812919617,
                    -0.31569117307662964,
                    0.9133527874946594,
                    3.681842803955078
                ],
                [
                    -7.450580596923828e-09,
                    0.9451360702514648,
                    0.32667675614356995,
                    1.3168761730194092
                ],
                [
                    0.0,
                    0.0,
                    0.0,
                    1.0
                ]
            ]
        },
        {
            "file_path": "/data/shapenet_blender/all_50_random/02958343/7b57af1bd2d83363ea1216357e7f0768/r_38",
            "rotation": 0.12566370614359174,
            "transform_matrix": [
                [
                    0.3107354938983917,
                    -0.7799370884895325,
                    -0.5432693362236023,
                    -2.189988851547241
                ],
                [
                    -0.9504964351654053,
                    -0.254976361989975,
                    -0.17760516703128815,
                    -0.7159493565559387
                ],
                [
                    1.4901161193847656e-08,
                    0.5715636610984802,
                    -0.8205576539039612,
                    -3.3077735900878906
                ],
                [
                    0.0,
                    0.0,
                    0.0,
                    1.0
                ]
            ]
        },
        {
            "file_path": "/data/shapenet_blender/all_50_random/02958343/7b57af1bd2d83363ea1216357e7f0768/r_39",
            "rotation": 0.12566370614359174,
            "transform_matrix": [
                [
                    -0.7938567399978638,
                    0.2614596486091614,
                    0.5490267276763916,
                    2.2131974697113037
                ],
                [
                    0.6081048250198364,
                    0.34132516384124756,
                    0.7167325615882874,
                    2.8892414569854736
                ],
                [
                    0.0,
                    0.9028486609458923,
                    -0.42995819449424744,
                    -1.7332168817520142
                ],
                [
                    0.0,
                    0.0,
                    0.0,
                    1.0
                ]
            ]
        },
        {
            "file_path": "/data/shapenet_blender/all_50_random/02958343/7b57af1bd2d83363ea1216357e7f0768/r_40",
            "rotation": 0.12566370614359174,
            "transform_matrix": [
                [
                    -0.7059443593025208,
                    0.38503605127334595,
                    0.5944660305976868,
                    2.396369218826294
                ],
                [
                    0.7082673907279968,
                    0.38377320766448975,
                    0.592516303062439,
                    2.388509511947632
                ],
                [
                    0.0,
                    0.8393243551254272,
                    -0.5436308979988098,
                    -2.191446304321289
                ],
                [
                    0.0,
                    0.0,
                    0.0,
                    1.0
                ]
            ]
        },
        {
            "file_path": "/data/shapenet_blender/all_50_random/02958343/7b57af1bd2d83363ea1216357e7f0768/r_41",
            "rotation": 0.12566370614359174,
            "transform_matrix": [
                [
                    0.644583523273468,
                    -0.6599516272544861,
                    -0.3859739601612091,
                    -1.5559108257293701
                ],
                [
                    -0.7645339369773865,
                    -0.556409478187561,
                    -0.325417160987854,
                    -1.3117985725402832
