{
    "class": "02958343",
    "model": "996354bbe7baa2b2f24437126510c3c7",
    "remove_doubles": true,
    "edge_split": true,
    "denoise": true,
    "camera_angle_x": 0.6911112070083618,
    "scale_factor": 2.254994876360614,
    "hdri_file": "/data/IndoorHDRDataset2018/9C4A0694-b2fadef894.exr",
    "center_offset": [
        0.0,
        -2.3283064365386963e-09,
        -3.725290298461914e-09
    ],
    "lights": [],
    "frames": [
        {
            "file_path": "/data/shapenet_blender/all_50_random/02958343/996354bbe7baa2b2f24437126510c3c7/r_0",
            "rotation": 0.12566370614359174,
            "transform_matrix": [
                [
                    -0.5923947691917419,
                    -0.11500947177410126,
                    -0.7973966002464294,
                    -3.2144083976745605
                ],
                [
                    -0.8056477904319763,
                    0.08456673473119736,
                    0.5863276124000549,
                    2.3635621070861816
                ],
                [
                    -7.4505797087454084e-09,
                    0.9897582530975342,
                    -0.14275401830673218,
                    -0.5754598379135132
                ],
                [
                    0.0,
                    0.0,
                    0.0,
                    1.0
                ]
            ]
        },
        {
            "file_path": "/data/shapenet_blender/all_50_random/02958343/996354bbe7baa2b2f24437126510c3c7/r_1",
            "rotation": 0.12566370614359174,
            "transform_matrix": [
                [
                    -0.9827221632003784,
                    -0.05697381868958473,
                    -0.17609985172748566,
                    -0.7098811864852905
                ],
                [
                    -0.1850869357585907,
                    0.30250340700149536,
                    0.9350050687789917,
                    3.7691259384155273
                ],
                [
                    -3.725290298461914e-09,
                    0.9514440298080444,
                    -0.3078218996524811,
                    -1.2408697605133057
                ],
                [
                    0.0,
                    0.0,
                    0.0,
                    1.0
                ]
            ]
        },
        {
            "file_path": "/data/shapenet_blender/all_50_random/02958343/996354bbe7baa2b2f24437126510c3c7/r_2",
            "rotation": 0.12566370614359174,
            "transform_matrix": [
                [
                    0.3706657886505127,
                    0.4340575933456421,
                    0.8210973143577576,
                    3.3099493980407715
                ],
                [
                    0.9287663102149963,
                    -0.1732301265001297,
                    -0.32769566774368286,
                    -1.320983648300171
                ],
                [
                    -1.4901160305669237e-08,
                    0.8840731978416443,
                    -0.46734848618507385,
                    -1.8839421272277832
                ],
                [
                    0.0,
                    0.0,
                    0.0,
                    1.0
                ]
            ]
        },
        {
            "file_path": "/data/shapenet_blender/all_50_random/02958343/996354bbe7baa2b2f24437126510c3c7/r_3",
            "rotation": 0.12566370614359174,
            "transform_matrix": [
                [
                    -0.4488871097564697,
                    -0.3492235243320465,
                    -0.8225225210189819,
                    -3.3156943321228027
                ],
                [
                    -0.8935884833335876,
                    0.17542967200279236,
                    0.4131876528263092,
                    1.6656126976013184
                ],
                [
                    1.4901162970204496e-08,
                    0.9204711318016052,
                    -0.3908102810382843,
                    -1.5754066705703735
                ],
                [
                    0.0,
                    0.0,
                    0.0,
                    1.0
                ]
            ]
        },
        {
            "file_path": "/data/shapenet_blender/all_50_random/02958343/996354bbe7baa2b2f24437126510c3c7/r_4",
            "rotation": 0.12566370614359174,
            "transform_matrix": [
                [
                    -0.32573291659355164,
                    0.013873109593987465,
                    0.9453600645065308,
                    3.810868263244629
                ],
                [
                    0.9454618692398071,
                    0.004779599141329527,
                    0.3256978392601013,
                    1.3129299879074097
                ],
                [
                    -4.656612873077393e-10,
                    0.9998923540115356,
                    -0.014673370867967606,
                    -0.059150248765945435
                ],
                [
                    0.0,
                    0.0,
                    0.0,
                    1.0
                ]
            ]
        },
        {
            "file_path": "/data/shapenet_blender/all_50_random/02958343/996354bbe7baa2b2f24437126510c3c7/r_5",
            "rotation": 0.12566370614359174,
            "transform_matrix": [
                [
                    -0.9047967791557312,
                    0.1526922881603241,
                    0.3975273072719574,
                    1.602483868598938
                ],
                [
                    0.4258437752723694,
                    0.32442763447761536,
                    0.8446323275566101,
                    3.4048218727111816
                ],
                [
                    0.0,
                    0.9335050582885742,
                    -0.3585641086101532,
                    -1.445418119430542
                ],
                [
                    0.0,
                    0.0,
                    0.0,
                    1.0
                ]
            ]
        },
        {
            "file_path": "/data/shapenet_blender/all_50_random/02958343/996354bbe7baa2b2f24437126510c3c7/r_6",
            "rotation": 0.12566370614359174,
            "transform_matrix": [
                [
                    -0.10985644906759262,
                    0.09932681173086166,
                    -0.9889721274375916,
                    -3.9866738319396973
                ],
                [
                    -0.993947446346283,
                    -0.010978136211633682,
                    0.10930655151605606,
                    0.4406287670135498
                ],
                [
                    0.0,
                    0.9949942827224731,
                    0.09993165731430054,
                    0.4028373658657074
                ],
                [
                    0.0,
                    0.0,
                    0.0,
                    1.0
                ]
            ]
        },
        {
            "file_path": "/data/shapenet_blender/all_50_random/02958343/996354bbe7baa2b2f24437126510c3c7/r_7",
            "rotation": 0.12566370614359174,
            "transform_matrix": [
                [
                    0.10797252506017685,
                    -0.22773243486881256,
                    0.9677188396453857,
                    3.9009995460510254
                ],
                [
                    0.9941539168357849,
                    0.024733440950512886,
                    -0.10510148108005524,
                    -0.4236776530742645
                ],
                [
                    0.0,
                    0.9734095931053162,
                    0.22907160222530365,
                    0.9234172105789185
                ],
                [
                    0.0,
                    0.0,
                    0.0,
                    1.0
                ]
            ]
        },
        {
            "file_path": "/data/shapenet_blender/all_50_random/02958343/996354bbe7baa2b2f24437126510c3c7/r_8",
            "rotation": 0.12566370614359174,
            "transform_matrix": [
                [
                    -0.9992293119430542,
                    0.0035990329924970865,
                    -0.03908754512667656,
                    -0.15756693482398987
                ],
                [
                    -0.03925288841128349,
                    -0.09161768853664398,
                    0.9950202703475952,
                    4.011054992675781
                ],
                [
                    2.3283067140944524e-10,
                    0.9957876205444336,
                    0.0916883647441864,
                    0.3696076273918152
                ],
                [
                    0.0,
                    0.0,
                    0.0,
                    1.0
                ]
            ]
        },
        {
            "file_path": "/data/shapenet_blender/all_50_random/02958343/996354bbe7baa2b2f24437126510c3c7/r_9",
            "rotation": 0.12566370614359174,
            "transform_matrix": [
                [
                    -0.9984717965126038,
                    -0.006227412726730108,
                    -0.05491175130009651,
                    -0.2213563323020935
                ],
                [
                    -0.055263739079236984,
                    0.11251312494277954,
                    0.9921122789382935,
                    3.9993321895599365
                ],
                [
                    0.0,
                    0.9936306476593018,
                    -0.11268533766269684,
                    -0.4542491137981415
                ],
                [
                    0.0,
                    0.0,
                    0.0,
                    1.0
                ]
            ]
        },
        {
            "file_path": "/data/shapenet_blender/all_50_random/02958343/996354bbe7baa2b2f24437126510c3c7/r_10",
            "rotation": 0.12566370614359174,
            "transform_matrix": [
                [
                    0.7603430151939392,
                    -0.21573024988174438,
                    -0.6126489639282227,
                    -2.4696671962738037
                ],
                [
                    -0.6495215892791748,
                    -0.25253814458847046,
                    -0.7171791791915894,
                    -2.8910419940948486
                ],
                [
                    0.0,
                    0.9432310461997986,
                    -0.3321371078491211,
                    -1.3388875722885132
                ],
                [
                    0.0,
                    0.0,
                    0.0,
                    1.0
                ]
            ]
        },
        {
            "file_path": "/data/shapenet_blender/all_50_random/02958343/996354bbe7baa2b2f24437126510c3c7/r_11",
            "rotation": 0.12566370614359174,
            "transform_matrix": [
                [
                    -0.34544792771339417,
                    0.1961546391248703,
                    0.9177085757255554,
                    3.699401617050171
                ],
                [
                    0.9384379386901855,
                    0.07220638543367386,
                    0.3378172516822815,
                    1.3617849349975586
                ],
                [
                    0.0,
                    0.9779108762741089,
                    -0.20902246236801147,
                    -0.8425964713096619
                ],
                [
                    0.0,
                    0.0,
                    0.0,
                    1.0
                ]
            ]
        },
        {
            "file_path": "/data/shapenet_blender/all_50_random/02958343/996354bbe7baa2b2f24437126510c3c7/r_12",
            "rotation": 0.12566370614359174,
            "transform_matrix": [
                [
                    -0.20741711556911469,
                    -0.5881299376487732,
                    0.7817168831825256,
                    3.1512014865875244
                ],
                [
                    0.9782525897026062,
                    -0.12470012158155441,
                    0.16574600338935852,
                    0.6681435108184814
                ],
                [
                    7.450580596923828e-09,
                    0.799095094203949,
                    0.6012046337127686,
                    2.4235334396362305
                ],
                [
                    0.0,
                    0.0,
                    0.0,
                    1.0
                ]
            ]
        },
        {
            "file_path": "/data/shapenet_blender/all_50_random/02958343/996354bbe7baa2b2f24437126510c3c7/r_13",
            "rotation": 0.12566370614359174,
            "transform_matrix": [
                [
                    -0.6430052518844604,
                    0.36587026715278625,
                    0.6728173494338989,
                    2.7122135162353516
                ],
                [
                    0.7658618092536926,
                    0.307178795337677,
                    0.5648866295814514,
                    2.2771308422088623
                ],
                [
                    0.0,
                    0.8785101771354675,
                    -0.4777236580848694,
                    -1.9257656335830688
                ],
                [
                    0.0,
                    0.0,
                    0.0,
                    1.0
                ]
            ]
        },
        {
            "file_path": "/data/shapenet_blender/all_50_random/02958343/996354bbe7baa2b2f24437126510c3c7/r_14",
            "rotation": 0.12566370614359174,
            "transform_matrix": [
                [
                    -0.9805759191513062,
                    -0.08541867882013321,
                    0.17656351625919342,
                    0.7117503881454468
                ],
                [
                    0.1961403638124466,
                    -0.4270385801792145,
                    0.8827042579650879,
                    3.5582950115203857
                ],
                [
                    0.0,
                    0.9001898169517517,
                    0.4354977011680603,
                    1.7555475234985352
                ],
                [
                    0.0,
                    0.0,
                    0.0,
                    1.0
                ]
            ]
        },
        {
            "file_path": "/data/shapenet_blender/all_50_random/02958343/996354bbe7baa2b2f24437126510c3c7/r_15",
            "rotation": 0.12566370614359174,
            "transform_matrix": [
                [
                    0.7144790887832642,
                    -0.2783914804458618,
                    -0.6418861746788025,
                    -2.5875258445739746
                ],
                [
                    -0.6996567845344543,
                    -0.2842892110347748,
                    -0.6554845571517944,
                    -2.6423428058624268
                ],
                [
                    0.0,
                    0.9174299836158752,
                    -0.3978971838951111,
                    -1.6039748191833496
                ],
                [
                    0.0,
                    0.0,
                    0.0,
                    1.0
                ]
            ]
        },
        {
            "file_path": "/data/shapenet_blender/all_50_random/02958343/996354bbe7baa2b2f24437126510c3c7/r_16",
            "rotation": 0.12566370614359174,
            "transform_matrix": [
                [
                    -0.9933923482894897,
                    0.0840497687458992,
                    0.07814915478229523,
                    0.3150293529033661
                ],
                [
                    0.11476783454418182,
                    0.7275069355964661,
                    0.6764332056045532,
                    2.726789712905884
                ],
                [
                    0.0,
                    0.6809326410293579,
                    -0.7323459982872009,
                    -2.952181339263916
                ],
                [
                    0.0,
                    0.0,
                    0.0,
                    1.0
                ]
            ]
        },
        {
            "file_path": "/data/shapenet_blender/all_50_random/02958343/996354bbe7baa2b2f24437126510c3c7/r_17",
            "rotation": 0.12566370614359174,
            "transform_matrix": [
                [
                    0.20604994893074036,
                    -0.4361219108104706,
                    0.875980019569397,
                    3.531188488006592
                ],
                [
                    0.9785414934158325,
                    0.09183350205421448,
                    -0.18445372581481934,
                    -0.7435567378997803
                ],
                [
                    -7.450581485102248e-09,
                    0.8951894044876099,
                    0.4456857144832611,
                    1.796616554260254
                ],
                [
                    0.0,
                    0.0,
                    0.0,
                    1.0
                ]
            ]
        },
        {
            "file_path": "/data/shapenet_blender/all_50_random/02958343/996354bbe7baa2b2f24437126510c3c7/r_18",
            "rotation": 0.12566370614359174,
            "transform_matrix": [
                [
                    0.9718735814094543,
                    0.0011530296178534627,
                    -0.23550057411193848,
                    -0.949333131313324
                ],
                [
                    -0.2355034053325653,
                    0.004758313298225403,
                    -0.9718618988990784,
                    -3.9177002906799316
                ],
                [
                    0.0,
                    0.9999880194664001,
                    0.004896020982414484,
                    0.01973649114370346
                ],
                [
                    0.0,
                    0.0,
                    0.0,
                    1.0
                ]
            ]
        },
        {
            "file_path": "/data/shapenet_blender/all_50_random/02958343/996354bbe7baa2b2f24437126510c3c7/r_19",
            "rotation": 0.12566370614359174,
            "transform_matrix": [
                [
                    -0.18423667550086975,
                    -0.22255046665668488,
                    0.957354724407196,
                    3.859220504760742
                ],
                [
                    0.9828819036483765,
                    -0.04171605780720711,
                    0.17945171892642975,
                    0.7233930826187134
                ],
                [
                    0.0,
                    0.9740282893180847,
                    0.22642643749713898,
                    0.912754237651825
                ],
                [
                    0.0,
                    0.0,
                    0.0,
                    1.0
                ]
            ]
        },
        {
            "file_path": "/data/shapenet_blender/all_50_random/02958343/996354bbe7baa2b2f24437126510c3c7/r_20",
            "rotation": 0.12566370614359174,
            "transform_matrix": [
                [
                    -0.8410630822181702,
                    -0.047908760607242584,
                    -0.5388113260269165,
                    -2.172018051147461
                ],
                [
                    -0.5409371256828308,
                    0.0744897872209549,
                    0.8377578854560852,
                    3.377110242843628
                ],
                [
                    0.0,
                    0.9960703253746033,
                    -0.08856622874736786,
                    -0.35702192783355713
                ],
                [
                    0.0,
                    0.0,
                    0.0,
                    1.0
                ]
            ]
        },
        {
            "file_path": "/data/shapenet_blender/all_50_random/02958343/996354bbe7baa2b2f24437126510c3c7/r_21",
            "rotation": 0.12566370614359174,
            "transform_matrix": [
                [
                    0.9868172407150269,
                    0.10538201034069061,
                    -0.12282659858465195,
                    -0.49512985348701477
                ],
                [
                    -0.1618386209011078,
                    0.6425708532333374,
                    -0.7489399313926697,
                    -3.019073486328125
                ],
                [
                    -7.450580596923828e-09,
                    0.7589449286460876,
                    0.6511548161506653,
                    2.6248891353607178
                ],
                [
                    0.0,
                    0.0,
                    0.0,
                    1.0
                ]
            ]
        },
        {
            "file_path": "/data/shapenet_blender/all_50_random/02958343/996354bbe7baa2b2f24437126510c3c7/r_22",
            "rotation": 0.12566370614359174,
            "transform_matrix": [
                [
                    0.9830602407455444,
                    -0.008045054972171783,
                    0.1831062287092209,
                    0.7381248474121094
                ],
                [
                    0.18328288197517395,
                    0.0431506372988224,
                    -0.98211270570755,
                    -3.9590229988098145
                ],
                [
                    9.313225746154785e-10,
                    0.9990361332893372,
                    0.0438942015171051,
                    0.17694318294525146
                ],
                [
                    0.0,
                    0.0,
                    0.0,
                    1.0
                ]
            ]
        },
        {
            "file_path": "/data/shapenet_blender/all_50_random/02958343/996354bbe7baa2b2f24437126510c3c7/r_23",
            "rotation": 0.12566370614359174,
            "transform_matrix": [
                [
                    -0.9963096380233765,
                    -0.05571148544549942,
                    -0.06529492139816284,
                    -0.26321226358413696
                ],
                [
                    -0.0858323872089386,
                    0.6466776728630066,
                    0.7579185962677002,
                    3.055267810821533
                ],
                [
                    0.0,
                    0.7607259154319763,
                    -0.64907306432724,
                    -2.61649751663208
                ],
                [
                    0.0,
                    0.0,
                    0.0,
                    1.0
                ]
            ]
        },
        {
            "file_path": "/data/shapenet_blender/all_50_random/02958343/996354bbe7baa2b2f24437126510c3c7/r_24",
            "rotation": 0.12566370614359174,
            "transform_matrix": [
                [
                    0.7450662851333618,
                    0.6077176928520203,
                    0.27487343549728394,
                    1.1080503463745117
                ],
                [
                    0.6669905185699463,
                    -0.6788551807403564,
                    -0.3070492744445801,
                    -1.237755298614502
                ],
                [
                    -1.4901161193847656e-08,
                    0.4121101200580597,
                    -0.9111340045928955,
                    -3.672899007797241
                ],
                [
                    0.0,
                    0.0,
                    0.0,
                    1.0
                ]
            ]
        },
        {
            "file_path": "/data/shapenet_blender/all_50_random/02958343/996354bbe7baa2b2f24437126510c3c7/r_25",
            "rotation": 0.12566370614359174,
            "transform_matrix": [
                [
                    0.9844771027565002,
                    -0.12509265542030334,
                    -0.12311264127492905,
                    -0.4962829351425171
                ],
                [
                    -0.17551322281360626,
                    -0.7016612887382507,
                    -0.690555214881897,
                    -2.783717155456543
                ],
                [
                    1.4901161193847656e-08,
                    0.7014436721801758,
                    -0.7127248644828796,
                    -2.8730857372283936
                ],
                [
                    0.0,
                    0.0,
                    0.0,
                    1.0
                ]
            ]
        },
        {
            "file_path": "/data/shapenet_blender/all_50_random/02958343/996354bbe7baa2b2f24437126510c3c7/r_26",
            "rotation": 0.12566370614359174,
            "transform_matrix": [
                [
                    0.255163311958313,
                    -0.4893404245376587,
                    0.8339290022850037,
                    3.361675262451172
                ],
                [
                    0.9668979048728943,
                    0.12913641333580017,
                    -0.22007296979427338,
                    -0.8871424794197083
                ],
                [
                    0.0,
                    0.8624787926673889,
                    0.5060930848121643,
                    2.0401265621185303
                ],
                [
                    0.0,
                    0.0,
                    0.0,
                    1.0
                ]
            ]
        },
        {
            "file_path": "/data/shapenet_blender/all_50_random/02958343/996354bbe7baa2b2f24437126510c3c7/r_27",
            "rotation": 0.12566370614359174,
            "transform_matrix": [
                [
                    -0.10368529707193375,
                    0.2167985737323761,
                    0.9706944227218628,
                    3.912994384765625
                ],
                [
                    0.9946101903915405,
                    0.02260063774883747,
                    0.10119214653968811,
                    0.4079186022281647
                ],
                [
                    0.0,
                    0.9759546518325806,
                    -0.21797344088554382,
                    -0.8786790370941162
                ],
                [
                    0.0,
                    0.0,
                    0.0,
                    1.0
                ]
            ]
        },
        {
            "file_path": "/data/shapenet_blender/all_50_random/02958343/996354bbe7baa2b2f24437126510c3c7/r_28",
            "rotation": 0.12566370614359174,
            "transform_matrix": [
                [
                    -0.6066046953201294,
                    0.2723286747932434,
                    0.746905505657196,
                    3.0108723640441895
                ],
                [
                    0.7950036525726318,
                    0.20779259502887726,
                    0.5699047446250916,
                    2.2973594665527344
                ],
                [
                    -2.9802322387695312e-08,
                    0.9394994378089905,
                    -0.3425503075122833,
                    -1.3808645009994507
                ],
                [
                    0.0,
                    0.0,
                    0.0,
                    1.0
                ]
            ]
        },
        {
            "file_path": "/data/shapenet_blender/all_50_random/02958343/996354bbe7baa2b2f24437126510c3c7/r_29",
            "rotation": 0.12566370614359174,
            "transform_matrix": [
                [
                    -0.9568946361541748,
                    0.008930502459406853,
                    -0.29029807448387146,
                    -1.1702289581298828
                ],
                [
                    -0.2904353737831116,
                    -0.029423238709568977,
                    0.9564421772956848,
                    3.855541706085205
                ],
                [
                    0.0,
                    0.9995270371437073,
                    0.030748674646019936,
                    0.12395187467336655
                ],
                [
                    0.0,
                    0.0,
                    0.0,
                    1.0
                ]
            ]
        },
        {
            "file_path": "/data/shapenet_blender/all_50_random/02958343/996354bbe7baa2b2f24437126510c3c7/r_30",
            "rotation": 0.12566370614359174,
            "transform_matrix": [
                [
                    -0.5313092470169067,
                    -0.1854199469089508,
                    -0.8266377449035645,
                    -3.3322832584381104
                ],
                [
                    -0.8471779227256775,
                    0.11628647148609161,
                    0.5184274315834045,
                    2.0898478031158447
                ],
                [
                    0.0,
                    0.9757544994354248,
                    -0.21886776387691498,
                    -0.8822841644287109
                ],
                [
                    0.0,
                    0.0,
                    0.0,
                    1.0
                ]
            ]
        },
        {
            "file_path": "/data/shapenet_blender/all_50_random/02958343/996354bbe7baa2b2f24437126510c3c7/r_31",
            "rotation": 0.12566370614359174,
            "transform_matrix": [
                [
                    0.947484016418457,
                    -0.31195226311683655,
                    0.07042654603719711,
                    0.2838985025882721
                ],
                [
                    0.31980326771736145,
                    0.924223780632019,
                    -0.20865334570407867,
                    -0.8411085605621338
                ],
                [
                    -7.450580596923828e-09,
                    0.22021837532520294,
                    0.9754505753517151,
                    3.9321670532226562
                ],
                [
                    0.0,
                    0.0,
                    0.0,
                    1.0
                ]
            ]
        },
        {
            "file_path": "/data/shapenet_blender/all_50_random/02958343/996354bbe7baa2b2f24437126510c3c7/r_32",
            "rotation": 0.12566370614359174,
            "transform_matrix": [
                [
                    0.9657341241836548,
                    0.03700607270002365,
                    -0.25688162446022034,
                    -1.0355229377746582
                ],
                [
                    -0.25953346490859985,
                    0.13770101964473724,
                    -0.9558665156364441,
                    -3.8532211780548096
                ],
                [
                    -3.725290298461914e-09,
                    0.9897822141647339,
                    0.14258691668510437,
                    0.5747862458229065
                ],
                [
                    0.0,
                    0.0,
                    0.0,
                    1.0
                ]
            ]
        },
        {
            "file_path": "/data/shapenet_blender/all_50_random/02958343/996354bbe7baa2b2f24437126510c3c7/r_33",
            "rotation": 0.12566370614359174,
            "transform_matrix": [
                [
                    -0.7373603582382202,
                    0.6551839113235474,
                    -0.16441915929317474,
                    -0.6627948880195618
                ],
                [
                    -0.6754995584487915,
                    -0.7151842713356018,
                    0.1794763207435608,
                    0.7234922647476196
                ],
                [
                    0.0,
                    0.24340374767780304,
                    0.9699249267578125,
                    3.9098927974700928
                ],
                [
                    0.0,
                    0.0,
                    0.0,
                    1.0
                ]
            ]
        },
        {
            "file_path": "/data/shapenet_blender/all_50_random/02958343/996354bbe7baa2b2f24437126510c3c7/r_34",
            "rotation": 0.12566370614359174,
            "transform_matrix": [
                [
                    0.86803138256073,
                    -0.3760806620121002,
                    0.3241678476333618,
                    1.3067623376846313
                ],
                [
                    0.49650928378105164,
                    0.6574898362159729,
                    -0.5667322874069214,
                    -2.2845709323883057
                ],
                [
                    -1.4901161193847656e-08,
                    0.6528937220573425,
                    0.7574494481086731,
                    3.0533764362335205
                ],
                [
                    0.0,
                    0.0,
                    0.0,
                    1.0
                ]
            ]
        },
        {
            "file_path": "/data/shapenet_blender/all_50_random/02958343/996354bbe7baa2b2f24437126510c3c7/r_35",
            "rotation": 0.12566370614359174,
            "transform_matrix": [
                [
                    0.8663762807846069,
                    -0.4865253269672394,
                    -0.11262894421815872,
                    -0.45402178168296814
                ],
                [
                    -0.4993918538093567,
                    -0.8440545797348022,
                    -0.19539575278759003,
                    -0.7876654863357544
                ],
                [
                    7.450581485102248e-09,
                    0.22553209960460663,
                    -0.9742357134819031,
                    -3.927269697189331
                ],
                [
                    0.0,
                    0.0,
                    0.0,
                    1.0
                ]
            ]
        },
        {
            "file_path": "/data/shapenet_blender/all_50_random/02958343/996354bbe7baa2b2f24437126510c3c7/r_36",
            "rotation": 0.12566370614359174,
            "transform_matrix": [
                [
                    0.10270597785711288,
                    0.036322664469480515,
                    -0.9940483570098877,
                    -4.007137298583984
                ],
                [
                    -0.994711697101593,
                    0.0037503880448639393,
                    -0.10263748466968536,
                    -0.4137449562549591
                ],
                [
                    0.0,
                    0.9993329644203186,
                    0.036515772342681885,
                    0.14719979465007782
                ],
                [
                    0.0,
                    0.0,
                    0.0,
                    1.0
                ]
            ]
        },
        {
            "file_path": "/data/shapenet_blender/all_50_random/02958343/996354bbe7baa2b2f24437126510c3c7/r_37",
            "rotation": 0.12566370614359174,
            "transform_matrix": [
                [
                    -0.5476551055908203,
                    0.10038750618696213,
                    -0.8306600451469421,
                    -3.3484976291656494
                ],
                [
                    -0.8367040753364563,
                    -0.06570751219987869,
                    0.5436991453170776,
                    2.1917214393615723
                ],
                [
                    -3.725290076417309e-09,
                    0.9927763342857361,
                    0.11997970938682556,
                    0.4836536645889282
                ],
                [
                    0.0,
                    0.0,
                    0.0,
                    1.0
                ]
            ]
        },
        {
            "file_path": "/data/shapenet_blender/all_50_random/02958343/996354bbe7baa2b2f24437126510c3c7/r_38",
            "rotation": 0.12566370614359174,
            "transform_matrix": [
                [
                    0.2712489068508148,
                    0.3778449594974518,
                    0.8852441906929016,
                    3.568533420562744
                ],
                [
                    0.962509274482727,
                    -0.1064821258187294,
                    -0.24947449564933777,
                    -1.0056638717651367
                ],
                [
                    0.0,
                    0.9197253584861755,
                    -0.3925624191761017,
                    -1.5824697017669678
                ],
                [
                    0.0,
                    0.0,
                    0.0,
                    1.0
                ]
            ]
        },
        {
            "file_path": "/data/shapenet_blender/all_50_random/02958343/996354bbe7baa2b2f24437126510c3c7/r_39",
            "rotation": 0.12566370614359174,
            "transform_matrix": [
                [
                    -0.9899314641952515,
                    -0.053232211619615555,
                    -0.1311568319797516,
                    -0.528710126876831
                ],
                [
                    -0.14154782891273499,
                    0.37228578329086304,
                    0.9172608852386475,
                    3.697596788406372
                ],
                [
                    -3.725290298461914e-09,
                    0.9265903830528259,
                    -0.37607234716415405,
                    -1.5159960985183716
                ],
                [
                    0.0,
                    0.0,
                    0.0,
                    1.0
                ]
            ]
        },
        {
            "file_path": "/data/shapenet_blender/all_50_random/02958343/996354bbe7baa2b2f24437126510c3c7/r_40",
            "rotation": 0.12566370614359174,
            "transform_matrix": [
                [
                    -0.7879884243011475,
                    -0.1466314047574997,
                    0.5979744791984558,
                    2.4105122089385986
                ],
                [
                    0.6156900525093079,
                    -0.18766559660434723,
                    0.7653151750564575,
                    3.0850841999053955
                ],
                [
                    -7.450580596923828e-09,
                    0.9712264537811279,
                    0.23815780878067017,
                    0.9600448608398438
                ],
                [
                    0.0,
                    0.0,
                    0.0,
                    1.0
                ]
            ]
        },
        {
            "file_path": "/data/shapenet_blender/all_50_random/02958343/996354bbe7baa2b2f24437126510c3c7/r_41",
            "rotation": 0.12566370614359174,
            "transform_matrix": [
                [
                    0.026244521141052246,
                    -0.5953304767608643,
                    0.8030521869659424,
                    3.2372069358825684
                ],
                [
                    0.9996554851531982,
                    0.015629548579454422,
                    -0.021082984283566475,
                    -0.08498822897672653
