{
    "class": "02958343",
    "model": "63a4e46bbbd855fc2b63d3b2a8c4e8b",
    "remove_doubles": true,
    "edge_split": true,
    "denoise": true,
    "camera_angle_x": 0.6911112070083618,
    "scale_factor": 2.2196744210722543,
    "hdri_file": "/data/IndoorHDRDataset2018/9C4A6183-ca2fe3276f.exr",
    "center_offset": [
        0.0,
        0.0,
        -9.313225746154785e-10
    ],
    "lights": [],
    "frames": [
        {
            "file_path": "/data/shapenet_blender/all_50_random/02958343/63a4e46bbbd855fc2b63d3b2a8c4e8b/r_0",
            "rotation": 0.12566370614359174,
            "transform_matrix": [
                [
                    -0.8046029806137085,
                    0.4024312496185303,
                    0.4366499185562134,
                    1.7601922750473022
                ],
                [
                    0.5938131809234619,
                    0.5452848672866821,
                    0.5916504263877869,
                    2.385019302368164
                ],
                [
                    2.9802322387695312e-08,
                    0.7353321313858032,
                    -0.677706778049469,
                    -2.7319235801696777
                ],
                [
                    0.0,
                    0.0,
                    0.0,
                    1.0
                ]
            ]
        },
        {
            "file_path": "/data/shapenet_blender/all_50_random/02958343/63a4e46bbbd855fc2b63d3b2a8c4e8b/r_1",
            "rotation": 0.12566370614359174,
            "transform_matrix": [
                [
                    -0.9678807258605957,
                    0.11379443854093552,
                    -0.22418279945850372,
                    -0.9037098288536072
                ],
                [
                    -0.25141027569770813,
                    -0.43808647990226746,
                    0.8630602359771729,
                    3.47910737991333
                ],
                [
                    0.0,
                    0.8917012214660645,
                    0.45262444019317627,
                    1.8245875835418701
                ],
                [
                    0.0,
                    0.0,
                    0.0,
                    1.0
                ]
            ]
        },
        {
            "file_path": "/data/shapenet_blender/all_50_random/02958343/63a4e46bbbd855fc2b63d3b2a8c4e8b/r_2",
            "rotation": 0.12566370614359174,
            "transform_matrix": [
                [
                    -0.3367006182670593,
                    -0.2432814985513687,
                    -0.9096409678459167,
                    -3.6668801307678223
                ],
                [
                    -0.9416117072105408,
                    0.08699237555265427,
                    0.32526859641075134,
                    1.31119966506958
                ],
                [
                    0.0,
                    0.9660466909408569,
                    -0.258367121219635,
                    -1.0415111780166626
                ],
                [
                    0.0,
                    0.0,
                    0.0,
                    1.0
                ]
            ]
        },
        {
            "file_path": "/data/shapenet_blender/all_50_random/02958343/63a4e46bbbd855fc2b63d3b2a8c4e8b/r_3",
            "rotation": 0.12566370614359174,
            "transform_matrix": [
                [
                    0.31707140803337097,
                    0.5557629466056824,
                    -0.768500566482544,
                    -3.0979249477386475
                ],
                [
                    -0.948401689529419,
                    0.18580369651317596,
                    -0.2569265365600586,
                    -1.0357040166854858
                ],
                [
                    0.0,
                    0.8103112578392029,
                    0.5859995484352112,
                    2.3622398376464844
                ],
                [
                    0.0,
                    0.0,
                    0.0,
                    1.0
                ]
            ]
        },
        {
            "file_path": "/data/shapenet_blender/all_50_random/02958343/63a4e46bbbd855fc2b63d3b2a8c4e8b/r_4",
            "rotation": 0.12566370614359174,
            "transform_matrix": [
                [
                    0.2786082327365875,
                    -0.5994588136672974,
                    0.750350832939148,
                    3.024761199951172
                ],
                [
                    0.9604047536849976,
                    0.1738997846841812,
                    -0.21767273545265198,
                    -0.8774669170379639
                ],
                [
                    0.0,
                    0.7812860608100891,
                    0.6241729855537415,
                    2.5161221027374268
                ],
                [
                    0.0,
                    0.0,
                    0.0,
                    1.0
                ]
            ]
        },
        {
            "file_path": "/data/shapenet_blender/all_50_random/02958343/63a4e46bbbd855fc2b63d3b2a8c4e8b/r_5",
            "rotation": 0.12566370614359174,
            "transform_matrix": [
                [
                    -0.3400503396987915,
                    0.014084543101489544,
                    -0.9403017163276672,
                    -3.7904775142669678
                ],
                [
                    -0.9404072165489197,
                    -0.0050929575227200985,
                    0.34001219272613525,
                    1.3706330060958862
                ],
                [
                    0.0,
                    0.9998878836631775,
                    0.014977066777646542,
                    0.060374487191438675
                ],
                [
                    0.0,
                    0.0,
                    0.0,
                    1.0
                ]
            ]
        },
        {
            "file_path": "/data/shapenet_blender/all_50_random/02958343/63a4e46bbbd855fc2b63d3b2a8c4e8b/r_6",
            "rotation": 0.12566370614359174,
            "transform_matrix": [
                [
                    0.4321751296520233,
                    0.10224524885416031,
                    0.8959746956825256,
                    3.6117892265319824
                ],
                [
                    0.9017897248268127,
                    -0.049000177532434464,
                    -0.4293883442878723,
                    -1.7309197187423706
                ],
                [
                    0.0,
                    0.9935516715049744,
                    -0.11338037252426147,
                    -0.4570508897304535
                ],
                [
                    0.0,
                    0.0,
                    0.0,
                    1.0
                ]
            ]
        },
        {
            "file_path": "/data/shapenet_blender/all_50_random/02958343/63a4e46bbbd855fc2b63d3b2a8c4e8b/r_7",
            "rotation": 0.12566370614359174,
            "transform_matrix": [
                [
                    0.1850724071264267,
                    0.375297486782074,
                    -0.908240020275116,
                    -3.6612327098846436
                ],
                [
                    -0.9827249646186829,
                    0.07067818194627762,
                    -0.1710449904203415,
                    -0.6895043849945068
                ],
                [
                    0.0,
                    0.9242057800292969,
                    0.3818947374820709,
                    1.5394669771194458
                ],
                [
                    0.0,
                    0.0,
                    0.0,
                    1.0
                ]
            ]
        },
        {
            "file_path": "/data/shapenet_blender/all_50_random/02958343/63a4e46bbbd855fc2b63d3b2a8c4e8b/r_8",
            "rotation": 0.12566370614359174,
            "transform_matrix": [
                [
                    0.9037971496582031,
                    -0.07316715270280838,
                    -0.4216601252555847,
                    -1.6997663974761963
                ],
                [
                    -0.427961140871048,
                    -0.15451931953430176,
                    -0.8904902935028076,
                    -3.589681386947632
                ],
                [
                    0.0,
                    0.9852767586708069,
                    -0.17096681892871857,
                    -0.6891893744468689
                ],
                [
                    0.0,
                    0.0,
                    0.0,
                    1.0
                ]
            ]
        },
        {
            "file_path": "/data/shapenet_blender/all_50_random/02958343/63a4e46bbbd855fc2b63d3b2a8c4e8b/r_9",
            "rotation": 0.12566370614359174,
            "transform_matrix": [
                [
                    -0.15682253241539001,
                    -0.39773234724998474,
                    0.9039998054504395,
                    3.6441397666931152
                ],
                [
                    0.9876267910003662,
                    -0.06315481662750244,
                    0.14354363083839417,
                    0.5786429047584534
                ],
                [
                    -3.725290298461914e-09,
                    0.9153253436088562,
                    0.40271520614624023,
                    1.623396873474121
                ],
                [
                    0.0,
                    0.0,
                    0.0,
                    1.0
                ]
            ]
        },
        {
            "file_path": "/data/shapenet_blender/all_50_random/02958343/63a4e46bbbd855fc2b63d3b2a8c4e8b/r_10",
            "rotation": 0.12566370614359174,
            "transform_matrix": [
                [
                    -0.7202818989753723,
                    0.004023116081953049,
                    -0.693669855594635,
                    -2.7962725162506104
                ],
                [
                    -0.6936814785003662,
                    -0.004177389200776815,
                    0.7202697992324829,
                    2.9035003185272217
                ],
                [
                    0.0,
                    0.9999831914901733,
                    0.005799659062176943,
                    0.023379173129796982
                ],
                [
                    0.0,
                    0.0,
                    0.0,
                    1.0
                ]
            ]
        },
        {
            "file_path": "/data/shapenet_blender/all_50_random/02958343/63a4e46bbbd855fc2b63d3b2a8c4e8b/r_11",
            "rotation": 0.12566370614359174,
            "transform_matrix": [
                [
                    0.939300537109375,
                    0.021949423477053642,
                    -0.3423926532268524,
                    -1.380228877067566
                ],
                [
                    -0.34309545159339905,
                    0.060091450810432434,
                    -0.9373763799667358,
                    -3.7786850929260254
                ],
                [
                    0.0,
                    0.9979514479637146,
                    0.06397468596696854,
                    0.2578901946544647
                ],
                [
                    0.0,
                    0.0,
                    0.0,
                    1.0
                ]
            ]
        },
        {
            "file_path": "/data/shapenet_blender/all_50_random/02958343/63a4e46bbbd855fc2b63d3b2a8c4e8b/r_12",
            "rotation": 0.12566370614359174,
            "transform_matrix": [
                [
                    -0.304678738117218,
                    0.8105701208114624,
                    -0.5001468062400818,
                    -2.0161561965942383
                ],
                [
                    -0.9524551033973694,
                    -0.25929147005081177,
                    0.1599908471107483,
                    0.6449437141418457
                ],
                [
                    -1.4901160305669237e-08,
                    0.5251131653785706,
                    0.8510323762893677,
                    3.4306211471557617
                ],
                [
                    0.0,
                    0.0,
                    0.0,
                    1.0
                ]
            ]
        },
        {
            "file_path": "/data/shapenet_blender/all_50_random/02958343/63a4e46bbbd855fc2b63d3b2a8c4e8b/r_13",
            "rotation": 0.12566370614359174,
            "transform_matrix": [
                [
                    0.6867916584014893,
                    0.514718234539032,
                    0.5132079124450684,
                    2.068807363510132
                ],
                [
                    0.7268543243408203,
                    -0.48634806275367737,
                    -0.48492100834846497,
                    -1.9547791481018066
                ],
                [
                    -1.4901161193847656e-08,
                    0.7060670852661133,
                    -0.7081449031829834,
                    -2.854623317718506
                ],
                [
                    0.0,
                    0.0,
                    0.0,
                    1.0
                ]
            ]
        },
        {
            "file_path": "/data/shapenet_blender/all_50_random/02958343/63a4e46bbbd855fc2b63d3b2a8c4e8b/r_14",
            "rotation": 0.12566370614359174,
            "transform_matrix": [
                [
                    0.9391945600509644,
                    0.16893859207630157,
                    -0.2989538311958313,
                    -1.205121397972107
                ],
                [
                    -0.34338557720184326,
                    0.462064266204834,
                    -0.8176692128181458,
                    -3.2961299419403076
                ],
                [
                    0.0,
                    0.8706067800521851,
                    0.49197933077812195,
                    1.9832321405410767
                ],
                [
                    0.0,
                    0.0,
                    0.0,
                    1.0
                ]
            ]
        },
        {
            "file_path": "/data/shapenet_blender/all_50_random/02958343/63a4e46bbbd855fc2b63d3b2a8c4e8b/r_15",
            "rotation": 0.12566370614359174,
            "transform_matrix": [
                [
                    0.754338264465332,
                    -0.4588775336742401,
                    0.4694731831550598,
                    1.8925070762634277
                ],
                [
                    0.6564858555793762,
                    0.5272755026817322,
                    -0.539450466632843,
                    -2.1745946407318115
                ],
                [
                    0.0,
                    0.7151308059692383,
                    0.6989906430244446,
                    2.8177216053009033
                ],
                [
                    0.0,
                    0.0,
                    0.0,
                    1.0
                ]
            ]
        },
        {
            "file_path": "/data/shapenet_blender/all_50_random/02958343/63a4e46bbbd855fc2b63d3b2a8c4e8b/r_16",
            "rotation": 0.12566370614359174,
            "transform_matrix": [
                [
                    0.7945346236228943,
                    0.05103610083460808,
                    -0.6050701141357422,
                    -2.4391160011291504
                ],
                [
                    -0.6072186827659607,
                    0.06677979975938797,
                    -0.7917231917381287,
                    -3.1915385723114014
                ],
                [
                    -3.725290298461914e-09,
                    0.9964615702629089,
                    0.08404893428087234,
                    0.33881211280822754
                ],
                [
                    0.0,
                    0.0,
                    0.0,
                    1.0
                ]
            ]
        },
        {
            "file_path": "/data/shapenet_blender/all_50_random/02958343/63a4e46bbbd855fc2b63d3b2a8c4e8b/r_17",
            "rotation": 0.12566370614359174,
            "transform_matrix": [
                [
                    0.6150761246681213,
                    -0.00323475687764585,
                    0.7884610891342163,
                    3.1783883571624756
                ],
                [
                    0.7884677052497864,
                    0.0025234026834368706,
                    -0.6150709390640259,
                    -2.4794301986694336
                ],
                [
                    2.3283061589829401e-10,
                    0.9999915957450867,
                    0.004102586302906275,
                    0.01653805375099182
                ],
                [
                    0.0,
                    0.0,
                    0.0,
                    1.0
                ]
            ]
        },
        {
            "file_path": "/data/shapenet_blender/all_50_random/02958343/63a4e46bbbd855fc2b63d3b2a8c4e8b/r_18",
            "rotation": 0.12566370614359174,
            "transform_matrix": [
                [
                    0.987424910068512,
                    0.05090788006782532,
                    -0.14966806769371033,
                    -0.6033312678337097
                ],
                [
                    -0.1580890417098999,
                    0.317970871925354,
                    -0.934827446937561,
                    -3.7684099674224854
                ],
                [
                    3.725290742551124e-09,
                    0.9467326402664185,
                    0.32202038168907166,
                    1.2981057167053223
                ],
                [
                    0.0,
                    0.0,
                    0.0,
                    1.0
                ]
            ]
        },
        {
            "file_path": "/data/shapenet_blender/all_50_random/02958343/63a4e46bbbd855fc2b63d3b2a8c4e8b/r_19",
            "rotation": 0.12566370614359174,
            "transform_matrix": [
                [
                    -0.45486924052238464,
                    0.6803710460662842,
                    0.5746208429336548,
                    2.316370725631714
                ],
                [
                    0.8905582427978516,
                    0.34751221537590027,
                    0.29349833726882935,
                    1.1831296682357788
                ],
                [
                    1.4901161193847656e-08,
                    0.6452366709709167,
                    -0.7639827132225037,
                    -3.0797128677368164
                ],
                [
                    0.0,
                    0.0,
                    0.0,
                    1.0
                ]
            ]
        },
        {
            "file_path": "/data/shapenet_blender/all_50_random/02958343/63a4e46bbbd855fc2b63d3b2a8c4e8b/r_20",
            "rotation": 0.12566370614359174,
            "transform_matrix": [
                [
                    -0.9732580184936523,
                    0.0011177441338077188,
                    0.2297116070985794,
                    0.9259970784187317
                ],
                [
                    0.2297143042087555,
                    0.00473567983135581,
                    0.9732465744018555,
                    3.9232823848724365
                ],
                [
                    0.0,
                    0.9999882578849792,
                    -0.004865800030529499,
                    -0.01961466670036316
                ],
                [
                    0.0,
                    0.0,
                    0.0,
                    1.0
                ]
            ]
        },
        {
            "file_path": "/data/shapenet_blender/all_50_random/02958343/63a4e46bbbd855fc2b63d3b2a8c4e8b/r_21",
            "rotation": 0.12566370614359174,
            "transform_matrix": [
                [
                    0.30225881934165955,
                    -0.030547859147191048,
                    -0.9527363181114197,
                    -3.8406028747558594
                ],
                [
                    -0.9532259106636047,
                    -0.009686432778835297,
                    -0.30210354924201965,
                    -1.2178183794021606
                ],
                [
                    0.0,
                    0.9994863271713257,
                    -0.03204682469367981,
                    -0.12918488681316376
                ],
                [
                    0.0,
                    0.0,
                    0.0,
                    1.0
                ]
            ]
        },
        {
            "file_path": "/data/shapenet_blender/all_50_random/02958343/63a4e46bbbd855fc2b63d3b2a8c4e8b/r_22",
            "rotation": 0.12566370614359174,
            "transform_matrix": [
                [
                    0.8955481648445129,
                    -0.1952732354402542,
                    0.399827241897583,
                    1.611755132675171
                ],
                [
                    0.44496455788612366,
                    0.3930124044418335,
                    -0.8047035336494446,
                    -3.243863821029663
                ],
                [
                    0.0,
                    0.8985597491264343,
                    0.43885114789009094,
                    1.7690656185150146
                ],
                [
                    0.0,
                    0.0,
                    0.0,
                    1.0
                ]
            ]
        },
        {
            "file_path": "/data/shapenet_blender/all_50_random/02958343/63a4e46bbbd855fc2b63d3b2a8c4e8b/r_23",
            "rotation": 0.12566370614359174,
            "transform_matrix": [
                [
                    0.9716406464576721,
                    -0.1529945284128189,
                    0.1802978366613388,
                    0.7268038392066956
                ],
                [
                    0.23646280169487,
                    0.6286642551422119,
                    -0.7408552765846252,
                    -2.986483097076416
                ],
                [
                    -7.450581485102248e-09,
                    0.7624788284301758,
                    0.6470131874084473,
                    2.6081936359405518
                ],
                [
                    0.0,
                    0.0,
                    0.0,
                    1.0
                ]
            ]
        },
        {
            "file_path": "/data/shapenet_blender/all_50_random/02958343/63a4e46bbbd855fc2b63d3b2a8c4e8b/r_24",
            "rotation": 0.12566370614359174,
            "transform_matrix": [
                [
                    0.9831821918487549,
                    -0.10170319676399231,
                    0.15168793499469757,
                    0.6114736199378967
                ],
                [
                    0.18262740969657898,
                    0.5475233793258667,
                    -0.8166182637214661,
                    -3.291893482208252
                ],
                [
                    0.0,
                    0.8305869698524475,
                    0.556888997554779,
                    2.244891405105591
                ],
                [
                    0.0,
                    0.0,
                    0.0,
                    1.0
                ]
            ]
        },
        {
            "file_path": "/data/shapenet_blender/all_50_random/02958343/63a4e46bbbd855fc2b63d3b2a8c4e8b/r_25",
            "rotation": 0.12566370614359174,
            "transform_matrix": [
                [
                    -0.3444603383541107,
                    -0.6541756987571716,
                    0.6733506917953491,
                    2.7143635749816895
                ],
                [
                    0.9388008713722229,
                    -0.2400270402431488,
                    0.24706262350082397,
                    0.9959412813186646
                ],
                [
                    1.4901161193847656e-08,
                    0.7172455191612244,
                    0.6968205571174622,
                    2.808973550796509
                ],
                [
                    0.0,
                    0.0,
                    0.0,
                    1.0
                ]
            ]
        },
        {
            "file_path": "/data/shapenet_blender/all_50_random/02958343/63a4e46bbbd855fc2b63d3b2a8c4e8b/r_26",
            "rotation": 0.12566370614359174,
            "transform_matrix": [
                [
                    0.5495673418045044,
                    0.5614399313926697,
                    0.6186766028404236,
                    2.4939653873443604
                ],
                [
                    0.8354493975639343,
                    -0.3693211078643799,
                    -0.4069719612598419,
                    -1.6405565738677979
                ],
                [
                    2.9802322387695312e-08,
                    0.7405316233634949,
                    -0.6720214486122131,
                    -2.709005355834961
                ],
                [
                    0.0,
                    0.0,
                    0.0,
                    1.0
                ]
            ]
        },
        {
            "file_path": "/data/shapenet_blender/all_50_random/02958343/63a4e46bbbd855fc2b63d3b2a8c4e8b/r_27",
            "rotation": 0.12566370614359174,
            "transform_matrix": [
                [
                    0.8929786086082458,
                    0.3850618898868561,
                    0.2330588549375534,
                    0.9394903182983398
                ],
                [
                    0.4500989615917206,
                    -0.7639475464820862,
                    -0.4623795449733734,
                    -1.863911509513855
                ],
                [
                    0.0,
                    0.5177944302558899,
                    -0.8555049896240234,
                    -3.44865083694458
                ],
                [
                    0.0,
                    0.0,
                    0.0,
                    1.0
                ]
            ]
        },
        {
            "file_path": "/data/shapenet_blender/all_50_random/02958343/63a4e46bbbd855fc2b63d3b2a8c4e8b/r_28",
            "rotation": 0.12566370614359174,
            "transform_matrix": [
                [
                    -0.7744421362876892,
                    -0.5034332871437073,
                    0.38313737511634827,
                    1.5444761514663696
                ],
                [
                    0.6326447129249573,
                    -0.6162699460983276,
                    0.4690115749835968,
                    1.8906461000442505
                ],
                [
                    0.0,
                    0.60561203956604,
                    0.795759916305542,
                    3.207810878753662
                ],
                [
                    0.0,
                    0.0,
                    0.0,
                    1.0
                ]
            ]
        },
        {
            "file_path": "/data/shapenet_blender/all_50_random/02958343/63a4e46bbbd855fc2b63d3b2a8c4e8b/r_29",
            "rotation": 0.12566370614359174,
            "transform_matrix": [
                [
                    0.2132074385881424,
                    0.6311397552490234,
                    0.7457915544509888,
                    3.0063819885253906
                ],
                [
                    0.9770070314407349,
                    -0.13773052394390106,
                    -0.16275042295455933,
                    -0.656067967414856
                ],
                [
                    0.0,
                    0.7633429765701294,
                    -0.645993173122406,
                    -2.604081869125366
                ],
                [
                    0.0,
                    0.0,
                    0.0,
                    1.0
                ]
            ]
        },
        {
            "file_path": "/data/shapenet_blender/all_50_random/02958343/63a4e46bbbd855fc2b63d3b2a8c4e8b/r_30",
            "rotation": 0.12566370614359174,
            "transform_matrix": [
                [
                    0.13543057441711426,
                    0.41473376750946045,
                    -0.8998080492019653,
                    -3.627241849899292
                ],
                [
                    -0.9907869100570679,
                    0.05668991804122925,
                    -0.12299467623233795,
                    -0.49580734968185425
                ],
                [
                    -3.725290298461914e-09,
                    0.9081751108169556,
                    0.41859036684036255,
                    1.6873915195465088
                ],
                [
                    0.0,
                    0.0,
                    0.0,
                    1.0
                ]
            ]
        },
        {
            "file_path": "/data/shapenet_blender/all_50_random/02958343/63a4e46bbbd855fc2b63d3b2a8c4e8b/r_31",
            "rotation": 0.12566370614359174,
            "transform_matrix": [
                [
                    0.9983493089675903,
                    0.04237239435315132,
                    -0.03877265378832817,
                    -0.15629756450653076
                ],
                [
                    -0.057434648275375366,
                    0.7365318536758423,
                    -0.6739599108695984,
                    -2.7168192863464355
                ],
                [
                    0.0,
                    0.6750742793083191,
                    0.7377497553825378,
                    2.9739644527435303
                ],
                [
                    0.0,
                    0.0,
                    0.0,
                    1.0
                ]
            ]
        },
        {
            "file_path": "/data/shapenet_blender/all_50_random/02958343/63a4e46bbbd855fc2b63d3b2a8c4e8b/r_32",
            "rotation": 0.12566370614359174,
            "transform_matrix": [
                [
                    0.09069027006626129,
                    0.06436986476182938,
                    0.9937966465950012,
                    4.00612211227417
                ],
                [
                    0.9958791732788086,
                    -0.005861876532435417,
                    -0.09050062298774719,
                    -0.3648196756839752
                ],
                [
                    0.0,
                    0.9979088306427002,
                    -0.0646362230181694,
                    -0.2605569362640381
                ],
                [
                    0.0,
                    0.0,
                    0.0,
                    1.0
                ]
            ]
        },
        {
            "file_path": "/data/shapenet_blender/all_50_random/02958343/63a4e46bbbd855fc2b63d3b2a8c4e8b/r_33",
            "rotation": 0.12566370614359174,
            "transform_matrix": [
                [
                    -0.066214419901371,
                    -0.48329439759254456,
                    0.8729502558708191,
                    3.518974781036377
                ],
                [
                    0.9978054761886597,
                    -0.03207143768668175,
                    0.05792902037501335,
                    0.23351933062076569
                ],
                [
                    0.0,
                    0.8748701214790344,
                    0.48435741662979126,
                    1.9525071382522583
                ],
                [
                    0.0,
                    0.0,
                    0.0,
                    1.0
                ]
            ]
        },
        {
            "file_path": "/data/shapenet_blender/all_50_random/02958343/63a4e46bbbd855fc2b63d3b2a8c4e8b/r_34",
            "rotation": 0.12566370614359174,
            "transform_matrix": [
                [
                    0.587348461151123,
                    -0.48511481285095215,
                    0.6478312015533447,
                    2.6114912033081055
                ],
                [
                    0.8093340992927551,
                    0.3520566523075104,
                    -0.4701429009437561,
                    -1.8952066898345947
                ],
                [
                    0.0,
                    0.8004496097564697,
                    0.599399983882904,
                    2.4162585735321045
                ],
                [
                    0.0,
                    0.0,
                    0.0,
                    1.0
                ]
            ]
        },
        {
            "file_path": "/data/shapenet_blender/all_50_random/02958343/63a4e46bbbd855fc2b63d3b2a8c4e8b/r_35",
            "rotation": 0.12566370614359174,
            "transform_matrix": [
                [
                    -0.7033633589744568,
                    -0.365609735250473,
                    -0.6095976829528809,
                    -2.457367181777954
                ],
                [
                    -0.7108304500579834,
                    0.3617691099643707,
                    0.6031940579414368,
                    2.431553363800049
                ],
                [
                    0.0,
                    0.8575853109359741,
                    -0.5143415927886963,
                    -2.0733776092529297
                ],
                [
                    0.0,
                    0.0,
                    0.0,
                    1.0
                ]
            ]
        },
        {
            "file_path": "/data/shapenet_blender/all_50_random/02958343/63a4e46bbbd855fc2b63d3b2a8c4e8b/r_36",
            "rotation": 0.12566370614359174,
            "transform_matrix": [
                [
                    -0.4962674081325531,
                    0.2876420021057129,
                    -0.8191341161727905,
                    -3.302035331726074
                ],
                [
                    -0.8681696653366089,
                    -0.16442334651947021,
                    0.4682374894618988,
                    1.8875256776809692
                ],
                [
                    0.0,
                    0.9435185194015503,
                    0.33131998777389526,
                    1.335593581199646
                ],
                [
                    0.0,
                    0.0,
                    0.0,
                    1.0
                ]
            ]
        },
        {
            "file_path": "/data/shapenet_blender/all_50_random/02958343/63a4e46bbbd855fc2b63d3b2a8c4e8b/r_37",
            "rotation": 0.12566370614359174,
            "transform_matrix": [
                [
                    0.8201040625572205,
                    0.47673341631889343,
                    0.3164718449115753,
                    1.2757389545440674
                ],
                [
                    0.5722142457962036,
                    -0.6832597851753235,
                    -0.453571081161499,
                    -1.8284035921096802
                ],
                [
                    0.0,
                    0.5530651807785034,
                    -0.8331378698348999,
                    -3.3584864139556885
                ],
                [
                    0.0,
                    0.0,
                    0.0,
                    1.0
                ]
            ]
        },
        {
            "file_path": "/data/shapenet_blender/all_50_random/02958343/63a4e46bbbd855fc2b63d3b2a8c4e8b/r_38",
            "rotation": 0.12566370614359174,
            "transform_matrix": [
                [
                    -0.5717742443084717,
                    0.018545150756835938,
                    0.8202014565467834,
                    3.306337356567383
                ],
                [
                    0.8204109072685242,
                    0.01292478945106268,
                    0.571628212928772,
                    2.304306745529175
                ],
                [
                    0.0,
                    0.9997445940971375,
                    -0.02260470762848854,
                    -0.09112247824668884
                ],
                [
                    0.0,
                    0.0,
                    0.0,
                    1.0
                ]
            ]
        },
        {
            "file_path": "/data/shapenet_blender/all_50_random/02958343/63a4e46bbbd855fc2b63d3b2a8c4e8b/r_39",
            "rotation": 0.12566370614359174,
            "transform_matrix": [
                [
                    0.37255972623825073,
                    0.04234945401549339,
                    0.9270414113998413,
                    3.7370235919952393
                ],
                [
                    0.9280082583427429,
                    -0.0170016810297966,
                    -0.372171550989151,
                    -1.5002716779708862
                ],
                [
                    0.0,
                    0.9989582300186157,
                    -0.04563478007912636,
                    -0.1839596927165985
                ],
                [
                    0.0,
                    0.0,
                    0.0,
                    1.0
                ]
            ]
        },
        {
            "file_path": "/data/shapenet_blender/all_50_random/02958343/63a4e46bbbd855fc2b63d3b2a8c4e8b/r_40",
            "rotation": 0.12566370614359174,
            "transform_matrix": [
                [
                    0.9965718984603882,
                    -0.04604438319802284,
                    0.0687330812215805,
                    0.27707189321517944
                ],
                [
                    0.08273040503263474,
                    0.5546513795852661,
                    -0.8279598355293274,
                    -3.3376123905181885
                ],
                [
                    0.0,
                    0.8308078050613403,
                    0.5565594434738159,
                    2.243562698364258
                ],
                [
                    0.0,
                    0.0,
                    0.0,
                    1.0
                ]
            ]
        },
        {
            "file_path": "/data/shapenet_blender/all_50_random/02958343/63a4e46bbbd855fc2b63d3b2a8c4e8b/r_41",
            "rotation": 0.12566370614359174,
            "transform_matrix": [
                [
                    -0.15564370155334473,
                    0.8706263303756714,
                    -0.46667423844337463,
                    -1.8812240362167358
                ],
                [
                    -0.9878132343292236,
                    -0.13717927038669586,
                    0.07353100925683975,
                    0.29641297459602356
                ],
                [
                    -7.4505797087454084e-09,
                    0.47243157029151917,
                    0.8813673257827759,
                    3.552905321121216
                ],
                [
                    0.0,
