{
    "class": "02958343",
    "model": "1355f3aa779b599b16abce8cb03e7794",
    "remove_doubles": true,
    "edge_split": true,
    "denoise": true,
    "camera_angle_x": 0.6911112070083618,
    "scale_factor": 2.2632140584833045,
    "hdri_file": "/data/IndoorHDRDataset2018/9C4A6814-ab59fd0aee.exr",
    "center_offset": [
        0.0,
        0.0,
        -1.862645149230957e-09
    ],
    "lights": [],
    "frames": [
        {
            "file_path": "/data/shapenet_blender/all_50_random/02958343/1355f3aa779b599b16abce8cb03e7794/r_0",
            "rotation": 0.12566370614359174,
            "transform_matrix": [
                [
                    0.43402549624443054,
                    0.19694727659225464,
                    -0.8791096210479736,
                    -3.543804168701172
                ],
                [
                    -0.900900661945343,
                    0.09488297998905182,
                    -0.4235272705554962,
                    -1.7072930335998535
                ],
                [
                    0.0,
                    0.9758120179176331,
                    0.21861155331134796,
                    0.881251335144043
                ],
                [
                    0.0,
                    0.0,
                    0.0,
                    1.0
                ]
            ]
        },
        {
            "file_path": "/data/shapenet_blender/all_50_random/02958343/1355f3aa779b599b16abce8cb03e7794/r_1",
            "rotation": 0.12566370614359174,
            "transform_matrix": [
                [
                    0.28836530447006226,
                    0.21521472930908203,
                    0.9330209493637085,
                    3.7611277103424072
                ],
                [
                    0.9575204849243164,
                    -0.06481372565031052,
                    -0.28098708391189575,
                    -1.132695198059082
                ],
                [
                    3.725290298461914e-09,
                    0.9744135141372681,
                    -0.22476255893707275,
                    -0.9060468673706055
                ],
                [
                    0.0,
                    0.0,
                    0.0,
                    1.0
                ]
            ]
        },
        {
            "file_path": "/data/shapenet_blender/all_50_random/02958343/1355f3aa779b599b16abce8cb03e7794/r_2",
            "rotation": 0.12566370614359174,
            "transform_matrix": [
                [
                    -0.3006104528903961,
                    -0.47738873958587646,
                    0.8256714344024658,
                    3.328387975692749
                ],
                [
                    0.9537469744682312,
                    -0.1504676192998886,
                    0.2602424621582031,
                    1.049070954322815
                ],
                [
                    -7.450580596923828e-09,
                    0.8657132387161255,
                    0.5005401968955994,
                    2.017742156982422
                ],
                [
                    0.0,
                    0.0,
                    0.0,
                    1.0
                ]
            ]
        },
        {
            "file_path": "/data/shapenet_blender/all_50_random/02958343/1355f3aa779b599b16abce8cb03e7794/r_3",
            "rotation": 0.12566370614359174,
            "transform_matrix": [
                [
                    0.7200826406478882,
                    0.4462827742099762,
                    0.5313310623168945,
                    2.1418638229370117
                ],
                [
                    0.6938883662223816,
                    -0.4631299376487732,
                    -0.5513888001441956,
                    -2.222719192504883
                ],
                [
                    -1.4901161193847656e-08,
                    0.7657298445701599,
                    -0.6431623101234436,
                    -2.59266996383667
                ],
                [
                    0.0,
                    0.0,
                    0.0,
                    1.0
                ]
            ]
        },
        {
            "file_path": "/data/shapenet_blender/all_50_random/02958343/1355f3aa779b599b16abce8cb03e7794/r_4",
            "rotation": 0.12566370614359174,
            "transform_matrix": [
                [
                    -0.8862091898918152,
                    0.09683919697999954,
                    0.4530514180660248,
                    1.8263087272644043
                ],
                [
                    0.4632854759693146,
                    0.1852416843175888,
                    0.8666326403617859,
                    3.4935078620910645
                ],
                [
                    0.0,
                    0.9779096841812134,
                    -0.20902708172798157,
                    -0.8426151275634766
                ],
                [
                    0.0,
                    0.0,
                    0.0,
                    1.0
                ]
            ]
        },
        {
            "file_path": "/data/shapenet_blender/all_50_random/02958343/1355f3aa779b599b16abce8cb03e7794/r_5",
            "rotation": 0.12566370614359174,
            "transform_matrix": [
                [
                    0.9163107872009277,
                    -0.35939568281173706,
                    -0.17666183412075043,
                    -0.7121466398239136
                ],
                [
                    -0.4004681408405304,
                    -0.8223329782485962,
                    -0.4042198061943054,
                    -1.6294621229171753
                ],
                [
                    0.0,
                    0.44113823771476746,
                    -0.8974391222000122,
                    -3.617692708969116
                ],
                [
                    0.0,
                    0.0,
                    0.0,
                    1.0
                ]
            ]
        },
        {
            "file_path": "/data/shapenet_blender/all_50_random/02958343/1355f3aa779b599b16abce8cb03e7794/r_6",
            "rotation": 0.12566370614359174,
            "transform_matrix": [
                [
                    -0.9137650728225708,
                    -0.0512528233230114,
                    0.4029969871044159,
                    1.6245328187942505
                ],
                [
                    0.40624308586120605,
                    -0.1152832955121994,
                    0.906463623046875,
                    3.654071807861328
                ],
                [
                    0.0,
                    0.9920094609260559,
                    0.12616296112537384,
                    0.5085791349411011
                ],
                [
                    0.0,
                    0.0,
                    0.0,
                    1.0
                ]
            ]
        },
        {
            "file_path": "/data/shapenet_blender/all_50_random/02958343/1355f3aa779b599b16abce8cb03e7794/r_7",
            "rotation": 0.12566370614359174,
            "transform_matrix": [
                [
                    -0.9868012070655823,
                    0.04859881103038788,
                    -0.1544717699289322,
                    -0.6226956248283386
                ],
                [
                    -0.16193631291389465,
                    -0.29614949226379395,
                    0.9413139820098877,
                    3.794558048248291
                ],
                [
                    3.725290298461914e-09,
                    0.953904390335083,
                    0.3001106083393097,
                    1.2097845077514648
                ],
                [
                    0.0,
                    0.0,
                    0.0,
                    1.0
                ]
            ]
        },
        {
            "file_path": "/data/shapenet_blender/all_50_random/02958343/1355f3aa779b599b16abce8cb03e7794/r_8",
            "rotation": 0.12566370614359174,
            "transform_matrix": [
                [
                    0.3004299998283386,
                    -0.44547224044799805,
                    -0.8433837294578552,
                    -3.3997888565063477
                ],
                [
                    -0.9538038969039917,
                    -0.1403152495622635,
                    -0.2656497657299042,
                    -1.0708686113357544
                ],
                [
                    7.450580596923828e-09,
                    0.8842318058013916,
                    -0.4670480191707611,
                    -1.8827309608459473
                ],
                [
                    0.0,
                    0.0,
                    0.0,
                    1.0
                ]
            ]
        },
        {
            "file_path": "/data/shapenet_blender/all_50_random/02958343/1355f3aa779b599b16abce8cb03e7794/r_9",
            "rotation": 0.12566370614359174,
            "transform_matrix": [
                [
                    0.09757401794195175,
                    0.9923940896987915,
                    0.07505649328231812,
                    0.3025623559951782
                ],
                [
                    0.9952282905578613,
                    -0.09729614853858948,
                    -0.007358676753938198,
                    -0.029663771390914917
                ],
                [
                    0.0,
                    0.07541593909263611,
                    -0.9971522092819214,
                    -4.019648551940918
                ],
                [
                    0.0,
                    0.0,
                    0.0,
                    1.0
                ]
            ]
        },
        {
            "file_path": "/data/shapenet_blender/all_50_random/02958343/1355f3aa779b599b16abce8cb03e7794/r_10",
            "rotation": 0.12566370614359174,
            "transform_matrix": [
                [
                    -0.36337077617645264,
                    0.07767113298177719,
                    -0.9284013509750366,
                    -3.7425050735473633
                ],
                [
                    -0.9316446781158447,
                    -0.030294187366962433,
                    0.36210575699806213,
                    1.4596948623657227
                ],
                [
                    0.0,
                    0.9965187311172485,
                    0.0833699107170105,
                    0.3360748291015625
                ],
                [
                    0.0,
                    0.0,
                    0.0,
                    1.0
                ]
            ]
        },
        {
            "file_path": "/data/shapenet_blender/all_50_random/02958343/1355f3aa779b599b16abce8cb03e7794/r_11",
            "rotation": 0.12566370614359174,
            "transform_matrix": [
                [
                    0.544952392578125,
                    -0.36122509837150574,
                    -0.7566659450531006,
                    -3.050218105316162
                ],
                [
                    -0.8384671211242676,
                    -0.23477424681186676,
                    -0.4917866587638855,
                    -1.9824553728103638
                ],
                [
                    0.0,
                    0.9024397134780884,
                    -0.430816113948822,
                    -1.7366752624511719
                ],
                [
                    0.0,
                    0.0,
                    0.0,
                    1.0
                ]
            ]
        },
        {
            "file_path": "/data/shapenet_blender/all_50_random/02958343/1355f3aa779b599b16abce8cb03e7794/r_12",
            "rotation": 0.12566370614359174,
            "transform_matrix": [
                [
                    -0.8821452856063843,
                    -0.3631439208984375,
                    0.2999104857444763,
                    1.2089778184890747
                ],
                [
                    0.4709775447845459,
                    -0.6801719665527344,
                    0.5617351531982422,
                    2.2644269466400146
                ],
                [
                    -1.4901162970204496e-08,
                    0.6367830634117126,
                    0.7710429430007935,
                    3.1081736087799072
                ],
                [
                    0.0,
                    0.0,
                    0.0,
                    1.0
                ]
            ]
        },
        {
            "file_path": "/data/shapenet_blender/all_50_random/02958343/1355f3aa779b599b16abce8cb03e7794/r_13",
            "rotation": 0.12566370614359174,
            "transform_matrix": [
                [
                    -0.449410617351532,
                    0.007530596107244492,
                    -0.893293559551239,
                    -3.6009814739227295
                ],
                [
                    -0.8933253288269043,
                    -0.0037884630728513002,
                    0.4493946433067322,
                    1.811567783355713
                ],
                [
                    -2.3283064365386963e-10,
                    0.9999644756317139,
                    0.008429847657680511,
                    0.033981803804636
                ],
                [
                    0.0,
                    0.0,
                    0.0,
                    1.0
                ]
            ]
        },
        {
            "file_path": "/data/shapenet_blender/all_50_random/02958343/1355f3aa779b599b16abce8cb03e7794/r_14",
            "rotation": 0.12566370614359174,
            "transform_matrix": [
                [
                    0.9991439580917358,
                    -0.029259542003273964,
                    -0.029246630147099495,
                    -0.11789694428443909
                ],
                [
                    -0.04137011617422104,
                    -0.706657350063324,
                    -0.7063454389572144,
                    -2.84736967086792
                ],
                [
                    -3.725290298461914e-09,
                    0.7069506645202637,
                    -0.7072627544403076,
                    -2.851067543029785
                ],
                [
                    0.0,
                    0.0,
                    0.0,
                    1.0
                ]
            ]
        },
        {
            "file_path": "/data/shapenet_blender/all_50_random/02958343/1355f3aa779b599b16abce8cb03e7794/r_15",
            "rotation": 0.12566370614359174,
            "transform_matrix": [
                [
                    0.5129038691520691,
                    0.10529947280883789,
                    -0.8519634008407593,
                    -3.4343743324279785
                ],
                [
                    -0.8584460616111755,
                    0.06291426718235016,
                    -0.5090305805206299,
                    -2.0519678592681885
                ],
                [
                    3.725290298461914e-09,
                    0.9924484491348267,
                    0.12266287952661514,
                    0.49446988105773926
                ],
                [
                    0.0,
                    0.0,
                    0.0,
                    1.0
                ]
            ]
        },
        {
            "file_path": "/data/shapenet_blender/all_50_random/02958343/1355f3aa779b599b16abce8cb03e7794/r_16",
            "rotation": 0.12566370614359174,
            "transform_matrix": [
                [
                    0.9059918522834778,
                    0.0934232622385025,
                    -0.4128568470478058,
                    -1.6642791032791138
                ],
                [
                    -0.4232949912548065,
                    0.19995678961277008,
                    -0.8836507201194763,
                    -3.5621097087860107
                ],
                [
                    0.0,
                    0.9753405451774597,
                    0.22070488333702087,
                    0.8896898031234741
                ],
                [
                    0.0,
                    0.0,
                    0.0,
                    1.0
                ]
            ]
        },
        {
            "file_path": "/data/shapenet_blender/all_50_random/02958343/1355f3aa779b599b16abce8cb03e7794/r_17",
            "rotation": 0.12566370614359174,
            "transform_matrix": [
                [
                    -0.9581924080848694,
                    0.05386761948466301,
                    0.2810080647468567,
                    1.132779598236084
                ],
                [
                    0.2861245274543762,
                    0.18039537966251373,
                    0.9410580992698669,
                    3.7935261726379395
                ],
                [
                    0.0,
                    0.9821180105209351,
                    -0.18826636672019958,
                    -0.7589259147644043
                ],
                [
                    0.0,
                    0.0,
                    0.0,
                    1.0
                ]
            ]
        },
        {
            "file_path": "/data/shapenet_blender/all_50_random/02958343/1355f3aa779b599b16abce8cb03e7794/r_18",
            "rotation": 0.12566370614359174,
            "transform_matrix": [
                [
                    -0.8840717673301697,
                    -0.2823302447795868,
                    -0.37243351340293884,
                    -1.501327633857727
                ],
                [
                    -0.4673512279987335,
                    0.5340741276741028,
                    0.7045193314552307,
                    2.840008497238159
                ],
                [
                    -1.4901161193847656e-08,
                    0.7969028949737549,
                    -0.6041072607040405,
                    -2.435234546661377
                ],
                [
                    0.0,
                    0.0,
                    0.0,
                    1.0
                ]
            ]
        },
        {
            "file_path": "/data/shapenet_blender/all_50_random/02958343/1355f3aa779b599b16abce8cb03e7794/r_19",
            "rotation": 0.12566370614359174,
            "transform_matrix": [
                [
                    -0.8028066158294678,
                    -0.03943353518843651,
                    0.5949340462684631,
                    2.3982560634613037
                ],
                [
                    0.5962395668029785,
                    -0.05309527367353439,
                    0.8010488152503967,
                    3.2291312217712402
                ],
                [
                    0.0,
                    0.9978106021881104,
                    0.06613705307245255,
                    0.26660701632499695
                ],
                [
                    0.0,
                    0.0,
                    0.0,
                    1.0
                ]
            ]
        },
        {
            "file_path": "/data/shapenet_blender/all_50_random/02958343/1355f3aa779b599b16abce8cb03e7794/r_20",
            "rotation": 0.12566370614359174,
            "transform_matrix": [
                [
                    -0.9623978137969971,
                    -0.145023912191391,
                    0.2296924889087677,
                    0.9259201288223267
                ],
                [
                    0.27164426445961,
                    -0.5137995481491089,
                    0.8137685656547546,
                    3.2804062366485596
                ],
                [
                    0.0,
                    0.8455637693405151,
                    0.5338743925094604,
                    2.1521167755126953
                ],
                [
                    0.0,
                    0.0,
                    0.0,
                    1.0
                ]
            ]
        },
        {
            "file_path": "/data/shapenet_blender/all_50_random/02958343/1355f3aa779b599b16abce8cb03e7794/r_21",
            "rotation": 0.12566370614359174,
            "transform_matrix": [
                [
                    0.8357647657394409,
                    -0.21724358201026917,
                    0.504284143447876,
                    2.03283429145813
                ],
                [
                    0.549087643623352,
                    0.33066582679748535,
                    -0.7675694823265076,
                    -3.0941715240478516
                ],
                [
                    0.0,
                    0.9184037446975708,
                    0.3956446051597595,
                    1.5948944091796875
                ],
                [
                    0.0,
                    0.0,
                    0.0,
                    1.0
                ]
            ]
        },
        {
            "file_path": "/data/shapenet_blender/all_50_random/02958343/1355f3aa779b599b16abce8cb03e7794/r_22",
            "rotation": 0.12566370614359174,
            "transform_matrix": [
                [
                    0.6360945701599121,
                    0.07454334944486618,
                    -0.768001914024353,
                    -3.095914840698242
                ],
                [
                    -0.7716110944747925,
                    0.061451446264982224,
                    -0.6331192255020142,
                    -2.552185297012329
                ],
                [
                    0.0,
                    0.995322585105896,
                    0.09660739451646805,
                    0.38943687081336975
                ],
                [
                    0.0,
                    0.0,
                    0.0,
                    1.0
                ]
            ]
        },
        {
            "file_path": "/data/shapenet_blender/all_50_random/02958343/1355f3aa779b599b16abce8cb03e7794/r_23",
            "rotation": 0.12566370614359174,
            "transform_matrix": [
                [
                    0.9818075299263,
                    -0.0352306105196476,
                    -0.18658223748207092,
                    -0.7521370649337769
                ],
                [
                    -0.18987926840782166,
                    -0.1821667104959488,
                    -0.9647596478462219,
                    -3.889070510864258
                ],
                [
                    0.0,
                    0.9826362729072571,
                    -0.18554219603538513,
                    -0.7479445338249207
                ],
                [
                    0.0,
                    0.0,
                    0.0,
                    1.0
                ]
            ]
        },
        {
            "file_path": "/data/shapenet_blender/all_50_random/02958343/1355f3aa779b599b16abce8cb03e7794/r_24",
            "rotation": 0.12566370614359174,
            "transform_matrix": [
                [
                    0.46379491686820984,
                    0.028869248926639557,
                    0.8854720592498779,
                    3.5694522857666016
                ],
                [
                    0.8859426975250244,
                    -0.015113177709281445,
                    -0.4635485112667084,
                    -1.868623971939087
                ],
                [
                    -9.31322685637781e-10,
                    0.9994688630104065,
                    -0.03258591145277023,
                    -0.13135802745819092
                ],
                [
                    0.0,
                    0.0,
                    0.0,
                    1.0
                ]
            ]
        },
        {
            "file_path": "/data/shapenet_blender/all_50_random/02958343/1355f3aa779b599b16abce8cb03e7794/r_25",
            "rotation": 0.12566370614359174,
            "transform_matrix": [
                [
                    0.006961093749850988,
                    -0.20828306674957275,
                    0.978043794631958,
                    3.9426207542419434
                ],
                [
                    0.999975860118866,
                    0.0014499129028990865,
                    -0.006808418780565262,
                    -0.027445614337921143
                ],
                [
                    0.0,
                    0.9780674576759338,
                    0.20828811824321747,
                    0.8396362662315369
                ],
                [
                    0.0,
                    0.0,
                    0.0,
                    1.0
                ]
            ]
        },
        {
            "file_path": "/data/shapenet_blender/all_50_random/02958343/1355f3aa779b599b16abce8cb03e7794/r_26",
            "rotation": 0.12566370614359174,
            "transform_matrix": [
                [
                    0.9561254978179932,
                    0.10543577373027802,
                    -0.2733266055583954,
                    -1.1018147468566895
                ],
                [
                    -0.292957603931427,
                    0.3441106081008911,
                    -0.892055869102478,
                    -3.595992088317871
                ],
                [
                    -1.4901161193847656e-08,
                    0.9329904317855835,
                    0.3599011301994324,
                    1.450807809829712
                ],
                [
                    0.0,
                    0.0,
                    0.0,
                    1.0
                ]
            ]
        },
        {
            "file_path": "/data/shapenet_blender/all_50_random/02958343/1355f3aa779b599b16abce8cb03e7794/r_27",
            "rotation": 0.12566370614359174,
            "transform_matrix": [
                [
                    -0.9999983310699463,
                    0.0002531005593482405,
                    -0.0018131445394828916,
                    -0.007309019565582275
                ],
                [
                    -0.0018307247664779425,
                    -0.13825134932994843,
                    0.9903954863548279,
                    3.9924118518829346
                ],
                [
                    -2.9103828722010228e-11,
                    0.9903971552848816,
                    0.13825158774852753,
                    0.5573099851608276
                ],
                [
                    0.0,
                    0.0,
                    0.0,
                    1.0
                ]
            ]
        },
        {
            "file_path": "/data/shapenet_blender/all_50_random/02958343/1355f3aa779b599b16abce8cb03e7794/r_28",
            "rotation": 0.12566370614359174,
            "transform_matrix": [
                [
                    -0.3818536102771759,
                    -0.3283499777317047,
                    -0.8639294505119324,
                    -3.4826109409332275
                ],
                [
                    -0.9242228269577026,
                    0.13566167652606964,
                    0.35694268345832825,
                    1.4388819932937622
                ],
                [
                    0.0,
                    0.9347631335258484,
                    -0.35527145862579346,
                    -1.4321449995040894
                ],
                [
                    0.0,
                    0.0,
                    0.0,
                    1.0
                ]
            ]
        },
        {
            "file_path": "/data/shapenet_blender/all_50_random/02958343/1355f3aa779b599b16abce8cb03e7794/r_29",
            "rotation": 0.12566370614359174,
            "transform_matrix": [
                [
                    0.6461266279220581,
                    0.029895838350057602,
                    0.7626445293426514,
                    3.0743184089660645
                ],
                [
                    0.7632303237915039,
                    -0.025308873504400253,
                    -0.6456307768821716,
                    -2.602620840072632
                ],
                [
                    0.0,
                    0.9992324113845825,
                    -0.03917015343904495,
                    -0.15789994597434998
                ],
                [
                    0.0,
                    0.0,
                    0.0,
                    1.0
                ]
            ]
        },
        {
            "file_path": "/data/shapenet_blender/all_50_random/02958343/1355f3aa779b599b16abce8cb03e7794/r_30",
            "rotation": 0.12566370614359174,
            "transform_matrix": [
                [
                    0.8882375955581665,
                    0.3687813878059387,
                    0.2739238440990448,
                    1.1042224168777466
                ],
                [
                    0.45938441157341003,
                    -0.7130531668663025,
                    -0.5296424031257629,
                    -2.135056972503662
                ],
                [
                    0.0,
                    0.5962846279144287,
                    -0.8027730584144592,
                    -3.236081838607788
                ],
                [
                    0.0,
                    0.0,
                    0.0,
                    1.0
                ]
            ]
        },
        {
            "file_path": "/data/shapenet_blender/all_50_random/02958343/1355f3aa779b599b16abce8cb03e7794/r_31",
            "rotation": 0.12566370614359174,
            "transform_matrix": [
                [
                    -0.7379984855651855,
                    0.32612910866737366,
                    -0.5907605290412903,
                    -2.381432056427002
                ],
                [
                    -0.6748024225234985,
                    -0.3566714823246002,
                    0.6460859775543213,
                    2.6044561862945557
                ],
                [
                    1.4901161193847656e-08,
                    0.875457227230072,
                    0.48329564929008484,
                    1.9482271671295166
                ],
                [
                    0.0,
                    0.0,
                    0.0,
                    1.0
                ]
            ]
        },
        {
            "file_path": "/data/shapenet_blender/all_50_random/02958343/1355f3aa779b599b16abce8cb03e7794/r_32",
            "rotation": 0.12566370614359174,
            "transform_matrix": [
                [
                    -0.6151847839355469,
                    0.04276324808597565,
                    0.7872222661972046,
                    3.1733944416046143
                ],
                [
                    0.788382887840271,
                    0.033368684351444244,
                    0.6142791509628296,
                    2.476238489151001
                ],
                [
                    0.0,
                    0.9985278844833374,
                    -0.054241716861724854,
                    -0.21865534782409668
                ],
                [
                    0.0,
                    0.0,
                    0.0,
                    1.0
                ]
            ]
        },
        {
            "file_path": "/data/shapenet_blender/all_50_random/02958343/1355f3aa779b599b16abce8cb03e7794/r_33",
            "rotation": 0.12566370614359174,
            "transform_matrix": [
                [
                    -0.9987834692001343,
                    0.011042250320315361,
                    0.04805956035852432,
                    0.19373425841331482
                ],
                [
                    0.049311790615320206,
                    0.22365476191043854,
                    0.973420262336731,
                    3.9239821434020996
                ],
                [
                    9.313225746154785e-10,
                    0.9746057391166687,
                    -0.22392722964286804,
                    -0.902679443359375
                ],
                [
                    0.0,
                    0.0,
                    0.0,
                    1.0
                ]
            ]
        },
        {
            "file_path": "/data/shapenet_blender/all_50_random/02958343/1355f3aa779b599b16abce8cb03e7794/r_34",
            "rotation": 0.12566370614359174,
            "transform_matrix": [
                [
                    0.1460014134645462,
                    0.8083414435386658,
                    0.5703225135803223,
                    2.299043655395508
                ],
                [
                    0.989284336566925,
                    -0.11929734796285629,
                    -0.08416982740163803,
                    -0.33929944038391113
                ],
                [
                    0.0,
                    0.5764999389648438,
                    -0.8170970678329468,
                    -3.293823719024658
                ],
                [
                    0.0,
                    0.0,
                    0.0,
                    1.0
                ]
            ]
        },
        {
            "file_path": "/data/shapenet_blender/all_50_random/02958343/1355f3aa779b599b16abce8cb03e7794/r_35",
            "rotation": 0.12566370614359174,
            "transform_matrix": [
                [
                    -0.9324584007263184,
                    0.18332844972610474,
                    -0.31130701303482056,
                    -1.2549186944961548
                ],
                [
                    -0.36127743124961853,
                    -0.4731714129447937,
                    0.8034845590591431,
                    3.238949775695801
                ],
                [
                    0.0,
                    0.8616840839385986,
                    0.5074450373649597,
                    2.045576333999634
                ],
                [
                    0.0,
                    0.0,
                    0.0,
                    1.0
                ]
            ]
        },
        {
            "file_path": "/data/shapenet_blender/all_50_random/02958343/1355f3aa779b599b16abce8cb03e7794/r_36",
            "rotation": 0.12566370614359174,
            "transform_matrix": [
                [
                    -0.6144267320632935,
                    0.17227892577648163,
                    -0.769934892654419,
                    -3.1037068367004395
                ],
                [
                    -0.7889739871025085,
                    -0.13416512310504913,
                    0.5995997786521912,
                    2.4170639514923096
                ],
                [
                    -7.450581485102248e-09,
                    0.9758687019348145,
                    0.21835818886756897,
                    0.8802300095558167
                ],
                [
                    0.0,
                    0.0,
                    0.0,
                    1.0
                ]
            ]
        },
        {
            "file_path": "/data/shapenet_blender/all_50_random/02958343/1355f3aa779b599b16abce8cb03e7794/r_37",
            "rotation": 0.12566370614359174,
            "transform_matrix": [
                [
                    0.6834015250205994,
                    -0.04582054913043976,
                    0.7286033034324646,
                    2.937094211578369
                ],
                [
                    0.7300426959991455,
                    0.042893148958683014,
                    -0.6820540428161621,
                    -2.74944806098938
                ],
                [
                    0.0,
                    0.9980283975601196,
                    0.06276419013738632,
                    0.2530105710029602
                ],
                [
                    0.0,
                    0.0,
                    0.0,
                    1.0
                ]
            ]
        },
        {
            "file_path": "/data/shapenet_blender/all_50_random/02958343/1355f3aa779b599b16abce8cb03e7794/r_38",
            "rotation": 0.12566370614359174,
            "transform_matrix": [
                [
                    0.2258877158164978,
                    0.5196887850761414,
                    -0.8239527344703674,
                    -3.321460008621216
                ],
                [
                    -0.9741533398628235,
                    0.12050599604845047,
                    -0.19105903804302216,
                    -0.7701836824417114
                ],
                [
                    0.0,
                    0.8458141684532166,
                    0.5334773659706116,
                    2.1505162715911865
                ],
                [
                    0.0,
                    0.0,
                    0.0,
                    1.0
                ]
            ]
        },
        {
            "file_path": "/data/shapenet_blender/all_50_random/02958343/1355f3aa779b599b16abce8cb03e7794/r_39",
            "rotation": 0.12566370614359174,
            "transform_matrix": [
                [
                    0.8528845906257629,
                    0.2368251383304596,
                    0.4652974605560303,
                    1.8756740093231201
                ],
                [
                    0.522099494934082,
                    -0.38686975836753845,
                    -0.7600946426391602,
                    -3.064039468765259
                ],
                [
                    0.0,
                    0.8912044763565063,
                    -0.453601598739624,
                    -1.828526496887207
                ],
                [
                    0.0,
                    0.0,
                    0.0,
                    1.0
                ]
            ]
        },
        {
            "file_path": "/data/shapenet_blender/all_50_random/02958343/1355f3aa779b599b16abce8cb03e7794/r_40",
            "rotation": 0.12566370614359174,
            "transform_matrix": [
                [
                    0.9836562871932983,
                    -0.10302005708217621,
                    -0.14767275750637054,
                    -0.5952879190444946
                ],
                [
                    -0.1800566017627716,
                    -0.5628026127815247,
                    -0.8067420721054077,
                    -3.2520811557769775
                ],
                [
                    0.0,
                    0.820146381855011,
                    -0.5721537470817566,
                    -2.3064255714416504
                ],
                [
                    0.0,
                    0.0,
                    0.0,
                    1.0
                ]
            ]
        },
        {
            "file_path": "/data/shapenet_blender/all_50_random/02958343/1355f3aa779b599b16abce8cb03e7794/r_41",
            "rotation": 0.12566370614359174,
            "transform_matrix": [
                [
                    -0.9700291156768799,
                    -0.09216781705617905,
                    0.22483041882514954,
                    0.9063204526901245
                ],
                [
                    0.2429889440536499,
                    -0.36794042587280273,
                    0.897538959980011,
                    3.6180953979492188
                ],
                [
                    -7.450580596923828e-09,
                    0.9252701997756958,
