{
    "class": "02958343",
    "model": "fc1840952ac878c99b63159808b36877",
    "remove_doubles": true,
    "edge_split": true,
    "denoise": true,
    "camera_angle_x": 0.6911112070083618,
    "scale_factor": 2.3892065136760623,
    "hdri_file": "/data/IndoorHDRDataset2018/9C4A2521-399f8577dc.exr",
    "center_offset": [
        0.0,
        0.0,
        0.0
    ],
    "lights": [],
    "frames": [
        {
            "file_path": "/data/shapenet_blender/all_50_random/02958343/fc1840952ac878c99b63159808b36877/r_0",
            "rotation": 0.12566370614359174,
            "transform_matrix": [
                [
                    -0.06975718587636948,
                    -0.2656090259552002,
                    -0.9615537524223328,
                    -3.8761472702026367
                ],
                [
                    -0.9975640773773193,
                    0.018573381006717682,
                    0.06723906844854355,
                    0.2710493505001068
                ],
                [
                    0.0,
                    0.9639017581939697,
                    -0.266257643699646,
                    -1.0733188390731812
                ],
                [
                    0.0,
                    0.0,
                    0.0,
                    1.0
                ]
            ]
        },
        {
            "file_path": "/data/shapenet_blender/all_50_random/02958343/fc1840952ac878c99b63159808b36877/r_1",
            "rotation": 0.12566370614359174,
            "transform_matrix": [
                [
                    -0.5035042762756348,
                    0.19751930236816406,
                    -0.8411121368408203,
                    -3.3906314373016357
                ],
                [
                    -0.8639926910400391,
                    -0.11510723829269409,
                    0.49017030000686646,
                    1.9759396314620972
                ],
                [
                    0.0,
                    0.9735175967216492,
                    0.2286122441291809,
                    0.9215654134750366
                ],
                [
                    0.0,
                    0.0,
                    0.0,
                    1.0
                ]
            ]
        },
        {
            "file_path": "/data/shapenet_blender/all_50_random/02958343/fc1840952ac878c99b63159808b36877/r_2",
            "rotation": 0.12566370614359174,
            "transform_matrix": [
                [
                    -0.7194536924362183,
                    -0.17707756161689758,
                    -0.6715876460075378,
                    -2.707256317138672
                ],
                [
                    -0.6945404410362244,
                    0.18342934548854828,
                    0.6956775188446045,
                    2.804365873336792
                ],
                [
                    0.0,
                    0.9669525027275085,
                    -0.25495645403862,
                    -1.0277622938156128
                ],
                [
                    0.0,
                    0.0,
                    0.0,
                    1.0
                ]
            ]
        },
        {
            "file_path": "/data/shapenet_blender/all_50_random/02958343/fc1840952ac878c99b63159808b36877/r_3",
            "rotation": 0.12566370614359174,
            "transform_matrix": [
                [
                    -0.10965026915073395,
                    0.6587215662002563,
                    0.7443537712097168,
                    3.0005862712860107
                ],
                [
                    0.9939703345298767,
                    0.07266715168952942,
                    0.08211370557546616,
                    0.33101096749305725
                ],
                [
                    0.0,
                    0.7488692998886108,
                    -0.6627175807952881,
                    -2.6715002059936523
                ],
                [
                    0.0,
                    0.0,
                    0.0,
                    1.0
                ]
            ]
        },
        {
            "file_path": "/data/shapenet_blender/all_50_random/02958343/fc1840952ac878c99b63159808b36877/r_4",
            "rotation": 0.12566370614359174,
            "transform_matrix": [
                [
                    0.1422295868396759,
                    0.987436056137085,
                    0.06885252892971039,
                    0.2775534391403198
                ],
                [
                    0.9898337125778198,
                    -0.14188507199287415,
                    -0.009893447160720825,
                    -0.039881765842437744
                ],
                [
                    0.0,
                    0.06955932080745697,
                    -0.9975777268409729,
                    -4.021364688873291
                ],
                [
                    0.0,
                    0.0,
                    0.0,
                    1.0
                ]
            ]
        },
        {
            "file_path": "/data/shapenet_blender/all_50_random/02958343/fc1840952ac878c99b63159808b36877/r_5",
            "rotation": 0.12566370614359174,
            "transform_matrix": [
                [
                    -0.13277184963226318,
                    -0.38172608613967896,
                    0.9146894216537476,
                    3.6872310638427734
                ],
                [
                    0.9911466240882874,
                    -0.05113520473241806,
                    0.12252981960773468,
                    0.4939334988594055
                ],
                [
                    0.0,
                    0.922859787940979,
                    0.3851358890533447,
                    1.552532434463501
                ],
                [
                    0.0,
                    0.0,
                    0.0,
                    1.0
                ]
            ]
        },
        {
            "file_path": "/data/shapenet_blender/all_50_random/02958343/fc1840952ac878c99b63159808b36877/r_6",
            "rotation": 0.12566370614359174,
            "transform_matrix": [
                [
                    -0.9342769980430603,
                    0.08928210288286209,
                    -0.3451886773109436,
                    -1.3914998769760132
                ],
                [
                    -0.3565480411052704,
                    -0.2339494377374649,
                    0.9045116305351257,
                    3.646202564239502
                ],
                [
                    7.450580152834618e-09,
                    0.9681406617164612,
                    0.250406950712204,
                    1.0094225406646729
                ],
                [
                    0.0,
                    0.0,
                    0.0,
                    1.0
                ]
            ]
        },
        {
            "file_path": "/data/shapenet_blender/all_50_random/02958343/fc1840952ac878c99b63159808b36877/r_7",
            "rotation": 0.12566370614359174,
            "transform_matrix": [
                [
                    -0.5301634669303894,
                    0.6548495292663574,
                    -0.5386082530021667,
                    -2.171199321746826
                ],
                [
                    -0.8478955030441284,
                    -0.40945765376091003,
                    0.3367754817008972,
                    1.3575854301452637
                ],
                [
                    -1.4901161193847656e-08,
                    0.6352295875549316,
                    0.7723233699798584,
                    3.113335132598877
                ],
                [
                    0.0,
                    0.0,
                    0.0,
                    1.0
                ]
            ]
        },
        {
            "file_path": "/data/shapenet_blender/all_50_random/02958343/fc1840952ac878c99b63159808b36877/r_8",
            "rotation": 0.12566370614359174,
            "transform_matrix": [
                [
                    0.9605034589767456,
                    0.01071850210428238,
                    -0.2780614495277405,
                    -1.1209015846252441
                ],
                [
                    -0.27826792001724243,
                    0.03699728101491928,
                    -0.9597907066345215,
                    -3.869040012359619
                ],
                [
                    -9.313224635931761e-10,
                    0.9992578625679016,
                    0.03851864114403725,
                    0.15527361631393433
                ],
                [
                    0.0,
                    0.0,
                    0.0,
                    1.0
                ]
            ]
        },
        {
            "file_path": "/data/shapenet_blender/all_50_random/02958343/fc1840952ac878c99b63159808b36877/r_9",
            "rotation": 0.12566370614359174,
            "transform_matrix": [
                [
                    -0.9694387912750244,
                    -0.01727617159485817,
                    0.24472425878047943,
                    0.9865150451660156
                ],
                [
                    0.24533331394195557,
                    -0.0682670921087265,
                    0.9670321345329285,
                    3.898231267929077
                ],
                [
                    0.0,
                    0.9975175261497498,
                    0.07041918486356735,
                    0.28386881947517395
                ],
                [
                    0.0,
                    0.0,
                    0.0,
                    1.0
                ]
            ]
        },
        {
            "file_path": "/data/shapenet_blender/all_50_random/02958343/fc1840952ac878c99b63159808b36877/r_10",
            "rotation": 0.12566370614359174,
            "transform_matrix": [
                [
                    0.3012823164463043,
                    0.4497550427913666,
                    -0.8408028483390808,
                    -3.3893842697143555
                ],
                [
                    -0.9535350799560547,
                    0.14210620522499084,
                    -0.2656630575656891,
                    -1.0709218978881836
                ],
                [
                    7.450581485102248e-09,
                    0.8817743062973022,
                    0.47167134284973145,
                    1.9013677835464478
                ],
                [
                    0.0,
                    0.0,
                    0.0,
                    1.0
                ]
            ]
        },
        {
            "file_path": "/data/shapenet_blender/all_50_random/02958343/fc1840952ac878c99b63159808b36877/r_11",
            "rotation": 0.12566370614359174,
            "transform_matrix": [
                [
                    0.9647203087806702,
                    -0.2051643282175064,
                    0.16499188542366028,
                    0.665103554725647
                ],
                [
                    0.2632769048213959,
                    0.7517795562744141,
                    -0.6045765280723572,
                    -2.4371259212493896
                ],
                [
                    7.450580596923828e-09,
                    0.6266858577728271,
                    0.7792720198631287,
                    3.141345977783203
                ],
                [
                    0.0,
                    0.0,
                    0.0,
                    1.0
                ]
            ]
        },
        {
            "file_path": "/data/shapenet_blender/all_50_random/02958343/fc1840952ac878c99b63159808b36877/r_12",
            "rotation": 0.12566370614359174,
            "transform_matrix": [
                [
                    -0.6182407736778259,
                    0.644606351852417,
                    -0.4497343599796295,
                    -1.8129371404647827
                ],
                [
                    -0.7859887480735779,
                    -0.507032573223114,
                    0.3537507653236389,
                    1.4260149002075195
                ],
                [
                    1.4901160305669237e-08,
                    0.572189211845398,
                    0.8201215863227844,
                    3.306015968322754
                ],
                [
                    0.0,
                    0.0,
                    0.0,
                    1.0
                ]
            ]
        },
        {
            "file_path": "/data/shapenet_blender/all_50_random/02958343/fc1840952ac878c99b63159808b36877/r_13",
            "rotation": 0.12566370614359174,
            "transform_matrix": [
                [
                    -0.467518150806427,
                    0.6304137110710144,
                    0.6196816563606262,
                    2.498016595840454
                ],
                [
                    0.8839836120605469,
                    0.33341097831726074,
                    0.3277350664138794,
                    1.321142315864563
                ],
                [
                    1.4901162970204496e-08,
                    0.7010103464126587,
                    -0.7131510376930237,
                    -2.8748037815093994
                ],
                [
                    0.0,
                    0.0,
                    0.0,
                    1.0
                ]
            ]
        },
        {
            "file_path": "/data/shapenet_blender/all_50_random/02958343/fc1840952ac878c99b63159808b36877/r_14",
            "rotation": 0.12566370614359174,
            "transform_matrix": [
                [
                    0.5957135558128357,
                    0.07243664562702179,
                    -0.7999237775802612,
                    -3.2245962619781494
                ],
                [
                    -0.8031968474388123,
                    0.053724680095911026,
                    -0.5932860374450684,
                    -2.3916127681732178
                ],
                [
                    3.725290076417309e-09,
                    0.9959249496459961,
                    0.09018541127443314,
                    0.36354905366897583
                ],
                [
                    0.0,
                    0.0,
                    0.0,
                    1.0
                ]
            ]
        },
        {
            "file_path": "/data/shapenet_blender/all_50_random/02958343/fc1840952ac878c99b63159808b36877/r_15",
            "rotation": 0.12566370614359174,
            "transform_matrix": [
                [
                    -0.36204349994659424,
                    -0.202996164560318,
                    -0.9097895622253418,
                    -3.6674790382385254
                ],
                [
                    -0.932161271572113,
                    0.07884198427200317,
                    0.3533545434474945,
                    1.4244177341461182
                ],
                [
                    0.0,
                    0.9760002493858337,
                    -0.21776936948299408,
                    -0.877856433391571
                ],
                [
                    0.0,
                    0.0,
                    0.0,
                    1.0
                ]
            ]
        },
        {
            "file_path": "/data/shapenet_blender/all_50_random/02958343/fc1840952ac878c99b63159808b36877/r_16",
            "rotation": 0.12566370614359174,
            "transform_matrix": [
                [
                    0.8797127604484558,
                    0.3331758677959442,
                    -0.33926311135292053,
                    -1.3676133155822754
                ],
                [
                    -0.4755057096481323,
                    0.6163944005966187,
                    -0.6276561617851257,
                    -2.530162811279297
                ],
                [
                    0.0,
                    0.7134785056114197,
                    0.7006770372390747,
                    2.824519395828247
                ],
                [
                    0.0,
                    0.0,
                    0.0,
                    1.0
                ]
            ]
        },
        {
            "file_path": "/data/shapenet_blender/all_50_random/02958343/fc1840952ac878c99b63159808b36877/r_17",
            "rotation": 0.12566370614359174,
            "transform_matrix": [
                [
                    0.6263477802276611,
                    0.4313294291496277,
                    -0.6493406891822815,
                    -2.6175761222839355
                ],
                [
                    -0.7795438766479492,
                    0.34656456112861633,
                    -0.5217322111129761,
                    -2.1031699180603027
                ],
                [
                    1.4901162970204496e-08,
                    0.8329753279685974,
                    0.5533100962638855,
                    2.230464458465576
                ],
                [
                    0.0,
                    0.0,
                    0.0,
                    1.0
                ]
            ]
        },
        {
            "file_path": "/data/shapenet_blender/all_50_random/02958343/fc1840952ac878c99b63159808b36877/r_18",
            "rotation": 0.12566370614359174,
            "transform_matrix": [
                [
                    -0.9303887486457825,
                    0.025658970698714256,
                    -0.3656752407550812,
                    -1.4740839004516602
                ],
                [
                    -0.36657434701919556,
                    -0.06512407958507538,
                    0.9281067848205566,
                    3.7413177490234375
                ],
                [
                    0.0,
                    0.9975472092628479,
                    0.06999664753675461,
                    0.2821654677391052
                ],
                [
                    0.0,
                    0.0,
                    0.0,
                    1.0
                ]
            ]
        },
        {
            "file_path": "/data/shapenet_blender/all_50_random/02958343/fc1840952ac878c99b63159808b36877/r_19",
            "rotation": 0.12566370614359174,
            "transform_matrix": [
                [
                    0.03918840363621712,
                    0.055090878158807755,
                    0.9977120757102966,
                    4.021905422210693
                ],
                [
                    0.9992319345474243,
                    -0.002160583157092333,
                    -0.03912879526615143,
                    -0.15773320198059082
                ],
                [
                    2.3283067140944524e-10,
                    0.9984789490699768,
                    -0.055133238434791565,
                    -0.22224916517734528
                ],
                [
                    0.0,
                    0.0,
                    0.0,
                    1.0
                ]
            ]
        },
        {
            "file_path": "/data/shapenet_blender/all_50_random/02958343/fc1840952ac878c99b63159808b36877/r_20",
            "rotation": 0.12566370614359174,
            "transform_matrix": [
                [
                    0.2317144274711609,
                    0.6798319220542908,
                    0.6957995891571045,
                    2.8048579692840576
                ],
                [
                    0.9727838635444641,
                    -0.16193409264087677,
                    -0.16573753952980042,
                    -0.6681094169616699
                ],
                [
                    7.450580152834618e-09,
                    0.7152664065361023,
                    -0.6988518834114075,
                    -2.817162036895752
                ],
                [
                    0.0,
                    0.0,
                    0.0,
                    1.0
                ]
            ]
        },
        {
            "file_path": "/data/shapenet_blender/all_50_random/02958343/fc1840952ac878c99b63159808b36877/r_21",
            "rotation": 0.12566370614359174,
            "transform_matrix": [
                [
                    0.08346149325370789,
                    -0.49696508049964905,
                    0.8637474775314331,
                    3.4818778038024902
                ],
                [
                    0.9965109825134277,
                    0.041622672230005264,
                    -0.07234205305576324,
                    -0.2916201651096344
                ],
                [
                    -3.725290298461914e-09,
                    0.8667717576026917,
                    0.4987049996852875,
                    2.0103442668914795
                ],
                [
                    0.0,
                    0.0,
                    0.0,
                    1.0
                ]
            ]
        },
        {
            "file_path": "/data/shapenet_blender/all_50_random/02958343/fc1840952ac878c99b63159808b36877/r_22",
            "rotation": 0.12566370614359174,
            "transform_matrix": [
                [
                    0.5519508123397827,
                    0.40447553992271423,
                    0.7292117476463318,
                    2.939546585083008
                ],
                [
                    0.8338766694068909,
                    -0.2677261531352997,
                    -0.4826721251010895,
                    -1.9457135200500488
                ],
                [
                    0.0,
                    0.8744838833808899,
                    -0.48505446314811707,
                    -1.9553171396255493
                ],
                [
                    0.0,
                    0.0,
                    0.0,
                    1.0
                ]
            ]
        },
        {
            "file_path": "/data/shapenet_blender/all_50_random/02958343/fc1840952ac878c99b63159808b36877/r_23",
            "rotation": 0.12566370614359174,
            "transform_matrix": [
                [
                    0.9886359572410583,
                    0.10157943516969681,
                    -0.11081751435995102,
                    -0.4467196464538574
                ],
                [
                    -0.1503293216228485,
                    0.6680338978767395,
                    -0.7287878394126892,
                    -2.9378373622894287
                ],
                [
                    0.0,
                    0.7371649742126465,
                    0.6757128834724426,
                    2.7238855361938477
                ],
                [
                    0.0,
                    0.0,
                    0.0,
                    1.0
                ]
            ]
        },
        {
            "file_path": "/data/shapenet_blender/all_50_random/02958343/fc1840952ac878c99b63159808b36877/r_24",
            "rotation": 0.12566370614359174,
            "transform_matrix": [
                [
                    0.9989235401153564,
                    0.008021746762096882,
                    -0.045689862221479416,
                    -0.18418172001838684
                ],
                [
                    -0.04638870805501938,
                    0.17273840308189392,
                    -0.9838747382164001,
                    -3.966125726699829
                ],
                [
                    0.0,
                    0.9849349856376648,
                    0.17292456328868866,
                    0.6970812082290649
                ],
                [
                    0.0,
                    0.0,
                    0.0,
                    1.0
                ]
            ]
        },
        {
            "file_path": "/data/shapenet_blender/all_50_random/02958343/fc1840952ac878c99b63159808b36877/r_25",
            "rotation": 0.12566370614359174,
            "transform_matrix": [
                [
                    0.666566789150238,
                    0.2664053738117218,
                    -0.6962161064147949,
                    -2.80653715133667
                ],
                [
                    -0.7454453706741333,
                    0.23821592330932617,
                    -0.6225466132164001,
                    -2.509565830230713
                ],
                [
                    0.0,
                    0.9339600205421448,
                    0.35737740993499756,
                    1.4406344890594482
                ],
                [
                    0.0,
                    0.0,
                    0.0,
                    1.0
                ]
            ]
        },
        {
            "file_path": "/data/shapenet_blender/all_50_random/02958343/fc1840952ac878c99b63159808b36877/r_26",
            "rotation": 0.12566370614359174,
            "transform_matrix": [
                [
                    0.5735718607902527,
                    -0.5576644539833069,
                    -0.6000213027000427,
                    -2.4187633991241455
                ],
                [
                    -0.8191552758216858,
                    -0.3904762268066406,
                    -0.42013445496559143,
                    -1.693616271018982
                ],
                [
                    -1.4901161193847656e-08,
                    0.7324879169464111,
                    -0.6807798743247986,
                    -2.744311809539795
                ],
                [
                    0.0,
                    0.0,
                    0.0,
                    1.0
                ]
            ]
        },
        {
            "file_path": "/data/shapenet_blender/all_50_random/02958343/fc1840952ac878c99b63159808b36877/r_27",
            "rotation": 0.12566370614359174,
            "transform_matrix": [
                [
                    -0.8253995776176453,
                    -0.06246355548501015,
                    -0.5610828995704651,
                    -2.2617974281311035
                ],
                [
                    -0.5645491480827332,
                    0.09132488816976547,
                    0.8203316926956177,
                    3.3068628311157227
                ],
                [
                    -3.725290742551124e-09,
                    0.9938601851463318,
                    -0.11064325273036957,
                    -0.44601720571517944
                ],
                [
                    0.0,
                    0.0,
                    0.0,
                    1.0
                ]
            ]
        },
        {
            "file_path": "/data/shapenet_blender/all_50_random/02958343/fc1840952ac878c99b63159808b36877/r_28",
            "rotation": 0.12566370614359174,
            "transform_matrix": [
                [
                    0.09558401256799698,
                    0.9139907956123352,
                    0.39431506395339966,
                    1.589534878730774
                ],
                [
                    0.995421290397644,
                    -0.08776475489139557,
                    -0.037863582372665405,
                    -0.15263298153877258
                ],
                [
                    0.0,
                    0.3961288332939148,
                    -0.9181949496269226,
                    -3.701362133026123
                ],
                [
                    0.0,
                    0.0,
                    0.0,
                    1.0
                ]
            ]
        },
        {
            "file_path": "/data/shapenet_blender/all_50_random/02958343/fc1840952ac878c99b63159808b36877/r_29",
            "rotation": 0.12566370614359174,
            "transform_matrix": [
                [
                    -0.12437792122364044,
                    0.15916958451271057,
                    -0.9793850183486938,
                    -3.9480276107788086
                ],
                [
                    -0.9922349452972412,
                    -0.019952112808823586,
                    0.12276717275381088,
                    0.49489033222198486
                ],
                [
                    0.0,
                    0.9870495796203613,
                    0.16041523218154907,
                    0.6466545462608337
                ],
                [
                    0.0,
                    0.0,
                    0.0,
                    1.0
                ]
            ]
        },
        {
            "file_path": "/data/shapenet_blender/all_50_random/02958343/fc1840952ac878c99b63159808b36877/r_30",
            "rotation": 0.12566370614359174,
            "transform_matrix": [
                [
                    0.6431059837341309,
                    0.6566987633705139,
                    0.3939054310321808,
                    1.5878835916519165
                ],
                [
                    0.7657772898674011,
                    -0.5515009760856628,
                    -0.3308049738407135,
                    -1.3335175514221191
                ],
                [
                    1.4901162970204496e-08,
                    0.5143862962722778,
                    -0.85755854845047,
                    -3.4569289684295654
                ],
                [
                    0.0,
                    0.0,
                    0.0,
                    1.0
                ]
            ]
        },
        {
            "file_path": "/data/shapenet_blender/all_50_random/02958343/fc1840952ac878c99b63159808b36877/r_31",
            "rotation": 0.12566370614359174,
            "transform_matrix": [
                [
                    0.7621124982833862,
                    -0.3690301477909088,
                    0.5319786667823792,
                    2.144474744796753
                ],
                [
                    0.6474446654319763,
                    0.4343884587287903,
                    -0.6261965036392212,
                    -2.5242791175842285
                ],
                [
                    -1.4901161193847656e-08,
                    0.8216589689254761,
                    0.5699793696403503,
                    2.2976605892181396
                ],
                [
                    0.0,
                    0.0,
                    0.0,
                    1.0
                ]
            ]
        },
        {
            "file_path": "/data/shapenet_blender/all_50_random/02958343/fc1840952ac878c99b63159808b36877/r_32",
            "rotation": 0.12566370614359174,
            "transform_matrix": [
                [
                    -0.9021579623222351,
                    0.143418088555336,
                    0.40686869621276855,
                    1.640140175819397
                ],
                [
                    0.4314056932926178,
                    0.29991671442985535,
                    0.8508460521697998,
                    3.429870128631592
                ],
                [
                    -7.450580152834618e-09,
                    0.9431231021881104,
                    -0.3324436545372009,
                    -1.340123176574707
                ],
                [
                    0.0,
                    0.0,
                    0.0,
                    1.0
                ]
            ]
        },
        {
            "file_path": "/data/shapenet_blender/all_50_random/02958343/fc1840952ac878c99b63159808b36877/r_33",
            "rotation": 0.12566370614359174,
            "transform_matrix": [
                [
                    0.9678403735160828,
                    -0.20353980362415314,
                    -0.14784017205238342,
                    -0.5959628224372864
                ],
                [
                    -0.25156545639038086,
                    -0.7830726504325867,
                    -0.5687811374664307,
                    -2.292829990386963
                ],
                [
                    7.450581485102248e-09,
                    0.5876806974411011,
                    -0.8090928792953491,
                    -3.2615578174591064
                ],
                [
                    0.0,
                    0.0,
                    0.0,
                    1.0
                ]
            ]
        },
        {
            "file_path": "/data/shapenet_blender/all_50_random/02958343/fc1840952ac878c99b63159808b36877/r_34",
            "rotation": 0.12566370614359174,
            "transform_matrix": [
                [
                    0.08160930126905441,
                    0.08408693224191666,
                    0.9931108951568604,
                    4.003358364105225
                ],
                [
                    0.9966644048690796,
                    -0.006885242182761431,
                    -0.08131832629442215,
                    -0.32780468463897705
                ],
                [
                    4.6566125955216364e-10,
                    0.9964346885681152,
                    -0.08436834067106247,
                    -0.3400996923446655
                ],
                [
                    0.0,
                    0.0,
                    0.0,
                    1.0
                ]
            ]
        },
        {
            "file_path": "/data/shapenet_blender/all_50_random/02958343/fc1840952ac878c99b63159808b36877/r_35",
            "rotation": 0.12566370614359174,
            "transform_matrix": [
                [
                    0.98699551820755,
                    -0.06054890900850296,
                    -0.14890852570533752,
                    -0.6002694964408875
                ],
                [
                    -0.16074800491333008,
                    -0.37177133560180664,
                    -0.9143008589744568,
                    -3.685664653778076
                ],
                [
                    -3.725290298461914e-09,
                    0.9263476133346558,
                    -0.3766697347164154,
                    -1.518404245376587
                ],
                [
                    0.0,
                    0.0,
                    0.0,
                    1.0
                ]
            ]
        },
        {
            "file_path": "/data/shapenet_blender/all_50_random/02958343/fc1840952ac878c99b63159808b36877/r_36",
            "rotation": 0.12566370614359174,
            "transform_matrix": [
                [
                    0.10062362253665924,
                    0.1814567595720291,
                    -0.9782372713088989,
                    -3.9434008598327637
                ],
                [
                    -0.9949246644973755,
                    0.018351979553699493,
                    -0.09893590956926346,
                    -0.39882344007492065
                ],
                [
                    0.0,
                    0.9832276105880737,
                    0.18238243460655212,
                    0.735207200050354
                ],
                [
                    0.0,
                    0.0,
                    0.0,
                    1.0
                ]
            ]
        },
        {
            "file_path": "/data/shapenet_blender/all_50_random/02958343/fc1840952ac878c99b63159808b36877/r_37",
            "rotation": 0.12566370614359174,
            "transform_matrix": [
                [
                    -0.4622275233268738,
                    0.021120013669133186,
                    -0.8865099549293518,
                    -3.5736353397369385
                ],
                [
                    -0.8867613673210144,
                    -0.011008882895112038,
                    0.4620964527130127,
                    1.8627701997756958
                ],
                [
                    -9.313225191043273e-10,
                    0.9997164011001587,
                    0.023817023262381554,
                    0.09600947797298431
                ],
                [
                    0.0,
                    0.0,
                    0.0,
                    1.0
                ]
            ]
        },
        {
            "file_path": "/data/shapenet_blender/all_50_random/02958343/fc1840952ac878c99b63159808b36877/r_38",
            "rotation": 0.12566370614359174,
            "transform_matrix": [
                [
                    0.9145525693893433,
                    0.3767286241054535,
                    -0.14720432460308075,
                    -0.5933996438980103
                ],
                [
                    -0.40446701645851135,
                    0.8518324494361877,
                    -0.33284810185432434,
                    -1.3417537212371826
                ],
                [
                    0.0,
                    0.36394625902175903,
                    0.9314197897911072,
                    3.754673480987549
                ],
                [
                    0.0,
                    0.0,
                    0.0,
                    1.0
                ]
            ]
        },
        {
            "file_path": "/data/shapenet_blender/all_50_random/02958343/fc1840952ac878c99b63159808b36877/r_39",
            "rotation": 0.12566370614359174,
            "transform_matrix": [
                [
                    0.9307647943496704,
                    -0.32386651635169983,
                    -0.16966842114925385,
                    -0.6839553117752075
                ],
                [
                    -0.3656185269355774,
                    -0.8244756460189819,
                    -0.43192943930625916,
                    -1.7411632537841797
                ],
                [
                    0.0,
                    0.4640587568283081,
                    -0.8858045339584351,
                    -3.5707921981811523
                ],
                [
                    0.0,
                    0.0,
                    0.0,
                    1.0
                ]
            ]
        },
        {
            "file_path": "/data/shapenet_blender/all_50_random/02958343/fc1840952ac878c99b63159808b36877/r_40",
            "rotation": 0.12566370614359174,
            "transform_matrix": [
                [
                    -0.29747435450553894,
                    0.1179623007774353,
                    -0.9474143385887146,
                    -3.8191492557525635
                ],
                [
                    -0.9547297358512878,
                    -0.03675464913249016,
                    0.2951950132846832,
                    1.1899691820144653
                ],
                [
                    0.0,
                    0.9923376441001892,
                    0.12355568259954453,
                    0.4980688989162445
                ],
                [
                    0.0,
                    0.0,
                    0.0,
                    1.0
                ]
            ]
        },
        {
            "file_path": "/data/shapenet_blender/all_50_random/02958343/fc1840952ac878c99b63159808b36877/r_41",
            "rotation": 0.12566370614359174,
            "transform_matrix": [
                [
                    0.901119589805603,
                    0.35863393545150757,
                    -0.24364936351776123,
                    -0.9821819067001343
                ],
                [
                    -0.43357035517692566,
                    0.7453739643096924,
                    -0.5063934922218323,
                    -2.041337251663208
                ],
                [
