{
    "class": "02958343",
    "model": "93f82393df6d4b7c315a637e839f5286",
    "remove_doubles": true,
    "edge_split": true,
    "denoise": true,
    "camera_angle_x": 0.6911112070083618,
    "scale_factor": 2.2760300371863003,
    "hdri_file": "/data/IndoorHDRDataset2018/9C4A1665-5b87a04322.exr",
    "center_offset": [
        0.0,
        -1.862645149230957e-09,
        -3.725290298461914e-09
    ],
    "lights": [],
    "frames": [
        {
            "file_path": "/data/shapenet_blender/all_50_random/02958343/93f82393df6d4b7c315a637e839f5286/r_0",
            "rotation": 0.12566370614359174,
            "transform_matrix": [
                [
                    -0.5637258291244507,
                    -0.2507668733596802,
                    -0.7869746685028076,
                    -3.172396421432495
                ],
                [
                    -0.8259620070457458,
                    0.17115046083927155,
                    0.5371166467666626,
                    2.1651864051818848
                ],
                [
                    1.4901161193847656e-08,
                    0.9527976512908936,
                    -0.303605854511261,
                    -1.2238743305206299
                ],
                [
                    0.0,
                    0.0,
                    0.0,
                    1.0
                ]
            ]
        },
        {
            "file_path": "/data/shapenet_blender/all_50_random/02958343/93f82393df6d4b7c315a637e839f5286/r_1",
            "rotation": 0.12566370614359174,
            "transform_matrix": [
                [
                    -0.9980425834655762,
                    0.05535734072327614,
                    -0.029097402468323708,
                    -0.11729538440704346
                ],
                [
                    -0.0625387504696846,
                    -0.8834360241889954,
                    0.4643592834472656,
                    1.8718920946121216
                ],
                [
                    1.862645371275562e-09,
                    0.4652700126171112,
                    0.8851687908172607,
                    3.5682294368743896
                ],
                [
                    0.0,
                    0.0,
                    0.0,
                    1.0
                ]
            ]
        },
        {
            "file_path": "/data/shapenet_blender/all_50_random/02958343/93f82393df6d4b7c315a637e839f5286/r_2",
            "rotation": 0.12566370614359174,
            "transform_matrix": [
                [
                    -0.4041869640350342,
                    0.05896569415926933,
                    -0.9127737283706665,
                    -3.679508686065674
                ],
                [
                    -0.9146764278411865,
                    -0.026056388393044472,
                    0.4033461809158325,
                    1.6259404420852661
                ],
                [
                    0.0,
                    0.9979197978973389,
                    0.06446618586778641,
                    0.2598715126514435
                ],
                [
                    0.0,
                    0.0,
                    0.0,
                    1.0
                ]
            ]
        },
        {
            "file_path": "/data/shapenet_blender/all_50_random/02958343/93f82393df6d4b7c315a637e839f5286/r_3",
            "rotation": 0.12566370614359174,
            "transform_matrix": [
                [
                    -0.6515777707099915,
                    -0.4212478995323181,
                    -0.6308696269989014,
                    -2.543116807937622
                ],
                [
                    -0.7585816979408264,
                    0.361827552318573,
                    0.5418804883956909,
                    2.184390068054199
                ],
                [
                    0.0,
                    0.8316435217857361,
                    -0.5553097724914551,
                    -2.238525390625
                ],
                [
                    0.0,
                    0.0,
                    0.0,
                    1.0
                ]
            ]
        },
        {
            "file_path": "/data/shapenet_blender/all_50_random/02958343/93f82393df6d4b7c315a637e839f5286/r_4",
            "rotation": 0.12566370614359174,
            "transform_matrix": [
                [
                    0.822725772857666,
                    0.5535624623298645,
                    0.12919393181800842,
                    0.5207973718643188
                ],
                [
                    0.5684385895729065,
                    -0.8011948466300964,
                    -0.186987966299057,
                    -0.7537726163864136
                ],
                [
                    0.0,
                    0.2272784560918808,
                    -0.9738298058509827,
                    -3.925633430480957
                ],
                [
                    0.0,
                    0.0,
                    0.0,
                    1.0
                ]
            ]
        },
        {
            "file_path": "/data/shapenet_blender/all_50_random/02958343/93f82393df6d4b7c315a637e839f5286/r_5",
            "rotation": 0.12566370614359174,
            "transform_matrix": [
                [
                    -0.9819302558898926,
                    -0.06268072873353958,
                    -0.17856110632419586,
                    -0.7198028564453125
                ],
                [
                    -0.18924306333065033,
                    0.3252330422401428,
                    0.9265044927597046,
                    3.734858989715576
                ],
                [
                    -3.7252898543727042e-09,
                    0.9435543417930603,
                    -0.33121803402900696,
                    -1.335182547569275
                ],
                [
                    0.0,
                    0.0,
                    0.0,
                    1.0
                ]
            ]
        },
        {
            "file_path": "/data/shapenet_blender/all_50_random/02958343/93f82393df6d4b7c315a637e839f5286/r_6",
            "rotation": 0.12566370614359174,
            "transform_matrix": [
                [
                    -0.19121593236923218,
                    -0.4248993694782257,
                    -0.8848146796226501,
                    -3.5668017864227295
                ],
                [
                    -0.9815479516983032,
                    0.08277489989995956,
                    0.1723712682723999,
                    0.6948508024215698
                ],
                [
                    7.4505797087454084e-09,
                    0.901448130607605,
                    -0.4328870475292206,
                    -1.7450233697891235
                ],
                [
                    0.0,
                    0.0,
                    0.0,
                    1.0
                ]
            ]
        },
        {
            "file_path": "/data/shapenet_blender/all_50_random/02958343/93f82393df6d4b7c315a637e839f5286/r_7",
            "rotation": 0.12566370614359174,
            "transform_matrix": [
                [
                    0.761181116104126,
                    0.2707720994949341,
                    -0.5893096327781677,
                    -2.3755831718444824
                ],
                [
                    -0.6485394239425659,
                    0.31780117750167847,
                    -0.691663920879364,
                    -2.788186550140381
                ],
                [
                    0.0,
                    0.9086719155311584,
                    0.41751062870025635,
                    1.6830391883850098
                ],
                [
                    0.0,
                    0.0,
                    0.0,
                    1.0
                ]
            ]
        },
        {
            "file_path": "/data/shapenet_blender/all_50_random/02958343/93f82393df6d4b7c315a637e839f5286/r_8",
            "rotation": 0.12566370614359174,
            "transform_matrix": [
                [
                    0.3701331317424774,
                    -0.7921597361564636,
                    -0.4852672517299652,
                    -1.9561749696731567
                ],
                [
                    -0.9289788007736206,
                    -0.3156203031539917,
                    -0.1933450847864151,
                    -0.779399037361145
                ],
                [
                    0.0,
                    0.5223662257194519,
                    -0.852721095085144,
                    -3.4374289512634277
                ],
                [
                    0.0,
                    0.0,
                    0.0,
                    1.0
                ]
            ]
        },
        {
            "file_path": "/data/shapenet_blender/all_50_random/02958343/93f82393df6d4b7c315a637e839f5286/r_9",
            "rotation": 0.12566370614359174,
            "transform_matrix": [
                [
                    -0.9244410395622253,
                    -0.14603817462921143,
                    -0.35225221514701843,
                    -1.4199740886688232
                ],
                [
                    -0.38132503628730774,
                    0.3540383577346802,
                    0.8539602160453796,
                    3.4424238204956055
                ],
                [
                    0.0,
                    0.9237583875656128,
                    -0.38297560811042786,
                    -1.5438240766525269
                ],
                [
                    0.0,
                    0.0,
                    0.0,
                    1.0
                ]
            ]
        },
        {
            "file_path": "/data/shapenet_blender/all_50_random/02958343/93f82393df6d4b7c315a637e839f5286/r_10",
            "rotation": 0.12566370614359174,
            "transform_matrix": [
                [
                    -0.40242287516593933,
                    -0.08286257833242416,
                    0.9116958975791931,
                    3.675163984298706
                ],
                [
                    0.9154539108276367,
                    -0.036425426602363586,
                    0.400770902633667,
                    1.6155593395233154
                ],
                [
                    0.0,
                    0.9958949685096741,
                    0.09051529318094254,
                    0.3648788332939148
                ],
                [
                    0.0,
                    0.0,
                    0.0,
                    1.0
                ]
            ]
        },
        {
            "file_path": "/data/shapenet_blender/all_50_random/02958343/93f82393df6d4b7c315a637e839f5286/r_11",
            "rotation": 0.12566370614359174,
            "transform_matrix": [
                [
                    0.46495747566223145,
                    0.2428080290555954,
                    -0.8513863682746887,
                    -3.4320485591888428
                ],
                [
                    -0.8853331208229065,
                    0.127517431974411,
                    -0.44712936878204346,
                    -1.8024362325668335
                ],
                [
                    7.450581485102248e-09,
                    0.9616566896438599,
                    0.2742560803890228,
                    1.1055617332458496
                ],
                [
                    0.0,
                    0.0,
                    0.0,
                    1.0
                ]
            ]
        },
        {
            "file_path": "/data/shapenet_blender/all_50_random/02958343/93f82393df6d4b7c315a637e839f5286/r_12",
            "rotation": 0.12566370614359174,
            "transform_matrix": [
                [
                    -0.7038217782974243,
                    -0.2020425796508789,
                    0.6810387372970581,
                    2.7453548908233643
                ],
                [
                    0.7103766798973083,
                    -0.20017826557159424,
                    0.6747545599937439,
                    2.720022678375244
                ],
                [
                    0.0,
                    0.9587008953094482,
                    0.284416139125824,
                    1.1465181112289429
                ],
                [
                    0.0,
                    0.0,
                    0.0,
                    1.0
                ]
            ]
        },
        {
            "file_path": "/data/shapenet_blender/all_50_random/02958343/93f82393df6d4b7c315a637e839f5286/r_13",
            "rotation": 0.12566370614359174,
            "transform_matrix": [
                [
                    -0.49285823106765747,
                    -0.003511753398925066,
                    0.8701025247573853,
                    3.507495403289795
                ],
                [
                    0.8701096177101135,
                    -0.001989170676097274,
                    0.4928542375564575,
                    1.9867589473724365
                ],
                [
                    0.0,
                    0.9999918937683105,
                    0.0040359897539019585,
                    0.016269594430923462
                ],
                [
                    0.0,
                    0.0,
                    0.0,
                    1.0
                ]
            ]
        },
        {
            "file_path": "/data/shapenet_blender/all_50_random/02958343/93f82393df6d4b7c315a637e839f5286/r_14",
            "rotation": 0.12566370614359174,
            "transform_matrix": [
                [
                    -0.9204955101013184,
                    -0.36523985862731934,
                    0.13888101279735565,
                    0.559847354888916
                ],
                [
                    0.39075326919555664,
                    -0.8603937029838562,
                    0.3271613121032715,
                    1.3188295364379883
                ],
                [
                    0.0,
                    0.3554188311100006,
                    0.9347071051597595,
                    3.7679250240325928
                ],
                [
                    0.0,
                    0.0,
                    0.0,
                    1.0
                ]
            ]
        },
        {
            "file_path": "/data/shapenet_blender/all_50_random/02958343/93f82393df6d4b7c315a637e839f5286/r_15",
            "rotation": 0.12566370614359174,
            "transform_matrix": [
                [
                    -0.6309939026832581,
                    -0.6913542747497559,
                    -0.35196033120155334,
                    -1.418797492980957
                ],
                [
                    -0.7757878303527832,
                    0.5623190999031067,
                    0.28627005219459534,
                    1.153991460800171
                ],
                [
                    0.0,
                    0.4536811411380768,
                    -0.8911640644073486,
                    -3.5923972129821777
                ],
                [
                    0.0,
                    0.0,
                    0.0,
                    1.0
                ]
            ]
        },
        {
            "file_path": "/data/shapenet_blender/all_50_random/02958343/93f82393df6d4b7c315a637e839f5286/r_16",
            "rotation": 0.12566370614359174,
            "transform_matrix": [
                [
                    0.10713481158018112,
                    0.6369636654853821,
                    0.7634129524230957,
                    3.077416181564331
                ],
                [
                    0.9942444562911987,
                    -0.06863602250814438,
                    -0.08226156234741211,
                    -0.33160698413848877
                ],
                [
                    0.0,
                    0.7678322196006775,
                    -0.6406509280204773,
                    -2.5825467109680176
                ],
                [
                    0.0,
                    0.0,
                    0.0,
                    1.0
                ]
            ]
        },
        {
            "file_path": "/data/shapenet_blender/all_50_random/02958343/93f82393df6d4b7c315a637e839f5286/r_17",
            "rotation": 0.12566370614359174,
            "transform_matrix": [
                [
                    -0.25709831714630127,
                    -0.6503158211708069,
                    -0.7148355841636658,
                    -2.881594181060791
                ],
                [
                    -0.9663853049278259,
                    0.17301082611083984,
                    0.19017574191093445,
                    0.7666228413581848
                ],
                [
                    0.0,
                    0.7397003173828125,
                    -0.6729363799095154,
                    -2.712692975997925
                ],
                [
                    0.0,
                    0.0,
                    0.0,
                    1.0
                ]
            ]
        },
        {
            "file_path": "/data/shapenet_blender/all_50_random/02958343/93f82393df6d4b7c315a637e839f5286/r_18",
            "rotation": 0.12566370614359174,
            "transform_matrix": [
                [
                    0.21551048755645752,
                    0.08862055838108063,
                    0.9724719524383545,
                    3.9201598167419434
                ],
                [
                    0.9765015840530396,
                    -0.019558247178792953,
                    -0.2146211564540863,
                    -0.8651655316352844
                ],
                [
                    1.862645371275562e-09,
                    0.9958733320236206,
                    -0.09075313061475754,
                    -0.36583757400512695
                ],
                [
                    0.0,
                    0.0,
                    0.0,
                    1.0
                ]
            ]
        },
        {
            "file_path": "/data/shapenet_blender/all_50_random/02958343/93f82393df6d4b7c315a637e839f5286/r_19",
            "rotation": 0.12566370614359174,
            "transform_matrix": [
                [
                    0.99980628490448,
                    -0.002466753823682666,
                    0.019522611051797867,
                    0.07869815826416016
                ],
                [
                    0.01967783458530903,
                    0.12533268332481384,
                    -0.9919196367263794,
                    -3.9985556602478027
                ],
                [
                    2.328306020205062e-10,
                    0.9921116828918457,
                    0.12535695731639862,
                    0.5053300857543945
                ],
                [
                    0.0,
                    0.0,
                    0.0,
                    1.0
                ]
            ]
        },
        {
            "file_path": "/data/shapenet_blender/all_50_random/02958343/93f82393df6d4b7c315a637e839f5286/r_20",
            "rotation": 0.12566370614359174,
            "transform_matrix": [
                [
                    0.9538322687149048,
                    0.1667061150074005,
                    -0.2498263120651245,
                    -1.0070821046829224
                ],
                [
                    -0.3003399968147278,
                    0.5294321775436401,
                    -0.7934087514877319,
                    -3.1983330249786377
                ],
                [
                    0.0,
                    0.8318116068840027,
                    0.555057942867279,
                    2.2375102043151855
                ],
                [
                    0.0,
                    0.0,
                    0.0,
                    1.0
                ]
            ]
        },
        {
            "file_path": "/data/shapenet_blender/all_50_random/02958343/93f82393df6d4b7c315a637e839f5286/r_21",
            "rotation": 0.12566370614359174,
            "transform_matrix": [
                [
                    -0.9460383653640747,
                    -0.09563478827476501,
                    0.30962154269218445,
                    1.248124361038208
                ],
                [
                    0.3240548074245453,
                    -0.27919405698776245,
                    0.9039022326469421,
                    3.6437463760375977
                ],
                [
                    0.0,
                    0.9554604887962341,
                    0.29511916637420654,
                    1.1896634101867676
                ],
                [
                    0.0,
                    0.0,
                    0.0,
                    1.0
                ]
            ]
        },
        {
            "file_path": "/data/shapenet_blender/all_50_random/02958343/93f82393df6d4b7c315a637e839f5286/r_22",
            "rotation": 0.12566370614359174,
            "transform_matrix": [
                [
                    0.23956026136875153,
                    -0.16036009788513184,
                    0.9575466513633728,
                    3.8599939346313477
                ],
                [
                    0.970881462097168,
                    0.03956807777285576,
                    -0.2362699806690216,
                    -0.952434778213501
                ],
                [
                    -3.7252896323280993e-09,
                    0.9862651824951172,
                    0.1651696115732193,
                    0.6658200025558472
                ],
                [
                    0.0,
                    0.0,
                    0.0,
                    1.0
                ]
            ]
        },
        {
            "file_path": "/data/shapenet_blender/all_50_random/02958343/93f82393df6d4b7c315a637e839f5286/r_23",
            "rotation": 0.12566370614359174,
            "transform_matrix": [
                [
                    -0.8096738457679749,
                    0.3235843777656555,
                    -0.4896135926246643,
                    -1.9736956357955933
                ],
                [
                    -0.5868802666664124,
                    -0.4464246332645416,
                    0.675482451915741,
                    2.722957134246826
                ],
                [
                    0.0,
                    0.8342650532722473,
                    0.5513635277748108,
                    2.2226176261901855
                ],
                [
                    0.0,
                    0.0,
                    0.0,
                    1.0
                ]
            ]
        },
        {
            "file_path": "/data/shapenet_blender/all_50_random/02958343/93f82393df6d4b7c315a637e839f5286/r_24",
            "rotation": 0.12566370614359174,
            "transform_matrix": [
                [
                    0.7482029795646667,
                    0.1541014313697815,
                    0.6453254818916321,
                    2.6013903617858887
                ],
                [
                    0.6634699106216431,
                    -0.17378203570842743,
                    -0.7277413010597229,
                    -2.933619260787964
                ],
                [
                    0.0,
                    0.9726523160934448,
                    -0.2322658896446228,
                    -0.9362937808036804
                ],
                [
                    0.0,
                    0.0,
                    0.0,
                    1.0
                ]
            ]
        },
        {
            "file_path": "/data/shapenet_blender/all_50_random/02958343/93f82393df6d4b7c315a637e839f5286/r_25",
            "rotation": 0.12566370614359174,
            "transform_matrix": [
                [
                    -0.8624255061149597,
                    0.11539668589830399,
                    -0.4928548336029053,
                    -1.9867613315582275
                ],
                [
                    -0.5061840415000916,
                    -0.19661039113998413,
                    0.8397154808044434,
                    3.3850014209747314
                ],
                [
                    0.0,
                    0.9736672639846802,
                    0.22797377407550812,
                    0.9189916849136353
                ],
                [
                    0.0,
                    0.0,
                    0.0,
                    1.0
                ]
            ]
        },
        {
            "file_path": "/data/shapenet_blender/all_50_random/02958343/93f82393df6d4b7c315a637e839f5286/r_26",
            "rotation": 0.12566370614359174,
            "transform_matrix": [
                [
                    -0.835783839225769,
                    -0.2063092440366745,
                    0.5088241100311279,
                    2.051135540008545
                ],
                [
                    0.549058735370636,
                    -0.31404638290405273,
                    0.7745381593704224,
                    3.122263193130493
                ],
                [
                    0.0,
                    0.9267206192016602,
                    0.3757508099079132,
                    1.514699935913086
                ],
                [
                    0.0,
                    0.0,
                    0.0,
                    1.0
                ]
            ]
        },
        {
            "file_path": "/data/shapenet_blender/all_50_random/02958343/93f82393df6d4b7c315a637e839f5286/r_27",
            "rotation": 0.12566370614359174,
            "transform_matrix": [
                [
                    0.9349952340126038,
                    0.2488611489534378,
                    -0.25268954038619995,
                    -1.018624186515808
                ],
                [
                    -0.3546602427959442,
                    0.6560757160186768,
                    -0.6661685705184937,
                    -2.6854116916656494
                ],
                [
                    0.0,
                    0.7124834656715393,
                    0.701688826084137,
                    2.8285982608795166
                ],
                [
                    0.0,
                    0.0,
                    0.0,
                    1.0
                ]
            ]
        },
        {
            "file_path": "/data/shapenet_blender/all_50_random/02958343/93f82393df6d4b7c315a637e839f5286/r_28",
            "rotation": 0.12566370614359174,
            "transform_matrix": [
                [
                    0.7637879252433777,
                    0.08463257551193237,
                    -0.6398949027061462,
                    -2.579498767852783
                ],
                [
                    -0.6454674005508423,
                    0.1001465693116188,
                    -0.757193922996521,
                    -3.0523462295532227
                ],
                [
                    7.450580596923828e-09,
                    0.9913666844367981,
                    0.1311183124780655,
                    0.5285547971725464
                ],
                [
                    0.0,
                    0.0,
                    0.0,
                    1.0
                ]
            ]
        },
        {
            "file_path": "/data/shapenet_blender/all_50_random/02958343/93f82393df6d4b7c315a637e839f5286/r_29",
            "rotation": 0.12566370614359174,
            "transform_matrix": [
                [
                    -0.952987790107727,
                    0.06898648291826248,
                    0.2950509786605835,
                    1.1893885135650635
                ],
                [
                    0.3030085861682892,
                    0.21696837246418,
                    0.9279603958129883,
                    3.7407279014587402
                ],
                [
                    -7.4505797087454084e-09,
                    0.9737379550933838,
                    -0.22767172753810883,
                    -0.9177740812301636
                ],
                [
                    0.0,
                    0.0,
                    0.0,
                    1.0
                ]
            ]
        },
        {
            "file_path": "/data/shapenet_blender/all_50_random/02958343/93f82393df6d4b7c315a637e839f5286/r_30",
            "rotation": 0.12566370614359174,
            "transform_matrix": [
                [
                    0.808921754360199,
                    -0.17037563025951385,
                    -0.562687873840332,
                    -2.2682673931121826
                ],
                [
                    -0.5879161953926086,
                    -0.23442211747169495,
                    -0.7742097973823547,
                    -3.1209394931793213
                ],
                [
                    0.0,
                    0.9570885300636292,
                    -0.28979578614234924,
                    -1.1682041883468628
                ],
                [
                    0.0,
                    0.0,
                    0.0,
                    1.0
                ]
            ]
        },
        {
            "file_path": "/data/shapenet_blender/all_50_random/02958343/93f82393df6d4b7c315a637e839f5286/r_31",
            "rotation": 0.12566370614359174,
            "transform_matrix": [
                [
                    -0.3932347893714905,
                    -0.547029972076416,
                    -0.7390024065971375,
                    -2.9790139198303223
                ],
                [
                    -0.9194380640983582,
                    0.23395943641662598,
                    0.3160642087459564,
                    1.2740955352783203
                ],
                [
                    0.0,
                    0.8037545084953308,
                    -0.5949611663818359,
                    -2.3983652591705322
                ],
                [
                    0.0,
                    0.0,
                    0.0,
                    1.0
                ]
            ]
        },
        {
            "file_path": "/data/shapenet_blender/all_50_random/02958343/93f82393df6d4b7c315a637e839f5286/r_32",
            "rotation": 0.12566370614359174,
            "transform_matrix": [
                [
                    0.9090192914009094,
                    0.2448304146528244,
                    0.3372567594051361,
                    1.3595255613327026
                ],
                [
                    0.41675424575805664,
                    -0.5340211391448975,
                    -0.7356203198432922,
                    -2.9653806686401367
                ],
                [
                    1.4901162970204496e-08,
                    0.809246301651001,
                    -0.5874693989753723,
                    -2.3681652545928955
                ],
                [
                    0.0,
                    0.0,
                    0.0,
                    1.0
                ]
            ]
        },
        {
            "file_path": "/data/shapenet_blender/all_50_random/02958343/93f82393df6d4b7c315a637e839f5286/r_33",
            "rotation": 0.12566370614359174,
            "transform_matrix": [
                [
                    -0.9999560117721558,
                    -0.0023128243628889322,
                    0.009098990820348263,
                    0.036679208278656006
                ],
                [
                    0.0093883341178298,
                    -0.24634003639221191,
                    0.9691379070281982,
                    3.9067201614379883
                ],
                [
                    0.0,
                    0.9691805839538574,
                    0.24635089933872223,
                    0.9930722713470459
                ],
                [
                    0.0,
                    0.0,
                    0.0,
                    1.0
                ]
            ]
        },
        {
            "file_path": "/data/shapenet_blender/all_50_random/02958343/93f82393df6d4b7c315a637e839f5286/r_34",
            "rotation": 0.12566370614359174,
            "transform_matrix": [
                [
                    0.3949070870876312,
                    -0.029768910259008408,
                    0.918238639831543,
                    3.701538324356079
                ],
                [
                    0.9187211394309998,
                    0.01279599778354168,
                    -0.39469969272613525,
                    -1.5910853147506714
                ],
                [
                    0.0,
                    0.9994748830795288,
                    0.03240255266427994,
                    0.1306188702583313
                ],
                [
                    0.0,
                    0.0,
                    0.0,
                    1.0
                ]
            ]
        },
        {
            "file_path": "/data/shapenet_blender/all_50_random/02958343/93f82393df6d4b7c315a637e839f5286/r_35",
            "rotation": 0.12566370614359174,
            "transform_matrix": [
                [
                    0.2006467878818512,
                    0.41358864307403564,
                    -0.8880795836448669,
                    -3.579963207244873
                ],
                [
                    -0.9796637296676636,
                    0.08470787107944489,
                    -0.18188925087451935,
                    -0.7332190275192261
                ],
                [
                    0.0,
                    0.9065147638320923,
                    0.4221740961074829,
                    1.7018382549285889
                ],
                [
                    0.0,
                    0.0,
                    0.0,
                    1.0
                ]
            ]
        },
        {
            "file_path": "/data/shapenet_blender/all_50_random/02958343/93f82393df6d4b7c315a637e839f5286/r_36",
            "rotation": 0.12566370614359174,
            "transform_matrix": [
                [
                    0.5184046626091003,
                    0.5521700978279114,
                    -0.6529661417007446,
                    -2.6321909427642822
                ],
                [
                    -0.8551355600357056,
                    0.3347393870353699,
                    -0.3958444893360138,
                    -1.5957002639770508
                ],
                [
                    0.0,
                    0.7635822296142578,
                    0.6457105278968811,
                    2.602942705154419
                ],
                [
                    0.0,
                    0.0,
                    0.0,
                    1.0
                ]
            ]
        },
        {
            "file_path": "/data/shapenet_blender/all_50_random/02958343/93f82393df6d4b7c315a637e839f5286/r_37",
            "rotation": 0.12566370614359174,
            "transform_matrix": [
                [
                    0.846514105796814,
                    0.22725810110569,
                    -0.4814225137233734,
                    -1.940676212310791
                ],
                [
                    -0.5323663353919983,
                    0.36136242747306824,
                    -0.7655085325241089,
                    -3.0858635902404785
                ],
                [
                    -1.4901161193847656e-08,
                    0.9043068885803223,
                    0.42688295245170593,
                    1.7208201885223389
                ],
                [
                    0.0,
                    0.0,
                    0.0,
                    1.0
                ]
            ]
        },
        {
            "file_path": "/data/shapenet_blender/all_50_random/02958343/93f82393df6d4b7c315a637e839f5286/r_38",
            "rotation": 0.12566370614359174,
            "transform_matrix": [
                [
                    0.9029392004013062,
                    -0.19794012606143951,
                    -0.3814716935157776,
                    -1.5377615690231323
                ],
                [
                    -0.42976853251457214,
                    -0.41587015986442566,
                    -0.8014680743217468,
                    -3.230821132659912
                ],
                [
                    0.0,
                    0.8876213431358337,
                    -0.46057388186454773,
                    -1.8566327095031738
                ],
                [
                    0.0,
                    0.0,
                    0.0,
                    1.0
                ]
            ]
        },
        {
            "file_path": "/data/shapenet_blender/all_50_random/02958343/93f82393df6d4b7c315a637e839f5286/r_39",
            "rotation": 0.12566370614359174,
            "transform_matrix": [
                [
                    0.4480495750904083,
                    0.2639239430427551,
                    -0.8541637063026428,
                    -3.443244218826294
                ],
                [
                    -0.8940087556838989,
                    0.13227052986621857,
                    -0.4280804395675659,
                    -1.7256475687026978
                ],
                [
                    7.450580596923828e-09,
                    0.9554310441017151,
                    0.2952140271663666,
                    1.190045952796936
                ],
                [
                    0.0,
                    0.0,
                    0.0,
                    1.0
                ]
            ]
        },
        {
            "file_path": "/data/shapenet_blender/all_50_random/02958343/93f82393df6d4b7c315a637e839f5286/r_40",
            "rotation": 0.12566370614359174,
            "transform_matrix": [
                [
                    -0.03903014957904816,
                    -0.050154685974121094,
                    -0.9979785084724426,
                    -4.022980213165283
                ],
                [
                    -0.9992379546165466,
                    0.0019590379670262337,
                    0.03898095712065697,
                    0.15713727474212646
                ],
                [
                    2.328306020205062e-10,
                    0.9987396001815796,
                    -0.0501929335296154,
                    -0.2023341953754425
                ],
                [
                    0.0,
                    0.0,
                    0.0,
                    1.0
                ]
            ]
        },
        {
            "file_path": "/data/shapenet_blender/all_50_random/02958343/93f82393df6d4b7c315a637e839f5286/r_41",
            "rotation": 0.12566370614359174,
            "transform_matrix": [
                [
                    0.49102967977523804,
                    -0.6736133694648743,
                    0.5523900985717773,
                    2.2267556190490723
                ],
                [
                    0.8711428642272949,
                    0.37968993186950684,
                    -0.31136104464530945,
                    -1.255136489868164
                ],
                [
                    1.4901161193847656e-08,
                    0.6340980529785156,
                    0.773252546787262,
