{
    "class": "02958343",
    "model": "fc5d8e25052fb713f559279c88cd9a37",
    "remove_doubles": true,
    "edge_split": true,
    "denoise": true,
    "camera_angle_x": 0.6911112070083618,
    "scale_factor": 2.2557425434531067,
    "hdri_file": "/data/IndoorHDRDataset2018/9C4A7871-8cc9e64373.exr",
    "center_offset": [
        0.0,
        3.725290298461914e-09,
        3.725290298461914e-09
    ],
    "lights": [],
    "frames": [
        {
            "file_path": "/data/shapenet_blender/all_50_random/02958343/fc5d8e25052fb713f559279c88cd9a37/r_0",
            "rotation": 0.12566370614359174,
            "transform_matrix": [
                [
                    -0.12155742943286896,
                    0.32593339681625366,
                    -0.9375452995300293,
                    -3.7793660163879395
                ],
                [
                    -0.9925844669342041,
                    -0.03991561755537987,
                    0.11481702327728271,
                    0.4628422260284424
                ],
                [
                    3.725290742551124e-09,
                    0.9445496797561646,
                    0.3283684253692627,
                    1.323695421218872
                ],
                [
                    0.0,
                    0.0,
                    0.0,
                    1.0
                ]
            ]
        },
        {
            "file_path": "/data/shapenet_blender/all_50_random/02958343/fc5d8e25052fb713f559279c88cd9a37/r_1",
            "rotation": 0.12566370614359174,
            "transform_matrix": [
                [
                    0.39087265729904175,
                    -0.27846211194992065,
                    0.8773124814033508,
                    3.53656005859375
                ],
                [
                    0.920444667339325,
                    0.11825070530176163,
                    -0.37255629897117615,
                    -1.501822590827942
                ],
                [
                    -7.450580152834618e-09,
                    0.9531399011611938,
                    0.3025299310684204,
                    1.2195372581481934
                ],
                [
                    0.0,
                    0.0,
                    0.0,
                    1.0
                ]
            ]
        },
        {
            "file_path": "/data/shapenet_blender/all_50_random/02958343/fc5d8e25052fb713f559279c88cd9a37/r_2",
            "rotation": 0.12566370614359174,
            "transform_matrix": [
                [
                    -0.9939203262329102,
                    0.034721337258815765,
                    0.10448373854160309,
                    0.4211873710155487
                ],
                [
                    0.11010187119245529,
                    0.3134392499923706,
                    0.9432039260864258,
                    3.8021762371063232
                ],
                [
                    0.0,
                    0.9489732384681702,
                    -0.3153565526008606,
                    -1.2712428569793701
                ],
                [
                    0.0,
                    0.0,
                    0.0,
                    1.0
                ]
            ]
        },
        {
            "file_path": "/data/shapenet_blender/all_50_random/02958343/fc5d8e25052fb713f559279c88cd9a37/r_3",
            "rotation": 0.12566370614359174,
            "transform_matrix": [
                [
                    0.7230964303016663,
                    0.596729576587677,
                    -0.3479158580303192,
                    -1.4024937152862549
                ],
                [
                    -0.6907471418380737,
                    0.6246758103370667,
                    -0.36420953273773193,
                    -1.4681755304336548
                ],
                [
                    1.4901161193847656e-08,
                    0.503680408000946,
                    0.8638900518417358,
                    3.482452154159546
                ],
                [
                    0.0,
                    0.0,
                    0.0,
                    1.0
                ]
            ]
        },
        {
            "file_path": "/data/shapenet_blender/all_50_random/02958343/fc5d8e25052fb713f559279c88cd9a37/r_4",
            "rotation": 0.12566370614359174,
            "transform_matrix": [
                [
                    -0.7293882369995117,
                    -0.3422524034976959,
                    -0.592331051826477,
                    -2.3877627849578857
                ],
                [
                    -0.6841000318527222,
                    0.36490991711616516,
                    0.6315440535545349,
                    2.545835494995117
                ],
                [
                    1.4901161193847656e-08,
                    0.8658544421195984,
                    -0.5002959370613098,
                    -2.0167574882507324
                ],
                [
                    0.0,
                    0.0,
                    0.0,
                    1.0
                ]
            ]
        },
        {
            "file_path": "/data/shapenet_blender/all_50_random/02958343/fc5d8e25052fb713f559279c88cd9a37/r_5",
            "rotation": 0.12566370614359174,
            "transform_matrix": [
                [
                    -0.19097855687141418,
                    -0.5505210757255554,
                    -0.8126830458641052,
                    -3.2760298252105713
                ],
                [
                    -0.9815941452980042,
                    0.10710915178060532,
                    0.15811526775360107,
                    0.637382984161377
                ],
                [
                    0.0,
                    0.8279215097427368,
                    -0.5608439445495605,
                    -2.260833978652954
                ],
                [
                    0.0,
                    0.0,
                    0.0,
                    1.0
                ]
            ]
        },
        {
            "file_path": "/data/shapenet_blender/all_50_random/02958343/fc5d8e25052fb713f559279c88cd9a37/r_6",
            "rotation": 0.12566370614359174,
            "transform_matrix": [
                [
                    0.8328940272331238,
                    -0.4722592532634735,
                    0.28854596614837646,
                    1.1631660461425781
                ],
                [
                    0.5534325838088989,
                    0.7107313275337219,
                    -0.4342501759529114,
                    -1.7505184412002563
                ],
                [
                    0.0,
                    0.5213750004768372,
                    0.8533275723457336,
                    3.439873456954956
                ],
                [
                    0.0,
                    0.0,
                    0.0,
                    1.0
                ]
            ]
        },
        {
            "file_path": "/data/shapenet_blender/all_50_random/02958343/fc5d8e25052fb713f559279c88cd9a37/r_7",
            "rotation": 0.12566370614359174,
            "transform_matrix": [
                [
                    -0.35808029770851135,
                    -0.6272467970848083,
                    -0.6916211843490601,
                    -2.7880144119262695
                ],
                [
                    -0.9336907863616943,
                    0.2405557781457901,
                    0.2652440369129181,
                    1.0692330598831177
                ],
                [
                    -1.4901159417490817e-08,
                    0.7407390475273132,
                    -0.6717928051948547,
                    -2.7080836296081543
                ],
                [
                    0.0,
                    0.0,
                    0.0,
                    1.0
                ]
            ]
        },
        {
            "file_path": "/data/shapenet_blender/all_50_random/02958343/fc5d8e25052fb713f559279c88cd9a37/r_8",
            "rotation": 0.12566370614359174,
            "transform_matrix": [
                [
                    0.22529147565364838,
                    -0.11568820476531982,
                    0.967398464679718,
                    3.8997082710266113
                ],
                [
                    0.9742913246154785,
                    0.026751305907964706,
                    -0.22369758784770966,
                    -0.9017539024353027
                ],
                [
                    0.0,
                    0.9929252862930298,
                    0.11874085664749146,
                    0.4786597192287445
                ],
                [
                    0.0,
                    0.0,
                    0.0,
                    1.0
                ]
            ]
        },
        {
            "file_path": "/data/shapenet_blender/all_50_random/02958343/fc5d8e25052fb713f559279c88cd9a37/r_9",
            "rotation": 0.12566370614359174,
            "transform_matrix": [
                [
                    0.6364670395851135,
                    -0.018206877633929253,
                    0.7710889577865601,
                    3.1083593368530273
                ],
                [
                    0.7713040113449097,
                    0.015024008229374886,
                    -0.6362895965576172,
                    -2.5649657249450684
                ],
                [
                    0.0,
                    0.9997212290763855,
                    0.02360532246530056,
                    0.09515610337257385
                ],
                [
                    0.0,
                    0.0,
                    0.0,
                    1.0
                ]
            ]
        },
        {
            "file_path": "/data/shapenet_blender/all_50_random/02958343/fc5d8e25052fb713f559279c88cd9a37/r_10",
            "rotation": 0.12566370614359174,
            "transform_matrix": [
                [
                    -0.4630787670612335,
                    0.015644460916519165,
                    0.8861791491508484,
                    3.5723018646240234
                ],
                [
                    0.8863171339035034,
                    0.008173844777047634,
                    0.4630067050457001,
                    1.8664394617080688
                ],
                [
                    -4.6566123179658803e-10,
                    0.9998441338539124,
                    -0.017651092261075974,
                    -0.07115381956100464
                ],
                [
                    0.0,
                    0.0,
                    0.0,
                    1.0
                ]
            ]
        },
        {
            "file_path": "/data/shapenet_blender/all_50_random/02958343/fc5d8e25052fb713f559279c88cd9a37/r_11",
            "rotation": 0.12566370614359174,
            "transform_matrix": [
                [
                    0.1467715948820114,
                    0.512039065361023,
                    0.8463297486305237,
                    3.4116642475128174
                ],
                [
                    0.9891704320907593,
                    -0.07597558200359344,
                    -0.12557712197303772,
                    -0.5062175989151001
                ],
                [
                    0.0,
                    0.8555954694747925,
                    -0.5176449418067932,
                    -2.086693525314331
                ],
                [
                    0.0,
                    0.0,
                    0.0,
                    1.0
                ]
            ]
        },
        {
            "file_path": "/data/shapenet_blender/all_50_random/02958343/fc5d8e25052fb713f559279c88cd9a37/r_12",
            "rotation": 0.12566370614359174,
            "transform_matrix": [
                [
                    0.9001660943031311,
                    0.005264350678771734,
                    0.43551480770111084,
                    1.7556164264678955
                ],
                [
                    0.4355466365814209,
                    -0.010880098678171635,
                    -0.9001003503799438,
                    -3.628420829772949
                ],
                [
                    4.6566125955216364e-10,
                    0.9999269843101501,
                    -0.01208676490932703,
                    -0.048723310232162476
                ],
                [
                    0.0,
                    0.0,
                    0.0,
                    1.0
                ]
            ]
        },
        {
            "file_path": "/data/shapenet_blender/all_50_random/02958343/fc5d8e25052fb713f559279c88cd9a37/r_13",
            "rotation": 0.12566370614359174,
            "transform_matrix": [
                [
                    -0.9140974879264832,
                    0.23365920782089233,
                    -0.33140459656715393,
                    -1.3359346389770508
                ],
                [
                    -0.4054943025112152,
                    -0.5267331004142761,
                    0.7470785975456238,
                    3.0115702152252197
                ],
                [
                    1.4901160305669237e-08,
                    0.817285418510437,
                    0.5762330293655396,
                    2.3228695392608643
                ],
                [
                    0.0,
                    0.0,
                    0.0,
                    1.0
                ]
            ]
        },
        {
            "file_path": "/data/shapenet_blender/all_50_random/02958343/fc5d8e25052fb713f559279c88cd9a37/r_14",
            "rotation": 0.12566370614359174,
            "transform_matrix": [
                [
                    0.8330745697021484,
                    -0.5295157432556152,
                    -0.15999945998191833,
                    -0.6449784636497498
                ],
                [
                    -0.5531606674194336,
                    -0.7974646687507629,
                    -0.2409633994102478,
                    -0.9713545441627502
                ],
                [
                    0.0,
                    0.2892458140850067,
                    -0.9572548270225525,
                    -3.8588175773620605
                ],
                [
                    0.0,
                    0.0,
                    0.0,
                    1.0
                ]
            ]
        },
        {
            "file_path": "/data/shapenet_blender/all_50_random/02958343/fc5d8e25052fb713f559279c88cd9a37/r_15",
            "rotation": 0.12566370614359174,
            "transform_matrix": [
                [
                    -0.3710673749446869,
                    0.8843051791191101,
                    0.28339600563049316,
                    1.1424058675765991
                ],
                [
                    0.9286059737205505,
                    0.3533649444580078,
                    0.1132439598441124,
                    0.4565010070800781
                ],
                [
                    0.0,
                    0.30518436431884766,
                    -0.9522932767868042,
                    -3.8388168811798096
                ],
                [
                    0.0,
                    0.0,
                    0.0,
                    1.0
                ]
            ]
        },
        {
            "file_path": "/data/shapenet_blender/all_50_random/02958343/fc5d8e25052fb713f559279c88cd9a37/r_16",
            "rotation": 0.12566370614359174,
            "transform_matrix": [
                [
                    -0.7883026599884033,
                    -0.24420075118541718,
                    0.5647520422935486,
                    2.2765884399414062
                ],
                [
                    0.6152876615524292,
                    -0.3128684163093567,
                    0.7235566973686218,
                    2.91675066947937
                ],
                [
                    0.0,
                    0.9178667664527893,
                    0.3968886733055115,
                    1.5999095439910889
                ],
                [
                    0.0,
                    0.0,
                    0.0,
                    1.0
                ]
            ]
        },
        {
            "file_path": "/data/shapenet_blender/all_50_random/02958343/fc5d8e25052fb713f559279c88cd9a37/r_17",
            "rotation": 0.12566370614359174,
            "transform_matrix": [
                [
                    -0.30260396003723145,
                    0.15272630751132965,
                    -0.9408003687858582,
                    -3.792487859725952
                ],
                [
                    -0.953116238117218,
                    -0.048488929867744446,
                    0.29869377613067627,
                    1.204073190689087
                ],
                [
                    -3.7252898543727042e-09,
                    0.9870782494544983,
                    0.16023887693881989,
                    0.6459436416625977
                ],
                [
                    0.0,
                    0.0,
                    0.0,
                    1.0
                ]
            ]
        },
        {
            "file_path": "/data/shapenet_blender/all_50_random/02958343/fc5d8e25052fb713f559279c88cd9a37/r_18",
            "rotation": 0.12566370614359174,
            "transform_matrix": [
                [
                    0.3137143552303314,
                    0.8779729008674622,
                    -0.36158931255340576,
                    -1.457613229751587
                ],
                [
                    -0.9495174288749695,
                    0.29007652401924133,
                    -0.11946675926446915,
                    -0.48158594965934753
                ],
                [
                    0.0,
                    0.3808138370513916,
                    0.9246517419815063,
                    3.7273905277252197
                ],
                [
                    0.0,
                    0.0,
                    0.0,
                    1.0
                ]
            ]
        },
        {
            "file_path": "/data/shapenet_blender/all_50_random/02958343/fc5d8e25052fb713f559279c88cd9a37/r_19",
            "rotation": 0.12566370614359174,
            "transform_matrix": [
                [
                    -0.9641864895820618,
                    0.024529429152607918,
                    -0.2640882730484009,
                    -1.0645737648010254
                ],
                [
                    -0.26522496342658997,
                    -0.08917313814163208,
                    0.9600541591644287,
                    3.8701016902923584
                ],
                [
                    0.0,
                    0.9957139492034912,
                    0.09248536825180054,
                    0.3728204071521759
                ],
                [
                    0.0,
                    0.0,
                    0.0,
                    1.0
                ]
            ]
        },
        {
            "file_path": "/data/shapenet_blender/all_50_random/02958343/fc5d8e25052fb713f559279c88cd9a37/r_20",
            "rotation": 0.12566370614359174,
            "transform_matrix": [
                [
                    0.9940920472145081,
                    -0.01279726717621088,
                    0.10778345912694931,
                    0.43448901176452637
                ],
                [
                    0.10854052007198334,
                    0.11720656603574753,
                    -0.9871582984924316,
                    -3.9793624877929688
                ],
                [
                    0.0,
                    0.9930251240730286,
                    0.11790313571691513,
                    0.4752827286720276
                ],
                [
                    0.0,
                    0.0,
                    0.0,
                    1.0
                ]
            ]
        },
        {
            "file_path": "/data/shapenet_blender/all_50_random/02958343/fc5d8e25052fb713f559279c88cd9a37/r_21",
            "rotation": 0.12566370614359174,
            "transform_matrix": [
                [
                    0.997259259223938,
                    -0.0114369448274374,
                    -0.07309744507074356,
                    -0.29466521739959717
                ],
                [
                    -0.07398675382137299,
                    -0.15415731072425842,
                    -0.9852723479270935,
                    -3.971759796142578
                ],
                [
                    0.0,
                    0.98798006772995,
                    -0.1545809954404831,
                    -0.6231359243392944
                ],
                [
                    0.0,
                    0.0,
                    0.0,
                    1.0
                ]
            ]
        },
        {
            "file_path": "/data/shapenet_blender/all_50_random/02958343/fc5d8e25052fb713f559279c88cd9a37/r_22",
            "rotation": 0.12566370614359174,
            "transform_matrix": [
                [
                    0.719907820224762,
                    -0.11174416542053223,
                    0.6850153207778931,
                    2.761385202407837
                ],
                [
                    0.6940697431564331,
                    0.1159040629863739,
                    -0.7105163335800171,
                    -2.864182949066162
                ],
                [
                    -7.450580596923828e-09,
                    0.9869546890258789,
                    0.16099847853183746,
                    0.649005651473999
                ],
                [
                    0.0,
                    0.0,
                    0.0,
                    1.0
                ]
            ]
        },
        {
            "file_path": "/data/shapenet_blender/all_50_random/02958343/fc5d8e25052fb713f559279c88cd9a37/r_23",
            "rotation": 0.12566370614359174,
            "transform_matrix": [
                [
                    -0.5997262597084045,
                    -0.18755508959293365,
                    -0.777914822101593,
                    -3.1358749866485596
                ],
                [
                    -0.8002052307128906,
                    0.14056608080863953,
                    0.5830203294754028,
                    2.3502302169799805
                ],
                [
                    7.450580596923828e-09,
                    0.9721441864967346,
                    -0.2343837171792984,
                    -0.9448310136795044
                ],
                [
                    0.0,
                    0.0,
                    0.0,
                    1.0
                ]
            ]
        },
        {
            "file_path": "/data/shapenet_blender/all_50_random/02958343/fc5d8e25052fb713f559279c88cd9a37/r_24",
            "rotation": 0.12566370614359174,
            "transform_matrix": [
                [
                    -0.9709701538085938,
                    -0.11895845830440521,
                    0.20752327144145966,
                    0.8365530967712402
                ],
                [
                    0.23920083045959473,
                    -0.4828792214393616,
                    0.8423838019371033,
                    3.3957579135894775
                ],
                [
                    0.0,
                    0.8675691485404968,
                    0.49731630086898804,
                    2.004746198654175
                ],
                [
                    0.0,
                    0.0,
                    0.0,
                    1.0
                ]
            ]
        },
        {
            "file_path": "/data/shapenet_blender/all_50_random/02958343/fc5d8e25052fb713f559279c88cd9a37/r_25",
            "rotation": 0.12566370614359174,
            "transform_matrix": [
                [
                    -0.7355685234069824,
                    -0.5572797060012817,
                    -0.38519883155822754,
                    -1.552786111831665
                ],
                [
                    -0.6774502396583557,
                    0.6050885915756226,
                    0.41824495792388916,
                    1.6859993934631348
                ],
                [
                    0.0,
                    0.5686008334159851,
                    -0.822613537311554,
                    -3.31606125831604
                ],
                [
                    0.0,
                    0.0,
                    0.0,
                    1.0
                ]
            ]
        },
        {
            "file_path": "/data/shapenet_blender/all_50_random/02958343/fc5d8e25052fb713f559279c88cd9a37/r_26",
            "rotation": 0.12566370614359174,
            "transform_matrix": [
                [
                    -0.9383127689361572,
                    -0.06965339928865433,
                    0.3386997878551483,
                    1.365342617034912
                ],
                [
                    0.34578776359558105,
                    -0.18900805711746216,
                    0.9190792441368103,
                    3.7049272060394287
                ],
                [
                    -7.450580596923828e-09,
                    0.9795020222663879,
                    0.2014339715242386,
                    0.8120063543319702
                ],
                [
                    0.0,
                    0.0,
                    0.0,
                    1.0
                ]
            ]
        },
        {
            "file_path": "/data/shapenet_blender/all_50_random/02958343/fc5d8e25052fb713f559279c88cd9a37/r_27",
            "rotation": 0.12566370614359174,
            "transform_matrix": [
                [
                    -0.035744063556194305,
                    0.047010716050863266,
                    0.9982545971870422,
                    4.024093151092529
                ],
                [
                    0.999360978603363,
                    0.001681428519077599,
                    0.035704489797353745,
                    0.14392942190170288
                ],
                [
                    0.0,
                    0.9988930225372314,
                    -0.04704077169299126,
                    -0.18962742388248444
                ],
                [
                    0.0,
                    0.0,
                    0.0,
                    1.0
                ]
            ]
        },
        {
            "file_path": "/data/shapenet_blender/all_50_random/02958343/fc5d8e25052fb713f559279c88cd9a37/r_28",
            "rotation": 0.12566370614359174,
            "transform_matrix": [
                [
                    -0.98577880859375,
                    -0.0964009240269661,
                    -0.1376488208770752,
                    -0.5548802018165588
                ],
                [
                    -0.16804863512516022,
                    0.5654909014701843,
                    0.8074524998664856,
                    3.2549452781677246
                ],
                [
                    -7.450581485102248e-09,
                    0.8191011548042297,
                    -0.5736489295959473,
                    -2.312453031539917
                ],
                [
                    0.0,
                    0.0,
                    0.0,
                    1.0
                ]
            ]
        },
        {
            "file_path": "/data/shapenet_blender/all_50_random/02958343/fc5d8e25052fb713f559279c88cd9a37/r_29",
            "rotation": 0.12566370614359174,
            "transform_matrix": [
                [
                    0.5244842171669006,
                    -0.17997953295707703,
                    -0.8321800827980042,
                    -3.3546252250671387
                ],
                [
                    -0.8514202237129211,
                    -0.1108693778514862,
                    -0.5126321315765381,
                    -2.066486120223999
                ],
                [
                    0.0,
                    0.9774023294448853,
                    -0.21138744056224823,
                    -0.8521300554275513
                ],
                [
                    0.0,
                    0.0,
                    0.0,
                    1.0
                ]
            ]
        },
        {
            "file_path": "/data/shapenet_blender/all_50_random/02958343/fc5d8e25052fb713f559279c88cd9a37/r_30",
            "rotation": 0.12566370614359174,
            "transform_matrix": [
                [
                    -0.9086877703666687,
                    -0.396221786737442,
                    0.1315104365348816,
                    0.5301355123519897
                ],
                [
                    0.417476624250412,
                    -0.8624240756034851,
                    0.28624817728996277,
                    1.1539033651351929
                ],
                [
                    0.0,
                    0.31501275300979614,
                    0.949087381362915,
                    3.8258936405181885
                ],
                [
                    0.0,
                    0.0,
                    0.0,
                    1.0
                ]
            ]
        },
        {
            "file_path": "/data/shapenet_blender/all_50_random/02958343/fc5d8e25052fb713f559279c88cd9a37/r_31",
            "rotation": 0.12566370614359174,
            "transform_matrix": [
                [
                    -0.49722206592559814,
                    0.344223290681839,
                    0.796417236328125,
                    3.210460662841797
                ],
                [
                    0.8676232695579529,
                    0.1972692757844925,
                    0.45641496777534485,
                    1.8398675918579102
                ],
                [
                    0.0,
                    0.9179298281669617,
                    -0.39674273133277893,
                    -1.5993211269378662
                ],
                [
                    0.0,
                    0.0,
                    0.0,
                    1.0
                ]
            ]
        },
        {
            "file_path": "/data/shapenet_blender/all_50_random/02958343/fc5d8e25052fb713f559279c88cd9a37/r_32",
            "rotation": 0.12566370614359174,
            "transform_matrix": [
                [
                    -0.9096562266349792,
                    0.22515830397605896,
                    -0.34904032945632935,
                    -1.4070265293121338
                ],
                [
                    -0.41536179184913635,
                    -0.4931042492389679,
                    0.7644100785255432,
                    3.0814356803894043
                ],
                [
                    0.0,
                    0.8403285145759583,
                    0.5420775413513184,
                    2.1851844787597656
                ],
                [
                    0.0,
                    0.0,
                    0.0,
                    1.0
                ]
            ]
        },
        {
            "file_path": "/data/shapenet_blender/all_50_random/02958343/fc5d8e25052fb713f559279c88cd9a37/r_33",
            "rotation": 0.12566370614359174,
            "transform_matrix": [
                [
                    0.3083195984363556,
                    0.35030069947242737,
                    -0.8844366669654846,
                    -3.5652787685394287
                ],
                [
                    -0.9512828588485718,
                    0.11353570967912674,
                    -0.28665414452552795,
                    -1.1555399894714355
                ],
                [
                    0.0,
                    0.9297306537628174,
                    0.36824026703834534,
                    1.484424114227295
                ],
                [
                    0.0,
                    0.0,
                    0.0,
                    1.0
                ]
            ]
        },
        {
            "file_path": "/data/shapenet_blender/all_50_random/02958343/fc5d8e25052fb713f559279c88cd9a37/r_34",
            "rotation": 0.12566370614359174,
            "transform_matrix": [
                [
                    0.8946361541748047,
                    0.03452340140938759,
                    0.44545978307724,
                    1.795705795288086
                ],
                [
                    0.44679558277130127,
                    -0.06912753731012344,
                    -0.891961395740509,
                    -3.595611333847046
                ],
                [
                    -3.725290298461914e-09,
                    0.9970102906227112,
                    -0.07726889848709106,
                    -0.31148087978363037
                ],
                [
                    0.0,
                    0.0,
                    0.0,
                    1.0
                ]
            ]
        },
        {
            "file_path": "/data/shapenet_blender/all_50_random/02958343/fc5d8e25052fb713f559279c88cd9a37/r_35",
            "rotation": 0.12566370614359174,
            "transform_matrix": [
                [
                    -0.9958279728889465,
                    -0.0011991941137239337,
                    -0.09124258905649185,
                    -0.36781060695648193
                ],
                [
                    -0.0912504643201828,
                    0.013086959719657898,
                    0.9957420825958252,
                    4.0139641761779785
                ],
                [
                    1.1641530794914701e-10,
                    0.9999136924743652,
                    -0.01314178854227066,
                    -0.05297623947262764
                ],
                [
                    0.0,
                    0.0,
                    0.0,
                    1.0
                ]
            ]
        },
        {
            "file_path": "/data/shapenet_blender/all_50_random/02958343/fc5d8e25052fb713f559279c88cd9a37/r_36",
            "rotation": 0.12566370614359174,
            "transform_matrix": [
                [
                    0.941111147403717,
                    -0.01215242687612772,
                    0.33787888288497925,
                    1.3620333671569824
                ],
                [
                    0.33809736371040344,
                    0.03382689133286476,
                    -0.9405030012130737,
                    -3.7912888526916504
                ],
                [
                    1.862645149230957e-09,
                    0.99935382604599,
                    0.03594357147812843,
                    0.14489316940307617
                ],
                [
                    0.0,
                    0.0,
                    0.0,
                    1.0
                ]
            ]
        },
        {
            "file_path": "/data/shapenet_blender/all_50_random/02958343/fc5d8e25052fb713f559279c88cd9a37/r_37",
            "rotation": 0.12566370614359174,
            "transform_matrix": [
                [
                    0.981429398059845,
                    -0.008032260462641716,
                    0.1916557252407074,
                    0.7725889682769775
                ],
                [
                    0.19182397425174713,
                    0.04109547287225723,
                    -0.9805685877799988,
                    -3.952798366546631
                ],
                [
                    0.0,
                    0.9991227984428406,
                    0.04187308996915817,
                    0.16879582405090332
                ],
                [
                    0.0,
                    0.0,
                    0.0,
                    1.0
                ]
            ]
        },
        {
            "file_path": "/data/shapenet_blender/all_50_random/02958343/fc5d8e25052fb713f559279c88cd9a37/r_38",
            "rotation": 0.12566370614359174,
            "transform_matrix": [
                [
                    0.9848161935806274,
                    0.014605401083827019,
                    0.17298540472984314,
                    0.6973264813423157
                ],
                [
                    0.17360089719295502,
                    -0.08285461366176605,
                    -0.9813245534896851,
                    -3.955845832824707
                ],
                [
                    0.0,
                    0.9964545965194702,
                    -0.08413206040859222,
                    -0.3391471803188324
                ],
                [
                    0.0,
                    0.0,
                    0.0,
                    1.0
                ]
            ]
        },
        {
            "file_path": "/data/shapenet_blender/all_50_random/02958343/fc5d8e25052fb713f559279c88cd9a37/r_39",
            "rotation": 0.12566370614359174,
            "transform_matrix": [
                [
                    -0.9319429993629456,
                    -0.18893608450889587,
                    -0.309492290019989,
                    -1.247603416442871
                ],
                [
                    -0.3626049757003784,
                    0.4855908155441284,
                    0.7954362630844116,
                    3.2065067291259766
                ],
                [
                    0.0,
                    0.8535248041152954,
                    -0.5210520625114441,
                    -2.100428342819214
                ],
                [
                    0.0,
                    0.0,
                    0.0,
                    1.0
                ]
            ]
        },
        {
            "file_path": "/data/shapenet_blender/all_50_random/02958343/fc5d8e25052fb713f559279c88cd9a37/r_40",
            "rotation": 0.12566370614359174,
            "transform_matrix": [
                [
                    0.5610380172729492,
                    0.14395767450332642,
                    -0.8151763677597046,
                    -3.286081075668335
                ],
                [
                    -0.8277899622917175,
                    0.09756789356470108,
                    -0.5524891018867493,
                    -2.2271547317504883
                ],
                [
                    0.0,
                    0.9847622513771057,
                    0.17390602827072144,
                    0.7010376453399658
                ],
                [
                    0.0,
                    0.0,
                    0.0,
                    1.0
                ]
            ]
        },
        {
            "file_path": "/data/shapenet_blender/all_50_random/02958343/fc5d8e25052fb713f559279c88cd9a37/r_41",
            "rotation": 0.12566370614359174,
            "transform_matrix": [
                [
                    0.4923551082611084,
                    0.4627492427825928,
                    0.7371902465820312,
                    2.9717092514038086
                ],
                [
                    0.8703944683074951,
                    -0.2617628574371338,
                    -0.41700562834739685,
                    -1.6810035705566406
                ],
                [
                    0.0,
                    0.8469612002372742,
