{
    "class": "02958343",
    "model": "65d6433043c40046b82c0841410a924f",
    "remove_doubles": true,
    "edge_split": true,
    "denoise": true,
    "camera_angle_x": 0.6911112070083618,
    "scale_factor": 2.2862656034903086,
    "hdri_file": "/data/IndoorHDRDataset2018/AG8A9562-495ee7e16c.exr",
    "center_offset": [
        0.0,
        -4.656612873077393e-10,
        4.190951585769653e-09
    ],
    "lights": [],
    "frames": [
        {
            "file_path": "/data/shapenet_blender/all_50_random/02958343/65d6433043c40046b82c0841410a924f/r_0",
            "rotation": 0.12566370614359174,
            "transform_matrix": [
                [
                    -0.3125287890434265,
                    -0.053666919469833374,
                    -0.9483910799026489,
                    -3.823086738586426
                ],
                [
                    -0.9499083161354065,
                    0.017656922340393066,
                    0.3120296001434326,
                    1.2578315734863281
                ],
                [
                    0.0,
                    0.9984027743339539,
                    -0.05649694800376892,
                    -0.22774648666381836
                ],
                [
                    0.0,
                    0.0,
                    0.0,
                    1.0
                ]
            ]
        },
        {
            "file_path": "/data/shapenet_blender/all_50_random/02958343/65d6433043c40046b82c0841410a924f/r_1",
            "rotation": 0.12566370614359174,
            "transform_matrix": [
                [
                    -0.434050977230072,
                    -0.11902748793363571,
                    0.8929905891418457,
                    3.5997602939605713
                ],
                [
                    0.9008883833885193,
                    -0.05734783038496971,
                    0.4302457869052887,
                    1.7343761920928955
                ],
                [
                    0.0,
                    0.9912334680557251,
                    0.13212233781814575,
                    0.5326021909713745
                ],
                [
                    0.0,
                    0.0,
                    0.0,
                    1.0
                ]
            ]
        },
        {
            "file_path": "/data/shapenet_blender/all_50_random/02958343/65d6433043c40046b82c0841410a924f/r_2",
            "rotation": 0.12566370614359174,
            "transform_matrix": [
                [
                    -0.13458915054798126,
                    -0.0003817079705186188,
                    -0.9909014701843262,
                    -3.9944512844085693
                ],
                [
                    -0.990901529788971,
                    5.184546535019763e-05,
                    0.13458913564682007,
                    0.5425461530685425
                ],
                [
                    0.0,
                    1.0,
                    -0.00038521282840520144,
                    -0.0015528425574302673
                ],
                [
                    0.0,
                    0.0,
                    0.0,
                    1.0
                ]
            ]
        },
        {
            "file_path": "/data/shapenet_blender/all_50_random/02958343/65d6433043c40046b82c0841410a924f/r_3",
            "rotation": 0.12566370614359174,
            "transform_matrix": [
                [
                    0.48616331815719604,
                    0.10929960012435913,
                    -0.8670055866241455,
                    -3.495011568069458
                ],
                [
                    -0.8738681077957153,
                    0.06080718711018562,
                    -0.48234549164772034,
                    -1.94439697265625
                ],
                [
                    0.0,
                    0.9921471476554871,
                    0.12507563829421997,
                    0.5041961073875427
                ],
                [
                    0.0,
                    0.0,
                    0.0,
                    1.0
                ]
            ]
        },
        {
            "file_path": "/data/shapenet_blender/all_50_random/02958343/65d6433043c40046b82c0841410a924f/r_4",
            "rotation": 0.12566370614359174,
            "transform_matrix": [
                [
                    0.9356870651245117,
                    0.19831140339374542,
                    -0.2918255925178528,
                    -1.1763867139816284
                ],
                [
                    -0.35283082723617554,
                    0.5259104371070862,
                    -0.7739047408103943,
                    -3.1197099685668945
                ],
                [
                    -1.4901159417490817e-08,
                    0.8270978927612305,
                    0.5620578527450562,
                    2.265727996826172
                ],
                [
                    0.0,
                    0.0,
                    0.0,
                    1.0
                ]
            ]
        },
        {
            "file_path": "/data/shapenet_blender/all_50_random/02958343/65d6433043c40046b82c0841410a924f/r_5",
            "rotation": 0.12566370614359174,
            "transform_matrix": [
                [
                    -0.9822610020637512,
                    0.03348834440112114,
                    0.1845047026872635,
                    0.7437622547149658
                ],
                [
                    0.18751920759677887,
                    0.17541824281215668,
                    0.9664704203605652,
                    3.8959667682647705
                ],
                [
                    3.725290298461914e-09,
                    0.9839242696762085,
                    -0.1785862147808075,
                    -0.7199040651321411
                ],
                [
                    0.0,
                    0.0,
                    0.0,
                    1.0
                ]
            ]
        },
        {
            "file_path": "/data/shapenet_blender/all_50_random/02958343/65d6433043c40046b82c0841410a924f/r_6",
            "rotation": 0.12566370614359174,
            "transform_matrix": [
                [
                    0.7662714719772339,
                    -0.04443361982703209,
                    -0.6409785747528076,
                    -2.583867073059082
                ],
                [
                    -0.6425167322158813,
                    -0.05299195274710655,
                    -0.7644370794296265,
                    -3.0815441608428955
                ],
                [
                    0.0,
                    0.9976058602333069,
                    -0.06915557384490967,
                    -0.27877500653266907
                ],
                [
                    0.0,
                    0.0,
                    0.0,
                    1.0
                ]
            ]
        },
        {
            "file_path": "/data/shapenet_blender/all_50_random/02958343/65d6433043c40046b82c0841410a924f/r_7",
            "rotation": 0.12566370614359174,
            "transform_matrix": [
                [
                    0.5763289928436279,
                    -0.0025567577686160803,
                    0.8172138929367065,
                    3.2942941188812256
                ],
                [
                    0.8172177672386169,
                    0.0018031098879873753,
                    -0.5763261914253235,
                    -2.32324481010437
                ],
                [
                    0.0,
                    0.9999951124191284,
                    0.003128612646833062,
                    0.012611839920282364
                ],
                [
                    0.0,
                    0.0,
                    0.0,
                    1.0
                ]
            ]
        },
        {
            "file_path": "/data/shapenet_blender/all_50_random/02958343/65d6433043c40046b82c0841410a924f/r_8",
            "rotation": 0.12566370614359174,
            "transform_matrix": [
                [
                    0.9825670719146729,
                    -0.0243585966527462,
                    -0.18430592119693756,
                    -0.7429609298706055
                ],
                [
                    -0.18590861558914185,
                    -0.12874041497707367,
                    -0.974096417427063,
                    -3.926708221435547
                ],
                [
                    0.0,
                    0.9913790225982666,
                    -0.131024569272995,
                    -0.5281769037246704
                ],
                [
                    0.0,
                    0.0,
                    0.0,
                    1.0
                ]
            ]
        },
        {
            "file_path": "/data/shapenet_blender/all_50_random/02958343/65d6433043c40046b82c0841410a924f/r_9",
            "rotation": 0.12566370614359174,
            "transform_matrix": [
                [
                    -0.2214982807636261,
                    0.0346187986433506,
                    0.9745461344718933,
                    3.928520679473877
                ],
                [
                    0.9751607775688171,
                    0.007863322272896767,
                    0.22135865688323975,
                    0.8923251628875732
                ],
                [
                    4.6566125955216364e-10,
                    0.9993696212768555,
                    -0.03550061210989952,
                    -0.14310753345489502
                ],
                [
                    0.0,
                    0.0,
                    0.0,
                    1.0
                ]
            ]
        },
        {
            "file_path": "/data/shapenet_blender/all_50_random/02958343/65d6433043c40046b82c0841410a924f/r_10",
            "rotation": 0.12566370614359174,
            "transform_matrix": [
                [
                    -0.34829357266426086,
                    0.10180589556694031,
                    -0.9318406581878662,
                    -3.7563700675964355
                ],
                [
                    -0.937385618686676,
                    -0.03782684728503227,
                    0.3462333083152771,
                    1.3957111835479736
                ],
                [
                    0.0,
                    0.9940848350524902,
                    0.10860621929168701,
                    0.437805712223053
                ],
                [
                    0.0,
                    0.0,
                    0.0,
                    1.0
                ]
            ]
        },
        {
            "file_path": "/data/shapenet_blender/all_50_random/02958343/65d6433043c40046b82c0841410a924f/r_11",
            "rotation": 0.12566370614359174,
            "transform_matrix": [
                [
                    -0.7184824347496033,
                    -0.07018055021762848,
                    0.6919955015182495,
                    2.789523124694824
                ],
                [
                    0.6955451369285583,
                    -0.07249493151903152,
                    0.7148157358169556,
                    2.881514310836792
                ],
                [
                    7.450580596923828e-09,
                    0.9948965311050415,
                    0.1009000837802887,
                    0.40674126148223877
                ],
                [
                    0.0,
                    0.0,
                    0.0,
                    1.0
                ]
            ]
        },
        {
            "file_path": "/data/shapenet_blender/all_50_random/02958343/65d6433043c40046b82c0841410a924f/r_12",
            "rotation": 0.12566370614359174,
            "transform_matrix": [
                [
                    0.5090325474739075,
                    0.7381913661956787,
                    0.4426730275154114,
                    1.784472107887268
                ],
                [
                    0.8607473373413086,
                    -0.4365549087524414,
                    -0.2617899477481842,
                    -1.0553090572357178
                ],
                [
                    1.4901161193847656e-08,
                    0.5142890810966492,
                    -0.8576167821884155,
                    -3.4571638107299805
                ],
                [
                    0.0,
                    0.0,
                    0.0,
                    1.0
                ]
            ]
        },
        {
            "file_path": "/data/shapenet_blender/all_50_random/02958343/65d6433043c40046b82c0841410a924f/r_13",
            "rotation": 0.12566370614359174,
            "transform_matrix": [
                [
                    -0.6035283803939819,
                    0.5748969912528992,
                    0.5524915456771851,
                    2.2271647453308105
                ],
                [
                    0.7973415851593018,
                    0.43515437841415405,
                    0.41819509863853455,
                    1.6857984066009521
                ],
                [
                    0.0,
                    0.6929170489311218,
                    -0.7210172414779663,
                    -2.9065134525299072
                ],
                [
                    0.0,
                    0.0,
                    0.0,
                    1.0
                ]
            ]
        },
        {
            "file_path": "/data/shapenet_blender/all_50_random/02958343/65d6433043c40046b82c0841410a924f/r_14",
            "rotation": 0.12566370614359174,
            "transform_matrix": [
                [
                    0.9546231031417847,
                    0.14257007837295532,
                    -0.261473685503006,
                    -1.0540342330932617
                ],
                [
                    -0.29781660437583923,
                    0.45699501037597656,
                    -0.8381292819976807,
                    -3.3786075115203857
                ],
                [
                    7.450580596923828e-09,
                    0.8779687881469727,
                    0.4787176847457886,
                    1.9297728538513184
                ],
                [
                    0.0,
                    0.0,
                    0.0,
                    1.0
                ]
            ]
        },
        {
            "file_path": "/data/shapenet_blender/all_50_random/02958343/65d6433043c40046b82c0841410a924f/r_15",
            "rotation": 0.12566370614359174,
            "transform_matrix": [
                [
                    -0.7794108986854553,
                    0.2980153560638428,
                    0.5510948896408081,
                    2.221534252166748
                ],
                [
                    0.6265131235122681,
                    0.3707446753978729,
                    0.6855871677398682,
                    2.7636899948120117
                ],
                [
                    0.0,
                    0.8796221613883972,
                    -0.47567299008369446,
                    -1.9174989461898804
                ],
                [
                    0.0,
                    0.0,
                    0.0,
                    1.0
                ]
            ]
        },
        {
            "file_path": "/data/shapenet_blender/all_50_random/02958343/65d6433043c40046b82c0841410a924f/r_16",
            "rotation": 0.12566370614359174,
            "transform_matrix": [
                [
                    -0.947077751159668,
                    0.30822527408599854,
                    0.08967208117246628,
                    0.3614797592163086
                ],
                [
                    0.3210045397281647,
                    0.9093742966651917,
                    0.264564573764801,
                    1.0664939880371094
                ],
                [
                    0.0,
                    0.2793484628200531,
                    -0.960189700126648,
                    -3.8706488609313965
                ],
                [
                    0.0,
                    0.0,
                    0.0,
                    1.0
                ]
            ]
        },
        {
            "file_path": "/data/shapenet_blender/all_50_random/02958343/65d6433043c40046b82c0841410a924f/r_17",
            "rotation": 0.12566370614359174,
            "transform_matrix": [
                [
                    -0.2133721560239792,
                    0.6085023283958435,
                    0.7643280029296875,
                    3.0811047554016113
                ],
                [
                    0.9769709706306458,
                    0.1328979730606079,
                    0.16693058609962463,
                    0.6729187369346619
                ],
                [
                    7.450580152834618e-09,
                    0.7823445796966553,
                    -0.6228458285331726,
                    -2.5107717514038086
                ],
                [
                    0.0,
                    0.0,
                    0.0,
                    1.0
                ]
            ]
        },
        {
            "file_path": "/data/shapenet_blender/all_50_random/02958343/65d6433043c40046b82c0841410a924f/r_18",
            "rotation": 0.12566370614359174,
            "transform_matrix": [
                [
                    0.4791288673877716,
                    -0.109940305352211,
                    0.8708322048187256,
                    3.510436534881592
                ],
                [
                    0.8777446150779724,
                    0.060012418776750565,
                    -0.4753556549549103,
                    -1.916219711303711
                ],
                [
                    0.0,
                    0.9921247959136963,
                    0.12525318562984467,
                    0.5049116611480713
                ],
                [
                    0.0,
                    0.0,
                    0.0,
                    1.0
                ]
            ]
        },
        {
            "file_path": "/data/shapenet_blender/all_50_random/02958343/65d6433043c40046b82c0841410a924f/r_19",
            "rotation": 0.12566370614359174,
            "transform_matrix": [
                [
                    0.9842657446861267,
                    0.07623633742332458,
                    -0.1594020128250122,
                    -0.6425700783729553
                ],
                [
                    -0.1766946017742157,
                    0.4246695339679718,
                    -0.8879384994506836,
                    -3.579394578933716
                ],
                [
                    -7.450580596923828e-09,
                    0.9021328687667847,
                    0.4314582347869873,
                    1.7392637729644775
                ],
                [
                    0.0,
                    0.0,
                    0.0,
                    1.0
                ]
            ]
        },
        {
            "file_path": "/data/shapenet_blender/all_50_random/02958343/65d6433043c40046b82c0841410a924f/r_20",
            "rotation": 0.12566370614359174,
            "transform_matrix": [
                [
                    -0.24942618608474731,
                    0.5273954272270203,
                    0.812182605266571,
                    3.274013042449951
                ],
                [
                    0.968393862247467,
                    0.13583959639072418,
                    0.20919133722782135,
                    0.8432773351669312
                ],
                [
                    0.0,
                    0.838690459728241,
                    -0.5446083545684814,
                    -2.1953866481781006
                ],
                [
                    0.0,
                    0.0,
                    0.0,
                    1.0
                ]
            ]
        },
        {
            "file_path": "/data/shapenet_blender/all_50_random/02958343/65d6433043c40046b82c0841410a924f/r_21",
            "rotation": 0.12566370614359174,
            "transform_matrix": [
                [
                    -0.9460603594779968,
                    -0.2720457911491394,
                    0.17595651745796204,
                    0.7093034982681274
                ],
                [
                    0.3239901065826416,
                    -0.7943814992904663,
                    0.5137979984283447,
                    2.0711863040924072
                ],
                [
                    1.4901159417490817e-08,
                    0.5430922508239746,
                    0.8396729826927185,
                    3.3848302364349365
                ],
                [
                    0.0,
                    0.0,
                    0.0,
                    1.0
                ]
            ]
        },
        {
            "file_path": "/data/shapenet_blender/all_50_random/02958343/65d6433043c40046b82c0841410a924f/r_22",
            "rotation": 0.12566370614359174,
            "transform_matrix": [
                [
                    0.33366572856903076,
                    -0.06242389604449272,
                    0.9406223297119141,
                    3.7917699813842773
                ],
                [
                    0.9426913857460022,
                    0.02209494449198246,
                    -0.33293336629867554,
                    -1.342097282409668
                ],
                [
                    0.0,
                    0.997805118560791,
                    0.0662187933921814,
                    0.2669364809989929
                ],
                [
                    0.0,
                    0.0,
                    0.0,
                    1.0
                ]
            ]
        },
        {
            "file_path": "/data/shapenet_blender/all_50_random/02958343/65d6433043c40046b82c0841410a924f/r_23",
            "rotation": 0.12566370614359174,
            "transform_matrix": [
                [
                    -0.9999819397926331,
                    -0.00017092550115194172,
                    0.006018057931214571,
                    0.024259567260742188
                ],
                [
                    0.006020484957844019,
                    -0.02839013934135437,
                    0.9995787739753723,
                    4.029430866241455
                ],
                [
                    0.0,
                    0.9995969533920288,
                    0.028390653431415558,
                    0.11444638669490814
                ],
                [
                    0.0,
                    0.0,
                    0.0,
                    1.0
                ]
            ]
        },
        {
            "file_path": "/data/shapenet_blender/all_50_random/02958343/65d6433043c40046b82c0841410a924f/r_24",
            "rotation": 0.12566370614359174,
            "transform_matrix": [
                [
                    0.9672244191169739,
                    0.03419004753232002,
                    0.2516106367111206,
                    1.0142749547958374
                ],
                [
                    0.2539229691028595,
                    -0.13023418188095093,
                    -0.9584165215492249,
                    -3.8635003566741943
                ],
                [
                    0.0,
                    0.990893542766571,
                    -0.13464733958244324,
                    -0.5427807569503784
                ],
                [
                    0.0,
                    0.0,
                    0.0,
                    1.0
                ]
            ]
        },
        {
            "file_path": "/data/shapenet_blender/all_50_random/02958343/65d6433043c40046b82c0841410a924f/r_25",
            "rotation": 0.12566370614359174,
            "transform_matrix": [
                [
                    -0.16810354590415955,
                    -0.8046777844429016,
                    0.5694161057472229,
                    2.2953896522521973
                ],
                [
                    0.9857693910598755,
                    -0.13722193241119385,
                    0.09710269421339035,
                    0.3914334774017334
                ],
                [
                    0.0,
                    0.5776362419128418,
                    0.816294252872467,
                    3.2905871868133545
                ],
                [
                    0.0,
                    0.0,
                    0.0,
                    1.0
                ]
            ]
        },
        {
            "file_path": "/data/shapenet_blender/all_50_random/02958343/65d6433043c40046b82c0841410a924f/r_26",
            "rotation": 0.12566370614359174,
            "transform_matrix": [
                [
                    -0.8312314748764038,
                    -0.06275267899036407,
                    0.5523734092712402,
                    2.2266883850097656
                ],
                [
                    0.555926501750946,
                    -0.093828946352005,
                    0.8259187936782837,
                    3.3293850421905518
                ],
                [
                    0.0,
                    0.9936087131500244,
                    0.1128794401884079,
                    0.4550315737724304
                ],
                [
                    0.0,
                    0.0,
                    0.0,
                    1.0
                ]
            ]
        },
        {
            "file_path": "/data/shapenet_blender/all_50_random/02958343/65d6433043c40046b82c0841410a924f/r_27",
            "rotation": 0.12566370614359174,
            "transform_matrix": [
                [
                    -0.9893702864646912,
                    -0.13792607188224792,
                    0.04607492685317993,
                    0.18573397397994995
                ],
                [
                    0.14541836082935333,
                    -0.938395619392395,
                    0.31347596645355225,
                    1.2636620998382568
                ],
                [
                    0.0,
                    0.3168439269065857,
                    0.9484776854515076,
                    3.8234357833862305
                ],
                [
                    0.0,
                    0.0,
                    0.0,
                    1.0
                ]
            ]
        },
        {
            "file_path": "/data/shapenet_blender/all_50_random/02958343/65d6433043c40046b82c0841410a924f/r_28",
            "rotation": 0.12566370614359174,
            "transform_matrix": [
                [
                    -0.6188356876373291,
                    -0.22112375497817993,
                    -0.7537551522254944,
                    -3.0384838581085205
                ],
                [
                    -0.7855205535888672,
                    0.17420201003551483,
                    0.5938107967376709,
                    2.3937275409698486
                ],
                [
                    0.0,
                    0.959561288356781,
                    -0.2814997136592865,
                    -1.1347614526748657
                ],
                [
                    0.0,
                    0.0,
                    0.0,
                    1.0
                ]
            ]
        },
        {
            "file_path": "/data/shapenet_blender/all_50_random/02958343/65d6433043c40046b82c0841410a924f/r_29",
            "rotation": 0.12566370614359174,
            "transform_matrix": [
                [
                    -0.6957568526268005,
                    -0.03223730996251106,
                    -0.7175535559654236,
                    -2.8925509452819824
                ],
                [
                    -0.7182773351669312,
                    0.03122655674815178,
                    0.6950557827949524,
                    2.8018593788146973
                ],
                [
                    -1.8626450382086546e-09,
                    0.998992383480072,
                    -0.044881414622068405,
                    -0.18092277646064758
                ],
                [
                    0.0,
                    0.0,
                    0.0,
                    1.0
                ]
            ]
        },
        {
            "file_path": "/data/shapenet_blender/all_50_random/02958343/65d6433043c40046b82c0841410a924f/r_30",
            "rotation": 0.12566370614359174,
            "transform_matrix": [
                [
                    0.29081234335899353,
                    -0.7742961645126343,
                    0.5620441436767578,
                    2.265672445297241
                ],
                [
                    0.956780195236206,
                    0.23534652590751648,
                    -0.17083273828029633,
                    -0.6886488199234009
                ],
                [
                    0.0,
                    0.5874329209327698,
                    0.809272825717926,
                    3.2622830867767334
                ],
                [
                    0.0,
                    0.0,
                    0.0,
                    1.0
                ]
            ]
        },
        {
            "file_path": "/data/shapenet_blender/all_50_random/02958343/65d6433043c40046b82c0841410a924f/r_31",
            "rotation": 0.12566370614359174,
            "transform_matrix": [
                [
                    0.3453909456729889,
                    -0.8135678172111511,
                    0.46777376532554626,
                    1.8856563568115234
                ],
                [
                    0.9384589791297913,
                    0.29942595958709717,
                    -0.17215973138809204,
                    -0.6939980983734131
                ],
                [
                    0.0,
                    0.49844884872436523,
                    0.8669191002845764,
                    3.4946627616882324
                ],
                [
                    0.0,
                    0.0,
                    0.0,
                    1.0
                ]
            ]
        },
        {
            "file_path": "/data/shapenet_blender/all_50_random/02958343/65d6433043c40046b82c0841410a924f/r_32",
            "rotation": 0.12566370614359174,
            "transform_matrix": [
                [
                    -0.130531445145607,
                    -0.25349000096321106,
                    -0.9584905505180359,
                    -3.8637993335723877
                ],
                [
                    -0.9914441108703613,
                    0.033373963087797165,
                    0.1261928379535675,
                    0.5086996555328369
                ],
                [
                    3.725290742551124e-09,
                    0.9667619466781616,
                    -0.25567755103111267,
                    -1.0306693315505981
                ],
                [
                    0.0,
                    0.0,
                    0.0,
                    1.0
                ]
            ]
        },
        {
            "file_path": "/data/shapenet_blender/all_50_random/02958343/65d6433043c40046b82c0841410a924f/r_33",
            "rotation": 0.12566370614359174,
            "transform_matrix": [
                [
                    0.7437934875488281,
                    0.2574574947357178,
                    -0.6168360710144043,
                    -2.486546039581299
                ],
                [
                    -0.6684094071388245,
                    0.2864938974380493,
                    -0.6864036321640015,
                    -2.766981840133667
                ],
                [
                    0.0,
                    0.9228417277336121,
                    0.3851793110370636,
                    1.552707552909851
                ],
                [
                    0.0,
                    0.0,
                    0.0,
                    1.0
                ]
            ]
        },
        {
            "file_path": "/data/shapenet_blender/all_50_random/02958343/65d6433043c40046b82c0841410a924f/r_34",
            "rotation": 0.12566370614359174,
            "transform_matrix": [
                [
                    0.956454336643219,
                    -0.045300476253032684,
                    0.2883453667163849,
                    1.1623573303222656
                ],
                [
                    0.29188215732574463,
                    0.14844290912151337,
                    -0.944864809513092,
                    -3.8088719844818115
                ],
                [
                    0.0,
                    0.9878829121589661,
                    0.155201256275177,
                    0.6256362795829773
                ],
                [
                    0.0,
                    0.0,
                    0.0,
                    1.0
                ]
            ]
        },
        {
            "file_path": "/data/shapenet_blender/all_50_random/02958343/65d6433043c40046b82c0841410a924f/r_35",
            "rotation": 0.12566370614359174,
            "transform_matrix": [
                [
                    -0.4375383257865906,
                    -0.8337776064872742,
                    0.33671218156814575,
                    1.3573302030563354
                ],
                [
                    0.8991997838020325,
                    -0.4057047665119171,
                    0.16383954882621765,
                    0.6604583263397217
                ],
                [
                    -1.4901161193847656e-08,
                    0.37445756793022156,
                    0.9272440075874329,
                    3.737840175628662
                ],
                [
                    0.0,
                    0.0,
                    0.0,
                    1.0
                ]
            ]
        },
        {
            "file_path": "/data/shapenet_blender/all_50_random/02958343/65d6433043c40046b82c0841410a924f/r_36",
            "rotation": 0.12566370614359174,
            "transform_matrix": [
                [
                    -0.822584867477417,
                    -0.10795609652996063,
                    0.5583006143569946,
                    2.250581979751587
                ],
                [
                    0.5686424374580383,
                    -0.15616679191589355,
                    0.8076246976852417,
                    3.2556395530700684
                ],
                [
                    1.4901161193847656e-08,
                    0.981813371181488,
                    0.18984881043434143,
                    0.7653051018714905
                ],
                [
                    0.0,
                    0.0,
                    0.0,
                    1.0
                ]
            ]
        },
        {
            "file_path": "/data/shapenet_blender/all_50_random/02958343/65d6433043c40046b82c0841410a924f/r_37",
            "rotation": 0.12566370614359174,
            "transform_matrix": [
                [
                    -0.6666972041130066,
                    -0.27504438161849976,
                    0.6927231550216675,
                    2.79245662689209
                ],
                [
                    0.7453286647796631,
                    -0.24602746963500977,
                    0.6196414828300476,
                    2.4978549480438232
                ],
                [
                    0.0,
                    0.9294196367263794,
                    0.3690243363380432,
                    1.4875848293304443
                ],
                [
                    0.0,
                    0.0,
                    0.0,
                    1.0
                ]
            ]
        },
        {
            "file_path": "/data/shapenet_blender/all_50_random/02958343/65d6433043c40046b82c0841410a924f/r_38",
            "rotation": 0.12566370614359174,
            "transform_matrix": [
                [
                    0.11210966855287552,
                    0.8487583994865417,
                    -0.5167596936225891,
                    -2.083124876022339
                ],
                [
                    -0.9936957955360413,
                    0.09575769305229187,
                    -0.05830129608511925,
                    -0.23502004146575928
                ],
                [
                    0.0,
                    0.5200380682945251,
                    0.8541430234909058,
                    3.4431607723236084
                ],
                [
                    0.0,
                    0.0,
                    0.0,
                    1.0
                ]
            ]
        },
        {
            "file_path": "/data/shapenet_blender/all_50_random/02958343/65d6433043c40046b82c0841410a924f/r_39",
            "rotation": 0.12566370614359174,
            "transform_matrix": [
                [
                    0.9307730197906494,
                    0.19183963537216187,
                    -0.3112219572067261,
                    -1.2545758485794067
                ],
                [
                    -0.36559754610061646,
                    0.4884036183357239,
                    -0.792338490486145,
                    -3.194018602371216
                ],
                [
                    0.0,
                    0.8512692451477051,
                    0.5247290730476379,
                    2.115250587463379
                ],
                [
                    0.0,
                    0.0,
                    0.0,
                    1.0
                ]
            ]
        },
        {
            "file_path": "/data/shapenet_blender/all_50_random/02958343/65d6433043c40046b82c0841410a924f/r_40",
            "rotation": 0.12566370614359174,
            "transform_matrix": [
                [
                    -0.8012078404426575,
                    0.1951225847005844,
                    0.5656793713569641,
                    2.2803268432617188
                ],
                [
                    0.5983862280845642,
                    0.26125890016555786,
                    0.7574150562286377,
                    3.0532379150390625
                ],
                [
                    0.0,
                    0.9453416466712952,
                    -0.3260813355445862,
                    -1.3144760131835938
                ],
                [
                    0.0,
                    0.0,
                    0.0,
                    1.0
                ]
            ]
        },
        {
            "file_path": "/data/shapenet_blender/all_50_random/02958343/65d6433043c40046b82c0841410a924f/r_41",
            "rotation": 0.12566370614359174,
            "transform_matrix": [
                [
                    -0.07400263100862503,
                    -0.5582342743873596,
                    -0.8263764381408691,
                    -3.3312299251556396
                ],
                [
                    -0.9972580075263977,
                    0.04142439365386963,
                    0.0613221749663353,
                    0.24719759821891785
                ],
                [
                    3.725290076417309e-09,
                    0.8286485075950623,
                    -0.5597692131996155,
                    -2.2565019130706787
