{
    "class": "02958343",
    "model": "8aa5d1c7ca4e3f2e61b9ff60b1be412",
    "remove_doubles": true,
    "edge_split": true,
    "denoise": true,
    "camera_angle_x": 0.6911112070083618,
    "scale_factor": 2.2935043548954415,
    "hdri_file": "/data/IndoorHDRDataset2018/9C4A4959-096ee1a41c.exr",
    "center_offset": [
        0.0,
        0.0,
        -3.725290298461914e-09
    ],
    "lights": [],
    "frames": [
        {
            "file_path": "/data/shapenet_blender/all_50_random/02958343/8aa5d1c7ca4e3f2e61b9ff60b1be412/r_0",
            "rotation": 0.12566370614359174,
            "transform_matrix": [
                [
                    0.5037559866905212,
                    -0.7949230670928955,
                    0.3381229043006897,
                    1.3630170822143555
                ],
                [
                    0.8638460040092468,
                    0.46356329321861267,
                    -0.19717800617218018,
                    -0.7948499917984009
                ],
                [
                    -1.4901161193847656e-08,
                    0.3914157748222351,
                    0.9202139377593994,
                    3.709501028060913
                ],
                [
                    0.0,
                    0.0,
                    0.0,
                    1.0
                ]
            ]
        },
        {
            "file_path": "/data/shapenet_blender/all_50_random/02958343/8aa5d1c7ca4e3f2e61b9ff60b1be412/r_1",
            "rotation": 0.12566370614359174,
            "transform_matrix": [
                [
                    -0.10053551197052002,
                    0.3532845079898834,
                    0.9300981760025024,
                    3.7493457794189453
                ],
                [
                    0.9949334859848022,
                    0.035698506981134415,
                    0.09398406744003296,
                    0.3788619041442871
                ],
                [
                    -3.725290298461914e-09,
                    0.9348345398902893,
                    -0.3550835847854614,
                    -1.4313876628875732
                ],
                [
                    0.0,
                    0.0,
                    0.0,
                    1.0
                ]
            ]
        },
        {
            "file_path": "/data/shapenet_blender/all_50_random/02958343/8aa5d1c7ca4e3f2e61b9ff60b1be412/r_2",
            "rotation": 0.12566370614359174,
            "transform_matrix": [
                [
                    -0.23942340910434723,
                    0.10028693079948425,
                    -0.9657219052314758,
                    -3.8929498195648193
                ],
                [
                    -0.9709153771400452,
                    -0.024730313569307327,
                    0.238142728805542,
                    0.9599841237068176
                ],
                [
                    -1.862645593320167e-09,
                    0.9946510791778564,
                    0.10329112410545349,
                    0.4163798689842224
                ],
                [
                    0.0,
                    0.0,
                    0.0,
                    1.0
                ]
            ]
        },
        {
            "file_path": "/data/shapenet_blender/all_50_random/02958343/8aa5d1c7ca4e3f2e61b9ff60b1be412/r_3",
            "rotation": 0.12566370614359174,
            "transform_matrix": [
                [
                    0.8888900279998779,
                    0.42126187682151794,
                    -0.18003612756729126,
                    -0.7257488369941711
                ],
                [
                    -0.4581207036972046,
                    0.8173729777336121,
                    -0.34932345151901245,
                    -1.408167839050293
                ],
                [
                    1.4901161193847656e-08,
                    0.3929883539676666,
                    0.919543445110321,
                    3.7067980766296387
                ],
                [
                    0.0,
                    0.0,
                    0.0,
                    1.0
                ]
            ]
        },
        {
            "file_path": "/data/shapenet_blender/all_50_random/02958343/8aa5d1c7ca4e3f2e61b9ff60b1be412/r_4",
            "rotation": 0.12566370614359174,
            "transform_matrix": [
                [
                    -0.9959063529968262,
                    0.029270634055137634,
                    -0.08552180230617523,
                    -0.34474945068359375
                ],
                [
                    -0.09039220958948135,
                    -0.32249248027801514,
                    0.9422460794448853,
                    3.7983157634735107
                ],
                [
                    0.0,
                    0.9461193084716797,
                    0.3238180875778198,
                    1.3053525686264038
                ],
                [
                    0.0,
                    0.0,
                    0.0,
                    1.0
                ]
            ]
        },
        {
            "file_path": "/data/shapenet_blender/all_50_random/02958343/8aa5d1c7ca4e3f2e61b9ff60b1be412/r_5",
            "rotation": 0.12566370614359174,
            "transform_matrix": [
                [
                    -0.2433394491672516,
                    -0.3684983551502228,
                    -0.8972150683403015,
                    -3.6167895793914795
                ],
                [
                    -0.9699411988258362,
                    0.09244909882545471,
                    0.22509388625621796,
                    0.9073824882507324
                ],
                [
                    0.0,
                    0.9250200390815735,
                    -0.3799182176589966,
                    -1.5314992666244507
                ],
                [
                    0.0,
                    0.0,
                    0.0,
                    1.0
                ]
            ]
        },
        {
            "file_path": "/data/shapenet_blender/all_50_random/02958343/8aa5d1c7ca4e3f2e61b9ff60b1be412/r_6",
            "rotation": 0.12566370614359174,
            "transform_matrix": [
                [
                    -0.7706584930419922,
                    -0.2754879295825958,
                    -0.5746232867240906,
                    -2.316380500793457
                ],
                [
                    -0.6372484564781189,
                    0.3331622779369354,
                    0.6949225664138794,
                    2.8013224601745605
                ],
                [
                    1.4901161193847656e-08,
                    0.901725709438324,
                    -0.4323085844516754,
                    -1.7426916360855103
                ],
                [
                    0.0,
                    0.0,
                    0.0,
                    1.0
                ]
            ]
        },
        {
            "file_path": "/data/shapenet_blender/all_50_random/02958343/8aa5d1c7ca4e3f2e61b9ff60b1be412/r_7",
            "rotation": 0.12566370614359174,
            "transform_matrix": [
                [
                    0.9916751384735107,
                    0.044806983321905136,
                    0.12071782350540161,
                    0.48662909865379333
                ],
                [
                    0.12876512110233307,
                    -0.3450776934623718,
                    -0.9296994209289551,
                    -3.7477381229400635
                ],
                [
                    0.0,
                    0.9375039339065552,
                    -0.347974568605423,
                    -1.4027303457260132
                ],
                [
                    0.0,
                    0.0,
                    0.0,
                    1.0
                ]
            ]
        },
        {
            "file_path": "/data/shapenet_blender/all_50_random/02958343/8aa5d1c7ca4e3f2e61b9ff60b1be412/r_8",
            "rotation": 0.12566370614359174,
            "transform_matrix": [
                [
                    -0.6224592924118042,
                    -0.4221338629722595,
                    0.6590504050254822,
                    2.65671706199646
                ],
                [
                    0.7826521992683411,
                    -0.3357316851615906,
                    0.5241562724113464,
                    2.1129415035247803
                ],
                [
                    0.0,
                    0.8420730829238892,
                    0.5393633246421814,
                    2.174243211746216
                ],
                [
                    0.0,
                    0.0,
                    0.0,
                    1.0
                ]
            ]
        },
        {
            "file_path": "/data/shapenet_blender/all_50_random/02958343/8aa5d1c7ca4e3f2e61b9ff60b1be412/r_9",
            "rotation": 0.12566370614359174,
            "transform_matrix": [
                [
                    0.739882230758667,
                    0.007284759543836117,
                    -0.6726970672607422,
                    -2.711728572845459
                ],
                [
                    -0.6727365255355835,
                    0.008011850528419018,
                    -0.7398387789726257,
                    -2.9823853969573975
                ],
                [
                    9.313225746154785e-10,
                    0.9999414086341858,
                    0.010828549042344093,
                    0.0436512790620327
                ],
                [
                    0.0,
                    0.0,
                    0.0,
                    1.0
                ]
            ]
        },
        {
            "file_path": "/data/shapenet_blender/all_50_random/02958343/8aa5d1c7ca4e3f2e61b9ff60b1be412/r_10",
            "rotation": 0.12566370614359174,
            "transform_matrix": [
                [
                    -0.6880905628204346,
                    0.30409443378448486,
                    -0.6588305830955505,
                    -2.6558313369750977
                ],
                [
                    -0.725624680519104,
                    -0.2883646786212921,
                    0.6247515082359314,
                    2.518454074859619
                ],
                [
                    -1.4901160305669237e-08,
                    0.9079495668411255,
                    0.41907942295074463,
                    1.6893633604049683
                ],
                [
                    0.0,
                    0.0,
                    0.0,
                    1.0
                ]
            ]
        },
        {
            "file_path": "/data/shapenet_blender/all_50_random/02958343/8aa5d1c7ca4e3f2e61b9ff60b1be412/r_11",
            "rotation": 0.12566370614359174,
            "transform_matrix": [
                [
                    -0.624360203742981,
                    0.15055491030216217,
                    -0.7664905190467834,
                    -3.0898218154907227
                ],
                [
                    -0.7811366319656372,
                    -0.120338074862957,
                    0.6126535534858704,
                    2.4696850776672363
                ],
                [
                    7.450580596923828e-09,
                    0.9812501668930054,
                    0.19273826479911804,
                    0.7769526839256287
                ],
                [
                    0.0,
                    0.0,
                    0.0,
                    1.0
                ]
            ]
        },
        {
            "file_path": "/data/shapenet_blender/all_50_random/02958343/8aa5d1c7ca4e3f2e61b9ff60b1be412/r_12",
            "rotation": 0.12566370614359174,
            "transform_matrix": [
                [
                    0.09457726031541824,
                    0.23539215326309204,
                    0.9672877788543701,
                    3.899261713027954
                ],
                [
                    0.9955174922943115,
                    -0.02236298657953739,
                    -0.09189534932374954,
                    -0.3704420030117035
                ],
                [
                    0.0,
                    0.9716430902481079,
                    -0.23645205795764923,
                    -0.9531687498092651
                ],
                [
                    0.0,
                    0.0,
                    0.0,
                    1.0
                ]
            ]
        },
        {
            "file_path": "/data/shapenet_blender/all_50_random/02958343/8aa5d1c7ca4e3f2e61b9ff60b1be412/r_13",
            "rotation": 0.12566370614359174,
            "transform_matrix": [
                [
                    0.5610029697418213,
                    0.1274542659521103,
                    0.8179431557655334,
                    3.297234535217285
                ],
                [
                    0.8278139233589172,
                    -0.08637475222349167,
                    -0.554313600063324,
                    -2.2345099449157715
                ],
                [
                    0.0,
                    0.9880762696266174,
                    -0.15396489202976227,
                    -0.6206523776054382
                ],
                [
                    0.0,
                    0.0,
                    0.0,
                    1.0
                ]
            ]
        },
        {
            "file_path": "/data/shapenet_blender/all_50_random/02958343/8aa5d1c7ca4e3f2e61b9ff60b1be412/r_14",
            "rotation": 0.12566370614359174,
            "transform_matrix": [
                [
                    0.41764870285987854,
                    -0.14552050828933716,
                    0.8968797922134399,
                    3.6154379844665527
                ],
                [
                    0.9086085557937622,
                    0.06688959151506424,
                    -0.41225749254226685,
                    -1.661863088607788
                ],
                [
                    -3.725290076417309e-09,
                    0.9870913624763489,
                    0.16015754640102386,
                    0.6456156969070435
                ],
                [
                    0.0,
                    0.0,
                    0.0,
                    1.0
                ]
            ]
        },
        {
            "file_path": "/data/shapenet_blender/all_50_random/02958343/8aa5d1c7ca4e3f2e61b9ff60b1be412/r_15",
            "rotation": 0.12566370614359174,
            "transform_matrix": [
                [
                    -0.7167479991912842,
                    -0.15554672479629517,
                    -0.6797628998756409,
                    -2.7402119636535645
                ],
                [
                    -0.6973323822021484,
                    0.15987756848335266,
                    0.698689341545105,
                    2.816506862640381
                ],
                [
                    0.0,
                    0.9748047590255737,
                    -0.22305969893932343,
                    -0.8991823792457581
                ],
                [
                    0.0,
                    0.0,
                    0.0,
                    1.0
                ]
            ]
        },
        {
            "file_path": "/data/shapenet_blender/all_50_random/02958343/8aa5d1c7ca4e3f2e61b9ff60b1be412/r_16",
            "rotation": 0.12566370614359174,
            "transform_matrix": [
                [
                    -0.5546922087669373,
                    0.5792441964149475,
                    -0.5973212122917175,
                    -2.407878875732422
                ],
                [
                    -0.8320556879043579,
                    -0.38615474104881287,
                    0.39820581674575806,
                    1.6052190065383911
                ],
                [
                    -1.4901162970204496e-08,
                    0.7178860306739807,
                    0.6961604952812195,
                    2.8063127994537354
                ],
                [
                    0.0,
                    0.0,
                    0.0,
                    1.0
                ]
            ]
        },
        {
            "file_path": "/data/shapenet_blender/all_50_random/02958343/8aa5d1c7ca4e3f2e61b9ff60b1be412/r_17",
            "rotation": 0.12566370614359174,
            "transform_matrix": [
                [
                    -0.5583591461181641,
                    -0.11838065087795258,
                    0.8211095333099365,
                    3.3099987506866455
                ],
                [
                    0.8295993208885193,
                    -0.07967571914196014,
                    0.5526451468467712,
                    2.2277841567993164
                ],
                [
                    0.0,
                    0.989766538143158,
                    0.14269615709781647,
                    0.5752266645431519
                ],
                [
                    0.0,
                    0.0,
                    0.0,
                    1.0
                ]
            ]
        },
        {
            "file_path": "/data/shapenet_blender/all_50_random/02958343/8aa5d1c7ca4e3f2e61b9ff60b1be412/r_18",
            "rotation": 0.12566370614359174,
            "transform_matrix": [
                [
                    0.9997186064720154,
                    -0.0009906563209369779,
                    0.023700812831521034,
                    0.09554103016853333
                ],
                [
                    0.02372150868177414,
                    0.041750192642211914,
                    -0.9988464117050171,
                    -4.0264787673950195
                ],
                [
                    0.0,
                    0.9991274476051331,
                    0.04176194965839386,
                    0.1683478057384491
                ],
                [
                    0.0,
                    0.0,
                    0.0,
                    1.0
                ]
            ]
        },
        {
            "file_path": "/data/shapenet_blender/all_50_random/02958343/8aa5d1c7ca4e3f2e61b9ff60b1be412/r_19",
            "rotation": 0.12566370614359174,
            "transform_matrix": [
                [
                    -0.5876907110214233,
                    0.07192794978618622,
                    0.8058821558952332,
                    3.24861478805542
                ],
                [
                    0.8090857267379761,
                    0.05224587023258209,
                    0.5853637456893921,
                    2.3596768379211426
                ],
                [
                    0.0,
                    0.9960405826568604,
                    -0.08890028297901154,
                    -0.35836851596832275
                ],
                [
                    0.0,
                    0.0,
                    0.0,
                    1.0
                ]
            ]
        },
        {
            "file_path": "/data/shapenet_blender/all_50_random/02958343/8aa5d1c7ca4e3f2e61b9ff60b1be412/r_20",
            "rotation": 0.12566370614359174,
            "transform_matrix": [
                [
                    -0.7210086584091187,
                    0.642566978931427,
                    -0.25933390855789185,
                    -1.0454084873199463
                ],
                [
                    -0.6929260492324829,
                    -0.6686086654663086,
                    0.26984408497810364,
                    1.0877764225006104
                ],
                [
                    0.0,
                    0.37425920367240906,
                    0.9273240566253662,
                    3.7381629943847656
                ],
                [
                    0.0,
                    0.0,
                    0.0,
                    1.0
                ]
            ]
        },
        {
            "file_path": "/data/shapenet_blender/all_50_random/02958343/8aa5d1c7ca4e3f2e61b9ff60b1be412/r_21",
            "rotation": 0.12566370614359174,
            "transform_matrix": [
                [
                    0.8907988667488098,
                    0.2590724229812622,
                    -0.3733077943325043,
                    -1.5048519372940063
                ],
                [
                    -0.45439764857292175,
                    0.5078842043876648,
                    -0.7318307161331177,
                    -2.950104236602783
                ],
                [
                    -1.4901160305669237e-08,
                    0.8215442299842834,
                    0.5701445937156677,
                    2.2983264923095703
                ],
                [
                    0.0,
                    0.0,
                    0.0,
                    1.0
                ]
            ]
        },
        {
            "file_path": "/data/shapenet_blender/all_50_random/02958343/8aa5d1c7ca4e3f2e61b9ff60b1be412/r_22",
            "rotation": 0.12566370614359174,
            "transform_matrix": [
                [
                    -0.234075129032135,
                    -0.5897284150123596,
                    -0.7729355096817017,
                    -3.115802764892578
                ],
                [
                    -0.9722185134887695,
                    0.14198531210422516,
                    0.1860949695110321,
                    0.7501727938652039
                ],
                [
                    -7.450580596923828e-09,
                    0.7950224280357361,
                    -0.6065800189971924,
                    -2.445202350616455
                ],
                [
                    0.0,
                    0.0,
                    0.0,
                    1.0
                ]
            ]
        },
        {
            "file_path": "/data/shapenet_blender/all_50_random/02958343/8aa5d1c7ca4e3f2e61b9ff60b1be412/r_23",
            "rotation": 0.12566370614359174,
            "transform_matrix": [
                [
                    0.7072674632072449,
                    -0.013675804249942303,
                    0.7068138718605042,
                    2.849257469177246
                ],
                [
                    0.7069461345672607,
                    0.013682019896805286,
                    -0.7071351408958435,
                    -2.850552558898926
                ],
                [
                    0.0,
                    0.9998128414154053,
                    0.019344905391335487,
                    0.07798179984092712
                ],
                [
                    0.0,
                    0.0,
                    0.0,
                    1.0
                ]
            ]
        },
        {
            "file_path": "/data/shapenet_blender/all_50_random/02958343/8aa5d1c7ca4e3f2e61b9ff60b1be412/r_24",
            "rotation": 0.12566370614359174,
            "transform_matrix": [
                [
                    0.7785689830780029,
                    0.1960366815328598,
                    0.5961543917655945,
                    2.403174877166748
                ],
                [
                    0.6275590658187866,
                    -0.2432090789079666,
                    -0.7396073341369629,
                    -2.981452226638794
                ],
                [
                    0.0,
                    0.9499573111534119,
                    -0.3123796582221985,
                    -1.2592425346374512
                ],
                [
                    0.0,
                    0.0,
                    0.0,
                    1.0
                ]
            ]
        },
        {
            "file_path": "/data/shapenet_blender/all_50_random/02958343/8aa5d1c7ca4e3f2e61b9ff60b1be412/r_25",
            "rotation": 0.12566370614359174,
            "transform_matrix": [
                [
                    0.9970054030418396,
                    -0.0061569674871861935,
                    -0.0770869106054306,
                    -0.3107472360134125
                ],
                [
                    -0.07733239233493805,
                    -0.07937850058078766,
                    -0.9938404560089111,
                    -4.006298542022705
                ],
                [
                    0.0,
                    0.9968254566192627,
                    -0.07961693406105042,
                    -0.3209460973739624
                ],
                [
                    0.0,
                    0.0,
                    0.0,
                    1.0
                ]
            ]
        },
        {
            "file_path": "/data/shapenet_blender/all_50_random/02958343/8aa5d1c7ca4e3f2e61b9ff60b1be412/r_26",
            "rotation": 0.12566370614359174,
            "transform_matrix": [
                [
                    0.8858649730682373,
                    -0.19167938828468323,
                    0.4224952757358551,
                    1.7031329870224
                ],
                [
                    0.463943213224411,
                    0.3659975230693817,
                    -0.8067232966423035,
                    -3.2520055770874023
                ],
                [
                    0.0,
                    0.9106616377830505,
                    0.4131527841091156,
                    1.665472149848938
                ],
                [
                    0.0,
                    0.0,
                    0.0,
                    1.0
                ]
            ]
        },
        {
            "file_path": "/data/shapenet_blender/all_50_random/02958343/8aa5d1c7ca4e3f2e61b9ff60b1be412/r_27",
            "rotation": 0.12566370614359174,
            "transform_matrix": [
                [
                    -0.9831866025924683,
                    0.009379888884723186,
                    -0.18236294388771057,
                    -0.7351285219192505
                ],
                [
                    -0.18260401487350464,
                    -0.05050370842218399,
                    0.9818885326385498,
                    3.9581193923950195
                ],
                [
                    9.31322685637781e-10,
                    0.9986797571182251,
                    0.051367372274398804,
                    0.20706850290298462
                ],
                [
                    0.0,
                    0.0,
                    0.0,
                    1.0
                ]
            ]
        },
        {
            "file_path": "/data/shapenet_blender/all_50_random/02958343/8aa5d1c7ca4e3f2e61b9ff60b1be412/r_28",
            "rotation": 0.12566370614359174,
            "transform_matrix": [
                [
                    0.09816350787878036,
                    0.7358670234680176,
                    0.669972836971283,
                    2.700747013092041
                ],
                [
                    0.9951703548431396,
                    -0.07258585095405579,
                    -0.0660860538482666,
                    -0.2664014399051666
                ],
                [
                    0.0,
                    0.6732243299484253,
                    -0.7394382357597351,
                    -2.980771064758301
                ],
                [
                    0.0,
                    0.0,
                    0.0,
                    1.0
                ]
            ]
        },
        {
            "file_path": "/data/shapenet_blender/all_50_random/02958343/8aa5d1c7ca4e3f2e61b9ff60b1be412/r_29",
            "rotation": 0.12566370614359174,
            "transform_matrix": [
                [
                    0.3347865343093872,
                    0.01679190993309021,
                    -0.9421443939208984,
                    -3.797905445098877
                ],
                [
                    -0.9422940611839294,
                    0.0059659783728420734,
                    -0.33473336696624756,
                    -1.349353313446045
                ],
                [
                    4.656613428188905e-10,
                    0.9998411536216736,
                    0.017820246517658234,
                    0.0718357115983963
                ],
                [
                    0.0,
                    0.0,
                    0.0,
                    1.0
                ]
            ]
        },
        {
            "file_path": "/data/shapenet_blender/all_50_random/02958343/8aa5d1c7ca4e3f2e61b9ff60b1be412/r_30",
            "rotation": 0.12566370614359174,
            "transform_matrix": [
                [
                    -0.5951223969459534,
                    -0.29170554876327515,
                    0.748823881149292,
                    3.0186054706573486
                ],
                [
                    0.8036350607872009,
                    -0.21601907908916473,
                    0.5545325875282288,
                    2.2353923320770264
                ],
                [
                    0.0,
                    0.9317958950996399,
                    0.3629826009273529,
                    1.4632296562194824
                ],
                [
                    0.0,
                    0.0,
                    0.0,
                    1.0
                ]
            ]
        },
        {
            "file_path": "/data/shapenet_blender/all_50_random/02958343/8aa5d1c7ca4e3f2e61b9ff60b1be412/r_31",
            "rotation": 0.12566370614359174,
            "transform_matrix": [
                [
                    0.30358609557151794,
                    0.21751250326633453,
                    -0.9276441931724548,
                    -3.7394533157348633
                ],
                [
                    -0.9528040885925293,
                    0.06930466741323471,
                    -0.2955695390701294,
                    -1.191478967666626
                ],
                [
                    0.0,
                    0.9735939502716064,
                    0.2282867133617401,
                    0.9202531576156616
                ],
                [
                    0.0,
                    0.0,
                    0.0,
                    1.0
                ]
            ]
        },
        {
            "file_path": "/data/shapenet_blender/all_50_random/02958343/8aa5d1c7ca4e3f2e61b9ff60b1be412/r_32",
            "rotation": 0.12566370614359174,
            "transform_matrix": [
                [
                    0.2536397874355316,
                    0.9156455397605896,
                    -0.31186550855636597,
                    -1.2571700811386108
                ],
                [
                    -0.967298686504364,
                    0.2400956004858017,
                    -0.08177568018436432,
                    -0.32964831590652466
                ],
                [
                    0.0,
                    0.3224088251590729,
                    0.946600615978241,
                    3.815869092941284
                ],
                [
                    0.0,
                    0.0,
                    0.0,
                    1.0
                ]
            ]
        },
        {
            "file_path": "/data/shapenet_blender/all_50_random/02958343/8aa5d1c7ca4e3f2e61b9ff60b1be412/r_33",
            "rotation": 0.12566370614359174,
            "transform_matrix": [
                [
                    0.9955726861953735,
                    0.015327301807701588,
                    0.0927366241812706,
                    0.3738332986831665
                ],
                [
                    0.09399471431970596,
                    -0.16234362125396729,
                    -0.9822472333908081,
                    -3.9595651626586914
                ],
                [
                    -9.313224635931761e-10,
                    0.9866153001785278,
                    -0.163065567612648,
                    -0.6573383212089539
                ],
                [
                    0.0,
                    0.0,
                    0.0,
                    1.0
                ]
            ]
        },
        {
            "file_path": "/data/shapenet_blender/all_50_random/02958343/8aa5d1c7ca4e3f2e61b9ff60b1be412/r_34",
            "rotation": 0.12566370614359174,
            "transform_matrix": [
                [
                    0.8917863965034485,
                    0.10708963125944138,
                    0.4396008253097534,
                    1.772087574005127
                ],
                [
                    0.4524567127227783,
                    -0.21107229590415955,
                    -0.8664475679397583,
                    -3.4927618503570557
                ],
                [
                    7.450580596923828e-09,
                    0.9715864062309265,
                    -0.23668482899665833,
                    -0.9541070461273193
                ],
                [
                    0.0,
                    0.0,
                    0.0,
                    1.0
                ]
            ]
        },
        {
            "file_path": "/data/shapenet_blender/all_50_random/02958343/8aa5d1c7ca4e3f2e61b9ff60b1be412/r_35",
            "rotation": 0.12566370614359174,
            "transform_matrix": [
                [
                    0.06198722869157791,
                    0.1932932585477829,
                    0.9791809320449829,
                    3.94720458984375
                ],
                [
                    0.9980769753456116,
                    -0.012004799209535122,
                    -0.06081366166472435,
                    -0.245147705078125
                ],
                [
                    0.0,
                    0.9810675382614136,
                    -0.19366569817066193,
                    -0.780691385269165
                ],
                [
                    0.0,
                    0.0,
                    0.0,
                    1.0
                ]
            ]
        },
        {
            "file_path": "/data/shapenet_blender/all_50_random/02958343/8aa5d1c7ca4e3f2e61b9ff60b1be412/r_36",
            "rotation": 0.12566370614359174,
            "transform_matrix": [
                [
                    0.11278748512268066,
                    0.7352585196495056,
                    0.6683365702629089,
                    2.6941511631011963
                ],
                [
                    0.9936191439628601,
                    -0.0834605023264885,
                    -0.07586407661437988,
                    -0.3058179020881653
                ],
                [
                    -3.725290298461914e-09,
                    0.6726284623146057,
                    -0.7399802207946777,
                    -2.9829559326171875
                ],
                [
                    0.0,
                    0.0,
                    0.0,
                    1.0
                ]
            ]
        },
        {
            "file_path": "/data/shapenet_blender/all_50_random/02958343/8aa5d1c7ca4e3f2e61b9ff60b1be412/r_37",
            "rotation": 0.12566370614359174,
            "transform_matrix": [
                [
                    -0.27048471570014954,
                    -0.895574688911438,
                    -0.35324758291244507,
                    -1.4239866733551025
                ],
                [
                    -0.9627243280410767,
                    0.25161853432655334,
                    0.09924759715795517,
                    0.4000799059867859
                ],
                [
                    0.0,
                    0.3669249713420868,
                    -0.9302504658699036,
                    -3.749959707260132
                ],
                [
                    0.0,
                    0.0,
                    0.0,
                    1.0
                ]
            ]
        },
        {
            "file_path": "/data/shapenet_blender/all_50_random/02958343/8aa5d1c7ca4e3f2e61b9ff60b1be412/r_38",
            "rotation": 0.12566370614359174,
            "transform_matrix": [
                [
                    -0.7979243397712708,
                    -0.037729695439338684,
                    -0.6015756726264954,
                    -2.4250292778015137
                ],
                [
                    -0.6027578115463257,
                    0.04994616657495499,
                    0.7963594794273376,
                    3.2102279663085938
                ],
                [
                    -1.862645371275562e-09,
                    0.9980388879776001,
                    -0.06259512156248093,
                    -0.252329021692276
                ],
                [
                    0.0,
                    0.0,
                    0.0,
                    1.0
                ]
            ]
        },
        {
            "file_path": "/data/shapenet_blender/all_50_random/02958343/8aa5d1c7ca4e3f2e61b9ff60b1be412/r_39",
            "rotation": 0.12566370614359174,
            "transform_matrix": [
                [
                    0.7411380410194397,
                    -0.16488021612167358,
                    0.6507909893989563,
                    2.623422384262085
                ],
                [
                    0.6713526844978333,
                    0.18201908469200134,
                    -0.7184390425682068,
                    -2.896120309829712
                ],
                [
                    7.450580596923828e-09,
                    0.9693727493286133,
                    0.2455940544605255,
                    0.990021288394928
                ],
                [
                    0.0,
                    0.0,
                    0.0,
                    1.0
                ]
            ]
        },
        {
            "file_path": "/data/shapenet_blender/all_50_random/02958343/8aa5d1c7ca4e3f2e61b9ff60b1be412/r_40",
            "rotation": 0.12566370614359174,
            "transform_matrix": [
                [
                    -0.08958454430103302,
                    0.5566772818565369,
                    0.8258843421936035,
                    3.3292462825775146
                ],
                [
                    0.9959792494773865,
                    0.050071004778146744,
                    0.07428515702486038,
                    0.2994530498981476
                ],
                [
                    3.725290742551124e-09,
                    0.829218327999115,
                    -0.5589246153831482,
                    -2.2530972957611084
                ],
                [
                    0.0,
                    0.0,
                    0.0,
                    1.0
                ]
            ]
        },
        {
            "file_path": "/data/shapenet_blender/all_50_random/02958343/8aa5d1c7ca4e3f2e61b9ff60b1be412/r_41",
            "rotation": 0.12566370614359174,
            "transform_matrix": [
                [
                    -0.9379234910011292,
                    -0.10852398723363876,
                    0.32942697405815125,
                    1.3279626369476318
                ],
                [
                    0.34684228897094727,
                    -0.2934682071208954,
                    0.89082932472229,
                    3.591047763824463
                ],
                [
                    -7.450580596923828e-09,
