{
    "class": "02958343",
    "model": "b9786e1b059a1712ca92a4cdad802b45",
    "remove_doubles": true,
    "edge_split": true,
    "denoise": true,
    "camera_angle_x": 0.6911112070083618,
    "scale_factor": 2.276291750444734,
    "hdri_file": "/data/IndoorHDRDataset2018/9C4A6509-4d6c40a5f3.exr",
    "center_offset": [
        0.0,
        0.0,
        -1.3969838619232178e-09
    ],
    "lights": [],
    "frames": [
        {
            "file_path": "/data/shapenet_blender/all_50_random/02958343/b9786e1b059a1712ca92a4cdad802b45/r_0",
            "rotation": 0.12566370614359174,
            "transform_matrix": [
                [
                    -0.08489607274532318,
                    -0.8182076811790466,
                    0.5686201453208923,
                    2.2921810150146484
                ],
                [
                    0.9963898062705994,
                    -0.06971430033445358,
                    0.04844852536916733,
                    0.19530224800109863
                ],
                [
                    0.0,
                    0.5706804394721985,
                    0.8211722373962402,
                    3.310251235961914
                ],
                [
                    0.0,
                    0.0,
                    0.0,
                    1.0
                ]
            ]
        },
        {
            "file_path": "/data/shapenet_blender/all_50_random/02958343/b9786e1b059a1712ca92a4cdad802b45/r_1",
            "rotation": 0.12566370614359174,
            "transform_matrix": [
                [
                    -0.0014312680577859282,
                    -0.7987059354782104,
                    0.601719856262207,
                    2.425610303878784
                ],
                [
                    0.9999989867210388,
                    -0.00114316341932863,
                    0.0008612233214080334,
                    0.0034717023372650146
                ],
                [
                    -5.820766785236131e-11,
                    0.60172039270401,
                    0.7987067103385925,
                    3.2196898460388184
                ],
                [
                    0.0,
                    0.0,
                    0.0,
                    1.0
                ]
            ]
        },
        {
            "file_path": "/data/shapenet_blender/all_50_random/02958343/b9786e1b059a1712ca92a4cdad802b45/r_2",
            "rotation": 0.12566370614359174,
            "transform_matrix": [
                [
                    -0.5508673787117004,
                    0.1370798647403717,
                    0.8232582807540894,
                    3.318660259246826
                ],
                [
                    0.8345927596092224,
                    0.09047864377498627,
                    0.5433861017227173,
                    2.1904594898223877
                ],
                [
                    0.0,
                    0.9864192605018616,
                    -0.16424758732318878,
                    -0.6621031761169434
                ],
                [
                    0.0,
                    0.0,
                    0.0,
                    1.0
                ]
            ]
        },
        {
            "file_path": "/data/shapenet_blender/all_50_random/02958343/b9786e1b059a1712ca92a4cdad802b45/r_3",
            "rotation": 0.12566370614359174,
            "transform_matrix": [
                [
                    0.9137243628501892,
                    -0.21409380435943604,
                    0.3453572690486908,
                    1.3921797275543213
                ],
                [
                    0.40633460879325867,
                    0.48143261671066284,
                    -0.7766046524047852,
                    -3.1305935382843018
                ],
                [
                    0.0,
                    0.8499331474304199,
                    0.5268903970718384,
                    2.1239631175994873
                ],
                [
                    0.0,
                    0.0,
                    0.0,
                    1.0
                ]
            ]
        },
        {
            "file_path": "/data/shapenet_blender/all_50_random/02958343/b9786e1b059a1712ca92a4cdad802b45/r_4",
            "rotation": 0.12566370614359174,
            "transform_matrix": [
                [
                    0.8466033935546875,
                    0.15319685637950897,
                    -0.5096992254257202,
                    -2.05466365814209
                ],
                [
                    -0.5322242379188538,
                    0.24368859827518463,
                    -0.8107731342315674,
                    -3.268331289291382
                ],
                [
                    0.0,
                    0.9576777219772339,
                    0.28784263134002686,
                    1.160330891609192
                ],
                [
                    0.0,
                    0.0,
                    0.0,
                    1.0
                ]
            ]
        },
        {
            "file_path": "/data/shapenet_blender/all_50_random/02958343/b9786e1b059a1712ca92a4cdad802b45/r_5",
            "rotation": 0.12566370614359174,
            "transform_matrix": [
                [
                    0.9787124395370483,
                    0.0057218195870518684,
                    0.20515695214271545,
                    0.8270142078399658
                ],
                [
                    0.2052367776632309,
                    -0.027285637333989143,
                    -0.9783318638801575,
                    -3.943782091140747
                ],
                [
                    0.0,
                    0.9996112585067749,
                    -0.02787911891937256,
                    -0.11238433420658112
                ],
                [
                    0.0,
                    0.0,
                    0.0,
                    1.0
                ]
            ]
        },
        {
            "file_path": "/data/shapenet_blender/all_50_random/02958343/b9786e1b059a1712ca92a4cdad802b45/r_6",
            "rotation": 0.12566370614359174,
            "transform_matrix": [
                [
                    0.550234317779541,
                    0.00037336040986701846,
                    -0.8350102305412292,
                    -3.3660337924957275
                ],
                [
                    -0.8350103497505188,
                    0.00024602774647064507,
                    -0.5502342581748962,
                    -2.2180652618408203
                ],
                [
                    0.0,
                    0.9999999403953552,
                    0.0004471326828934252,
                    0.001802449463866651
                ],
                [
                    0.0,
                    0.0,
                    0.0,
                    1.0
                ]
            ]
        },
        {
            "file_path": "/data/shapenet_blender/all_50_random/02958343/b9786e1b059a1712ca92a4cdad802b45/r_7",
            "rotation": 0.12566370614359174,
            "transform_matrix": [
                [
                    0.6952029466629028,
                    -0.4192418158054352,
                    -0.5838913917541504,
                    -2.3537416458129883
                ],
                [
                    -0.7188135981559753,
                    -0.4054711163043976,
                    -0.5647125244140625,
                    -2.2764291763305664
                ],
                [
                    0.0,
                    0.8122988939285278,
                    -0.58324134349823,
                    -2.351121187210083
                ],
                [
                    0.0,
                    0.0,
                    0.0,
                    1.0
                ]
            ]
        },
        {
            "file_path": "/data/shapenet_blender/all_50_random/02958343/b9786e1b059a1712ca92a4cdad802b45/r_8",
            "rotation": 0.12566370614359174,
            "transform_matrix": [
                [
                    -0.26503750681877136,
                    0.25555288791656494,
                    0.9297568202018738,
                    3.74796986579895
                ],
                [
                    0.964238166809082,
                    0.07024312764406204,
                    0.2555597126483917,
                    1.0301942825317383
                ],
                [
                    0.0,
                    0.9642399549484253,
                    -0.2650308609008789,
                    -1.068373680114746
                ],
                [
                    0.0,
                    0.0,
                    0.0,
                    1.0
                ]
            ]
        },
        {
            "file_path": "/data/shapenet_blender/all_50_random/02958343/b9786e1b059a1712ca92a4cdad802b45/r_9",
            "rotation": 0.12566370614359174,
            "transform_matrix": [
                [
                    -0.8826945424079895,
                    0.22358249127864838,
                    0.4133535623550415,
                    1.6662814617156982
                ],
                [
                    0.4699471592903137,
                    0.41995155811309814,
                    0.7763956785202026,
                    3.129751205444336
                ],
                [
                    0.0,
                    0.8795744776725769,
                    -0.47576096653938293,
                    -1.917853832244873
                ],
                [
                    0.0,
                    0.0,
                    0.0,
                    1.0
                ]
            ]
        },
        {
            "file_path": "/data/shapenet_blender/all_50_random/02958343/b9786e1b059a1712ca92a4cdad802b45/r_10",
            "rotation": 0.12566370614359174,
            "transform_matrix": [
                [
                    -0.4426087439060211,
                    0.5839670300483704,
                    0.6804997324943542,
                    2.743182420730591
                ],
                [
                    0.8967148065567017,
                    0.28823980689048767,
                    0.3358873128890991,
                    1.354005217552185
                ],
                [
                    0.0,
                    0.7588809728622437,
                    -0.6512293219566345,
                    -2.6251895427703857
                ],
                [
                    0.0,
                    0.0,
                    0.0,
                    1.0
                ]
            ]
        },
        {
            "file_path": "/data/shapenet_blender/all_50_random/02958343/b9786e1b059a1712ca92a4cdad802b45/r_11",
            "rotation": 0.12566370614359174,
            "transform_matrix": [
                [
                    -0.05392661690711975,
                    0.19140870869159698,
                    -0.9800278544425964,
                    -3.9506185054779053
                ],
                [
                    -0.9985448122024536,
                    -0.010337067767977715,
                    0.05292660742998123,
                    0.2133539617061615
                ],
                [
                    -9.313224080820248e-10,
                    0.9814559817314148,
                    0.19168764352798462,
                    0.7727175951004028
                ],
                [
                    0.0,
                    0.0,
                    0.0,
                    1.0
                ]
            ]
        },
        {
            "file_path": "/data/shapenet_blender/all_50_random/02958343/b9786e1b059a1712ca92a4cdad802b45/r_12",
            "rotation": 0.12566370614359174,
            "transform_matrix": [
                [
                    -0.31116464734077454,
                    0.8264298439025879,
                    0.46924442052841187,
                    1.8915846347808838
                ],
                [
                    0.9503560066223145,
                    0.27058884501457214,
                    0.1536395400762558,
                    0.6193407773971558
                ],
                [
                    0.0,
                    0.493756502866745,
                    -0.869600236415863,
                    -3.5054705142974854
                ],
                [
                    0.0,
                    0.0,
                    0.0,
                    1.0
                ]
            ]
        },
        {
            "file_path": "/data/shapenet_blender/all_50_random/02958343/b9786e1b059a1712ca92a4cdad802b45/r_13",
            "rotation": 0.12566370614359174,
            "transform_matrix": [
                [
                    -0.7451990246772766,
                    0.13107870519161224,
                    0.6538323760032654,
                    2.6356825828552246
                ],
                [
                    0.6668420433998108,
                    0.14648105204105377,
                    0.730660617351532,
                    2.945387125015259
                ],
                [
                    0.0,
                    0.9804904460906982,
                    -0.1965663582086563,
                    -0.7923843264579773
                ],
                [
                    0.0,
                    0.0,
                    0.0,
                    1.0
                ]
            ]
        },
        {
            "file_path": "/data/shapenet_blender/all_50_random/02958343/b9786e1b059a1712ca92a4cdad802b45/r_14",
            "rotation": 0.12566370614359174,
            "transform_matrix": [
                [
                    0.990546703338623,
                    0.046880222856998444,
                    0.12891650199890137,
                    0.519679069519043
                ],
                [
                    0.13717587292194366,
                    -0.3385219871997833,
                    -0.930905818939209,
                    -3.752601385116577
                ],
                [
                    0.0,
                    0.9397899508476257,
                    -0.34175267815589905,
                    -1.3776490688323975
                ],
                [
                    0.0,
                    0.0,
                    0.0,
                    1.0
                ]
            ]
        },
        {
            "file_path": "/data/shapenet_blender/all_50_random/02958343/b9786e1b059a1712ca92a4cdad802b45/r_15",
            "rotation": 0.12566370614359174,
            "transform_matrix": [
                [
                    -0.3866584300994873,
                    -0.23964670300483704,
                    0.890541672706604,
                    3.58988881111145
                ],
                [
                    0.9222230911254883,
                    -0.10047613829374313,
                    0.37337544560432434,
                    1.5051246881484985
                ],
                [
                    0.0,
                    0.9656468629837036,
                    0.2598576247692108,
                    1.0475196838378906
                ],
                [
                    0.0,
                    0.0,
                    0.0,
                    1.0
                ]
            ]
        },
        {
            "file_path": "/data/shapenet_blender/all_50_random/02958343/b9786e1b059a1712ca92a4cdad802b45/r_16",
            "rotation": 0.12566370614359174,
            "transform_matrix": [
                [
                    -0.5907886028289795,
                    -0.05994122847914696,
                    -0.8045968413352966,
                    -3.2434332370758057
                ],
                [
                    -0.8068264722824097,
                    0.043891213834285736,
                    0.5891559720039368,
                    2.3749632835388184
                ],
                [
                    0.0,
                    0.9972363710403442,
                    -0.0742926076054573,
                    -0.2994830310344696
                ],
                [
                    0.0,
                    0.0,
                    0.0,
                    1.0
                ]
            ]
        },
        {
            "file_path": "/data/shapenet_blender/all_50_random/02958343/b9786e1b059a1712ca92a4cdad802b45/r_17",
            "rotation": 0.12566370614359174,
            "transform_matrix": [
                [
                    0.7347210049629211,
                    -0.2980183959007263,
                    -0.6094012260437012,
                    -2.4565751552581787
                ],
                [
                    -0.6783692836761475,
                    -0.32277461886405945,
                    -0.6600238680839539,
                    -2.660641670227051
                ],
                [
                    1.4901161193847656e-08,
                    0.8983326554298401,
                    -0.4393157958984375,
                    -1.770938754081726
                ],
                [
                    0.0,
                    0.0,
                    0.0,
                    1.0
                ]
            ]
        },
        {
            "file_path": "/data/shapenet_blender/all_50_random/02958343/b9786e1b059a1712ca92a4cdad802b45/r_18",
            "rotation": 0.12566370614359174,
            "transform_matrix": [
                [
                    0.19803673028945923,
                    -0.6432464122772217,
                    -0.7396050095558167,
                    -2.981443166732788
                ],
                [
                    -0.980194628238678,
                    -0.1299603283405304,
                    -0.14942844212055206,
                    -0.6023653149604797
                ],
                [
                    0.0,
                    0.7545491456985474,
                    -0.6562435030937195,
                    -2.645402193069458
                ],
                [
                    0.0,
                    0.0,
                    0.0,
                    1.0
                ]
            ]
        },
        {
            "file_path": "/data/shapenet_blender/all_50_random/02958343/b9786e1b059a1712ca92a4cdad802b45/r_19",
            "rotation": 0.12566370614359174,
            "transform_matrix": [
                [
                    0.9049628973007202,
                    0.07838498800992966,
                    0.4182080328464508,
                    1.6858506202697754
                ],
                [
                    0.42549052834510803,
                    -0.1667146533727646,
                    -0.8894739747047424,
                    -3.5855844020843506
                ],
                [
                    7.450580596923828e-09,
                    0.9828845262527466,
                    -0.18422262370586395,
                    -0.7426252365112305
                ],
                [
                    0.0,
                    0.0,
                    0.0,
                    1.0
                ]
            ]
        },
        {
            "file_path": "/data/shapenet_blender/all_50_random/02958343/b9786e1b059a1712ca92a4cdad802b45/r_20",
            "rotation": 0.12566370614359174,
            "transform_matrix": [
                [
                    0.7124912738800049,
                    -0.5657768845558167,
                    0.415033221244812,
                    1.6730525493621826
                ],
                [
                    0.7016808390617371,
                    0.5744935274124146,
                    -0.4214274287223816,
                    -1.6988284587860107
                ],
                [
                    0.0,
                    0.5914843082427979,
                    0.8063164353370667,
                    3.250365734100342
                ],
                [
                    0.0,
                    0.0,
                    0.0,
                    1.0
                ]
            ]
        },
        {
            "file_path": "/data/shapenet_blender/all_50_random/02958343/b9786e1b059a1712ca92a4cdad802b45/r_21",
            "rotation": 0.12566370614359174,
            "transform_matrix": [
                [
                    0.7433907985687256,
                    -0.48367398977279663,
                    0.46198445558547974,
                    1.8623188734054565
                ],
                [
                    0.6688573956489563,
                    0.5375716686248779,
                    -0.5134652256965637,
                    -2.0698444843292236
                ],
                [
                    1.4901162970204496e-08,
                    0.6907069683074951,
                    0.7231346964836121,
                    2.9150493144989014
                ],
                [
                    0.0,
                    0.0,
                    0.0,
                    1.0
                ]
            ]
        },
        {
            "file_path": "/data/shapenet_blender/all_50_random/02958343/b9786e1b059a1712ca92a4cdad802b45/r_22",
            "rotation": 0.12566370614359174,
            "transform_matrix": [
                [
                    -0.26847726106643677,
                    -0.3251228630542755,
                    -0.9067607522010803,
                    -3.6552696228027344
                ],
                [
                    -0.9632860422134399,
                    0.0906149372458458,
                    0.2527231276035309,
                    1.0187594890594482
                ],
                [
                    0.0,
                    0.9413203597068787,
                    -0.33751437067985535,
                    -1.3605639934539795
                ],
                [
                    0.0,
                    0.0,
                    0.0,
                    1.0
                ]
            ]
        },
        {
            "file_path": "/data/shapenet_blender/all_50_random/02958343/b9786e1b059a1712ca92a4cdad802b45/r_23",
            "rotation": 0.12566370614359174,
            "transform_matrix": [
                [
                    0.14641767740249634,
                    -0.18333591520786285,
                    0.9720852971076965,
                    3.9186012744903564
                ],
                [
                    0.9892229437828064,
                    0.02713606506586075,
                    -0.14388108253479004,
                    -0.5800032019615173
                ],
                [
                    0.0,
                    0.9826756715774536,
                    0.1853332817554474,
                    0.7471023797988892
                ],
                [
                    0.0,
                    0.0,
                    0.0,
                    1.0
                ]
            ]
        },
        {
            "file_path": "/data/shapenet_blender/all_50_random/02958343/b9786e1b059a1712ca92a4cdad802b45/r_24",
            "rotation": 0.12566370614359174,
            "transform_matrix": [
                [
                    -0.9700357913970947,
                    0.16195324063301086,
                    -0.18111249804496765,
                    -0.7300878167152405
                ],
                [
                    -0.24296212196350098,
                    -0.646604597568512,
                    0.7230987548828125,
                    2.9149043560028076
                ],
                [
                    1.4901161193847656e-08,
                    0.7454351186752319,
                    0.6665781736373901,
                    2.6870625019073486
                ],
                [
                    0.0,
                    0.0,
                    0.0,
                    1.0
                ]
            ]
        },
        {
            "file_path": "/data/shapenet_blender/all_50_random/02958343/b9786e1b059a1712ca92a4cdad802b45/r_25",
            "rotation": 0.12566370614359174,
            "transform_matrix": [
                [
                    -0.7587270140647888,
                    -0.08429349958896637,
                    0.6459317803382874,
                    2.603834629058838
                ],
                [
                    0.6514087319374084,
                    -0.09818068146705627,
                    0.7523477077484131,
                    3.032810926437378
                ],
                [
                    0.0,
                    0.9915922284126282,
                    0.12940184772014618,
                    0.5216355919837952
                ],
                [
                    0.0,
                    0.0,
                    0.0,
                    1.0
                ]
            ]
        },
        {
            "file_path": "/data/shapenet_blender/all_50_random/02958343/b9786e1b059a1712ca92a4cdad802b45/r_26",
            "rotation": 0.12566370614359174,
            "transform_matrix": [
                [
                    0.44886505603790283,
                    -0.17344552278518677,
                    0.8766052722930908,
                    3.5337088108062744
                ],
                [
                    0.8935996294021606,
                    0.08712361752986908,
                    -0.44032859802246094,
                    -1.7750213146209717
                ],
                [
                    0.0,
                    0.9809821844100952,
                    0.1940975934267044,
                    0.7824323773384094
                ],
                [
                    0.0,
                    0.0,
                    0.0,
                    1.0
                ]
            ]
        },
        {
            "file_path": "/data/shapenet_blender/all_50_random/02958343/b9786e1b059a1712ca92a4cdad802b45/r_27",
            "rotation": 0.12566370614359174,
            "transform_matrix": [
                [
                    -0.3608071804046631,
                    -0.07483223080635071,
                    0.9296334385871887,
                    3.7474722862243652
                ],
                [
                    0.9326404929161072,
                    -0.028950070962309837,
                    0.3596438765525818,
                    1.4497708082199097
                ],
                [
                    0.0,
                    0.9967758655548096,
                    0.08023696392774582,
                    0.32344555854797363
                ],
                [
                    0.0,
                    0.0,
                    0.0,
                    1.0
                ]
            ]
        },
        {
            "file_path": "/data/shapenet_blender/all_50_random/02958343/b9786e1b059a1712ca92a4cdad802b45/r_28",
            "rotation": 0.12566370614359174,
            "transform_matrix": [
                [
                    -0.1263071745634079,
                    0.5224913358688354,
                    -0.8432374000549316,
                    -3.3991987705230713
                ],
                [
                    -0.9919912815093994,
                    -0.06652720272541046,
                    0.10736680030822754,
                    0.43280941247940063
                ],
                [
                    -3.725290742551124e-09,
                    0.8500452041625977,
                    0.5267096757888794,
                    2.123234510421753
                ],
                [
                    0.0,
                    0.0,
                    0.0,
                    1.0
                ]
            ]
        },
        {
            "file_path": "/data/shapenet_blender/all_50_random/02958343/b9786e1b059a1712ca92a4cdad802b45/r_29",
            "rotation": 0.12566370614359174,
            "transform_matrix": [
                [
                    -0.8346588611602783,
                    -0.05612847954034805,
                    0.5478998422622681,
                    2.2086548805236816
                ],
                [
                    0.5507673025131226,
                    -0.0850597620010376,
                    0.8303133845329285,
                    3.347100257873535
                ],
                [
                    3.7252898543727042e-09,
                    0.994793713092804,
                    0.10190961509943008,
                    0.41081079840660095
                ],
                [
                    0.0,
                    0.0,
                    0.0,
                    1.0
                ]
            ]
        },
        {
            "file_path": "/data/shapenet_blender/all_50_random/02958343/b9786e1b059a1712ca92a4cdad802b45/r_30",
            "rotation": 0.12566370614359174,
            "transform_matrix": [
                [
                    -0.5718564987182617,
                    -0.6865055561065674,
                    -0.44909924268722534,
                    -1.8103768825531006
                ],
                [
                    -0.8203536868095398,
                    0.47855299711227417,
                    0.3130605220794678,
                    1.261987328529358
                ],
                [
                    0.0,
                    0.5474458932876587,
                    -0.8368410468101501,
                    -3.3734140396118164
                ],
                [
                    0.0,
                    0.0,
                    0.0,
                    1.0
                ]
            ]
        },
        {
            "file_path": "/data/shapenet_blender/all_50_random/02958343/b9786e1b059a1712ca92a4cdad802b45/r_31",
            "rotation": 0.12566370614359174,
            "transform_matrix": [
                [
                    0.8362115025520325,
                    -0.00019111987785436213,
                    -0.5484070181846619,
                    -2.2106993198394775
                ],
                [
                    -0.5484070777893066,
                    -0.00029141971026547253,
                    -0.8362114429473877,
                    -3.3708760738372803
                ],
                [
                    1.4551913493643376e-11,
                    1.0,
                    -0.00034849997609853745,
                    -0.0014048482989892364
                ],
                [
                    0.0,
                    0.0,
                    0.0,
                    1.0
                ]
            ]
        },
        {
            "file_path": "/data/shapenet_blender/all_50_random/02958343/b9786e1b059a1712ca92a4cdad802b45/r_32",
            "rotation": 0.12566370614359174,
            "transform_matrix": [
                [
                    0.2712336480617523,
                    -0.7236514091491699,
                    -0.6346343159675598,
                    -2.558292865753174
                ],
                [
                    -0.9625135660171509,
                    -0.20392298698425293,
                    -0.17883819341659546,
                    -0.7209197878837585
                ],
                [
                    -1.4901162970204496e-08,
                    0.6593509912490845,
                    -0.7518351078033447,
                    -3.0307443141937256
                ],
                [
                    0.0,
                    0.0,
                    0.0,
                    1.0
                ]
            ]
        },
        {
            "file_path": "/data/shapenet_blender/all_50_random/02958343/b9786e1b059a1712ca92a4cdad802b45/r_33",
            "rotation": 0.12566370614359174,
            "transform_matrix": [
                [
                    -0.9996927380561829,
                    0.005468056537210941,
                    -0.024177175015211105,
                    -0.09746130555868149
                ],
                [
                    -0.02478780597448349,
                    -0.2205268144607544,
                    0.9750658869743347,
                    3.9306161403656006
                ],
                [
                    0.0,
                    0.9753656387329102,
                    0.220594584941864,
                    0.8892451524734497
                ],
                [
                    0.0,
                    0.0,
                    0.0,
                    1.0
                ]
            ]
        },
        {
            "file_path": "/data/shapenet_blender/all_50_random/02958343/b9786e1b059a1712ca92a4cdad802b45/r_34",
            "rotation": 0.12566370614359174,
            "transform_matrix": [
                [
                    0.8606734871864319,
                    0.263304740190506,
                    -0.43578875064849854,
                    -1.756720781326294
                ],
                [
                    -0.5091574788093567,
                    0.44508710503578186,
                    -0.7366519570350647,
                    -2.969539165496826
                ],
                [
                    -1.4901162970204496e-08,
                    0.8559017777442932,
                    0.5171381831169128,
                    2.084650993347168
                ],
                [
                    0.0,
                    0.0,
                    0.0,
                    1.0
                ]
            ]
        },
        {
            "file_path": "/data/shapenet_blender/all_50_random/02958343/b9786e1b059a1712ca92a4cdad802b45/r_35",
            "rotation": 0.12566370614359174,
            "transform_matrix": [
                [
                    -0.2688349187374115,
                    -0.8414167761802673,
                    0.46877020597457886,
                    1.889673113822937
                ],
                [
                    0.9631863832473755,
                    -0.23484782874584198,
                    0.13083845376968384,
                    0.5274266600608826
                ],
                [
                    0.0,
                    0.48668691515922546,
                    0.8735764026641846,
                    3.5214991569519043
                ],
                [
                    0.0,
                    0.0,
                    0.0,
                    1.0
                ]
            ]
        },
        {
            "file_path": "/data/shapenet_blender/all_50_random/02958343/b9786e1b059a1712ca92a4cdad802b45/r_36",
            "rotation": 0.12566370614359174,
            "transform_matrix": [
                [
                    -0.08442985266447067,
                    -0.22557587921619415,
                    0.9705601334571838,
                    3.9124531745910645
                ],
                [
                    0.9964295029640198,
                    -0.019113583490252495,
                    0.08223787695169449,
                    0.331511527299881
                ],
                [
                    0.0,
                    0.9740379452705383,
                    0.2263842076063156,
                    0.9125840067863464
                ],
                [
                    0.0,
                    0.0,
                    0.0,
                    1.0
                ]
            ]
        },
        {
            "file_path": "/data/shapenet_blender/all_50_random/02958343/b9786e1b059a1712ca92a4cdad802b45/r_37",
            "rotation": 0.12566370614359174,
            "transform_matrix": [
                [
                    -0.9918999671936035,
                    -0.09271588176488876,
                    -0.08682197332382202,
                    -0.3499906063079834
                ],
                [
                    -0.12702083587646484,
                    0.724014163017273,
                    0.6779888868331909,
                    2.733060836791992
                ],
                [
                    0.0,
                    0.6835253834724426,
                    -0.729926586151123,
                    -2.9424283504486084
                ],
                [
                    0.0,
                    0.0,
                    0.0,
                    1.0
                ]
            ]
        },
        {
            "file_path": "/data/shapenet_blender/all_50_random/02958343/b9786e1b059a1712ca92a4cdad802b45/r_38",
            "rotation": 0.12566370614359174,
            "transform_matrix": [
                [
                    0.8784806132316589,
                    -0.020076662302017212,
                    0.47735604643821716,
                    1.924283742904663
                ],
                [
                    0.4777780771255493,
                    0.03691454231739044,
                    -0.8777046203613281,
                    -3.5381405353546143
                ],
                [
                    0.0,
                    0.9991167783737183,
                    0.04202089458703995,
                    0.16939164698123932
                ],
                [
                    0.0,
                    0.0,
                    0.0,
                    1.0
                ]
            ]
        },
        {
            "file_path": "/data/shapenet_blender/all_50_random/02958343/b9786e1b059a1712ca92a4cdad802b45/r_39",
            "rotation": 0.12566370614359174,
            "transform_matrix": [
                [
                    -0.9998613595962524,
                    -8.703150524524972e-05,
                    -0.0166502483189106,
                    -0.067119300365448
                ],
                [
                    -0.016650475561618805,
                    0.005226243752986193,
                    0.9998477697372437,
                    4.030515193939209
                ],
                [
                    0.0,
                    0.9999864101409912,
                    -0.0052269683219492435,
                    -0.021070582792162895
                ],
                [
                    0.0,
                    0.0,
                    0.0,
                    1.0
                ]
            ]
        },
        {
            "file_path": "/data/shapenet_blender/all_50_random/02958343/b9786e1b059a1712ca92a4cdad802b45/r_40",
            "rotation": 0.12566370614359174,
            "transform_matrix": [
                [
                    0.9829132556915283,
                    -0.01498934905976057,
                    -0.18345853686332703,
                    -0.7395451068878174
                ],
                [
                    -0.1840699017047882,
                    -0.08004149794578552,
                    -0.9796486496925354,
                    -3.9490902423858643
                ],
                [
                    -9.31322685637781e-10,
                    0.9966787099838257,
                    -0.08143291622400284,
                    -0.32826662063598633
                ],
                [
                    0.0,
                    0.0,
                    0.0,
                    1.0
                ]
            ]
        },
        {
            "file_path": "/data/shapenet_blender/all_50_random/02958343/b9786e1b059a1712ca92a4cdad802b45/r_41",
            "rotation": 0.12566370614359174,
            "transform_matrix": [
                [
                    -0.665134608745575,
                    -0.07890410721302032,
                    -0.7425429224967957,
                    -2.993286371231079
                ],
                [
                    -0.7467234134674072,
                    0.07028284668922424,
                    0.6614108681678772,
                    2.6662325859069824
                ],
                [
                    -3.725290742551124e-09,
                    0.9944014549255371,
                    -0.10566709190607071,
