{
    "class": "02958343",
    "model": "12498dd65e8d65ac3b6f5204eb590354",
    "remove_doubles": true,
    "edge_split": true,
    "denoise": true,
    "camera_angle_x": 0.6911112070083618,
    "scale_factor": 2.4261921839931513,
    "hdri_file": "/data/IndoorHDRDataset2018/9C4A1807-401bbd03ed.exr",
    "center_offset": [
        0.0,
        -9.313225746154785e-10,
        0.0
    ],
    "lights": [],
    "frames": [
        {
            "file_path": "/data/shapenet_blender/all_50_random/02958343/12498dd65e8d65ac3b6f5204eb590354/r_0",
            "rotation": 0.12566370614359174,
            "transform_matrix": [
                [
                    0.8456365466117859,
                    -0.12670502066612244,
                    -0.518502414226532,
                    -2.0901501178741455
                ],
                [
                    -0.5337592363357544,
                    -0.20073914527893066,
                    -0.821465015411377,
                    -3.311431407928467
                ],
                [
                    7.450581485102248e-09,
                    0.9714162349700928,
                    -0.23738233745098114,
                    -0.9569188356399536
                ],
                [
                    0.0,
                    0.0,
                    0.0,
                    1.0
                ]
            ]
        },
        {
            "file_path": "/data/shapenet_blender/all_50_random/02958343/12498dd65e8d65ac3b6f5204eb590354/r_1",
            "rotation": 0.12566370614359174,
            "transform_matrix": [
                [
                    0.17217175662517548,
                    -0.6881486773490906,
                    0.704846203327179,
                    2.8413259983062744
                ],
                [
                    0.9850668907165527,
                    0.12027586996555328,
                    -0.12319429218769073,
                    -0.4966120719909668
                ],
                [
                    0.0,
                    0.7155312895774841,
                    0.6985806226730347,
                    2.816068649291992
                ],
                [
                    0.0,
                    0.0,
                    0.0,
                    1.0
                ]
            ]
        },
        {
            "file_path": "/data/shapenet_blender/all_50_random/02958343/12498dd65e8d65ac3b6f5204eb590354/r_2",
            "rotation": 0.12566370614359174,
            "transform_matrix": [
                [
                    0.5110248327255249,
                    0.09729074686765671,
                    -0.8540422320365906,
                    -3.4427542686462402
                ],
                [
                    -0.8595660328865051,
                    0.05784080922603607,
                    -0.5077409148216248,
                    -2.046769142150879
                ],
                [
                    0.0,
                    0.993573784828186,
                    0.11318590492010117,
                    0.45626696944236755
                ],
                [
                    0.0,
                    0.0,
                    0.0,
                    1.0
                ]
            ]
        },
        {
            "file_path": "/data/shapenet_blender/all_50_random/02958343/12498dd65e8d65ac3b6f5204eb590354/r_3",
            "rotation": 0.12566370614359174,
            "transform_matrix": [
                [
                    -0.45448580384254456,
                    -0.3433121144771576,
                    -0.8219363689422607,
                    -3.3133318424224854
                ],
                [
                    -0.8907541036605835,
                    0.17516672611236572,
                    0.41937318444252014,
                    1.6905474662780762
                ],
                [
                    1.4901162970204496e-08,
                    0.9227423667907715,
                    -0.3854173719882965,
                    -1.5536671876907349
                ],
                [
                    0.0,
                    0.0,
                    0.0,
                    1.0
                ]
            ]
        },
        {
            "file_path": "/data/shapenet_blender/all_50_random/02958343/12498dd65e8d65ac3b6f5204eb590354/r_4",
            "rotation": 0.12566370614359174,
            "transform_matrix": [
                [
                    -0.25882861018180847,
                    -0.08105466514825821,
                    0.9625164270401001,
                    3.8800277709960938
                ],
                [
                    0.9659232497215271,
                    -0.021719392389059067,
                    0.257915735244751,
                    1.0396915674209595
                ],
                [
                    -1.862645149230957e-09,
                    0.996472954750061,
                    0.08391418308019638,
                    0.338268905878067
                ],
                [
                    0.0,
                    0.0,
                    0.0,
                    1.0
                ]
            ]
        },
        {
            "file_path": "/data/shapenet_blender/all_50_random/02958343/12498dd65e8d65ac3b6f5204eb590354/r_5",
            "rotation": 0.12566370614359174,
            "transform_matrix": [
                [
                    0.19060085713863373,
                    -0.5910589098930359,
                    0.7837861776351929,
                    3.159543037414551
                ],
                [
                    0.9816675782203674,
                    0.11476016044616699,
                    -0.15218013525009155,
                    -0.6134577393531799
                ],
                [
                    0.0,
                    0.798423171043396,
                    0.6020967364311218,
                    2.4271295070648193
                ],
                [
                    0.0,
                    0.0,
                    0.0,
                    1.0
                ]
            ]
        },
        {
            "file_path": "/data/shapenet_blender/all_50_random/02958343/12498dd65e8d65ac3b6f5204eb590354/r_6",
            "rotation": 0.12566370614359174,
            "transform_matrix": [
                [
                    -0.40494000911712646,
                    -0.0027781145181506872,
                    -0.9143389463424683,
                    -3.6858184337615967
                ],
                [
                    -0.9143432378768921,
                    0.0012303583789616823,
                    0.40493813157081604,
                    1.6323579549789429
                ],
                [
                    1.1641531488804091e-10,
                    0.9999954104423523,
                    -0.0030383712146431208,
                    -0.012248067185282707
                ],
                [
                    0.0,
                    0.0,
                    0.0,
                    1.0
                ]
            ]
        },
        {
            "file_path": "/data/shapenet_blender/all_50_random/02958343/12498dd65e8d65ac3b6f5204eb590354/r_7",
            "rotation": 0.12566370614359174,
            "transform_matrix": [
                [
                    0.9988951086997986,
                    0.030266383662819862,
                    -0.03595101460814476,
                    -0.14492318034172058
                ],
                [
                    -0.04699499532580376,
                    0.6433225870132446,
                    -0.7641514539718628,
                    -3.080393075942993
                ],
                [
                    -1.8626450382086546e-09,
                    0.7649967670440674,
                    0.644034206867218,
                    2.5961849689483643
                ],
                [
                    0.0,
                    0.0,
                    0.0,
                    1.0
                ]
            ]
        },
        {
            "file_path": "/data/shapenet_blender/all_50_random/02958343/12498dd65e8d65ac3b6f5204eb590354/r_8",
            "rotation": 0.12566370614359174,
            "transform_matrix": [
                [
                    -0.4110526144504547,
                    0.13815174996852875,
                    -0.9010826349258423,
                    -3.6323797702789307
                ],
                [
                    -0.9116115570068359,
                    -0.062293682247400284,
                    0.40630507469177246,
                    1.6378679275512695
                ],
                [
                    3.7252896323280993e-09,
                    0.9884501099586487,
                    0.15154673159122467,
                    0.610904335975647
                ],
                [
                    0.0,
                    0.0,
                    0.0,
                    1.0
                ]
            ]
        },
        {
            "file_path": "/data/shapenet_blender/all_50_random/02958343/12498dd65e8d65ac3b6f5204eb590354/r_9",
            "rotation": 0.12566370614359174,
            "transform_matrix": [
                [
                    -0.37363681197166443,
                    -0.015247751027345657,
                    0.9274497628211975,
                    3.7386696338653564
                ],
                [
                    0.9275751113891602,
                    -0.0061419508419930935,
                    0.3735862970352173,
                    1.505974531173706
                ],
                [
                    0.0,
                    0.999864935874939,
                    0.01643829047679901,
                    0.06626486778259277
                ],
                [
                    0.0,
                    0.0,
                    0.0,
                    1.0
                ]
            ]
        },
        {
            "file_path": "/data/shapenet_blender/all_50_random/02958343/12498dd65e8d65ac3b6f5204eb590354/r_10",
            "rotation": 0.12566370614359174,
            "transform_matrix": [
                [
                    -0.7570042014122009,
                    0.14310015738010406,
                    0.6375475525856018,
                    2.5700366497039795
                ],
                [
                    0.653410017490387,
                    0.16578783094882965,
                    0.7386268973350525,
                    2.9775004386901855
                ],
                [
                    0.0,
                    0.9757236242294312,
                    -0.21900516748428345,
                    -0.8828381299972534
                ],
                [
                    0.0,
                    0.0,
                    0.0,
                    1.0
                ]
            ]
        },
        {
            "file_path": "/data/shapenet_blender/all_50_random/02958343/12498dd65e8d65ac3b6f5204eb590354/r_11",
            "rotation": 0.12566370614359174,
            "transform_matrix": [
                [
                    0.7514621019363403,
                    -0.023594584316015244,
                    0.6593542695045471,
                    2.657942056655884
                ],
                [
                    0.6597763299942017,
                    0.026873406022787094,
                    -0.7509813904762268,
                    -3.0273027420043945
                ],
                [
                    -1.862645371275562e-09,
                    0.9993603229522705,
                    0.03576149418950081,
                    0.144159197807312
                ],
                [
                    0.0,
                    0.0,
                    0.0,
                    1.0
                ]
            ]
        },
        {
            "file_path": "/data/shapenet_blender/all_50_random/02958343/12498dd65e8d65ac3b6f5204eb590354/r_12",
            "rotation": 0.12566370614359174,
            "transform_matrix": [
                [
                    0.9570781588554382,
                    -0.06988885253667831,
                    -0.2812771797180176,
                    -1.1338646411895752
                ],
                [
                    -0.2898297905921936,
                    -0.2307875007390976,
                    -0.9288355708122253,
                    -3.7442564964294434
                ],
                [
                    0.0,
                    0.9704908132553101,
                    -0.2411375492811203,
                    -0.9720566868782043
                ],
                [
                    0.0,
                    0.0,
                    0.0,
                    1.0
                ]
            ]
        },
        {
            "file_path": "/data/shapenet_blender/all_50_random/02958343/12498dd65e8d65ac3b6f5204eb590354/r_13",
            "rotation": 0.12566370614359174,
            "transform_matrix": [
                [
                    0.9732902646064758,
                    0.147141233086586,
                    0.17622603476047516,
                    0.7103898525238037
                ],
                [
                    0.22957824170589447,
                    -0.6238009929656982,
                    -0.7471051812171936,
                    -3.0116772651672363
                ],
                [
                    0.0,
                    0.7676077485084534,
                    -0.6409198641777039,
                    -2.5836305618286133
                ],
                [
                    0.0,
                    0.0,
                    0.0,
                    1.0
                ]
            ]
        },
        {
            "file_path": "/data/shapenet_blender/all_50_random/02958343/12498dd65e8d65ac3b6f5204eb590354/r_14",
            "rotation": 0.12566370614359174,
            "transform_matrix": [
                [
                    -0.9015585780143738,
                    0.18605029582977295,
                    -0.39061152935028076,
                    -1.5746053457260132
                ],
                [
                    -0.43265700340270996,
                    -0.38768643140792847,
                    0.8139454126358032,
                    3.281118869781494
                ],
                [
                    0.0,
                    0.902820348739624,
                    0.43001797795295715,
                    1.7334578037261963
                ],
                [
                    0.0,
                    0.0,
                    0.0,
                    1.0
                ]
            ]
        },
        {
            "file_path": "/data/shapenet_blender/all_50_random/02958343/12498dd65e8d65ac3b6f5204eb590354/r_15",
            "rotation": 0.12566370614359174,
            "transform_matrix": [
                [
                    0.9797720909118652,
                    0.062125641852617264,
                    0.19022917747497559,
                    0.7668384313583374
                ],
                [
                    0.2001168429851532,
                    -0.30416712164878845,
                    -0.9313620924949646,
                    -3.754441022872925
                ],
                [
                    0.0,
                    0.9505906701087952,
                    -0.3104468584060669,
                    -1.2514514923095703
                ],
                [
                    0.0,
                    0.0,
                    0.0,
                    1.0
                ]
            ]
        },
        {
            "file_path": "/data/shapenet_blender/all_50_random/02958343/12498dd65e8d65ac3b6f5204eb590354/r_16",
            "rotation": 0.12566370614359174,
            "transform_matrix": [
                [
                    0.9509484171867371,
                    -0.11284857243299484,
                    0.28803208470344543,
                    1.1610945463180542
                ],
                [
                    0.30934983491897583,
                    0.3468990623950958,
                    -0.8854171633720398,
                    -3.5692310333251953
                ],
                [
                    -7.450581485102248e-09,
                    0.9310886859893799,
                    0.36479273438453674,
                    1.4705266952514648
                ],
                [
                    0.0,
                    0.0,
                    0.0,
                    1.0
                ]
            ]
        },
        {
            "file_path": "/data/shapenet_blender/all_50_random/02958343/12498dd65e8d65ac3b6f5204eb590354/r_17",
            "rotation": 0.12566370614359174,
            "transform_matrix": [
                [
                    0.7090656161308289,
                    0.006783344317227602,
                    0.7051098942756653,
                    2.842388868331909
                ],
                [
                    0.7051425576210022,
                    -0.006821084301918745,
                    -0.7090328335762024,
                    -2.8582026958465576
                ],
                [
                    0.0,
                    0.9999538064002991,
                    -0.009619819931685925,
                    -0.03877873346209526
                ],
                [
                    0.0,
                    0.0,
                    0.0,
                    1.0
                ]
            ]
        },
        {
            "file_path": "/data/shapenet_blender/all_50_random/02958343/12498dd65e8d65ac3b6f5204eb590354/r_18",
            "rotation": 0.12566370614359174,
            "transform_matrix": [
                [
                    0.9518293142318726,
                    0.13759846985340118,
                    0.27402159571647644,
                    1.104616403579712
                ],
                [
                    0.3066287338733673,
                    -0.42712971568107605,
                    -0.8506109714508057,
                    -3.428922414779663
                ],
                [
                    0.0,
                    0.893659234046936,
                    -0.4487462043762207,
                    -1.8089537620544434
                ],
                [
                    0.0,
                    0.0,
                    0.0,
                    1.0
                ]
            ]
        },
        {
            "file_path": "/data/shapenet_blender/all_50_random/02958343/12498dd65e8d65ac3b6f5204eb590354/r_19",
            "rotation": 0.12566370614359174,
            "transform_matrix": [
                [
                    0.5336770415306091,
                    -0.270481675863266,
                    0.8012667298316956,
                    3.2300097942352295
                ],
                [
                    0.8456884026527405,
                    0.170689195394516,
                    -0.5056444406509399,
                    -2.038318157196045
                ],
                [
                    -1.4901161193847656e-08,
                    0.9474729299545288,
                    0.3198360502719879,
                    1.2893004417419434
                ],
                [
                    0.0,
                    0.0,
                    0.0,
                    1.0
                ]
            ]
        },
        {
            "file_path": "/data/shapenet_blender/all_50_random/02958343/12498dd65e8d65ac3b6f5204eb590354/r_20",
            "rotation": 0.12566370614359174,
            "transform_matrix": [
                [
                    0.18266361951828003,
                    0.23160123825073242,
                    0.9555075764656067,
                    3.8517744541168213
                ],
                [
                    0.9831755757331848,
                    -0.0430290624499321,
                    -0.1775231957435608,
                    -0.7156189680099487
                ],
                [
                    0.0,
                    0.9718586206436157,
                    -0.23556450009346008,
                    -0.9495909214019775
                ],
                [
                    0.0,
                    0.0,
                    0.0,
                    1.0
                ]
            ]
        },
        {
            "file_path": "/data/shapenet_blender/all_50_random/02958343/12498dd65e8d65ac3b6f5204eb590354/r_21",
            "rotation": 0.12566370614359174,
            "transform_matrix": [
                [
                    0.2854261100292206,
                    0.10950934886932373,
                    -0.9521238207817078,
                    -3.8381333351135254
                ],
                [
                    -0.9584006667137146,
                    0.03261352702975273,
                    -0.2835567891597748,
                    -1.1430538892745972
                ],
                [
                    -1.8626450382086546e-09,
                    0.9934504628181458,
                    0.11426262557506561,
                    0.4606073200702667
                ],
                [
                    0.0,
                    0.0,
                    0.0,
                    1.0
                ]
            ]
        },
        {
            "file_path": "/data/shapenet_blender/all_50_random/02958343/12498dd65e8d65ac3b6f5204eb590354/r_22",
            "rotation": 0.12566370614359174,
            "transform_matrix": [
                [
                    -0.9997895956039429,
                    -0.013812877237796783,
                    0.015169576741755009,
                    0.06115052103996277
                ],
                [
                    0.020516132935881615,
                    -0.6731273531913757,
                    0.739241898059845,
                    2.9799795150756836
                ],
                [
                    -9.31322685637781e-10,
                    0.7393975257873535,
                    0.6732690930366516,
                    2.7140345573425293
                ],
                [
                    0.0,
                    0.0,
                    0.0,
                    1.0
                ]
            ]
        },
        {
            "file_path": "/data/shapenet_blender/all_50_random/02958343/12498dd65e8d65ac3b6f5204eb590354/r_23",
            "rotation": 0.12566370614359174,
            "transform_matrix": [
                [
                    -0.34096500277519226,
                    0.23853278160095215,
                    -0.9093101620674133,
                    -3.665546417236328
                ],
                [
                    -0.9400759935379028,
                    -0.08651569485664368,
                    0.32980626821517944,
                    1.3294916152954102
                ],
                [
                    7.450580596923828e-09,
                    0.967272937297821,
                    0.25373777747154236,
                    1.022849678993225
                ],
                [
                    0.0,
                    0.0,
                    0.0,
                    1.0
                ]
            ]
        },
        {
            "file_path": "/data/shapenet_blender/all_50_random/02958343/12498dd65e8d65ac3b6f5204eb590354/r_24",
            "rotation": 0.12566370614359174,
            "transform_matrix": [
                [
                    -0.05300126597285271,
                    -0.5528908967971802,
                    0.8315662145614624,
                    3.3521509170532227
                ],
                [
                    0.9985945224761963,
                    -0.029345162212848663,
                    0.04413609579205513,
                    0.17791831493377686
                ],
                [
                    0.0,
                    0.8327366709709167,
                    0.5536690950393677,
                    2.2319116592407227
                ],
                [
                    0.0,
                    0.0,
                    0.0,
                    1.0
                ]
            ]
        },
        {
            "file_path": "/data/shapenet_blender/all_50_random/02958343/12498dd65e8d65ac3b6f5204eb590354/r_25",
            "rotation": 0.12566370614359174,
            "transform_matrix": [
                [
                    -0.4667237102985382,
                    -0.7634619474411011,
                    0.446424275636673,
                    1.7995939254760742
                ],
                [
                    0.8844032287597656,
                    -0.40289971232414246,
                    0.23559027910232544,
                    0.9496948719024658
                ],
                [
                    0.0,
                    0.5047745704650879,
                    0.8632510900497437,
                    3.479876756668091
                ],
                [
                    0.0,
                    0.0,
                    0.0,
                    1.0
                ]
            ]
        },
        {
            "file_path": "/data/shapenet_blender/all_50_random/02958343/12498dd65e8d65ac3b6f5204eb590354/r_26",
            "rotation": 0.12566370614359174,
            "transform_matrix": [
                [
                    0.7035551071166992,
                    -0.32529813051223755,
                    0.6318157911300659,
                    2.546931028366089
                ],
                [
                    0.7106406092643738,
                    0.32205474376678467,
                    -0.6255162358283997,
                    -2.5215365886688232
                ],
                [
                    -1.4901161193847656e-08,
                    0.8890790939331055,
                    0.45775341987609863,
                    1.8452630043029785
                ],
                [
                    0.0,
                    0.0,
                    0.0,
                    1.0
                ]
            ]
        },
        {
            "file_path": "/data/shapenet_blender/all_50_random/02958343/12498dd65e8d65ac3b6f5204eb590354/r_27",
            "rotation": 0.12566370614359174,
            "transform_matrix": [
                [
                    -0.4905315339565277,
                    0.36949506402015686,
                    0.78920978307724,
                    3.1814067363739014
                ],
                [
                    0.8714234828948975,
                    0.2079918533563614,
                    0.44425275921821594,
                    1.7908402681350708
                ],
                [
                    -1.4901162970204496e-08,
                    0.9056559205055237,
                    -0.42401322722435,
                    -1.709252119064331
                ],
                [
                    0.0,
                    0.0,
                    0.0,
                    1.0
                ]
            ]
        },
        {
            "file_path": "/data/shapenet_blender/all_50_random/02958343/12498dd65e8d65ac3b6f5204eb590354/r_28",
            "rotation": 0.12566370614359174,
            "transform_matrix": [
                [
                    0.16612760722637177,
                    0.02450050227344036,
                    0.9857998490333557,
                    3.973886251449585
                ],
                [
                    0.9861042499542236,
                    -0.0041275653056800365,
                    -0.16607633233070374,
                    -0.6694751381874084
                ],
                [
                    0.0,
                    0.9996913075447083,
                    -0.024845751002430916,
                    -0.10015642642974854
                ],
                [
                    0.0,
                    0.0,
                    0.0,
                    1.0
                ]
            ]
        },
        {
            "file_path": "/data/shapenet_blender/all_50_random/02958343/12498dd65e8d65ac3b6f5204eb590354/r_29",
            "rotation": 0.12566370614359174,
            "transform_matrix": [
                [
                    0.5618228912353516,
                    -0.6903793215751648,
                    0.4557754695415497,
                    1.837289810180664
                ],
                [
                    0.8272574543952942,
                    0.4688636362552643,
                    -0.3095349669456482,
                    -1.2477754354476929
                ],
                [
                    1.4901160305669237e-08,
                    0.5509474873542786,
                    0.8345397710800171,
                    3.364137649536133
                ],
                [
                    0.0,
                    0.0,
                    0.0,
                    1.0
                ]
            ]
        },
        {
            "file_path": "/data/shapenet_blender/all_50_random/02958343/12498dd65e8d65ac3b6f5204eb590354/r_30",
            "rotation": 0.12566370614359174,
            "transform_matrix": [
                [
                    0.9980286955833435,
                    0.03890739381313324,
                    0.04924369975924492,
                    0.19850771129131317
                ],
                [
                    0.06275928020477295,
                    -0.6187243461608887,
                    -0.7830972671508789,
                    -3.156766414642334
                ],
                [
                    1.862645149230957e-09,
                    0.7846440672874451,
                    -0.6199463605880737,
                    -2.499083995819092
                ],
                [
                    0.0,
                    0.0,
                    0.0,
                    1.0
                ]
            ]
        },
        {
            "file_path": "/data/shapenet_blender/all_50_random/02958343/12498dd65e8d65ac3b6f5204eb590354/r_31",
            "rotation": 0.12566370614359174,
            "transform_matrix": [
                [
                    0.03789439797401428,
                    0.6564730405807495,
                    -0.7533970475196838,
                    -3.0370407104492188
                ],
                [
                    -0.9992818236351013,
                    0.024894528090953827,
                    -0.028570042923092842,
                    -0.11516952514648438
                ],
                [
                    1.862645149230957e-09,
                    0.753938615322113,
                    0.6569449305534363,
                    2.6482298374176025
                ],
                [
                    0.0,
                    0.0,
                    0.0,
                    1.0
                ]
            ]
        },
        {
            "file_path": "/data/shapenet_blender/all_50_random/02958343/12498dd65e8d65ac3b6f5204eb590354/r_32",
            "rotation": 0.12566370614359174,
            "transform_matrix": [
                [
                    -0.8525067567825317,
                    0.22281047701835632,
                    -0.4728507101535797,
                    -1.9061223268508911
                ],
                [
                    -0.5227163434028625,
                    -0.36338531970977783,
                    0.7711800336837769,
                    3.1087265014648438
                ],
                [
                    -1.4901162970204496e-08,
                    0.9046028852462769,
                    0.4262550473213196,
                    1.7182891368865967
                ],
                [
                    0.0,
                    0.0,
                    0.0,
                    1.0
                ]
            ]
        },
        {
            "file_path": "/data/shapenet_blender/all_50_random/02958343/12498dd65e8d65ac3b6f5204eb590354/r_33",
            "rotation": 0.12566370614359174,
            "transform_matrix": [
                [
                    0.17260384559631348,
                    -0.11307437717914581,
                    0.9784795045852661,
                    3.9443769454956055
                ],
                [
                    0.9849913120269775,
                    0.01981445960700512,
                    -0.171462744474411,
                    -0.6911884546279907
                ],
                [
                    0.0,
                    0.9933890104293823,
                    0.11479732394218445,
                    0.4627628028392792
                ],
                [
                    0.0,
                    0.0,
                    0.0,
                    1.0
                ]
            ]
        },
        {
            "file_path": "/data/shapenet_blender/all_50_random/02958343/12498dd65e8d65ac3b6f5204eb590354/r_34",
            "rotation": 0.12566370614359174,
            "transform_matrix": [
                [
                    -0.7765994071960449,
                    0.15296681225299835,
                    0.611142098903656,
                    2.463592529296875
                ],
                [
                    0.6299948692321777,
                    0.18856333196163177,
                    0.7533593773841858,
                    3.036888837814331
                ],
                [
                    -7.450581485102248e-09,
                    0.9700746536254883,
                    -0.24280647933483124,
                    -0.9787842035293579
                ],
                [
                    0.0,
                    0.0,
                    0.0,
                    1.0
                ]
            ]
        },
        {
            "file_path": "/data/shapenet_blender/all_50_random/02958343/12498dd65e8d65ac3b6f5204eb590354/r_35",
            "rotation": 0.12566370614359174,
            "transform_matrix": [
                [
                    0.45197153091430664,
                    -0.1242130920290947,
                    0.883341908454895,
                    3.5608646869659424
                ],
                [
                    0.892032265663147,
                    0.06293581426143646,
                    -0.4475683271884918,
                    -1.8042054176330566
                ],
                [
                    3.7252896323280993e-09,
                    0.9902576804161072,
                    0.13924731314182281,
                    0.5613238215446472
                ],
                [
                    0.0,
                    0.0,
                    0.0,
                    1.0
                ]
            ]
        },
        {
            "file_path": "/data/shapenet_blender/all_50_random/02958343/12498dd65e8d65ac3b6f5204eb590354/r_36",
            "rotation": 0.12566370614359174,
            "transform_matrix": [
                [
                    -0.36140817403793335,
                    -0.04633180424571037,
                    -0.9312559366226196,
                    -3.7540123462677
                ],
                [
                    -0.9324077367782593,
                    0.01795855350792408,
                    0.3609617352485657,
                    1.4550831317901611
                ],
                [
                    0.0,
                    0.9987646341323853,
                    -0.04969050735235214,
                    -0.20030881464481354
                ],
                [
                    0.0,
                    0.0,
                    0.0,
                    1.0
                ]
            ]
        },
        {
            "file_path": "/data/shapenet_blender/all_50_random/02958343/12498dd65e8d65ac3b6f5204eb590354/r_37",
            "rotation": 0.12566370614359174,
            "transform_matrix": [
                [
                    0.871121883392334,
                    0.36981332302093506,
                    -0.32308652997016907,
                    -1.3024035692214966
                ],
                [
                    -0.4910670518875122,
                    0.6560254693031311,
                    -0.5731350779533386,
                    -2.3103816509246826
                ],
                [
                    0.0,
                    0.6579276919364929,
                    0.7530810832977295,
                    3.035767078399658
                ],
                [
                    0.0,
                    0.0,
                    0.0,
                    1.0
                ]
            ]
        },
        {
            "file_path": "/data/shapenet_blender/all_50_random/02958343/12498dd65e8d65ac3b6f5204eb590354/r_38",
            "rotation": 0.12566370614359174,
            "transform_matrix": [
                [
                    0.11774544417858124,
                    -0.0931677296757698,
                    -0.9886636137962341,
                    -3.9854304790496826
                ],
                [
                    -0.993043839931488,
                    -0.011046919971704483,
                    -0.11722607910633087,
                    -0.47255343198776245
                ],
                [
                    0.0,
                    0.9955890774726868,
                    -0.09382037073373795,
                    -0.37820202112197876
                ],
                [
                    0.0,
                    0.0,
                    0.0,
                    1.0
                ]
            ]
        },
        {
            "file_path": "/data/shapenet_blender/all_50_random/02958343/12498dd65e8d65ac3b6f5204eb590354/r_39",
            "rotation": 0.12566370614359174,
            "transform_matrix": [
                [
                    -0.9908965826034546,
                    -0.012665529735386372,
                    0.13402871787548065,
                    0.5402869582176208
                ],
                [
                    0.13462583720684052,
                    -0.09322305023670197,
                    0.9865016341209412,
                    3.976714849472046
                ],
                [
                    0.0,
                    0.9955646991729736,
                    0.09407950937747955,
                    0.3792465925216675
                ],
                [
                    0.0,
                    0.0,
                    0.0,
                    1.0
                ]
            ]
        },
        {
            "file_path": "/data/shapenet_blender/all_50_random/02958343/12498dd65e8d65ac3b6f5204eb590354/r_40",
            "rotation": 0.12566370614359174,
            "transform_matrix": [
                [
                    0.047990582883358,
                    -0.63616544008255,
                    -0.7700586915016174,
                    -3.104205846786499
                ],
                [
                    -0.9988478422164917,
                    -0.030565161257982254,
                    -0.036998189985752106,
                    -0.1491444706916809
                ],
                [
                    1.862645371275562e-09,
                    0.7709468007087708,
                    -0.6368993520736694,
                    -2.5674233436584473
                ],
                [
                    0.0,
                    0.0,
                    0.0,
                    1.0
                ]
            ]
        },
        {
            "file_path": "/data/shapenet_blender/all_50_random/02958343/12498dd65e8d65ac3b6f5204eb590354/r_41",
            "rotation": 0.12566370614359174,
            "transform_matrix": [
                [
                    -0.3418157398700714,
                    -0.05735054984688759,
                    0.9380154013633728,
                    3.7812609672546387
                ],
                [
                    0.9397669434547424,
                    -0.020859766751527786,
                    0.34117865562438965,
                    1.3753350973129272
