{
    "class": "02958343",
    "model": "ec67edc59aef93d9f5274507f44ab711",
    "remove_doubles": true,
    "edge_split": true,
    "denoise": true,
    "camera_angle_x": 0.6911112070083618,
    "scale_factor": 2.3502038874031914,
    "hdri_file": "/data/IndoorHDRDataset2018/9C4A6761-e5c9f8ad06.exr",
    "center_offset": [
        0.0,
        -3.725290298461914e-09,
        -7.450580596923828e-09
    ],
    "lights": [],
    "frames": [
        {
            "file_path": "/data/shapenet_blender/all_50_random/02958343/ec67edc59aef93d9f5274507f44ab711/r_0",
            "rotation": 0.12566370614359174,
            "transform_matrix": [
                [
                    0.7599891424179077,
                    -0.49793094396591187,
                    0.4177095592021942,
                    1.6838411092758179
                ],
                [
                    0.649935781955719,
                    0.582245409488678,
                    -0.4884401559829712,
                    -1.9689652919769287
                ],
                [
                    -1.4901161193847656e-08,
                    0.6426934599876404,
                    0.766123354434967,
                    3.0883419513702393
                ],
                [
                    0.0,
                    0.0,
                    0.0,
                    1.0
                ]
            ]
        },
        {
            "file_path": "/data/shapenet_blender/all_50_random/02958343/ec67edc59aef93d9f5274507f44ab711/r_1",
            "rotation": 0.12566370614359174,
            "transform_matrix": [
                [
                    -0.9999752640724182,
                    -0.0009174454025924206,
                    -0.006978451274335384,
                    -0.028131037950515747
                ],
                [
                    -0.0070385015569627285,
                    0.1303434669971466,
                    0.9914438128471375,
                    3.996638059616089
                ],
                [
                    0.0,
                    0.9914683699607849,
                    -0.13034668564796448,
                    -0.5254443287849426
                ],
                [
                    0.0,
                    0.0,
                    0.0,
                    1.0
                ]
            ]
        },
        {
            "file_path": "/data/shapenet_blender/all_50_random/02958343/ec67edc59aef93d9f5274507f44ab711/r_2",
            "rotation": 0.12566370614359174,
            "transform_matrix": [
                [
                    -0.9333927035331726,
                    -0.01344891544431448,
                    0.3586045205593109,
                    1.4455811977386475
                ],
                [
                    0.3588566184043884,
                    -0.03498087078332901,
                    0.932736873626709,
                    3.7599828243255615
                ],
                [
                    -9.313225746154785e-10,
                    0.9992973804473877,
                    0.037477120757102966,
                    0.15107512474060059
                ],
                [
                    0.0,
                    0.0,
                    0.0,
                    1.0
                ]
            ]
        },
        {
            "file_path": "/data/shapenet_blender/all_50_random/02958343/ec67edc59aef93d9f5274507f44ab711/r_3",
            "rotation": 0.12566370614359174,
            "transform_matrix": [
                [
                    -0.9998271465301514,
                    -0.01858002319931984,
                    0.0006656773621216416,
                    0.0026834309101104736
                ],
                [
                    0.018591944128274918,
                    -0.9991860389709473,
                    0.03579842299222946,
                    0.14430804550647736
                ],
                [
                    0.0,
                    0.03580312803387642,
                    0.9993588924407959,
                    4.028543949127197
                ],
                [
                    0.0,
                    0.0,
                    0.0,
                    1.0
                ]
            ]
        },
        {
            "file_path": "/data/shapenet_blender/all_50_random/02958343/ec67edc59aef93d9f5274507f44ab711/r_4",
            "rotation": 0.12566370614359174,
            "transform_matrix": [
                [
                    -0.022447658702731133,
                    0.7735564112663269,
                    -0.6333298683166504,
                    -2.5530343055725098
                ],
                [
                    -0.9997481107711792,
                    -0.017368905246257782,
                    0.01422035414725542,
                    0.05732408165931702
                ],
                [
                    -9.31322685637781e-10,
                    0.6334894299507141,
                    0.7737512588500977,
                    3.119091033935547
                ],
                [
                    0.0,
                    0.0,
                    0.0,
                    1.0
                ]
            ]
        },
        {
            "file_path": "/data/shapenet_blender/all_50_random/02958343/ec67edc59aef93d9f5274507f44ab711/r_5",
            "rotation": 0.12566370614359174,
            "transform_matrix": [
                [
                    -0.6809253096580505,
                    0.5744017362594604,
                    0.4543164074420929,
                    1.831408143043518
                ],
                [
                    0.7323528528213501,
                    0.534065842628479,
                    0.4224132299423218,
                    1.702802300453186
                ],
                [
                    1.4901161193847656e-08,
                    0.6203518509864807,
                    -0.7843235731124878,
                    -3.161709785461426
                ],
                [
                    0.0,
                    0.0,
                    0.0,
                    1.0
                ]
            ]
        },
        {
            "file_path": "/data/shapenet_blender/all_50_random/02958343/ec67edc59aef93d9f5274507f44ab711/r_6",
            "rotation": 0.12566370614359174,
            "transform_matrix": [
                [
                    -0.6532774567604065,
                    0.323711097240448,
                    -0.6844266057014465,
                    -2.7590115070343018
                ],
                [
                    -0.7571185231208801,
                    -0.2793131470680237,
                    0.5905554294586182,
                    2.3806047439575195
                ],
                [
                    0.0,
                    0.9039885401725769,
                    0.42755669355392456,
                    1.7235358953475952
                ],
                [
                    0.0,
                    0.0,
                    0.0,
                    1.0
                ]
            ]
        },
        {
            "file_path": "/data/shapenet_blender/all_50_random/02958343/ec67edc59aef93d9f5274507f44ab711/r_7",
            "rotation": 0.12566370614359174,
            "transform_matrix": [
                [
                    0.7819766998291016,
                    -0.28092318773269653,
                    0.5564122200012207,
                    2.2429697513580322
                ],
                [
                    0.6233077049255371,
                    0.352434903383255,
                    -0.6980523467063904,
                    -2.813939332962036
                ],
                [
                    0.0,
                    0.8926767706871033,
                    0.4506973922252655,
                    1.816819429397583
                ],
                [
                    0.0,
                    0.0,
                    0.0,
                    1.0
                ]
            ]
        },
        {
            "file_path": "/data/shapenet_blender/all_50_random/02958343/ec67edc59aef93d9f5274507f44ab711/r_8",
            "rotation": 0.12566370614359174,
            "transform_matrix": [
                [
                    -0.9933162927627563,
                    0.10537953674793243,
                    0.04709294065833092,
                    0.18983769416809082
                ],
                [
                    0.11542351543903351,
                    0.9068794250488281,
                    0.40527430176734924,
                    1.6337127685546875
                ],
                [
                    0.0,
                    0.40800121426582336,
                    -0.9129814505577087,
                    -3.6803455352783203
                ],
                [
                    0.0,
                    0.0,
                    0.0,
                    1.0
                ]
            ]
        },
        {
            "file_path": "/data/shapenet_blender/all_50_random/02958343/ec67edc59aef93d9f5274507f44ab711/r_9",
            "rotation": 0.12566370614359174,
            "transform_matrix": [
                [
                    -0.053743958473205566,
                    0.25202876329421997,
                    -0.9662262201309204,
                    -3.89498233795166
                ],
                [
                    -0.9985547661781311,
                    -0.013564628548920155,
                    0.05200398340821266,
                    0.20963475108146667
                ],
                [
                    0.0,
                    0.9676247239112854,
                    0.252393513917923,
                    1.0174307823181152
                ],
                [
                    0.0,
                    0.0,
                    0.0,
                    1.0
                ]
            ]
        },
        {
            "file_path": "/data/shapenet_blender/all_50_random/02958343/ec67edc59aef93d9f5274507f44ab711/r_10",
            "rotation": 0.12566370614359174,
            "transform_matrix": [
                [
                    -0.9657257795333862,
                    -0.1148361936211586,
                    0.23277944326400757,
                    0.9383640289306641
                ],
                [
                    0.25956428050994873,
                    -0.4272554814815521,
                    0.8660709857940674,
                    3.491244077682495
                ],
                [
                    -7.450580152834618e-09,
                    0.896808385848999,
                    0.44241902232170105,
                    1.7834482192993164
                ],
                [
                    0.0,
                    0.0,
                    0.0,
                    1.0
                ]
            ]
        },
        {
            "file_path": "/data/shapenet_blender/all_50_random/02958343/ec67edc59aef93d9f5274507f44ab711/r_11",
            "rotation": 0.12566370614359174,
            "transform_matrix": [
                [
                    -0.5334798097610474,
                    -0.05080442130565643,
                    -0.8442856073379517,
                    -3.4034242630004883
                ],
                [
                    -0.8458129167556763,
                    0.03204388543963432,
                    0.5325164794921875,
                    2.1466426849365234
                ],
                [
                    -1.862645371275562e-09,
                    0.9981944561004639,
                    -0.06006579473614693,
                    -0.24213296175003052
                ],
                [
                    0.0,
                    0.0,
                    0.0,
                    1.0
                ]
            ]
        },
        {
            "file_path": "/data/shapenet_blender/all_50_random/02958343/ec67edc59aef93d9f5274507f44ab711/r_12",
            "rotation": 0.12566370614359174,
            "transform_matrix": [
                [
                    0.008055921643972397,
                    -0.02619883045554161,
                    0.9996243119239807,
                    4.029614448547363
                ],
                [
                    0.9999675750732422,
                    0.00021106257918290794,
                    -0.008053156547248363,
                    -0.03246331214904785
                ],
                [
                    0.0,
                    0.9996566772460938,
                    0.02619968168437481,
                    0.10561429709196091
                ],
                [
                    0.0,
                    0.0,
                    0.0,
                    1.0
                ]
            ]
        },
        {
            "file_path": "/data/shapenet_blender/all_50_random/02958343/ec67edc59aef93d9f5274507f44ab711/r_13",
            "rotation": 0.12566370614359174,
            "transform_matrix": [
                [
                    0.9567070007324219,
                    -0.2087642401456833,
                    -0.2028035968542099,
                    -0.8175275325775146
                ],
                [
                    -0.2910529673099518,
                    -0.6862194538116455,
                    -0.666626513004303,
                    -2.687257766723633
                ],
                [
                    0.0,
                    0.6967928409576416,
                    -0.7172723412513733,
                    -2.8914175033569336
                ],
                [
                    0.0,
                    0.0,
                    0.0,
                    1.0
                ]
            ]
        },
        {
            "file_path": "/data/shapenet_blender/all_50_random/02958343/ec67edc59aef93d9f5274507f44ab711/r_14",
            "rotation": 0.12566370614359174,
            "transform_matrix": [
                [
                    -0.7243311405181885,
                    -0.17127728462219238,
                    -0.6678385734558105,
                    -2.692143678665161
                ],
                [
                    -0.6894522905349731,
                    0.1799420863389969,
                    0.7016240358352661,
                    2.8283371925354004
                ],
                [
                    7.450581485102248e-09,
                    0.9686509966850281,
                    -0.2484251707792282,
                    -1.0014339685440063
                ],
                [
                    0.0,
                    0.0,
                    0.0,
                    1.0
                ]
            ]
        },
        {
            "file_path": "/data/shapenet_blender/all_50_random/02958343/ec67edc59aef93d9f5274507f44ab711/r_15",
            "rotation": 0.12566370614359174,
            "transform_matrix": [
                [
                    0.12742570042610168,
                    0.9796584844589233,
                    -0.1550222486257553,
                    -0.6249146461486816
                ],
                [
                    -0.9918481707572937,
                    0.12585964798927307,
                    -0.019916171208024025,
                    -0.08028465509414673
                ],
                [
                    0.0,
                    0.15629631280899048,
                    0.987710177898407,
                    3.9815871715545654
                ],
                [
                    0.0,
                    0.0,
                    0.0,
                    1.0
                ]
            ]
        },
        {
            "file_path": "/data/shapenet_blender/all_50_random/02958343/ec67edc59aef93d9f5274507f44ab711/r_16",
            "rotation": 0.12566370614359174,
            "transform_matrix": [
                [
                    0.595069169998169,
                    -0.5846083164215088,
                    -0.5514759421348572,
                    -2.2230703830718994
                ],
                [
                    -0.803674578666687,
                    -0.432864785194397,
                    -0.40833237767219543,
                    -1.6460403203964233
                ],
                [
                    0.0,
                    0.6861931085586548,
                    -0.7274194955825806,
                    -2.932321310043335
                ],
                [
                    0.0,
                    0.0,
                    0.0,
                    1.0
                ]
            ]
        },
        {
            "file_path": "/data/shapenet_blender/all_50_random/02958343/ec67edc59aef93d9f5274507f44ab711/r_17",
            "rotation": 0.12566370614359174,
            "transform_matrix": [
                [
                    -0.6889776587486267,
                    0.17560653388500214,
                    0.703187108039856,
                    2.8346378803253174
                ],
                [
                    0.7247825860977173,
                    0.1669314056634903,
                    0.6684490442276001,
                    2.6946041584014893
                ],
                [
                    7.450580596923828e-09,
                    0.9702041149139404,
                    -0.24228858947753906,
                    -0.9766964912414551
                ],
                [
                    0.0,
                    0.0,
                    0.0,
                    1.0
                ]
            ]
        },
        {
            "file_path": "/data/shapenet_blender/all_50_random/02958343/ec67edc59aef93d9f5274507f44ab711/r_18",
            "rotation": 0.12566370614359174,
            "transform_matrix": [
                [
                    0.7312852740287781,
                    0.656094491481781,
                    -0.18644511699676514,
                    -0.7515842914581299
                ],
                [
                    -0.6820717453956604,
                    0.7034337520599365,
                    -0.19989770650863647,
                    -0.8058134317398071
                ],
                [
                    0.0,
                    0.27335110306739807,
                    0.9619143009185791,
                    3.87760066986084
                ],
                [
                    0.0,
                    0.0,
                    0.0,
                    1.0
                ]
            ]
        },
        {
            "file_path": "/data/shapenet_blender/all_50_random/02958343/ec67edc59aef93d9f5274507f44ab711/r_19",
            "rotation": 0.12566370614359174,
            "transform_matrix": [
                [
                    -0.9290538430213928,
                    0.030125917866826057,
                    -0.36871597170829773,
                    -1.4863415956497192
                ],
                [
                    -0.36994466185569763,
                    -0.07565618306398392,
                    0.9259681701660156,
                    3.732697010040283
                ],
                [
                    -1.862645371275562e-09,
                    0.9966787099838257,
                    0.08143357932567596,
                    0.32826927304267883
                ],
                [
                    0.0,
                    0.0,
                    0.0,
                    1.0
                ]
            ]
        },
        {
            "file_path": "/data/shapenet_blender/all_50_random/02958343/ec67edc59aef93d9f5274507f44ab711/r_20",
            "rotation": 0.12566370614359174,
            "transform_matrix": [
                [
                    -0.8139329552650452,
                    0.15859125554561615,
                    0.558893620967865,
                    2.252972364425659
                ],
                [
                    0.5809589624404907,
                    0.22218891978263855,
                    0.7830190062522888,
                    3.1564505100250244
                ],
                [
                    0.0,
                    0.9620190858840942,
                    -0.2729819118976593,
                    -1.1004252433776855
                ],
                [
                    0.0,
                    0.0,
                    0.0,
                    1.0
                ]
            ]
        },
        {
            "file_path": "/data/shapenet_blender/all_50_random/02958343/ec67edc59aef93d9f5274507f44ab711/r_21",
            "rotation": 0.12566370614359174,
            "transform_matrix": [
                [
                    -0.09018248319625854,
                    0.5191099643707275,
                    -0.8499364852905273,
                    -3.4262032508850098
                ],
                [
                    -0.99592524766922,
                    -0.047006167471408844,
                    0.07696299254894257,
                    0.3102477192878723
                ],
                [
                    0.0,
                    0.8534138202667236,
                    0.5212339162826538,
                    2.101160764694214
                ],
                [
                    0.0,
                    0.0,
                    0.0,
                    1.0
                ]
            ]
        },
        {
            "file_path": "/data/shapenet_blender/all_50_random/02958343/ec67edc59aef93d9f5274507f44ab711/r_22",
            "rotation": 0.12566370614359174,
            "transform_matrix": [
                [
                    -0.26841217279434204,
                    0.8168778419494629,
                    0.5105541348457336,
                    2.0581095218658447
                ],
                [
                    0.9633041024208069,
                    0.22761240601539612,
                    0.14225928485393524,
                    0.5734655261039734
                ],
                [
                    0.0,
                    0.530003011226654,
                    -0.8479957580566406,
                    -3.4183802604675293
                ],
                [
                    0.0,
                    0.0,
                    0.0,
                    1.0
                ]
            ]
        },
        {
            "file_path": "/data/shapenet_blender/all_50_random/02958343/ec67edc59aef93d9f5274507f44ab711/r_23",
            "rotation": 0.12566370614359174,
            "transform_matrix": [
                [
                    -0.24367499351501465,
                    0.5603998899459839,
                    0.7915645837783813,
                    3.190898895263672
                ],
                [
                    0.9698569774627686,
                    0.14079956710338593,
                    0.19887933135032654,
                    0.8017082214355469
                ],
                [
                    0.0,
                    0.8161662817001343,
                    -0.5778170824050903,
                    -2.3292551040649414
                ],
                [
                    0.0,
                    0.0,
                    0.0,
                    1.0
                ]
            ]
        },
        {
            "file_path": "/data/shapenet_blender/all_50_random/02958343/ec67edc59aef93d9f5274507f44ab711/r_24",
            "rotation": 0.12566370614359174,
            "transform_matrix": [
                [
                    0.8057419061660767,
                    0.11020513623952866,
                    -0.5819234251976013,
                    -2.345808267593384
                ],
                [
                    -0.592266857624054,
                    0.14992715418338776,
                    -0.7916702628135681,
                    -3.1913249492645264
                ],
                [
                    0.0,
                    0.9825357794761658,
                    0.18607346713542938,
                    0.7500861287117004
                ],
                [
                    0.0,
                    0.0,
                    0.0,
                    1.0
                ]
            ]
        },
        {
            "file_path": "/data/shapenet_blender/all_50_random/02958343/ec67edc59aef93d9f5274507f44ab711/r_25",
            "rotation": 0.12566370614359174,
            "transform_matrix": [
                [
                    0.9907631278038025,
                    0.11551029235124588,
                    -0.07103399187326431,
                    -0.2863472104072571
                ],
                [
                    -0.13560403883457184,
                    0.8439522981643677,
                    -0.5189952850341797,
                    -2.092137098312378
                ],
                [
                    3.725290298461914e-09,
                    0.5238338708877563,
                    0.8518203496932983,
                    3.433797836303711
                ],
                [
                    0.0,
                    0.0,
                    0.0,
                    1.0
                ]
            ]
        },
        {
            "file_path": "/data/shapenet_blender/all_50_random/02958343/ec67edc59aef93d9f5274507f44ab711/r_26",
            "rotation": 0.12566370614359174,
            "transform_matrix": [
                [
                    -0.08998393267393112,
                    -0.07149619609117508,
                    -0.993373692035675,
                    -4.0044169425964355
                ],
                [
                    -0.9959432482719421,
                    0.006459714844822884,
                    0.08975178003311157,
                    0.3618009686470032
                ],
                [
                    0.0,
                    0.9974198341369629,
                    -0.07178743183612823,
                    -0.2893843650817871
                ],
                [
                    0.0,
                    0.0,
                    0.0,
                    1.0
                ]
            ]
        },
        {
            "file_path": "/data/shapenet_blender/all_50_random/02958343/ec67edc59aef93d9f5274507f44ab711/r_27",
            "rotation": 0.12566370614359174,
            "transform_matrix": [
                [
                    0.41655123233795166,
                    -0.3547571003437042,
                    0.8370379209518433,
                    3.3742077350616455
                ],
                [
                    0.9091123342514038,
                    0.16254812479019165,
                    -0.3835270404815674,
                    -1.5460469722747803
                ],
                [
                    0.0,
                    0.9207199811935425,
                    0.3902236521244049,
                    1.5730419158935547
                ],
                [
                    0.0,
                    0.0,
                    0.0,
                    1.0
                ]
            ]
        },
        {
            "file_path": "/data/shapenet_blender/all_50_random/02958343/ec67edc59aef93d9f5274507f44ab711/r_28",
            "rotation": 0.12566370614359174,
            "transform_matrix": [
                [
                    -0.280692458152771,
                    -0.33416885137557983,
                    -0.8997460007667542,
                    -3.6269922256469727
                ],
                [
                    -0.959797739982605,
                    0.09772755205631256,
                    0.2631303668022156,
                    1.060712456703186
                ],
                [
                    0.0,
                    0.9374329447746277,
                    -0.348165899515152,
                    -1.4035016298294067
                ],
                [
                    0.0,
                    0.0,
                    0.0,
                    1.0
                ]
            ]
        },
        {
            "file_path": "/data/shapenet_blender/all_50_random/02958343/ec67edc59aef93d9f5274507f44ab711/r_29",
            "rotation": 0.12566370614359174,
            "transform_matrix": [
                [
                    -0.7784151434898376,
                    0.616209089756012,
                    -0.11981727182865143,
                    -0.48299887776374817
                ],
                [
                    -0.6277498006820679,
                    -0.7641045451164246,
                    0.14857444167137146,
                    0.5989227294921875
                ],
                [
                    0.0,
                    0.1908678263425827,
                    0.9816157221794128,
                    3.957019567489624
                ],
                [
                    0.0,
                    0.0,
                    0.0,
                    1.0
                ]
            ]
        },
        {
            "file_path": "/data/shapenet_blender/all_50_random/02958343/ec67edc59aef93d9f5274507f44ab711/r_30",
            "rotation": 0.12566370614359174,
            "transform_matrix": [
                [
                    0.9869508743286133,
                    -0.0856710821390152,
                    -0.1363397091627121,
                    -0.5496029257774353
                ],
                [
                    -0.16102191805839539,
                    -0.5251033902168274,
                    -0.8356664180755615,
                    -3.3686788082122803
                ],
                [
                    0.0,
                    0.8467152118682861,
                    -0.5320461988449097,
                    -2.144746780395508
                ],
                [
                    0.0,
                    0.0,
                    0.0,
                    1.0
                ]
            ]
        },
        {
            "file_path": "/data/shapenet_blender/all_50_random/02958343/ec67edc59aef93d9f5274507f44ab711/r_31",
            "rotation": 0.12566370614359174,
            "transform_matrix": [
                [
                    0.7336012125015259,
                    0.22618839144706726,
                    -0.640833854675293,
                    -2.5832839012145996
                ],
                [
                    -0.6795801520347595,
                    0.24416851997375488,
                    -0.6917749047279358,
                    -2.7886338233947754
                ],
                [
                    1.4901159417490817e-08,
                    0.942984938621521,
                    0.33283543586730957,
                    1.3417025804519653
                ],
                [
                    0.0,
                    0.0,
                    0.0,
                    1.0
                ]
            ]
        },
        {
            "file_path": "/data/shapenet_blender/all_50_random/02958343/ec67edc59aef93d9f5274507f44ab711/r_32",
            "rotation": 0.12566370614359174,
            "transform_matrix": [
                [
                    -0.9896308779716492,
                    -0.03920690715312958,
                    0.13817910850048065,
                    0.5570178031921387
                ],
                [
                    0.14363372325897217,
                    -0.2701340913772583,
                    0.9520487785339355,
                    3.8378312587738037
                ],
                [
                    0.0,
                    0.9620240926742554,
                    0.2729644477367401,
                    1.1003549098968506
                ],
                [
                    0.0,
                    0.0,
                    0.0,
                    1.0
                ]
            ]
        },
        {
            "file_path": "/data/shapenet_blender/all_50_random/02958343/ec67edc59aef93d9f5274507f44ab711/r_33",
            "rotation": 0.12566370614359174,
            "transform_matrix": [
                [
                    -0.6506521105766296,
                    0.08020424842834473,
                    -0.7551285028457642,
                    -3.044020414352417
                ],
                [
                    -0.7593759298324585,
                    -0.0687209889292717,
                    0.6470128297805786,
                    2.608192205429077
                ],
                [
                    0.0,
                    0.9944065809249878,
                    0.10561864078044891,
                    0.4257623553276062
                ],
                [
                    0.0,
                    0.0,
                    0.0,
                    1.0
                ]
            ]
        },
        {
            "file_path": "/data/shapenet_blender/all_50_random/02958343/ec67edc59aef93d9f5274507f44ab711/r_34",
            "rotation": 0.12566370614359174,
            "transform_matrix": [
                [
                    0.6738117337226868,
                    -0.5818129181861877,
                    0.45549044013023376,
                    1.8361408710479736
                ],
                [
                    0.7389031052589417,
                    0.5305598974227905,
                    -0.41536539793014526,
                    -1.6743916273117065
                ],
                [
                    0.0,
                    0.6164414286613464,
                    0.7874007225036621,
                    3.1741139888763428
                ],
                [
                    0.0,
                    0.0,
                    0.0,
                    1.0
                ]
            ]
        },
        {
            "file_path": "/data/shapenet_blender/all_50_random/02958343/ec67edc59aef93d9f5274507f44ab711/r_35",
            "rotation": 0.12566370614359174,
            "transform_matrix": [
                [
                    -0.9508764743804932,
                    0.003740085056051612,
                    -0.30954793095588684,
                    -1.2478276491165161
                ],
                [
                    -0.3095705211162567,
                    -0.011488040909171104,
                    0.9508070945739746,
                    3.8328258991241455
                ],
                [
                    2.3283061589829401e-10,
                    0.9999270439147949,
                    0.012081528082489967,
                    0.04870219901204109
                ],
                [
                    0.0,
                    0.0,
                    0.0,
                    1.0
                ]
            ]
        },
        {
            "file_path": "/data/shapenet_blender/all_50_random/02958343/ec67edc59aef93d9f5274507f44ab711/r_36",
            "rotation": 0.12566370614359174,
            "transform_matrix": [
                [
                    -0.9903069734573364,
                    0.1343054324388504,
                    0.03541591763496399,
                    0.14276614785194397
                ],
                [
                    0.13889652490615845,
                    0.9575733542442322,
                    0.25250905752182007,
                    1.0178966522216797
                ],
                [
                    0.0,
                    0.2549806237220764,
                    -0.9669460654258728,
                    -3.8978846073150635
                ],
                [
                    0.0,
                    0.0,
                    0.0,
                    1.0
                ]
            ]
        },
        {
            "file_path": "/data/shapenet_blender/all_50_random/02958343/ec67edc59aef93d9f5274507f44ab711/r_37",
            "rotation": 0.12566370614359174,
            "transform_matrix": [
                [
                    -0.9929866790771484,
                    -0.059566911309957504,
                    -0.10212426632642746,
                    -0.4116760790348053
                ],
                [
                    -0.11822682619094849,
                    0.500302255153656,
                    0.8577412962913513,
                    3.4576656818389893
                ],
                [
                    0.0,
                    0.8637994527816772,
                    -0.5038358569145203,
                    -2.031027317047119
                ],
                [
                    0.0,
                    0.0,
                    0.0,
                    1.0
                ]
            ]
        },
        {
            "file_path": "/data/shapenet_blender/all_50_random/02958343/ec67edc59aef93d9f5274507f44ab711/r_38",
            "rotation": 0.12566370614359174,
            "transform_matrix": [
                [
                    0.9434148669242859,
                    -0.1453658640384674,
                    -0.2980557382106781,
                    -1.2015011310577393
                ],
                [
                    -0.3316149115562439,
                    -0.4135528802871704,
                    -0.8479419350624084,
                    -3.418163299560547
                ],
                [
                    0.0,
                    0.8988007307052612,
                    -0.4383573532104492,
                    -1.7670750617980957
                ],
                [
                    0.0,
                    0.0,
                    0.0,
                    1.0
                ]
            ]
        },
        {
            "file_path": "/data/shapenet_blender/all_50_random/02958343/ec67edc59aef93d9f5274507f44ab711/r_39",
            "rotation": 0.12566370614359174,
            "transform_matrix": [
                [
                    0.6980437636375427,
                    -0.6826592683792114,
                    0.21612736582756042,
                    0.8712372779846191
                ],
                [
                    0.7160549759864807,
                    0.665488064289093,
                    -0.21069101989269257,
                    -0.8493226766586304
                ],
                [
                    0.0,
                    0.3018305003643036,
                    0.9533615708351135,
                    3.843123435974121
                ],
                [
                    0.0,
                    0.0,
                    0.0,
                    1.0
                ]
            ]
        },
        {
            "file_path": "/data/shapenet_blender/all_50_random/02958343/ec67edc59aef93d9f5274507f44ab711/r_40",
            "rotation": 0.12566370614359174,
            "transform_matrix": [
                [
                    -0.2108965367078781,
                    -0.8695476651191711,
                    0.4465528428554535,
                    1.8001121282577515
                ],
                [
                    0.9775084257125854,
                    -0.18760409951210022,
                    0.09634336084127426,
                    0.3883725106716156
                ],
                [
                    0.0,
                    0.4568275809288025,
                    0.8895552158355713,
                    3.585911750793457
                ],
                [
                    0.0,
                    0.0,
                    0.0,
                    1.0
                ]
            ]
        },
        {
            "file_path": "/data/shapenet_blender/all_50_random/02958343/ec67edc59aef93d9f5274507f44ab711/r_41",
            "rotation": 0.12566370614359174,
            "transform_matrix": [
                [
                    -0.31339213252067566,
                    -0.28339141607284546,
                    0.9063524007797241,
                    3.653623104095459
                ],
                [
                    0.9496237635612488,
                    -0.0935240387916565,
                    0.29911184310913086,
                    1.2057583332061768
                ],
                [
                    0.0,
                    0.954433023929596,
                    0.29842495918273926,
                    1.2029894590377808
