{
    "class": "02958343",
    "model": "e0762bd3cd381408bda72093f9b5aa73",
    "remove_doubles": true,
    "edge_split": true,
    "denoise": true,
    "camera_angle_x": 0.6911112070083618,
    "scale_factor": 2.2875156184979737,
    "hdri_file": "/data/IndoorHDRDataset2018/9C4A7326-95a45a9491.exr",
    "center_offset": [
        0.0,
        -1.862645149230957e-09,
        -3.725290298461914e-09
    ],
    "lights": [],
    "frames": [
        {
            "file_path": "/data/shapenet_blender/all_50_random/02958343/e0762bd3cd381408bda72093f9b5aa73/r_0",
            "rotation": 0.12566370614359174,
            "transform_matrix": [
                [
                    -0.1698072850704193,
                    -0.29799556732177734,
                    -0.9393423795700073,
                    -3.7866103649139404
                ],
                [
                    -0.9854773879051208,
                    0.0513475239276886,
                    0.16185778379440308,
                    0.6524695754051208
                ],
                [
                    3.725290742551124e-09,
                    0.9531851410865784,
                    -0.3023870885372162,
                    -1.2189613580703735
                ],
                [
                    0.0,
                    0.0,
                    0.0,
                    1.0
                ]
            ]
        },
        {
            "file_path": "/data/shapenet_blender/all_50_random/02958343/e0762bd3cd381408bda72093f9b5aa73/r_1",
            "rotation": 0.12566370614359174,
            "transform_matrix": [
                [
                    -0.6734687685966492,
                    -0.4945208728313446,
                    0.5494440793991089,
                    2.2148799896240234
                ],
                [
                    0.7392155528068542,
                    -0.4505375921726227,
                    0.500575840473175,
                    2.017885684967041
                ],
                [
                    1.4901160305669237e-08,
                    0.7432798147201538,
                    0.6689805388450623,
                    2.696746826171875
                ],
                [
                    0.0,
                    0.0,
                    0.0,
                    1.0
                ]
            ]
        },
        {
            "file_path": "/data/shapenet_blender/all_50_random/02958343/e0762bd3cd381408bda72093f9b5aa73/r_2",
            "rotation": 0.12566370614359174,
            "transform_matrix": [
                [
                    -0.36815792322158813,
                    0.28976163268089294,
                    0.8834578990936279,
                    3.561332941055298
                ],
                [
                    0.9297633171081543,
                    0.11473677307367325,
                    0.34982237219810486,
                    1.4101792573928833
                ],
                [
                    0.0,
                    0.9501965045928955,
                    -0.31165099143981934,
                    -1.256305456161499
                ],
                [
                    0.0,
                    0.0,
                    0.0,
                    1.0
                ]
            ]
        },
        {
            "file_path": "/data/shapenet_blender/all_50_random/02958343/e0762bd3cd381408bda72093f9b5aa73/r_3",
            "rotation": 0.12566370614359174,
            "transform_matrix": [
                [
                    -0.7323680520057678,
                    -0.18213030695915222,
                    0.6560987830162048,
                    2.6448187828063965
                ],
                [
                    0.6809089779853821,
                    -0.19589462876319885,
                    0.7056828141212463,
                    2.844698429107666
                ],
                [
                    0.0,
                    0.9635630249977112,
                    0.26748111844062805,
                    1.0782508850097656
                ],
                [
                    0.0,
                    0.0,
                    0.0,
                    1.0
                ]
            ]
        },
        {
            "file_path": "/data/shapenet_blender/all_50_random/02958343/e0762bd3cd381408bda72093f9b5aa73/r_4",
            "rotation": 0.12566370614359174,
            "transform_matrix": [
                [
                    -0.8187523484230042,
                    0.004825007636100054,
                    -0.5741264820098877,
                    -2.314378023147583
                ],
                [
                    -0.5741468071937561,
                    -0.006880620960146189,
                    0.8187233805656433,
                    3.300379753112793
                ],
                [
                    0.0,
                    0.999964714050293,
                    0.008403785526752472,
                    0.03387674689292908
                ],
                [
                    0.0,
                    0.0,
                    0.0,
                    1.0
                ]
            ]
        },
        {
            "file_path": "/data/shapenet_blender/all_50_random/02958343/e0762bd3cd381408bda72093f9b5aa73/r_5",
            "rotation": 0.12566370614359174,
            "transform_matrix": [
                [
                    -0.28656283020973206,
                    -0.02818540297448635,
                    -0.9576466679573059,
                    -3.8603973388671875
                ],
                [
                    -0.9580614566802979,
                    0.008430451154708862,
                    0.28643879294395447,
                    1.1546717882156372
                ],
                [
                    9.313225191043273e-10,
                    0.9995672106742859,
                    -0.029419198632240295,
                    -0.11859259009361267
                ],
                [
                    0.0,
                    0.0,
                    0.0,
                    1.0
                ]
            ]
        },
        {
            "file_path": "/data/shapenet_blender/all_50_random/02958343/e0762bd3cd381408bda72093f9b5aa73/r_6",
            "rotation": 0.12566370614359174,
            "transform_matrix": [
                [
                    -0.7552968263626099,
                    -0.10361449420452118,
                    0.6471405029296875,
                    2.6087067127227783
                ],
                [
                    0.6553829908370972,
                    -0.11941063404083252,
                    0.7457977533340454,
                    3.0064070224761963
                ],
                [
                    0.0,
                    0.9874234795570374,
                    0.15809762477874756,
                    0.6373119354248047
                ],
                [
                    0.0,
                    0.0,
                    0.0,
                    1.0
                ]
            ]
        },
        {
            "file_path": "/data/shapenet_blender/all_50_random/02958343/e0762bd3cd381408bda72093f9b5aa73/r_7",
            "rotation": 0.12566370614359174,
            "transform_matrix": [
                [
                    -0.9999465942382812,
                    0.009538534097373486,
                    0.003997283522039652,
                    0.016113564372062683
                ],
                [
                    0.010342239402234554,
                    0.9222397804260254,
                    0.3864801228046417,
                    1.5579512119293213
                ],
                [
                    0.0,
                    0.38650089502334595,
                    -0.9222890734672546,
                    -3.7178661823272705
                ],
                [
                    0.0,
                    0.0,
                    0.0,
                    1.0
                ]
            ]
        },
        {
            "file_path": "/data/shapenet_blender/all_50_random/02958343/e0762bd3cd381408bda72093f9b5aa73/r_8",
            "rotation": 0.12566370614359174,
            "transform_matrix": [
                [
                    -0.8102193474769592,
                    -0.14677885174751282,
                    0.567451000213623,
                    2.287468194961548
                ],
                [
                    0.5861268043518066,
                    -0.20289644598960876,
                    0.7844032049179077,
                    3.1620304584503174
                ],
                [
                    -7.450580596923828e-09,
                    0.9681368470191956,
                    0.2504216432571411,
                    1.0094819068908691
                ],
                [
                    0.0,
                    0.0,
                    0.0,
                    1.0
                ]
            ]
        },
        {
            "file_path": "/data/shapenet_blender/all_50_random/02958343/e0762bd3cd381408bda72093f9b5aa73/r_9",
            "rotation": 0.12566370614359174,
            "transform_matrix": [
                [
                    -0.9982253313064575,
                    -0.011016969569027424,
                    -0.058522000908851624,
                    -0.23590973019599915
                ],
                [
                    -0.0595499649643898,
                    0.18467548489570618,
                    0.9809937477111816,
                    3.954512357711792
                ],
                [
                    0.0,
                    0.9827378392219543,
                    -0.18500378727912903,
                    -0.7457741498947144
                ],
                [
                    0.0,
                    0.0,
                    0.0,
                    1.0
                ]
            ]
        },
        {
            "file_path": "/data/shapenet_blender/all_50_random/02958343/e0762bd3cd381408bda72093f9b5aa73/r_10",
            "rotation": 0.12566370614359174,
            "transform_matrix": [
                [
                    0.974742591381073,
                    -0.19527386128902435,
                    0.10837426781654358,
                    0.43687066435813904
                ],
                [
                    0.2233312875032425,
                    0.8522842526435852,
                    -0.47300589084625244,
                    -1.906747817993164
                ],
                [
                    0.0,
                    0.485262393951416,
                    0.8743684887886047,
                    3.5246922969818115
                ],
                [
                    0.0,
                    0.0,
                    0.0,
                    1.0
                ]
            ]
        },
        {
            "file_path": "/data/shapenet_blender/all_50_random/02958343/e0762bd3cd381408bda72093f9b5aa73/r_11",
            "rotation": 0.12566370614359174,
            "transform_matrix": [
                [
                    -0.07351778447628021,
                    0.7623270153999329,
                    -0.6430027484893799,
                    -2.592026710510254
                ],
                [
                    -0.9972939491271973,
                    -0.0561966672539711,
                    0.04740040376782417,
                    0.1910771131515503
                ],
                [
                    -3.725290298461914e-09,
                    0.6447474360466003,
                    0.7643957138061523,
                    3.0813772678375244
                ],
                [
                    0.0,
                    0.0,
                    0.0,
                    1.0
                ]
            ]
        },
        {
            "file_path": "/data/shapenet_blender/all_50_random/02958343/e0762bd3cd381408bda72093f9b5aa73/r_12",
            "rotation": 0.12566370614359174,
            "transform_matrix": [
                [
                    -0.7637006640434265,
                    3.764567372854799e-05,
                    0.6455705165863037,
                    2.6023778915405273
                ],
                [
                    0.6455705165863037,
                    4.4534292101161554e-05,
                    0.7637006640434265,
                    3.078575849533081
                ],
                [
                    0.0,
                    1.0,
                    -5.831380622112192e-05,
                    -0.00023507047444581985
                ],
                [
                    0.0,
                    0.0,
                    0.0,
                    1.0
                ]
            ]
        },
        {
            "file_path": "/data/shapenet_blender/all_50_random/02958343/e0762bd3cd381408bda72093f9b5aa73/r_13",
            "rotation": 0.12566370614359174,
            "transform_matrix": [
                [
                    0.9804174900054932,
                    -0.15667293965816498,
                    -0.11931156367063522,
                    -0.48096030950546265
                ],
                [
                    -0.1969306319952011,
                    -0.7799949049949646,
                    -0.5939916372299194,
                    -2.3944568634033203
                ],
                [
                    7.450581485102248e-09,
                    0.6058557629585266,
                    -0.795574426651001,
                    -3.2070631980895996
                ],
                [
                    0.0,
                    0.0,
                    0.0,
                    1.0
                ]
            ]
        },
        {
            "file_path": "/data/shapenet_blender/all_50_random/02958343/e0762bd3cd381408bda72093f9b5aa73/r_14",
            "rotation": 0.12566370614359174,
            "transform_matrix": [
                [
                    0.37767812609672546,
                    0.401163786649704,
                    -0.8345219492912292,
                    -3.364065647125244
                ],
                [
                    -0.9259370565414429,
                    0.1636296808719635,
                    -0.34039103984832764,
                    -1.3721601963043213
                ],
                [
                    0.0,
                    0.9012729525566101,
                    0.4332517385482788,
                    1.7464935779571533
                ],
                [
                    0.0,
                    0.0,
                    0.0,
                    1.0
                ]
            ]
        },
        {
            "file_path": "/data/shapenet_blender/all_50_random/02958343/e0762bd3cd381408bda72093f9b5aa73/r_15",
            "rotation": 0.12566370614359174,
            "transform_matrix": [
                [
                    0.8024675846099854,
                    -0.572705090045929,
                    0.16749487817287445,
                    0.6751934289932251
                ],
                [
                    0.596695601940155,
                    0.7702038884162903,
                    -0.22525590658187866,
                    -0.9080355763435364
                ],
                [
                    0.0,
                    0.2807040810585022,
                    0.9597943425178528,
                    3.8690547943115234
                ],
                [
                    0.0,
                    0.0,
                    0.0,
                    1.0
                ]
            ]
        },
        {
            "file_path": "/data/shapenet_blender/all_50_random/02958343/e0762bd3cd381408bda72093f9b5aa73/r_16",
            "rotation": 0.12566370614359174,
            "transform_matrix": [
                [
                    -0.2264517843723297,
                    0.5272856950759888,
                    -0.8189562559127808,
                    -3.3013181686401367
                ],
                [
                    -0.974022388458252,
                    -0.12258937209844589,
                    0.19040024280548096,
                    0.7675279378890991
                ],
                [
                    0.0,
                    0.8407981395721436,
                    0.5413486361503601,
                    2.182246208190918
                ],
                [
                    0.0,
                    0.0,
                    0.0,
                    1.0
                ]
            ]
        },
        {
            "file_path": "/data/shapenet_blender/all_50_random/02958343/e0762bd3cd381408bda72093f9b5aa73/r_17",
            "rotation": 0.12566370614359174,
            "transform_matrix": [
                [
                    0.5587471723556519,
                    -0.1337069869041443,
                    -0.8184888362884521,
                    -3.299434185028076
                ],
                [
                    -0.8293380737304688,
                    -0.09008196741342545,
                    -0.5514377355575562,
                    -2.222916841506958
                ],
                [
                    0.0,
                    0.9869182705879211,
                    -0.16122132539749146,
                    -0.6499040126800537
                ],
                [
                    0.0,
                    0.0,
                    0.0,
                    1.0
                ]
            ]
        },
        {
            "file_path": "/data/shapenet_blender/all_50_random/02958343/e0762bd3cd381408bda72093f9b5aa73/r_18",
            "rotation": 0.12566370614359174,
            "transform_matrix": [
                [
                    -0.48511430621147156,
                    0.12486737966537476,
                    -0.8654895424842834,
                    -3.4889001846313477
                ],
                [
                    -0.8744508624076843,
                    -0.0692719891667366,
                    0.48014289140701294,
                    1.9355180263519287
                ],
                [
                    3.725290742551124e-09,
                    0.9897522330284119,
                    0.14279519021511078,
                    0.5756258964538574
                ],
                [
                    0.0,
                    0.0,
                    0.0,
                    1.0
                ]
            ]
        },
        {
            "file_path": "/data/shapenet_blender/all_50_random/02958343/e0762bd3cd381408bda72093f9b5aa73/r_19",
            "rotation": 0.12566370614359174,
            "transform_matrix": [
                [
                    0.7023680210113525,
                    -0.2845737040042877,
                    0.6524544358253479,
                    2.6301281452178955
                ],
                [
                    0.7118139266967773,
                    0.2807973623275757,
                    -0.6437962651252747,
                    -2.5952260494232178
                ],
                [
                    1.4901161193847656e-08,
                    0.9166082143783569,
                    0.3997865915298462,
                    1.6115914583206177
                ],
                [
                    0.0,
                    0.0,
                    0.0,
                    1.0
                ]
            ]
        },
        {
            "file_path": "/data/shapenet_blender/all_50_random/02958343/e0762bd3cd381408bda72093f9b5aa73/r_20",
            "rotation": 0.12566370614359174,
            "transform_matrix": [
                [
                    -0.9966296553611755,
                    0.00801209919154644,
                    0.08163943141698837,
                    0.32909902930259705
                ],
                [
                    0.08203162997961044,
                    0.09734166413545609,
                    0.9918646812438965,
                    3.9983339309692383
                ],
                [
                    0.0,
                    0.995218813419342,
                    -0.09767084568738937,
                    -0.393723726272583
                ],
                [
                    0.0,
                    0.0,
                    0.0,
                    1.0
                ]
            ]
        },
        {
            "file_path": "/data/shapenet_blender/all_50_random/02958343/e0762bd3cd381408bda72093f9b5aa73/r_21",
            "rotation": 0.12566370614359174,
            "transform_matrix": [
                [
                    0.6171906590461731,
                    -0.021103136241436005,
                    -0.7865304350852966,
                    -3.1706058979034424
                ],
                [
                    -0.786813497543335,
                    -0.01655367761850357,
                    -0.61696857213974,
                    -2.4870800971984863
                ],
                [
                    9.313225191043273e-10,
                    0.9996402263641357,
                    -0.026821007952094078,
                    -0.1081189513206482
                ],
                [
                    0.0,
                    0.0,
                    0.0,
                    1.0
                ]
            ]
        },
        {
            "file_path": "/data/shapenet_blender/all_50_random/02958343/e0762bd3cd381408bda72093f9b5aa73/r_22",
            "rotation": 0.12566370614359174,
            "transform_matrix": [
                [
                    -0.9999500513076782,
                    0.00826699286699295,
                    0.005599618423730135,
                    0.02257278561592102
                ],
                [
                    0.009984931908547878,
                    0.8279054760932922,
                    0.560778796672821,
                    2.2605719566345215
                ],
                [
                    -4.6566123179658803e-10,
                    0.5608067512512207,
                    -0.8279466032981873,
                    -3.337559700012207
                ],
                [
                    0.0,
                    0.0,
                    0.0,
                    1.0
                ]
            ]
        },
        {
            "file_path": "/data/shapenet_blender/all_50_random/02958343/e0762bd3cd381408bda72093f9b5aa73/r_23",
            "rotation": 0.12566370614359174,
            "transform_matrix": [
                [
                    0.14786238968372345,
                    0.2830926477909088,
                    0.9476261138916016,
                    3.820003032684326
                ],
                [
                    0.9890079498291016,
                    -0.04232398048043251,
                    -0.14167556166648865,
                    -0.5711124539375305
                ],
                [
                    0.0,
                    0.9581582546234131,
                    -0.28623896837234497,
                    -1.153866171836853
                ],
                [
                    0.0,
                    0.0,
                    0.0,
                    1.0
                ]
            ]
        },
        {
            "file_path": "/data/shapenet_blender/all_50_random/02958343/e0762bd3cd381408bda72093f9b5aa73/r_24",
            "rotation": 0.12566370614359174,
            "transform_matrix": [
                [
                    0.3461296856403351,
                    0.8556009531021118,
                    0.38489121198654175,
                    1.5515460968017578
                ],
                [
                    0.9381865859031677,
                    -0.3156609535217285,
                    -0.1419997662305832,
                    -0.5724193453788757
                ],
                [
                    -7.450580152834618e-09,
                    0.41025006771087646,
                    -0.9119729995727539,
                    -3.6762807369232178
                ],
                [
                    0.0,
                    0.0,
                    0.0,
                    1.0
                ]
            ]
        },
        {
            "file_path": "/data/shapenet_blender/all_50_random/02958343/e0762bd3cd381408bda72093f9b5aa73/r_25",
            "rotation": 0.12566370614359174,
            "transform_matrix": [
                [
                    -0.305115282535553,
                    -0.2267753779888153,
                    -0.9249203205108643,
                    -3.728472948074341
                ],
                [
                    -0.9523155093193054,
                    0.0726572647690773,
                    0.2963380515575409,
                    1.1945768594741821
                ],
                [
                    7.450580596923828e-09,
                    0.9712331295013428,
                    -0.23813053965568542,
                    -0.9599348306655884
                ],
                [
                    0.0,
                    0.0,
                    0.0,
                    1.0
                ]
            ]
        },
        {
            "file_path": "/data/shapenet_blender/all_50_random/02958343/e0762bd3cd381408bda72093f9b5aa73/r_26",
            "rotation": 0.12566370614359174,
            "transform_matrix": [
                [
                    -0.18982583284378052,
                    -0.02532494254410267,
                    0.9814910888671875,
                    3.956517219543457
                ],
                [
                    0.9818178415298462,
                    -0.004896354395896196,
                    0.1897626370191574,
                    0.7649576663970947
                ],
                [
                    4.656613428188905e-10,
                    0.9996672868728638,
                    0.025793932378292084,
                    0.10397866368293762
                ],
                [
                    0.0,
                    0.0,
                    0.0,
                    1.0
                ]
            ]
        },
        {
            "file_path": "/data/shapenet_blender/all_50_random/02958343/e0762bd3cd381408bda72093f9b5aa73/r_27",
            "rotation": 0.12566370614359174,
            "transform_matrix": [
                [
                    -0.5789674520492554,
                    -0.439864844083786,
                    -0.6865243315696716,
                    -2.767468214035034
                ],
                [
                    -0.8153506517410278,
                    0.31234097480773926,
                    0.4874899387359619,
                    1.9651347398757935
                ],
                [
                    -1.4901161193847656e-08,
                    0.8419988751411438,
                    -0.5394792556762695,
                    -2.174710512161255
                ],
                [
                    0.0,
                    0.0,
                    0.0,
                    1.0
                ]
            ]
        },
        {
            "file_path": "/data/shapenet_blender/all_50_random/02958343/e0762bd3cd381408bda72093f9b5aa73/r_28",
            "rotation": 0.12566370614359174,
            "transform_matrix": [
                [
                    0.01071237213909626,
                    -0.009724079631268978,
                    -0.9998952746391296,
                    -4.030706882476807
                ],
                [
                    -0.9999426603317261,
                    -0.00010417395242257044,
                    -0.01071186549961567,
                    -0.043180912733078
                ],
                [
                    -7.275957614183426e-12,
                    0.9999526739120483,
                    -0.009724638424813747,
                    -0.039201270788908005
                ],
                [
                    0.0,
                    0.0,
                    0.0,
                    1.0
                ]
            ]
        },
        {
            "file_path": "/data/shapenet_blender/all_50_random/02958343/e0762bd3cd381408bda72093f9b5aa73/r_29",
            "rotation": 0.12566370614359174,
            "transform_matrix": [
                [
                    -0.3729328513145447,
                    0.0421934612095356,
                    0.9268984794616699,
                    3.736447334289551
                ],
                [
                    0.9278583526611328,
                    0.01695876196026802,
                    0.37254709005355835,
                    1.501785397529602
                ],
                [
                    0.0,
                    0.9989653825759888,
                    -0.04547404125332832,
                    -0.18331173062324524
                ],
                [
                    0.0,
                    0.0,
                    0.0,
                    1.0
                ]
            ]
        },
        {
            "file_path": "/data/shapenet_blender/all_50_random/02958343/e0762bd3cd381408bda72093f9b5aa73/r_30",
            "rotation": 0.12566370614359174,
            "transform_matrix": [
                [
                    0.757865309715271,
                    -0.01633189246058464,
                    0.652206540107727,
                    2.629128932952881
                ],
                [
                    0.6524110436439514,
                    0.018971743062138557,
                    -0.7576277256011963,
                    -3.0540952682495117
                ],
                [
                    -9.313225746154785e-10,
                    0.999686598777771,
                    0.02503313310444355,
                    0.10091179609298706
                ],
                [
                    0.0,
                    0.0,
                    0.0,
                    1.0
                ]
            ]
        },
        {
            "file_path": "/data/shapenet_blender/all_50_random/02958343/e0762bd3cd381408bda72093f9b5aa73/r_31",
            "rotation": 0.12566370614359174,
            "transform_matrix": [
                [
                    -0.5475082397460938,
                    -0.006416586693376303,
                    -0.8367757201194763,
                    -3.3731508255004883
                ],
                [
                    -0.8368003368377686,
                    0.0041982936672866344,
                    0.5474920868873596,
                    2.2070112228393555
                ],
                [
                    -2.3283064365386963e-10,
                    0.9999706745147705,
                    -0.007668001111596823,
                    -0.03091070055961609
                ],
                [
                    0.0,
                    0.0,
                    0.0,
                    1.0
                ]
            ]
        },
        {
            "file_path": "/data/shapenet_blender/all_50_random/02958343/e0762bd3cd381408bda72093f9b5aa73/r_32",
            "rotation": 0.12566370614359174,
            "transform_matrix": [
                [
                    -0.4721931517124176,
                    -0.1802295446395874,
                    0.8628735542297363,
                    3.4783546924591064
                ],
                [
                    0.8814950585365295,
                    -0.09654410928487778,
                    0.46221813559532166,
                    1.8632609844207764
                ],
                [
                    0.0,
                    0.9788751602172852,
                    0.20445890724658966,
                    0.8242002725601196
                ],
                [
                    0.0,
                    0.0,
                    0.0,
                    1.0
                ]
            ]
        },
        {
            "file_path": "/data/shapenet_blender/all_50_random/02958343/e0762bd3cd381408bda72093f9b5aa73/r_33",
            "rotation": 0.12566370614359174,
            "transform_matrix": [
                [
                    -0.9250592589378357,
                    0.11509010195732117,
                    0.361966609954834,
                    1.4591341018676758
                ],
                [
                    0.37982308864593506,
                    0.2803019881248474,
                    0.8815698027610779,
                    3.5537214279174805
                ],
                [
                    0.0,
                    0.9529873728752136,
                    -0.30300983786582947,
                    -1.2214716672897339
                ],
                [
                    0.0,
                    0.0,
                    0.0,
                    1.0
                ]
            ]
        },
        {
            "file_path": "/data/shapenet_blender/all_50_random/02958343/e0762bd3cd381408bda72093f9b5aa73/r_34",
            "rotation": 0.12566370614359174,
            "transform_matrix": [
                [
                    0.3822390139102936,
                    0.06584824621677399,
                    0.9217143058776855,
                    3.7155492305755615
                ],
                [
                    0.9240634441375732,
                    -0.027238139882683754,
                    -0.3812673091888428,
                    -1.5369377136230469
                ],
                [
                    0.0,
                    0.99745774269104,
                    -0.07125943899154663,
                    -0.2872559726238251
                ],
                [
                    0.0,
                    0.0,
                    0.0,
                    1.0
                ]
            ]
        },
        {
            "file_path": "/data/shapenet_blender/all_50_random/02958343/e0762bd3cd381408bda72093f9b5aa73/r_35",
            "rotation": 0.12566370614359174,
            "transform_matrix": [
                [
                    -0.4201115369796753,
                    -0.8507316708564758,
                    0.3158508539199829,
                    1.273235559463501
                ],
                [
                    0.9074724316596985,
                    -0.3938435912132263,
                    0.14622217416763306,
                    0.5894404649734497
                ],
                [
                    7.450580596923828e-09,
                    0.34805551171302795,
                    0.9374738335609436,
                    3.7790780067443848
                ],
                [
                    0.0,
                    0.0,
                    0.0,
                    1.0
                ]
            ]
        },
        {
            "file_path": "/data/shapenet_blender/all_50_random/02958343/e0762bd3cd381408bda72093f9b5aa73/r_36",
            "rotation": 0.12566370614359174,
            "transform_matrix": [
                [
                    0.4477362036705017,
                    0.43387871980667114,
                    -0.7818449139595032,
                    -3.1517176628112793
                ],
                [
                    -0.894165575504303,
                    0.21725644171237946,
                    -0.3914938271045685,
                    -1.5781620740890503
                ],
                [
                    0.0,
                    0.8743849396705627,
                    0.48523300886154175,
                    1.9560368061065674
                ],
                [
                    0.0,
                    0.0,
                    0.0,
                    1.0
                ]
            ]
        },
        {
            "file_path": "/data/shapenet_blender/all_50_random/02958343/e0762bd3cd381408bda72093f9b5aa73/r_37",
            "rotation": 0.12566370614359174,
            "transform_matrix": [
                [
                    0.9508129954338074,
                    0.21123017370700836,
                    0.22657567262649536,
                    0.913355827331543
                ],
                [
                    0.30976560711860657,
                    -0.648362398147583,
                    -0.6954647898674011,
                    -2.8035085201263428
                ],
                [
                    0.0,
                    0.7314423322677612,
                    -0.6819031834602356,
                    -2.748839855194092
                ],
                [
                    0.0,
                    0.0,
                    0.0,
                    1.0
                ]
            ]
        },
        {
            "file_path": "/data/shapenet_blender/all_50_random/02958343/e0762bd3cd381408bda72093f9b5aa73/r_38",
            "rotation": 0.12566370614359174,
            "transform_matrix": [
                [
                    -0.41407495737075806,
                    0.38864049315452576,
                    0.8231041431427002,
                    3.3180389404296875
                ],
                [
                    0.9102427363395691,
                    0.17679493129253387,
                    0.37443509697914124,
                    1.5093961954116821
                ],
                [
                    0.0,
                    0.9042688012123108,
                    -0.42696356773376465,
                    -1.7211451530456543
                ],
                [
                    0.0,
                    0.0,
                    0.0,
                    1.0
                ]
            ]
        },
        {
            "file_path": "/data/shapenet_blender/all_50_random/02958343/e0762bd3cd381408bda72093f9b5aa73/r_39",
            "rotation": 0.12566370614359174,
            "transform_matrix": [
                [
                    0.5996873378753662,
                    -0.6085891723632812,
                    0.5196096897125244,
                    2.094613790512085
                ],
                [
                    0.8002344369888306,
                    0.4560703635215759,
                    -0.3893900513648987,
                    -1.5696816444396973
                ],
                [
                    -1.4901161193847656e-08,
                    0.6493219137191772,
                    0.7605136036872864,
                    3.0657286643981934
                ],
                [
                    0.0,
                    0.0,
                    0.0,
                    1.0
                ]
            ]
        },
        {
            "file_path": "/data/shapenet_blender/all_50_random/02958343/e0762bd3cd381408bda72093f9b5aa73/r_40",
            "rotation": 0.12566370614359174,
            "transform_matrix": [
                [
                    -0.2224331647157669,
                    0.9745033383369446,
                    -0.029442211613059044,
                    -0.11868535727262497
                ],
                [
                    -0.9749480485916138,
                    -0.222331702709198,
                    0.006717203184962273,
                    0.027077913284301758
                ],
                [
                    -4.656613428188905e-10,
                    0.030198296532034874,
                    0.9995437860488892,
                    4.029290199279785
                ],
                [
                    0.0,
                    0.0,
                    0.0,
                    1.0
                ]
            ]
        },
        {
            "file_path": "/data/shapenet_blender/all_50_random/02958343/e0762bd3cd381408bda72093f9b5aa73/r_41",
            "rotation": 0.12566370614359174,
            "transform_matrix": [
                [
                    -0.42682790756225586,
                    0.7030532956123352,
                    -0.5688004493713379,
                    -2.292908191680908
                ],
                [
                    -0.9043329954147339,
                    -0.33182772994041443,
                    0.2684629261493683,
                    1.0822087526321411
                ],
