{
    "class": "02958343",
    "model": "d18817af1a2591d751a95aaa6caba1d3",
    "remove_doubles": true,
    "edge_split": true,
    "denoise": true,
    "camera_angle_x": 0.6911112070083618,
    "scale_factor": 2.3373604926379734,
    "hdri_file": "/data/IndoorHDRDataset2018/AG8A9520-787ec4975a.exr",
    "center_offset": [
        0.0,
        0.0,
        2.3283064365386963e-10
    ],
    "lights": [],
    "frames": [
        {
            "file_path": "/data/shapenet_blender/all_50_random/02958343/d18817af1a2591d751a95aaa6caba1d3/r_0",
            "rotation": 0.12566370614359174,
            "transform_matrix": [
                [
                    0.24710707366466522,
                    0.9022546410560608,
                    0.3533758819103241,
                    1.4245039224624634
                ],
                [
                    0.9689881801605225,
                    -0.2300889641046524,
                    -0.09011634439229965,
                    -0.36327064037323
                ],
                [
                    0.0,
                    0.36468544602394104,
                    -0.9311307072639465,
                    -3.7535080909729004
                ],
                [
                    0.0,
                    0.0,
                    0.0,
                    1.0
                ]
            ]
        },
        {
            "file_path": "/data/shapenet_blender/all_50_random/02958343/d18817af1a2591d751a95aaa6caba1d3/r_1",
            "rotation": 0.12566370614359174,
            "transform_matrix": [
                [
                    0.7655782103538513,
                    0.38654065132141113,
                    -0.5142725706100464,
                    -2.073099374771118
                ],
                [
                    -0.6433428525924683,
                    0.4599834680557251,
                    -0.6119844913482666,
                    -2.4669885635375977
                ],
                [
                    -1.4901161193847656e-08,
                    0.7993755340576172,
                    0.6008315086364746,
                    2.422029495239258
                ],
                [
                    0.0,
                    0.0,
                    0.0,
                    1.0
                ]
            ]
        },
        {
            "file_path": "/data/shapenet_blender/all_50_random/02958343/d18817af1a2591d751a95aaa6caba1d3/r_2",
            "rotation": 0.12566370614359174,
            "transform_matrix": [
                [
                    0.9989895820617676,
                    -0.006293797865509987,
                    0.04449848458170891,
                    0.17937913537025452
                ],
                [
                    0.04494136944413185,
                    0.13990312814712524,
                    -0.9891447424888611,
                    -3.987370014190674
                ],
                [
                    0.0,
                    0.990145206451416,
                    0.14004461467266083,
                    0.5645378828048706
                ],
                [
                    0.0,
                    0.0,
                    0.0,
                    1.0
                ]
            ]
        },
        {
            "file_path": "/data/shapenet_blender/all_50_random/02958343/d18817af1a2591d751a95aaa6caba1d3/r_3",
            "rotation": 0.12566370614359174,
            "transform_matrix": [
                [
                    -0.6646980047225952,
                    -0.19228577613830566,
                    -0.721943736076355,
                    -2.910248279571533
                ],
                [
                    -0.7471121549606323,
                    0.17107467353343964,
                    0.6423059105873108,
                    2.5892179012298584
                ],
                [
                    0.0,
                    0.9663123488426208,
                    -0.25737205147743225,
                    -1.0374999046325684
                ],
                [
                    0.0,
                    0.0,
                    0.0,
                    1.0
                ]
            ]
        },
        {
            "file_path": "/data/shapenet_blender/all_50_random/02958343/d18817af1a2591d751a95aaa6caba1d3/r_4",
            "rotation": 0.12566370614359174,
            "transform_matrix": [
                [
                    -0.985909104347229,
                    0.1307709515094757,
                    0.10431867092847824,
                    0.4205220341682434
                ],
                [
                    0.16728250682353973,
                    0.7707217931747437,
                    0.6148205995559692,
                    2.478421449661255
                ],
                [
                    7.450581485102248e-09,
                    0.6236078143119812,
                    -0.781737208366394,
                    -3.1512837409973145
                ],
                [
                    0.0,
                    0.0,
                    0.0,
                    1.0
                ]
            ]
        },
        {
            "file_path": "/data/shapenet_blender/all_50_random/02958343/d18817af1a2591d751a95aaa6caba1d3/r_5",
            "rotation": 0.12566370614359174,
            "transform_matrix": [
                [
                    0.5751782655715942,
                    -0.14217503368854523,
                    -0.8055782318115234,
                    -3.247389316558838
                ],
                [
                    -0.8180279731750488,
                    -0.09996722638607025,
                    -0.5664244890213013,
                    -2.283329963684082
                ],
                [
                    0.0,
                    0.9847806692123413,
                    -0.17380213737487793,
                    -0.7006187438964844
                ],
                [
                    0.0,
                    0.0,
                    0.0,
                    1.0
                ]
            ]
        },
        {
            "file_path": "/data/shapenet_blender/all_50_random/02958343/d18817af1a2591d751a95aaa6caba1d3/r_6",
            "rotation": 0.12566370614359174,
            "transform_matrix": [
                [
                    -0.370017409324646,
                    0.37805408239364624,
                    0.8486236929893494,
                    3.4209115505218506
                ],
                [
                    0.929024875164032,
                    0.15057356655597687,
                    0.3379947543144226,
                    1.3625004291534424
                ],
                [
                    0.0,
                    0.9134563207626343,
                    -0.4069364666938782,
                    -1.6404134035110474
                ],
                [
                    0.0,
                    0.0,
                    0.0,
                    1.0
                ]
            ]
        },
        {
            "file_path": "/data/shapenet_blender/all_50_random/02958343/d18817af1a2591d751a95aaa6caba1d3/r_7",
            "rotation": 0.12566370614359174,
            "transform_matrix": [
                [
                    -0.9536688923835754,
                    -0.21770553290843964,
                    0.20765352249145508,
                    0.8370780944824219
                ],
                [
                    0.3008582293987274,
                    -0.6900890469551086,
                    0.658225953578949,
                    2.6533937454223633
                ],
                [
                    -1.4901161193847656e-08,
                    0.6902037858963013,
                    0.7236149907112122,
                    2.916985273361206
                ],
                [
                    0.0,
                    0.0,
                    0.0,
                    1.0
                ]
            ]
        },
        {
            "file_path": "/data/shapenet_blender/all_50_random/02958343/d18817af1a2591d751a95aaa6caba1d3/r_8",
            "rotation": 0.12566370614359174,
            "transform_matrix": [
                [
                    0.6907583475112915,
                    0.0075572337955236435,
                    -0.7230461239814758,
                    -2.9146924018859863
                ],
                [
                    -0.7230856418609619,
                    0.0072193690575659275,
                    -0.6907205581665039,
                    -2.784383773803711
                ],
                [
                    0.0,
                    0.9999454617500305,
                    0.010451365262269974,
                    0.04213080555200577
                ],
                [
                    0.0,
                    0.0,
                    0.0,
                    1.0
                ]
            ]
        },
        {
            "file_path": "/data/shapenet_blender/all_50_random/02958343/d18817af1a2591d751a95aaa6caba1d3/r_9",
            "rotation": 0.12566370614359174,
            "transform_matrix": [
                [
                    0.8749918341636658,
                    0.23603665828704834,
                    -0.422700971364975,
                    -1.7039620876312256
                ],
                [
                    -0.4841378331184387,
                    0.42659369111061096,
                    -0.7639557719230652,
                    -3.079604148864746
                ],
                [
                    0.0,
                    0.8731005191802979,
                    0.48754024505615234,
                    1.9653376340866089
                ],
                [
                    0.0,
                    0.0,
                    0.0,
                    1.0
                ]
            ]
        },
        {
            "file_path": "/data/shapenet_blender/all_50_random/02958343/d18817af1a2591d751a95aaa6caba1d3/r_10",
            "rotation": 0.12566370614359174,
            "transform_matrix": [
                [
                    -0.892142653465271,
                    0.017963021993637085,
                    0.4513965845108032,
                    1.8196377754211426
                ],
                [
                    0.4517538845539093,
                    0.03547413647174835,
                    0.8914370536804199,
                    3.5934975147247314
                ],
                [
                    0.0,
                    0.9992090463638306,
                    -0.03976285830140114,
                    -0.1602891981601715
                ],
                [
                    0.0,
                    0.0,
                    0.0,
                    1.0
                ]
            ]
        },
        {
            "file_path": "/data/shapenet_blender/all_50_random/02958343/d18817af1a2591d751a95aaa6caba1d3/r_11",
            "rotation": 0.12566370614359174,
            "transform_matrix": [
                [
                    0.7427681088447571,
                    0.5080735087394714,
                    0.4360697269439697,
                    1.7578532695770264
                ],
                [
                    0.669548749923706,
                    -0.5636345744132996,
                    -0.4837566912174225,
                    -1.9500856399536133
                ],
                [
                    1.4901161193847656e-08,
                    0.6512889862060547,
                    -0.7588297724723816,
                    -3.0589406490325928
                ],
                [
                    0.0,
                    0.0,
                    0.0,
                    1.0
                ]
            ]
        },
        {
            "file_path": "/data/shapenet_blender/all_50_random/02958343/d18817af1a2591d751a95aaa6caba1d3/r_12",
            "rotation": 0.12566370614359174,
            "transform_matrix": [
                [
                    -0.17456164956092834,
                    -0.8290120959281921,
                    -0.5312880277633667,
                    -2.141690492630005
                ],
                [
                    -0.9846463203430176,
                    0.1469702571630478,
                    0.09418865293264389,
                    0.3796865940093994
                ],
                [
                    7.450581485102248e-09,
                    0.539572536945343,
                    -0.8419391512870789,
                    -3.393965005874634
                ],
                [
                    0.0,
                    0.0,
                    0.0,
                    1.0
                ]
            ]
        },
        {
            "file_path": "/data/shapenet_blender/all_50_random/02958343/d18817af1a2591d751a95aaa6caba1d3/r_13",
            "rotation": 0.12566370614359174,
            "transform_matrix": [
                [
                    -0.8599218130111694,
                    0.21515612304210663,
                    -0.46286314725875854,
                    -1.865861177444458
                ],
                [
                    -0.5104258060455322,
                    -0.362476646900177,
                    0.779792308807373,
                    3.1434435844421387
                ],
                [
                    1.4901162970204496e-08,
                    0.9068177342414856,
                    0.4215227961540222,
                    1.699212908744812
                ],
                [
                    0.0,
                    0.0,
                    0.0,
                    1.0
                ]
            ]
        },
        {
            "file_path": "/data/shapenet_blender/all_50_random/02958343/d18817af1a2591d751a95aaa6caba1d3/r_14",
            "rotation": 0.12566370614359174,
            "transform_matrix": [
                [
                    0.46522173285484314,
                    0.39751186966896057,
                    -0.7909190654754639,
                    -3.1882967948913574
                ],
                [
                    -0.8851941227912903,
                    0.20891593396663666,
                    -0.41567462682724,
                    -1.67563796043396
                ],
                [
                    0.0,
                    0.8934977054595947,
                    0.44906747341156006,
                    1.810248851776123
                ],
                [
                    0.0,
                    0.0,
                    0.0,
                    1.0
                ]
            ]
        },
        {
            "file_path": "/data/shapenet_blender/all_50_random/02958343/d18817af1a2591d751a95aaa6caba1d3/r_15",
            "rotation": 0.12566370614359174,
            "transform_matrix": [
                [
                    -0.9933326244354248,
                    0.07808568328619003,
                    -0.08481121063232422,
                    -0.34188488125801086
                ],
                [
                    -0.11528362333774567,
                    -0.6728193759918213,
                    0.7307693958282471,
                    2.9458253383636475
                ],
                [
                    3.7252898543727042e-09,
                    0.7356743216514587,
                    0.6773354411125183,
                    2.730426073074341
                ],
                [
                    0.0,
                    0.0,
                    0.0,
                    1.0
                ]
            ]
        },
        {
            "file_path": "/data/shapenet_blender/all_50_random/02958343/d18817af1a2591d751a95aaa6caba1d3/r_16",
            "rotation": 0.12566370614359174,
            "transform_matrix": [
                [
                    0.691142737865448,
                    -0.2975635826587677,
                    -0.6586178541183472,
                    -2.6549737453460693
                ],
                [
                    -0.7227181792259216,
                    -0.2845630943775177,
                    -0.6298429369926453,
                    -2.538978338241577
                ],
                [
                    -1.4901158529312397e-08,
                    0.9113066792488098,
                    -0.4117283225059509,
                    -1.659730076789856
                ],
                [
                    0.0,
                    0.0,
                    0.0,
                    1.0
                ]
            ]
        },
        {
            "file_path": "/data/shapenet_blender/all_50_random/02958343/d18817af1a2591d751a95aaa6caba1d3/r_17",
            "rotation": 0.12566370614359174,
            "transform_matrix": [
                [
                    0.4941285252571106,
                    -0.5085681080818176,
                    0.705120861530304,
                    2.842432975769043
                ],
                [
                    0.8693888187408447,
                    0.289051353931427,
                    -0.40076470375061035,
                    -1.6155340671539307
                ],
                [
                    1.4901159417490817e-08,
                    0.8110533952713013,
                    0.5849719643592834,
                    2.3580973148345947
                ],
                [
                    0.0,
                    0.0,
                    0.0,
                    1.0
                ]
            ]
        },
        {
            "file_path": "/data/shapenet_blender/all_50_random/02958343/d18817af1a2591d751a95aaa6caba1d3/r_18",
            "rotation": 0.12566370614359174,
            "transform_matrix": [
                [
                    0.958758533000946,
                    0.006908937357366085,
                    -0.28413814306259155,
                    -1.145397663116455
                ],
                [
                    -0.28422215580940247,
                    0.023305721580982208,
                    -0.9584750533103943,
                    -3.863736867904663
                ],
                [
                    4.656613428188905e-10,
                    0.9997043609619141,
                    0.024308228865265846,
                    0.09798961132764816
                ],
                [
                    0.0,
                    0.0,
                    0.0,
                    1.0
                ]
            ]
        },
        {
            "file_path": "/data/shapenet_blender/all_50_random/02958343/d18817af1a2591d751a95aaa6caba1d3/r_19",
            "rotation": 0.12566370614359174,
            "transform_matrix": [
                [
                    -0.17157284915447235,
                    0.4279543161392212,
                    -0.8873657584190369,
                    -3.577085256576538
                ],
                [
                    -0.9851714372634888,
                    -0.07453051954507828,
                    0.15453946590423584,
                    0.6229684352874756
                ],
                [
                    0.0,
                    0.9007219672203064,
                    0.4343958795070648,
                    1.751105546951294
                ],
                [
                    0.0,
                    0.0,
                    0.0,
                    1.0
                ]
            ]
        },
        {
            "file_path": "/data/shapenet_blender/all_50_random/02958343/d18817af1a2591d751a95aaa6caba1d3/r_20",
            "rotation": 0.12566370614359174,
            "transform_matrix": [
                [
                    0.6382697820663452,
                    -0.5116434097290039,
                    -0.5751806497573853,
                    -2.318627119064331
                ],
                [
                    -0.7698127627372742,
                    -0.42421552538871765,
                    -0.4768957495689392,
                    -1.922428011894226
                ],
                [
                    1.4901161193847656e-08,
                    0.7471694350242615,
                    -0.664633572101593,
                    -2.6792232990264893
                ],
                [
                    0.0,
                    0.0,
                    0.0,
                    1.0
                ]
            ]
        },
        {
            "file_path": "/data/shapenet_blender/all_50_random/02958343/d18817af1a2591d751a95aaa6caba1d3/r_21",
            "rotation": 0.12566370614359174,
            "transform_matrix": [
                [
                    -0.8559525609016418,
                    0.2524089813232422,
                    0.4512592554092407,
                    1.8190841674804688
                ],
                [
                    0.5170543193817139,
                    0.41784796118736267,
                    0.7470327019691467,
                    3.011384963989258
                ],
                [
                    0.0,
                    0.8727501034736633,
                    -0.48816725611686707,
                    -1.967864990234375
                ],
                [
                    0.0,
                    0.0,
                    0.0,
                    1.0
                ]
            ]
        },
        {
            "file_path": "/data/shapenet_blender/all_50_random/02958343/d18817af1a2591d751a95aaa6caba1d3/r_22",
            "rotation": 0.12566370614359174,
            "transform_matrix": [
                [
                    0.47089165449142456,
                    0.6260100603103638,
                    -0.6215885877609253,
                    -2.5057036876678467
                ],
                [
                    -0.8821910619735718,
                    0.3341486155986786,
                    -0.3317885398864746,
                    -1.3374823331832886
                ],
                [
                    0.0,
                    0.704596221446991,
                    0.7096083760261536,
                    2.860522747039795
                ],
                [
                    0.0,
                    0.0,
                    0.0,
                    1.0
                ]
            ]
        },
        {
            "file_path": "/data/shapenet_blender/all_50_random/02958343/d18817af1a2591d751a95aaa6caba1d3/r_23",
            "rotation": 0.12566370614359174,
            "transform_matrix": [
                [
                    -0.015398007817566395,
                    0.004905377048999071,
                    0.9998693466186523,
                    4.03060245513916
                ],
                [
                    0.9998814463615417,
                    7.554198964498937e-05,
                    0.015397821553051472,
                    0.062070608139038086
                ],
                [
                    0.0,
                    0.9999879002571106,
                    -0.0049059586599469185,
                    -0.01977655291557312
                ],
                [
                    0.0,
                    0.0,
                    0.0,
                    1.0
                ]
            ]
        },
        {
            "file_path": "/data/shapenet_blender/all_50_random/02958343/d18817af1a2591d751a95aaa6caba1d3/r_24",
            "rotation": 0.12566370614359174,
            "transform_matrix": [
                [
                    0.6172559261322021,
                    -0.007125812117010355,
                    0.7867301106452942,
                    3.17141056060791
                ],
                [
                    0.7867623567581177,
                    0.005590569693595171,
                    -0.6172306537628174,
                    -2.4881362915039062
                ],
                [
                    0.0,
                    0.9999589323997498,
                    0.00905713438987732,
                    0.03651047497987747
                ],
                [
                    0.0,
                    0.0,
                    0.0,
                    1.0
                ]
            ]
        },
        {
            "file_path": "/data/shapenet_blender/all_50_random/02958343/d18817af1a2591d751a95aaa6caba1d3/r_25",
            "rotation": 0.12566370614359174,
            "transform_matrix": [
                [
                    0.9996163249015808,
                    0.0037227184511721134,
                    -0.027447575703263283,
                    -0.11064472794532776
                ],
                [
                    -0.027698883786797523,
                    0.13434801995754242,
                    -0.9905469417572021,
                    -3.9930226802825928
                ],
                [
                    2.3283064365386963e-10,
                    0.9909272193908691,
                    0.13439954817295074,
                    0.5417819619178772
                ],
                [
                    0.0,
                    0.0,
                    0.0,
                    1.0
                ]
            ]
        },
        {
            "file_path": "/data/shapenet_blender/all_50_random/02958343/d18817af1a2591d751a95aaa6caba1d3/r_26",
            "rotation": 0.12566370614359174,
            "transform_matrix": [
                [
                    0.8467221260070801,
                    -0.16029325127601624,
                    -0.507314145565033,
                    -2.045048713684082
                ],
                [
                    -0.532035231590271,
                    -0.25510308146476746,
                    -0.8073790073394775,
                    -3.2546489238739014
                ],
                [
                    0.0,
                    0.9535347819328308,
                    -0.301283061504364,
                    -1.2145109176635742
                ],
                [
                    0.0,
                    0.0,
                    0.0,
                    1.0
                ]
            ]
        },
        {
            "file_path": "/data/shapenet_blender/all_50_random/02958343/d18817af1a2591d751a95aaa6caba1d3/r_27",
            "rotation": 0.12566370614359174,
            "transform_matrix": [
                [
                    0.6236143112182617,
                    0.14097411930561066,
                    -0.7689157128334045,
                    -3.0995984077453613
                ],
                [
                    -0.7817320823669434,
                    0.11245986819267273,
                    -0.6133902668952942,
                    -2.4726552963256836
                ],
                [
                    7.450580596923828e-09,
                    0.9836050271987915,
                    0.1803356111049652,
                    0.7269561290740967
                ],
                [
                    0.0,
                    0.0,
                    0.0,
                    1.0
                ]
            ]
        },
        {
            "file_path": "/data/shapenet_blender/all_50_random/02958343/d18817af1a2591d751a95aaa6caba1d3/r_28",
            "rotation": 0.12566370614359174,
            "transform_matrix": [
                [
                    0.02187960594892502,
                    0.026032254099845886,
                    -0.9994215965270996,
                    -4.028797149658203
                ],
                [
                    -0.999760627746582,
                    0.0005697118467651308,
                    -0.02187218703329563,
                    -0.08816960453987122
                ],
                [
                    0.0,
                    0.999660849571228,
                    0.02603849209845066,
                    0.10496451705694199
                ],
                [
                    0.0,
                    0.0,
                    0.0,
                    1.0
                ]
            ]
        },
        {
            "file_path": "/data/shapenet_blender/all_50_random/02958343/d18817af1a2591d751a95aaa6caba1d3/r_29",
            "rotation": 0.12566370614359174,
            "transform_matrix": [
                [
                    0.9896010756492615,
                    0.13047164678573608,
                    0.060555197298526764,
                    0.24410583078861237
                ],
                [
                    0.14383943378925323,
                    -0.8976320028305054,
                    -0.41661375761032104,
                    -1.6794239282608032
                ],
                [
                    0.0,
                    0.4209917187690735,
                    -0.9070644378662109,
                    -3.656493902206421
                ],
                [
                    0.0,
                    0.0,
                    0.0,
                    1.0
                ]
            ]
        },
        {
            "file_path": "/data/shapenet_blender/all_50_random/02958343/d18817af1a2591d751a95aaa6caba1d3/r_30",
            "rotation": 0.12566370614359174,
            "transform_matrix": [
                [
                    -0.5924296975135803,
                    -0.7867316603660583,
                    -0.17343655228614807,
                    -0.6991450786590576
                ],
                [
                    -0.8056221604347229,
                    0.5785382390022278,
                    0.12753990292549133,
                    0.5141298174858093
                ],
                [
                    0.0,
                    0.21528273820877075,
                    -0.9765517711639404,
                    -3.9366061687469482
                ],
                [
                    0.0,
                    0.0,
                    0.0,
                    1.0
                ]
            ]
        },
        {
            "file_path": "/data/shapenet_blender/all_50_random/02958343/d18817af1a2591d751a95aaa6caba1d3/r_31",
            "rotation": 0.12566370614359174,
            "transform_matrix": [
                [
                    -0.06282582879066467,
                    -0.16490386426448822,
                    -0.9843065738677979,
                    -3.967866897583008
                ],
                [
                    -0.9980245232582092,
                    0.010380729101598263,
                    0.06196228414773941,
                    0.24977797269821167
                ],
                [
                    0.0,
                    0.9862549304962158,
                    -0.16523027420043945,
                    -0.6660646200180054
                ],
                [
                    0.0,
                    0.0,
                    0.0,
                    1.0
                ]
            ]
        },
        {
            "file_path": "/data/shapenet_blender/all_50_random/02958343/d18817af1a2591d751a95aaa6caba1d3/r_32",
            "rotation": 0.12566370614359174,
            "transform_matrix": [
                [
                    -0.7058072686195374,
                    -0.338496595621109,
                    -0.622299075126648,
                    -2.5085678100585938
                ],
                [
                    -0.7084039449691772,
                    0.3372558653354645,
                    0.6200180649757385,
                    2.499372720718384
                ],
                [
                    1.4901162970204496e-08,
                    0.8784523010253906,
                    -0.4778299629688263,
                    -1.926194190979004
                ],
                [
                    0.0,
                    0.0,
                    0.0,
                    1.0
                ]
            ]
        },
        {
            "file_path": "/data/shapenet_blender/all_50_random/02958343/d18817af1a2591d751a95aaa6caba1d3/r_33",
            "rotation": 0.12566370614359174,
            "transform_matrix": [
                [
                    0.4285910725593567,
                    -0.8330624103546143,
                    -0.34973806142807007,
                    -1.4098392724990845
                ],
                [
                    -0.903498649597168,
                    -0.3951783776283264,
                    -0.16590462625026703,
                    -0.6687829494476318
                ],
                [
                    -1.4901162970204496e-08,
                    0.38709309697151184,
                    -0.922040581703186,
                    -3.716864585876465
                ],
                [
                    0.0,
                    0.0,
                    0.0,
                    1.0
                ]
            ]
        },
        {
            "file_path": "/data/shapenet_blender/all_50_random/02958343/d18817af1a2591d751a95aaa6caba1d3/r_34",
            "rotation": 0.12566370614359174,
            "transform_matrix": [
                [
                    0.9746336340904236,
                    0.09131085872650146,
                    0.20433247089385986,
                    0.8236904740333557
                ],
                [
                    0.2238067090511322,
                    -0.3976406455039978,
                    -0.8898272514343262,
                    -3.587008237838745
                ],
                [
                    0.0,
                    0.9129864573478699,
                    -0.40798985958099365,
                    -1.6446596384048462
                ],
                [
                    0.0,
                    0.0,
                    0.0,
                    1.0
                ]
            ]
        },
        {
            "file_path": "/data/shapenet_blender/all_50_random/02958343/d18817af1a2591d751a95aaa6caba1d3/r_35",
            "rotation": 0.12566370614359174,
            "transform_matrix": [
                [
                    0.9438178539276123,
                    -0.024824978783726692,
                    -0.3295322358608246,
                    -1.3283870220184326
                ],
                [
                    -0.33046600222587585,
                    -0.07090065628290176,
                    -0.941150963306427,
                    -3.793901205062866
                ],
                [
                    0.0,
                    0.9971743822097778,
                    -0.07512111216783524,
                    -0.30282291769981384
                ],
                [
                    0.0,
                    0.0,
                    0.0,
                    1.0
                ]
            ]
        },
        {
            "file_path": "/data/shapenet_blender/all_50_random/02958343/d18817af1a2591d751a95aaa6caba1d3/r_36",
            "rotation": 0.12566370614359174,
            "transform_matrix": [
                [
                    -0.9560492038726807,
                    0.18787427246570587,
                    0.22510725259780884,
                    0.9074363708496094
                ],
                [
                    0.29320645332336426,
                    0.6125958561897278,
                    0.7340002655982971,
                    2.9588496685028076
                ],
                [
                    0.0,
                    0.7677431702613831,
                    -0.64075767993927,
                    -2.582976818084717
                ],
                [
                    0.0,
                    0.0,
                    0.0,
                    1.0
                ]
            ]
        },
        {
            "file_path": "/data/shapenet_blender/all_50_random/02958343/d18817af1a2591d751a95aaa6caba1d3/r_37",
            "rotation": 0.12566370614359174,
            "transform_matrix": [
                [
                    -0.6272647976875305,
                    -0.0507722944021225,
                    -0.7771494388580322,
                    -3.132789134979248
                ],
                [
                    -0.7788060903549194,
                    0.040892940014600754,
                    0.6259304285049438,
                    2.5232059955596924
                ],
                [
                    0.0,
                    0.9978725910186768,
                    -0.06519249081611633,
                    -0.26279929280281067
                ],
                [
                    0.0,
                    0.0,
                    0.0,
                    1.0
                ]
            ]
        },
        {
            "file_path": "/data/shapenet_blender/all_50_random/02958343/d18817af1a2591d751a95aaa6caba1d3/r_38",
            "rotation": 0.12566370614359174,
            "transform_matrix": [
                [
                    0.6609883904457092,
                    0.3980593681335449,
                    -0.6361156105995178,
                    -2.5642640590667725
                ],
                [
                    -0.7503961324691772,
                    0.3506316542625427,
                    -0.5603241324424744,
                    -2.2587387561798096
                ],
                [
                    0.0,
                    0.8477063775062561,
                    0.5304656624794006,
                    2.1383755207061768
                ],
                [
                    0.0,
                    0.0,
                    0.0,
                    1.0
                ]
            ]
        },
        {
            "file_path": "/data/shapenet_blender/all_50_random/02958343/d18817af1a2591d751a95aaa6caba1d3/r_39",
            "rotation": 0.12566370614359174,
            "transform_matrix": [
                [
                    -0.9404084086418152,
                    0.21411743760108948,
                    -0.26416999101638794,
                    -1.0649033784866333
                ],
                [
                    -0.340047150850296,
                    -0.5921467542648315,
                    0.7305682897567749,
                    2.9450151920318604
                ],
                [
                    1.4901161193847656e-08,
                    0.7768628597259521,
                    0.629669725894928,
                    2.5382800102233887
                ],
                [
                    0.0,
                    0.0,
                    0.0,
                    1.0
                ]
            ]
        },
        {
            "file_path": "/data/shapenet_blender/all_50_random/02958343/d18817af1a2591d751a95aaa6caba1d3/r_40",
            "rotation": 0.12566370614359174,
            "transform_matrix": [
                [
                    -0.7484064698219299,
                    0.28648126125335693,
                    0.5981773734092712,
                    2.411330223083496
                ],
                [
                    0.663240373134613,
                    0.3232681453227997,
                    0.674988865852356,
                    2.7209670543670654
                ],
                [
                    -1.4901162970204496e-08,
                    0.901901364326477,
                    -0.4319419264793396,
                    -1.7412135601043701
                ],
                [
                    0.0,
                    0.0,
                    0.0,
                    1.0
                ]
            ]
        },
        {
            "file_path": "/data/shapenet_blender/all_50_random/02958343/d18817af1a2591d751a95aaa6caba1d3/r_41",
            "rotation": 0.12566370614359174,
            "transform_matrix": [
                [
                    -0.7310335040092468,
                    -0.5915457606315613,
                    -0.34009337425231934,
                    -1.3709602355957031
                ],
                [
                    -0.682341456413269,
                    0.6337586045265198,
                    0.3643624782562256,
                    1.4687920808792114
                ],
                [
                    1.4901160305669237e-08,
