{
    "class": "02958343",
    "model": "e9b2aebf673e516d1f0d59cde6139796",
    "remove_doubles": true,
    "edge_split": true,
    "denoise": true,
    "camera_angle_x": 0.6911112070083618,
    "scale_factor": 2.3774315680643503,
    "hdri_file": "/data/IndoorHDRDataset2018/AG8A7639-8c28e060cd.exr",
    "center_offset": [
        0.0,
        0.0,
        -2.7939677238464355e-09
    ],
    "lights": [],
    "frames": [
        {
            "file_path": "/data/shapenet_blender/all_50_random/02958343/e9b2aebf673e516d1f0d59cde6139796/r_0",
            "rotation": 0.12566370614359174,
            "transform_matrix": [
                [
                    -0.1295560598373413,
                    0.6804660558700562,
                    -0.7212358117103577,
                    -2.9073944091796875
                ],
                [
                    -0.9915721416473389,
                    -0.08890780806541443,
                    0.09423466771841049,
                    0.37987208366394043
                ],
                [
                    -7.450580596923828e-09,
                    0.7273659706115723,
                    0.6862497925758362,
                    2.7663612365722656
                ],
                [
                    0.0,
                    0.0,
                    0.0,
                    1.0
                ]
            ]
        },
        {
            "file_path": "/data/shapenet_blender/all_50_random/02958343/e9b2aebf673e516d1f0d59cde6139796/r_1",
            "rotation": 0.12566370614359174,
            "transform_matrix": [
                [
                    0.2552655339241028,
                    0.05851359665393829,
                    0.9650987982749939,
                    3.890437602996826
                ],
                [
                    0.9668710231781006,
                    -0.015448291786015034,
                    -0.25479766726493835,
                    -1.0271222591400146
                ],
                [
                    0.0,
                    0.998167097568512,
                    -0.06051851436495781,
                    -0.24395793676376343
                ],
                [
                    0.0,
                    0.0,
                    0.0,
                    1.0
                ]
            ]
        },
        {
            "file_path": "/data/shapenet_blender/all_50_random/02958343/e9b2aebf673e516d1f0d59cde6139796/r_2",
            "rotation": 0.12566370614359174,
            "transform_matrix": [
                [
                    0.583163321018219,
                    0.15499845147132874,
                    0.7974309325218201,
                    3.2145466804504395
                ],
                [
                    0.8123549818992615,
                    -0.11126837879419327,
                    -0.572449803352356,
                    -2.3076188564300537
                ],
                [
                    7.4505797087454084e-09,
                    0.9816286563873291,
                    -0.19080141186714172,
                    -0.7691450715065002
                ],
                [
                    0.0,
                    0.0,
                    0.0,
                    1.0
                ]
            ]
        },
        {
            "file_path": "/data/shapenet_blender/all_50_random/02958343/e9b2aebf673e516d1f0d59cde6139796/r_3",
            "rotation": 0.12566370614359174,
            "transform_matrix": [
                [
                    -0.861199676990509,
                    -0.1538524031639099,
                    0.484421968460083,
                    1.9527673721313477
                ],
                [
                    0.5082669258117676,
                    -0.26068514585494995,
                    0.8207971453666687,
                    3.308739185333252
                ],
                [
                    0.0,
                    0.9530857801437378,
                    0.30270007252693176,
                    1.220223069190979
                ],
                [
                    0.0,
                    0.0,
                    0.0,
                    1.0
                ]
            ]
        },
        {
            "file_path": "/data/shapenet_blender/all_50_random/02958343/e9b2aebf673e516d1f0d59cde6139796/r_4",
            "rotation": 0.12566370614359174,
            "transform_matrix": [
                [
                    -0.9882116913795471,
                    0.00054683827329427,
                    -0.15309295058250427,
                    -0.6171374320983887
                ],
                [
                    -0.15309393405914307,
                    -0.003529807087033987,
                    0.9882053136825562,
                    3.9835829734802246
                ],
                [
                    -5.820766091346741e-11,
                    0.999993622303009,
                    0.0035719138104468584,
                    0.014398844912648201
                ],
                [
                    0.0,
                    0.0,
                    0.0,
                    1.0
                ]
            ]
        },
        {
            "file_path": "/data/shapenet_blender/all_50_random/02958343/e9b2aebf673e516d1f0d59cde6139796/r_5",
            "rotation": 0.12566370614359174,
            "transform_matrix": [
                [
                    0.6747021675109863,
                    -0.6725137233734131,
                    -0.30414190888404846,
                    -1.226035237312317
                ],
                [
                    -0.7380900979042053,
                    -0.6147575378417969,
                    -0.278021901845932,
                    -1.1207420825958252
                ],
                [
                    1.4901162970204496e-08,
                    0.4120659828186035,
                    -0.9111539721488953,
                    -3.6729791164398193
                ],
                [
                    0.0,
                    0.0,
                    0.0,
                    1.0
                ]
            ]
        },
        {
            "file_path": "/data/shapenet_blender/all_50_random/02958343/e9b2aebf673e516d1f0d59cde6139796/r_6",
            "rotation": 0.12566370614359174,
            "transform_matrix": [
                [
                    0.5181745886802673,
                    0.39151880145072937,
                    -0.7603999376296997,
                    -3.065270185470581
                ],
                [
                    -0.8552749156951904,
                    0.23720455169677734,
                    -0.46069392561912537,
                    -1.8571165800094604
                ],
                [
                    0.0,
                    0.8890708088874817,
                    0.4577695429325104,
                    1.8453280925750732
                ],
                [
                    0.0,
                    0.0,
                    0.0,
                    1.0
                ]
            ]
        },
        {
            "file_path": "/data/shapenet_blender/all_50_random/02958343/e9b2aebf673e516d1f0d59cde6139796/r_7",
            "rotation": 0.12566370614359174,
            "transform_matrix": [
                [
                    -0.9645681977272034,
                    0.1517711728811264,
                    -0.2158091515302658,
                    -0.8699545860290527
                ],
                [
                    -0.2638334333896637,
                    -0.5548714995384216,
                    0.788992702960968,
                    3.1805315017700195
                ],
                [
                    0.0,
                    0.8179750442504883,
                    0.5752536654472351,
                    2.3189220428466797
                ],
                [
                    0.0,
                    0.0,
                    0.0,
                    1.0
                ]
            ]
        },
        {
            "file_path": "/data/shapenet_blender/all_50_random/02958343/e9b2aebf673e516d1f0d59cde6139796/r_8",
            "rotation": 0.12566370614359174,
            "transform_matrix": [
                [
                    -0.11402393877506256,
                    -0.5649516582489014,
                    -0.8172074556350708,
                    -3.2942686080932617
                ],
                [
                    -0.993478000164032,
                    0.0648409053683281,
                    0.09379293024539948,
                    0.37809139490127563
                ],
                [
                    0.0,
                    0.8225721716880798,
                    -0.56866055727005,
                    -2.292344093322754
                ],
                [
                    0.0,
                    0.0,
                    0.0,
                    1.0
                ]
            ]
        },
        {
            "file_path": "/data/shapenet_blender/all_50_random/02958343/e9b2aebf673e516d1f0d59cde6139796/r_9",
            "rotation": 0.12566370614359174,
            "transform_matrix": [
                [
                    -0.6095658540725708,
                    -0.06771302223205566,
                    0.7898380160331726,
                    3.183939218521118
                ],
                [
                    0.7927353382110596,
                    -0.05206725001335144,
                    0.6073380708694458,
                    2.448258399963379
                ],
                [
                    -3.725290298461914e-09,
                    0.9963452816009521,
                    0.08541691303253174,
                    0.34432661533355713
                ],
                [
                    0.0,
                    0.0,
                    0.0,
                    1.0
                ]
            ]
        },
        {
            "file_path": "/data/shapenet_blender/all_50_random/02958343/e9b2aebf673e516d1f0d59cde6139796/r_10",
            "rotation": 0.12566370614359174,
            "transform_matrix": [
                [
                    0.9989656209945679,
                    -0.03378145769238472,
                    -0.03043482080101967,
                    -0.12268668413162231
                ],
                [
                    -0.045469384640455246,
                    -0.7421810626983643,
                    -0.6686552166938782,
                    -2.6954352855682373
                ],
                [
                    1.8626449271863521e-09,
                    0.6693474650382996,
                    -0.7429494857788086,
                    -2.9949252605438232
                ],
                [
                    0.0,
                    0.0,
                    0.0,
                    1.0
                ]
            ]
        },
        {
            "file_path": "/data/shapenet_blender/all_50_random/02958343/e9b2aebf673e516d1f0d59cde6139796/r_11",
            "rotation": 0.12566370614359174,
            "transform_matrix": [
                [
                    0.7640672922134399,
                    0.2065589278936386,
                    0.6111746430397034,
                    2.463724136352539
                ],
                [
                    0.6451365351676941,
                    -0.24463802576065063,
                    -0.723844587802887,
                    -2.9179110527038574
                ],
                [
                    0.0,
                    0.9473572373390198,
                    -0.3201785683631897,
                    -1.29068124294281
                ],
                [
                    0.0,
                    0.0,
                    0.0,
                    1.0
                ]
            ]
        },
        {
            "file_path": "/data/shapenet_blender/all_50_random/02958343/e9b2aebf673e516d1f0d59cde6139796/r_12",
            "rotation": 0.12566370614359174,
            "transform_matrix": [
                [
                    0.5898244976997375,
                    -0.02247769571840763,
                    -0.807218611240387,
                    -3.254002332687378
                ],
                [
                    -0.8075315356254578,
                    -0.01641780510544777,
                    -0.5895959138870239,
                    -2.376737117767334
                ],
                [
                    -9.313225746154785e-10,
                    0.9996125102043152,
                    -0.027835071086883545,
                    -0.11220675706863403
                ],
                [
                    0.0,
                    0.0,
                    0.0,
                    1.0
                ]
            ]
        },
        {
            "file_path": "/data/shapenet_blender/all_50_random/02958343/e9b2aebf673e516d1f0d59cde6139796/r_13",
            "rotation": 0.12566370614359174,
            "transform_matrix": [
                [
                    0.898029625415802,
                    0.30186110734939575,
                    0.3200353682041168,
                    1.290103793144226
                ],
                [
                    0.43993496894836426,
                    -0.6161825060844421,
                    -0.6532812118530273,
                    -2.633460760116577
                ],
                [
                    0.0,
                    0.7274606227874756,
                    -0.6861494183540344,
                    -2.7659568786621094
                ],
                [
                    0.0,
                    0.0,
                    0.0,
                    1.0
                ]
            ]
        },
        {
            "file_path": "/data/shapenet_blender/all_50_random/02958343/e9b2aebf673e516d1f0d59cde6139796/r_14",
            "rotation": 0.12566370614359174,
            "transform_matrix": [
                [
                    -0.8245306015014648,
                    0.34990060329437256,
                    0.4446559250354767,
                    1.7924654483795166
                ],
                [
                    0.5658173561096191,
                    0.5098884105682373,
                    0.6479694247245789,
                    2.612048625946045
                ],
                [
                    -1.4901161193847656e-08,
                    0.7858647108078003,
                    -0.6183983087539673,
                    -2.4928436279296875
                ],
                [
                    0.0,
                    0.0,
                    0.0,
                    1.0
                ]
            ]
        },
        {
            "file_path": "/data/shapenet_blender/all_50_random/02958343/e9b2aebf673e516d1f0d59cde6139796/r_15",
            "rotation": 0.12566370614359174,
            "transform_matrix": [
                [
                    -0.905407726764679,
                    -0.2982414960861206,
                    -0.3021402060985565,
                    -1.2179661989212036
                ],
                [
                    -0.42454293370246887,
                    0.6360490918159485,
                    0.6443637609481812,
                    2.5975136756896973
                ],
                [
                    0.0,
                    0.711683452129364,
                    -0.7025001049041748,
                    -2.8318686485290527
                ],
                [
                    0.0,
                    0.0,
                    0.0,
                    1.0
                ]
            ]
        },
        {
            "file_path": "/data/shapenet_blender/all_50_random/02958343/e9b2aebf673e516d1f0d59cde6139796/r_16",
            "rotation": 0.12566370614359174,
            "transform_matrix": [
                [
                    -0.9961124658584595,
                    0.07849559187889099,
                    -0.039981354027986526,
                    -0.16116999089717865
                ],
                [
                    -0.08809124678373337,
                    -0.8876073360443115,
                    0.452098548412323,
                    1.822467565536499
                ],
                [
                    0.0,
                    0.4538630247116089,
                    0.8910714387893677,
                    3.5920238494873047
                ],
                [
                    0.0,
                    0.0,
                    0.0,
                    1.0
                ]
            ]
        },
        {
            "file_path": "/data/shapenet_blender/all_50_random/02958343/e9b2aebf673e516d1f0d59cde6139796/r_17",
            "rotation": 0.12566370614359174,
            "transform_matrix": [
                [
                    0.7636496424674988,
                    0.3530012369155884,
                    0.5405824184417725,
                    2.1791574954986572
                ],
                [
                    0.6456308364868164,
                    -0.4175284504890442,
                    -0.6393986940383911,
                    -2.5774986743927
                ],
                [
                    1.4901161193847656e-08,
                    0.8372932076454163,
                    -0.5467539429664612,
                    -2.204035758972168
                ],
                [
                    0.0,
                    0.0,
                    0.0,
                    1.0
                ]
            ]
        },
        {
            "file_path": "/data/shapenet_blender/all_50_random/02958343/e9b2aebf673e516d1f0d59cde6139796/r_18",
            "rotation": 0.12566370614359174,
            "transform_matrix": [
                [
                    -0.9343516826629639,
                    0.0006033517420291901,
                    0.35635173320770264,
                    1.4364995956420898
                ],
                [
                    0.35635221004486084,
                    0.0015819817781448364,
                    0.9343504309654236,
                    3.766486644744873
                ],
                [
                    0.0,
                    0.9999985098838806,
                    -0.0016931334976106882,
                    -0.006825238466262817
                ],
                [
                    0.0,
                    0.0,
                    0.0,
                    1.0
                ]
            ]
        },
        {
            "file_path": "/data/shapenet_blender/all_50_random/02958343/e9b2aebf673e516d1f0d59cde6139796/r_19",
            "rotation": 0.12566370614359174,
            "transform_matrix": [
                [
                    -0.44361838698387146,
                    0.23064927756786346,
                    -0.8660274744033813,
                    -3.4910686016082764
                ],
                [
                    -0.8962157964706421,
                    -0.11416921019554138,
                    0.42867541313171387,
                    1.72804594039917
                ],
                [
                    0.0,
                    0.9663158655166626,
                    0.2573590874671936,
                    1.0374478101730347
                ],
                [
                    0.0,
                    0.0,
                    0.0,
                    1.0
                ]
            ]
        },
        {
            "file_path": "/data/shapenet_blender/all_50_random/02958343/e9b2aebf673e516d1f0d59cde6139796/r_20",
            "rotation": 0.12566370614359174,
            "transform_matrix": [
                [
                    -0.3031981289386749,
                    -0.6532909274101257,
                    -0.6937447190284729,
                    -2.796574592590332
                ],
                [
                    -0.9529276490211487,
                    0.20786109566688538,
                    0.22073251008987427,
                    0.8898012638092041
                ],
                [
                    -1.4901162970204496e-08,
                    0.7280142903327942,
                    -0.6855619549751282,
                    -2.7635889053344727
                ],
                [
                    0.0,
                    0.0,
                    0.0,
                    1.0
                ]
            ]
        },
        {
            "file_path": "/data/shapenet_blender/all_50_random/02958343/e9b2aebf673e516d1f0d59cde6139796/r_21",
            "rotation": 0.12566370614359174,
            "transform_matrix": [
                [
                    -0.988869845867157,
                    0.07332758605480194,
                    0.1294592022895813,
                    0.5218667984008789
                ],
                [
                    0.1487838327884674,
                    0.48736101388931274,
                    0.8604315519332886,
                    3.468510866165161
                ],
                [
                    0.0,
                    0.8701161742210388,
                    -0.4928465187549591,
                    -1.9867279529571533
                ],
                [
                    0.0,
                    0.0,
                    0.0,
                    1.0
                ]
            ]
        },
        {
            "file_path": "/data/shapenet_blender/all_50_random/02958343/e9b2aebf673e516d1f0d59cde6139796/r_22",
            "rotation": 0.12566370614359174,
            "transform_matrix": [
                [
                    0.9816005229949951,
                    0.055144648998975754,
                    0.18280984461307526,
                    0.7369299530982971
                ],
                [
                    0.19094596803188324,
                    -0.2834834158420563,
                    -0.9397749304771423,
                    -3.788353443145752
                ],
                [
                    0.0,
                    0.9573902487754822,
                    -0.28879714012145996,
                    -1.1641783714294434
                ],
                [
                    0.0,
                    0.0,
                    0.0,
                    1.0
                ]
            ]
        },
        {
            "file_path": "/data/shapenet_blender/all_50_random/02958343/e9b2aebf673e516d1f0d59cde6139796/r_23",
            "rotation": 0.12566370614359174,
            "transform_matrix": [
                [
                    0.44172289967536926,
                    0.008781226351857185,
                    -0.8971084952354431,
                    -3.6163601875305176
                ],
                [
                    -0.897151529788971,
                    0.004323537927120924,
                    -0.4417017102241516,
                    -1.7805566787719727
                ],
                [
                    0.0,
                    0.9999520778656006,
                    0.009787896648049355,
                    0.03945627808570862
                ],
                [
                    0.0,
                    0.0,
                    0.0,
                    1.0
                ]
            ]
        },
        {
            "file_path": "/data/shapenet_blender/all_50_random/02958343/e9b2aebf673e516d1f0d59cde6139796/r_24",
            "rotation": 0.12566370614359174,
            "transform_matrix": [
                [
                    -0.6355805397033691,
                    0.16562990844249725,
                    0.7540584206581116,
                    3.0397067070007324
                ],
                [
                    0.7720345258712769,
                    0.1363554745912552,
                    0.6207816004753113,
                    2.502450704574585
                ],
                [
                    7.450580152834618e-09,
                    0.9767158627510071,
                    -0.21453692018985748,
                    -0.864825963973999
                ],
                [
                    0.0,
                    0.0,
                    0.0,
                    1.0
                ]
            ]
        },
        {
            "file_path": "/data/shapenet_blender/all_50_random/02958343/e9b2aebf673e516d1f0d59cde6139796/r_25",
            "rotation": 0.12566370614359174,
            "transform_matrix": [
                [
                    0.6587852835655212,
                    0.02781691588461399,
                    -0.7518165111541748,
                    -3.0306694507598877
                ],
                [
                    -0.7523309588432312,
                    0.024358127266168594,
                    -0.6583347916603088,
                    -2.65383243560791
                ],
                [
                    0.0,
                    0.9993161559104919,
                    0.03697430342435837,
                    0.14904817938804626
                ],
                [
                    0.0,
                    0.0,
                    0.0,
                    1.0
                ]
            ]
        },
        {
            "file_path": "/data/shapenet_blender/all_50_random/02958343/e9b2aebf673e516d1f0d59cde6139796/r_26",
            "rotation": 0.12566370614359174,
            "transform_matrix": [
                [
                    -0.9323394894599915,
                    -0.09256552904844284,
                    -0.3495349586009979,
                    -1.4090204238891602
                ],
                [
                    -0.3615841269493103,
                    0.2386789172887802,
                    0.9012709259986877,
                    3.633139133453369
                ],
                [
                    7.450580152834618e-09,
                    0.9666767716407776,
                    -0.25599998235702515,
                    -1.0319689512252808
                ],
                [
                    0.0,
                    0.0,
                    0.0,
                    1.0
                ]
            ]
        },
        {
            "file_path": "/data/shapenet_blender/all_50_random/02958343/e9b2aebf673e516d1f0d59cde6139796/r_27",
            "rotation": 0.12566370614359174,
            "transform_matrix": [
                [
                    -0.31410107016563416,
                    -0.5789122581481934,
                    0.7524633407592773,
                    3.0332767963409424
                ],
                [
                    0.9493895769119263,
                    -0.19153040647506714,
                    0.24894894659519196,
                    1.0035452842712402
                ],
                [
                    1.4901161193847656e-08,
                    0.792576014995575,
                    0.6097731590270996,
                    2.4580743312835693
                ],
                [
                    0.0,
                    0.0,
                    0.0,
                    1.0
                ]
            ]
        },
        {
            "file_path": "/data/shapenet_blender/all_50_random/02958343/e9b2aebf673e516d1f0d59cde6139796/r_28",
            "rotation": 0.12566370614359174,
            "transform_matrix": [
                [
                    0.9938187003135681,
                    0.03397005423903465,
                    0.10569065064191818,
                    0.42605262994766235
                ],
                [
                    0.1110156700015068,
                    -0.3041018843650818,
                    -0.9461488127708435,
                    -3.8140478134155273
                ],
                [
                    -3.725290298461914e-09,
                    0.9520336985588074,
                    -0.30599331855773926,
                    -1.2334985733032227
                ],
                [
                    0.0,
                    0.0,
                    0.0,
                    1.0
                ]
            ]
        },
        {
            "file_path": "/data/shapenet_blender/all_50_random/02958343/e9b2aebf673e516d1f0d59cde6139796/r_29",
            "rotation": 0.12566370614359174,
            "transform_matrix": [
                [
                    -0.2365221381187439,
                    0.4845298230648041,
                    -0.8421924114227295,
                    -3.394986152648926
                ],
                [
                    -0.9716261625289917,
                    -0.11794869601726532,
                    0.2050141990184784,
                    0.8264386653900146
                ],
                [
                    -7.450581485102248e-09,
                    0.8667864203453064,
                    0.49867936968803406,
                    2.0102407932281494
                ],
                [
                    0.0,
                    0.0,
                    0.0,
                    1.0
                ]
            ]
        },
        {
            "file_path": "/data/shapenet_blender/all_50_random/02958343/e9b2aebf673e516d1f0d59cde6139796/r_30",
            "rotation": 0.12566370614359174,
            "transform_matrix": [
                [
                    0.3057894706726074,
                    0.5933321714401245,
                    -0.7446138858795166,
                    -3.0016345977783203
                ],
                [
                    -0.9520991444587708,
                    0.19056285917758942,
                    -0.23915059864521027,
                    -0.9640468955039978
                ],
                [
                    1.4901159417490817e-08,
                    0.7820760011672974,
                    0.6231831312179565,
                    2.512131452560425
                ],
                [
                    0.0,
                    0.0,
                    0.0,
                    1.0
                ]
            ]
        },
        {
            "file_path": "/data/shapenet_blender/all_50_random/02958343/e9b2aebf673e516d1f0d59cde6139796/r_31",
            "rotation": 0.12566370614359174,
            "transform_matrix": [
                [
                    -0.5260843634605408,
                    0.5232504606246948,
                    -0.6704058647155762,
                    -2.7024927139282227
                ],
                [
                    -0.8504323959350586,
                    -0.32368695735931396,
                    0.41471850872039795,
                    1.6717839241027832
                ],
                [
                    1.4901161193847656e-08,
                    0.7883118391036987,
                    0.6152758002281189,
                    2.4802563190460205
                ],
                [
                    0.0,
                    0.0,
                    0.0,
                    1.0
                ]
            ]
        },
        {
            "file_path": "/data/shapenet_blender/all_50_random/02958343/e9b2aebf673e516d1f0d59cde6139796/r_32",
            "rotation": 0.12566370614359174,
            "transform_matrix": [
                [
                    0.6525759696960449,
                    -0.2648594379425049,
                    -0.7099254131317139,
                    -2.8618009090423584
                ],
                [
                    -0.757723331451416,
                    -0.2281055748462677,
                    -0.6114108562469482,
                    -2.4646759033203125
                ],
                [
                    0.0,
                    0.936919093132019,
                    -0.3495463728904724,
                    -1.4090665578842163
                ],
                [
                    0.0,
                    0.0,
                    0.0,
                    1.0
                ]
            ]
        },
        {
            "file_path": "/data/shapenet_blender/all_50_random/02958343/e9b2aebf673e516d1f0d59cde6139796/r_33",
            "rotation": 0.12566370614359174,
            "transform_matrix": [
                [
                    0.5315428972244263,
                    0.3511043190956116,
                    0.7708357572555542,
                    3.1073386669158936
                ],
                [
                    0.8470314145088196,
                    -0.22033067047595978,
                    -0.483727365732193,
                    -1.9499675035476685
                ],
                [
                    0.0,
                    0.9100440144538879,
                    -0.4145115613937378,
                    -1.6709496974945068
                ],
                [
                    0.0,
                    0.0,
                    0.0,
                    1.0
                ]
            ]
        },
        {
            "file_path": "/data/shapenet_blender/all_50_random/02958343/e9b2aebf673e516d1f0d59cde6139796/r_34",
            "rotation": 0.12566370614359174,
            "transform_matrix": [
                [
                    -0.9988328814506531,
                    -0.03253519907593727,
                    -0.03569827601313591,
                    -0.14390435814857483
                ],
                [
                    -0.04830016940832138,
                    0.6728180646896362,
                    0.7382295727729797,
                    2.975898504257202
                ],
                [
                    -1.862645149230957e-09,
                    0.7390921711921692,
                    -0.6736042499542236,
                    -2.715385675430298
                ],
                [
                    0.0,
                    0.0,
                    0.0,
                    1.0
                ]
            ]
        },
        {
            "file_path": "/data/shapenet_blender/all_50_random/02958343/e9b2aebf673e516d1f0d59cde6139796/r_35",
            "rotation": 0.12566370614359174,
            "transform_matrix": [
                [
                    0.5750192999839783,
                    -0.15918216109275818,
                    0.8025046586990356,
                    3.234999895095825
                ],
                [
                    0.8181398510932922,
                    0.11187919229269028,
                    -0.5640303492546082,
                    -2.273679256439209
                ],
                [
                    0.0,
                    0.9808893799781799,
                    0.19456595182418823,
                    0.7843204736709595
                ],
                [
                    0.0,
                    0.0,
                    0.0,
                    1.0
                ]
            ]
        },
        {
            "file_path": "/data/shapenet_blender/all_50_random/02958343/e9b2aebf673e516d1f0d59cde6139796/r_36",
            "rotation": 0.12566370614359174,
            "transform_matrix": [
                [
                    -0.9190102815628052,
                    -0.06628631055355072,
                    0.38862115144729614,
                    1.5665817260742188
                ],
                [
                    0.3942337930202484,
                    -0.15452201664447784,
                    0.9059264659881592,
                    3.6519060134887695
                ],
                [
                    0.0,
                    0.9857631325721741,
                    0.16813963651657104,
                    0.677792489528656
                ],
                [
                    0.0,
                    0.0,
                    0.0,
                    1.0
                ]
            ]
        },
        {
            "file_path": "/data/shapenet_blender/all_50_random/02958343/e9b2aebf673e516d1f0d59cde6139796/r_37",
            "rotation": 0.12566370614359174,
            "transform_matrix": [
                [
                    0.07727591693401337,
                    -0.3415175676345825,
                    -0.9366931915283203,
                    -3.7759311199188232
                ],
                [
                    -0.9970097541809082,
                    -0.026470238342881203,
                    -0.07260092347860336,
                    -0.29266369342803955
                ],
                [
                    -1.862645149230957e-09,
                    0.9395025372505188,
                    -0.3425418734550476,
                    -1.3808304071426392
                ],
                [
                    0.0,
                    0.0,
                    0.0,
                    1.0
                ]
            ]
        },
        {
            "file_path": "/data/shapenet_blender/all_50_random/02958343/e9b2aebf673e516d1f0d59cde6139796/r_38",
            "rotation": 0.12566370614359174,
            "transform_matrix": [
                [
                    0.5077466368675232,
                    0.09853217005729675,
                    -0.8558533191680908,
                    -3.45005464553833
                ],
                [
                    -0.8615065217018127,
                    0.05807197093963623,
                    -0.5044147968292236,
                    -2.0333609580993652
                ],
                [
                    7.450580596923828e-09,
                    0.9934380054473877,
                    0.11437195539474487,
                    0.46104803681373596
                ],
                [
                    0.0,
                    0.0,
                    0.0,
                    1.0
                ]
            ]
        },
        {
            "file_path": "/data/shapenet_blender/all_50_random/02958343/e9b2aebf673e516d1f0d59cde6139796/r_39",
            "rotation": 0.12566370614359174,
            "transform_matrix": [
                [
                    -0.5098674893379211,
                    0.750493049621582,
                    0.42047014832496643,
                    1.6949694156646729
                ],
                [
                    0.8602529764175415,
                    0.4448133409023285,
                    0.24921047687530518,
                    1.0045995712280273
                ],
                [
                    0.0,
                    0.4887751042842865,
                    -0.8724098205566406,
                    -3.516796588897705
                ],
                [
                    0.0,
                    0.0,
                    0.0,
                    1.0
                ]
            ]
        },
        {
            "file_path": "/data/shapenet_blender/all_50_random/02958343/e9b2aebf673e516d1f0d59cde6139796/r_40",
            "rotation": 0.12566370614359174,
            "transform_matrix": [
                [
                    0.9371324777603149,
                    0.02092776447534561,
                    -0.3483453691005707,
                    -1.4042251110076904
                ],
                [
                    -0.34897345304489136,
                    0.05619937554001808,
                    -0.9354459047317505,
                    -3.7709031105041504
                ],
                [
                    0.0,
                    0.9982001185417175,
                    0.05996950343251228,
                    0.24174480140209198
                ],
                [
                    0.0,
                    0.0,
                    0.0,
                    1.0
                ]
            ]
        },
        {
            "file_path": "/data/shapenet_blender/all_50_random/02958343/e9b2aebf673e516d1f0d59cde6139796/r_41",
            "rotation": 0.12566370614359174,
            "transform_matrix": [
                [
                    -0.46981582045555115,
                    -0.37432608008384705,
                    0.7994705438613892,
                    3.222768783569336
                ],
                [
                    0.8827645778656006,
                    -0.1992199420928955,
                    0.42548590898513794,
                    1.7151885032653809
                ],
                [
