{
    "class": "02958343",
    "model": "a5c969e3401228d2c92e66330b5ca173",
    "remove_doubles": true,
    "edge_split": true,
    "denoise": true,
    "camera_angle_x": 0.6911112070083618,
    "scale_factor": 2.233713420534508,
    "hdri_file": "/data/IndoorHDRDataset2018/AG8A8647-98ef69a8ba.exr",
    "center_offset": [
        0.0,
        0.0,
        0.0
    ],
    "lights": [],
    "frames": [
        {
            "file_path": "/data/shapenet_blender/all_50_random/02958343/a5c969e3401228d2c92e66330b5ca173/r_0",
            "rotation": 0.12566370614359174,
            "transform_matrix": [
                [
                    0.11392028629779816,
                    -0.2517988085746765,
                    -0.9610512852668762,
                    -3.87412166595459
                ],
                [
                    -0.9934899210929871,
                    -0.028872957453131676,
                    -0.11020065099000931,
                    -0.4442330300807953
                ],
                [
                    0.0,
                    0.9673488140106201,
                    -0.2534487843513489,
                    -1.0216847658157349
                ],
                [
                    0.0,
                    0.0,
                    0.0,
                    1.0
                ]
            ]
        },
        {
            "file_path": "/data/shapenet_blender/all_50_random/02958343/a5c969e3401228d2c92e66330b5ca173/r_1",
            "rotation": 0.12566370614359174,
            "transform_matrix": [
                [
                    0.9954696893692017,
                    -0.03719769045710564,
                    0.0875018984079361,
                    0.3527314364910126
                ],
                [
                    0.09508024156093597,
                    0.3894518315792084,
                    -0.9161260724067688,
                    -3.6930222511291504
                ],
                [
                    0.0,
                    0.920295238494873,
                    0.39122429490089417,
                    1.5770756006240845
                ],
                [
                    0.0,
                    0.0,
                    0.0,
                    1.0
                ]
            ]
        },
        {
            "file_path": "/data/shapenet_blender/all_50_random/02958343/a5c969e3401228d2c92e66330b5ca173/r_2",
            "rotation": 0.12566370614359174,
            "transform_matrix": [
                [
                    -0.9442481994628906,
                    -0.10139747709035873,
                    -0.31323161721229553,
                    -1.2626770734786987
                ],
                [
                    -0.3292347192764282,
                    0.29080888628959656,
                    0.8983510732650757,
                    3.6213691234588623
                ],
                [
                    7.450581485102248e-09,
                    0.9513929486274719,
                    -0.3079793453216553,
                    -1.241504430770874
                ],
                [
                    0.0,
                    0.0,
                    0.0,
                    1.0
                ]
            ]
        },
        {
            "file_path": "/data/shapenet_blender/all_50_random/02958343/a5c969e3401228d2c92e66330b5ca173/r_3",
            "rotation": 0.12566370614359174,
            "transform_matrix": [
                [
                    0.7830905318260193,
                    -0.34628501534461975,
                    -0.5165809988975525,
                    -2.082404851913452
                ],
                [
                    -0.6219078302383423,
                    -0.4360332787036896,
                    -0.6504656672477722,
                    -2.6221113204956055
                ],
                [
                    0.0,
                    0.8306393027305603,
                    -0.556810736656189,
                    -2.2445762157440186
                ],
                [
                    0.0,
                    0.0,
                    0.0,
                    1.0
                ]
            ]
        },
        {
            "file_path": "/data/shapenet_blender/all_50_random/02958343/a5c969e3401228d2c92e66330b5ca173/r_4",
            "rotation": 0.12566370614359174,
            "transform_matrix": [
                [
                    -0.88713139295578,
                    -0.042440980672836304,
                    -0.45956140756607056,
                    -1.8525514602661133
                ],
                [
                    -0.4615170657634735,
                    0.08158035576343536,
                    0.8833722472190857,
                    3.560987710952759
                ],
                [
                    -3.725290742551124e-09,
                    0.9957626461982727,
                    -0.09195972234010696,
                    -0.37070152163505554
                ],
                [
                    0.0,
                    0.0,
                    0.0,
                    1.0
                ]
            ]
        },
        {
            "file_path": "/data/shapenet_blender/all_50_random/02958343/a5c969e3401228d2c92e66330b5ca173/r_5",
            "rotation": 0.12566370614359174,
            "transform_matrix": [
                [
                    -0.5571872591972351,
                    -0.6625868678092957,
                    -0.5005207061767578,
                    -2.0176637172698975
                ],
                [
                    -0.8303868770599365,
                    0.4445939064025879,
                    0.33584797382354736,
                    1.353846549987793
                ],
                [
                    1.4901161193847656e-08,
                    0.602756142616272,
                    -0.7979254126548767,
                    -3.216540575027466
                ],
                [
                    0.0,
                    0.0,
                    0.0,
                    1.0
                ]
            ]
        },
        {
            "file_path": "/data/shapenet_blender/all_50_random/02958343/a5c969e3401228d2c92e66330b5ca173/r_6",
            "rotation": 0.12566370614359174,
            "transform_matrix": [
                [
                    -0.4468740224838257,
                    0.7967903017997742,
                    -0.40672948956489563,
                    -1.6395790576934814
                ],
                [
                    -0.8945968747138977,
                    -0.39801710844039917,
                    0.2031717747449875,
                    0.8190116286277771
                ],
                [
                    1.4901161193847656e-08,
                    0.4546511471271515,
                    0.890669584274292,
                    3.5904040336608887
                ],
                [
                    0.0,
                    0.0,
                    0.0,
                    1.0
                ]
            ]
        },
        {
            "file_path": "/data/shapenet_blender/all_50_random/02958343/a5c969e3401228d2c92e66330b5ca173/r_7",
            "rotation": 0.12566370614359174,
            "transform_matrix": [
                [
                    -0.1360989809036255,
                    -0.9052925109863281,
                    -0.4023957848548889,
                    -1.622109293937683
                ],
                [
                    -0.9906952381134033,
                    0.12436660379171371,
                    0.05528002977371216,
                    0.22284093499183655
                ],
                [
                    0.0,
                    0.4061751365661621,
                    -0.9137952327728271,
                    -3.683626413345337
                ],
                [
                    0.0,
                    0.0,
                    0.0,
                    1.0
                ]
            ]
        },
        {
            "file_path": "/data/shapenet_blender/all_50_random/02958343/a5c969e3401228d2c92e66330b5ca173/r_8",
            "rotation": 0.12566370614359174,
            "transform_matrix": [
                [
                    -0.7933622002601624,
                    -0.047040753066539764,
                    -0.6069297194480896,
                    -2.4466118812561035
                ],
                [
                    -0.6087499856948853,
                    0.06130654364824295,
                    0.7909899353981018,
                    3.188582420349121
                ],
                [
                    0.0,
                    0.9970098733901978,
                    -0.07727435231208801,
                    -0.3115028738975525
                ],
                [
                    0.0,
                    0.0,
                    0.0,
                    1.0
                ]
            ]
        },
        {
            "file_path": "/data/shapenet_blender/all_50_random/02958343/a5c969e3401228d2c92e66330b5ca173/r_9",
            "rotation": 0.12566370614359174,
            "transform_matrix": [
                [
                    0.23654711246490479,
                    0.38649553060531616,
                    0.8914408087730408,
                    3.593512773513794
                ],
                [
                    0.9716200828552246,
                    -0.09409481287002563,
                    -0.2170269638299942,
                    -0.8748636841773987
                ],
                [
                    0.0,
                    0.9174787998199463,
                    -0.39778465032577515,
                    -1.6035212278366089
                ],
                [
                    0.0,
                    0.0,
                    0.0,
                    1.0
                ]
            ]
        },
        {
            "file_path": "/data/shapenet_blender/all_50_random/02958343/a5c969e3401228d2c92e66330b5ca173/r_10",
            "rotation": 0.12566370614359174,
            "transform_matrix": [
                [
                    0.654274046421051,
                    -0.21110785007476807,
                    0.7261948585510254,
                    2.927385091781616
                ],
                [
                    0.7562576532363892,
                    0.18263931572437286,
                    -0.6282653212547302,
                    -2.532618522644043
                ],
                [
                    0.0,
                    0.9602479934692383,
                    0.27914807200431824,
                    1.1252819299697876
                ],
                [
                    0.0,
                    0.0,
                    0.0,
                    1.0
                ]
            ]
        },
        {
            "file_path": "/data/shapenet_blender/all_50_random/02958343/a5c969e3401228d2c92e66330b5ca173/r_11",
            "rotation": 0.12566370614359174,
            "transform_matrix": [
                [
                    0.9901861548423767,
                    0.08974240720272064,
                    -0.10713464021682739,
                    -0.4318735599517822
                ],
                [
                    -0.1397552490234375,
                    0.6358378529548645,
                    -0.7590643763542175,
                    -3.0598864555358887
                ],
                [
                    -7.450580596923828e-09,
                    0.7665876746177673,
                    0.642139732837677,
                    2.588547945022583
                ],
                [
                    0.0,
                    0.0,
                    0.0,
                    1.0
                ]
            ]
        },
        {
            "file_path": "/data/shapenet_blender/all_50_random/02958343/a5c969e3401228d2c92e66330b5ca173/r_12",
            "rotation": 0.12566370614359174,
            "transform_matrix": [
                [
                    -0.385890930891037,
                    0.13936078548431396,
                    0.9119576811790466,
                    3.6762189865112305
                ],
                [
                    0.9225444793701172,
                    0.05829319357872009,
                    0.38146257400512695,
                    1.5377248525619507
                ],
                [
                    0.0,
                    0.9885243773460388,
                    -0.15106135606765747,
                    -0.6089478135108948
                ],
                [
                    0.0,
                    0.0,
                    0.0,
                    1.0
                ]
            ]
        },
        {
            "file_path": "/data/shapenet_blender/all_50_random/02958343/a5c969e3401228d2c92e66330b5ca173/r_13",
            "rotation": 0.12566370614359174,
            "transform_matrix": [
                [
                    0.875974178314209,
                    0.06107378378510475,
                    0.47847601771354675,
                    1.9287985563278198
                ],
                [
                    0.48235809803009033,
                    -0.11091149598360062,
                    -0.8689242601394653,
                    -3.5027456283569336
                ],
                [
                    0.0,
                    0.9919519424438477,
                    -0.1266150325536728,
                    -0.5104015469551086
                ],
                [
                    0.0,
                    0.0,
                    0.0,
                    1.0
                ]
            ]
        },
        {
            "file_path": "/data/shapenet_blender/all_50_random/02958343/a5c969e3401228d2c92e66330b5ca173/r_14",
            "rotation": 0.12566370614359174,
            "transform_matrix": [
                [
                    0.9567339420318604,
                    0.26120948791503906,
                    0.12817905843257904,
                    0.5167063474655151
                ],
                [
                    0.29096436500549316,
                    -0.858895480632782,
                    -0.4214717447757721,
                    -1.6990070343017578
                ],
                [
                    0.0,
                    0.4405318796634674,
                    -0.8977369070053101,
                    -3.6188933849334717
                ],
                [
                    0.0,
                    0.0,
                    0.0,
                    1.0
                ]
            ]
        },
        {
            "file_path": "/data/shapenet_blender/all_50_random/02958343/a5c969e3401228d2c92e66330b5ca173/r_15",
            "rotation": 0.12566370614359174,
            "transform_matrix": [
                [
                    -0.7769941091537476,
                    0.39804938435554504,
                    -0.4876852035522461,
                    -1.9659218788146973
                ],
                [
                    -0.6295078992843628,
                    -0.4913075864315033,
                    0.6019440293312073,
                    2.426513910293579
                ],
                [
                    1.4901161193847656e-08,
                    0.7747085690498352,
                    0.632318377494812,
                    2.548956871032715
                ],
                [
                    0.0,
                    0.0,
                    0.0,
                    1.0
                ]
            ]
        },
        {
            "file_path": "/data/shapenet_blender/all_50_random/02958343/a5c969e3401228d2c92e66330b5ca173/r_16",
            "rotation": 0.12566370614359174,
            "transform_matrix": [
                [
                    0.18184207379817963,
                    -0.10799320042133331,
                    0.977379560470581,
                    3.939943313598633
                ],
                [
                    0.9833277463912964,
                    0.019970664754509926,
                    -0.18074209988117218,
                    -0.7285947799682617
                ],
                [
                    -1.862645149230957e-09,
                    0.9939509630203247,
                    0.10982422530651093,
                    0.4427156448364258
                ],
                [
                    0.0,
                    0.0,
                    0.0,
                    1.0
                ]
            ]
        },
        {
            "file_path": "/data/shapenet_blender/all_50_random/02958343/a5c969e3401228d2c92e66330b5ca173/r_17",
            "rotation": 0.12566370614359174,
            "transform_matrix": [
                [
                    -0.4150310754776001,
                    0.33188921213150024,
                    -0.8471119999885559,
                    -3.4148178100585938
                ],
                [
                    -0.9098072648048401,
                    -0.15139947831630707,
                    0.38643109798431396,
                    1.557753562927246
                ],
                [
                    0.0,
                    0.9310895800590515,
                    0.3647906482219696,
                    1.4705181121826172
                ],
                [
                    0.0,
                    0.0,
                    0.0,
                    1.0
                ]
            ]
        },
        {
            "file_path": "/data/shapenet_blender/all_50_random/02958343/a5c969e3401228d2c92e66330b5ca173/r_18",
            "rotation": 0.12566370614359174,
            "transform_matrix": [
                [
                    -0.9998556971549988,
                    0.00843089073896408,
                    0.014748651534318924,
                    0.05945371091365814
                ],
                [
                    0.01698830910027027,
                    0.4962044358253479,
                    0.8680394887924194,
                    3.499178886413574
                ],
                [
                    0.0,
                    0.8681648373603821,
                    -0.49627605080604553,
                    -2.0005526542663574
                ],
                [
                    0.0,
                    0.0,
                    0.0,
                    1.0
                ]
            ]
        },
        {
            "file_path": "/data/shapenet_blender/all_50_random/02958343/a5c969e3401228d2c92e66330b5ca173/r_19",
            "rotation": 0.12566370614359174,
            "transform_matrix": [
                [
                    -0.3227858245372772,
                    -0.9187995195388794,
                    0.22719286382198334,
                    0.9158437252044678
                ],
                [
                    0.9464720487594604,
                    -0.3133483827114105,
                    0.07748209685087204,
                    0.31234031915664673
                ],
                [
                    0.0,
                    0.24004167318344116,
                    0.9707624912261963,
                    3.913268804550171
                ],
                [
                    0.0,
                    0.0,
                    0.0,
                    1.0
                ]
            ]
        },
        {
            "file_path": "/data/shapenet_blender/all_50_random/02958343/a5c969e3401228d2c92e66330b5ca173/r_20",
            "rotation": 0.12566370614359174,
            "transform_matrix": [
                [
                    -0.31746363639831543,
                    0.22013165056705475,
                    -0.9223659038543701,
                    -3.7181758880615234
                ],
                [
                    -0.9482704401016235,
                    -0.0736960619688034,
                    0.30879127979278564,
                    1.2447774410247803
                ],
                [
                    0.0,
                    0.9726822972297668,
                    0.23214015364646912,
                    0.9357869029045105
                ],
                [
                    0.0,
                    0.0,
                    0.0,
                    1.0
                ]
            ]
        },
        {
            "file_path": "/data/shapenet_blender/all_50_random/02958343/a5c969e3401228d2c92e66330b5ca173/r_21",
            "rotation": 0.12566370614359174,
            "transform_matrix": [
                [
                    -0.909730851650238,
                    -0.010452816262841225,
                    -0.4150669574737549,
                    -1.6731884479522705
                ],
                [
                    -0.41519856452941895,
                    0.022902892902493477,
                    0.9094424247741699,
                    3.6660797595977783
                ],
                [
                    -9.313225746154785e-10,
                    0.9996830224990845,
                    -0.025175461545586586,
                    -0.10148552805185318
                ],
                [
                    0.0,
                    0.0,
                    0.0,
                    1.0
                ]
            ]
        },
        {
            "file_path": "/data/shapenet_blender/all_50_random/02958343/a5c969e3401228d2c92e66330b5ca173/r_22",
            "rotation": 0.12566370614359174,
            "transform_matrix": [
                [
                    0.3264353573322296,
                    0.4602198004722595,
                    0.8256135582923889,
                    3.3281543254852295
                ],
                [
                    0.9452195167541504,
                    -0.15893873572349548,
                    -0.28512895107269287,
                    -1.1493914127349854
                ],
                [
                    0.0,
                    0.8734620809555054,
                    -0.48689204454421997,
                    -1.9627243280410767
                ],
                [
                    0.0,
                    0.0,
                    0.0,
                    1.0
                ]
            ]
        },
        {
            "file_path": "/data/shapenet_blender/all_50_random/02958343/a5c969e3401228d2c92e66330b5ca173/r_23",
            "rotation": 0.12566370614359174,
            "transform_matrix": [
                [
                    -0.8530063033103943,
                    -0.17304931581020355,
                    -0.4923762083053589,
                    -1.9848319292068481
                ],
                [
                    -0.5219008326530457,
                    0.28283563256263733,
                    0.8047506213188171,
                    3.244053602218628
                ],
                [
                    -1.4901162970204496e-08,
                    0.943428635597229,
                    -0.3315751552581787,
                    -1.3366222381591797
                ],
                [
                    0.0,
                    0.0,
                    0.0,
                    1.0
                ]
            ]
        },
        {
            "file_path": "/data/shapenet_blender/all_50_random/02958343/a5c969e3401228d2c92e66330b5ca173/r_24",
            "rotation": 0.12566370614359174,
            "transform_matrix": [
                [
                    -0.9769127368927002,
                    0.014453725889325142,
                    0.21314898133277893,
                    0.8592309951782227
                ],
                [
                    0.21363846957683563,
                    0.06609310209751129,
                    0.9746744632720947,
                    3.9290382862091064
                ],
                [
                    -9.313224080820248e-10,
                    0.997708797454834,
                    -0.0676550641655922,
                    -0.27272629737854004
                ],
                [
                    0.0,
                    0.0,
                    0.0,
                    1.0
                ]
            ]
        },
        {
            "file_path": "/data/shapenet_blender/all_50_random/02958343/a5c969e3401228d2c92e66330b5ca173/r_25",
            "rotation": 0.12566370614359174,
            "transform_matrix": [
                [
                    -0.8587673902511597,
                    -0.08369658142328262,
                    -0.5054832100868225,
                    -2.037668228149414
                ],
                [
                    -0.5123655200004578,
                    0.14028246700763702,
                    0.8472321033477783,
                    3.415302038192749
                ],
                [
                    7.450580152834618e-09,
                    0.9865676164627075,
                    -0.16335326433181763,
                    -0.6584981083869934
                ],
                [
                    0.0,
                    0.0,
                    0.0,
                    1.0
                ]
            ]
        },
        {
            "file_path": "/data/shapenet_blender/all_50_random/02958343/a5c969e3401228d2c92e66330b5ca173/r_26",
            "rotation": 0.12566370614359174,
            "transform_matrix": [
                [
                    0.9820986390113831,
                    -0.008081062696874142,
                    -0.18819421529769897,
                    -0.7586351633071899
                ],
                [
                    -0.18836766481399536,
                    -0.042132504284381866,
                    -0.9811943769454956,
                    -3.9553210735321045
                ],
                [
                    0.0,
                    0.9990792870521545,
                    -0.042900487780570984,
                    -0.17293739318847656
                ],
                [
                    0.0,
                    0.0,
                    0.0,
                    1.0
                ]
            ]
        },
        {
            "file_path": "/data/shapenet_blender/all_50_random/02958343/a5c969e3401228d2c92e66330b5ca173/r_27",
            "rotation": 0.12566370614359174,
            "transform_matrix": [
                [
                    -0.6760160326957703,
                    -0.12164218723773956,
                    0.7267774343490601,
                    2.9297337532043457
                ],
                [
                    0.7368869781494141,
                    -0.11159387975931168,
                    0.6667416095733643,
                    2.6877217292785645
                ],
                [
                    7.450580596923828e-09,
                    0.9862809181213379,
                    0.16507576406002045,
                    0.6654417514801025
                ],
                [
                    0.0,
                    0.0,
                    0.0,
                    1.0
                ]
            ]
        },
        {
            "file_path": "/data/shapenet_blender/all_50_random/02958343/a5c969e3401228d2c92e66330b5ca173/r_28",
            "rotation": 0.12566370614359174,
            "transform_matrix": [
                [
                    -0.08597171306610107,
                    -0.2188824564218521,
                    0.9719564318656921,
                    3.918081760406494
                ],
                [
                    0.9962975382804871,
                    -0.018887631595134735,
                    0.08387129753828049,
                    0.338096022605896
                ],
                [
                    0.0,
                    0.975568413734436,
                    0.21969585120677948,
                    0.8856223225593567
                ],
                [
                    0.0,
                    0.0,
                    0.0,
                    1.0
                ]
            ]
        },
        {
            "file_path": "/data/shapenet_blender/all_50_random/02958343/a5c969e3401228d2c92e66330b5ca173/r_29",
            "rotation": 0.12566370614359174,
            "transform_matrix": [
                [
                    -0.43031641840934753,
                    0.3489089012145996,
                    0.8325204253196716,
                    3.355997323989868
                ],
                [
                    0.9026781320571899,
                    0.16632863879203796,
                    0.3968714773654938,
                    1.5998401641845703
                ],
                [
                    0.0,
                    0.9222782850265503,
                    -0.3865263760089874,
                    -1.5581377744674683
                ],
                [
                    0.0,
                    0.0,
                    0.0,
                    1.0
                ]
            ]
        },
        {
            "file_path": "/data/shapenet_blender/all_50_random/02958343/a5c969e3401228d2c92e66330b5ca173/r_30",
            "rotation": 0.12566370614359174,
            "transform_matrix": [
                [
                    -0.20616509020328522,
                    -0.10184464603662491,
                    -0.9732028245925903,
                    -3.9231059551239014
                ],
                [
                    -0.9785171747207642,
                    0.02145778387784958,
                    0.2050454020500183,
                    0.8265644311904907
                ],
                [
                    0.0,
                    0.9945688247680664,
                    -0.10408060252666473,
                    -0.41956233978271484
                ],
                [
                    0.0,
                    0.0,
                    0.0,
                    1.0
                ]
            ]
        },
        {
            "file_path": "/data/shapenet_blender/all_50_random/02958343/a5c969e3401228d2c92e66330b5ca173/r_31",
            "rotation": 0.12566370614359174,
            "transform_matrix": [
                [
                    0.2564530670642853,
                    -0.22751487791538239,
                    0.9393980503082275,
                    3.786834716796875
                ],
                [
                    0.9665566682815552,
                    0.060365721583366394,
                    -0.24924717843532562,
                    -1.0047475099563599
                ],
                [
                    0.0,
                    0.9719016551971436,
                    0.23538699746131897,
                    0.9488753080368042
                ],
                [
                    0.0,
                    0.0,
                    0.0,
                    1.0
                ]
            ]
        },
        {
            "file_path": "/data/shapenet_blender/all_50_random/02958343/a5c969e3401228d2c92e66330b5ca173/r_32",
            "rotation": 0.12566370614359174,
            "transform_matrix": [
                [
                    0.2862951457500458,
                    -0.44841334223747253,
                    0.8467351794242859,
                    3.4132988452911377
                ],
                [
                    0.9581415057182312,
                    0.13398705422878265,
                    -0.25300663709640503,
                    -1.0199024677276611
                ],
                [
                    0.0,
                    0.8837266564369202,
                    0.4680032432079315,
                    1.886581540107727
                ],
                [
                    0.0,
                    0.0,
                    0.0,
                    1.0
                ]
            ]
        },
        {
            "file_path": "/data/shapenet_blender/all_50_random/02958343/a5c969e3401228d2c92e66330b5ca173/r_33",
            "rotation": 0.12566370614359174,
            "transform_matrix": [
                [
                    -0.5590768456459045,
                    -0.3668278753757477,
                    -0.7435524463653564,
                    -2.9973559379577637
                ],
                [
                    -0.8291157484054565,
                    0.24735386669635773,
                    0.5013810992240906,
                    2.021131992340088
                ],
                [
                    0.0,
                    0.8968017101287842,
                    -0.4424326419830322,
                    -1.7835031747817993
                ],
                [
                    0.0,
                    0.0,
                    0.0,
                    1.0
                ]
            ]
        },
        {
            "file_path": "/data/shapenet_blender/all_50_random/02958343/a5c969e3401228d2c92e66330b5ca173/r_34",
            "rotation": 0.12566370614359174,
            "transform_matrix": [
                [
                    -0.9553241729736328,
                    -0.0033246998209506273,
                    0.2955412268638611,
                    1.1913647651672363
                ],
                [
                    0.29555991291999817,
                    -0.010746268555521965,
                    0.9552637934684753,
                    3.8507914543151855
                ],
                [
                    0.0,
                    0.9999367594718933,
                    0.011248817667365074,
                    0.04534543305635452
                ],
                [
                    0.0,
                    0.0,
                    0.0,
                    1.0
                ]
            ]
        },
        {
            "file_path": "/data/shapenet_blender/all_50_random/02958343/a5c969e3401228d2c92e66330b5ca173/r_35",
            "rotation": 0.12566370614359174,
            "transform_matrix": [
                [
                    0.26892319321632385,
                    0.7092723846435547,
                    0.6516231894493103,
                    2.626777172088623
                ],
                [
                    0.9631616473197937,
                    -0.1980351060628891,
                    -0.18193893134593964,
                    -0.7334192991256714
                ],
                [
                    1.4901162970204496e-08,
                    0.676546037197113,
                    -0.7364002466201782,
                    -2.96852445602417
                ],
                [
                    0.0,
                    0.0,
                    0.0,
                    1.0
                ]
            ]
        },
        {
            "file_path": "/data/shapenet_blender/all_50_random/02958343/a5c969e3401228d2c92e66330b5ca173/r_36",
            "rotation": 0.12566370614359174,
            "transform_matrix": [
                [
                    0.24914103746414185,
                    0.49405184388160706,
                    0.8329715132713318,
                    3.3578155040740967
                ],
                [
                    0.9684671759605408,
                    -0.1270962804555893,
                    -0.21428439021110535,
                    -0.8638080358505249
                ],
                [
                    -7.4505797087454084e-09,
                    0.8600925803184509,
                    -0.5101379156112671,
                    -2.056431770324707
                ],
                [
                    0.0,
                    0.0,
                    0.0,
                    1.0
                ]
            ]
        },
        {
            "file_path": "/data/shapenet_blender/all_50_random/02958343/a5c969e3401228d2c92e66330b5ca173/r_37",
            "rotation": 0.12566370614359174,
            "transform_matrix": [
                [
                    0.8453365564346313,
                    -0.028322646394371986,
                    0.5334828495979309,
                    2.150538206100464
                ],
                [
                    0.5342342257499695,
                    0.04481586813926697,
                    -0.8441476821899414,
                    -3.4028682708740234
                ],
                [
                    -1.862645149230957e-09,
                    0.9985937476158142,
                    0.05301541090011597,
                    0.2137119621038437
                ],
                [
                    0.0,
                    0.0,
                    0.0,
                    1.0
                ]
            ]
        },
        {
            "file_path": "/data/shapenet_blender/all_50_random/02958343/a5c969e3401228d2c92e66330b5ca173/r_38",
            "rotation": 0.12566370614359174,
            "transform_matrix": [
                [
                    0.957485020160675,
                    -0.008742800913751125,
                    -0.2883506119251251,
                    -1.1623785495758057
                ],
                [
                    -0.2884831428527832,
                    -0.029017645865678787,
                    -0.9570451974868774,
                    -3.8579726219177246
                ],
                [
                    -9.313225746154785e-10,
                    0.9995406866073608,
                    -0.03030611388385296,
                    -0.12216785550117493
                ],
                [
                    0.0,
                    0.0,
                    0.0,
                    1.0
                ]
            ]
        },
        {
            "file_path": "/data/shapenet_blender/all_50_random/02958343/a5c969e3401228d2c92e66330b5ca173/r_39",
            "rotation": 0.12566370614359174,
            "transform_matrix": [
                [
                    0.8816432952880859,
                    0.34181153774261475,
                    0.32537662982940674,
                    1.311635136604309
                ],
                [
                    0.47191643714904785,
                    -0.6385788917541504,
                    -0.607874870300293,
                    -2.4504218101501465
                ],
                [
                    0.0,
                    0.689479410648346,
                    -0.724305272102356,
                    -2.9197678565979004
                ],
                [
                    0.0,
                    0.0,
                    0.0,
                    1.0
                ]
            ]
        },
        {
            "file_path": "/data/shapenet_blender/all_50_random/02958343/a5c969e3401228d2c92e66330b5ca173/r_40",
            "rotation": 0.12566370614359174,
            "transform_matrix": [
                [
                    -0.12864485383033752,
                    0.043151333928108215,
                    0.9907513856887817,
                    3.993846893310547
                ],
                [
                    0.9916907548904419,
                    0.005597710143774748,
                    0.12852299213409424,
                    0.5180928111076355
                ],
                [
                    0.0,
                    0.999052882194519,
                    -0.043512891978025436,
                    -0.1754060983657837
                ],
                [
                    0.0,
                    0.0,
                    0.0,
                    1.0
                ]
            ]
        },
        {
            "file_path": "/data/shapenet_blender/all_50_random/02958343/a5c969e3401228d2c92e66330b5ca173/r_41",
            "rotation": 0.12566370614359174,
            "transform_matrix": [
                [
                    -0.5377576947212219,
                    0.4294150769710541,
                    0.7255475521087646,
                    2.9247758388519287
                ],
                [
                    0.8430993556976318,
                    0.2738957107067108,
                    0.4627791941165924,
                    1.8655226230621338
                ],
                [
                    0.0,
                    0.8605718612670898,
