{
    "class": "02958343",
    "model": "7d099ac5bcc09250e61b9ff60b1be412",
    "remove_doubles": true,
    "edge_split": true,
    "denoise": true,
    "camera_angle_x": 0.6911112070083618,
    "scale_factor": 2.091980232618673,
    "hdri_file": "/data/IndoorHDRDataset2018/9C4A4174-3e66726c64.exr",
    "center_offset": [
        0.0,
        0.0,
        -4.656612873077393e-10
    ],
    "lights": [],
    "frames": [
        {
            "file_path": "/data/shapenet_blender/all_50_random/02958343/7d099ac5bcc09250e61b9ff60b1be412/r_0",
            "rotation": 0.12566370614359174,
            "transform_matrix": [
                [
                    0.5331677198410034,
                    -0.5727421641349792,
                    -0.6226544380187988,
                    -2.510000467300415
                ],
                [
                    -0.8460096716880798,
                    -0.3609505295753479,
                    -0.39240598678588867,
                    -1.5818392038345337
                ],
                [
                    0.0,
                    0.7359898686408997,
                    -0.6769924759864807,
                    -2.729044198989868
                ],
                [
                    0.0,
                    0.0,
                    0.0,
                    1.0
                ]
            ]
        },
        {
            "file_path": "/data/shapenet_blender/all_50_random/02958343/7d099ac5bcc09250e61b9ff60b1be412/r_1",
            "rotation": 0.12566370614359174,
            "transform_matrix": [
                [
                    0.9856143593788147,
                    0.01031905971467495,
                    -0.16869470477104187,
                    -0.680030107498169
                ],
                [
                    -0.1690100133419037,
                    0.060177575796842575,
                    -0.9837754964828491,
                    -3.965725898742676
                ],
                [
                    0.0,
                    0.9981343150138855,
                    0.06105590611696243,
                    0.24612422287464142
                ],
                [
                    0.0,
                    0.0,
                    0.0,
                    1.0
                ]
            ]
        },
        {
            "file_path": "/data/shapenet_blender/all_50_random/02958343/7d099ac5bcc09250e61b9ff60b1be412/r_2",
            "rotation": 0.12566370614359174,
            "transform_matrix": [
                [
                    0.42398083209991455,
                    -0.6396124362945557,
                    0.641198992729187,
                    2.5847558975219727
                ],
                [
                    0.905671238899231,
                    0.2994281053543091,
                    -0.3001708388328552,
                    -1.2100273370742798
                ],
                [
                    0.0,
                    0.7079821228981018,
                    0.7062303423881531,
                    2.846905469894409
                ],
                [
                    0.0,
                    0.0,
                    0.0,
                    1.0
                ]
            ]
        },
        {
            "file_path": "/data/shapenet_blender/all_50_random/02958343/7d099ac5bcc09250e61b9ff60b1be412/r_3",
            "rotation": 0.12566370614359174,
            "transform_matrix": [
                [
                    0.19615861773490906,
                    0.42813608050346375,
                    -0.8821684718132019,
                    -3.5561349391937256
                ],
                [
                    -0.9805722236633301,
                    0.08564649522304535,
                    -0.17647342383861542,
                    -0.7113870978355408
                ],
                [
                    0.0,
                    0.8996465802192688,
                    0.4366186559200287,
                    1.7600661516189575
                ],
                [
                    0.0,
                    0.0,
                    0.0,
                    1.0
                ]
            ]
        },
        {
            "file_path": "/data/shapenet_blender/all_50_random/02958343/7d099ac5bcc09250e61b9ff60b1be412/r_4",
            "rotation": 0.12566370614359174,
            "transform_matrix": [
                [
                    -0.6320751905441284,
                    -0.4209836423397064,
                    0.6505795121192932,
                    2.6225697994232178
                ],
                [
                    0.774907112121582,
                    -0.3433873951435089,
                    0.5306638479232788,
                    2.139174461364746
                ],
                [
                    0.0,
                    0.8395580649375916,
                    0.5432698726654053,
                    2.189990997314453
                ],
                [
                    0.0,
                    0.0,
                    0.0,
                    1.0
                ]
            ]
        },
        {
            "file_path": "/data/shapenet_blender/all_50_random/02958343/7d099ac5bcc09250e61b9ff60b1be412/r_5",
            "rotation": 0.12566370614359174,
            "transform_matrix": [
                [
                    -0.991987407207489,
                    0.008376956917345524,
                    -0.12605918943881989,
                    -0.5081608295440674
                ],
                [
                    -0.1263372302055359,
                    -0.06577503681182861,
                    0.9898042678833008,
                    3.9900286197662354
                ],
                [
                    0.0,
                    0.9977993369102478,
                    0.06630631536245346,
                    0.26728931069374084
                ],
                [
                    0.0,
                    0.0,
                    0.0,
                    1.0
                ]
            ]
        },
        {
            "file_path": "/data/shapenet_blender/all_50_random/02958343/7d099ac5bcc09250e61b9ff60b1be412/r_6",
            "rotation": 0.12566370614359174,
            "transform_matrix": [
                [
                    0.11682572215795517,
                    -0.12012522667646408,
                    0.9858608245849609,
                    3.9741322994232178
                ],
                [
                    0.9931524991989136,
                    0.014130474999547005,
                    -0.1159679964184761,
                    -0.46748197078704834
                ],
                [
                    0.0,
                    0.9926581978797913,
                    0.12095346301794052,
                    0.4875790476799011
                ],
                [
                    0.0,
                    0.0,
                    0.0,
                    1.0
                ]
            ]
        },
        {
            "file_path": "/data/shapenet_blender/all_50_random/02958343/7d099ac5bcc09250e61b9ff60b1be412/r_7",
            "rotation": 0.12566370614359174,
            "transform_matrix": [
                [
                    0.8886929154396057,
                    0.19120235741138458,
                    -0.4167333245277405,
                    -1.6799057722091675
                ],
                [
                    -0.45850303769111633,
                    0.3705977201461792,
                    -0.8077328205108643,
                    -3.256075143814087
                ],
                [
                    0.0,
                    0.9088999032974243,
                    0.41701439023017883,
                    1.681038737297058
                ],
                [
                    0.0,
                    0.0,
                    0.0,
                    1.0
                ]
            ]
        },
        {
            "file_path": "/data/shapenet_blender/all_50_random/02958343/7d099ac5bcc09250e61b9ff60b1be412/r_8",
            "rotation": 0.12566370614359174,
            "transform_matrix": [
                [
                    0.9824858903884888,
                    0.0016627589939162135,
                    0.18632934987545013,
                    0.7511175870895386
                ],
                [
                    0.18633675575256348,
                    -0.008767122402787209,
                    -0.9824468493461609,
                    -3.96036958694458
                ],
                [
                    0.0,
                    0.99996018409729,
                    -0.008923406712710857,
                    -0.03597140312194824
                ],
                [
                    0.0,
                    0.0,
                    0.0,
                    1.0
                ]
            ]
        },
        {
            "file_path": "/data/shapenet_blender/all_50_random/02958343/7d099ac5bcc09250e61b9ff60b1be412/r_9",
            "rotation": 0.12566370614359174,
            "transform_matrix": [
                [
                    0.7787458300590515,
                    -0.2445189207792282,
                    -0.5777243375778198,
                    -2.328881025314331
                ],
                [
                    -0.6273394823074341,
                    -0.30353277921676636,
                    -0.7171562314033508,
                    -2.89094877243042
                ],
                [
                    -1.4901160305669237e-08,
                    0.9209116697311401,
                    -0.38977131247520447,
                    -1.5712182521820068
                ],
                [
                    0.0,
                    0.0,
                    0.0,
                    1.0
                ]
            ]
        },
        {
            "file_path": "/data/shapenet_blender/all_50_random/02958343/7d099ac5bcc09250e61b9ff60b1be412/r_10",
            "rotation": 0.12566370614359174,
            "transform_matrix": [
                [
                    0.9999781250953674,
                    -0.0008604101021774113,
                    0.0065544527024030685,
                    0.026421844959259033
                ],
                [
                    0.006610685493797064,
                    0.13015159964561462,
                    -0.9914720058441162,
                    -3.9967517852783203
                ],
                [
                    -5.8207657444020455e-11,
                    0.9914937019348145,
                    0.13015443086624146,
                    0.524669349193573
                ],
                [
                    0.0,
                    0.0,
                    0.0,
                    1.0
                ]
            ]
        },
        {
            "file_path": "/data/shapenet_blender/all_50_random/02958343/7d099ac5bcc09250e61b9ff60b1be412/r_11",
            "rotation": 0.12566370614359174,
            "transform_matrix": [
                [
                    -0.1236274242401123,
                    0.3479677438735962,
                    0.9293195009231567,
                    3.746206760406494
                ],
                [
                    0.9923287034034729,
                    0.043350912630558014,
                    0.11577753722667694,
                    0.46671417355537415
                ],
                [
                    0.0,
                    0.9365037083625793,
                    -0.35065773129463196,
                    -1.4135465621948242
                ],
                [
                    0.0,
                    0.0,
                    0.0,
                    1.0
                ]
            ]
        },
        {
            "file_path": "/data/shapenet_blender/all_50_random/02958343/7d099ac5bcc09250e61b9ff60b1be412/r_12",
            "rotation": 0.12566370614359174,
            "transform_matrix": [
                [
                    0.7636242508888245,
                    -0.07334111630916595,
                    0.641481876373291,
                    2.5858964920043945
                ],
                [
                    0.645660936832428,
                    0.0867406576871872,
                    -0.7586817145347595,
                    -3.0583441257476807
                ],
                [
                    3.725290298461914e-09,
                    0.9935276508331299,
                    0.11359075456857681,
                    0.4578990042209625
                ],
                [
                    0.0,
                    0.0,
                    0.0,
                    1.0
                ]
            ]
        },
        {
            "file_path": "/data/shapenet_blender/all_50_random/02958343/7d099ac5bcc09250e61b9ff60b1be412/r_13",
            "rotation": 0.12566370614359174,
            "transform_matrix": [
                [
                    -0.12621688842773438,
                    -0.9890130162239075,
                    0.0769573226571083,
                    0.31022489070892334
                ],
                [
                    0.9920026659965515,
                    -0.12583652138710022,
                    0.009791623800992966,
                    0.03947129845619202
                ],
                [
                    -9.313225191043273e-10,
                    0.07757740467786789,
                    0.9969862699508667,
                    4.018980026245117
                ],
                [
                    0.0,
                    0.0,
                    0.0,
                    1.0
                ]
            ]
        },
        {
            "file_path": "/data/shapenet_blender/all_50_random/02958343/7d099ac5bcc09250e61b9ff60b1be412/r_14",
            "rotation": 0.12566370614359174,
            "transform_matrix": [
                [
                    -0.9552609324455261,
                    -0.03228933364152908,
                    -0.2939968705177307,
                    -1.1851392984390259
                ],
                [
                    -0.2957647144794464,
                    0.10428808629512787,
                    0.9495511054992676,
                    3.8277628421783447
                ],
                [
                    -1.862645371275562e-09,
                    0.994022786617279,
                    -0.10917238891124725,
                    -0.4400879740715027
                ],
                [
                    0.0,
                    0.0,
                    0.0,
                    1.0
                ]
            ]
        },
        {
            "file_path": "/data/shapenet_blender/all_50_random/02958343/7d099ac5bcc09250e61b9ff60b1be412/r_15",
            "rotation": 0.12566370614359174,
            "transform_matrix": [
                [
                    0.35181376338005066,
                    -0.4444192051887512,
                    0.823843777179718,
                    3.3210206031799316
                ],
                [
                    0.9360700845718384,
                    0.16703109443187714,
                    -0.3096345067024231,
                    -1.2481765747070312
                ],
                [
                    -1.4901162970204496e-08,
                    0.8801091313362122,
                    0.4747713506221771,
                    1.9138644933700562
                ],
                [
                    0.0,
                    0.0,
                    0.0,
                    1.0
                ]
            ]
        },
        {
            "file_path": "/data/shapenet_blender/all_50_random/02958343/7d099ac5bcc09250e61b9ff60b1be412/r_16",
            "rotation": 0.12566370614359174,
            "transform_matrix": [
                [
                    -0.10739985853433609,
                    0.18972370028495789,
                    0.975945770740509,
                    3.9341633319854736
                ],
                [
                    0.9942159056663513,
                    0.020494842901825905,
                    0.10542622953653336,
                    0.42498672008514404
                ],
                [
                    0.0,
                    0.9816235303878784,
                    -0.19082747399806976,
                    -0.7692501544952393
                ],
                [
                    0.0,
                    0.0,
                    0.0,
                    1.0
                ]
            ]
        },
        {
            "file_path": "/data/shapenet_blender/all_50_random/02958343/7d099ac5bcc09250e61b9ff60b1be412/r_17",
            "rotation": 0.12566370614359174,
            "transform_matrix": [
                [
                    -0.36933133006095886,
                    0.2942373752593994,
                    -0.881486713886261,
                    -3.5533862113952637
                ],
                [
                    -0.9292978644371033,
                    -0.11693890392780304,
                    0.3503296971321106,
                    1.4122240543365479
                ],
                [
                    7.450580596923828e-09,
                    0.94855135679245,
                    0.31662335991859436,
                    1.276349425315857
                ],
                [
                    0.0,
                    0.0,
                    0.0,
                    1.0
                ]
            ]
        },
        {
            "file_path": "/data/shapenet_blender/all_50_random/02958343/7d099ac5bcc09250e61b9ff60b1be412/r_18",
            "rotation": 0.12566370614359174,
            "transform_matrix": [
                [
                    0.2771231532096863,
                    -0.7576919198036194,
                    -0.5908517241477966,
                    -2.3817992210388184
                ],
                [
                    -0.9608345031738281,
                    -0.21853291988372803,
                    -0.17041300237178802,
                    -0.6869567036628723
                ],
                [
                    0.0,
                    0.614936113357544,
                    -0.7885770797729492,
                    -3.1788554191589355
                ],
                [
                    0.0,
                    0.0,
                    0.0,
                    1.0
                ]
            ]
        },
        {
            "file_path": "/data/shapenet_blender/all_50_random/02958343/7d099ac5bcc09250e61b9ff60b1be412/r_19",
            "rotation": 0.12566370614359174,
            "transform_matrix": [
                [
                    0.7381899356842041,
                    0.11918096244335175,
                    -0.6639814972877502,
                    -2.6765949726104736
                ],
                [
                    -0.6745928525924683,
                    0.13041670620441437,
                    -0.7265781760215759,
                    -2.9289302825927734
                ],
                [
                    0.0,
                    0.984269917011261,
                    0.17667092382907867,
                    0.7121832370758057
                ],
                [
                    0.0,
                    0.0,
                    0.0,
                    1.0
                ]
            ]
        },
        {
            "file_path": "/data/shapenet_blender/all_50_random/02958343/7d099ac5bcc09250e61b9ff60b1be412/r_20",
            "rotation": 0.12566370614359174,
            "transform_matrix": [
                [
                    0.8699356317520142,
                    -0.30523496866226196,
                    -0.3873545825481415,
                    -1.5614761114120483
                ],
                [
                    -0.4931652247905731,
                    -0.5384296178817749,
                    -0.6832873225212097,
                    -2.7544188499450684
                ],
                [
                    0.0,
                    0.7854456305503845,
                    -0.6189305782318115,
                    -2.4949886798858643
                ],
                [
                    0.0,
                    0.0,
                    0.0,
                    1.0
                ]
            ]
        },
        {
            "file_path": "/data/shapenet_blender/all_50_random/02958343/7d099ac5bcc09250e61b9ff60b1be412/r_21",
            "rotation": 0.12566370614359174,
            "transform_matrix": [
                [
                    0.03527047112584114,
                    -0.6046748757362366,
                    -0.7956910729408264,
                    -3.207533359527588
                ],
                [
                    -0.9993778467178345,
                    -0.021340446546673775,
                    -0.028081871569156647,
                    -0.11320164799690247
                ],
                [
                    0.0,
                    0.7961865067481995,
                    -0.6050512790679932,
                    -2.439039707183838
                ],
                [
                    0.0,
                    0.0,
                    0.0,
                    1.0
                ]
            ]
        },
        {
            "file_path": "/data/shapenet_blender/all_50_random/02958343/7d099ac5bcc09250e61b9ff60b1be412/r_22",
            "rotation": 0.12566370614359174,
            "transform_matrix": [
                [
                    0.916874349117279,
                    0.08746305853128433,
                    0.38947591185569763,
                    1.5700277090072632
                ],
                [
                    0.399175763130188,
                    -0.20089556276798248,
                    -0.8945946097373962,
                    -3.6062264442443848
                ],
                [
                    0.0,
                    0.975700318813324,
                    -0.21910911798477173,
                    -0.8832571506500244
                ],
                [
                    0.0,
                    0.0,
                    0.0,
                    1.0
                ]
            ]
        },
        {
            "file_path": "/data/shapenet_blender/all_50_random/02958343/7d099ac5bcc09250e61b9ff60b1be412/r_23",
            "rotation": 0.12566370614359174,
            "transform_matrix": [
                [
                    -0.03074675239622593,
                    0.4965834617614746,
                    0.8674442768096924,
                    3.496779203414917
                ],
                [
                    0.9995272159576416,
                    0.015275550074875355,
                    0.026683708652853966,
                    0.10756545513868332
                ],
                [
                    0.0,
                    0.8678544759750366,
                    -0.4968184530735016,
                    -2.0027389526367188
                ],
                [
                    0.0,
                    0.0,
                    0.0,
                    1.0
                ]
            ]
        },
        {
            "file_path": "/data/shapenet_blender/all_50_random/02958343/7d099ac5bcc09250e61b9ff60b1be412/r_24",
            "rotation": 0.12566370614359174,
            "transform_matrix": [
                [
                    0.7907442450523376,
                    -0.31998881697654724,
                    -0.5218530297279358,
                    -2.103656768798828
                ],
                [
                    -0.6121465563774109,
                    -0.41334763169288635,
                    -0.674107015132904,
                    -2.717412233352661
                ],
                [
                    -1.4901160305669237e-08,
                    0.8524968028068542,
                    -0.5227323770523071,
                    -2.10720157623291
                ],
                [
                    0.0,
                    0.0,
                    0.0,
                    1.0
                ]
            ]
        },
        {
            "file_path": "/data/shapenet_blender/all_50_random/02958343/7d099ac5bcc09250e61b9ff60b1be412/r_25",
            "rotation": 0.12566370614359174,
            "transform_matrix": [
                [
                    0.24931490421295166,
                    0.9569281339645386,
                    -0.1487632840871811,
                    -0.5996840596199036
                ],
                [
                    -0.9684224724769592,
                    0.24635575711727142,
                    -0.038298267871141434,
                    -0.1543852686882019
                ],
                [
                    0.0,
                    0.15361419320106506,
                    0.9881308078765869,
                    3.983283042907715
                ],
                [
                    0.0,
                    0.0,
                    0.0,
                    1.0
                ]
            ]
        },
        {
            "file_path": "/data/shapenet_blender/all_50_random/02958343/7d099ac5bcc09250e61b9ff60b1be412/r_26",
            "rotation": 0.12566370614359174,
            "transform_matrix": [
                [
                    0.8580030202865601,
                    -0.0875234454870224,
                    0.506132960319519,
                    2.0402872562408447
                ],
                [
                    0.513644814491272,
                    0.1462009996175766,
                    -0.8454550504684448,
                    -3.4081382751464844
                ],
                [
                    -7.450580596923828e-09,
                    0.9853755235671997,
                    0.1703968197107315,
                    0.6868915557861328
                ],
                [
                    0.0,
                    0.0,
                    0.0,
                    1.0
                ]
            ]
        },
        {
            "file_path": "/data/shapenet_blender/all_50_random/02958343/7d099ac5bcc09250e61b9ff60b1be412/r_27",
            "rotation": 0.12566370614359174,
            "transform_matrix": [
                [
                    -0.8248050808906555,
                    0.2621934711933136,
                    0.5009502172470093,
                    2.019394874572754
                ],
                [
                    0.5654171705245972,
                    0.3824760317802429,
                    0.7307636141777039,
                    2.9458024501800537
                ],
                [
                    0.0,
                    0.885983407497406,
                    -0.46371689438819885,
                    -1.8693026304244995
                ],
                [
                    0.0,
                    0.0,
                    0.0,
                    1.0
                ]
            ]
        },
        {
            "file_path": "/data/shapenet_blender/all_50_random/02958343/7d099ac5bcc09250e61b9ff60b1be412/r_28",
            "rotation": 0.12566370614359174,
            "transform_matrix": [
                [
                    -0.9463652968406677,
                    -0.08654332906007767,
                    -0.31129273772239685,
                    -1.2548611164093018
                ],
                [
                    -0.32309892773628235,
                    0.2534876763820648,
                    0.9117845892906189,
                    3.6755211353302
                ],
                [
                    0.0,
                    0.9634594917297363,
                    -0.2678539752960205,
                    -1.0797538757324219
                ],
                [
                    0.0,
                    0.0,
                    0.0,
                    1.0
                ]
            ]
        },
        {
            "file_path": "/data/shapenet_blender/all_50_random/02958343/7d099ac5bcc09250e61b9ff60b1be412/r_29",
            "rotation": 0.12566370614359174,
            "transform_matrix": [
                [
                    0.8496143817901611,
                    0.3278755247592926,
                    -0.41310176253318787,
                    -1.665266513824463
                ],
                [
                    -0.5274044871330261,
                    0.5281862020492554,
                    -0.6654801368713379,
                    -2.682636260986328
                ],
                [
                    1.4901162970204496e-08,
                    0.7832730412483215,
                    0.6216776371002197,
                    2.5060627460479736
                ],
                [
                    0.0,
                    0.0,
                    0.0,
                    1.0
                ]
            ]
        },
        {
            "file_path": "/data/shapenet_blender/all_50_random/02958343/7d099ac5bcc09250e61b9ff60b1be412/r_30",
            "rotation": 0.12566370614359174,
            "transform_matrix": [
                [
                    0.6499677300453186,
                    -0.28742319345474243,
                    0.7035124897956848,
                    2.835949659347534
                ],
                [
                    0.7599618434906006,
                    0.24582262337207794,
                    -0.6016886830329895,
                    -2.4254846572875977
                ],
                [
                    0.0,
                    0.9257208108901978,
                    0.3782074451446533,
                    1.524603009223938
                ],
                [
                    0.0,
                    0.0,
                    0.0,
                    1.0
                ]
            ]
        },
        {
            "file_path": "/data/shapenet_blender/all_50_random/02958343/7d099ac5bcc09250e61b9ff60b1be412/r_31",
            "rotation": 0.12566370614359174,
            "transform_matrix": [
                [
                    -0.8946264386177063,
                    0.3369792103767395,
                    -0.29340848326683044,
                    -1.182767391204834
                ],
                [
                    -0.4468149244785309,
                    -0.6747100353240967,
                    0.5874714255332947,
                    2.368173122406006
                ],
                [
                    1.4901161193847656e-08,
                    0.6566666960716248,
                    0.7541808485984802,
                    3.0402002334594727
                ],
                [
                    0.0,
                    0.0,
                    0.0,
                    1.0
                ]
            ]
        },
        {
            "file_path": "/data/shapenet_blender/all_50_random/02958343/7d099ac5bcc09250e61b9ff60b1be412/r_32",
            "rotation": 0.12566370614359174,
            "transform_matrix": [
                [
                    0.9996781349182129,
                    0.01615935191512108,
                    0.01955377124249935,
                    0.07882377505302429
                ],
                [
                    0.025366801768541336,
                    -0.636822521686554,
                    -0.7705929279327393,
                    -3.1063594818115234
                ],
                [
                    -9.313225191043273e-10,
                    0.7708409428596497,
                    -0.6370276212692261,
                    -2.5679404735565186
                ],
                [
                    0.0,
                    0.0,
                    0.0,
                    1.0
                ]
            ]
        },
        {
            "file_path": "/data/shapenet_blender/all_50_random/02958343/7d099ac5bcc09250e61b9ff60b1be412/r_33",
            "rotation": 0.12566370614359174,
            "transform_matrix": [
                [
                    -0.9566765427589417,
                    0.12720271944999695,
                    -0.2618955969810486,
                    -1.0557347536087036
                ],
                [
                    -0.29115256667137146,
                    -0.41796597838401794,
                    0.8605433106422424,
                    3.4689605236053467
                ],
                [
                    0.0,
                    0.8995131254196167,
                    0.4368937313556671,
                    1.7611747980117798
                ],
                [
                    0.0,
                    0.0,
                    0.0,
                    1.0
                ]
            ]
        },
        {
            "file_path": "/data/shapenet_blender/all_50_random/02958343/7d099ac5bcc09250e61b9ff60b1be412/r_34",
            "rotation": 0.12566370614359174,
            "transform_matrix": [
                [
                    0.041235990822315216,
                    -0.5318813920021057,
                    0.8458141684532166,
                    3.409586191177368
                ],
                [
                    0.9991494417190552,
                    0.021951328963041306,
                    -0.03490767627954483,
                    -0.14071735739707947
                ],
                [
                    0.0,
                    0.8465340733528137,
                    0.5323342084884644,
                    2.1459081172943115
                ],
                [
                    0.0,
                    0.0,
                    0.0,
                    1.0
                ]
            ]
        },
        {
            "file_path": "/data/shapenet_blender/all_50_random/02958343/7d099ac5bcc09250e61b9ff60b1be412/r_35",
            "rotation": 0.12566370614359174,
            "transform_matrix": [
                [
                    -0.3994009494781494,
                    0.5506960153579712,
                    -0.7329479455947876,
                    -2.9546077251434326
                ],
                [
                    -0.9167764782905579,
                    -0.23991510272026062,
                    0.3193145990371704,
                    1.2871983051300049
                ],
                [
                    0.0,
                    0.7994838953018188,
                    0.6006874442100525,
                    2.4214484691619873
                ],
                [
                    0.0,
                    0.0,
                    0.0,
                    1.0
                ]
            ]
        },
        {
            "file_path": "/data/shapenet_blender/all_50_random/02958343/7d099ac5bcc09250e61b9ff60b1be412/r_36",
            "rotation": 0.12566370614359174,
            "transform_matrix": [
                [
                    -0.8191707134246826,
                    0.03219098970293999,
                    -0.5726457238197327,
                    -2.308408737182617
                ],
                [
                    -0.5735498070716858,
                    -0.045976683497428894,
                    0.8178794384002686,
                    3.2969775199890137
                ],
                [
                    -1.862645149230957e-09,
                    0.9984237551689148,
                    0.056125886738300323,
                    0.22625069320201874
                ],
                [
                    0.0,
                    0.0,
                    0.0,
                    1.0
                ]
            ]
        },
        {
            "file_path": "/data/shapenet_blender/all_50_random/02958343/7d099ac5bcc09250e61b9ff60b1be412/r_37",
            "rotation": 0.12566370614359174,
            "transform_matrix": [
                [
                    -0.9679627418518066,
                    -0.19426235556602478,
                    0.15909229218959808,
                    0.6413215398788452
                ],
                [
                    0.2510940730571747,
                    -0.7488775849342346,
                    0.613297700881958,
                    2.4722821712493896
                ],
                [
                    0.0,
                    0.6335963606834412,
                    0.7736636996269226,
                    3.1187381744384766
                ],
                [
                    0.0,
                    0.0,
                    0.0,
                    1.0
                ]
            ]
        },
        {
            "file_path": "/data/shapenet_blender/all_50_random/02958343/7d099ac5bcc09250e61b9ff60b1be412/r_38",
            "rotation": 0.12566370614359174,
            "transform_matrix": [
                [
                    0.742158830165863,
                    0.44996631145477295,
                    0.49671968817710876,
                    2.0023412704467773
                ],
                [
                    0.6702240109443665,
                    -0.4982610046863556,
                    -0.550032377243042,
                    -2.217251777648926
                ],
                [
                    0.0,
                    0.7411249279975891,
                    -0.6713669896125793,
                    -2.706367254257202
                ],
                [
                    0.0,
                    0.0,
                    0.0,
                    1.0
                ]
            ]
        },
        {
            "file_path": "/data/shapenet_blender/all_50_random/02958343/7d099ac5bcc09250e61b9ff60b1be412/r_39",
            "rotation": 0.12566370614359174,
            "transform_matrix": [
                [
                    -0.943571150302887,
                    -0.04266953840851784,
                    0.32840967178344727,
                    1.323861837387085
                ],
                [
                    0.33117008209228516,
                    -0.12157421559095383,
                    0.9357061386108398,
                    3.7719523906707764
                ],
                [
                    0.0,
                    0.991664707660675,
                    0.12884478271007538,
                    0.5193899869918823
                ],
                [
                    0.0,
                    0.0,
                    0.0,
                    1.0
                ]
            ]
        },
        {
            "file_path": "/data/shapenet_blender/all_50_random/02958343/7d099ac5bcc09250e61b9ff60b1be412/r_40",
            "rotation": 0.12566370614359174,
            "transform_matrix": [
                [
                    0.3148626387119293,
                    0.39769911766052246,
                    -0.8617985844612122,
                    -3.4740214347839355
                ],
                [
                    -0.949137270450592,
                    0.13193096220493317,
                    -0.28588929772377014,
                    -1.1524567604064941
                ],
                [
                    -7.450580596923828e-09,
                    0.9079810380935669,
                    0.4190111458301544,
                    1.6890881061553955
                ],
                [
                    0.0,
                    0.0,
                    0.0,
                    1.0
                ]
            ]
        },
        {
            "file_path": "/data/shapenet_blender/all_50_random/02958343/7d099ac5bcc09250e61b9ff60b1be412/r_41",
            "rotation": 0.12566370614359174,
            "transform_matrix": [
                [
                    0.9712705612182617,
                    0.19687430560588837,
                    0.13369382917881012,
                    0.5389370918273926
                ],
                [
                    0.237977996468544,
                    -0.8035121560096741,
                    -0.5456507802009583,
                    -2.1995885372161865
                ],
                [
                    0.0,
                    0.5617907047271729,
                    -0.8272793889045715,
