{
    "class": "02958343",
    "model": "8ee2dfd1460eded9473f10e6caaeca56",
    "remove_doubles": true,
    "edge_split": true,
    "denoise": true,
    "camera_angle_x": 0.6911112070083618,
    "scale_factor": 2.3233849275926692,
    "hdri_file": "/data/IndoorHDRDataset2018/AG8A7639-8c28e060cd.exr",
    "center_offset": [
        0.0,
        -5.587935447692871e-09,
        0.0
    ],
    "lights": [],
    "frames": [
        {
            "file_path": "/data/shapenet_blender/all_50_random/02958343/8ee2dfd1460eded9473f10e6caaeca56/r_0",
            "rotation": 0.12566370614359174,
            "transform_matrix": [
                [
                    -0.7466334104537964,
                    0.07807163149118423,
                    0.660638689994812,
                    2.663119316101074
                ],
                [
                    0.665235698223114,
                    0.08762441575527191,
                    0.741473913192749,
                    2.98897647857666
                ],
                [
                    0.0,
                    0.9930894374847412,
                    -0.11735938489437103,
                    -0.4730907678604126
                ],
                [
                    0.0,
                    0.0,
                    0.0,
                    1.0
                ]
            ]
        },
        {
            "file_path": "/data/shapenet_blender/all_50_random/02958343/8ee2dfd1460eded9473f10e6caaeca56/r_1",
            "rotation": 0.12566370614359174,
            "transform_matrix": [
                [
                    -0.9894679188728333,
                    -0.006224298384040594,
                    0.14461837708950043,
                    0.5829753279685974
                ],
                [
                    0.14475224912166595,
                    -0.04254679009318352,
                    0.9885527491569519,
                    3.9849836826324463
                ],
                [
                    9.313225746154785e-10,
                    0.9990749955177307,
                    0.042999666184186935,
                    0.1733371913433075
                ],
                [
                    0.0,
                    0.0,
                    0.0,
                    1.0
                ]
            ]
        },
        {
            "file_path": "/data/shapenet_blender/all_50_random/02958343/8ee2dfd1460eded9473f10e6caaeca56/r_2",
            "rotation": 0.12566370614359174,
            "transform_matrix": [
                [
                    0.9869605898857117,
                    0.11293096095323563,
                    0.11469674110412598,
                    0.4623572826385498
                ],
                [
                    0.16096191108226776,
                    -0.6924520134925842,
                    -0.7032791376113892,
                    -2.8350086212158203
                ],
                [
                    0.0,
                    0.7125705480575562,
                    -0.7016004323959351,
                    -2.8282415866851807
                ],
                [
                    0.0,
                    0.0,
                    0.0,
                    1.0
                ]
            ]
        },
        {
            "file_path": "/data/shapenet_blender/all_50_random/02958343/8ee2dfd1460eded9473f10e6caaeca56/r_3",
            "rotation": 0.12566370614359174,
            "transform_matrix": [
                [
                    0.7414360046386719,
                    0.6583491563796997,
                    0.12980371713638306,
                    0.5232555270195007
                ],
                [
                    0.6710236072540283,
                    -0.72743159532547,
                    -0.143424391746521,
                    -0.5781621932983398
                ],
                [
                    0.0,
                    0.19344133138656616,
                    -0.9811118245124817,
                    -3.9549882411956787
                ],
                [
                    0.0,
                    0.0,
                    0.0,
                    1.0
                ]
            ]
        },
        {
            "file_path": "/data/shapenet_blender/all_50_random/02958343/8ee2dfd1460eded9473f10e6caaeca56/r_4",
            "rotation": 0.12566370614359174,
            "transform_matrix": [
                [
                    0.3406035602092743,
                    -0.8649628758430481,
                    -0.36854875087738037,
                    -1.4856675863265991
                ],
                [
                    -0.9402070045471191,
                    -0.3133452832698822,
                    -0.13351210951805115,
                    -0.538204550743103
                ],
                [
                    0.0,
                    0.39198678731918335,
                    -0.9199708104133606,
                    -3.7085208892822266
                ],
                [
                    0.0,
                    0.0,
                    0.0,
                    1.0
                ]
            ]
        },
        {
            "file_path": "/data/shapenet_blender/all_50_random/02958343/8ee2dfd1460eded9473f10e6caaeca56/r_5",
            "rotation": 0.12566370614359174,
            "transform_matrix": [
                [
                    0.7937384247779846,
                    -0.4751228988170624,
                    -0.3797861635684967,
                    -1.5309669971466064
                ],
                [
                    -0.6082592010498047,
                    -0.6200042366981506,
                    -0.4955960512161255,
                    -1.9978115558624268
                ],
                [
                    0.0,
                    0.6243821382522583,
                    -0.7811190485954285,
                    -3.148791551589966
                ],
                [
                    0.0,
                    0.0,
                    0.0,
                    1.0
                ]
            ]
        },
        {
            "file_path": "/data/shapenet_blender/all_50_random/02958343/8ee2dfd1460eded9473f10e6caaeca56/r_6",
            "rotation": 0.12566370614359174,
            "transform_matrix": [
                [
                    -0.044742848724126816,
                    0.05602704733610153,
                    0.9974262118339539,
                    4.020753383636475
                ],
                [
                    0.9989984631538391,
                    0.00250932271592319,
                    0.04467242956161499,
                    0.1800803244113922
                ],
                [
                    0.0,
                    0.9984261393547058,
                    -0.056083209812641144,
                    -0.22607864439487457
                ],
                [
                    0.0,
                    0.0,
                    0.0,
                    1.0
                ]
            ]
        },
        {
            "file_path": "/data/shapenet_blender/all_50_random/02958343/8ee2dfd1460eded9473f10e6caaeca56/r_7",
            "rotation": 0.12566370614359174,
            "transform_matrix": [
                [
                    -0.7554041147232056,
                    0.30936381220817566,
                    -0.577631950378418,
                    -2.3285088539123535
                ],
                [
                    -0.6552592515945435,
                    -0.3566446304321289,
                    0.6659128665924072,
                    2.684380531311035
                ],
                [
                    1.4901161193847656e-08,
                    0.8815320134162903,
                    0.472124308347702,
                    1.9031939506530762
                ],
                [
                    0.0,
                    0.0,
                    0.0,
                    1.0
                ]
            ]
        },
        {
            "file_path": "/data/shapenet_blender/all_50_random/02958343/8ee2dfd1460eded9473f10e6caaeca56/r_8",
            "rotation": 0.12566370614359174,
            "transform_matrix": [
                [
                    -0.8626011610031128,
                    -0.3821325898170471,
                    -0.3315027356147766,
                    -1.3363302946090698
                ],
                [
                    -0.5058848261833191,
                    0.6515870690345764,
                    0.5652564167976379,
                    2.2786214351654053
                ],
                [
                    0.0,
                    0.6552929878234863,
                    -0.7553747892379761,
                    -3.045013189315796
                ],
                [
                    0.0,
                    0.0,
                    0.0,
                    1.0
                ]
            ]
        },
        {
            "file_path": "/data/shapenet_blender/all_50_random/02958343/8ee2dfd1460eded9473f10e6caaeca56/r_9",
            "rotation": 0.12566370614359174,
            "transform_matrix": [
                [
                    -0.38930246233940125,
                    -0.3445332944393158,
                    0.8542484641075134,
                    3.4435856342315674
                ],
                [
                    0.9211100339889526,
                    -0.14561524987220764,
                    0.361043781042099,
                    1.455414056777954
                ],
                [
                    0.0,
                    0.9274120330810547,
                    0.3740414083003998,
                    1.5078091621398926
                ],
                [
                    0.0,
                    0.0,
                    0.0,
                    1.0
                ]
            ]
        },
        {
            "file_path": "/data/shapenet_blender/all_50_random/02958343/8ee2dfd1460eded9473f10e6caaeca56/r_10",
            "rotation": 0.12566370614359174,
            "transform_matrix": [
                [
                    0.9975726008415222,
                    0.06287399679422379,
                    -0.0299292653799057,
                    -0.12064872682094574
                ],
                [
                    -0.06963404268026352,
                    0.9007286429405212,
                    -0.42876461148262024,
                    -1.728405475616455
                ],
                [
                    0.0,
                    0.4298078417778015,
                    0.9029203653335571,
                    3.6397883892059326
                ],
                [
                    0.0,
                    0.0,
                    0.0,
                    1.0
                ]
            ]
        },
        {
            "file_path": "/data/shapenet_blender/all_50_random/02958343/8ee2dfd1460eded9473f10e6caaeca56/r_11",
            "rotation": 0.12566370614359174,
            "transform_matrix": [
                [
                    0.07793532311916351,
                    0.6839659214019775,
                    -0.7253389358520508,
                    -2.9239346981048584
                ],
                [
                    -0.9969584941864014,
                    0.053467731922864914,
                    -0.056701987981796265,
                    -0.2285730242729187
                ],
                [
                    0.0,
                    0.7275517582893372,
                    0.686052680015564,
                    2.765566825866699
                ],
                [
                    0.0,
                    0.0,
                    0.0,
                    1.0
                ]
            ]
        },
        {
            "file_path": "/data/shapenet_blender/all_50_random/02958343/8ee2dfd1460eded9473f10e6caaeca56/r_12",
            "rotation": 0.12566370614359174,
            "transform_matrix": [
                [
                    -0.7937067747116089,
                    -0.17976009845733643,
                    -0.5811333060264587,
                    -2.342623233795166
                ],
                [
                    -0.6083006262779236,
                    0.23454980552196503,
                    0.7582589983940125,
                    3.0566399097442627
                ],
                [
                    0.0,
                    0.9553390145301819,
                    -0.295511931180954,
                    -1.191246747970581
                ],
                [
                    0.0,
                    0.0,
                    0.0,
                    1.0
                ]
            ]
        },
        {
            "file_path": "/data/shapenet_blender/all_50_random/02958343/8ee2dfd1460eded9473f10e6caaeca56/r_13",
            "rotation": 0.12566370614359174,
            "transform_matrix": [
                [
                    0.8010438084602356,
                    -0.014785964973270893,
                    -0.5984230637550354,
                    -2.412320613861084
                ],
                [
                    -0.5986056923866272,
                    -0.019786322489380836,
                    -0.8007993698120117,
                    -3.22812557220459
                ],
                [
                    -9.313225746154785e-10,
                    0.99969482421875,
                    -0.024700673297047615,
                    -0.0995716005563736
                ],
                [
                    0.0,
                    0.0,
                    0.0,
                    1.0
                ]
            ]
        },
        {
            "file_path": "/data/shapenet_blender/all_50_random/02958343/8ee2dfd1460eded9473f10e6caaeca56/r_14",
            "rotation": 0.12566370614359174,
            "transform_matrix": [
                [
                    -0.8403264284133911,
                    -0.3512392044067383,
                    0.4128952622413635,
                    1.6644341945648193
                ],
                [
                    0.5420807600021362,
                    -0.544486403465271,
                    0.6400647759437561,
                    2.580183982849121
                ],
                [
                    1.4901161193847656e-08,
                    0.7616860866546631,
                    0.6479461789131165,
                    2.611954927444458
                ],
                [
                    0.0,
                    0.0,
                    0.0,
                    1.0
                ]
            ]
        },
        {
            "file_path": "/data/shapenet_blender/all_50_random/02958343/8ee2dfd1460eded9473f10e6caaeca56/r_15",
            "rotation": 0.12566370614359174,
            "transform_matrix": [
                [
                    0.9968445897102356,
                    0.007974577136337757,
                    -0.07897663116455078,
                    -0.3183649778366089
                ],
                [
                    -0.07937823235988617,
                    0.10014601796865463,
                    -0.9918012619018555,
                    -3.9980788230895996
                ],
                [
                    0.0,
                    0.9949407577514648,
                    0.10046301782131195,
                    0.4049793779850006
                ],
                [
                    0.0,
                    0.0,
                    0.0,
                    1.0
                ]
            ]
        },
        {
            "file_path": "/data/shapenet_blender/all_50_random/02958343/8ee2dfd1460eded9473f10e6caaeca56/r_16",
            "rotation": 0.12566370614359174,
            "transform_matrix": [
                [
                    0.9861271381378174,
                    -0.04289029911160469,
                    0.16035452485084534,
                    0.6464097499847412
                ],
                [
                    0.16599141061306,
                    0.2548040449619293,
                    -0.9526392817497253,
                    -3.840211868286133
                ],
                [
                    0.0,
                    0.9660409092903137,
                    0.25838860869407654,
                    1.041597843170166
                ],
                [
                    0.0,
                    0.0,
                    0.0,
                    1.0
                ]
            ]
        },
        {
            "file_path": "/data/shapenet_blender/all_50_random/02958343/8ee2dfd1460eded9473f10e6caaeca56/r_17",
            "rotation": 0.12566370614359174,
            "transform_matrix": [
                [
                    -0.9982261657714844,
                    -0.03853844478726387,
                    0.04538001865148544,
                    0.18293270468711853
                ],
                [
                    0.059536196291446686,
                    -0.6461629271507263,
                    0.7608736753463745,
                    3.0671799182891846
                ],
                [
                    -1.862645371275562e-09,
                    0.7622257471084595,
                    0.6473112106323242,
                    2.6093950271606445
                ],
                [
                    0.0,
                    0.0,
                    0.0,
                    1.0
                ]
            ]
        },
        {
            "file_path": "/data/shapenet_blender/all_50_random/02958343/8ee2dfd1460eded9473f10e6caaeca56/r_18",
            "rotation": 0.12566370614359174,
            "transform_matrix": [
                [
                    0.9972822666168213,
                    0.04016043618321419,
                    -0.06176828593015671,
                    -0.24899592995643616
                ],
                [
                    -0.0736762061715126,
                    0.5436123013496399,
                    -0.8360965251922607,
                    -3.370412826538086
                ],
                [
                    0.0,
                    0.8383749723434448,
                    0.5450937747955322,
                    2.197343349456787
                ],
                [
                    0.0,
                    0.0,
                    0.0,
                    1.0
                ]
            ]
        },
        {
            "file_path": "/data/shapenet_blender/all_50_random/02958343/8ee2dfd1460eded9473f10e6caaeca56/r_19",
            "rotation": 0.12566370614359174,
            "transform_matrix": [
                [
                    -0.8110045790672302,
                    -0.43876153230667114,
                    0.3869883120059967,
                    1.559999942779541
                ],
                [
                    0.5850399136543274,
                    -0.6082279086112976,
                    0.536457896232605,
                    2.1625311374664307
                ],
                [
                    0.0,
                    0.6614733934402466,
                    0.7499685287475586,
                    3.0232200622558594
                ],
                [
                    0.0,
                    0.0,
                    0.0,
                    1.0
                ]
            ]
        },
        {
            "file_path": "/data/shapenet_blender/all_50_random/02958343/8ee2dfd1460eded9473f10e6caaeca56/r_20",
            "rotation": 0.12566370614359174,
            "transform_matrix": [
                [
                    -0.9926964044570923,
                    0.023915641009807587,
                    0.11824530363082886,
                    0.4766620993614197
                ],
                [
                    0.12063959240913391,
                    0.19679252803325653,
                    0.9729946851730347,
                    3.922267198562622
                ],
                [
                    0.0,
                    0.9801534414291382,
                    -0.19824036955833435,
                    -0.7991325259208679
                ],
                [
                    0.0,
                    0.0,
                    0.0,
                    1.0
                ]
            ]
        },
        {
            "file_path": "/data/shapenet_blender/all_50_random/02958343/8ee2dfd1460eded9473f10e6caaeca56/r_21",
            "rotation": 0.12566370614359174,
            "transform_matrix": [
                [
                    0.9919074773788452,
                    0.04948887228965759,
                    -0.11692041903734207,
                    -0.4713212847709656
                ],
                [
                    -0.12696272134780884,
                    0.3866361975669861,
                    -0.913451075553894,
                    -3.682239055633545
                ],
                [
                    3.725290298461914e-09,
                    0.9209034442901611,
                    0.3897905945777893,
                    1.5712960958480835
                ],
                [
                    0.0,
                    0.0,
                    0.0,
                    1.0
                ]
            ]
        },
        {
            "file_path": "/data/shapenet_blender/all_50_random/02958343/8ee2dfd1460eded9473f10e6caaeca56/r_22",
            "rotation": 0.12566370614359174,
            "transform_matrix": [
                [
                    0.9760442972183228,
                    0.13294263184070587,
                    0.17223195731639862,
                    0.6942892074584961
                ],
                [
                    0.21757203340530396,
                    -0.5963904857635498,
                    -0.7726453542709351,
                    -3.114633083343506
                ],
                [
                    0.0,
                    0.7916088700294495,
                    -0.6110281348228455,
                    -2.4631330966949463
                ],
                [
                    0.0,
                    0.0,
                    0.0,
                    1.0
                ]
            ]
        },
        {
            "file_path": "/data/shapenet_blender/all_50_random/02958343/8ee2dfd1460eded9473f10e6caaeca56/r_23",
            "rotation": 0.12566370614359174,
            "transform_matrix": [
                [
                    0.9403596520423889,
                    -0.15677706897258759,
                    -0.30190202593803406,
                    -1.2170060873031616
                ],
                [
                    -0.3401821553707123,
                    -0.43337610363960266,
                    -0.8345425128936768,
                    -3.3641486167907715
                ],
                [
                    0.0,
                    0.8874717950820923,
                    -0.46086207032203674,
                    -1.8577945232391357
                ],
                [
                    0.0,
                    0.0,
                    0.0,
                    1.0
                ]
            ]
        },
        {
            "file_path": "/data/shapenet_blender/all_50_random/02958343/8ee2dfd1460eded9473f10e6caaeca56/r_24",
            "rotation": 0.12566370614359174,
            "transform_matrix": [
                [
                    -0.998405396938324,
                    0.004500709939748049,
                    0.05627113953232765,
                    0.2268362045288086
                ],
                [
                    0.056450843811035156,
                    0.07960080355405807,
                    0.9952270984649658,
                    4.01188850402832
                ],
                [
                    9.313225746154785e-10,
                    0.9968165755271912,
                    -0.07972794771194458,
                    -0.3213936388492584
                ],
                [
                    0.0,
                    0.0,
                    0.0,
                    1.0
                ]
            ]
        },
        {
            "file_path": "/data/shapenet_blender/all_50_random/02958343/8ee2dfd1460eded9473f10e6caaeca56/r_25",
            "rotation": 0.12566370614359174,
            "transform_matrix": [
                [
                    0.6423587203025818,
                    -0.292372465133667,
                    0.7084444761276245,
                    2.8558313846588135
                ],
                [
                    0.7664042115211487,
                    0.24505086243152618,
                    -0.5937800407409668,
                    -2.393604040145874
                ],
                [
                    0.0,
                    0.9243746399879456,
                    0.3814859390258789,
                    1.537819266319275
                ],
                [
                    0.0,
                    0.0,
                    0.0,
                    1.0
                ]
            ]
        },
        {
            "file_path": "/data/shapenet_blender/all_50_random/02958343/8ee2dfd1460eded9473f10e6caaeca56/r_26",
            "rotation": 0.12566370614359174,
            "transform_matrix": [
                [
                    0.2082519680261612,
                    -0.5152882933616638,
                    -0.8313295245170593,
                    -3.3511970043182373
                ],
                [
                    -0.9780752062797546,
                    -0.1097152829170227,
                    -0.17700685560703278,
                    -0.7135375142097473
                ],
                [
                    0.0,
                    0.8499649167060852,
                    -0.5268391370773315,
                    -2.1237566471099854
                ],
                [
                    0.0,
                    0.0,
                    0.0,
                    1.0
                ]
            ]
        },
        {
            "file_path": "/data/shapenet_blender/all_50_random/02958343/8ee2dfd1460eded9473f10e6caaeca56/r_27",
            "rotation": 0.12566370614359174,
            "transform_matrix": [
                [
                    -0.9980568885803223,
                    0.004205972887575626,
                    -0.0621674507856369,
                    -0.2506050169467926
                ],
                [
                    -0.062309570610523224,
                    -0.06737007945775986,
                    0.9957805275917053,
                    4.014119625091553
                ],
                [
                    0.0,
                    0.9977192282676697,
                    0.0675012469291687,
                    0.27210623025894165
                ],
                [
                    0.0,
                    0.0,
                    0.0,
                    1.0
                ]
            ]
        },
        {
            "file_path": "/data/shapenet_blender/all_50_random/02958343/8ee2dfd1460eded9473f10e6caaeca56/r_28",
            "rotation": 0.12566370614359174,
            "transform_matrix": [
                [
                    -0.3887036442756653,
                    -0.1076483428478241,
                    -0.9150527119636536,
                    -3.688694953918457
                ],
                [
                    -0.9213628172874451,
                    0.04541458189487457,
                    0.3860415518283844,
                    1.556183099746704
                ],
                [
                    0.0,
                    0.9931512475013733,
                    -0.11683601886034012,
                    -0.47098100185394287
                ],
                [
                    0.0,
                    0.0,
                    0.0,
                    1.0
                ]
            ]
        },
        {
            "file_path": "/data/shapenet_blender/all_50_random/02958343/8ee2dfd1460eded9473f10e6caaeca56/r_29",
            "rotation": 0.12566370614359174,
            "transform_matrix": [
                [
                    0.5831096768379211,
                    -0.6271709203720093,
                    0.5163716077804565,
                    2.0815608501434326
                ],
                [
                    0.8123934268951416,
                    0.45016297698020935,
                    -0.3706348240375519,
                    -1.4940768480300903
                ],
                [
                    0.0,
                    0.635617733001709,
                    0.7720038294792175,
                    3.1120474338531494
                ],
                [
                    0.0,
                    0.0,
                    0.0,
                    1.0
                ]
            ]
        },
        {
            "file_path": "/data/shapenet_blender/all_50_random/02958343/8ee2dfd1460eded9473f10e6caaeca56/r_30",
            "rotation": 0.12566370614359174,
            "transform_matrix": [
                [
                    -0.19246742129325867,
                    0.49135589599609375,
                    0.8494266867637634,
                    3.4241485595703125
                ],
                [
                    0.9813034534454346,
                    0.09637181460857391,
                    0.16660182178020477,
                    0.671593427658081
                ],
                [
                    0.0,
                    0.8656107187271118,
                    -0.5007175803184509,
                    -2.0184571743011475
                ],
                [
                    0.0,
                    0.0,
                    0.0,
                    1.0
                ]
            ]
        },
        {
            "file_path": "/data/shapenet_blender/all_50_random/02958343/8ee2dfd1460eded9473f10e6caaeca56/r_31",
            "rotation": 0.12566370614359174,
            "transform_matrix": [
                [
                    0.897678554058075,
                    -0.031129419803619385,
                    -0.4395500123500824,
                    -1.7718827724456787
                ],
                [
                    -0.44065096974372864,
                    -0.0634157583117485,
                    -0.8954357504844666,
                    -3.609616994857788
                ],
                [
                    -1.862645371275562e-09,
                    0.9975014925003052,
                    -0.07064417749643326,
                    -0.2847757935523987
                ],
                [
                    0.0,
                    0.0,
                    0.0,
                    1.0
                ]
            ]
        },
        {
            "file_path": "/data/shapenet_blender/all_50_random/02958343/8ee2dfd1460eded9473f10e6caaeca56/r_32",
            "rotation": 0.12566370614359174,
            "transform_matrix": [
                [
                    0.599445104598999,
                    0.14737428724765778,
                    0.786731481552124,
                    3.1714160442352295
                ],
                [
                    0.8004159331321716,
                    -0.11037110537290573,
                    -0.5891965627670288,
                    -2.3751273155212402
                ],
                [
                    -7.450580596923828e-09,
                    0.9829033613204956,
                    -0.18412214517593384,
                    -0.7422201037406921
                ],
                [
                    0.0,
                    0.0,
                    0.0,
                    1.0
                ]
            ]
        },
        {
            "file_path": "/data/shapenet_blender/all_50_random/02958343/8ee2dfd1460eded9473f10e6caaeca56/r_33",
            "rotation": 0.12566370614359174,
            "transform_matrix": [
                [
                    -0.839059054851532,
                    -0.3635692596435547,
                    -0.40471863746643066,
                    -1.6314730644226074
                ],
                [
                    -0.5440402030944824,
                    0.5607234239578247,
                    0.6241869926452637,
                    2.5161781311035156
                ],
                [
                    1.4901160305669237e-08,
                    0.7439130544662476,
                    -0.6682764291763306,
                    -2.693908452987671
                ],
                [
                    0.0,
                    0.0,
                    0.0,
                    1.0
                ]
            ]
        },
        {
            "file_path": "/data/shapenet_blender/all_50_random/02958343/8ee2dfd1460eded9473f10e6caaeca56/r_34",
            "rotation": 0.12566370614359174,
            "transform_matrix": [
                [
                    0.2522697448730469,
                    -0.8185871243476868,
                    -0.5160185098648071,
                    -2.080137252807617
                ],
                [
                    -0.9676569700241089,
                    -0.2134069949388504,
                    -0.13452686369419098,
                    -0.5422951579093933
                ],
                [
                    0.0,
                    0.5332660675048828,
                    -0.8459476232528687,
                    -3.4101240634918213
                ],
                [
                    0.0,
                    0.0,
                    0.0,
                    1.0
                ]
            ]
        },
        {
            "file_path": "/data/shapenet_blender/all_50_random/02958343/8ee2dfd1460eded9473f10e6caaeca56/r_35",
            "rotation": 0.12566370614359174,
            "transform_matrix": [
                [
                    -0.48297739028930664,
                    0.6186696290969849,
                    0.6196617484092712,
                    2.497936487197876
                ],
                [
                    0.8756328821182251,
                    0.34124282002449036,
                    0.3417900502681732,
                    1.3777997493743896
                ],
                [
                    0.0,
                    0.7076731324195862,
                    -0.7065399885177612,
                    -2.848153829574585
                ],
                [
                    0.0,
                    0.0,
                    0.0,
                    1.0
                ]
            ]
        },
        {
            "file_path": "/data/shapenet_blender/all_50_random/02958343/8ee2dfd1460eded9473f10e6caaeca56/r_36",
            "rotation": 0.12566370614359174,
            "transform_matrix": [
                [
                    0.9978952407836914,
                    0.03501467779278755,
                    -0.05458144471049309,
                    -0.22002485394477844
                ],
                [
                    -0.06484722346067429,
                    0.5388200283050537,
                    -0.8399212956428528,
                    -3.385831356048584
                ],
                [
                    1.862645149230957e-09,
                    0.8416929244995117,
                    0.5399564504623413,
                    2.1766343116760254
                ],
                [
                    0.0,
                    0.0,
                    0.0,
                    1.0
                ]
            ]
        },
        {
            "file_path": "/data/shapenet_blender/all_50_random/02958343/8ee2dfd1460eded9473f10e6caaeca56/r_37",
            "rotation": 0.12566370614359174,
            "transform_matrix": [
                [
                    -0.8090873956680298,
                    0.009379464201629162,
                    0.5876135230064392,
                    2.368745803833008
                ],
                [
                    0.5876883268356323,
                    0.012912977486848831,
                    0.8089843392372131,
                    3.261120080947876
                ],
                [
                    -4.6566125955216364e-10,
                    0.9998726844787598,
                    -0.015959927812218666,
                    -0.06433652341365814
                ],
                [
                    0.0,
                    0.0,
                    0.0,
                    1.0
                ]
            ]
        },
        {
            "file_path": "/data/shapenet_blender/all_50_random/02958343/8ee2dfd1460eded9473f10e6caaeca56/r_38",
            "rotation": 0.12566370614359174,
            "transform_matrix": [
                [
                    0.4266650080680847,
                    0.6657750606536865,
                    -0.6121277809143066,
                    -2.4675662517547607
                ],
                [
                    -0.9044097661972046,
                    0.31408652663230896,
                    -0.2887778580188751,
                    -1.1641008853912354
                ],
                [
                    0.0,
                    0.676825761795044,
                    0.7361431121826172,
                    2.9674880504608154
                ],
                [
                    0.0,
                    0.0,
                    0.0,
                    1.0
                ]
            ]
        },
        {
            "file_path": "/data/shapenet_blender/all_50_random/02958343/8ee2dfd1460eded9473f10e6caaeca56/r_39",
            "rotation": 0.12566370614359174,
            "transform_matrix": [
                [
                    -0.9384370446205139,
                    0.15064740180969238,
                    0.3108717203140259,
                    1.2531639337539673
                ],
                [
                    0.34545019268989563,
                    0.40924304723739624,
                    0.844502329826355,
                    3.4042978286743164
                ],
                [
                    -1.4901160305669237e-08,
                    0.8999029994010925,
                    -0.43609002232551575,
                    -1.7579351663589478
                ],
                [
                    0.0,
                    0.0,
                    0.0,
                    1.0
                ]
            ]
        },
        {
            "file_path": "/data/shapenet_blender/all_50_random/02958343/8ee2dfd1460eded9473f10e6caaeca56/r_40",
            "rotation": 0.12566370614359174,
            "transform_matrix": [
                [
                    0.9299004673957825,
                    0.017602464184165,
                    -0.3673897981643677,
                    -1.4809956550598145
                ],
                [
                    -0.3678112328052521,
                    0.04450254887342453,
                    -0.9288349151611328,
                    -3.744253396987915
                ],
                [
                    0.0,
                    0.9988542199134827,
                    0.04785732179880142,
                    0.1929190307855606
                ],
                [
                    0.0,
                    0.0,
                    0.0,
                    1.0
                ]
            ]
        },
        {
            "file_path": "/data/shapenet_blender/all_50_random/02958343/8ee2dfd1460eded9473f10e6caaeca56/r_41",
            "rotation": 0.12566370614359174,
            "transform_matrix": [
                [
                    0.580805242061615,
                    -0.029882417991757393,
                    -0.8134939670562744,
                    -3.279298782348633
                ],
                [
                    -0.8140425682067871,
                    -0.021320587024092674,
                    -0.580413818359375,
                    -2.3397226333618164
                ],
                [
                    -1.8626449271863521e-09,
                    0.9993260502815247,
                    -0.03670866787433624,
