{
    "class": "02958343",
    "model": "74b37c2f88e0ef7a469bb3d27ee3bc4e",
    "remove_doubles": true,
    "edge_split": true,
    "denoise": true,
    "camera_angle_x": 0.6911112070083618,
    "scale_factor": 2.2415944630109608,
    "hdri_file": "/data/IndoorHDRDataset2018/AG8A0573-41ce9968c7.exr",
    "center_offset": [
        0.0,
        0.0,
        -4.6566128730773926e-09
    ],
    "lights": [],
    "frames": [
        {
            "file_path": "/data/shapenet_blender/all_50_random/02958343/74b37c2f88e0ef7a469bb3d27ee3bc4e/r_0",
            "rotation": 0.12566370614359174,
            "transform_matrix": [
                [
                    -0.22122788429260254,
                    0.14533677697181702,
                    -0.9643315672874451,
                    -3.8873448371887207
                ],
                [
                    -0.9752221703529358,
                    -0.032969456166028976,
                    0.21875736117362976,
                    0.8818391561508179
                ],
                [
                    3.725290742551124e-09,
                    0.9888326525688171,
                    0.1490294188261032,
                    0.600756824016571
                ],
                [
                    0.0,
                    0.0,
                    0.0,
                    1.0
                ]
            ]
        },
        {
            "file_path": "/data/shapenet_blender/all_50_random/02958343/74b37c2f88e0ef7a469bb3d27ee3bc4e/r_1",
            "rotation": 0.12566370614359174,
            "transform_matrix": [
                [
                    -0.5845053791999817,
                    -0.06450285762548447,
                    -0.8088219165802002,
                    -3.260465383529663
                ],
                [
                    -0.8113898038864136,
                    0.04646627604961395,
                    0.5826554894447327,
                    2.348759412765503
                ],
                [
                    -3.7252898543727042e-09,
                    0.9968351721763611,
                    -0.07949674129486084,
                    -0.32046160101890564
                ],
                [
                    0.0,
                    0.0,
                    0.0,
                    1.0
                ]
            ]
        },
        {
            "file_path": "/data/shapenet_blender/all_50_random/02958343/74b37c2f88e0ef7a469bb3d27ee3bc4e/r_2",
            "rotation": 0.12566370614359174,
            "transform_matrix": [
                [
                    0.49035707116127014,
                    0.31612133979797363,
                    -0.8121682405471802,
                    -3.2739548683166504
                ],
                [
                    -0.8715216517448425,
                    0.17786403000354767,
                    -0.4569621980190277,
                    -1.8420735597610474
                ],
                [
                    1.4901161193847656e-08,
                    0.9318968057632446,
                    0.3627234697341919,
                    1.462185025215149
                ],
                [
                    0.0,
                    0.0,
                    0.0,
                    1.0
                ]
            ]
        },
        {
            "file_path": "/data/shapenet_blender/all_50_random/02958343/74b37c2f88e0ef7a469bb3d27ee3bc4e/r_3",
            "rotation": 0.12566370614359174,
            "transform_matrix": [
                [
                    -0.3071707785129547,
                    0.3779810965061188,
                    -0.8733707666397095,
                    -3.52066969871521
                ],
                [
                    -0.9516544938087463,
                    -0.12200305610895157,
                    0.2819027304649353,
                    1.1363861560821533
                ],
                [
                    0.0,
                    0.9177392721176147,
                    0.39718323945999146,
                    1.6010966300964355
                ],
                [
                    0.0,
                    0.0,
                    0.0,
                    1.0
                ]
            ]
        },
        {
            "file_path": "/data/shapenet_blender/all_50_random/02958343/74b37c2f88e0ef7a469bb3d27ee3bc4e/r_4",
            "rotation": 0.12566370614359174,
            "transform_matrix": [
                [
                    -0.23370112478733063,
                    -0.2684134840965271,
                    0.9345254898071289,
                    3.767192840576172
                ],
                [
                    0.9723085165023804,
                    -0.06451505422592163,
                    0.22461971640586853,
                    0.9054710268974304
                ],
                [
                    0.0,
                    0.9611409902572632,
                    0.2760579288005829,
                    1.1128251552581787
                ],
                [
                    0.0,
                    0.0,
                    0.0,
                    1.0
                ]
            ]
        },
        {
            "file_path": "/data/shapenet_blender/all_50_random/02958343/74b37c2f88e0ef7a469bb3d27ee3bc4e/r_5",
            "rotation": 0.12566370614359174,
            "transform_matrix": [
                [
                    -0.6283230185508728,
                    -0.4531075954437256,
                    0.6323793530464172,
                    2.5492029190063477
                ],
                [
                    0.7779526710510254,
                    -0.3659578859806061,
                    0.5107489228248596,
                    2.0588951110839844
                ],
                [
                    0.0,
                    0.8128764629364014,
                    0.5824359655380249,
                    2.347874641418457
                ],
                [
                    0.0,
                    0.0,
                    0.0,
                    1.0
                ]
            ]
        },
        {
            "file_path": "/data/shapenet_blender/all_50_random/02958343/74b37c2f88e0ef7a469bb3d27ee3bc4e/r_6",
            "rotation": 0.12566370614359174,
            "transform_matrix": [
                [
                    -0.7734657526016235,
                    0.5445699095726013,
                    0.3243367373943329,
                    1.307443380355835
                ],
                [
                    0.6338381767272949,
                    0.6645327210426331,
                    0.3957845866680145,
                    1.5954588651657104
                ],
                [
                    1.4901161193847656e-08,
                    0.511702835559845,
                    -0.8591623902320862,
                    -3.4633946418762207
                ],
                [
                    0.0,
                    0.0,
                    0.0,
                    1.0
                ]
            ]
        },
        {
            "file_path": "/data/shapenet_blender/all_50_random/02958343/74b37c2f88e0ef7a469bb3d27ee3bc4e/r_7",
            "rotation": 0.12566370614359174,
            "transform_matrix": [
                [
                    -0.4292178153991699,
                    -0.7289852499961853,
                    0.533247172832489,
                    2.1495883464813232
                ],
                [
                    0.9032011032104492,
                    -0.34642723202705383,
                    0.25340887904167175,
                    1.0215239524841309
                ],
                [
                    0.0,
                    0.5903970003128052,
                    0.8071128726005554,
                    3.2535762786865234
                ],
                [
                    0.0,
                    0.0,
                    0.0,
                    1.0
                ]
            ]
        },
        {
            "file_path": "/data/shapenet_blender/all_50_random/02958343/74b37c2f88e0ef7a469bb3d27ee3bc4e/r_8",
            "rotation": 0.12566370614359174,
            "transform_matrix": [
                [
                    -0.9679294228553772,
                    0.13966816663742065,
                    -0.20881928503513336,
                    -0.8417773246765137
                ],
                [
                    -0.2512224018573761,
                    -0.5381245017051697,
                    0.8045554161071777,
                    3.2432661056518555
                ],
                [
                    7.450581485102248e-09,
                    0.8312128186225891,
                    0.5559543967247009,
                    2.241123676300049
                ],
                [
                    0.0,
                    0.0,
                    0.0,
                    1.0
                ]
            ]
        },
        {
            "file_path": "/data/shapenet_blender/all_50_random/02958343/74b37c2f88e0ef7a469bb3d27ee3bc4e/r_9",
            "rotation": 0.12566370614359174,
            "transform_matrix": [
                [
                    0.9962479472160339,
                    -0.002373131224885583,
                    -0.0865134596824646,
                    -0.3487469553947449
                ],
                [
                    -0.08654601126909256,
                    -0.027317574247717857,
                    -0.995873212814331,
                    -4.014493465423584
                ],
                [
                    0.0,
                    0.9996238946914673,
                    -0.027420461177825928,
                    -0.11053542047739029
                ],
                [
                    0.0,
                    0.0,
                    0.0,
                    1.0
                ]
            ]
        },
        {
            "file_path": "/data/shapenet_blender/all_50_random/02958343/74b37c2f88e0ef7a469bb3d27ee3bc4e/r_10",
            "rotation": 0.12566370614359174,
            "transform_matrix": [
                [
                    0.3059634268283844,
                    0.07880263775587082,
                    -0.948776364326477,
                    -3.8246397972106934
                ],
                [
                    -0.952043354511261,
                    0.025325238704681396,
                    -0.3049134910106659,
                    -1.2291456460952759
                ],
                [
                    1.862645371275562e-09,
                    0.9965684413909912,
                    0.08277212083339691,
                    0.3336651027202606
                ],
                [
                    0.0,
                    0.0,
                    0.0,
                    1.0
                ]
            ]
        },
        {
            "file_path": "/data/shapenet_blender/all_50_random/02958343/74b37c2f88e0ef7a469bb3d27ee3bc4e/r_11",
            "rotation": 0.12566370614359174,
            "transform_matrix": [
                [
                    -0.9723902940750122,
                    -0.03739277273416519,
                    0.23034562170505524,
                    0.9285529851913452
                ],
                [
                    0.23336097598075867,
                    -0.15581169724464417,
                    0.9598256349563599,
                    3.8691811561584473
                ],
                [
                    0.0,
                    0.9870787858963013,
                    0.16023574769496918,
                    0.6459310054779053
                ],
                [
                    0.0,
                    0.0,
                    0.0,
                    1.0
                ]
            ]
        },
        {
            "file_path": "/data/shapenet_blender/all_50_random/02958343/74b37c2f88e0ef7a469bb3d27ee3bc4e/r_12",
            "rotation": 0.12566370614359174,
            "transform_matrix": [
                [
                    0.17694123089313507,
                    -0.01403582002967596,
                    0.9841212034225464,
                    3.9671196937561035
                ],
                [
                    0.9842214584350586,
                    0.0025233295746147633,
                    -0.17692320048809052,
                    -0.7132002711296082
                ],
                [
                    2.3283067140944524e-10,
                    0.9998982548713684,
                    0.014260834082961082,
                    0.05748726427555084
                ],
                [
                    0.0,
                    0.0,
                    0.0,
                    1.0
                ]
            ]
        },
        {
            "file_path": "/data/shapenet_blender/all_50_random/02958343/74b37c2f88e0ef7a469bb3d27ee3bc4e/r_13",
            "rotation": 0.12566370614359174,
            "transform_matrix": [
                [
                    0.17726248502731323,
                    0.4255337715148926,
                    0.8874114155769348,
                    3.5772697925567627
                ],
                [
                    0.9841635823249817,
                    -0.07664494961500168,
                    -0.15983597934246063,
                    -0.6443194150924683
                ],
                [
                    0.0,
                    0.9016908407211304,
                    -0.43238115310668945,
                    -1.7429841756820679
                ],
                [
                    0.0,
                    0.0,
                    0.0,
                    1.0
                ]
            ]
        },
        {
            "file_path": "/data/shapenet_blender/all_50_random/02958343/74b37c2f88e0ef7a469bb3d27ee3bc4e/r_14",
            "rotation": 0.12566370614359174,
            "transform_matrix": [
                [
                    -0.8091667890548706,
                    0.10956721752882004,
                    -0.5772730708122253,
                    -2.3270621299743652
                ],
                [
                    -0.5875790119171143,
                    -0.15088717639446259,
                    0.794974148273468,
                    3.2046432495117188
                ],
                [
                    0.0,
                    0.9824602007865906,
                    0.18647229671478271,
                    0.751693844795227
                ],
                [
                    0.0,
                    0.0,
                    0.0,
                    1.0
                ]
            ]
        },
        {
            "file_path": "/data/shapenet_blender/all_50_random/02958343/74b37c2f88e0ef7a469bb3d27ee3bc4e/r_15",
            "rotation": 0.12566370614359174,
            "transform_matrix": [
                [
                    0.059525780379772186,
                    0.7079673409461975,
                    -0.7037321925163269,
                    -2.8368353843688965
                ],
                [
                    -0.9982267618179321,
                    0.04221716895699501,
                    -0.04196462035179138,
                    -0.16916480660438538
                ],
                [
                    0.0,
                    0.704982340335846,
                    0.7092248797416687,
                    2.8589770793914795
                ],
                [
                    0.0,
                    0.0,
                    0.0,
                    1.0
                ]
            ]
        },
        {
            "file_path": "/data/shapenet_blender/all_50_random/02958343/74b37c2f88e0ef7a469bb3d27ee3bc4e/r_16",
            "rotation": 0.12566370614359174,
            "transform_matrix": [
                [
                    0.9663460850715637,
                    0.130548894405365,
                    -0.22165776789188385,
                    -0.893531084060669
                ],
                [
                    -0.25724536180496216,
                    0.49040886759757996,
                    -0.8326606750488281,
                    -3.356562852859497
                ],
                [
                    0.0,
                    0.8616588711738586,
                    0.5074877738952637,
                    2.0457489490509033
                ],
                [
                    0.0,
                    0.0,
                    0.0,
                    1.0
                ]
            ]
        },
        {
            "file_path": "/data/shapenet_blender/all_50_random/02958343/74b37c2f88e0ef7a469bb3d27ee3bc4e/r_17",
            "rotation": 0.12566370614359174,
            "transform_matrix": [
                [
                    -0.7852575778961182,
                    -0.43136608600616455,
                    -0.4441777467727661,
                    -1.7905378341674805
                ],
                [
                    -0.619169294834137,
                    0.5470773577690125,
                    0.5633256435394287,
                    2.270838499069214
                ],
                [
                    0.0,
                    0.7173770070075989,
                    -0.6966851353645325,
                    -2.8084278106689453
                ],
                [
                    0.0,
                    0.0,
                    0.0,
                    1.0
                ]
            ]
        },
        {
            "file_path": "/data/shapenet_blender/all_50_random/02958343/74b37c2f88e0ef7a469bb3d27ee3bc4e/r_18",
            "rotation": 0.12566370614359174,
            "transform_matrix": [
                [
                    -0.9544950723648071,
                    0.12252408266067505,
                    0.27189525961875916,
                    1.0960450172424316
                ],
                [
                    0.2982267439365387,
                    0.39214667677879333,
                    0.8702192902565002,
                    3.5079665184020996
                ],
                [
                    -7.450581485102248e-09,
                    0.9117064476013184,
                    -0.41084200143814087,
                    -1.6561572551727295
                ],
                [
                    0.0,
                    0.0,
                    0.0,
                    1.0
                ]
            ]
        },
        {
            "file_path": "/data/shapenet_blender/all_50_random/02958343/74b37c2f88e0ef7a469bb3d27ee3bc4e/r_19",
            "rotation": 0.12566370614359174,
            "transform_matrix": [
                [
                    0.940497875213623,
                    0.3189401626586914,
                    0.11722157150506973,
                    0.47253528237342834
                ],
                [
                    0.33979952335357666,
                    -0.8827632665634155,
                    -0.3244461119174957,
                    -1.3078840970993042
                ],
                [
                    -7.450580152834618e-09,
                    0.3449726402759552,
                    -0.938612699508667,
                    -3.7836687564849854
                ],
                [
                    0.0,
                    0.0,
                    0.0,
                    1.0
                ]
            ]
        },
        {
            "file_path": "/data/shapenet_blender/all_50_random/02958343/74b37c2f88e0ef7a469bb3d27ee3bc4e/r_20",
            "rotation": 0.12566370614359174,
            "transform_matrix": [
                [
                    -0.183577761054039,
                    -0.264695405960083,
                    -0.9466970562934875,
                    -3.816258430480957
                ],
                [
                    -0.983005166053772,
                    0.049432285130023956,
                    0.17679716646671295,
                    0.7126922607421875
                ],
                [
                    3.7252898543727042e-09,
                    0.9630643129348755,
                    -0.269271582365036,
                    -1.0854685306549072
                ],
                [
                    0.0,
                    0.0,
                    0.0,
                    1.0
                ]
            ]
        },
        {
            "file_path": "/data/shapenet_blender/all_50_random/02958343/74b37c2f88e0ef7a469bb3d27ee3bc4e/r_21",
            "rotation": 0.12566370614359174,
            "transform_matrix": [
                [
                    0.6433854699134827,
                    -0.27839019894599915,
                    -0.7131297588348389,
                    -2.874717950820923
                ],
                [
                    -0.7655425071716309,
                    -0.23396770656108856,
                    -0.5993362069129944,
                    -2.416001558303833
                ],
                [
                    0.0,
                    0.9315351843833923,
                    -0.36365094780921936,
                    -1.4659239053726196
                ],
                [
                    0.0,
                    0.0,
                    0.0,
                    1.0
                ]
            ]
        },
        {
            "file_path": "/data/shapenet_blender/all_50_random/02958343/74b37c2f88e0ef7a469bb3d27ee3bc4e/r_22",
            "rotation": 0.12566370614359174,
            "transform_matrix": [
                [
                    -0.45640066266059875,
                    -0.8219857811927795,
                    -0.3406432867050171,
                    -1.3731770515441895
                ],
                [
                    -0.8897744417190552,
                    0.4216291904449463,
                    0.17472949624061584,
                    0.7043571472167969
                ],
                [
                    0.0,
                    0.3828423321247101,
                    -0.9238137006759644,
                    -3.7240121364593506
                ],
                [
                    0.0,
                    0.0,
                    0.0,
                    1.0
                ]
            ]
        },
        {
            "file_path": "/data/shapenet_blender/all_50_random/02958343/74b37c2f88e0ef7a469bb3d27ee3bc4e/r_23",
            "rotation": 0.12566370614359174,
            "transform_matrix": [
                [
                    0.9681738615036011,
                    -0.1388937085866928,
                    0.20820178091526031,
                    0.8392882347106934
                ],
                [
                    0.2502787113189697,
                    0.5372939705848694,
                    -0.8054041266441345,
                    -3.246687889099121
                ],
                [
                    7.450580596923828e-09,
                    0.8318794965744019,
                    0.5549561381340027,
                    2.2370996475219727
                ],
                [
                    0.0,
                    0.0,
                    0.0,
                    1.0
                ]
            ]
        },
        {
            "file_path": "/data/shapenet_blender/all_50_random/02958343/74b37c2f88e0ef7a469bb3d27ee3bc4e/r_24",
            "rotation": 0.12566370614359174,
            "transform_matrix": [
                [
                    0.1355695277452469,
                    0.6676552891731262,
                    0.7320227026939392,
                    2.950878143310547
                ],
                [
                    0.9907678961753845,
                    -0.09135712683200836,
                    -0.10016471147537231,
                    -0.4037768840789795
                ],
                [
                    -7.450581485102248e-09,
                    0.7388437986373901,
                    -0.6738765835762024,
                    -2.7164835929870605
                ],
                [
                    0.0,
                    0.0,
                    0.0,
                    1.0
                ]
            ]
        },
        {
            "file_path": "/data/shapenet_blender/all_50_random/02958343/74b37c2f88e0ef7a469bb3d27ee3bc4e/r_25",
            "rotation": 0.12566370614359174,
            "transform_matrix": [
                [
                    -0.9514006972312927,
                    0.1994638890028,
                    -0.23462915420532227,
                    -0.9458204507827759
                ],
                [
                    -0.30795562267303467,
                    -0.6162253618240356,
                    0.724865198135376,
                    2.922025203704834
                ],
                [
                    0.0,
                    0.7618926167488098,
                    0.647703230381012,
                    2.610975503921509
                ],
                [
                    0.0,
                    0.0,
                    0.0,
                    1.0
                ]
            ]
        },
        {
            "file_path": "/data/shapenet_blender/all_50_random/02958343/74b37c2f88e0ef7a469bb3d27ee3bc4e/r_26",
            "rotation": 0.12566370614359174,
            "transform_matrix": [
                [
                    -0.9925244450569153,
                    -0.04047584906220436,
                    -0.11513875424861908,
                    -0.4641392230987549
                ],
                [
                    -0.12204602360725403,
                    0.329164981842041,
                    0.9363519549369812,
                    3.7745559215545654
                ],
                [
                    3.725290076417309e-09,
                    0.9434046745300293,
                    -0.33164408802986145,
                    -1.336900234222412
                ],
                [
                    0.0,
                    0.0,
                    0.0,
                    1.0
                ]
            ]
        },
        {
            "file_path": "/data/shapenet_blender/all_50_random/02958343/74b37c2f88e0ef7a469bb3d27ee3bc4e/r_27",
            "rotation": 0.12566370614359174,
            "transform_matrix": [
                [
                    -0.7854093909263611,
                    -0.11112907528877258,
                    -0.6089190244674683,
                    -2.4546310901641846
                ],
                [
                    -0.6189766526222229,
                    0.1410098671913147,
                    0.7726474404335022,
                    3.1146414279937744
                ],
                [
                    -7.450580596923828e-09,
                    0.9837512969970703,
                    -0.17953675985336304,
                    -0.7237358093261719
                ],
                [
                    0.0,
                    0.0,
                    0.0,
                    1.0
                ]
            ]
        },
        {
            "file_path": "/data/shapenet_blender/all_50_random/02958343/74b37c2f88e0ef7a469bb3d27ee3bc4e/r_28",
            "rotation": 0.12566370614359174,
            "transform_matrix": [
                [
                    -0.9067324995994568,
                    0.05927860364317894,
                    -0.41751912236213684,
                    -1.6830735206604004
                ],
                [
                    -0.42170634865760803,
                    -0.12745799124240875,
                    0.8977293968200684,
                    3.618863105773926
                ],
                [
                    -3.725290742551124e-09,
                    0.9900709390640259,
                    0.14056843519210815,
                    0.5666495561599731
                ],
                [
                    0.0,
                    0.0,
                    0.0,
                    1.0
                ]
            ]
        },
        {
            "file_path": "/data/shapenet_blender/all_50_random/02958343/74b37c2f88e0ef7a469bb3d27ee3bc4e/r_29",
            "rotation": 0.12566370614359174,
            "transform_matrix": [
                [
                    0.9760711789131165,
                    -0.010434046387672424,
                    0.2172008752822876,
                    0.8755648136138916
                ],
                [
                    0.21745136380195618,
                    0.046835172921419144,
                    -0.9749467968940735,
                    -3.9301364421844482
                ],
                [
                    0.0,
                    0.9988480806350708,
                    0.047983355820178986,
                    0.19342711567878723
                ],
                [
                    0.0,
                    0.0,
                    0.0,
                    1.0
                ]
            ]
        },
        {
            "file_path": "/data/shapenet_blender/all_50_random/02958343/74b37c2f88e0ef7a469bb3d27ee3bc4e/r_30",
            "rotation": 0.12566370614359174,
            "transform_matrix": [
                [
                    -0.9622253179550171,
                    0.2428039312362671,
                    -0.12316062301397324,
                    -0.49647629261016846
                ],
                [
                    -0.2722540497779846,
                    -0.8581399917602539,
                    0.4352855980396271,
                    1.7546921968460083
                ],
                [
                    0.0,
                    0.45237380266189575,
                    0.8918284773826599,
                    3.5950751304626465
                ],
                [
                    0.0,
                    0.0,
                    0.0,
                    1.0
                ]
            ]
        },
        {
            "file_path": "/data/shapenet_blender/all_50_random/02958343/74b37c2f88e0ef7a469bb3d27ee3bc4e/r_31",
            "rotation": 0.12566370614359174,
            "transform_matrix": [
                [
                    -0.0075789098627865314,
                    0.11088599264621735,
                    -0.9938042759895325,
                    -4.006152629852295
                ],
                [
                    -0.9999712705612183,
                    -0.0008404190884903073,
                    0.007532169576734304,
                    0.030363142490386963
                ],
                [
                    5.8207653974573503e-11,
                    0.9938327670097351,
                    0.11088918894529343,
                    0.44700855016708374
                ],
                [
                    0.0,
                    0.0,
                    0.0,
                    1.0
                ]
            ]
        },
        {
            "file_path": "/data/shapenet_blender/all_50_random/02958343/74b37c2f88e0ef7a469bb3d27ee3bc4e/r_32",
            "rotation": 0.12566370614359174,
            "transform_matrix": [
                [
                    0.11371423304080963,
                    0.5804736614227295,
                    -0.8062996864318848,
                    -3.250298261642456
                ],
                [
                    -0.9935135841369629,
                    0.06643906980752945,
                    -0.0922863557934761,
                    -0.3720182180404663
                ],
                [
                    3.725290742551124e-09,
                    0.8115639090538025,
                    0.5842635035514832,
                    2.3552417755126953
                ],
                [
                    0.0,
                    0.0,
                    0.0,
                    1.0
                ]
            ]
        },
        {
            "file_path": "/data/shapenet_blender/all_50_random/02958343/74b37c2f88e0ef7a469bb3d27ee3bc4e/r_33",
            "rotation": 0.12566370614359174,
            "transform_matrix": [
                [
                    0.306828111410141,
                    0.06463891267776489,
                    0.9495673775672913,
                    3.827828884124756
                ],
                [
                    0.9517650604248047,
                    -0.020838161930441856,
                    -0.3061196208000183,
                    -1.2340078353881836
                ],
                [
                    0.0,
                    0.9976910948753357,
                    -0.06791477650403976,
                    -0.2737732529640198
                ],
                [
                    0.0,
                    0.0,
                    0.0,
                    1.0
                ]
            ]
        },
        {
            "file_path": "/data/shapenet_blender/all_50_random/02958343/74b37c2f88e0ef7a469bb3d27ee3bc4e/r_34",
            "rotation": 0.12566370614359174,
            "transform_matrix": [
                [
                    -0.7897433042526245,
                    -0.21530060470104218,
                    -0.5744136571884155,
                    -2.3155357837677
                ],
                [
                    -0.6134374141693115,
                    0.27717939019203186,
                    0.7395039200782776,
                    2.9810359477996826
                ],
                [
                    -1.4901159417490817e-08,
                    0.9363852739334106,
                    -0.3509739637374878,
                    -1.4148213863372803
                ],
                [
                    0.0,
                    0.0,
                    0.0,
                    1.0
                ]
            ]
        },
        {
            "file_path": "/data/shapenet_blender/all_50_random/02958343/74b37c2f88e0ef7a469bb3d27ee3bc4e/r_35",
            "rotation": 0.12566370614359174,
            "transform_matrix": [
                [
                    -0.9261204600334167,
                    0.24141249060630798,
                    -0.2898635268211365,
                    -1.1684772968292236
                ],
                [
                    -0.3772278428077698,
                    -0.5926843881607056,
                    0.7116349935531616,
                    2.868692398071289
                ],
                [
                    -1.4901160305669237e-08,
                    0.7684044241905212,
                    0.6399646401405334,
                    2.579779863357544
                ],
                [
                    0.0,
                    0.0,
                    0.0,
                    1.0
                ]
            ]
        },
        {
            "file_path": "/data/shapenet_blender/all_50_random/02958343/74b37c2f88e0ef7a469bb3d27ee3bc4e/r_36",
            "rotation": 0.12566370614359174,
            "transform_matrix": [
                [
                    0.8738487362861633,
                    0.4057542383670807,
                    0.26786568760871887,
                    1.079801082611084
                ],
                [
                    0.4861980974674225,
                    -0.7292661666870117,
                    -0.48143771290779114,
                    -1.9407374858856201
                ],
                [
                    0.0,
                    0.5509395003318787,
                    -0.8345451951026917,
                    -3.364159345626831
                ],
                [
                    0.0,
                    0.0,
                    0.0,
                    1.0
                ]
            ]
        },
        {
            "file_path": "/data/shapenet_blender/all_50_random/02958343/74b37c2f88e0ef7a469bb3d27ee3bc4e/r_37",
            "rotation": 0.12566370614359174,
            "transform_matrix": [
                [
                    0.9933396577835083,
                    0.06848934292793274,
                    -0.0926588773727417,
                    -0.3735198974609375
                ],
                [
                    -0.11522351205348969,
                    0.5904452204704285,
                    -0.7988103032112122,
                    -3.2201075553894043
                ],
                [
                    0.0,
                    0.8041664958000183,
                    0.5944041013717651,
                    2.3961198329925537
                ],
                [
                    0.0,
                    0.0,
                    0.0,
                    1.0
                ]
            ]
        },
        {
            "file_path": "/data/shapenet_blender/all_50_random/02958343/74b37c2f88e0ef7a469bb3d27ee3bc4e/r_38",
            "rotation": 0.12566370614359174,
            "transform_matrix": [
                [
                    -0.9999952912330627,
                    0.00034782636794261634,
                    0.0030780648812651634,
                    0.012408077716827393
                ],
                [
                    0.0030976554844528437,
                    0.11228644847869873,
                    0.9936710000038147,
                    4.005616188049316
                ],
                [
                    -2.9103830456733704e-11,
                    0.9936758875846863,
                    -0.11228697746992111,
                    -0.4526433050632477
                ],
                [
                    0.0,
                    0.0,
                    0.0,
                    1.0
                ]
            ]
        },
        {
            "file_path": "/data/shapenet_blender/all_50_random/02958343/74b37c2f88e0ef7a469bb3d27ee3bc4e/r_39",
            "rotation": 0.12566370614359174,
            "transform_matrix": [
                [
                    0.7307881712913513,
                    0.6135113835334778,
                    0.29925301671028137,
                    1.2063274383544922
                ],
                [
                    0.682604193687439,
                    -0.656818151473999,
                    -0.32037681341171265,
                    -1.291480302810669
                ],
                [
                    -1.4901161193847656e-08,
                    0.4383990168571472,
                    -0.8987804055213928,
                    -3.6230998039245605
                ],
                [
                    0.0,
                    0.0,
                    0.0,
                    1.0
                ]
            ]
        },
        {
            "file_path": "/data/shapenet_blender/all_50_random/02958343/74b37c2f88e0ef7a469bb3d27ee3bc4e/r_40",
            "rotation": 0.12566370614359174,
            "transform_matrix": [
                [
                    -0.13872328400611877,
                    0.9397448301315308,
                    0.31246688961982727,
                    1.2595943212509155
                ],
                [
                    0.99033123254776,
                    0.13163726031780243,
                    0.04376963526010513,
                    0.1764410436153412
                ],
                [
                    3.725290298461914e-09,
                    0.31551751494407654,
                    -0.9489197134971619,
                    -3.8252177238464355
                ],
                [
                    0.0,
                    0.0,
                    0.0,
                    1.0
                ]
            ]
        },
        {
            "file_path": "/data/shapenet_blender/all_50_random/02958343/74b37c2f88e0ef7a469bb3d27ee3bc4e/r_41",
            "rotation": 0.12566370614359174,
            "transform_matrix": [
                [
                    0.8245468735694885,
                    -0.5126189589500427,
                    0.23946653306484222,
                    0.9653204679489136
                ],
                [
                    0.5657936930656433,
                    0.7470539212226868,
                    -0.34898123145103455,
                    -1.4067883491516113
