{
    "class": "02958343",
    "model": "dbd67f5f505a795161c6c61410fc904b",
    "remove_doubles": true,
    "edge_split": true,
    "denoise": true,
    "camera_angle_x": 0.6911112070083618,
    "scale_factor": 2.278755728734717,
    "hdri_file": "/data/IndoorHDRDataset2018/9C4A8844-c8908cf6dd.exr",
    "center_offset": [
        0.0,
        0.0,
        -9.313225746154785e-10
    ],
    "lights": [],
    "frames": [
        {
            "file_path": "/data/shapenet_blender/all_50_random/02958343/dbd67f5f505a795161c6c61410fc904b/r_0",
            "rotation": 0.12566370614359174,
            "transform_matrix": [
                [
                    -0.9837356209754944,
                    -0.1291099339723587,
                    -0.12487952411174774,
                    -0.5034053921699524
                ],
                [
                    -0.1796225756406784,
                    0.7070939540863037,
                    0.6839253306388855,
                    2.756990909576416
                ],
                [
                    0.0,
                    0.6952328085899353,
                    -0.7187846302986145,
                    -2.8975131511688232
                ],
                [
                    0.0,
                    0.0,
                    0.0,
                    1.0
                ]
            ]
        },
        {
            "file_path": "/data/shapenet_blender/all_50_random/02958343/dbd67f5f505a795161c6c61410fc904b/r_1",
            "rotation": 0.12566370614359174,
            "transform_matrix": [
                [
                    0.7481595873832703,
                    -0.07130400836467743,
                    -0.6596764326095581,
                    -2.65924072265625
                ],
                [
                    -0.6635189056396484,
                    -0.08039979636669159,
                    -0.7438269853591919,
                    -2.998462438583374
                ],
                [
                    -3.725290742551124e-09,
                    0.9942089319229126,
                    -0.10746344178915024,
                    -0.4331989884376526
                ],
                [
                    0.0,
                    0.0,
                    0.0,
                    1.0
                ]
            ]
        },
        {
            "file_path": "/data/shapenet_blender/all_50_random/02958343/dbd67f5f505a795161c6c61410fc904b/r_2",
            "rotation": 0.12566370614359174,
            "transform_matrix": [
                [
                    0.1928284913301468,
                    -0.2581261396408081,
                    0.9466720819473267,
                    3.816157102584839
                ],
                [
                    0.9812324643135071,
                    0.05072607845067978,
                    -0.18603679537773132,
                    -0.7499383091926575
                ],
                [
                    0.0,
                    0.9647785425186157,
                    0.2630631923675537,
                    1.0604416131973267
                ],
                [
                    0.0,
                    0.0,
                    0.0,
                    1.0
                ]
            ]
        },
        {
            "file_path": "/data/shapenet_blender/all_50_random/02958343/dbd67f5f505a795161c6c61410fc904b/r_3",
            "rotation": 0.12566370614359174,
            "transform_matrix": [
                [
                    0.8707095980644226,
                    0.1744036227464676,
                    -0.4598349630832672,
                    -1.8536540269851685
                ],
                [
                    -0.4917975664138794,
                    0.30877527594566345,
                    -0.8141210079193115,
                    -3.2818267345428467
                ],
                [
                    1.4901161193847656e-08,
                    0.935008704662323,
                    0.35462486743927,
                    1.429538607597351
                ],
                [
                    0.0,
                    0.0,
                    0.0,
                    1.0
                ]
            ]
        },
        {
            "file_path": "/data/shapenet_blender/all_50_random/02958343/dbd67f5f505a795161c6c61410fc904b/r_4",
            "rotation": 0.12566370614359174,
            "transform_matrix": [
                [
                    0.9811700582504272,
                    -0.16307978332042694,
                    -0.10349112749099731,
                    -0.41718608140945435
                ],
                [
                    -0.19314613938331604,
                    -0.8284348845481873,
                    -0.5257282853126526,
                    -2.1192784309387207
                ],
                [
                    -7.450580596923828e-09,
                    0.5358178019523621,
                    -0.8443336486816406,
                    -3.4036178588867188
                ],
                [
                    0.0,
                    0.0,
                    0.0,
                    1.0
                ]
            ]
        },
        {
            "file_path": "/data/shapenet_blender/all_50_random/02958343/dbd67f5f505a795161c6c61410fc904b/r_5",
            "rotation": 0.12566370614359174,
            "transform_matrix": [
                [
                    -0.6384181976318359,
                    -0.001560778939165175,
                    0.7696881294250488,
                    3.1027116775512695
                ],
                [
                    0.7696896195411682,
                    -0.0012945863418281078,
                    0.6384169459342957,
                    2.573540687561035
                ],
                [
                    0.0,
                    0.9999980330467224,
                    0.0020278028678148985,
                    0.008174333721399307
                ],
                [
                    0.0,
                    0.0,
                    0.0,
                    1.0
                ]
            ]
        },
        {
            "file_path": "/data/shapenet_blender/all_50_random/02958343/dbd67f5f505a795161c6c61410fc904b/r_6",
            "rotation": 0.12566370614359174,
            "transform_matrix": [
                [
                    0.9229480028152466,
                    0.21601298451423645,
                    -0.31859928369522095,
                    -1.2843148708343506
                ],
                [
                    -0.38492488861083984,
                    0.517941951751709,
                    -0.7639167904853821,
                    -3.0794472694396973
                ],
                [
                    0.0,
                    0.8276921510696411,
                    0.5611822009086609,
                    2.262197971343994
                ],
                [
                    0.0,
                    0.0,
                    0.0,
                    1.0
                ]
            ]
        },
        {
            "file_path": "/data/shapenet_blender/all_50_random/02958343/dbd67f5f505a795161c6c61410fc904b/r_7",
            "rotation": 0.12566370614359174,
            "transform_matrix": [
                [
                    0.26382434368133545,
                    -0.22115841507911682,
                    0.9388747215270996,
                    3.7847249507904053
                ],
                [
                    0.9645708203315735,
                    0.060490094125270844,
                    -0.25679609179496765,
                    -1.0351781845092773
                ],
                [
                    -3.725290298461914e-09,
                    0.9733600616455078,
                    0.2292817384004593,
                    0.9242642521858215
                ],
                [
                    0.0,
                    0.0,
                    0.0,
                    1.0
                ]
            ]
        },
        {
            "file_path": "/data/shapenet_blender/all_50_random/02958343/dbd67f5f505a795161c6c61410fc904b/r_8",
            "rotation": 0.12566370614359174,
            "transform_matrix": [
                [
                    -0.9283498525619507,
                    0.18591035902500153,
                    0.32187581062316895,
                    1.297523021697998
                ],
                [
                    0.37170788645744324,
                    0.46431583166122437,
                    0.803892970085144,
                    3.2405965328216553
                ],
                [
                    0.0,
                    0.8659376502037048,
                    -0.5001518130302429,
                    -2.016176700592041
                ],
                [
                    0.0,
                    0.0,
                    0.0,
                    1.0
                ]
            ]
        },
        {
            "file_path": "/data/shapenet_blender/all_50_random/02958343/dbd67f5f505a795161c6c61410fc904b/r_9",
            "rotation": 0.12566370614359174,
            "transform_matrix": [
                [
                    0.9992780685424805,
                    -0.011650174856185913,
                    -0.036160025745630264,
                    -0.14576572179794312
                ],
                [
                    -0.037990447133779526,
                    -0.30643922090530396,
                    -0.9511317610740662,
                    -3.834134817123413
                ],
                [
                    9.313225746154785e-10,
                    0.9518188238143921,
                    -0.30666065216064453,
                    -1.2361886501312256
                ],
                [
                    0.0,
                    0.0,
                    0.0,
                    1.0
                ]
            ]
        },
        {
            "file_path": "/data/shapenet_blender/all_50_random/02958343/dbd67f5f505a795161c6c61410fc904b/r_10",
            "rotation": 0.12566370614359174,
            "transform_matrix": [
                [
                    0.9983550310134888,
                    0.03409591689705849,
                    -0.04609650745987892,
                    -0.18582096695899963
                ],
                [
                    -0.057336024940013885,
                    0.5936900973320007,
                    -0.8026485443115234,
                    -3.2355797290802
                ],
                [
                    1.862645149230957e-09,
                    0.8039711713790894,
                    0.5946683287620544,
                    2.3971846103668213
                ],
                [
                    0.0,
                    0.0,
                    0.0,
                    1.0
                ]
            ]
        },
        {
            "file_path": "/data/shapenet_blender/all_50_random/02958343/dbd67f5f505a795161c6c61410fc904b/r_11",
            "rotation": 0.12566370614359174,
            "transform_matrix": [
                [
                    0.6790233254432678,
                    -0.2057419866323471,
                    0.7046967148780823,
                    2.8407235145568848
                ],
                [
                    0.7341167330741882,
                    0.19030164182186127,
                    -0.6518112421035767,
                    -2.627535343170166
                ],
                [
                    0.0,
                    0.9599246382713318,
                    0.2802578806877136,
                    1.1297557353973389
                ],
                [
                    0.0,
                    0.0,
                    0.0,
                    1.0
                ]
            ]
        },
        {
            "file_path": "/data/shapenet_blender/all_50_random/02958343/dbd67f5f505a795161c6c61410fc904b/r_12",
            "rotation": 0.12566370614359174,
            "transform_matrix": [
                [
                    -0.3151114583015442,
                    -0.08135547488927841,
                    0.9455612301826477,
                    3.8116791248321533
                ],
                [
                    0.9490546584129333,
                    -0.027012187987565994,
                    0.3139515519142151,
                    1.2655792236328125
                ],
                [
                    0.0,
                    0.9963189959526062,
                    0.0857226550579071,
                    0.3455590605735779
                ],
                [
                    0.0,
                    0.0,
                    0.0,
                    1.0
                ]
            ]
        },
        {
            "file_path": "/data/shapenet_blender/all_50_random/02958343/dbd67f5f505a795161c6c61410fc904b/r_13",
            "rotation": 0.12566370614359174,
            "transform_matrix": [
                [
                    0.478725403547287,
                    0.5018606185913086,
                    0.7203872203826904,
                    2.9039740562438965
                ],
                [
                    0.8779647350311279,
                    -0.27364814281463623,
                    -0.39280351996421814,
                    -1.5834417343139648
                ],
                [
                    0.0,
                    0.8205195665359497,
                    -0.5716181993484497,
                    -2.304266929626465
                ],
                [
                    0.0,
                    0.0,
                    0.0,
                    1.0
                ]
            ]
        },
        {
            "file_path": "/data/shapenet_blender/all_50_random/02958343/dbd67f5f505a795161c6c61410fc904b/r_14",
            "rotation": 0.12566370614359174,
            "transform_matrix": [
                [
                    -0.7401500940322876,
                    0.009968853555619717,
                    0.6723678112030029,
                    2.7104012966156006
                ],
                [
                    0.6724417209625244,
                    0.01097262091934681,
                    0.7400687336921692,
                    2.9833126068115234
                ],
                [
                    -4.656612873077393e-10,
                    0.999890148639679,
                    -0.01482485793530941,
                    -0.059760913252830505
                ],
                [
                    0.0,
                    0.0,
                    0.0,
                    1.0
                ]
            ]
        },
        {
            "file_path": "/data/shapenet_blender/all_50_random/02958343/dbd67f5f505a795161c6c61410fc904b/r_15",
            "rotation": 0.12566370614359174,
            "transform_matrix": [
                [
                    -0.7899688482284546,
                    -0.19650761783123016,
                    -0.5808045864105225,
                    -2.3412981033325195
                ],
                [
                    -0.6131470203399658,
                    0.253177285194397,
                    0.7482994198799133,
                    3.016491413116455
                ],
                [
                    0.0,
                    0.9472517967224121,
                    -0.3204902112483978,
                    -1.2919373512268066
                ],
                [
                    0.0,
                    0.0,
                    0.0,
                    1.0
                ]
            ]
        },
        {
            "file_path": "/data/shapenet_blender/all_50_random/02958343/dbd67f5f505a795161c6c61410fc904b/r_16",
            "rotation": 0.12566370614359174,
            "transform_matrix": [
                [
                    -0.5861698985099792,
                    -0.27899906039237976,
                    -0.7606341242790222,
                    -3.0662145614624023
                ],
                [
                    -0.8101882934570312,
                    0.2018553763628006,
                    0.5503175854682922,
                    2.2184014320373535
                ],
                [
                    -1.4901162970204496e-08,
                    0.9388365149497986,
                    -0.34436318278312683,
                    -1.3881725072860718
                ],
                [
                    0.0,
                    0.0,
                    0.0,
                    1.0
                ]
            ]
        },
        {
            "file_path": "/data/shapenet_blender/all_50_random/02958343/dbd67f5f505a795161c6c61410fc904b/r_17",
            "rotation": 0.12566370614359174,
            "transform_matrix": [
                [
                    0.8265800476074219,
                    0.426207572221756,
                    -0.36757659912109375,
                    -1.4817487001419067
                ],
                [
                    -0.5628193020820618,
                    0.6259463429450989,
                    -0.539838433265686,
                    -2.1761584281921387
                ],
                [
                    1.4901162970204496e-08,
                    0.6530987620353699,
                    0.7572726607322693,
                    3.052663803100586
                ],
                [
                    0.0,
                    0.0,
                    0.0,
                    1.0
                ]
            ]
        },
        {
            "file_path": "/data/shapenet_blender/all_50_random/02958343/dbd67f5f505a795161c6c61410fc904b/r_18",
            "rotation": 0.12566370614359174,
            "transform_matrix": [
                [
                    0.3624579906463623,
                    0.4157957136631012,
                    -0.8341091871261597,
                    -3.3624017238616943
                ],
                [
                    -0.9320001602172852,
                    0.16170436143875122,
                    -0.32438787817955017,
                    -1.3076493740081787
                ],
                [
                    1.4901161193847656e-08,
                    0.8949669003486633,
                    0.4461326599121094,
                    1.7984182834625244
                ],
                [
                    0.0,
                    0.0,
                    0.0,
                    1.0
                ]
            ]
        },
        {
            "file_path": "/data/shapenet_blender/all_50_random/02958343/dbd67f5f505a795161c6c61410fc904b/r_19",
            "rotation": 0.12566370614359174,
            "transform_matrix": [
                [
                    -0.997112512588501,
                    -0.029126008972525597,
                    -0.07013171166181564,
                    -0.2827099859714508
                ],
                [
                    -0.07593932747840881,
                    0.3824356496334076,
                    0.920856237411499,
                    3.712090253829956
                ],
                [
                    0.0,
                    0.9235230088233948,
                    -0.38354313373565674,
                    -1.546111822128296
                ],
                [
                    0.0,
                    0.0,
                    0.0,
                    1.0
                ]
            ]
        },
        {
            "file_path": "/data/shapenet_blender/all_50_random/02958343/dbd67f5f505a795161c6c61410fc904b/r_20",
            "rotation": 0.12566370614359174,
            "transform_matrix": [
                [
                    -0.03948356583714485,
                    0.03558209910988808,
                    -0.9985865354537964,
                    -4.025430679321289
                ],
                [
                    -0.9992202520370483,
                    -0.0014060044195502996,
                    0.03945852443575859,
                    0.15906238555908203
                ],
                [
                    0.0,
                    0.9993657469749451,
                    0.03560986742377281,
                    0.14354795217514038
                ],
                [
                    0.0,
                    0.0,
                    0.0,
                    1.0
                ]
            ]
        },
        {
            "file_path": "/data/shapenet_blender/all_50_random/02958343/dbd67f5f505a795161c6c61410fc904b/r_21",
            "rotation": 0.12566370614359174,
            "transform_matrix": [
                [
                    -0.5188133120536804,
                    -0.07254975289106369,
                    0.8518035411834717,
                    3.433729887008667
                ],
                [
                    0.8548876047134399,
                    -0.04402891919016838,
                    0.5169416666030884,
                    2.0838584899902344
                ],
                [
                    -3.725290298461914e-09,
                    0.9963924884796143,
                    0.08486466854810715,
                    0.3421004116535187
                ],
                [
                    0.0,
                    0.0,
                    0.0,
                    1.0
                ]
            ]
        },
        {
            "file_path": "/data/shapenet_blender/all_50_random/02958343/dbd67f5f505a795161c6c61410fc904b/r_22",
            "rotation": 0.12566370614359174,
            "transform_matrix": [
                [
                    -0.7167646884918213,
                    -0.12320828437805176,
                    0.6863440871238708,
                    2.7667415142059326
                ],
                [
                    0.6973152160644531,
                    -0.1266447901725769,
                    0.7054874897003174,
                    2.8439109325408936
                ],
                [
                    0.0,
                    0.9842666983604431,
                    0.1766895055770874,
                    0.7122581601142883
                ],
                [
                    0.0,
                    0.0,
                    0.0,
                    1.0
                ]
            ]
        },
        {
            "file_path": "/data/shapenet_blender/all_50_random/02958343/dbd67f5f505a795161c6c61410fc904b/r_23",
            "rotation": 0.12566370614359174,
            "transform_matrix": [
                [
                    0.09148438274860382,
                    -0.5199179649353027,
                    -0.8493031859397888,
                    -3.4236507415771484
                ],
                [
                    -0.9958064556121826,
                    -0.04776468127965927,
                    -0.07802518457174301,
                    -0.31452956795692444
                ],
                [
                    -3.725290076417309e-09,
                    0.8528797626495361,
                    -0.5221074223518372,
                    -2.104682445526123
                ],
                [
                    0.0,
                    0.0,
                    0.0,
                    1.0
                ]
            ]
        },
        {
            "file_path": "/data/shapenet_blender/all_50_random/02958343/dbd67f5f505a795161c6c61410fc904b/r_24",
            "rotation": 0.12566370614359174,
            "transform_matrix": [
                [
                    -0.63186115026474,
                    0.5390534996986389,
                    -0.5569316148757935,
                    -2.245063066482544
                ],
                [
                    -0.7750816345214844,
                    -0.4394465386867523,
                    0.4540211260318756,
                    1.830217719078064
                ],
                [
                    0.0,
                    0.7185457348823547,
                    0.695479691028595,
                    2.8035683631896973
                ],
                [
                    0.0,
                    0.0,
                    0.0,
                    1.0
                ]
            ]
        },
        {
            "file_path": "/data/shapenet_blender/all_50_random/02958343/dbd67f5f505a795161c6c61410fc904b/r_25",
            "rotation": 0.12566370614359174,
            "transform_matrix": [
                [
                    0.9358152151107788,
                    -0.3512585759162903,
                    0.029449451714754105,
                    0.11871454119682312
                ],
                [
                    0.35249093174934387,
                    0.9325434565544128,
                    -0.07818426191806793,
                    -0.31517088413238525
                ],
                [
                    0.0,
                    0.08354682475328445,
                    0.9965037703514099,
                    4.017035484313965
                ],
                [
                    0.0,
                    0.0,
                    0.0,
                    1.0
                ]
            ]
        },
        {
            "file_path": "/data/shapenet_blender/all_50_random/02958343/dbd67f5f505a795161c6c61410fc904b/r_26",
            "rotation": 0.12566370614359174,
            "transform_matrix": [
                [
                    0.09584321826696396,
                    -0.7743930220603943,
                    0.6254034042358398,
                    2.5210819244384766
                ],
                [
                    0.9953964948654175,
                    0.07456357032060623,
                    -0.06021788716316223,
                    -0.24274608492851257
                ],
                [
                    0.0,
                    0.6282958388328552,
                    0.7779743671417236,
                    3.136115312576294
                ],
                [
                    0.0,
                    0.0,
                    0.0,
                    1.0
                ]
            ]
        },
        {
            "file_path": "/data/shapenet_blender/all_50_random/02958343/dbd67f5f505a795161c6c61410fc904b/r_27",
            "rotation": 0.12566370614359174,
            "transform_matrix": [
                [
                    0.4032202959060669,
                    0.13209733366966248,
                    -0.9055184721946716,
                    -3.650261640548706
                ],
                [
                    -0.9151029586791992,
                    0.058205828070640564,
                    -0.39899712800979614,
                    -1.6084089279174805
                ],
                [
                    -3.725290298461914e-09,
                    0.9895263314247131,
                    0.14435242116451263,
                    0.5819032192230225
                ],
                [
                    0.0,
                    0.0,
                    0.0,
                    1.0
                ]
            ]
        },
        {
            "file_path": "/data/shapenet_blender/all_50_random/02958343/dbd67f5f505a795161c6c61410fc904b/r_28",
            "rotation": 0.12566370614359174,
            "transform_matrix": [
                [
                    0.018714040517807007,
                    -0.05777856335043907,
                    0.9981539845466614,
                    4.023687362670898
                ],
                [
                    0.9998248815536499,
                    0.0010814598063006997,
                    -0.01868276670575142,
                    -0.07531264424324036
                ],
                [
                    0.0,
                    0.9983288049697876,
                    0.057788681238889694,
                    0.23295362293720245
                ],
                [
                    0.0,
                    0.0,
                    0.0,
                    1.0
                ]
            ]
        },
        {
            "file_path": "/data/shapenet_blender/all_50_random/02958343/dbd67f5f505a795161c6c61410fc904b/r_29",
            "rotation": 0.12566370614359174,
            "transform_matrix": [
                [
                    -0.9461093544960022,
                    -0.024292318150401115,
                    0.32293492555618286,
                    1.3017923831939697
                ],
                [
                    0.32384729385375977,
                    -0.07096921652555466,
                    0.9434438347816467,
                    3.8031437397003174
                ],
                [
                    0.0,
                    0.9971826076507568,
                    0.07501164078712463,
                    0.30238160490989685
                ],
                [
                    0.0,
                    0.0,
                    0.0,
                    1.0
                ]
            ]
        },
        {
            "file_path": "/data/shapenet_blender/all_50_random/02958343/dbd67f5f505a795161c6c61410fc904b/r_30",
            "rotation": 0.12566370614359174,
            "transform_matrix": [
                [
                    0.001903650932945311,
                    -0.4693976938724518,
                    -0.8829848170280457,
                    -3.5594255924224854
                ],
                [
                    -0.9999982714653015,
                    -0.0008935708901844919,
                    -0.00168089778162539,
                    -0.006775915622711182
                ],
                [
                    5.820766785236131e-11,
                    0.8829863667488098,
                    -0.469398558139801,
                    -1.892206072807312
                ],
                [
                    0.0,
                    0.0,
                    0.0,
                    1.0
                ]
            ]
        },
        {
            "file_path": "/data/shapenet_blender/all_50_random/02958343/dbd67f5f505a795161c6c61410fc904b/r_31",
            "rotation": 0.12566370614359174,
            "transform_matrix": [
                [
                    -0.7222456336021423,
                    0.014109537936747074,
                    -0.6914926767349243,
                    -2.787496328353882
                ],
                [
                    -0.6916366815567017,
                    -0.014733966439962387,
                    0.722095251083374,
                    2.9108593463897705
                ],
                [
                    9.313225746154785e-10,
                    0.9997919201850891,
                    0.020400214940309525,
                    0.0822359025478363
                ],
                [
                    0.0,
                    0.0,
                    0.0,
                    1.0
                ]
            ]
        },
        {
            "file_path": "/data/shapenet_blender/all_50_random/02958343/dbd67f5f505a795161c6c61410fc904b/r_32",
            "rotation": 0.12566370614359174,
            "transform_matrix": [
                [
                    0.5182280540466309,
                    0.03138291835784912,
                    -0.8546664714813232,
                    -3.4452707767486572
                ],
                [
                    -0.8552424311637878,
                    0.019016258418560028,
                    -0.517879068851471,
                    -2.087637186050415
                ],
                [
                    1.8626450382086546e-09,
                    0.9993265867233276,
                    0.036694761365652084,
                    0.14792130887508392
                ],
                [
                    0.0,
                    0.0,
                    0.0,
                    1.0
                ]
            ]
        },
        {
            "file_path": "/data/shapenet_blender/all_50_random/02958343/dbd67f5f505a795161c6c61410fc904b/r_33",
            "rotation": 0.12566370614359174,
            "transform_matrix": [
                [
                    -0.9975009560585022,
                    0.003241059137508273,
                    -0.07057918608188629,
                    -0.28451383113861084
                ],
                [
                    -0.07065357267856598,
                    -0.04575790464878082,
                    0.9964507818222046,
                    4.01682186126709
                ],
                [
                    2.3283064365386963e-10,
                    0.9989473223686218,
                    0.04587253928184509,
                    0.1849181354045868
                ],
                [
                    0.0,
                    0.0,
                    0.0,
                    1.0
                ]
            ]
        },
        {
            "file_path": "/data/shapenet_blender/all_50_random/02958343/dbd67f5f505a795161c6c61410fc904b/r_34",
            "rotation": 0.12566370614359174,
            "transform_matrix": [
                [
                    0.9956021308898926,
                    0.02398533560335636,
                    0.09056004136800766,
                    0.3650591969490051
                ],
                [
                    0.09368253499269485,
                    -0.25490185618400574,
                    -0.9624181389808655,
                    -3.879631519317627
                ],
                [
                    1.8626449271863521e-09,
                    0.9666693806648254,
                    -0.25602787733078003,
                    -1.0320813655853271
                ],
                [
                    0.0,
                    0.0,
                    0.0,
                    1.0
                ]
            ]
        },
        {
            "file_path": "/data/shapenet_blender/all_50_random/02958343/dbd67f5f505a795161c6c61410fc904b/r_35",
            "rotation": 0.12566370614359174,
            "transform_matrix": [
                [
                    -0.323093980550766,
                    -0.3848567306995392,
                    -0.8645782470703125,
                    -3.4852263927459717
                ],
                [
                    -0.9463669061660767,
                    0.13139185309410095,
                    0.29517096281051636,
                    1.1898722648620605
                ],
                [
                    7.450580596923828e-09,
                    0.9135761260986328,
                    -0.4066676199436188,
                    -1.6393295526504517
                ],
                [
                    0.0,
                    0.0,
                    0.0,
                    1.0
                ]
            ]
        },
        {
            "file_path": "/data/shapenet_blender/all_50_random/02958343/dbd67f5f505a795161c6c61410fc904b/r_36",
            "rotation": 0.12566370614359174,
            "transform_matrix": [
                [
                    0.9120595455169678,
                    0.015043942257761955,
                    0.4097817838191986,
                    1.6518831253051758
                ],
                [
                    0.41005781292915344,
                    -0.0334610641002655,
                    -0.9114455580711365,
                    -3.674154281616211
                ],
                [
                    9.313225191043273e-10,
                    0.9993267059326172,
                    -0.036687370389699936,
                    -0.14789152145385742
                ],
                [
                    0.0,
                    0.0,
                    0.0,
                    1.0
                ]
            ]
        },
        {
            "file_path": "/data/shapenet_blender/all_50_random/02958343/dbd67f5f505a795161c6c61410fc904b/r_37",
            "rotation": 0.12566370614359174,
            "transform_matrix": [
                [
                    0.5942119359970093,
                    -0.08644215017557144,
                    -0.7996497750282288,
                    -3.223491668701172
                ],
                [
                    -0.8043084144592285,
                    -0.06386226415634155,
                    -0.5907701849937439,
                    -2.3814709186553955
                ],
                [
                    -3.725290076417309e-09,
                    0.9942078590393066,
                    -0.10747387260198593,
                    -0.433241069316864
                ],
                [
                    0.0,
                    0.0,
                    0.0,
                    1.0
                ]
            ]
        },
        {
            "file_path": "/data/shapenet_blender/all_50_random/02958343/dbd67f5f505a795161c6c61410fc904b/r_38",
            "rotation": 0.12566370614359174,
            "transform_matrix": [
                [
                    -0.7320953607559204,
                    0.2836153209209442,
                    0.6193535327911377,
                    2.4966938495635986
                ],
                [
                    0.681202232837677,
                    0.30480441451072693,
                    0.6656258702278137,
                    2.6832237243652344
                ],
                [
                    0.0,
                    0.9092066287994385,
                    -0.4163452386856079,
                    -1.6783413887023926
                ],
                [
                    0.0,
                    0.0,
                    0.0,
                    1.0
                ]
            ]
        },
        {
            "file_path": "/data/shapenet_blender/all_50_random/02958343/dbd67f5f505a795161c6c61410fc904b/r_39",
            "rotation": 0.12566370614359174,
            "transform_matrix": [
                [
                    0.39384832978248596,
                    0.2804880738258362,
                    0.8753342032432556,
                    3.5285849571228027
                ],
                [
                    0.919175386428833,
                    -0.1201835572719574,
                    -0.3750632405281067,
                    -1.5119283199310303
                ],
                [
                    7.450580152834618e-09,
                    0.9523037075996399,
                    -0.3051518499851227,
                    -1.2301064729690552
                ],
                [
                    0.0,
                    0.0,
                    0.0,
                    1.0
                ]
            ]
        },
        {
            "file_path": "/data/shapenet_blender/all_50_random/02958343/dbd67f5f505a795161c6c61410fc904b/r_40",
            "rotation": 0.12566370614359174,
            "transform_matrix": [
                [
                    0.8495005965232849,
                    -0.14359785616397858,
                    0.5076696276664734,
                    2.0464816093444824
                ],
                [
                    0.5275877118110657,
                    0.23121550679206848,
                    -0.81742924451828,
                    -3.2951626777648926
                ],
                [
                    0.0,
                    0.9622467756271362,
                    0.27217820286750793,
                    1.0971853733062744
                ],
                [
                    0.0,
                    0.0,
                    0.0,
                    1.0
                ]
            ]
        },
        {
            "file_path": "/data/shapenet_blender/all_50_random/02958343/dbd67f5f505a795161c6c61410fc904b/r_41",
            "rotation": 0.12566370614359174,
            "transform_matrix": [
                [
                    -0.16722601652145386,
                    0.8413729071617126,
                    0.513933002948761,
                    2.071730136871338
                ],
                [
                    0.9859186410903931,
                    0.14270897209644318,
                    0.08717044442892075,
