{
    "class": "02958343",
    "model": "445185842d893b6978fe949fc1419876",
    "remove_doubles": true,
    "edge_split": true,
    "denoise": true,
    "camera_angle_x": 0.6911112070083618,
    "scale_factor": 2.407095136136429,
    "hdri_file": "/data/IndoorHDRDataset2018/9C4A9811-3925329f76.exr",
    "center_offset": [
        0.0,
        0.0,
        -2.7939677238464355e-09
    ],
    "lights": [],
    "frames": [
        {
            "file_path": "/data/shapenet_blender/all_50_random/02958343/445185842d893b6978fe949fc1419876/r_0",
            "rotation": 0.12566370614359174,
            "transform_matrix": [
                [
                    -0.9485822319984436,
                    -0.30168843269348145,
                    -0.09579048305749893,
                    -0.38614383339881897
                ],
                [
                    -0.3165307939052582,
                    0.9041025638580322,
                    0.2870657444000244,
                    1.1571991443634033
                ],
                [
                    0.0,
                    0.30262619256973267,
                    -0.9531093239784241,
                    -3.842106819152832
                ],
                [
                    0.0,
                    0.0,
                    0.0,
                    1.0
                ]
            ]
        },
        {
            "file_path": "/data/shapenet_blender/all_50_random/02958343/445185842d893b6978fe949fc1419876/r_1",
            "rotation": 0.12566370614359174,
            "transform_matrix": [
                [
                    0.9002300500869751,
                    0.028966153040528297,
                    0.4344501793384552,
                    1.7513246536254883
                ],
                [
                    0.43541479110717773,
                    -0.05988818779587746,
                    -0.8982357382774353,
                    -3.620903968811035
                ],
                [
                    0.0,
                    0.9977846145629883,
                    -0.06652543693780899,
                    -0.26817262172698975
                ],
                [
                    0.0,
                    0.0,
                    0.0,
                    1.0
                ]
            ]
        },
        {
            "file_path": "/data/shapenet_blender/all_50_random/02958343/445185842d893b6978fe949fc1419876/r_2",
            "rotation": 0.12566370614359174,
            "transform_matrix": [
                [
                    -0.863785982131958,
                    -0.23806294798851013,
                    -0.444071888923645,
                    -1.7901110649108887
                ],
                [
                    -0.5038589239120483,
                    0.4081210494041443,
                    0.7612906098365784,
                    3.0688605308532715
                ],
                [
                    0.0,
                    0.8813416957855225,
                    -0.4724794030189514,
                    -1.904625415802002
                ],
                [
                    0.0,
                    0.0,
                    0.0,
                    1.0
                ]
            ]
        },
        {
            "file_path": "/data/shapenet_blender/all_50_random/02958343/445185842d893b6978fe949fc1419876/r_3",
            "rotation": 0.12566370614359174,
            "transform_matrix": [
                [
                    -0.9990379214286804,
                    -0.0128753911703825,
                    0.04192287474870682,
                    0.16899651288986206
                ],
                [
                    0.04385548084974289,
                    -0.29330435395240784,
                    0.9550126791000366,
                    3.8497793674468994
                ],
                [
                    0.0,
                    0.9559323787689209,
                    0.2935868203639984,
                    1.1834863424301147
                ],
                [
                    0.0,
                    0.0,
                    0.0,
                    1.0
                ]
            ]
        },
        {
            "file_path": "/data/shapenet_blender/all_50_random/02958343/445185842d893b6978fe949fc1419876/r_4",
            "rotation": 0.12566370614359174,
            "transform_matrix": [
                [
                    0.9703862071037292,
                    -0.08274207264184952,
                    0.22694584727287292,
                    0.9148479700088501
                ],
                [
                    0.24155883491039276,
                    0.33239009976387024,
                    -0.9116831421852112,
                    -3.675112247467041
                ],
                [
                    0.0,
                    0.9395054578781128,
                    0.34253382682800293,
                    1.3807979822158813
                ],
                [
                    0.0,
                    0.0,
                    0.0,
                    1.0
                ]
            ]
        },
        {
            "file_path": "/data/shapenet_blender/all_50_random/02958343/445185842d893b6978fe949fc1419876/r_5",
            "rotation": 0.12566370614359174,
            "transform_matrix": [
                [
                    -0.9862287044525146,
                    -0.02881826087832451,
                    -0.16285715997219086,
                    -0.6564982533454895
                ],
                [
                    -0.16538727283477783,
                    0.17184753715991974,
                    0.9711412787437439,
                    3.9147958755493164
                ],
                [
                    0.0,
                    0.984701931476593,
                    -0.1742471307516098,
                    -0.7024127244949341
                ],
                [
                    0.0,
                    0.0,
                    0.0,
                    1.0
                ]
            ]
        },
        {
            "file_path": "/data/shapenet_blender/all_50_random/02958343/445185842d893b6978fe949fc1419876/r_6",
            "rotation": 0.12566370614359174,
            "transform_matrix": [
                [
                    -0.19352738559246063,
                    0.07089801877737045,
                    0.9785297513008118,
                    3.944579839706421
                ],
                [
                    0.9810948967933655,
                    0.013985097408294678,
                    0.19302138686180115,
                    0.7780941724777222
                ],
                [
                    9.31322685637781e-10,
                    0.9973854422569275,
                    -0.0722641795873642,
                    -0.2913062572479248
                ],
                [
                    0.0,
                    0.0,
                    0.0,
                    1.0
                ]
            ]
        },
        {
            "file_path": "/data/shapenet_blender/all_50_random/02958343/445185842d893b6978fe949fc1419876/r_7",
            "rotation": 0.12566370614359174,
            "transform_matrix": [
                [
                    0.9934434294700623,
                    -0.003967410884797573,
                    -0.1142563596367836,
                    -0.46058210730552673
                ],
                [
                    -0.11432522535324097,
                    -0.03447531536221504,
                    -0.9928450584411621,
                    -4.002286434173584
                ],
                [
                    0.0,
                    0.9993976950645447,
                    -0.0347028523683548,
                    -0.13989166915416718
                ],
                [
                    0.0,
                    0.0,
                    0.0,
                    1.0
                ]
            ]
        },
        {
            "file_path": "/data/shapenet_blender/all_50_random/02958343/445185842d893b6978fe949fc1419876/r_8",
            "rotation": 0.12566370614359174,
            "transform_matrix": [
                [
                    -0.47224611043930054,
                    0.35334113240242004,
                    0.8075478672981262,
                    3.2553296089172363
                ],
                [
                    0.8814666867256165,
                    0.18930263817310333,
                    0.4326440691947937,
                    1.7440440654754639
                ],
                [
                    0.0,
                    0.9161409735679626,
                    -0.4008558988571167,
                    -1.6159018278121948
                ],
                [
                    0.0,
                    0.0,
                    0.0,
                    1.0
                ]
            ]
        },
        {
            "file_path": "/data/shapenet_blender/all_50_random/02958343/445185842d893b6978fe949fc1419876/r_9",
            "rotation": 0.12566370614359174,
            "transform_matrix": [
                [
                    -0.9668262004852295,
                    0.04522227868437767,
                    -0.25140029191970825,
                    -1.0134270191192627
                ],
                [
                    -0.2554352581501007,
                    -0.17116700112819672,
                    0.9515538215637207,
                    3.835836172103882
                ],
                [
                    -3.725290742551124e-09,
                    0.984203577041626,
                    0.17704010009765625,
                    0.7136714458465576
                ],
                [
                    0.0,
                    0.0,
                    0.0,
                    1.0
                ]
            ]
        },
        {
            "file_path": "/data/shapenet_blender/all_50_random/02958343/445185842d893b6978fe949fc1419876/r_10",
            "rotation": 0.12566370614359174,
            "transform_matrix": [
                [
                    0.9909970164299011,
                    -0.11854149401187897,
                    -0.06223365664482117,
                    -0.2508718967437744
                ],
                [
                    -0.1338847130537033,
                    -0.8774285316467285,
                    -0.46064531803131104,
                    -1.8569207191467285
                ],
                [
                    0.0,
                    0.464830219745636,
                    -0.8853997588157654,
                    -3.5691606998443604
                ],
                [
                    0.0,
                    0.0,
                    0.0,
                    1.0
                ]
            ]
        },
        {
            "file_path": "/data/shapenet_blender/all_50_random/02958343/445185842d893b6978fe949fc1419876/r_11",
            "rotation": 0.12566370614359174,
            "transform_matrix": [
                [
                    -0.32415422797203064,
                    0.015973353758454323,
                    -0.9458693265914917,
                    -3.8129215240478516
                ],
                [
                    -0.946004331111908,
                    -0.005473369266837835,
                    0.32410797476768494,
                    1.3065211772918701
                ],
                [
                    -4.656613428188905e-10,
                    0.9998573660850525,
                    0.016885075718164444,
                    0.06806592643260956
                ],
                [
                    0.0,
                    0.0,
                    0.0,
                    1.0
                ]
            ]
        },
        {
            "file_path": "/data/shapenet_blender/all_50_random/02958343/445185842d893b6978fe949fc1419876/r_12",
            "rotation": 0.12566370614359174,
            "transform_matrix": [
                [
                    0.6393305659294128,
                    -0.20875002443790436,
                    -0.7400538921356201,
                    -2.983252763748169
                ],
                [
                    -0.7689319849014282,
                    -0.17356577515602112,
                    -0.6153198480606079,
                    -2.480433702468872
                ],
                [
                    0.0,
                    0.9624438285827637,
                    -0.2714805006980896,
                    -1.0943728685379028
                ],
                [
                    0.0,
                    0.0,
                    0.0,
                    1.0
                ]
            ]
        },
        {
            "file_path": "/data/shapenet_blender/all_50_random/02958343/445185842d893b6978fe949fc1419876/r_13",
            "rotation": 0.12566370614359174,
            "transform_matrix": [
                [
                    -0.6611233949661255,
                    -0.3018946051597595,
                    -0.6868591904640198,
                    -2.768817901611328
                ],
                [
                    -0.7502772808074951,
                    0.26602110266685486,
                    0.6052411794662476,
                    2.439805269241333
                ],
                [
                    0.0,
                    0.9154738783836365,
                    -0.4023774266242981,
                    -1.622035264968872
                ],
                [
                    0.0,
                    0.0,
                    0.0,
                    1.0
                ]
            ]
        },
        {
            "file_path": "/data/shapenet_blender/all_50_random/02958343/445185842d893b6978fe949fc1419876/r_14",
            "rotation": 0.12566370614359174,
            "transform_matrix": [
                [
                    0.9934664964675903,
                    0.011601128615438938,
                    -0.11353317648172379,
                    -0.45766681432724
                ],
                [
                    -0.1141243427991867,
                    0.10098925232887268,
                    -0.9883202910423279,
                    -3.98404598236084
                ],
                [
                    0.0,
                    0.9948198795318604,
                    0.10165341943502426,
                    0.40977799892425537
                ],
                [
                    0.0,
                    0.0,
                    0.0,
                    1.0
                ]
            ]
        },
        {
            "file_path": "/data/shapenet_blender/all_50_random/02958343/445185842d893b6978fe949fc1419876/r_15",
            "rotation": 0.12566370614359174,
            "transform_matrix": [
                [
                    0.32603365182876587,
                    0.8484892249107361,
                    0.41685470938682556,
                    1.6803951263427734
                ],
                [
                    0.9453580975532532,
                    -0.29262569546699524,
                    -0.14376422762870789,
                    -0.5795321464538574
                ],
                [
                    7.450580596923828e-09,
                    0.4409489333629608,
                    -0.8975321054458618,
                    -3.618067741394043
                ],
                [
                    0.0,
                    0.0,
                    0.0,
                    1.0
                ]
            ]
        },
        {
            "file_path": "/data/shapenet_blender/all_50_random/02958343/445185842d893b6978fe949fc1419876/r_16",
            "rotation": 0.12566370614359174,
            "transform_matrix": [
                [
                    0.9383608102798462,
                    0.26823025941848755,
                    -0.2180175483226776,
                    -0.878856897354126
                ],
                [
                    -0.3456575572490692,
                    0.7281679511070251,
                    -0.5918548107147217,
                    -2.385843276977539
                ],
                [
                    0.0,
                    0.6307327151298523,
                    0.7759999632835388,
                    3.1281561851501465
                ],
                [
                    0.0,
                    0.0,
                    0.0,
                    1.0
                ]
            ]
        },
        {
            "file_path": "/data/shapenet_blender/all_50_random/02958343/445185842d893b6978fe949fc1419876/r_17",
            "rotation": 0.12566370614359174,
            "transform_matrix": [
                [
                    0.9166224002838135,
                    0.37914803624153137,
                    -0.1266888976097107,
                    -0.5106993317604065
                ],
                [
                    -0.39975404739379883,
                    0.8693735003471375,
                    -0.29049330949783325,
                    -1.1710160970687866
                ],
                [
                    0.0,
                    0.3169170618057251,
                    0.9484531283378601,
                    3.8233370780944824
                ],
                [
                    0.0,
                    0.0,
                    0.0,
                    1.0
                ]
            ]
        },
        {
            "file_path": "/data/shapenet_blender/all_50_random/02958343/445185842d893b6978fe949fc1419876/r_18",
            "rotation": 0.12566370614359174,
            "transform_matrix": [
                [
                    -0.9986709356307983,
                    -0.03823864459991455,
                    -0.034556955099105835,
                    -0.1393035352230072
                ],
                [
                    -0.05154005438089371,
                    0.7409349083900452,
                    0.669596254825592,
                    2.6992287635803223
                ],
                [
                    1.862645149230957e-09,
                    0.6704874038696289,
                    -0.7419209480285645,
                    -2.990778923034668
                ],
                [
                    0.0,
                    0.0,
                    0.0,
                    1.0
                ]
            ]
        },
        {
            "file_path": "/data/shapenet_blender/all_50_random/02958343/445185842d893b6978fe949fc1419876/r_19",
            "rotation": 0.12566370614359174,
            "transform_matrix": [
                [
                    -0.24069292843341827,
                    -0.31347209215164185,
                    0.9185870289802551,
                    3.7029428482055664
                ],
                [
                    0.9706012606620789,
                    -0.07773584872484207,
                    0.22779424488544464,
                    0.9182679653167725
                ],
                [
                    0.0,
                    0.9464102387428284,
                    0.32296690344810486,
                    1.3019212484359741
                ],
                [
                    0.0,
                    0.0,
                    0.0,
                    1.0
                ]
            ]
        },
        {
            "file_path": "/data/shapenet_blender/all_50_random/02958343/445185842d893b6978fe949fc1419876/r_20",
            "rotation": 0.12566370614359174,
            "transform_matrix": [
                [
                    0.3003705143928528,
                    0.49073490500450134,
                    0.8178977966308594,
                    3.297051429748535
                ],
                [
                    0.9538226127624512,
                    -0.15453846752643585,
                    -0.25756609439849854,
                    -1.0382821559906006
                ],
                [
                    0.0,
                    0.857494592666626,
                    -0.5144928693771362,
                    -2.0739870071411133
                ],
                [
                    0.0,
                    0.0,
                    0.0,
                    1.0
                ]
            ]
        },
        {
            "file_path": "/data/shapenet_blender/all_50_random/02958343/445185842d893b6978fe949fc1419876/r_21",
            "rotation": 0.12566370614359174,
            "transform_matrix": [
                [
                    0.6053832769393921,
                    0.18644662201404572,
                    0.773788571357727,
                    3.11924147605896
                ],
                [
                    0.7959340214729309,
                    -0.1418103128671646,
                    -0.5885394811630249,
                    -2.372478485107422
                ],
                [
                    0.0,
                    0.972176730632782,
                    -0.2342488169670105,
                    -0.9442871809005737
                ],
                [
                    0.0,
                    0.0,
                    0.0,
                    1.0
                ]
            ]
        },
        {
            "file_path": "/data/shapenet_blender/all_50_random/02958343/445185842d893b6978fe949fc1419876/r_22",
            "rotation": 0.12566370614359174,
            "transform_matrix": [
                [
                    -0.9985570311546326,
                    -0.004571828059852123,
                    0.05350753664970398,
                    0.21569575369358063
                ],
                [
                    0.053702495992183685,
                    -0.08500965684652328,
                    0.9949318766593933,
                    4.010698318481445
                ],
                [
                    -4.656612873077393e-10,
                    0.9963696002960205,
                    0.08513250946998596,
                    0.3431800901889801
                ],
                [
                    0.0,
                    0.0,
                    0.0,
                    1.0
                ]
            ]
        },
        {
            "file_path": "/data/shapenet_blender/all_50_random/02958343/445185842d893b6978fe949fc1419876/r_23",
            "rotation": 0.12566370614359174,
            "transform_matrix": [
                [
                    0.6914708614349365,
                    -0.21974670886993408,
                    -0.6881709694862366,
                    -2.774106025695801
                ],
                [
                    -0.7224041819572449,
                    -0.21033717691898346,
                    -0.6587035059928894,
                    -2.6553187370300293
                ],
                [
                    -1.4901161193847656e-08,
                    0.9526119828224182,
                    -0.30418798327445984,
                    -1.226220965385437
                ],
                [
                    0.0,
                    0.0,
                    0.0,
                    1.0
                ]
            ]
        },
        {
            "file_path": "/data/shapenet_blender/all_50_random/02958343/445185842d893b6978fe949fc1419876/r_24",
            "rotation": 0.12566370614359174,
            "transform_matrix": [
                [
                    -0.6627752780914307,
                    0.7194433212280273,
                    0.20767802000045776,
                    0.8371769189834595
                ],
                [
                    0.7488182783126831,
                    0.6367756128311157,
                    0.18381476402282715,
                    0.7409811019897461
                ],
                [
                    1.4901161193847656e-08,
                    0.2773408591747284,
                    -0.9607715010643005,
                    -3.8729939460754395
                ],
                [
                    0.0,
                    0.0,
                    0.0,
                    1.0
                ]
            ]
        },
        {
            "file_path": "/data/shapenet_blender/all_50_random/02958343/445185842d893b6978fe949fc1419876/r_25",
            "rotation": 0.12566370614359174,
            "transform_matrix": [
                [
                    0.29248034954071045,
                    0.690187394618988,
                    -0.6618885397911072,
                    -2.6681580543518066
                ],
                [
                    -0.9562714695930481,
                    0.21109725534915924,
                    -0.20244188606739044,
                    -0.8160693645477295
                ],
                [
                    1.4901160305669237e-08,
                    0.6921554207801819,
                    0.721748411655426,
                    2.90946102142334
                ],
                [
                    0.0,
                    0.0,
                    0.0,
                    1.0
                ]
            ]
        },
        {
            "file_path": "/data/shapenet_blender/all_50_random/02958343/445185842d893b6978fe949fc1419876/r_26",
            "rotation": 0.12566370614359174,
            "transform_matrix": [
                [
                    0.7230140566825867,
                    -0.11209455132484436,
                    -0.6816783547401428,
                    -2.7479336261749268
                ],
                [
                    -0.690833330154419,
                    -0.11731620132923126,
                    -0.7134326696395874,
                    -2.87593936920166
                ],
                [
                    0.0,
                    0.9867480397224426,
                    -0.16225989162921906,
                    -0.6540905833244324
                ],
                [
                    0.0,
                    0.0,
                    0.0,
                    1.0
                ]
            ]
        },
        {
            "file_path": "/data/shapenet_blender/all_50_random/02958343/445185842d893b6978fe949fc1419876/r_27",
            "rotation": 0.12566370614359174,
            "transform_matrix": [
                [
                    -0.9895340800285339,
                    -0.03402697294950485,
                    0.1402300000190735,
                    0.5652852058410645
                ],
                [
                    0.14429929852485657,
                    -0.23334035277366638,
                    0.9616288542747498,
                    3.8764498233795166
                ],
                [
                    -3.725290298461914e-09,
                    0.9717994928359985,
                    0.2358083426952362,
                    0.9505738615989685
                ],
                [
                    0.0,
                    0.0,
                    0.0,
                    1.0
                ]
            ]
        },
        {
            "file_path": "/data/shapenet_blender/all_50_random/02958343/445185842d893b6978fe949fc1419876/r_28",
            "rotation": 0.12566370614359174,
            "transform_matrix": [
                [
                    -0.9341665506362915,
                    -0.15483635663986206,
                    -0.32149431109428406,
                    -1.2959849834442139
                ],
                [
                    -0.35683736205101013,
                    0.40534695982933044,
                    0.8416417837142944,
                    3.3927664756774902
                ],
                [
                    0.0,
                    0.9009546041488647,
                    -0.4339130222797394,
                    -1.749159336090088
                ],
                [
                    0.0,
                    0.0,
                    0.0,
                    1.0
                ]
            ]
        },
        {
            "file_path": "/data/shapenet_blender/all_50_random/02958343/445185842d893b6978fe949fc1419876/r_29",
            "rotation": 0.12566370614359174,
            "transform_matrix": [
                [
                    -0.9720498323440552,
                    -0.021599501371383667,
                    0.23377910256385803,
                    0.9423937797546387
                ],
                [
                    0.23477484285831451,
                    -0.08942947536706924,
                    0.9679271578788757,
                    3.9018394947052
                ],
                [
                    0.0,
                    0.9957588315010071,
                    0.09200092405080795,
                    0.37086760997772217
                ],
                [
                    0.0,
                    0.0,
                    0.0,
                    1.0
                ]
            ]
        },
        {
            "file_path": "/data/shapenet_blender/all_50_random/02958343/445185842d893b6978fe949fc1419876/r_30",
            "rotation": 0.12566370614359174,
            "transform_matrix": [
                [
                    0.3290340006351471,
                    -0.8056215047836304,
                    0.49265652894973755,
                    1.9859620332717896
                ],
                [
                    0.9443181753158569,
                    0.28070715069770813,
                    -0.17165905237197876,
                    -0.6919797658920288
                ],
                [
                    1.4901162970204496e-08,
                    0.5217061042785645,
                    0.8531252145767212,
                    3.4390578269958496
                ],
                [
                    0.0,
                    0.0,
                    0.0,
                    1.0
                ]
            ]
        },
        {
            "file_path": "/data/shapenet_blender/all_50_random/02958343/445185842d893b6978fe949fc1419876/r_31",
            "rotation": 0.12566370614359174,
            "transform_matrix": [
                [
                    0.15574544668197632,
                    0.39339542388916016,
                    0.9060813188552856,
                    3.6525306701660156
                ],
                [
                    0.9877973198890686,
                    -0.06202643737196922,
                    -0.14286133646965027,
                    -0.575892448425293
                ],
                [
                    0.0,
                    0.917274534702301,
                    -0.39825528860092163,
                    -1.6054184436798096
                ],
                [
                    0.0,
                    0.0,
                    0.0,
                    1.0
                ]
            ]
        },
        {
            "file_path": "/data/shapenet_blender/all_50_random/02958343/445185842d893b6978fe949fc1419876/r_32",
            "rotation": 0.12566370614359174,
            "transform_matrix": [
                [
                    -0.8005306124687195,
                    0.45331624150276184,
                    -0.39198869466781616,
                    -1.580156922340393
                ],
                [
                    -0.5992919206619263,
                    -0.6055371761322021,
                    0.5236161947250366,
                    2.110764503479004
                ],
                [
                    -1.4901161193847656e-08,
                    0.6540863513946533,
                    0.756419837474823,
                    3.0492258071899414
                ],
                [
                    0.0,
                    0.0,
                    0.0,
                    1.0
                ]
            ]
        },
        {
            "file_path": "/data/shapenet_blender/all_50_random/02958343/445185842d893b6978fe949fc1419876/r_33",
            "rotation": 0.12566370614359174,
            "transform_matrix": [
                [
                    -0.9797890782356262,
                    -0.059858936816453934,
                    -0.19086682796478271,
                    -0.7694088220596313
                ],
                [
                    -0.20003308355808258,
                    0.2931971549987793,
                    0.9348915219306946,
                    3.7686681747436523
                ],
                [
                    0.0,
                    0.9541761875152588,
                    -0.2992451786994934,
                    -1.2062958478927612
                ],
                [
                    0.0,
                    0.0,
                    0.0,
                    1.0
                ]
            ]
        },
        {
            "file_path": "/data/shapenet_blender/all_50_random/02958343/445185842d893b6978fe949fc1419876/r_34",
            "rotation": 0.12566370614359174,
            "transform_matrix": [
                [
                    -0.6404592990875244,
                    -0.5886503458023071,
                    -0.493257075548172,
                    -1.9883828163146973
                ],
                [
                    -0.7679921388626099,
                    0.49089908599853516,
                    0.41134679317474365,
                    1.6581919193267822
                ],
                [
                    0.0,
                    0.6422683596611023,
                    -0.7664797902107239,
                    -3.0897789001464844
                ],
                [
                    0.0,
                    0.0,
                    0.0,
                    1.0
                ]
            ]
        },
        {
            "file_path": "/data/shapenet_blender/all_50_random/02958343/445185842d893b6978fe949fc1419876/r_35",
            "rotation": 0.12566370614359174,
            "transform_matrix": [
                [
                    0.9185923337936401,
                    0.33669790625572205,
                    -0.20693649351596832,
                    -0.8341876864433289
                ],
                [
                    -0.3952065706253052,
                    0.782598614692688,
                    -0.4809897243976593,
                    -1.9389315843582153
                ],
                [
                    -1.4901162970204496e-08,
                    0.5236160159111023,
                    0.8519543409347534,
                    3.434337854385376
                ],
                [
                    0.0,
                    0.0,
                    0.0,
                    1.0
                ]
            ]
        },
        {
            "file_path": "/data/shapenet_blender/all_50_random/02958343/445185842d893b6978fe949fc1419876/r_36",
            "rotation": 0.12566370614359174,
            "transform_matrix": [
                [
                    -0.8857178688049316,
                    -0.2273389846086502,
                    -0.40474793314933777,
                    -1.6315912008285522
                ],
                [
                    -0.46422407031059265,
                    0.4337522089481354,
                    0.7722402215003967,
                    3.1130001544952393
                ],
                [
                    0.0,
                    0.8718805909156799,
                    -0.48971831798553467,
                    -1.9741177558898926
                ],
                [
                    0.0,
                    0.0,
                    0.0,
                    1.0
                ]
            ]
        },
        {
            "file_path": "/data/shapenet_blender/all_50_random/02958343/445185842d893b6978fe949fc1419876/r_37",
            "rotation": 0.12566370614359174,
            "transform_matrix": [
                [
                    0.9979976415634155,
                    0.04115923494100571,
                    -0.048027586191892624,
                    -0.19360539317131042
                ],
                [
                    -0.06325133889913559,
                    0.6494221091270447,
                    -0.7577929496765137,
                    -3.0547611713409424
                ],
                [
                    -1.862645149230957e-09,
                    0.7593133449554443,
                    0.6507251262664795,
                    2.623156785964966
                ],
                [
                    0.0,
                    0.0,
                    0.0,
                    1.0
                ]
            ]
        },
        {
            "file_path": "/data/shapenet_blender/all_50_random/02958343/445185842d893b6978fe949fc1419876/r_38",
            "rotation": 0.12566370614359174,
            "transform_matrix": [
                [
                    0.8623287081718445,
                    -0.19792620837688446,
                    0.4660625457763672,
                    1.878758192062378
                ],
                [
                    0.506348729133606,
                    0.3370749354362488,
                    -0.793720006942749,
                    -3.19958758354187
                ],
                [
                    0.0,
                    0.920437753200531,
                    0.39088910818099976,
                    1.5757243633270264
                ],
                [
                    0.0,
                    0.0,
                    0.0,
                    1.0
                ]
            ]
        },
        {
            "file_path": "/data/shapenet_blender/all_50_random/02958343/445185842d893b6978fe949fc1419876/r_39",
            "rotation": 0.12566370614359174,
            "transform_matrix": [
                [
                    0.7294921875,
                    0.10181110352277756,
                    0.6763693690299988,
                    2.726532220840454
                ],
                [
                    0.6839890480041504,
                    -0.1085842028260231,
                    -0.7213656306266785,
                    -2.9079179763793945
                ],
                [
                    -7.450580596923828e-09,
                    0.9888598918914795,
                    -0.1488490104675293,
                    -0.6000295281410217
                ],
                [
                    0.0,
                    0.0,
                    0.0,
                    1.0
                ]
            ]
        },
        {
            "file_path": "/data/shapenet_blender/all_50_random/02958343/445185842d893b6978fe949fc1419876/r_40",
            "rotation": 0.12566370614359174,
            "transform_matrix": [
                [
                    -0.849160373210907,
                    -0.14547577500343323,
                    0.5077040791511536,
                    2.0466206073760986
                ],
                [
                    0.5281350016593933,
                    -0.23390281200408936,
                    0.8163105249404907,
                    3.2906529903411865
                ],
                [
                    7.4505797087454084e-09,
                    0.9613149166107178,
                    0.2754518389701843,
                    1.110381841659546
                ],
                [
                    0.0,
                    0.0,
                    0.0,
                    1.0
                ]
            ]
        },
        {
            "file_path": "/data/shapenet_blender/all_50_random/02958343/445185842d893b6978fe949fc1419876/r_41",
            "rotation": 0.12566370614359174,
            "transform_matrix": [
                [
                    -0.9660243391990662,
                    0.13844196498394012,
                    0.21824483573436737,
                    0.879772961139679
                ],
                [
                    0.25845107436180115,
                    0.5174607634544373,
                    0.8157435655593872,
                    3.2883670330047607
                ],
                [
                    7.4505792646561986e-09,
