{
    "class": "02958343",
    "model": "6d3d67957e1ca228ca92a4cdad802b45",
    "remove_doubles": true,
    "edge_split": true,
    "denoise": true,
    "camera_angle_x": 0.6911112070083618,
    "scale_factor": 2.2933018323350987,
    "hdri_file": "/data/IndoorHDRDataset2018/9C4A9018-a00e7c48c1.exr",
    "center_offset": [
        0.0,
        -3.259629011154175e-09,
        -7.450580596923828e-09
    ],
    "lights": [],
    "frames": [
        {
            "file_path": "/data/shapenet_blender/all_50_random/02958343/6d3d67957e1ca228ca92a4cdad802b45/r_0",
            "rotation": 0.12566370614359174,
            "transform_matrix": [
                [
                    -0.9925358891487122,
                    0.096339151263237,
                    0.07477407157421112,
                    0.30142396688461304
                ],
                [
                    0.12195240706205368,
                    0.7840768694877625,
                    0.6085647940635681,
                    2.4532034397125244
                ],
                [
                    -3.7252896323280993e-09,
                    0.6131414175033569,
                    -0.7899731397628784,
                    -3.184483766555786
                ],
                [
                    0.0,
                    0.0,
                    0.0,
                    1.0
                ]
            ]
        },
        {
            "file_path": "/data/shapenet_blender/all_50_random/02958343/6d3d67957e1ca228ca92a4cdad802b45/r_1",
            "rotation": 0.12566370614359174,
            "transform_matrix": [
                [
                    0.09897278249263763,
                    0.10845253616571426,
                    -0.9891624450683594,
                    -3.9874415397644043
                ],
                [
                    -0.9950902462005615,
                    0.010786810889840126,
                    -0.09838319569826126,
                    -0.39659538865089417
                ],
                [
                    9.31322685637781e-10,
                    0.9940429925918579,
                    0.10898767411708832,
                    0.4393433928489685
                ],
                [
                    0.0,
                    0.0,
                    0.0,
                    1.0
                ]
            ]
        },
        {
            "file_path": "/data/shapenet_blender/all_50_random/02958343/6d3d67957e1ca228ca92a4cdad802b45/r_2",
            "rotation": 0.12566370614359174,
            "transform_matrix": [
                [
                    -0.8328534364700317,
                    0.26215025782585144,
                    0.48747557401657104,
                    1.9650769233703613
                ],
                [
                    0.5534936189651489,
                    0.3944629430770874,
                    0.733514666557312,
                    2.956892251968384
                ],
                [
                    1.4901161193847656e-08,
                    0.8807248473167419,
                    -0.4736282527446747,
                    -1.9092565774917603
                ],
                [
                    0.0,
                    0.0,
                    0.0,
                    1.0
                ]
            ]
        },
        {
            "file_path": "/data/shapenet_blender/all_50_random/02958343/6d3d67957e1ca228ca92a4cdad802b45/r_3",
            "rotation": 0.12566370614359174,
            "transform_matrix": [
                [
                    0.711388111114502,
                    0.03901057317852974,
                    0.701715886592865,
                    2.828707218170166
                ],
                [
                    0.7027994394302368,
                    -0.03948730230331421,
                    -0.7102912664413452,
                    -2.8632757663726807
                ],
                [
                    -1.862645371275562e-09,
                    0.998458206653595,
                    -0.05550740659236908,
                    -0.2237575203180313
                ],
                [
                    0.0,
                    0.0,
                    0.0,
                    1.0
                ]
            ]
        },
        {
            "file_path": "/data/shapenet_blender/all_50_random/02958343/6d3d67957e1ca228ca92a4cdad802b45/r_4",
            "rotation": 0.12566370614359174,
            "transform_matrix": [
                [
                    -0.42776694893836975,
                    -0.20121198892593384,
                    -0.8812089562416077,
                    -3.5522665977478027
                ],
                [
                    -0.903889000415802,
                    0.09522390365600586,
                    0.4170335829257965,
                    1.681115984916687
                ],
                [
                    0.0,
                    0.9749082326889038,
                    -0.22260697185993195,
                    -0.8973572850227356
                ],
                [
                    0.0,
                    0.0,
                    0.0,
                    1.0
                ]
            ]
        },
        {
            "file_path": "/data/shapenet_blender/all_50_random/02958343/6d3d67957e1ca228ca92a4cdad802b45/r_5",
            "rotation": 0.12566370614359174,
            "transform_matrix": [
                [
                    0.06851643323898315,
                    -0.07034619152545929,
                    0.9951668381690979,
                    4.011645317077637
                ],
                [
                    0.9976499676704407,
                    0.004831223748624325,
                    -0.06834589689970016,
                    -0.27551108598709106
                ],
                [
                    0.0,
                    0.9975109100341797,
                    0.07051190733909607,
                    0.28424257040023804
                ],
                [
                    0.0,
                    0.0,
                    0.0,
                    1.0
                ]
            ]
        },
        {
            "file_path": "/data/shapenet_blender/all_50_random/02958343/6d3d67957e1ca228ca92a4cdad802b45/r_6",
            "rotation": 0.12566370614359174,
            "transform_matrix": [
                [
                    0.984685480594635,
                    0.16678296029567719,
                    0.05077315866947174,
                    0.2046731561422348
                ],
                [
                    0.17434009909629822,
                    -0.9420022368431091,
                    -0.28677046298980713,
                    -1.1560087203979492
                ],
                [
                    0.0,
                    0.2912304699420929,
                    -0.9566528797149658,
                    -3.856391191482544
                ],
                [
                    0.0,
                    0.0,
                    0.0,
                    1.0
                ]
            ]
        },
        {
            "file_path": "/data/shapenet_blender/all_50_random/02958343/6d3d67957e1ca228ca92a4cdad802b45/r_7",
            "rotation": 0.12566370614359174,
            "transform_matrix": [
                [
                    0.4193718731403351,
                    -0.21210473775863647,
                    -0.8826884031295776,
                    -3.5582308769226074
                ],
                [
                    -0.907814621925354,
                    -0.09798339754343033,
                    -0.40776464343070984,
                    -1.643751859664917
                ],
                [
                    7.450580596923828e-09,
                    0.972322404384613,
                    -0.23364323377609253,
                    -0.9418460130691528
                ],
                [
                    0.0,
                    0.0,
                    0.0,
                    1.0
                ]
            ]
        },
        {
            "file_path": "/data/shapenet_blender/all_50_random/02958343/6d3d67957e1ca228ca92a4cdad802b45/r_8",
            "rotation": 0.12566370614359174,
            "transform_matrix": [
                [
                    0.9497199058532715,
                    -0.11886341124773026,
                    0.28966131806373596,
                    1.1676621437072754
                ],
                [
                    0.3131009638309479,
                    0.3605448603630066,
                    -0.8786211609840393,
                    -3.541835308074951
                ],
                [
                    7.450581485102248e-09,
                    0.9251372218132019,
                    0.3796328604221344,
                    1.5303490161895752
                ],
                [
                    0.0,
                    0.0,
                    0.0,
                    1.0
                ]
            ]
        },
        {
            "file_path": "/data/shapenet_blender/all_50_random/02958343/6d3d67957e1ca228ca92a4cdad802b45/r_9",
            "rotation": 0.12566370614359174,
            "transform_matrix": [
                [
                    0.9893142580986023,
                    0.010856362991034985,
                    -0.14539431035518646,
                    -0.5861032009124756
                ],
                [
                    -0.14579904079437256,
                    0.07366545498371124,
                    -0.9865678548812866,
                    -3.9769821166992188
                ],
                [
                    0.0,
                    0.9972237944602966,
                    0.07446114718914032,
                    0.30016249418258667
                ],
                [
                    0.0,
                    0.0,
                    0.0,
                    1.0
                ]
            ]
        },
        {
            "file_path": "/data/shapenet_blender/all_50_random/02958343/6d3d67957e1ca228ca92a4cdad802b45/r_10",
            "rotation": 0.12566370614359174,
            "transform_matrix": [
                [
                    0.15385133028030396,
                    -0.2158290296792984,
                    -0.9642341136932373,
                    -3.8869524002075195
                ],
                [
                    -0.9880940318107605,
                    -0.03360569477081299,
                    -0.15013623237609863,
                    -0.6052185893058777
                ],
                [
                    0.0,
                    0.9758526086807251,
                    -0.21842963993549347,
                    -0.8805180788040161
                ],
                [
                    0.0,
                    0.0,
                    0.0,
                    1.0
                ]
            ]
        },
        {
            "file_path": "/data/shapenet_blender/all_50_random/02958343/6d3d67957e1ca228ca92a4cdad802b45/r_11",
            "rotation": 0.12566370614359174,
            "transform_matrix": [
                [
                    0.28409481048583984,
                    -0.21775919198989868,
                    0.9337403178215027,
                    3.7640275955200195
                ],
                [
                    0.9587961435317993,
                    0.06452284753322601,
                    -0.2766706943511963,
                    -1.1152952909469604
                ],
                [
                    0.0,
                    0.9738672971725464,
                    0.22711731493473053,
                    0.9155392050743103
                ],
                [
                    0.0,
                    0.0,
                    0.0,
                    1.0
                ]
            ]
        },
        {
            "file_path": "/data/shapenet_blender/all_50_random/02958343/6d3d67957e1ca228ca92a4cdad802b45/r_12",
            "rotation": 0.12566370614359174,
            "transform_matrix": [
                [
                    0.8465871214866638,
                    0.36280885338783264,
                    -0.38943544030189514,
                    -1.5698646306991577
                ],
                [
                    -0.532250165939331,
                    0.5770769119262695,
                    -0.6194286942481995,
                    -2.496997117996216
                ],
                [
                    -1.4901160305669237e-08,
                    0.7316774725914001,
                    0.6816508769989014,
                    2.7478227615356445
                ],
                [
                    0.0,
                    0.0,
                    0.0,
                    1.0
                ]
            ]
        },
        {
            "file_path": "/data/shapenet_blender/all_50_random/02958343/6d3d67957e1ca228ca92a4cdad802b45/r_13",
            "rotation": 0.12566370614359174,
            "transform_matrix": [
                [
                    0.12713710963726044,
                    0.5385398268699646,
                    0.8329530954360962,
                    3.357741594314575
                ],
                [
                    0.991885244846344,
                    -0.06902854889631271,
                    -0.10676562786102295,
                    -0.4303860366344452
                ],
                [
                    0.0,
                    0.8397676348686218,
                    -0.5429457426071167,
                    -2.1886844635009766
                ],
                [
                    0.0,
                    0.0,
                    0.0,
                    1.0
                ]
            ]
        },
        {
            "file_path": "/data/shapenet_blender/all_50_random/02958343/6d3d67957e1ca228ca92a4cdad802b45/r_14",
            "rotation": 0.12566370614359174,
            "transform_matrix": [
                [
                    -0.3981133699417114,
                    -0.8431779742240906,
                    -0.3613260090351105,
                    -1.4565515518188477
                ],
                [
                    -0.9173362255096436,
                    0.36592957377433777,
                    0.15681134164333344,
                    0.6321266889572144
                ],
                [
                    0.0,
                    0.39388617873191833,
                    -0.9191593527793884,
                    -3.705249309539795
                ],
                [
                    0.0,
                    0.0,
                    0.0,
                    1.0
                ]
            ]
        },
        {
            "file_path": "/data/shapenet_blender/all_50_random/02958343/6d3d67957e1ca228ca92a4cdad802b45/r_15",
            "rotation": 0.12566370614359174,
            "transform_matrix": [
                [
                    -0.9271122813224792,
                    -0.12160549312829971,
                    0.3545064926147461,
                    1.4290615320205688
                ],
                [
                    0.37478360533714294,
                    -0.3008188009262085,
                    0.8769522309303284,
                    3.5351078510284424
                ],
                [
                    7.4505797087454084e-09,
                    0.945896565914154,
                    0.3244684934616089,
                    1.3079744577407837
                ],
                [
                    0.0,
                    0.0,
                    0.0,
                    1.0
                ]
            ]
        },
        {
            "file_path": "/data/shapenet_blender/all_50_random/02958343/6d3d67957e1ca228ca92a4cdad802b45/r_16",
            "rotation": 0.12566370614359174,
            "transform_matrix": [
                [
                    0.6031450629234314,
                    -0.2703895568847656,
                    0.7504034042358398,
                    3.0249733924865723
                ],
                [
                    0.797631561756134,
                    0.2044605165719986,
                    -0.5674326419830322,
                    -2.2873942852020264
                ],
                [
                    0.0,
                    0.9407896995544434,
                    0.33899059891700745,
                    1.3665149211883545
                ],
                [
                    0.0,
                    0.0,
                    0.0,
                    1.0
                ]
            ]
        },
        {
            "file_path": "/data/shapenet_blender/all_50_random/02958343/6d3d67957e1ca228ca92a4cdad802b45/r_17",
            "rotation": 0.12566370614359174,
            "transform_matrix": [
                [
                    0.4184742569923401,
                    0.10053341835737228,
                    -0.9026474356651306,
                    -3.638688087463379
                ],
                [
                    -0.9082287549972534,
                    0.04632164537906647,
                    -0.41590261459350586,
                    -1.6765570640563965
                ],
                [
                    3.725290298461914e-09,
                    0.993854820728302,
                    0.11069174110889435,
                    0.44621267914772034
                ],
                [
                    0.0,
                    0.0,
                    0.0,
                    1.0
                ]
            ]
        },
        {
            "file_path": "/data/shapenet_blender/all_50_random/02958343/6d3d67957e1ca228ca92a4cdad802b45/r_18",
            "rotation": 0.12566370614359174,
            "transform_matrix": [
                [
                    -0.34191814064979553,
                    0.19901444017887115,
                    0.9184145331382751,
                    3.702247381210327
                ],
                [
                    0.9397297501564026,
                    0.07241086661815643,
                    0.3341626822948456,
                    1.347052812576294
                ],
                [
                    7.450580596923828e-09,
                    0.9773176312446594,
                    -0.21177838742733002,
                    -0.8537060022354126
                ],
                [
                    0.0,
                    0.0,
                    0.0,
                    1.0
                ]
            ]
        },
        {
            "file_path": "/data/shapenet_blender/all_50_random/02958343/6d3d67957e1ca228ca92a4cdad802b45/r_19",
            "rotation": 0.12566370614359174,
            "transform_matrix": [
                [
                    0.9866846203804016,
                    0.08272083103656769,
                    0.14003807306289673,
                    0.5645115375518799
                ],
                [
                    0.16264499723911285,
                    -0.5018252730369568,
                    -0.8495398759841919,
                    -3.424604892730713
                ],
                [
                    0.0,
                    0.8610045313835144,
                    -0.5085973739624023,
                    -2.0502216815948486
                ],
                [
                    0.0,
                    0.0,
                    0.0,
                    1.0
                ]
            ]
        },
        {
            "file_path": "/data/shapenet_blender/all_50_random/02958343/6d3d67957e1ca228ca92a4cdad802b45/r_20",
            "rotation": 0.12566370614359174,
            "transform_matrix": [
                [
                    -0.9857105612754822,
                    -0.15217886865139008,
                    -0.07222255319356918,
                    -0.2911384105682373
                ],
                [
                    -0.16844730079174042,
                    0.8905117511749268,
                    0.42262786626815796,
                    1.703667402267456
                ],
                [
                    7.4505792646561986e-09,
                    0.4287545680999756,
                    -0.9034210443496704,
                    -3.6418066024780273
                ],
                [
                    0.0,
                    0.0,
                    0.0,
                    1.0
                ]
            ]
        },
        {
            "file_path": "/data/shapenet_blender/all_50_random/02958343/6d3d67957e1ca228ca92a4cdad802b45/r_21",
            "rotation": 0.12566370614359174,
            "transform_matrix": [
                [
                    -0.988464891910553,
                    0.029021374881267548,
                    0.14864355325698853,
                    0.5992013216018677
                ],
                [
                    0.15145015716552734,
                    0.1894128918647766,
                    0.9701471924781799,
                    3.9107882976531982
                ],
                [
                    -1.8626450382086546e-09,
                    0.9814686179161072,
                    -0.1916232705116272,
                    -0.7724580764770508
                ],
                [
                    0.0,
                    0.0,
                    0.0,
                    1.0
                ]
            ]
        },
        {
            "file_path": "/data/shapenet_blender/all_50_random/02958343/6d3d67957e1ca228ca92a4cdad802b45/r_22",
            "rotation": 0.12566370614359174,
            "transform_matrix": [
                [
                    -0.13849736750125885,
                    0.1289493888616562,
                    0.9819320440292358,
                    3.958294630050659
                ],
                [
                    0.990362823009491,
                    0.01803293637931347,
                    0.13731835782527924,
                    0.5535479784011841
                ],
                [
                    0.0,
                    0.9914872646331787,
                    -0.1302041858434677,
                    -0.5248698592185974
                ],
                [
                    0.0,
                    0.0,
                    0.0,
                    1.0
                ]
            ]
        },
        {
            "file_path": "/data/shapenet_blender/all_50_random/02958343/6d3d67957e1ca228ca92a4cdad802b45/r_23",
            "rotation": 0.12566370614359174,
            "transform_matrix": [
                [
                    -0.1685301810503006,
                    -0.43256545066833496,
                    0.8857113718986511,
                    3.5704169273376465
                ],
                [
                    0.98569655418396,
                    -0.07395818829536438,
                    0.15143513679504395,
                    0.6104546189308167
                ],
                [
                    0.0,
                    0.8985639810562134,
                    0.43884241580963135,
                    1.7690304517745972
                ],
                [
                    0.0,
                    0.0,
                    0.0,
                    1.0
                ]
            ]
        },
        {
            "file_path": "/data/shapenet_blender/all_50_random/02958343/6d3d67957e1ca228ca92a4cdad802b45/r_24",
            "rotation": 0.12566370614359174,
            "transform_matrix": [
                [
                    -0.8666492104530334,
                    -0.04643625393509865,
                    -0.4967523217201233,
                    -2.0024726390838623
                ],
                [
                    -0.4989180266857147,
                    0.08066242933273315,
                    0.8628872036933899,
                    3.4784095287323
                ],
                [
                    0.0,
                    0.9956591725349426,
                    -0.09307390451431274,
                    -0.37519291043281555
                ],
                [
                    0.0,
                    0.0,
                    0.0,
                    1.0
                ]
            ]
        },
        {
            "file_path": "/data/shapenet_blender/all_50_random/02958343/6d3d67957e1ca228ca92a4cdad802b45/r_25",
            "rotation": 0.12566370614359174,
            "transform_matrix": [
                [
                    0.9551880359649658,
                    0.008105444721877575,
                    -0.295888751745224,
                    -1.192765712738037
                ],
                [
                    -0.29599976539611816,
                    0.02615618146955967,
                    -0.9548298120498657,
                    -3.8490421772003174
                ],
                [
                    -4.656612873077393e-10,
                    0.999625027179718,
                    0.02738327905535698,
                    0.11038552969694138
                ],
                [
                    0.0,
                    0.0,
                    0.0,
                    1.0
                ]
            ]
        },
        {
            "file_path": "/data/shapenet_blender/all_50_random/02958343/6d3d67957e1ca228ca92a4cdad802b45/r_26",
            "rotation": 0.12566370614359174,
            "transform_matrix": [
                [
                    0.8184181451797485,
                    0.14504362642765045,
                    0.556016206741333,
                    2.241373062133789
                ],
                [
                    0.5746230483055115,
                    -0.2065812200307846,
                    -0.7919169664382935,
                    -3.192319393157959
                ],
                [
                    0.0,
                    0.9676190614700317,
                    -0.2524152100086212,
                    -1.0175182819366455
                ],
                [
                    0.0,
                    0.0,
                    0.0,
                    1.0
                ]
            ]
        },
        {
            "file_path": "/data/shapenet_blender/all_50_random/02958343/6d3d67957e1ca228ca92a4cdad802b45/r_27",
            "rotation": 0.12566370614359174,
            "transform_matrix": [
                [
                    -0.8627018928527832,
                    -0.07776541262865067,
                    0.49969786405563354,
                    2.0143465995788574
                ],
                [
                    0.5057128071784973,
                    -0.13266101479530334,
                    0.8524409532546997,
                    3.4362995624542236
                ],
                [
                    7.450580596923828e-09,
                    0.9881059527397156,
                    0.15377387404441833,
                    0.619882345199585
                ],
                [
                    0.0,
                    0.0,
                    0.0,
                    1.0
                ]
            ]
        },
        {
            "file_path": "/data/shapenet_blender/all_50_random/02958343/6d3d67957e1ca228ca92a4cdad802b45/r_28",
            "rotation": 0.12566370614359174,
            "transform_matrix": [
                [
                    -0.8641072511672974,
                    -0.06964010745286942,
                    -0.4984666407108307,
                    -2.0093834400177
                ],
                [
                    -0.5033078193664551,
                    0.1195620447397232,
                    0.8557955622673035,
                    3.449822425842285
                ],
                [
                    -7.450580596923828e-09,
                    0.9903813600540161,
                    -0.13836482167243958,
                    -0.5577664971351624
                ],
                [
                    0.0,
                    0.0,
                    0.0,
                    1.0
                ]
            ]
        },
        {
            "file_path": "/data/shapenet_blender/all_50_random/02958343/6d3d67957e1ca228ca92a4cdad802b45/r_29",
            "rotation": 0.12566370614359174,
            "transform_matrix": [
                [
                    0.8500568866729736,
                    -0.05190769210457802,
                    -0.5241268277168274,
                    -2.1128227710723877
                ],
                [
                    -0.5266909599304199,
                    -0.0837768167257309,
                    -0.8459184765815735,
                    -3.410006523132324
                ],
                [
                    0.0,
                    0.9951315522193909,
                    -0.09855438023805618,
                    -0.3972854018211365
                ],
                [
                    0.0,
                    0.0,
                    0.0,
                    1.0
                ]
            ]
        },
        {
            "file_path": "/data/shapenet_blender/all_50_random/02958343/6d3d67957e1ca228ca92a4cdad802b45/r_30",
            "rotation": 0.12566370614359174,
            "transform_matrix": [
                [
                    -0.9301583766937256,
                    -0.24039098620414734,
                    0.27752047777175903,
                    1.1187207698822021
                ],
                [
                    0.3671586513519287,
                    -0.6090056896209717,
                    0.7030693888664246,
                    2.8341634273529053
                ],
                [
                    0.0,
                    0.7558598518371582,
                    0.6547333598136902,
                    2.639314651489258
                ],
                [
                    0.0,
                    0.0,
                    0.0,
                    1.0
                ]
            ]
        },
        {
            "file_path": "/data/shapenet_blender/all_50_random/02958343/6d3d67957e1ca228ca92a4cdad802b45/r_31",
            "rotation": 0.12566370614359174,
            "transform_matrix": [
                [
                    0.9315069317817688,
                    0.24851754307746887,
                    0.26558223366737366,
                    1.0705962181091309
                ],
                [
                    0.36372363567352295,
                    -0.6364606618881226,
                    -0.6801638603210449,
                    -2.741828203201294
                ],
                [
                    0.0,
                    0.7301758527755737,
                    -0.6832592487335205,
                    -2.7543060779571533
                ],
                [
                    0.0,
                    0.0,
                    0.0,
                    1.0
                ]
            ]
        },
        {
            "file_path": "/data/shapenet_blender/all_50_random/02958343/6d3d67957e1ca228ca92a4cdad802b45/r_32",
            "rotation": 0.12566370614359174,
            "transform_matrix": [
                [
                    0.880460798740387,
                    -0.1318071186542511,
                    -0.4554290175437927,
                    -1.8358930349349976
                ],
                [
                    -0.4741188585758209,
                    -0.24477197229862213,
                    -0.8457528948783875,
                    -3.40933895111084
                ],
                [
                    -7.450580596923828e-09,
                    0.9605796933174133,
                    -0.27800437808036804,
                    -1.1206715106964111
                ],
                [
                    0.0,
                    0.0,
                    0.0,
                    1.0
                ]
            ]
        },
        {
            "file_path": "/data/shapenet_blender/all_50_random/02958343/6d3d67957e1ca228ca92a4cdad802b45/r_33",
            "rotation": 0.12566370614359174,
            "transform_matrix": [
                [
                    -0.9974241852760315,
                    0.002251381054520607,
                    -0.07169374078512192,
                    -0.28900671005249023
                ],
                [
                    -0.07172907888889313,
                    -0.0313064344227314,
                    0.9969327449798584,
                    4.018764495849609
                ],
                [
                    2.3283064365386963e-10,
                    0.9995073080062866,
                    0.03138728812336922,
                    0.12652620673179626
                ],
                [
                    0.0,
                    0.0,
                    0.0,
                    1.0
                ]
            ]
        },
        {
            "file_path": "/data/shapenet_blender/all_50_random/02958343/6d3d67957e1ca228ca92a4cdad802b45/r_34",
            "rotation": 0.12566370614359174,
            "transform_matrix": [
                [
                    -0.7518095970153809,
                    0.28813228011131287,
                    0.5930953025817871,
                    2.390843629837036
                ],
                [
                    0.6593801379203796,
                    0.32852157950401306,
                    0.676233172416687,
                    2.725983142852783
                ],
                [
                    1.4901160305669237e-08,
                    0.8994739055633545,
                    -0.4369743764400482,
                    -1.7615000009536743
                ],
                [
                    0.0,
                    0.0,
                    0.0,
                    1.0
                ]
            ]
        },
        {
            "file_path": "/data/shapenet_blender/all_50_random/02958343/6d3d67957e1ca228ca92a4cdad802b45/r_35",
            "rotation": 0.12566370614359174,
            "transform_matrix": [
                [
                    -0.7302076816558838,
                    -0.01240477990359068,
                    0.683112621307373,
                    2.7537150382995605
                ],
                [
                    0.6832252740859985,
                    -0.01325780339539051,
                    0.7300873398780823,
                    2.9430761337280273
                ],
                [
                    0.0,
                    0.9998351335525513,
                    0.018156208097934723,
                    0.07319001853466034
                ],
                [
                    0.0,
                    0.0,
                    0.0,
                    1.0
                ]
            ]
        },
        {
            "file_path": "/data/shapenet_blender/all_50_random/02958343/6d3d67957e1ca228ca92a4cdad802b45/r_36",
            "rotation": 0.12566370614359174,
            "transform_matrix": [
                [
                    0.9089660048484802,
                    0.2742822468280792,
                    0.31392669677734375,
                    1.2654790878295898
                ],
                [
                    0.41687020659446716,
                    -0.5980596542358398,
                    -0.6845025420188904,
                    -2.7593183517456055
                ],
                [
                    0.0,
                    0.7530563473701477,
                    -0.6579559445381165,
                    -2.6523056030273438
                ],
                [
                    0.0,
                    0.0,
                    0.0,
                    1.0
                ]
            ]
        },
        {
            "file_path": "/data/shapenet_blender/all_50_random/02958343/6d3d67957e1ca228ca92a4cdad802b45/r_37",
            "rotation": 0.12566370614359174,
            "transform_matrix": [
                [
                    0.5832481384277344,
                    0.09457512944936752,
                    0.8067695498466492,
                    3.2521920204162598
                ],
                [
                    0.8122940063476562,
                    -0.06790739297866821,
                    -0.5792814493179321,
                    -2.335158109664917
                ],
                [
                    0.0,
                    0.9931988716125488,
                    -0.11642968654632568,
                    -0.46934306621551514
                ],
                [
                    0.0,
                    0.0,
                    0.0,
                    1.0
                ]
            ]
        },
        {
            "file_path": "/data/shapenet_blender/all_50_random/02958343/6d3d67957e1ca228ca92a4cdad802b45/r_38",
            "rotation": 0.12566370614359174,
            "transform_matrix": [
                [
                    -0.8656603097915649,
                    -0.05499120056629181,
                    -0.4976024031639099,
                    -2.005899429321289
                ],
                [
                    -0.5006318092346191,
                    0.09508725255727768,
                    0.8604221343994141,
                    3.468472480773926
                ],
                [
                    0.0,
                    0.9939489960670471,
                    -0.10984358936548233,
                    -0.44279366731643677
                ],
                [
                    0.0,
                    0.0,
                    0.0,
                    1.0
                ]
            ]
        },
        {
            "file_path": "/data/shapenet_blender/all_50_random/02958343/6d3d67957e1ca228ca92a4cdad802b45/r_39",
            "rotation": 0.12566370614359174,
            "transform_matrix": [
                [
                    0.9849146604537964,
                    -0.00974650401622057,
                    -0.17276610434055328,
                    -0.6964424848556519
                ],
                [
                    -0.17304080724716187,
                    -0.055475205183029175,
                    -0.9833510518074036,
                    -3.964015007019043
                ],
                [
                    0.0,
                    0.9984124302864075,
                    -0.056324880570173264,
                    -0.22705286741256714
                ],
                [
                    0.0,
                    0.0,
                    0.0,
                    1.0
                ]
            ]
        },
        {
            "file_path": "/data/shapenet_blender/all_50_random/02958343/6d3d67957e1ca228ca92a4cdad802b45/r_40",
            "rotation": 0.12566370614359174,
            "transform_matrix": [
                [
                    -0.5043831467628479,
                    -0.8628089427947998,
                    0.03403240814805031,
                    0.13718903064727783
                ],
                [
                    0.8634799718856812,
                    -0.5039911866188049,
                    0.01987929455935955,
                    0.0801360011100769
                ],
                [
                    1.862645149230957e-09,
                    0.03941371291875839,
                    0.999222993850708,
                    4.02799654006958
                ],
                [
                    0.0,
                    0.0,
                    0.0,
                    1.0
                ]
            ]
        },
        {
            "file_path": "/data/shapenet_blender/all_50_random/02958343/6d3d67957e1ca228ca92a4cdad802b45/r_41",
            "rotation": 0.12566370614359174,
            "transform_matrix": [
                [
                    0.9560913443565369,
                    -0.2548389136791229,
                    -0.1447291225194931,
                    -0.5834218263626099
                ],
                [
                    -0.29306891560554504,
                    -0.8313719630241394,
                    -0.4721560478210449,
                    -1.9033219814300537
                ],
                [
