{
    "class": "02958343",
    "model": "e4cd5b3cbe9082f536699018d15f07da",
    "remove_doubles": true,
    "edge_split": true,
    "denoise": true,
    "camera_angle_x": 0.6911112070083618,
    "scale_factor": 2.2987078789160904,
    "hdri_file": "/data/IndoorHDRDataset2018/AG8A6477-e723d8d605.exr",
    "center_offset": [
        0.0,
        -3.725290298461914e-09,
        -3.725290298461914e-09
    ],
    "lights": [],
    "frames": [
        {
            "file_path": "/data/shapenet_blender/all_50_random/02958343/e4cd5b3cbe9082f536699018d15f07da/r_0",
            "rotation": 0.12566370614359174,
            "transform_matrix": [
                [
                    0.8915469646453857,
                    -0.4477086365222931,
                    0.06856432557106018,
                    0.2763916254043579
                ],
                [
                    0.452928364276886,
                    0.8812723755836487,
                    -0.13496243953704834,
                    -0.5440509915351868
                ],
                [
                    3.725290298461914e-09,
                    0.15137988328933716,
                    0.9884756207466125,
                    3.984672784805298
                ],
                [
                    0.0,
                    0.0,
                    0.0,
                    1.0
                ]
            ]
        },
        {
            "file_path": "/data/shapenet_blender/all_50_random/02958343/e4cd5b3cbe9082f536699018d15f07da/r_1",
            "rotation": 0.12566370614359174,
            "transform_matrix": [
                [
                    0.8782679438591003,
                    0.20542527735233307,
                    -0.4317938983440399,
                    -1.740617036819458
                ],
                [
                    -0.4781689941883087,
                    0.37731102108955383,
                    -0.7930893301963806,
                    -3.1970455646514893
                ],
                [
                    0.0,
                    0.9030153751373291,
                    0.4296081066131592,
                    1.7318058013916016
                ],
                [
                    0.0,
                    0.0,
                    0.0,
                    1.0
                ]
            ]
        },
        {
            "file_path": "/data/shapenet_blender/all_50_random/02958343/e4cd5b3cbe9082f536699018d15f07da/r_2",
            "rotation": 0.12566370614359174,
            "transform_matrix": [
                [
                    -0.1888265311717987,
                    0.07672291994094849,
                    0.9790086150169373,
                    3.9465103149414062
                ],
                [
                    0.9820104837417603,
                    0.01475271675735712,
                    0.18824930489063263,
                    0.7588573098182678
                ],
                [
                    -9.31322685637781e-10,
                    0.9969432950019836,
                    -0.0781284049153328,
                    -0.31494569778442383
                ],
                [
                    0.0,
                    0.0,
                    0.0,
                    1.0
                ]
            ]
        },
        {
            "file_path": "/data/shapenet_blender/all_50_random/02958343/e4cd5b3cbe9082f536699018d15f07da/r_3",
            "rotation": 0.12566370614359174,
            "transform_matrix": [
                [
                    -0.9990573525428772,
                    -0.012107453308999538,
                    0.04168711602687836,
                    0.16804614663124084
                ],
                [
                    0.04340974614024162,
                    -0.2786480188369751,
                    0.9594116806983948,
                    3.8675122261047363
                ],
                [
                    0.0,
                    0.9603169560432434,
                    0.27891093492507935,
                    1.1243259906768799
                ],
                [
                    0.0,
                    0.0,
                    0.0,
                    1.0
                ]
            ]
        },
        {
            "file_path": "/data/shapenet_blender/all_50_random/02958343/e4cd5b3cbe9082f536699018d15f07da/r_4",
            "rotation": 0.12566370614359174,
            "transform_matrix": [
                [
                    0.6753786206245422,
                    0.6820168495178223,
                    -0.2805650234222412,
                    -1.1309938430786133
                ],
                [
                    -0.7374712228775024,
                    0.6245933175086975,
                    -0.25694239139556885,
                    -1.035767912864685
                ],
                [
                    0.0,
                    0.38044217228889465,
                    0.9248048067092896,
                    3.7280073165893555
                ],
                [
                    0.0,
                    0.0,
                    0.0,
                    1.0
                ]
            ]
        },
        {
            "file_path": "/data/shapenet_blender/all_50_random/02958343/e4cd5b3cbe9082f536699018d15f07da/r_5",
            "rotation": 0.12566370614359174,
            "transform_matrix": [
                [
                    -0.9139215350151062,
                    0.21060922741889954,
                    0.3469744920730591,
                    1.3986990451812744
                ],
                [
                    0.4058911204338074,
                    0.47421661019325256,
                    0.7812623977661133,
                    3.149369716644287
                ],
                [
                    0.0,
                    0.8548463582992554,
                    -0.51888108253479,
                    -2.091676712036133
                ],
                [
                    0.0,
                    0.0,
                    0.0,
                    1.0
                ]
            ]
        },
        {
            "file_path": "/data/shapenet_blender/all_50_random/02958343/e4cd5b3cbe9082f536699018d15f07da/r_6",
            "rotation": 0.12566370614359174,
            "transform_matrix": [
                [
                    0.8057374358177185,
                    -0.13538359105587006,
                    -0.5765920877456665,
                    -2.32431697845459
                ],
                [
                    -0.5922728776931763,
                    -0.18417799472808838,
                    -0.7844050526618958,
                    -3.1620378494262695
                ],
                [
                    0.0,
                    0.9735243320465088,
                    -0.22858315706253052,
                    -0.9214481711387634
                ],
                [
                    0.0,
                    0.0,
                    0.0,
                    1.0
                ]
            ]
        },
        {
            "file_path": "/data/shapenet_blender/all_50_random/02958343/e4cd5b3cbe9082f536699018d15f07da/r_7",
            "rotation": 0.12566370614359174,
            "transform_matrix": [
                [
                    0.9681224226951599,
                    0.05422486364841461,
                    -0.24453771114349365,
                    -0.9857631325721741
                ],
                [
                    -0.2504776418209076,
                    0.2095848172903061,
                    -0.9451640248298645,
                    -3.8100783824920654
                ],
                [
                    0.0,
                    0.9762858152389526,
                    0.21648584306240082,
                    0.8726823925971985
                ],
                [
                    0.0,
                    0.0,
                    0.0,
                    1.0
                ]
            ]
        },
        {
            "file_path": "/data/shapenet_blender/all_50_random/02958343/e4cd5b3cbe9082f536699018d15f07da/r_8",
            "rotation": 0.12566370614359174,
            "transform_matrix": [
                [
                    -0.3252207636833191,
                    0.6601832509040833,
                    0.6770447492599487,
                    2.729254722595215
                ],
                [
                    0.9456381797790527,
                    0.22704805433750153,
                    0.23284700512886047,
                    0.938636302947998
                ],
                [
                    0.0,
                    0.7159660458564758,
                    -0.6981351375579834,
                    -2.81427264213562
                ],
                [
                    0.0,
                    0.0,
                    0.0,
                    1.0
                ]
            ]
        },
        {
            "file_path": "/data/shapenet_blender/all_50_random/02958343/e4cd5b3cbe9082f536699018d15f07da/r_9",
            "rotation": 0.12566370614359174,
            "transform_matrix": [
                [
                    -0.9635869860649109,
                    0.1747049242258072,
                    -0.20243100821971893,
                    -0.8160255551338196
                ],
                [
                    -0.2673950493335724,
                    -0.6295680403709412,
                    0.7294819951057434,
                    2.940636157989502
                ],
                [
                    0.0,
                    0.757048487663269,
                    0.6533586978912354,
                    2.6337733268737793
                ],
                [
                    0.0,
                    0.0,
                    0.0,
                    1.0
                ]
            ]
        },
        {
            "file_path": "/data/shapenet_blender/all_50_random/02958343/e4cd5b3cbe9082f536699018d15f07da/r_10",
            "rotation": 0.12566370614359174,
            "transform_matrix": [
                [
                    0.9970405101776123,
                    0.003605843987315893,
                    0.07679421454668045,
                    0.3095674216747284
                ],
                [
                    0.07687883824110031,
                    -0.04676413536071777,
                    -0.9959430694580078,
                    -4.014775276184082
                ],
                [
                    0.0,
                    0.9988994002342224,
                    -0.04690294340252876,
                    -0.18907183408737183
                ],
                [
                    0.0,
                    0.0,
                    0.0,
                    1.0
                ]
            ]
        },
        {
            "file_path": "/data/shapenet_blender/all_50_random/02958343/e4cd5b3cbe9082f536699018d15f07da/r_11",
            "rotation": 0.12566370614359174,
            "transform_matrix": [
                [
                    -0.9892498850822449,
                    -0.03606986626982689,
                    0.14171670377254486,
                    0.5712783336639404
                ],
                [
                    0.14623495936393738,
                    -0.24400536715984344,
                    0.9586848616600037,
                    3.8645823001861572
                ],
                [
                    0.0,
                    0.9691027998924255,
                    0.24665695428848267,
                    0.9943059682846069
                ],
                [
                    0.0,
                    0.0,
                    0.0,
                    1.0
                ]
            ]
        },
        {
            "file_path": "/data/shapenet_blender/all_50_random/02958343/e4cd5b3cbe9082f536699018d15f07da/r_12",
            "rotation": 0.12566370614359174,
            "transform_matrix": [
                [
                    0.6262643337249756,
                    0.12678305804729462,
                    -0.7692327499389648,
                    -3.1008763313293457
                ],
                [
                    -0.7796106934547424,
                    0.10184533149003983,
                    -0.6179276704788208,
                    -2.490946054458618
                ],
                [
                    7.450580152834618e-09,
                    0.9866881370544434,
                    0.1626235693693161,
                    0.6555565595626831
                ],
                [
                    0.0,
                    0.0,
                    0.0,
                    1.0
                ]
            ]
        },
        {
            "file_path": "/data/shapenet_blender/all_50_random/02958343/e4cd5b3cbe9082f536699018d15f07da/r_13",
            "rotation": 0.12566370614359174,
            "transform_matrix": [
                [
                    -0.9345922470092773,
                    -0.2632925510406494,
                    -0.23919528722763062,
                    -0.9642270803451538
                ],
                [
                    -0.3557209074497223,
                    0.6917535066604614,
                    0.6284422874450684,
                    2.533332109451294
                ],
                [
                    0.0,
                    0.6724241375923157,
                    -0.7401660084724426,
                    -2.9837048053741455
                ],
                [
                    0.0,
                    0.0,
                    0.0,
                    1.0
                ]
            ]
        },
        {
            "file_path": "/data/shapenet_blender/all_50_random/02958343/e4cd5b3cbe9082f536699018d15f07da/r_14",
            "rotation": 0.12566370614359174,
            "transform_matrix": [
                [
                    -0.6957089304924011,
                    -0.2182566225528717,
                    -0.6843633055686951,
                    -2.758756637573242
                ],
                [
                    -0.718323826789856,
                    0.21138527989387512,
                    0.6628175973892212,
                    2.671903133392334
                ],
                [
                    0.0,
                    0.9527226090431213,
                    -0.3038415312767029,
                    -1.2248244285583496
                ],
                [
                    0.0,
                    0.0,
                    0.0,
                    1.0
                ]
            ]
        },
        {
            "file_path": "/data/shapenet_blender/all_50_random/02958343/e4cd5b3cbe9082f536699018d15f07da/r_15",
            "rotation": 0.12566370614359174,
            "transform_matrix": [
                [
                    0.9639678001403809,
                    -0.01762702316045761,
                    -0.2654345631599426,
                    -1.0700011253356934
                ],
                [
                    -0.2660192549228668,
                    -0.06387463212013245,
                    -0.9618490934371948,
                    -3.87733793258667
                ],
                [
                    0.0,
                    0.9978023171424866,
                    -0.06626219302415848,
                    -0.26711148023605347
                ],
                [
                    0.0,
                    0.0,
                    0.0,
                    1.0
                ]
            ]
        },
        {
            "file_path": "/data/shapenet_blender/all_50_random/02958343/e4cd5b3cbe9082f536699018d15f07da/r_16",
            "rotation": 0.12566370614359174,
            "transform_matrix": [
                [
                    -0.31674525141716003,
                    -0.2735207676887512,
                    0.9082173705101013,
                    3.6611413955688477
                ],
                [
                    0.9485106468200684,
                    -0.09133940935134888,
                    0.3032897412776947,
                    1.2226001024246216
                ],
                [
                    -7.450580596923828e-09,
                    0.9575194716453552,
                    0.28836867213249207,
                    1.1624512672424316
                ],
                [
                    0.0,
                    0.0,
                    0.0,
                    1.0
                ]
            ]
        },
        {
            "file_path": "/data/shapenet_blender/all_50_random/02958343/e4cd5b3cbe9082f536699018d15f07da/r_17",
            "rotation": 0.12566370614359174,
            "transform_matrix": [
                [
                    0.7253570556640625,
                    -0.0127958869561553,
                    0.6882539391517639,
                    2.774440288543701
                ],
                [
                    0.6883729100227356,
                    0.01348336972296238,
                    -0.7252317070960999,
                    -2.9235024452209473
                ],
                [
                    9.313225746154785e-10,
                    0.9998272657394409,
                    0.0185885988175869,
                    0.07493303716182709
                ],
                [
                    0.0,
                    0.0,
                    0.0,
                    1.0
                ]
            ]
        },
        {
            "file_path": "/data/shapenet_blender/all_50_random/02958343/e4cd5b3cbe9082f536699018d15f07da/r_18",
            "rotation": 0.12566370614359174,
            "transform_matrix": [
                [
                    0.8225221037864685,
                    0.020287178456783295,
                    -0.568371057510376,
                    -2.291177272796631
                ],
                [
                    -0.5687330365180969,
                    0.029340041801333427,
                    -0.8219985961914062,
                    -3.3135826587677
                ],
                [
                    0.0,
                    0.9993636012077332,
                    0.03567081689834595,
                    0.14379367232322693
                ],
                [
                    0.0,
                    0.0,
                    0.0,
                    1.0
                ]
            ]
        },
        {
            "file_path": "/data/shapenet_blender/all_50_random/02958343/e4cd5b3cbe9082f536699018d15f07da/r_19",
            "rotation": 0.12566370614359174,
            "transform_matrix": [
                [
                    0.7199975848197937,
                    -0.07839374989271164,
                    0.6895345449447632,
                    2.7796027660369873
                ],
                [
                    0.6939765810966492,
                    0.08133316040039062,
                    -0.7153890132904053,
                    -2.8838253021240234
                ],
                [
                    3.725290742551124e-09,
                    0.9935991168022156,
                    0.11296311765909195,
                    0.45536890625953674
                ],
                [
                    0.0,
                    0.0,
                    0.0,
                    1.0
                ]
            ]
        },
        {
            "file_path": "/data/shapenet_blender/all_50_random/02958343/e4cd5b3cbe9082f536699018d15f07da/r_20",
            "rotation": 0.12566370614359174,
            "transform_matrix": [
                [
                    -0.8701377511024475,
                    -0.3292769193649292,
                    0.36665651202201843,
                    1.4780397415161133
                ],
                [
                    0.49280861020088196,
                    -0.581394612789154,
                    0.6473946571350098,
                    2.609731674194336
                ],
                [
                    0.0,
                    0.7440140843391418,
                    0.6681638360023499,
                    2.6934547424316406
                ],
                [
                    0.0,
                    0.0,
                    0.0,
                    1.0
                ]
            ]
        },
        {
            "file_path": "/data/shapenet_blender/all_50_random/02958343/e4cd5b3cbe9082f536699018d15f07da/r_21",
            "rotation": 0.12566370614359174,
            "transform_matrix": [
                [
                    -0.20729531347751617,
                    -0.19237911701202393,
                    -0.9591761231422424,
                    -3.866562843322754
                ],
                [
                    -0.9782785177230835,
                    0.04076475650072098,
                    0.2032475471496582,
                    0.819317102432251
                ],
                [
                    -3.725290742551124e-09,
                    0.980473518371582,
                    -0.19665071368217468,
                    -0.7927244305610657
                ],
                [
                    0.0,
                    0.0,
                    0.0,
                    1.0
                ]
            ]
        },
        {
            "file_path": "/data/shapenet_blender/all_50_random/02958343/e4cd5b3cbe9082f536699018d15f07da/r_22",
            "rotation": 0.12566370614359174,
            "transform_matrix": [
                [
                    -0.08910321444272995,
                    0.6364929676055908,
                    0.7661183476448059,
                    3.0883214473724365
                ],
                [
                    0.9960224032402039,
                    0.05694006010890007,
                    0.06853622198104858,
                    0.2762783169746399
                ],
                [
                    0.0,
                    0.7691776752471924,
                    -0.6390348672866821,
                    -2.5760316848754883
                ],
                [
                    0.0,
                    0.0,
                    0.0,
                    1.0
                ]
            ]
        },
        {
            "file_path": "/data/shapenet_blender/all_50_random/02958343/e4cd5b3cbe9082f536699018d15f07da/r_23",
            "rotation": 0.12566370614359174,
            "transform_matrix": [
                [
                    -0.9394639134407043,
                    0.25065743923187256,
                    0.2336205244064331,
                    0.9417544603347778
                ],
                [
                    0.34264808893203735,
                    0.6872462034225464,
                    0.6405348181724548,
                    2.582078456878662
                ],
                [
                    0.0,
                    0.6818088889122009,
                    -0.7315303087234497,
                    -2.9488930702209473
                ],
                [
                    0.0,
                    0.0,
                    0.0,
                    1.0
                ]
            ]
        },
        {
            "file_path": "/data/shapenet_blender/all_50_random/02958343/e4cd5b3cbe9082f536699018d15f07da/r_24",
            "rotation": 0.12566370614359174,
            "transform_matrix": [
                [
                    0.8017759323120117,
                    -0.4906541109085083,
                    0.3411950469017029,
                    1.3754011392593384
                ],
                [
                    0.5976248979568481,
                    0.6582634449005127,
                    -0.4577486217021942,
                    -1.8452434539794922
                ],
                [
                    0.0,
                    0.5709183216094971,
                    0.8210069537162781,
                    3.309584379196167
                ],
                [
                    0.0,
                    0.0,
                    0.0,
                    1.0
                ]
            ]
        },
        {
            "file_path": "/data/shapenet_blender/all_50_random/02958343/e4cd5b3cbe9082f536699018d15f07da/r_25",
            "rotation": 0.12566370614359174,
            "transform_matrix": [
                [
                    0.7117913365364075,
                    0.5838431715965271,
                    -0.3904871344566345,
                    -1.5741040706634521
                ],
                [
                    -0.7023909687995911,
                    0.5916569232940674,
                    -0.3957131803035736,
                    -1.5951709747314453
                ],
                [
                    -1.4901161193847656e-08,
                    0.555939793586731,
                    0.831222414970398,
                    3.3507649898529053
                ],
                [
                    0.0,
                    0.0,
                    0.0,
                    1.0
                ]
            ]
        },
        {
            "file_path": "/data/shapenet_blender/all_50_random/02958343/e4cd5b3cbe9082f536699018d15f07da/r_26",
            "rotation": 0.12566370614359174,
            "transform_matrix": [
                [
                    0.3969693183898926,
                    -0.8917672634124756,
                    0.21717865765094757,
                    0.8754751682281494
                ],
                [
                    0.9178318381309509,
                    0.3856961727142334,
                    -0.09393143653869629,
                    -0.3786497414112091
                ],
                [
                    0.0,
                    0.2366216629743576,
                    0.9716019630432129,
                    3.9166526794433594
                ],
                [
                    0.0,
                    0.0,
                    0.0,
                    1.0
                ]
            ]
        },
        {
            "file_path": "/data/shapenet_blender/all_50_random/02958343/e4cd5b3cbe9082f536699018d15f07da/r_27",
            "rotation": 0.12566370614359174,
            "transform_matrix": [
                [
                    0.9999783635139465,
                    -0.0022518637124449015,
                    -0.00618475629016757,
                    -0.02493155002593994
                ],
                [
                    -0.006581953726708889,
                    -0.34211957454681396,
                    -0.939633309841156,
                    -3.787783145904541
                ],
                [
                    0.0,
                    0.9396536350250244,
                    -0.3421269953250885,
                    -1.3791580200195312
                ],
                [
                    0.0,
                    0.0,
                    0.0,
                    1.0
                ]
            ]
        },
        {
            "file_path": "/data/shapenet_blender/all_50_random/02958343/e4cd5b3cbe9082f536699018d15f07da/r_28",
            "rotation": 0.12566370614359174,
            "transform_matrix": [
                [
                    -0.9118947386741638,
                    -0.25159838795661926,
                    -0.32426267862319946,
                    -1.3071447610855103
                ],
                [
                    -0.41042429208755493,
                    0.5590099096298218,
                    0.720457911491394,
                    2.904258966445923
                ],
                [
                    0.0,
                    0.7900670766830444,
                    -0.6130202412605286,
                    -2.4711639881134033
                ],
                [
                    0.0,
                    0.0,
                    0.0,
                    1.0
                ]
            ]
        },
        {
            "file_path": "/data/shapenet_blender/all_50_random/02958343/e4cd5b3cbe9082f536699018d15f07da/r_29",
            "rotation": 0.12566370614359174,
            "transform_matrix": [
                [
                    -0.9999908208847046,
                    0.0032866992987692356,
                    -0.002774587832391262,
                    -0.011184722185134888
                ],
                [
                    -0.0043012481182813644,
                    -0.7641198635101318,
                    0.6450598239898682,
                    2.6003196239471436
                ],
                [
                    0.0,
                    0.6450659036636353,
                    0.7641268968582153,
                    3.080294370651245
                ],
                [
                    0.0,
                    0.0,
                    0.0,
                    1.0
                ]
            ]
        },
        {
            "file_path": "/data/shapenet_blender/all_50_random/02958343/e4cd5b3cbe9082f536699018d15f07da/r_30",
            "rotation": 0.12566370614359174,
            "transform_matrix": [
                [
                    -0.07191099226474762,
                    -0.04731231555342674,
                    0.9962882399559021,
                    4.016166687011719
                ],
                [
                    0.9974111318588257,
                    -0.003411106765270233,
                    0.07183003425598145,
                    0.2895561456680298
                ],
                [
                    0.0,
                    0.9988743662834167,
                    0.04743511602282524,
                    0.1912170797586441
                ],
                [
                    0.0,
                    0.0,
                    0.0,
                    1.0
                ]
            ]
        },
        {
            "file_path": "/data/shapenet_blender/all_50_random/02958343/e4cd5b3cbe9082f536699018d15f07da/r_31",
            "rotation": 0.12566370614359174,
            "transform_matrix": [
                [
                    0.047832220792770386,
                    0.647136926651001,
                    -0.7608717083930969,
                    -3.067172050476074
                ],
                [
                    -0.998855471611023,
                    0.03098946437239647,
                    -0.03643588349223137,
                    -0.14687775075435638
                ],
                [
                    1.862645371275562e-09,
                    0.7617436051368713,
                    0.6478785276412964,
                    2.6116819381713867
                ],
                [
                    0.0,
                    0.0,
                    0.0,
                    1.0
                ]
            ]
        },
        {
            "file_path": "/data/shapenet_blender/all_50_random/02958343/e4cd5b3cbe9082f536699018d15f07da/r_32",
            "rotation": 0.12566370614359174,
            "transform_matrix": [
                [
                    0.9988498091697693,
                    -0.03699708357453346,
                    -0.03049829788506031,
                    -0.12294256687164307
                ],
                [
                    -0.04794715717434883,
                    -0.770734429359436,
                    -0.6353497505187988,
                    -2.5611767768859863
                ],
                [
                    0.0,
                    0.6360812187194824,
                    -0.7716219425201416,
                    -3.1105074882507324
                ],
                [
                    0.0,
                    0.0,
                    0.0,
                    1.0
                ]
            ]
        },
        {
            "file_path": "/data/shapenet_blender/all_50_random/02958343/e4cd5b3cbe9082f536699018d15f07da/r_33",
            "rotation": 0.12566370614359174,
            "transform_matrix": [
                [
                    0.3631420433521271,
                    0.7672545909881592,
                    0.5286285281181335,
                    2.130969762802124
                ],
                [
                    0.9317338466644287,
                    -0.29903644323349,
                    -0.20603227615356445,
                    -0.8305426836013794
                ],
                [
                    -1.4901162970204496e-08,
                    0.5673600435256958,
                    -0.8234698176383972,
                    -3.3195130825042725
                ],
                [
                    0.0,
                    0.0,
                    0.0,
                    1.0
                ]
            ]
        },
        {
            "file_path": "/data/shapenet_blender/all_50_random/02958343/e4cd5b3cbe9082f536699018d15f07da/r_34",
            "rotation": 0.12566370614359174,
            "transform_matrix": [
                [
                    0.992264449596405,
                    0.08331665396690369,
                    -0.09203063696622849,
                    -0.3709873557090759
                ],
                [
                    -0.12414228171110153,
                    0.6659467816352844,
                    -0.7355973124504089,
                    -2.965287685394287
                ],
                [
                    0.0,
                    0.741331934928894,
                    0.6711384654045105,
                    2.7054457664489746
                ],
                [
                    0.0,
                    0.0,
                    0.0,
                    1.0
                ]
            ]
        },
        {
            "file_path": "/data/shapenet_blender/all_50_random/02958343/e4cd5b3cbe9082f536699018d15f07da/r_35",
            "rotation": 0.12566370614359174,
            "transform_matrix": [
                [
                    -0.6903666257858276,
                    -0.035382505506277084,
                    -0.7225939035415649,
                    -2.9128689765930176
                ],
                [
                    -0.7234596014022827,
                    0.03376401588320732,
                    0.6895405054092407,
                    2.7796266078948975
                ],
                [
                    1.8626448161640496e-09,
                    0.9988033771514893,
                    -0.048907361924648285,
                    -0.19715186953544617
                ],
                [
                    0.0,
                    0.0,
                    0.0,
                    1.0
                ]
            ]
        },
        {
            "file_path": "/data/shapenet_blender/all_50_random/02958343/e4cd5b3cbe9082f536699018d15f07da/r_36",
            "rotation": 0.12566370614359174,
            "transform_matrix": [
                [
                    0.6735930442810059,
                    -0.3209136724472046,
                    0.6657978296279907,
                    2.6839168071746826
                ],
                [
                    0.7391024231910706,
                    0.29246991872787476,
                    -0.6067857146263123,
                    -2.4460315704345703
                ],
                [
                    0.0,
                    0.9008193016052246,
                    0.43419384956359863,
                    1.750291347503662
                ],
                [
                    0.0,
                    0.0,
                    0.0,
                    1.0
                ]
            ]
        },
        {
            "file_path": "/data/shapenet_blender/all_50_random/02958343/e4cd5b3cbe9082f536699018d15f07da/r_37",
            "rotation": 0.12566370614359174,
            "transform_matrix": [
                [
                    -0.41357117891311646,
                    0.7221893072128296,
                    0.5544378757476807,
                    2.2350106239318848
                ],
                [
                    0.9104717969894409,
                    0.328046053647995,
                    0.25184693932533264,
                    1.0152274370193481
                ],
                [
                    0.0,
                    0.6089566349983215,
                    -0.7932034730911255,
                    -3.197505474090576
                ],
                [
                    0.0,
                    0.0,
                    0.0,
                    1.0
                ]
            ]
        },
        {
            "file_path": "/data/shapenet_blender/all_50_random/02958343/e4cd5b3cbe9082f536699018d15f07da/r_38",
            "rotation": 0.12566370614359174,
            "transform_matrix": [
                [
                    -0.9736925959587097,
                    -0.15374897420406342,
                    0.16817855834960938,
                    0.6779494881629944
                ],
                [
                    0.22786574065685272,
                    -0.6569844484329224,
                    0.7186434864997864,
                    2.896944761276245
                ],
                [
                    0.0,
                    0.7380599975585938,
                    0.6747349500656128,
                    2.7199437618255615
                ],
                [
                    0.0,
                    0.0,
                    0.0,
                    1.0
                ]
            ]
        },
        {
            "file_path": "/data/shapenet_blender/all_50_random/02958343/e4cd5b3cbe9082f536699018d15f07da/r_39",
            "rotation": 0.12566370614359174,
            "transform_matrix": [
                [
                    -0.011497430503368378,
                    0.46253982186317444,
                    0.8865239024162292,
                    3.5736923217773438
                ],
                [
                    0.9999338984489441,
                    0.0053183711133897305,
                    0.010193420574069023,
                    0.04109099507331848
                ],
                [
                    0.0,
                    0.8865824937820435,
                    -0.4625703990459442,
                    -1.8646810054779053
                ],
                [
                    0.0,
                    0.0,
                    0.0,
                    1.0
                ]
            ]
        },
        {
            "file_path": "/data/shapenet_blender/all_50_random/02958343/e4cd5b3cbe9082f536699018d15f07da/r_40",
            "rotation": 0.12566370614359174,
            "transform_matrix": [
                [
                    -0.20306941866874695,
                    -0.00846802443265915,
                    -0.9791277050971985,
                    -3.9469900131225586
                ],
                [
                    -0.9791643619537354,
                    0.0017561882268637419,
                    0.20306181907653809,
                    0.8185683488845825
                ],
                [
                    0.0,
                    0.999962568283081,
                    -0.008648215793073177,
                    -0.03486207127571106
                ],
                [
                    0.0,
                    0.0,
                    0.0,
                    1.0
                ]
            ]
        },
        {
            "file_path": "/data/shapenet_blender/all_50_random/02958343/e4cd5b3cbe9082f536699018d15f07da/r_41",
            "rotation": 0.12566370614359174,
            "transform_matrix": [
                [
                    0.36169034242630005,
                    0.15897983312606812,
                    0.9186432957649231,
                    3.703169584274292
                ],
                [
                    0.9322983026504517,
                    -0.06167711690068245,
                    -0.3563928008079529,
                    -1.4366652965545654
                ],
                [
                    3.725290298461914e-09,
                    0.985353410243988,
                    -0.17052464187145233,
                    -0.6874068379402161
