{
    "class": "02958343",
    "model": "626738526152dd13d76439fb95cdd2ed",
    "remove_doubles": true,
    "edge_split": true,
    "denoise": true,
    "camera_angle_x": 0.6911112070083618,
    "scale_factor": 2.2292492282368643,
    "hdri_file": "/data/IndoorHDRDataset2018/AG8A9940-3c4077d84f.exr",
    "center_offset": [
        0.0,
        -1.862645149230957e-09,
        -3.725290298461914e-09
    ],
    "lights": [],
    "frames": [
        {
            "file_path": "/data/shapenet_blender/all_50_random/02958343/626738526152dd13d76439fb95cdd2ed/r_0",
            "rotation": 0.12566370614359174,
            "transform_matrix": [
                [
                    0.4767667353153229,
                    0.40226155519485474,
                    0.7815876007080078,
                    3.1506800651550293
                ],
                [
                    0.8790297508239746,
                    -0.21817797422409058,
                    -0.42391619086265564,
                    -1.7088606357574463
                ],
                [
                    0.0,
                    0.889147937297821,
                    -0.45761993527412415,
                    -1.8447247743606567
                ],
                [
                    0.0,
                    0.0,
                    0.0,
                    1.0
                ]
            ]
        },
        {
            "file_path": "/data/shapenet_blender/all_50_random/02958343/626738526152dd13d76439fb95cdd2ed/r_1",
            "rotation": 0.12566370614359174,
            "transform_matrix": [
                [
                    0.245723158121109,
                    -0.279374897480011,
                    -0.9282078146934509,
                    -3.741725444793701
                ],
                [
                    -0.9693400859832764,
                    -0.07082021981477737,
                    -0.2352963238954544,
                    -0.9485098123550415
                ],
                [
                    0.0,
                    0.9575667381286621,
                    -0.2882114350795746,
                    -1.1618174314498901
                ],
                [
                    0.0,
                    0.0,
                    0.0,
                    1.0
                ]
            ]
        },
        {
            "file_path": "/data/shapenet_blender/all_50_random/02958343/626738526152dd13d76439fb95cdd2ed/r_2",
            "rotation": 0.12566370614359174,
            "transform_matrix": [
                [
                    0.6487578749656677,
                    -0.13765497505664825,
                    -0.7484413385391235,
                    -3.017063617706299
                ],
                [
                    -0.7609950304031372,
                    -0.11735259741544724,
                    -0.638055682182312,
                    -2.572084665298462
                ],
                [
                    7.450581485102248e-09,
                    0.9835036396980286,
                    -0.18088814616203308,
                    -0.7291834354400635
                ],
                [
                    0.0,
                    0.0,
                    0.0,
                    1.0
                ]
            ]
        },
        {
            "file_path": "/data/shapenet_blender/all_50_random/02958343/626738526152dd13d76439fb95cdd2ed/r_3",
            "rotation": 0.12566370614359174,
            "transform_matrix": [
                [
                    0.6507399678230286,
                    -0.5415950417518616,
                    0.5321768522262573,
                    2.1452736854553223
                ],
                [
                    0.759300708770752,
                    0.4641607105731964,
                    -0.4560891091823578,
                    -1.8385541439056396
                ],
                [
                    0.0,
                    0.7008777260780334,
                    0.7132813930511475,
                    2.8753294944763184
                ],
                [
                    0.0,
                    0.0,
                    0.0,
                    1.0
                ]
            ]
        },
        {
            "file_path": "/data/shapenet_blender/all_50_random/02958343/626738526152dd13d76439fb95cdd2ed/r_4",
            "rotation": 0.12566370614359174,
            "transform_matrix": [
                [
                    -0.6055338978767395,
                    0.1487800031900406,
                    0.7817884087562561,
                    3.1514902114868164
                ],
                [
                    0.7958195805549622,
                    0.11320572346448898,
                    0.5948576331138611,
                    2.3979480266571045
                ],
                [
                    0.0,
                    0.9823690056800842,
                    -0.1869519203901291,
                    -0.753627359867096
                ],
                [
                    0.0,
                    0.0,
                    0.0,
                    1.0
                ]
            ]
        },
        {
            "file_path": "/data/shapenet_blender/all_50_random/02958343/626738526152dd13d76439fb95cdd2ed/r_5",
            "rotation": 0.12566370614359174,
            "transform_matrix": [
                [
                    -0.9838165044784546,
                    -0.07280760258436203,
                    -0.16372022032737732,
                    -0.6599773168563843
                ],
                [
                    -0.17917941510677338,
                    0.3997631072998047,
                    0.8989350199699402,
                    3.623723030090332
                ],
                [
                    0.0,
                    0.9137223362922668,
                    -0.4063391387462616,
                    -1.6380054950714111
                ],
                [
                    0.0,
                    0.0,
                    0.0,
                    1.0
                ]
            ]
        },
        {
            "file_path": "/data/shapenet_blender/all_50_random/02958343/626738526152dd13d76439fb95cdd2ed/r_6",
            "rotation": 0.12566370614359174,
            "transform_matrix": [
                [
                    0.9408406615257263,
                    0.01568358764052391,
                    -0.3384861946105957,
                    -1.3644815683364868
                ],
                [
                    -0.33884936571121216,
                    0.043546658009290695,
                    -0.939832329750061,
                    -3.7885854244232178
                ],
                [
                    0.0,
                    0.9989281892776489,
                    0.046284839510917664,
                    0.18658016622066498
                ],
                [
                    0.0,
                    0.0,
                    0.0,
                    1.0
                ]
            ]
        },
        {
            "file_path": "/data/shapenet_blender/all_50_random/02958343/626738526152dd13d76439fb95cdd2ed/r_7",
            "rotation": 0.12566370614359174,
            "transform_matrix": [
                [
                    -0.5059959888458252,
                    0.10081850737333298,
                    0.8566234707832336,
                    3.4531595706939697
                ],
                [
                    0.8625358939170837,
                    0.059143926948308945,
                    0.5025275349617004,
                    2.0257532596588135
                ],
                [
                    0.0,
                    0.9931451678276062,
                    -0.11688617616891861,
                    -0.47118324041366577
                ],
                [
                    0.0,
                    0.0,
                    0.0,
                    1.0
                ]
            ]
        },
        {
            "file_path": "/data/shapenet_blender/all_50_random/02958343/626738526152dd13d76439fb95cdd2ed/r_8",
            "rotation": 0.12566370614359174,
            "transform_matrix": [
                [
                    0.6125838160514832,
                    -0.2513399124145508,
                    0.7493793368339539,
                    3.0208446979522705
                ],
                [
                    0.7904056906700134,
                    0.19479459524154663,
                    -0.5807873606681824,
                    -2.341228723526001
                ],
                [
                    0.0,
                    0.9480946063995361,
                    0.31798848509788513,
                    1.2818526029586792
                ],
                [
                    0.0,
                    0.0,
                    0.0,
                    1.0
                ]
            ]
        },
        {
            "file_path": "/data/shapenet_blender/all_50_random/02958343/626738526152dd13d76439fb95cdd2ed/r_9",
            "rotation": 0.12566370614359174,
            "transform_matrix": [
                [
                    0.9520233273506165,
                    0.010390941053628922,
                    -0.3058491349220276,
                    -1.2329171895980835
                ],
                [
                    -0.30602559447288513,
                    0.03232546150684357,
                    -0.9514743685722351,
                    -3.8355154991149902
                ],
                [
                    9.313225746154785e-10,
                    0.9994233250617981,
                    0.03395448997616768,
                    0.13687491416931152
                ],
                [
                    0.0,
                    0.0,
                    0.0,
                    1.0
                ]
            ]
        },
        {
            "file_path": "/data/shapenet_blender/all_50_random/02958343/626738526152dd13d76439fb95cdd2ed/r_10",
            "rotation": 0.12566370614359174,
            "transform_matrix": [
                [
                    -0.9171442985534668,
                    0.316038578748703,
                    -0.2428293228149414,
                    -0.9788762927055359
                ],
                [
                    -0.39855554699897766,
                    -0.7272586822509766,
                    0.5587916970252991,
                    2.252561330795288
                ],
                [
                    1.4901162970204496e-08,
                    0.6092734932899475,
                    0.7929601073265076,
                    3.1965243816375732
                ],
                [
                    0.0,
                    0.0,
                    0.0,
                    1.0
                ]
            ]
        },
        {
            "file_path": "/data/shapenet_blender/all_50_random/02958343/626738526152dd13d76439fb95cdd2ed/r_11",
            "rotation": 0.12566370614359174,
            "transform_matrix": [
                [
                    -0.13657072186470032,
                    0.12977245450019836,
                    0.9820934534072876,
                    3.9589452743530273
                ],
                [
                    0.9906303286552429,
                    0.017890747636556625,
                    0.13539381325244904,
                    0.545789897441864
                ],
                [
                    1.862645149230957e-09,
                    0.9913823008537292,
                    -0.13099989295005798,
                    -0.5280774831771851
                ],
                [
                    0.0,
                    0.0,
                    0.0,
                    1.0
                ]
            ]
        },
        {
            "file_path": "/data/shapenet_blender/all_50_random/02958343/626738526152dd13d76439fb95cdd2ed/r_12",
            "rotation": 0.12566370614359174,
            "transform_matrix": [
                [
                    0.31056785583496094,
                    0.7201144099235535,
                    0.620469868183136,
                    2.5011940002441406
                ],
                [
                    0.9505512714385986,
                    -0.2352786362171173,
                    -0.20272237062454224,
                    -0.8172000050544739
                ],
                [
                    0.0,
                    0.6527473330497742,
                    -0.7575756311416626,
                    -3.053884983062744
                ],
                [
                    0.0,
                    0.0,
                    0.0,
                    1.0
                ]
            ]
        },
        {
            "file_path": "/data/shapenet_blender/all_50_random/02958343/626738526152dd13d76439fb95cdd2ed/r_13",
            "rotation": 0.12566370614359174,
            "transform_matrix": [
                [
                    -0.04586290568113327,
                    0.5592473745346069,
                    -0.827731192111969,
                    -3.336691379547119
                ],
                [
                    -0.9989477396011353,
                    -0.025675727054476738,
                    0.038002144545316696,
                    0.15319156646728516
                ],
                [
                    0.0,
                    0.8286031484603882,
                    0.5598363280296326,
                    2.256772756576538
                ],
                [
                    0.0,
                    0.0,
                    0.0,
                    1.0
                ]
            ]
        },
        {
            "file_path": "/data/shapenet_blender/all_50_random/02958343/626738526152dd13d76439fb95cdd2ed/r_14",
            "rotation": 0.12566370614359174,
            "transform_matrix": [
                [
                    0.856796383857727,
                    0.1491454541683197,
                    0.4936148524284363,
                    1.989824891090393
                ],
                [
                    0.5156549215316772,
                    -0.24781551957130432,
                    -0.8201753497123718,
                    -3.306232213973999
                ],
                [
                    -7.450580596923828e-09,
                    0.9572581052780151,
                    -0.28923502564430237,
                    -1.1659435033798218
                ],
                [
                    0.0,
                    0.0,
                    0.0,
                    1.0
                ]
            ]
        },
        {
            "file_path": "/data/shapenet_blender/all_50_random/02958343/626738526152dd13d76439fb95cdd2ed/r_15",
            "rotation": 0.12566370614359174,
            "transform_matrix": [
                [
                    0.5800538063049316,
                    -0.45855385065078735,
                    0.6732502579689026,
                    2.713958501815796
                ],
                [
                    0.8145781755447388,
                    0.3265320658683777,
                    -0.4794154763221741,
                    -1.932585597038269
                ],
                [
                    1.4901161193847656e-08,
                    0.8265016674995422,
                    0.562934160232544,
                    2.2692601680755615
                ],
                [
                    0.0,
                    0.0,
                    0.0,
                    1.0
                ]
            ]
        },
        {
            "file_path": "/data/shapenet_blender/all_50_random/02958343/626738526152dd13d76439fb95cdd2ed/r_16",
            "rotation": 0.12566370614359174,
            "transform_matrix": [
                [
                    0.6522011160850525,
                    0.18317705392837524,
                    0.7355812191963196,
                    2.9652228355407715
                ],
                [
                    0.7580459117889404,
                    -0.1576003134250641,
                    -0.6328731775283813,
                    -2.5511934757232666
                ],
                [
                    -7.450580596923828e-09,
                    0.9703649282455444,
                    -0.2416437417268753,
                    -0.9740970730781555
                ],
                [
                    0.0,
                    0.0,
                    0.0,
                    1.0
                ]
            ]
        },
        {
            "file_path": "/data/shapenet_blender/all_50_random/02958343/626738526152dd13d76439fb95cdd2ed/r_17",
            "rotation": 0.12566370614359174,
            "transform_matrix": [
                [
                    0.8457275629043579,
                    -0.413712739944458,
                    -0.337026447057724,
                    -1.3585970401763916
                ],
                [
                    -0.5336151123046875,
                    -0.6556940078735352,
                    -0.5341538190841675,
                    -2.153242826461792
                ],
                [
                    2.980232594040899e-08,
                    0.6315909624099731,
                    -0.7753017544746399,
                    -3.1253414154052734
                ],
                [
                    0.0,
                    0.0,
                    0.0,
                    1.0
                ]
            ]
        },
        {
            "file_path": "/data/shapenet_blender/all_50_random/02958343/626738526152dd13d76439fb95cdd2ed/r_18",
            "rotation": 0.12566370614359174,
            "transform_matrix": [
                [
                    0.585557222366333,
                    0.5933350324630737,
                    -0.5523371696472168,
                    -2.2265422344207764
                ],
                [
                    -0.8106310963630676,
                    0.4285939931869507,
                    -0.3989792764186859,
                    -1.6083369255065918
                ],
                [
                    1.4901161193847656e-08,
                    0.6813668012619019,
                    0.7319421172142029,
                    2.9505529403686523
                ],
                [
                    0.0,
                    0.0,
                    0.0,
                    1.0
                ]
            ]
        },
        {
            "file_path": "/data/shapenet_blender/all_50_random/02958343/626738526152dd13d76439fb95cdd2ed/r_19",
            "rotation": 0.12566370614359174,
            "transform_matrix": [
                [
                    0.7555127143859863,
                    0.008354870602488518,
                    -0.6550806760787964,
                    -2.640714645385742
                ],
                [
                    -0.6551340222358704,
                    0.009634992107748985,
                    -0.7554512619972229,
                    -3.045321464538574
                ],
                [
                    -4.656612873077393e-10,
                    0.9999187588691711,
                    0.012752917595207691,
                    0.05140865594148636
                ],
                [
                    0.0,
                    0.0,
                    0.0,
                    1.0
                ]
            ]
        },
        {
            "file_path": "/data/shapenet_blender/all_50_random/02958343/626738526152dd13d76439fb95cdd2ed/r_20",
            "rotation": 0.12566370614359174,
            "transform_matrix": [
                [
                    -0.818971574306488,
                    -0.2792944312095642,
                    0.5012785196304321,
                    2.0207180976867676
                ],
                [
                    0.5738340616226196,
                    -0.39860692620277405,
                    0.7154209017753601,
                    2.88395357131958
                ],
                [
                    0.0,
                    0.8735600113868713,
                    0.48671644926071167,
                    1.9620165824890137
                ],
                [
                    0.0,
                    0.0,
                    0.0,
                    1.0
                ]
            ]
        },
        {
            "file_path": "/data/shapenet_blender/all_50_random/02958343/626738526152dd13d76439fb95cdd2ed/r_21",
            "rotation": 0.12566370614359174,
            "transform_matrix": [
                [
                    -0.47684985399246216,
                    -0.8306065797805786,
                    -0.2875881493091583,
                    -1.1593048572540283
                ],
                [
                    -0.8789848685264587,
                    0.4506045877933502,
                    0.1560167521238327,
                    0.6289236545562744
                ],
                [
                    0.0,
                    0.3271820843219757,
                    -0.9449612498283386,
                    -3.809260606765747
                ],
                [
                    0.0,
                    0.0,
                    0.0,
                    1.0
                ]
            ]
        },
        {
            "file_path": "/data/shapenet_blender/all_50_random/02958343/626738526152dd13d76439fb95cdd2ed/r_22",
            "rotation": 0.12566370614359174,
            "transform_matrix": [
                [
                    -0.690068781375885,
                    0.3395528495311737,
                    0.6391470432281494,
                    2.576484203338623
                ],
                [
                    0.7237437963485718,
                    0.32375383377075195,
                    0.6094081997871399,
                    2.4566030502319336
                ],
                [
                    -1.4901162970204496e-08,
                    0.8831121325492859,
                    -0.4691617488861084,
                    -1.8912514448165894
                ],
                [
                    0.0,
                    0.0,
                    0.0,
                    1.0
                ]
            ]
        },
        {
            "file_path": "/data/shapenet_blender/all_50_random/02958343/626738526152dd13d76439fb95cdd2ed/r_23",
            "rotation": 0.12566370614359174,
            "transform_matrix": [
                [
                    -0.17559361457824707,
                    -0.07239111512899399,
                    -0.981797456741333,
                    -3.9577524662017822
                ],
                [
                    -0.9844627380371094,
                    0.01291203498840332,
                    0.17511820793151855,
                    0.7059241533279419
                ],
                [
                    0.0,
                    0.9972927570343018,
                    -0.07353362441062927,
                    -0.2964235544204712
                ],
                [
                    0.0,
                    0.0,
                    0.0,
                    1.0
                ]
            ]
        },
        {
            "file_path": "/data/shapenet_blender/all_50_random/02958343/626738526152dd13d76439fb95cdd2ed/r_24",
            "rotation": 0.12566370614359174,
            "transform_matrix": [
                [
                    -0.9665131568908691,
                    -0.04689371958374977,
                    0.2522963583469391,
                    1.017039179801941
                ],
                [
                    0.25661739706993103,
                    -0.17661859095096588,
                    0.9502385854721069,
                    3.8305342197418213
                ],
                [
                    3.725290742551124e-09,
                    0.9831615090370178,
                    0.18273794651031494,
                    0.736640214920044
                ],
                [
                    0.0,
                    0.0,
                    0.0,
                    1.0
                ]
            ]
        },
        {
            "file_path": "/data/shapenet_blender/all_50_random/02958343/626738526152dd13d76439fb95cdd2ed/r_25",
            "rotation": 0.12566370614359174,
            "transform_matrix": [
                [
                    0.3034929633140564,
                    -0.7564658522605896,
                    -0.5793542861938477,
                    -2.335452079772949
                ],
                [
                    -0.9528337717056274,
                    -0.24094663560390472,
                    -0.1845337301492691,
                    -0.7438793182373047
                ],
                [
                    0.0,
                    0.6080329418182373,
                    -0.7939116358757019,
                    -3.2003602981567383
                ],
                [
                    0.0,
                    0.0,
                    0.0,
                    1.0
                ]
            ]
        },
        {
            "file_path": "/data/shapenet_blender/all_50_random/02958343/626738526152dd13d76439fb95cdd2ed/r_26",
            "rotation": 0.12566370614359174,
            "transform_matrix": [
                [
                    -0.373230904340744,
                    0.6497335433959961,
                    -0.6622273325920105,
                    -2.6695239543914795
                ],
                [
                    -0.9277385473251343,
                    -0.26138898730278015,
                    0.2664152681827545,
                    1.073954463005066
                ],
                [
                    0.0,
                    0.7138082385063171,
                    0.7003411054611206,
                    2.8231656551361084
                ],
                [
                    0.0,
                    0.0,
                    0.0,
                    1.0
                ]
            ]
        },
        {
            "file_path": "/data/shapenet_blender/all_50_random/02958343/626738526152dd13d76439fb95cdd2ed/r_27",
            "rotation": 0.12566370614359174,
            "transform_matrix": [
                [
                    -0.6003360152244568,
                    -0.4066000282764435,
                    -0.688674807548523,
                    -2.776136875152588
                ],
                [
                    -0.7997477650642395,
                    0.30521702766418457,
                    0.5169583559036255,
                    2.083925724029541
                ],
                [
                    0.0,
                    0.8611149191856384,
                    -0.5084103345870972,
                    -2.0494675636291504
                ],
                [
                    0.0,
                    0.0,
                    0.0,
                    1.0
                ]
            ]
        },
        {
            "file_path": "/data/shapenet_blender/all_50_random/02958343/626738526152dd13d76439fb95cdd2ed/r_28",
            "rotation": 0.12566370614359174,
            "transform_matrix": [
                [
                    -0.8815381526947021,
                    0.08352263271808624,
                    0.4646660387516022,
                    1.8731287717819214
                ],
                [
                    0.4721129238605499,
                    0.15595504641532898,
                    0.8676332235336304,
                    3.4975414276123047
                ],
                [
                    0.0,
                    0.9842267036437988,
                    -0.17691239714622498,
                    -0.7131567001342773
                ],
                [
                    0.0,
                    0.0,
                    0.0,
                    1.0
                ]
            ]
        },
        {
            "file_path": "/data/shapenet_blender/all_50_random/02958343/626738526152dd13d76439fb95cdd2ed/r_29",
            "rotation": 0.12566370614359174,
            "transform_matrix": [
                [
                    0.44081953167915344,
                    0.23144416511058807,
                    -0.8672437071800232,
                    -3.495971202850342
                ],
                [
                    -0.8975957036018372,
                    0.11366488039493561,
                    -0.42591333389282227,
                    -1.7169115543365479
                ],
                [
                    0.0,
                    0.9661852121353149,
                    0.25784897804260254,
                    1.0394225120544434
                ],
                [
                    0.0,
                    0.0,
                    0.0,
                    1.0
                ]
            ]
        },
        {
            "file_path": "/data/shapenet_blender/all_50_random/02958343/626738526152dd13d76439fb95cdd2ed/r_30",
            "rotation": 0.12566370614359174,
            "transform_matrix": [
                [
                    0.9989269971847534,
                    -0.001900278846733272,
                    0.046271905303001404,
                    0.18652799725532532
                ],
                [
                    0.0463109016418457,
                    0.04098904877901077,
                    -0.9980858564376831,
                    -4.023412227630615
                ],
                [
                    1.164153010102531e-10,
                    0.9991577863693237,
                    0.04103308171033859,
                    0.1654096245765686
                ],
                [
                    0.0,
                    0.0,
                    0.0,
                    1.0
                ]
            ]
        },
        {
            "file_path": "/data/shapenet_blender/all_50_random/02958343/626738526152dd13d76439fb95cdd2ed/r_31",
            "rotation": 0.12566370614359174,
            "transform_matrix": [
                [
                    0.9282779097557068,
                    -0.154539093375206,
                    -0.3382568657398224,
                    -1.363556981086731
                ],
                [
                    -0.37188711762428284,
                    -0.3857493996620178,
                    -0.8443324565887451,
                    -3.4036130905151367
                ],
                [
                    0.0,
                    0.9095686078071594,
                    -0.4155537784099579,
                    -1.6751508712768555
                ],
                [
                    0.0,
                    0.0,
                    0.0,
                    1.0
                ]
            ]
        },
        {
            "file_path": "/data/shapenet_blender/all_50_random/02958343/626738526152dd13d76439fb95cdd2ed/r_32",
            "rotation": 0.12566370614359174,
            "transform_matrix": [
                [
                    0.8790634274482727,
                    -0.1228286400437355,
                    -0.46060892939567566,
                    -1.856774091720581
                ],
                [
                    -0.47670480608940125,
                    -0.22650110721588135,
                    -0.8493819236755371,
                    -3.4239683151245117
                ],
                [
                    -7.450580596923828e-09,
                    0.9662351012229919,
                    -0.2576617896556854,
                    -1.0386680364608765
                ],
                [
                    0.0,
                    0.0,
                    0.0,
                    1.0
                ]
            ]
        },
        {
            "file_path": "/data/shapenet_blender/all_50_random/02958343/626738526152dd13d76439fb95cdd2ed/r_33",
            "rotation": 0.12566370614359174,
            "transform_matrix": [
                [
                    -0.8864899277687073,
                    -0.32700347900390625,
                    -0.327420711517334,
                    -1.3198751211166382
                ],
                [
                    -0.4627479016780853,
                    0.6264432668685913,
                    0.6272425055503845,
                    2.5284953117370605
                ],
                [
                    2.9802322387695312e-08,
                    0.7075574398040771,
                    -0.7066558599472046,
                    -2.848620891571045
                ],
                [
                    0.0,
                    0.0,
                    0.0,
                    1.0
                ]
            ]
        },
        {
            "file_path": "/data/shapenet_blender/all_50_random/02958343/626738526152dd13d76439fb95cdd2ed/r_34",
            "rotation": 0.12566370614359174,
            "transform_matrix": [
                [
                    -0.9037622213363647,
                    -0.010563848540186882,
                    -0.42790448665618896,
                    -1.7249382734298706
                ],
                [
                    -0.4280349016189575,
                    0.02230474166572094,
                    0.9034869074821472,
                    3.6420724391937256
                ],
                [
                    0.0,
                    0.9996954202651978,
                    -0.024679875001311302,
                    -0.09948776662349701
                ],
                [
                    0.0,
                    0.0,
                    0.0,
                    1.0
                ]
            ]
        },
        {
            "file_path": "/data/shapenet_blender/all_50_random/02958343/626738526152dd13d76439fb95cdd2ed/r_35",
            "rotation": 0.12566370614359174,
            "transform_matrix": [
                [
                    0.26945018768310547,
                    -0.8797779679298401,
                    -0.3916471600532532,
                    -1.578780174255371
                ],
                [
                    -0.9630143642425537,
                    -0.24616076052188873,
                    -0.10958237946033478,
                    -0.4417406916618347
                ],
                [
                    0.0,
                    0.4066886901855469,
                    -0.9135667681694031,
                    -3.6827054023742676
                ],
                [
                    0.0,
                    0.0,
                    0.0,
                    1.0
                ]
            ]
        },
        {
            "file_path": "/data/shapenet_blender/all_50_random/02958343/626738526152dd13d76439fb95cdd2ed/r_36",
            "rotation": 0.12566370614359174,
            "transform_matrix": [
                [
                    -0.03426126018166542,
                    0.10652275383472443,
                    0.993719756603241,
                    4.005812644958496
                ],
                [
                    0.9994129538536072,
                    0.003651747712865472,
                    0.0340660884976387,
                    0.13732481002807617
                ],
                [
                    -2.3283064365386963e-10,
                    0.9943035244941711,
                    -0.10658533126115799,
                    -0.42965924739837646
                ],
                [
                    0.0,
                    0.0,
                    0.0,
                    1.0
                ]
            ]
        },
        {
            "file_path": "/data/shapenet_blender/all_50_random/02958343/626738526152dd13d76439fb95cdd2ed/r_37",
            "rotation": 0.12566370614359174,
            "transform_matrix": [
                [
                    -0.3006061315536499,
                    -0.3236372172832489,
                    -0.8971592783927917,
                    -3.616564989089966
                ],
                [
                    -0.9537484645843506,
                    0.102005235850811,
                    0.2827701270580292,
                    1.1398829221725464
                ],
                [
                    7.450581485102248e-09,
                    0.9406666159629822,
                    -0.33933186531066895,
                    -1.3678905963897705
                ],
                [
                    0.0,
                    0.0,
                    0.0,
                    1.0
                ]
            ]
        },
        {
            "file_path": "/data/shapenet_blender/all_50_random/02958343/626738526152dd13d76439fb95cdd2ed/r_38",
            "rotation": 0.12566370614359174,
            "transform_matrix": [
                [
                    0.9544290900230408,
                    -0.19244040548801422,
                    -0.22810490429401398,
                    -0.9195202589035034
                ],
                [
                    -0.29843783378601074,
                    -0.6154404282569885,
                    -0.7294984459877014,
                    -2.940702199935913
                ],
                [
                    -1.4901161193847656e-08,
                    0.7643296122550964,
                    -0.6448256969451904,
                    -2.5993754863739014
                ],
                [
                    0.0,
                    0.0,
                    0.0,
                    1.0
                ]
            ]
        },
        {
            "file_path": "/data/shapenet_blender/all_50_random/02958343/626738526152dd13d76439fb95cdd2ed/r_39",
            "rotation": 0.12566370614359174,
            "transform_matrix": [
                [
                    -0.7441816329956055,
                    0.2174730747938156,
                    0.631584644317627,
                    2.545999050140381
                ],
                [
                    0.6679773330688477,
                    0.24228288233280182,
                    0.7036371827125549,
                    2.8364522457122803
                ],
                [
                    -1.4901160305669237e-08,
                    0.9455181360244751,
                    -0.3255695402622223,
                    -1.3124127388000488
                ],
                [
                    0.0,
                    0.0,
                    0.0,
                    1.0
                ]
            ]
        },
        {
            "file_path": "/data/shapenet_blender/all_50_random/02958343/626738526152dd13d76439fb95cdd2ed/r_40",
            "rotation": 0.12566370614359174,
            "transform_matrix": [
                [
                    -0.13874223828315735,
                    -0.09869663417339325,
                    -0.9853981733322144,
                    -3.9722671508789062
                ],
                [
                    -0.9903285503387451,
                    0.013827120885252953,
                    0.13805150985717773,
                    0.556503415107727
                ],
                [
                    0.0,
                    0.995021402835846,
                    -0.09966050833463669,
                    -0.40174436569213867
                ],
                [
                    0.0,
                    0.0,
                    0.0,
                    1.0
                ]
            ]
        },
        {
            "file_path": "/data/shapenet_blender/all_50_random/02958343/626738526152dd13d76439fb95cdd2ed/r_41",
            "rotation": 0.12566370614359174,
            "transform_matrix": [
                [
                    0.9667957425117493,
                    0.17165058851242065,
                    0.18932001292705536,
                    0.7631734013557434
                ],
                [
                    0.255550354719162,
                    -0.6493868827819824,
                    -0.7162336707115173,
                    -2.887230396270752
                ],
                [
