{
    "class": "02958343",
    "model": "1abeca7159db7ed9f200a72c9245aee7",
    "remove_doubles": true,
    "edge_split": true,
    "denoise": true,
    "camera_angle_x": 0.6911112070083618,
    "scale_factor": 2.260768325233822,
    "hdri_file": "/data/IndoorHDRDataset2018/9C4A5547-6b5764187f.exr",
    "center_offset": [
        0.0,
        0.0,
        0.0
    ],
    "lights": [],
    "frames": [
        {
            "file_path": "/data/shapenet_blender/all_50_random/02958343/1abeca7159db7ed9f200a72c9245aee7/r_0",
            "rotation": 0.12566370614359174,
            "transform_matrix": [
                [
                    0.9924566745758057,
                    0.030490389093756676,
                    0.11874411255121231,
                    0.4786728322505951
                ],
                [
                    0.12259620428085327,
                    -0.24682974815368652,
                    -0.9612727165222168,
                    -3.875014305114746
                ],
                [
                    1.862645149230957e-09,
                    0.968579113483429,
                    -0.24870580434799194,
                    -1.0025651454925537
                ],
                [
                    0.0,
                    0.0,
                    0.0,
                    1.0
                ]
            ]
        },
        {
            "file_path": "/data/shapenet_blender/all_50_random/02958343/1abeca7159db7ed9f200a72c9245aee7/r_1",
            "rotation": 0.12566370614359174,
            "transform_matrix": [
                [
                    0.5248154997825623,
                    0.20517635345458984,
                    0.8261182904243469,
                    3.3301892280578613
                ],
                [
                    0.8512160778045654,
                    -0.12650105357170105,
                    -0.5093415379524231,
                    -2.0532214641571045
                ],
                [
                    -7.450580596923828e-09,
                    0.9705154299736023,
                    -0.24103912711143494,
                    -0.971659779548645
                ],
                [
                    0.0,
                    0.0,
                    0.0,
                    1.0
                ]
            ]
        },
        {
            "file_path": "/data/shapenet_blender/all_50_random/02958343/1abeca7159db7ed9f200a72c9245aee7/r_2",
            "rotation": 0.12566370614359174,
            "transform_matrix": [
                [
                    0.5352266430854797,
                    -0.09369856864213943,
                    -0.8394956588745117,
                    -3.38411545753479
                ],
                [
                    -0.8447085618972778,
                    -0.05936955288052559,
                    -0.5319235920906067,
                    -2.1442527770996094
                ],
                [
                    0.0,
                    0.9938287734985352,
                    -0.1109241470694542,
                    -0.4471495747566223
                ],
                [
                    0.0,
                    0.0,
                    0.0,
                    1.0
                ]
            ]
        },
        {
            "file_path": "/data/shapenet_blender/all_50_random/02958343/1abeca7159db7ed9f200a72c9245aee7/r_3",
            "rotation": 0.12566370614359174,
            "transform_matrix": [
                [
                    0.7400785684585571,
                    0.06444808095693588,
                    0.6694251298904419,
                    2.6985392570495605
                ],
                [
                    0.6725203394889832,
                    -0.07092223316431046,
                    -0.7366724014282227,
                    -2.9696216583251953
                ],
                [
                    0.0,
                    0.9953976273536682,
                    -0.09583067148923874,
                    -0.3863058090209961
                ],
                [
                    0.0,
                    0.0,
                    0.0,
                    1.0
                ]
            ]
        },
        {
            "file_path": "/data/shapenet_blender/all_50_random/02958343/1abeca7159db7ed9f200a72c9245aee7/r_4",
            "rotation": 0.12566370614359174,
            "transform_matrix": [
                [
                    -0.9654324054718018,
                    -0.09287136793136597,
                    0.24354706704616547,
                    0.9817696809768677
                ],
                [
                    0.2606535255908966,
                    -0.3439854681491852,
                    0.9020718336105347,
                    3.6363680362701416
                ],
                [
                    7.450580152834618e-09,
                    0.9343709349632263,
                    0.3563019037246704,
                    1.4362990856170654
                ],
                [
                    0.0,
                    0.0,
                    0.0,
                    1.0
                ]
            ]
        },
        {
            "file_path": "/data/shapenet_blender/all_50_random/02958343/1abeca7159db7ed9f200a72c9245aee7/r_5",
            "rotation": 0.12566370614359174,
            "transform_matrix": [
                [
                    -0.99915611743927,
                    -0.006430733483284712,
                    -0.04056935012340546,
                    -0.1635403037071228
                ],
                [
                    -0.04107586666941643,
                    0.1564253270626068,
                    0.986835241317749,
                    3.978060245513916
                ],
                [
                    -4.656612873077393e-10,
                    0.9876688122749329,
                    -0.15655745565891266,
                    -0.6311033368110657
                ],
                [
                    0.0,
                    0.0,
                    0.0,
                    1.0
                ]
            ]
        },
        {
            "file_path": "/data/shapenet_blender/all_50_random/02958343/1abeca7159db7ed9f200a72c9245aee7/r_6",
            "rotation": 0.12566370614359174,
            "transform_matrix": [
                [
                    0.27530765533447266,
                    -0.5409798622131348,
                    0.79469895362854,
                    3.203533887863159
                ],
                [
                    0.9613562822341919,
                    0.15492267906665802,
                    -0.22758129239082336,
                    -0.9174095392227173
                ],
                [
                    7.450581485102248e-09,
                    0.8266436457633972,
                    0.5627257823944092,
                    2.2684202194213867
                ],
                [
                    0.0,
                    0.0,
                    0.0,
                    1.0
                ]
            ]
        },
        {
            "file_path": "/data/shapenet_blender/all_50_random/02958343/1abeca7159db7ed9f200a72c9245aee7/r_7",
            "rotation": 0.12566370614359174,
            "transform_matrix": [
                [
                    -0.8757944107055664,
                    -0.136789470911026,
                    0.4628961980342865,
                    1.8659943342208862
                ],
                [
                    0.48268449306488037,
                    -0.2481941133737564,
                    0.8398900032043457,
                    3.3857052326202393
                ],
                [
                    0.0,
                    0.9590038061141968,
                    0.28339311480522156,
                    1.1423943042755127
                ],
                [
                    0.0,
                    0.0,
                    0.0,
                    1.0
                ]
            ]
        },
        {
            "file_path": "/data/shapenet_blender/all_50_random/02958343/1abeca7159db7ed9f200a72c9245aee7/r_8",
            "rotation": 0.12566370614359174,
            "transform_matrix": [
                [
                    0.8062235116958618,
                    -0.3983798623085022,
                    -0.43737542629241943,
                    -1.763116717338562
                ],
                [
                    -0.5916112065315247,
                    -0.5428957343101501,
                    -0.5960372686386108,
                    -2.402703046798706
                ],
                [
                    -1.4901162970204496e-08,
                    0.7392953038215637,
                    -0.6733812093734741,
                    -2.714486598968506
                ],
                [
                    0.0,
                    0.0,
                    0.0,
                    1.0
                ]
            ]
        },
        {
            "file_path": "/data/shapenet_blender/all_50_random/02958343/1abeca7159db7ed9f200a72c9245aee7/r_9",
            "rotation": 0.12566370614359174,
            "transform_matrix": [
                [
                    -0.9999923706054688,
                    -0.0022772159427404404,
                    -0.0031709440518170595,
                    -0.012782484292984009
                ],
                [
                    -0.003903921227902174,
                    0.583310604095459,
                    0.8122397065162659,
                    3.274242877960205
                ],
                [
                    1.1641532182693481e-10,
                    0.8122458457946777,
                    -0.5833151340484619,
                    -2.3514184951782227
                ],
                [
                    0.0,
                    0.0,
                    0.0,
                    1.0
                ]
            ]
        },
        {
            "file_path": "/data/shapenet_blender/all_50_random/02958343/1abeca7159db7ed9f200a72c9245aee7/r_10",
            "rotation": 0.12566370614359174,
            "transform_matrix": [
                [
                    0.6855400204658508,
                    0.2352747768163681,
                    -0.688970685005188,
                    -2.777329683303833
                ],
                [
                    -0.7280349135398865,
                    0.22154195606708527,
                    -0.6487559676170349,
                    -2.6152188777923584
                ],
                [
                    -1.4901161193847656e-08,
                    0.9463428258895874,
                    0.323164165019989,
                    1.3027163743972778
                ],
                [
                    0.0,
                    0.0,
                    0.0,
                    1.0
                ]
            ]
        },
        {
            "file_path": "/data/shapenet_blender/all_50_random/02958343/1abeca7159db7ed9f200a72c9245aee7/r_11",
            "rotation": 0.12566370614359174,
            "transform_matrix": [
                [
                    -0.33735787868499756,
                    -0.0954999253153801,
                    -0.9365198612213135,
                    -3.7752323150634766
                ],
                [
                    -0.9413765072822571,
                    0.03422398120164871,
                    0.33561742305755615,
                    1.3529170751571655
                ],
                [
                    -3.725290298461914e-09,
                    0.9948409795761108,
                    -0.10144711285829544,
                    -0.4089463949203491
                ],
                [
                    0.0,
                    0.0,
                    0.0,
                    1.0
                ]
            ]
        },
        {
            "file_path": "/data/shapenet_blender/all_50_random/02958343/1abeca7159db7ed9f200a72c9245aee7/r_12",
            "rotation": 0.12566370614359174,
            "transform_matrix": [
                [
                    -0.9732412099838257,
                    0.10354357212781906,
                    -0.2051348239183426,
                    -0.8269249200820923
                ],
                [
                    -0.22978591918945312,
                    -0.4385510981082916,
                    0.8688333034515381,
                    3.5023791790008545
                ],
                [
                    0.0,
                    0.8927214741706848,
                    0.4506088197231293,
                    1.8164622783660889
                ],
                [
                    0.0,
                    0.0,
                    0.0,
                    1.0
                ]
            ]
        },
        {
            "file_path": "/data/shapenet_blender/all_50_random/02958343/1abeca7159db7ed9f200a72c9245aee7/r_13",
            "rotation": 0.12566370614359174,
            "transform_matrix": [
                [
                    -0.09280400723218918,
                    -0.5531871914863586,
                    0.827871561050415,
                    3.337256908416748
                ],
                [
                    0.9956844449043274,
                    -0.051560502499341965,
                    0.07716280221939087,
                    0.31105321645736694
                ],
                [
                    -3.725290298461914e-09,
                    0.8314597606658936,
                    0.5555849075317383,
                    2.2396345138549805
                ],
                [
                    0.0,
                    0.0,
                    0.0,
                    1.0
                ]
            ]
        },
        {
            "file_path": "/data/shapenet_blender/all_50_random/02958343/1abeca7159db7ed9f200a72c9245aee7/r_14",
            "rotation": 0.12566370614359174,
            "transform_matrix": [
                [
                    0.757304310798645,
                    0.22775468230247498,
                    0.6120603680610657,
                    2.467294454574585
                ],
                [
                    0.6530621647834778,
                    -0.2641090154647827,
                    -0.7097578048706055,
                    -2.8611254692077637
                ],
                [
                    0.0,
                    0.9372162222862244,
                    -0.3487488329410553,
                    -1.4058516025543213
                ],
                [
                    0.0,
                    0.0,
                    0.0,
                    1.0
                ]
            ]
        },
        {
            "file_path": "/data/shapenet_blender/all_50_random/02958343/1abeca7159db7ed9f200a72c9245aee7/r_15",
            "rotation": 0.12566370614359174,
            "transform_matrix": [
                [
                    0.967311680316925,
                    0.0365719236433506,
                    -0.25093942880630493,
                    -1.0115690231323242
                ],
                [
                    -0.2535903751850128,
                    0.13950231671333313,
                    -0.9571996331214905,
                    -3.8585946559906006
                ],
                [
                    0.0,
                    0.9895461201667786,
                    0.14421652257442474,
                    0.5813553333282471
                ],
                [
                    0.0,
                    0.0,
                    0.0,
                    1.0
                ]
            ]
        },
        {
            "file_path": "/data/shapenet_blender/all_50_random/02958343/1abeca7159db7ed9f200a72c9245aee7/r_16",
            "rotation": 0.12566370614359174,
            "transform_matrix": [
                [
                    -0.9377216100692749,
                    -0.23050232231616974,
                    0.259897917509079,
                    1.0476820468902588
                ],
                [
                    0.34738779067993164,
                    -0.6222066879272461,
                    0.7015557289123535,
                    2.828061580657959
                ],
                [
                    0.0,
                    0.7481492757797241,
                    0.6635304093360901,
                    2.674776554107666
                ],
                [
                    0.0,
                    0.0,
                    0.0,
                    1.0
                ]
            ]
        },
        {
            "file_path": "/data/shapenet_blender/all_50_random/02958343/1abeca7159db7ed9f200a72c9245aee7/r_17",
            "rotation": 0.12566370614359174,
            "transform_matrix": [
                [
                    -0.9047496318817139,
                    -0.08159144967794418,
                    -0.4180561304092407,
                    -1.6852381229400635
                ],
                [
                    -0.4259437322616577,
                    0.17330887913703918,
                    0.8879954814910889,
                    3.5796241760253906
                ],
                [
                    0.0,
                    0.9814818501472473,
                    -0.19155453145503998,
                    -0.7721810340881348
                ],
                [
                    0.0,
                    0.0,
                    0.0,
                    1.0
                ]
            ]
        },
        {
            "file_path": "/data/shapenet_blender/all_50_random/02958343/1abeca7159db7ed9f200a72c9245aee7/r_18",
            "rotation": 0.12566370614359174,
            "transform_matrix": [
                [
                    -0.9806131720542908,
                    -0.024672098457813263,
                    -0.1943945586681366,
                    -0.7836295366287231
                ],
                [
                    -0.19595399498939514,
                    0.12346666306257248,
                    0.9728093147277832,
                    3.9215197563171387
                ],
                [
                    1.862645371275562e-09,
                    0.9920420050621033,
                    -0.12590759992599487,
                    -0.5075497627258301
                ],
                [
                    0.0,
                    0.0,
                    0.0,
                    1.0
                ]
            ]
        },
        {
            "file_path": "/data/shapenet_blender/all_50_random/02958343/1abeca7159db7ed9f200a72c9245aee7/r_19",
            "rotation": 0.12566370614359174,
            "transform_matrix": [
                [
                    0.9997851848602295,
                    -0.01333147194236517,
                    0.015874333679676056,
                    0.0639914870262146
                ],
                [
                    0.020729754120111465,
                    0.6429699063301086,
                    -0.7656108140945435,
                    -3.086275815963745
                ],
                [
                    0.0,
                    0.7657753825187683,
                    0.6431081295013428,
                    2.592451810836792
                ],
                [
                    0.0,
                    0.0,
                    0.0,
                    1.0
                ]
            ]
        },
        {
            "file_path": "/data/shapenet_blender/all_50_random/02958343/1abeca7159db7ed9f200a72c9245aee7/r_20",
            "rotation": 0.12566370614359174,
            "transform_matrix": [
                [
                    0.6998345851898193,
                    0.16401439905166626,
                    -0.6952199935913086,
                    -2.8025214672088623
                ],
                [
                    -0.7143049836158752,
                    0.16069181263446808,
                    -0.6811362504959106,
                    -2.7457480430603027
                ],
                [
                    7.450581485102248e-09,
                    0.973281741142273,
                    0.2296139895915985,
                    0.9256036281585693
                ],
                [
                    0.0,
                    0.0,
                    0.0,
                    1.0
                ]
            ]
        },
        {
            "file_path": "/data/shapenet_blender/all_50_random/02958343/1abeca7159db7ed9f200a72c9245aee7/r_21",
            "rotation": 0.12566370614359174,
            "transform_matrix": [
                [
                    -0.9999394416809082,
                    -0.0027663856744766235,
                    0.010657408274710178,
                    0.04296138510107994
                ],
                [
                    0.011010597459971905,
                    -0.2512323260307312,
                    0.9678642153739929,
                    3.901585102081299
                ],
                [
                    0.0,
                    0.9679227471351624,
                    0.2512475848197937,
                    1.0128114223480225
                ],
                [
                    0.0,
                    0.0,
                    0.0,
                    1.0
                ]
            ]
        },
        {
            "file_path": "/data/shapenet_blender/all_50_random/02958343/1abeca7159db7ed9f200a72c9245aee7/r_22",
            "rotation": 0.12566370614359174,
            "transform_matrix": [
                [
                    -0.9297348260879517,
                    0.22682467103004456,
                    -0.29007548093795776,
                    -1.169331669807434
                ],
                [
                    -0.3682298958301544,
                    -0.5727041363716125,
                    0.7324046492576599,
                    2.9524176120758057
                ],
                [
                    1.4901162970204496e-08,
                    0.7877565026283264,
                    0.615986704826355,
                    2.483121871948242
                ],
                [
                    0.0,
                    0.0,
                    0.0,
                    1.0
                ]
            ]
        },
        {
            "file_path": "/data/shapenet_blender/all_50_random/02958343/1abeca7159db7ed9f200a72c9245aee7/r_23",
            "rotation": 0.12566370614359174,
            "transform_matrix": [
                [
                    -0.8225514888763428,
                    -0.5619124174118042,
                    -0.08754175156354904,
                    -0.35289210081100464
                ],
                [
                    -0.5686907172203064,
                    0.8127472996711731,
                    0.12661994993686676,
                    0.5104213356971741
                ],
                [
                    0.0,
                    0.15393567085266113,
                    -0.9880808591842651,
                    -3.983081340789795
                ],
                [
                    0.0,
                    0.0,
                    0.0,
                    1.0
                ]
            ]
        },
        {
            "file_path": "/data/shapenet_blender/all_50_random/02958343/1abeca7159db7ed9f200a72c9245aee7/r_24",
            "rotation": 0.12566370614359174,
            "transform_matrix": [
                [
                    -0.44093865156173706,
                    0.64463871717453,
                    0.6245110034942627,
                    2.517484426498413
                ],
                [
                    0.897537350654602,
                    0.31669557094573975,
                    0.3068073093891144,
                    1.236779808998108
                ],
                [
                    0.0,
                    0.695805013179779,
                    -0.718230664730072,
                    -2.895280361175537
                ],
                [
                    0.0,
                    0.0,
                    0.0,
                    1.0
                ]
            ]
        },
        {
            "file_path": "/data/shapenet_blender/all_50_random/02958343/1abeca7159db7ed9f200a72c9245aee7/r_25",
            "rotation": 0.12566370614359174,
            "transform_matrix": [
                [
                    -0.3857555389404297,
                    0.8906844258308411,
                    -0.2405695766210556,
                    -0.9697669744491577
                ],
                [
                    -0.9226011037826538,
                    -0.3724106550216675,
                    0.10058632493019104,
                    0.405476450920105
                ],
                [
                    -7.450580596923828e-09,
                    0.2607516348361969,
                    0.9654060006141663,
                    3.8916759490966797
                ],
                [
                    0.0,
                    0.0,
                    0.0,
                    1.0
                ]
            ]
        },
        {
            "file_path": "/data/shapenet_blender/all_50_random/02958343/1abeca7159db7ed9f200a72c9245aee7/r_26",
            "rotation": 0.12566370614359174,
            "transform_matrix": [
                [
                    -0.864777147769928,
                    0.34681737422943115,
                    -0.3631502389907837,
                    -1.4639055728912354
                ],
                [
                    -0.5021557211875916,
                    -0.5972644090652466,
                    0.6253917217254639,
                    2.5210349559783936
                ],
                [
                    0.0,
                    0.7231824994087219,
                    0.6906569004058838,
                    2.7841272354125977
                ],
                [
                    0.0,
                    0.0,
                    0.0,
                    1.0
                ]
            ]
        },
        {
            "file_path": "/data/shapenet_blender/all_50_random/02958343/1abeca7159db7ed9f200a72c9245aee7/r_27",
            "rotation": 0.12566370614359174,
            "transform_matrix": [
                [
                    0.8886688351631165,
                    -0.0849616751074791,
                    -0.4506097435951233,
                    -1.816465973854065
                ],
                [
                    -0.45854946970939636,
                    -0.16465573012828827,
                    -0.8732816576957703,
                    -3.520310878753662
                ],
                [
                    0.0,
                    0.9826850295066833,
                    -0.1852835714817047,
                    -0.7469019889831543
                ],
                [
                    0.0,
                    0.0,
                    0.0,
                    1.0
                ]
            ]
        },
        {
            "file_path": "/data/shapenet_blender/all_50_random/02958343/1abeca7159db7ed9f200a72c9245aee7/r_28",
            "rotation": 0.12566370614359174,
            "transform_matrix": [
                [
                    -0.7549287676811218,
                    0.4988764226436615,
                    0.4256816804409027,
                    1.7159779071807861
                ],
                [
                    0.655806839466095,
                    0.5742791295051575,
                    0.49002134799957275,
                    1.975339412689209
                ],
                [
                    -1.4901161193847656e-08,
                    0.6490961909294128,
                    -0.7607062458992004,
                    -3.066505193710327
                ],
                [
                    0.0,
                    0.0,
                    0.0,
                    1.0
                ]
            ]
        },
        {
            "file_path": "/data/shapenet_blender/all_50_random/02958343/1abeca7159db7ed9f200a72c9245aee7/r_29",
            "rotation": 0.12566370614359174,
            "transform_matrix": [
                [
                    -0.9512743353843689,
                    -0.12934119999408722,
                    -0.27990686893463135,
                    -1.128340721130371
                ],
                [
                    -0.30834558606147766,
                    0.3990294635295868,
                    0.8635383248329163,
                    3.481034278869629
                ],
                [
                    0.0,
                    0.9077699184417725,
                    -0.41946834325790405,
                    -1.690930962562561
                ],
                [
                    0.0,
                    0.0,
                    0.0,
                    1.0
                ]
            ]
        },
        {
            "file_path": "/data/shapenet_blender/all_50_random/02958343/1abeca7159db7ed9f200a72c9245aee7/r_30",
            "rotation": 0.12566370614359174,
            "transform_matrix": [
                [
                    0.5846431255340576,
                    -0.03773600235581398,
                    -0.8104124665260315,
                    -3.2668771743774414
                ],
                [
                    -0.8112905621528625,
                    -0.02719382755458355,
                    -0.5840103626251221,
                    -2.3542211055755615
                ],
                [
                    1.862645149230957e-09,
                    0.9989175796508789,
                    -0.04651355370879173,
                    -0.18750213086605072
                ],
                [
                    0.0,
                    0.0,
                    0.0,
                    1.0
                ]
            ]
        },
        {
            "file_path": "/data/shapenet_blender/all_50_random/02958343/1abeca7159db7ed9f200a72c9245aee7/r_31",
            "rotation": 0.12566370614359174,
            "transform_matrix": [
                [
                    -0.09288357198238373,
                    -0.09402848035097122,
                    0.9912271499633789,
                    3.9957644939422607
                ],
                [
                    0.9956770539283752,
                    -0.008771619759500027,
                    0.09246845543384552,
                    0.37275227904319763
                ],
                [
                    -9.31322685637781e-10,
                    0.9955307841300964,
                    0.09443673491477966,
                    0.3806866407394409
                ],
                [
                    0.0,
                    0.0,
                    0.0,
                    1.0
                ]
            ]
        },
        {
            "file_path": "/data/shapenet_blender/all_50_random/02958343/1abeca7159db7ed9f200a72c9245aee7/r_32",
            "rotation": 0.12566370614359174,
            "transform_matrix": [
                [
                    -0.8930633068084717,
                    -0.15608306229114532,
                    -0.4219905734062195,
                    -1.7010984420776367
                ],
                [
                    -0.4499310851097107,
                    0.30980756878852844,
                    0.8376044631004333,
                    3.3764915466308594
                ],
                [
                    0.0,
                    0.9379003643989563,
                    -0.3469044268131256,
                    -1.398416519165039
                ],
                [
                    0.0,
                    0.0,
                    0.0,
                    1.0
                ]
            ]
        },
        {
            "file_path": "/data/shapenet_blender/all_50_random/02958343/1abeca7159db7ed9f200a72c9245aee7/r_33",
            "rotation": 0.12566370614359174,
            "transform_matrix": [
                [
                    0.15944091975688934,
                    0.3481079936027527,
                    -0.9237961173057556,
                    -3.7239415645599365
                ],
                [
                    -0.9872075319290161,
                    0.05622187629342079,
                    -0.14919953048229218,
                    -0.6014425754547119
                ],
                [
                    0.0,
                    0.9357669949531555,
                    0.35261887311935425,
                    1.421452283859253
                ],
                [
                    0.0,
                    0.0,
                    0.0,
                    1.0
                ]
            ]
        },
        {
            "file_path": "/data/shapenet_blender/all_50_random/02958343/1abeca7159db7ed9f200a72c9245aee7/r_34",
            "rotation": 0.12566370614359174,
            "transform_matrix": [
                [
                    -0.13059882819652557,
                    0.5106211304664612,
                    0.849829375743866,
                    3.425771713256836
                ],
                [
                    0.9914352893829346,
                    0.06726260483264923,
                    0.1119455024600029,
                    0.4512667655944824
                ],
                [
                    0.0,
                    0.857170820236206,
                    -0.5150322318077087,
                    -2.0761613845825195
                ],
                [
                    0.0,
                    0.0,
                    0.0,
                    1.0
                ]
            ]
        },
        {
            "file_path": "/data/shapenet_blender/all_50_random/02958343/1abeca7159db7ed9f200a72c9245aee7/r_35",
            "rotation": 0.12566370614359174,
            "transform_matrix": [
                [
                    -0.7428081035614014,
                    -0.050512805581092834,
                    0.6675959825515747,
                    2.6911656856536865
                ],
                [
                    0.6695043444633484,
                    -0.056043434888124466,
                    0.7406908869743347,
                    2.985820770263672
                ],
                [
                    -3.725290298461914e-09,
                    0.9971497058868408,
                    0.07544805109500885,
                    0.3041408658027649
                ],
                [
                    0.0,
                    0.0,
                    0.0,
                    1.0
                ]
            ]
        },
        {
            "file_path": "/data/shapenet_blender/all_50_random/02958343/1abeca7159db7ed9f200a72c9245aee7/r_36",
            "rotation": 0.12566370614359174,
            "transform_matrix": [
                [
                    0.779233992099762,
                    -0.4886983633041382,
                    -0.3923879563808441,
                    -1.5817666053771973
                ],
                [
                    -0.626733124256134,
                    -0.6076116561889648,
                    -0.4878663420677185,
                    -1.966652274131775
                ],
                [
                    -1.4901161193847656e-08,
                    0.6260846257209778,
                    -0.7797550559043884,
                    -3.1432933807373047
                ],
                [
                    0.0,
                    0.0,
                    0.0,
                    1.0
                ]
            ]
        },
        {
            "file_path": "/data/shapenet_blender/all_50_random/02958343/1abeca7159db7ed9f200a72c9245aee7/r_37",
            "rotation": 0.12566370614359174,
            "transform_matrix": [
                [
                    0.1469089835882187,
                    -0.12010974436998367,
                    0.9818305969238281,
                    3.9578857421875
                ],
                [
                    0.9891499876976013,
                    0.017838751897215843,
                    -0.14582191407680511,
                    -0.5878269672393799
                ],
                [
                    -1.8626450382086546e-09,
                    0.9926003217697144,
                    0.12142722308635712,
                    0.48948878049850464
                ],
                [
                    0.0,
                    0.0,
                    0.0,
                    1.0
                ]
            ]
        },
        {
            "file_path": "/data/shapenet_blender/all_50_random/02958343/1abeca7159db7ed9f200a72c9245aee7/r_38",
            "rotation": 0.12566370614359174,
            "transform_matrix": [
                [
                    0.4818888008594513,
                    0.5059058666229248,
                    0.7154316306114197,
                    2.8839974403381348
                ],
                [
                    0.8762324452400208,
                    -0.27822569012641907,
                    -0.39345553517341614,
                    -1.5860700607299805
                ],
                [
                    -1.4901161193847656e-08,
                    0.8164862990379333,
                    -0.5773648023605347,
                    -2.327432155609131
                ],
                [
                    0.0,
                    0.0,
                    0.0,
                    1.0
                ]
            ]
        },
        {
            "file_path": "/data/shapenet_blender/all_50_random/02958343/1abeca7159db7ed9f200a72c9245aee7/r_39",
            "rotation": 0.12566370614359174,
            "transform_matrix": [
                [
                    0.4268716275691986,
                    -0.13106492161750793,
                    -0.8947640061378479,
                    -3.6069090366363525
                ],
                [
                    -0.9043121933937073,
                    -0.06186790019273758,
                    -0.4223645031452179,
                    -1.7026057243347168
                ],
                [
                    0.0,
                    0.989441454410553,
                    -0.14493325352668762,
                    -0.5842446088790894
                ],
                [
                    0.0,
                    0.0,
                    0.0,
                    1.0
                ]
            ]
        },
        {
            "file_path": "/data/shapenet_blender/all_50_random/02958343/1abeca7159db7ed9f200a72c9245aee7/r_40",
            "rotation": 0.12566370614359174,
            "transform_matrix": [
                [
                    -0.19762131571769714,
                    -0.765527606010437,
                    0.6123014092445374,
                    2.468266248703003
                ],
                [
                    0.9802784323692322,
                    -0.15432816743850708,
                    0.12343819439411163,
                    0.49759534001350403
                ],
                [
                    7.450580596923828e-09,
                    0.6246199607849121,
                    0.7809287309646606,
                    3.148024797439575
                ],
                [
                    0.0,
                    0.0,
                    0.0,
                    1.0
                ]
            ]
        },
        {
            "file_path": "/data/shapenet_blender/all_50_random/02958343/1abeca7159db7ed9f200a72c9245aee7/r_41",
            "rotation": 0.12566370614359174,
            "transform_matrix": [
                [
                    0.6486213803291321,
                    -0.41445890069007874,
                    -0.6383684277534485,
                    -2.573345184326172
                ],
                [
                    -0.7611111998558044,
                    -0.353203147649765,
                    -0.5440195798873901,
                    -2.1930127143859863
                ],
                [
