{
    "class": "02958343",
    "model": "9c35f00f81110738783854950b26f0d3",
    "remove_doubles": true,
    "edge_split": true,
    "denoise": true,
    "camera_angle_x": 0.6911112070083618,
    "scale_factor": 2.277735728764905,
    "hdri_file": "/data/IndoorHDRDataset2018/9C4A0725-d45aaca5e6.exr",
    "center_offset": [
        0.0,
        0.0,
        -1.862645149230957e-09
    ],
    "lights": [],
    "frames": [
        {
            "file_path": "/data/shapenet_blender/all_50_random/02958343/9c35f00f81110738783854950b26f0d3/r_0",
            "rotation": 0.12566370614359174,
            "transform_matrix": [
                [
                    -0.918933629989624,
                    -0.3007535934448242,
                    0.2551634609699249,
                    1.0285967588424683
                ],
                [
                    0.39441239833831787,
                    -0.7007198333740234,
                    0.5945002436637878,
                    2.3965070247650146
                ],
                [
                    0.0,
                    0.6469458341598511,
                    0.7625359296798706,
                    3.073880672454834
                ],
                [
                    0.0,
                    0.0,
                    0.0,
                    1.0
                ]
            ]
        },
        {
            "file_path": "/data/shapenet_blender/all_50_random/02958343/9c35f00f81110738783854950b26f0d3/r_1",
            "rotation": 0.12566370614359174,
            "transform_matrix": [
                [
                    -0.08069423586130142,
                    0.670059859752655,
                    -0.7379080653190613,
                    -2.974602460861206
                ],
                [
                    -0.9967389106750488,
                    -0.054246872663497925,
                    0.059739746153354645,
                    0.24081861972808838
                ],
                [
                    0.0,
                    0.7403223514556885,
                    0.6722521185874939,
                    2.709934949874878
                ],
                [
                    0.0,
                    0.0,
                    0.0,
                    1.0
                ]
            ]
        },
        {
            "file_path": "/data/shapenet_blender/all_50_random/02958343/9c35f00f81110738783854950b26f0d3/r_2",
            "rotation": 0.12566370614359174,
            "transform_matrix": [
                [
                    0.3094998598098755,
                    0.015487498603761196,
                    -0.9507733583450317,
                    -3.8326900005340576
                ],
                [
                    -0.9508994817733765,
                    0.005040888674557209,
                    -0.30945882201194763,
                    -1.2474684715270996
                ],
                [
                    -4.656612873077393e-10,
                    0.9998672604560852,
                    0.01628720946609974,
                    0.06565584242343903
                ],
                [
                    0.0,
                    0.0,
                    0.0,
                    1.0
                ]
            ]
        },
        {
            "file_path": "/data/shapenet_blender/all_50_random/02958343/9c35f00f81110738783854950b26f0d3/r_3",
            "rotation": 0.12566370614359174,
            "transform_matrix": [
                [
                    0.565477192401886,
                    -0.5566113591194153,
                    0.608620822429657,
                    2.4534289836883545
                ],
                [
                    0.8247639536857605,
                    0.38162562251091003,
                    -0.4172845184803009,
                    -1.6821277141571045
                ],
                [
                    1.4901162970204496e-08,
                    0.7379332780838013,
                    0.6748735308647156,
                    2.7205021381378174
                ],
                [
                    0.0,
                    0.0,
                    0.0,
                    1.0
                ]
            ]
        },
        {
            "file_path": "/data/shapenet_blender/all_50_random/02958343/9c35f00f81110738783854950b26f0d3/r_4",
            "rotation": 0.12566370614359174,
            "transform_matrix": [
                [
                    -0.530346155166626,
                    -0.5881081223487854,
                    0.6106239557266235,
                    2.461503744125366
                ],
                [
                    0.8477810621261597,
                    -0.3679026663303375,
                    0.38198789954185486,
                    1.5398423671722412
                ],
                [
                    -1.4901158529312397e-08,
                    0.72026127576828,
                    0.6937028765678406,
                    2.796405553817749
                ],
                [
                    0.0,
                    0.0,
                    0.0,
                    1.0
                ]
            ]
        },
        {
            "file_path": "/data/shapenet_blender/all_50_random/02958343/9c35f00f81110738783854950b26f0d3/r_5",
            "rotation": 0.12566370614359174,
            "transform_matrix": [
                [
                    -0.6927474737167358,
                    0.04712537303566933,
                    -0.7196388244628906,
                    -2.9009571075439453
                ],
                [
                    -0.721180260181427,
                    -0.045267440378665924,
                    0.6912668347358704,
                    2.786586046218872
                ],
                [
                    0.0,
                    0.997862696647644,
                    0.06534478813409805,
                    0.26341331005096436
                ],
                [
                    0.0,
                    0.0,
                    0.0,
                    1.0
                ]
            ]
        },
        {
            "file_path": "/data/shapenet_blender/all_50_random/02958343/9c35f00f81110738783854950b26f0d3/r_6",
            "rotation": 0.12566370614359174,
            "transform_matrix": [
                [
                    0.8741787672042847,
                    0.08851972222328186,
                    0.47746792435646057,
                    1.9247347116470337
                ],
                [
                    0.48560407757759094,
                    -0.15935218334197998,
                    -0.8595321774482727,
                    -3.4648847579956055
                ],
                [
                    7.4505792646561986e-09,
                    0.9832451939582825,
                    -0.18228782713413239,
                    -0.7348257303237915
                ],
                [
                    0.0,
                    0.0,
                    0.0,
                    1.0
                ]
            ]
        },
        {
            "file_path": "/data/shapenet_blender/all_50_random/02958343/9c35f00f81110738783854950b26f0d3/r_7",
            "rotation": 0.12566370614359174,
            "transform_matrix": [
                [
                    0.22654426097869873,
                    0.16093707084655762,
                    -0.9606127142906189,
                    -3.872354030609131
                ],
                [
                    -0.974000871181488,
                    0.037432581186294556,
                    -0.22343029081821442,
                    -0.9006763696670532
                ],
                [
                    -3.725290298461914e-09,
                    0.9862544536590576,
                    0.16523297131061554,
                    0.6660754680633545
                ],
                [
                    0.0,
                    0.0,
                    0.0,
                    1.0
                ]
            ]
        },
        {
            "file_path": "/data/shapenet_blender/all_50_random/02958343/9c35f00f81110738783854950b26f0d3/r_8",
            "rotation": 0.12566370614359174,
            "transform_matrix": [
                [
                    -0.9514554142951965,
                    -0.055890634655952454,
                    0.3026697039604187,
                    1.2201007604599
                ],
                [
                    0.30778685212135315,
                    -0.17277361452579498,
                    0.9356368780136108,
                    3.7716732025146484
                ],
                [
                    3.725290742551124e-09,
                    0.9833745360374451,
                    0.18158875405788422,
                    0.7320077419281006
                ],
                [
                    0.0,
                    0.0,
                    0.0,
                    1.0
                ]
            ]
        },
        {
            "file_path": "/data/shapenet_blender/all_50_random/02958343/9c35f00f81110738783854950b26f0d3/r_9",
            "rotation": 0.12566370614359174,
            "transform_matrix": [
                [
                    0.6438870429992676,
                    0.3647436201572418,
                    0.6725857257843018,
                    2.71127986907959
                ],
                [
                    0.7651205658912659,
                    -0.3069499135017395,
                    -0.5660143494606018,
                    -2.281676769256592
                ],
                [
                    1.4901161193847656e-08,
                    0.8790584802627563,
                    -0.4767138957977295,
                    -1.9216952323913574
                ],
                [
                    0.0,
                    0.0,
                    0.0,
                    1.0
                ]
            ]
        },
        {
            "file_path": "/data/shapenet_blender/all_50_random/02958343/9c35f00f81110738783854950b26f0d3/r_10",
            "rotation": 0.12566370614359174,
            "transform_matrix": [
                [
                    -0.2320333570241928,
                    0.9103264808654785,
                    0.3427335023880005,
                    1.3816028833389282
                ],
                [
                    0.9727079272270203,
                    0.2171526402235031,
                    0.08175691962242126,
                    0.3295726776123047
                ],
                [
                    7.450581485102248e-09,
                    0.3523499071598053,
                    -0.9358683228492737,
                    -3.7726058959960938
                ],
                [
                    0.0,
                    0.0,
                    0.0,
                    1.0
                ]
            ]
        },
        {
            "file_path": "/data/shapenet_blender/all_50_random/02958343/9c35f00f81110738783854950b26f0d3/r_11",
            "rotation": 0.12566370614359174,
            "transform_matrix": [
                [
                    -0.2706698179244995,
                    0.5767326354980469,
                    -0.7707900404930115,
                    -3.107154130935669
                ],
                [
                    -0.962672233581543,
                    -0.1621570736169815,
                    0.21671922504901886,
                    0.8736231327056885
                ],
                [
                    -7.450580596923828e-09,
                    0.800677478313446,
                    0.5990955233573914,
                    2.4150311946868896
                ],
                [
                    0.0,
                    0.0,
                    0.0,
                    1.0
                ]
            ]
        },
        {
            "file_path": "/data/shapenet_blender/all_50_random/02958343/9c35f00f81110738783854950b26f0d3/r_12",
            "rotation": 0.12566370614359174,
            "transform_matrix": [
                [
                    -0.9355496764183044,
                    -0.03369680047035217,
                    -0.3515840470790863,
                    -1.417280673980713
                ],
                [
                    -0.3531951606273651,
                    0.08925668895244598,
                    0.9312821626663208,
                    3.7541184425354004
                ],
                [
                    -3.725290298461914e-09,
                    0.9954384565353394,
                    -0.09540560841560364,
                    -0.38459229469299316
                ],
                [
                    0.0,
                    0.0,
                    0.0,
                    1.0
                ]
            ]
        },
        {
            "file_path": "/data/shapenet_blender/all_50_random/02958343/9c35f00f81110738783854950b26f0d3/r_13",
            "rotation": 0.12566370614359174,
            "transform_matrix": [
                [
                    -0.36835482716560364,
                    0.4349748492240906,
                    0.8216516971588135,
                    3.3121840953826904
                ],
                [
                    0.9296852946281433,
                    0.17234335839748383,
                    0.3255503475666046,
                    1.31233549118042
                ],
                [
                    0.0,
                    0.8837955594062805,
                    -0.4678732454776764,
                    -1.8860574960708618
                ],
                [
                    0.0,
                    0.0,
                    0.0,
                    1.0
                ]
            ]
        },
        {
            "file_path": "/data/shapenet_blender/all_50_random/02958343/9c35f00f81110738783854950b26f0d3/r_14",
            "rotation": 0.12566370614359174,
            "transform_matrix": [
                [
                    0.36381351947784424,
                    -0.04034411534667015,
                    -0.9305977821350098,
                    -3.751359224319458
                ],
                [
                    -0.9314717650413513,
                    -0.015757571905851364,
                    -0.3634721636772156,
                    -1.4652029275894165
                ],
                [
                    9.313225191043273e-10,
                    0.9990615248680115,
                    -0.043312232941389084,
                    -0.17459717392921448
                ],
                [
                    0.0,
                    0.0,
                    0.0,
                    1.0
                ]
            ]
        },
        {
            "file_path": "/data/shapenet_blender/all_50_random/02958343/9c35f00f81110738783854950b26f0d3/r_15",
            "rotation": 0.12566370614359174,
            "transform_matrix": [
                [
                    0.7728948593139648,
                    -0.023132633417844772,
                    0.6341123580932617,
                    2.5561885833740234
                ],
                [
                    0.6345341801643372,
                    0.028176723048090935,
                    -0.772381067276001,
                    -3.113567590713501
                ],
                [
                    0.0,
                    0.9993351697921753,
                    0.036456089466810226,
                    0.14695920050144196
                ],
                [
                    0.0,
                    0.0,
                    0.0,
                    1.0
                ]
            ]
        },
        {
            "file_path": "/data/shapenet_blender/all_50_random/02958343/9c35f00f81110738783854950b26f0d3/r_16",
            "rotation": 0.12566370614359174,
            "transform_matrix": [
                [
                    0.3947567641735077,
                    0.4514438807964325,
                    0.8002284169197083,
                    3.2258236408233643
                ],
                [
                    0.9187856316566467,
                    -0.19396311044692993,
                    -0.3438186049461365,
                    -1.3859769105911255
                ],
                [
                    -1.4901160305669237e-08,
                    0.8709629774093628,
                    -0.4913485050201416,
                    -1.9806889295578003
                ],
                [
                    0.0,
                    0.0,
                    0.0,
                    1.0
                ]
            ]
        },
        {
            "file_path": "/data/shapenet_blender/all_50_random/02958343/9c35f00f81110738783854950b26f0d3/r_17",
            "rotation": 0.12566370614359174,
            "transform_matrix": [
                [
                    -0.9917788505554199,
                    0.09212223440408707,
                    0.08881575614213943,
                    0.35802775621414185
                ],
                [
                    0.1279638409614563,
                    0.713989794254303,
                    0.6883630752563477,
                    2.7748804092407227
                ],
                [
                    7.450580596923828e-09,
                    0.6940690279006958,
                    -0.7199083566665649,
                    -2.902043342590332
                ],
                [
                    0.0,
                    0.0,
                    0.0,
                    1.0
                ]
            ]
        },
        {
            "file_path": "/data/shapenet_blender/all_50_random/02958343/9c35f00f81110738783854950b26f0d3/r_18",
            "rotation": 0.12566370614359174,
            "transform_matrix": [
                [
                    -0.6782882809638977,
                    0.3677411675453186,
                    0.6361536383628845,
                    2.5644173622131348
                ],
                [
                    0.7347959876060486,
                    0.33946093916893005,
                    0.5872318148612976,
                    2.3672070503234863
                ],
                [
                    0.0,
                    0.865755558013916,
                    -0.5004671216011047,
                    -2.0174474716186523
                ],
                [
                    0.0,
                    0.0,
                    0.0,
                    1.0
                ]
            ]
        },
        {
            "file_path": "/data/shapenet_blender/all_50_random/02958343/9c35f00f81110738783854950b26f0d3/r_19",
            "rotation": 0.12566370614359174,
            "transform_matrix": [
                [
                    0.29888272285461426,
                    -0.036181896924972534,
                    0.9536035656929016,
                    3.844099283218384
                ],
                [
                    0.9542898535728455,
                    0.011332138441503048,
                    -0.2986677885055542,
                    -1.2039685249328613
                ],
                [
                    0.0,
                    0.9992809891700745,
                    0.03791499137878418,
                    0.15284022688865662
                ],
                [
                    0.0,
                    0.0,
                    0.0,
                    1.0
                ]
            ]
        },
        {
            "file_path": "/data/shapenet_blender/all_50_random/02958343/9c35f00f81110738783854950b26f0d3/r_20",
            "rotation": 0.12566370614359174,
            "transform_matrix": [
                [
                    -0.30104732513427734,
                    -0.7176440358161926,
                    0.6279787421226501,
                    2.531463623046875
                ],
                [
                    0.9536091685295105,
                    -0.22655490040779114,
                    0.1982482373714447,
                    0.7991642951965332
                ],
                [
                    0.0,
                    0.6585284471511841,
                    0.7525557279586792,
                    3.033649444580078
                ],
                [
                    0.0,
                    0.0,
                    0.0,
                    1.0
                ]
            ]
        },
        {
            "file_path": "/data/shapenet_blender/all_50_random/02958343/9c35f00f81110738783854950b26f0d3/r_21",
            "rotation": 0.12566370614359174,
            "transform_matrix": [
                [
                    -0.33826354146003723,
                    0.2897261381149292,
                    0.8953415155410767,
                    3.6092371940612793
                ],
                [
                    0.9410514235496521,
                    0.10414288192987442,
                    0.3218330144882202,
                    1.2973504066467285
                ],
                [
                    -7.450580596923828e-09,
                    0.9514268040657043,
                    -0.3078749477863312,
                    -1.2410836219787598
                ],
                [
                    0.0,
                    0.0,
                    0.0,
                    1.0
                ]
            ]
        },
        {
            "file_path": "/data/shapenet_blender/all_50_random/02958343/9c35f00f81110738783854950b26f0d3/r_22",
            "rotation": 0.12566370614359174,
            "transform_matrix": [
                [
                    0.8898715376853943,
                    -0.006628828123211861,
                    -0.4561629891395569,
                    -1.838851809501648
                ],
                [
                    -0.4562111496925354,
                    -0.012929989956319332,
                    -0.8897776007652283,
                    -3.586808204650879
                ],
                [
                    0.0,
                    0.9998944401741028,
                    -0.014530176296830177,
                    -0.05857301503419876
                ],
                [
                    0.0,
                    0.0,
                    0.0,
                    1.0
                ]
            ]
        },
        {
            "file_path": "/data/shapenet_blender/all_50_random/02958343/9c35f00f81110738783854950b26f0d3/r_23",
            "rotation": 0.12566370614359174,
            "transform_matrix": [
                [
                    0.9359025955200195,
                    0.0458269938826561,
                    -0.34926536679267883,
                    -1.4079337120056152
                ],
                [
                    -0.3522590100765228,
                    0.12175586074590683,
                    -0.9279488325119019,
                    -3.7406814098358154
                ],
                [
                    0.0,
                    0.99150151014328,
                    0.13009460270404816,
                    0.524428129196167
                ],
                [
                    0.0,
                    0.0,
                    0.0,
                    1.0
                ]
            ]
        },
        {
            "file_path": "/data/shapenet_blender/all_50_random/02958343/9c35f00f81110738783854950b26f0d3/r_24",
            "rotation": 0.12566370614359174,
            "transform_matrix": [
                [
                    -0.038249317556619644,
                    -0.9911988973617554,
                    0.12673529982566833,
                    0.5108863115310669
                ],
                [
                    0.9992682933807373,
                    -0.03794044256210327,
                    0.004851087927818298,
                    0.019555360078811646
                ],
                [
                    4.656612873077393e-10,
                    0.12682825326919556,
                    0.9919247031211853,
                    3.9985764026641846
                ],
                [
                    0.0,
                    0.0,
                    0.0,
                    1.0
                ]
            ]
        },
        {
            "file_path": "/data/shapenet_blender/all_50_random/02958343/9c35f00f81110738783854950b26f0d3/r_25",
            "rotation": 0.12566370614359174,
            "transform_matrix": [
                [
                    -0.7850556373596191,
                    0.2723105251789093,
                    0.5563583970069885,
                    2.2427525520324707
                ],
                [
                    0.6194252967834473,
                    0.34512460231781006,
                    0.7051250338554382,
                    2.842449903488159
                ],
                [
                    1.4901161193847656e-08,
                    0.8981847763061523,
                    -0.4396180510520935,
                    -1.772157073020935
                ],
                [
                    0.0,
                    0.0,
                    0.0,
                    1.0
                ]
            ]
        },
        {
            "file_path": "/data/shapenet_blender/all_50_random/02958343/9c35f00f81110738783854950b26f0d3/r_26",
            "rotation": 0.12566370614359174,
            "transform_matrix": [
                [
                    -0.22387947142124176,
                    0.9033897519111633,
                    -0.36573877930641174,
                    -1.4743402004241943
                ],
                [
                    -0.9746168255805969,
                    -0.20751787722110748,
                    0.0840139389038086,
                    0.3386710286140442
                ],
                [
                    -7.450580596923828e-09,
                    0.37526410818099976,
                    0.9269179105758667,
                    3.736525535583496
                ],
                [
                    0.0,
                    0.0,
                    0.0,
                    1.0
                ]
            ]
        },
        {
            "file_path": "/data/shapenet_blender/all_50_random/02958343/9c35f00f81110738783854950b26f0d3/r_27",
            "rotation": 0.12566370614359174,
            "transform_matrix": [
                [
                    0.9784557223320007,
                    0.17410998046398163,
                    -0.11095062643289566,
                    -0.44725626707077026
                ],
                [
                    -0.20645658671855927,
                    0.8251560926437378,
                    -0.5258261561393738,
                    -2.119673013687134
                ],
                [
                    7.450580152834618e-09,
                    0.53740394115448,
                    0.8433248996734619,
                    3.3995513916015625
                ],
                [
                    0.0,
                    0.0,
                    0.0,
                    1.0
                ]
            ]
        },
        {
            "file_path": "/data/shapenet_blender/all_50_random/02958343/9c35f00f81110738783854950b26f0d3/r_28",
            "rotation": 0.12566370614359174,
            "transform_matrix": [
                [
                    0.8145761489868164,
                    -0.2479388564825058,
                    0.5243968367576599,
                    2.1139111518859863
                ],
                [
                    0.5800566673278809,
                    0.3481816351413727,
                    -0.7364128232002258,
                    -2.9685750007629395
                ],
                [
                    1.4901161193847656e-08,
                    0.9040442109107971,
                    0.42743903398513794,
                    1.7230618000030518
                ],
                [
                    0.0,
                    0.0,
                    0.0,
                    1.0
                ]
            ]
        },
        {
            "file_path": "/data/shapenet_blender/all_50_random/02958343/9c35f00f81110738783854950b26f0d3/r_29",
            "rotation": 0.12566370614359174,
            "transform_matrix": [
                [
                    0.28157123923301697,
                    0.2300173044204712,
                    -0.9315630197525024,
                    -3.7552506923675537
                ],
                [
                    -0.9595403671264648,
                    0.06749716401100159,
                    -0.273361474275589,
                    -1.1019552946090698
                ],
                [
                    0.0,
                    0.9708429574966431,
                    0.23971614241600037,
                    0.9663266539573669
                ],
                [
                    0.0,
                    0.0,
                    0.0,
                    1.0
                ]
            ]
        },
        {
            "file_path": "/data/shapenet_blender/all_50_random/02958343/9c35f00f81110738783854950b26f0d3/r_30",
            "rotation": 0.12566370614359174,
            "transform_matrix": [
                [
                    -0.8507857918739319,
                    -0.1934680938720703,
                    -0.4886038899421692,
                    -1.9696252346038818
                ],
                [
                    -0.5255128145217896,
                    0.3132176995277405,
                    0.7910315990447998,
                    3.1887502670288086
                ],
                [
                    1.4901162970204496e-08,
                    0.9297658801078796,
                    -0.36815112829208374,
                    -1.4840646982192993
                ],
                [
                    0.0,
                    0.0,
                    0.0,
                    1.0
                ]
            ]
        },
        {
            "file_path": "/data/shapenet_blender/all_50_random/02958343/9c35f00f81110738783854950b26f0d3/r_31",
            "rotation": 0.12566370614359174,
            "transform_matrix": [
                [
                    -0.150080144405365,
                    0.7968677282333374,
                    -0.5852158069610596,
                    -2.3590805530548096
                ],
                [
                    -0.9886739253997803,
                    -0.12096408009529114,
                    0.08883543312549591,
                    0.3581071197986603
                ],
                [
                    0.0,
                    0.5919201374053955,
                    0.8059966564178467,
                    3.2490766048431396
                ],
                [
                    0.0,
                    0.0,
                    0.0,
                    1.0
                ]
            ]
        },
        {
            "file_path": "/data/shapenet_blender/all_50_random/02958343/9c35f00f81110738783854950b26f0d3/r_32",
            "rotation": 0.12566370614359174,
            "transform_matrix": [
                [
                    0.4977518618106842,
                    -0.3131895363330841,
                    0.8087987303733826,
                    3.2603719234466553
                ],
                [
                    0.8673194646835327,
                    0.17973847687244415,
                    -0.4641669988632202,
                    -1.8711169958114624
                ],
                [
                    0.0,
                    0.9325268268585205,
                    0.36110058426856995,
                    1.4556430578231812
                ],
                [
                    0.0,
                    0.0,
                    0.0,
                    1.0
                ]
            ]
        },
        {
            "file_path": "/data/shapenet_blender/all_50_random/02958343/9c35f00f81110738783854950b26f0d3/r_33",
            "rotation": 0.12566370614359174,
            "transform_matrix": [
                [
                    -0.11252423375844955,
                    -0.2791910171508789,
                    0.9536197185516357,
                    3.8441641330718994
                ],
                [
                    0.9936490058898926,
                    -0.03161654993891716,
                    0.10799118131399155,
                    0.43532636761665344
                ],
                [
                    -1.862645149230957e-09,
                    0.9597148895263672,
                    0.28097549080848694,
                    1.1326484680175781
                ],
                [
                    0.0,
                    0.0,
                    0.0,
                    1.0
                ]
            ]
        },
        {
            "file_path": "/data/shapenet_blender/all_50_random/02958343/9c35f00f81110738783854950b26f0d3/r_34",
            "rotation": 0.12566370614359174,
            "transform_matrix": [
                [
                    0.2606717348098755,
                    0.789631187915802,
                    -0.555457353591919,
                    -2.2391202449798584
                ],
                [
                    -0.9654275178909302,
                    0.21320560574531555,
                    -0.14997713267803192,
                    -0.6045771837234497
                ],
                [
                    0.0,
                    0.5753486156463623,
                    0.8179082274436951,
                    3.297093629837036
                ],
                [
                    0.0,
                    0.0,
                    0.0,
                    1.0
                ]
            ]
        },
        {
            "file_path": "/data/shapenet_blender/all_50_random/02958343/9c35f00f81110738783854950b26f0d3/r_35",
            "rotation": 0.12566370614359174,
            "transform_matrix": [
                [
                    0.9000276923179626,
                    0.009284062311053276,
                    -0.4357337951660156,
                    -1.756499171257019
                ],
                [
                    -0.4358327090740204,
                    0.019172295928001404,
                    -0.8998234272003174,
                    -3.6273043155670166
                ],
                [
                    9.313225746154785e-10,
                    0.9997730255126953,
                    0.02130189538002014,
                    0.08587068319320679
                ],
                [
                    0.0,
                    0.0,
                    0.0,
                    1.0
                ]
            ]
        },
        {
            "file_path": "/data/shapenet_blender/all_50_random/02958343/9c35f00f81110738783854950b26f0d3/r_36",
            "rotation": 0.12566370614359174,
            "transform_matrix": [
                [
                    -0.8476351499557495,
                    -0.009757773019373417,
                    0.5304898619651794,
                    2.1384730339050293
                ],
                [
                    0.5305796265602112,
                    -0.0155886709690094,
                    0.8474917411804199,
                    3.416348457336426
                ],
                [
                    0.0,
                    0.9998309016227722,
                    0.018390778452157974,
                    0.07413560152053833
                ],
                [
                    0.0,
                    0.0,
                    0.0,
                    1.0
                ]
            ]
        },
        {
            "file_path": "/data/shapenet_blender/all_50_random/02958343/9c35f00f81110738783854950b26f0d3/r_37",
            "rotation": 0.12566370614359174,
            "transform_matrix": [
                [
                    -0.9911505579948425,
                    0.10454807430505753,
                    -0.08179458975791931,
                    -0.32972458004951477
                ],
                [
                    -0.13274282217025757,
                    -0.7806289196014404,
                    0.6107354760169983,
                    2.461953639984131
                ],
                [
                    -7.450580596923828e-09,
                    0.6161885261535645,
                    0.7875986695289612,
                    3.1749119758605957
                ],
                [
                    0.0,
                    0.0,
                    0.0,
                    1.0
                ]
            ]
        },
        {
            "file_path": "/data/shapenet_blender/all_50_random/02958343/9c35f00f81110738783854950b26f0d3/r_38",
            "rotation": 0.12566370614359174,
            "transform_matrix": [
                [
                    -0.9824907183647156,
                    -0.12947869300842285,
                    0.13396736979484558,
                    0.5400397777557373
                ],
                [
                    0.1863115429878235,
                    -0.68278968334198,
                    0.7064602375030518,
                    2.847832441329956
                ],
                [
                    -7.450580596923828e-09,
                    0.719050407409668,
                    0.6949579119682312,
                    2.8014652729034424
                ],
                [
                    0.0,
                    0.0,
                    0.0,
                    1.0
                ]
            ]
        },
        {
            "file_path": "/data/shapenet_blender/all_50_random/02958343/9c35f00f81110738783854950b26f0d3/r_39",
            "rotation": 0.12566370614359174,
            "transform_matrix": [
                [
                    -0.6185688376426697,
                    0.11357759684324265,
                    0.7774784564971924,
                    3.1341159343719482
                ],
                [
                    0.7857306599617004,
                    0.08941430598497391,
                    0.6120722889900208,
                    2.4673423767089844
                ],
                [
                    0.0,
                    0.9894974231719971,
                    -0.14455030858516693,
                    -0.5827009081840515
                ],
                [
                    0.0,
                    0.0,
                    0.0,
                    1.0
                ]
            ]
        },
        {
            "file_path": "/data/shapenet_blender/all_50_random/02958343/9c35f00f81110738783854950b26f0d3/r_40",
            "rotation": 0.12566370614359174,
            "transform_matrix": [
                [
                    -0.995263934135437,
                    0.014646466821432114,
                    0.09610037505626678,
                    0.3873929977416992
                ],
                [
                    0.09721008688211441,
                    0.14995460212230682,
                    0.9839023947715759,
                    3.9662373065948486
                ],
                [
                    0.0,
                    0.9885843396186829,
                    -0.150668203830719,
                    -0.6073629856109619
                ],
                [
                    0.0,
                    0.0,
                    0.0,
                    1.0
                ]
            ]
        },
        {
            "file_path": "/data/shapenet_blender/all_50_random/02958343/9c35f00f81110738783854950b26f0d3/r_41",
            "rotation": 0.12566370614359174,
            "transform_matrix": [
                [
                    0.17832602560520172,
                    0.6265429854393005,
                    -0.7587118744850159,
                    -3.0584654808044434
                ],
                [
                    -0.9839714765548706,
                    0.11354894191026688,
                    -0.1375020295381546,
                    -0.554288387298584
