{
    "class": "02958343",
    "model": "bf8c14637ee36251ae3e053f6a533410",
    "remove_doubles": true,
    "edge_split": true,
    "denoise": true,
    "camera_angle_x": 0.6911112070083618,
    "scale_factor": 2.305650853892029,
    "hdri_file": "/data/IndoorHDRDataset2018/9C4A9690-0d2a277764.exr",
    "center_offset": [
        0.0,
        0.0,
        2.7939677238464355e-09
    ],
    "lights": [],
    "frames": [
        {
            "file_path": "/data/shapenet_blender/all_50_random/02958343/bf8c14637ee36251ae3e053f6a533410/r_0",
            "rotation": 0.12566370614359174,
            "transform_matrix": [
                [
                    -0.31531602144241333,
                    0.3844311535358429,
                    0.8676337599754333,
                    3.4975438117980957
                ],
                [
                    0.948986828327179,
                    0.12773339450359344,
                    0.28828519582748413,
                    1.1621148586273193
                ],
                [
                    0.0,
                    0.9142738580703735,
                    -0.4050964415073395,
                    -1.6329960823059082
                ],
                [
                    0.0,
                    0.0,
                    0.0,
                    1.0
                ]
            ]
        },
        {
            "file_path": "/data/shapenet_blender/all_50_random/02958343/bf8c14637ee36251ae3e053f6a533410/r_1",
            "rotation": 0.12566370614359174,
            "transform_matrix": [
                [
                    0.47478991746902466,
                    -0.28887027502059937,
                    0.8313413858413696,
                    3.3512442111968994
                ],
                [
                    0.8800991773605347,
                    0.1558377742767334,
                    -0.4484863877296448,
                    -1.8079065084457397
                ],
                [
                    0.0,
                    0.9445996880531311,
                    0.32822468876838684,
                    1.3231160640716553
                ],
                [
                    0.0,
                    0.0,
                    0.0,
                    1.0
                ]
            ]
        },
        {
            "file_path": "/data/shapenet_blender/all_50_random/02958343/bf8c14637ee36251ae3e053f6a533410/r_2",
            "rotation": 0.12566370614359174,
            "transform_matrix": [
                [
                    -0.24356406927108765,
                    -3.5800195519186673e-07,
                    -0.9698848128318787,
                    -3.9097306728363037
                ],
                [
                    -0.9698847532272339,
                    8.990389233076712e-08,
                    0.24356408417224884,
                    0.9818382263183594
                ],
                [
                    0.0,
                    0.9999999403953552,
                    -3.6911805523232033e-07,
                    -1.4879624359309673e-06
                ],
                [
                    0.0,
                    0.0,
                    0.0,
                    1.0
                ]
            ]
        },
        {
            "file_path": "/data/shapenet_blender/all_50_random/02958343/bf8c14637ee36251ae3e053f6a533410/r_3",
            "rotation": 0.12566370614359174,
            "transform_matrix": [
                [
                    -0.21876366436481476,
                    0.9737825989723206,
                    -0.06236965209245682,
                    -0.25142011046409607
                ],
                [
                    -0.9757779836654663,
                    -0.21831630170345306,
                    0.013982907868921757,
                    0.05636690557003021
                ],
                [
                    9.31322685637781e-10,
                    0.06391765177249908,
                    0.9979551434516907,
                    4.022885799407959
                ],
                [
                    0.0,
                    0.0,
                    0.0,
                    1.0
                ]
            ]
        },
        {
            "file_path": "/data/shapenet_blender/all_50_random/02958343/bf8c14637ee36251ae3e053f6a533410/r_4",
            "rotation": 0.12566370614359174,
            "transform_matrix": [
                [
                    -0.9811651706695557,
                    0.030888497829437256,
                    0.1906851828098297,
                    0.7686766386032104
                ],
                [
                    0.19317080080509186,
                    0.15689079463481903,
                    0.9685401916503906,
                    3.904310703277588
                ],
                [
                    0.0,
                    0.987132728099823,
                    -0.15990252792835236,
                    -0.6445877552032471
                ],
                [
                    0.0,
                    0.0,
                    0.0,
                    1.0
                ]
            ]
        },
        {
            "file_path": "/data/shapenet_blender/all_50_random/02958343/bf8c14637ee36251ae3e053f6a533410/r_5",
            "rotation": 0.12566370614359174,
            "transform_matrix": [
                [
                    0.9358517527580261,
                    -0.3152000606060028,
                    0.15757709741592407,
                    0.6352136731147766
                ],
                [
                    0.35239413380622864,
                    0.8370755314826965,
                    -0.4184768497943878,
                    -1.686934232711792
                ],
                [
                    -1.4901162970204496e-08,
                    0.4471614956855774,
                    0.8944531083106995,
                    3.605656147003174
                ],
                [
                    0.0,
                    0.0,
                    0.0,
                    1.0
                ]
            ]
        },
        {
            "file_path": "/data/shapenet_blender/all_50_random/02958343/bf8c14637ee36251ae3e053f6a533410/r_6",
            "rotation": 0.12566370614359174,
            "transform_matrix": [
                [
                    0.3045240044593811,
                    0.33106178045272827,
                    0.8931198716163635,
                    3.6002817153930664
                ],
                [
                    0.9525046348571777,
                    -0.10584332048892975,
                    -0.2855381667613983,
                    -1.1510412693023682
                ],
                [
                    -7.4505797087454084e-09,
                    0.9376542568206787,
                    -0.34756964445114136,
                    -1.4010981321334839
                ],
                [
                    0.0,
                    0.0,
                    0.0,
                    1.0
                ]
            ]
        },
        {
            "file_path": "/data/shapenet_blender/all_50_random/02958343/bf8c14637ee36251ae3e053f6a533410/r_7",
            "rotation": 0.12566370614359174,
            "transform_matrix": [
                [
                    -0.8252947926521301,
                    0.20990434288978577,
                    0.524241030216217,
                    2.113283395767212
                ],
                [
                    0.5647022128105164,
                    0.3067686855792999,
                    0.7661620378494263,
                    3.088498115539551
                ],
                [
                    0.0,
                    0.9283495545387268,
                    -0.3717080354690552,
                    -1.4984031915664673
                ],
                [
                    0.0,
                    0.0,
                    0.0,
                    1.0
                ]
            ]
        },
        {
            "file_path": "/data/shapenet_blender/all_50_random/02958343/bf8c14637ee36251ae3e053f6a533410/r_8",
            "rotation": 0.12566370614359174,
            "transform_matrix": [
                [
                    0.8290321826934814,
                    0.09643790870904922,
                    0.550822377204895,
                    2.2204360961914062
                ],
                [
                    0.5592008829116821,
                    -0.14297211170196533,
                    -0.8166108131408691,
                    -3.2918636798858643
                ],
                [
                    0.0,
                    0.9850170612335205,
                    -0.17245665192604065,
                    -0.6951949596405029
                ],
                [
                    0.0,
                    0.0,
                    0.0,
                    1.0
                ]
            ]
        },
        {
            "file_path": "/data/shapenet_blender/all_50_random/02958343/bf8c14637ee36251ae3e053f6a533410/r_9",
            "rotation": 0.12566370614359174,
            "transform_matrix": [
                [
                    0.7018021941184998,
                    -0.3343825042247772,
                    0.6290166974067688,
                    2.535647392272949
                ],
                [
                    0.7123718857765198,
                    0.32942116260528564,
                    -0.6196838021278381,
                    -2.498025417327881
                ],
                [
                    1.4901162970204496e-08,
                    0.882989227771759,
                    0.46939319372177124,
                    1.8921844959259033
                ],
                [
                    0.0,
                    0.0,
                    0.0,
                    1.0
                ]
            ]
        },
        {
            "file_path": "/data/shapenet_blender/all_50_random/02958343/bf8c14637ee36251ae3e053f6a533410/r_10",
            "rotation": 0.12566370614359174,
            "transform_matrix": [
                [
                    0.9836398959159851,
                    0.1662759631872177,
                    0.06931755691766739,
                    0.27942800521850586
                ],
                [
                    0.18014609813690186,
                    -0.9079056978225708,
                    -0.3784900903701782,
                    -1.5257424116134644
                ],
                [
                    0.0,
                    0.3847852051258087,
                    -0.9230061173439026,
                    -3.720756769180298
                ],
                [
                    0.0,
                    0.0,
                    0.0,
                    1.0
                ]
            ]
        },
        {
            "file_path": "/data/shapenet_blender/all_50_random/02958343/bf8c14637ee36251ae3e053f6a533410/r_11",
            "rotation": 0.12566370614359174,
            "transform_matrix": [
                [
                    -0.8198042511940002,
                    -0.06066834181547165,
                    0.5694209933280945,
                    2.295409679412842
                ],
                [
                    0.5726438760757446,
                    -0.08685357123613358,
                    0.815190315246582,
                    3.286137580871582
                ],
                [
                    7.450580596923828e-09,
                    0.9943720102310181,
                    0.10594426840543747,
                    0.42707502841949463
                ],
                [
                    0.0,
                    0.0,
                    0.0,
                    1.0
                ]
            ]
        },
        {
            "file_path": "/data/shapenet_blender/all_50_random/02958343/bf8c14637ee36251ae3e053f6a533410/r_12",
            "rotation": 0.12566370614359174,
            "transform_matrix": [
                [
                    -0.41827112436294556,
                    0.0032797185704112053,
                    0.9083163142204285,
                    3.6615402698516846
                ],
                [
                    0.908322274684906,
                    0.001510269707068801,
                    0.4182683825492859,
                    1.686093807220459
                ],
                [
                    -1.1641532182693481e-10,
                    0.9999934434890747,
                    -0.003610743675380945,
                    -0.014555373229086399
                ],
                [
                    0.0,
                    0.0,
                    0.0,
                    1.0
                ]
            ]
        },
        {
            "file_path": "/data/shapenet_blender/all_50_random/02958343/bf8c14637ee36251ae3e053f6a533410/r_13",
            "rotation": 0.12566370614359174,
            "transform_matrix": [
                [
                    -0.16636361181735992,
                    0.19474858045578003,
                    0.9666416645050049,
                    3.8966572284698486
                ],
                [
                    0.9860644936561584,
                    0.032856956124305725,
                    0.1630866974592209,
                    0.6574234962463379
                ],
                [
                    0.0,
                    0.9803026914596558,
                    -0.19750085473060608,
                    -0.7961513996124268
                ],
                [
                    0.0,
                    0.0,
                    0.0,
                    1.0
                ]
            ]
        },
        {
            "file_path": "/data/shapenet_blender/all_50_random/02958343/bf8c14637ee36251ae3e053f6a533410/r_14",
            "rotation": 0.12566370614359174,
            "transform_matrix": [
                [
                    0.2750932276248932,
                    -0.08823556452989578,
                    0.957360029220581,
                    3.8592417240142822
                ],
                [
                    0.9614174962043762,
                    0.025247102603316307,
                    -0.27393224835395813,
                    -1.104256272315979
                ],
                [
                    0.0,
                    0.9957796335220337,
                    0.0917765349149704,
                    0.36996304988861084
                ],
                [
                    0.0,
                    0.0,
                    0.0,
                    1.0
                ]
            ]
        },
        {
            "file_path": "/data/shapenet_blender/all_50_random/02958343/bf8c14637ee36251ae3e053f6a533410/r_15",
            "rotation": 0.12566370614359174,
            "transform_matrix": [
                [
                    -0.7395835518836975,
                    -0.020674800500273705,
                    -0.6727471351623535,
                    -2.711930513381958
                ],
                [
                    -0.6730647683143616,
                    0.02271808683872223,
                    0.7392345666885376,
                    2.979949951171875
                ],
                [
                    0.0,
                    0.9995280504226685,
                    -0.030717408284544945,
                    -0.12382583320140839
                ],
                [
                    0.0,
                    0.0,
                    0.0,
                    1.0
                ]
            ]
        },
        {
            "file_path": "/data/shapenet_blender/all_50_random/02958343/bf8c14637ee36251ae3e053f6a533410/r_16",
            "rotation": 0.12566370614359174,
            "transform_matrix": [
                [
                    0.026963623240590096,
                    0.5960306525230408,
                    -0.8025087714195251,
                    -3.2350165843963623
                ],
                [
                    -0.9996363520622253,
                    0.016076991334557533,
                    -0.021646415814757347,
                    -0.08725950121879578
                ],
                [
                    -9.313225191043273e-10,
                    0.8028007745742798,
                    0.5962473154067993,
                    2.403550148010254
                ],
                [
                    0.0,
                    0.0,
                    0.0,
                    1.0
                ]
            ]
        },
        {
            "file_path": "/data/shapenet_blender/all_50_random/02958343/bf8c14637ee36251ae3e053f6a533410/r_17",
            "rotation": 0.12566370614359174,
            "transform_matrix": [
                [
                    0.9575318694114685,
                    -0.0467708595097065,
                    0.28450852632522583,
                    1.146890640258789
                ],
                [
                    0.28832727670669556,
                    0.1553255170583725,
                    -0.9448497891426086,
                    -3.808811664581299
                ],
                [
                    0.0,
                    0.9867554903030396,
                    0.16221444308757782,
                    0.6539074182510376
                ],
                [
                    0.0,
                    0.0,
                    0.0,
                    1.0
                ]
            ]
        },
        {
            "file_path": "/data/shapenet_blender/all_50_random/02958343/bf8c14637ee36251ae3e053f6a533410/r_18",
            "rotation": 0.12566370614359174,
            "transform_matrix": [
                [
                    -0.7778623104095459,
                    -0.02075164206326008,
                    -0.6280919313430786,
                    -2.5319197177886963
                ],
                [
                    -0.6284346580505371,
                    0.02568591572344303,
                    0.7774380445480347,
                    3.133953332901001
                ],
                [
                    0.0,
                    0.9994545578956604,
                    -0.03302115574479103,
                    -0.13311254978179932
                ],
                [
                    0.0,
                    0.0,
                    0.0,
                    1.0
                ]
            ]
        },
        {
            "file_path": "/data/shapenet_blender/all_50_random/02958343/bf8c14637ee36251ae3e053f6a533410/r_19",
            "rotation": 0.12566370614359174,
            "transform_matrix": [
                [
                    -0.999912679195404,
                    0.00024235676391981542,
                    0.0132132014259696,
                    0.053264111280441284
                ],
                [
                    0.013215421698987484,
                    0.01833733171224594,
                    0.9997445940971375,
                    4.030098915100098
                ],
                [
                    0.0,
                    0.9998318552970886,
                    -0.01833893358707428,
                    -0.07392659783363342
                ],
                [
                    0.0,
                    0.0,
                    0.0,
                    1.0
                ]
            ]
        },
        {
            "file_path": "/data/shapenet_blender/all_50_random/02958343/bf8c14637ee36251ae3e053f6a533410/r_20",
            "rotation": 0.12566370614359174,
            "transform_matrix": [
                [
                    -0.9868655800819397,
                    0.04068079590797424,
                    -0.15633751451969147,
                    -0.630216658115387
                ],
                [
                    -0.16154363751411438,
                    -0.24851784110069275,
                    0.9550615549087524,
                    3.8499763011932373
                ],
                [
                    3.725290298461914e-09,
                    0.9677726626396179,
                    0.2518254220485687,
                    1.0151407718658447
                ],
                [
                    0.0,
                    0.0,
                    0.0,
                    1.0
                ]
            ]
        },
        {
            "file_path": "/data/shapenet_blender/all_50_random/02958343/bf8c14637ee36251ae3e053f6a533410/r_21",
            "rotation": 0.12566370614359174,
            "transform_matrix": [
                [
                    0.8246905207633972,
                    0.1320052295923233,
                    0.5499637722969055,
                    2.216974973678589
                ],
                [
                    0.5655841827392578,
                    -0.19247967004776,
                    -0.8019139766693115,
                    -3.232618570327759
                ],
                [
                    7.450580596923828e-09,
                    0.9723816514015198,
                    -0.2333962470293045,
                    -0.9408503770828247
                ],
                [
                    0.0,
                    0.0,
                    0.0,
                    1.0
                ]
            ]
        },
        {
            "file_path": "/data/shapenet_blender/all_50_random/02958343/bf8c14637ee36251ae3e053f6a533410/r_22",
            "rotation": 0.12566370614359174,
            "transform_matrix": [
                [
                    0.4809320271015167,
                    0.06641660630702972,
                    -0.8742386102676392,
                    -3.5241687297821045
                ],
                [
                    -0.8767579197883606,
                    0.036431800574064255,
                    -0.4795500636100769,
                    -1.9331282377243042
                ],
                [
                    0.0,
                    0.997126579284668,
                    0.07575250416994095,
                    0.3053681552410126
                ],
                [
                    0.0,
                    0.0,
                    0.0,
                    1.0
                ]
            ]
        },
        {
            "file_path": "/data/shapenet_blender/all_50_random/02958343/bf8c14637ee36251ae3e053f6a533410/r_23",
            "rotation": 0.12566370614359174,
            "transform_matrix": [
                [
                    -0.5552738308906555,
                    -0.3673163950443268,
                    0.7461565732955933,
                    3.0078532695770264
                ],
                [
                    0.8316676020622253,
                    -0.2452436089515686,
                    0.4981812536716461,
                    2.008232831954956
                ],
                [
                    -1.4901161193847656e-08,
                    0.8971812129020691,
                    0.4416625201702118,
                    1.7803986072540283
                ],
                [
                    0.0,
                    0.0,
                    0.0,
                    1.0
                ]
            ]
        },
        {
            "file_path": "/data/shapenet_blender/all_50_random/02958343/bf8c14637ee36251ae3e053f6a533410/r_24",
            "rotation": 0.12566370614359174,
            "transform_matrix": [
                [
                    -0.7663077712059021,
                    -0.2928732931613922,
                    -0.5718370079994202,
                    -2.3051488399505615
                ],
                [
                    -0.6424736976623535,
                    0.3493233621120453,
                    0.6820562481880188,
                    2.7494568824768066
                ],
                [
                    -2.9802322387695312e-08,
                    0.8900552988052368,
                    -0.45585253834724426,
                    -1.8376004695892334
                ],
                [
                    0.0,
                    0.0,
                    0.0,
                    1.0
                ]
            ]
        },
        {
            "file_path": "/data/shapenet_blender/all_50_random/02958343/bf8c14637ee36251ae3e053f6a533410/r_25",
            "rotation": 0.12566370614359174,
            "transform_matrix": [
                [
                    0.03275766968727112,
                    0.6775436997413635,
                    0.7347525358200073,
                    2.9618823528289795
                ],
                [
                    0.9994633197784424,
                    -0.02220667339861393,
                    -0.024081707000732422,
                    -0.09707647562026978
                ],
                [
                    0.0,
                    0.7351470589637756,
                    -0.6779075264930725,
                    -2.7327327728271484
                ],
                [
                    0.0,
                    0.0,
                    0.0,
                    1.0
                ]
            ]
        },
        {
            "file_path": "/data/shapenet_blender/all_50_random/02958343/bf8c14637ee36251ae3e053f6a533410/r_26",
            "rotation": 0.12566370614359174,
            "transform_matrix": [
                [
                    -0.4751310348510742,
                    0.8289752006530762,
                    0.295043408870697,
                    1.189357876777649
                ],
                [
                    0.8799150586128235,
                    0.4476248323917389,
                    0.15931569039821625,
                    0.642221987247467
                ],
                [
                    0.0,
                    0.3353090286254883,
                    -0.9421082735061646,
                    -3.797759532928467
                ],
                [
                    0.0,
                    0.0,
                    0.0,
                    1.0
                ]
            ]
        },
        {
            "file_path": "/data/shapenet_blender/all_50_random/02958343/bf8c14637ee36251ae3e053f6a533410/r_27",
            "rotation": 0.12566370614359174,
            "transform_matrix": [
                [
                    -0.6414155960083008,
                    0.04355693235993385,
                    -0.7659561634063721,
                    -3.087667942047119
                ],
                [
                    -0.767193615436554,
                    -0.036415960639715195,
                    0.6403809785842896,
                    2.581458330154419
                ],
                [
                    1.862645149230957e-09,
                    0.9983870387077332,
                    0.056774359196424484,
                    0.22886475920677185
                ],
                [
                    0.0,
                    0.0,
                    0.0,
                    1.0
                ]
            ]
        },
        {
            "file_path": "/data/shapenet_blender/all_50_random/02958343/bf8c14637ee36251ae3e053f6a533410/r_28",
            "rotation": 0.12566370614359174,
            "transform_matrix": [
                [
                    -0.8924188613891602,
                    -0.004296859726309776,
                    -0.4511873424053192,
                    -1.8187944889068604
                ],
                [
                    -0.45120781660079956,
                    0.008498519659042358,
                    0.8923783302307129,
                    3.597292423248291
                ],
                [
                    0.0,
                    0.9999547004699707,
                    -0.009523015469312668,
                    -0.03838850557804108
                ],
                [
                    0.0,
                    0.0,
                    0.0,
                    1.0
                ]
            ]
        },
        {
            "file_path": "/data/shapenet_blender/all_50_random/02958343/bf8c14637ee36251ae3e053f6a533410/r_29",
            "rotation": 0.12566370614359174,
            "transform_matrix": [
                [
                    0.8943198323249817,
                    0.0031482442282140255,
                    -0.44741708040237427,
                    -1.8035959005355835
                ],
                [
                    -0.4474281370639801,
                    0.0062927138060331345,
                    -0.89429771900177,
                    -3.605029344558716
                ],
                [
                    0.0,
                    0.9999752640724182,
                    0.00703631155192852,
                    0.028364278376102448
                ],
                [
                    0.0,
                    0.0,
                    0.0,
                    1.0
                ]
            ]
        },
        {
            "file_path": "/data/shapenet_blender/all_50_random/02958343/bf8c14637ee36251ae3e053f6a533410/r_30",
            "rotation": 0.12566370614359174,
            "transform_matrix": [
                [
                    0.45104411244392395,
                    0.44613707065582275,
                    0.7729948163032532,
                    3.116041660308838
                ],
                [
                    0.892501711845398,
                    -0.22546455264091492,
                    -0.39064884185791016,
                    -1.5747559070587158
                ],
                [
                    0.0,
                    0.866098940372467,
                    -0.4998725950717926,
                    -2.0150508880615234
                ],
                [
                    0.0,
                    0.0,
                    0.0,
                    1.0
                ]
            ]
        },
        {
            "file_path": "/data/shapenet_blender/all_50_random/02958343/bf8c14637ee36251ae3e053f6a533410/r_31",
            "rotation": 0.12566370614359174,
            "transform_matrix": [
                [
                    0.9972380995750427,
                    -0.06405934691429138,
                    0.03758510574698448,
                    0.15151041746139526
                ],
                [
                    0.07427140325307846,
                    0.8601213693618774,
                    -0.5046531558036804,
                    -2.0343222618103027
                ],
                [
                    3.725290298461914e-09,
                    0.5060509443283081,
                    0.8625035285949707,
                    3.476863145828247
                ],
                [
                    0.0,
                    0.0,
                    0.0,
                    1.0
                ]
            ]
        },
        {
            "file_path": "/data/shapenet_blender/all_50_random/02958343/bf8c14637ee36251ae3e053f6a533410/r_32",
            "rotation": 0.12566370614359174,
            "transform_matrix": [
                [
                    -0.0010307054035365582,
                    -0.8763453364372253,
                    0.481682151556015,
                    1.9417228698730469
                ],
                [
                    0.999999463558197,
                    -0.0009032543166540563,
                    0.0004964726394973695,
                    0.002001345157623291
                ],
                [
                    0.0,
                    0.48168236017227173,
                    0.8763458728790283,
                    3.532663106918335
                ],
                [
                    0.0,
                    0.0,
                    0.0,
                    1.0
                ]
            ]
        },
        {
            "file_path": "/data/shapenet_blender/all_50_random/02958343/bf8c14637ee36251ae3e053f6a533410/r_33",
            "rotation": 0.12566370614359174,
            "transform_matrix": [
                [
                    -0.565436065196991,
                    -0.15964606404304504,
                    -0.8091941475868225,
                    -3.2619659900665283
                ],
                [
                    -0.824792206287384,
                    0.10944531112909317,
                    0.5547428131103516,
                    2.2362399101257324
                ],
                [
                    0.0,
                    0.9810885787010193,
                    -0.19355913996696472,
                    -0.7802618741989136
                ],
                [
                    0.0,
                    0.0,
                    0.0,
                    1.0
                ]
            ]
        },
        {
            "file_path": "/data/shapenet_blender/all_50_random/02958343/bf8c14637ee36251ae3e053f6a533410/r_34",
            "rotation": 0.12566370614359174,
            "transform_matrix": [
                [
                    0.8104851841926575,
                    0.13068638741970062,
                    0.57099449634552,
                    2.3017525672912598
                ],
                [
                    0.5857590436935425,
                    -0.1808241456747055,
                    -0.7900562286376953,
                    -3.184818744659424
                ],
                [
                    0.0,
                    0.9747941493988037,
                    -0.22310605645179749,
                    -0.8993693590164185
                ],
                [
                    0.0,
                    0.0,
                    0.0,
                    1.0
                ]
            ]
        },
        {
            "file_path": "/data/shapenet_blender/all_50_random/02958343/bf8c14637ee36251ae3e053f6a533410/r_35",
            "rotation": 0.12566370614359174,
            "transform_matrix": [
                [
                    0.629235029220581,
                    0.1398533582687378,
                    -0.7645288109779358,
                    -3.081914186477661
                ],
                [
                    -0.7772151827812195,
                    0.11322557926177979,
                    -0.6189641356468201,
                    -2.495124340057373
                ],
                [
                    0.0,
                    0.9836772084236145,
                    0.17994165420532227,
                    0.7253680229187012
                ],
                [
                    0.0,
                    0.0,
                    0.0,
                    1.0
                ]
            ]
        },
        {
            "file_path": "/data/shapenet_blender/all_50_random/02958343/bf8c14637ee36251ae3e053f6a533410/r_36",
            "rotation": 0.12566370614359174,
            "transform_matrix": [
                [
                    0.5615645051002502,
                    0.02476954460144043,
                    0.8270620703697205,
                    3.333994150161743
                ],
                [
                    0.8274329900741577,
                    -0.016810663044452667,
                    -0.561312735080719,
                    -2.2627241611480713
                ],
                [
                    0.0,
                    0.9995518922805786,
                    -0.029935404658317566,
                    -0.12067348510026932
                ],
                [
                    0.0,
                    0.0,
                    0.0,
                    1.0
                ]
            ]
        },
        {
            "file_path": "/data/shapenet_blender/all_50_random/02958343/bf8c14637ee36251ae3e053f6a533410/r_37",
            "rotation": 0.12566370614359174,
            "transform_matrix": [
                [
                    0.7588590979576111,
                    -0.1701246201992035,
                    0.6286418437957764,
                    2.5341362953186035
                ],
                [
                    0.6512548923492432,
                    0.19823360443115234,
                    -0.7325097322463989,
                    -2.952841281890869
                ],
                [
                    0.0,
                    0.9652777314186096,
                    0.2612258195877075,
                    1.0530349016189575
                ],
                [
                    0.0,
                    0.0,
                    0.0,
                    1.0
                ]
            ]
        },
        {
            "file_path": "/data/shapenet_blender/all_50_random/02958343/bf8c14637ee36251ae3e053f6a533410/r_38",
            "rotation": 0.12566370614359174,
            "transform_matrix": [
                [
                    -0.02695881389081478,
                    -0.5300183296203613,
                    0.8475574851036072,
                    3.4166135787963867
                ],
                [
                    0.9996366500854492,
                    -0.014293859712779522,
                    0.02285744994878769,
                    0.09214133024215698
                ],
                [
                    0.0,
                    0.847865641117096,
                    0.5302110314369202,
                    2.1373491287231445
                ],
                [
                    0.0,
                    0.0,
                    0.0,
                    1.0
                ]
            ]
        },
        {
            "file_path": "/data/shapenet_blender/all_50_random/02958343/bf8c14637ee36251ae3e053f6a533410/r_39",
            "rotation": 0.12566370614359174,
            "transform_matrix": [
                [
                    -0.773315966129303,
                    -0.096039317548275,
                    -0.6267048120498657,
                    -2.526327610015869
                ],
                [
                    -0.6340208649635315,
                    0.11713926494121552,
                    0.764392614364624,
                    3.081364870071411
                ],
                [
                    0.0,
                    0.9884608387947083,
                    -0.15147659182548523,
                    -0.6106215715408325
                ],
                [
                    0.0,
                    0.0,
                    0.0,
                    1.0
                ]
            ]
        },
        {
            "file_path": "/data/shapenet_blender/all_50_random/02958343/bf8c14637ee36251ae3e053f6a533410/r_40",
            "rotation": 0.12566370614359174,
            "transform_matrix": [
                [
                    -0.5322466492652893,
                    -0.2230241894721985,
                    0.8166844844818115,
                    3.2921605110168457
                ],
                [
                    0.846589207649231,
                    -0.14021426439285278,
                    0.5134457349777222,
                    2.069766044616699
                ],
                [
                    0.0,
                    0.9646761417388916,
                    0.26343849301338196,
                    1.0619544982910156
                ],
                [
                    0.0,
                    0.0,
                    0.0,
                    1.0
                ]
            ]
        },
        {
            "file_path": "/data/shapenet_blender/all_50_random/02958343/bf8c14637ee36251ae3e053f6a533410/r_41",
            "rotation": 0.12566370614359174,
            "transform_matrix": [
                [
                    -0.4429704248905182,
                    0.6366837024688721,
                    -0.6311981081962585,
                    -2.544440984725952
                ],
                [
                    -0.8965363502502441,
                    -0.3145796060562134,
                    0.31186923384666443,
                    1.2571851015090942
                ],
                [
                    0.0,
                    0.7040406465530396,
                    0.7101595401763916,
