{
    "class": "02958343",
    "model": "a7b76ead88d243133ffe0e5069bf1eb5",
    "remove_doubles": true,
    "edge_split": true,
    "denoise": true,
    "camera_angle_x": 0.6911112070083618,
    "scale_factor": 2.2526606248733256,
    "hdri_file": "/data/IndoorHDRDataset2018/9C4A1119-7536af8af4.exr",
    "center_offset": [
        0.0,
        0.0,
        9.313225746154785e-10
    ],
    "lights": [],
    "frames": [
        {
            "file_path": "/data/shapenet_blender/all_50_random/02958343/a7b76ead88d243133ffe0e5069bf1eb5/r_0",
            "rotation": 0.12566370614359174,
            "transform_matrix": [
                [
                    -1.0,
                    -0.00010967061825795099,
                    -0.00013221723202150315,
                    -0.000532984733581543
                ],
                [
                    -0.00017178196867462248,
                    0.6384291648864746,
                    0.7696805596351624,
                    3.1026813983917236
                ],
                [
                    0.0,
                    0.7696805596351624,
                    -0.6384291648864746,
                    -2.5735902786254883
                ],
                [
                    0.0,
                    0.0,
                    0.0,
                    1.0
                ]
            ]
        },
        {
            "file_path": "/data/shapenet_blender/all_50_random/02958343/a7b76ead88d243133ffe0e5069bf1eb5/r_1",
            "rotation": 0.12566370614359174,
            "transform_matrix": [
                [
                    0.801167368888855,
                    -0.5373716354370117,
                    0.26336798071861267,
                    1.0616703033447266
                ],
                [
                    0.5984404683113098,
                    0.7194108963012695,
                    -0.35258615016937256,
                    -1.4213201999664307
                ],
                [
                    0.0,
                    0.44009050726890564,
                    0.8979533314704895,
                    3.6197657585144043
                ],
                [
                    0.0,
                    0.0,
                    0.0,
                    1.0
                ]
            ]
        },
        {
            "file_path": "/data/shapenet_blender/all_50_random/02958343/a7b76ead88d243133ffe0e5069bf1eb5/r_2",
            "rotation": 0.12566370614359174,
            "transform_matrix": [
                [
                    0.309895396232605,
                    -0.5069773197174072,
                    0.8043250441551208,
                    3.242337942123413
                ],
                [
                    0.9507707357406616,
                    0.16524481773376465,
                    -0.2621627151966095,
                    -1.0568116903305054
                ],
                [
                    0.0,
                    0.8459715843200684,
                    0.5332278609275818,
                    2.149510145187378
                ],
                [
                    0.0,
                    0.0,
                    0.0,
                    1.0
                ]
            ]
        },
        {
            "file_path": "/data/shapenet_blender/all_50_random/02958343/a7b76ead88d243133ffe0e5069bf1eb5/r_3",
            "rotation": 0.12566370614359174,
            "transform_matrix": [
                [
                    -0.9828036427497864,
                    -0.1767723560333252,
                    -0.05337322875857353,
                    -0.21515437960624695
                ],
                [
                    -0.18465420603752136,
                    0.9408532977104187,
                    0.28407368063926697,
                    1.1451377868652344
                ],
                [
                    0.0,
                    0.28904423117637634,
                    -0.9573156833648682,
                    -3.859063148498535
                ],
                [
                    0.0,
                    0.0,
                    0.0,
                    1.0
                ]
            ]
        },
        {
            "file_path": "/data/shapenet_blender/all_50_random/02958343/a7b76ead88d243133ffe0e5069bf1eb5/r_4",
            "rotation": 0.12566370614359174,
            "transform_matrix": [
                [
                    -0.4495154917240143,
                    0.5257841348648071,
                    -0.7221403121948242,
                    -2.911041021347046
                ],
                [
                    -0.8932725191116333,
                    -0.26458680629730225,
                    0.3633978068828583,
                    1.4649035930633545
                ],
                [
                    0.0,
                    0.8084211349487305,
                    0.5886043310165405,
                    2.3727402687072754
                ],
                [
                    0.0,
                    0.0,
                    0.0,
                    1.0
                ]
            ]
        },
        {
            "file_path": "/data/shapenet_blender/all_50_random/02958343/a7b76ead88d243133ffe0e5069bf1eb5/r_5",
            "rotation": 0.12566370614359174,
            "transform_matrix": [
                [
                    0.965786874294281,
                    0.00274492590688169,
                    0.2593228220939636,
                    1.0453639030456543
                ],
                [
                    0.2593374252319336,
                    -0.010222256183624268,
                    -0.9657326340675354,
                    -3.8929929733276367
                ],
                [
                    0.0,
                    0.9999440908432007,
                    -0.01058437954634428,
                    -0.042667001485824585
                ],
                [
                    0.0,
                    0.0,
                    0.0,
                    1.0
                ]
            ]
        },
        {
            "file_path": "/data/shapenet_blender/all_50_random/02958343/a7b76ead88d243133ffe0e5069bf1eb5/r_6",
            "rotation": 0.12566370614359174,
            "transform_matrix": [
                [
                    -0.10314689576625824,
                    -0.7357581257820129,
                    0.6693435311317444,
                    2.698209762573242
                ],
                [
                    0.9946662187576294,
                    -0.07629811763763428,
                    0.06941092759370804,
                    0.27980437874794006
                ],
                [
                    0.0,
                    0.6729327440261841,
                    0.7397036552429199,
                    2.9818403720855713
                ],
                [
                    0.0,
                    0.0,
                    0.0,
                    1.0
                ]
            ]
        },
        {
            "file_path": "/data/shapenet_blender/all_50_random/02958343/a7b76ead88d243133ffe0e5069bf1eb5/r_7",
            "rotation": 0.12566370614359174,
            "transform_matrix": [
                [
                    -0.9994889497756958,
                    0.0040950896218419075,
                    0.031705986708402634,
                    0.12781092524528503
                ],
                [
                    0.031969353556632996,
                    0.1280287653207779,
                    0.9912551045417786,
                    3.9958770275115967
                ],
                [
                    0.0,
                    0.9917620420455933,
                    -0.12809424102306366,
                    -0.5163643956184387
                ],
                [
                    0.0,
                    0.0,
                    0.0,
                    1.0
                ]
            ]
        },
        {
            "file_path": "/data/shapenet_blender/all_50_random/02958343/a7b76ead88d243133ffe0e5069bf1eb5/r_8",
            "rotation": 0.12566370614359174,
            "transform_matrix": [
                [
                    0.9491947293281555,
                    0.006816853769123554,
                    0.3146154582500458,
                    1.2682554721832275
                ],
                [
                    0.3146893084049225,
                    -0.020561618730425835,
                    -0.9489719867706299,
                    -3.8254284858703613
                ],
                [
                    -4.656612873077393e-10,
                    0.9997653365135193,
                    -0.021662170067429543,
                    -0.08732300251722336
                ],
                [
                    0.0,
                    0.0,
                    0.0,
                    1.0
                ]
            ]
        },
        {
            "file_path": "/data/shapenet_blender/all_50_random/02958343/a7b76ead88d243133ffe0e5069bf1eb5/r_9",
            "rotation": 0.12566370614359174,
            "transform_matrix": [
                [
                    0.07130644470453262,
                    0.0707985982298851,
                    -0.9949386715888977,
                    -4.010725975036621
                ],
                [
                    -0.9974544644355774,
                    0.005061280447989702,
                    -0.07112659513950348,
                    -0.28672048449516296
                ],
                [
                    4.656612873077393e-10,
                    0.9974778294563293,
                    0.0709792748093605,
                    0.28612661361694336
                ],
                [
                    0.0,
                    0.0,
                    0.0,
                    1.0
                ]
            ]
        },
        {
            "file_path": "/data/shapenet_blender/all_50_random/02958343/a7b76ead88d243133ffe0e5069bf1eb5/r_10",
            "rotation": 0.12566370614359174,
            "transform_matrix": [
                [
                    0.6567663550376892,
                    0.6374201774597168,
                    0.40293094515800476,
                    1.6242666244506836
                ],
                [
                    0.754094123840332,
                    -0.5551510453224182,
                    -0.35092636942863464,
                    -1.4146294593811035
                ],
                [
                    -1.4901161193847656e-08,
                    0.5343244075775146,
                    -0.8452793955802917,
                    -3.4074301719665527
                ],
                [
                    0.0,
                    0.0,
                    0.0,
                    1.0
                ]
            ]
        },
        {
            "file_path": "/data/shapenet_blender/all_50_random/02958343/a7b76ead88d243133ffe0e5069bf1eb5/r_11",
            "rotation": 0.12566370614359174,
            "transform_matrix": [
                [
                    -0.9978923201560974,
                    0.005172983277589083,
                    0.06468547880649567,
                    0.2607555389404297
                ],
                [
                    0.0648920014500618,
                    0.07954878360033035,
                    0.994716465473175,
                    4.009830474853516
                ],
                [
                    0.0,
                    0.9968174695968628,
                    -0.07971680164337158,
                    -0.32134872674942017
                ],
                [
                    0.0,
                    0.0,
                    0.0,
                    1.0
                ]
            ]
        },
        {
            "file_path": "/data/shapenet_blender/all_50_random/02958343/a7b76ead88d243133ffe0e5069bf1eb5/r_12",
            "rotation": 0.12566370614359174,
            "transform_matrix": [
                [
                    -0.9816843867301941,
                    -0.07660222798585892,
                    0.1744358092546463,
                    0.7031732797622681
                ],
                [
                    0.190514475107193,
                    -0.3947165608406067,
                    0.8988341689109802,
                    3.623316764831543
                ],
                [
                    7.450580596923828e-09,
                    0.9156041145324707,
                    0.4020808935165405,
                    1.620840072631836
                ],
                [
                    0.0,
                    0.0,
                    0.0,
                    1.0
                ]
            ]
        },
        {
            "file_path": "/data/shapenet_blender/all_50_random/02958343/a7b76ead88d243133ffe0e5069bf1eb5/r_13",
            "rotation": 0.12566370614359174,
            "transform_matrix": [
                [
                    0.9206401705741882,
                    0.16435647010803223,
                    0.3541308045387268,
                    1.4275469779968262
                ],
                [
                    0.39041218161582947,
                    -0.38757285475730896,
                    -0.8350841999053955,
                    -3.3663320541381836
                ],
                [
                    -1.4901161193847656e-08,
                    0.9070690274238586,
                    -0.42098191380500793,
                    -1.6970323324203491
                ],
                [
                    0.0,
                    0.0,
                    0.0,
                    1.0
                ]
            ]
        },
        {
            "file_path": "/data/shapenet_blender/all_50_random/02958343/a7b76ead88d243133ffe0e5069bf1eb5/r_14",
            "rotation": 0.12566370614359174,
            "transform_matrix": [
                [
                    -0.24821630120277405,
                    0.19124186038970947,
                    -0.9496394395828247,
                    -3.8281192779541016
                ],
                [
                    -0.9687047004699707,
                    -0.049002908170223236,
                    0.24333111941814423,
                    0.9808991551399231
                ],
                [
                    0.0,
                    0.9803188443183899,
                    0.19742019474506378,
                    0.7958263158798218
                ],
                [
                    0.0,
                    0.0,
                    0.0,
                    1.0
                ]
            ]
        },
        {
            "file_path": "/data/shapenet_blender/all_50_random/02958343/a7b76ead88d243133ffe0e5069bf1eb5/r_15",
            "rotation": 0.12566370614359174,
            "transform_matrix": [
                [
                    0.9911853075027466,
                    0.04669354483485222,
                    0.12398142367601395,
                    0.49978506565093994
                ],
                [
                    0.13248275220394135,
                    -0.3493432402610779,
                    -0.9275816082954407,
                    -3.7392008304595947
                ],
                [
                    0.0,
                    0.9358307123184204,
                    -0.3524499535560608,
                    -1.4207711219787598
                ],
                [
                    0.0,
                    0.0,
                    0.0,
                    1.0
                ]
            ]
        },
        {
            "file_path": "/data/shapenet_blender/all_50_random/02958343/a7b76ead88d243133ffe0e5069bf1eb5/r_16",
            "rotation": 0.12566370614359174,
            "transform_matrix": [
                [
                    0.04453336074948311,
                    0.2673998475074768,
                    0.962556004524231,
                    3.880187511444092
                ],
                [
                    0.9990078806877136,
                    -0.011920041404664516,
                    -0.04290842264890671,
                    -0.17296940088272095
                ],
                [
                    9.313225746154785e-10,
                    0.9635117650032043,
                    -0.26766544580459595,
                    -1.0789940357208252
                ],
                [
                    0.0,
                    0.0,
                    0.0,
                    1.0
                ]
            ]
        },
        {
            "file_path": "/data/shapenet_blender/all_50_random/02958343/a7b76ead88d243133ffe0e5069bf1eb5/r_17",
            "rotation": 0.12566370614359174,
            "transform_matrix": [
                [
                    0.40224722027778625,
                    0.18321287631988525,
                    0.8970117568969727,
                    3.6159703731536865
                ],
                [
                    0.9155311584472656,
                    -0.08049629628658295,
                    -0.3941105306148529,
                    -1.5887104272842407
                ],
                [
                    0.0,
                    0.9797720909118652,
                    -0.20011648535728455,
                    -0.8066954016685486
                ],
                [
                    0.0,
                    0.0,
                    0.0,
                    1.0
                ]
            ]
        },
        {
            "file_path": "/data/shapenet_blender/all_50_random/02958343/a7b76ead88d243133ffe0e5069bf1eb5/r_18",
            "rotation": 0.12566370614359174,
            "transform_matrix": [
                [
                    0.8305054903030396,
                    -0.44989076256752014,
                    0.328419029712677,
                    1.323899507522583
                ],
                [
                    0.5570105910301208,
                    0.6707893013954163,
                    -0.4896743595600128,
                    -1.9739404916763306
                ],
                [
                    0.0,
                    0.5896100401878357,
                    0.8076879978179932,
                    3.255894422531128
                ],
                [
                    0.0,
                    0.0,
                    0.0,
                    1.0
                ]
            ]
        },
        {
            "file_path": "/data/shapenet_blender/all_50_random/02958343/a7b76ead88d243133ffe0e5069bf1eb5/r_19",
            "rotation": 0.12566370614359174,
            "transform_matrix": [
                [
                    -0.856711745262146,
                    -0.07214273512363434,
                    -0.5107254385948181,
                    -2.058799982070923
                ],
                [
                    -0.5157955884933472,
                    0.11982563883066177,
                    0.8482905626296997,
                    3.4195685386657715
                ],
                [
                    0.0,
                    0.9901702404022217,
                    -0.13986694812774658,
                    -0.5638216733932495
                ],
                [
                    0.0,
                    0.0,
                    0.0,
                    1.0
                ]
            ]
        },
        {
            "file_path": "/data/shapenet_blender/all_50_random/02958343/a7b76ead88d243133ffe0e5069bf1eb5/r_20",
            "rotation": 0.12566370614359174,
            "transform_matrix": [
                [
                    -0.6984489560127258,
                    -0.03393334895372391,
                    -0.7148549556732178,
                    -2.8816726207733154
                ],
                [
                    -0.7156599760055542,
                    0.033117275685071945,
                    0.6976632475852966,
                    2.812370777130127
                ],
                [
                    -1.862645149230957e-09,
                    0.9988753199577332,
                    -0.04741545394062996,
                    -0.19113783538341522
                ],
                [
                    0.0,
                    0.0,
                    0.0,
                    1.0
                ]
            ]
        },
        {
            "file_path": "/data/shapenet_blender/all_50_random/02958343/a7b76ead88d243133ffe0e5069bf1eb5/r_21",
            "rotation": 0.12566370614359174,
            "transform_matrix": [
                [
                    0.9056596755981445,
                    0.2527197599411011,
                    -0.3404604196548462,
                    -1.3724398612976074
                ],
                [
                    -0.4240054190158844,
                    0.5397999286651611,
                    -0.7272107005119324,
                    -2.9314801692962646
                ],
                [
                    0.0,
                    0.8029624223709106,
                    0.5960295796394348,
                    2.402672052383423
                ],
                [
                    0.0,
                    0.0,
                    0.0,
                    1.0
                ]
            ]
        },
        {
            "file_path": "/data/shapenet_blender/all_50_random/02958343/a7b76ead88d243133ffe0e5069bf1eb5/r_22",
            "rotation": 0.12566370614359174,
            "transform_matrix": [
                [
                    0.6860367059707642,
                    0.09003875404596329,
                    -0.7219741344451904,
                    -2.9103710651397705
                ],
                [
                    -0.7275670170783997,
                    0.08489925414323807,
                    -0.6807631254196167,
                    -2.74424409866333
                ],
                [
                    0.0,
                    0.9923130869865417,
                    0.12375321984291077,
                    0.4988652169704437
                ],
                [
                    0.0,
                    0.0,
                    0.0,
                    1.0
                ]
            ]
        },
        {
            "file_path": "/data/shapenet_blender/all_50_random/02958343/a7b76ead88d243133ffe0e5069bf1eb5/r_23",
            "rotation": 0.12566370614359174,
            "transform_matrix": [
                [
                    -0.9873651266098022,
                    0.0017069611931219697,
                    -0.15845318138599396,
                    -0.6387451887130737
                ],
                [
                    -0.15846239030361176,
                    -0.010635923594236374,
                    0.9873077273368835,
                    3.9799647331237793
                ],
                [
                    0.0,
                    0.9999420046806335,
                    0.010772028006613255,
                    0.04342343285679817
                ],
                [
                    0.0,
                    0.0,
                    0.0,
                    1.0
                ]
            ]
        },
        {
            "file_path": "/data/shapenet_blender/all_50_random/02958343/a7b76ead88d243133ffe0e5069bf1eb5/r_24",
            "rotation": 0.12566370614359174,
            "transform_matrix": [
                [
                    -0.9619473218917847,
                    -0.20640592277050018,
                    -0.17903606593608856,
                    -0.721717357635498
                ],
                [
                    -0.27323493361473083,
                    0.7266700267791748,
                    0.6303120851516724,
                    2.5408689975738525
                ],
                [
                    0.0,
                    0.6552459597587585,
                    -0.755415678024292,
                    -3.045177698135376
                ],
                [
                    0.0,
                    0.0,
                    0.0,
                    1.0
                ]
            ]
        },
        {
            "file_path": "/data/shapenet_blender/all_50_random/02958343/a7b76ead88d243133ffe0e5069bf1eb5/r_25",
            "rotation": 0.12566370614359174,
            "transform_matrix": [
                [
                    -0.4178580641746521,
                    0.784012496471405,
                    0.4590412974357605,
                    1.8504546880722046
                ],
                [
                    0.9085124135017395,
                    0.3605960011482239,
                    0.21112987399101257,
                    0.851091742515564
                ],
                [
                    0.0,
                    0.5052669048309326,
                    -0.862963080406189,
                    -3.478715419769287
                ],
                [
                    0.0,
                    0.0,
                    0.0,
                    1.0
                ]
            ]
        },
        {
            "file_path": "/data/shapenet_blender/all_50_random/02958343/a7b76ead88d243133ffe0e5069bf1eb5/r_26",
            "rotation": 0.12566370614359174,
            "transform_matrix": [
                [
                    0.876427948474884,
                    -0.38494354486465454,
                    0.28929680585861206,
                    1.1661927700042725
                ],
                [
                    0.4815332293510437,
                    0.7006272077560425,
                    -0.5265426635742188,
                    -2.122561454772949
                ],
                [
                    0.0,
                    0.6007826328277588,
                    0.7994123697280884,
                    3.222534418106079
                ],
                [
                    0.0,
                    0.0,
                    0.0,
                    1.0
                ]
            ]
        },
        {
            "file_path": "/data/shapenet_blender/all_50_random/02958343/a7b76ead88d243133ffe0e5069bf1eb5/r_27",
            "rotation": 0.12566370614359174,
            "transform_matrix": [
                [
                    0.6261098980903625,
                    -0.6026222705841064,
                    0.4948057234287262,
                    1.9946256875991821
                ],
                [
                    0.7797349095344543,
                    0.48389241099357605,
                    -0.3973180651664734,
                    -1.6016403436660767
                ],
                [
                    -1.4901162970204496e-08,
                    0.6345819234848022,
                    0.7728555202484131,
                    3.1154801845550537
                ],
                [
                    0.0,
                    0.0,
                    0.0,
                    1.0
                ]
            ]
        },
        {
            "file_path": "/data/shapenet_blender/all_50_random/02958343/a7b76ead88d243133ffe0e5069bf1eb5/r_28",
            "rotation": 0.12566370614359174,
            "transform_matrix": [
                [
                    0.8108131885528564,
                    -0.5402408242225647,
                    0.22521522641181946,
                    0.9078714847564697
                ],
                [
                    0.5853051543235779,
                    0.7483863830566406,
                    -0.3119867742061615,
                    -1.2576587200164795
                ],
                [
                    -1.4901161193847656e-08,
                    0.384782612323761,
                    0.9230073094367981,
                    3.7207610607147217
                ],
                [
                    0.0,
                    0.0,
                    0.0,
                    1.0
                ]
            ]
        },
        {
            "file_path": "/data/shapenet_blender/all_50_random/02958343/a7b76ead88d243133ffe0e5069bf1eb5/r_29",
            "rotation": 0.12566370614359174,
            "transform_matrix": [
                [
                    0.5751256346702576,
                    0.5759517550468445,
                    -0.5809561014175415,
                    -2.3419089317321777
                ],
                [
                    -0.8180651664733887,
                    0.4049122631549835,
                    -0.40843045711517334,
                    -1.6464358568191528
                ],
                [
                    1.4901162970204496e-08,
                    0.7101587057113647,
                    0.7040415406227112,
                    2.8380823135375977
                ],
                [
                    0.0,
                    0.0,
                    0.0,
                    1.0
                ]
            ]
        },
        {
            "file_path": "/data/shapenet_blender/all_50_random/02958343/a7b76ead88d243133ffe0e5069bf1eb5/r_30",
            "rotation": 0.12566370614359174,
            "transform_matrix": [
                [
                    0.008141353726387024,
                    -0.8397952914237976,
                    -0.5428419709205627,
                    -2.188265800476074
                ],
                [
                    -0.9999668002128601,
                    -0.006837297696620226,
                    -0.004419615492224693,
                    -0.01781603693962097
                ],
                [
                    2.3283062977608182e-10,
                    0.5428598523139954,
                    -0.839823305606842,
                    -3.3854355812072754
                ],
                [
                    0.0,
                    0.0,
                    0.0,
                    1.0
                ]
            ]
        },
        {
            "file_path": "/data/shapenet_blender/all_50_random/02958343/a7b76ead88d243133ffe0e5069bf1eb5/r_31",
            "rotation": 0.12566370614359174,
            "transform_matrix": [
                [
                    0.02445412240922451,
                    0.04798182100057602,
                    -0.9985488057136536,
                    -4.0252790451049805
                ],
                [
                    -0.9997010231018066,
                    0.0011737042805179954,
                    -0.024425936862826347,
                    -0.09846410155296326
                ],
                [
                    1.1641533570472262e-10,
                    0.998847484588623,
                    0.04799617454409599,
                    0.1934787631034851
                ],
                [
                    0.0,
                    0.0,
                    0.0,
                    1.0
                ]
            ]
        },
        {
            "file_path": "/data/shapenet_blender/all_50_random/02958343/a7b76ead88d243133ffe0e5069bf1eb5/r_32",
            "rotation": 0.12566370614359174,
            "transform_matrix": [
                [
                    -0.03641132265329361,
                    -0.5567749738693237,
                    0.8298648595809937,
                    3.345292568206787
                ],
                [
                    0.9993368983268738,
                    -0.02028636634349823,
                    0.03023652918636799,
                    0.12188735604286194
                ],
                [
                    0.0,
                    0.8304156064987183,
                    0.5571443438529968,
                    2.2459208965301514
                ],
                [
                    0.0,
                    0.0,
                    0.0,
                    1.0
                ]
            ]
        },
        {
            "file_path": "/data/shapenet_blender/all_50_random/02958343/a7b76ead88d243133ffe0e5069bf1eb5/r_33",
            "rotation": 0.12566370614359174,
            "transform_matrix": [
                [
                    0.4009615480899811,
                    0.3807767629623413,
                    0.8332099318504333,
                    3.358776807785034
                ],
                [
                    0.9160948395729065,
                    -0.16666051745414734,
                    -0.36468401551246643,
                    -1.4700883626937866
                ],
                [
                    0.0,
                    0.909523606300354,
                    -0.4156520962715149,
                    -1.6755473613739014
                ],
                [
                    0.0,
                    0.0,
                    0.0,
                    1.0
                ]
            ]
        },
        {
            "file_path": "/data/shapenet_blender/all_50_random/02958343/a7b76ead88d243133ffe0e5069bf1eb5/r_34",
            "rotation": 0.12566370614359174,
            "transform_matrix": [
                [
                    -0.7039864659309387,
                    0.5134474039077759,
                    0.49068811535835266,
                    1.9780272245407104
                ],
                [
                    0.7102133631706238,
                    0.5089457035064697,
                    0.4863859713077545,
                    1.9606846570968628
                ],
                [
                    0.0,
                    0.6909024715423584,
                    -0.722947895526886,
                    -2.9142963886260986
                ],
                [
                    0.0,
                    0.0,
                    0.0,
                    1.0
                ]
            ]
        },
        {
            "file_path": "/data/shapenet_blender/all_50_random/02958343/a7b76ead88d243133ffe0e5069bf1eb5/r_35",
            "rotation": 0.12566370614359174,
            "transform_matrix": [
                [
                    0.3364557921886444,
                    -0.25615808367729187,
                    -0.9061899781227112,
                    -3.6529691219329834
                ],
                [
                    -0.9416993260383606,
                    -0.09152165055274963,
                    -0.32376885414123535,
                    -1.3051540851593018
                ],
                [
                    7.450581485102248e-09,
                    0.9622924327850342,
                    -0.27201682329177856,
                    -1.0965349674224854
                ],
                [
                    0.0,
                    0.0,
                    0.0,
                    1.0
                ]
            ]
        },
        {
            "file_path": "/data/shapenet_blender/all_50_random/02958343/a7b76ead88d243133ffe0e5069bf1eb5/r_36",
            "rotation": 0.12566370614359174,
            "transform_matrix": [
                [
                    -0.09355834126472473,
                    -0.02188541553914547,
                    -0.9953731894493103,
                    -4.012477874755859
                ],
                [
                    -0.9956138730049133,
                    0.0020565837621688843,
                    0.09353572130203247,
                    0.3770545721054077
                ],
                [
                    2.3283067140944524e-10,
                    0.9997583031654358,
                    -0.02198183164000511,
                    -0.08861160278320312
                ],
                [
                    0.0,
                    0.0,
                    0.0,
                    1.0
                ]
            ]
        },
        {
            "file_path": "/data/shapenet_blender/all_50_random/02958343/a7b76ead88d243133ffe0e5069bf1eb5/r_37",
            "rotation": 0.12566370614359174,
            "transform_matrix": [
                [
                    0.9966936111450195,
                    0.034254904836416245,
                    -0.0736783891916275,
                    -0.2970070540904999
                ],
                [
                    -0.0812520906329155,
                    0.42019400000572205,
                    -0.9037893414497375,
                    -3.6432909965515137
                ],
                [
                    -1.8626450382086546e-09,
                    0.9067875146865845,
                    0.4215880036354065,
                    1.6994754076004028
                ],
                [
                    0.0,
                    0.0,
                    0.0,
                    1.0
                ]
            ]
        },
        {
            "file_path": "/data/shapenet_blender/all_50_random/02958343/a7b76ead88d243133ffe0e5069bf1eb5/r_38",
            "rotation": 0.12566370614359174,
            "transform_matrix": [
                [
                    0.27162572741508484,
                    0.1509404331445694,
                    -0.9504926800727844,
                    -3.8315587043762207
                ],
                [
                    -0.9624030590057373,
                    0.04260097071528435,
                    -0.26826417446136475,
                    -1.0814075469970703
                ],
                [
                    -3.725290742551124e-09,
                    0.98762446641922,
                    0.15683703124523163,
                    0.6322303414344788
                ],
                [
                    0.0,
                    0.0,
                    0.0,
                    1.0
                ]
            ]
        },
        {
            "file_path": "/data/shapenet_blender/all_50_random/02958343/a7b76ead88d243133ffe0e5069bf1eb5/r_39",
            "rotation": 0.12566370614359174,
            "transform_matrix": [
                [
                    -0.7962471842765808,
                    -0.07704808562994003,
                    0.6000449061393738,
                    2.418858528137207
                ],
                [
                    0.6049713492393494,
                    -0.10140863806009293,
                    0.7897631525993347,
                    3.1836373805999756
                ],
                [
                    0.0,
                    0.9918567538261414,
                    0.12735822796821594,
                    0.5133975148200989
                ],
                [
                    0.0,
                    0.0,
                    0.0,
                    1.0
                ]
            ]
        },
        {
            "file_path": "/data/shapenet_blender/all_50_random/02958343/a7b76ead88d243133ffe0e5069bf1eb5/r_40",
            "rotation": 0.12566370614359174,
            "transform_matrix": [
                [
                    -0.8091315031051636,
                    0.175013929605484,
                    -0.5609601736068726,
                    -2.261302947998047
                ],
                [
                    -0.587627649307251,
                    -0.240984708070755,
                    0.7724118232727051,
                    3.113691806793213
                ],
                [
                    1.4901161193847656e-08,
                    0.9546184539794922,
                    0.29783132672309875,
                    1.200596570968628
                ],
                [
                    0.0,
                    0.0,
                    0.0,
                    1.0
                ]
            ]
        },
        {
            "file_path": "/data/shapenet_blender/all_50_random/02958343/a7b76ead88d243133ffe0e5069bf1eb5/r_41",
            "rotation": 0.12566370614359174,
            "transform_matrix": [
                [
                    -0.37381383776664734,
                    -0.2763138711452484,
                    0.8853890299797058,
                    3.569117546081543
                ],
                [
                    0.927503764629364,
                    -0.11136338114738464,
                    0.35684025287628174,
                    1.4384691715240479
                ],
                [
                    -7.450580596923828e-09,
