{
    "class": "02958343",
    "model": "8fc220461ea512f3abeba927b56dd398",
    "remove_doubles": true,
    "edge_split": true,
    "denoise": true,
    "camera_angle_x": 0.6911112070083618,
    "scale_factor": 2.262730103754894,
    "hdri_file": "/data/IndoorHDRDataset2018/9C4A1696-a361781a04.exr",
    "center_offset": [
        0.0,
        -1.862645149230957e-09,
        -3.725290298461914e-09
    ],
    "lights": [],
    "frames": [
        {
            "file_path": "/data/shapenet_blender/all_50_random/02958343/8fc220461ea512f3abeba927b56dd398/r_0",
            "rotation": 0.12566370614359174,
            "transform_matrix": [
                [
                    0.40287020802497864,
                    0.3055076599121094,
                    0.8627633452415466,
                    3.477910280227661
                ],
                [
                    0.9152570962905884,
                    -0.13447579741477966,
                    -0.3797639310359955,
                    -1.5308773517608643
                ],
                [
                    0.0,
                    0.942645788192749,
                    -0.33379438519477844,
                    -1.3455681800842285
                ],
                [
                    0.0,
                    0.0,
                    0.0,
                    1.0
                ]
            ]
        },
        {
            "file_path": "/data/shapenet_blender/all_50_random/02958343/8fc220461ea512f3abeba927b56dd398/r_1",
            "rotation": 0.12566370614359174,
            "transform_matrix": [
                [
                    -0.9854933023452759,
                    0.10431324690580368,
                    0.13387206196784973,
                    0.5396556258201599
                ],
                [
                    0.16971442103385925,
                    0.6057234406471252,
                    0.7773647904396057,
                    3.133657932281494
                ],
                [
                    0.0,
                    0.7888078689575195,
                    -0.6146397590637207,
                    -2.4776923656463623
                ],
                [
                    0.0,
                    0.0,
                    0.0,
                    1.0
                ]
            ]
        },
        {
            "file_path": "/data/shapenet_blender/all_50_random/02958343/8fc220461ea512f3abeba927b56dd398/r_2",
            "rotation": 0.12566370614359174,
            "transform_matrix": [
                [
                    -0.2253468632698059,
                    0.2578619718551636,
                    -0.9395349025726318,
                    -3.787386655807495
                ],
                [
                    -0.9742786288261414,
                    -0.059642475098371506,
                    0.21731077134609222,
                    0.8760077953338623
                ],
                [
                    0.0,
                    0.964339017868042,
                    0.26466965675354004,
                    1.0669176578521729
                ],
                [
                    0.0,
                    0.0,
                    0.0,
                    1.0
                ]
            ]
        },
        {
            "file_path": "/data/shapenet_blender/all_50_random/02958343/8fc220461ea512f3abeba927b56dd398/r_3",
            "rotation": 0.12566370614359174,
            "transform_matrix": [
                [
                    -0.49744144082069397,
                    -0.14048583805561066,
                    -0.8560466170310974,
                    -3.450834274291992
                ],
                [
                    -0.8674976825714111,
                    0.08055754005908966,
                    0.49087515473365784,
                    1.97878098487854
                ],
                [
                    0.0,
                    0.986799955368042,
                    -0.16194377839565277,
                    -0.6528162360191345
                ],
                [
                    0.0,
                    0.0,
                    0.0,
                    1.0
                ]
            ]
        },
        {
            "file_path": "/data/shapenet_blender/all_50_random/02958343/8fc220461ea512f3abeba927b56dd398/r_4",
            "rotation": 0.12566370614359174,
            "transform_matrix": [
                [
                    -0.9881464838981628,
                    -0.009588032029569149,
                    0.15321454405784607,
                    0.6176276206970215
                ],
                [
                    0.15351426601409912,
                    -0.061716604977846146,
                    0.9862171411514282,
                    3.9755687713623047
                ],
                [
                    0.0,
                    0.9980476498603821,
                    0.06245693936944008,
                    0.2517719864845276
                ],
                [
                    0.0,
                    0.0,
                    0.0,
                    1.0
                ]
            ]
        },
        {
            "file_path": "/data/shapenet_blender/all_50_random/02958343/8fc220461ea512f3abeba927b56dd398/r_5",
            "rotation": 0.12566370614359174,
            "transform_matrix": [
                [
                    0.14522303640842438,
                    -0.19839181005954742,
                    0.9693043231964111,
                    3.907390832901001
                ],
                [
                    0.9893990159034729,
                    0.029119759798049927,
                    -0.14227354526519775,
                    -0.5735230445861816
                ],
                [
                    0.0,
                    0.9796900749206543,
                    0.20051750540733337,
                    0.8083119988441467
                ],
                [
                    0.0,
                    0.0,
                    0.0,
                    1.0
                ]
            ]
        },
        {
            "file_path": "/data/shapenet_blender/all_50_random/02958343/8fc220461ea512f3abeba927b56dd398/r_6",
            "rotation": 0.12566370614359174,
            "transform_matrix": [
                [
                    0.5025764107704163,
                    -0.006019889377057552,
                    -0.8645117878913879,
                    -3.4849586486816406
                ],
                [
                    -0.8645328879356384,
                    -0.0034995251335203648,
                    -0.5025641322135925,
                    -2.0259010791778564
                ],
                [
                    0.0,
                    0.9999758005142212,
                    -0.006963169667869806,
                    -0.02806943655014038
                ],
                [
                    0.0,
                    0.0,
                    0.0,
                    1.0
                ]
            ]
        },
        {
            "file_path": "/data/shapenet_blender/all_50_random/02958343/8fc220461ea512f3abeba927b56dd398/r_7",
            "rotation": 0.12566370614359174,
            "transform_matrix": [
                [
                    0.4206615388393402,
                    0.18841472268104553,
                    0.88743656873703,
                    3.57737135887146
                ],
                [
                    0.9072176814079285,
                    -0.08736473321914673,
                    -0.4114893674850464,
                    -1.658766746520996
                ],
                [
                    0.0,
                    0.9781959652900696,
                    -0.20768412947654724,
                    -0.8372015357017517
                ],
                [
                    0.0,
                    0.0,
                    0.0,
                    1.0
                ]
            ]
        },
        {
            "file_path": "/data/shapenet_blender/all_50_random/02958343/8fc220461ea512f3abeba927b56dd398/r_8",
            "rotation": 0.12566370614359174,
            "transform_matrix": [
                [
                    -0.9919590353965759,
                    0.011556357145309448,
                    0.1260303407907486,
                    0.5080445408821106
                ],
                [
                    0.1265590637922287,
                    0.09057774394750595,
                    0.9878150224685669,
                    3.9820096492767334
                ],
                [
                    -9.313224635931761e-10,
                    0.9958223700523376,
                    -0.0913119688630104,
                    -0.36809033155441284
                ],
                [
                    0.0,
                    0.0,
                    0.0,
                    1.0
                ]
            ]
        },
        {
            "file_path": "/data/shapenet_blender/all_50_random/02958343/8fc220461ea512f3abeba927b56dd398/r_9",
            "rotation": 0.12566370614359174,
            "transform_matrix": [
                [
                    -0.05867739021778107,
                    -0.7037533521652222,
                    0.7080169320106506,
                    2.8541078567504883
                ],
                [
                    0.9982770681381226,
                    -0.04136567935347557,
                    0.0416162870824337,
                    0.16776064038276672
                ],
                [
                    0.0,
                    0.7092390656471252,
                    0.7049679756164551,
                    2.8418171405792236
                ],
                [
                    0.0,
                    0.0,
                    0.0,
                    1.0
                ]
            ]
        },
        {
            "file_path": "/data/shapenet_blender/all_50_random/02958343/8fc220461ea512f3abeba927b56dd398/r_10",
            "rotation": 0.12566370614359174,
            "transform_matrix": [
                [
                    0.9098056554794312,
                    -0.323198527097702,
                    0.2603774666786194,
                    1.0496152639389038
                ],
                [
                    0.41503462195396423,
                    0.7084899544715881,
                    -0.5707786083221436,
                    -2.300882339477539
                ],
                [
                    -1.4901161193847656e-08,
                    0.6273633241653442,
                    0.7787266373634338,
                    3.1391477584838867
                ],
                [
                    0.0,
                    0.0,
                    0.0,
                    1.0
                ]
            ]
        },
        {
            "file_path": "/data/shapenet_blender/all_50_random/02958343/8fc220461ea512f3abeba927b56dd398/r_11",
            "rotation": 0.12566370614359174,
            "transform_matrix": [
                [
                    0.9703871011734009,
                    0.11009196937084198,
                    -0.2150087207555771,
                    -0.8667279481887817
                ],
                [
                    -0.24155539274215698,
                    0.4422663748264313,
                    -0.8637425899505615,
                    -3.481858015060425
                ],
                [
                    7.450581485102248e-09,
                    0.8901011347770691,
                    0.4557628631591797,
                    1.8372390270233154
                ],
                [
                    0.0,
                    0.0,
                    0.0,
                    1.0
                ]
            ]
        },
        {
            "file_path": "/data/shapenet_blender/all_50_random/02958343/8fc220461ea512f3abeba927b56dd398/r_12",
            "rotation": 0.12566370614359174,
            "transform_matrix": [
                [
                    -0.962746262550354,
                    0.00431003188714385,
                    -0.27037227153778076,
                    -1.0899055004119873
                ],
                [
                    -0.2704066336154938,
                    -0.015345285646617413,
                    0.9626238942146301,
                    3.8804609775543213
                ],
                [
                    0.0,
                    0.9998729228973389,
                    0.015939075499773026,
                    0.06425246596336365
                ],
                [
                    0.0,
                    0.0,
                    0.0,
                    1.0
                ]
            ]
        },
        {
            "file_path": "/data/shapenet_blender/all_50_random/02958343/8fc220461ea512f3abeba927b56dd398/r_13",
            "rotation": 0.12566370614359174,
            "transform_matrix": [
                [
                    -0.99308180809021,
                    -0.0010773494141176343,
                    0.11742022633552551,
                    0.47333604097366333
                ],
                [
                    0.11742518097162247,
                    -0.009111301973462105,
                    0.9930399656295776,
                    4.0030717849731445
                ],
                [
                    1.1641532182693481e-10,
                    0.9999579191207886,
                    0.009174775332212448,
                    0.036984700709581375
                ],
                [
                    0.0,
                    0.0,
                    0.0,
                    1.0
                ]
            ]
        },
        {
            "file_path": "/data/shapenet_blender/all_50_random/02958343/8fc220461ea512f3abeba927b56dd398/r_14",
            "rotation": 0.12566370614359174,
            "transform_matrix": [
                [
                    -0.20343366265296936,
                    -0.7785739898681641,
                    -0.593664288520813,
                    -2.3931374549865723
                ],
                [
                    -0.9790887832641602,
                    0.1617709994316101,
                    0.12335073202848434,
                    0.4972427487373352
                ],
                [
                    0.0,
                    0.6063436269760132,
                    -0.7952025532722473,
                    -3.205564260482788
                ],
                [
                    0.0,
                    0.0,
                    0.0,
                    1.0
                ]
            ]
        },
        {
            "file_path": "/data/shapenet_blender/all_50_random/02958343/8fc220461ea512f3abeba927b56dd398/r_15",
            "rotation": 0.12566370614359174,
            "transform_matrix": [
                [
                    -0.748959481716156,
                    0.618476927280426,
                    -0.23779380321502686,
                    -0.9585775136947632
                ],
                [
                    -0.6626158356666565,
                    -0.6990689635276794,
                    0.26878005266189575,
                    1.0834871530532837
                ],
                [
                    0.0,
                    0.35887131094932556,
                    0.9333869814872742,
                    3.762603521347046
                ],
                [
                    0.0,
                    0.0,
                    0.0,
                    1.0
                ]
            ]
        },
        {
            "file_path": "/data/shapenet_blender/all_50_random/02958343/8fc220461ea512f3abeba927b56dd398/r_16",
            "rotation": 0.12566370614359174,
            "transform_matrix": [
                [
                    0.5445058345794678,
                    0.6303351521492004,
                    -0.5533452033996582,
                    -2.2306058406829834
                ],
                [
                    -0.8387571573257446,
                    0.40920206904411316,
                    -0.3592216372489929,
                    -1.4480687379837036
                ],
                [
                    -1.4901162970204496e-08,
                    0.6597203612327576,
                    0.7515110969543457,
                    3.029438018798828
                ],
                [
                    0.0,
                    0.0,
                    0.0,
                    1.0
                ]
            ]
        },
        {
            "file_path": "/data/shapenet_blender/all_50_random/02958343/8fc220461ea512f3abeba927b56dd398/r_17",
            "rotation": 0.12566370614359174,
            "transform_matrix": [
                [
                    0.9046508073806763,
                    0.09686944633722305,
                    -0.4149978458881378,
                    -1.6729098558425903
                ],
                [
                    -0.42615363001823425,
                    0.20563717186450958,
                    -0.8809689879417419,
                    -3.551299571990967
                ],
                [
                    0.0,
                    0.973822295665741,
                    0.22731105983257294,
                    0.9163202047348022
                ],
                [
                    0.0,
                    0.0,
                    0.0,
                    1.0
                ]
            ]
        },
        {
            "file_path": "/data/shapenet_blender/all_50_random/02958343/8fc220461ea512f3abeba927b56dd398/r_18",
            "rotation": 0.12566370614359174,
            "transform_matrix": [
                [
                    0.9608817100524902,
                    0.21715909242630005,
                    -0.17189601063728333,
                    -0.692935049533844
                ],
                [
                    -0.27695906162261963,
                    0.7534117698669434,
                    -0.5963760018348694,
                    -2.4040687084198
                ],
                [
                    0.0,
                    0.6206548810005188,
                    0.7840837240219116,
                    3.16074275970459
                ],
                [
                    0.0,
                    0.0,
                    0.0,
                    1.0
                ]
            ]
        },
        {
            "file_path": "/data/shapenet_blender/all_50_random/02958343/8fc220461ea512f3abeba927b56dd398/r_19",
            "rotation": 0.12566370614359174,
            "transform_matrix": [
                [
                    0.29967716336250305,
                    0.16813936829566956,
                    0.9391074180603027,
                    3.785662889480591
                ],
                [
                    0.9540405869483948,
                    -0.052814874798059464,
                    -0.29498645663261414,
                    -1.1891283988952637
                ],
                [
                    0.0,
                    0.9843473434448242,
                    -0.17623920738697052,
                    -0.7104429602622986
                ],
                [
                    0.0,
                    0.0,
                    0.0,
                    1.0
                ]
            ]
        },
        {
            "file_path": "/data/shapenet_blender/all_50_random/02958343/8fc220461ea512f3abeba927b56dd398/r_20",
            "rotation": 0.12566370614359174,
            "transform_matrix": [
                [
                    0.6166267395019531,
                    0.610037088394165,
                    0.4976206123828888,
                    2.0059728622436523
                ],
                [
                    0.7872557640075684,
                    -0.47781825065612793,
                    -0.3897668421268463,
                    -1.5712003707885742
                ],
                [
                    -1.4901162970204496e-08,
                    0.6320952773094177,
                    -0.774890661239624,
                    -3.1236841678619385
                ],
                [
                    0.0,
                    0.0,
                    0.0,
                    1.0
                ]
            ]
        },
        {
            "file_path": "/data/shapenet_blender/all_50_random/02958343/8fc220461ea512f3abeba927b56dd398/r_21",
            "rotation": 0.12566370614359174,
            "transform_matrix": [
                [
                    0.9795388579368591,
                    -0.050486113876104355,
                    -0.19482026994228363,
                    -0.7853456139564514
                ],
                [
                    -0.20125554502010345,
                    -0.24572297930717468,
                    -0.948217511177063,
                    -3.8223869800567627
                ],
                [
                    0.0,
                    0.9680244326591492,
                    -0.25085580348968506,
                    -1.0112321376800537
                ],
                [
                    0.0,
                    0.0,
                    0.0,
                    1.0
                ]
            ]
        },
        {
            "file_path": "/data/shapenet_blender/all_50_random/02958343/8fc220461ea512f3abeba927b56dd398/r_22",
            "rotation": 0.12566370614359174,
            "transform_matrix": [
                [
                    -0.9739197492599487,
                    -0.07834498584270477,
                    0.21293766796588898,
                    0.8583791851997375
                ],
                [
                    0.22689290344715118,
                    -0.3362896144390106,
                    0.9140180349349976,
                    3.6845245361328125
                ],
                [
                    -7.450580596923828e-09,
                    0.9384941458702087,
                    0.3452950119972229,
                    1.3919286727905273
                ],
                [
                    0.0,
                    0.0,
                    0.0,
                    1.0
                ]
            ]
        },
        {
            "file_path": "/data/shapenet_blender/all_50_random/02958343/8fc220461ea512f3abeba927b56dd398/r_23",
            "rotation": 0.12566370614359174,
            "transform_matrix": [
                [
                    0.9702158570289612,
                    0.06216121464967728,
                    0.2341306358575821,
                    0.943810760974884
                ],
                [
                    0.2422419786453247,
                    -0.24896511435508728,
                    -0.937728762626648,
                    -3.7801055908203125
                ],
                [
                    3.725290298461914e-09,
                    0.9665156006813049,
                    -0.25660794973373413,
                    -1.0344197750091553
                ],
                [
                    0.0,
                    0.0,
                    0.0,
                    1.0
                ]
            ]
        },
        {
            "file_path": "/data/shapenet_blender/all_50_random/02958343/8fc220461ea512f3abeba927b56dd398/r_24",
            "rotation": 0.12566370614359174,
            "transform_matrix": [
                [
                    0.7767293453216553,
                    0.05742203816771507,
                    0.6272113919258118,
                    2.528369903564453
                ],
                [
                    0.6298344135284424,
                    -0.07081446051597595,
                    -0.7734946012496948,
                    -3.118056535720825
                ],
                [
                    0.0,
                    0.9958353638648987,
                    -0.0911700502038002,
                    -0.36751821637153625
                ],
                [
                    0.0,
                    0.0,
                    0.0,
                    1.0
                ]
            ]
        },
        {
            "file_path": "/data/shapenet_blender/all_50_random/02958343/8fc220461ea512f3abeba927b56dd398/r_25",
            "rotation": 0.12566370614359174,
            "transform_matrix": [
                [
                    0.292730450630188,
                    0.04516575485467911,
                    0.9551276564598083,
                    3.850243091583252
                ],
                [
                    0.956195056438446,
                    -0.013827086426317692,
                    -0.2924036681652069,
                    -1.178717017173767
                ],
                [
                    0.0,
                    0.9988836646080017,
                    -0.04723488166928291,
                    -0.19040991365909576
                ],
                [
                    0.0,
                    0.0,
                    0.0,
                    1.0
                ]
            ]
        },
        {
            "file_path": "/data/shapenet_blender/all_50_random/02958343/8fc220461ea512f3abeba927b56dd398/r_26",
            "rotation": 0.12566370614359174,
            "transform_matrix": [
                [
                    -0.9991231560707092,
                    -0.0040995413437485695,
                    0.04166686162352562,
                    0.16796448826789856
                ],
                [
                    0.04186805337667465,
                    -0.09782988578081131,
                    0.9943220615386963,
                    4.008240222930908
                ],
                [
                    0.0,
                    0.995194673538208,
                    0.09791575372219086,
                    0.3947110176086426
                ],
                [
                    0.0,
                    0.0,
                    0.0,
                    1.0
                ]
            ]
        },
        {
            "file_path": "/data/shapenet_blender/all_50_random/02958343/8fc220461ea512f3abeba927b56dd398/r_27",
            "rotation": 0.12566370614359174,
            "transform_matrix": [
                [
                    -0.6210351586341858,
                    -0.3826126754283905,
                    0.6840488314628601,
                    2.7574892044067383
                ],
                [
                    0.7837827801704407,
                    -0.3031655251979828,
                    0.5420103669166565,
                    2.1849138736724854
                ],
                [
                    -1.4901161193847656e-08,
                    0.8727532029151917,
                    0.4881616532802582,
                    1.967842698097229
                ],
                [
                    0.0,
                    0.0,
                    0.0,
                    1.0
                ]
            ]
        },
        {
            "file_path": "/data/shapenet_blender/all_50_random/02958343/8fc220461ea512f3abeba927b56dd398/r_28",
            "rotation": 0.12566370614359174,
            "transform_matrix": [
                [
                    0.907581090927124,
                    -0.006073750555515289,
                    -0.41983291506767273,
                    -1.6924006938934326
                ],
                [
                    -0.4198768734931946,
                    -0.01312866061925888,
                    -0.907486081123352,
                    -3.658193588256836
                ],
                [
                    4.656612873077393e-10,
                    0.9998953938484192,
                    -0.01446554996073246,
                    -0.05831250175833702
                ],
                [
                    0.0,
                    0.0,
                    0.0,
                    1.0
                ]
            ]
        },
        {
            "file_path": "/data/shapenet_blender/all_50_random/02958343/8fc220461ea512f3abeba927b56dd398/r_29",
            "rotation": 0.12566370614359174,
            "transform_matrix": [
                [
                    -0.8774140477180481,
                    0.24129381775856018,
                    -0.4146347641944885,
                    -1.6714463233947754
                ],
                [
                    -0.47973406314849854,
                    -0.4413165748119354,
                    0.7583500742912292,
                    3.057007074356079
                ],
                [
                    0.0,
                    0.864301323890686,
                    0.5029741525650024,
                    2.0275537967681885
                ],
                [
                    0.0,
                    0.0,
                    0.0,
                    1.0
                ]
            ]
        },
        {
            "file_path": "/data/shapenet_blender/all_50_random/02958343/8fc220461ea512f3abeba927b56dd398/r_30",
            "rotation": 0.12566370614359174,
            "transform_matrix": [
                [
                    -0.6121647357940674,
                    -0.2156008929014206,
                    0.7607697248458862,
                    3.066760778427124
                ],
                [
                    0.7907302975654602,
                    -0.16691312193870544,
                    0.5889700055122375,
                    2.374213933944702
                ],
                [
                    0.0,
                    0.9621102809906006,
                    0.272660493850708,
                    1.099129557609558
                ],
                [
                    0.0,
                    0.0,
                    0.0,
                    1.0
                ]
            ]
        },
        {
            "file_path": "/data/shapenet_blender/all_50_random/02958343/8fc220461ea512f3abeba927b56dd398/r_31",
            "rotation": 0.12566370614359174,
            "transform_matrix": [
                [
                    0.5174537897109985,
                    -0.6810405254364014,
                    0.5180977582931519,
                    2.0885188579559326
                ],
                [
                    0.8557111024856567,
                    0.41182941198349,
                    -0.313296914100647,
                    -1.2629402875900269
                ],
                [
                    0.0,
                    0.605458676815033,
                    0.795876681804657,
                    3.2082815170288086
                ],
                [
                    0.0,
                    0.0,
                    0.0,
                    1.0
                ]
            ]
        },
        {
            "file_path": "/data/shapenet_blender/all_50_random/02958343/8fc220461ea512f3abeba927b56dd398/r_32",
            "rotation": 0.12566370614359174,
            "transform_matrix": [
                [
                    -0.8299850225448608,
                    0.11844616383314133,
                    0.5450645089149475,
                    2.197225570678711
                ],
                [
                    0.55778568983078,
                    0.17624787986278534,
                    0.8110558986663818,
                    3.2694711685180664
                ],
                [
                    -7.450580596923828e-09,
                    0.9771935343742371,
                    -0.21235065162181854,
                    -0.8560129404067993
                ],
                [
                    0.0,
                    0.0,
                    0.0,
                    1.0
                ]
            ]
        },
        {
            "file_path": "/data/shapenet_blender/all_50_random/02958343/8fc220461ea512f3abeba927b56dd398/r_33",
            "rotation": 0.12566370614359174,
            "transform_matrix": [
                [
                    0.2676337659358978,
                    -0.08604954928159714,
                    -0.9596705436706543,
                    -3.868556022644043
                ],
                [
                    -0.9635208249092102,
                    -0.0239016804844141,
                    -0.266564279794693,
                    -1.0745551586151123
                ],
                [
                    0.0,
                    0.9960039854049683,
                    -0.08930742740631104,
                    -0.3600097894668579
                ],
                [
                    0.0,
                    0.0,
                    0.0,
                    1.0
                ]
            ]
        },
        {
            "file_path": "/data/shapenet_blender/all_50_random/02958343/8fc220461ea512f3abeba927b56dd398/r_34",
            "rotation": 0.12566370614359174,
            "transform_matrix": [
                [
                    -0.2699558436870575,
                    0.7631745934486389,
                    -0.5871016383171082,
                    -2.366682291030884
                ],
                [
                    -0.9628728032112122,
                    -0.2139674574136734,
                    0.16460277140140533,
                    0.6635349988937378
                ],
                [
                    1.4901162970204496e-08,
                    0.6097394227981567,
                    0.7926018238067627,
                    3.195080041885376
                ],
                [
                    0.0,
                    0.0,
                    0.0,
                    1.0
                ]
            ]
        },
        {
            "file_path": "/data/shapenet_blender/all_50_random/02958343/8fc220461ea512f3abeba927b56dd398/r_35",
            "rotation": 0.12566370614359174,
            "transform_matrix": [
                [
                    0.7976694107055664,
                    -0.43654587864875793,
                    0.4161143898963928,
                    1.6774108409881592
                ],
                [
                    0.6030949950218201,
                    0.5773870944976807,
                    -0.5503638982772827,
                    -2.21858811378479
                ],
                [
                    1.4901162970204496e-08,
                    0.6899649500846863,
                    0.7238426208496094,
                    2.917903184890747
                ],
                [
                    0.0,
                    0.0,
                    0.0,
                    1.0
                ]
            ]
        },
        {
            "file_path": "/data/shapenet_blender/all_50_random/02958343/8fc220461ea512f3abeba927b56dd398/r_36",
            "rotation": 0.12566370614359174,
            "transform_matrix": [
                [
                    -0.776890218257904,
                    -0.34558939933776855,
                    0.5263169407844543,
                    2.1216516494750977
                ],
                [
                    0.6296360492706299,
                    -0.42641299962997437,
                    0.6494076251983643,
                    2.6178460121154785
                ],
                [
                    0.0,
                    0.8359065651893616,
                    0.548871636390686,
                    2.2125725746154785
                ],
                [
                    0.0,
                    0.0,
                    0.0,
                    1.0
                ]
            ]
        },
        {
            "file_path": "/data/shapenet_blender/all_50_random/02958343/8fc220461ea512f3abeba927b56dd398/r_37",
            "rotation": 0.12566370614359174,
            "transform_matrix": [
                [
                    0.5326025485992432,
                    -0.6593875885009766,
                    -0.5306057333946228,
                    -2.1389400959014893
                ],
                [
                    -0.8463655114173889,
                    -0.4149407744407654,
                    -0.33390066027641296,
                    -1.345996618270874
                ],
                [
                    0.0,
                    0.626922607421875,
                    -0.7790814638137817,
                    -3.140577793121338
                ],
                [
                    0.0,
                    0.0,
                    0.0,
                    1.0
                ]
            ]
        },
        {
            "file_path": "/data/shapenet_blender/all_50_random/02958343/8fc220461ea512f3abeba927b56dd398/r_38",
            "rotation": 0.12566370614359174,
            "transform_matrix": [
                [
                    -0.8951619863510132,
                    -0.07147280126810074,
                    -0.43997353315353394,
                    -1.773590087890625
                ],
                [
                    -0.44574105739593506,
                    0.14353564381599426,
                    0.8835793137550354,
                    3.5618221759796143
                ],
                [
                    -7.450580596923828e-09,
                    0.9870607852935791,
                    -0.16034601628780365,
                    -0.6463754773139954
                ],
                [
                    0.0,
                    0.0,
                    0.0,
                    1.0
                ]
            ]
        },
        {
            "file_path": "/data/shapenet_blender/all_50_random/02958343/8fc220461ea512f3abeba927b56dd398/r_39",
            "rotation": 0.12566370614359174,
            "transform_matrix": [
                [
                    0.9692035913467407,
                    -0.11814646422863007,
                    -0.2160690873861313,
                    -0.8710023760795593
                ],
                [
                    -0.24626094102859497,
                    -0.4649863541126251,
                    -0.8503782153129578,
                    -3.4279842376708984
                ],
                [
                    0.0,
                    0.8773989081382751,
                    -0.47976139187812805,
                    -1.9339799880981445
                ],
                [
                    0.0,
                    0.0,
                    0.0,
                    1.0
                ]
            ]
        },
        {
            "file_path": "/data/shapenet_blender/all_50_random/02958343/8fc220461ea512f3abeba927b56dd398/r_40",
            "rotation": 0.12566370614359174,
            "transform_matrix": [
                [
                    -0.9560768008232117,
                    -0.19519132375717163,
                    -0.2186722606420517,
                    -0.8814960718154907
                ],
                [
                    -0.29311636090278625,
                    0.6366682052612305,
                    0.7132575511932373,
                    2.8752331733703613
                ],
                [
                    0.0,
                    0.7460253238677979,
                    -0.6659174561500549,
                    -2.684399127960205
                ],
                [
                    0.0,
                    0.0,
                    0.0,
                    1.0
                ]
            ]
        },
        {
            "file_path": "/data/shapenet_blender/all_50_random/02958343/8fc220461ea512f3abeba927b56dd398/r_41",
            "rotation": 0.12566370614359174,
            "transform_matrix": [
                [
                    0.8559433221817017,
                    0.1583104431629181,
                    0.49223852157592773,
                    1.9842768907546997
                ],
                [
                    0.5170695781707764,
                    -0.2620629072189331,
                    -0.8148386478424072,
                    -3.284719705581665
                ],
                [
                    0.0,
                    0.9519773125648499,
                    -0.3061685562133789,
