{
    "class": "02958343",
    "model": "c8fb314a1866d1d2428df271ebc70bc0",
    "remove_doubles": true,
    "edge_split": true,
    "denoise": true,
    "camera_angle_x": 0.6911112070083618,
    "scale_factor": 2.293346503354576,
    "hdri_file": "/data/IndoorHDRDataset2018/9C4A1690-8a8294ffe9.exr",
    "center_offset": [
        0.0,
        -1.862645149230957e-09,
        0.0
    ],
    "lights": [],
    "frames": [
        {
            "file_path": "/data/shapenet_blender/all_50_random/02958343/c8fb314a1866d1d2428df271ebc70bc0/r_0",
            "rotation": 0.12566370614359174,
            "transform_matrix": [
                [
                    0.2512720823287964,
                    -0.06779753416776657,
                    -0.9655390977859497,
                    -3.8922126293182373
                ],
                [
                    -0.9679164290428162,
                    -0.01760030910372734,
                    -0.250654935836792,
                    -1.0104223489761353
                ],
                [
                    0.0,
                    0.9975438714027405,
                    -0.07004480808973312,
                    -0.28235965967178345
                ],
                [
                    0.0,
                    0.0,
                    0.0,
                    1.0
                ]
            ]
        },
        {
            "file_path": "/data/shapenet_blender/all_50_random/02958343/c8fb314a1866d1d2428df271ebc70bc0/r_1",
            "rotation": 0.12566370614359174,
            "transform_matrix": [
                [
                    -0.9062195420265198,
                    -0.1439298689365387,
                    0.3975554406642914,
                    1.6025972366333008
                ],
                [
                    0.4228074848651886,
                    -0.3084903955459595,
                    0.8520958423614502,
                    3.434908390045166
                ],
                [
                    -7.450580596923828e-09,
                    0.9402753114700317,
                    0.3404146432876587,
                    1.3722553253173828
                ],
                [
                    0.0,
                    0.0,
                    0.0,
                    1.0
                ]
            ]
        },
        {
            "file_path": "/data/shapenet_blender/all_50_random/02958343/c8fb314a1866d1d2428df271ebc70bc0/r_2",
            "rotation": 0.12566370614359174,
            "transform_matrix": [
                [
                    0.3069877028465271,
                    -0.470989853143692,
                    -0.8269988894462585,
                    -3.3337388038635254
                ],
                [
                    -0.951713502407074,
                    -0.15192396938800812,
                    -0.26675936579704285,
                    -1.0753412246704102
                ],
                [
                    -1.4901160305669237e-08,
                    0.8689577579498291,
                    -0.49488624930381775,
                    -1.9949500560760498
                ],
                [
                    0.0,
                    0.0,
                    0.0,
                    1.0
                ]
            ]
        },
        {
            "file_path": "/data/shapenet_blender/all_50_random/02958343/c8fb314a1866d1d2428df271ebc70bc0/r_3",
            "rotation": 0.12566370614359174,
            "transform_matrix": [
                [
                    -0.9999692440032959,
                    0.003935185261070728,
                    -0.006791156250983477,
                    -0.027376025915145874
                ],
                [
                    -0.007848916575312614,
                    -0.5013512372970581,
                    0.8652082681655884,
                    3.4877660274505615
                ],
                [
                    2.3283064365386963e-10,
                    0.8652349710464478,
                    0.5013666749000549,
                    2.021073818206787
                ],
                [
                    0.0,
                    0.0,
                    0.0,
                    1.0
                ]
            ]
        },
        {
            "file_path": "/data/shapenet_blender/all_50_random/02958343/c8fb314a1866d1d2428df271ebc70bc0/r_4",
            "rotation": 0.12566370614359174,
            "transform_matrix": [
                [
                    -0.47523415088653564,
                    0.13174766302108765,
                    -0.8699396848678589,
                    -3.5068390369415283
                ],
                [
                    -0.8798595070838928,
                    -0.0711602121591568,
                    0.469876229763031,
                    1.8941316604614258
                ],
                [
                    0.0,
                    0.9887258410453796,
                    0.1497371643781662,
                    0.6036098003387451
                ],
                [
                    0.0,
                    0.0,
                    0.0,
                    1.0
                ]
            ]
        },
        {
            "file_path": "/data/shapenet_blender/all_50_random/02958343/c8fb314a1866d1d2428df271ebc70bc0/r_5",
            "rotation": 0.12566370614359174,
            "transform_matrix": [
                [
                    0.9964406490325928,
                    0.07460588961839676,
                    0.03924170508980751,
                    0.15818838775157928
                ],
                [
                    0.0842968001961708,
                    -0.8818880915641785,
                    -0.4638614058494568,
                    -1.8698852062225342
                ],
                [
                    0.0,
                    0.4655182361602783,
                    -0.8850381970405579,
                    -3.5677032470703125
                ],
                [
                    0.0,
                    0.0,
                    0.0,
                    1.0
                ]
            ]
        },
        {
            "file_path": "/data/shapenet_blender/all_50_random/02958343/c8fb314a1866d1d2428df271ebc70bc0/r_6",
            "rotation": 0.12566370614359174,
            "transform_matrix": [
                [
                    0.348585307598114,
                    0.38769450783729553,
                    0.8533353209495544,
                    3.4399046897888184
                ],
                [
                    0.9372770190238953,
                    -0.1441885530948639,
                    -0.3173663318157196,
                    -1.2793445587158203
                ],
                [
                    7.450580152834618e-09,
                    0.9104408621788025,
                    -0.41363921761512756,
                    -1.6674330234527588
                ],
                [
                    0.0,
                    0.0,
                    0.0,
                    1.0
                ]
            ]
        },
        {
            "file_path": "/data/shapenet_blender/all_50_random/02958343/c8fb314a1866d1d2428df271ebc70bc0/r_7",
            "rotation": 0.12566370614359174,
            "transform_matrix": [
                [
                    0.9736068248748779,
                    -0.032365068793296814,
                    -0.2259252667427063,
                    -0.9107339382171631
                ],
                [
                    -0.228231742978096,
                    -0.1380651593208313,
                    -0.9637676477432251,
                    -3.8850719928741455
                ],
                [
                    -1.862645149230957e-09,
                    0.9898942112922668,
                    -0.1418078988790512,
                    -0.571645975112915
                ],
                [
                    0.0,
                    0.0,
                    0.0,
                    1.0
                ]
            ]
        },
        {
            "file_path": "/data/shapenet_blender/all_50_random/02958343/c8fb314a1866d1d2428df271ebc70bc0/r_8",
            "rotation": 0.12566370614359174,
            "transform_matrix": [
                [
                    -0.03940870985388756,
                    -0.9844275116920471,
                    -0.1713169813156128,
                    -0.6906008124351501
                ],
                [
                    -0.9992231726646423,
                    0.038825180381536484,
                    0.006756630726158619,
                    0.027236849069595337
                ],
                [
                    -4.6566125955216364e-10,
                    0.1714501827955246,
                    -0.9851927757263184,
                    -3.9714391231536865
                ],
                [
                    0.0,
                    0.0,
                    0.0,
                    1.0
                ]
            ]
        },
        {
            "file_path": "/data/shapenet_blender/all_50_random/02958343/c8fb314a1866d1d2428df271ebc70bc0/r_9",
            "rotation": 0.12566370614359174,
            "transform_matrix": [
                [
                    -0.6037322282791138,
                    0.4885132610797882,
                    0.6299698948860168,
                    2.539490222930908
                ],
                [
                    0.7971870303153992,
                    0.3699648678302765,
                    0.47709399461746216,
                    1.9232275485992432
                ],
                [
                    0.0,
                    0.790241003036499,
                    -0.6127960681915283,
                    -2.4702601432800293
                ],
                [
                    0.0,
                    0.0,
                    0.0,
                    1.0
                ]
            ]
        },
        {
            "file_path": "/data/shapenet_blender/all_50_random/02958343/c8fb314a1866d1d2428df271ebc70bc0/r_10",
            "rotation": 0.12566370614359174,
            "transform_matrix": [
                [
                    -0.23129498958587646,
                    0.24577900767326355,
                    0.9413263201713562,
                    3.794607639312744
                ],
                [
                    0.9728837013244629,
                    0.05843190476298332,
                    0.22379247844219208,
                    0.9021362662315369
                ],
                [
                    3.725290298461914e-09,
                    0.9675630331039429,
                    -0.2526293694972992,
                    -1.0183815956115723
                ],
                [
                    0.0,
                    0.0,
                    0.0,
                    1.0
                ]
            ]
        },
        {
            "file_path": "/data/shapenet_blender/all_50_random/02958343/c8fb314a1866d1d2428df271ebc70bc0/r_11",
            "rotation": 0.12566370614359174,
            "transform_matrix": [
                [
                    0.8883406519889832,
                    -0.007384632248431444,
                    -0.4591258466243744,
                    -1.8507952690124512
                ],
                [
                    -0.4591852128505707,
                    -0.014286323450505733,
                    -0.8882257342338562,
                    -3.580552101135254
                ],
                [
                    4.656612873077393e-10,
                    0.9998706579208374,
                    -0.01608203537762165,
                    -0.06482875347137451
                ],
                [
                    0.0,
                    0.0,
                    0.0,
                    1.0
                ]
            ]
        },
        {
            "file_path": "/data/shapenet_blender/all_50_random/02958343/c8fb314a1866d1d2428df271ebc70bc0/r_12",
            "rotation": 0.12566370614359174,
            "transform_matrix": [
                [
                    0.9654609560966492,
                    -0.05978658050298691,
                    0.25359588861465454,
                    1.02227783203125
                ],
                [
                    0.2605481743812561,
                    0.22153912484645844,
                    -0.9396994113922119,
                    -3.7880496978759766
                ],
                [
                    0.0,
                    0.97331702709198,
                    0.2294646054506302,
                    0.9250014424324036
                ],
                [
                    0.0,
                    0.0,
                    0.0,
                    1.0
                ]
            ]
        },
        {
            "file_path": "/data/shapenet_blender/all_50_random/02958343/c8fb314a1866d1d2428df271ebc70bc0/r_13",
            "rotation": 0.12566370614359174,
            "transform_matrix": [
                [
                    0.9076259732246399,
                    0.014012581668794155,
                    0.41954588890075684,
                    1.6912435293197632
                ],
                [
                    0.41977980732917786,
                    -0.03029727190732956,
                    -0.9071201682090759,
                    -3.6567182540893555
                ],
                [
                    0.0,
                    0.9994426965713501,
                    -0.033380791544914246,
                    -0.13456226885318756
                ],
                [
                    0.0,
                    0.0,
                    0.0,
                    1.0
                ]
            ]
        },
        {
            "file_path": "/data/shapenet_blender/all_50_random/02958343/c8fb314a1866d1d2428df271ebc70bc0/r_14",
            "rotation": 0.12566370614359174,
            "transform_matrix": [
                [
                    -0.9626678824424744,
                    0.1201188862323761,
                    0.24257376790046692,
                    0.9778460264205933
                ],
                [
                    0.2706853747367859,
                    0.4271918535232544,
                    0.8626914620399475,
                    3.4776201248168945
                ],
                [
                    0.0,
                    0.8961464166641235,
                    -0.44375842809677124,
                    -1.7888472080230713
                ],
                [
                    0.0,
                    0.0,
                    0.0,
                    1.0
                ]
            ]
        },
        {
            "file_path": "/data/shapenet_blender/all_50_random/02958343/c8fb314a1866d1d2428df271ebc70bc0/r_15",
            "rotation": 0.12566370614359174,
            "transform_matrix": [
                [
                    -0.7708160877227783,
                    0.4192659854888916,
                    -0.47964420914649963,
                    -1.9335078001022339
                ],
                [
                    -0.6370577812194824,
                    -0.5072961449623108,
                    0.5803515315055847,
                    2.3394720554351807
                ],
                [
                    1.4901162970204496e-08,
                    0.7529054284095764,
                    0.6581286191940308,
                    2.653001546859741
                ],
                [
                    0.0,
                    0.0,
                    0.0,
                    1.0
                ]
            ]
        },
        {
            "file_path": "/data/shapenet_blender/all_50_random/02958343/c8fb314a1866d1d2428df271ebc70bc0/r_16",
            "rotation": 0.12566370614359174,
            "transform_matrix": [
                [
                    -0.8484271168708801,
                    -0.0690174251794815,
                    -0.5247933268547058,
                    -2.115509510040283
                ],
                [
                    -0.529312252998352,
                    0.11062705516815186,
                    0.8411837816238403,
                    3.390920400619507
                ],
                [
                    0.0,
                    0.9914626479148865,
                    -0.13039076328277588,
                    -0.5256219506263733
                ],
                [
                    0.0,
                    0.0,
                    0.0,
                    1.0
                ]
            ]
        },
        {
            "file_path": "/data/shapenet_blender/all_50_random/02958343/c8fb314a1866d1d2428df271ebc70bc0/r_17",
            "rotation": 0.12566370614359174,
            "transform_matrix": [
                [
                    -0.06009352579712868,
                    0.004278106149286032,
                    -0.9981836676597595,
                    -4.023806571960449
                ],
                [
                    -0.9981926679611206,
                    -0.00025755196111276746,
                    0.0600929856300354,
                    0.24224254488945007
                ],
                [
                    0.0,
                    0.9999907612800598,
                    0.004285852424800396,
                    0.01727682165801525
                ],
                [
                    0.0,
                    0.0,
                    0.0,
                    1.0
                ]
            ]
        },
        {
            "file_path": "/data/shapenet_blender/all_50_random/02958343/c8fb314a1866d1d2428df271ebc70bc0/r_18",
            "rotation": 0.12566370614359174,
            "transform_matrix": [
                [
                    0.6814572215080261,
                    0.3891148865222931,
                    -0.6198431849479675,
                    -2.4986677169799805
                ],
                [
                    -0.7318578958511353,
                    0.362317830324173,
                    -0.5771566033363342,
                    -2.3265926837921143
                ],
                [
                    0.0,
                    0.8469445705413818,
                    0.5316809415817261,
                    2.1432745456695557
                ],
                [
                    0.0,
                    0.0,
                    0.0,
                    1.0
                ]
            ]
        },
        {
            "file_path": "/data/shapenet_blender/all_50_random/02958343/c8fb314a1866d1d2428df271ebc70bc0/r_19",
            "rotation": 0.12566370614359174,
            "transform_matrix": [
                [
                    -0.980506420135498,
                    -0.029977794736623764,
                    0.19418685138225555,
                    0.7827922105789185
                ],
                [
                    0.196487158536911,
                    -0.14959463477134705,
                    0.9690275192260742,
                    3.9062747955322266
                ],
                [
                    1.862645149230957e-09,
                    0.9882928729057312,
                    0.1525687277317047,
                    0.615024209022522
                ],
                [
                    0.0,
                    0.0,
                    0.0,
                    1.0
                ]
            ]
        },
        {
            "file_path": "/data/shapenet_blender/all_50_random/02958343/c8fb314a1866d1d2428df271ebc70bc0/r_20",
            "rotation": 0.12566370614359174,
            "transform_matrix": [
                [
                    0.8851995468139648,
                    0.3496546149253845,
                    -0.3068605363368988,
                    -1.2369942665100098
                ],
                [
                    -0.46521151065826416,
                    0.6653190851211548,
                    -0.583890974521637,
                    -2.3537395000457764
                ],
                [
                    -1.4901159417490817e-08,
                    0.6596150398254395,
                    0.7516036629676819,
                    3.029810905456543
                ],
                [
                    0.0,
                    0.0,
                    0.0,
                    1.0
                ]
            ]
        },
        {
            "file_path": "/data/shapenet_blender/all_50_random/02958343/c8fb314a1866d1d2428df271ebc70bc0/r_21",
            "rotation": 0.12566370614359174,
            "transform_matrix": [
                [
                    -0.07536665350198746,
                    0.6485751271247864,
                    -0.7574102282524109,
                    -3.053218364715576
                ],
                [
                    -0.9971559047698975,
                    -0.04902035742998123,
                    0.05724629387259483,
                    0.23076719045639038
                ],
                [
                    3.725290076417309e-09,
                    0.7595704793930054,
                    0.6504249572753906,
                    2.6219468116760254
                ],
                [
                    0.0,
                    0.0,
                    0.0,
                    1.0
                ]
            ]
        },
        {
            "file_path": "/data/shapenet_blender/all_50_random/02958343/c8fb314a1866d1d2428df271ebc70bc0/r_22",
            "rotation": 0.12566370614359174,
            "transform_matrix": [
                [
                    0.3072841763496399,
                    0.017270827665925026,
                    0.9514610767364502,
                    3.8354623317718506
                ],
                [
                    0.9516178369522095,
                    -0.005576874129474163,
                    -0.3072335720062256,
                    -1.2384980916976929
                ],
                [
                    4.656612873077393e-10,
                    0.9998352527618408,
                    -0.018148915842175484,
                    -0.07316061854362488
                ],
                [
                    0.0,
                    0.0,
                    0.0,
                    1.0
                ]
            ]
        },
        {
            "file_path": "/data/shapenet_blender/all_50_random/02958343/c8fb314a1866d1d2428df271ebc70bc0/r_23",
            "rotation": 0.12566370614359174,
            "transform_matrix": [
                [
                    0.928185760974884,
                    0.22613970935344696,
                    0.29551973938941956,
                    1.1912782192230225
                ],
                [
                    0.3721170127391815,
                    -0.5640689730644226,
                    -0.7371262907981873,
                    -2.9714510440826416
                ],
                [
                    -1.4901160305669237e-08,
                    0.7941580414772034,
                    -0.6077112555503845,
                    -2.4497623443603516
                ],
                [
                    0.0,
                    0.0,
                    0.0,
                    1.0
                ]
            ]
        },
        {
            "file_path": "/data/shapenet_blender/all_50_random/02958343/c8fb314a1866d1d2428df271ebc70bc0/r_24",
            "rotation": 0.12566370614359174,
            "transform_matrix": [
                [
                    0.8887227773666382,
                    -0.09558487683534622,
                    0.4483697712421417,
                    1.807436466217041
                ],
                [
                    0.4584452211856842,
                    0.18529686331748962,
                    -0.8691909909248352,
                    -3.5038211345672607
                ],
                [
                    0.0,
                    0.9780228137969971,
                    0.20849794149398804,
                    0.8404821753501892
                ],
                [
                    0.0,
                    0.0,
                    0.0,
                    1.0
                ]
            ]
        },
        {
            "file_path": "/data/shapenet_blender/all_50_random/02958343/c8fb314a1866d1d2428df271ebc70bc0/r_25",
            "rotation": 0.12566370614359174,
            "transform_matrix": [
                [
                    -0.9995615482330322,
                    -0.007918459363281727,
                    0.028534354642033577,
                    0.11502566933631897
                ],
                [
                    0.029612695798277855,
                    -0.2672836184501648,
                    0.9631627202033997,
                    3.8826334476470947
                ],
                [
                    4.656613428188905e-10,
                    0.9635853171348572,
                    0.2674008309841156,
                    1.0779273509979248
                ],
                [
                    0.0,
                    0.0,
                    0.0,
                    1.0
                ]
            ]
        },
        {
            "file_path": "/data/shapenet_blender/all_50_random/02958343/c8fb314a1866d1d2428df271ebc70bc0/r_26",
            "rotation": 0.12566370614359174,
            "transform_matrix": [
                [
                    0.6917139291763306,
                    -0.1232721209526062,
                    0.7115727066993713,
                    2.868441581726074
                ],
                [
                    0.7221716046333313,
                    0.11807309836149216,
                    -0.6815620064735413,
                    -2.747464656829834
                ],
                [
                    0.0,
                    0.9853235483169556,
                    0.1706964373588562,
                    0.6880993843078613
                ],
                [
                    0.0,
                    0.0,
                    0.0,
                    1.0
                ]
            ]
        },
        {
            "file_path": "/data/shapenet_blender/all_50_random/02958343/c8fb314a1866d1d2428df271ebc70bc0/r_27",
            "rotation": 0.12566370614359174,
            "transform_matrix": [
                [
                    0.9987701177597046,
                    0.0003435640537645668,
                    0.049579452723264694,
                    0.19986113905906677
                ],
                [
                    0.04958063364028931,
                    -0.006920877378433943,
                    -0.9987462162971497,
                    -4.026074409484863
                ],
                [
                    2.9103825252563276e-11,
                    0.9999760389328003,
                    -0.006929399445652962,
                    -0.02793329954147339
                ],
                [
                    0.0,
                    0.0,
                    0.0,
                    1.0
                ]
            ]
        },
        {
            "file_path": "/data/shapenet_blender/all_50_random/02958343/c8fb314a1866d1d2428df271ebc70bc0/r_28",
            "rotation": 0.12566370614359174,
            "transform_matrix": [
                [
                    0.1381230503320694,
                    -0.065920889377594,
                    -0.9882187247276306,
                    -3.9836373329162598
                ],
                [
                    -0.990415096282959,
                    -0.00919331144541502,
                    -0.13781674206256866,
                    -0.555557131767273
                ],
                [
                    0.0,
                    0.9977824687957764,
                    -0.0665588453412056,
                    -0.26830732822418213
                ],
                [
                    0.0,
                    0.0,
                    0.0,
                    1.0
                ]
            ]
        },
        {
            "file_path": "/data/shapenet_blender/all_50_random/02958343/c8fb314a1866d1d2428df271ebc70bc0/r_29",
            "rotation": 0.12566370614359174,
            "transform_matrix": [
                [
                    0.6034053564071655,
                    0.7450582981109619,
                    0.28423601388931274,
                    1.145792007446289
                ],
                [
                    0.7974347472190857,
                    -0.5637730360031128,
                    -0.21507658064365387,
                    -0.8670014142990112
                ],
                [
                    1.4901162970204496e-08,
                    0.3564380705356598,
                    -0.9343189597129822,
                    -3.766360282897949
                ],
                [
                    0.0,
                    0.0,
                    0.0,
                    1.0
                ]
            ]
        },
        {
            "file_path": "/data/shapenet_blender/all_50_random/02958343/c8fb314a1866d1d2428df271ebc70bc0/r_30",
            "rotation": 0.12566370614359174,
            "transform_matrix": [
                [
                    -0.023914845660328865,
                    -0.18190094828605652,
                    0.9830259084701538,
                    3.9627044200897217
                ],
                [
                    0.9997140765190125,
                    -0.004351377487182617,
                    0.02351563610136509,
                    0.09479457139968872
                ],
                [
                    4.656613428188905e-10,
                    0.9833071231842041,
                    0.18195299804210663,
                    0.7334760427474976
                ],
                [
                    0.0,
                    0.0,
                    0.0,
                    1.0
                ]
            ]
        },
        {
            "file_path": "/data/shapenet_blender/all_50_random/02958343/c8fb314a1866d1d2428df271ebc70bc0/r_31",
            "rotation": 0.12566370614359174,
            "transform_matrix": [
                [
                    -0.8097330331802368,
                    -0.5520903468132019,
                    0.19881796836853027,
                    0.8014609217643738
                ],
                [
                    0.586798369884491,
                    -0.7618388533592224,
                    0.2743523120880127,
                    1.1059496402740479
                ],
                [
                    -1.4901161193847656e-08,
                    0.33881813287734985,
                    0.9408517479896545,
                    3.7926950454711914
                ],
                [
                    0.0,
                    0.0,
                    0.0,
                    1.0
                ]
            ]
        },
        {
            "file_path": "/data/shapenet_blender/all_50_random/02958343/c8fb314a1866d1d2428df271ebc70bc0/r_32",
            "rotation": 0.12566370614359174,
            "transform_matrix": [
                [
                    0.9990956783294678,
                    0.009675141423940659,
                    0.041404783725738525,
                    0.16690802574157715
                ],
                [
                    0.04252016544342041,
                    -0.22733663022518158,
                    -0.9728875160217285,
                    -3.921834945678711
                ],
                [
                    -9.31322685637781e-10,
                    0.9737680554389954,
                    -0.2275424748659134,
                    -0.9172530770301819
                ],
                [
                    0.0,
                    0.0,
                    0.0,
                    1.0
                ]
            ]
        },
        {
            "file_path": "/data/shapenet_blender/all_50_random/02958343/c8fb314a1866d1d2428df271ebc70bc0/r_33",
            "rotation": 0.12566370614359174,
            "transform_matrix": [
                [
                    0.019672362133860588,
                    0.5819884538650513,
                    -0.8129589557647705,
                    -3.2771425247192383
                ],
                [
                    -0.9998064637184143,
                    0.011451303958892822,
                    -0.015995917841792107,
                    -0.06448161602020264
                ],
                [
                    0.0,
                    0.8131164312362671,
                    0.582101047039032,
                    2.346524715423584
                ],
                [
                    0.0,
                    0.0,
                    0.0,
                    1.0
                ]
            ]
        },
        {
            "file_path": "/data/shapenet_blender/all_50_random/02958343/c8fb314a1866d1d2428df271ebc70bc0/r_34",
            "rotation": 0.12566370614359174,
            "transform_matrix": [
                [
                    -0.9973263740539551,
                    0.029575595632195473,
                    -0.06682330369949341,
                    -0.26937335729599
                ],
                [
                    -0.0730757862329483,
                    -0.4036429226398468,
                    0.9119935631752014,
                    3.676363706588745
                ],
                [
                    -1.862645149230957e-09,
                    0.9144384264945984,
                    0.40472498536109924,
                    1.6314985752105713
                ],
                [
                    0.0,
                    0.0,
                    0.0,
                    1.0
                ]
            ]
        },
        {
            "file_path": "/data/shapenet_blender/all_50_random/02958343/c8fb314a1866d1d2428df271ebc70bc0/r_35",
            "rotation": 0.12566370614359174,
            "transform_matrix": [
                [
                    0.8243218660354614,
                    -0.345663845539093,
                    -0.448341429233551,
                    -1.8073221445083618
                ],
                [
                    -0.5661214590072632,
                    -0.5033165216445923,
                    -0.6528239250183105,
                    -2.631617307662964
                ],
                [
                    -1.4901161193847656e-08,
                    0.7919526696205139,
                    -0.6105824708938599,
                    -2.461336612701416
                ],
                [
                    0.0,
                    0.0,
                    0.0,
                    1.0
                ]
            ]
        },
        {
            "file_path": "/data/shapenet_blender/all_50_random/02958343/c8fb314a1866d1d2428df271ebc70bc0/r_36",
            "rotation": 0.12566370614359174,
            "transform_matrix": [
                [
                    0.8088006377220154,
                    0.07692937552928925,
                    -0.5830294489860535,
                    -2.350266933441162
                ],
                [
                    -0.5880828499794006,
                    0.10580231249332428,
                    -0.8018505573272705,
                    -3.232362985610962
                ],
                [
                    0.0,
                    0.9914068579673767,
                    0.1308138370513916,
                    0.5273274183273315
                ],
                [
                    0.0,
                    0.0,
                    0.0,
                    1.0
                ]
            ]
        },
        {
            "file_path": "/data/shapenet_blender/all_50_random/02958343/c8fb314a1866d1d2428df271ebc70bc0/r_37",
            "rotation": 0.12566370614359174,
            "transform_matrix": [
                [
                    -0.4447539746761322,
                    -0.2521061599254608,
                    -0.859439492225647,
                    -3.4645116329193115
                ],
                [
                    -0.8956527709960938,
                    0.12518826127052307,
                    0.4267715513706207,
                    1.7203712463378906
                ],
                [
                    0.0,
                    0.9595677256584167,
                    -0.28147754073143005,
                    -1.1346724033355713
                ],
                [
                    0.0,
                    0.0,
                    0.0,
                    1.0
                ]
            ]
        },
        {
            "file_path": "/data/shapenet_blender/all_50_random/02958343/c8fb314a1866d1d2428df271ebc70bc0/r_38",
            "rotation": 0.12566370614359174,
            "transform_matrix": [
                [
                    -0.025925159454345703,
                    -0.7875605821609497,
                    -0.615691602230072,
                    -2.4819324016571045
                ],
                [
                    -0.9996638894081116,
                    0.02042449824512005,
                    0.015967268496751785,
                    0.06436612457036972
                ],
                [
                    9.313225746154785e-10,
                    0.615898609161377,
                    -0.7878252863883972,
                    -3.175825595855713
                ],
                [
                    0.0,
                    0.0,
                    0.0,
                    1.0
                ]
            ]
        },
        {
            "file_path": "/data/shapenet_blender/all_50_random/02958343/c8fb314a1866d1d2428df271ebc70bc0/r_39",
            "rotation": 0.12566370614359174,
            "transform_matrix": [
                [
                    0.9925650358200073,
                    0.028696076944470406,
                    0.11828451603651047,
                    0.47682011127471924
                ],
                [
                    0.12171562016010284,
                    -0.23401042819023132,
                    -0.9645851254463196,
                    -3.88836669921875
                ],
                [
                    1.862645149230957e-09,
                    0.9718104004859924,
                    -0.2357633262872696,
                    -0.9503923058509827
                ],
                [
                    0.0,
                    0.0,
                    0.0,
                    1.0
                ]
            ]
        },
        {
            "file_path": "/data/shapenet_blender/all_50_random/02958343/c8fb314a1866d1d2428df271ebc70bc0/r_40",
            "rotation": 0.12566370614359174,
            "transform_matrix": [
                [
                    0.4304620921611786,
                    0.36837339401245117,
                    0.8240166306495667,
                    3.3217172622680664
                ],
                [
                    0.9026086926460266,
                    -0.1756805181503296,
                    -0.3929808437824249,
                    -1.5841563940048218
                ],
                [
                    -2.9802322387695312e-08,
                    0.9129279255867004,
                    -0.4081208109855652,
                    -1.6451876163482666
                ],
                [
                    0.0,
                    0.0,
                    0.0,
                    1.0
                ]
            ]
        },
        {
            "file_path": "/data/shapenet_blender/all_50_random/02958343/c8fb314a1866d1d2428df271ebc70bc0/r_41",
            "rotation": 0.12566370614359174,
            "transform_matrix": [
                [
                    -0.4037849009037018,
                    -0.1197940781712532,
                    -0.9069768786430359,
                    -3.6561408042907715
                ],
                [
                    -0.9148539900779724,
                    0.05287296324968338,
