{
    "class": "02958343",
    "model": "970ebe02365dd05bfd7e1079f2e4956b",
    "remove_doubles": true,
    "edge_split": true,
    "denoise": true,
    "camera_angle_x": 0.6911112070083618,
    "scale_factor": 2.2379626518362143,
    "hdri_file": "/data/IndoorHDRDataset2018/AG8A0027-9775b83344.exr",
    "center_offset": [
        0.0,
        -1.862645149230957e-09,
        -3.725290298461914e-09
    ],
    "lights": [],
    "frames": [
        {
            "file_path": "/data/shapenet_blender/all_50_random/02958343/970ebe02365dd05bfd7e1079f2e4956b/r_0",
            "rotation": 0.12566370614359174,
            "transform_matrix": [
                [
                    0.8302562236785889,
                    0.02076653577387333,
                    0.5569949746131897,
                    2.2453181743621826
                ],
                [
                    0.5573819875717163,
                    -0.030933091416954994,
                    -0.8296798467636108,
                    -3.34454607963562
                ],
                [
                    0.0,
                    0.999305784702301,
                    -0.03725728020071983,
                    -0.1501888781785965
                ],
                [
                    0.0,
                    0.0,
                    0.0,
                    1.0
                ]
            ]
        },
        {
            "file_path": "/data/shapenet_blender/all_50_random/02958343/970ebe02365dd05bfd7e1079f2e4956b/r_1",
            "rotation": 0.12566370614359174,
            "transform_matrix": [
                [
                    -0.8250033259391785,
                    0.1176791861653328,
                    0.5527396202087402,
                    2.2281646728515625
                ],
                [
                    0.5651278495788574,
                    0.17179425060749054,
                    0.8069183230400085,
                    3.2527918815612793
                ],
                [
                    0.0,
                    0.9780788421630859,
                    -0.20823463797569275,
                    -0.8394206762313843
                ],
                [
                    0.0,
                    0.0,
                    0.0,
                    1.0
                ]
            ]
        },
        {
            "file_path": "/data/shapenet_blender/all_50_random/02958343/970ebe02365dd05bfd7e1079f2e4956b/r_2",
            "rotation": 0.12566370614359174,
            "transform_matrix": [
                [
                    0.09337246417999268,
                    0.13156946003437042,
                    0.9868996739387512,
                    3.9783198833465576
                ],
                [
                    0.9956312775611877,
                    -0.012338872067630291,
                    -0.09255360066890717,
                    -0.3730955123901367
                ],
                [
                    1.862645149230957e-09,
                    0.9912301898002625,
                    -0.13214677572250366,
                    -0.5327007174491882
                ],
                [
                    0.0,
                    0.0,
                    0.0,
                    1.0
                ]
            ]
        },
        {
            "file_path": "/data/shapenet_blender/all_50_random/02958343/970ebe02365dd05bfd7e1079f2e4956b/r_3",
            "rotation": 0.12566370614359174,
            "transform_matrix": [
                [
                    0.7808902263641357,
                    -0.3290957808494568,
                    0.5309486389160156,
                    2.14032244682312
                ],
                [
                    0.624668300151825,
                    0.41139861941337585,
                    -0.6637324094772339,
                    -2.675590991973877
                ],
                [
                    0.0,
                    0.8499689698219299,
                    0.5268328189849854,
                    2.1237311363220215
                ],
                [
                    0.0,
                    0.0,
                    0.0,
                    1.0
                ]
            ]
        },
        {
            "file_path": "/data/shapenet_blender/all_50_random/02958343/970ebe02365dd05bfd7e1079f2e4956b/r_4",
            "rotation": 0.12566370614359174,
            "transform_matrix": [
                [
                    -0.4501991868019104,
                    -0.6833957433700562,
                    0.5747094750404358,
                    2.316728353500366
                ],
                [
                    0.8929282426834106,
                    -0.34455645084381104,
                    0.28975871205329895,
                    1.1680548191070557
                ],
                [
                    -1.4901162970204496e-08,
                    0.643623411655426,
                    0.7653422355651855,
                    3.085193395614624
                ],
                [
                    0.0,
                    0.0,
                    0.0,
                    1.0
                ]
            ]
        },
        {
            "file_path": "/data/shapenet_blender/all_50_random/02958343/970ebe02365dd05bfd7e1079f2e4956b/r_5",
            "rotation": 0.12566370614359174,
            "transform_matrix": [
                [
                    0.8373829126358032,
                    0.012196180410683155,
                    -0.5464805364608765,
                    -2.2029335498809814
                ],
                [
                    -0.5466165542602539,
                    0.018683796748518944,
                    -0.8371744751930237,
                    -3.374758243560791
                ],
                [
                    0.0,
                    0.9997510313987732,
                    0.02231212891638279,
                    0.089943066239357
                ],
                [
                    0.0,
                    0.0,
                    0.0,
                    1.0
                ]
            ]
        },
        {
            "file_path": "/data/shapenet_blender/all_50_random/02958343/970ebe02365dd05bfd7e1079f2e4956b/r_6",
            "rotation": 0.12566370614359174,
            "transform_matrix": [
                [
                    -0.004038766026496887,
                    0.47852542996406555,
                    -0.8780643343925476,
                    -3.539590835571289
                ],
                [
                    -0.999991774559021,
                    -0.0019326681504026055,
                    0.003546325722709298,
                    0.014295697212219238
                ],
                [
                    0.0,
                    0.8780716061592102,
                    0.4785292446613312,
                    1.9290132522583008
                ],
                [
                    0.0,
                    0.0,
                    0.0,
                    1.0
                ]
            ]
        },
        {
            "file_path": "/data/shapenet_blender/all_50_random/02958343/970ebe02365dd05bfd7e1079f2e4956b/r_7",
            "rotation": 0.12566370614359174,
            "transform_matrix": [
                [
                    0.8293847441673279,
                    -0.15606263279914856,
                    0.5364377498626709,
                    2.162449836730957
                ],
                [
                    0.5586779713630676,
                    0.23168261349201202,
                    -0.7963680624961853,
                    -3.2102622985839844
                ],
                [
                    0.0,
                    0.9601914286613464,
                    0.27934274077415466,
                    1.1260665655136108
                ],
                [
                    0.0,
                    0.0,
                    0.0,
                    1.0
                ]
            ]
        },
        {
            "file_path": "/data/shapenet_blender/all_50_random/02958343/970ebe02365dd05bfd7e1079f2e4956b/r_8",
            "rotation": 0.12566370614359174,
            "transform_matrix": [
                [
                    -0.1658625602722168,
                    -0.9146790504455566,
                    0.36858078837394714,
                    1.4857966899871826
                ],
                [
                    0.9861489534378052,
                    -0.15384188294410706,
                    0.06199241429567337,
                    0.24989941716194153
                ],
                [
                    0.0,
                    0.3737577795982361,
                    0.9275263547897339,
                    3.738978385925293
                ],
                [
                    0.0,
                    0.0,
                    0.0,
                    1.0
                ]
            ]
        },
        {
            "file_path": "/data/shapenet_blender/all_50_random/02958343/970ebe02365dd05bfd7e1079f2e4956b/r_9",
            "rotation": 0.12566370614359174,
            "transform_matrix": [
                [
                    -0.9080933928489685,
                    0.03782361000776291,
                    -0.4170561730861664,
                    -1.6812071800231934
                ],
                [
                    -0.4187678396701813,
                    -0.08202008157968521,
                    0.9043816924095154,
                    3.645679235458374
                ],
                [
                    0.0,
                    0.9959125518798828,
                    0.09032121300697327,
                    0.364096462726593
                ],
                [
                    0.0,
                    0.0,
                    0.0,
                    1.0
                ]
            ]
        },
        {
            "file_path": "/data/shapenet_blender/all_50_random/02958343/970ebe02365dd05bfd7e1079f2e4956b/r_10",
            "rotation": 0.12566370614359174,
            "transform_matrix": [
                [
                    0.8690823912620544,
                    -0.011552603915333748,
                    -0.4945324957370758,
                    -1.9935243129730225
                ],
                [
                    -0.4946674406528473,
                    -0.020296797156333923,
                    -0.8688452839851379,
                    -3.502427339553833
                ],
                [
                    -9.313225746154785e-10,
                    0.9997272491455078,
                    -0.023354284465312958,
                    -0.09414413571357727
                ],
                [
                    0.0,
                    0.0,
                    0.0,
                    1.0
                ]
            ]
        },
        {
            "file_path": "/data/shapenet_blender/all_50_random/02958343/970ebe02365dd05bfd7e1079f2e4956b/r_11",
            "rotation": 0.12566370614359174,
            "transform_matrix": [
                [
                    0.8596850633621216,
                    0.30954205989837646,
                    -0.4063562750816345,
                    -1.6380746364593506
                ],
                [
                    -0.5108246207237244,
                    0.5209394097328186,
                    -0.6838715076446533,
                    -2.756774425506592
                ],
                [
                    1.4901162970204496e-08,
                    0.7954908013343811,
                    0.6059654951095581,
                    2.44272518157959
                ],
                [
                    0.0,
                    0.0,
                    0.0,
                    1.0
                ]
            ]
        },
        {
            "file_path": "/data/shapenet_blender/all_50_random/02958343/970ebe02365dd05bfd7e1079f2e4956b/r_12",
            "rotation": 0.12566370614359174,
            "transform_matrix": [
                [
                    0.8582198619842529,
                    -0.03143470734357834,
                    0.5123187303543091,
                    2.065222978591919
                ],
                [
                    0.5132822394371033,
                    0.05255957320332527,
                    -0.8566089272499084,
                    -3.4531009197235107
                ],
                [
                    -1.8626449271863521e-09,
                    0.9981229901313782,
                    0.061242543160915375,
                    0.2468765825033188
                ],
                [
                    0.0,
                    0.0,
                    0.0,
                    1.0
                ]
            ]
        },
        {
            "file_path": "/data/shapenet_blender/all_50_random/02958343/970ebe02365dd05bfd7e1079f2e4956b/r_13",
            "rotation": 0.12566370614359174,
            "transform_matrix": [
                [
                    0.9999433159828186,
                    0.0036645736545324326,
                    0.00999990850687027,
                    0.04031091928482056
                ],
                [
                    0.01065022312104702,
                    -0.3440646529197693,
                    -0.9388855695724487,
                    -3.78476881980896
                ],
                [
                    -2.3283064365386963e-10,
                    0.9389387965202332,
                    -0.3440841734409332,
                    -1.3870476484298706
                ],
                [
                    0.0,
                    0.0,
                    0.0,
                    1.0
                ]
            ]
        },
        {
            "file_path": "/data/shapenet_blender/all_50_random/02958343/970ebe02365dd05bfd7e1079f2e4956b/r_14",
            "rotation": 0.12566370614359174,
            "transform_matrix": [
                [
                    0.700584888458252,
                    0.03375489264726639,
                    -0.7127702236175537,
                    -2.8732686042785645
                ],
                [
                    -0.7135690450668335,
                    0.03314068540930748,
                    -0.6998005509376526,
                    -2.820986270904541
                ],
                [
                    0.0,
                    0.9988806247711182,
                    0.04730430990457535,
                    0.19068975746631622
                ],
                [
                    0.0,
                    0.0,
                    0.0,
                    1.0
                ]
            ]
        },
        {
            "file_path": "/data/shapenet_blender/all_50_random/02958343/970ebe02365dd05bfd7e1079f2e4956b/r_15",
            "rotation": 0.12566370614359174,
            "transform_matrix": [
                [
                    0.938162624835968,
                    0.008561322465538979,
                    0.3460889458656311,
                    1.3951292037963867
                ],
                [
                    0.3461948037147522,
                    -0.02320055663585663,
                    -0.9378756880760193,
                    -3.780697822570801
                ],
                [
                    0.0,
                    0.9996941089630127,
                    -0.024729780852794647,
                    -0.09968893229961395
                ],
                [
                    0.0,
                    0.0,
                    0.0,
                    1.0
                ]
            ]
        },
        {
            "file_path": "/data/shapenet_blender/all_50_random/02958343/970ebe02365dd05bfd7e1079f2e4956b/r_16",
            "rotation": 0.12566370614359174,
            "transform_matrix": [
                [
                    0.9642722010612488,
                    -0.032925307750701904,
                    0.26285964250564575,
                    1.0596210956573486
                ],
                [
                    0.26491373777389526,
                    0.119846411049366,
                    -0.9567954540252686,
                    -3.8569657802581787
                ],
                [
                    0.0,
                    0.9922462701797485,
                    0.12428692728281021,
                    0.5010166168212891
                ],
                [
                    0.0,
                    0.0,
                    0.0,
                    1.0
                ]
            ]
        },
        {
            "file_path": "/data/shapenet_blender/all_50_random/02958343/970ebe02365dd05bfd7e1079f2e4956b/r_17",
            "rotation": 0.12566370614359174,
            "transform_matrix": [
                [
                    0.9323785901069641,
                    -0.3256380558013916,
                    0.15693922340869904,
                    0.6326422691345215
                ],
                [
                    0.361483097076416,
                    0.8399229645729065,
                    -0.4047956168651581,
                    -1.631783366203308
                ],
                [
                    0.0,
                    0.43415364623069763,
                    0.9008388519287109,
                    3.6313974857330322
                ],
                [
                    0.0,
                    0.0,
                    0.0,
                    1.0
                ]
            ]
        },
        {
            "file_path": "/data/shapenet_blender/all_50_random/02958343/970ebe02365dd05bfd7e1079f2e4956b/r_18",
            "rotation": 0.12566370614359174,
            "transform_matrix": [
                [
                    -0.22140541672706604,
                    -0.012338444590568542,
                    -0.9751037359237671,
                    -3.9307689666748047
                ],
                [
                    -0.9751819372177124,
                    0.0028013214468955994,
                    0.22138763964176178,
                    0.8924421072006226
                ],
                [
                    -2.3283067140944524e-10,
                    0.9999199509620667,
                    -0.01265245396643877,
                    -0.05100367218255997
                ],
                [
                    0.0,
                    0.0,
                    0.0,
                    1.0
                ]
            ]
        },
        {
            "file_path": "/data/shapenet_blender/all_50_random/02958343/970ebe02365dd05bfd7e1079f2e4956b/r_19",
            "rotation": 0.12566370614359174,
            "transform_matrix": [
                [
                    0.9872174263000488,
                    -0.11092014610767365,
                    -0.11444895714521408,
                    -0.46135854721069336
                ],
                [
                    -0.15937957167625427,
                    -0.6870535612106323,
                    -0.7089114785194397,
                    -2.8577136993408203
                ],
                [
                    0.0,
                    0.7180905342102051,
                    -0.6959496140480042,
                    -2.8054628372192383
                ],
                [
                    0.0,
                    0.0,
                    0.0,
                    1.0
                ]
            ]
        },
        {
            "file_path": "/data/shapenet_blender/all_50_random/02958343/970ebe02365dd05bfd7e1079f2e4956b/r_20",
            "rotation": 0.12566370614359174,
            "transform_matrix": [
                [
                    0.9354419708251953,
                    -0.20720607042312622,
                    0.286380797624588,
                    1.1544378995895386
                ],
                [
                    0.3534802794456482,
                    0.5483452677726746,
                    -0.7578714489936829,
                    -3.05507755279541
                ],
                [
                    0.0,
                    0.8101746439933777,
                    0.5861884951591492,
                    2.3630013465881348
                ],
                [
                    0.0,
                    0.0,
                    0.0,
                    1.0
                ]
            ]
        },
        {
            "file_path": "/data/shapenet_blender/all_50_random/02958343/970ebe02365dd05bfd7e1079f2e4956b/r_21",
            "rotation": 0.12566370614359174,
            "transform_matrix": [
                [
                    0.6783204078674316,
                    0.1397717297077179,
                    0.7213495969772339,
                    2.907853126525879
                ],
                [
                    0.7347661852836609,
                    -0.12903428077697754,
                    -0.6659345030784607,
                    -2.6844677925109863
                ],
                [
                    7.450580596923828e-09,
                    0.9817401766777039,
                    -0.19022616744041443,
                    -0.7668262124061584
                ],
                [
                    0.0,
                    0.0,
                    0.0,
                    1.0
                ]
            ]
        },
        {
            "file_path": "/data/shapenet_blender/all_50_random/02958343/970ebe02365dd05bfd7e1079f2e4956b/r_22",
            "rotation": 0.12566370614359174,
            "transform_matrix": [
                [
                    0.7226641774177551,
                    0.33283287286758423,
                    -0.6057876348495483,
                    -2.4420080184936523
                ],
                [
                    -0.6911991834640503,
                    0.3479841649532318,
                    -0.6333644986152649,
                    -2.5531740188598633
                ],
                [
                    -2.9802320611338473e-08,
                    0.8764297366142273,
                    0.48152956366539,
                    1.9411077499389648
                ],
                [
                    0.0,
                    0.0,
                    0.0,
                    1.0
                ]
            ]
        },
        {
            "file_path": "/data/shapenet_blender/all_50_random/02958343/970ebe02365dd05bfd7e1079f2e4956b/r_23",
            "rotation": 0.12566370614359174,
            "transform_matrix": [
                [
                    -0.16949988901615143,
                    -0.5665074586868286,
                    -0.8064359426498413,
                    -3.250847339630127
                ],
                [
                    -0.9855302572250366,
                    0.09743277728557587,
                    0.13869772851467133,
                    0.5591084361076355
                ],
                [
                    -7.450581485102248e-09,
                    0.8182761669158936,
                    -0.5748251676559448,
                    -2.3171944618225098
                ],
                [
                    0.0,
                    0.0,
                    0.0,
                    1.0
                ]
            ]
        },
        {
            "file_path": "/data/shapenet_blender/all_50_random/02958343/970ebe02365dd05bfd7e1079f2e4956b/r_24",
            "rotation": 0.12566370614359174,
            "transform_matrix": [
                [
                    -0.3252520263195038,
                    -0.02306123822927475,
                    0.9453460574150085,
                    3.810811996459961
                ],
                [
                    0.9456273317337036,
                    -0.007931997068226337,
                    0.32515525817871094,
                    1.3107428550720215
                ],
                [
                    -4.6566123179658803e-10,
                    0.9997025728225708,
                    0.024387232959270477,
                    0.09830808639526367
                ],
                [
                    0.0,
                    0.0,
                    0.0,
                    1.0
                ]
            ]
        },
        {
            "file_path": "/data/shapenet_blender/all_50_random/02958343/970ebe02365dd05bfd7e1079f2e4956b/r_25",
            "rotation": 0.12566370614359174,
            "transform_matrix": [
                [
                    -0.3189372718334198,
                    0.9456196427345276,
                    -0.06389380991458893,
                    -0.2575642168521881
                ],
                [
                    -0.9477759003639221,
                    -0.3182116746902466,
                    0.02150098793208599,
                    0.08667325973510742
                ],
                [
                    0.0,
                    0.06741392612457275,
                    0.9977250099182129,
                    4.021958351135254
                ],
                [
                    0.0,
                    0.0,
                    0.0,
                    1.0
                ]
            ]
        },
        {
            "file_path": "/data/shapenet_blender/all_50_random/02958343/970ebe02365dd05bfd7e1079f2e4956b/r_26",
            "rotation": 0.12566370614359174,
            "transform_matrix": [
                [
                    0.985055148601532,
                    -0.048362717032432556,
                    0.1653100848197937,
                    0.6663862466812134
                ],
                [
                    0.1722393035888672,
                    0.27659156918525696,
                    -0.9454261660575867,
                    -3.8111348152160645
                ],
                [
                    0.0,
                    0.9597697854042053,
                    0.2807879149913788,
                    1.1318923234939575
                ],
                [
                    0.0,
                    0.0,
                    0.0,
                    1.0
                ]
            ]
        },
        {
            "file_path": "/data/shapenet_blender/all_50_random/02958343/970ebe02365dd05bfd7e1079f2e4956b/r_27",
            "rotation": 0.12566370614359174,
            "transform_matrix": [
                [
                    -0.9983407855033875,
                    -0.00048656927538104355,
                    -0.05758000910282135,
                    -0.23211243748664856
                ],
                [
                    -0.0575820654630661,
                    0.008435993455350399,
                    0.9983051419258118,
                    4.024296760559082
                ],
                [
                    -2.9103828722010228e-11,
                    0.9999643564224243,
                    -0.00845001358538866,
                    -0.03406309336423874
                ],
                [
                    0.0,
                    0.0,
                    0.0,
                    1.0
                ]
            ]
        },
        {
            "file_path": "/data/shapenet_blender/all_50_random/02958343/970ebe02365dd05bfd7e1079f2e4956b/r_28",
            "rotation": 0.12566370614359174,
            "transform_matrix": [
                [
                    0.5405168533325195,
                    0.6873463988304138,
                    0.4851765036582947,
                    1.9558089971542358
                ],
                [
                    0.8413331508636475,
                    -0.4415876567363739,
                    -0.31170305609703064,
                    -1.2565152645111084
                ],
                [
                    -1.4901161193847656e-08,
                    0.5766757726669312,
                    -0.8169730305671692,
                    -3.293323516845703
                ],
                [
                    0.0,
                    0.0,
                    0.0,
                    1.0
                ]
            ]
        },
        {
            "file_path": "/data/shapenet_blender/all_50_random/02958343/970ebe02365dd05bfd7e1079f2e4956b/r_29",
            "rotation": 0.12566370614359174,
            "transform_matrix": [
                [
                    -0.3290172517299652,
                    -0.8522775769233704,
                    -0.40665775537490845,
                    -1.6392898559570312
                ],
                [
                    -0.9443240165710449,
                    0.29694682359695435,
                    0.14168591797351837,
                    0.5711541771888733
                ],
                [
                    0.0,
                    0.43063369393348694,
                    -0.9025267362594604,
                    -3.6382017135620117
                ],
                [
                    0.0,
                    0.0,
                    0.0,
                    1.0
                ]
            ]
        },
        {
            "file_path": "/data/shapenet_blender/all_50_random/02958343/970ebe02365dd05bfd7e1079f2e4956b/r_30",
            "rotation": 0.12566370614359174,
            "transform_matrix": [
                [
                    0.7602340579032898,
                    0.04605112969875336,
                    0.6480150818824768,
                    2.612231969833374
                ],
                [
                    0.6496492624282837,
                    -0.053890056908130646,
                    -0.7583217024803162,
                    -3.056892156600952
                ],
                [
                    -3.7252898543727042e-09,
                    0.9974844455718994,
                    -0.07088613510131836,
                    -0.2857511043548584
                ],
                [
                    0.0,
                    0.0,
                    0.0,
                    1.0
                ]
            ]
        },
        {
            "file_path": "/data/shapenet_blender/all_50_random/02958343/970ebe02365dd05bfd7e1079f2e4956b/r_31",
            "rotation": 0.12566370614359174,
            "transform_matrix": [
                [
                    0.2365388572216034,
                    0.07664211094379425,
                    0.9685945510864258,
                    3.904529571533203
                ],
                [
                    0.971622109413147,
                    -0.01865832321345806,
                    -0.2358018159866333,
                    -0.9505475163459778
                ],
                [
                    1.862645149230957e-09,
                    0.9968841075897217,
                    -0.07888057827949524,
                    -0.31797778606414795
                ],
                [
                    0.0,
                    0.0,
                    0.0,
                    1.0
                ]
            ]
        },
        {
            "file_path": "/data/shapenet_blender/all_50_random/02958343/970ebe02365dd05bfd7e1079f2e4956b/r_32",
            "rotation": 0.12566370614359174,
            "transform_matrix": [
                [
                    -0.0006496268324553967,
                    0.10577960312366486,
                    0.9943892955780029,
                    4.008512020111084
                ],
                [
                    0.9999998211860657,
                    6.871727964607999e-05,
                    0.000645982101559639,
                    0.0026040375232696533
                ],
                [
                    0.0,
                    0.994389533996582,
                    -0.10577961802482605,
                    -0.42641133069992065
                ],
                [
                    0.0,
                    0.0,
                    0.0,
                    1.0
                ]
            ]
        },
        {
            "file_path": "/data/shapenet_blender/all_50_random/02958343/970ebe02365dd05bfd7e1079f2e4956b/r_33",
            "rotation": 0.12566370614359174,
            "transform_matrix": [
                [
                    0.9131319522857666,
                    0.14557510614395142,
                    0.3807859420776367,
                    1.5349973440170288
                ],
                [
                    0.4076641798019409,
                    -0.3260754346847534,
                    -0.8529270887374878,
                    -3.4382593631744385
                ],
                [
                    -7.450580596923828e-09,
                    0.9340677857398987,
                    -0.3570956289768219,
                    -1.4394986629486084
                ],
                [
                    0.0,
                    0.0,
                    0.0,
                    1.0
                ]
            ]
        },
        {
            "file_path": "/data/shapenet_blender/all_50_random/02958343/970ebe02365dd05bfd7e1079f2e4956b/r_34",
            "rotation": 0.12566370614359174,
            "transform_matrix": [
                [
                    0.9124835133552551,
                    -0.1892356276512146,
                    0.36271706223487854,
                    1.462159276008606
                ],
                [
                    0.40911340713500977,
                    0.4220696985721588,
                    -0.8090013861656189,
                    -3.2611889839172363
                ],
                [
                    0.0,
                    0.8865928053855896,
                    0.46255049109458923,
                    1.864600658416748
                ],
                [
                    0.0,
                    0.0,
                    0.0,
                    1.0
                ]
            ]
        },
        {
            "file_path": "/data/shapenet_blender/all_50_random/02958343/970ebe02365dd05bfd7e1079f2e4956b/r_35",
            "rotation": 0.12566370614359174,
            "transform_matrix": [
                [
                    0.08931601792573929,
                    -0.3679027259349823,
                    0.9255648255348206,
                    3.7310712337493896
                ],
                [
                    0.9960033893585205,
                    0.03299145773053169,
                    -0.08299948275089264,
                    -0.3345816135406494
                ],
                [
                    1.862645371275562e-09,
                    0.9292786717414856,
                    0.36937904357910156,
                    1.4890145063400269
                ],
                [
                    0.0,
                    0.0,
                    0.0,
                    1.0
                ]
            ]
        },
        {
            "file_path": "/data/shapenet_blender/all_50_random/02958343/970ebe02365dd05bfd7e1079f2e4956b/r_36",
            "rotation": 0.12566370614359174,
            "transform_matrix": [
                [
                    -0.2790503203868866,
                    -0.37644341588020325,
                    -0.8834145069122314,
                    -3.561157703399658
                ],
                [
                    -0.9602764844894409,
                    0.10939211398363113,
                    0.25671473145484924,
                    1.0348502397537231
                ],
                [
                    1.4901161193847656e-08,
                    0.9199584126472473,
                    -0.3920157253742218,
                    -1.5802658796310425
                ],
                [
                    0.0,
                    0.0,
                    0.0,
                    1.0
                ]
            ]
        },
        {
            "file_path": "/data/shapenet_blender/all_50_random/02958343/970ebe02365dd05bfd7e1079f2e4956b/r_37",
            "rotation": 0.12566370614359174,
            "transform_matrix": [
                [
                    0.9639367461204529,
                    0.12996777892112732,
                    -0.23223790526390076,
                    -0.9361810684204102
                ],
                [
                    -0.266131728887558,
                    0.47074705362319946,
                    -0.8411723375320435,
                    -3.3908746242523193
                ],
                [
                    7.450581485102248e-09,
                    0.8726428747177124,
                    0.4883587956428528,
                    1.968637466430664
                ],
                [
                    0.0,
                    0.0,
                    0.0,
                    1.0
                ]
            ]
        },
        {
            "file_path": "/data/shapenet_blender/all_50_random/02958343/970ebe02365dd05bfd7e1079f2e4956b/r_38",
            "rotation": 0.12566370614359174,
            "transform_matrix": [
                [
                    -0.3044079542160034,
                    0.7780030965805054,
                    0.5495879054069519,
                    2.2154600620269775
                ],
                [
                    0.9525417685508728,
                    0.2486298829317093,
                    0.1756342351436615,
                    0.7080042958259583
                ],
                [
                    0.0,
                    0.5769698619842529,
                    -0.8167652487754822,
                    -3.2924861907958984
                ],
                [
                    0.0,
                    0.0,
                    0.0,
                    1.0
                ]
            ]
        },
        {
            "file_path": "/data/shapenet_blender/all_50_random/02958343/970ebe02365dd05bfd7e1079f2e4956b/r_39",
            "rotation": 0.12566370614359174,
            "transform_matrix": [
                [
                    -0.023170514032244682,
                    0.551568865776062,
                    0.8338074088096619,
                    3.361185312271118
                ],
                [
                    0.9997316002845764,
                    0.012783565558493137,
                    0.019324932247400284,
                    0.07790130376815796
                ],
                [
                    0.0,
                    0.834031343460083,
                    -0.5517169833183289,
                    -2.2240426540374756
                ],
                [
                    0.0,
                    0.0,
                    0.0,
                    1.0
                ]
            ]
        },
        {
            "file_path": "/data/shapenet_blender/all_50_random/02958343/970ebe02365dd05bfd7e1079f2e4956b/r_40",
            "rotation": 0.12566370614359174,
            "transform_matrix": [
                [
                    0.886249840259552,
                    0.4299291968345642,
                    0.17240114510059357,
                    0.6949713230133057
                ],
                [
                    0.4632076025009155,
                    -0.8225786089897156,
                    -0.3298531174659729,
                    -1.3296805620193481
                ],
                [
                    1.4901161193847656e-08,
                    0.3721897304058075,
                    -0.9281565546989441,
                    -3.741518974304199
                ],
                [
                    0.0,
                    0.0,
                    0.0,
                    1.0
                ]
            ]
        },
        {
            "file_path": "/data/shapenet_blender/all_50_random/02958343/970ebe02365dd05bfd7e1079f2e4956b/r_41",
            "rotation": 0.12566370614359174,
            "transform_matrix": [
                [
                    -0.7907543778419495,
                    -0.05230376869440079,
                    0.6098949313163757,
                    2.4585649967193604
                ],
                [
                    0.6121335625648499,
                    -0.06756602972745895,
                    0.7878624796867371,
                    3.1759753227233887
