{
    "class": "02958343",
    "model": "fc521be0cb604c1aee4687e8f2543e",
    "remove_doubles": true,
    "edge_split": true,
    "denoise": true,
    "camera_angle_x": 0.6911112070083618,
    "scale_factor": 2.3438661824294305,
    "hdri_file": "/data/IndoorHDRDataset2018/AG8A6901-fc04a8708a.exr",
    "center_offset": [
        0.0,
        -3.725290298461914e-09,
        0.0
    ],
    "lights": [],
    "frames": [
        {
            "file_path": "/data/shapenet_blender/all_50_random/02958343/fc521be0cb604c1aee4687e8f2543e/r_0",
            "rotation": 0.12566370614359174,
            "transform_matrix": [
                [
                    -0.6328951716423035,
                    0.15506680309772491,
                    -0.7585499882698059,
                    -3.0578126907348633
                ],
                [
                    -0.7742375731468201,
                    -0.12675827741622925,
                    0.6200714111328125,
                    2.4995877742767334
                ],
                [
                    0.0,
                    0.9797379970550537,
                    0.20028328895568848,
                    0.807367742061615
                ],
                [
                    0.0,
                    0.0,
                    0.0,
                    1.0
                ]
            ]
        },
        {
            "file_path": "/data/shapenet_blender/all_50_random/02958343/fc521be0cb604c1aee4687e8f2543e/r_1",
            "rotation": 0.12566370614359174,
            "transform_matrix": [
                [
                    0.584818422794342,
                    -0.5058416724205017,
                    -0.6341226696968079,
                    -2.556230306625366
                ],
                [
                    -0.811164140701294,
                    -0.3646925687789917,
                    -0.4571782946586609,
                    -1.842944622039795
                ],
                [
                    1.4901160305669237e-08,
                    0.7817439436912537,
                    -0.6235995888710022,
                    -2.513810396194458
                ],
                [
                    0.0,
                    0.0,
                    0.0,
                    1.0
                ]
            ]
        },
        {
            "file_path": "/data/shapenet_blender/all_50_random/02958343/fc521be0cb604c1aee4687e8f2543e/r_2",
            "rotation": 0.12566370614359174,
            "transform_matrix": [
                [
                    -0.336027592420578,
                    0.4769141674041748,
                    0.8121811747550964,
                    3.2740073204040527
                ],
                [
                    0.9418522119522095,
                    0.17015017569065094,
                    0.2897644340991974,
                    1.1680779457092285
                ],
                [
                    0.0,
                    0.8623234629631042,
                    -0.5063576698303223,
                    -2.0411932468414307
                ],
                [
                    0.0,
                    0.0,
                    0.0,
                    1.0
                ]
            ]
        },
        {
            "file_path": "/data/shapenet_blender/all_50_random/02958343/fc521be0cb604c1aee4687e8f2543e/r_3",
            "rotation": 0.12566370614359174,
            "transform_matrix": [
                [
                    -0.918940544128418,
                    -0.27464544773101807,
                    -0.28305160999298096,
                    -1.1410175561904907
                ],
                [
                    -0.39439618587493896,
                    0.6399220824241638,
                    0.6595084071159363,
                    2.6585633754730225
                ],
                [
                    0.0,
                    0.7176835536956787,
                    -0.696369469165802,
                    -2.807155132293701
                ],
                [
                    0.0,
                    0.0,
                    0.0,
                    1.0
                ]
            ]
        },
        {
            "file_path": "/data/shapenet_blender/all_50_random/02958343/fc521be0cb604c1aee4687e8f2543e/r_4",
            "rotation": 0.12566370614359174,
            "transform_matrix": [
                [
                    0.10751944035291672,
                    -0.6600462198257446,
                    -0.7434908151626587,
                    -2.9971072673797607
                ],
                [
                    -0.9942029714584351,
                    -0.0713815987110138,
                    -0.0804058313369751,
                    -0.324126273393631
                ],
                [
                    3.725290298461914e-09,
                    0.7478259205818176,
                    -0.6638948321342468,
                    -2.67624568939209
                ],
                [
                    0.0,
                    0.0,
                    0.0,
                    1.0
                ]
            ]
        },
        {
            "file_path": "/data/shapenet_blender/all_50_random/02958343/fc521be0cb604c1aee4687e8f2543e/r_5",
            "rotation": 0.12566370614359174,
            "transform_matrix": [
                [
                    0.0948118045926094,
                    0.8901124000549316,
                    -0.4457695782184601,
                    -1.7969547510147095
                ],
                [
                    -0.9954953193664551,
                    0.08477503806352615,
                    -0.042455464601516724,
                    -0.17114347219467163
                ],
                [
                    -3.725290742551124e-09,
                    0.44778671860694885,
                    0.8941403031349182,
                    3.6043951511383057
                ],
                [
                    0.0,
                    0.0,
                    0.0,
                    1.0
                ]
            ]
        },
        {
            "file_path": "/data/shapenet_blender/all_50_random/02958343/fc521be0cb604c1aee4687e8f2543e/r_6",
            "rotation": 0.12566370614359174,
            "transform_matrix": [
                [
                    -0.9691097140312195,
                    -0.050049617886543274,
                    -0.2414984107017517,
                    -0.9735112190246582
                ],
                [
                    -0.24663019180297852,
                    0.19666516780853271,
                    0.9489448666572571,
                    3.8253190517425537
                ],
                [
                    -3.725290298461914e-09,
                    0.9791924953460693,
                    -0.20293386280536652,
                    -0.8180525898933411
                ],
                [
                    0.0,
                    0.0,
                    0.0,
                    1.0
                ]
            ]
        },
        {
            "file_path": "/data/shapenet_blender/all_50_random/02958343/fc521be0cb604c1aee4687e8f2543e/r_7",
            "rotation": 0.12566370614359174,
            "transform_matrix": [
                [
                    -0.6678391695022583,
                    0.7045022249221802,
                    -0.24014055728912354,
                    -0.9680375456809998
                ],
                [
                    -0.7443056106567383,
                    -0.6321250200271606,
                    0.21546965837478638,
                    0.868586003780365
                ],
                [
                    0.0,
                    0.3226369321346283,
                    0.9465227723121643,
                    3.8155553340911865
                ],
                [
                    0.0,
                    0.0,
                    0.0,
                    1.0
                ]
            ]
        },
        {
            "file_path": "/data/shapenet_blender/all_50_random/02958343/fc521be0cb604c1aee4687e8f2543e/r_8",
            "rotation": 0.12566370614359174,
            "transform_matrix": [
                [
                    -0.5068327188491821,
                    0.11837474256753922,
                    -0.8538782596588135,
                    -3.4420933723449707
                ],
                [
                    -0.8620445728302002,
                    -0.06959754973649979,
                    0.5020313858985901,
                    2.0237531661987305
                ],
                [
                    -3.725290742551124e-09,
                    0.9905268549919128,
                    0.13731861114501953,
                    0.55354905128479
                ],
                [
                    0.0,
                    0.0,
                    0.0,
                    1.0
                ]
            ]
        },
        {
            "file_path": "/data/shapenet_blender/all_50_random/02958343/fc521be0cb604c1aee4687e8f2543e/r_9",
            "rotation": 0.12566370614359174,
            "transform_matrix": [
                [
                    0.9950240850448608,
                    -0.04406118020415306,
                    -0.08936309069395065,
                    -0.3602341413497925
                ],
                [
                    -0.09963508695363998,
                    -0.44002509117126465,
                    -0.892440915107727,
                    -3.5975444316864014
                ],
                [
                    -3.725290298461914e-09,
                    0.8969038724899292,
                    -0.4422256350517273,
                    -1.7826685905456543
                ],
                [
                    0.0,
                    0.0,
                    0.0,
                    1.0
                ]
            ]
        },
        {
            "file_path": "/data/shapenet_blender/all_50_random/02958343/fc521be0cb604c1aee4687e8f2543e/r_10",
            "rotation": 0.12566370614359174,
            "transform_matrix": [
                [
                    -0.6145122647285461,
                    0.005611310712993145,
                    0.7888873815536499,
                    3.1801066398620605
                ],
                [
                    0.7889072895050049,
                    0.004370879847556353,
                    0.6144967079162598,
                    2.4771153926849365
                ],
                [
                    0.0,
                    0.99997478723526,
                    -0.00711276289075613,
                    -0.028672464191913605
                ],
                [
                    0.0,
                    0.0,
                    0.0,
                    1.0
                ]
            ]
        },
        {
            "file_path": "/data/shapenet_blender/all_50_random/02958343/fc521be0cb604c1aee4687e8f2543e/r_11",
            "rotation": 0.12566370614359174,
            "transform_matrix": [
                [
                    -0.7042267322540283,
                    -0.16170164942741394,
                    -0.6913155913352966,
                    -2.7867822647094727
                ],
                [
                    -0.7099750638008118,
                    0.1603924185037613,
                    0.685718297958374,
                    2.764218807220459
                ],
                [
                    0.0,
                    0.973717987537384,
                    -0.2277567982673645,
                    -0.9181170463562012
                ],
                [
                    0.0,
                    0.0,
                    0.0,
                    1.0
                ]
            ]
        },
        {
            "file_path": "/data/shapenet_blender/all_50_random/02958343/fc521be0cb604c1aee4687e8f2543e/r_12",
            "rotation": 0.12566370614359174,
            "transform_matrix": [
                [
                    0.6463097333908081,
                    0.4502101540565491,
                    0.616112470626831,
                    2.483628749847412
                ],
                [
                    0.7630752325057983,
                    -0.38131916522979736,
                    -0.5218351483345032,
                    -2.1035847663879395
                ],
                [
                    1.4901161193847656e-08,
                    0.8074072599411011,
                    -0.589994490146637,
                    -2.3783438205718994
                ],
                [
                    0.0,
                    0.0,
                    0.0,
                    1.0
                ]
            ]
        },
        {
            "file_path": "/data/shapenet_blender/all_50_random/02958343/fc521be0cb604c1aee4687e8f2543e/r_13",
            "rotation": 0.12566370614359174,
            "transform_matrix": [
                [
                    0.7854346632957458,
                    -0.2291480153799057,
                    0.5749638080596924,
                    2.317753553390503
                ],
                [
                    0.6189444661140442,
                    0.29078665375709534,
                    -0.7296236157417297,
                    -2.94120717048645
                ],
                [
                    0.0,
                    0.9289424419403076,
                    0.37022385001182556,
                    1.4924201965332031
                ],
                [
                    0.0,
                    0.0,
                    0.0,
                    1.0
                ]
            ]
        },
        {
            "file_path": "/data/shapenet_blender/all_50_random/02958343/fc521be0cb604c1aee4687e8f2543e/r_14",
            "rotation": 0.12566370614359174,
            "transform_matrix": [
                [
                    0.8429523706436157,
                    0.2741992175579071,
                    0.46286723017692566,
                    1.8658775091171265
                ],
                [
                    0.5379881858825684,
                    -0.42963191866874695,
                    -0.7252483367919922,
                    -2.923569440841675
                ],
                [
                    0.0,
                    0.8603668212890625,
                    -0.5096752643585205,
                    -2.0545666217803955
                ],
                [
                    0.0,
                    0.0,
                    0.0,
                    1.0
                ]
            ]
        },
        {
            "file_path": "/data/shapenet_blender/all_50_random/02958343/fc521be0cb604c1aee4687e8f2543e/r_15",
            "rotation": 0.12566370614359174,
            "transform_matrix": [
                [
                    -0.966223418712616,
                    0.1068224385380745,
                    -0.23452383279800415,
                    -0.945395827293396
                ],
                [
                    -0.2577061951160431,
                    -0.4005116820335388,
                    0.8793053030967712,
                    3.544593095779419
                ],
                [
                    0.0,
                    0.9100434184074402,
                    0.414512574672699,
                    1.670953631401062
                ],
                [
                    0.0,
                    0.0,
                    0.0,
                    1.0
                ]
            ]
        },
        {
            "file_path": "/data/shapenet_blender/all_50_random/02958343/fc521be0cb604c1aee4687e8f2543e/r_16",
            "rotation": 0.12566370614359174,
            "transform_matrix": [
                [
                    0.5498632788658142,
                    0.1621551215648651,
                    -0.8193631768226624,
                    -3.3029587268829346
                ],
                [
                    -0.8352546691894531,
                    0.10674966126680374,
                    -0.539401650428772,
                    -2.1743977069854736
                ],
                [
                    0.0,
                    0.9809740781784058,
                    0.1941385567188263,
                    0.782597541809082
                ],
                [
                    0.0,
                    0.0,
                    0.0,
                    1.0
                ]
            ]
        },
        {
            "file_path": "/data/shapenet_blender/all_50_random/02958343/fc521be0cb604c1aee4687e8f2543e/r_17",
            "rotation": 0.12566370614359174,
            "transform_matrix": [
                [
                    0.5263876914978027,
                    0.4414535462856293,
                    0.726659893989563,
                    2.929260015487671
                ],
                [
                    0.8502447009086609,
                    -0.2733045220375061,
                    -0.44987618923187256,
                    -1.8135089874267578
                ],
                [
                    0.0,
                    0.8546481132507324,
                    -0.5192075967788696,
                    -2.0929930210113525
                ],
                [
                    0.0,
                    0.0,
                    0.0,
                    1.0
                ]
            ]
        },
        {
            "file_path": "/data/shapenet_blender/all_50_random/02958343/fc521be0cb604c1aee4687e8f2543e/r_18",
            "rotation": 0.12566370614359174,
            "transform_matrix": [
                [
                    -0.6201527118682861,
                    -0.5111759305000305,
                    -0.5950711965560913,
                    -2.398808717727661
                ],
                [
                    -0.7844811081886292,
                    0.40409791469573975,
                    0.470419317483902,
                    1.8963209390640259
                ],
                [
                    0.0,
                    0.7585539221763611,
                    -0.651610255241394,
                    -2.6267249584198
                ],
                [
                    0.0,
                    0.0,
                    0.0,
                    1.0
                ]
            ]
        },
        {
            "file_path": "/data/shapenet_blender/all_50_random/02958343/fc521be0cb604c1aee4687e8f2543e/r_19",
            "rotation": 0.12566370614359174,
            "transform_matrix": [
                [
                    0.6630995869636536,
                    -0.07598723471164703,
                    -0.744664192199707,
                    -3.001837730407715
                ],
                [
                    -0.7485312223434448,
                    -0.06731463223695755,
                    -0.6596739292144775,
                    -2.659230947494507
                ],
                [
                    0.0,
                    0.9948339462280273,
                    -0.10151511430740356,
                    -0.40922054648399353
                ],
                [
                    0.0,
                    0.0,
                    0.0,
                    1.0
                ]
            ]
        },
        {
            "file_path": "/data/shapenet_blender/all_50_random/02958343/fc521be0cb604c1aee4687e8f2543e/r_20",
            "rotation": 0.12566370614359174,
            "transform_matrix": [
                [
                    0.6900466680526733,
                    -0.585281491279602,
                    -0.4257710874080658,
                    -1.7163382768630981
                ],
                [
                    -0.7237648367881775,
                    -0.5580148696899414,
                    -0.4059356153011322,
                    -1.6363788843154907
                ],
                [
                    0.0,
                    0.5882726907730103,
                    -0.8086625337600708,
                    -3.2598230838775635
                ],
                [
                    0.0,
                    0.0,
                    0.0,
                    1.0
                ]
            ]
        },
        {
            "file_path": "/data/shapenet_blender/all_50_random/02958343/fc521be0cb604c1aee4687e8f2543e/r_21",
            "rotation": 0.12566370614359174,
            "transform_matrix": [
                [
                    -0.1421322524547577,
                    0.972005307674408,
                    -0.18709400296211243,
                    -0.7542001008987427
                ],
                [
                    -0.9898477792739868,
                    -0.13957026600837708,
                    0.026864834129810333,
                    0.10829561948776245
                ],
                [
                    1.862645371275562e-09,
                    0.18901292979717255,
                    0.9819744825363159,
                    3.958466053009033
                ],
                [
                    0.0,
                    0.0,
                    0.0,
                    1.0
                ]
            ]
        },
        {
            "file_path": "/data/shapenet_blender/all_50_random/02958343/fc521be0cb604c1aee4687e8f2543e/r_22",
            "rotation": 0.12566370614359174,
            "transform_matrix": [
                [
                    0.4037564694881439,
                    0.1789548695087433,
                    0.8971933126449585,
                    3.61670184135437
                ],
                [
                    0.91486656665802,
                    -0.07897783815860748,
                    -0.39595678448677063,
                    -1.5961527824401855
                ],
                [
                    -7.450580596923828e-09,
                    0.9806821346282959,
                    -0.19560764729976654,
                    -0.7885196208953857
                ],
                [
                    0.0,
                    0.0,
                    0.0,
                    1.0
                ]
            ]
        },
        {
            "file_path": "/data/shapenet_blender/all_50_random/02958343/fc521be0cb604c1aee4687e8f2543e/r_23",
            "rotation": 0.12566370614359174,
            "transform_matrix": [
                [
                    -0.2290114313364029,
                    -0.178696408867836,
                    -0.9568809866905212,
                    -3.8573107719421387
                ],
                [
                    -0.9734237194061279,
                    0.042040809988975525,
                    0.22511953115463257,
                    0.9074859023094177
                ],
                [
                    0.0,
                    0.9830055236816406,
                    -0.18357515335083008,
                    -0.7400151491165161
                ],
                [
                    0.0,
                    0.0,
                    0.0,
                    1.0
                ]
            ]
        },
        {
            "file_path": "/data/shapenet_blender/all_50_random/02958343/fc521be0cb604c1aee4687e8f2543e/r_24",
            "rotation": 0.12566370614359174,
            "transform_matrix": [
                [
                    0.1500268429517746,
                    -0.20622038841247559,
                    -0.9669358730316162,
                    -3.897843360900879
                ],
                [
                    -0.9886818528175354,
                    -0.03129277005791664,
                    -0.14672701060771942,
                    -0.5914755463600159
                ],
                [
                    0.0,
                    0.978005051612854,
                    -0.2085811197757721,
                    -0.8408174514770508
                ],
                [
                    0.0,
                    0.0,
                    0.0,
                    1.0
                ]
            ]
        },
        {
            "file_path": "/data/shapenet_blender/all_50_random/02958343/fc521be0cb604c1aee4687e8f2543e/r_25",
            "rotation": 0.12566370614359174,
            "transform_matrix": [
                [
                    0.994525671005249,
                    -0.09132678806781769,
                    0.05077661946415901,
                    0.20468711853027344
                ],
                [
                    0.10449330508708954,
                    0.8692120909690857,
                    -0.48327168822288513,
                    -1.9481306076049805
                ],
                [
                    -3.725290742551124e-09,
                    0.4859318733215332,
                    0.8739965558052063,
                    3.523193120956421
                ],
                [
                    0.0,
                    0.0,
                    0.0,
                    1.0
                ]
            ]
        },
        {
            "file_path": "/data/shapenet_blender/all_50_random/02958343/fc521be0cb604c1aee4687e8f2543e/r_26",
            "rotation": 0.12566370614359174,
            "transform_matrix": [
                [
                    -0.9879460334777832,
                    -0.07069603353738785,
                    0.13771259784698486,
                    0.5551372766494751
                ],
                [
                    0.15479888021945953,
                    -0.4511910378932953,
                    0.8788992166519165,
                    3.5429563522338867
                ],
                [
                    3.725290298461914e-09,
                    0.8896227478981018,
                    0.4566960036754608,
                    1.8410005569458008
                ],
                [
                    0.0,
                    0.0,
                    0.0,
                    1.0
                ]
            ]
        },
        {
            "file_path": "/data/shapenet_blender/all_50_random/02958343/fc521be0cb604c1aee4687e8f2543e/r_27",
            "rotation": 0.12566370614359174,
            "transform_matrix": [
                [
                    0.19376343488693237,
                    -0.18352918326854706,
                    0.9637286067008972,
                    3.8849141597747803
                ],
                [
                    0.9810482859611511,
                    0.036248210817575455,
                    -0.19034269452095032,
                    -0.7672959566116333
                ],
                [
                    0.0,
                    0.9823457598686218,
                    0.18707455694675446,
                    0.7541216611862183
                ],
                [
                    0.0,
                    0.0,
                    0.0,
                    1.0
                ]
            ]
        },
        {
            "file_path": "/data/shapenet_blender/all_50_random/02958343/fc521be0cb604c1aee4687e8f2543e/r_28",
            "rotation": 0.12566370614359174,
            "transform_matrix": [
                [
                    0.7113354206085205,
                    -0.18583813309669495,
                    -0.6778392791748047,
                    -2.7324576377868652
                ],
                [
                    -0.702852725982666,
                    -0.1880810260772705,
                    -0.6860201358795166,
                    -2.7654356956481934
                ],
                [
                    0.0,
                    0.9644116163253784,
                    -0.2644055187702179,
                    -1.0658527612686157
                ],
                [
                    0.0,
                    0.0,
                    0.0,
                    1.0
                ]
            ]
        },
        {
            "file_path": "/data/shapenet_blender/all_50_random/02958343/fc521be0cb604c1aee4687e8f2543e/r_29",
            "rotation": 0.12566370614359174,
            "transform_matrix": [
                [
                    0.6388965249061584,
                    0.46722763776779175,
                    0.6111540794372559,
                    2.4636409282684326
                ],
                [
                    0.7692925333976746,
                    -0.3880320191383362,
                    -0.5075627565383911,
                    -2.046051025390625
                ],
                [
                    0.0,
                    0.7944364547729492,
                    -0.6073471307754517,
                    -2.4482946395874023
                ],
                [
                    0.0,
                    0.0,
                    0.0,
                    1.0
                ]
            ]
        },
        {
            "file_path": "/data/shapenet_blender/all_50_random/02958343/fc521be0cb604c1aee4687e8f2543e/r_30",
            "rotation": 0.12566370614359174,
            "transform_matrix": [
                [
                    -0.5469753742218018,
                    -0.3753315508365631,
                    0.7482941746711731,
                    3.016470193862915
                ],
                [
                    0.8371487259864807,
                    -0.24523375928401947,
                    0.4889197051525116,
                    1.9708983898162842
                ],
                [
                    0.0,
                    0.8938604593276978,
                    0.4483451545238495,
                    1.8073371648788452
                ],
                [
                    0.0,
                    0.0,
                    0.0,
                    1.0
                ]
            ]
        },
        {
            "file_path": "/data/shapenet_blender/all_50_random/02958343/fc521be0cb604c1aee4687e8f2543e/r_31",
            "rotation": 0.12566370614359174,
            "transform_matrix": [
                [
                    0.9649174213409424,
                    -0.08771998435258865,
                    0.24746623635292053,
                    0.9975683689117432
                ],
                [
                    0.26255348324775696,
                    0.32238203287124634,
                    -0.9094697833061218,
                    -3.6661901473999023
                ],
                [
                    7.450580596923828e-09,
                    0.9425363540649414,
                    0.3341032564640045,
                    1.346813440322876
                ],
                [
                    0.0,
                    0.0,
                    0.0,
                    1.0
                ]
            ]
        },
        {
            "file_path": "/data/shapenet_blender/all_50_random/02958343/fc521be0cb604c1aee4687e8f2543e/r_32",
            "rotation": 0.12566370614359174,
            "transform_matrix": [
                [
                    -0.11796565353870392,
                    0.010086806491017342,
                    0.99296635389328,
                    4.0027756690979
                ],
                [
                    0.9930176138877869,
                    0.0011982633732259274,
                    0.11795955896377563,
                    0.47551020979881287
                ],
                [
                    1.1641531488804091e-10,
                    0.9999483823776245,
                    -0.010157730430364609,
                    -0.04094712436199188
                ],
                [
                    0.0,
                    0.0,
                    0.0,
                    1.0
                ]
            ]
        },
        {
            "file_path": "/data/shapenet_blender/all_50_random/02958343/fc521be0cb604c1aee4687e8f2543e/r_33",
            "rotation": 0.12566370614359174,
            "transform_matrix": [
                [
                    -0.7214040756225586,
                    0.3635512590408325,
                    -0.5894119739532471,
                    -2.375995635986328
                ],
                [
                    -0.6925142407417297,
                    -0.3787176311016083,
                    0.614000678062439,
                    2.4751157760620117
                ],
                [
                    1.4901160305669237e-08,
                    0.851118803024292,
                    0.5249729752540588,
                    2.1162338256835938
                ],
                [
                    0.0,
                    0.0,
                    0.0,
                    1.0
                ]
            ]
        },
        {
            "file_path": "/data/shapenet_blender/all_50_random/02958343/fc521be0cb604c1aee4687e8f2543e/r_34",
            "rotation": 0.12566370614359174,
            "transform_matrix": [
                [
                    0.009930552914738655,
                    -0.023838035762310028,
                    -0.9996665120124817,
                    -4.029784679412842
                ],
                [
                    -0.9999507069587708,
                    -0.00023673652322031558,
                    -0.009927730076014996,
                    -0.04001995921134949
                ],
                [
                    0.0,
                    0.9997158050537109,
                    -0.023839209228754044,
                    -0.09609892964363098
                ],
                [
                    0.0,
                    0.0,
                    0.0,
                    1.0
                ]
            ]
        },
        {
            "file_path": "/data/shapenet_blender/all_50_random/02958343/fc521be0cb604c1aee4687e8f2543e/r_35",
            "rotation": 0.12566370614359174,
            "transform_matrix": [
                [
                    -0.9978269934654236,
                    0.0031010156963020563,
                    0.0658155232667923,
                    0.2653108537197113
                ],
                [
                    0.06588853895664215,
                    0.046962298452854156,
                    0.9967212677001953,
                    4.017911911010742
                ],
                [
                    0.0,
                    0.9988917708396912,
                    -0.04706457257270813,
                    -0.18972335755825043
                ],
                [
                    0.0,
                    0.0,
                    0.0,
                    1.0
                ]
            ]
        },
        {
            "file_path": "/data/shapenet_blender/all_50_random/02958343/fc521be0cb604c1aee4687e8f2543e/r_36",
            "rotation": 0.12566370614359174,
            "transform_matrix": [
                [
                    -0.84623122215271,
                    0.3113802671432495,
                    -0.4323597550392151,
                    -1.742897868156433
                ],
                [
                    -0.5328157544136047,
                    -0.4945419728755951,
                    0.6866845488548279,
                    2.768113851547241
                ],
                [
                    -1.4901159417490817e-08,
                    0.8114619851112366,
                    0.5844051837921143,
                    2.3558125495910645
                ],
                [
                    0.0,
                    0.0,
                    0.0,
                    1.0
                ]
            ]
        },
        {
            "file_path": "/data/shapenet_blender/all_50_random/02958343/fc521be0cb604c1aee4687e8f2543e/r_37",
            "rotation": 0.12566370614359174,
            "transform_matrix": [
                [
                    0.7434300780296326,
                    -0.1457948088645935,
                    -0.6527292728424072,
                    -2.6312360763549805
                ],
                [
                    -0.6688136458396912,
                    -0.1620604544878006,
                    -0.7255512475967407,
                    -2.924790859222412
                ],
                [
                    0.0,
                    0.9759508371353149,
                    -0.21799017488956451,
                    -0.8787465691566467
                ],
                [
                    0.0,
                    0.0,
                    0.0,
                    1.0
                ]
            ]
        },
        {
            "file_path": "/data/shapenet_blender/all_50_random/02958343/fc521be0cb604c1aee4687e8f2543e/r_38",
            "rotation": 0.12566370614359174,
            "transform_matrix": [
                [
                    0.40267449617385864,
                    0.3963189125061035,
                    0.8250966668128967,
                    3.32607102394104
                ],
                [
                    0.9153432250022888,
                    -0.1743471771478653,
                    -0.36297354102134705,
                    -1.4631931781768799
                ],
                [
                    0.0,
                    0.9014067649841309,
                    -0.43297305703163147,
                    -1.7453702688217163
                ],
                [
                    0.0,
                    0.0,
                    0.0,
                    1.0
                ]
            ]
        },
        {
            "file_path": "/data/shapenet_blender/all_50_random/02958343/fc521be0cb604c1aee4687e8f2543e/r_39",
            "rotation": 0.12566370614359174,
            "transform_matrix": [
                [
                    0.23126175999641418,
                    -0.10942299664020538,
                    -0.9667184352874756,
                    -3.8969669342041016
                ],
                [
                    -0.972891628742218,
                    -0.026010455563664436,
                    -0.22979435324668884,
                    -0.9263307452201843
                ],
                [
                    -1.862645371275562e-09,
                    0.9936548471450806,
                    -0.11247193068265915,
                    -0.45338886976242065
                ],
                [
                    0.0,
                    0.0,
                    0.0,
                    1.0
                ]
            ]
        },
        {
            "file_path": "/data/shapenet_blender/all_50_random/02958343/fc521be0cb604c1aee4687e8f2543e/r_40",
            "rotation": 0.12566370614359174,
            "transform_matrix": [
                [
                    -0.36696088314056396,
                    -0.07756472378969193,
                    0.9269968867301941,
                    3.736844301223755
                ],
                [
                    0.9302363395690918,
                    -0.030597839504480362,
                    0.365682989358902,
                    1.4741153717041016
                ],
                [
                    0.0,
                    0.9965176582336426,
                    0.08338172733783722,
                    0.3361225128173828
                ],
                [
                    0.0,
                    0.0,
                    0.0,
                    1.0
                ]
            ]
        },
        {
            "file_path": "/data/shapenet_blender/all_50_random/02958343/fc521be0cb604c1aee4687e8f2543e/r_41",
            "rotation": 0.12566370614359174,
            "transform_matrix": [
                [
                    -0.008158139884471893,
                    -0.8417508006095886,
                    -0.5398046970367432,
                    -2.1760222911834717
                ],
                [
                    -0.9999667406082153,
                    0.006867349147796631,
                    0.004403948783874512,
                    0.017752885818481445
                ],
                [
                    -2.3283064365386963e-10,
                    0.5398227572441101,
                    -0.8417787551879883,
                    -3.3933186531066895
