{
    "class": "02958343",
    "model": "923007b377bb1cab473f10e6caaeca56",
    "remove_doubles": true,
    "edge_split": true,
    "denoise": true,
    "camera_angle_x": 0.6911112070083618,
    "scale_factor": 2.272799638025723,
    "hdri_file": "/data/IndoorHDRDataset2018/AG8A9045-179d556e82.exr",
    "center_offset": [
        0.0,
        -9.313225746154785e-10,
        -3.725290298461914e-09
    ],
    "lights": [],
    "frames": [
        {
            "file_path": "/data/shapenet_blender/all_50_random/02958343/923007b377bb1cab473f10e6caaeca56/r_0",
            "rotation": 0.12566370614359174,
            "transform_matrix": [
                [
                    0.9750653505325317,
                    0.21863937377929688,
                    0.03800366073846817,
                    0.15319767594337463
                ],
                [
                    0.22191762924194336,
                    -0.9606612324714661,
                    -0.16698110103607178,
                    -0.6731224060058594
                ],
                [
                    0.0,
                    0.17125122249126434,
                    -0.9852273464202881,
                    -3.971578598022461
                ],
                [
                    0.0,
                    0.0,
                    0.0,
                    1.0
                ]
            ]
        },
        {
            "file_path": "/data/shapenet_blender/all_50_random/02958343/923007b377bb1cab473f10e6caaeca56/r_1",
            "rotation": 0.12566370614359174,
            "transform_matrix": [
                [
                    -0.9967157244682312,
                    -0.011374191381037235,
                    0.08017770200967789,
                    0.32320669293403625
                ],
                [
                    0.08098047226667404,
                    -0.13999468088150024,
                    0.9868351221084595,
                    3.978059768676758
                ],
                [
                    9.313225746154785e-10,
                    0.9900867938995361,
                    0.14045597612857819,
                    0.5661962032318115
                ],
                [
                    0.0,
                    0.0,
                    0.0,
                    1.0
                ]
            ]
        },
        {
            "file_path": "/data/shapenet_blender/all_50_random/02958343/923007b377bb1cab473f10e6caaeca56/r_2",
            "rotation": 0.12566370614359174,
            "transform_matrix": [
                [
                    -0.938785195350647,
                    0.24494460225105286,
                    0.24224869906902313,
                    0.9765356183052063
                ],
                [
                    0.34450292587280273,
                    0.6674845218658447,
                    0.6601380705833435,
                    2.6611013412475586
                ],
                [
                    0.0,
                    0.7031831741333008,
                    -0.7110087275505066,
                    -2.8661675453186035
                ],
                [
                    0.0,
                    0.0,
                    0.0,
                    1.0
                ]
            ]
        },
        {
            "file_path": "/data/shapenet_blender/all_50_random/02958343/923007b377bb1cab473f10e6caaeca56/r_3",
            "rotation": 0.12566370614359174,
            "transform_matrix": [
                [
                    -0.39450857043266296,
                    -0.6715418100357056,
                    -0.6272118091583252,
                    -2.528371572494507
                ],
                [
                    -0.9188922047615051,
                    0.28831344842910767,
                    0.2692812383174896,
                    1.0855073928833008
                ],
                [
                    -1.4901160305669237e-08,
                    0.6825737953186035,
                    -0.730816662311554,
                    -2.946016311645508
                ],
                [
                    0.0,
                    0.0,
                    0.0,
                    1.0
                ]
            ]
        },
        {
            "file_path": "/data/shapenet_blender/all_50_random/02958343/923007b377bb1cab473f10e6caaeca56/r_4",
            "rotation": 0.12566370614359174,
            "transform_matrix": [
                [
                    -0.9703227281570435,
                    0.0651734247803688,
                    -0.2328650951385498,
                    -0.9387091994285583
                ],
                [
                    -0.24181339144706726,
                    -0.2615208923816681,
                    0.9344159364700317,
                    3.7667510509490967
                ],
                [
                    0.0,
                    0.9629948735237122,
                    0.26951947808265686,
                    1.0864677429199219
                ],
                [
                    0.0,
                    0.0,
                    0.0,
                    1.0
                ]
            ]
        },
        {
            "file_path": "/data/shapenet_blender/all_50_random/02958343/923007b377bb1cab473f10e6caaeca56/r_5",
            "rotation": 0.12566370614359174,
            "transform_matrix": [
                [
                    0.8768253922462463,
                    0.4684469401836395,
                    -0.108326755464077,
                    -0.4366791248321533
                ],
                [
                    -0.48080891370773315,
                    0.854281485080719,
                    -0.19754968583583832,
                    -0.7963482737541199
                ],
                [
                    -7.450580596923828e-09,
                    0.22530105710029602,
                    0.9742891788482666,
                    3.927485227584839
                ],
                [
                    0.0,
                    0.0,
                    0.0,
                    1.0
                ]
            ]
        },
        {
            "file_path": "/data/shapenet_blender/all_50_random/02958343/923007b377bb1cab473f10e6caaeca56/r_6",
            "rotation": 0.12566370614359174,
            "transform_matrix": [
                [
                    -0.7264441251754761,
                    -0.15213055908679962,
                    -0.6701755523681641,
                    -2.701564073562622
                ],
                [
                    -0.6872255802154541,
                    0.16081233322620392,
                    0.7084211111068726,
                    2.85573673248291
                ],
                [
                    -7.450581485102248e-09,
                    0.9751899838447571,
                    -0.22136922180652618,
                    -0.8923678994178772
                ],
                [
                    0.0,
                    0.0,
                    0.0,
                    1.0
                ]
            ]
        },
        {
            "file_path": "/data/shapenet_blender/all_50_random/02958343/923007b377bb1cab473f10e6caaeca56/r_7",
            "rotation": 0.12566370614359174,
            "transform_matrix": [
                [
                    0.7666628360748291,
                    -0.41385966539382935,
                    -0.49086472392082214,
                    -1.9787390232086182
                ],
                [
                    -0.6420498490333557,
                    -0.49418413639068604,
                    -0.5861347913742065,
                    -2.3627848625183105
                ],
                [
                    0.0,
                    0.764527440071106,
                    -0.6445911526679993,
                    -2.5984301567077637
                ],
                [
                    0.0,
                    0.0,
                    0.0,
                    1.0
                ]
            ]
        },
        {
            "file_path": "/data/shapenet_blender/all_50_random/02958343/923007b377bb1cab473f10e6caaeca56/r_8",
            "rotation": 0.12566370614359174,
            "transform_matrix": [
                [
                    0.2802791893482208,
                    0.04709101468324661,
                    -0.9587627649307251,
                    -3.864896297454834
                ],
                [
                    -0.9599186182022095,
                    0.013749740086495876,
                    -0.27994170784950256,
                    -1.128481149673462
                ],
                [
                    0.0,
                    0.9987958669662476,
                    0.049057308584451675,
                    0.1977563351392746
                ],
                [
                    0.0,
                    0.0,
                    0.0,
                    1.0
                ]
            ]
        },
        {
            "file_path": "/data/shapenet_blender/all_50_random/02958343/923007b377bb1cab473f10e6caaeca56/r_9",
            "rotation": 0.12566370614359174,
            "transform_matrix": [
                [
                    0.023844905197620392,
                    -0.09742876142263412,
                    0.9949567914009094,
                    4.010798931121826
                ],
                [
                    0.9997156858444214,
                    0.0023238402791321278,
                    -0.023731397464871407,
                    -0.09566432237625122
                ],
                [
                    0.0,
                    0.9952397346496582,
                    0.09745647758245468,
                    0.3928596079349518
                ],
                [
                    0.0,
                    0.0,
                    0.0,
                    1.0
                ]
            ]
        },
        {
            "file_path": "/data/shapenet_blender/all_50_random/02958343/923007b377bb1cab473f10e6caaeca56/r_10",
            "rotation": 0.12566370614359174,
            "transform_matrix": [
                [
                    0.9554104804992676,
                    0.11924498528242111,
                    -0.2701321542263031,
                    -1.0889376401901245
                ],
                [
                    -0.295280784368515,
                    0.38582906126976013,
                    -0.8740395307540894,
                    -3.5233662128448486
                ],
                [
                    7.450580152834618e-09,
                    0.9148314595222473,
                    0.40383583307266235,
                    1.6279144287109375
                ],
                [
                    0.0,
                    0.0,
                    0.0,
                    1.0
                ]
            ]
        },
        {
            "file_path": "/data/shapenet_blender/all_50_random/02958343/923007b377bb1cab473f10e6caaeca56/r_11",
            "rotation": 0.12566370614359174,
            "transform_matrix": [
                [
                    0.9668688774108887,
                    -0.24857883155345917,
                    -0.05807868391275406,
                    -0.23412266373634338
                ],
                [
                    -0.2552735507488251,
                    -0.9415121674537659,
                    -0.21997764706611633,
                    -0.8867582678794861
                ],
                [
                    -3.725290298461914e-09,
                    0.22751574218273163,
                    -0.9737744927406311,
                    -3.925410509109497
                ],
                [
                    0.0,
                    0.0,
                    0.0,
                    1.0
                ]
            ]
        },
        {
            "file_path": "/data/shapenet_blender/all_50_random/02958343/923007b377bb1cab473f10e6caaeca56/r_12",
            "rotation": 0.12566370614359174,
            "transform_matrix": [
                [
                    -0.9993628263473511,
                    -0.0228295736014843,
                    0.02743571065366268,
                    0.11059689521789551
                ],
                [
                    0.035691842436790466,
                    -0.6392224431037903,
                    0.7681930661201477,
                    3.0966856479644775
                ],
                [
                    1.862645149230957e-09,
                    0.7686829566955566,
                    0.6396299600601196,
                    2.5784311294555664
                ],
                [
                    0.0,
                    0.0,
                    0.0,
                    1.0
                ]
            ]
        },
        {
            "file_path": "/data/shapenet_blender/all_50_random/02958343/923007b377bb1cab473f10e6caaeca56/r_13",
            "rotation": 0.12566370614359174,
            "transform_matrix": [
                [
                    0.9869148135185242,
                    0.0003751206968445331,
                    0.16124188899993896,
                    0.6499868631362915
                ],
                [
                    0.1612423211336136,
                    -0.0022959988564252853,
                    -0.986912190914154,
                    -3.978370189666748
                ],
                [
                    0.0,
                    0.9999972581863403,
                    -0.002326440764591098,
                    -0.009378182701766491
                ],
                [
                    0.0,
                    0.0,
                    0.0,
                    1.0
                ]
            ]
        },
        {
            "file_path": "/data/shapenet_blender/all_50_random/02958343/923007b377bb1cab473f10e6caaeca56/r_14",
            "rotation": 0.12566370614359174,
            "transform_matrix": [
                [
                    0.44969189167022705,
                    0.5941389799118042,
                    -0.6669152975082397,
                    -2.6884214878082275
                ],
                [
                    -0.8931837677955627,
                    0.2991316020488739,
                    -0.3357723653316498,
                    -1.3535417318344116
                ],
                [
                    0.0,
                    0.7466719746589661,
                    0.6651923656463623,
                    2.68147611618042
                ],
                [
                    0.0,
                    0.0,
                    0.0,
                    1.0
                ]
            ]
        },
        {
            "file_path": "/data/shapenet_blender/all_50_random/02958343/923007b377bb1cab473f10e6caaeca56/r_15",
            "rotation": 0.12566370614359174,
            "transform_matrix": [
                [
                    -0.7544375658035278,
                    0.45738685131073,
                    0.47076666355133057,
                    1.8977211713790894
                ],
                [
                    0.6563718318939209,
                    0.5257230997085571,
                    0.5411019325256348,
                    2.1812517642974854
                ],
                [
                    0.0,
                    0.7172256708145142,
                    -0.6968410015106201,
                    -2.809056043624878
                ],
                [
                    0.0,
                    0.0,
                    0.0,
                    1.0
                ]
            ]
        },
        {
            "file_path": "/data/shapenet_blender/all_50_random/02958343/923007b377bb1cab473f10e6caaeca56/r_16",
            "rotation": 0.12566370614359174,
            "transform_matrix": [
                [
                    0.38679102063179016,
                    0.5621499419212341,
                    0.7310130596160889,
                    2.946807861328125
                ],
                [
                    0.9221673607826233,
                    -0.23578645288944244,
                    -0.30661386251449585,
                    -1.2360000610351562
                ],
                [
                    1.4901160305669237e-08,
                    0.7927119731903076,
                    -0.6095964312553406,
                    -2.4573616981506348
                ],
                [
                    0.0,
                    0.0,
                    0.0,
                    1.0
                ]
            ]
        },
        {
            "file_path": "/data/shapenet_blender/all_50_random/02958343/923007b377bb1cab473f10e6caaeca56/r_17",
            "rotation": 0.12566370614359174,
            "transform_matrix": [
                [
                    -0.7943982481956482,
                    -0.32931938767433167,
                    0.5103726387023926,
                    2.057377576828003
                ],
                [
                    0.6073973178863525,
                    -0.43070778250694275,
                    0.6675023436546326,
                    2.6907877922058105
                ],
                [
                    0.0,
                    0.8402615189552307,
                    0.5421813130378723,
                    2.1856024265289307
                ],
                [
                    0.0,
                    0.0,
                    0.0,
                    1.0
                ]
            ]
        },
        {
            "file_path": "/data/shapenet_blender/all_50_random/02958343/923007b377bb1cab473f10e6caaeca56/r_18",
            "rotation": 0.12566370614359174,
            "transform_matrix": [
                [
                    -0.8970452547073364,
                    0.10892736911773682,
                    -0.4283044636249542,
                    -1.7265506982803345
                ],
                [
                    -0.4419388473033905,
                    -0.22110022604465485,
                    0.8693702220916748,
                    3.5045437812805176
                ],
                [
                    -7.450581485102248e-09,
                    0.9691487550735474,
                    0.24647612869739532,
                    0.9935771226882935
                ],
                [
                    0.0,
                    0.0,
                    0.0,
                    1.0
                ]
            ]
        },
        {
            "file_path": "/data/shapenet_blender/all_50_random/02958343/923007b377bb1cab473f10e6caaeca56/r_19",
            "rotation": 0.12566370614359174,
            "transform_matrix": [
                [
                    -0.4352916479110718,
                    0.8766564130783081,
                    0.20492595434188843,
                    0.8260829448699951
                ],
                [
                    0.9002895951271057,
                    0.4238649904727936,
                    0.09908207505941391,
                    0.3994126319885254
                ],
                [
                    -7.450581485102248e-09,
                    0.2276221215724945,
                    -0.9737494587898254,
                    -3.925309658050537
                ],
                [
                    0.0,
                    0.0,
                    0.0,
                    1.0
                ]
            ]
        },
        {
            "file_path": "/data/shapenet_blender/all_50_random/02958343/923007b377bb1cab473f10e6caaeca56/r_20",
            "rotation": 0.12566370614359174,
            "transform_matrix": [
                [
                    0.9464373588562012,
                    -0.18034140765666962,
                    0.26783090829849243,
                    1.0796608924865723
                ],
                [
                    0.322887659072876,
                    0.5286105871200562,
                    -0.7850568890571594,
                    -3.164665460586548
                ],
                [
                    0.0,
                    0.8294863700866699,
                    0.5585268139839172,
                    2.2514936923980713
                ],
                [
                    0.0,
                    0.0,
                    0.0,
                    1.0
                ]
            ]
        },
        {
            "file_path": "/data/shapenet_blender/all_50_random/02958343/923007b377bb1cab473f10e6caaeca56/r_21",
            "rotation": 0.12566370614359174,
            "transform_matrix": [
                [
                    -0.9873939156532288,
                    0.038874298334121704,
                    -0.15343399345874786,
                    -0.6185122132301331
                ],
                [
                    -0.15828202664852142,
                    -0.24250538647174835,
                    0.957150936126709,
                    3.858398914337158
                ],
                [
                    3.725290076417309e-09,
                    0.9693709015846252,
                    0.24560146033763885,
                    0.9900511503219604
                ],
                [
                    0.0,
                    0.0,
                    0.0,
                    1.0
                ]
            ]
        },
        {
            "file_path": "/data/shapenet_blender/all_50_random/02958343/923007b377bb1cab473f10e6caaeca56/r_22",
            "rotation": 0.12566370614359174,
            "transform_matrix": [
                [
                    0.8930690288543701,
                    -0.3718501329421997,
                    0.25328871607780457,
                    1.0210394859313965
                ],
                [
                    0.4499197006225586,
                    0.7381047010421753,
                    -0.502765953540802,
                    -2.026714324951172
                ],
                [
                    0.0,
                    0.5629642009735107,
                    0.8264812231063843,
                    3.3316524028778076
                ],
                [
                    0.0,
                    0.0,
                    0.0,
                    1.0
                ]
            ]
        },
        {
            "file_path": "/data/shapenet_blender/all_50_random/02958343/923007b377bb1cab473f10e6caaeca56/r_23",
            "rotation": 0.12566370614359174,
            "transform_matrix": [
                [
                    -0.9988407492637634,
                    -0.0009104748605750501,
                    0.048127371817827225,
                    0.19400763511657715
                ],
                [
                    0.04813598096370697,
                    -0.018892716616392136,
                    0.9986621141433716,
                    4.025735855102539
                ],
                [
                    0.0,
                    0.9998210072517395,
                    0.018914643675088882,
                    0.07624736428260803
                ],
                [
                    0.0,
                    0.0,
                    0.0,
                    1.0
                ]
            ]
        },
        {
            "file_path": "/data/shapenet_blender/all_50_random/02958343/923007b377bb1cab473f10e6caaeca56/r_24",
            "rotation": 0.12566370614359174,
            "transform_matrix": [
                [
                    0.9131147265434265,
                    -0.07063495367765427,
                    -0.4015372097492218,
                    -1.6186482906341553
                ],
                [
                    -0.40770259499549866,
                    -0.15819819271564484,
                    -0.8993063569068909,
                    -3.6252198219299316
                ],
                [
                    7.450580152834618e-09,
                    0.9848776459693909,
                    -0.1732511818408966,
                    -0.6983978748321533
                ],
                [
                    0.0,
                    0.0,
                    0.0,
                    1.0
                ]
            ]
        },
        {
            "file_path": "/data/shapenet_blender/all_50_random/02958343/923007b377bb1cab473f10e6caaeca56/r_25",
            "rotation": 0.12566370614359174,
            "transform_matrix": [
                [
                    0.7243276238441467,
                    -0.2260356992483139,
                    -0.6513504385948181,
                    -2.6256775856018066
                ],
                [
                    -0.6894559860229492,
                    -0.23746825754642487,
                    -0.6842947602272034,
                    -2.7584803104400635
                ],
                [
                    -1.4901162970204496e-08,
                    0.9447308778762817,
                    -0.3278465270996094,
                    -1.3215916156768799
                ],
                [
                    0.0,
                    0.0,
                    0.0,
                    1.0
                ]
            ]
        },
        {
            "file_path": "/data/shapenet_blender/all_50_random/02958343/923007b377bb1cab473f10e6caaeca56/r_26",
            "rotation": 0.12566370614359174,
            "transform_matrix": [
                [
                    0.8888488411903381,
                    -0.11523303389549255,
                    0.4434739053249359,
                    1.7877006530761719
                ],
                [
                    0.458200603723526,
                    0.2235369086265564,
                    -0.8602809309959412,
                    -3.4679036140441895
                ],
                [
                    0.0,
                    0.9678597450256348,
                    0.2514903247356415,
                    1.0137900114059448
                ],
                [
                    0.0,
                    0.0,
                    0.0,
                    1.0
                ]
            ]
        },
        {
            "file_path": "/data/shapenet_blender/all_50_random/02958343/923007b377bb1cab473f10e6caaeca56/r_27",
            "rotation": 0.12566370614359174,
            "transform_matrix": [
                [
                    -0.9544345736503601,
                    -0.00316429790109396,
                    -0.2984033524990082,
                    -1.2029024362564087
                ],
                [
                    -0.29842013120651245,
                    0.010120347142219543,
                    0.9543809294700623,
                    3.8472325801849365
                ],
                [
                    0.0,
                    0.9999437928199768,
                    -0.010603499598801136,
                    -0.042744074016809464
                ],
                [
                    0.0,
                    0.0,
                    0.0,
                    1.0
                ]
            ]
        },
        {
            "file_path": "/data/shapenet_blender/all_50_random/02958343/923007b377bb1cab473f10e6caaeca56/r_28",
            "rotation": 0.12566370614359174,
            "transform_matrix": [
                [
                    0.4797811806201935,
                    0.5021666884422302,
                    0.7194711565971375,
                    2.9002809524536133
                ],
                [
                    0.8773882389068604,
                    -0.27459922432899475,
                    -0.3934275507926941,
                    -1.5859571695327759
                ],
                [
                    1.4901161193847656e-08,
                    0.8200145959854126,
                    -0.5723426342010498,
                    -2.3071868419647217
                ],
                [
                    0.0,
                    0.0,
                    0.0,
                    1.0
                ]
            ]
        },
        {
            "file_path": "/data/shapenet_blender/all_50_random/02958343/923007b377bb1cab473f10e6caaeca56/r_29",
            "rotation": 0.12566370614359174,
            "transform_matrix": [
                [
                    0.9154974222183228,
                    -0.31143537163734436,
                    0.25470080971717834,
                    1.0267319679260254
                ],
                [
                    0.40232396125793457,
                    0.7086784243583679,
                    -0.579577624797821,
                    -2.3363523483276367
                ],
                [
                    0.0,
                    0.6330741047859192,
                    0.7740911245346069,
                    3.1204614639282227
                ],
                [
                    0.0,
                    0.0,
                    0.0,
                    1.0
                ]
            ]
        },
        {
            "file_path": "/data/shapenet_blender/all_50_random/02958343/923007b377bb1cab473f10e6caaeca56/r_30",
            "rotation": 0.12566370614359174,
            "transform_matrix": [
                [
                    0.89275723695755,
                    -0.02790612168610096,
                    -0.44967299699783325,
                    -1.8126899003982544
                ],
                [
                    -0.45053812861442566,
                    -0.055296964943408966,
                    -0.891042947769165,
                    -3.591909170150757
                ],
                [
                    1.862645149230957e-09,
                    0.9980798959732056,
                    -0.061939533799886703,
                    -0.24968625605106354
                ],
                [
                    0.0,
                    0.0,
                    0.0,
                    1.0
                ]
            ]
        },
        {
            "file_path": "/data/shapenet_blender/all_50_random/02958343/923007b377bb1cab473f10e6caaeca56/r_31",
            "rotation": 0.12566370614359174,
            "transform_matrix": [
                [
                    0.5600334405899048,
                    0.76997971534729,
                    -0.30576756596565247,
                    -1.2325886487960815
                ],
                [
                    -0.8284699320793152,
                    0.5204949378967285,
                    -0.2066943645477295,
                    -0.8332117199897766
                ],
                [
                    0.0,
                    0.3690749406814575,
                    0.9293995499610901,
                    3.7465295791625977
                ],
                [
                    0.0,
                    0.0,
                    0.0,
                    1.0
                ]
            ]
        },
        {
            "file_path": "/data/shapenet_blender/all_50_random/02958343/923007b377bb1cab473f10e6caaeca56/r_32",
            "rotation": 0.12566370614359174,
            "transform_matrix": [
                [
                    -0.9696106910705566,
                    0.08554225414991379,
                    0.22921109199523926,
                    0.9239794611930847
                ],
                [
                    0.24465325474739075,
                    0.3390214145183563,
                    0.9084103107452393,
                    3.661919116973877
                ],
                [
                    -7.450581485102248e-09,
                    0.9368814826011658,
                    -0.3496469557285309,
                    -1.4094719886779785
                ],
                [
                    0.0,
                    0.0,
                    0.0,
                    1.0
                ]
            ]
        },
        {
            "file_path": "/data/shapenet_blender/all_50_random/02958343/923007b377bb1cab473f10e6caaeca56/r_33",
            "rotation": 0.12566370614359174,
            "transform_matrix": [
                [
                    -0.9161721467971802,
                    -0.007657312322407961,
                    -0.40071189403533936,
                    -1.6153215169906616
                ],
                [
                    -0.4007851183414459,
                    0.01750418357551098,
                    0.9160047769546509,
                    3.6925337314605713
                ],
                [
                    4.656612873077393e-10,
                    0.999817430973053,
                    -0.019105780869722366,
                    -0.0770178735256195
                ],
                [
                    0.0,
                    0.0,
                    0.0,
                    1.0
                ]
            ]
        },
        {
            "file_path": "/data/shapenet_blender/all_50_random/02958343/923007b377bb1cab473f10e6caaeca56/r_34",
            "rotation": 0.12566370614359174,
            "transform_matrix": [
                [
                    -0.6506207585334778,
                    -0.14585191011428833,
                    0.7452649474143982,
                    3.0042591094970703
                ],
                [
                    0.7594029307365417,
                    -0.12495909631252289,
                    0.6385080814361572,
                    2.5739083290100098
                ],
                [
                    7.450581485102248e-09,
                    0.9813828468322754,
                    0.19206134974956512,
                    0.774224042892456
                ],
                [
                    0.0,
                    0.0,
                    0.0,
                    1.0
                ]
            ]
        },
        {
            "file_path": "/data/shapenet_blender/all_50_random/02958343/923007b377bb1cab473f10e6caaeca56/r_35",
            "rotation": 0.12566370614359174,
            "transform_matrix": [
                [
                    -0.7312827110290527,
                    0.04237484931945801,
                    0.6807568669319153,
                    2.744218587875366
                ],
                [
                    0.6820744276046753,
                    0.045431990176439285,
                    0.7298701405525208,
                    2.9422006607055664
                ],
                [
                    -1.8626450382086546e-09,
                    0.9980682730674744,
                    -0.062126435339450836,
                    -0.25043967366218567
                ],
                [
                    0.0,
                    0.0,
                    0.0,
                    1.0
                ]
            ]
        },
        {
            "file_path": "/data/shapenet_blender/all_50_random/02958343/923007b377bb1cab473f10e6caaeca56/r_36",
            "rotation": 0.12566370614359174,
            "transform_matrix": [
                [
                    0.16675257682800293,
                    -0.017527829855680466,
                    -0.9858429431915283,
                    -3.97406005859375
                ],
                [
                    -0.9859987497329712,
                    -0.0029643152374774218,
                    -0.1667262464761734,
                    -0.672095000743866
                ],
                [
                    2.3283062977608182e-10,
                    0.9998419284820557,
                    -0.0177767276763916,
                    -0.07166028022766113
                ],
                [
                    0.0,
                    0.0,
                    0.0,
                    1.0
                ]
            ]
        },
        {
            "file_path": "/data/shapenet_blender/all_50_random/02958343/923007b377bb1cab473f10e6caaeca56/r_37",
            "rotation": 0.12566370614359174,
            "transform_matrix": [
                [
                    -0.8020438551902771,
                    0.10386216640472412,
                    -0.588165283203125,
                    -2.370969772338867
                ],
                [
                    -0.5972651243209839,
                    -0.13947239518165588,
                    0.7898239493370056,
                    3.1838817596435547
                ],
                [
                    7.450580152834618e-09,
                    0.9847639799118042,
                    0.17389626801013947,
                    0.7009981870651245
                ],
                [
                    0.0,
                    0.0,
                    0.0,
                    1.0
                ]
            ]
        },
        {
            "file_path": "/data/shapenet_blender/all_50_random/02958343/923007b377bb1cab473f10e6caaeca56/r_38",
            "rotation": 0.12566370614359174,
            "transform_matrix": [
                [
                    -0.9567742943763733,
                    0.005793748889118433,
                    -0.29077380895614624,
                    -1.1721466779708862
                ],
                [
                    -0.2908315360546112,
                    -0.019060209393501282,
                    0.9565843939781189,
                    3.8561151027679443
                ],
                [
                    0.0,
                    0.9998015761375427,
                    0.019921323284506798,
                    0.08030541986227036
                ],
                [
                    0.0,
                    0.0,
                    0.0,
                    1.0
                ]
            ]
        },
        {
            "file_path": "/data/shapenet_blender/all_50_random/02958343/923007b377bb1cab473f10e6caaeca56/r_39",
            "rotation": 0.12566370614359174,
            "transform_matrix": [
                [
                    -0.5313068628311157,
                    -0.6272990703582764,
                    -0.5693933367729187,
                    -2.2952980995178223
                ],
                [
                    -0.8471793532371521,
                    0.39340940117836,
                    0.3570939600467682,
                    1.439491868019104
                ],
                [
                    -1.4901158529312397e-08,
                    0.6721048355102539,
                    -0.7404559254646301,
                    -2.9848735332489014
                ],
                [
                    0.0,
                    0.0,
                    0.0,
                    1.0
                ]
            ]
        },
        {
            "file_path": "/data/shapenet_blender/all_50_random/02958343/923007b377bb1cab473f10e6caaeca56/r_40",
            "rotation": 0.12566370614359174,
            "transform_matrix": [
                [
                    -0.9999005794525146,
                    -0.00421655410900712,
                    0.013461324386298656,
                    0.054264336824417114
                ],
                [
                    0.014106262475252151,
                    -0.29888391494750977,
                    0.9541851878166199,
                    3.8464436531066895
                ],
                [
                    0.0,
                    0.9542801976203918,
                    0.2989135980606079,
                    1.2049593925476074
                ],
                [
                    0.0,
                    0.0,
                    0.0,
                    1.0
                ]
            ]
        },
        {
            "file_path": "/data/shapenet_blender/all_50_random/02958343/923007b377bb1cab473f10e6caaeca56/r_41",
            "rotation": 0.12566370614359174,
            "transform_matrix": [
                [
                    -0.03428219258785248,
                    -0.8941033482551575,
                    0.44654661417007446,
                    1.8000869750976562
                ],
                [
                    0.9994121789932251,
                    -0.03066985122859478,
