{
    "class": "02958343",
    "model": "75c4085b3315688aca92a4cdad802b45",
    "remove_doubles": true,
    "edge_split": true,
    "denoise": true,
    "camera_angle_x": 0.6911112070083618,
    "scale_factor": 2.2786673668597044,
    "hdri_file": "/data/IndoorHDRDataset2018/AG8A8903-dd65a0bdb4.exr",
    "center_offset": [
        0.0,
        -1.3969838619232178e-09,
        -3.725290298461914e-09
    ],
    "lights": [],
    "frames": [
        {
            "file_path": "/data/shapenet_blender/all_50_random/02958343/75c4085b3315688aca92a4cdad802b45/r_0",
            "rotation": 0.12566370614359174,
            "transform_matrix": [
                [
                    0.9971867799758911,
                    0.021687332540750504,
                    -0.071750707924366,
                    -0.2892363667488098
                ],
                [
                    -0.07495667785406113,
                    0.288517564535141,
                    -0.9545360803604126,
                    -3.84785795211792
                ],
                [
                    -1.862645149230957e-09,
                    0.9572288393974304,
                    0.2893315553665161,
                    1.1663328409194946
                ],
                [
                    0.0,
                    0.0,
                    0.0,
                    1.0
                ]
            ]
        },
        {
            "file_path": "/data/shapenet_blender/all_50_random/02958343/75c4085b3315688aca92a4cdad802b45/r_1",
            "rotation": 0.12566370614359174,
            "transform_matrix": [
                [
                    -0.9571857452392578,
                    -0.24301131069660187,
                    -0.15729312598705292,
                    -0.6340688467025757
                ],
                [
                    -0.289474755525589,
                    0.803548276424408,
                    0.5201100707054138,
                    2.096630811691284
                ],
                [
                    0.0,
                    0.5433740615844727,
                    -0.8394905924797058,
                    -3.384094715118408
                ],
                [
                    0.0,
                    0.0,
                    0.0,
                    1.0
                ]
            ]
        },
        {
            "file_path": "/data/shapenet_blender/all_50_random/02958343/75c4085b3315688aca92a4cdad802b45/r_2",
            "rotation": 0.12566370614359174,
            "transform_matrix": [
                [
                    0.4825575053691864,
                    -0.24287284910678864,
                    0.8415170907974243,
                    3.3922641277313232
                ],
                [
                    0.8758643865585327,
                    0.13381078839302063,
                    -0.46363386511802673,
                    -1.8689680099487305
                ],
                [
                    0.0,
                    0.9607847929000854,
                    0.2772950232028961,
                    1.117812156677246
                ],
                [
                    0.0,
                    0.0,
                    0.0,
                    1.0
                ]
            ]
        },
        {
            "file_path": "/data/shapenet_blender/all_50_random/02958343/75c4085b3315688aca92a4cdad802b45/r_3",
            "rotation": 0.12566370614359174,
            "transform_matrix": [
                [
                    -0.5193464756011963,
                    0.1625342071056366,
                    0.8389647006988525,
                    3.3819751739501953
                ],
                [
                    0.85456383228302,
                    0.09877737611532211,
                    0.5098663568496704,
                    2.0553371906280518
                ],
                [
                    0.0,
                    0.9817461967468262,
                    -0.19019553065299988,
                    -0.7667027711868286
                ],
                [
                    0.0,
                    0.0,
                    0.0,
                    1.0
                ]
            ]
        },
        {
            "file_path": "/data/shapenet_blender/all_50_random/02958343/75c4085b3315688aca92a4cdad802b45/r_4",
            "rotation": 0.12566370614359174,
            "transform_matrix": [
                [
                    -0.8633342981338501,
                    0.14967991411685944,
                    -0.48192301392555237,
                    -1.942693829536438
                ],
                [
                    -0.5046324133872986,
                    -0.2560751140117645,
                    0.8244826197624207,
                    3.3235957622528076
                ],
                [
                    -7.450580596923828e-09,
                    0.9549980759620667,
                    0.29661181569099426,
                    1.1956804990768433
                ],
                [
                    0.0,
                    0.0,
                    0.0,
                    1.0
                ]
            ]
        },
        {
            "file_path": "/data/shapenet_blender/all_50_random/02958343/75c4085b3315688aca92a4cdad802b45/r_5",
            "rotation": 0.12566370614359174,
            "transform_matrix": [
                [
                    -0.5165221691131592,
                    0.8507789969444275,
                    0.09685021638870239,
                    0.3904157280921936
                ],
                [
                    0.8562738299369812,
                    0.5132075548171997,
                    0.05842205882072449,
                    0.23550686240196228
                ],
                [
                    0.0,
                    0.11310677975416183,
                    -0.9935827851295471,
                    -4.005260467529297
                ],
                [
                    0.0,
                    0.0,
                    0.0,
                    1.0
                ]
            ]
        },
        {
            "file_path": "/data/shapenet_blender/all_50_random/02958343/75c4085b3315688aca92a4cdad802b45/r_6",
            "rotation": 0.12566370614359174,
            "transform_matrix": [
                [
                    -0.44913262128829956,
                    -0.4567359685897827,
                    -0.7679011225700378,
                    -3.095508575439453
                ],
                [
                    -0.8934651613235474,
                    0.2295948714017868,
                    0.38601329922676086,
                    1.5560694932937622
                ],
                [
                    0.0,
                    0.8594639897346497,
                    -0.5111961364746094,
                    -2.0606977939605713
                ],
                [
                    0.0,
                    0.0,
                    0.0,
                    1.0
                ]
            ]
        },
        {
            "file_path": "/data/shapenet_blender/all_50_random/02958343/75c4085b3315688aca92a4cdad802b45/r_7",
            "rotation": 0.12566370614359174,
            "transform_matrix": [
                [
                    -0.9400233626365662,
                    0.06380470842123032,
                    -0.3350898325443268,
                    -1.35079026222229
                ],
                [
                    -0.3411102890968323,
                    -0.17583142220973969,
                    0.9234322309494019,
                    3.7224743366241455
                ],
                [
                    3.725290298461914e-09,
                    0.9823504090309143,
                    0.18705007433891296,
                    0.7540229558944702
                ],
                [
                    0.0,
                    0.0,
                    0.0,
                    1.0
                ]
            ]
        },
        {
            "file_path": "/data/shapenet_blender/all_50_random/02958343/75c4085b3315688aca92a4cdad802b45/r_8",
            "rotation": 0.12566370614359174,
            "transform_matrix": [
                [
                    0.924053430557251,
                    0.03035423345863819,
                    -0.3810562789440155,
                    -1.5360867977142334
                ],
                [
                    -0.38226330280303955,
                    0.07337594777345657,
                    -0.921135663986206,
                    -3.7132160663604736
                ],
                [
                    0.0,
                    0.9968422055244446,
                    0.07940663397312164,
                    0.320098340511322
                ],
                [
                    0.0,
                    0.0,
                    0.0,
                    1.0
                ]
            ]
        },
        {
            "file_path": "/data/shapenet_blender/all_50_random/02958343/75c4085b3315688aca92a4cdad802b45/r_9",
            "rotation": 0.12566370614359174,
            "transform_matrix": [
                [
                    0.7776616811752319,
                    0.06015326827764511,
                    0.6257985830307007,
                    2.522674560546875
                ],
                [
                    0.6286829113960266,
                    -0.07440777122974396,
                    -0.7740939259529114,
                    -3.120471954345703
                ],
                [
                    -3.7252898543727042e-09,
                    0.9954119920730591,
                    -0.09568142890930176,
                    -0.3857041299343109
                ],
                [
                    0.0,
                    0.0,
                    0.0,
                    1.0
                ]
            ]
        },
        {
            "file_path": "/data/shapenet_blender/all_50_random/02958343/75c4085b3315688aca92a4cdad802b45/r_10",
            "rotation": 0.12566370614359174,
            "transform_matrix": [
                [
                    -0.9684619307518005,
                    -0.09956476837396622,
                    -0.22840391099452972,
                    -0.9207257032394409
                ],
                [
                    -0.24916160106658936,
                    0.3869965672492981,
                    0.8877792358398438,
                    3.5787527561187744
                ],
                [
                    -7.450580596923828e-09,
                    0.9166898727416992,
                    -0.39959919452667236,
                    -1.6108360290527344
                ],
                [
                    0.0,
                    0.0,
                    0.0,
                    1.0
                ]
            ]
        },
        {
            "file_path": "/data/shapenet_blender/all_50_random/02958343/75c4085b3315688aca92a4cdad802b45/r_11",
            "rotation": 0.12566370614359174,
            "transform_matrix": [
                [
                    0.923654317855835,
                    0.2380044311285019,
                    0.3003607392311096,
                    1.210792899131775
                ],
                [
                    0.3832266330718994,
                    -0.5736391544342041,
                    -0.7239305973052979,
                    -2.918257474899292
                ],
                [
                    0.0,
                    0.783767819404602,
                    -0.62105393409729,
                    -2.5035483837127686
                ],
                [
                    0.0,
                    0.0,
                    0.0,
                    1.0
                ]
            ]
        },
        {
            "file_path": "/data/shapenet_blender/all_50_random/02958343/75c4085b3315688aca92a4cdad802b45/r_12",
            "rotation": 0.12566370614359174,
            "transform_matrix": [
                [
                    -0.6720598936080933,
                    0.07986520230770111,
                    -0.7361772656440735,
                    -2.967625617980957
                ],
                [
                    -0.740496814250946,
                    -0.07248404622077942,
                    0.6681395769119263,
                    2.693356990814209
                ],
                [
                    -7.4505797087454084e-09,
                    0.9941667914390564,
                    0.10785355418920517,
                    0.4347716271877289
                ],
                [
                    0.0,
                    0.0,
                    0.0,
                    1.0
                ]
            ]
        },
        {
            "file_path": "/data/shapenet_blender/all_50_random/02958343/75c4085b3315688aca92a4cdad802b45/r_13",
            "rotation": 0.12566370614359174,
            "transform_matrix": [
                [
                    -0.2526451051235199,
                    0.4889379143714905,
                    0.8349311947822571,
                    3.365715503692627
                ],
                [
                    0.9675589799880981,
                    0.12766949832439423,
                    0.21801388263702393,
                    0.8788421154022217
                ],
                [
                    7.450580152834618e-09,
                    0.8629254102706909,
                    -0.5053312182426453,
                    -2.037055492401123
                ],
                [
                    0.0,
                    0.0,
                    0.0,
                    1.0
                ]
            ]
        },
        {
            "file_path": "/data/shapenet_blender/all_50_random/02958343/75c4085b3315688aca92a4cdad802b45/r_14",
            "rotation": 0.12566370614359174,
            "transform_matrix": [
                [
                    -0.7023242115974426,
                    0.6906183958053589,
                    0.17258915305137634,
                    0.69572913646698
                ],
                [
                    0.711857259273529,
                    0.6813697814941406,
                    0.17027787864208221,
                    0.6864120960235596
                ],
                [
                    0.0,
                    0.242449089884758,
                    -0.9701641201972961,
                    -3.9108567237854004
                ],
                [
                    0.0,
                    0.0,
                    0.0,
                    1.0
                ]
            ]
        },
        {
            "file_path": "/data/shapenet_blender/all_50_random/02958343/75c4085b3315688aca92a4cdad802b45/r_15",
            "rotation": 0.12566370614359174,
            "transform_matrix": [
                [
                    -0.9999935030937195,
                    0.0007355029811151326,
                    0.0035103661939501762,
                    0.014150738716125488
                ],
                [
                    0.003586590988561511,
                    0.20506888628005981,
                    0.978740930557251,
                    3.9454309940338135
                ],
                [
                    0.0,
                    0.9787473082542419,
                    -0.20507018268108368,
                    -0.8266643285751343
                ],
                [
                    0.0,
                    0.0,
                    0.0,
                    1.0
                ]
            ]
        },
        {
            "file_path": "/data/shapenet_blender/all_50_random/02958343/75c4085b3315688aca92a4cdad802b45/r_16",
            "rotation": 0.12566370614359174,
            "transform_matrix": [
                [
                    0.32285231351852417,
                    0.0008968733018264174,
                    0.9464488625526428,
                    3.8152575492858887
                ],
                [
                    0.946449339389801,
                    -0.000305940950056538,
                    -0.32285213470458984,
                    -1.301458716392517
                ],
                [
                    0.0,
                    0.9999995827674866,
                    -0.0009476187988184392,
                    -0.0038199739065021276
                ],
                [
                    0.0,
                    0.0,
                    0.0,
                    1.0
                ]
            ]
        },
        {
            "file_path": "/data/shapenet_blender/all_50_random/02958343/75c4085b3315688aca92a4cdad802b45/r_17",
            "rotation": 0.12566370614359174,
            "transform_matrix": [
                [
                    -0.34225836396217346,
                    0.5394814014434814,
                    -0.76929771900177,
                    -3.1011383533477783
                ],
                [
                    -0.9396058320999146,
                    -0.19651009142398834,
                    0.2802223861217499,
                    1.1296125650405884
                ],
                [
                    0.0,
                    0.8187451958656311,
                    0.5741571187973022,
                    2.3145012855529785
                ],
                [
                    0.0,
                    0.0,
                    0.0,
                    1.0
                ]
            ]
        },
        {
            "file_path": "/data/shapenet_blender/all_50_random/02958343/75c4085b3315688aca92a4cdad802b45/r_18",
            "rotation": 0.12566370614359174,
            "transform_matrix": [
                [
                    -0.3273371756076813,
                    -0.17822830379009247,
                    0.9279466867446899,
                    3.7406725883483887
                ],
                [
                    0.9449074864387512,
                    -0.06174229085445404,
                    0.32146155834198,
                    1.2958528995513916
                ],
                [
                    3.7252896323280993e-09,
                    0.9820501804351807,
                    0.18861983716487885,
                    0.7603508234024048
                ],
                [
                    0.0,
                    0.0,
                    0.0,
                    1.0
                ]
            ]
        },
        {
            "file_path": "/data/shapenet_blender/all_50_random/02958343/75c4085b3315688aca92a4cdad802b45/r_19",
            "rotation": 0.12566370614359174,
            "transform_matrix": [
                [
                    -0.7697374820709229,
                    0.3068564832210541,
                    -0.5597707033157349,
                    -2.2565081119537354
                ],
                [
                    -0.6383605599403381,
                    -0.370008647441864,
                    0.6749735474586487,
                    2.7209055423736572
                ],
                [
                    0.0,
                    0.8768880367279053,
                    0.48069465160369873,
                    1.9377422332763672
                ],
                [
                    0.0,
                    0.0,
                    0.0,
                    1.0
                ]
            ]
        },
        {
            "file_path": "/data/shapenet_blender/all_50_random/02958343/75c4085b3315688aca92a4cdad802b45/r_20",
            "rotation": 0.12566370614359174,
            "transform_matrix": [
                [
                    -0.19156737625598907,
                    -0.35973668098449707,
                    0.9131765365600586,
                    3.6811323165893555
                ],
                [
                    0.9814794659614563,
                    -0.07021420449018478,
                    0.17823584377765656,
                    0.7184916734695435
                ],
                [
                    -7.450580596923828e-09,
                    0.9304081201553345,
                    0.36652493476867676,
                    1.4775092601776123
                ],
                [
                    0.0,
                    0.0,
                    0.0,
                    1.0
                ]
            ]
        },
        {
            "file_path": "/data/shapenet_blender/all_50_random/02958343/75c4085b3315688aca92a4cdad802b45/r_21",
            "rotation": 0.12566370614359174,
            "transform_matrix": [
                [
                    -0.15320135653018951,
                    -0.678738534450531,
                    -0.7182221412658691,
                    -2.8952462673187256
                ],
                [
                    -0.9881950616836548,
                    0.10522585362195969,
                    0.11134704947471619,
                    0.44885435700416565
                ],
                [
                    7.450581485102248e-09,
                    0.7268021106719971,
                    -0.6868467926979065,
                    -2.768768310546875
                ],
                [
                    0.0,
                    0.0,
                    0.0,
                    1.0
                ]
            ]
        },
        {
            "file_path": "/data/shapenet_blender/all_50_random/02958343/75c4085b3315688aca92a4cdad802b45/r_22",
            "rotation": 0.12566370614359174,
            "transform_matrix": [
                [
                    -0.9906089305877686,
                    -0.016494929790496826,
                    0.1357274204492569,
                    0.5471348166465759
                ],
                [
                    0.13672609627246857,
                    -0.11950922012329102,
                    0.9833734035491943,
                    3.9641053676605225
                ],
                [
                    1.862645371275562e-09,
                    0.9926959872245789,
                    0.12064217031002045,
                    0.4863241910934448
                ],
                [
                    0.0,
                    0.0,
                    0.0,
                    1.0
                ]
            ]
        },
        {
            "file_path": "/data/shapenet_blender/all_50_random/02958343/75c4085b3315688aca92a4cdad802b45/r_23",
            "rotation": 0.12566370614359174,
            "transform_matrix": [
                [
                    0.6741265654563904,
                    0.3462370038032532,
                    -0.6524364352226257,
                    -2.6300554275512695
                ],
                [
                    -0.738615870475769,
                    0.31600669026374817,
                    -0.5954715609550476,
                    -2.4004225730895996
                ],
                [
                    0.0,
                    0.8833230137825012,
                    0.46876466274261475,
                    1.889650821685791
                ],
                [
                    0.0,
                    0.0,
                    0.0,
                    1.0
                ]
            ]
        },
        {
            "file_path": "/data/shapenet_blender/all_50_random/02958343/75c4085b3315688aca92a4cdad802b45/r_24",
            "rotation": 0.12566370614359174,
            "transform_matrix": [
                [
                    -0.5291690826416016,
                    -0.4875343143939972,
                    0.6944711208343506,
                    2.7995028495788574
                ],
                [
                    0.8485162854194641,
                    -0.3040461242198944,
                    0.4331003427505493,
                    1.7458834648132324
                ],
                [
                    -1.4901160305669237e-08,
                    0.8184534907341003,
                    0.5745726227760315,
                    2.316176652908325
                ],
                [
                    0.0,
                    0.0,
                    0.0,
                    1.0
                ]
            ]
        },
        {
            "file_path": "/data/shapenet_blender/all_50_random/02958343/75c4085b3315688aca92a4cdad802b45/r_25",
            "rotation": 0.12566370614359174,
            "transform_matrix": [
                [
                    0.8620274662971497,
                    -0.1838022768497467,
                    -0.4723615348339081,
                    -1.9041502475738525
                ],
                [
                    -0.5068616271018982,
                    -0.312595397233963,
                    -0.8033525943756104,
                    -3.238417863845825
                ],
                [
                    0.0,
                    0.9319338202476501,
                    -0.36262816190719604,
                    -1.4618009328842163
                ],
                [
                    0.0,
                    0.0,
                    0.0,
                    1.0
                ]
            ]
        },
        {
            "file_path": "/data/shapenet_blender/all_50_random/02958343/75c4085b3315688aca92a4cdad802b45/r_26",
            "rotation": 0.12566370614359174,
            "transform_matrix": [
                [
                    -0.6943427920341492,
                    -0.494162380695343,
                    0.5231554508209229,
                    2.1089069843292236
                ],
                [
                    0.7196443676948547,
                    -0.47678840160369873,
                    0.5047621130943298,
                    2.0347611904144287
                ],
                [
                    1.4901160305669237e-08,
                    0.7269637584686279,
                    0.6866757869720459,
                    2.768078565597534
                ],
                [
                    0.0,
                    0.0,
                    0.0,
                    1.0
                ]
            ]
        },
        {
            "file_path": "/data/shapenet_blender/all_50_random/02958343/75c4085b3315688aca92a4cdad802b45/r_27",
            "rotation": 0.12566370614359174,
            "transform_matrix": [
                [
                    0.9546496868133545,
                    0.22624661028385162,
                    0.19353680312633514,
                    0.7801717519760132
                ],
                [
                    0.2977314889431,
                    -0.725439727306366,
                    -0.6205586791038513,
                    -2.501552104949951
                ],
                [
                    -1.4901161193847656e-08,
                    0.6500381827354431,
                    -0.7599015831947327,
                    -3.063261032104492
                ],
                [
                    0.0,
                    0.0,
                    0.0,
                    1.0
                ]
            ]
        },
        {
            "file_path": "/data/shapenet_blender/all_50_random/02958343/75c4085b3315688aca92a4cdad802b45/r_28",
            "rotation": 0.12566370614359174,
            "transform_matrix": [
                [
                    0.36963188648223877,
                    -0.19623567163944244,
                    0.9082201719284058,
                    3.6611526012420654
                ],
                [
                    0.9291782975196838,
                    0.07806354761123657,
                    -0.36129459738731384,
                    -1.4564250707626343
                ],
                [
                    -7.450580596923828e-09,
                    0.9774444103240967,
                    0.21119269728660583,
                    0.8513450026512146
                ],
                [
                    0.0,
                    0.0,
                    0.0,
                    1.0
                ]
            ]
        },
        {
            "file_path": "/data/shapenet_blender/all_50_random/02958343/75c4085b3315688aca92a4cdad802b45/r_29",
            "rotation": 0.12566370614359174,
            "transform_matrix": [
                [
                    0.30533334612846375,
                    -0.19280444085597992,
                    0.9325222969055176,
                    3.759117841720581
                ],
                [
                    0.9522454738616943,
                    0.06182189658284187,
                    -0.29900917410850525,
                    -1.2053446769714355
                ],
                [
                    0.0,
                    0.9792877435684204,
                    0.20247343182563782,
                    0.8161965608596802
                ],
                [
                    0.0,
                    0.0,
                    0.0,
                    1.0
                ]
            ]
        },
        {
            "file_path": "/data/shapenet_blender/all_50_random/02958343/75c4085b3315688aca92a4cdad802b45/r_30",
            "rotation": 0.12566370614359174,
            "transform_matrix": [
                [
                    -0.5382235646247864,
                    0.009871991351246834,
                    0.8427442908287048,
                    3.3972108364105225
                ],
                [
                    0.8428021669387817,
                    0.006304372102022171,
                    0.5381866097450256,
                    2.169499635696411
                ],
                [
                    0.0,
                    0.9999314546585083,
                    -0.011713296175003052,
                    -0.04721780866384506
                ],
                [
                    0.0,
                    0.0,
                    0.0,
                    1.0
                ]
            ]
        },
        {
            "file_path": "/data/shapenet_blender/all_50_random/02958343/75c4085b3315688aca92a4cdad802b45/r_31",
            "rotation": 0.12566370614359174,
            "transform_matrix": [
                [
                    0.7722707390785217,
                    -0.5556516051292419,
                    -0.3079758286476135,
                    -1.241490125656128
                ],
                [
                    -0.6352935433387756,
                    -0.6754570007324219,
                    -0.3743792772293091,
                    -1.5091710090637207
                ],
                [
                    2.9802322387695312e-08,
                    0.48477721214294434,
                    -0.8746377229690552,
                    -3.5257771015167236
                ],
                [
                    0.0,
                    0.0,
                    0.0,
                    1.0
                ]
            ]
        },
        {
            "file_path": "/data/shapenet_blender/all_50_random/02958343/75c4085b3315688aca92a4cdad802b45/r_32",
            "rotation": 0.12566370614359174,
            "transform_matrix": [
                [
                    0.9254308938980103,
                    0.2709954082965851,
                    -0.2648378610610962,
                    -1.0675957202911377
                ],
                [
                    -0.3789163827896118,
                    0.6618545651435852,
                    -0.6468158960342407,
                    -2.607398509979248
                ],
                [
                    1.4901161193847656e-08,
                    0.6989349126815796,
                    0.7151852250099182,
                    2.8830041885375977
                ],
                [
                    0.0,
                    0.0,
                    0.0,
                    1.0
                ]
            ]
        },
        {
            "file_path": "/data/shapenet_blender/all_50_random/02958343/75c4085b3315688aca92a4cdad802b45/r_33",
            "rotation": 0.12566370614359174,
            "transform_matrix": [
                [
                    -0.41565537452697754,
                    0.516456127166748,
                    0.7486678957939148,
                    3.017976999282837
                ],
                [
                    0.909522294998169,
                    0.23602253198623657,
                    0.342144250869751,
                    1.3792277574539185
                ],
                [
                    1.4901162970204496e-08,
                    0.823144257068634,
                    -0.5678322315216064,
                    -2.2890052795410156
                ],
                [
                    0.0,
                    0.0,
                    0.0,
                    1.0
                ]
            ]
        },
        {
            "file_path": "/data/shapenet_blender/all_50_random/02958343/75c4085b3315688aca92a4cdad802b45/r_34",
            "rotation": 0.12566370614359174,
            "transform_matrix": [
                [
                    0.9971387386322021,
                    -0.036128025501966476,
                    0.066402368247509,
                    0.26767653226852417
                ],
                [
                    0.07559438049793243,
                    0.47655197978019714,
                    -0.8758901357650757,
                    -3.5308263301849365
                ],
                [
                    0.0,
                    0.8784036636352539,
                    0.47791942954063416,
                    1.9265549182891846
                ],
                [
                    0.0,
                    0.0,
                    0.0,
                    1.0
                ]
            ]
        },
        {
            "file_path": "/data/shapenet_blender/all_50_random/02958343/75c4085b3315688aca92a4cdad802b45/r_35",
            "rotation": 0.12566370614359174,
            "transform_matrix": [
                [
                    -0.9038353562355042,
                    0.21732835471630096,
                    0.3685782551765442,
                    1.4857865571975708
                ],
                [
                    0.42788028717041016,
                    0.45907479524612427,
                    0.7785683274269104,
                    3.138509511947632
                ],
                [
                    -1.4901160305669237e-08,
                    0.8614050149917603,
                    -0.5079185366630554,
                    -2.0474853515625
                ],
                [
                    0.0,
                    0.0,
                    0.0,
                    1.0
                ]
            ]
        },
        {
            "file_path": "/data/shapenet_blender/all_50_random/02958343/75c4085b3315688aca92a4cdad802b45/r_36",
            "rotation": 0.12566370614359174,
            "transform_matrix": [
                [
                    -0.6535778045654297,
                    -0.000847236136905849,
                    -0.7568588852882385,
                    -3.0509958267211914
                ],
                [
                    -0.7568594217300415,
                    0.0007316216360777617,
                    0.6535773277282715,
                    2.6346545219421387
                ],
                [
                    0.0,
                    0.9999994039535522,
                    -0.001119410153478384,
                    -0.0045124865137040615
                ],
                [
                    0.0,
                    0.0,
                    0.0,
                    1.0
                ]
            ]
        },
        {
            "file_path": "/data/shapenet_blender/all_50_random/02958343/75c4085b3315688aca92a4cdad802b45/r_37",
            "rotation": 0.12566370614359174,
            "transform_matrix": [
                [
                    0.03778639808297157,
                    -0.6241200566291809,
                    -0.7804141640663147,
                    -3.1459503173828125
                ],
                [
                    -0.9992858171463013,
                    -0.023600103333592415,
                    -0.029510118067264557,
                    -0.11895909905433655
                ],
                [
                    1.862645149230957e-09,
                    0.7809718251228333,
                    -0.6245660185813904,
                    -2.5177063941955566
                ],
                [
                    0.0,
                    0.0,
                    0.0,
                    1.0
                ]
            ]
        },
        {
            "file_path": "/data/shapenet_blender/all_50_random/02958343/75c4085b3315688aca92a4cdad802b45/r_38",
            "rotation": 0.12566370614359174,
            "transform_matrix": [
                [
                    -0.12247166782617569,
                    -0.2565883696079254,
                    -0.9587299227714539,
                    -3.8647639751434326
                ],
                [
                    -0.9924719929695129,
                    0.031663164496421814,
                    0.11830788105726242,
                    0.47691431641578674
                ],
                [
                    -1.862645149230957e-09,
                    0.9660019874572754,
                    -0.25853458046913147,
                    -1.0421862602233887
                ],
                [
                    0.0,
                    0.0,
                    0.0,
                    1.0
                ]
            ]
        },
        {
            "file_path": "/data/shapenet_blender/all_50_random/02958343/75c4085b3315688aca92a4cdad802b45/r_39",
            "rotation": 0.12566370614359174,
            "transform_matrix": [
                [
                    0.45917874574661255,
                    -0.027476344257593155,
                    0.8879189491271973,
                    3.579315423965454
                ],
                [
                    0.8883439302444458,
                    0.014202329330146313,
                    -0.45895907282829285,
                    -1.8501229286193848
                ],
                [
                    0.0,
                    0.9995214939117432,
                    0.03092985413968563,
                    0.12468221783638
                ],
                [
                    0.0,
                    0.0,
                    0.0,
                    1.0
                ]
            ]
        },
        {
            "file_path": "/data/shapenet_blender/all_50_random/02958343/75c4085b3315688aca92a4cdad802b45/r_40",
            "rotation": 0.12566370614359174,
            "transform_matrix": [
                [
                    -0.7062885165214539,
                    -0.12757247686386108,
                    -0.6963346004486084,
                    -2.8070144653320312
                ],
                [
                    -0.7079241871833801,
                    0.12727771699428558,
                    0.6947256922721863,
                    2.8005287647247314
                ],
                [
                    0.0,
                    0.9836288094520569,
                    -0.18020641803741455,
                    -0.7264353036880493
                ],
                [
                    0.0,
                    0.0,
                    0.0,
                    1.0
                ]
            ]
        },
        {
            "file_path": "/data/shapenet_blender/all_50_random/02958343/75c4085b3315688aca92a4cdad802b45/r_41",
            "rotation": 0.12566370614359174,
            "transform_matrix": [
                [
                    0.6310204863548279,
                    0.06980521976947784,
                    0.7726192474365234,
                    3.114527463912964
                ],
                [
                    0.775766134262085,
                    -0.05678066983819008,
                    -0.628460705280304,
                    -2.5334057807922363
                ],
