{
    "class": "02958343",
    "model": "72ba2195087f80d8b7e8c57d131d2ca7",
    "remove_doubles": true,
    "edge_split": true,
    "denoise": true,
    "camera_angle_x": 0.6911112070083618,
    "scale_factor": 2.210902374439309,
    "hdri_file": "/data/IndoorHDRDataset2018/9C4A8155-0ab964317a.exr",
    "center_offset": [
        0.0,
        0.0,
        4.6566128730773926e-09
    ],
    "lights": [],
    "frames": [
        {
            "file_path": "/data/shapenet_blender/all_50_random/02958343/72ba2195087f80d8b7e8c57d131d2ca7/r_0",
            "rotation": 0.12566370614359174,
            "transform_matrix": [
                [
                    -0.9861512184143066,
                    -0.0886579379439354,
                    -0.1401626169681549,
                    -0.565013587474823
                ],
                [
                    -0.16584868729114532,
                    0.5271680355072021,
                    0.8334195017814636,
                    3.359621524810791
                ],
                [
                    -7.450580596923828e-09,
                    0.8451234102249146,
                    -0.5345712304115295,
                    -2.154925584793091
                ],
                [
                    0.0,
                    0.0,
                    0.0,
                    1.0
                ]
            ]
        },
        {
            "file_path": "/data/shapenet_blender/all_50_random/02958343/72ba2195087f80d8b7e8c57d131d2ca7/r_1",
            "rotation": 0.12566370614359174,
            "transform_matrix": [
                [
                    0.5896314978599548,
                    -0.36897626519203186,
                    -0.7184644341468811,
                    -2.8962228298187256
                ],
                [
                    -0.807672381401062,
                    -0.26936671137809753,
                    -0.5245063304901123,
                    -2.1143527030944824
                ],
                [
                    -1.4901161193847656e-08,
                    0.8895493745803833,
                    -0.45683902502059937,
                    -1.8415770530700684
                ],
                [
                    0.0,
                    0.0,
                    0.0,
                    1.0
                ]
            ]
        },
        {
            "file_path": "/data/shapenet_blender/all_50_random/02958343/72ba2195087f80d8b7e8c57d131d2ca7/r_2",
            "rotation": 0.12566370614359174,
            "transform_matrix": [
                [
                    -0.9341115951538086,
                    0.30284231901168823,
                    0.18900269269943237,
                    0.7618942856788635
                ],
                [
                    0.3569811284542084,
                    0.7924467325210571,
                    0.49456286430358887,
                    1.9936467409133911
                ],
                [
                    -1.4901162970204496e-08,
                    0.5294473171234131,
                    -0.8483427166938782,
                    -3.419779062271118
                ],
                [
                    0.0,
                    0.0,
                    0.0,
                    1.0
                ]
            ]
        },
        {
            "file_path": "/data/shapenet_blender/all_50_random/02958343/72ba2195087f80d8b7e8c57d131d2ca7/r_3",
            "rotation": 0.12566370614359174,
            "transform_matrix": [
                [
                    0.9654836654663086,
                    0.046448320150375366,
                    0.2562885582447052,
                    1.0331323146820068
                ],
                [
                    0.2604635953903198,
                    -0.1721741259098053,
                    -0.9500076770782471,
                    -3.829603672027588
                ],
                [
                    0.0,
                    0.9839708209037781,
                    -0.17832937836647034,
                    -0.7188687920570374
                ],
                [
                    0.0,
                    0.0,
                    0.0,
                    1.0
                ]
            ]
        },
        {
            "file_path": "/data/shapenet_blender/all_50_random/02958343/72ba2195087f80d8b7e8c57d131d2ca7/r_4",
            "rotation": 0.12566370614359174,
            "transform_matrix": [
                [
                    -0.8205299377441406,
                    0.2918298542499542,
                    0.49149367213249207,
                    1.9812743663787842
                ],
                [
                    0.5716035962104797,
                    0.4189181625843048,
                    0.7055330872535706,
                    2.844094753265381
                ],
                [
                    -1.4901161193847656e-08,
                    0.8598505258560181,
                    -0.5105458498001099,
                    -2.0580761432647705
                ],
                [
                    0.0,
                    0.0,
                    0.0,
                    1.0
                ]
            ]
        },
        {
            "file_path": "/data/shapenet_blender/all_50_random/02958343/72ba2195087f80d8b7e8c57d131d2ca7/r_5",
            "rotation": 0.12566370614359174,
            "transform_matrix": [
                [
                    0.01973244547843933,
                    0.757709264755249,
                    -0.652293860912323,
                    -2.6294806003570557
                ],
                [
                    -0.9998053312301636,
                    0.014954367652535439,
                    -0.012873859144747257,
                    -0.05189618468284607
                ],
                [
                    0.0,
                    0.6524207592010498,
                    0.7578567862510681,
                    3.055018424987793
                ],
                [
                    0.0,
                    0.0,
                    0.0,
                    1.0
                ]
            ]
        },
        {
            "file_path": "/data/shapenet_blender/all_50_random/02958343/72ba2195087f80d8b7e8c57d131d2ca7/r_6",
            "rotation": 0.12566370614359174,
            "transform_matrix": [
                [
                    -0.999771773815155,
                    -0.017758172005414963,
                    0.01187168713659048,
                    0.047856301069259644
                ],
                [
                    0.021360937505960464,
                    -0.8311488032341003,
                    0.5556393265724182,
                    2.239853858947754
                ],
                [
                    -9.313225746154785e-10,
                    0.5557661056518555,
                    0.83133864402771,
                    3.3512332439422607
                ],
                [
                    0.0,
                    0.0,
                    0.0,
                    1.0
                ]
            ]
        },
        {
            "file_path": "/data/shapenet_blender/all_50_random/02958343/72ba2195087f80d8b7e8c57d131d2ca7/r_7",
            "rotation": 0.12566370614359174,
            "transform_matrix": [
                [
                    -0.8496665358543396,
                    -0.2582078278064728,
                    0.45977783203125,
                    1.8534237146377563
                ],
                [
                    0.5273205637931824,
                    -0.41604775190353394,
                    0.7408355474472046,
                    2.986403703689575
                ],
                [
                    0.0,
                    0.8719132542610168,
                    0.4896601140499115,
                    1.973883032798767
                ],
                [
                    0.0,
                    0.0,
                    0.0,
                    1.0
                ]
            ]
        },
        {
            "file_path": "/data/shapenet_blender/all_50_random/02958343/72ba2195087f80d8b7e8c57d131d2ca7/r_8",
            "rotation": 0.12566370614359174,
            "transform_matrix": [
                [
                    -0.6630945205688477,
                    0.7204046845436096,
                    0.2032799869775772,
                    0.8194478750228882
                ],
                [
                    0.7485357522964478,
                    0.6381744742393494,
                    0.1800767034292221,
                    0.7259124517440796
                ],
                [
                    0.0,
                    0.2715701758861542,
                    -0.9624185562133789,
                    -3.8796334266662598
                ],
                [
                    0.0,
                    0.0,
                    0.0,
                    1.0
                ]
            ]
        },
        {
            "file_path": "/data/shapenet_blender/all_50_random/02958343/72ba2195087f80d8b7e8c57d131d2ca7/r_9",
            "rotation": 0.12566370614359174,
            "transform_matrix": [
                [
                    0.7359023690223694,
                    -0.4433406591415405,
                    0.5117583274841309,
                    2.0629637241363525
                ],
                [
                    0.6770875453948975,
                    0.4818512201309204,
                    -0.5562119483947754,
                    -2.242161989212036
                ],
                [
                    0.0,
                    0.7558228373527527,
                    0.6547760367393494,
                    2.63948655128479
                ],
                [
                    0.0,
                    0.0,
                    0.0,
                    1.0
                ]
            ]
        },
        {
            "file_path": "/data/shapenet_blender/all_50_random/02958343/72ba2195087f80d8b7e8c57d131d2ca7/r_10",
            "rotation": 0.12566370614359174,
            "transform_matrix": [
                [
                    0.2031225711107254,
                    0.9444244503974915,
                    -0.258463978767395,
                    -1.041901707649231
                ],
                [
                    -0.9791533946990967,
                    0.19591815769672394,
                    -0.05361761897802353,
                    -0.216139554977417
                ],
                [
                    0.0,
                    0.2639670670032501,
                    0.9645317196846008,
                    3.8881518840789795
                ],
                [
                    0.0,
                    0.0,
                    0.0,
                    1.0
                ]
            ]
        },
        {
            "file_path": "/data/shapenet_blender/all_50_random/02958343/72ba2195087f80d8b7e8c57d131d2ca7/r_11",
            "rotation": 0.12566370614359174,
            "transform_matrix": [
                [
                    -0.9124482274055481,
                    0.20059946179389954,
                    -0.35664835572242737,
                    -1.4376953840255737
                ],
                [
                    -0.4091920852661133,
                    -0.44731223583221436,
                    0.7952821254730225,
                    3.2058844566345215
                ],
                [
                    -1.4901160305669237e-08,
                    0.871591329574585,
                    0.49023303389549255,
                    1.9761923551559448
                ],
                [
                    0.0,
                    0.0,
                    0.0,
                    1.0
                ]
            ]
        },
        {
            "file_path": "/data/shapenet_blender/all_50_random/02958343/72ba2195087f80d8b7e8c57d131d2ca7/r_12",
            "rotation": 0.12566370614359174,
            "transform_matrix": [
                [
                    0.03670564666390419,
                    -0.054467666894197464,
                    0.9978405237197876,
                    4.022424221038818
                ],
                [
                    0.9993260502815247,
                    0.0020006189588457346,
                    -0.03665108233690262,
                    -0.1477452516555786
                ],
                [
                    0.0,
                    0.9985135793685913,
                    0.054504383355379105,
                    0.2197142243385315
                ],
                [
                    0.0,
                    0.0,
                    0.0,
                    1.0
                ]
            ]
        },
        {
            "file_path": "/data/shapenet_blender/all_50_random/02958343/72ba2195087f80d8b7e8c57d131d2ca7/r_13",
            "rotation": 0.12566370614359174,
            "transform_matrix": [
                [
                    0.5477582812309265,
                    0.13897374272346497,
                    -0.8250133991241455,
                    -3.325735569000244
                ],
                [
                    -0.8366366624832153,
                    0.0909881517291069,
                    -0.5401483178138733,
                    -2.177407741546631
                ],
                [
                    7.450580596923828e-09,
                    0.9861071705818176,
                    0.16611003875732422,
                    0.6696110367774963
                ],
                [
                    0.0,
                    0.0,
                    0.0,
                    1.0
                ]
            ]
        },
        {
            "file_path": "/data/shapenet_blender/all_50_random/02958343/72ba2195087f80d8b7e8c57d131d2ca7/r_14",
            "rotation": 0.12566370614359174,
            "transform_matrix": [
                [
                    0.9775430560112,
                    -0.005212808959186077,
                    -0.21067138016223907,
                    -0.8492435216903687
                ],
                [
                    -0.21073584258556366,
                    -0.02418072149157524,
                    -0.977243959903717,
                    -3.939396381378174
                ],
                [
                    0.0,
                    0.9996940493583679,
                    -0.024736223742365837,
                    -0.09971490502357483
                ],
                [
                    0.0,
                    0.0,
                    0.0,
                    1.0
                ]
            ]
        },
        {
            "file_path": "/data/shapenet_blender/all_50_random/02958343/72ba2195087f80d8b7e8c57d131d2ca7/r_15",
            "rotation": 0.12566370614359174,
            "transform_matrix": [
                [
                    -0.5965365767478943,
                    -0.0018428269540891051,
                    -0.8025837540626526,
                    -3.235318660736084
                ],
                [
                    -0.8025858998298645,
                    0.0013697146205231547,
                    0.5965349674224854,
                    2.4047093391418457
                ],
                [
                    0.0,
                    0.9999973177909851,
                    -0.0022961117792874575,
                    -0.00925592239946127
                ],
                [
                    0.0,
                    0.0,
                    0.0,
                    1.0
                ]
            ]
        },
        {
            "file_path": "/data/shapenet_blender/all_50_random/02958343/72ba2195087f80d8b7e8c57d131d2ca7/r_16",
            "rotation": 0.12566370614359174,
            "transform_matrix": [
                [
                    -0.9849274754524231,
                    -0.002618644153699279,
                    -0.172947958111763,
                    -0.6971755027770996
                ],
                [
                    -0.172967791557312,
                    0.014911300502717495,
                    0.9848145842552185,
                    3.969914674758911
                ],
                [
                    0.0,
                    0.9998853802680969,
                    -0.01513949129730463,
                    -0.06102924048900604
                ],
                [
                    0.0,
                    0.0,
                    0.0,
                    1.0
                ]
            ]
        },
        {
            "file_path": "/data/shapenet_blender/all_50_random/02958343/72ba2195087f80d8b7e8c57d131d2ca7/r_17",
            "rotation": 0.12566370614359174,
            "transform_matrix": [
                [
                    -0.45918411016464233,
                    0.23143497109413147,
                    -0.857664167881012,
                    -3.457354784011841
                ],
                [
                    -0.8883411288261414,
                    -0.11962888389825821,
                    0.4433271586894989,
                    1.7871088981628418
                ],
                [
                    0.0,
                    0.9654670357704163,
                    0.2605248987674713,
                    1.050209403038025
                ],
                [
                    0.0,
                    0.0,
                    0.0,
                    1.0
                ]
            ]
        },
        {
            "file_path": "/data/shapenet_blender/all_50_random/02958343/72ba2195087f80d8b7e8c57d131d2ca7/r_18",
            "rotation": 0.12566370614359174,
            "transform_matrix": [
                [
                    0.9522258639335632,
                    0.015071269124746323,
                    -0.30502259731292725,
                    -1.2295854091644287
                ],
                [
                    -0.30539470911026,
                    0.0469924695789814,
                    -0.9510655999183655,
                    -3.8338680267333984
                ],
                [
                    -9.31322685637781e-10,
                    0.9987814426422119,
                    0.049350135028362274,
                    0.19893676042556763
                ],
                [
                    0.0,
                    0.0,
                    0.0,
                    1.0
                ]
            ]
        },
        {
            "file_path": "/data/shapenet_blender/all_50_random/02958343/72ba2195087f80d8b7e8c57d131d2ca7/r_19",
            "rotation": 0.12566370614359174,
            "transform_matrix": [
                [
                    0.832913875579834,
                    -0.17774474620819092,
                    0.5240814685821533,
                    2.112640142440796
                ],
                [
                    0.553402841091156,
                    0.2675195038318634,
                    -0.7887829542160034,
                    -3.1796860694885254
                ],
                [
                    0.0,
                    0.9470164179801941,
                    0.3211851119995117,
                    1.29473876953125
                ],
                [
                    0.0,
                    0.0,
                    0.0,
                    1.0
                ]
            ]
        },
        {
            "file_path": "/data/shapenet_blender/all_50_random/02958343/72ba2195087f80d8b7e8c57d131d2ca7/r_20",
            "rotation": 0.12566370614359174,
            "transform_matrix": [
                [
                    -0.3245980143547058,
                    -0.7268098592758179,
                    0.60529625415802,
                    2.4400272369384766
                ],
                [
                    0.9458520412445068,
                    -0.24942702054977417,
                    0.2077259123325348,
                    0.8373699188232422
                ],
                [
                    0.0,
                    0.6399480104446411,
                    0.7684181332588196,
                    3.09759259223938
                ],
                [
                    0.0,
                    0.0,
                    0.0,
                    1.0
                ]
            ]
        },
        {
            "file_path": "/data/shapenet_blender/all_50_random/02958343/72ba2195087f80d8b7e8c57d131d2ca7/r_21",
            "rotation": 0.12566370614359174,
            "transform_matrix": [
                [
                    0.9752539396286011,
                    0.12634265422821045,
                    0.18143144249916077,
                    0.7313735485076904
                ],
                [
                    0.22108784317970276,
                    -0.5573177337646484,
                    -0.8003231287002563,
                    -3.226205825805664
                ],
                [
                    7.450580596923828e-09,
                    0.8206305503845215,
                    -0.5714590549468994,
                    -2.3036251068115234
                ],
                [
                    0.0,
                    0.0,
                    0.0,
                    1.0
                ]
            ]
        },
        {
            "file_path": "/data/shapenet_blender/all_50_random/02958343/72ba2195087f80d8b7e8c57d131d2ca7/r_22",
            "rotation": 0.12566370614359174,
            "transform_matrix": [
                [
                    -0.975854218006134,
                    0.02632719837129116,
                    -0.21683049201965332,
                    -0.8740717172622681
                ],
                [
                    -0.21842296421527863,
                    -0.1176227405667305,
                    0.9687394499778748,
                    3.905113935470581
                ],
                [
                    0.0,
                    0.9927093386650085,
                    0.12053309381008148,
                    0.4858844578266144
                ],
                [
                    0.0,
                    0.0,
                    0.0,
                    1.0
                ]
            ]
        },
        {
            "file_path": "/data/shapenet_blender/all_50_random/02958343/72ba2195087f80d8b7e8c57d131d2ca7/r_23",
            "rotation": 0.12566370614359174,
            "transform_matrix": [
                [
                    0.9796468615531921,
                    -0.16386577486991882,
                    0.11593110859394073,
                    0.46733325719833374
                ],
                [
                    0.20072871446609497,
                    0.7997391223907471,
                    -0.5657962560653687,
                    -2.2807977199554443
                ],
                [
                    0.0,
                    0.5775511860847473,
                    0.8163543939590454,
                    3.29082989692688
                ],
                [
                    0.0,
                    0.0,
                    0.0,
                    1.0
                ]
            ]
        },
        {
            "file_path": "/data/shapenet_blender/all_50_random/02958343/72ba2195087f80d8b7e8c57d131d2ca7/r_24",
            "rotation": 0.12566370614359174,
            "transform_matrix": [
                [
                    -0.7345585227012634,
                    0.19807343184947968,
                    0.6489920020103455,
                    2.616170644760132
                ],
                [
                    0.678545355796814,
                    0.21442414820194244,
                    0.7025655508041382,
                    2.832132577896118
                ],
                [
                    0.0,
                    0.9564461708068848,
                    -0.2919088304042816,
                    -1.1767222881317139
                ],
                [
                    0.0,
                    0.0,
                    0.0,
                    1.0
                ]
            ]
        },
        {
            "file_path": "/data/shapenet_blender/all_50_random/02958343/72ba2195087f80d8b7e8c57d131d2ca7/r_25",
            "rotation": 0.12566370614359174,
            "transform_matrix": [
                [
                    -0.8937450647354126,
                    0.027008866891264915,
                    0.44776132702827454,
                    1.8049837350845337
                ],
                [
                    0.4485751688480377,
                    0.053812701255083084,
                    0.8921235203742981,
                    3.5962650775909424
                ],
                [
                    -1.8626450382086546e-09,
                    0.9981856942176819,
                    -0.06021033972501755,
                    -0.24271565675735474
                ],
                [
                    0.0,
                    0.0,
                    0.0,
                    1.0
                ]
            ]
        },
        {
            "file_path": "/data/shapenet_blender/all_50_random/02958343/72ba2195087f80d8b7e8c57d131d2ca7/r_26",
            "rotation": 0.12566370614359174,
            "transform_matrix": [
                [
                    0.25171366333961487,
                    -0.6793472170829773,
                    -0.6892949938774109,
                    -2.778636932373047
                ],
                [
                    -0.9678018689155579,
                    -0.17669007182121277,
                    -0.17927736043930054,
                    -0.7226901650428772
                ],
                [
                    0.0,
                    0.712227463722229,
                    -0.7019487619400024,
                    -2.829645872116089
                ],
                [
                    0.0,
                    0.0,
                    0.0,
                    1.0
                ]
            ]
        },
        {
            "file_path": "/data/shapenet_blender/all_50_random/02958343/72ba2195087f80d8b7e8c57d131d2ca7/r_27",
            "rotation": 0.12566370614359174,
            "transform_matrix": [
                [
                    -0.9592862725257874,
                    -0.06423773616552353,
                    0.2750336825847626,
                    1.1086962223052979
                ],
                [
                    0.2824358642101288,
                    -0.21818184852600098,
                    0.934144914150238,
                    3.7656586170196533
                ],
                [
                    0.0,
                    0.9737917184829712,
                    0.22744184732437134,
                    0.9168474078178406
                ],
                [
                    0.0,
                    0.0,
                    0.0,
                    1.0
                ]
            ]
        },
        {
            "file_path": "/data/shapenet_blender/all_50_random/02958343/72ba2195087f80d8b7e8c57d131d2ca7/r_28",
            "rotation": 0.12566370614359174,
            "transform_matrix": [
                [
                    -0.25997394323349,
                    0.2909752428531647,
                    -0.9207317233085632,
                    -3.7115883827209473
                ],
                [
                    -0.9656156301498413,
                    -0.07833964377641678,
                    0.24788980185985565,
                    0.9992757439613342
                ],
                [
                    0.0,
                    0.9535178542137146,
                    0.30133649706840515,
                    1.2147263288497925
                ],
                [
                    0.0,
                    0.0,
                    0.0,
                    1.0
                ]
            ]
        },
        {
            "file_path": "/data/shapenet_blender/all_50_random/02958343/72ba2195087f80d8b7e8c57d131d2ca7/r_29",
            "rotation": 0.12566370614359174,
            "transform_matrix": [
                [
                    0.8630868792533875,
                    0.48229822516441345,
                    0.14989814162254333,
                    0.6042587757110596
                ],
                [
                    0.5050554275512695,
                    -0.8241971135139465,
                    -0.2561602294445038,
                    -1.032615065574646
                ],
                [
                    -1.4901161193847656e-08,
                    0.2967953085899353,
                    -0.9549409747123718,
                    -3.8494904041290283
                ],
                [
                    0.0,
                    0.0,
                    0.0,
                    1.0
                ]
            ]
        },
        {
            "file_path": "/data/shapenet_blender/all_50_random/02958343/72ba2195087f80d8b7e8c57d131d2ca7/r_30",
            "rotation": 0.12566370614359174,
            "transform_matrix": [
                [
                    0.21007339656352997,
                    -0.9137384295463562,
                    -0.3477804362773895,
                    -1.4019477367401123
                ],
                [
                    -0.9776856899261475,
                    -0.1963331699371338,
                    -0.074726901948452,
                    -0.30123376846313477
                ],
                [
                    0.0,
                    0.35571807622909546,
                    -0.9345933198928833,
                    -3.7674660682678223
                ],
                [
                    0.0,
                    0.0,
                    0.0,
                    1.0
                ]
            ]
        },
        {
            "file_path": "/data/shapenet_blender/all_50_random/02958343/72ba2195087f80d8b7e8c57d131d2ca7/r_31",
            "rotation": 0.12566370614359174,
            "transform_matrix": [
                [
                    0.9999006390571594,
                    -0.001975276507437229,
                    0.013953147456049919,
                    0.056246936321258545
                ],
                [
                    0.01409226842224598,
                    0.14015346765518188,
                    -0.990029513835907,
                    -3.990936517715454
                ],
                [
                    0.0,
                    0.9901278614997864,
                    0.14016737043857574,
                    0.5650327205657959
                ],
                [
                    0.0,
                    0.0,
                    0.0,
                    1.0
                ]
            ]
        },
        {
            "file_path": "/data/shapenet_blender/all_50_random/02958343/72ba2195087f80d8b7e8c57d131d2ca7/r_32",
            "rotation": 0.12566370614359174,
            "transform_matrix": [
                [
                    -0.9972947835922241,
                    0.05309707671403885,
                    -0.05083185434341431,
                    -0.2049097716808319
                ],
                [
                    -0.07350631058216095,
                    -0.7203931212425232,
                    0.6896597146987915,
                    2.7801074981689453
                ],
                [
                    -3.725290298461914e-09,
                    0.6915305852890015,
                    0.7223471403121948,
                    2.911874771118164
                ],
                [
                    0.0,
                    0.0,
                    0.0,
                    1.0
                ]
            ]
        },
        {
            "file_path": "/data/shapenet_blender/all_50_random/02958343/72ba2195087f80d8b7e8c57d131d2ca7/r_33",
            "rotation": 0.12566370614359174,
            "transform_matrix": [
                [
                    0.39661145210266113,
                    0.24203486740589142,
                    0.8855046033859253,
                    3.5695834159851074
                ],
                [
                    0.9179866313934326,
                    -0.1045699268579483,
                    -0.38257771730422974,
                    -1.5422202348709106
                ],
                [
                    0.0,
                    0.964616060256958,
                    -0.2636583745479584,
                    -1.0628410577774048
                ],
                [
                    0.0,
                    0.0,
                    0.0,
                    1.0
                ]
            ]
        },
        {
            "file_path": "/data/shapenet_blender/all_50_random/02958343/72ba2195087f80d8b7e8c57d131d2ca7/r_34",
            "rotation": 0.12566370614359174,
            "transform_matrix": [
                [
                    0.006911493372172117,
                    -0.7249518632888794,
                    0.688764750957489,
                    2.7764995098114014
                ],
                [
                    0.9999761581420898,
                    0.005010619293898344,
                    -0.004760506562888622,
                    -0.019190216436982155
                ],
                [
                    2.3283067140944524e-10,
                    0.6887810826301575,
                    0.7249692678451538,
                    2.9224445819854736
                ],
                [
                    0.0,
                    0.0,
                    0.0,
                    1.0
                ]
            ]
        },
        {
            "file_path": "/data/shapenet_blender/all_50_random/02958343/72ba2195087f80d8b7e8c57d131d2ca7/r_35",
            "rotation": 0.12566370614359174,
            "transform_matrix": [
                [
                    -0.07363009452819824,
                    0.20263853669166565,
                    0.976481556892395,
                    3.9363231658935547
                ],
                [
                    0.9972856044769287,
                    0.014960904605686665,
                    0.07209412008523941,
                    0.29062068462371826
                ],
                [
                    0.0,
                    0.9791392087936401,
                    -0.20319008827209473,
                    -0.819085419178009
                ],
                [
                    0.0,
                    0.0,
                    0.0,
                    1.0
                ]
            ]
        },
        {
            "file_path": "/data/shapenet_blender/all_50_random/02958343/72ba2195087f80d8b7e8c57d131d2ca7/r_36",
            "rotation": 0.12566370614359174,
            "transform_matrix": [
                [
                    0.9776702523231506,
                    -0.026007596403360367,
                    -0.20852965116500854,
                    -0.8406099081039429
                ],
                [
                    -0.21014522016048431,
                    -0.12099658697843552,
                    -0.9701540470123291,
                    -3.910815954208374
                ],
                [
                    -1.862645149230957e-09,
                    0.9923121929168701,
                    -0.12376013398170471,
                    -0.49889305233955383
                ],
                [
                    0.0,
                    0.0,
                    0.0,
                    1.0
                ]
            ]
        },
        {
            "file_path": "/data/shapenet_blender/all_50_random/02958343/72ba2195087f80d8b7e8c57d131d2ca7/r_37",
            "rotation": 0.12566370614359174,
            "transform_matrix": [
                [
                    0.8337584733963013,
                    0.30734074115753174,
                    -0.45868119597435,
                    -1.8490030765533447
                ],
                [
                    -0.5521292686462402,
                    0.4641086161136627,
                    -0.6926445364952087,
                    -2.7921395301818848
                ],
                [
                    1.4901159417490817e-08,
                    0.83074951171875,
                    0.5566463470458984,
                    2.243913173675537
                ],
                [
                    0.0,
                    0.0,
                    0.0,
                    1.0
                ]
            ]
        },
        {
            "file_path": "/data/shapenet_blender/all_50_random/02958343/72ba2195087f80d8b7e8c57d131d2ca7/r_38",
            "rotation": 0.12566370614359174,
            "transform_matrix": [
                [
                    -0.9446446299552917,
                    0.15492059290409088,
                    -0.2892163395881653,
                    -1.1658684015274048
                ],
                [
                    -0.3280952572822571,
                    -0.446043998003006,
                    0.8327053785324097,
                    3.3567428588867188
                ],
                [
                    0.0,
                    0.8815011382102966,
                    0.4721817672252655,
                    1.9034255743026733
                ],
                [
                    0.0,
                    0.0,
                    0.0,
                    1.0
                ]
            ]
        },
        {
            "file_path": "/data/shapenet_blender/all_50_random/02958343/72ba2195087f80d8b7e8c57d131d2ca7/r_39",
            "rotation": 0.12566370614359174,
            "transform_matrix": [
                [
                    -0.12277530133724213,
                    0.08168400079011917,
                    -0.989067018032074,
                    -3.9870572090148926
                ],
                [
                    -0.992434561252594,
                    -0.01010522898286581,
                    0.12235869467258453,
                    0.4932437241077423
                ],
                [
                    -9.31322685637781e-10,
                    0.9966070055961609,
                    0.08230669051408768,
                    0.33178889751434326
                ],
                [
                    0.0,
                    0.0,
                    0.0,
                    1.0
                ]
            ]
        },
        {
            "file_path": "/data/shapenet_blender/all_50_random/02958343/72ba2195087f80d8b7e8c57d131d2ca7/r_40",
            "rotation": 0.12566370614359174,
            "transform_matrix": [
                [
                    -0.4919605851173401,
                    0.3356557786464691,
                    0.803311824798584,
                    3.2382538318634033
                ],
                [
                    0.8706175684928894,
                    0.18966929614543915,
                    0.4539280831813812,
                    1.8298428058624268
                ],
                [
                    0.0,
                    0.9226922392845154,
                    -0.3855375647544861,
                    -1.5541517734527588
                ],
                [
                    0.0,
                    0.0,
                    0.0,
                    1.0
                ]
            ]
        },
        {
            "file_path": "/data/shapenet_blender/all_50_random/02958343/72ba2195087f80d8b7e8c57d131d2ca7/r_41",
            "rotation": 0.12566370614359174,
            "transform_matrix": [
                [
                    0.2000184953212738,
                    0.6842724680900574,
                    -0.7012587785720825,
                    -2.82686448097229
                ],
                [
                    -0.9797921776771545,
                    0.13968998193740845,
                    -0.14315764605998993,
                    -0.5770869255065918
                ],
                [
                    -7.450580596923828e-09,
                    0.7157219648361206,
