{
    "class": "02958343",
    "model": "6dbb3c5d7ce105243afcf7df86a03c60",
    "remove_doubles": true,
    "edge_split": true,
    "denoise": true,
    "camera_angle_x": 0.6911112070083618,
    "scale_factor": 2.2591390470937642,
    "hdri_file": "/data/IndoorHDRDataset2018/AG8A6574-3b4bd69aee.exr",
    "center_offset": [
        0.0,
        0.0,
        -4.190951585769653e-09
    ],
    "lights": [],
    "frames": [
        {
            "file_path": "/data/shapenet_blender/all_50_random/02958343/6dbb3c5d7ce105243afcf7df86a03c60/r_0",
            "rotation": 0.12566370614359174,
            "transform_matrix": [
                [
                    0.4654756784439087,
                    -0.08808068186044693,
                    0.8806668519973755,
                    3.550081729888916
                ],
                [
                    0.8850606083869934,
                    0.04632385075092316,
                    -0.46316489577293396,
                    -1.8670774698257446
                ],
                [
                    0.0,
                    0.9950356483459473,
                    0.09951935708522797,
                    0.4011753499507904
                ],
                [
                    0.0,
                    0.0,
                    0.0,
                    1.0
                ]
            ]
        },
        {
            "file_path": "/data/shapenet_blender/all_50_random/02958343/6dbb3c5d7ce105243afcf7df86a03c60/r_1",
            "rotation": 0.12566370614359174,
            "transform_matrix": [
                [
                    0.9453517198562622,
                    -0.11217229068279266,
                    -0.3061494827270508,
                    -1.2341279983520508
                ],
                [
                    -0.32605233788490295,
                    -0.32523080706596375,
                    -0.8876456022262573,
                    -3.578213930130005
                ],
                [
                    -7.450581485102248e-09,
                    0.938957929611206,
                    -0.34403157234191895,
                    -1.3868355751037598
                ],
                [
                    0.0,
                    0.0,
                    0.0,
                    1.0
                ]
            ]
        },
        {
            "file_path": "/data/shapenet_blender/all_50_random/02958343/6dbb3c5d7ce105243afcf7df86a03c60/r_2",
            "rotation": 0.12566370614359174,
            "transform_matrix": [
                [
                    -0.2407311499118805,
                    -0.6224989891052246,
                    -0.7446766495704651,
                    -3.001887798309326
                ],
                [
                    -0.9705919027328491,
                    0.15439537167549133,
                    0.18469849228858948,
                    0.7445434927940369
                ],
                [
                    7.450581485102248e-09,
                    0.7672398686408997,
                    -0.6413601636886597,
                    -2.5854058265686035
                ],
                [
                    0.0,
                    0.0,
                    0.0,
                    1.0
                ]
            ]
        },
        {
            "file_path": "/data/shapenet_blender/all_50_random/02958343/6dbb3c5d7ce105243afcf7df86a03c60/r_3",
            "rotation": 0.12566370614359174,
            "transform_matrix": [
                [
                    0.995055615901947,
                    -0.04119889438152313,
                    -0.09037142992019653,
                    -0.36429890990257263
                ],
                [
                    -0.09931942075490952,
                    -0.4127610921859741,
                    -0.9054080247879028,
                    -3.6498169898986816
                ],
                [
                    3.725290298461914e-09,
                    0.9099071025848389,
                    -0.41481196880340576,
                    -1.6721607446670532
                ],
                [
                    0.0,
                    0.0,
                    0.0,
                    1.0
                ]
            ]
        },
        {
            "file_path": "/data/shapenet_blender/all_50_random/02958343/6dbb3c5d7ce105243afcf7df86a03c60/r_4",
            "rotation": 0.12566370614359174,
            "transform_matrix": [
                [
                    0.06479693204164505,
                    0.8103308081626892,
                    0.5823789238929749,
                    2.347644567489624
                ],
                [
                    0.9978984594345093,
                    -0.052617527544498444,
                    -0.03781583905220032,
                    -0.15244051814079285
                ],
                [
                    0.0,
                    0.5836052894592285,
                    -0.8120374083518982,
                    -3.2734274864196777
                ],
                [
                    0.0,
                    0.0,
                    0.0,
                    1.0
                ]
            ]
        },
        {
            "file_path": "/data/shapenet_blender/all_50_random/02958343/6dbb3c5d7ce105243afcf7df86a03c60/r_5",
            "rotation": 0.12566370614359174,
            "transform_matrix": [
                [
                    -0.9943757057189941,
                    0.09877807646989822,
                    -0.03820766136050224,
                    -0.1540200114250183
                ],
                [
                    -0.10591002553701401,
                    -0.9274147748947144,
                    0.3587268590927124,
                    1.4460742473602295
                ],
                [
                    0.0,
                    0.3607558310031891,
                    0.9326602816581726,
                    3.759673833847046
                ],
                [
                    0.0,
                    0.0,
                    0.0,
                    1.0
                ]
            ]
        },
        {
            "file_path": "/data/shapenet_blender/all_50_random/02958343/6dbb3c5d7ce105243afcf7df86a03c60/r_6",
            "rotation": 0.12566370614359174,
            "transform_matrix": [
                [
                    -0.8503819108009338,
                    -0.11199335753917694,
                    -0.5141088962554932,
                    -2.072439432144165
                ],
                [
                    -0.5261658430099487,
                    0.18100211024284363,
                    0.8308956623077393,
                    3.349447727203369
                ],
                [
                    7.450580152834618e-09,
                    0.9770853519439697,
                    -0.2128479778766632,
                    -0.8580176830291748
                ],
                [
                    0.0,
                    0.0,
                    0.0,
                    1.0
                ]
            ]
        },
        {
            "file_path": "/data/shapenet_blender/all_50_random/02958343/6dbb3c5d7ce105243afcf7df86a03c60/r_7",
            "rotation": 0.12566370614359174,
            "transform_matrix": [
                [
                    0.017076756805181503,
                    0.09842795878648758,
                    0.9949976801872253,
                    4.0109639167785645
                ],
                [
                    0.9998542666435242,
                    -0.0016810755478218198,
                    -0.0169938113540411,
                    -0.06850424408912659
                ],
                [
                    1.1641533570472262e-10,
                    0.9951426982879639,
                    -0.09844233095645905,
                    -0.39683371782302856
                ],
                [
                    0.0,
                    0.0,
                    0.0,
                    1.0
                ]
            ]
        },
        {
            "file_path": "/data/shapenet_blender/all_50_random/02958343/6dbb3c5d7ce105243afcf7df86a03c60/r_8",
            "rotation": 0.12566370614359174,
            "transform_matrix": [
                [
                    0.8837933540344238,
                    0.09493553638458252,
                    0.4581446945667267,
                    1.8468403816223145
                ],
                [
                    0.46787747740745544,
                    -0.17932769656181335,
                    -0.865408718585968,
                    -3.4885740280151367
                ],
                [
                    -1.4901161193847656e-08,
                    0.9791980981826782,
                    -0.20290681719779968,
                    -0.8179435133934021
                ],
                [
                    0.0,
                    0.0,
                    0.0,
                    1.0
                ]
            ]
        },
        {
            "file_path": "/data/shapenet_blender/all_50_random/02958343/6dbb3c5d7ce105243afcf7df86a03c60/r_9",
            "rotation": 0.12566370614359174,
            "transform_matrix": [
                [
                    -0.40069371461868286,
                    -0.5891337394714355,
                    -0.7016879320144653,
                    -2.828594446182251
                ],
                [
                    -0.9162120223045349,
                    0.2576501965522766,
                    0.3068743348121643,
                    1.2370500564575195
                ],
                [
                    1.4901159417490817e-08,
                    0.7658575177192688,
                    -0.6430103182792664,
                    -2.592057466506958
                ],
                [
                    0.0,
                    0.0,
                    0.0,
                    1.0
                ]
            ]
        },
        {
            "file_path": "/data/shapenet_blender/all_50_random/02958343/6dbb3c5d7ce105243afcf7df86a03c60/r_10",
            "rotation": 0.12566370614359174,
            "transform_matrix": [
                [
                    -0.6942861676216125,
                    0.14723560214042664,
                    -0.7044774293899536,
                    -2.839839220046997
                ],
                [
                    -0.7196991443634033,
                    -0.14203661680221558,
                    0.6796019673347473,
                    2.73956298828125
                ],
                [
                    1.4901162970204496e-08,
                    0.9788498878479004,
                    0.2045794129371643,
                    0.8246859312057495
                ],
                [
                    0.0,
                    0.0,
                    0.0,
                    1.0
                ]
            ]
        },
        {
            "file_path": "/data/shapenet_blender/all_50_random/02958343/6dbb3c5d7ce105243afcf7df86a03c60/r_11",
            "rotation": 0.12566370614359174,
            "transform_matrix": [
                [
                    0.5218279361724854,
                    0.0068109421990811825,
                    0.8530236482620239,
                    3.438647985458374
                ],
                [
                    0.8530508279800415,
                    -0.0041663870215415955,
                    -0.521811306476593,
                    -2.1034884452819824
                ],
                [
                    2.3283064365386963e-10,
                    0.9999681115150452,
                    -0.007984217256307602,
                    -0.03218540549278259
                ],
                [
                    0.0,
                    0.0,
                    0.0,
                    1.0
                ]
            ]
        },
        {
            "file_path": "/data/shapenet_blender/all_50_random/02958343/6dbb3c5d7ce105243afcf7df86a03c60/r_12",
            "rotation": 0.12566370614359174,
            "transform_matrix": [
                [
                    -0.1274951994419098,
                    0.15188586711883545,
                    -0.9801406264305115,
                    -3.951073169708252
                ],
                [
                    -0.9918392300605774,
                    -0.01952405273914337,
                    0.12599141895771027,
                    0.5078876614570618
                ],
                [
                    -1.862645149230957e-09,
                    0.9882051348686218,
                    0.15313559770584106,
                    0.6173093318939209
                ],
                [
                    0.0,
                    0.0,
                    0.0,
                    1.0
                ]
            ]
        },
        {
            "file_path": "/data/shapenet_blender/all_50_random/02958343/6dbb3c5d7ce105243afcf7df86a03c60/r_13",
            "rotation": 0.12566370614359174,
            "transform_matrix": [
                [
                    0.5491726398468018,
                    0.35124918818473816,
                    -0.758309543132782,
                    -3.0568435192108154
                ],
                [
                    -0.8357089757919312,
                    0.2308177500963211,
                    -0.4983108937740326,
                    -2.0087554454803467
                ],
                [
                    1.4901161193847656e-08,
                    0.9073847532272339,
                    0.4203009009361267,
                    1.6942871809005737
                ],
                [
                    0.0,
                    0.0,
                    0.0,
                    1.0
                ]
            ]
        },
        {
            "file_path": "/data/shapenet_blender/all_50_random/02958343/6dbb3c5d7ce105243afcf7df86a03c60/r_14",
            "rotation": 0.12566370614359174,
            "transform_matrix": [
                [
                    -0.5345833897590637,
                    -0.44629353284835815,
                    -0.7176648378372192,
                    -2.8929991722106934
                ],
                [
                    -0.8451158404350281,
                    0.2823057770729065,
                    0.45396342873573303,
                    1.8299849033355713
                ],
                [
                    0.0,
                    0.8491910696029663,
                    -0.5280857086181641,
                    -2.128781318664551
                ],
                [
                    0.0,
                    0.0,
                    0.0,
                    1.0
                ]
            ]
        },
        {
            "file_path": "/data/shapenet_blender/all_50_random/02958343/6dbb3c5d7ce105243afcf7df86a03c60/r_15",
            "rotation": 0.12566370614359174,
            "transform_matrix": [
                [
                    0.7035109996795654,
                    0.17249087989330292,
                    -0.6894339919090271,
                    -2.7791972160339355
                ],
                [
                    -0.7106844186782837,
                    0.17074979841709137,
                    -0.6824750304222107,
                    -2.7511448860168457
                ],
                [
                    0.0,
                    0.9700986742973328,
                    0.2427109330892563,
                    0.9783990383148193
                ],
                [
                    0.0,
                    0.0,
                    0.0,
                    1.0
                ]
            ]
        },
        {
            "file_path": "/data/shapenet_blender/all_50_random/02958343/6dbb3c5d7ce105243afcf7df86a03c60/r_16",
            "rotation": 0.12566370614359174,
            "transform_matrix": [
                [
                    -0.941513180732727,
                    0.24764883518218994,
                    -0.22852358222007751,
                    -0.9212080836296082
                ],
                [
                    -0.3369762599468231,
                    -0.691931962966919,
                    0.638495922088623,
                    2.573859691619873
                ],
                [
                    1.4901162970204496e-08,
                    0.6781594157218933,
                    0.7349147200584412,
                    2.962536334991455
                ],
                [
                    0.0,
                    0.0,
                    0.0,
                    1.0
                ]
            ]
        },
        {
            "file_path": "/data/shapenet_blender/all_50_random/02958343/6dbb3c5d7ce105243afcf7df86a03c60/r_17",
            "rotation": 0.12566370614359174,
            "transform_matrix": [
                [
                    -0.9970626831054688,
                    -0.020962119102478027,
                    0.0736660584807396,
                    0.2969573736190796
                ],
                [
                    0.07659045606851578,
                    -0.27288708090782166,
                    0.9589924812316895,
                    3.8658223152160645
                ],
                [
                    1.862645149230957e-09,
                    0.9618176817893982,
                    0.27369099855422974,
                    1.1032837629318237
                ],
                [
                    0.0,
                    0.0,
                    0.0,
                    1.0
                ]
            ]
        },
        {
            "file_path": "/data/shapenet_blender/all_50_random/02958343/6dbb3c5d7ce105243afcf7df86a03c60/r_18",
            "rotation": 0.12566370614359174,
            "transform_matrix": [
                [
                    0.015853356570005417,
                    0.19948901236057281,
                    0.9797717928886414,
                    3.9495863914489746
                ],
                [
                    0.9998743534088135,
                    -0.003162967972457409,
                    -0.01553462352603674,
                    -0.0626220703125
                ],
                [
                    0.0,
                    0.9798949956893921,
                    -0.19951409101486206,
                    -0.8042670488357544
                ],
                [
                    0.0,
                    0.0,
                    0.0,
                    1.0
                ]
            ]
        },
        {
            "file_path": "/data/shapenet_blender/all_50_random/02958343/6dbb3c5d7ce105243afcf7df86a03c60/r_19",
            "rotation": 0.12566370614359174,
            "transform_matrix": [
                [
                    -0.3818282186985016,
                    -0.19570358097553253,
                    -0.9032758474349976,
                    -3.641221284866333
                ],
                [
                    -0.9242333173751831,
                    0.08085096627473831,
                    0.37317007780075073,
                    1.5042966604232788
                ],
                [
                    7.450580152834618e-09,
                    0.9773245453834534,
                    -0.2117469608783722,
                    -0.8535792827606201
                ],
                [
                    0.0,
                    0.0,
                    0.0,
                    1.0
                ]
            ]
        },
        {
            "file_path": "/data/shapenet_blender/all_50_random/02958343/6dbb3c5d7ce105243afcf7df86a03c60/r_20",
            "rotation": 0.12566370614359174,
            "transform_matrix": [
                [
                    0.3035085201263428,
                    0.33903735876083374,
                    -0.8904696702957153,
                    -3.5895979404449463
                ],
                [
                    -0.9528286457061768,
                    0.10799500346183777,
                    -0.28364506363868713,
                    -1.1434098482131958
                ],
                [
                    0.0,
                    0.9345537424087524,
                    0.3558219373226166,
                    1.4343640804290771
                ],
                [
                    0.0,
                    0.0,
                    0.0,
                    1.0
                ]
            ]
        },
        {
            "file_path": "/data/shapenet_blender/all_50_random/02958343/6dbb3c5d7ce105243afcf7df86a03c60/r_21",
            "rotation": 0.12566370614359174,
            "transform_matrix": [
                [
                    -0.6883925795555115,
                    0.011339983902871609,
                    0.7252495884895325,
                    2.923574924468994
                ],
                [
                    0.7253382802009583,
                    0.010762371122837067,
                    0.6883083581924438,
                    2.7746598720550537
                ],
                [
                    4.656612873077393e-10,
                    0.9998777508735657,
                    -0.01563405804336071,
                    -0.0630229115486145
                ],
                [
                    0.0,
                    0.0,
                    0.0,
                    1.0
                ]
            ]
        },
        {
            "file_path": "/data/shapenet_blender/all_50_random/02958343/6dbb3c5d7ce105243afcf7df86a03c60/r_22",
            "rotation": 0.12566370614359174,
            "transform_matrix": [
                [
                    0.34685635566711426,
                    -0.1322125643491745,
                    0.9285529255867004,
                    3.743116617202759
                ],
                [
                    0.9379182457923889,
                    0.048894207924604416,
                    -0.34339290857315063,
                    -1.384261131286621
                ],
                [
                    -3.725290298461914e-09,
                    0.9900147318840027,
                    0.1409638524055481,
                    0.5682434439659119
                ],
                [
                    0.0,
                    0.0,
                    0.0,
                    1.0
                ]
            ]
        },
        {
            "file_path": "/data/shapenet_blender/all_50_random/02958343/6dbb3c5d7ce105243afcf7df86a03c60/r_23",
            "rotation": 0.12566370614359174,
            "transform_matrix": [
                [
                    -0.6009357571601868,
                    -0.4803066849708557,
                    -0.6388909220695496,
                    -2.575451612472534
                ],
                [
                    -0.7992973923683167,
                    0.3611089885234833,
                    0.48033738136291504,
                    1.9363019466400146
                ],
                [
                    0.0,
                    0.7993156313896179,
                    -0.6009112596511841,
                    -2.4223508834838867
                ],
                [
                    0.0,
                    0.0,
                    0.0,
                    1.0
                ]
            ]
        },
        {
            "file_path": "/data/shapenet_blender/all_50_random/02958343/6dbb3c5d7ce105243afcf7df86a03c60/r_24",
            "rotation": 0.12566370614359174,
            "transform_matrix": [
                [
                    -0.9999995231628418,
                    8.053890269366093e-06,
                    -0.0009208482806570828,
                    -0.0037120580673217773
                ],
                [
                    -0.0009208834962919354,
                    -0.008745825849473476,
                    0.9999613165855408,
                    4.030972957611084
                ],
                [
                    0.0,
                    0.9999617338180542,
                    0.008745829574763775,
                    0.035255566239356995
                ],
                [
                    0.0,
                    0.0,
                    0.0,
                    1.0
                ]
            ]
        },
        {
            "file_path": "/data/shapenet_blender/all_50_random/02958343/6dbb3c5d7ce105243afcf7df86a03c60/r_25",
            "rotation": 0.12566370614359174,
            "transform_matrix": [
                [
                    -0.8881533145904541,
                    0.04898390173912048,
                    -0.4569290578365326,
                    -1.84194016456604
                ],
                [
                    -0.4595471918582916,
                    -0.09466974437236786,
                    0.8830933570861816,
                    3.559863567352295
                ],
                [
                    0.0,
                    0.9943029284477234,
                    0.10659165680408478,
                    0.42968475818634033
                ],
                [
                    0.0,
                    0.0,
                    0.0,
                    1.0
                ]
            ]
        },
        {
            "file_path": "/data/shapenet_blender/all_50_random/02958343/6dbb3c5d7ce105243afcf7df86a03c60/r_26",
            "rotation": 0.12566370614359174,
            "transform_matrix": [
                [
                    -0.31429731845855713,
                    -0.07416931539773941,
                    0.9464226961135864,
                    3.815152168273926
                ],
                [
                    0.9493245482444763,
                    -0.02455558441579342,
                    0.3133366107940674,
                    1.2631003856658936
                ],
                [
                    0.0,
                    0.9969432950019836,
                    0.07812849432229996,
                    0.3149460554122925
                ],
                [
                    0.0,
                    0.0,
                    0.0,
                    1.0
                ]
            ]
        },
        {
            "file_path": "/data/shapenet_blender/all_50_random/02958343/6dbb3c5d7ce105243afcf7df86a03c60/r_27",
            "rotation": 0.12566370614359174,
            "transform_matrix": [
                [
                    0.9617002606391907,
                    -0.02427278272807598,
                    0.2730267643928528,
                    1.1006062030792236
                ],
                [
                    0.27410364151000977,
                    0.0851617306470871,
                    -0.9579219818115234,
                    -3.8615074157714844
                ],
                [
                    0.0,
                    0.9960713386535645,
                    0.08855331689119339,
                    0.3569698631763458
                ],
                [
                    0.0,
                    0.0,
                    0.0,
                    1.0
                ]
            ]
        },
        {
            "file_path": "/data/shapenet_blender/all_50_random/02958343/6dbb3c5d7ce105243afcf7df86a03c60/r_28",
            "rotation": 0.12566370614359174,
            "transform_matrix": [
                [
                    0.8292765021324158,
                    -0.008543992415070534,
                    0.5587732791900635,
                    2.2524871826171875
                ],
                [
                    0.5588386654853821,
                    0.01267867349088192,
                    -0.8291795253753662,
                    -3.342529535293579
                ],
                [
                    -4.656612873077393e-10,
                    0.9998831152915955,
                    0.015288838185369968,
                    0.061631277203559875
                ],
                [
                    0.0,
                    0.0,
                    0.0,
                    1.0
                ]
            ]
        },
        {
            "file_path": "/data/shapenet_blender/all_50_random/02958343/6dbb3c5d7ce105243afcf7df86a03c60/r_29",
            "rotation": 0.12566370614359174,
            "transform_matrix": [
                [
                    -0.2990940511226654,
                    0.8374972343444824,
                    0.4573194682598114,
                    1.8435138463974
                ],
                [
                    0.9542236924171448,
                    0.26250705122947693,
                    0.1433432549238205,
                    0.577835202217102
                ],
                [
                    -7.450581485102248e-09,
                    0.47925814986228943,
                    -0.877673864364624,
                    -3.5380167961120605
                ],
                [
                    0.0,
                    0.0,
                    0.0,
                    1.0
                ]
            ]
        },
        {
            "file_path": "/data/shapenet_blender/all_50_random/02958343/6dbb3c5d7ce105243afcf7df86a03c60/r_30",
            "rotation": 0.12566370614359174,
            "transform_matrix": [
                [
                    -0.9867034554481506,
                    -0.1545199155807495,
                    0.050398435443639755,
                    0.20316259562969208
                ],
                [
                    0.16253125667572021,
                    -0.9380677938461304,
                    0.3059615194797516,
                    1.233370304107666
                ],
                [
                    0.0,
                    0.3100844919681549,
                    0.9507089257240295,
                    3.832430362701416
                ],
                [
                    0.0,
                    0.0,
                    0.0,
                    1.0
                ]
            ]
        },
        {
            "file_path": "/data/shapenet_blender/all_50_random/02958343/6dbb3c5d7ce105243afcf7df86a03c60/r_31",
            "rotation": 0.12566370614359174,
            "transform_matrix": [
                [
                    -0.22121527791023254,
                    0.45594385266304016,
                    0.8620783090591431,
                    3.475148916244507
                ],
                [
                    0.975225031375885,
                    0.103424072265625,
                    0.1955496221780777,
                    0.7882857322692871
                ],
                [
                    -7.450580596923828e-09,
                    0.8839789628982544,
                    -0.46752676367759705,
                    -1.8846607208251953
                ],
                [
                    0.0,
                    0.0,
                    0.0,
                    1.0
                ]
            ]
        },
        {
            "file_path": "/data/shapenet_blender/all_50_random/02958343/6dbb3c5d7ce105243afcf7df86a03c60/r_32",
            "rotation": 0.12566370614359174,
            "transform_matrix": [
                [
                    -0.7260937094688416,
                    0.6783849000930786,
                    0.11216876655817032,
                    0.4521667957305908
                ],
                [
                    0.6875957250595093,
                    0.7163671851158142,
                    0.11844901740550995,
                    0.4774833023548126
                ],
                [
                    0.0,
                    0.1631317287683487,
                    -0.9866042137145996,
                    -3.9771289825439453
                ],
                [
                    0.0,
                    0.0,
                    0.0,
                    1.0
                ]
            ]
        },
        {
            "file_path": "/data/shapenet_blender/all_50_random/02958343/6dbb3c5d7ce105243afcf7df86a03c60/r_33",
            "rotation": 0.12566370614359174,
            "transform_matrix": [
                [
                    0.9998533129692078,
                    -0.0035596697125583887,
                    -0.016753345727920532,
                    -0.06753489375114441
                ],
                [
                    -0.01712734065949917,
                    -0.20780502259731293,
                    -0.9780203104019165,
                    -3.942525863647461
                ],
                [
                    0.0,
                    0.9781638383865356,
                    -0.20783549547195435,
                    -0.8378117084503174
                ],
                [
                    0.0,
                    0.0,
                    0.0,
                    1.0
                ]
            ]
        },
        {
            "file_path": "/data/shapenet_blender/all_50_random/02958343/6dbb3c5d7ce105243afcf7df86a03c60/r_34",
            "rotation": 0.12566370614359174,
            "transform_matrix": [
                [
                    0.9347373843193054,
                    0.0002885059220716357,
                    0.35533925890922546,
                    1.4324183464050293
                ],
                [
                    0.355339378118515,
                    -0.0007589287124574184,
                    -0.9347370266914368,
                    -3.768045425415039
                ],
                [
                    0.0,
                    0.9999996423721313,
                    -0.0008119164849631488,
                    -0.0032729399390518665
                ],
                [
                    0.0,
                    0.0,
                    0.0,
                    1.0
                ]
            ]
        },
        {
            "file_path": "/data/shapenet_blender/all_50_random/02958343/6dbb3c5d7ce105243afcf7df86a03c60/r_35",
            "rotation": 0.12566370614359174,
            "transform_matrix": [
                [
                    0.8930338025093079,
                    -0.29515716433525085,
                    -0.33966565132141113,
                    -1.3692359924316406
                ],
                [
                    -0.4499894380569458,
                    -0.5857588648796082,
                    -0.6740889549255371,
                    -2.717339515686035
                ],
                [
                    2.9802320611338473e-08,
                    0.7548302412033081,
                    -0.655920147895813,
                    -2.6440987586975098
                ],
                [
                    0.0,
                    0.0,
                    0.0,
                    1.0
                ]
            ]
        },
        {
            "file_path": "/data/shapenet_blender/all_50_random/02958343/6dbb3c5d7ce105243afcf7df86a03c60/r_36",
            "rotation": 0.12566370614359174,
            "transform_matrix": [
                [
                    -0.2832516133785248,
                    0.21385197341442108,
                    -0.934898853302002,
                    -3.768697738647461
                ],
                [
                    -0.9590455889701843,
                    -0.06316062062978745,
                    0.2761199474334717,
                    1.1130751371383667
                ],
                [
                    0.0,
                    0.9748219847679138,
                    0.22298415005207062,
                    0.8988778591156006
                ],
                [
                    0.0,
                    0.0,
                    0.0,
                    1.0
                ]
            ]
        },
        {
            "file_path": "/data/shapenet_blender/all_50_random/02958343/6dbb3c5d7ce105243afcf7df86a03c60/r_37",
            "rotation": 0.12566370614359174,
            "transform_matrix": [
                [
                    -0.5199644565582275,
                    0.055875860154628754,
                    -0.8523584008216858,
                    -3.435966730117798
                ],
                [
                    -0.8541878461837769,
                    -0.034012965857982635,
                    0.5188508033752441,
                    2.0915544033050537
                ],
                [
                    -1.8626449271863521e-09,
                    0.9978582859039307,
                    0.06541401147842407,
                    0.26369231939315796
                ],
                [
                    0.0,
                    0.0,
                    0.0,
                    1.0
                ]
            ]
        },
        {
            "file_path": "/data/shapenet_blender/all_50_random/02958343/6dbb3c5d7ce105243afcf7df86a03c60/r_38",
            "rotation": 0.12566370614359174,
            "transform_matrix": [
                [
                    -0.27339768409729004,
                    -0.9402124881744385,
                    0.20311175286769867,
                    0.8187695741653442
                ],
                [
                    0.9619011878967285,
                    -0.2672331929206848,
                    0.05772971734404564,
                    0.232715904712677
                ],
                [
                    0.0,
                    0.2111562043428421,
                    0.9774523377418518,
                    3.9402358531951904
                ],
                [
                    0.0,
                    0.0,
                    0.0,
                    1.0
                ]
            ]
        },
        {
            "file_path": "/data/shapenet_blender/all_50_random/02958343/6dbb3c5d7ce105243afcf7df86a03c60/r_39",
            "rotation": 0.12566370614359174,
            "transform_matrix": [
                [
                    -0.43244606256484985,
                    -0.6100630760192871,
                    -0.6639376878738403,
                    -2.6764187812805176
                ],
                [
                    -0.9016597867012024,
                    0.2925930321216583,
                    0.31843188405036926,
                    1.2836401462554932
                ],
                [
                    0.0,
                    0.7363505959510803,
                    -0.6766000390052795,
                    -2.7274622917175293
                ],
                [
                    0.0,
                    0.0,
                    0.0,
                    1.0
                ]
            ]
        },
        {
            "file_path": "/data/shapenet_blender/all_50_random/02958343/6dbb3c5d7ce105243afcf7df86a03c60/r_40",
            "rotation": 0.12566370614359174,
            "transform_matrix": [
                [
                    -0.9625810980796814,
                    -0.16382113099098206,
                    -0.215870663523674,
                    -0.8702024817466736
                ],
                [
                    -0.27099353075027466,
                    0.581899881362915,
                    0.7667821645736694,
                    3.0909976959228516
                ],
                [
                    -1.4901160305669237e-08,
                    0.7965895533561707,
                    -0.6045203804969788,
                    -2.4368996620178223
                ],
                [
                    0.0,
                    0.0,
                    0.0,
                    1.0
                ]
            ]
        },
        {
            "file_path": "/data/shapenet_blender/all_50_random/02958343/6dbb3c5d7ce105243afcf7df86a03c60/r_41",
            "rotation": 0.12566370614359174,
            "transform_matrix": [
                [
                    -0.9883671402931213,
                    -0.04534980654716492,
                    0.14516885578632355,
                    0.5851943492889404
                ],
                [
                    0.1520874798297882,
                    -0.2947136163711548,
                    0.9434051513671875,
