{
    "class": "02958343",
    "model": "2254e63f695a1cccbbae182929bb7dd",
    "remove_doubles": true,
    "edge_split": true,
    "denoise": true,
    "camera_angle_x": 0.6911112070083618,
    "scale_factor": 2.232848036398002,
    "hdri_file": "/data/IndoorHDRDataset2018/9C4A8115-c461a3d429.exr",
    "center_offset": [
        0.0,
        -1.1641532182693481e-09,
        -3.725290298461914e-09
    ],
    "lights": [],
    "frames": [
        {
            "file_path": "/data/shapenet_blender/all_50_random/02958343/2254e63f695a1cccbbae182929bb7dd/r_0",
            "rotation": 0.12566370614359174,
            "transform_matrix": [
                [
                    -0.49481630325317383,
                    -0.008832365274429321,
                    0.868952751159668,
                    3.5028605461120605
                ],
                [
                    0.8689975738525391,
                    -0.005029240623116493,
                    0.4947907626628876,
                    1.9945653676986694
                ],
                [
                    -4.6566123179658803e-10,
                    0.9999483823776245,
                    0.01016385480761528,
                    0.04097180813550949
                ],
                [
                    0.0,
                    0.0,
                    0.0,
                    1.0
                ]
            ]
        },
        {
            "file_path": "/data/shapenet_blender/all_50_random/02958343/2254e63f695a1cccbbae182929bb7dd/r_1",
            "rotation": 0.12566370614359174,
            "transform_matrix": [
                [
                    0.7432506680488586,
                    -0.6324628591537476,
                    -0.21810339391231537,
                    -0.8792029619216919
                ],
                [
                    -0.6690130233764648,
                    -0.7026447057723999,
                    -0.2423054426908493,
                    -0.9767645597457886
                ],
                [
                    0.0,
                    0.3260077238082886,
                    -0.9453670382499695,
                    -3.810896635055542
                ],
                [
                    0.0,
                    0.0,
                    0.0,
                    1.0
                ]
            ]
        },
        {
            "file_path": "/data/shapenet_blender/all_50_random/02958343/2254e63f695a1cccbbae182929bb7dd/r_2",
            "rotation": 0.12566370614359174,
            "transform_matrix": [
                [
                    -0.6752705574035645,
                    -0.29803961515426636,
                    -0.6746717691421509,
                    -2.719688892364502
                ],
                [
                    -0.7375701069831848,
                    0.2728654444217682,
                    0.6176850199699402,
                    2.4899680614471436
                ],
                [
                    0.0,
                    0.9147222638130188,
                    -0.40408310294151306,
                    -1.6289111375808716
                ],
                [
                    0.0,
                    0.0,
                    0.0,
                    1.0
                ]
            ]
        },
        {
            "file_path": "/data/shapenet_blender/all_50_random/02958343/2254e63f695a1cccbbae182929bb7dd/r_3",
            "rotation": 0.12566370614359174,
            "transform_matrix": [
                [
                    -0.977916955947876,
                    -0.13706915080547333,
                    -0.1577676385641098,
                    -0.6359817385673523
                ],
                [
                    -0.20899425446987152,
                    0.6413680911064148,
                    0.7382196187973022,
                    2.975858688354492
                ],
                [
                    -7.450581485102248e-09,
                    0.7548898458480835,
                    -0.6558513641357422,
                    -2.6438217163085938
                ],
                [
                    0.0,
                    0.0,
                    0.0,
                    1.0
                ]
            ]
        },
        {
            "file_path": "/data/shapenet_blender/all_50_random/02958343/2254e63f695a1cccbbae182929bb7dd/r_4",
            "rotation": 0.12566370614359174,
            "transform_matrix": [
                [
                    -0.9668875336647034,
                    0.0051909578032791615,
                    -0.2551499605178833,
                    -1.0285425186157227
                ],
                [
                    -0.2552027702331543,
                    -0.019666999578475952,
                    0.9666874408721924,
                    3.8968420028686523
                ],
                [
                    -9.313224635931761e-10,
                    0.9997931122779846,
                    0.02034052088856697,
                    0.08199527114629745
                ],
                [
                    0.0,
                    0.0,
                    0.0,
                    1.0
                ]
            ]
        },
        {
            "file_path": "/data/shapenet_blender/all_50_random/02958343/2254e63f695a1cccbbae182929bb7dd/r_5",
            "rotation": 0.12566370614359174,
            "transform_matrix": [
                [
                    -0.02138401009142399,
                    -0.06445442885160446,
                    -0.9976914525032043,
                    -4.021823406219482
                ],
                [
                    -0.9997714161872864,
                    0.0013786094496026635,
                    0.021339522674679756,
                    0.08602237701416016
                ],
                [
                    1.1641533570472262e-10,
                    0.9979196786880493,
                    -0.06446917355060577,
                    -0.2598835825920105
                ],
                [
                    0.0,
                    0.0,
                    0.0,
                    1.0
                ]
            ]
        },
        {
            "file_path": "/data/shapenet_blender/all_50_random/02958343/2254e63f695a1cccbbae182929bb7dd/r_6",
            "rotation": 0.12566370614359174,
            "transform_matrix": [
                [
                    0.9082892537117004,
                    -0.3584073483943939,
                    0.21576537191867828,
                    0.8697780966758728
                ],
                [
                    0.41834259033203125,
                    0.7781602144241333,
                    -0.46846142411231995,
                    -1.8884285688400269
                ],
                [
                    -1.4901160305669237e-08,
                    0.515762448310852,
                    0.8567315936088562,
                    3.4535958766937256
                ],
                [
                    0.0,
                    0.0,
                    0.0,
                    1.0
                ]
            ]
        },
        {
            "file_path": "/data/shapenet_blender/all_50_random/02958343/2254e63f695a1cccbbae182929bb7dd/r_7",
            "rotation": 0.12566370614359174,
            "transform_matrix": [
                [
                    -0.7048134803771973,
                    -0.11269674450159073,
                    -0.700383722782135,
                    -2.8233373165130615
                ],
                [
                    -0.7093927264213562,
                    0.11196926981210709,
                    0.6958626508712769,
                    2.805112361907959
                ],
                [
                    0.0,
                    0.9873005151748657,
                    -0.15886367857456207,
                    -0.6404000520706177
                ],
                [
                    0.0,
                    0.0,
                    0.0,
                    1.0
                ]
            ]
        },
        {
            "file_path": "/data/shapenet_blender/all_50_random/02958343/2254e63f695a1cccbbae182929bb7dd/r_8",
            "rotation": 0.12566370614359174,
            "transform_matrix": [
                [
                    0.2736278474330902,
                    -0.007630429696291685,
                    0.9618054032325745,
                    3.8771615028381348
                ],
                [
                    0.9618356823921204,
                    0.002170742955058813,
                    -0.27361923456192017,
                    -1.102994441986084
                ],
                [
                    2.3283064365386963e-10,
                    0.9999685287475586,
                    0.007933194749057293,
                    0.03197973221540451
                ],
                [
                    0.0,
                    0.0,
                    0.0,
                    1.0
                ]
            ]
        },
        {
            "file_path": "/data/shapenet_blender/all_50_random/02958343/2254e63f695a1cccbbae182929bb7dd/r_9",
            "rotation": 0.12566370614359174,
            "transform_matrix": [
                [
                    0.7161752581596375,
                    -0.633506178855896,
                    0.29285290837287903,
                    1.1805278062820435
                ],
                [
                    0.6979204416275024,
                    0.6500762104988098,
                    -0.30051279067993164,
                    -1.2114057540893555
                ],
                [
                    0.0,
                    0.41960781812667847,
                    0.9077054858207703,
                    3.6590778827667236
                ],
                [
                    0.0,
                    0.0,
                    0.0,
                    1.0
                ]
            ]
        },
        {
            "file_path": "/data/shapenet_blender/all_50_random/02958343/2254e63f695a1cccbbae182929bb7dd/r_10",
            "rotation": 0.12566370614359174,
            "transform_matrix": [
                [
                    0.8939536809921265,
                    0.2850414216518402,
                    0.3458298146724701,
                    1.3940846920013428
                ],
                [
                    0.44815951585769653,
                    -0.5685784220695496,
                    -0.6898343563079834,
                    -2.7808115482330322
                ],
                [
                    0.0,
                    0.7716667652130127,
                    -0.6360267996788025,
                    -2.563906192779541
                ],
                [
                    0.0,
                    0.0,
                    0.0,
                    1.0
                ]
            ]
        },
        {
            "file_path": "/data/shapenet_blender/all_50_random/02958343/2254e63f695a1cccbbae182929bb7dd/r_11",
            "rotation": 0.12566370614359174,
            "transform_matrix": [
                [
                    0.8345891833305359,
                    0.28870248794555664,
                    -0.46916067600250244,
                    -1.891247272491455
                ],
                [
                    -0.550872802734375,
                    0.4373931288719177,
                    -0.7107927799224854,
                    -2.865297555923462
                ],
                [
                    1.4901159417490817e-08,
                    0.8516679406166077,
                    0.524081826210022,
                    2.1126415729522705
                ],
                [
                    0.0,
                    0.0,
                    0.0,
                    1.0
                ]
            ]
        },
        {
            "file_path": "/data/shapenet_blender/all_50_random/02958343/2254e63f695a1cccbbae182929bb7dd/r_12",
            "rotation": 0.12566370614359174,
            "transform_matrix": [
                [
                    -0.8102483153343201,
                    -0.22993811964988708,
                    -0.5390976667404175,
                    -2.1731722354888916
                ],
                [
                    -0.5860869288444519,
                    0.317882776260376,
                    0.7452869415283203,
                    3.004347801208496
                ],
                [
                    -1.4901162970204496e-08,
                    0.919825553894043,
                    -0.3923276662826538,
                    -1.5815234184265137
                ],
                [
                    0.0,
                    0.0,
                    0.0,
                    1.0
                ]
            ]
        },
        {
            "file_path": "/data/shapenet_blender/all_50_random/02958343/2254e63f695a1cccbbae182929bb7dd/r_13",
            "rotation": 0.12566370614359174,
            "transform_matrix": [
                [
                    0.9641196727752686,
                    0.10717543214559555,
                    0.24287161231040955,
                    0.9790467619895935
                ],
                [
                    0.26546788215637207,
                    -0.38923710584640503,
                    -0.8820551633834839,
                    -3.555678129196167
                ],
                [
                    0.0,
                    0.9148814678192139,
                    -0.40372276306152344,
                    -1.6274585723876953
                ],
                [
                    0.0,
                    0.0,
                    0.0,
                    1.0
                ]
            ]
        },
        {
            "file_path": "/data/shapenet_blender/all_50_random/02958343/2254e63f695a1cccbbae182929bb7dd/r_14",
            "rotation": 0.12566370614359174,
            "transform_matrix": [
                [
                    0.7212203741073608,
                    -0.2255079299211502,
                    -0.6549712419509888,
                    -2.6402735710144043
                ],
                [
                    -0.6927056908607483,
                    -0.23479077219963074,
                    -0.6819325685501099,
                    -2.748958110809326
                ],
                [
                    0.0,
                    0.9455259442329407,
                    -0.3255465030670166,
                    -1.3123198747634888
                ],
                [
                    0.0,
                    0.0,
                    0.0,
                    1.0
                ]
            ]
        },
        {
            "file_path": "/data/shapenet_blender/all_50_random/02958343/2254e63f695a1cccbbae182929bb7dd/r_15",
            "rotation": 0.12566370614359174,
            "transform_matrix": [
                [
                    -0.9828242659568787,
                    -0.15209916234016418,
                    -0.1045101135969162,
                    -0.4212937355041504
                ],
                [
                    -0.18454411625862122,
                    0.8100326657295227,
                    0.5565882325172424,
                    2.2436790466308594
                ],
                [
                    0.0,
                    0.5663151741027832,
                    -0.8241887092590332,
                    -3.322411060333252
                ],
                [
                    0.0,
                    0.0,
                    0.0,
                    1.0
                ]
            ]
        },
        {
            "file_path": "/data/shapenet_blender/all_50_random/02958343/2254e63f695a1cccbbae182929bb7dd/r_16",
            "rotation": 0.12566370614359174,
            "transform_matrix": [
                [
                    -0.34691452980041504,
                    0.5370127558708191,
                    0.768939197063446,
                    3.0996932983398438
                ],
                [
                    0.9378968477249146,
                    0.19863329827785492,
                    0.28441953659057617,
                    1.1465319395065308
                ],
                [
                    -1.4901162970204496e-08,
                    0.8198548555374146,
                    -0.5725712776184082,
                    -2.3081088066101074
                ],
                [
                    0.0,
                    0.0,
                    0.0,
                    1.0
                ]
            ]
        },
        {
            "file_path": "/data/shapenet_blender/all_50_random/02958343/2254e63f695a1cccbbae182929bb7dd/r_17",
            "rotation": 0.12566370614359174,
            "transform_matrix": [
                [
                    -0.9941729307174683,
                    -0.08800902217626572,
                    0.06224556639790535,
                    0.250919908285141
                ],
                [
                    0.1077965795993805,
                    -0.8116787672042847,
                    0.5740707516670227,
                    2.3141531944274902
                ],
                [
                    -3.725290298461914e-09,
                    0.5774354934692383,
                    0.8164363503456116,
                    3.2911601066589355
                ],
                [
                    0.0,
                    0.0,
                    0.0,
                    1.0
                ]
            ]
        },
        {
            "file_path": "/data/shapenet_blender/all_50_random/02958343/2254e63f695a1cccbbae182929bb7dd/r_18",
            "rotation": 0.12566370614359174,
            "transform_matrix": [
                [
                    0.642650842666626,
                    0.19927752017974854,
                    0.7397893667221069,
                    2.9821865558624268
                ],
                [
                    0.7661592364311218,
                    -0.16715306043624878,
                    -0.6205319166183472,
                    -2.5014443397521973
                ],
                [
                    -7.450580596923828e-09,
                    0.9655818939208984,
                    -0.260099321603775,
                    -1.0484939813613892
                ],
                [
                    0.0,
                    0.0,
                    0.0,
                    1.0
                ]
            ]
        },
        {
            "file_path": "/data/shapenet_blender/all_50_random/02958343/2254e63f695a1cccbbae182929bb7dd/r_19",
            "rotation": 0.12566370614359174,
            "transform_matrix": [
                [
                    -0.12586091458797455,
                    -0.4013880491256714,
                    0.9072191715240479,
                    3.6571173667907715
                ],
                [
                    0.9920479655265808,
                    -0.050924018025398254,
                    0.11509870737791061,
                    0.46397772431373596
                ],
                [
                    0.0,
                    0.9144912958145142,
                    0.40460553765296936,
                    1.6310170888900757
                ],
                [
                    0.0,
                    0.0,
                    0.0,
                    1.0
                ]
            ]
        },
        {
            "file_path": "/data/shapenet_blender/all_50_random/02958343/2254e63f695a1cccbbae182929bb7dd/r_20",
            "rotation": 0.12566370614359174,
            "transform_matrix": [
                [
                    0.6033326983451843,
                    0.0943400114774704,
                    -0.7918899059295654,
                    -3.1922104358673096
                ],
                [
                    -0.7974897027015686,
                    0.07137198001146317,
                    -0.5990962386131287,
                    -2.415034294128418
                ],
                [
                    7.450581485102248e-09,
                    0.9929783344268799,
                    0.11829622089862823,
                    0.47686731815338135
                ],
                [
                    0.0,
                    0.0,
                    0.0,
                    1.0
                ]
            ]
        },
        {
            "file_path": "/data/shapenet_blender/all_50_random/02958343/2254e63f695a1cccbbae182929bb7dd/r_21",
            "rotation": 0.12566370614359174,
            "transform_matrix": [
                [
                    0.3173137307167053,
                    0.737403929233551,
                    -0.5962779521942139,
                    -2.403672933578491
                ],
                [
                    -0.9483206868171692,
                    0.2467397302389145,
                    -0.1995181441307068,
                    -0.8042832612991333
                ],
                [
                    -1.4901161193847656e-08,
                    0.6287724375724792,
                    0.7775893807411194,
                    3.1345627307891846
                ],
                [
                    0.0,
                    0.0,
                    0.0,
                    1.0
                ]
            ]
        },
        {
            "file_path": "/data/shapenet_blender/all_50_random/02958343/2254e63f695a1cccbbae182929bb7dd/r_22",
            "rotation": 0.12566370614359174,
            "transform_matrix": [
                [
                    -0.41138577461242676,
                    0.6475850939750671,
                    -0.6414009928703308,
                    -2.5855700969696045
                ],
                [
                    -0.9114612936973572,
                    -0.2922859191894531,
                    0.28949472308158875,
                    1.1669905185699463
                ],
                [
                    -1.4901161193847656e-08,
                    0.7037062048912048,
                    0.7104910612106323,
                    2.8640811443328857
                ],
                [
                    0.0,
                    0.0,
                    0.0,
                    1.0
                ]
            ]
        },
        {
            "file_path": "/data/shapenet_blender/all_50_random/02958343/2254e63f695a1cccbbae182929bb7dd/r_23",
            "rotation": 0.12566370614359174,
            "transform_matrix": [
                [
                    0.36640313267707825,
                    -0.5963350534439087,
                    0.7142361402511597,
                    2.879178047180176
                ],
                [
                    0.930456280708313,
                    0.23482999205589294,
                    -0.28125810623168945,
                    -1.1337876319885254
                ],
                [
                    0.0,
                    0.767619252204895,
                    0.6409060955047607,
                    2.5835750102996826
                ],
                [
                    0.0,
                    0.0,
                    0.0,
                    1.0
                ]
            ]
        },
        {
            "file_path": "/data/shapenet_blender/all_50_random/02958343/2254e63f695a1cccbbae182929bb7dd/r_24",
            "rotation": 0.12566370614359174,
            "transform_matrix": [
                [
                    0.549981951713562,
                    -0.6017506718635559,
                    -0.5791509747505188,
                    -2.334632396697998
                ],
                [
                    -0.8351764678955078,
                    -0.3962659537792206,
                    -0.3813835680484772,
                    -1.5374064445495605
                ],
                [
                    1.4901159417490817e-08,
                    0.6934474110603333,
                    -0.7205072045326233,
                    -2.9044575691223145
                ],
                [
                    0.0,
                    0.0,
                    0.0,
                    1.0
                ]
            ]
        },
        {
            "file_path": "/data/shapenet_blender/all_50_random/02958343/2254e63f695a1cccbbae182929bb7dd/r_25",
            "rotation": 0.12566370614359174,
            "transform_matrix": [
                [
                    -0.17489641904830933,
                    -0.002841562731191516,
                    0.984582781791687,
                    3.968980073928833
                ],
                [
                    0.9845868945121765,
                    -0.0005047590238973498,
                    0.17489568889141083,
                    0.7050270438194275
                ],
                [
                    0.0,
                    0.9999958276748657,
                    0.0028860459569841623,
                    0.011634022928774357
                ],
                [
                    0.0,
                    0.0,
                    0.0,
                    1.0
                ]
            ]
        },
        {
            "file_path": "/data/shapenet_blender/all_50_random/02958343/2254e63f695a1cccbbae182929bb7dd/r_26",
            "rotation": 0.12566370614359174,
            "transform_matrix": [
                [
                    -0.8601154088973999,
                    0.09979058057069778,
                    -0.5002433061599731,
                    -2.016545295715332
                ],
                [
                    -0.5100995302200317,
                    -0.16826406121253967,
                    0.8434960842132568,
                    3.4002413749694824
                ],
                [
                    -7.450580596923828e-09,
                    0.9806778430938721,
                    0.19562962651252747,
                    0.7886082530021667
                ],
                [
                    0.0,
                    0.0,
                    0.0,
                    1.0
                ]
            ]
        },
        {
            "file_path": "/data/shapenet_blender/all_50_random/02958343/2254e63f695a1cccbbae182929bb7dd/r_27",
            "rotation": 0.12566370614359174,
            "transform_matrix": [
                [
                    0.9978296160697937,
                    0.0029221992008388042,
                    0.06578390300273895,
                    0.26518335938453674
                ],
                [
                    0.06584876030683517,
                    -0.044281113892793655,
                    -0.9968466758728027,
                    -4.018416881561279
                ],
                [
                    0.0,
                    0.9990147948265076,
                    -0.044377438724040985,
                    -0.1788911521434784
                ],
                [
                    0.0,
                    0.0,
                    0.0,
                    1.0
                ]
            ]
        },
        {
            "file_path": "/data/shapenet_blender/all_50_random/02958343/2254e63f695a1cccbbae182929bb7dd/r_28",
            "rotation": 0.12566370614359174,
            "transform_matrix": [
                [
                    -0.999855101108551,
                    -0.0003041425079572946,
                    0.017026545479893684,
                    0.0686362013220787
                ],
                [
                    0.017029261216521263,
                    -0.017857404425740242,
                    0.9996955394744873,
                    4.029901504516602
                ],
                [
                    0.0,
                    0.9998404383659363,
                    0.017859995365142822,
                    0.07199594378471375
                ],
                [
                    0.0,
                    0.0,
                    0.0,
                    1.0
                ]
            ]
        },
        {
            "file_path": "/data/shapenet_blender/all_50_random/02958343/2254e63f695a1cccbbae182929bb7dd/r_29",
            "rotation": 0.12566370614359174,
            "transform_matrix": [
                [
                    -0.9577579498291016,
                    0.0011796338949352503,
                    -0.2875732183456421,
                    -1.1592445373535156
                ],
                [
                    -0.2875756025314331,
                    -0.003928718622773886,
                    0.9577499628067017,
                    3.8608131408691406
                ],
                [
                    0.0,
                    0.9999916553497314,
                    0.004101995378732681,
                    0.016535669565200806
                ],
                [
                    0.0,
                    0.0,
                    0.0,
                    1.0
                ]
            ]
        },
        {
            "file_path": "/data/shapenet_blender/all_50_random/02958343/2254e63f695a1cccbbae182929bb7dd/r_30",
            "rotation": 0.12566370614359174,
            "transform_matrix": [
                [
                    -0.6941232085227966,
                    0.25217753648757935,
                    0.6742398738861084,
                    2.7179479598999023
                ],
                [
                    0.7198562026023865,
                    0.2431628406047821,
                    0.6501375436782837,
                    2.620788335800171
                ],
                [
                    0.0,
                    0.9366313815116882,
                    -0.35031652450561523,
                    -1.4121711254119873
                ],
                [
                    0.0,
                    0.0,
                    0.0,
                    1.0
                ]
            ]
        },
        {
            "file_path": "/data/shapenet_blender/all_50_random/02958343/2254e63f695a1cccbbae182929bb7dd/r_31",
            "rotation": 0.12566370614359174,
            "transform_matrix": [
                [
                    0.9935395121574402,
                    -0.02032775990664959,
                    0.11165080219507217,
                    0.4500787854194641
                ],
                [
                    0.11348620057106018,
                    0.1779637634754181,
                    -0.977471113204956,
                    -3.940312147140503
                ],
                [
                    1.8626450382086546e-09,
                    0.9838270545005798,
                    0.1791209578514099,
                    0.7220596671104431
                ],
                [
                    0.0,
                    0.0,
                    0.0,
                    1.0
                ]
            ]
        },
        {
            "file_path": "/data/shapenet_blender/all_50_random/02958343/2254e63f695a1cccbbae182929bb7dd/r_32",
            "rotation": 0.12566370614359174,
            "transform_matrix": [
                [
                    0.05571870133280754,
                    0.5170594453811646,
                    0.8541340827941895,
                    3.443124294281006
                ],
                [
                    0.9984465837478638,
                    -0.02885470539331436,
                    -0.04766528680920601,
                    -0.19214490056037903
                ],
                [
                    -1.862645149230957e-09,
                    0.855462908744812,
                    -0.5178639888763428,
                    -2.087576150894165
                ],
                [
                    0.0,
                    0.0,
                    0.0,
                    1.0
                ]
            ]
        },
        {
            "file_path": "/data/shapenet_blender/all_50_random/02958343/2254e63f695a1cccbbae182929bb7dd/r_33",
            "rotation": 0.12566370614359174,
            "transform_matrix": [
                [
                    -0.9146292209625244,
                    -0.31249067187309265,
                    -0.2565211355686188,
                    -1.0340698957443237
                ],
                [
                    -0.40429389476776123,
                    0.706943929195404,
                    0.5803247094154358,
                    2.3393640518188477
                ],
                [
                    0.0,
                    0.6344918012619019,
                    -0.7729293704032898,
                    -3.1157784461975098
                ],
                [
                    0.0,
                    0.0,
                    0.0,
                    1.0
                ]
            ]
        },
        {
            "file_path": "/data/shapenet_blender/all_50_random/02958343/2254e63f695a1cccbbae182929bb7dd/r_34",
            "rotation": 0.12566370614359174,
            "transform_matrix": [
                [
                    -0.772409200668335,
                    0.21173524856567383,
                    -0.5987924337387085,
                    -2.4138095378875732
                ],
                [
                    -0.6351253390312195,
                    -0.2575022876262665,
                    0.7282227277755737,
                    2.9355597496032715
                ],
                [
                    0.0,
                    0.9427940249443054,
                    0.3333755433559418,
                    1.3438798189163208
                ],
                [
                    0.0,
                    0.0,
                    0.0,
                    1.0
                ]
            ]
        },
        {
            "file_path": "/data/shapenet_blender/all_50_random/02958343/2254e63f695a1cccbbae182929bb7dd/r_35",
            "rotation": 0.12566370614359174,
            "transform_matrix": [
                [
                    -0.9495152831077576,
                    -0.021182455122470856,
                    0.3130047023296356,
                    1.261762261390686
                ],
                [
                    0.31372061371803284,
                    -0.0641113817691803,
                    0.947348415851593,
                    3.8188836574554443
                ],
                [
                    0.0,
                    0.9977178573608398,
                    0.06752011179924011,
                    0.27218228578567505
                ],
                [
                    0.0,
                    0.0,
                    0.0,
                    1.0
                ]
            ]
        },
        {
            "file_path": "/data/shapenet_blender/all_50_random/02958343/2254e63f695a1cccbbae182929bb7dd/r_36",
            "rotation": 0.12566370614359174,
            "transform_matrix": [
                [
                    -0.3396279215812683,
                    -0.032323528081178665,
                    -0.940004289150238,
                    -3.789278507232666
                ],
                [
                    -0.9405598640441895,
                    0.011671744287014008,
                    0.33942732214927673,
                    1.3682752847671509
                ],
                [
                    0.0,
                    0.9994091987609863,
                    -0.034366268664598465,
                    -0.13853485882282257
                ],
                [
                    0.0,
                    0.0,
                    0.0,
                    1.0
                ]
            ]
        },
        {
            "file_path": "/data/shapenet_blender/all_50_random/02958343/2254e63f695a1cccbbae182929bb7dd/r_37",
            "rotation": 0.12566370614359174,
            "transform_matrix": [
                [
                    0.9293890595436096,
                    -0.0840359479188919,
                    0.3594076931476593,
                    1.4488188028335571
                ],
                [
                    0.36910152435302734,
                    0.21160058677196503,
                    -0.9049802422523499,
                    -3.648092031478882
                ],
                [
                    -7.450580596923828e-09,
                    0.9737367033958435,
                    0.22767704725265503,
                    0.9177955389022827
                ],
                [
                    0.0,
                    0.0,
                    0.0,
                    1.0
                ]
            ]
        },
        {
            "file_path": "/data/shapenet_blender/all_50_random/02958343/2254e63f695a1cccbbae182929bb7dd/r_38",
            "rotation": 0.12566370614359174,
            "transform_matrix": [
                [
                    -0.9823060631752014,
                    0.00750155420973897,
                    -0.18713262677192688,
                    -0.7543557286262512
                ],
                [
                    -0.18728291988372803,
                    -0.039345934987068176,
                    0.9815176725387573,
                    3.9566242694854736
                ],
                [
                    0.0,
                    0.9991974234580994,
                    0.04005466029047966,
                    0.16146549582481384
                ],
                [
                    0.0,
                    0.0,
                    0.0,
                    1.0
                ]
            ]
        },
        {
            "file_path": "/data/shapenet_blender/all_50_random/02958343/2254e63f695a1cccbbae182929bb7dd/r_39",
            "rotation": 0.12566370614359174,
            "transform_matrix": [
                [
                    0.9965798258781433,
                    0.02620597369968891,
                    -0.07837006449699402,
                    -0.31591978669166565
                ],
                [
                    -0.08263545483350754,
                    0.31604284048080444,
                    -0.9451394081115723,
                    -3.8099782466888428
                ],
                [
                    0.0,
                    0.9483828544616699,
                    0.317127525806427,
                    1.2783818244934082
                ],
                [
                    0.0,
                    0.0,
                    0.0,
                    1.0
                ]
            ]
        },
        {
            "file_path": "/data/shapenet_blender/all_50_random/02958343/2254e63f695a1cccbbae182929bb7dd/r_40",
            "rotation": 0.12566370614359174,
            "transform_matrix": [
                [
                    0.24308787286281586,
                    0.19790413975715637,
                    -0.9496011734008789,
                    -3.8279643058776855
                ],
                [
                    -0.9700043201446533,
                    0.049595750868320465,
                    -0.23797473311424255,
                    -0.9593067169189453
                ],
                [
                    -3.725290298461914e-09,
                    0.9789658188819885,
                    0.2040240317583084,
                    0.8224470615386963
                ],
                [
                    0.0,
                    0.0,
                    0.0,
                    1.0
                ]
            ]
        },
        {
            "file_path": "/data/shapenet_blender/all_50_random/02958343/2254e63f695a1cccbbae182929bb7dd/r_41",
            "rotation": 0.12566370614359174,
            "transform_matrix": [
                [
                    -0.19406437873840332,
                    0.7133921384811401,
                    0.6733576655387878,
                    2.7143917083740234
                ],
                [
                    0.9809888005256653,
                    0.14112699031829834,
                    0.13320715725421906,
                    0.5369752645492554
                ],
