{
    "class": "02958343",
    "model": "6056451a4b65a12858dbdf2b5c6acfca",
    "remove_doubles": true,
    "edge_split": true,
    "denoise": true,
    "camera_angle_x": 0.6911112070083618,
    "scale_factor": 2.274099389212176,
    "hdri_file": "/data/IndoorHDRDataset2018/AG8A4022-40f95d816f.exr",
    "center_offset": [
        0.0,
        0.0,
        0.0
    ],
    "lights": [],
    "frames": [
        {
            "file_path": "/data/shapenet_blender/all_50_random/02958343/6056451a4b65a12858dbdf2b5c6acfca/r_0",
            "rotation": 0.12566370614359174,
            "transform_matrix": [
                [
                    0.3906802237033844,
                    -0.8000479936599731,
                    0.45529353618621826,
                    1.835347056388855
                ],
                [
                    0.9205264449119568,
                    0.3395479917526245,
                    -0.19323091208934784,
                    -0.7789387702941895
                ],
                [
                    0.0,
                    0.49460121989250183,
                    0.8691198825836182,
                    3.5035345554351807
                ],
                [
                    0.0,
                    0.0,
                    0.0,
                    1.0
                ]
            ]
        },
        {
            "file_path": "/data/shapenet_blender/all_50_random/02958343/6056451a4b65a12858dbdf2b5c6acfca/r_1",
            "rotation": 0.12566370614359174,
            "transform_matrix": [
                [
                    -0.24927908182144165,
                    0.4738887846469879,
                    0.8445644974708557,
                    3.4045486450195312
                ],
                [
                    0.9684317111968994,
                    0.12198130041360855,
                    0.21739505231380463,
                    0.876347541809082
                ],
                [
                    0.0,
                    0.8720951676368713,
                    -0.4893362820148468,
                    -1.9725778102874756
                ],
                [
                    0.0,
                    0.0,
                    0.0,
                    1.0
                ]
            ]
        },
        {
            "file_path": "/data/shapenet_blender/all_50_random/02958343/6056451a4b65a12858dbdf2b5c6acfca/r_2",
            "rotation": 0.12566370614359174,
            "transform_matrix": [
                [
                    0.3779366910457611,
                    0.2610560953617096,
                    0.8882643580436707,
                    3.5807082653045654
                ],
                [
                    0.9258314371109009,
                    -0.10656655579805374,
                    -0.36260128021240234,
                    -1.4616925716400146
                ],
                [
                    -7.450580596923828e-09,
                    0.9594233632087708,
                    -0.2819693684577942,
                    -1.1366548538208008
                ],
                [
                    0.0,
                    0.0,
                    0.0,
                    1.0
                ]
            ]
        },
        {
            "file_path": "/data/shapenet_blender/all_50_random/02958343/6056451a4b65a12858dbdf2b5c6acfca/r_3",
            "rotation": 0.12566370614359174,
            "transform_matrix": [
                [
                    0.9998771548271179,
                    -0.011813513934612274,
                    -0.010311213321983814,
                    -0.04156583547592163
                ],
                [
                    -0.015680572018027306,
                    -0.7532928586006165,
                    -0.6574981212615967,
                    -2.6504600048065186
                ],
                [
                    -4.656613428188905e-10,
                    0.6575789451599121,
                    -0.7533854842185974,
                    -3.036994218826294
                ],
                [
                    0.0,
                    0.0,
                    0.0,
                    1.0
                ]
            ]
        },
        {
            "file_path": "/data/shapenet_blender/all_50_random/02958343/6056451a4b65a12858dbdf2b5c6acfca/r_4",
            "rotation": 0.12566370614359174,
            "transform_matrix": [
                [
                    0.0362270213663578,
                    0.5921123623847961,
                    -0.8050406575202942,
                    -3.245223045349121
                ],
                [
                    -0.9993436336517334,
                    0.021464556455612183,
                    -0.02918338216841221,
                    -0.11764198541641235
                ],
                [
                    -1.862645149230957e-09,
                    0.8055695295333862,
                    0.592501163482666,
                    2.388448715209961
                ],
                [
                    0.0,
                    0.0,
                    0.0,
                    1.0
                ]
            ]
        },
        {
            "file_path": "/data/shapenet_blender/all_50_random/02958343/6056451a4b65a12858dbdf2b5c6acfca/r_5",
            "rotation": 0.12566370614359174,
            "transform_matrix": [
                [
                    0.9943026304244995,
                    -0.02641320787370205,
                    -0.10326975584030151,
                    -0.4162937104701996
                ],
                [
                    -0.10659409314393997,
                    -0.24638064205646515,
                    -0.9632934331893921,
                    -3.88316011428833
                ],
                [
                    0.0,
                    0.9688131809234619,
                    -0.24779239296913147,
                    -0.998883068561554
                ],
                [
                    0.0,
                    0.0,
                    0.0,
                    1.0
                ]
            ]
        },
        {
            "file_path": "/data/shapenet_blender/all_50_random/02958343/6056451a4b65a12858dbdf2b5c6acfca/r_6",
            "rotation": 0.12566370614359174,
            "transform_matrix": [
                [
                    0.9801383018493652,
                    -0.17602860927581787,
                    0.09134001284837723,
                    0.36820337176322937
                ],
                [
                    0.1983155906200409,
                    0.8699889779090881,
                    -0.45143118500709534,
                    -1.8197773694992065
                ],
                [
                    0.0,
                    0.4605790972709656,
                    0.8876186609268188,
                    3.5781052112579346
                ],
                [
                    0.0,
                    0.0,
                    0.0,
                    1.0
                ]
            ]
        },
        {
            "file_path": "/data/shapenet_blender/all_50_random/02958343/6056451a4b65a12858dbdf2b5c6acfca/r_7",
            "rotation": 0.12566370614359174,
            "transform_matrix": [
                [
                    0.03451453521847725,
                    0.2658368945121765,
                    0.9633998870849609,
                    3.883589506149292
                ],
                [
                    0.99940425157547,
                    -0.0091807059943676,
                    -0.03327111899852753,
                    -0.1341201812028885
                ],
                [
                    -9.31322685637781e-10,
                    0.9639742970466614,
                    -0.2659953236579895,
                    -1.0722615718841553
                ],
                [
                    0.0,
                    0.0,
                    0.0,
                    1.0
                ]
            ]
        },
        {
            "file_path": "/data/shapenet_blender/all_50_random/02958343/6056451a4b65a12858dbdf2b5c6acfca/r_8",
            "rotation": 0.12566370614359174,
            "transform_matrix": [
                [
                    0.2973105311393738,
                    0.025780124589800835,
                    -0.9544327855110168,
                    -3.8474411964416504
                ],
                [
                    -0.9547809362411499,
                    0.008027707226574421,
                    -0.29720211029052734,
                    -1.1980599164962769
                ],
                [
                    -4.656612873077393e-10,
                    0.9996354579925537,
                    0.027001092210412025,
                    0.10884486883878708
                ],
                [
                    0.0,
                    0.0,
                    0.0,
                    1.0
                ]
            ]
        },
        {
            "file_path": "/data/shapenet_blender/all_50_random/02958343/6056451a4b65a12858dbdf2b5c6acfca/r_9",
            "rotation": 0.12566370614359174,
            "transform_matrix": [
                [
                    -0.9025322198867798,
                    -0.010656889528036118,
                    -0.4304904639720917,
                    -1.7353626489639282
                ],
                [
                    -0.4306223690509796,
                    0.02233554609119892,
                    0.9022557139396667,
                    3.6371092796325684
                ],
                [
                    9.313225746154785e-10,
                    0.999693751335144,
                    -0.024747639894485474,
                    -0.09976093471050262
                ],
                [
                    0.0,
                    0.0,
                    0.0,
                    1.0
                ]
            ]
        },
        {
            "file_path": "/data/shapenet_blender/all_50_random/02958343/6056451a4b65a12858dbdf2b5c6acfca/r_10",
            "rotation": 0.12566370614359174,
            "transform_matrix": [
                [
                    0.9771010875701904,
                    0.08553189039230347,
                    0.19482728838920593,
                    0.7853739261627197
                ],
                [
                    0.21277540922164917,
                    -0.39277708530426025,
                    -0.8946802616119385,
                    -3.6065714359283447
                ],
                [
                    0.0,
                    0.9156476259231567,
                    -0.40198200941085815,
                    -1.6204413175582886
                ],
                [
                    0.0,
                    0.0,
                    0.0,
                    1.0
                ]
            ]
        },
        {
            "file_path": "/data/shapenet_blender/all_50_random/02958343/6056451a4b65a12858dbdf2b5c6acfca/r_11",
            "rotation": 0.12566370614359174,
            "transform_matrix": [
                [
                    -1.0,
                    -9.609309199731797e-05,
                    -1.0756881238194183e-05,
                    -4.336237907409668e-05
                ],
                [
                    -9.669330029282719e-05,
                    0.993792712688446,
                    0.11124744266271591,
                    0.44845283031463623
                ],
                [
                    -9.094948101931455e-13,
                    0.11124758422374725,
                    -0.9937926530838013,
                    -4.006106853485107
                ],
                [
                    0.0,
                    0.0,
                    0.0,
                    1.0
                ]
            ]
        },
        {
            "file_path": "/data/shapenet_blender/all_50_random/02958343/6056451a4b65a12858dbdf2b5c6acfca/r_12",
            "rotation": 0.12566370614359174,
            "transform_matrix": [
                [
                    -0.9999103546142578,
                    0.005576675292104483,
                    -0.012178594246506691,
                    -0.04909348487854004
                ],
                [
                    -0.013394681736826897,
                    -0.4162977337837219,
                    0.9091296792030334,
                    3.6648190021514893
                ],
                [
                    -4.656613428188905e-10,
                    0.9092112183570862,
                    0.4163350760936737,
                    1.678300380706787
                ],
                [
                    0.0,
                    0.0,
                    0.0,
                    1.0
                ]
            ]
        },
        {
            "file_path": "/data/shapenet_blender/all_50_random/02958343/6056451a4b65a12858dbdf2b5c6acfca/r_13",
            "rotation": 0.12566370614359174,
            "transform_matrix": [
                [
                    -0.500108003616333,
                    0.31049540638923645,
                    0.8083839416503906,
                    3.258699893951416
                ],
                [
                    0.8659631609916687,
                    0.1793162226676941,
                    0.46685507893562317,
                    1.8819530010223389
                ],
                [
                    0.0,
                    0.933508574962616,
                    -0.35855501890182495,
                    -1.44538152217865
                ],
                [
                    0.0,
                    0.0,
                    0.0,
                    1.0
                ]
            ]
        },
        {
            "file_path": "/data/shapenet_blender/all_50_random/02958343/6056451a4b65a12858dbdf2b5c6acfca/r_14",
            "rotation": 0.12566370614359174,
            "transform_matrix": [
                [
                    -0.8350816965103149,
                    -0.015701647847890854,
                    -0.5499019026756287,
                    -2.2167251110076904
                ],
                [
                    -0.5501259565353394,
                    0.023834828287363052,
                    0.8347415328025818,
                    3.36495041847229
                ],
                [
                    0.0,
                    0.9995926022529602,
                    -0.028541918843984604,
                    -0.11505614221096039
                ],
                [
                    0.0,
                    0.0,
                    0.0,
                    1.0
                ]
            ]
        },
        {
            "file_path": "/data/shapenet_blender/all_50_random/02958343/6056451a4b65a12858dbdf2b5c6acfca/r_15",
            "rotation": 0.12566370614359174,
            "transform_matrix": [
                [
                    0.47515907883644104,
                    0.20593838393688202,
                    -0.8554607033729553,
                    -3.4484729766845703
                ],
                [
                    -0.8798999786376953,
                    0.11120978742837906,
                    -0.4619615077972412,
                    -1.8622266054153442
                ],
                [
                    -7.450581485102248e-09,
                    0.9722251296043396,
                    0.23404745757579803,
                    0.943475604057312
                ],
                [
                    0.0,
                    0.0,
                    0.0,
                    1.0
                ]
            ]
        },
        {
            "file_path": "/data/shapenet_blender/all_50_random/02958343/6056451a4b65a12858dbdf2b5c6acfca/r_16",
            "rotation": 0.12566370614359174,
            "transform_matrix": [
                [
                    0.30589133501052856,
                    -0.252282977104187,
                    -0.9180325865745544,
                    -3.7007076740264893
                ],
                [
                    -0.9520664811134338,
                    -0.08105650544166565,
                    -0.2949565052986145,
                    -1.1890077590942383
                ],
                [
                    0.0,
                    0.9642525911331177,
                    -0.264984667301178,
                    -1.0681873559951782
                ],
                [
                    0.0,
                    0.0,
                    0.0,
                    1.0
                ]
            ]
        },
        {
            "file_path": "/data/shapenet_blender/all_50_random/02958343/6056451a4b65a12858dbdf2b5c6acfca/r_17",
            "rotation": 0.12566370614359174,
            "transform_matrix": [
                [
                    0.8734185695648193,
                    0.12970933318138123,
                    0.4693778157234192,
                    1.8921222686767578
                ],
                [
                    0.4869702160358429,
                    -0.23264367878437042,
                    -0.8418651819229126,
                    -3.3936667442321777
                ],
                [
                    7.450580152834618e-09,
                    0.963873565196991,
                    -0.26635992527008057,
                    -1.0737310647964478
                ],
                [
                    0.0,
                    0.0,
                    0.0,
                    1.0
                ]
            ]
        },
        {
            "file_path": "/data/shapenet_blender/all_50_random/02958343/6056451a4b65a12858dbdf2b5c6acfca/r_18",
            "rotation": 0.12566370614359174,
            "transform_matrix": [
                [
                    0.945652961730957,
                    0.015153669752180576,
                    -0.3248242139816284,
                    -1.30940842628479
                ],
                [
                    -0.32517749071121216,
                    0.0440685860812664,
                    -0.9446255564689636,
                    -3.8079075813293457
                ],
                [
                    9.313225746154785e-10,
                    0.9989134669303894,
                    0.04660122096538544,
                    0.1878555417060852
                ],
                [
                    0.0,
                    0.0,
                    0.0,
                    1.0
                ]
            ]
        },
        {
            "file_path": "/data/shapenet_blender/all_50_random/02958343/6056451a4b65a12858dbdf2b5c6acfca/r_19",
            "rotation": 0.12566370614359174,
            "transform_matrix": [
                [
                    -0.1551327407360077,
                    0.07034512609243393,
                    -0.9853858947753906,
                    -3.9722177982330322
                ],
                [
                    -0.9878935813903809,
                    -0.01104656606912613,
                    0.15473894774913788,
                    0.6237726807594299
                ],
                [
                    9.313225191043273e-10,
                    0.9974615573883057,
                    0.07120718061923981,
                    0.28704535961151123
                ],
                [
                    0.0,
                    0.0,
                    0.0,
                    1.0
                ]
            ]
        },
        {
            "file_path": "/data/shapenet_blender/all_50_random/02958343/6056451a4b65a12858dbdf2b5c6acfca/r_20",
            "rotation": 0.12566370614359174,
            "transform_matrix": [
                [
                    0.9117127656936646,
                    -0.3698860704898834,
                    0.17878524959087372,
                    0.7207064032554626
                ],
                [
                    0.41082829236984253,
                    0.820853590965271,
                    -0.39676138758659363,
                    -1.5993963479995728
                ],
                [
                    0.0,
                    0.4351824223995209,
                    0.9003422856330872,
                    3.6293959617614746
                ],
                [
                    0.0,
                    0.0,
                    0.0,
                    1.0
                ]
            ]
        },
        {
            "file_path": "/data/shapenet_blender/all_50_random/02958343/6056451a4b65a12858dbdf2b5c6acfca/r_21",
            "rotation": 0.12566370614359174,
            "transform_matrix": [
                [
                    0.0923980176448822,
                    -0.0008728204993531108,
                    0.995721697807312,
                    4.013882637023926
                ],
                [
                    0.9957221150398254,
                    8.099336264422163e-05,
                    -0.09239798039197922,
                    -0.37246817350387573
                ],
                [
                    7.275957180502557e-12,
                    0.9999996423721313,
                    0.0008765702950768173,
                    0.003533568000420928
                ],
                [
                    0.0,
                    0.0,
                    0.0,
                    1.0
                ]
            ]
        },
        {
            "file_path": "/data/shapenet_blender/all_50_random/02958343/6056451a4b65a12858dbdf2b5c6acfca/r_22",
            "rotation": 0.12566370614359174,
            "transform_matrix": [
                [
                    0.19843082129955292,
                    -0.3594059348106384,
                    -0.9118401408195496,
                    -3.6757454872131348
                ],
                [
                    -0.9801149368286133,
                    -0.07276412844657898,
                    -0.1846081167459488,
                    -0.7441791892051697
                ],
                [
                    -7.450580596923828e-09,
                    0.930340051651001,
                    -0.366697758436203,
                    -1.4782060384750366
                ],
                [
                    0.0,
                    0.0,
                    0.0,
                    1.0
                ]
            ]
        },
        {
            "file_path": "/data/shapenet_blender/all_50_random/02958343/6056451a4b65a12858dbdf2b5c6acfca/r_23",
            "rotation": 0.12566370614359174,
            "transform_matrix": [
                [
                    0.6888183951377869,
                    0.5021433234214783,
                    0.522858738899231,
                    2.107710838317871
                ],
                [
                    0.724933922290802,
                    -0.4771270155906677,
                    -0.4968104064464569,
                    -2.002706527709961
                ],
                [
                    0.0,
                    0.7212501168251038,
                    -0.6926746964454651,
                    -2.7922606468200684
                ],
                [
                    0.0,
                    0.0,
                    0.0,
                    1.0
                ]
            ]
        },
        {
            "file_path": "/data/shapenet_blender/all_50_random/02958343/6056451a4b65a12858dbdf2b5c6acfca/r_24",
            "rotation": 0.12566370614359174,
            "transform_matrix": [
                [
                    0.8803081512451172,
                    0.254131555557251,
                    0.40059295296669006,
                    1.6148419380187988
                ],
                [
                    0.47440236806869507,
                    -0.47157037258148193,
                    -0.7433463335037231,
                    -2.9965250492095947
                ],
                [
                    1.4901161193847656e-08,
                    0.8444162011146545,
                    -0.5356876850128174,
                    -2.15942645072937
                ],
                [
                    0.0,
                    0.0,
                    0.0,
                    1.0
                ]
            ]
        },
        {
            "file_path": "/data/shapenet_blender/all_50_random/02958343/6056451a4b65a12858dbdf2b5c6acfca/r_25",
            "rotation": 0.12566370614359174,
            "transform_matrix": [
                [
                    -0.539341926574707,
                    -0.3035670220851898,
                    -0.7854663729667664,
                    -3.166315793991089
                ],
                [
                    -0.8420868515968323,
                    0.1944293975830078,
                    0.503077507019043,
                    2.0279700756073
                ],
                [
                    1.4901160305669237e-08,
                    0.9327616095542908,
                    -0.3604937493801117,
                    -1.45319664478302
                ],
                [
                    0.0,
                    0.0,
                    0.0,
                    1.0
                ]
            ]
        },
        {
            "file_path": "/data/shapenet_blender/all_50_random/02958343/6056451a4b65a12858dbdf2b5c6acfca/r_26",
            "rotation": 0.12566370614359174,
            "transform_matrix": [
                [
                    -0.9560095071792603,
                    -0.031338952481746674,
                    -0.2916569113731384,
                    -1.1757066249847412
                ],
                [
                    -0.29333579540252686,
                    0.10213665664196014,
                    0.9505378603935242,
                    3.831740617752075
                ],
                [
                    0.0,
                    0.9942765831947327,
                    -0.10683645308017731,
                    -0.4306715130805969
                ],
                [
                    0.0,
                    0.0,
                    0.0,
                    1.0
                ]
            ]
        },
        {
            "file_path": "/data/shapenet_blender/all_50_random/02958343/6056451a4b65a12858dbdf2b5c6acfca/r_27",
            "rotation": 0.12566370614359174,
            "transform_matrix": [
                [
                    0.9993786811828613,
                    0.003910974133759737,
                    0.03502797335386276,
                    0.14120227098464966
                ],
                [
                    0.035245630890131,
                    -0.11089444160461426,
                    -0.9932070374488831,
                    -4.0037455558776855
                ],
                [
                    2.3283064365386963e-10,
                    0.9938244223594666,
                    -0.1109633818268776,
                    -0.4473077058792114
                ],
                [
                    0.0,
                    0.0,
                    0.0,
                    1.0
                ]
            ]
        },
        {
            "file_path": "/data/shapenet_blender/all_50_random/02958343/6056451a4b65a12858dbdf2b5c6acfca/r_28",
            "rotation": 0.12566370614359174,
            "transform_matrix": [
                [
                    -0.9921071529388428,
                    -0.007802462205290794,
                    0.12515048682689667,
                    0.504497766494751
                ],
                [
                    0.12539349496364594,
                    -0.0617327019572258,
                    0.9901845455169678,
                    3.9915616512298584
                ],
                [
                    0.0,
                    0.9980621933937073,
                    0.062223825603723526,
                    0.2508322596549988
                ],
                [
                    0.0,
                    0.0,
                    0.0,
                    1.0
                ]
            ]
        },
        {
            "file_path": "/data/shapenet_blender/all_50_random/02958343/6056451a4b65a12858dbdf2b5c6acfca/r_29",
            "rotation": 0.12566370614359174,
            "transform_matrix": [
                [
                    0.9982813000679016,
                    0.0008729841792955995,
                    0.058598872274160385,
                    0.236219584941864
                ],
                [
                    0.0586053766310215,
                    -0.014870373532176018,
                    -0.9981705546379089,
                    -4.023753643035889
                ],
                [
                    5.820766091346741e-11,
                    0.999889075756073,
                    -0.014895976521074772,
                    -0.06004759669303894
                ],
                [
                    0.0,
                    0.0,
                    0.0,
                    1.0
                ]
            ]
        },
        {
            "file_path": "/data/shapenet_blender/all_50_random/02958343/6056451a4b65a12858dbdf2b5c6acfca/r_30",
            "rotation": 0.12566370614359174,
            "transform_matrix": [
                [
                    0.8921731114387512,
                    0.16445299983024597,
                    -0.4206927418708801,
                    -1.6958667039871216
                ],
                [
                    -0.45169371366500854,
                    0.3248231112957001,
                    -0.830940842628479,
                    -3.3496296405792236
                ],
                [
                    1.4901162970204496e-08,
                    0.9313672184944153,
                    0.36408087611198425,
                    1.4676569700241089
                ],
                [
                    0.0,
                    0.0,
                    0.0,
                    1.0
                ]
            ]
        },
        {
            "file_path": "/data/shapenet_blender/all_50_random/02958343/6056451a4b65a12858dbdf2b5c6acfca/r_31",
            "rotation": 0.12566370614359174,
            "transform_matrix": [
                [
                    -0.9170914888381958,
                    0.19376206398010254,
                    0.3484244644641876,
                    1.4045439958572388
                ],
                [
                    0.3986769914627075,
                    0.44571807980537415,
                    0.8014937043190002,
                    3.230924367904663
                ],
                [
                    -1.4901161193847656e-08,
                    0.87395179271698,
                    -0.48601263761520386,
                    -1.9591796398162842
                ],
                [
                    0.0,
                    0.0,
                    0.0,
                    1.0
                ]
            ]
        },
        {
            "file_path": "/data/shapenet_blender/all_50_random/02958343/6056451a4b65a12858dbdf2b5c6acfca/r_32",
            "rotation": 0.12566370614359174,
            "transform_matrix": [
                [
                    0.9365291595458984,
                    0.18358291685581207,
                    0.29868149757385254,
                    1.2040235996246338
                ],
                [
                    0.3505899906158447,
                    -0.49040400981903076,
                    -0.7978662252426147,
                    -3.216301679611206
                ],
                [
                    -1.4901162970204496e-08,
                    0.8519396185874939,
                    -0.523639976978302,
                    -2.1108603477478027
                ],
                [
                    0.0,
                    0.0,
                    0.0,
                    1.0
                ]
            ]
        },
        {
            "file_path": "/data/shapenet_blender/all_50_random/02958343/6056451a4b65a12858dbdf2b5c6acfca/r_33",
            "rotation": 0.12566370614359174,
            "transform_matrix": [
                [
                    0.9890848398208618,
                    -0.12560194730758667,
                    -0.0770421251654625,
                    -0.3105667531490326
                ],
                [
                    -0.14734770357608795,
                    -0.8431145548820496,
                    -0.5171522498130798,
                    -2.084707498550415
                ],
                [
                    0.0,
                    0.5228592157363892,
                    -0.8524189591407776,
                    -3.4362106323242188
                ],
                [
                    0.0,
                    0.0,
                    0.0,
                    1.0
                ]
            ]
        },
        {
            "file_path": "/data/shapenet_blender/all_50_random/02958343/6056451a4b65a12858dbdf2b5c6acfca/r_34",
            "rotation": 0.12566370614359174,
            "transform_matrix": [
                [
                    -0.13066460192203522,
                    0.14806140959262848,
                    -0.9803084135055542,
                    -3.951749563217163
                ],
                [
                    -0.9914266467094421,
                    -0.019513683393597603,
                    0.12919928133487701,
                    0.5208189487457275
                ],
                [
                    0.0,
                    0.9887856245040894,
                    0.14934176206588745,
                    0.6020159125328064
                ],
                [
                    0.0,
                    0.0,
                    0.0,
                    1.0
                ]
            ]
        },
        {
            "file_path": "/data/shapenet_blender/all_50_random/02958343/6056451a4b65a12858dbdf2b5c6acfca/r_35",
            "rotation": 0.12566370614359174,
            "transform_matrix": [
                [
                    0.9269570708274841,
                    -0.21957223117351532,
                    -0.30420196056365967,
                    -1.2262773513793945
                ],
                [
                    -0.37516772747039795,
                    -0.5425147414207458,
                    -0.7516162395477295,
                    -3.0298619270324707
                ],
                [
                    1.4901162970204496e-08,
                    0.8108426928520203,
                    -0.5852641463279724,
                    -2.3592753410339355
                ],
                [
                    0.0,
                    0.0,
                    0.0,
                    1.0
                ]
            ]
        },
        {
            "file_path": "/data/shapenet_blender/all_50_random/02958343/6056451a4b65a12858dbdf2b5c6acfca/r_36",
            "rotation": 0.12566370614359174,
            "transform_matrix": [
                [
                    0.3506251275539398,
                    -0.37419113516807556,
                    0.8585121035575867,
                    3.46077299118042
                ],
                [
                    0.9365158677101135,
                    0.140094593167305,
                    -0.3214210569858551,
                    -1.2956897020339966
                ],
                [
                    7.450580152834618e-09,
                    0.9167085289955139,
                    0.39955660700798035,
                    1.6106642484664917
                ],
                [
                    0.0,
                    0.0,
                    0.0,
                    1.0
                ]
            ]
        },
        {
            "file_path": "/data/shapenet_blender/all_50_random/02958343/6056451a4b65a12858dbdf2b5c6acfca/r_37",
            "rotation": 0.12566370614359174,
            "transform_matrix": [
                [
                    0.48506960272789,
                    0.8636379241943359,
                    0.13724738359451294,
                    0.5532618761062622
                ],
                [
                    0.8744755387306213,
                    -0.47905802726745605,
                    -0.07613081485033035,
                    -0.30689314007759094
                ],
                [
                    0.0,
                    0.1569482535123825,
                    -0.9876068234443665,
                    -3.981170415878296
                ],
                [
                    0.0,
                    0.0,
                    0.0,
                    1.0
                ]
            ]
        },
        {
            "file_path": "/data/shapenet_blender/all_50_random/02958343/6056451a4b65a12858dbdf2b5c6acfca/r_38",
            "rotation": 0.12566370614359174,
            "transform_matrix": [
                [
                    -0.5063357949256897,
                    -0.10648974776268005,
                    0.8557358980178833,
                    3.4495818614959717
                ],
                [
                    0.8623363971710205,
                    -0.06252730637788773,
                    0.5024601817131042,
                    2.025481700897217
                ],
                [
                    3.725290298461914e-09,
                    0.9923458099365234,
                    0.12348980456590652,
                    0.49780333042144775
                ],
                [
                    0.0,
                    0.0,
                    0.0,
                    1.0
                ]
            ]
        },
        {
            "file_path": "/data/shapenet_blender/all_50_random/02958343/6056451a4b65a12858dbdf2b5c6acfca/r_39",
            "rotation": 0.12566370614359174,
            "transform_matrix": [
                [
                    -0.5083218812942505,
                    0.18228958547115326,
                    -0.8416527509689331,
                    -3.392810821533203
                ],
                [
                    -0.8611671924591064,
                    -0.10760023444890976,
                    0.49680307507514954,
                    2.0026772022247314
                ],
                [
                    -7.450581485102248e-09,
                    0.9773394465446472,
                    0.21167738735675812,
                    0.8532988429069519
                ],
                [
                    0.0,
                    0.0,
                    0.0,
                    1.0
                ]
            ]
        },
        {
            "file_path": "/data/shapenet_blender/all_50_random/02958343/6056451a4b65a12858dbdf2b5c6acfca/r_40",
            "rotation": 0.12566370614359174,
            "transform_matrix": [
                [
                    0.9932302236557007,
                    0.0031237327493727207,
                    0.11612071096897125,
                    0.46809759736061096
                ],
                [
                    0.1161627322435379,
                    -0.02670896053314209,
                    -0.9928709268569946,
                    -4.0023908615112305
                ],
                [
                    0.0,
                    0.9996383786201477,
                    -0.026891006156802177,
                    -0.10840111970901489
                ],
                [
                    0.0,
                    0.0,
                    0.0,
                    1.0
                ]
            ]
        },
        {
            "file_path": "/data/shapenet_blender/all_50_random/02958343/6056451a4b65a12858dbdf2b5c6acfca/r_41",
            "rotation": 0.12566370614359174,
            "transform_matrix": [
                [
                    -0.41828060150146484,
                    -0.24670247733592987,
                    -0.8741734623908997,
                    -3.5239059925079346
                ],
                [
                    -0.9083179235458374,
                    0.1136065348982811,
