{
    "class": "02958343",
    "model": "a111cef175177b3cd89cde5d5f759ea7",
    "remove_doubles": true,
    "edge_split": true,
    "denoise": true,
    "camera_angle_x": 0.6911112070083618,
    "scale_factor": 2.213028378950212,
    "hdri_file": "/data/IndoorHDRDataset2018/9C4A4500-93ae593054.exr",
    "center_offset": [
        0.0,
        -1.862645149230957e-09,
        -3.725290298461914e-09
    ],
    "lights": [],
    "frames": [
        {
            "file_path": "/data/shapenet_blender/all_50_random/02958343/a111cef175177b3cd89cde5d5f759ea7/r_0",
            "rotation": 0.12566370614359174,
            "transform_matrix": [
                [
                    0.8026883006095886,
                    0.16606107354164124,
                    0.5728132128715515,
                    2.309084177017212
                ],
                [
                    0.5963985919952393,
                    -0.2235003560781479,
                    -0.7709449529647827,
                    -3.107778787612915
                ],
                [
                    1.4901160305669237e-08,
                    0.9604536294937134,
                    -0.2784397304058075,
                    -1.1224266290664673
                ],
                [
                    0.0,
                    0.0,
                    0.0,
                    1.0
                ]
            ]
        },
        {
            "file_path": "/data/shapenet_blender/all_50_random/02958343/a111cef175177b3cd89cde5d5f759ea7/r_1",
            "rotation": 0.12566370614359174,
            "transform_matrix": [
                [
                    -0.4097447097301483,
                    -0.5189112424850464,
                    -0.7502268552780151,
                    -3.024261236190796
                ],
                [
                    -0.9122002720832825,
                    0.23308603465557098,
                    0.33698901534080505,
                    1.3584461212158203
                ],
                [
                    1.4901161193847656e-08,
                    0.822436511516571,
                    -0.5688567757606506,
                    -2.293134927749634
                ],
                [
                    0.0,
                    0.0,
                    0.0,
                    1.0
                ]
            ]
        },
        {
            "file_path": "/data/shapenet_blender/all_50_random/02958343/a111cef175177b3cd89cde5d5f759ea7/r_2",
            "rotation": 0.12566370614359174,
            "transform_matrix": [
                [
                    0.5317496657371521,
                    -0.055163949728012085,
                    0.8451030850410461,
                    3.406719446182251
                ],
                [
                    0.8469015955924988,
                    0.03463615104556084,
                    -0.5306203961372375,
                    -2.1389992237091064
                ],
                [
                    -1.862645149230957e-09,
                    0.9978764057159424,
                    0.06513619422912598,
                    0.26257240772247314
                ],
                [
                    0.0,
                    0.0,
                    0.0,
                    1.0
                ]
            ]
        },
        {
            "file_path": "/data/shapenet_blender/all_50_random/02958343/a111cef175177b3cd89cde5d5f759ea7/r_3",
            "rotation": 0.12566370614359174,
            "transform_matrix": [
                [
                    -0.9881855249404907,
                    0.06855922937393188,
                    0.13707329332828522,
                    0.5525600910186768
                ],
                [
                    0.15326271951198578,
                    0.4420464336872101,
                    0.8838016986846924,
                    3.562718629837036
                ],
                [
                    3.725290742551124e-09,
                    0.8943682312965393,
                    -0.4473314583301544,
                    -1.803250789642334
                ],
                [
                    0.0,
                    0.0,
                    0.0,
                    1.0
                ]
            ]
        },
        {
            "file_path": "/data/shapenet_blender/all_50_random/02958343/a111cef175177b3cd89cde5d5f759ea7/r_4",
            "rotation": 0.12566370614359174,
            "transform_matrix": [
                [
                    -0.795501708984375,
                    0.3335358798503876,
                    -0.5058959126472473,
                    -2.0393319129943848
                ],
                [
                    -0.605951189994812,
                    -0.4378708302974701,
                    0.664147675037384,
                    2.677265167236328
                ],
                [
                    1.4901160305669237e-08,
                    0.8348789811134338,
                    0.5504334568977356,
                    2.2188684940338135
                ],
                [
                    0.0,
                    0.0,
                    0.0,
                    1.0
                ]
            ]
        },
        {
            "file_path": "/data/shapenet_blender/all_50_random/02958343/a111cef175177b3cd89cde5d5f759ea7/r_5",
            "rotation": 0.12566370614359174,
            "transform_matrix": [
                [
                    0.8833333849906921,
                    0.07568847388029099,
                    -0.4625941514968872,
                    -1.8647767305374146
                ],
                [
                    -0.4687452018260956,
                    0.14263220131397247,
                    -0.8717419505119324,
                    -3.514104127883911
                ],
                [
                    7.4505797087454084e-09,
                    0.9868776202201843,
                    0.16147039830684662,
                    0.6509079933166504
                ],
                [
                    0.0,
                    0.0,
                    0.0,
                    1.0
                ]
            ]
        },
        {
            "file_path": "/data/shapenet_blender/all_50_random/02958343/a111cef175177b3cd89cde5d5f759ea7/r_6",
            "rotation": 0.12566370614359174,
            "transform_matrix": [
                [
                    0.9975994229316711,
                    0.044730301946401596,
                    0.05286261811852455,
                    0.2130960375070572
                ],
                [
                    0.0692477896809578,
                    -0.6443948745727539,
                    -0.7615509033203125,
                    -3.0699100494384766
                ],
                [
                    -3.725290298461914e-09,
                    0.7633834481239319,
                    -0.6459454894065857,
                    -2.6038897037506104
                ],
                [
                    0.0,
                    0.0,
                    0.0,
                    1.0
                ]
            ]
        },
        {
            "file_path": "/data/shapenet_blender/all_50_random/02958343/a111cef175177b3cd89cde5d5f759ea7/r_7",
            "rotation": 0.12566370614359174,
            "transform_matrix": [
                [
                    -0.8516582250595093,
                    0.35968300700187683,
                    -0.3811908960342407,
                    -1.5366297960281372
                ],
                [
                    -0.524097740650177,
                    -0.5844844579696655,
                    0.6194347143173218,
                    2.497021436691284
                ],
                [
                    0.0,
                    0.7273279428482056,
                    0.6862900257110596,
                    2.766523838043213
                ],
                [
                    0.0,
                    0.0,
                    0.0,
                    1.0
                ]
            ]
        },
        {
            "file_path": "/data/shapenet_blender/all_50_random/02958343/a111cef175177b3cd89cde5d5f759ea7/r_8",
            "rotation": 0.12566370614359174,
            "transform_matrix": [
                [
                    0.9842226505279541,
                    -0.03153141960501671,
                    -0.1741025447845459,
                    -0.7018297910690308
                ],
                [
                    -0.17693482339382172,
                    -0.17539756000041962,
                    -0.9684677720069885,
                    -3.9040184020996094
                ],
                [
                    1.862645371275562e-09,
                    0.9839925765991211,
                    -0.17820924520492554,
                    -0.7183844447135925
                ],
                [
                    0.0,
                    0.0,
                    0.0,
                    1.0
                ]
            ]
        },
        {
            "file_path": "/data/shapenet_blender/all_50_random/02958343/a111cef175177b3cd89cde5d5f759ea7/r_9",
            "rotation": 0.12566370614359174,
            "transform_matrix": [
                [
                    -0.45318281650543213,
                    -0.050214774906635284,
                    -0.8900021314620972,
                    -3.5877132415771484
                ],
                [
                    -0.8914175629615784,
                    0.025528408586978912,
                    0.45246320962905884,
                    1.8239375352859497
                ],
                [
                    0.0,
                    0.998412013053894,
                    -0.05633137375116348,
                    -0.22707903385162354
                ],
                [
                    0.0,
                    0.0,
                    0.0,
                    1.0
                ]
            ]
        },
        {
            "file_path": "/data/shapenet_blender/all_50_random/02958343/a111cef175177b3cd89cde5d5f759ea7/r_10",
            "rotation": 0.12566370614359174,
            "transform_matrix": [
                [
                    -0.5526638031005859,
                    0.3947192430496216,
                    -0.7340022921562195,
                    -2.958858013153076
                ],
                [
                    -0.8334042429924011,
                    -0.26175418496131897,
                    0.4867463707923889,
                    1.9621374607086182
                ],
                [
                    -1.4901161193847656e-08,
                    0.8807277083396912,
                    0.47362276911735535,
                    1.9092345237731934
                ],
                [
                    0.0,
                    0.0,
                    0.0,
                    1.0
                ]
            ]
        },
        {
            "file_path": "/data/shapenet_blender/all_50_random/02958343/a111cef175177b3cd89cde5d5f759ea7/r_11",
            "rotation": 0.12566370614359174,
            "transform_matrix": [
                [
                    -0.999921977519989,
                    0.005228900816291571,
                    0.011339801363646984,
                    0.04571220278739929
                ],
                [
                    0.012487292289733887,
                    0.4187050461769104,
                    0.9080364108085632,
                    3.660411834716797
                ],
                [
                    4.6566125955216364e-10,
                    0.9081072211265564,
                    -0.41873764991760254,
                    -1.6879854202270508
                ],
                [
                    0.0,
                    0.0,
                    0.0,
                    1.0
                ]
            ]
        },
        {
            "file_path": "/data/shapenet_blender/all_50_random/02958343/a111cef175177b3cd89cde5d5f759ea7/r_12",
            "rotation": 0.12566370614359174,
            "transform_matrix": [
                [
                    -0.43824195861816406,
                    -0.7209393382072449,
                    -0.5368337035179138,
                    -2.164045810699463
                ],
                [
                    -0.8988571166992188,
                    0.3514973223209381,
                    0.2617357671260834,
                    1.0550906658172607
                ],
                [
                    0.0,
                    0.5972402095794678,
                    -0.8020622730255127,
                    -3.2332165241241455
                ],
                [
                    0.0,
                    0.0,
                    0.0,
                    1.0
                ]
            ]
        },
        {
            "file_path": "/data/shapenet_blender/all_50_random/02958343/a111cef175177b3cd89cde5d5f759ea7/r_13",
            "rotation": 0.12566370614359174,
            "transform_matrix": [
                [
                    0.6549757719039917,
                    -0.17493368685245514,
                    -0.7351224422454834,
                    -2.9633734226226807
                ],
                [
                    -0.755649983882904,
                    -0.1516275256872177,
                    -0.6371830701828003,
                    -2.5685670375823975
                ],
                [
                    -1.4901162970204496e-08,
                    0.972834587097168,
                    -0.23150098323822021,
                    -0.9332103133201599
                ],
                [
                    0.0,
                    0.0,
                    0.0,
                    1.0
                ]
            ]
        },
        {
            "file_path": "/data/shapenet_blender/all_50_random/02958343/a111cef175177b3cd89cde5d5f759ea7/r_14",
            "rotation": 0.12566370614359174,
            "transform_matrix": [
                [
                    -0.1444154679775238,
                    -0.3695949912071228,
                    -0.9179018139839172,
                    -3.7001802921295166
                ],
                [
                    -0.9895172119140625,
                    0.053940679877996445,
                    0.13396352529525757,
                    0.5400242209434509
                ],
                [
                    0.0,
                    0.927625834941864,
                    -0.3735105097293854,
                    -1.5056689977645874
                ],
                [
                    0.0,
                    0.0,
                    0.0,
                    1.0
                ]
            ]
        },
        {
            "file_path": "/data/shapenet_blender/all_50_random/02958343/a111cef175177b3cd89cde5d5f759ea7/r_15",
            "rotation": 0.12566370614359174,
            "transform_matrix": [
                [
                    -0.9323588609695435,
                    -0.1456650197505951,
                    0.33089086413383484,
                    1.3338638544082642
                ],
                [
                    0.36153438687324524,
                    -0.3756546676158905,
                    0.85333251953125,
                    3.4398937225341797
                ],
                [
                    0.0,
                    0.915240466594696,
                    0.4029078185558319,
                    1.6241735219955444
                ],
                [
                    0.0,
                    0.0,
                    0.0,
                    1.0
                ]
            ]
        },
        {
            "file_path": "/data/shapenet_blender/all_50_random/02958343/a111cef175177b3cd89cde5d5f759ea7/r_16",
            "rotation": 0.12566370614359174,
            "transform_matrix": [
                [
                    0.1432473212480545,
                    0.59898442029953,
                    -0.7878438830375671,
                    -3.1759002208709717
                ],
                [
                    -0.9896869659423828,
                    0.08669701963663101,
                    -0.11403254419565201,
                    -0.45967990159988403
                ],
                [
                    0.0,
                    0.7960535883903503,
                    0.6052260994911194,
                    2.439744472503662
                ],
                [
                    0.0,
                    0.0,
                    0.0,
                    1.0
                ]
            ]
        },
        {
            "file_path": "/data/shapenet_blender/all_50_random/02958343/a111cef175177b3cd89cde5d5f759ea7/r_17",
            "rotation": 0.12566370614359174,
            "transform_matrix": [
                [
                    0.8667499423027039,
                    -0.2324039340019226,
                    0.4412854015827179,
                    1.7788784503936768
                ],
                [
                    0.49874284863471985,
                    0.40388768911361694,
                    -0.7668964266777039,
                    -3.091458559036255
                ],
                [
                    1.4901161193847656e-08,
                    0.8847953677177429,
                    0.46597951650619507,
                    1.8784236907958984
                ],
                [
                    0.0,
                    0.0,
                    0.0,
                    1.0
                ]
            ]
        },
        {
            "file_path": "/data/shapenet_blender/all_50_random/02958343/a111cef175177b3cd89cde5d5f759ea7/r_18",
            "rotation": 0.12566370614359174,
            "transform_matrix": [
                [
                    -0.9908837080001831,
                    -0.05110859125852585,
                    0.12464936077594757,
                    0.5024776458740234
                ],
                [
                    0.13472026586532593,
                    -0.37590980529785156,
                    0.916810929775238,
                    3.6957831382751465
                ],
                [
                    3.725290298461914e-09,
                    0.9252458214759827,
                    0.3793681561946869,
                    1.5292819738388062
                ],
                [
                    0.0,
                    0.0,
                    0.0,
                    1.0
                ]
            ]
        },
        {
            "file_path": "/data/shapenet_blender/all_50_random/02958343/a111cef175177b3cd89cde5d5f759ea7/r_19",
            "rotation": 0.12566370614359174,
            "transform_matrix": [
                [
                    -0.9992690086364746,
                    0.004814369138330221,
                    0.03792722895741463,
                    0.15288954973220825
                ],
                [
                    0.03823157399892807,
                    0.12583447992801666,
                    0.9913142919540405,
                    3.9961156845092773
                ],
                [
                    -4.656613428188905e-10,
                    0.9920395016670227,
                    -0.12592655420303345,
                    -0.5076261758804321
                ],
                [
                    0.0,
                    0.0,
                    0.0,
                    1.0
                ]
            ]
        },
        {
            "file_path": "/data/shapenet_blender/all_50_random/02958343/a111cef175177b3cd89cde5d5f759ea7/r_20",
            "rotation": 0.12566370614359174,
            "transform_matrix": [
                [
                    -0.3604169487953186,
                    0.038617637008428574,
                    0.9319915175437927,
                    3.7569782733917236
                ],
                [
                    0.9327912926673889,
                    0.014921290799975395,
                    0.3601079285144806,
                    1.45164155960083
                ],
                [
                    9.313225191043273e-10,
                    0.9991427063941956,
                    -0.04140007123351097,
                    -0.1668890416622162
                ],
                [
                    0.0,
                    0.0,
                    0.0,
                    1.0
                ]
            ]
        },
        {
            "file_path": "/data/shapenet_blender/all_50_random/02958343/a111cef175177b3cd89cde5d5f759ea7/r_21",
            "rotation": 0.12566370614359174,
            "transform_matrix": [
                [
                    0.2810182571411133,
                    0.48033419251441956,
                    -0.8308476209640503,
                    -3.3492538928985596
                ],
                [
                    -0.9597024321556091,
                    0.14065057039260864,
                    -0.24328725039958954,
                    -0.9807222485542297
                ],
                [
                    7.450580596923828e-09,
                    0.8657345771789551,
                    0.5005033016204834,
                    2.0175933837890625
                ],
                [
                    0.0,
                    0.0,
                    0.0,
                    1.0
                ]
            ]
        },
        {
            "file_path": "/data/shapenet_blender/all_50_random/02958343/a111cef175177b3cd89cde5d5f759ea7/r_22",
            "rotation": 0.12566370614359174,
            "transform_matrix": [
                [
                    -0.9936627149581909,
                    -0.0708911269903183,
                    0.08722799271345139,
                    0.35162729024887085
                ],
                [
                    0.1124022901058197,
                    -0.6266942620277405,
                    0.7711160182952881,
                    3.1084680557250977
                ],
                [
                    -3.725290298461914e-09,
                    0.7760338187217712,
                    0.6306911110877991,
                    2.5423972606658936
                ],
                [
                    0.0,
                    0.0,
                    0.0,
                    1.0
                ]
            ]
        },
        {
            "file_path": "/data/shapenet_blender/all_50_random/02958343/a111cef175177b3cd89cde5d5f759ea7/r_23",
            "rotation": 0.12566370614359174,
            "transform_matrix": [
                [
                    -0.8391110897064209,
                    -0.13658545911312103,
                    0.5265328288078308,
                    2.1225218772888184
                ],
                [
                    0.54395991563797,
                    -0.21069635450839996,
                    0.8122280836105347,
                    3.2741963863372803
                ],
                [
                    7.450580152834618e-09,
                    0.9679625034332275,
                    0.25109466910362244,
                    1.012195110321045
                ],
                [
                    0.0,
                    0.0,
                    0.0,
                    1.0
                ]
            ]
        },
        {
            "file_path": "/data/shapenet_blender/all_50_random/02958343/a111cef175177b3cd89cde5d5f759ea7/r_24",
            "rotation": 0.12566370614359174,
            "transform_matrix": [
                [
                    0.13140197098255157,
                    -0.07024030387401581,
                    0.9888376593589783,
                    3.9861316680908203
                ],
                [
                    0.9913291931152344,
                    0.009310442954301834,
                    -0.13107171654701233,
                    -0.5283669233322144
                ],
                [
                    9.313224635931761e-10,
                    0.9974866509437561,
                    0.07085467875003815,
                    0.28562432527542114
                ],
                [
                    0.0,
                    0.0,
                    0.0,
                    1.0
                ]
            ]
        },
        {
            "file_path": "/data/shapenet_blender/all_50_random/02958343/a111cef175177b3cd89cde5d5f759ea7/r_25",
            "rotation": 0.12566370614359174,
            "transform_matrix": [
                [
                    -0.6505312919616699,
                    0.5244982838630676,
                    -0.5492818355560303,
                    -2.214226007461548
                ],
                [
                    -0.7594794631004333,
                    -0.4492584466934204,
                    0.47048676013946533,
                    1.8965927362442017
                ],
                [
                    1.4901161193847656e-08,
                    0.7232345342636108,
                    0.6906024217605591,
                    2.783907413482666
                ],
                [
                    0.0,
                    0.0,
                    0.0,
                    1.0
                ]
            ]
        },
        {
            "file_path": "/data/shapenet_blender/all_50_random/02958343/a111cef175177b3cd89cde5d5f759ea7/r_26",
            "rotation": 0.12566370614359174,
            "transform_matrix": [
                [
                    0.5622552633285522,
                    0.3830122947692871,
                    -0.7329190969467163,
                    -2.95449161529541
                ],
                [
                    -0.8269637227058411,
                    0.2604113221168518,
                    -0.49831411242485046,
                    -2.0087685585021973
                ],
                [
                    0.0,
                    0.8862773180007935,
                    0.4631548523902893,
                    1.867037057876587
                ],
                [
                    0.0,
                    0.0,
                    0.0,
                    1.0
                ]
            ]
        },
        {
            "file_path": "/data/shapenet_blender/all_50_random/02958343/a111cef175177b3cd89cde5d5f759ea7/r_27",
            "rotation": 0.12566370614359174,
            "transform_matrix": [
                [
                    -0.8939885497093201,
                    -0.039665836840867996,
                    0.4463305175304413,
                    1.7992160320281982
                ],
                [
                    0.4480896592140198,
                    -0.07913774996995926,
                    0.8904789090156555,
                    3.5896356105804443
                ],
                [
                    0.0,
                    0.9960741996765137,
                    0.08852209150791168,
                    0.3568440079689026
                ],
                [
                    0.0,
                    0.0,
                    0.0,
                    1.0
                ]
            ]
        },
        {
            "file_path": "/data/shapenet_blender/all_50_random/02958343/a111cef175177b3cd89cde5d5f759ea7/r_28",
            "rotation": 0.12566370614359174,
            "transform_matrix": [
                [
                    0.6250613331794739,
                    0.6998292803764343,
                    0.3457415997982025,
                    1.3937290906906128
                ],
                [
                    0.7805757522583008,
                    -0.560401976108551,
                    -0.2768593728542328,
                    -1.116055965423584
                ],
                [
                    -1.4901162970204496e-08,
                    0.4429316222667694,
                    -0.8965552449226379,
                    -3.6141302585601807
                ],
                [
                    0.0,
                    0.0,
                    0.0,
                    1.0
                ]
            ]
        },
        {
            "file_path": "/data/shapenet_blender/all_50_random/02958343/a111cef175177b3cd89cde5d5f759ea7/r_29",
            "rotation": 0.12566370614359174,
            "transform_matrix": [
                [
                    -0.060593973845243454,
                    -0.39612963795661926,
                    0.9161929488182068,
                    3.6932921409606934
                ],
                [
                    0.9981625080108643,
                    -0.024047255516052246,
                    0.05561796575784683,
                    0.2242031991481781
                ],
                [
                    1.862645371275562e-09,
                    0.917879581451416,
                    0.3968588709831238,
                    1.5997893810272217
                ],
                [
                    0.0,
                    0.0,
                    0.0,
                    1.0
                ]
            ]
        },
        {
            "file_path": "/data/shapenet_blender/all_50_random/02958343/a111cef175177b3cd89cde5d5f759ea7/r_30",
            "rotation": 0.12566370614359174,
            "transform_matrix": [
                [
                    -0.15372717380523682,
                    -0.5482500791549683,
                    -0.8220641613006592,
                    -3.313847064971924
                ],
                [
                    -0.9881134033203125,
                    0.08529480546712875,
                    0.1278938353061676,
                    0.5155565738677979
                ],
                [
                    -7.450581485102248e-09,
                    0.8319533467292786,
                    -0.5548453330993652,
                    -2.2366533279418945
                ],
                [
                    0.0,
                    0.0,
                    0.0,
                    1.0
                ]
            ]
        },
        {
            "file_path": "/data/shapenet_blender/all_50_random/02958343/a111cef175177b3cd89cde5d5f759ea7/r_31",
            "rotation": 0.12566370614359174,
            "transform_matrix": [
                [
                    0.9504890441894531,
                    -0.2711012363433838,
                    -0.15190358459949493,
                    -0.6123429536819458
                ],
                [
                    -0.3107580840587616,
                    -0.8291940689086914,
                    -0.4646144509315491,
                    -1.8729207515716553
                ],
                [
                    0.0,
                    0.4888160824775696,
                    -0.8723867535591125,
                    -3.5167036056518555
                ],
                [
                    0.0,
                    0.0,
                    0.0,
                    1.0
                ]
            ]
        },
        {
            "file_path": "/data/shapenet_blender/all_50_random/02958343/a111cef175177b3cd89cde5d5f759ea7/r_32",
            "rotation": 0.12566370614359174,
            "transform_matrix": [
                [
                    0.5814950466156006,
                    0.12353947013616562,
                    0.8041152954101562,
                    3.241492748260498
                ],
                [
                    0.8135499358177185,
                    -0.08830138295888901,
                    -0.5747514963150024,
                    -2.3168976306915283
                ],
                [
                    -7.450580596923828e-09,
                    0.9884030818939209,
                    -0.15185235440731049,
                    -0.6121364831924438
                ],
                [
                    0.0,
                    0.0,
                    0.0,
                    1.0
                ]
            ]
        },
        {
            "file_path": "/data/shapenet_blender/all_50_random/02958343/a111cef175177b3cd89cde5d5f759ea7/r_33",
            "rotation": 0.12566370614359174,
            "transform_matrix": [
                [
                    0.18879397213459015,
                    -0.18593423068523407,
                    0.9642537236213684,
                    3.887031078338623
                ],
                [
                    0.9820167422294617,
                    0.03574609383940697,
                    -0.1853790134191513,
                    -0.7472866773605347
                ],
                [
                    0.0,
                    0.9819117188453674,
                    0.18933916091918945,
                    0.7632505893707275
                ],
                [
                    0.0,
                    0.0,
                    0.0,
                    1.0
                ]
            ]
        },
        {
            "file_path": "/data/shapenet_blender/all_50_random/02958343/a111cef175177b3cd89cde5d5f759ea7/r_34",
            "rotation": 0.12566370614359174,
            "transform_matrix": [
                [
                    0.969285249710083,
                    -0.16416063904762268,
                    0.1831321269273758,
                    0.7382291555404663
                ],
                [
                    0.2459391951560974,
                    0.6469830274581909,
                    -0.7217526435852051,
                    -2.909477710723877
                ],
                [
                    -7.450580596923828e-09,
                    0.7446235418319702,
                    0.667484700679779,
                    2.690716505050659
                ],
                [
                    0.0,
                    0.0,
                    0.0,
                    1.0
                ]
            ]
        },
        {
            "file_path": "/data/shapenet_blender/all_50_random/02958343/a111cef175177b3cd89cde5d5f759ea7/r_35",
            "rotation": 0.12566370614359174,
            "transform_matrix": [
                [
                    0.06026232987642288,
                    -0.7635779976844788,
                    0.642897367477417,
                    2.591602325439453
                ],
                [
                    0.9981826543807983,
                    0.04609876871109009,
                    -0.0388130322098732,
                    -0.15646035969257355
                ],
                [
                    0.0,
                    0.6440679430961609,
                    0.76496821641922,
                    3.083685874938965
                ],
                [
                    0.0,
                    0.0,
                    0.0,
                    1.0
                ]
            ]
        },
        {
            "file_path": "/data/shapenet_blender/all_50_random/02958343/a111cef175177b3cd89cde5d5f759ea7/r_36",
            "rotation": 0.12566370614359174,
            "transform_matrix": [
                [
                    -0.23495317995548248,
                    0.04307875409722328,
                    0.9710515141487122,
                    3.9144341945648193
                ],
                [
                    0.9720066785812378,
                    0.010412984527647495,
                    0.2347222864627838,
                    0.9461958408355713
                ],
                [
                    -9.313225746154785e-10,
                    0.9990174770355225,
                    -0.04431939497590065,
                    -0.17865720391273499
                ],
                [
                    0.0,
                    0.0,
                    0.0,
                    1.0
                ]
            ]
        },
        {
            "file_path": "/data/shapenet_blender/all_50_random/02958343/a111cef175177b3cd89cde5d5f759ea7/r_37",
            "rotation": 0.12566370614359174,
            "transform_matrix": [
                [
                    -0.9794086813926697,
                    -0.027980413287878036,
                    -0.19993945956230164,
                    -0.8059817552566528
                ],
                [
                    -0.2018878310918808,
                    0.1357400119304657,
                    0.969956636428833,
                    3.910020351409912
                ],
                [
                    0.0,
                    0.990349292755127,
                    -0.138593852519989,
                    -0.5586897134780884
                ],
                [
                    0.0,
                    0.0,
                    0.0,
                    1.0
                ]
            ]
        },
        {
            "file_path": "/data/shapenet_blender/all_50_random/02958343/a111cef175177b3cd89cde5d5f759ea7/r_38",
            "rotation": 0.12566370614359174,
            "transform_matrix": [
                [
                    0.935147225856781,
                    0.051189519464969635,
                    0.350541353225708,
                    1.4130773544311523
                ],
                [
                    0.3542592227458954,
                    -0.1351262927055359,
                    -0.9253330826759338,
                    -3.7301368713378906
                ],
                [
                    -3.7252898543727042e-09,
                    0.9895052313804626,
                    -0.1444973200559616,
                    -0.5824873447418213
                ],
                [
                    0.0,
                    0.0,
                    0.0,
                    1.0
                ]
            ]
        },
        {
            "file_path": "/data/shapenet_blender/all_50_random/02958343/a111cef175177b3cd89cde5d5f759ea7/r_39",
            "rotation": 0.12566370614359174,
            "transform_matrix": [
                [
                    0.654733419418335,
                    0.4526579976081848,
                    -0.6053304076194763,
                    -2.440164804458618
                ],
                [
                    -0.755859911441803,
                    0.3920968770980835,
                    -0.5243432521820068,
                    -2.1136951446533203
                ],
                [
                    -1.4901161193847656e-08,
                    0.800849974155426,
                    0.5988649129867554,
                    2.4141016006469727
                ],
                [
                    0.0,
                    0.0,
                    0.0,
                    1.0
                ]
            ]
        },
        {
            "file_path": "/data/shapenet_blender/all_50_random/02958343/a111cef175177b3cd89cde5d5f759ea7/r_40",
            "rotation": 0.12566370614359174,
            "transform_matrix": [
                [
                    -0.9022824764251709,
                    0.18509747087955475,
                    -0.3893907964229584,
                    -1.5696845054626465
                ],
                [
                    -0.43114525079727173,
                    -0.38736408948898315,
                    0.8149004578590393,
                    3.284968852996826
                ],
                [
                    0.0,
                    0.9031543731689453,
                    0.4293157756328583,
                    1.7306272983551025
                ],
                [
                    0.0,
                    0.0,
                    0.0,
                    1.0
                ]
            ]
        },
        {
            "file_path": "/data/shapenet_blender/all_50_random/02958343/a111cef175177b3cd89cde5d5f759ea7/r_41",
            "rotation": 0.12566370614359174,
            "transform_matrix": [
                [
                    -0.3828941881656647,
                    0.08737644553184509,
                    -0.919650673866272,
                    -3.70723032951355
                ],
                [
                    -0.9237922430038452,
