{
    "class": "02958343",
    "model": "c5079a5b8d59220bc3fb0d224baae2a",
    "remove_doubles": true,
    "edge_split": true,
    "denoise": true,
    "camera_angle_x": 0.6911112070083618,
    "scale_factor": 2.2122474942601245,
    "hdri_file": "/data/IndoorHDRDataset2018/9C4A0809-3df674487f.exr",
    "center_offset": [
        0.0,
        0.0,
        3.725290298461914e-09
    ],
    "lights": [],
    "frames": [
        {
            "file_path": "/data/shapenet_blender/all_50_random/02958343/c5079a5b8d59220bc3fb0d224baae2a/r_0",
            "rotation": 0.12566370614359174,
            "transform_matrix": [
                [
                    0.9963657855987549,
                    0.08010776340961456,
                    0.028947364538908005,
                    0.11669056117534637
                ],
                [
                    0.08517748862504959,
                    -0.9370626211166382,
                    -0.33861252665519714,
                    -1.3649907112121582
                ],
                [
                    0.0,
                    0.3398476243019104,
                    -0.9404805302619934,
                    -3.791198253631592
                ],
                [
                    0.0,
                    0.0,
                    0.0,
                    1.0
                ]
            ]
        },
        {
            "file_path": "/data/shapenet_blender/all_50_random/02958343/c5079a5b8d59220bc3fb0d224baae2a/r_1",
            "rotation": 0.12566370614359174,
            "transform_matrix": [
                [
                    0.8213891386985779,
                    0.26007720828056335,
                    -0.5076216459274292,
                    -2.046288013458252
                ],
                [
                    -0.5703681707382202,
                    0.3745380640029907,
                    -0.7310276627540588,
                    -2.946866512298584
                ],
                [
                    -1.4901160305669237e-08,
                    0.8899893164634705,
                    0.4559812843799591,
                    1.8381191492080688
                ],
                [
                    0.0,
                    0.0,
                    0.0,
                    1.0
                ]
            ]
        },
        {
            "file_path": "/data/shapenet_blender/all_50_random/02958343/c5079a5b8d59220bc3fb0d224baae2a/r_2",
            "rotation": 0.12566370614359174,
            "transform_matrix": [
                [
                    -0.787227213382721,
                    0.0927617996931076,
                    -0.6096461415290833,
                    -2.4575624465942383
                ],
                [
                    -0.6166629791259766,
                    -0.11841901391744614,
                    0.7782696485519409,
                    3.137305498123169
                ],
                [
                    -7.4505797087454084e-09,
                    0.9886214137077332,
                    0.15042541921138763,
                    0.6063843369483948
                ],
                [
                    0.0,
                    0.0,
                    0.0,
                    1.0
                ]
            ]
        },
        {
            "file_path": "/data/shapenet_blender/all_50_random/02958343/c5079a5b8d59220bc3fb0d224baae2a/r_3",
            "rotation": 0.12566370614359174,
            "transform_matrix": [
                [
                    0.5325964093208313,
                    0.8309773206710815,
                    -0.16067901253700256,
                    -0.6477178335189819
                ],
                [
                    -0.8463693857192993,
                    0.5229106545448303,
                    -0.1011107861995697,
                    -0.4075906276702881
                ],
                [
                    0.0,
                    0.1898450404405594,
                    0.9818140268325806,
                    3.9578189849853516
                ],
                [
                    0.0,
                    0.0,
                    0.0,
                    1.0
                ]
            ]
        },
        {
            "file_path": "/data/shapenet_blender/all_50_random/02958343/c5079a5b8d59220bc3fb0d224baae2a/r_4",
            "rotation": 0.12566370614359174,
            "transform_matrix": [
                [
                    -0.9999881386756897,
                    -0.002893244381994009,
                    -0.003917345777153969,
                    -0.015791326761245728
                ],
                [
                    -0.004869954660534859,
                    0.5940938591957092,
                    0.8043810129165649,
                    3.242563486099243
                ],
                [
                    2.3283064365386963e-10,
                    0.8043904900550842,
                    -0.5941008925437927,
                    -2.394897222518921
                ],
                [
                    0.0,
                    0.0,
                    0.0,
                    1.0
                ]
            ]
        },
        {
            "file_path": "/data/shapenet_blender/all_50_random/02958343/c5079a5b8d59220bc3fb0d224baae2a/r_5",
            "rotation": 0.12566370614359174,
            "transform_matrix": [
                [
                    0.9579582810401917,
                    0.04356935992836952,
                    0.28357991576194763,
                    1.1431472301483154
                ],
                [
                    0.2869074046611786,
                    -0.14547419548034668,
                    -0.9468480944633484,
                    -3.816866636276245
                ],
                [
                    0.0,
                    0.9884021878242493,
                    -0.15185858309268951,
                    -0.6121615171432495
                ],
                [
                    0.0,
                    0.0,
                    0.0,
                    1.0
                ]
            ]
        },
        {
            "file_path": "/data/shapenet_blender/all_50_random/02958343/c5079a5b8d59220bc3fb0d224baae2a/r_6",
            "rotation": 0.12566370614359174,
            "transform_matrix": [
                [
                    -0.016303060576319695,
                    -0.0006708372966386378,
                    -0.9998669028282166,
                    -4.03059196472168
                ],
                [
                    -0.9998670816421509,
                    1.093815535568865e-05,
                    0.016303058713674545,
                    0.06571972370147705
                ],
                [
                    -9.094946475628196e-13,
                    0.9999997615814209,
                    -0.0006709264125674963,
                    -0.0027045905590057373
                ],
                [
                    0.0,
                    0.0,
                    0.0,
                    1.0
                ]
            ]
        },
        {
            "file_path": "/data/shapenet_blender/all_50_random/02958343/c5079a5b8d59220bc3fb0d224baae2a/r_7",
            "rotation": 0.12566370614359174,
            "transform_matrix": [
                [
                    0.5862300395965576,
                    0.0754079669713974,
                    0.8066275715827942,
                    3.251619577407837
                ],
                [
                    0.8101447224617004,
                    -0.05456606671214104,
                    -0.5836849808692932,
                    -2.3529093265533447
                ],
                [
                    -3.725290298461914e-09,
                    0.9956586956977844,
                    -0.09307961165904999,
                    -0.37521588802337646
                ],
                [
                    0.0,
                    0.0,
                    0.0,
                    1.0
                ]
            ]
        },
        {
            "file_path": "/data/shapenet_blender/all_50_random/02958343/c5079a5b8d59220bc3fb0d224baae2a/r_8",
            "rotation": 0.12566370614359174,
            "transform_matrix": [
                [
                    0.6659125685691833,
                    -0.07503129541873932,
                    0.7422471046447754,
                    2.992093801498413
                ],
                [
                    0.746029794216156,
                    0.06697357445955276,
                    -0.662536084651947,
                    -2.6707684993743896
                ],
                [
                    0.0,
                    0.9949294924736023,
                    0.10057412832975388,
                    0.4054272770881653
                ],
                [
                    0.0,
                    0.0,
                    0.0,
                    1.0
                ]
            ]
        },
        {
            "file_path": "/data/shapenet_blender/all_50_random/02958343/c5079a5b8d59220bc3fb0d224baae2a/r_9",
            "rotation": 0.12566370614359174,
            "transform_matrix": [
                [
                    -0.9718199372291565,
                    -0.07892744243144989,
                    -0.22211802005767822,
                    -0.8953864574432373
                ],
                [
                    -0.2357243299484253,
                    0.325393944978714,
                    0.9157252311706543,
                    3.691406726837158
                ],
                [
                    7.450580152834618e-09,
                    0.9422788023948669,
                    -0.3348293900489807,
                    -1.3497405052185059
                ],
                [
                    0.0,
                    0.0,
                    0.0,
                    1.0
                ]
            ]
        },
        {
            "file_path": "/data/shapenet_blender/all_50_random/02958343/c5079a5b8d59220bc3fb0d224baae2a/r_10",
            "rotation": 0.12566370614359174,
            "transform_matrix": [
                [
                    0.7527526617050171,
                    0.10486698895692825,
                    0.6498972177505493,
                    2.619819402694702
                ],
                [
                    0.6583035588264465,
                    -0.11991262435913086,
                    -0.7431402802467346,
                    -2.995694160461426
                ],
                [
                    -7.450580596923828e-09,
                    0.9872303605079651,
                    -0.159298837184906,
                    -0.6421541571617126
                ],
                [
                    0.0,
                    0.0,
                    0.0,
                    1.0
                ]
            ]
        },
        {
            "file_path": "/data/shapenet_blender/all_50_random/02958343/c5079a5b8d59220bc3fb0d224baae2a/r_11",
            "rotation": 0.12566370614359174,
            "transform_matrix": [
                [
                    0.8388519287109375,
                    -0.3756365478038788,
                    0.3939855396747589,
                    1.5882065296173096
                ],
                [
                    0.5443596243858337,
                    0.578851580619812,
                    -0.6071271896362305,
                    -2.4474079608917236
                ],
                [
                    0.0,
                    0.723759651184082,
                    0.6900521516799927,
                    2.781689167022705
                ],
                [
                    0.0,
                    0.0,
                    0.0,
                    1.0
                ]
            ]
        },
        {
            "file_path": "/data/shapenet_blender/all_50_random/02958343/c5079a5b8d59220bc3fb0d224baae2a/r_12",
            "rotation": 0.12566370614359174,
            "transform_matrix": [
                [
                    0.985397458076477,
                    -0.009006211534142494,
                    -0.17003187537193298,
                    -0.6854203939437866
                ],
                [
                    -0.17027024924755096,
                    -0.052121251821517944,
                    -0.9840179681777954,
                    -3.966703414916992
                ],
                [
                    0.0,
                    0.9986001253128052,
                    -0.05289363116025925,
                    -0.21322104334831238
                ],
                [
                    0.0,
                    0.0,
                    0.0,
                    1.0
                ]
            ]
        },
        {
            "file_path": "/data/shapenet_blender/all_50_random/02958343/c5079a5b8d59220bc3fb0d224baae2a/r_13",
            "rotation": 0.12566370614359174,
            "transform_matrix": [
                [
                    -0.9433839321136475,
                    -0.1202898770570755,
                    0.30912312865257263,
                    1.2461152076721191
                ],
                [
                    0.3317027986049652,
                    -0.34211206436157227,
                    0.8791658282279968,
                    3.5440309047698975
                ],
                [
                    7.450580152834618e-09,
                    0.9319279193878174,
                    0.3626434803009033,
                    1.4618626832962036
                ],
                [
                    0.0,
                    0.0,
                    0.0,
                    1.0
                ]
            ]
        },
        {
            "file_path": "/data/shapenet_blender/all_50_random/02958343/c5079a5b8d59220bc3fb0d224baae2a/r_14",
            "rotation": 0.12566370614359174,
            "transform_matrix": [
                [
                    -0.9530700445175171,
                    0.27454859018325806,
                    -0.12759539484977722,
                    -0.5143534541130066
                ],
                [
                    -0.302749902009964,
                    -0.8642910122871399,
                    0.40167590975761414,
                    1.6192071437835693
                ],
                [
                    0.0,
                    0.4214547574520111,
                    0.9068495035171509,
                    3.6556267738342285
                ],
                [
                    0.0,
                    0.0,
                    0.0,
                    1.0
                ]
            ]
        },
        {
            "file_path": "/data/shapenet_blender/all_50_random/02958343/c5079a5b8d59220bc3fb0d224baae2a/r_15",
            "rotation": 0.12566370614359174,
            "transform_matrix": [
                [
                    0.948025643825531,
                    -0.03292447328567505,
                    -0.3164861500263214,
                    -1.2757965326309204
                ],
                [
                    -0.3181941509246826,
                    -0.09809496998786926,
                    -0.9429368376731873,
                    -3.801100015640259
                ],
                [
                    0.0,
                    0.9946323037147522,
                    -0.10347291082143784,
                    -0.41711264848709106
                ],
                [
                    0.0,
                    0.0,
                    0.0,
                    1.0
                ]
            ]
        },
        {
            "file_path": "/data/shapenet_blender/all_50_random/02958343/c5079a5b8d59220bc3fb0d224baae2a/r_16",
            "rotation": 0.12566370614359174,
            "transform_matrix": [
                [
                    -0.1899036020040512,
                    -0.06906105577945709,
                    -0.9793707728385925,
                    -3.947969913482666
                ],
                [
                    -0.9818028211593628,
                    0.013358019292354584,
                    0.18943317234516144,
                    0.7636295557022095
                ],
                [
                    -9.31322685637781e-10,
                    0.9975230097770691,
                    -0.0703410655260086,
                    -0.2835538983345032
                ],
                [
                    0.0,
                    0.0,
                    0.0,
                    1.0
                ]
            ]
        },
        {
            "file_path": "/data/shapenet_blender/all_50_random/02958343/c5079a5b8d59220bc3fb0d224baae2a/r_17",
            "rotation": 0.12566370614359174,
            "transform_matrix": [
                [
                    0.43053945899009705,
                    0.12607388198375702,
                    0.8937231302261353,
                    3.6027133464813232
                ],
                [
                    0.9025717973709106,
                    -0.060139019042253494,
                    -0.426318496465683,
                    -1.7185449600219727
                ],
                [
                    0.0,
                    0.9901962280273438,
                    -0.13968294858932495,
                    -0.5630800127983093
                ],
                [
                    0.0,
                    0.0,
                    0.0,
                    1.0
                ]
            ]
        },
        {
            "file_path": "/data/shapenet_blender/all_50_random/02958343/c5079a5b8d59220bc3fb0d224baae2a/r_18",
            "rotation": 0.12566370614359174,
            "transform_matrix": [
                [
                    0.7003843188285828,
                    -0.21562403440475464,
                    -0.6804174780845642,
                    -2.7428507804870605
                ],
                [
                    -0.7137659192085266,
                    -0.21158155798912048,
                    -0.6676611304283142,
                    -2.6914284229278564
                ],
                [
                    0.0,
                    0.9532783031463623,
                    -0.3020934462547302,
                    -1.2177777290344238
                ],
                [
                    0.0,
                    0.0,
                    0.0,
                    1.0
                ]
            ]
        },
        {
            "file_path": "/data/shapenet_blender/all_50_random/02958343/c5079a5b8d59220bc3fb0d224baae2a/r_19",
            "rotation": 0.12566370614359174,
            "transform_matrix": [
                [
                    0.9025682806968689,
                    0.22693820297718048,
                    0.36588168144226074,
                    1.4749162197113037
                ],
                [
                    0.4305465519428253,
                    -0.47573769092559814,
                    -0.7670093178749084,
                    -3.0919134616851807
                ],
                [
                    0.0,
                    0.8498075008392334,
                    -0.5270931720733643,
                    -2.1247806549072266
                ],
                [
                    0.0,
                    0.0,
                    0.0,
                    1.0
                ]
            ]
        },
        {
            "file_path": "/data/shapenet_blender/all_50_random/02958343/c5079a5b8d59220bc3fb0d224baae2a/r_20",
            "rotation": 0.12566370614359174,
            "transform_matrix": [
                [
                    -0.028855035081505775,
                    0.3420577347278595,
                    -0.9392356872558594,
                    -3.7861804962158203
                ],
                [
                    -0.9995836019515991,
                    -0.009874199517071247,
                    0.027112970128655434,
                    0.10929588973522186
                ],
                [
                    0.0,
                    0.9396270513534546,
                    0.3422001600265503,
                    1.3794530630111694
                ],
                [
                    0.0,
                    0.0,
                    0.0,
                    1.0
                ]
            ]
        },
        {
            "file_path": "/data/shapenet_blender/all_50_random/02958343/c5079a5b8d59220bc3fb0d224baae2a/r_21",
            "rotation": 0.12566370614359174,
            "transform_matrix": [
                [
                    -0.9862086176872253,
                    0.0778036043047905,
                    0.14607901871204376,
                    0.5888633728027344
                ],
                [
                    0.16550672054290771,
                    0.4636099934577942,
                    0.8704442381858826,
                    3.5088729858398438
                ],
                [
                    7.450580596923828e-09,
                    0.8826166391372681,
                    -0.4700932502746582,
                    -1.895006537437439
                ],
                [
                    0.0,
                    0.0,
                    0.0,
                    1.0
                ]
            ]
        },
        {
            "file_path": "/data/shapenet_blender/all_50_random/02958343/c5079a5b8d59220bc3fb0d224baae2a/r_22",
            "rotation": 0.12566370614359174,
            "transform_matrix": [
                [
                    0.47437816858291626,
                    0.6147361397743225,
                    -0.6301307678222656,
                    -2.5401384830474854
                ],
                [
                    -0.880321204662323,
                    0.3312624990940094,
                    -0.3395581841468811,
                    -1.368802785873413
                ],
                [
                    1.4901162970204496e-08,
                    0.7157964110374451,
                    0.6983089447021484,
                    2.8149733543395996
                ],
                [
                    0.0,
                    0.0,
                    0.0,
                    1.0
                ]
            ]
        },
        {
            "file_path": "/data/shapenet_blender/all_50_random/02958343/c5079a5b8d59220bc3fb0d224baae2a/r_23",
            "rotation": 0.12566370614359174,
            "transform_matrix": [
                [
                    0.5846078991889954,
                    -0.06868638843297958,
                    0.8084031939506531,
                    3.258777618408203
                ],
                [
                    0.8113159537315369,
                    0.04949318245053291,
                    -0.5825091004371643,
                    -2.3481693267822266
                ],
                [
                    -3.725290298461914e-09,
                    0.9964098930358887,
                    0.08466046303510666,
                    0.34127724170684814
                ],
                [
                    0.0,
                    0.0,
                    0.0,
                    1.0
                ]
            ]
        },
        {
            "file_path": "/data/shapenet_blender/all_50_random/02958343/c5079a5b8d59220bc3fb0d224baae2a/r_24",
            "rotation": 0.12566370614359174,
            "transform_matrix": [
                [
                    -0.32170289754867554,
                    0.1593625545501709,
                    -0.933333158493042,
                    -3.7623863220214844
                ],
                [
                    -0.9468406438827515,
                    -0.054145753383636475,
                    0.3171135485172272,
                    1.2783255577087402
                ],
                [
                    0.0,
                    0.9857341051101685,
                    0.16830980777740479,
                    0.6784785389900208
                ],
                [
                    0.0,
                    0.0,
                    0.0,
                    1.0
                ]
            ]
        },
        {
            "file_path": "/data/shapenet_blender/all_50_random/02958343/c5079a5b8d59220bc3fb0d224baae2a/r_25",
            "rotation": 0.12566370614359174,
            "transform_matrix": [
                [
                    0.5118222832679749,
                    -0.7124413251876831,
                    -0.4800679385662079,
                    -1.935215711593628
                ],
                [
                    -0.8590914011001587,
                    -0.42445236444473267,
                    -0.28601086139678955,
                    -1.1529467105865479
                ],
                [
                    -1.4901162970204496e-08,
                    0.5588088035583496,
                    -0.8292964100837708,
                    -3.343000650405884
                ],
                [
                    0.0,
                    0.0,
                    0.0,
                    1.0
                ]
            ]
        },
        {
            "file_path": "/data/shapenet_blender/all_50_random/02958343/c5079a5b8d59220bc3fb0d224baae2a/r_26",
            "rotation": 0.12566370614359174,
            "transform_matrix": [
                [
                    -0.8966723680496216,
                    0.11971373111009598,
                    -0.4262009263038635,
                    -1.7180707454681396
                ],
                [
                    -0.44269469380378723,
                    -0.242478609085083,
                    0.8632644414901733,
                    3.4799301624298096
                ],
                [
                    0.0,
                    0.9627423286437988,
                    0.27042049169540405,
                    1.090099811553955
                ],
                [
                    0.0,
                    0.0,
                    0.0,
                    1.0
                ]
            ]
        },
        {
            "file_path": "/data/shapenet_blender/all_50_random/02958343/c5079a5b8d59220bc3fb0d224baae2a/r_27",
            "rotation": 0.12566370614359174,
            "transform_matrix": [
                [
                    -0.9870769381523132,
                    -0.06676316261291504,
                    0.14567750692367554,
                    0.5872447490692139
                ],
                [
                    0.16024747490882874,
                    -0.4112412631511688,
                    0.8973302245140076,
                    3.617253303527832
                ],
                [
                    0.0,
                    0.9090782403945923,
                    0.41662541031837463,
                    1.6794705390930176
                ],
                [
                    0.0,
                    0.0,
                    0.0,
                    1.0
                ]
            ]
        },
        {
            "file_path": "/data/shapenet_blender/all_50_random/02958343/c5079a5b8d59220bc3fb0d224baae2a/r_28",
            "rotation": 0.12566370614359174,
            "transform_matrix": [
                [
                    0.993894100189209,
                    0.006716987583786249,
                    -0.11013415455818176,
                    -0.44396498799324036
                ],
                [
                    -0.11033880710601807,
                    0.06050432100892067,
                    -0.9920507073402405,
                    -3.999084234237671
                ],
                [
                    0.0,
                    0.9981452822685242,
                    0.0608760267496109,
                    0.2453991174697876
                ],
                [
                    0.0,
                    0.0,
                    0.0,
                    1.0
                ]
            ]
        },
        {
            "file_path": "/data/shapenet_blender/all_50_random/02958343/c5079a5b8d59220bc3fb0d224baae2a/r_29",
            "rotation": 0.12566370614359174,
            "transform_matrix": [
                [
                    0.9423413276672363,
                    -0.11069051176309586,
                    -0.3158171772956848,
                    -1.2730998992919922
                ],
                [
                    -0.33465340733528137,
                    -0.3116903603076935,
                    -0.8893008828163147,
                    -3.5848867893218994
                ],
                [
                    -7.450580596923828e-09,
                    0.9437143206596375,
                    -0.3307616114616394,
                    -1.3333427906036377
                ],
                [
                    0.0,
                    0.0,
                    0.0,
                    1.0
                ]
            ]
        },
        {
            "file_path": "/data/shapenet_blender/all_50_random/02958343/c5079a5b8d59220bc3fb0d224baae2a/r_30",
            "rotation": 0.12566370614359174,
            "transform_matrix": [
                [
                    0.9998507499694824,
                    -0.009959923103451729,
                    -0.014120335690677166,
                    -0.05692088603973389
                ],
                [
                    -0.01727958209812641,
                    -0.5763123631477356,
                    -0.8170468807220459,
                    -3.2936208248138428
                ],
                [
                    0.0,
                    0.8171688318252563,
                    -0.5763984322547913,
                    -2.3235361576080322
                ],
                [
                    0.0,
                    0.0,
                    0.0,
                    1.0
                ]
            ]
        },
        {
            "file_path": "/data/shapenet_blender/all_50_random/02958343/c5079a5b8d59220bc3fb0d224baae2a/r_31",
            "rotation": 0.12566370614359174,
            "transform_matrix": [
                [
                    -0.9540402293205261,
                    -0.029540324583649635,
                    -0.29821911454200745,
                    -1.2021595239639282
                ],
                [
                    -0.29967859387397766,
                    0.09404294937849045,
                    0.9493939280509949,
                    3.8271288871765137
                ],
                [
                    0.0,
                    0.9951297640800476,
                    -0.09857337176799774,
                    -0.3973619341850281
                ],
                [
                    0.0,
                    0.0,
                    0.0,
                    1.0
                ]
            ]
        },
        {
            "file_path": "/data/shapenet_blender/all_50_random/02958343/c5079a5b8d59220bc3fb0d224baae2a/r_32",
            "rotation": 0.12566370614359174,
            "transform_matrix": [
                [
                    -0.9526873826980591,
                    0.24043996632099152,
                    -0.18594487011432648,
                    -0.7495677471160889
                ],
                [
                    -0.30395209789276123,
                    -0.7536191344261169,
                    0.5828133225440979,
                    2.349395751953125
                ],
                [
                    1.4901162970204496e-08,
                    0.6117571592330933,
                    0.7910455465316772,
                    3.1888065338134766
                ],
                [
                    0.0,
                    0.0,
                    0.0,
                    1.0
                ]
            ]
        },
        {
            "file_path": "/data/shapenet_blender/all_50_random/02958343/c5079a5b8d59220bc3fb0d224baae2a/r_33",
            "rotation": 0.12566370614359174,
            "transform_matrix": [
                [
                    -0.7998103499412537,
                    0.09822960197925568,
                    -0.5921608209609985,
                    -2.3870766162872314
                ],
                [
                    -0.6002529263496399,
                    -0.13088656961917877,
                    0.789027988910675,
                    3.180673599243164
                ],
                [
                    7.450581485102248e-09,
                    0.9865189790725708,
                    0.16364701092243195,
                    0.6596822142601013
                ],
                [
                    0.0,
                    0.0,
                    0.0,
                    1.0
                ]
            ]
        },
        {
            "file_path": "/data/shapenet_blender/all_50_random/02958343/c5079a5b8d59220bc3fb0d224baae2a/r_34",
            "rotation": 0.12566370614359174,
            "transform_matrix": [
                [
                    -0.999570906162262,
                    -0.01471192017197609,
                    0.025327423587441444,
                    0.10209810733795166
                ],
                [
                    0.029290253296494484,
                    -0.5020648837089539,
                    0.8643338084220886,
                    3.484241008758545
                ],
                [
                    0.0,
                    0.8647047877311707,
                    0.5022804141044617,
                    2.024757146835327
                ],
                [
                    0.0,
                    0.0,
                    0.0,
                    1.0
                ]
            ]
        },
        {
            "file_path": "/data/shapenet_blender/all_50_random/02958343/c5079a5b8d59220bc3fb0d224baae2a/r_35",
            "rotation": 0.12566370614359174,
            "transform_matrix": [
                [
                    -0.9791770577430725,
                    -0.15865594148635864,
                    0.1266510784626007,
                    0.5105468034744263
                ],
                [
                    0.20300790667533875,
                    -0.7652522921562195,
                    0.6108818054199219,
                    2.462543249130249
                ],
                [
                    0.0,
                    0.623872697353363,
                    0.7815259695053101,
                    3.1504318714141846
                ],
                [
                    0.0,
                    0.0,
                    0.0,
                    1.0
                ]
            ]
        },
        {
            "file_path": "/data/shapenet_blender/all_50_random/02958343/c5079a5b8d59220bc3fb0d224baae2a/r_36",
            "rotation": 0.12566370614359174,
            "transform_matrix": [
                [
                    -0.9316666126251221,
                    -0.15982292592525482,
                    -0.3262729048728943,
                    -1.3152481317520142
                ],
                [
                    -0.3633144497871399,
                    0.40984243154525757,
                    0.8366790413856506,
                    3.3727610111236572
                ],
                [
                    -1.4901161193847656e-08,
                    0.8980454802513123,
                    -0.43990254402160645,
                    -1.7733038663864136
                ],
                [
                    0.0,
                    0.0,
                    0.0,
                    1.0
                ]
            ]
        },
        {
            "file_path": "/data/shapenet_blender/all_50_random/02958343/c5079a5b8d59220bc3fb0d224baae2a/r_37",
            "rotation": 0.12566370614359174,
            "transform_matrix": [
                [
                    -0.9184427261352539,
                    -0.11614205688238144,
                    0.37811902165412903,
                    1.5242466926574707
                ],
                [
                    0.3955540657043457,
                    -0.2696719467639923,
                    0.8779600858688354,
                    3.539170503616333
                ],
                [
                    7.450581485102248e-09,
                    0.955922544002533,
                    0.29361864924430847,
                    1.183614730834961
                ],
                [
                    0.0,
                    0.0,
                    0.0,
                    1.0
                ]
            ]
        },
        {
            "file_path": "/data/shapenet_blender/all_50_random/02958343/c5079a5b8d59220bc3fb0d224baae2a/r_38",
            "rotation": 0.12566370614359174,
            "transform_matrix": [
                [
                    -0.9507211446762085,
                    0.12164780497550964,
                    -0.28518638014793396,
                    -1.149623155593872
                ],
                [
                    -0.31004756689071655,
                    -0.37301740050315857,
                    0.8744875192642212,
                    3.525172233581543
                ],
                [
                    0.0,
                    0.9198150634765625,
                    0.39235207438468933,
                    1.5816218852996826
                ],
                [
                    0.0,
                    0.0,
                    0.0,
                    1.0
                ]
            ]
        },
        {
            "file_path": "/data/shapenet_blender/all_50_random/02958343/c5079a5b8d59220bc3fb0d224baae2a/r_39",
            "rotation": 0.12566370614359174,
            "transform_matrix": [
                [
                    0.9861813187599182,
                    0.08234076201915741,
                    0.143758162856102,
                    0.5795077681541443
                ],
                [
                    0.16566959023475647,
                    -0.4901497960090637,
                    -0.8557491898536682,
                    -3.4496355056762695
                ],
                [
                    -7.450580152834618e-09,
                    0.8677403330802917,
                    -0.49701789021492004,
                    -2.0035433769226074
                ],
                [
                    0.0,
                    0.0,
                    0.0,
                    1.0
                ]
            ]
        },
        {
            "file_path": "/data/shapenet_blender/all_50_random/02958343/c5079a5b8d59220bc3fb0d224baae2a/r_40",
            "rotation": 0.12566370614359174,
            "transform_matrix": [
                [
                    -0.4642261862754822,
                    0.609487771987915,
                    0.6426652669906616,
                    2.5906667709350586
                ],
                [
                    0.8857167959213257,
                    0.31944766640663147,
                    0.3368368148803711,
                    1.3578327894210815
                ],
                [
                    0.0,
                    0.7255879044532776,
                    -0.6881294846534729,
                    -2.7739388942718506
                ],
                [
                    0.0,
                    0.0,
                    0.0,
                    1.0
                ]
            ]
        },
        {
            "file_path": "/data/shapenet_blender/all_50_random/02958343/c5079a5b8d59220bc3fb0d224baae2a/r_41",
            "rotation": 0.12566370614359174,
            "transform_matrix": [
                [
                    -0.48194649815559387,
                    0.39332351088523865,
                    0.7829585671424866,
                    3.1562070846557617
                ],
                [
                    0.8762006759643555,
                    0.21634413301944733,
                    0.4306594729423523,
                    1.736043930053711
                ],
                [
                    0.0,
