{
    "class": "02958343",
    "model": "ff64fc33b5d8f866d4ad6f63f570d711",
    "remove_doubles": true,
    "edge_split": true,
    "denoise": true,
    "camera_angle_x": 0.6911112070083618,
    "scale_factor": 2.261959805126387,
    "hdri_file": "/data/IndoorHDRDataset2018/9C4A9180-1de6c0cb81.exr",
    "center_offset": [
        0.0,
        -9.313225746154785e-10,
        -3.725290298461914e-09
    ],
    "lights": [],
    "frames": [
        {
            "file_path": "/data/shapenet_blender/all_50_random/02958343/ff64fc33b5d8f866d4ad6f63f570d711/r_0",
            "rotation": 0.12566370614359174,
            "transform_matrix": [
                [
                    0.6359754204750061,
                    0.2647481858730316,
                    0.7248749136924744,
                    2.9220643043518066
                ],
                [
                    0.7717093825340271,
                    -0.21818234026432037,
                    -0.5973786115646362,
                    -2.4081101417541504
                ],
                [
                    0.0,
                    0.9393107295036316,
                    -0.3430672585964203,
                    -1.382948398590088
                ],
                [
                    0.0,
                    0.0,
                    0.0,
                    1.0
                ]
            ]
        },
        {
            "file_path": "/data/shapenet_blender/all_50_random/02958343/ff64fc33b5d8f866d4ad6f63f570d711/r_1",
            "rotation": 0.12566370614359174,
            "transform_matrix": [
                [
                    -0.9144747257232666,
                    -0.2907114028930664,
                    -0.28146544098854065,
                    -1.134623646736145
                ],
                [
                    -0.4046429395675659,
                    0.656994640827179,
                    0.6360991597175598,
                    2.5641980171203613
                ],
                [
                    1.4901159417490817e-08,
                    0.6955897212028503,
                    -0.7184392213821411,
                    -2.8961212635040283
                ],
                [
                    0.0,
                    0.0,
                    0.0,
                    1.0
                ]
            ]
        },
        {
            "file_path": "/data/shapenet_blender/all_50_random/02958343/ff64fc33b5d8f866d4ad6f63f570d711/r_2",
            "rotation": 0.12566370614359174,
            "transform_matrix": [
                [
                    0.42074063420295715,
                    -0.027575688436627388,
                    0.9067618250846863,
                    3.6552734375
                ],
                [
                    0.9071810245513916,
                    0.012789301574230194,
                    -0.42054620385169983,
                    -1.6952757835388184
                ],
                [
                    9.313225746154785e-10,
                    0.9995378851890564,
                    0.030397120863199234,
                    0.12253469973802567
                ],
                [
                    0.0,
                    0.0,
                    0.0,
                    1.0
                ]
            ]
        },
        {
            "file_path": "/data/shapenet_blender/all_50_random/02958343/ff64fc33b5d8f866d4ad6f63f570d711/r_3",
            "rotation": 0.12566370614359174,
            "transform_matrix": [
                [
                    -0.9472322463989258,
                    0.31877338886260986,
                    0.03368653357028961,
                    0.1357947587966919
                ],
                [
                    0.3205483853816986,
                    0.9419870376586914,
                    0.0995449423789978,
                    0.4012784957885742
                ],
                [
                    0.0,
                    0.10509021580219269,
                    -0.9944626688957214,
                    -4.008807182312012
                ],
                [
                    0.0,
                    0.0,
                    0.0,
                    1.0
                ]
            ]
        },
        {
            "file_path": "/data/shapenet_blender/all_50_random/02958343/ff64fc33b5d8f866d4ad6f63f570d711/r_4",
            "rotation": 0.12566370614359174,
            "transform_matrix": [
                [
                    0.995267927646637,
                    0.016332892701029778,
                    -0.09578588604927063,
                    -0.38612526655197144
                ],
                [
                    -0.09716840833425522,
                    0.16729310154914856,
                    -0.9811071753501892,
                    -3.954969644546509
                ],
                [
                    0.0,
                    0.985771894454956,
                    0.16808849573135376,
                    0.6775863766670227
                ],
                [
                    0.0,
                    0.0,
                    0.0,
                    1.0
                ]
            ]
        },
        {
            "file_path": "/data/shapenet_blender/all_50_random/02958343/ff64fc33b5d8f866d4ad6f63f570d711/r_5",
            "rotation": 0.12566370614359174,
            "transform_matrix": [
                [
                    -0.9469929337501526,
                    0.23911742866039276,
                    -0.21453920006752014,
                    -0.8648352026939392
                ],
                [
                    -0.32125410437583923,
                    -0.7048704028129578,
                    0.632418692111969,
                    2.549361228942871
                ],
                [
                    0.0,
                    0.6678176522254944,
                    0.7443248629570007,
                    3.000469446182251
                ],
                [
                    0.0,
                    0.0,
                    0.0,
                    1.0
                ]
            ]
        },
        {
            "file_path": "/data/shapenet_blender/all_50_random/02958343/ff64fc33b5d8f866d4ad6f63f570d711/r_6",
            "rotation": 0.12566370614359174,
            "transform_matrix": [
                [
                    0.5269740223884583,
                    0.5821062326431274,
                    0.6192339658737183,
                    2.4962122440338135
                ],
                [
                    0.8498815298080444,
                    -0.3609384000301361,
                    -0.38395965099334717,
                    -1.5477910041809082
                ],
                [
                    1.4901162970204496e-08,
                    0.7286122441291809,
                    -0.6849263310432434,
                    -2.761026620864868
                ],
                [
                    0.0,
                    0.0,
                    0.0,
                    1.0
                ]
            ]
        },
        {
            "file_path": "/data/shapenet_blender/all_50_random/02958343/ff64fc33b5d8f866d4ad6f63f570d711/r_7",
            "rotation": 0.12566370614359174,
            "transform_matrix": [
                [
                    -0.6995968818664551,
                    0.11560719460248947,
                    -0.7051235437393188,
                    -2.8424439430236816
                ],
                [
                    -0.7145377993583679,
                    -0.11318985372781754,
                    0.6903794407844543,
                    2.783008575439453
                ],
                [
                    0.0,
                    0.9868246912956238,
                    0.16179296374320984,
                    0.6522083282470703
                ],
                [
                    0.0,
                    0.0,
                    0.0,
                    1.0
                ]
            ]
        },
        {
            "file_path": "/data/shapenet_blender/all_50_random/02958343/ff64fc33b5d8f866d4ad6f63f570d711/r_8",
            "rotation": 0.12566370614359174,
            "transform_matrix": [
                [
                    -0.2251817137002945,
                    -0.004778462927788496,
                    -0.9743051528930664,
                    -3.927549123764038
                ],
                [
                    -0.9743167757987976,
                    0.0011043865233659744,
                    0.2251790314912796,
                    0.9077255725860596
                ],
                [
                    -1.1641531488804091e-10,
                    0.9999879002571106,
                    -0.004904425237327814,
                    -0.019770368933677673
                ],
                [
                    0.0,
                    0.0,
                    0.0,
                    1.0
                ]
            ]
        },
        {
            "file_path": "/data/shapenet_blender/all_50_random/02958343/ff64fc33b5d8f866d4ad6f63f570d711/r_9",
            "rotation": 0.12566370614359174,
            "transform_matrix": [
                [
                    0.8747624158859253,
                    0.47798025608062744,
                    0.07953276485204697,
                    0.32060685753822327
                ],
                [
                    0.48455193638801575,
                    -0.8628985285758972,
                    -0.1435806304216385,
                    -0.5787920951843262
                ],
                [
                    -7.450580152834618e-09,
                    0.16413645446300507,
                    -0.9864375591278076,
                    -3.976457118988037
                ],
                [
                    0.0,
                    0.0,
                    0.0,
                    1.0
                ]
            ]
        },
        {
            "file_path": "/data/shapenet_blender/all_50_random/02958343/ff64fc33b5d8f866d4ad6f63f570d711/r_10",
            "rotation": 0.12566370614359174,
            "transform_matrix": [
                [
                    0.9988346099853516,
                    -0.021197935566306114,
                    -0.04335930570960045,
                    -0.17478695511817932
                ],
                [
                    -0.04826366901397705,
                    -0.4386991858482361,
                    -0.8973369598388672,
                    -3.617280960083008
                ],
                [
                    0.0,
                    0.8983837962150574,
                    -0.4392111301422119,
                    -1.7705167531967163
                ],
                [
                    0.0,
                    0.0,
                    0.0,
                    1.0
                ]
            ]
        },
        {
            "file_path": "/data/shapenet_blender/all_50_random/02958343/ff64fc33b5d8f866d4ad6f63f570d711/r_11",
            "rotation": 0.12566370614359174,
            "transform_matrix": [
                [
                    0.1563168615102768,
                    0.49452871084213257,
                    -0.8549890518188477,
                    -3.4465713500976562
                ],
                [
                    -0.9877069592475891,
                    0.07826528698205948,
                    -0.13531260192394257,
                    -0.5454626083374023
                ],
                [
                    -7.450580596923828e-09,
                    0.8656302690505981,
                    0.500683605670929,
                    2.018320322036743
                ],
                [
                    0.0,
                    0.0,
                    0.0,
                    1.0
                ]
            ]
        },
        {
            "file_path": "/data/shapenet_blender/all_50_random/02958343/ff64fc33b5d8f866d4ad6f63f570d711/r_12",
            "rotation": 0.12566370614359174,
            "transform_matrix": [
                [
                    0.10919953137636185,
                    0.6668041348457336,
                    -0.7371888756752014,
                    -2.9717037677764893
                ],
                [
                    -0.9940198063850403,
                    0.07325276732444763,
                    -0.08098498731851578,
                    -0.32646095752716064
                ],
                [
                    0.0,
                    0.7416238784790039,
                    0.6708157062530518,
                    2.7041449546813965
                ],
                [
                    0.0,
                    0.0,
                    0.0,
                    1.0
                ]
            ]
        },
        {
            "file_path": "/data/shapenet_blender/all_50_random/02958343/ff64fc33b5d8f866d4ad6f63f570d711/r_13",
            "rotation": 0.12566370614359174,
            "transform_matrix": [
                [
                    0.994797945022583,
                    0.06765642762184143,
                    -0.0761556401848793,
                    -0.3069932460784912
                ],
                [
                    -0.10186793655157089,
                    0.6607032418251038,
                    -0.7437028884887695,
                    -2.997962474822998
                ],
                [
                    -3.725290298461914e-09,
                    0.7475919723510742,
                    0.6641582250595093,
                    2.677307605743408
                ],
                [
                    0.0,
                    0.0,
                    0.0,
                    1.0
                ]
            ]
        },
        {
            "file_path": "/data/shapenet_blender/all_50_random/02958343/ff64fc33b5d8f866d4ad6f63f570d711/r_14",
            "rotation": 0.12566370614359174,
            "transform_matrix": [
                [
                    -0.831150233745575,
                    -0.08795648068189621,
                    -0.5490473508834839,
                    -2.21328067779541
                ],
                [
                    -0.5560479760169983,
                    0.13147255778312683,
                    0.8206861019134521,
                    3.308291435241699
                ],
                [
                    0.0,
                    0.9874100685119629,
                    -0.15818145871162415,
                    -0.6376498341560364
                ],
                [
                    0.0,
                    0.0,
                    0.0,
                    1.0
                ]
            ]
        },
        {
            "file_path": "/data/shapenet_blender/all_50_random/02958343/ff64fc33b5d8f866d4ad6f63f570d711/r_15",
            "rotation": 0.12566370614359174,
            "transform_matrix": [
                [
                    0.6108112335205078,
                    0.20158080756664276,
                    0.7656858563423157,
                    3.086578369140625
                ],
                [
                    0.7917762398719788,
                    -0.155508354306221,
                    -0.5906839370727539,
                    -2.3811230659484863
                ],
                [
                    7.450580596923828e-09,
                    0.967048168182373,
                    -0.254593163728714,
                    -1.026297926902771
                ],
                [
                    0.0,
                    0.0,
                    0.0,
                    1.0
                ]
            ]
        },
        {
            "file_path": "/data/shapenet_blender/all_50_random/02958343/ff64fc33b5d8f866d4ad6f63f570d711/r_16",
            "rotation": 0.12566370614359174,
            "transform_matrix": [
                [
                    -0.9835439920425415,
                    0.05502466484904289,
                    -0.17208579182624817,
                    -0.6937000751495361
                ],
                [
                    -0.18066886067390442,
                    -0.2995489835739136,
                    0.936818540096283,
                    3.7764365673065186
                ],
                [
                    0.0,
                    0.9524927735328674,
                    0.3045608699321747,
                    1.227724313735962
                ],
                [
                    0.0,
                    0.0,
                    0.0,
                    1.0
                ]
            ]
        },
        {
            "file_path": "/data/shapenet_blender/all_50_random/02958343/ff64fc33b5d8f866d4ad6f63f570d711/r_17",
            "rotation": 0.12566370614359174,
            "transform_matrix": [
                [
                    -0.9367618560791016,
                    0.09899327903985977,
                    -0.3356747329235077,
                    -1.3531482219696045
                ],
                [
                    -0.34996744990348816,
                    -0.2649764120578766,
                    0.898504376411438,
                    3.6219873428344727
                ],
                [
                    7.450580596923828e-09,
                    0.9591598510742188,
                    0.2828642427921295,
                    1.1402623653411865
                ],
                [
                    0.0,
                    0.0,
                    0.0,
                    1.0
                ]
            ]
        },
        {
            "file_path": "/data/shapenet_blender/all_50_random/02958343/ff64fc33b5d8f866d4ad6f63f570d711/r_18",
            "rotation": 0.12566370614359174,
            "transform_matrix": [
                [
                    0.6510339379310608,
                    0.008933180011808872,
                    0.7589960098266602,
                    3.0596108436584473
                ],
                [
                    0.759048581123352,
                    -0.007661964278668165,
                    -0.6509888172149658,
                    -2.6242198944091797
                ],
                [
                    0.0,
                    0.9999308586120605,
                    -0.011768914759159088,
                    -0.047442011535167694
                ],
                [
                    0.0,
                    0.0,
                    0.0,
                    1.0
                ]
            ]
        },
        {
            "file_path": "/data/shapenet_blender/all_50_random/02958343/ff64fc33b5d8f866d4ad6f63f570d711/r_19",
            "rotation": 0.12566370614359174,
            "transform_matrix": [
                [
                    0.5892495512962341,
                    0.7473160028457642,
                    -0.30708885192871094,
                    -1.2379149198532104
                ],
                [
                    -0.807951033115387,
                    0.5450276732444763,
                    -0.22396406531333923,
                    -0.9028280973434448
                ],
                [
                    0.0,
                    0.38008344173431396,
                    0.9249520897865295,
                    3.7286014556884766
                ],
                [
                    0.0,
                    0.0,
                    0.0,
                    1.0
                ]
            ]
        },
        {
            "file_path": "/data/shapenet_blender/all_50_random/02958343/ff64fc33b5d8f866d4ad6f63f570d711/r_20",
            "rotation": 0.12566370614359174,
            "transform_matrix": [
                [
                    0.8076770901679993,
                    0.05513988435268402,
                    -0.5870410799980164,
                    -2.366438388824463
                ],
                [
                    -0.5896250605583191,
                    0.07553143054246902,
                    -0.8041375875473022,
                    -3.2415823936462402
                ],
                [
                    -3.725290298461914e-09,
                    0.9956177473068237,
                    0.09351685643196106,
                    0.3769785165786743
                ],
                [
                    0.0,
                    0.0,
                    0.0,
                    1.0
                ]
            ]
        },
        {
            "file_path": "/data/shapenet_blender/all_50_random/02958343/ff64fc33b5d8f866d4ad6f63f570d711/r_21",
            "rotation": 0.12566370614359174,
            "transform_matrix": [
                [
                    0.9999194741249084,
                    0.010111760348081589,
                    0.00766924349591136,
                    0.03091570734977722
                ],
                [
                    0.012691137380897999,
                    -0.7966933846473694,
                    -0.604250431060791,
                    -2.4358112812042236
                ],
                [
                    -4.6566125955216364e-10,
                    0.6042990684509277,
                    -0.7967575788497925,
                    -3.211832284927368
                ],
                [
                    0.0,
                    0.0,
                    0.0,
                    1.0
                ]
            ]
        },
        {
            "file_path": "/data/shapenet_blender/all_50_random/02958343/ff64fc33b5d8f866d4ad6f63f570d711/r_22",
            "rotation": 0.12566370614359174,
            "transform_matrix": [
                [
                    0.7537434697151184,
                    0.46716687083244324,
                    -0.46219682693481445,
                    -1.8631750345230103
                ],
                [
                    -0.6571687459945679,
                    0.5358197093009949,
                    -0.5301192998886108,
                    -2.136979341506958
                ],
                [
                    0.0,
                    0.7033153176307678,
                    0.7108780145645142,
                    2.865640878677368
                ],
                [
                    0.0,
                    0.0,
                    0.0,
                    1.0
                ]
            ]
        },
        {
            "file_path": "/data/shapenet_blender/all_50_random/02958343/ff64fc33b5d8f866d4ad6f63f570d711/r_23",
            "rotation": 0.12566370614359174,
            "transform_matrix": [
                [
                    -0.3445781469345093,
                    -0.8832361698150635,
                    -0.3180561661720276,
                    -1.282125473022461
                ],
                [
                    -0.9387576580047607,
                    0.32419857382774353,
                    0.11674493551254272,
                    0.47061389684677124
                ],
                [
                    0.0,
                    0.3388054668903351,
                    -0.9408564567565918,
                    -3.7927136421203613
                ],
                [
                    0.0,
                    0.0,
                    0.0,
                    1.0
                ]
            ]
        },
        {
            "file_path": "/data/shapenet_blender/all_50_random/02958343/ff64fc33b5d8f866d4ad6f63f570d711/r_24",
            "rotation": 0.12566370614359174,
            "transform_matrix": [
                [
                    0.7189372181892395,
                    -0.2599528729915619,
                    0.6446345448493958,
                    2.598605155944824
                ],
                [
                    0.6950750350952148,
                    0.26887714862823486,
                    -0.6667650938034058,
                    -2.6878163814544678
                ],
                [
                    0.0,
                    0.9274317026138306,
                    0.3739925026893616,
                    1.5076121091842651
                ],
                [
                    0.0,
                    0.0,
                    0.0,
                    1.0
                ]
            ]
        },
        {
            "file_path": "/data/shapenet_blender/all_50_random/02958343/ff64fc33b5d8f866d4ad6f63f570d711/r_25",
            "rotation": 0.12566370614359174,
            "transform_matrix": [
                [
                    0.2230372279882431,
                    0.8392010927200317,
                    0.4959796369075775,
                    1.9993577003479004
                ],
                [
                    0.9748098850250244,
                    -0.192009836435318,
                    -0.11348050087690353,
                    -0.45745450258255005
                ],
                [
                    7.4505797087454084e-09,
                    0.5087962746620178,
                    -0.8608869910240173,
                    -3.470346212387085
                ],
                [
                    0.0,
                    0.0,
                    0.0,
                    1.0
                ]
            ]
        },
        {
            "file_path": "/data/shapenet_blender/all_50_random/02958343/ff64fc33b5d8f866d4ad6f63f570d711/r_26",
            "rotation": 0.12566370614359174,
            "transform_matrix": [
                [
                    0.8234512805938721,
                    -0.31164348125457764,
                    0.4741373658180237,
                    1.911309003829956
                ],
                [
                    0.5673869252204895,
                    0.4522896111011505,
                    -0.6881177425384521,
                    -2.7738916873931885
                ],
                [
                    1.4901161193847656e-08,
                    0.8356508016586304,
                    0.5492608547210693,
                    2.214141607284546
                ],
                [
                    0.0,
                    0.0,
                    0.0,
                    1.0
                ]
            ]
        },
        {
            "file_path": "/data/shapenet_blender/all_50_random/02958343/ff64fc33b5d8f866d4ad6f63f570d711/r_27",
            "rotation": 0.12566370614359174,
            "transform_matrix": [
                [
                    -0.9998839497566223,
                    -0.0061520766466856,
                    -0.013940036296844482,
                    -0.05619408190250397
                ],
                [
                    -0.015237213112413883,
                    0.40370652079582214,
                    0.9147616624832153,
                    3.6875221729278564
                ],
                [
                    -4.656612873077393e-10,
                    0.9148678779602051,
                    -0.403753399848938,
                    -1.62758207321167
                ],
                [
                    0.0,
                    0.0,
                    0.0,
                    1.0
                ]
            ]
        },
        {
            "file_path": "/data/shapenet_blender/all_50_random/02958343/ff64fc33b5d8f866d4ad6f63f570d711/r_28",
            "rotation": 0.12566370614359174,
            "transform_matrix": [
                [
                    0.6069791913032532,
                    0.18085454404354095,
                    0.7738655209541321,
                    3.11955189704895
                ],
                [
                    0.7947177290916443,
                    -0.13813072443008423,
                    -0.5910528898239136,
                    -2.382610559463501
                ],
                [
                    0.0,
                    0.9737615585327148,
                    -0.2275707721710205,
                    -0.917367160320282
                ],
                [
                    0.0,
                    0.0,
                    0.0,
                    1.0
                ]
            ]
        },
        {
            "file_path": "/data/shapenet_blender/all_50_random/02958343/ff64fc33b5d8f866d4ad6f63f570d711/r_29",
            "rotation": 0.12566370614359174,
            "transform_matrix": [
                [
                    -0.5926207900047302,
                    0.38865169882774353,
                    0.7055141925811768,
                    2.8440189361572266
                ],
                [
                    0.8054816126823425,
                    0.28594455122947693,
                    0.5190712809562683,
                    2.0924434661865234
                ],
                [
                    0.0,
                    0.8758911490440369,
                    -0.48250851035118103,
                    -1.9450541734695435
                ],
                [
                    0.0,
                    0.0,
                    0.0,
                    1.0
                ]
            ]
        },
        {
            "file_path": "/data/shapenet_blender/all_50_random/02958343/ff64fc33b5d8f866d4ad6f63f570d711/r_30",
            "rotation": 0.12566370614359174,
            "transform_matrix": [
                [
                    0.98089599609375,
                    0.19215147197246552,
                    0.03034781850874424,
                    0.12233597040176392
                ],
                [
                    0.19453325867652893,
                    -0.9688863158226013,
                    -0.15302295982837677,
                    -0.616855263710022
                ],
                [
                    -1.862645371275562e-09,
                    0.15600308775901794,
                    -0.9877564907073975,
                    -3.981773853302002
                ],
                [
                    0.0,
                    0.0,
                    0.0,
                    1.0
                ]
            ]
        },
        {
            "file_path": "/data/shapenet_blender/all_50_random/02958343/ff64fc33b5d8f866d4ad6f63f570d711/r_31",
            "rotation": 0.12566370614359174,
            "transform_matrix": [
                [
                    -0.8957254886627197,
                    -0.1146063581109047,
                    0.4295826852321625,
                    1.731703281402588
                ],
                [
                    0.44460761547088623,
                    -0.23089085519313812,
                    0.8654555678367615,
                    3.4887633323669434
                ],
                [
                    0.0,
                    0.966206431388855,
                    0.2577696144580841,
                    1.0391026735305786
                ],
                [
                    0.0,
                    0.0,
                    0.0,
                    1.0
                ]
            ]
        },
        {
            "file_path": "/data/shapenet_blender/all_50_random/02958343/ff64fc33b5d8f866d4ad6f63f570d711/r_32",
            "rotation": 0.12566370614359174,
            "transform_matrix": [
                [
                    0.9584909677505493,
                    -0.005502026993781328,
                    -0.2850697934627533,
                    -1.149153232574463
                ],
                [
                    -0.28512293100357056,
                    -0.018496034666895866,
                    -0.958312451839447,
                    -3.863081216812134
                ],
                [
                    0.0,
                    0.9998136758804321,
                    -0.019297035411000252,
                    -0.07778884470462799
                ],
                [
                    0.0,
                    0.0,
                    0.0,
                    1.0
                ]
            ]
        },
        {
            "file_path": "/data/shapenet_blender/all_50_random/02958343/ff64fc33b5d8f866d4ad6f63f570d711/r_33",
            "rotation": 0.12566370614359174,
            "transform_matrix": [
                [
                    -0.8069549798965454,
                    0.44702327251434326,
                    0.38599714636802673,
                    1.5560044050216675
                ],
                [
                    0.5906129479408264,
                    0.6107683181762695,
                    0.5273882746696472,
                    2.1259703636169434
                ],
                [
                    1.4901161193847656e-08,
                    0.6535535454750061,
                    -0.7568802237510681,
                    -3.051081895828247
                ],
                [
                    0.0,
                    0.0,
                    0.0,
                    1.0
                ]
            ]
        },
        {
            "file_path": "/data/shapenet_blender/all_50_random/02958343/ff64fc33b5d8f866d4ad6f63f570d711/r_34",
            "rotation": 0.12566370614359174,
            "transform_matrix": [
                [
                    0.9432498216629028,
                    -0.22018003463745117,
                    0.24859726428985596,
                    1.0021276473999023
                ],
                [
                    0.33208411931991577,
                    0.6253980994224548,
                    -0.7061142325401306,
                    -2.846437454223633
                ],
                [
                    -1.4901161193847656e-08,
                    0.7485972046852112,
                    0.6630250215530396,
                    2.672739267349243
                ],
                [
                    0.0,
                    0.0,
                    0.0,
                    1.0
                ]
            ]
        },
        {
            "file_path": "/data/shapenet_blender/all_50_random/02958343/ff64fc33b5d8f866d4ad6f63f570d711/r_35",
            "rotation": 0.12566370614359174,
            "transform_matrix": [
                [
                    -0.10064439475536346,
                    -0.06262610852718353,
                    -0.9929494261741638,
                    -4.002707481384277
                ],
                [
                    -0.9949225187301636,
                    0.006335133221000433,
                    0.10044480115175247,
                    0.4049059748649597
                ],
                [
                    -4.656612873077393e-10,
                    0.998016893863678,
                    -0.06294571608304977,
                    -0.2537423372268677
                ],
                [
                    0.0,
                    0.0,
                    0.0,
                    1.0
                ]
            ]
        },
        {
            "file_path": "/data/shapenet_blender/all_50_random/02958343/ff64fc33b5d8f866d4ad6f63f570d711/r_36",
            "rotation": 0.12566370614359174,
            "transform_matrix": [
                [
                    -0.9823716282844543,
                    -0.007204379420727491,
                    -0.1867997944355011,
                    -0.753014087677002
                ],
                [
                    -0.18693870306015015,
                    0.03785935416817665,
                    0.9816417098045349,
                    3.9571244716644287
                ],
                [
                    4.656612873077393e-10,
                    0.9992570877075195,
                    -0.038538724184036255,
                    -0.1553545743227005
                ],
                [
                    0.0,
                    0.0,
                    0.0,
                    1.0
                ]
            ]
        },
        {
            "file_path": "/data/shapenet_blender/all_50_random/02958343/ff64fc33b5d8f866d4ad6f63f570d711/r_37",
            "rotation": 0.12566370614359174,
            "transform_matrix": [
                [
                    0.1655779927968979,
                    -0.25914838910102844,
                    -0.9515386819839478,
                    -3.83577561378479
                ],
                [
                    -0.9861966967582703,
                    -0.04350985214114189,
                    -0.15975907444953918,
                    -0.6440094709396362
                ],
                [
                    0.0,
                    0.9648570418357849,
                    -0.2627755105495453,
                    -1.0592820644378662
                ],
                [
                    0.0,
                    0.0,
                    0.0,
                    1.0
                ]
            ]
        },
        {
            "file_path": "/data/shapenet_blender/all_50_random/02958343/ff64fc33b5d8f866d4ad6f63f570d711/r_38",
            "rotation": 0.12566370614359174,
            "transform_matrix": [
                [
                    0.32735350728034973,
                    0.7147555351257324,
                    0.6180325150489807,
                    2.4913687705993652
                ],
                [
                    0.9449019432067871,
                    -0.24762117862701416,
                    -0.2141122817993164,
                    -0.8631142377853394
                ],
                [
                    0.0,
                    0.6540705561637878,
                    -0.7564335465431213,
                    -3.049281120300293
                ],
                [
                    0.0,
                    0.0,
                    0.0,
                    1.0
                ]
            ]
        },
        {
            "file_path": "/data/shapenet_blender/all_50_random/02958343/ff64fc33b5d8f866d4ad6f63f570d711/r_39",
            "rotation": 0.12566370614359174,
            "transform_matrix": [
                [
                    -0.9976912140846252,
                    0.031484417617321014,
                    0.06017418950796127,
                    0.2425699383020401
                ],
                [
                    0.06791318953037262,
                    0.4625275731086731,
                    0.8839999437332153,
                    3.5635180473327637
                ],
                [
                    1.8626450382086546e-09,
                    0.8860457539558411,
                    -0.46359783411026,
                    -1.8688228130340576
                ],
                [
                    0.0,
                    0.0,
                    0.0,
                    1.0
                ]
            ]
        },
        {
            "file_path": "/data/shapenet_blender/all_50_random/02958343/ff64fc33b5d8f866d4ad6f63f570d711/r_40",
            "rotation": 0.12566370614359174,
            "transform_matrix": [
                [
                    0.46753332018852234,
                    0.1535586565732956,
                    -0.870535671710968,
                    -3.5092415809631348
                ],
                [
                    -0.8839754462242126,
                    0.08121693879365921,
                    -0.4604250192642212,
                    -1.8560326099395752
                ],
                [
                    -7.450580596923828e-09,
                    0.9847962260246277,
                    0.17371369898319244,
                    0.7002623081207275
                ],
                [
                    0.0,
                    0.0,
                    0.0,
                    1.0
                ]
            ]
        },
        {
            "file_path": "/data/shapenet_blender/all_50_random/02958343/ff64fc33b5d8f866d4ad6f63f570d711/r_41",
            "rotation": 0.12566370614359174,
            "transform_matrix": [
                [
                    0.2561747431755066,
                    0.6463016867637634,
                    -0.7187966108322144,
                    -2.89756178855896
                ],
                [
                    -0.9666304588317871,
                    0.17128176987171173,
                    -0.19049425423145294,
                    -0.767906904220581
