{
    "class": "02958343",
    "model": "add26d8f4f91ba04c84b95bddf75b22d",
    "remove_doubles": true,
    "edge_split": true,
    "denoise": true,
    "camera_angle_x": 0.6911112070083618,
    "scale_factor": 2.333251373203043,
    "hdri_file": "/data/IndoorHDRDataset2018/9C4A6075-87c5a72ff8.exr",
    "center_offset": [
        0.0,
        0.0,
        0.0
    ],
    "lights": [],
    "frames": [
        {
            "file_path": "/data/shapenet_blender/all_50_random/02958343/add26d8f4f91ba04c84b95bddf75b22d/r_0",
            "rotation": 0.12566370614359174,
            "transform_matrix": [
                [
                    0.6828479766845703,
                    0.7188822627067566,
                    0.13010317087173462,
                    0.5244626998901367
                ],
                [
                    0.7305603623390198,
                    -0.671932578086853,
                    -0.12160623073577881,
                    -0.4902104139328003
                ],
                [
                    0.0,
                    0.17808648943901062,
                    -0.9840147495269775,
                    -3.9666905403137207
                ],
                [
                    0.0,
                    0.0,
                    0.0,
                    1.0
                ]
            ]
        },
        {
            "file_path": "/data/shapenet_blender/all_50_random/02958343/add26d8f4f91ba04c84b95bddf75b22d/r_1",
            "rotation": 0.12566370614359174,
            "transform_matrix": [
                [
                    -0.7960625886917114,
                    0.5418185591697693,
                    -0.2696610987186432,
                    -1.0870387554168701
                ],
                [
                    -0.6052144765853882,
                    -0.7126753926277161,
                    0.3546959459781647,
                    1.4298251867294312
                ],
                [
                    1.4901162970204496e-08,
                    0.44556283950805664,
                    0.8952504992485046,
                    3.608870506286621
                ],
                [
                    0.0,
                    0.0,
                    0.0,
                    1.0
                ]
            ]
        },
        {
            "file_path": "/data/shapenet_blender/all_50_random/02958343/add26d8f4f91ba04c84b95bddf75b22d/r_2",
            "rotation": 0.12566370614359174,
            "transform_matrix": [
                [
                    -0.3994092047214508,
                    -0.22684776782989502,
                    -0.8882637023925781,
                    -3.580705404281616
                ],
                [
                    -0.916772723197937,
                    0.09883049130439758,
                    0.3869887590408325,
                    1.5600016117095947
                ],
                [
                    0.0,
                    0.9689028263092041,
                    -0.24744166433811188,
                    -0.9974692463874817
                ],
                [
                    0.0,
                    0.0,
                    0.0,
                    1.0
                ]
            ]
        },
        {
            "file_path": "/data/shapenet_blender/all_50_random/02958343/add26d8f4f91ba04c84b95bddf75b22d/r_3",
            "rotation": 0.12566370614359174,
            "transform_matrix": [
                [
                    -0.9639291167259216,
                    0.017760196700692177,
                    0.26556605100631714,
                    1.0705311298370361
                ],
                [
                    0.2661592960357666,
                    0.06432076543569565,
                    0.9617805480957031,
                    3.8770618438720703
                ],
                [
                    0.0,
                    0.997771143913269,
                    -0.06672769784927368,
                    -0.2689879834651947
                ],
                [
                    0.0,
                    0.0,
                    0.0,
                    1.0
                ]
            ]
        },
        {
            "file_path": "/data/shapenet_blender/all_50_random/02958343/add26d8f4f91ba04c84b95bddf75b22d/r_4",
            "rotation": 0.12566370614359174,
            "transform_matrix": [
                [
                    -0.405278742313385,
                    0.9035723209381104,
                    0.13894687592983246,
                    0.5601127743721008
                ],
                [
                    0.9141932725906372,
                    0.400570273399353,
                    0.06159771606326103,
                    0.24830833077430725
                ],
                [
                    3.725290742551124e-09,
                    0.15198840200901031,
                    -0.9883822798728943,
                    -3.9842963218688965
                ],
                [
                    0.0,
                    0.0,
                    0.0,
                    1.0
                ]
            ]
        },
        {
            "file_path": "/data/shapenet_blender/all_50_random/02958343/add26d8f4f91ba04c84b95bddf75b22d/r_5",
            "rotation": 0.12566370614359174,
            "transform_matrix": [
                [
                    -0.6468132734298706,
                    0.46128031611442566,
                    -0.6073325872421265,
                    -2.4482362270355225
                ],
                [
                    -0.7626482844352722,
                    -0.3912186622619629,
                    0.5150877237319946,
                    2.076385259628296
                ],
                [
                    -1.4901160305669237e-08,
                    0.79634690284729,
                    0.6048400402069092,
                    2.438188314437866
                ],
                [
                    0.0,
                    0.0,
                    0.0,
                    1.0
                ]
            ]
        },
        {
            "file_path": "/data/shapenet_blender/all_50_random/02958343/add26d8f4f91ba04c84b95bddf75b22d/r_6",
            "rotation": 0.12566370614359174,
            "transform_matrix": [
                [
                    0.06128053739666939,
                    -0.583942174911499,
                    0.8094788789749146,
                    3.2631137371063232
                ],
                [
                    0.9981206655502319,
                    0.03585166856646538,
                    -0.04969870299100876,
                    -0.20034188032150269
                ],
                [
                    0.0,
                    0.8110030889511108,
                    0.5850417613983154,
                    2.3583788871765137
                ],
                [
                    0.0,
                    0.0,
                    0.0,
                    1.0
                ]
            ]
        },
        {
            "file_path": "/data/shapenet_blender/all_50_random/02958343/add26d8f4f91ba04c84b95bddf75b22d/r_7",
            "rotation": 0.12566370614359174,
            "transform_matrix": [
                [
                    -0.9984211921691895,
                    -0.007819533348083496,
                    -0.055624619126319885,
                    -0.22423000633716583
                ],
                [
                    -0.05617155507206917,
                    0.13898828625679016,
                    0.9886996746063232,
                    3.9855756759643555
                ],
                [
                    4.656612873077393e-10,
                    0.9902631640434265,
                    -0.13920806348323822,
                    -0.5611656308174133
                ],
                [
                    0.0,
                    0.0,
                    0.0,
                    1.0
                ]
            ]
        },
        {
            "file_path": "/data/shapenet_blender/all_50_random/02958343/add26d8f4f91ba04c84b95bddf75b22d/r_8",
            "rotation": 0.12566370614359174,
            "transform_matrix": [
                [
                    -0.7811882495880127,
                    0.4202381372451782,
                    -0.4616759419441223,
                    -1.8610754013061523
                ],
                [
                    -0.6242954134941101,
                    -0.525848925113678,
                    0.5777005553245544,
                    2.3287856578826904
                ],
                [
                    1.4901160305669237e-08,
                    0.7395151257514954,
                    0.6731398105621338,
                    2.7135136127471924
                ],
                [
                    0.0,
                    0.0,
                    0.0,
                    1.0
                ]
            ]
        },
        {
            "file_path": "/data/shapenet_blender/all_50_random/02958343/add26d8f4f91ba04c84b95bddf75b22d/r_9",
            "rotation": 0.12566370614359174,
            "transform_matrix": [
                [
                    -0.11592904478311539,
                    -0.3480413854122162,
                    0.9302836060523987,
                    3.7500932216644287
                ],
                [
                    0.9932575225830078,
                    -0.04062199965119362,
                    0.10857897996902466,
                    0.43769586086273193
                ],
                [
                    3.725290298461914e-09,
                    0.9365987181663513,
                    0.35040396451950073,
                    1.4125235080718994
                ],
                [
                    0.0,
                    0.0,
                    0.0,
                    1.0
                ]
            ]
        },
        {
            "file_path": "/data/shapenet_blender/all_50_random/02958343/add26d8f4f91ba04c84b95bddf75b22d/r_10",
            "rotation": 0.12566370614359174,
            "transform_matrix": [
                [
                    0.9985523223876953,
                    -0.011517636477947235,
                    -0.05254242196679115,
                    -0.2118052840232849
                ],
                [
                    -0.053789980709552765,
                    -0.21381235122680664,
                    -0.9753926992416382,
                    -3.931933641433716
                ],
                [
                    -9.313225746154785e-10,
                    0.9768068790435791,
                    -0.21412234008312225,
                    -0.8631547689437866
                ],
                [
                    0.0,
                    0.0,
                    0.0,
                    1.0
                ]
            ]
        },
        {
            "file_path": "/data/shapenet_blender/all_50_random/02958343/add26d8f4f91ba04c84b95bddf75b22d/r_11",
            "rotation": 0.12566370614359174,
            "transform_matrix": [
                [
                    -0.03165745362639427,
                    -0.11326950043439865,
                    -0.9930598735809326,
                    -4.003151893615723
                ],
                [
                    -0.9994987845420837,
                    0.003587622195482254,
                    0.031453512609004974,
                    0.12679314613342285
                ],
                [
                    0.0,
                    0.9935577511787415,
                    -0.11332632601261139,
                    -0.45683297514915466
                ],
                [
                    0.0,
                    0.0,
                    0.0,
                    1.0
                ]
            ]
        },
        {
            "file_path": "/data/shapenet_blender/all_50_random/02958343/add26d8f4f91ba04c84b95bddf75b22d/r_12",
            "rotation": 0.12566370614359174,
            "transform_matrix": [
                [
                    0.9999825358390808,
                    0.0020322634372860193,
                    0.005554255098104477,
                    0.022389918565750122
                ],
                [
                    0.005914376117289066,
                    -0.34360817074775696,
                    -0.9390944838523865,
                    -3.7856109142303467
                ],
                [
                    0.0,
                    0.9391109347343445,
                    -0.3436141610145569,
                    -1.3851529359817505
                ],
                [
                    0.0,
                    0.0,
                    0.0,
                    1.0
                ]
            ]
        },
        {
            "file_path": "/data/shapenet_blender/all_50_random/02958343/add26d8f4f91ba04c84b95bddf75b22d/r_13",
            "rotation": 0.12566370614359174,
            "transform_matrix": [
                [
                    0.019410276785492897,
                    -0.2537958025932312,
                    -0.9670630097389221,
                    -3.898355722427368
                ],
                [
                    -0.9998115301132202,
                    -0.004927175119519234,
                    -0.018774500116705894,
                    -0.07568243145942688
                ],
                [
                    4.6566125955216364e-10,
                    0.9672452807426453,
                    -0.25384360551834106,
                    -1.0232763290405273
                ],
                [
                    0.0,
                    0.0,
                    0.0,
                    1.0
                ]
            ]
        },
        {
            "file_path": "/data/shapenet_blender/all_50_random/02958343/add26d8f4f91ba04c84b95bddf75b22d/r_14",
            "rotation": 0.12566370614359174,
            "transform_matrix": [
                [
                    -0.49012628197669983,
                    -0.48239338397979736,
                    0.7259978652000427,
                    2.926590919494629
                ],
                [
                    0.8716513514518738,
                    -0.2712479829788208,
                    0.4082258641719818,
                    1.645611047744751
                ],
                [
                    0.0,
                    0.832899272441864,
                    0.5534246563911438,
                    2.230926036834717
                ],
                [
                    0.0,
                    0.0,
                    0.0,
                    1.0
                ]
            ]
        },
        {
            "file_path": "/data/shapenet_blender/all_50_random/02958343/add26d8f4f91ba04c84b95bddf75b22d/r_15",
            "rotation": 0.12566370614359174,
            "transform_matrix": [
                [
                    -0.8857458233833313,
                    0.25576427578926086,
                    0.3873487412929535,
                    1.5614527463912964
                ],
                [
                    0.4641707241535187,
                    0.48805779218673706,
                    0.7391515970230103,
                    2.9796154499053955
                ],
                [
                    0.0,
                    0.8344963788986206,
                    -0.5510134100914001,
                    -2.2212061882019043
                ],
                [
                    0.0,
                    0.0,
                    0.0,
                    1.0
                ]
            ]
        },
        {
            "file_path": "/data/shapenet_blender/all_50_random/02958343/add26d8f4f91ba04c84b95bddf75b22d/r_16",
            "rotation": 0.12566370614359174,
            "transform_matrix": [
                [
                    0.021556101739406586,
                    -0.1415921151638031,
                    -0.989690363407135,
                    -3.9895694255828857
                ],
                [
                    -0.9997677206993103,
                    -0.003052883315831423,
                    -0.021338822320103645,
                    -0.08601954579353333
                ],
                [
                    -2.3283067140944524e-10,
                    0.9899203777313232,
                    -0.14162501692771912,
                    -0.5709087252616882
                ],
                [
                    0.0,
                    0.0,
                    0.0,
                    1.0
                ]
            ]
        },
        {
            "file_path": "/data/shapenet_blender/all_50_random/02958343/add26d8f4f91ba04c84b95bddf75b22d/r_17",
            "rotation": 0.12566370614359174,
            "transform_matrix": [
                [
                    0.5785830020904541,
                    0.45415210723876953,
                    0.6774861216545105,
                    2.73103404045105
                ],
                [
                    0.8156235218048096,
                    -0.3221641778945923,
                    -0.4805917739868164,
                    -1.93732750415802
                ],
                [
                    0.0,
                    0.8306359052658081,
                    -0.5568158626556396,
                    -2.2445967197418213
                ],
                [
                    0.0,
                    0.0,
                    0.0,
                    1.0
                ]
            ]
        },
        {
            "file_path": "/data/shapenet_blender/all_50_random/02958343/add26d8f4f91ba04c84b95bddf75b22d/r_18",
            "rotation": 0.12566370614359174,
            "transform_matrix": [
                [
                    -0.5939576029777527,
                    0.4664185345172882,
                    -0.6554907560348511,
                    -2.6423678398132324
                ],
                [
                    -0.8044964075088501,
                    -0.34435561299324036,
                    0.48394712805747986,
                    1.9508532285690308
                ],
                [
                    -1.4901162970204496e-08,
                    0.8147839903831482,
                    0.5797646045684814,
                    2.3371059894561768
                ],
                [
                    0.0,
                    0.0,
                    0.0,
                    1.0
                ]
            ]
        },
        {
            "file_path": "/data/shapenet_blender/all_50_random/02958343/add26d8f4f91ba04c84b95bddf75b22d/r_19",
            "rotation": 0.12566370614359174,
            "transform_matrix": [
                [
                    0.8631049990653992,
                    0.4095519781112671,
                    -0.29549452662467957,
                    -1.1911765336990356
                ],
                [
                    -0.5050246715545654,
                    0.6999387741088867,
                    -0.5050106048583984,
                    -2.0357627868652344
                ],
                [
                    -1.4901162970204496e-08,
                    0.5851089954376221,
                    0.8109545707702637,
                    3.2690625190734863
                ],
                [
                    0.0,
                    0.0,
                    0.0,
                    1.0
                ]
            ]
        },
        {
            "file_path": "/data/shapenet_blender/all_50_random/02958343/add26d8f4f91ba04c84b95bddf75b22d/r_20",
            "rotation": 0.12566370614359174,
            "transform_matrix": [
                [
                    0.9599899053573608,
                    -0.1475188285112381,
                    0.23802882432937622,
                    0.9595247507095337
                ],
                [
                    0.2800348699092865,
                    0.5057104825973511,
                    -0.8159886002540588,
                    -3.2893548011779785
                ],
                [
                    7.450580596923828e-09,
                    0.8499971032142639,
                    0.5267874598503113,
                    2.1235480308532715
                ],
                [
                    0.0,
                    0.0,
                    0.0,
                    1.0
                ]
            ]
        },
        {
            "file_path": "/data/shapenet_blender/all_50_random/02958343/add26d8f4f91ba04c84b95bddf75b22d/r_21",
            "rotation": 0.12566370614359174,
            "transform_matrix": [
                [
                    0.4595884382724762,
                    0.0017615776741877198,
                    -0.888130247592926,
                    -3.580167531967163
                ],
                [
                    -0.8881319761276245,
                    0.0009115770226344466,
                    -0.45958754420280457,
                    -1.852656602859497
                ],
                [
                    -5.8207653974573503e-11,
                    0.9999980330467224,
                    0.001983463764190674,
                    0.007995598018169403
                ],
                [
                    0.0,
                    0.0,
                    0.0,
                    1.0
                ]
            ]
        },
        {
            "file_path": "/data/shapenet_blender/all_50_random/02958343/add26d8f4f91ba04c84b95bddf75b22d/r_22",
            "rotation": 0.12566370614359174,
            "transform_matrix": [
                [
                    0.6987535357475281,
                    -0.5187044143676758,
                    0.49263498187065125,
                    1.985875129699707
                ],
                [
                    0.715362548828125,
                    0.5066613554954529,
                    -0.48119720816612244,
                    -1.9397679567337036
                ],
                [
                    0.0,
                    0.688650906085968,
                    0.7250930666923523,
                    2.922943592071533
                ],
                [
                    0.0,
                    0.0,
                    0.0,
                    1.0
                ]
            ]
        },
        {
            "file_path": "/data/shapenet_blender/all_50_random/02958343/add26d8f4f91ba04c84b95bddf75b22d/r_23",
            "rotation": 0.12566370614359174,
            "transform_matrix": [
                [
                    -0.8809108734130859,
                    -0.44674256443977356,
                    0.15625998377799988,
                    0.6299041509628296
                ],
                [
                    0.4732823073863983,
                    -0.831512987613678,
                    0.29084357619285583,
                    1.172428011894226
                ],
                [
                    0.0,
                    0.3301623463630676,
                    0.9439241290092468,
                    3.805079936981201
                ],
                [
                    0.0,
                    0.0,
                    0.0,
                    1.0
                ]
            ]
        },
        {
            "file_path": "/data/shapenet_blender/all_50_random/02958343/add26d8f4f91ba04c84b95bddf75b22d/r_24",
            "rotation": 0.12566370614359174,
            "transform_matrix": [
                [
                    -0.8620305061340332,
                    0.06992852687835693,
                    0.5020092725753784,
                    2.0236639976501465
                ],
                [
                    0.5068563222885132,
                    0.11893020570278168,
                    0.8537870645523071,
                    3.441725492477417
                ],
                [
                    3.7252898543727042e-09,
                    0.9904370903968811,
                    -0.13796518743038177,
                    -0.5561554431915283
                ],
                [
                    0.0,
                    0.0,
                    0.0,
                    1.0
                ]
            ]
        },
        {
            "file_path": "/data/shapenet_blender/all_50_random/02958343/add26d8f4f91ba04c84b95bddf75b22d/r_25",
            "rotation": 0.12566370614359174,
            "transform_matrix": [
                [
                    0.277054101228714,
                    -0.46810540556907654,
                    -0.8391175270080566,
                    -3.3825912475585938
                ],
                [
                    -0.9608543515205383,
                    -0.1349741667509079,
                    -0.2419523298740387,
                    -0.9753410816192627
                ],
                [
                    0.0,
                    0.8733036518096924,
                    -0.48717620968818665,
                    -1.9638702869415283
                ],
                [
                    0.0,
                    0.0,
                    0.0,
                    1.0
                ]
            ]
        },
        {
            "file_path": "/data/shapenet_blender/all_50_random/02958343/add26d8f4f91ba04c84b95bddf75b22d/r_26",
            "rotation": 0.12566370614359174,
            "transform_matrix": [
                [
                    0.9811873435974121,
                    0.008526301942765713,
                    -0.19287000596523285,
                    -0.7774838805198669
                ],
                [
                    -0.19305840134620667,
                    0.0433335155248642,
                    -0.9802298545837402,
                    -3.951432943344116
                ],
                [
                    0.0,
                    0.9990242719650269,
                    0.04416436702013016,
                    0.1780322641134262
                ],
                [
                    0.0,
                    0.0,
                    0.0,
                    1.0
                ]
            ]
        },
        {
            "file_path": "/data/shapenet_blender/all_50_random/02958343/add26d8f4f91ba04c84b95bddf75b22d/r_27",
            "rotation": 0.12566370614359174,
            "transform_matrix": [
                [
                    -0.32923054695129395,
                    0.6408752799034119,
                    -0.6934594511985779,
                    -2.795424461364746
                ],
                [
                    -0.9442496299743652,
                    -0.2234533131122589,
                    0.24178779125213623,
                    0.9746776819229126
                ],
                [
                    1.4901161193847656e-08,
                    0.7344026565551758,
                    0.6787139177322388,
                    2.73598313331604
                ],
                [
                    0.0,
                    0.0,
                    0.0,
                    1.0
                ]
            ]
        },
        {
            "file_path": "/data/shapenet_blender/all_50_random/02958343/add26d8f4f91ba04c84b95bddf75b22d/r_28",
            "rotation": 0.12566370614359174,
            "transform_matrix": [
                [
                    -0.7505555748939514,
                    0.06746019423007965,
                    0.6573548316955566,
                    2.6498823165893555
                ],
                [
                    0.6608072519302368,
                    0.076622374355793,
                    0.7466341853141785,
                    3.0097789764404297
                ],
                [
                    0.0,
                    0.9947754144668579,
                    -0.10208753496408463,
                    -0.4115280508995056
                ],
                [
                    0.0,
                    0.0,
                    0.0,
                    1.0
                ]
            ]
        },
        {
            "file_path": "/data/shapenet_blender/all_50_random/02958343/add26d8f4f91ba04c84b95bddf75b22d/r_29",
            "rotation": 0.12566370614359174,
            "transform_matrix": [
                [
                    -0.06905055046081543,
                    0.5716396570205688,
                    0.817594051361084,
                    3.2958271503448486
                ],
                [
                    0.997613251209259,
                    0.03956646844744682,
                    0.05659038946032524,
                    0.22812315821647644
                ],
                [
                    3.725290742551124e-09,
                    0.8195501565933228,
                    -0.573007345199585,
                    -2.309866428375244
                ],
                [
                    0.0,
                    0.0,
                    0.0,
                    1.0
                ]
            ]
        },
        {
            "file_path": "/data/shapenet_blender/all_50_random/02958343/add26d8f4f91ba04c84b95bddf75b22d/r_30",
            "rotation": 0.12566370614359174,
            "transform_matrix": [
                [
                    -0.7216328978538513,
                    0.2549382448196411,
                    0.6436244249343872,
                    2.5945329666137695
                ],
                [
                    0.6922758221626282,
                    0.26574933528900146,
                    0.670918345451355,
                    2.7045583724975586
                ],
                [
                    -1.4901158529312397e-08,
                    0.9297223687171936,
                    -0.36826109886169434,
                    -1.4845079183578491
                ],
                [
                    0.0,
                    0.0,
                    0.0,
                    1.0
                ]
            ]
        },
        {
            "file_path": "/data/shapenet_blender/all_50_random/02958343/add26d8f4f91ba04c84b95bddf75b22d/r_31",
            "rotation": 0.12566370614359174,
            "transform_matrix": [
                [
                    0.17391477525234222,
                    -0.1706824153661728,
                    -0.9698561429977417,
                    -3.9096155166625977
                ],
                [
                    -0.9847607612609863,
                    -0.030143558979034424,
                    -0.17128252983093262,
                    -0.6904619932174683
                ],
                [
                    0.0,
                    0.9848648905754089,
                    -0.17332373559474945,
                    -0.6986904144287109
                ],
                [
                    0.0,
                    0.0,
                    0.0,
                    1.0
                ]
            ]
        },
        {
            "file_path": "/data/shapenet_blender/all_50_random/02958343/add26d8f4f91ba04c84b95bddf75b22d/r_32",
            "rotation": 0.12566370614359174,
            "transform_matrix": [
                [
                    -0.8173068761825562,
                    -0.33636075258255005,
                    0.4678364396095276,
                    1.885909080505371
                ],
                [
                    0.5762026906013489,
                    -0.47710636258125305,
                    0.6635962128639221,
                    2.675042152404785
                ],
                [
                    1.4901161193847656e-08,
                    0.8119303584098816,
                    0.5837542414665222,
                    2.3531887531280518
                ],
                [
                    0.0,
                    0.0,
                    0.0,
                    1.0
                ]
            ]
        },
        {
            "file_path": "/data/shapenet_blender/all_50_random/02958343/add26d8f4f91ba04c84b95bddf75b22d/r_33",
            "rotation": 0.12566370614359174,
            "transform_matrix": [
                [
                    0.6235437393188477,
                    0.42959216237068176,
                    -0.6531797647476196,
                    -2.633051872253418
                ],
                [
                    -0.7817885875701904,
                    0.3426367938518524,
                    -0.5209671258926392,
                    -2.100085735321045
                ],
                [
                    1.4901162970204496e-08,
                    0.8354942202568054,
                    0.5494992136955261,
                    2.215102195739746
                ],
                [
                    0.0,
                    0.0,
                    0.0,
                    1.0
                ]
            ]
        },
        {
            "file_path": "/data/shapenet_blender/all_50_random/02958343/add26d8f4f91ba04c84b95bddf75b22d/r_34",
            "rotation": 0.12566370614359174,
            "transform_matrix": [
                [
                    -0.9675657153129578,
                    0.15027931332588196,
                    -0.20305854082107544,
                    -0.8185551762580872
                ],
                [
                    -0.25261956453323364,
                    -0.5755892395973206,
                    0.7777405381202698,
                    3.1351723670959473
                ],
                [
                    7.450580596923828e-09,
                    0.8038116693496704,
                    0.594883918762207,
                    2.3980538845062256
                ],
                [
                    0.0,
                    0.0,
                    0.0,
                    1.0
                ]
            ]
        },
        {
            "file_path": "/data/shapenet_blender/all_50_random/02958343/add26d8f4f91ba04c84b95bddf75b22d/r_35",
            "rotation": 0.12566370614359174,
            "transform_matrix": [
                [
                    -0.9805222749710083,
                    0.017778264358639717,
                    -0.19560199975967407,
                    -0.7884969115257263
                ],
                [
                    -0.19640830159187317,
                    -0.08875380456447601,
                    0.9764970541000366,
                    3.9363856315612793
                ],
                [
                    1.862645371275562e-09,
                    0.9958949089050293,
                    0.09051688015460968,
                    0.36488521099090576
                ],
                [
                    0.0,
                    0.0,
                    0.0,
                    1.0
                ]
            ]
        },
        {
            "file_path": "/data/shapenet_blender/all_50_random/02958343/add26d8f4f91ba04c84b95bddf75b22d/r_36",
            "rotation": 0.12566370614359174,
            "transform_matrix": [
                [
                    -0.44940316677093506,
                    -0.8290661573410034,
                    -0.33269524574279785,
                    -1.3411375284194946
                ],
                [
                    -0.8933291435241699,
                    0.41707465052604675,
                    0.16736753284931183,
                    0.6746801733970642
                ],
                [
                    0.0,
                    0.37242186069488525,
                    -0.9280634522438049,
                    -3.7411437034606934
                ],
                [
                    0.0,
                    0.0,
                    0.0,
                    1.0
                ]
            ]
        },
        {
            "file_path": "/data/shapenet_blender/all_50_random/02958343/add26d8f4f91ba04c84b95bddf75b22d/r_37",
            "rotation": 0.12566370614359174,
            "transform_matrix": [
                [
                    -0.8181130886077881,
                    0.10120414942502975,
                    0.5660819411277771,
                    2.281949520111084
                ],
                [
                    0.5750575065612793,
                    0.14397940039634705,
                    0.8053438663482666,
                    3.2464451789855957
                ],
                [
                    -7.450581485102248e-09,
                    0.9843919277191162,
                    -0.17598962783813477,
                    -0.7094369530677795
                ],
                [
                    0.0,
                    0.0,
                    0.0,
                    1.0
                ]
            ]
        },
        {
            "file_path": "/data/shapenet_blender/all_50_random/02958343/add26d8f4f91ba04c84b95bddf75b22d/r_38",
            "rotation": 0.12566370614359174,
            "transform_matrix": [
                [
                    0.9208109378814697,
                    -0.34376752376556396,
                    0.18420358002185822,
                    0.7425484657287598
                ],
                [
                    0.3900090754032135,
                    0.8116347193717957,
                    -0.43490445613861084,
                    -1.753156065940857
                ],
                [
                    0.0,
                    0.47230592370033264,
                    0.8814346194267273,
                    3.5531768798828125
                ],
                [
                    0.0,
                    0.0,
                    0.0,
                    1.0
                ]
            ]
        },
        {
            "file_path": "/data/shapenet_blender/all_50_random/02958343/add26d8f4f91ba04c84b95bddf75b22d/r_39",
            "rotation": 0.12566370614359174,
            "transform_matrix": [
                [
                    0.11272114515304565,
                    0.5822138786315918,
                    0.8051838278770447,
                    3.2457995414733887
                ],
                [
                    0.9936267137527466,
                    -0.066048763692379,
                    -0.09134340286254883,
                    -0.36821699142456055
                ],
                [
                    -3.725290298461914e-09,
                    0.8103484511375427,
                    -0.5859483480453491,
                    -2.3620331287384033
                ],
                [
                    0.0,
                    0.0,
                    0.0,
                    1.0
                ]
            ]
        },
        {
            "file_path": "/data/shapenet_blender/all_50_random/02958343/add26d8f4f91ba04c84b95bddf75b22d/r_40",
            "rotation": 0.12566370614359174,
            "transform_matrix": [
                [
                    -0.38281142711639404,
                    -0.9010827541351318,
                    -0.20372824370861053,
                    -0.8212548494338989
                ],
                [
                    -0.9238265752792358,
                    0.373386949300766,
                    0.08442006260156631,
                    0.34030818939208984
                ],
                [
                    7.450581485102248e-09,
                    0.2205265909433365,
                    -0.9753808975219727,
                    -3.9318864345550537
                ],
                [
                    0.0,
                    0.0,
                    0.0,
                    1.0
                ]
            ]
        },
        {
            "file_path": "/data/shapenet_blender/all_50_random/02958343/add26d8f4f91ba04c84b95bddf75b22d/r_41",
            "rotation": 0.12566370614359174,
            "transform_matrix": [
                [
                    0.6352699995040894,
                    -0.42496803402900696,
                    -0.6448519229888916,
                    -2.5994815826416016
                ],
                [
                    -0.772290050983429,
                    -0.34957000613212585,
                    -0.5304419994354248,
