{
    "class": "02958343",
    "model": "f6906412622f5853413113c385698bb2",
    "remove_doubles": true,
    "edge_split": true,
    "denoise": true,
    "camera_angle_x": 0.6911112070083618,
    "scale_factor": 2.2409591079983593,
    "hdri_file": "/data/IndoorHDRDataset2018/9C4A6429-d3c3efa4b2.exr",
    "center_offset": [
        0.0,
        0.0,
        9.313225746154785e-10
    ],
    "lights": [],
    "frames": [
        {
            "file_path": "/data/shapenet_blender/all_50_random/02958343/f6906412622f5853413113c385698bb2/r_0",
            "rotation": 0.12566370614359174,
            "transform_matrix": [
                [
                    0.9919487237930298,
                    0.025458799675107002,
                    0.12405482679605484,
                    0.5000810027122498
                ],
                [
                    0.12664024531841278,
                    -0.19941388070583344,
                    -0.9716976284980774,
                    -3.9170384407043457
                ],
                [
                    -1.862645149230957e-09,
                    0.9795845746994019,
                    -0.20103244483470917,
                    -0.8103877305984497
                ],
                [
                    0.0,
                    0.0,
                    0.0,
                    1.0
                ]
            ]
        },
        {
            "file_path": "/data/shapenet_blender/all_50_random/02958343/f6906412622f5853413113c385698bb2/r_1",
            "rotation": 0.12566370614359174,
            "transform_matrix": [
                [
                    0.19406670331954956,
                    -0.03373965993523598,
                    0.9804079532623291,
                    3.952150821685791
                ],
                [
                    0.9809884428977966,
                    0.006674639414995909,
                    -0.19395186007022858,
                    -0.781844973564148
                ],
                [
                    0.0,
                    0.9994083642959595,
                    0.034393537789583206,
                    0.13864478468894958
                ],
                [
                    0.0,
                    0.0,
                    0.0,
                    1.0
                ]
            ]
        },
        {
            "file_path": "/data/shapenet_blender/all_50_random/02958343/f6906412622f5853413113c385698bb2/r_2",
            "rotation": 0.12566370614359174,
            "transform_matrix": [
                [
                    -0.4430776834487915,
                    -0.12402486056089401,
                    -0.8878626227378845,
                    -3.5790886878967285
                ],
                [
                    -0.896483302116394,
                    0.06129801273345947,
                    0.43881699442863464,
                    1.7689279317855835
                ],
                [
                    0.0,
                    0.9903838634490967,
                    -0.13834600150585175,
                    -0.5576905608177185
                ],
                [
                    0.0,
                    0.0,
                    0.0,
                    1.0
                ]
            ]
        },
        {
            "file_path": "/data/shapenet_blender/all_50_random/02958343/f6906412622f5853413113c385698bb2/r_3",
            "rotation": 0.12566370614359174,
            "transform_matrix": [
                [
                    -0.8531302809715271,
                    -0.06164615973830223,
                    -0.5180429220199585,
                    -2.0882978439331055
                ],
                [
                    -0.5216979384422302,
                    0.10080969333648682,
                    0.8471533060073853,
                    3.4149842262268066
                ],
                [
                    3.725290298461914e-09,
                    0.992993950843811,
                    -0.11816447973251343,
                    -0.4763362407684326
                ],
                [
                    0.0,
                    0.0,
                    0.0,
                    1.0
                ]
            ]
        },
        {
            "file_path": "/data/shapenet_blender/all_50_random/02958343/f6906412622f5853413113c385698bb2/r_4",
            "rotation": 0.12566370614359174,
            "transform_matrix": [
                [
                    -0.9287551641464233,
                    0.13033057749271393,
                    -0.34702688455581665,
                    -1.3989101648330688
                ],
                [
                    -0.37069353461265564,
                    -0.3265371322631836,
                    0.8694594502449036,
                    3.5049030780792236
                ],
                [
                    -1.4901160305669237e-08,
                    0.9361556172370911,
                    0.3515858054161072,
                    1.4172877073287964
                ],
                [
                    0.0,
                    0.0,
                    0.0,
                    1.0
                ]
            ]
        },
        {
            "file_path": "/data/shapenet_blender/all_50_random/02958343/f6906412622f5853413113c385698bb2/r_5",
            "rotation": 0.12566370614359174,
            "transform_matrix": [
                [
                    -0.9841042160987854,
                    -0.0813852846622467,
                    -0.1578460931777954,
                    -0.6362979412078857
                ],
                [
                    -0.17759208381175995,
                    0.45098626613616943,
                    0.87468421459198,
                    3.5259647369384766
                ],
                [
                    0.0,
                    0.8888125419616699,
                    -0.4582709074020386,
                    -1.8473491668701172
                ],
                [
                    0.0,
                    0.0,
                    0.0,
                    1.0
                ]
            ]
        },
        {
            "file_path": "/data/shapenet_blender/all_50_random/02958343/f6906412622f5853413113c385698bb2/r_6",
            "rotation": 0.12566370614359174,
            "transform_matrix": [
                [
                    -0.8130700588226318,
                    0.23678798973560333,
                    0.5318350195884705,
                    2.143895387649536
                ],
                [
                    0.5821657776832581,
                    0.3307051658630371,
                    0.74277663230896,
                    2.9942281246185303
                ],
                [
                    -1.4901160305669237e-08,
                    0.913545548915863,
                    -0.4067363440990448,
                    -1.6396064758300781
                ],
                [
                    0.0,
                    0.0,
                    0.0,
                    1.0
                ]
            ]
        },
        {
            "file_path": "/data/shapenet_blender/all_50_random/02958343/f6906412622f5853413113c385698bb2/r_7",
            "rotation": 0.12566370614359174,
            "transform_matrix": [
                [
                    -0.9992260336875916,
                    -0.00857981201261282,
                    -0.03839179873466492,
                    -0.15476229786872864
                ],
                [
                    -0.03933883458375931,
                    0.21793150901794434,
                    0.975170910358429,
                    3.931039571762085
                ],
                [
                    0.0,
                    0.9759262204170227,
                    -0.21810035407543182,
                    -0.8791906237602234
                ],
                [
                    0.0,
                    0.0,
                    0.0,
                    1.0
                ]
            ]
        },
        {
            "file_path": "/data/shapenet_blender/all_50_random/02958343/f6906412622f5853413113c385698bb2/r_8",
            "rotation": 0.12566370614359174,
            "transform_matrix": [
                [
                    0.995639443397522,
                    -0.01016230694949627,
                    -0.09273071587085724,
                    -0.3738095164299011
                ],
                [
                    -0.09328591078519821,
                    -0.10846218466758728,
                    -0.9897137880325317,
                    -3.989664316177368
                ],
                [
                    0.0,
                    0.9940485954284668,
                    -0.10893720388412476,
                    -0.4391399621963501
                ],
                [
                    0.0,
                    0.0,
                    0.0,
                    1.0
                ]
            ]
        },
        {
            "file_path": "/data/shapenet_blender/all_50_random/02958343/f6906412622f5853413113c385698bb2/r_9",
            "rotation": 0.12566370614359174,
            "transform_matrix": [
                [
                    0.9222856760025024,
                    0.20069043338298798,
                    -0.3303219676017761,
                    -1.3315703868865967
                ],
                [
                    -0.38650912046432495,
                    0.47888633608818054,
                    -0.7882122993469238,
                    -3.1773853302001953
                ],
                [
                    1.4901161193847656e-08,
                    0.8546292781829834,
                    0.5192387104034424,
                    2.093118190765381
                ],
                [
                    0.0,
                    0.0,
                    0.0,
                    1.0
                ]
            ]
        },
        {
            "file_path": "/data/shapenet_blender/all_50_random/02958343/f6906412622f5853413113c385698bb2/r_10",
            "rotation": 0.12566370614359174,
            "transform_matrix": [
                [
                    0.9172873497009277,
                    0.2446167916059494,
                    0.31423959136009216,
                    1.266740322113037
                ],
                [
                    0.39822590351104736,
                    -0.5634588003158569,
                    -0.7238303422927856,
                    -2.917853355407715
                ],
                [
                    1.4901159417490817e-08,
                    0.7890987992286682,
                    -0.6142663359642029,
                    -2.476186752319336
                ],
                [
                    0.0,
                    0.0,
                    0.0,
                    1.0
                ]
            ]
        },
        {
            "file_path": "/data/shapenet_blender/all_50_random/02958343/f6906412622f5853413113c385698bb2/r_11",
            "rotation": 0.12566370614359174,
            "transform_matrix": [
                [
                    0.7953348159790039,
                    0.05228057876229286,
                    -0.6039116382598877,
                    -2.434445381164551
                ],
                [
                    -0.6061703562736511,
                    0.0685955137014389,
                    -0.7923712730407715,
                    -3.194150447845459
                ],
                [
                    3.725290076417309e-09,
                    0.9962736964225769,
                    0.08624734729528427,
                    0.3476741313934326
                ],
                [
                    0.0,
                    0.0,
                    0.0,
                    1.0
                ]
            ]
        },
        {
            "file_path": "/data/shapenet_blender/all_50_random/02958343/f6906412622f5853413113c385698bb2/r_12",
            "rotation": 0.12566370614359174,
            "transform_matrix": [
                [
                    0.9991831183433533,
                    0.0032644120510667562,
                    0.04027961567044258,
                    0.16237232089042664
                ],
                [
                    0.040411677211523056,
                    -0.0807129442691803,
                    -0.9959178566932678,
                    -4.014673233032227
                ],
                [
                    2.3283064365386963e-10,
                    0.9967319369316101,
                    -0.08077894151210785,
                    -0.3256303369998932
                ],
                [
                    0.0,
                    0.0,
                    0.0,
                    1.0
                ]
            ]
        },
        {
            "file_path": "/data/shapenet_blender/all_50_random/02958343/f6906412622f5853413113c385698bb2/r_13",
            "rotation": 0.12566370614359174,
            "transform_matrix": [
                [
                    -0.9979984164237976,
                    0.007855115458369255,
                    0.06274982541799545,
                    0.2529526650905609
                ],
                [
                    0.06323958188295364,
                    0.12396340072154999,
                    0.9902695417404175,
                    3.9919044971466064
                ],
                [
                    -4.656612873077393e-10,
                    0.992255687713623,
                    -0.12421202659606934,
                    -0.5007147192955017
                ],
                [
                    0.0,
                    0.0,
                    0.0,
                    1.0
                ]
            ]
        },
        {
            "file_path": "/data/shapenet_blender/all_50_random/02958343/f6906412622f5853413113c385698bb2/r_14",
            "rotation": 0.12566370614359174,
            "transform_matrix": [
                [
                    -0.8554568886756897,
                    0.08871308714151382,
                    -0.5102192759513855,
                    -2.0567595958709717
                ],
                [
                    -0.5178742408752441,
                    -0.1465417593717575,
                    0.8428118228912354,
                    3.3974831104278564
                ],
                [
                    7.450581485102248e-09,
                    0.9852184653282166,
                    0.17130237817764282,
                    0.6905419826507568
                ],
                [
                    0.0,
                    0.0,
                    0.0,
                    1.0
                ]
            ]
        },
        {
            "file_path": "/data/shapenet_blender/all_50_random/02958343/f6906412622f5853413113c385698bb2/r_15",
            "rotation": 0.12566370614359174,
            "transform_matrix": [
                [
                    -0.6594963669776917,
                    -0.7349931001663208,
                    0.15763764083385468,
                    0.6354576349258423
                ],
                [
                    0.7517076730728149,
                    -0.644832193851471,
                    0.13830038905143738,
                    0.5575066804885864
                ],
                [
                    0.0,
                    0.20970596373081207,
                    0.9777644872665405,
                    3.9414947032928467
                ],
                [
                    0.0,
                    0.0,
                    0.0,
                    1.0
                ]
            ]
        },
        {
            "file_path": "/data/shapenet_blender/all_50_random/02958343/f6906412622f5853413113c385698bb2/r_16",
            "rotation": 0.12566370614359174,
            "transform_matrix": [
                [
                    0.20952418446540833,
                    -0.5429739952087402,
                    0.8131904602050781,
                    3.278075933456421
                ],
                [
                    0.9778034687042236,
                    0.11634872853755951,
                    -0.17425082623958588,
                    -0.7024276256561279
                ],
                [
                    0.0,
                    0.8316502571105957,
                    0.555299699306488,
                    2.2384848594665527
                ],
                [
                    0.0,
                    0.0,
                    0.0,
                    1.0
                ]
            ]
        },
        {
            "file_path": "/data/shapenet_blender/all_50_random/02958343/f6906412622f5853413113c385698bb2/r_17",
            "rotation": 0.12566370614359174,
            "transform_matrix": [
                [
                    0.9670953750610352,
                    0.059737082570791245,
                    0.24730172753334045,
                    0.9969051480293274
                ],
                [
                    0.2544143795967102,
                    -0.2270762324333191,
                    -0.9400583505630493,
                    -3.789496421813965
                ],
                [
                    0.0,
                    0.9720430970191956,
                    -0.23480233550071716,
                    -0.9465184807777405
                ],
                [
                    0.0,
                    0.0,
                    0.0,
                    1.0
                ]
            ]
        },
        {
            "file_path": "/data/shapenet_blender/all_50_random/02958343/f6906412622f5853413113c385698bb2/r_18",
            "rotation": 0.12566370614359174,
            "transform_matrix": [
                [
                    0.1811733990907669,
                    0.8973691463470459,
                    -0.4023737609386444,
                    -1.6220203638076782
                ],
                [
                    -0.983451247215271,
                    0.165315181016922,
                    -0.07412611693143845,
                    -0.2988119125366211
                ],
                [
                    7.450581485102248e-09,
                    0.40914449095726013,
                    0.9124696254730225,
                    3.6782822608947754
                ],
                [
                    0.0,
                    0.0,
                    0.0,
                    1.0
                ]
            ]
        },
        {
            "file_path": "/data/shapenet_blender/all_50_random/02958343/f6906412622f5853413113c385698bb2/r_19",
            "rotation": 0.12566370614359174,
            "transform_matrix": [
                [
                    0.6977399587631226,
                    -0.3911730945110321,
                    -0.60011887550354,
                    -2.419156551361084
                ],
                [
                    -0.7163512110710144,
                    -0.38101014494895935,
                    -0.5845273733139038,
                    -2.3563051223754883
                ],
                [
                    0.0,
                    0.837743878364563,
                    -0.5460633039474487,
                    -2.20125150680542
                ],
                [
                    0.0,
                    0.0,
                    0.0,
                    1.0
                ]
            ]
        },
        {
            "file_path": "/data/shapenet_blender/all_50_random/02958343/f6906412622f5853413113c385698bb2/r_20",
            "rotation": 0.12566370614359174,
            "transform_matrix": [
                [
                    0.46497106552124023,
                    0.7380238175392151,
                    -0.4890017807483673,
                    -1.9712294340133667
                ],
                [
                    -0.8853259086608887,
                    0.3876083791255951,
                    -0.2568225860595703,
                    -1.0352851152420044
                ],
                [
                    0.0,
                    0.5523410439491272,
                    0.8336181044578552,
                    3.3604226112365723
                ],
                [
                    0.0,
                    0.0,
                    0.0,
                    1.0
                ]
            ]
        },
        {
            "file_path": "/data/shapenet_blender/all_50_random/02958343/f6906412622f5853413113c385698bb2/r_21",
            "rotation": 0.12566370614359174,
            "transform_matrix": [
                [
                    0.8373099565505981,
                    -0.22221335768699646,
                    0.49953293800354004,
                    2.013681411743164
                ],
                [
                    0.5467283129692078,
                    0.340317964553833,
                    -0.7650306224822998,
                    -3.0839366912841797
                ],
                [
                    -1.4901158529312397e-08,
                    0.9136765599250793,
                    0.4064420461654663,
                    1.6384201049804688
                ],
                [
                    0.0,
                    0.0,
                    0.0,
                    1.0
                ]
            ]
        },
        {
            "file_path": "/data/shapenet_blender/all_50_random/02958343/f6906412622f5853413113c385698bb2/r_22",
            "rotation": 0.12566370614359174,
            "transform_matrix": [
                [
                    -0.9735153317451477,
                    -0.017607027664780617,
                    0.22794297337532043,
                    0.9188675880432129
                ],
                [
                    0.22862200438976288,
                    -0.07497401535511017,
                    0.9706238508224487,
                    3.912710189819336
                ],
                [
                    -1.862645371275562e-09,
                    0.9970300197601318,
                    0.07701369374990463,
                    0.3104521632194519
                ],
                [
                    0.0,
                    0.0,
                    0.0,
                    1.0
                ]
            ]
        },
        {
            "file_path": "/data/shapenet_blender/all_50_random/02958343/f6906412622f5853413113c385698bb2/r_23",
            "rotation": 0.12566370614359174,
            "transform_matrix": [
                [
                    -0.43636438250541687,
                    -0.4388594627380371,
                    -0.7854861617088318,
                    -3.166395902633667
                ],
                [
                    -0.8997700214385986,
                    0.21283508837223053,
                    0.3809397518634796,
                    1.5356172323226929
                ],
                [
                    0.0,
                    0.8729854226112366,
                    -0.48774629831314087,
                    -1.9661681652069092
                ],
                [
                    0.0,
                    0.0,
                    0.0,
                    1.0
                ]
            ]
        },
        {
            "file_path": "/data/shapenet_blender/all_50_random/02958343/f6906412622f5853413113c385698bb2/r_24",
            "rotation": 0.12566370614359174,
            "transform_matrix": [
                [
                    0.6771094799041748,
                    -0.47994348406791687,
                    -0.5578323602676392,
                    -2.2486941814422607
                ],
                [
                    -0.7358822822570801,
                    -0.44161179661750793,
                    -0.513279914855957,
                    -2.0690975189208984
                ],
                [
                    0.0,
                    0.7580456733703613,
                    -0.6522015333175659,
                    -2.629108428955078
                ],
                [
                    0.0,
                    0.0,
                    0.0,
                    1.0
                ]
            ]
        },
        {
            "file_path": "/data/shapenet_blender/all_50_random/02958343/f6906412622f5853413113c385698bb2/r_25",
            "rotation": 0.12566370614359174,
            "transform_matrix": [
                [
                    0.9555873870849609,
                    0.06621162593364716,
                    -0.28717371821403503,
                    -1.1576342582702637
                ],
                [
                    -0.29470786452293396,
                    0.21469056606292725,
                    -0.9311580061912537,
                    -3.753618001937866
                ],
                [
                    0.0,
                    0.9744352102279663,
                    0.2246686965227127,
                    0.9056684970855713
                ],
                [
                    0.0,
                    0.0,
                    0.0,
                    1.0
                ]
            ]
        },
        {
            "file_path": "/data/shapenet_blender/all_50_random/02958343/f6906412622f5853413113c385698bb2/r_26",
            "rotation": 0.12566370614359174,
            "transform_matrix": [
                [
                    -0.9757823348045349,
                    0.053480666130781174,
                    0.21210482716560364,
                    0.8550218939781189
                ],
                [
                    0.21874329447746277,
                    0.23856952786445618,
                    0.9461690783500671,
                    3.81412935256958
                ],
                [
                    3.7252896323280993e-09,
                    0.9696516990661621,
                    -0.24449050426483154,
                    -0.9855726957321167
                ],
                [
                    0.0,
                    0.0,
                    0.0,
                    1.0
                ]
            ]
        },
        {
            "file_path": "/data/shapenet_blender/all_50_random/02958343/f6906412622f5853413113c385698bb2/r_27",
            "rotation": 0.12566370614359174,
            "transform_matrix": [
                [
                    -0.9901915788650513,
                    0.03314247354865074,
                    0.13572897017002106,
                    0.5471409559249878
                ],
                [
                    0.13971678912639618,
                    0.23488517105579376,
                    0.9619293808937073,
                    3.8776614665985107
                ],
                [
                    -3.725290742551124e-09,
                    0.9714578986167908,
                    -0.23721185326576233,
                    -0.9562315940856934
                ],
                [
                    0.0,
                    0.0,
                    0.0,
                    1.0
                ]
            ]
        },
        {
            "file_path": "/data/shapenet_blender/all_50_random/02958343/f6906412622f5853413113c385698bb2/r_28",
            "rotation": 0.12566370614359174,
            "transform_matrix": [
                [
                    0.8055305480957031,
                    0.004993843380361795,
                    0.5925331115722656,
                    2.388577699661255
                ],
                [
                    0.5925542116165161,
                    -0.006788734812289476,
                    -0.8055018782615662,
                    -3.247082233428955
                ],
                [
                    4.656612873077393e-10,
                    0.9999644756317139,
                    -0.008427655324339867,
                    -0.03397296741604805
                ],
                [
                    0.0,
                    0.0,
                    0.0,
                    1.0
                ]
            ]
        },
        {
            "file_path": "/data/shapenet_blender/all_50_random/02958343/f6906412622f5853413113c385698bb2/r_29",
            "rotation": 0.12566370614359174,
            "transform_matrix": [
                [
                    0.8084917664527893,
                    0.4900291860103607,
                    0.3259025514125824,
                    1.3137551546096802
                ],
                [
                    0.5885075926780701,
                    -0.6732020974159241,
                    -0.44772493839263916,
                    -1.8048369884490967
                ],
                [
                    0.0,
                    0.5537779927253723,
                    -0.8326643109321594,
                    -3.356577157974243
                ],
                [
                    0.0,
                    0.0,
                    0.0,
                    1.0
                ]
            ]
        },
        {
            "file_path": "/data/shapenet_blender/all_50_random/02958343/f6906412622f5853413113c385698bb2/r_30",
            "rotation": 0.12566370614359174,
            "transform_matrix": [
                [
                    -0.9906088709831238,
                    -0.11298280209302902,
                    0.07699907571077347,
                    0.31039324402809143
                ],
                [
                    0.13672588765621185,
                    -0.8185849785804749,
                    0.5578750371932983,
                    2.248866558074951
                ],
                [
                    0.0,
                    0.5631635785102844,
                    0.8263452053070068,
                    3.3311045169830322
                ],
                [
                    0.0,
                    0.0,
                    0.0,
                    1.0
                ]
            ]
        },
        {
            "file_path": "/data/shapenet_blender/all_50_random/02958343/f6906412622f5853413113c385698bb2/r_31",
            "rotation": 0.12566370614359174,
            "transform_matrix": [
                [
                    0.7378880977630615,
                    -0.3897370398044586,
                    0.5510228276252747,
                    2.2212440967559814
                ],
                [
                    0.6749231219291687,
                    0.4260964095592499,
                    -0.6024289131164551,
                    -2.428468704223633
                ],
                [
                    1.4901162970204496e-08,
                    0.8164231181144714,
                    0.5774540305137634,
                    2.327791690826416
                ],
                [
                    0.0,
                    0.0,
                    0.0,
                    1.0
                ]
            ]
        },
        {
            "file_path": "/data/shapenet_blender/all_50_random/02958343/f6906412622f5853413113c385698bb2/r_32",
            "rotation": 0.12566370614359174,
            "transform_matrix": [
                [
                    -0.9994322061538696,
                    -0.016992958262562752,
                    0.02909480780363083,
                    0.11728492379188538
                ],
                [
                    0.033693745732307434,
                    -0.5040493011474609,
                    0.8630173802375793,
                    3.4789342880249023
                ],
                [
                    -9.313225746154785e-10,
                    0.8635076284408569,
                    0.5043357014656067,
                    2.0330421924591064
                ],
                [
                    0.0,
                    0.0,
                    0.0,
                    1.0
                ]
            ]
        },
        {
            "file_path": "/data/shapenet_blender/all_50_random/02958343/f6906412622f5853413113c385698bb2/r_33",
            "rotation": 0.12566370614359174,
            "transform_matrix": [
                [
                    0.12503762543201447,
                    0.630492091178894,
                    0.7660583853721619,
                    3.0880796909332275
                ],
                [
                    0.9921520948410034,
                    -0.0794588103890419,
                    -0.09654378145933151,
                    -0.38918039202690125
                ],
                [
                    -3.725290298461914e-09,
                    0.7721177935600281,
                    -0.6354793310165405,
                    -2.5616989135742188
                ],
                [
                    0.0,
                    0.0,
                    0.0,
                    1.0
                ]
            ]
        },
        {
            "file_path": "/data/shapenet_blender/all_50_random/02958343/f6906412622f5853413113c385698bb2/r_34",
            "rotation": 0.12566370614359174,
            "transform_matrix": [
                [
                    -0.8702004551887512,
                    0.3361436426639557,
                    -0.36022013425827026,
                    -1.4520936012268066
                ],
                [
                    -0.49269774556159973,
                    -0.593695342540741,
                    0.6362191438674927,
                    2.564681053161621
                ],
                [
                    0.0,
                    0.7311177849769592,
                    0.6822512745857239,
                    2.7502424716949463
                ],
                [
                    0.0,
                    0.0,
                    0.0,
                    1.0
                ]
            ]
        },
        {
            "file_path": "/data/shapenet_blender/all_50_random/02958343/f6906412622f5853413113c385698bb2/r_35",
            "rotation": 0.12566370614359174,
            "transform_matrix": [
                [
                    -0.5130488276481628,
                    -0.5477684736251831,
                    0.6608559489250183,
                    2.6639955043792725
                ],
                [
                    0.8583594560623169,
                    -0.3274059295654297,
                    0.39499926567077637,
                    1.5922930240631104
                ],
                [
                    1.4901161193847656e-08,
                    0.7699059247970581,
                    0.6381574273109436,
                    2.5724949836730957
                ],
                [
                    0.0,
                    0.0,
                    0.0,
                    1.0
                ]
            ]
        },
        {
            "file_path": "/data/shapenet_blender/all_50_random/02958343/f6906412622f5853413113c385698bb2/r_36",
            "rotation": 0.12566370614359174,
            "transform_matrix": [
                [
                    -0.7465539574623108,
                    0.2597889304161072,
                    -0.6125086545944214,
                    -2.4691014289855957
                ],
                [
                    -0.6653248071670532,
                    -0.29150640964508057,
                    0.6872895359992981,
                    2.770552635192871
                ],
                [
                    1.4901160305669237e-08,
                    0.9206159710884094,
                    0.39046934247016907,
                    1.5740323066711426
                ],
                [
                    0.0,
                    0.0,
                    0.0,
                    1.0
                ]
            ]
        },
        {
            "file_path": "/data/shapenet_blender/all_50_random/02958343/f6906412622f5853413113c385698bb2/r_37",
            "rotation": 0.12566370614359174,
            "transform_matrix": [
                [
                    0.9191035628318787,
                    0.12802930176258087,
                    0.37263548374176025,
                    1.5021417140960693
                ],
                [
                    0.3940161168575287,
                    -0.2986481487751007,
                    -0.8692298531532288,
                    -3.5039775371551514
                ],
                [
                    7.450580596923828e-09,
                    0.9457365870475769,
                    -0.324934184551239,
                    -1.3098516464233398
                ],
                [
                    0.0,
                    0.0,
                    0.0,
                    1.0
                ]
            ]
        },
        {
            "file_path": "/data/shapenet_blender/all_50_random/02958343/f6906412622f5853413113c385698bb2/r_38",
            "rotation": 0.12566370614359174,
            "transform_matrix": [
                [
                    -0.27515602111816406,
                    -0.2036799192428589,
                    0.9395763278007507,
                    3.787553310394287
                ],
                [
                    0.9613996148109436,
                    -0.05829392001032829,
                    0.26891010999679565,
                    1.0840113162994385
                ],
                [
                    -3.725290298461914e-09,
                    0.9773005247116089,
                    0.21185772120952606,
                    0.8540257811546326
                ],
                [
                    0.0,
                    0.0,
                    0.0,
                    1.0
                ]
            ]
        },
        {
            "file_path": "/data/shapenet_blender/all_50_random/02958343/f6906412622f5853413113c385698bb2/r_39",
            "rotation": 0.12566370614359174,
            "transform_matrix": [
                [
                    0.5648133158683777,
                    0.2118387073278427,
                    0.797565221786499,
                    3.215088129043579
                ],
                [
                    0.8252186179161072,
                    -0.14499104022979736,
                    -0.5458861589431763,
                    -2.2005374431610107
                ],
                [
                    -7.450580152834618e-09,
                    0.9664894342422485,
                    -0.2567061483860016,
                    -1.0348155498504639
                ],
                [
                    0.0,
                    0.0,
                    0.0,
                    1.0
                ]
            ]
        },
        {
            "file_path": "/data/shapenet_blender/all_50_random/02958343/f6906412622f5853413113c385698bb2/r_40",
            "rotation": 0.12566370614359174,
            "transform_matrix": [
                [
                    0.8915315866470337,
                    0.13173632323741913,
                    -0.43337854743003845,
                    -1.747004747390747
                ],
                [
                    -0.45295846462249756,
                    0.25928884744644165,
                    -0.8529935479164124,
                    -3.4385268688201904
                ],
                [
                    -7.450580152834618e-09,
                    0.9567731022834778,
                    0.29083529114723206,
                    1.1723945140838623
                ],
                [
                    0.0,
                    0.0,
                    0.0,
                    1.0
                ]
            ]
        },
        {
            "file_path": "/data/shapenet_blender/all_50_random/02958343/f6906412622f5853413113c385698bb2/r_41",
            "rotation": 0.12566370614359174,
            "transform_matrix": [
                [
                    -0.0672491118311882,
                    -0.32922378182411194,
                    -0.9418541193008423,
                    -3.7967355251312256
                ],
                [
                    -0.9977362155914307,
                    0.022190241143107414,
