{
    "class": "02958343",
    "model": "cdec84be0cc9364eecfe83f5db813c4f",
    "remove_doubles": true,
    "edge_split": true,
    "denoise": true,
    "camera_angle_x": 0.6911112070083618,
    "scale_factor": 2.2580754397719263,
    "hdri_file": "/data/IndoorHDRDataset2018/9C4A5273-818063299a.exr",
    "center_offset": [
        0.0,
        -3.725290298461914e-09,
        -3.725290298461914e-09
    ],
    "lights": [],
    "frames": [
        {
            "file_path": "/data/shapenet_blender/all_50_random/02958343/cdec84be0cc9364eecfe83f5db813c4f/r_0",
            "rotation": 0.12566370614359174,
            "transform_matrix": [
                [
                    -0.7692887783050537,
                    -0.6282214522361755,
                    0.11632949113845825,
                    0.4689391553401947
                ],
                [
                    0.6389011740684509,
                    -0.7564294934272766,
                    0.1400701105594635,
                    0.5646406412124634
                ],
                [
                    7.450580152834618e-09,
                    0.18207760155200958,
                    0.9832841753959656,
                    3.9637451171875
                ],
                [
                    0.0,
                    0.0,
                    0.0,
                    1.0
                ]
            ]
        },
        {
            "file_path": "/data/shapenet_blender/all_50_random/02958343/cdec84be0cc9364eecfe83f5db813c4f/r_1",
            "rotation": 0.12566370614359174,
            "transform_matrix": [
                [
                    -0.9828759431838989,
                    0.017643142491579056,
                    -0.183421790599823,
                    -0.7393968105316162
                ],
                [
                    -0.18426837027072906,
                    -0.09410742670297623,
                    0.9783604145050049,
                    3.943896532058716
                ],
                [
                    0.0,
                    0.9954056739807129,
                    0.09574700891971588,
                    0.38596850633621216
                ],
                [
                    0.0,
                    0.0,
                    0.0,
                    1.0
                ]
            ]
        },
        {
            "file_path": "/data/shapenet_blender/all_50_random/02958343/cdec84be0cc9364eecfe83f5db813c4f/r_2",
            "rotation": 0.12566370614359174,
            "transform_matrix": [
                [
                    0.23653453588485718,
                    -0.25492602586746216,
                    -0.9375841617584229,
                    -3.779522657394409
                ],
                [
                    -0.9716231226921082,
                    -0.06205987557768822,
                    -0.2282480001449585,
                    -0.9200971126556396
                ],
                [
                    0.0,
                    0.9649669528007507,
                    -0.262371301651001,
                    -1.0576525926589966
                ],
                [
                    0.0,
                    0.0,
                    0.0,
                    1.0
                ]
            ]
        },
        {
            "file_path": "/data/shapenet_blender/all_50_random/02958343/cdec84be0cc9364eecfe83f5db813c4f/r_3",
            "rotation": 0.12566370614359174,
            "transform_matrix": [
                [
                    0.28530851006507874,
                    -0.5623469948768616,
                    -0.7761216759681702,
                    -3.1286468505859375
                ],
                [
                    -0.9584357142448425,
                    -0.16740025579929352,
                    -0.23103702068328857,
                    -0.9313400983810425
                ],
                [
                    1.4901160305669237e-08,
                    0.8097795248031616,
                    -0.5867341160774231,
                    -2.365200996398926
                ],
                [
                    0.0,
                    0.0,
                    0.0,
                    1.0
                ]
            ]
        },
        {
            "file_path": "/data/shapenet_blender/all_50_random/02958343/cdec84be0cc9364eecfe83f5db813c4f/r_4",
            "rotation": 0.12566370614359174,
            "transform_matrix": [
                [
                    0.41386717557907104,
                    0.20359067618846893,
                    -0.8872794508934021,
                    -3.576737880706787
                ],
                [
                    -0.9103372693061829,
                    0.09255854785442352,
                    -0.40338435769081116,
                    -1.6260943412780762
                ],
                [
                    7.450580596923828e-09,
                    0.9746711254119873,
                    0.22364312410354614,
                    0.9015342593193054
                ],
                [
                    0.0,
                    0.0,
                    0.0,
                    1.0
                ]
            ]
        },
        {
            "file_path": "/data/shapenet_blender/all_50_random/02958343/cdec84be0cc9364eecfe83f5db813c4f/r_5",
            "rotation": 0.12566370614359174,
            "transform_matrix": [
                [
                    -0.45024237036705017,
                    -0.680142879486084,
                    -0.578521728515625,
                    -2.3320958614349365
                ],
                [
                    -0.8929064273834229,
                    0.3429577052593231,
                    0.2917158901691437,
                    1.175944447517395
                ],
                [
                    0.0,
                    0.647908627986908,
                    -0.7617179155349731,
                    -3.0705835819244385
                ],
                [
                    0.0,
                    0.0,
                    0.0,
                    1.0
                ]
            ]
        },
        {
            "file_path": "/data/shapenet_blender/all_50_random/02958343/cdec84be0cc9364eecfe83f5db813c4f/r_6",
            "rotation": 0.12566370614359174,
            "transform_matrix": [
                [
                    -0.9608568549156189,
                    -0.06562647223472595,
                    0.26916003227233887,
                    1.0850188732147217
                ],
                [
                    0.27704504132270813,
                    -0.22760790586471558,
                    0.9335097670555115,
                    3.7630984783172607
                ],
                [
                    -3.725290076417309e-09,
                    0.9715388417243958,
                    0.2368801087141037,
                    0.9548943042755127
                ],
                [
                    0.0,
                    0.0,
                    0.0,
                    1.0
                ]
            ]
        },
        {
            "file_path": "/data/shapenet_blender/all_50_random/02958343/cdec84be0cc9364eecfe83f5db813c4f/r_7",
            "rotation": 0.12566370614359174,
            "transform_matrix": [
                [
                    0.7163368463516235,
                    -0.005198308266699314,
                    0.6977353096008301,
                    2.8126609325408936
                ],
                [
                    0.6977547407150269,
                    0.005336746107786894,
                    -0.7163169384002686,
                    -2.887565851211548
                ],
                [
                    0.0,
                    0.9999722242355347,
                    0.0074500530026853085,
                    0.030032124370336533
                ],
                [
                    0.0,
                    0.0,
                    0.0,
                    1.0
                ]
            ]
        },
        {
            "file_path": "/data/shapenet_blender/all_50_random/02958343/cdec84be0cc9364eecfe83f5db813c4f/r_8",
            "rotation": 0.12566370614359174,
            "transform_matrix": [
                [
                    -0.8343648314476013,
                    -0.10717936605215073,
                    0.5406919717788696,
                    2.1795992851257324
                ],
                [
                    0.5512125492095947,
                    -0.1622363179922104,
                    0.8184399604797363,
                    3.2992372512817383
                ],
                [
                    7.450580152834618e-09,
                    0.9809138774871826,
                    0.19444286823272705,
                    0.7838243246078491
                ],
                [
                    0.0,
                    0.0,
                    0.0,
                    1.0
                ]
            ]
        },
        {
            "file_path": "/data/shapenet_blender/all_50_random/02958343/cdec84be0cc9364eecfe83f5db813c4f/r_9",
            "rotation": 0.12566370614359174,
            "transform_matrix": [
                [
                    -0.4228323698043823,
                    -0.352046400308609,
                    0.8350306153297424,
                    3.3661160469055176
                ],
                [
                    0.9062080383300781,
                    -0.16426317393779755,
                    0.3896213471889496,
                    1.5706138610839844
                ],
                [
                    0.0,
                    0.9214558601379395,
                    0.3884830176830292,
                    1.5660251379013062
                ],
                [
                    0.0,
                    0.0,
                    0.0,
                    1.0
                ]
            ]
        },
        {
            "file_path": "/data/shapenet_blender/all_50_random/02958343/cdec84be0cc9364eecfe83f5db813c4f/r_10",
            "rotation": 0.12566370614359174,
            "transform_matrix": [
                [
                    0.9199758768081665,
                    -0.12934547662734985,
                    0.37001895904541016,
                    1.4915941953659058
                ],
                [
                    0.39197486639022827,
                    0.3035774230957031,
                    -0.8684447407722473,
                    -3.5008130073547363
                ],
                [
                    -7.450580152834618e-09,
                    0.9439864754676819,
                    0.32998406887054443,
                    1.330208420753479
                ],
                [
                    0.0,
                    0.0,
                    0.0,
                    1.0
                ]
            ]
        },
        {
            "file_path": "/data/shapenet_blender/all_50_random/02958343/cdec84be0cc9364eecfe83f5db813c4f/r_11",
            "rotation": 0.12566370614359174,
            "transform_matrix": [
                [
                    -0.3999378979206085,
                    0.21201562881469727,
                    -0.8916832208633423,
                    -3.5944900512695312
                ],
                [
                    -0.9165422320365906,
                    -0.09251410514116287,
                    0.38909053802490234,
                    1.5684741735458374
                ],
                [
                    0.0,
                    0.9728773236274719,
                    0.23132120072841644,
                    0.9324855804443359
                ],
                [
                    0.0,
                    0.0,
                    0.0,
                    1.0
                ]
            ]
        },
        {
            "file_path": "/data/shapenet_blender/all_50_random/02958343/cdec84be0cc9364eecfe83f5db813c4f/r_12",
            "rotation": 0.12566370614359174,
            "transform_matrix": [
                [
                    -0.6423012018203735,
                    -0.1427682489156723,
                    -0.7530380487442017,
                    -3.0355937480926514
                ],
                [
                    -0.7664523124694824,
                    0.11964242160320282,
                    0.6310597658157349,
                    2.5438835620880127
                ],
                [
                    0.0,
                    0.982498288154602,
                    -0.18627150356769562,
                    -0.7508845329284668
                ],
                [
                    0.0,
                    0.0,
                    0.0,
                    1.0
                ]
            ]
        },
        {
            "file_path": "/data/shapenet_blender/all_50_random/02958343/cdec84be0cc9364eecfe83f5db813c4f/r_13",
            "rotation": 0.12566370614359174,
            "transform_matrix": [
                [
                    -0.7666829824447632,
                    0.2331448346376419,
                    -0.5981977581977844,
                    -2.411412239074707
                ],
                [
                    -0.6420257687568665,
                    -0.278412789106369,
                    0.7143453359603882,
                    2.8796181678771973
                ],
                [
                    1.4901159417490817e-08,
                    0.9317348003387451,
                    0.36313939094543457,
                    1.4638617038726807
                ],
                [
                    0.0,
                    0.0,
                    0.0,
                    1.0
                ]
            ]
        },
        {
            "file_path": "/data/shapenet_blender/all_50_random/02958343/cdec84be0cc9364eecfe83f5db813c4f/r_14",
            "rotation": 0.12566370614359174,
            "transform_matrix": [
                [
                    0.889494776725769,
                    0.15743499994277954,
                    -0.4289676249027252,
                    -1.7292238473892212
                ],
                [
                    -0.4569452702999115,
                    0.3064647614955902,
                    -0.8350331783294678,
                    -3.366126298904419
                ],
                [
                    1.4901160305669237e-08,
                    0.9387723803520203,
                    0.34453800320625305,
                    1.3888771533966064
                ],
                [
                    0.0,
                    0.0,
                    0.0,
                    1.0
                ]
            ]
        },
        {
            "file_path": "/data/shapenet_blender/all_50_random/02958343/cdec84be0cc9364eecfe83f5db813c4f/r_15",
            "rotation": 0.12566370614359174,
            "transform_matrix": [
                [
                    -0.9654312133789062,
                    -0.19434241950511932,
                    -0.1737055778503418,
                    -0.7002295851707458
                ],
                [
                    -0.26065805554389954,
                    0.719809889793396,
                    0.6433746218681335,
                    2.5935261249542236
                ],
                [
                    1.4901162970204496e-08,
                    0.6664116382598877,
                    -0.7455838918685913,
                    -3.005544900894165
                ],
                [
                    0.0,
                    0.0,
                    0.0,
                    1.0
                ]
            ]
        },
        {
            "file_path": "/data/shapenet_blender/all_50_random/02958343/cdec84be0cc9364eecfe83f5db813c4f/r_16",
            "rotation": 0.12566370614359174,
            "transform_matrix": [
                [
                    -0.9029024839401245,
                    -0.12323933839797974,
                    -0.41179993748664856,
                    -1.6600186824798584
                ],
                [
                    -0.4298454821109772,
                    0.25886768102645874,
                    0.8649973273277283,
                    3.4869158267974854
                ],
                [
                    -7.450580596923828e-09,
                    0.9580186009407043,
                    -0.2867061495780945,
                    -1.1557494401931763
                ],
                [
                    0.0,
                    0.0,
                    0.0,
                    1.0
                ]
            ]
        },
        {
            "file_path": "/data/shapenet_blender/all_50_random/02958343/cdec84be0cc9364eecfe83f5db813c4f/r_17",
            "rotation": 0.12566370614359174,
            "transform_matrix": [
                [
                    -0.5546510219573975,
                    0.7192148566246033,
                    -0.4184400141239166,
                    -1.6867856979370117
                ],
                [
                    -0.8320830464363098,
                    -0.47941523790359497,
                    0.2789243161678314,
                    1.1243798732757568
                ],
                [
                    0.0,
                    0.5028824210166931,
                    0.8643547296524048,
                    3.484325408935547
                ],
                [
                    0.0,
                    0.0,
                    0.0,
                    1.0
                ]
            ]
        },
        {
            "file_path": "/data/shapenet_blender/all_50_random/02958343/cdec84be0cc9364eecfe83f5db813c4f/r_18",
            "rotation": 0.12566370614359174,
            "transform_matrix": [
                [
                    0.9012772440910339,
                    -0.08246178925037384,
                    0.4253227114677429,
                    1.7145307064056396
                ],
                [
                    0.4332428276538849,
                    0.17154566943645477,
                    -0.8848009705543518,
                    -3.566746711730957
                ],
                [
                    0.0,
                    0.9817189574241638,
                    0.1903361976146698,
                    0.7672697305679321
                ],
                [
                    0.0,
                    0.0,
                    0.0,
                    1.0
                ]
            ]
        },
        {
            "file_path": "/data/shapenet_blender/all_50_random/02958343/cdec84be0cc9364eecfe83f5db813c4f/r_19",
            "rotation": 0.12566370614359174,
            "transform_matrix": [
                [
                    -0.9943989515304565,
                    -0.10047391802072525,
                    0.032801296561956406,
                    0.13222625851631165
                ],
                [
                    0.10569265484809875,
                    -0.945298969745636,
                    0.3086077868938446,
                    1.2440377473831177
                ],
                [
                    -1.862645593320167e-09,
                    0.31034597754478455,
                    0.950623631477356,
                    3.8320863246917725
                ],
                [
                    0.0,
                    0.0,
                    0.0,
                    1.0
                ]
            ]
        },
        {
            "file_path": "/data/shapenet_blender/all_50_random/02958343/cdec84be0cc9364eecfe83f5db813c4f/r_20",
            "rotation": 0.12566370614359174,
            "transform_matrix": [
                [
                    -0.5512120723724365,
                    0.006764425430446863,
                    0.8343377113342285,
                    3.3633229732513428
                ],
                [
                    0.83436518907547,
                    0.004468826577067375,
                    0.5511939525604248,
                    2.2219338417053223
                ],
                [
                    -2.3283064365386963e-10,
                    0.9999671578407288,
                    -0.008107271045446396,
                    -0.032681453973054886
                ],
                [
                    0.0,
                    0.0,
                    0.0,
                    1.0
                ]
            ]
        },
        {
            "file_path": "/data/shapenet_blender/all_50_random/02958343/cdec84be0cc9364eecfe83f5db813c4f/r_21",
            "rotation": 0.12566370614359174,
            "transform_matrix": [
                [
                    -0.8924439549446106,
                    0.21733175218105316,
                    -0.3953615725040436,
                    -1.593753457069397
                ],
                [
                    -0.45115840435028076,
                    -0.42990756034851074,
                    0.7820712924003601,
                    3.152630090713501
                ],
                [
                    0.0,
                    0.8763253688812256,
                    0.4817194938659668,
                    1.94187331199646
                ],
                [
                    0.0,
                    0.0,
                    0.0,
                    1.0
                ]
            ]
        },
        {
            "file_path": "/data/shapenet_blender/all_50_random/02958343/cdec84be0cc9364eecfe83f5db813c4f/r_22",
            "rotation": 0.12566370614359174,
            "transform_matrix": [
                [
                    -0.8980070948600769,
                    -0.11754626035690308,
                    -0.4239884912967682,
                    -1.7091522216796875
                ],
                [
                    -0.4399811327457428,
                    0.23991340398788452,
                    0.8653659224510193,
                    3.4884016513824463
                ],
                [
                    -7.450580596923828e-09,
                    0.963651716709137,
                    -0.267162024974823,
                    -1.0769646167755127
                ],
                [
                    0.0,
                    0.0,
                    0.0,
                    1.0
                ]
            ]
        },
        {
            "file_path": "/data/shapenet_blender/all_50_random/02958343/cdec84be0cc9364eecfe83f5db813c4f/r_23",
            "rotation": 0.12566370614359174,
            "transform_matrix": [
                [
                    -0.542057991027832,
                    -0.4454098045825958,
                    -0.7125891447067261,
                    -2.8725388050079346
                ],
                [
                    -0.8403412103652954,
                    0.2873094379901886,
                    0.4596521854400635,
                    1.852917194366455
                ],
                [
                    -1.4901162970204496e-08,
                    0.84797602891922,
                    -0.5300344824790955,
                    -2.1366374492645264
                ],
                [
                    0.0,
                    0.0,
                    0.0,
                    1.0
                ]
            ]
        },
        {
            "file_path": "/data/shapenet_blender/all_50_random/02958343/cdec84be0cc9364eecfe83f5db813c4f/r_24",
            "rotation": 0.12566370614359174,
            "transform_matrix": [
                [
                    -0.3671523630619049,
                    -0.8842124342918396,
                    0.2887343466281891,
                    1.1639254093170166
                ],
                [
                    0.9301608800888062,
                    -0.34901562333106995,
                    0.11396899819374084,
                    0.4594237208366394
                ],
                [
                    -7.450580596923828e-09,
                    0.31041333079338074,
                    0.9506016373634338,
                    3.831997871398926
                ],
                [
                    0.0,
                    0.0,
                    0.0,
                    1.0
                ]
            ]
        },
        {
            "file_path": "/data/shapenet_blender/all_50_random/02958343/cdec84be0cc9364eecfe83f5db813c4f/r_25",
            "rotation": 0.12566370614359174,
            "transform_matrix": [
                [
                    0.21276065707206726,
                    -0.33968421816825867,
                    -0.9161590933799744,
                    -3.693155527114868
                ],
                [
                    -0.9771044254302979,
                    -0.07396489381790161,
                    -0.1994900405406952,
                    -0.8041700720787048
                ],
                [
                    7.450581485102248e-09,
                    0.9376266002655029,
                    -0.34764376282691956,
                    -1.4013968706130981
                ],
                [
                    0.0,
                    0.0,
                    0.0,
                    1.0
                ]
            ]
        },
        {
            "file_path": "/data/shapenet_blender/all_50_random/02958343/cdec84be0cc9364eecfe83f5db813c4f/r_26",
            "rotation": 0.12566370614359174,
            "transform_matrix": [
                [
                    -0.9622608423233032,
                    0.14568914473056793,
                    -0.2298453450202942,
                    -0.9265362024307251
                ],
                [
                    -0.272129088640213,
                    -0.5151634812355042,
                    0.8127436637878418,
                    3.2762744426727295
                ],
                [
                    0.0,
                    0.8446188569068909,
                    0.5353679656982422,
                    2.158137321472168
                ],
                [
                    0.0,
                    0.0,
                    0.0,
                    1.0
                ]
            ]
        },
        {
            "file_path": "/data/shapenet_blender/all_50_random/02958343/cdec84be0cc9364eecfe83f5db813c4f/r_27",
            "rotation": 0.12566370614359174,
            "transform_matrix": [
                [
                    -0.9759830832481384,
                    0.14925241470336914,
                    0.1586846262216568,
                    0.6396782398223877
                ],
                [
                    0.21784654259681702,
                    0.6686717867851257,
                    0.7109294533729553,
                    2.8658485412597656
                ],
                [
                    7.450581485102248e-09,
                    0.7284240126609802,
                    -0.6851264238357544,
                    -2.7618331909179688
                ],
                [
                    0.0,
                    0.0,
                    0.0,
                    1.0
                ]
            ]
        },
        {
            "file_path": "/data/shapenet_blender/all_50_random/02958343/cdec84be0cc9364eecfe83f5db813c4f/r_28",
            "rotation": 0.12566370614359174,
            "transform_matrix": [
                [
                    -0.8770485520362854,
                    -0.17300114035606384,
                    0.44817018508911133,
                    1.8066320419311523
                ],
                [
                    0.4804019033908844,
                    -0.31584057211875916,
                    0.8182045221328735,
                    3.298288345336914
                ],
                [
                    1.4901162970204496e-08,
                    0.9329068660736084,
                    0.36011752486228943,
                    1.451680302619934
                ],
                [
                    0.0,
                    0.0,
                    0.0,
                    1.0
                ]
            ]
        },
        {
            "file_path": "/data/shapenet_blender/all_50_random/02958343/cdec84be0cc9364eecfe83f5db813c4f/r_29",
            "rotation": 0.12566370614359174,
            "transform_matrix": [
                [
                    -0.5798593759536743,
                    0.21265974640846252,
                    0.7864723801612854,
                    3.1703717708587646
                ],
                [
                    0.8147165179252625,
                    0.15135665237903595,
                    0.5597571730613708,
                    2.256453514099121
                ],
                [
                    -7.450580152834618e-09,
                    0.965332567691803,
                    -0.2610229551792145,
                    -1.0522173643112183
                ],
                [
                    0.0,
                    0.0,
                    0.0,
                    1.0
                ]
            ]
        },
        {
            "file_path": "/data/shapenet_blender/all_50_random/02958343/cdec84be0cc9364eecfe83f5db813c4f/r_30",
            "rotation": 0.12566370614359174,
            "transform_matrix": [
                [
                    0.8426482081413269,
                    0.16867412626743317,
                    0.5113639831542969,
                    2.0613741874694824
                ],
                [
                    0.5384645462036133,
                    -0.26395970582962036,
                    -0.8002382516860962,
                    -3.225863456726074
                ],
                [
                    0.0,
                    0.9496706128120422,
                    -0.31325021386146545,
                    -1.2627520561218262
                ],
                [
                    0.0,
                    0.0,
                    0.0,
                    1.0
                ]
            ]
        },
        {
            "file_path": "/data/shapenet_blender/all_50_random/02958343/cdec84be0cc9364eecfe83f5db813c4f/r_31",
            "rotation": 0.12566370614359174,
            "transform_matrix": [
                [
                    -0.1986270397901535,
                    0.3590909242630005,
                    -0.9119215607643127,
                    -3.6760735511779785
                ],
                [
                    -0.9800752401351929,
                    -0.07277519255876541,
                    0.1848146766424179,
                    0.7450118660926819
                ],
                [
                    7.450580596923828e-09,
                    0.9304608702659607,
                    0.3663911819458008,
                    1.4769701957702637
                ],
                [
                    0.0,
                    0.0,
                    0.0,
                    1.0
                ]
            ]
        },
        {
            "file_path": "/data/shapenet_blender/all_50_random/02958343/cdec84be0cc9364eecfe83f5db813c4f/r_32",
            "rotation": 0.12566370614359174,
            "transform_matrix": [
                [
                    0.9691829085350037,
                    -0.020588867366313934,
                    0.2454802542924881,
                    0.9895626902580261
                ],
                [
                    0.24634218215942383,
                    0.08100268244743347,
                    -0.9657918214797974,
                    -3.8932318687438965
                ],
                [
                    0.0,
                    0.9965012669563293,
                    0.08357831835746765,
                    0.3369150161743164
                ],
                [
                    0.0,
                    0.0,
                    0.0,
                    1.0
                ]
            ]
        },
        {
            "file_path": "/data/shapenet_blender/all_50_random/02958343/cdec84be0cc9364eecfe83f5db813c4f/r_33",
            "rotation": 0.12566370614359174,
            "transform_matrix": [
                [
                    0.06319224834442139,
                    0.5516980886459351,
                    0.8316465616226196,
                    3.3524742126464844
                ],
                [
                    0.9980013966560364,
                    -0.03493286296725273,
                    -0.05265886336565018,
                    -0.21227464079856873
                ],
                [
                    1.8626450382086546e-09,
                    0.8333119750022888,
                    -0.5528029799461365,
                    -2.228419780731201
                ],
                [
                    0.0,
                    0.0,
                    0.0,
                    1.0
                ]
            ]
        },
        {
            "file_path": "/data/shapenet_blender/all_50_random/02958343/cdec84be0cc9364eecfe83f5db813c4f/r_34",
            "rotation": 0.12566370614359174,
            "transform_matrix": [
                [
                    -0.8326754570007324,
                    -0.062224727123975754,
                    0.5502539873123169,
                    2.2181448936462402
                ],
                [
                    0.5537611246109009,
                    -0.09356562048196793,
                    0.8274019360542297,
                    3.3353641033172607
                ],
                [
                    -3.725290076417309e-09,
                    0.9936666488647461,
                    0.11236744374036789,
                    0.45296767354011536
                ],
                [
                    0.0,
                    0.0,
                    0.0,
                    1.0
                ]
            ]
        },
        {
            "file_path": "/data/shapenet_blender/all_50_random/02958343/cdec84be0cc9364eecfe83f5db813c4f/r_35",
            "rotation": 0.12566370614359174,
            "transform_matrix": [
                [
                    -0.9180805087089539,
                    0.19322605431079865,
                    -0.34610944986343384,
                    -1.3952116966247559
                ],
                [
                    -0.396393746137619,
                    -0.4475274085998535,
                    0.8016179203987122,
                    3.2314248085021973
                ],
                [
                    1.4901158529312397e-08,
                    0.8731454610824585,
                    0.48745983839035034,
                    1.9650132656097412
                ],
                [
                    0.0,
                    0.0,
                    0.0,
                    1.0
                ]
            ]
        },
        {
            "file_path": "/data/shapenet_blender/all_50_random/02958343/cdec84be0cc9364eecfe83f5db813c4f/r_36",
            "rotation": 0.12566370614359174,
            "transform_matrix": [
                [
                    0.5588585734367371,
                    0.3839009702205658,
                    0.7350491285324097,
                    2.9630777835845947
                ],
                [
                    0.8292630314826965,
                    -0.258719265460968,
                    -0.4953657388687134,
                    -1.9968831539154053
                ],
                [
                    -1.4901161193847656e-08,
                    0.8863884210586548,
                    -0.46294233202934265,
                    -1.866180181503296
                ],
                [
                    0.0,
                    0.0,
                    0.0,
                    1.0
                ]
            ]
        },
        {
            "file_path": "/data/shapenet_blender/all_50_random/02958343/cdec84be0cc9364eecfe83f5db813c4f/r_37",
            "rotation": 0.12566370614359174,
            "transform_matrix": [
                [
                    -0.9998495578765869,
                    0.008839038200676441,
                    0.014925495721399784,
                    0.06016659736633301
                ],
                [
                    0.017346439883112907,
                    0.5094825625419617,
                    0.8603061437606812,
                    3.4680049419403076
                ],
                [
                    -9.313225746154785e-10,
                    0.8604355454444885,
                    -0.509559154510498,
                    -2.054098606109619
                ],
                [
                    0.0,
                    0.0,
                    0.0,
                    1.0
                ]
            ]
        },
        {
            "file_path": "/data/shapenet_blender/all_50_random/02958343/cdec84be0cc9364eecfe83f5db813c4f/r_38",
            "rotation": 0.12566370614359174,
            "transform_matrix": [
                [
                    -0.958076000213623,
                    0.13010820746421814,
                    -0.255268931388855,
                    -1.0290220975875854
                ],
                [
                    -0.2865142226219177,
                    -0.43506935238838196,
                    0.8535948395729065,
                    3.440951108932495
                ],
                [
                    0.0,
                    0.8909469842910767,
                    0.4541073441505432,
                    1.830565333366394
                ],
                [
                    0.0,
                    0.0,
                    0.0,
                    1.0
                ]
            ]
        },
        {
            "file_path": "/data/shapenet_blender/all_50_random/02958343/cdec84be0cc9364eecfe83f5db813c4f/r_39",
            "rotation": 0.12566370614359174,
            "transform_matrix": [
                [
                    -0.6680788993835449,
                    -0.3568814694881439,
                    0.6529212594032288,
                    2.632009983062744
                ],
                [
                    0.7440904378890991,
                    -0.3204247057437897,
                    0.5862228870391846,
                    2.363140344619751
                ],
                [
                    1.4901161193847656e-08,
                    0.8774757385253906,
                    0.4796210527420044,
                    1.9334144592285156
                ],
                [
                    0.0,
                    0.0,
                    0.0,
                    1.0
                ]
            ]
        },
        {
            "file_path": "/data/shapenet_blender/all_50_random/02958343/cdec84be0cc9364eecfe83f5db813c4f/r_40",
            "rotation": 0.12566370614359174,
            "transform_matrix": [
                [
                    0.8420799374580383,
                    -0.5291007161140442,
                    -0.1046600192785263,
                    -0.4218979775905609
                ],
                [
                    -0.5393527746200562,
                    -0.8260737061500549,
                    -0.1634034365415573,
                    -0.6587002277374268
                ],
                [
                    -7.450580596923828e-09,
                    0.19404739141464233,
                    -0.9809921979904175,
                    -3.954505681991577
                ],
                [
                    0.0,
                    0.0,
                    0.0,
                    1.0
                ]
            ]
        },
        {
            "file_path": "/data/shapenet_blender/all_50_random/02958343/cdec84be0cc9364eecfe83f5db813c4f/r_41",
            "rotation": 0.12566370614359174,
            "transform_matrix": [
                [
                    -0.05121845752000809,
                    -0.672038733959198,
                    0.7387425899505615,
                    2.977966547012329
                ],
                [
                    0.9986875057220459,
                    -0.03446602076292038,
