{
    "class": "02958343",
    "model": "7ed6fdece737f0118bb11dbc05ffaa74",
    "remove_doubles": true,
    "edge_split": true,
    "denoise": true,
    "camera_angle_x": 0.6911112070083618,
    "scale_factor": 2.467813591201358,
    "hdri_file": "/data/IndoorHDRDataset2018/9C4A6561-ce430d545f.exr",
    "center_offset": [
        0.0,
        0.0,
        -1.862645149230957e-09
    ],
    "lights": [],
    "frames": [
        {
            "file_path": "/data/shapenet_blender/all_50_random/02958343/7ed6fdece737f0118bb11dbc05ffaa74/r_0",
            "rotation": 0.12566370614359174,
            "transform_matrix": [
                [
                    -0.7403106689453125,
                    0.07541642338037491,
                    -0.6680212020874023,
                    -2.6928796768188477
                ],
                [
                    -0.672264814376831,
                    -0.08304999023675919,
                    0.7356375455856323,
                    2.965449810028076
                ],
                [
                    0.0,
                    0.9936875700950623,
                    0.1121826097369194,
                    0.4522225558757782
                ],
                [
                    0.0,
                    0.0,
                    0.0,
                    1.0
                ]
            ]
        },
        {
            "file_path": "/data/shapenet_blender/all_50_random/02958343/7ed6fdece737f0118bb11dbc05ffaa74/r_1",
            "rotation": 0.12566370614359174,
            "transform_matrix": [
                [
                    0.2242152988910675,
                    -0.5376085638999939,
                    0.8128373026847839,
                    3.276651620864868
                ],
                [
                    0.974539577960968,
                    0.12368925660848618,
                    -0.1870119571685791,
                    -0.7538692355155945
                ],
                [
                    -7.450580152834618e-09,
                    0.834073007106781,
                    0.551654040813446,
                    2.223788261413574
                ],
                [
                    0.0,
                    0.0,
                    0.0,
                    1.0
                ]
            ]
        },
        {
            "file_path": "/data/shapenet_blender/all_50_random/02958343/7ed6fdece737f0118bb11dbc05ffaa74/r_2",
            "rotation": 0.12566370614359174,
            "transform_matrix": [
                [
                    0.9857551455497742,
                    -0.09504831582307816,
                    -0.13875368237495422,
                    -0.5593340396881104
                ],
                [
                    -0.1681867092847824,
                    -0.557085394859314,
                    -0.8132458925247192,
                    -3.278299331665039
                ],
                [
                    0.0,
                    0.8249979019165039,
                    -0.5651355981826782,
                    -2.278134822845459
                ],
                [
                    0.0,
                    0.0,
                    0.0,
                    1.0
                ]
            ]
        },
        {
            "file_path": "/data/shapenet_blender/all_50_random/02958343/7ed6fdece737f0118bb11dbc05ffaa74/r_3",
            "rotation": 0.12566370614359174,
            "transform_matrix": [
                [
                    0.49228399991989136,
                    -0.1844574511051178,
                    -0.8506655693054199,
                    -3.429142475128174
                ],
                [
                    -0.8704345226287842,
                    -0.10432197153568268,
                    -0.48110342025756836,
                    -1.939389944076538
                ],
                [
                    0.0,
                    0.9772883653640747,
                    -0.21191418170928955,
                    -0.8542534112930298
                ],
                [
                    0.0,
                    0.0,
                    0.0,
                    1.0
                ]
            ]
        },
        {
            "file_path": "/data/shapenet_blender/all_50_random/02958343/7ed6fdece737f0118bb11dbc05ffaa74/r_4",
            "rotation": 0.12566370614359174,
            "transform_matrix": [
                [
                    0.38767188787460327,
                    -0.5443845391273499,
                    0.7438790202140808,
                    2.9986722469329834
                ],
                [
                    0.9217974543571472,
                    0.22894683480262756,
                    -0.3128463923931122,
                    -1.2611241340637207
                ],
                [
                    0.0,
                    0.8069874048233032,
                    0.5905685424804688,
                    2.380657911300659
                ],
                [
                    0.0,
                    0.0,
                    0.0,
                    1.0
                ]
            ]
        },
        {
            "file_path": "/data/shapenet_blender/all_50_random/02958343/7ed6fdece737f0118bb11dbc05ffaa74/r_5",
            "rotation": 0.12566370614359174,
            "transform_matrix": [
                [
                    0.6562702059745789,
                    -0.015191983431577682,
                    -0.7543729543685913,
                    -3.0409750938415527
                ],
                [
                    -0.7545260190963745,
                    -0.013213654980063438,
                    -0.6561371088027954,
                    -2.6449735164642334
                ],
                [
                    0.0,
                    0.9997971653938293,
                    -0.020134475082159042,
                    -0.08116467297077179
                ],
                [
                    0.0,
                    0.0,
                    0.0,
                    1.0
                ]
            ]
        },
        {
            "file_path": "/data/shapenet_blender/all_50_random/02958343/7ed6fdece737f0118bb11dbc05ffaa74/r_6",
            "rotation": 0.12566370614359174,
            "transform_matrix": [
                [
                    -0.8672899603843689,
                    -0.05780899152159691,
                    -0.4944353997707367,
                    -1.9931329488754272
                ],
                [
                    -0.4978035092353821,
                    0.10071676224470139,
                    0.8614218831062317,
                    3.4725029468536377
                ],
                [
                    3.725290742551124e-09,
                    0.9932342767715454,
                    -0.11612813174724579,
                    -0.4681274890899658
                ],
                [
                    0.0,
                    0.0,
                    0.0,
                    1.0
                ]
            ]
        },
        {
            "file_path": "/data/shapenet_blender/all_50_random/02958343/7ed6fdece737f0118bb11dbc05ffaa74/r_7",
            "rotation": 0.12566370614359174,
            "transform_matrix": [
                [
                    -0.8950616717338562,
                    0.057166993618011475,
                    0.4422629773616791,
                    1.7828190326690674
                ],
                [
                    0.44594240188598633,
                    0.114741250872612,
                    0.8876766562461853,
                    3.578339099884033
                ],
                [
                    0.0,
                    0.9917491674423218,
                    -0.1281936764717102,
                    -0.5167652368545532
                ],
                [
                    0.0,
                    0.0,
                    0.0,
                    1.0
                ]
            ]
        },
        {
            "file_path": "/data/shapenet_blender/all_50_random/02958343/7ed6fdece737f0118bb11dbc05ffaa74/r_8",
            "rotation": 0.12566370614359174,
            "transform_matrix": [
                [
                    0.7585442066192627,
                    0.3205738067626953,
                    0.5673122406005859,
                    2.2869088649749756
                ],
                [
                    0.6516216993331909,
                    -0.3731757402420044,
                    -0.6604006290435791,
                    -2.6621601581573486
                ],
                [
                    2.980232594040899e-08,
                    0.8706159591674805,
                    -0.49196311831474304,
                    -1.9831668138504028
                ],
                [
                    0.0,
                    0.0,
                    0.0,
                    1.0
                ]
            ]
        },
        {
            "file_path": "/data/shapenet_blender/all_50_random/02958343/7ed6fdece737f0118bb11dbc05ffaa74/r_9",
            "rotation": 0.12566370614359174,
            "transform_matrix": [
                [
                    -0.7673070430755615,
                    -0.14932966232299805,
                    -0.6236510872840881,
                    -2.5140180587768555
                ],
                [
                    -0.6412800550460815,
                    0.1786765307188034,
                    0.7462134957313538,
                    3.008082866668701
                ],
                [
                    7.450581485102248e-09,
                    0.9725098013877869,
                    -0.23286186158657074,
                    -0.9386962056159973
                ],
                [
                    0.0,
                    0.0,
                    0.0,
                    1.0
                ]
            ]
        },
        {
            "file_path": "/data/shapenet_blender/all_50_random/02958343/7ed6fdece737f0118bb11dbc05ffaa74/r_10",
            "rotation": 0.12566370614359174,
            "transform_matrix": [
                [
                    0.9313019514083862,
                    -0.02093559131026268,
                    0.3636459410190582,
                    1.465903639793396
                ],
                [
                    0.3642480969429016,
                    0.05352768674492836,
                    -0.9297623634338379,
                    -3.7479920387268066
                ],
                [
                    -1.862645371275562e-09,
                    0.9983468055725098,
                    0.057476188987493515,
                    0.23169392347335815
                ],
                [
                    0.0,
                    0.0,
                    0.0,
                    1.0
                ]
            ]
        },
        {
            "file_path": "/data/shapenet_blender/all_50_random/02958343/7ed6fdece737f0118bb11dbc05ffaa74/r_11",
            "rotation": 0.12566370614359174,
            "transform_matrix": [
                [
                    0.2111242562532425,
                    0.11539655178785324,
                    0.9706235527992249,
                    3.9127087593078613
                ],
                [
                    0.9774593114852905,
                    -0.024924831464886665,
                    -0.2096477746963501,
                    -0.8451172113418579
                ],
                [
                    -1.862645371275562e-09,
                    0.993006706237793,
                    -0.11805764585733414,
                    -0.4759055972099304
                ],
                [
                    0.0,
                    0.0,
                    0.0,
                    1.0
                ]
            ]
        },
        {
            "file_path": "/data/shapenet_blender/all_50_random/02958343/7ed6fdece737f0118bb11dbc05ffaa74/r_12",
            "rotation": 0.12566370614359174,
            "transform_matrix": [
                [
                    -0.9329140186309814,
                    0.33960849046707153,
                    -0.11973964422941208,
                    -0.48268595337867737
                ],
                [
                    -0.36009931564331055,
                    -0.8798282146453857,
                    0.31021106243133545,
                    1.2505007982254028
                ],
                [
                    -7.450581485102248e-09,
                    0.3325183093547821,
                    0.9430966973304749,
                    3.8017444610595703
                ],
                [
                    0.0,
                    0.0,
                    0.0,
                    1.0
                ]
            ]
        },
        {
            "file_path": "/data/shapenet_blender/all_50_random/02958343/7ed6fdece737f0118bb11dbc05ffaa74/r_13",
            "rotation": 0.12566370614359174,
            "transform_matrix": [
                [
                    0.6444955468177795,
                    -0.2650466859340668,
                    -0.7172000408172607,
                    -2.891125440597534
                ],
                [
                    -0.7646081447601318,
                    -0.22341039776802063,
                    -0.6045348048210144,
                    -2.436957359313965
                ],
                [
                    0.0,
                    0.9379968047142029,
                    -0.3466438949108124,
                    -1.3973660469055176
                ],
                [
                    0.0,
                    0.0,
                    0.0,
                    1.0
                ]
            ]
        },
        {
            "file_path": "/data/shapenet_blender/all_50_random/02958343/7ed6fdece737f0118bb11dbc05ffaa74/r_14",
            "rotation": 0.12566370614359174,
            "transform_matrix": [
                [
                    -0.005970622878521681,
                    -0.13652226328849792,
                    -0.9906189441680908,
                    -3.9933128356933594
                ],
                [
                    -0.9999821782112122,
                    0.0008151375222951174,
                    0.005914717447012663,
                    0.023842990398406982
                ],
                [
                    5.820766091346741e-11,
                    0.9906365871429443,
                    -0.13652467727661133,
                    -0.5503486394882202
                ],
                [
                    0.0,
                    0.0,
                    0.0,
                    1.0
                ]
            ]
        },
        {
            "file_path": "/data/shapenet_blender/all_50_random/02958343/7ed6fdece737f0118bb11dbc05ffaa74/r_15",
            "rotation": 0.12566370614359174,
            "transform_matrix": [
                [
                    -0.5401514172554016,
                    0.34560269117355347,
                    0.7673300504684448,
                    3.0932059288024902
                ],
                [
                    0.8415678143501282,
                    0.2218213975429535,
                    0.4925026297569275,
                    1.9853413105010986
                ],
                [
                    0.0,
                    0.9117861986160278,
                    -0.41066527366638184,
                    -1.6554445028305054
                ],
                [
                    0.0,
                    0.0,
                    0.0,
                    1.0
                ]
            ]
        },
        {
            "file_path": "/data/shapenet_blender/all_50_random/02958343/7ed6fdece737f0118bb11dbc05ffaa74/r_16",
            "rotation": 0.12566370614359174,
            "transform_matrix": [
                [
                    0.6983775496482849,
                    0.45462483167648315,
                    0.5527974367141724,
                    2.228397846221924
                ],
                [
                    0.7157294750213623,
                    -0.4436030387878418,
                    -0.5393955707550049,
                    -2.174373149871826
                ],
                [
                    1.4901161193847656e-08,
                    0.7723551988601685,
                    -0.6351908445358276,
                    -2.5605361461639404
                ],
                [
                    0.0,
                    0.0,
                    0.0,
                    1.0
                ]
            ]
        },
        {
            "file_path": "/data/shapenet_blender/all_50_random/02958343/7ed6fdece737f0118bb11dbc05ffaa74/r_17",
            "rotation": 0.12566370614359174,
            "transform_matrix": [
                [
                    0.5453056693077087,
                    0.09939438849687576,
                    -0.832323431968689,
                    -3.35520339012146
                ],
                [
                    -0.8382372856140137,
                    0.06465988606214523,
                    -0.5414584875106812,
                    -2.1826891899108887
                ],
                [
                    3.725290742551124e-09,
                    0.9929448962211609,
                    0.11857549101114273,
                    0.4779931306838989
                ],
                [
                    0.0,
                    0.0,
                    0.0,
                    1.0
                ]
            ]
        },
        {
            "file_path": "/data/shapenet_blender/all_50_random/02958343/7ed6fdece737f0118bb11dbc05ffaa74/r_18",
            "rotation": 0.12566370614359174,
            "transform_matrix": [
                [
                    -0.0543702095746994,
                    0.7333930730819702,
                    0.6776272058486938,
                    2.731602191925049
                ],
                [
                    0.9985208511352539,
                    0.03993380069732666,
                    0.03689730912446976,
                    0.14873778820037842
                ],
                [
                    0.0,
                    0.6786308288574219,
                    -0.7344794869422913,
                    -2.9607810974121094
                ],
                [
                    0.0,
                    0.0,
                    0.0,
                    1.0
                ]
            ]
        },
        {
            "file_path": "/data/shapenet_blender/all_50_random/02958343/7ed6fdece737f0118bb11dbc05ffaa74/r_19",
            "rotation": 0.12566370614359174,
            "transform_matrix": [
                [
                    0.45145082473754883,
                    0.16566744446754456,
                    -0.8767818212509155,
                    -3.5344207286834717
                ],
                [
                    -0.8922960758209229,
                    0.08381826430559158,
                    -0.44360148906707764,
                    -1.788214921951294
                ],
                [
                    7.450581485102248e-09,
                    0.982613205909729,
                    0.18566422164440155,
                    0.748436450958252
                ],
                [
                    0.0,
                    0.0,
                    0.0,
                    1.0
                ]
            ]
        },
        {
            "file_path": "/data/shapenet_blender/all_50_random/02958343/7ed6fdece737f0118bb11dbc05ffaa74/r_20",
            "rotation": 0.12566370614359174,
            "transform_matrix": [
                [
                    0.7558701038360596,
                    0.371025025844574,
                    0.5394449234008789,
                    2.174571990966797
                ],
                [
                    0.6547216773033142,
                    -0.4283449947834015,
                    -0.6227841973304749,
                    -2.5105233192443848
                ],
                [
                    1.4901161193847656e-08,
                    0.8239302635192871,
                    -0.5666912794113159,
                    -2.2844057083129883
                ],
                [
                    0.0,
                    0.0,
                    0.0,
                    1.0
                ]
            ]
        },
        {
            "file_path": "/data/shapenet_blender/all_50_random/02958343/7ed6fdece737f0118bb11dbc05ffaa74/r_21",
            "rotation": 0.12566370614359174,
            "transform_matrix": [
                [
                    -0.17199131846427917,
                    0.8819449543952942,
                    -0.43885326385498047,
                    -1.7690740823745728
                ],
                [
                    -0.9850984811782837,
                    -0.15398143231868744,
                    0.07662071287631989,
                    0.3088679611682892
                ],
                [
                    0.0,
                    0.445491760969162,
                    0.8952860236167908,
                    3.609013319015503
                ],
                [
                    0.0,
                    0.0,
                    0.0,
                    1.0
                ]
            ]
        },
        {
            "file_path": "/data/shapenet_blender/all_50_random/02958343/7ed6fdece737f0118bb11dbc05ffaa74/r_22",
            "rotation": 0.12566370614359174,
            "transform_matrix": [
                [
                    -0.7610141634941101,
                    -0.23960502445697784,
                    -0.6028655171394348,
                    -2.4302287101745605
                ],
                [
                    -0.6487352252006531,
                    0.28107428550720215,
                    0.707205593585968,
                    2.850836992263794
                ],
                [
                    -1.4901161193847656e-08,
                    0.9292936325073242,
                    -0.36934173107147217,
                    -1.4888641834259033
                ],
                [
                    0.0,
                    0.0,
                    0.0,
                    1.0
                ]
            ]
        },
        {
            "file_path": "/data/shapenet_blender/all_50_random/02958343/7ed6fdece737f0118bb11dbc05ffaa74/r_23",
            "rotation": 0.12566370614359174,
            "transform_matrix": [
                [
                    -0.6285468339920044,
                    0.36857444047927856,
                    0.684895396232605,
                    2.760901927947998
                ],
                [
                    0.7777717709541321,
                    0.29785898327827454,
                    0.5534899234771729,
                    2.231189489364624
                ],
                [
                    0.0,
                    0.8805866837501526,
                    -0.47388505935668945,
                    -1.9102919101715088
                ],
                [
                    0.0,
                    0.0,
                    0.0,
                    1.0
                ]
            ]
        },
        {
            "file_path": "/data/shapenet_blender/all_50_random/02958343/7ed6fdece737f0118bb11dbc05ffaa74/r_24",
            "rotation": 0.12566370614359174,
            "transform_matrix": [
                [
                    -0.3350525200366974,
                    0.11130249500274658,
                    0.9356022477149963,
                    3.771533250808716
                ],
                [
                    0.9421995282173157,
                    0.03957992047071457,
                    0.332706481218338,
                    1.3411827087402344
                ],
                [
                    0.0,
                    0.9929980635643005,
                    -0.11813049763441086,
                    -0.47619926929473877
                ],
                [
                    0.0,
                    0.0,
                    0.0,
                    1.0
                ]
            ]
        },
        {
            "file_path": "/data/shapenet_blender/all_50_random/02958343/7ed6fdece737f0118bb11dbc05ffaa74/r_25",
            "rotation": 0.12566370614359174,
            "transform_matrix": [
                [
                    -0.9026083946228027,
                    0.17276498675346375,
                    0.39427176117897034,
                    1.5893604755401611
                ],
                [
                    0.4304625391960144,
                    0.36225947737693787,
                    0.8267223834991455,
                    3.332624673843384
                ],
                [
                    0.0,
                    0.9159258008003235,
                    -0.4013473391532898,
                    -1.6178829669952393
                ],
                [
                    0.0,
                    0.0,
                    0.0,
                    1.0
                ]
            ]
        },
        {
            "file_path": "/data/shapenet_blender/all_50_random/02958343/7ed6fdece737f0118bb11dbc05ffaa74/r_26",
            "rotation": 0.12566370614359174,
            "transform_matrix": [
                [
                    -0.9948018789291382,
                    -0.027285857126116753,
                    -0.0981060266494751,
                    -0.3954780399799347
                ],
                [
                    -0.10182981938123703,
                    0.2665625810623169,
                    0.9584231972694397,
                    3.863527536392212
                ],
                [
                    -1.862645371275562e-09,
                    0.963431179523468,
                    -0.2679555118083954,
                    -1.0801632404327393
                ],
                [
                    0.0,
                    0.0,
                    0.0,
                    1.0
                ]
            ]
        },
        {
            "file_path": "/data/shapenet_blender/all_50_random/02958343/7ed6fdece737f0118bb11dbc05ffaa74/r_27",
            "rotation": 0.12566370614359174,
            "transform_matrix": [
                [
                    0.8286409974098206,
                    -0.1951950192451477,
                    -0.5246456265449524,
                    -2.1149141788482666
                ],
                [
                    -0.5597804188728333,
                    -0.2889465093612671,
                    -0.7766310572624207,
                    -3.130699872970581
                ],
                [
                    0.0,
                    0.93723464012146,
                    -0.3486992418766022,
                    -1.405651569366455
                ],
                [
                    0.0,
                    0.0,
                    0.0,
                    1.0
                ]
            ]
        },
        {
            "file_path": "/data/shapenet_blender/all_50_random/02958343/7ed6fdece737f0118bb11dbc05ffaa74/r_28",
            "rotation": 0.12566370614359174,
            "transform_matrix": [
                [
                    -0.28885945677757263,
                    0.514057457447052,
                    -0.807654082775116,
                    -3.2557578086853027
                ],
                [
                    -0.9573715329170227,
                    -0.15510214865207672,
                    0.2436865121126175,
                    0.9823317527770996
                ],
                [
                    -1.4901160305669237e-08,
                    0.8436163067817688,
                    0.5369465947151184,
                    2.1645009517669678
                ],
                [
                    0.0,
                    0.0,
                    0.0,
                    1.0
                ]
            ]
        },
        {
            "file_path": "/data/shapenet_blender/all_50_random/02958343/7ed6fdece737f0118bb11dbc05ffaa74/r_29",
            "rotation": 0.12566370614359174,
            "transform_matrix": [
                [
                    0.6244779229164124,
                    -0.3820663392543793,
                    0.6812140345573425,
                    2.7460615634918213
                ],
                [
                    0.7810423374176025,
                    0.30547893047332764,
                    -0.544660747051239,
                    -2.1955976486206055
                ],
                [
                    0.0,
                    0.8721856474876404,
                    0.48917490243911743,
                    1.9719270467758179
                ],
                [
                    0.0,
                    0.0,
                    0.0,
                    1.0
                ]
            ]
        },
        {
            "file_path": "/data/shapenet_blender/all_50_random/02958343/7ed6fdece737f0118bb11dbc05ffaa74/r_30",
            "rotation": 0.12566370614359174,
            "transform_matrix": [
                [
                    -0.5629253387451172,
                    -0.22892798483371735,
                    0.794170618057251,
                    3.201404333114624
                ],
                [
                    0.8265078663825989,
                    -0.15592032670974731,
                    0.5409008264541626,
                    2.18044114112854
                ],
                [
                    0.0,
                    0.9608750343322754,
                    0.27698221802711487,
                    1.116551160812378
                ],
                [
                    0.0,
                    0.0,
                    0.0,
                    1.0
                ]
            ]
        },
        {
            "file_path": "/data/shapenet_blender/all_50_random/02958343/7ed6fdece737f0118bb11dbc05ffaa74/r_31",
            "rotation": 0.12566370614359174,
            "transform_matrix": [
                [
                    0.9990251660346985,
                    -0.025873875245451927,
                    -0.03576590493321419,
                    -0.14417697489261627
                ],
                [
                    -0.04414359852671623,
                    -0.5855583548545837,
                    -0.8094274401664734,
                    -3.262906312942505
                ],
                [
                    0.0,
                    0.8102172017097473,
                    -0.5861297249794006,
                    -2.362764596939087
                ],
                [
                    0.0,
                    0.0,
                    0.0,
                    1.0
                ]
            ]
        },
        {
            "file_path": "/data/shapenet_blender/all_50_random/02958343/7ed6fdece737f0118bb11dbc05ffaa74/r_32",
            "rotation": 0.12566370614359174,
            "transform_matrix": [
                [
                    -0.11159014701843262,
                    0.01697012037038803,
                    0.9936094284057617,
                    4.005367279052734
                ],
                [
                    0.9937543869018555,
                    0.0019055999582633376,
                    0.11157386749982834,
                    0.449768602848053
                ],
                [
                    0.0,
                    0.9998541474342346,
                    -0.017076777294278145,
                    -0.0688386857509613
                ],
                [
                    0.0,
                    0.0,
                    0.0,
                    1.0
                ]
            ]
        },
        {
            "file_path": "/data/shapenet_blender/all_50_random/02958343/7ed6fdece737f0118bb11dbc05ffaa74/r_33",
            "rotation": 0.12566370614359174,
            "transform_matrix": [
                [
                    -0.10003801435232162,
                    -0.9412952661514282,
                    0.32242128252983093,
                    1.2997217178344727
                ],
                [
                    0.9949836134910583,
                    -0.09464005380868912,
                    0.03241699934005737,
                    0.13067710399627686
                ],
                [
                    0.0,
                    0.3240467607975006,
                    0.9460410475730896,
                    3.8136134147644043
                ],
                [
                    0.0,
                    0.0,
                    0.0,
                    1.0
                ]
            ]
        },
        {
            "file_path": "/data/shapenet_blender/all_50_random/02958343/7ed6fdece737f0118bb11dbc05ffaa74/r_34",
            "rotation": 0.12566370614359174,
            "transform_matrix": [
                [
                    -0.9000735282897949,
                    0.04536672681570053,
                    -0.43336978554725647,
                    -1.746969223022461
                ],
                [
                    -0.43573781847953796,
                    -0.09371092170476913,
                    0.8951820731163025,
                    3.6085939407348633
                ],
                [
                    -3.7252896323280993e-09,
                    0.9945652484893799,
                    0.10411474853754044,
                    0.41969993710517883
                ],
                [
                    0.0,
                    0.0,
                    0.0,
                    1.0
                ]
            ]
        },
        {
            "file_path": "/data/shapenet_blender/all_50_random/02958343/7ed6fdece737f0118bb11dbc05ffaa74/r_35",
            "rotation": 0.12566370614359174,
            "transform_matrix": [
                [
                    -0.795698881149292,
                    0.24529686570167542,
                    0.553798496723175,
                    2.2324330806732178
                ],
                [
                    0.6056923866271973,
                    0.3222467601299286,
                    0.7275257110595703,
                    2.9327499866485596
                ],
                [
                    0.0,
                    0.9143228530883789,
                    -0.4049859046936035,
                    -1.6325503587722778
                ],
                [
                    0.0,
                    0.0,
                    0.0,
                    1.0
                ]
            ]
        },
        {
            "file_path": "/data/shapenet_blender/all_50_random/02958343/7ed6fdece737f0118bb11dbc05ffaa74/r_36",
            "rotation": 0.12566370614359174,
            "transform_matrix": [
                [
                    -0.7777293920516968,
                    -0.6084810495376587,
                    0.1577589064836502,
                    0.6359465718269348
                ],
                [
                    0.6285992860794067,
                    -0.7528381943702698,
                    0.19518592953681946,
                    0.7868196964263916
                ],
                [
                    -7.450581485102248e-09,
                    0.25096893310546875,
                    0.9679950475692749,
                    3.902113199234009
                ],
                [
                    0.0,
                    0.0,
                    0.0,
                    1.0
                ]
            ]
        },
        {
            "file_path": "/data/shapenet_blender/all_50_random/02958343/7ed6fdece737f0118bb11dbc05ffaa74/r_37",
            "rotation": 0.12566370614359174,
            "transform_matrix": [
                [
                    0.7822712063789368,
                    -0.10469689220190048,
                    -0.6140768527984619,
                    -2.4754228591918945
                ],
                [
                    -0.6229379773139954,
                    -0.13147594034671783,
                    -0.7711434960365295,
                    -3.10857892036438
                ],
                [
                    -7.450580596923828e-09,
                    0.9857750535011292,
                    -0.16806954145431519,
                    -0.6775099635124207
                ],
                [
                    0.0,
                    0.0,
                    0.0,
                    1.0
                ]
            ]
        },
        {
            "file_path": "/data/shapenet_blender/all_50_random/02958343/7ed6fdece737f0118bb11dbc05ffaa74/r_38",
            "rotation": 0.12566370614359174,
            "transform_matrix": [
                [
                    0.8267225027084351,
                    -0.009619985707104206,
                    -0.5625273585319519,
                    -2.26762056350708
                ],
                [
                    -0.5626096725463867,
                    -0.014136015437543392,
                    -0.8266016840934753,
                    -3.3321382999420166
                ],
                [
                    0.0,
                    0.9998538494110107,
                    -0.01709885708987713,
                    -0.06892770528793335
                ],
                [
                    0.0,
                    0.0,
                    0.0,
                    1.0
                ]
            ]
        },
        {
            "file_path": "/data/shapenet_blender/all_50_random/02958343/7ed6fdece737f0118bb11dbc05ffaa74/r_39",
            "rotation": 0.12566370614359174,
            "transform_matrix": [
                [
                    -0.060378991067409515,
                    -0.5614992380142212,
                    -0.8252713680267334,
                    -3.326775312423706
                ],
                [
                    -0.9981756210327148,
                    0.033964723348617554,
                    0.04992012307047844,
                    0.20123445987701416
                ],
                [
                    1.862645593320167e-09,
                    0.8267797231674194,
                    -0.5625256299972534,
                    -2.267613410949707
                ],
                [
                    0.0,
                    0.0,
                    0.0,
                    1.0
                ]
            ]
        },
        {
            "file_path": "/data/shapenet_blender/all_50_random/02958343/7ed6fdece737f0118bb11dbc05ffaa74/r_40",
            "rotation": 0.12566370614359174,
            "transform_matrix": [
                [
                    -0.962092399597168,
                    -0.24068868160247803,
                    0.1282471865415573,
                    0.5169809460639954
                ],
                [
                    0.2727240025997162,
                    -0.8490808606147766,
                    0.4524194300174713,
                    1.8237611055374146
                ],
                [
                    -7.450581485102248e-09,
                    0.4702453017234802,
                    0.8825356960296631,
                    3.557615280151367
                ],
                [
                    0.0,
                    0.0,
                    0.0,
                    1.0
                ]
            ]
        },
        {
            "file_path": "/data/shapenet_blender/all_50_random/02958343/7ed6fdece737f0118bb11dbc05ffaa74/r_41",
            "rotation": 0.12566370614359174,
            "transform_matrix": [
                [
                    -0.9414359927177429,
                    -0.1638505905866623,
                    -0.29470521211624146,
                    -1.1879947185516357
                ],
                [
                    -0.3371915817260742,
                    0.4574694335460663,
                    0.822814404964447,
                    3.31687068939209
                ],
                [
