{
    "class": "02958343",
    "model": "b1f75a8e8b9e921a8a6cf8c6b92417f2",
    "remove_doubles": true,
    "edge_split": true,
    "denoise": true,
    "camera_angle_x": 0.6911112070083618,
    "scale_factor": 2.2006122730988023,
    "hdri_file": "/data/IndoorHDRDataset2018/9C4A9952-a76080efed.exr",
    "center_offset": [
        0.0,
        -3.725290298461914e-09,
        3.725290298461914e-09
    ],
    "lights": [],
    "frames": [
        {
            "file_path": "/data/shapenet_blender/all_50_random/02958343/b1f75a8e8b9e921a8a6cf8c6b92417f2/r_0",
            "rotation": 0.12566370614359174,
            "transform_matrix": [
                [
                    -0.46874842047691345,
                    -0.3400127589702606,
                    -0.8152706623077393,
                    -3.286461114883423
                ],
                [
                    -0.8833317160606384,
                    0.18043100833892822,
                    0.43263116478919983,
                    1.7439919710159302
                ],
                [
                    -1.4901161193847656e-08,
                    0.9229495525360107,
                    -0.38492080569267273,
                    -1.5516654253005981
                ],
                [
                    0.0,
                    0.0,
                    0.0,
                    1.0
                ]
            ]
        },
        {
            "file_path": "/data/shapenet_blender/all_50_random/02958343/b1f75a8e8b9e921a8a6cf8c6b92417f2/r_1",
            "rotation": 0.12566370614359174,
            "transform_matrix": [
                [
                    0.8330904245376587,
                    0.010534270666539669,
                    0.5530365109443665,
                    2.2293615341186523
                ],
                [
                    0.5531368851661682,
                    -0.01586587354540825,
                    -0.8329393267631531,
                    -3.3576858043670654
                ],
                [
                    -9.313225746154785e-10,
                    0.9998186230659485,
                    -0.019044602289795876,
                    -0.07677124440670013
                ],
                [
                    0.0,
                    0.0,
                    0.0,
                    1.0
                ]
            ]
        },
        {
            "file_path": "/data/shapenet_blender/all_50_random/02958343/b1f75a8e8b9e921a8a6cf8c6b92417f2/r_2",
            "rotation": 0.12566370614359174,
            "transform_matrix": [
                [
                    -0.2855573892593384,
                    -0.04238167032599449,
                    -0.9574240446090698,
                    -3.859499454498291
                ],
                [
                    -0.9583616256713867,
                    0.012628219090402126,
                    0.2852780222892761,
                    1.1499924659729004
                ],
                [
                    9.313224635931761e-10,
                    0.9990217089653015,
                    -0.04422304406762123,
                    -0.17826879024505615
                ],
                [
                    0.0,
                    0.0,
                    0.0,
                    1.0
                ]
            ]
        },
        {
            "file_path": "/data/shapenet_blender/all_50_random/02958343/b1f75a8e8b9e921a8a6cf8c6b92417f2/r_3",
            "rotation": 0.12566370614359174,
            "transform_matrix": [
                [
                    -0.8341615200042725,
                    -0.1828218698501587,
                    0.5203371644020081,
                    2.097546339035034
                ],
                [
                    0.5515204071998596,
                    -0.2765137255191803,
                    0.7869976758956909,
                    3.1724894046783447
                ],
                [
                    -1.4901162970204496e-08,
                    0.943459689617157,
                    0.3314870595932007,
                    1.3362672328948975
                ],
                [
                    0.0,
                    0.0,
                    0.0,
                    1.0
                ]
            ]
        },
        {
            "file_path": "/data/shapenet_blender/all_50_random/02958343/b1f75a8e8b9e921a8a6cf8c6b92417f2/r_4",
            "rotation": 0.12566370614359174,
            "transform_matrix": [
                [
                    -0.750299334526062,
                    0.10805986076593399,
                    0.6522070169448853,
                    2.6291306018829346
                ],
                [
                    0.6610982418060303,
                    0.1226402148604393,
                    0.7402083277702332,
                    2.983875274658203
                ],
                [
                    0.0,
                    0.9865506887435913,
                    -0.163455069065094,
                    -0.658908486366272
                ],
                [
                    0.0,
                    0.0,
                    0.0,
                    1.0
                ]
            ]
        },
        {
            "file_path": "/data/shapenet_blender/all_50_random/02958343/b1f75a8e8b9e921a8a6cf8c6b92417f2/r_5",
            "rotation": 0.12566370614359174,
            "transform_matrix": [
                [
                    -0.8251087665557861,
                    0.36702197790145874,
                    -0.42952361702919006,
                    -1.731465220451355
                ],
                [
                    -0.5649741291999817,
                    -0.5360122323036194,
                    0.6272918581962585,
                    2.5286946296691895
                ],
                [
                    -1.4901162970204496e-08,
                    0.7602537274360657,
                    0.6496261358261108,
                    2.618726968765259
                ],
                [
                    0.0,
                    0.0,
                    0.0,
                    1.0
                ]
            ]
        },
        {
            "file_path": "/data/shapenet_blender/all_50_random/02958343/b1f75a8e8b9e921a8a6cf8c6b92417f2/r_6",
            "rotation": 0.12566370614359174,
            "transform_matrix": [
                [
                    0.9907957315444946,
                    0.06904324144124985,
                    0.11643416434526443,
                    0.4693611264228821
                ],
                [
                    0.13536575436592102,
                    -0.5053549408912659,
                    -0.8522279858589172,
                    -3.4354407787323
                ],
                [
                    -3.725290298461914e-09,
                    0.8601449728012085,
                    -0.5100496411323547,
                    -2.0560758113861084
                ],
                [
                    0.0,
                    0.0,
                    0.0,
                    1.0
                ]
            ]
        },
        {
            "file_path": "/data/shapenet_blender/all_50_random/02958343/b1f75a8e8b9e921a8a6cf8c6b92417f2/r_7",
            "rotation": 0.12566370614359174,
            "transform_matrix": [
                [
                    -0.8140498995780945,
                    0.16509363055229187,
                    0.5568364858627319,
                    2.2446799278259277
                ],
                [
                    0.5807950496673584,
                    0.2313973754644394,
                    0.7804692983627319,
                    3.146172523498535
                ],
                [
                    0.0,
                    0.9587488770484924,
                    -0.2842545211315155,
                    -1.1458667516708374
                ],
                [
                    0.0,
                    0.0,
                    0.0,
                    1.0
                ]
            ]
        },
        {
            "file_path": "/data/shapenet_blender/all_50_random/02958343/b1f75a8e8b9e921a8a6cf8c6b92417f2/r_8",
            "rotation": 0.12566370614359174,
            "transform_matrix": [
                [
                    0.38250046968460083,
                    -0.8204432725906372,
                    -0.4249308407306671,
                    -1.7129511833190918
                ],
                [
                    -0.9239553213119507,
                    -0.33964839577674866,
                    -0.17591354250907898,
                    -0.7091302275657654
                ],
                [
                    0.0,
                    0.4599042236804962,
                    -0.8879684805870056,
                    -3.5795156955718994
                ],
                [
                    0.0,
                    0.0,
                    0.0,
                    1.0
                ]
            ]
        },
        {
            "file_path": "/data/shapenet_blender/all_50_random/02958343/b1f75a8e8b9e921a8a6cf8c6b92417f2/r_9",
            "rotation": 0.12566370614359174,
            "transform_matrix": [
                [
                    -0.97010338306427,
                    -0.06391042470932007,
                    -0.23412561416625977,
                    -0.9437905550003052
                ],
                [
                    -0.24269185960292816,
                    0.2554668188095093,
                    0.9358618259429932,
                    3.7725796699523926
                ],
                [
                    -3.725290076417309e-09,
                    0.9647030830383301,
                    -0.2633398175239563,
                    -1.0615568161010742
                ],
                [
                    0.0,
                    0.0,
                    0.0,
                    1.0
                ]
            ]
        },
        {
            "file_path": "/data/shapenet_blender/all_50_random/02958343/b1f75a8e8b9e921a8a6cf8c6b92417f2/r_10",
            "rotation": 0.12566370614359174,
            "transform_matrix": [
                [
                    0.03987318277359009,
                    -0.37291693687438965,
                    -0.9270075559616089,
                    -3.736887216567993
                ],
                [
                    -0.9992048144340515,
                    -0.014881220646202564,
                    -0.036992158740758896,
                    -0.14912018179893494
                ],
                [
                    -9.313225746154785e-10,
                    0.9277454018592834,
                    -0.3732137084007263,
                    -1.5044727325439453
                ],
                [
                    0.0,
                    0.0,
                    0.0,
                    1.0
                ]
            ]
        },
        {
            "file_path": "/data/shapenet_blender/all_50_random/02958343/b1f75a8e8b9e921a8a6cf8c6b92417f2/r_11",
            "rotation": 0.12566370614359174,
            "transform_matrix": [
                [
                    0.9719324707984924,
                    0.1723770946264267,
                    0.16010455787181854,
                    0.645402193069458
                ],
                [
                    0.23526018857955933,
                    -0.7121430039405823,
                    -0.6614413857460022,
                    -2.666355848312378
                ],
                [
                    -7.450581485102248e-09,
                    0.6805426478385925,
                    -0.7327083349227905,
                    -2.9536421298980713
                ],
                [
                    0.0,
                    0.0,
                    0.0,
                    1.0
                ]
            ]
        },
        {
            "file_path": "/data/shapenet_blender/all_50_random/02958343/b1f75a8e8b9e921a8a6cf8c6b92417f2/r_12",
            "rotation": 0.12566370614359174,
            "transform_matrix": [
                [
                    0.6162819266319275,
                    0.5627613663673401,
                    0.5509048104286194,
                    2.220768451690674
                ],
                [
                    0.7875257134437561,
                    -0.4403916299343109,
                    -0.43111318349838257,
                    -1.7378729581832886
                ],
                [
                    2.980232594040899e-08,
                    0.6995388269424438,
                    -0.7145944237709045,
                    -2.880622386932373
                ],
                [
                    0.0,
                    0.0,
                    0.0,
                    1.0
                ]
            ]
        },
        {
            "file_path": "/data/shapenet_blender/all_50_random/02958343/b1f75a8e8b9e921a8a6cf8c6b92417f2/r_13",
            "rotation": 0.12566370614359174,
            "transform_matrix": [
                [
                    -0.6068174839019775,
                    -0.5844597220420837,
                    0.5386829376220703,
                    2.1715004444122314
                ],
                [
                    0.7948412299156189,
                    -0.44620281457901,
                    0.41125476360321045,
                    1.6578209400177002
                ],
                [
                    -1.4901161193847656e-08,
                    0.6777239441871643,
                    0.7353163361549377,
                    2.9641549587249756
                ],
                [
                    0.0,
                    0.0,
                    0.0,
                    1.0
                ]
            ]
        },
        {
            "file_path": "/data/shapenet_blender/all_50_random/02958343/b1f75a8e8b9e921a8a6cf8c6b92417f2/r_14",
            "rotation": 0.12566370614359174,
            "transform_matrix": [
                [
                    0.9774176478385925,
                    0.2106671780347824,
                    0.016560358926653862,
                    0.06675693392753601
                ],
                [
                    0.21131712198257446,
                    -0.9744114875793457,
                    -0.07659761607646942,
                    -0.30877482891082764
                ],
                [
                    0.0,
                    0.07836789637804031,
                    -0.9969245791435242,
                    -4.018731117248535
                ],
                [
                    0.0,
                    0.0,
                    0.0,
                    1.0
                ]
            ]
        },
        {
            "file_path": "/data/shapenet_blender/all_50_random/02958343/b1f75a8e8b9e921a8a6cf8c6b92417f2/r_15",
            "rotation": 0.12566370614359174,
            "transform_matrix": [
                [
                    0.4486531615257263,
                    0.40879955887794495,
                    0.7947284579277039,
                    3.203652858734131
                ],
                [
                    0.8937060832977295,
                    -0.2052231878042221,
                    -0.3989649713039398,
                    -1.6082792282104492
                ],
                [
                    0.0,
                    0.8892504572868347,
                    -0.45742058753967285,
                    -1.843921422958374
                ],
                [
                    0.0,
                    0.0,
                    0.0,
                    1.0
                ]
            ]
        },
        {
            "file_path": "/data/shapenet_blender/all_50_random/02958343/b1f75a8e8b9e921a8a6cf8c6b92417f2/r_16",
            "rotation": 0.12566370614359174,
            "transform_matrix": [
                [
                    0.9498767852783203,
                    -0.034168001264333725,
                    0.31075161695480347,
                    1.2526798248291016
                ],
                [
                    0.31262439489364624,
                    0.10381593555212021,
                    -0.9441865682601929,
                    -3.8061375617980957
                ],
                [
                    -3.7252898543727042e-09,
                    0.9940094351768494,
                    0.1092941090464592,
                    0.4405786097049713
                ],
                [
                    0.0,
                    0.0,
                    0.0,
                    1.0
                ]
            ]
        },
        {
            "file_path": "/data/shapenet_blender/all_50_random/02958343/b1f75a8e8b9e921a8a6cf8c6b92417f2/r_17",
            "rotation": 0.12566370614359174,
            "transform_matrix": [
                [
                    0.574072539806366,
                    -0.09215424954891205,
                    0.8136020302772522,
                    3.2797348499298096
                ],
                [
                    0.8188045024871826,
                    0.06461033225059509,
                    -0.5704250335693359,
                    -2.29945707321167
                ],
                [
                    -7.450580596923828e-09,
                    0.9936463832855225,
                    0.11254733055830002,
                    0.45369282364845276
                ],
                [
                    0.0,
                    0.0,
                    0.0,
                    1.0
                ]
            ]
        },
        {
            "file_path": "/data/shapenet_blender/all_50_random/02958343/b1f75a8e8b9e921a8a6cf8c6b92417f2/r_18",
            "rotation": 0.12566370614359174,
            "transform_matrix": [
                [
                    -0.6379151344299316,
                    -0.6114031672477722,
                    -0.4682419002056122,
                    -1.8875435590744019
                ],
                [
                    -0.7701067924499512,
                    0.5064535737037659,
                    0.3878664970397949,
                    1.563539981842041
                ],
                [
                    -1.4901162970204496e-08,
                    0.608022153377533,
                    -0.7939199805259705,
                    -3.2003941535949707
                ],
                [
                    0.0,
                    0.0,
                    0.0,
                    1.0
                ]
            ]
        },
        {
            "file_path": "/data/shapenet_blender/all_50_random/02958343/b1f75a8e8b9e921a8a6cf8c6b92417f2/r_19",
            "rotation": 0.12566370614359174,
            "transform_matrix": [
                [
                    -0.8485718369483948,
                    -0.44468408823013306,
                    0.28667375445365906,
                    1.1556189060211182
                ],
                [
                    0.5290801525115967,
                    -0.7132121920585632,
                    0.4597853124141693,
                    1.8534538745880127
                ],
                [
                    1.4901161193847656e-08,
                    0.54183429479599,
                    0.8404853343963623,
                    3.3881046772003174
                ],
                [
                    0.0,
                    0.0,
                    0.0,
                    1.0
                ]
            ]
        },
        {
            "file_path": "/data/shapenet_blender/all_50_random/02958343/b1f75a8e8b9e921a8a6cf8c6b92417f2/r_20",
            "rotation": 0.12566370614359174,
            "transform_matrix": [
                [
                    -0.8699793219566345,
                    0.1543211042881012,
                    0.4683171212673187,
                    1.8878467082977295
                ],
                [
                    0.49308812618255615,
                    0.2722761929035187,
                    0.8262746334075928,
                    3.330819606781006
                ],
                [
                    1.4901159417490817e-08,
                    0.9497635364532471,
                    -0.31296858191490173,
                    -1.2616167068481445
                ],
                [
                    0.0,
                    0.0,
                    0.0,
                    1.0
                ]
            ]
        },
        {
            "file_path": "/data/shapenet_blender/all_50_random/02958343/b1f75a8e8b9e921a8a6cf8c6b92417f2/r_21",
            "rotation": 0.12566370614359174,
            "transform_matrix": [
                [
                    0.6349790692329407,
                    0.02032015100121498,
                    0.7722620964050293,
                    3.1130881309509277
                ],
                [
                    0.7725294232368469,
                    -0.016702108085155487,
                    -0.6347593069076538,
                    -2.5587966442108154
                ],
                [
                    0.0,
                    0.9996540546417236,
                    -0.026303401216864586,
                    -0.10603240132331848
                ],
                [
                    0.0,
                    0.0,
                    0.0,
                    1.0
                ]
            ]
        },
        {
            "file_path": "/data/shapenet_blender/all_50_random/02958343/b1f75a8e8b9e921a8a6cf8c6b92417f2/r_22",
            "rotation": 0.12566370614359174,
            "transform_matrix": [
                [
                    0.7717399597167969,
                    -0.12160215526819229,
                    -0.6242038011550903,
                    -2.5162460803985596
                ],
                [
                    -0.6359382271766663,
                    -0.1475697159767151,
                    -0.757499635219574,
                    -3.0535786151885986
                ],
                [
                    7.450580596923828e-09,
                    0.9815477132797241,
                    -0.19121693074703217,
                    -0.7708200812339783
                ],
                [
                    0.0,
                    0.0,
                    0.0,
                    1.0
                ]
            ]
        },
        {
            "file_path": "/data/shapenet_blender/all_50_random/02958343/b1f75a8e8b9e921a8a6cf8c6b92417f2/r_23",
            "rotation": 0.12566370614359174,
            "transform_matrix": [
                [
                    0.9247918128967285,
                    0.022651875391602516,
                    0.37979865074157715,
                    1.5310171842575073
                ],
                [
                    0.3804735541343689,
                    -0.05505841597914696,
                    -0.923151433467865,
                    -3.721342086791992
                ],
                [
                    1.862645149230957e-09,
                    0.9982261061668396,
                    -0.05953601747751236,
                    -0.23999732732772827
                ],
                [
                    0.0,
                    0.0,
                    0.0,
                    1.0
                ]
            ]
        },
        {
            "file_path": "/data/shapenet_blender/all_50_random/02958343/b1f75a8e8b9e921a8a6cf8c6b92417f2/r_24",
            "rotation": 0.12566370614359174,
            "transform_matrix": [
                [
                    -0.8944844603538513,
                    0.3114912211894989,
                    -0.32073453068733215,
                    -1.2929222583770752
                ],
                [
                    -0.44709888100624084,
                    -0.6231821775436401,
                    0.6416747570037842,
                    2.5866737365722656
                ],
                [
                    1.4901160305669237e-08,
                    0.7173680663108826,
                    0.6966942548751831,
                    2.808464288711548
                ],
                [
                    0.0,
                    0.0,
                    0.0,
                    1.0
                ]
            ]
        },
        {
            "file_path": "/data/shapenet_blender/all_50_random/02958343/b1f75a8e8b9e921a8a6cf8c6b92417f2/r_25",
            "rotation": 0.12566370614359174,
            "transform_matrix": [
                [
                    0.7269648313522339,
                    -0.5843324661254883,
                    -0.36066263914108276,
                    -1.4538776874542236
                ],
                [
                    -0.6866745948791504,
                    -0.618617832660675,
                    -0.3818243443965912,
                    -1.539183259010315
                ],
                [
                    2.9802322387695312e-08,
                    0.5252307653427124,
                    -0.8509597182273865,
                    -3.430328607559204
                ],
                [
                    0.0,
                    0.0,
                    0.0,
                    1.0
                ]
            ]
        },
        {
            "file_path": "/data/shapenet_blender/all_50_random/02958343/b1f75a8e8b9e921a8a6cf8c6b92417f2/r_26",
            "rotation": 0.12566370614359174,
            "transform_matrix": [
                [
                    0.40900546312332153,
                    -0.18797554075717926,
                    -0.8929612040519714,
                    -3.599641799926758
                ],
                [
                    -0.9125319123268127,
                    -0.08425241708755493,
                    -0.4002336859703064,
                    -1.6133935451507568
                ],
                [
                    7.450580596923828e-09,
                    0.978553295135498,
                    -0.2059933990240097,
                    -0.8303859233856201
                ],
                [
                    0.0,
                    0.0,
                    0.0,
                    1.0
                ]
            ]
        },
        {
            "file_path": "/data/shapenet_blender/all_50_random/02958343/b1f75a8e8b9e921a8a6cf8c6b92417f2/r_27",
            "rotation": 0.12566370614359174,
            "transform_matrix": [
                [
                    -0.3198097050189972,
                    0.3780002295970917,
                    -0.8688138127326965,
                    -3.50230073928833
                ],
                [
                    -0.9474818110466003,
                    -0.12758886814117432,
                    0.29325634241104126,
                    1.1821542978286743
                ],
                [
                    -7.450580596923828e-09,
                    0.9169715642929077,
                    0.39895251393318176,
                    1.608229160308838
                ],
                [
                    0.0,
                    0.0,
                    0.0,
                    1.0
                ]
            ]
        },
        {
            "file_path": "/data/shapenet_blender/all_50_random/02958343/b1f75a8e8b9e921a8a6cf8c6b92417f2/r_28",
            "rotation": 0.12566370614359174,
            "transform_matrix": [
                [
                    0.8644630908966064,
                    -0.41276198625564575,
                    0.2869340181350708,
                    1.1566680669784546
                ],
                [
                    0.5026963949203491,
                    0.7098071575164795,
                    -0.4934267997741699,
                    -1.9890670776367188
                ],
                [
                    0.0,
                    0.5707898736000061,
                    0.8210961222648621,
                    3.3099443912506104
                ],
                [
                    0.0,
                    0.0,
                    0.0,
                    1.0
                ]
            ]
        },
        {
            "file_path": "/data/shapenet_blender/all_50_random/02958343/b1f75a8e8b9e921a8a6cf8c6b92417f2/r_29",
            "rotation": 0.12566370614359174,
            "transform_matrix": [
                [
                    -0.39497748017311096,
                    0.8645063638687134,
                    -0.3108399510383606,
                    -1.2530360221862793
                ],
                [
                    -0.9186908006668091,
                    -0.37168166041374207,
                    0.13364101946353912,
                    0.5387242436408997
                ],
                [
                    0.0,
                    0.3383510708808899,
                    0.9410198330879211,
                    3.793372631072998
                ],
                [
                    0.0,
                    0.0,
                    0.0,
                    1.0
                ]
            ]
        },
        {
            "file_path": "/data/shapenet_blender/all_50_random/02958343/b1f75a8e8b9e921a8a6cf8c6b92417f2/r_30",
            "rotation": 0.12566370614359174,
            "transform_matrix": [
                [
                    0.9277309775352478,
                    -0.14779794216156006,
                    0.3427404463291168,
                    1.3816308975219727
                ],
                [
                    0.3732495903968811,
                    0.36735934019088745,
                    -0.8518989682197571,
                    -3.434114694595337
                ],
                [
                    0.0,
                    0.9182608127593994,
                    0.39597615599632263,
                    1.5962309837341309
                ],
                [
                    0.0,
                    0.0,
                    0.0,
                    1.0
                ]
            ]
        },
        {
            "file_path": "/data/shapenet_blender/all_50_random/02958343/b1f75a8e8b9e921a8a6cf8c6b92417f2/r_31",
            "rotation": 0.12566370614359174,
            "transform_matrix": [
                [
                    -0.2079657018184662,
                    0.7987909913063049,
                    0.5645203590393066,
                    2.2756543159484863
                ],
                [
                    0.9781361222267151,
                    0.16983436048030853,
                    0.12002508342266083,
                    0.4838365912437439
                ],
                [
                    0.0,
                    0.5771388411521912,
                    -0.8166460394859314,
                    -3.2920055389404297
                ],
                [
                    0.0,
                    0.0,
                    0.0,
                    1.0
                ]
            ]
        },
        {
            "file_path": "/data/shapenet_blender/all_50_random/02958343/b1f75a8e8b9e921a8a6cf8c6b92417f2/r_32",
            "rotation": 0.12566370614359174,
            "transform_matrix": [
                [
                    0.5385799407958984,
                    0.6476678252220154,
                    -0.538941502571106,
                    -2.1725425720214844
                ],
                [
                    -0.842574417591095,
                    0.4139941930770874,
                    -0.3444955050945282,
                    -1.388705849647522
                ],
                [
                    -1.4901161193847656e-08,
                    0.6396366357803345,
                    0.7686773538589478,
                    3.098637580871582
                ],
                [
                    0.0,
                    0.0,
                    0.0,
                    1.0
                ]
            ]
        },
        {
            "file_path": "/data/shapenet_blender/all_50_random/02958343/b1f75a8e8b9e921a8a6cf8c6b92417f2/r_33",
            "rotation": 0.12566370614359174,
            "transform_matrix": [
                [
                    0.6477879285812378,
                    0.035553283989429474,
                    0.7609906196594238,
                    3.0676515102386475
                ],
                [
                    0.7618208527565002,
                    -0.030231500044465065,
                    -0.6470819711685181,
                    -2.608471155166626
                ],
                [
                    -1.862645593320167e-09,
                    0.9989102482795715,
                    -0.04666883125901222,
                    -0.18812808394432068
                ],
                [
                    0.0,
                    0.0,
                    0.0,
                    1.0
                ]
            ]
        },
        {
            "file_path": "/data/shapenet_blender/all_50_random/02958343/b1f75a8e8b9e921a8a6cf8c6b92417f2/r_34",
            "rotation": 0.12566370614359174,
            "transform_matrix": [
                [
                    0.07942140847444534,
                    0.9341684579849243,
                    -0.3478817045688629,
                    -1.4023560285568237
                ],
                [
                    -0.9968410730361938,
                    0.07442809641361237,
                    -0.02771681547164917,
                    -0.11173005402088165
                ],
                [
                    0.0,
                    0.348984032869339,
                    0.9371286630630493,
                    3.777686357498169
                ],
                [
                    0.0,
                    0.0,
                    0.0,
                    1.0
                ]
            ]
        },
        {
            "file_path": "/data/shapenet_blender/all_50_random/02958343/b1f75a8e8b9e921a8a6cf8c6b92417f2/r_35",
            "rotation": 0.12566370614359174,
            "transform_matrix": [
                [
                    0.4832279682159424,
                    -0.01659347675740719,
                    -0.8753373026847839,
                    -3.528597593307495
                ],
                [
                    -0.875494658946991,
                    -0.009158744476735592,
                    -0.48314109444618225,
                    -1.9476040601730347
                ],
                [
                    0.0,
                    0.9998202919960022,
                    -0.018953261896967888,
                    -0.07640304416418076
                ],
                [
                    0.0,
                    0.0,
                    0.0,
                    1.0
                ]
            ]
        },
        {
            "file_path": "/data/shapenet_blender/all_50_random/02958343/b1f75a8e8b9e921a8a6cf8c6b92417f2/r_36",
            "rotation": 0.12566370614359174,
            "transform_matrix": [
                [
                    -0.39550286531448364,
                    -0.22158627212047577,
                    -0.8913344144821167,
                    -3.5930838584899902
                ],
                [
                    -0.9184647798538208,
                    0.09541792422533035,
                    0.38382017612457275,
                    1.5472285747528076
                ],
                [
                    0.0,
                    0.9704612493515015,
                    -0.2412572205066681,
                    -0.972538948059082
                ],
                [
                    0.0,
                    0.0,
                    0.0,
                    1.0
                ]
            ]
        },
        {
            "file_path": "/data/shapenet_blender/all_50_random/02958343/b1f75a8e8b9e921a8a6cf8c6b92417f2/r_37",
            "rotation": 0.12566370614359174,
            "transform_matrix": [
                [
                    0.7043417692184448,
                    0.07274384796619415,
                    -0.706123948097229,
                    -2.8464767932891846
                ],
                [
                    -0.7098610997200012,
                    0.07217823714017868,
                    -0.7006336450576782,
                    -2.8243446350097656
                ],
                [
                    -3.725290742551124e-09,
                    0.9947354197502136,
                    0.10247616469860077,
                    0.4130946397781372
                ],
                [
                    0.0,
                    0.0,
                    0.0,
                    1.0
                ]
            ]
        },
        {
            "file_path": "/data/shapenet_blender/all_50_random/02958343/b1f75a8e8b9e921a8a6cf8c6b92417f2/r_38",
            "rotation": 0.12566370614359174,
            "transform_matrix": [
                [
                    -0.8126959800720215,
                    -0.23618000745773315,
                    -0.5326764583587646,
                    -2.147287368774414
                ],
                [
                    -0.5826879143714905,
                    0.32940882444381714,
                    0.7429432272911072,
                    2.9948999881744385
                ],
                [
                    -1.4901161193847656e-08,
                    0.914171040058136,
                    -0.40532854199409485,
                    -1.6339316368103027
                ],
                [
                    0.0,
                    0.0,
                    0.0,
                    1.0
                ]
            ]
        },
        {
            "file_path": "/data/shapenet_blender/all_50_random/02958343/b1f75a8e8b9e921a8a6cf8c6b92417f2/r_39",
            "rotation": 0.12566370614359174,
            "transform_matrix": [
                [
                    0.1736549735069275,
                    -0.7115665078163147,
                    -0.6808208227157593,
                    -2.744476795196533
                ],
                [
                    -0.9848065376281738,
                    -0.12547343969345093,
                    -0.12005192786455154,
                    -0.483944833278656
                ],
                [
                    0.0,
                    0.6913244724273682,
                    -0.7225443720817566,
                    -2.9126696586608887
                ],
                [
                    0.0,
                    0.0,
                    0.0,
                    1.0
                ]
            ]
        },
        {
            "file_path": "/data/shapenet_blender/all_50_random/02958343/b1f75a8e8b9e921a8a6cf8c6b92417f2/r_40",
            "rotation": 0.12566370614359174,
            "transform_matrix": [
                [
                    0.7897667288780212,
                    -0.33671075105667114,
                    -0.5127322673797607,
                    -2.066889762878418
                ],
                [
                    -0.6134073138237,
                    -0.433517724275589,
                    -0.6601468324661255,
                    -2.661137104034424
                ],
                [
                    1.4901161193847656e-08,
                    0.8358757495880127,
                    -0.5489187240600586,
                    -2.2127621173858643
                ],
                [
                    0.0,
                    0.0,
                    0.0,
                    1.0
                ]
            ]
        },
        {
            "file_path": "/data/shapenet_blender/all_50_random/02958343/b1f75a8e8b9e921a8a6cf8c6b92417f2/r_41",
            "rotation": 0.12566370614359174,
            "transform_matrix": [
                [
                    -0.7059260606765747,
                    -0.04353601858019829,
                    0.7069463133811951,
                    2.8497917652130127
                ],
                [
                    0.7082856297492981,
