{
    "class": "02958343",
    "model": "5410d4faab53ce49e9d8921ebe6d5b8e",
    "remove_doubles": true,
    "edge_split": true,
    "denoise": true,
    "camera_angle_x": 0.6911112070083618,
    "scale_factor": 2.2791685360059364,
    "hdri_file": "/data/IndoorHDRDataset2018/AG8A5097-2819e91992.exr",
    "center_offset": [
        0.0,
        0.0,
        3.725290298461914e-09
    ],
    "lights": [],
    "frames": [
        {
            "file_path": "/data/shapenet_blender/all_50_random/02958343/5410d4faab53ce49e9d8921ebe6d5b8e/r_0",
            "rotation": 0.12566370614359174,
            "transform_matrix": [
                [
                    -0.9789330959320068,
                    -0.12477043271064758,
                    -0.1616237759590149,
                    -0.6515262126922607
                ],
                [
                    -0.2041810303926468,
                    0.5982039570808411,
                    0.7748949527740479,
                    3.1237010955810547
                ],
                [
                    0.0,
                    0.7915709018707275,
                    -0.6110774874687195,
                    -2.463331937789917
                ],
                [
                    0.0,
                    0.0,
                    0.0,
                    1.0
                ]
            ]
        },
        {
            "file_path": "/data/shapenet_blender/all_50_random/02958343/5410d4faab53ce49e9d8921ebe6d5b8e/r_1",
            "rotation": 0.12566370614359174,
            "transform_matrix": [
                [
                    0.9999163150787354,
                    0.0005700113251805305,
                    0.012929772026836872,
                    0.05212157964706421
                ],
                [
                    0.012942330911755562,
                    -0.044038716703653336,
                    -0.9989460110664368,
                    -4.026880264282227
                ],
                [
                    0.0,
                    0.9990295767784119,
                    -0.04404241219162941,
                    -0.1775406450033188
                ],
                [
                    0.0,
                    0.0,
                    0.0,
                    1.0
                ]
            ]
        },
        {
            "file_path": "/data/shapenet_blender/all_50_random/02958343/5410d4faab53ce49e9d8921ebe6d5b8e/r_2",
            "rotation": 0.12566370614359174,
            "transform_matrix": [
                [
                    -0.9664903283119202,
                    -0.05636793002486229,
                    -0.25043779611587524,
                    -1.0095469951629639
                ],
                [
                    -0.2567029893398285,
                    0.2122260183095932,
                    0.9429017305374146,
                    3.8009583950042725
                ],
                [
                    0.0,
                    0.9755935072898865,
                    -0.21958421170711517,
                    -0.8851722478866577
                ],
                [
                    0.0,
                    0.0,
                    0.0,
                    1.0
                ]
            ]
        },
        {
            "file_path": "/data/shapenet_blender/all_50_random/02958343/5410d4faab53ce49e9d8921ebe6d5b8e/r_3",
            "rotation": 0.12566370614359174,
            "transform_matrix": [
                [
                    0.20578394830226898,
                    -0.2646105885505676,
                    -0.942143440246582,
                    -3.7979016304016113
                ],
                [
                    -0.9785975217819214,
                    -0.05564352124929428,
                    -0.19811822474002838,
                    -0.7986401319503784
                ],
                [
                    3.725290298461914e-09,
                    0.962748646736145,
                    -0.270397812128067,
                    -1.0900084972381592
                ],
                [
                    0.0,
                    0.0,
                    0.0,
                    1.0
                ]
            ]
        },
        {
            "file_path": "/data/shapenet_blender/all_50_random/02958343/5410d4faab53ce49e9d8921ebe6d5b8e/r_4",
            "rotation": 0.12566370614359174,
            "transform_matrix": [
                [
                    -0.0408155657351017,
                    -0.8179893493652344,
                    0.5737833976745605,
                    2.312995195388794
                ],
                [
                    0.9991667866706848,
                    -0.033414535224437714,
                    0.023438822478055954,
                    0.09448492527008057
                ],
                [
                    -1.862645593320167e-09,
                    0.5742619037628174,
                    0.818671464920044,
                    3.300170421600342
                ],
                [
                    0.0,
                    0.0,
                    0.0,
                    1.0
                ]
            ]
        },
        {
            "file_path": "/data/shapenet_blender/all_50_random/02958343/5410d4faab53ce49e9d8921ebe6d5b8e/r_5",
            "rotation": 0.12566370614359174,
            "transform_matrix": [
                [
                    -0.4500163495540619,
                    -0.22719483077526093,
                    0.8636363744735718,
                    3.4814293384552
                ],
                [
                    0.8930203318595886,
                    -0.11448942869901657,
                    0.4352090060710907,
                    1.7543835639953613
                ],
                [
                    0.0,
                    0.9670959711074829,
                    0.2544117271900177,
                    1.0255664587020874
                ],
                [
                    0.0,
                    0.0,
                    0.0,
                    1.0
                ]
            ]
        },
        {
            "file_path": "/data/shapenet_blender/all_50_random/02958343/5410d4faab53ce49e9d8921ebe6d5b8e/r_6",
            "rotation": 0.12566370614359174,
            "transform_matrix": [
                [
                    -0.5074118971824646,
                    0.35660138726234436,
                    0.7844542860984802,
                    3.1622366905212402
                ],
                [
                    0.8617036938667297,
                    0.20998375117778778,
                    0.4619237780570984,
                    1.862074375152588
                ],
                [
                    0.0,
                    0.9103527665138245,
                    -0.41383299231529236,
                    -1.6682143211364746
                ],
                [
                    0.0,
                    0.0,
                    0.0,
                    1.0
                ]
            ]
        },
        {
            "file_path": "/data/shapenet_blender/all_50_random/02958343/5410d4faab53ce49e9d8921ebe6d5b8e/r_7",
            "rotation": 0.12566370614359174,
            "transform_matrix": [
                [
                    -0.9958487749099731,
                    0.06100963056087494,
                    0.0675513967871666,
                    0.2723084092140198
                ],
                [
                    0.0910239964723587,
                    0.6674762964248657,
                    0.7390466332435608,
                    2.9791924953460693
                ],
                [
                    3.725290298461914e-09,
                    0.742127537727356,
                    -0.6702587008476257,
                    -2.701899528503418
                ],
                [
                    0.0,
                    0.0,
                    0.0,
                    1.0
                ]
            ]
        },
        {
            "file_path": "/data/shapenet_blender/all_50_random/02958343/5410d4faab53ce49e9d8921ebe6d5b8e/r_8",
            "rotation": 0.12566370614359174,
            "transform_matrix": [
                [
                    0.8949046730995178,
                    0.41555872559547424,
                    -0.16265419125556946,
                    -0.6556800603866577
                ],
                [
                    -0.4462571442127228,
                    0.8333433866500854,
                    -0.3261796236038208,
                    -1.3148722648620605
                ],
                [
                    1.4901160305669237e-08,
                    0.36448532342910767,
                    0.9312090277671814,
                    3.75382399559021
                ],
                [
                    0.0,
                    0.0,
                    0.0,
                    1.0
                ]
            ]
        },
        {
            "file_path": "/data/shapenet_blender/all_50_random/02958343/5410d4faab53ce49e9d8921ebe6d5b8e/r_9",
            "rotation": 0.12566370614359174,
            "transform_matrix": [
                [
                    -0.2781040370464325,
                    0.046573858708143234,
                    0.9594212770462036,
                    3.8675503730773926
                ],
                [
                    0.9605509638786316,
                    0.013484321534633636,
                    0.27777695655822754,
                    1.1197545528411865
                ],
                [
                    -9.313224635931761e-10,
                    0.998823881149292,
                    -0.0484866164624691,
                    -0.19545577466487885
                ],
                [
                    0.0,
                    0.0,
                    0.0,
                    1.0
                ]
            ]
        },
        {
            "file_path": "/data/shapenet_blender/all_50_random/02958343/5410d4faab53ce49e9d8921ebe6d5b8e/r_10",
            "rotation": 0.12566370614359174,
            "transform_matrix": [
                [
                    0.8147751688957214,
                    -0.10571277886629105,
                    -0.5700581073760986,
                    -2.2979776859283447
                ],
                [
                    -0.5797770619392395,
                    -0.1485607922077179,
                    -0.8011168241500854,
                    -3.229405164718628
                ],
                [
                    0.0,
                    0.9832367300987244,
                    -0.18233346939086914,
                    -0.7350096702575684
                ],
                [
                    0.0,
                    0.0,
                    0.0,
                    1.0
                ]
            ]
        },
        {
            "file_path": "/data/shapenet_blender/all_50_random/02958343/5410d4faab53ce49e9d8921ebe6d5b8e/r_11",
            "rotation": 0.12566370614359174,
            "transform_matrix": [
                [
                    0.8159250617027283,
                    -0.1791977733373642,
                    0.5496858358383179,
                    2.2158544063568115
                ],
                [
                    0.5781577825546265,
                    0.2528928518295288,
                    -0.7757440805435181,
                    -3.127124309539795
                ],
                [
                    -1.4901161193847656e-08,
                    0.9507540464401245,
                    0.3099462389945984,
                    1.2494332790374756
                ],
                [
                    0.0,
                    0.0,
                    0.0,
                    1.0
                ]
            ]
        },
        {
            "file_path": "/data/shapenet_blender/all_50_random/02958343/5410d4faab53ce49e9d8921ebe6d5b8e/r_12",
            "rotation": 0.12566370614359174,
            "transform_matrix": [
                [
                    -0.21239611506462097,
                    -0.5475701093673706,
                    0.8093546032905579,
                    3.262612819671631
                ],
                [
                    0.9771837592124939,
                    -0.11901728808879852,
                    0.17591755092144012,
                    0.7091463208198547
                ],
                [
                    0.0,
                    0.8282523155212402,
                    0.5603553056716919,
                    2.258864402770996
                ],
                [
                    0.0,
                    0.0,
                    0.0,
                    1.0
                ]
            ]
        },
        {
            "file_path": "/data/shapenet_blender/all_50_random/02958343/5410d4faab53ce49e9d8921ebe6d5b8e/r_13",
            "rotation": 0.12566370614359174,
            "transform_matrix": [
                [
                    -0.039566293358802795,
                    -0.021466337144374847,
                    -0.9989863634109497,
                    -4.027042865753174
                ],
                [
                    -0.9992170333862305,
                    0.0008500089170411229,
                    0.03955715894699097,
                    0.15946000814437866
                ],
                [
                    0.0,
                    0.9997690916061401,
                    -0.02148316241800785,
                    -0.08660139888525009
                ],
                [
                    0.0,
                    0.0,
                    0.0,
                    1.0
                ]
            ]
        },
        {
            "file_path": "/data/shapenet_blender/all_50_random/02958343/5410d4faab53ce49e9d8921ebe6d5b8e/r_14",
            "rotation": 0.12566370614359174,
            "transform_matrix": [
                [
                    -0.9999776482582092,
                    -0.004321068525314331,
                    0.005110997706651688,
                    0.020603090524673462
                ],
                [
                    0.006692828144878149,
                    -0.645612359046936,
                    0.7636358737945557,
                    3.078314781188965
                ],
                [
                    2.3283067140944524e-10,
                    0.7636529803276062,
                    0.6456268429756165,
                    2.602605104446411
                ],
                [
                    0.0,
                    0.0,
                    0.0,
                    1.0
                ]
            ]
        },
        {
            "file_path": "/data/shapenet_blender/all_50_random/02958343/5410d4faab53ce49e9d8921ebe6d5b8e/r_15",
            "rotation": 0.12566370614359174,
            "transform_matrix": [
                [
                    0.5323336720466614,
                    0.6315114498138428,
                    -0.5637500882148743,
                    -2.2725493907928467
                ],
                [
                    -0.8465347290039062,
                    0.3971187472343445,
                    -0.35450780391693115,
                    -1.4290666580200195
                ],
                [
                    0.0,
                    0.6659504175186157,
                    0.7459959983825684,
                    3.0072059631347656
                ],
                [
                    0.0,
                    0.0,
                    0.0,
                    1.0
                ]
            ]
        },
        {
            "file_path": "/data/shapenet_blender/all_50_random/02958343/5410d4faab53ce49e9d8921ebe6d5b8e/r_16",
            "rotation": 0.12566370614359174,
            "transform_matrix": [
                [
                    0.527418315410614,
                    0.0769372209906578,
                    -0.846114993095398,
                    -3.4107985496520996
                ],
                [
                    -0.8496057391166687,
                    0.04776109755039215,
                    -0.5252513289451599,
                    -2.1173558235168457
                ],
                [
                    0.0,
                    0.9958912134170532,
                    0.09055639058351517,
                    0.3650444746017456
                ],
                [
                    0.0,
                    0.0,
                    0.0,
                    1.0
                ]
            ]
        },
        {
            "file_path": "/data/shapenet_blender/all_50_random/02958343/5410d4faab53ce49e9d8921ebe6d5b8e/r_17",
            "rotation": 0.12566370614359174,
            "transform_matrix": [
                [
                    0.3086850047111511,
                    -0.9346003532409668,
                    0.17673662304878235,
                    0.7124481201171875
                ],
                [
                    0.9511644244194031,
                    0.3033094108104706,
                    -0.05735700950026512,
                    -0.2312134951353073
                ],
                [
                    0.0,
                    0.18581067025661469,
                    0.9825854897499084,
                    3.9609289169311523
                ],
                [
                    0.0,
                    0.0,
                    0.0,
                    1.0
                ]
            ]
        },
        {
            "file_path": "/data/shapenet_blender/all_50_random/02958343/5410d4faab53ce49e9d8921ebe6d5b8e/r_18",
            "rotation": 0.12566370614359174,
            "transform_matrix": [
                [
                    -0.1259356290102005,
                    -0.3022167682647705,
                    -0.9448837041854858,
                    -3.808948040008545
                ],
                [
                    -0.9920384883880615,
                    0.03836530074477196,
                    0.11994949728250504,
                    0.4835318922996521
                ],
                [
                    0.0,
                    0.9524668455123901,
                    -0.3046422004699707,
                    -1.228052020072937
                ],
                [
                    0.0,
                    0.0,
                    0.0,
                    1.0
                ]
            ]
        },
        {
            "file_path": "/data/shapenet_blender/all_50_random/02958343/5410d4faab53ce49e9d8921ebe6d5b8e/r_19",
            "rotation": 0.12566370614359174,
            "transform_matrix": [
                [
                    0.32445478439331055,
                    0.9268516302108765,
                    -0.18887846171855927,
                    -0.7613934278488159
                ],
                [
                    -0.9459012150764465,
                    0.3179205656051636,
                    -0.06478744000196457,
                    -0.261166512966156
                ],
                [
                    3.725290298461914e-09,
                    0.1996808648109436,
                    0.9798609614372253,
                    3.9499459266662598
                ],
                [
                    0.0,
                    0.0,
                    0.0,
                    1.0
                ]
            ]
        },
        {
            "file_path": "/data/shapenet_blender/all_50_random/02958343/5410d4faab53ce49e9d8921ebe6d5b8e/r_20",
            "rotation": 0.12566370614359174,
            "transform_matrix": [
                [
                    0.3403036296367645,
                    0.30841314792633057,
                    -0.8882988095283508,
                    -3.5808470249176025
                ],
                [
                    -0.9403157234191895,
                    0.11161583662033081,
                    -0.32147854566574097,
                    -1.2959214448928833
                ],
                [
                    0.0,
                    0.9446815252304077,
                    0.32798898220062256,
                    1.322165846824646
                ],
                [
                    0.0,
                    0.0,
                    0.0,
                    1.0
                ]
            ]
        },
        {
            "file_path": "/data/shapenet_blender/all_50_random/02958343/5410d4faab53ce49e9d8921ebe6d5b8e/r_21",
            "rotation": 0.12566370614359174,
            "transform_matrix": [
                [
                    0.6016578674316406,
                    -0.27925729751586914,
                    -0.7483469843864441,
                    -3.0166828632354736
                ],
                [
                    -0.7987537980079651,
                    -0.21034936606884003,
                    -0.5636891722679138,
                    -2.272303342819214
                ],
                [
                    0.0,
                    0.9368930459022522,
                    -0.3496161997318268,
                    -1.4093477725982666
                ],
                [
                    0.0,
                    0.0,
                    0.0,
                    1.0
                ]
            ]
        },
        {
            "file_path": "/data/shapenet_blender/all_50_random/02958343/5410d4faab53ce49e9d8921ebe6d5b8e/r_22",
            "rotation": 0.12566370614359174,
            "transform_matrix": [
                [
                    0.8643855452537537,
                    -0.1040339320898056,
                    -0.49194982647895813,
                    -1.9831132888793945
                ],
                [
                    -0.5028297305107117,
                    -0.17883871495723724,
                    -0.8456825017929077,
                    -3.409055471420288
                ],
                [
                    0.0,
                    0.9783627986907959,
                    -0.20689690113067627,
                    -0.8340281248092651
                ],
                [
                    0.0,
                    0.0,
                    0.0,
                    1.0
                ]
            ]
        },
        {
            "file_path": "/data/shapenet_blender/all_50_random/02958343/5410d4faab53ce49e9d8921ebe6d5b8e/r_23",
            "rotation": 0.12566370614359174,
            "transform_matrix": [
                [
                    0.5019254684448242,
                    0.4682302176952362,
                    -0.7272078394889832,
                    -2.9314687252044678
                ],
                [
                    -0.864910900592804,
                    0.27172356843948364,
                    -0.4220135509967804,
                    -1.7011911869049072
                ],
                [
                    1.4901161193847656e-08,
                    0.8407893776893616,
                    0.5413622856140137,
                    2.1823015213012695
                ],
                [
                    0.0,
                    0.0,
                    0.0,
                    1.0
                ]
            ]
        },
        {
            "file_path": "/data/shapenet_blender/all_50_random/02958343/5410d4faab53ce49e9d8921ebe6d5b8e/r_24",
            "rotation": 0.12566370614359174,
            "transform_matrix": [
                [
                    -0.7300750613212585,
                    -0.04039134830236435,
                    -0.6821722984313965,
                    -2.749924421310425
                ],
                [
                    -0.6833670735359192,
                    0.043152086436748505,
                    0.7287986278533936,
                    2.9378812313079834
                ],
                [
                    -1.862645149230957e-09,
                    0.998251736164093,
                    -0.05910636857151985,
                    -0.23826539516448975
                ],
                [
                    0.0,
                    0.0,
                    0.0,
                    1.0
                ]
            ]
        },
        {
            "file_path": "/data/shapenet_blender/all_50_random/02958343/5410d4faab53ce49e9d8921ebe6d5b8e/r_25",
            "rotation": 0.12566370614359174,
            "transform_matrix": [
                [
                    0.9285076260566711,
                    -0.2942362427711487,
                    0.22649221122264862,
                    0.9130192995071411
                ],
                [
                    0.3713134825229645,
                    0.7357680201530457,
                    -0.5663670897483826,
                    -2.2830986976623535
                ],
                [
                    0.0,
                    0.6099757552146912,
                    0.7924200296401978,
                    3.194347381591797
                ],
                [
                    0.0,
                    0.0,
                    0.0,
                    1.0
                ]
            ]
        },
        {
            "file_path": "/data/shapenet_blender/all_50_random/02958343/5410d4faab53ce49e9d8921ebe6d5b8e/r_26",
            "rotation": 0.12566370614359174,
            "transform_matrix": [
                [
                    -0.9859684109687805,
                    0.07011594623327255,
                    0.15149253606796265,
                    0.6106858849525452
                ],
                [
                    0.16693180799484253,
                    0.41413381695747375,
                    0.8947776556015015,
                    3.606963634490967
                ],
                [
                    0.0,
                    0.9075113534927368,
                    -0.420027494430542,
                    -1.693184733390808
                ],
                [
                    0.0,
                    0.0,
                    0.0,
                    1.0
                ]
            ]
        },
        {
            "file_path": "/data/shapenet_blender/all_50_random/02958343/5410d4faab53ce49e9d8921ebe6d5b8e/r_27",
            "rotation": 0.12566370614359174,
            "transform_matrix": [
                [
                    -0.9822947978973389,
                    0.05778278037905693,
                    -0.17820827662944794,
                    -0.7183804512023926
                ],
                [
                    -0.18734203279018402,
                    -0.30297377705574036,
                    0.9344035387039185,
                    3.7667007446289062
                ],
                [
                    0.0,
                    0.9512454271316528,
                    0.30843472480773926,
                    1.243340015411377
                ],
                [
                    0.0,
                    0.0,
                    0.0,
                    1.0
                ]
            ]
        },
        {
            "file_path": "/data/shapenet_blender/all_50_random/02958343/5410d4faab53ce49e9d8921ebe6d5b8e/r_28",
            "rotation": 0.12566370614359174,
            "transform_matrix": [
                [
                    -0.7888297438621521,
                    -0.46645933389663696,
                    0.4002040922641754,
                    1.613274335861206
                ],
                [
                    0.6146117448806763,
                    -0.5986819863319397,
                    0.5136460065841675,
                    2.070573329925537
                ],
                [
                    0.0,
                    0.6511493921279907,
                    0.7589495182037354,
                    3.0594234466552734
                ],
                [
                    0.0,
                    0.0,
                    0.0,
                    1.0
                ]
            ]
        },
        {
            "file_path": "/data/shapenet_blender/all_50_random/02958343/5410d4faab53ce49e9d8921ebe6d5b8e/r_29",
            "rotation": 0.12566370614359174,
            "transform_matrix": [
                [
                    0.970041811466217,
                    0.08125815540552139,
                    -0.22894582152366638,
                    -0.9229100942611694
                ],
                [
                    -0.24293842911720276,
                    0.3244599997997284,
                    -0.9141699075698853,
                    -3.685136556625366
                ],
                [
                    0.0,
                    0.9424026012420654,
                    0.3344804644584656,
                    1.3483338356018066
                ],
                [
                    0.0,
                    0.0,
                    0.0,
                    1.0
                ]
            ]
        },
        {
            "file_path": "/data/shapenet_blender/all_50_random/02958343/5410d4faab53ce49e9d8921ebe6d5b8e/r_30",
            "rotation": 0.12566370614359174,
            "transform_matrix": [
                [
                    0.24673956632614136,
                    -0.4415237009525299,
                    0.8626564741134644,
                    3.4774796962738037
                ],
                [
                    0.9690818190574646,
                    0.11241710186004639,
                    -0.21964244544506073,
                    -0.8854070901870728
                ],
                [
                    7.450580596923828e-09,
                    0.8901791572570801,
                    0.45561033487319946,
                    1.8366241455078125
                ],
                [
                    0.0,
                    0.0,
                    0.0,
                    1.0
                ]
            ]
        },
        {
            "file_path": "/data/shapenet_blender/all_50_random/02958343/5410d4faab53ce49e9d8921ebe6d5b8e/r_31",
            "rotation": 0.12566370614359174,
            "transform_matrix": [
                [
                    0.8768609762191772,
                    -0.02459590695798397,
                    0.4801144301891327,
                    1.9354033470153809
                ],
                [
                    0.48074406385421753,
                    0.04486210644245148,
                    -0.875712513923645,
                    -3.5301103591918945
                ],
                [
                    -1.862645371275562e-09,
                    0.9986901879310608,
                    0.05116216838359833,
                    0.20624130964279175
                ],
                [
                    0.0,
                    0.0,
                    0.0,
                    1.0
                ]
            ]
        },
        {
            "file_path": "/data/shapenet_blender/all_50_random/02958343/5410d4faab53ce49e9d8921ebe6d5b8e/r_32",
            "rotation": 0.12566370614359174,
            "transform_matrix": [
                [
                    -0.34078696370124817,
                    -0.4253142774105072,
                    -0.8384341597557068,
                    -3.3798365592956543
                ],
                [
                    -0.9401405453681946,
                    0.15417009592056274,
                    0.3039199113845825,
                    1.2251404523849487
                ],
                [
                    -1.4901161193847656e-08,
                    0.8918179869651794,
                    -0.4523943364620209,
                    -1.8236600160598755
                ],
                [
                    0.0,
                    0.0,
                    0.0,
                    1.0
                ]
            ]
        },
        {
            "file_path": "/data/shapenet_blender/all_50_random/02958343/5410d4faab53ce49e9d8921ebe6d5b8e/r_33",
            "rotation": 0.12566370614359174,
            "transform_matrix": [
                [
                    0.6668664216995239,
                    0.4170593321323395,
                    -0.6175358295440674,
                    -2.4893667697906494
                ],
                [
                    -0.745177149772644,
                    0.37323054671287537,
                    -0.5526388883590698,
                    -2.2277588844299316
                ],
                [
                    2.9802322387695312e-08,
                    0.8287100791931152,
                    0.5596780180931091,
                    2.256134510040283
                ],
                [
                    0.0,
                    0.0,
                    0.0,
                    1.0
                ]
            ]
        },
        {
            "file_path": "/data/shapenet_blender/all_50_random/02958343/5410d4faab53ce49e9d8921ebe6d5b8e/r_34",
            "rotation": 0.12566370614359174,
            "transform_matrix": [
                [
                    0.020924987271428108,
                    -0.6537024974822998,
                    -0.7564622163772583,
                    -3.0493969917297363
                ],
                [
                    -0.99978107213974,
                    -0.013681710697710514,
                    -0.015832427889108658,
                    -0.06382256746292114
                ],
                [
                    9.313225746154785e-10,
                    0.7566280364990234,
                    -0.6538455486297607,
                    -2.6357359886169434
                ],
                [
                    0.0,
                    0.0,
                    0.0,
                    1.0
                ]
            ]
        },
        {
            "file_path": "/data/shapenet_blender/all_50_random/02958343/5410d4faab53ce49e9d8921ebe6d5b8e/r_35",
            "rotation": 0.12566370614359174,
            "transform_matrix": [
                [
                    -0.9992749691009521,
                    0.009436842054128647,
                    -0.03688682243227959,
                    -0.14869552850723267
                ],
                [
                    -0.03807482123374939,
                    -0.2476702332496643,
                    0.9680959582328796,
                    3.902519464492798
                ],
                [
                    0.0,
                    0.9687983989715576,
                    0.2478499561548233,
                    0.9991150498390198
                ],
                [
                    0.0,
                    0.0,
                    0.0,
                    1.0
                ]
            ]
        },
        {
            "file_path": "/data/shapenet_blender/all_50_random/02958343/5410d4faab53ce49e9d8921ebe6d5b8e/r_36",
            "rotation": 0.12566370614359174,
            "transform_matrix": [
                [
                    -0.7785329818725586,
                    0.4539928138256073,
                    -0.4333324134349823,
                    -1.7468187808990479
                ],
                [
                    -0.6276037693023682,
                    -0.5631712079048157,
                    0.5375422835350037,
                    2.1669023036956787
                ],
                [
                    -1.4901161193847656e-08,
                    0.6904553771018982,
                    0.7233749032020569,
                    2.916017532348633
                ],
                [
                    0.0,
                    0.0,
                    0.0,
                    1.0
                ]
            ]
        },
        {
            "file_path": "/data/shapenet_blender/all_50_random/02958343/5410d4faab53ce49e9d8921ebe6d5b8e/r_37",
            "rotation": 0.12566370614359174,
            "transform_matrix": [
                [
                    0.8164529800415039,
                    -0.030357804149389267,
                    0.5766133666038513,
                    2.3244028091430664
                ],
                [
                    0.5774120092391968,
                    0.04292553663253784,
                    -0.8153237104415894,
                    -3.286674976348877
                ],
                [
                    0.0,
                    0.9986169934272766,
                    0.05257564038038254,
                    0.21193918585777283
                ],
                [
                    0.0,
                    0.0,
                    0.0,
                    1.0
                ]
            ]
        },
        {
            "file_path": "/data/shapenet_blender/all_50_random/02958343/5410d4faab53ce49e9d8921ebe6d5b8e/r_38",
            "rotation": 0.12566370614359174,
            "transform_matrix": [
                [
                    0.9506067633628845,
                    -0.18013620376586914,
                    0.25278010964393616,
                    1.0189893245697021
                ],
                [
                    0.3103978931903839,
                    0.5516747236251831,
                    -0.7741498351097107,
                    -3.1206979751586914
                ],
                [
                    0.0,
                    0.8143744468688965,
                    0.5803395509719849,
                    2.339423894882202
                ],
                [
                    0.0,
                    0.0,
                    0.0,
                    1.0
                ]
            ]
        },
        {
            "file_path": "/data/shapenet_blender/all_50_random/02958343/5410d4faab53ce49e9d8921ebe6d5b8e/r_39",
            "rotation": 0.12566370614359174,
            "transform_matrix": [
                [
                    0.9745826721191406,
                    -0.0031146625988185406,
                    0.22400657832622528,
                    0.9029994010925293
                ],
                [
                    0.22402824461460114,
                    0.013549614697694778,
                    -0.9744884967803955,
                    -3.928288698196411
                ],
                [
                    0.0,
                    0.9999033212661743,
                    0.013902992010116577,
                    0.05604475364089012
                ],
                [
                    0.0,
                    0.0,
                    0.0,
                    1.0
                ]
            ]
        },
        {
            "file_path": "/data/shapenet_blender/all_50_random/02958343/5410d4faab53ce49e9d8921ebe6d5b8e/r_40",
            "rotation": 0.12566370614359174,
            "transform_matrix": [
                [
                    -0.6814371347427368,
                    -0.08699950575828552,
                    0.7266873717308044,
                    2.929370164871216
                ],
                [
                    0.73187655210495,
                    -0.08100368082523346,
                    0.6766055822372437,
                    2.7274839878082275
                ],
                [
                    3.725290076417309e-09,
                    0.9929094910621643,
                    0.11887184530496597,
                    0.47918766736984253
                ],
                [
                    0.0,
                    0.0,
                    0.0,
                    1.0
                ]
            ]
        },
        {
            "file_path": "/data/shapenet_blender/all_50_random/02958343/5410d4faab53ce49e9d8921ebe6d5b8e/r_41",
            "rotation": 0.12566370614359174,
            "transform_matrix": [
                [
                    -0.5088334083557129,
                    0.20413024723529816,
                    0.8363129496574402,
                    3.3712852001190186
                ],
                [
                    0.86086505651474,
                    0.12065573036670685,
                    0.49432140588760376,
                    1.9926731586456299
                ],
                [
                    0.0,
                    0.9714797139167786,
