{
    "class": "02958343",
    "model": "d776d298be6bfe88e78002a96f52ef26",
    "remove_doubles": true,
    "edge_split": true,
    "denoise": true,
    "camera_angle_x": 0.6911112070083618,
    "scale_factor": 2.241770581779879,
    "hdri_file": "/data/IndoorHDRDataset2018/9C4A9342-b39c2d784f.exr",
    "center_offset": [
        0.0,
        -1.862645149230957e-09,
        0.0
    ],
    "lights": [],
    "frames": [
        {
            "file_path": "/data/shapenet_blender/all_50_random/02958343/d776d298be6bfe88e78002a96f52ef26/r_0",
            "rotation": 0.12566370614359174,
            "transform_matrix": [
                [
                    0.9815244078636169,
                    0.07222066074609756,
                    -0.17718330025672913,
                    -0.714248776435852
                ],
                [
                    -0.1913367211818695,
                    0.3704795241355896,
                    -0.9089197516441345,
                    -3.663972854614258
                ],
                [
                    0.0,
                    0.9260286092758179,
                    0.37745314836502075,
                    1.5215624570846558
                ],
                [
                    0.0,
                    0.0,
                    0.0,
                    1.0
                ]
            ]
        },
        {
            "file_path": "/data/shapenet_blender/all_50_random/02958343/d776d298be6bfe88e78002a96f52ef26/r_1",
            "rotation": 0.12566370614359174,
            "transform_matrix": [
                [
                    0.4623405337333679,
                    -0.2908221483230591,
                    0.837653636932373,
                    3.376689910888672
                ],
                [
                    0.8867024779319763,
                    0.15163922309875488,
                    -0.4367657005786896,
                    -1.760658860206604
                ],
                [
                    -1.4901162970204496e-08,
                    0.9446839690208435,
                    0.32798171043395996,
                    1.3221365213394165
                ],
                [
                    0.0,
                    0.0,
                    0.0,
                    1.0
                ]
            ]
        },
        {
            "file_path": "/data/shapenet_blender/all_50_random/02958343/d776d298be6bfe88e78002a96f52ef26/r_2",
            "rotation": 0.12566370614359174,
            "transform_matrix": [
                [
                    -0.5775052905082703,
                    -0.5713242888450623,
                    0.583160400390625,
                    2.350795030593872
                ],
                [
                    0.8163869976997375,
                    -0.40415000915527344,
                    0.4125227928161621,
                    1.6629326343536377
                ],
                [
                    0.0,
                    0.7143187522888184,
                    0.6998203992843628,
                    2.8210666179656982
                ],
                [
                    0.0,
                    0.0,
                    0.0,
                    1.0
                ]
            ]
        },
        {
            "file_path": "/data/shapenet_blender/all_50_random/02958343/d776d298be6bfe88e78002a96f52ef26/r_3",
            "rotation": 0.12566370614359174,
            "transform_matrix": [
                [
                    0.24239158630371094,
                    0.3092598021030426,
                    0.9195676445960999,
                    3.7068958282470703
                ],
                [
                    0.970178484916687,
                    -0.077266164124012,
                    -0.22974686324596405,
                    -0.926139235496521
                ],
                [
                    -7.450580596923828e-09,
                    0.9478333592414856,
                    -0.31876590847969055,
                    -1.2849864959716797
                ],
                [
                    0.0,
                    0.0,
                    0.0,
                    1.0
                ]
            ]
        },
        {
            "file_path": "/data/shapenet_blender/all_50_random/02958343/d776d298be6bfe88e78002a96f52ef26/r_4",
            "rotation": 0.12566370614359174,
            "transform_matrix": [
                [
                    0.8180427551269531,
                    0.0257076695561409,
                    -0.5745826363563538,
                    -2.3162169456481934
                ],
                [
                    -0.5751575231552124,
                    0.03656384348869324,
                    -0.8172250390052795,
                    -3.294339656829834
                ],
                [
                    0.0,
                    0.9990004897117615,
                    0.04469674825668335,
                    0.18017837405204773
                ],
                [
                    0.0,
                    0.0,
                    0.0,
                    1.0
                ]
            ]
        },
        {
            "file_path": "/data/shapenet_blender/all_50_random/02958343/d776d298be6bfe88e78002a96f52ef26/r_5",
            "rotation": 0.12566370614359174,
            "transform_matrix": [
                [
                    -0.21330241858959198,
                    0.6091634035110474,
                    -0.7638205885887146,
                    -3.079059600830078
                ],
                [
                    -0.9769861698150635,
                    -0.1329967975616455,
                    0.16676262021064758,
                    0.6722416877746582
                ],
                [
                    -7.450580152834618e-09,
                    0.7818131446838379,
                    0.6235127449035645,
                    2.513460397720337
                ],
                [
                    0.0,
                    0.0,
                    0.0,
                    1.0
                ]
            ]
        },
        {
            "file_path": "/data/shapenet_blender/all_50_random/02958343/d776d298be6bfe88e78002a96f52ef26/r_6",
            "rotation": 0.12566370614359174,
            "transform_matrix": [
                [
                    -0.928958535194397,
                    -0.05364267900586128,
                    -0.3662766218185425,
                    -1.476508378982544
                ],
                [
                    -0.37018391489982605,
                    0.13461367785930634,
                    0.9191533327102661,
                    3.705225944519043
                ],
                [
                    0.0,
                    0.9894450902938843,
                    -0.14490815997123718,
                    -0.5841435194015503
                ],
                [
                    0.0,
                    0.0,
                    0.0,
                    1.0
                ]
            ]
        },
        {
            "file_path": "/data/shapenet_blender/all_50_random/02958343/d776d298be6bfe88e78002a96f52ef26/r_7",
            "rotation": 0.12566370614359174,
            "transform_matrix": [
                [
                    -0.517004132270813,
                    -0.3549973964691162,
                    0.7788990139961243,
                    3.1398422718048096
                ],
                [
                    0.8559828996658325,
                    -0.21441446244716644,
                    0.47044625878334045,
                    1.8964295387268066
                ],
                [
                    1.4901161193847656e-08,
                    0.909946858882904,
                    0.41472485661506653,
                    1.6718093156814575
                ],
                [
                    0.0,
                    0.0,
                    0.0,
                    1.0
                ]
            ]
        },
        {
            "file_path": "/data/shapenet_blender/all_50_random/02958343/d776d298be6bfe88e78002a96f52ef26/r_8",
            "rotation": 0.12566370614359174,
            "transform_matrix": [
                [
                    0.8180241584777832,
                    -0.13264723122119904,
                    -0.5596795082092285,
                    -2.2561402320861816
                ],
                [
                    -0.5751838088035583,
                    -0.18865039944648743,
                    -0.7959740161895752,
                    -3.2086739540100098
                ],
                [
                    -1.4901159417490817e-08,
                    0.9730446338653564,
                    -0.23061710596084595,
                    -0.9296472668647766
                ],
                [
                    0.0,
                    0.0,
                    0.0,
                    1.0
                ]
            ]
        },
        {
            "file_path": "/data/shapenet_blender/all_50_random/02958343/d776d298be6bfe88e78002a96f52ef26/r_9",
            "rotation": 0.12566370614359174,
            "transform_matrix": [
                [
                    -0.9456637501716614,
                    0.10043681412935257,
                    0.3092449903488159,
                    1.246606469154358
                ],
                [
                    0.3251461386680603,
                    0.2921130955219269,
                    0.8994163870811462,
                    3.6256635189056396
                ],
                [
                    0.0,
                    0.9510952830314636,
                    -0.3088974356651306,
                    -1.2452054023742676
                ],
                [
                    0.0,
                    0.0,
                    0.0,
                    1.0
                ]
            ]
        },
        {
            "file_path": "/data/shapenet_blender/all_50_random/02958343/d776d298be6bfe88e78002a96f52ef26/r_10",
            "rotation": 0.12566370614359174,
            "transform_matrix": [
                [
                    0.9351577758789062,
                    -0.08866763859987259,
                    -0.3429549038410187,
                    -1.382495403289795
                ],
                [
                    -0.354231595993042,
                    -0.23407915234565735,
                    -0.9053876996040344,
                    -3.6497344970703125
                ],
                [
                    0.0,
                    0.9681657552719116,
                    -0.2503097951412201,
                    -1.009031057357788
                ],
                [
                    0.0,
                    0.0,
                    0.0,
                    1.0
                ]
            ]
        },
        {
            "file_path": "/data/shapenet_blender/all_50_random/02958343/d776d298be6bfe88e78002a96f52ef26/r_11",
            "rotation": 0.12566370614359174,
            "transform_matrix": [
                [
                    -0.9996135830879211,
                    0.005838287062942982,
                    -0.027174782007932663,
                    -0.10954505205154419
                ],
                [
                    -0.027794860303401947,
                    -0.2099679857492447,
                    0.9773131012916565,
                    3.9396750926971436
                ],
                [
                    0.0,
                    0.9776908159255981,
                    0.2100491225719452,
                    0.8467351198196411
                ],
                [
                    0.0,
                    0.0,
                    0.0,
                    1.0
                ]
            ]
        },
        {
            "file_path": "/data/shapenet_blender/all_50_random/02958343/d776d298be6bfe88e78002a96f52ef26/r_12",
            "rotation": 0.12566370614359174,
            "transform_matrix": [
                [
                    0.9999983310699463,
                    0.0002506323507986963,
                    0.0018618054455146194,
                    0.007505178451538086
                ],
                [
                    0.0018785998690873384,
                    -0.13341422379016876,
                    -0.9910585284233093,
                    -3.9950850009918213
                ],
                [
                    0.0,
                    0.9910603165626526,
                    -0.13341443240642548,
                    -0.5378108620643616
                ],
                [
                    0.0,
                    0.0,
                    0.0,
                    1.0
                ]
            ]
        },
        {
            "file_path": "/data/shapenet_blender/all_50_random/02958343/d776d298be6bfe88e78002a96f52ef26/r_13",
            "rotation": 0.12566370614359174,
            "transform_matrix": [
                [
                    0.006915937177836895,
                    -0.8324118256568909,
                    -0.5541143417358398,
                    -2.233706474304199
                ],
                [
                    -0.9999761581420898,
                    -0.00575704500079155,
                    -0.003832311136648059,
                    -0.015448540449142456
                ],
                [
                    -2.3283064365386963e-10,
                    0.55412757396698,
                    -0.8324317336082458,
                    -3.355639696121216
                ],
                [
                    0.0,
                    0.0,
                    0.0,
                    1.0
                ]
            ]
        },
        {
            "file_path": "/data/shapenet_blender/all_50_random/02958343/d776d298be6bfe88e78002a96f52ef26/r_14",
            "rotation": 0.12566370614359174,
            "transform_matrix": [
                [
                    -0.736160159111023,
                    0.28118160367012024,
                    -0.6156339049339294,
                    -2.4816997051239014
                ],
                [
                    -0.6768074035644531,
                    -0.305839866399765,
                    0.6696220636367798,
                    2.6993329524993896
                ],
                [
                    1.4901162970204496e-08,
                    0.9096145629882812,
                    0.4154529273509979,
                    1.6747443675994873
                ],
                [
                    0.0,
                    0.0,
                    0.0,
                    1.0
                ]
            ]
        },
        {
            "file_path": "/data/shapenet_blender/all_50_random/02958343/d776d298be6bfe88e78002a96f52ef26/r_15",
            "rotation": 0.12566370614359174,
            "transform_matrix": [
                [
                    -0.8262558579444885,
                    -0.4767274856567383,
                    -0.3000533878803253,
                    -1.209553837776184
                ],
                [
                    -0.5632948279380798,
                    0.6992765665054321,
                    0.4401262402534485,
                    1.7742055654525757
                ],
                [
                    2.9802322387695312e-08,
                    0.5326753854751587,
                    -0.8463195562362671,
                    -3.411623239517212
                ],
                [
                    0.0,
                    0.0,
                    0.0,
                    1.0
                ]
            ]
        },
        {
            "file_path": "/data/shapenet_blender/all_50_random/02958343/d776d298be6bfe88e78002a96f52ef26/r_16",
            "rotation": 0.12566370614359174,
            "transform_matrix": [
                [
                    -0.9990721344947815,
                    0.0008837908389978111,
                    0.04306063428521156,
                    0.17358294129371643
                ],
                [
                    0.04306970164179802,
                    0.020500972867012024,
                    0.9988617897033691,
                    4.026540279388428
                ],
                [
                    0.0,
                    0.9997893571853638,
                    -0.02052002027630806,
                    -0.08271883428096771
                ],
                [
                    0.0,
                    0.0,
                    0.0,
                    1.0
                ]
            ]
        },
        {
            "file_path": "/data/shapenet_blender/all_50_random/02958343/d776d298be6bfe88e78002a96f52ef26/r_17",
            "rotation": 0.12566370614359174,
            "transform_matrix": [
                [
                    0.44345974922180176,
                    -0.43850263953208923,
                    -0.7817025184631348,
                    -3.151143789291382
                ],
                [
                    -0.896294355392456,
                    -0.21695806086063385,
                    -0.3867631256580353,
                    -1.5590921640396118
                ],
                [
                    -1.4901161193847656e-08,
                    0.8721494674682617,
                    -0.48923948407173157,
                    -1.9721875190734863
                ],
                [
                    0.0,
                    0.0,
                    0.0,
                    1.0
                ]
            ]
        },
        {
            "file_path": "/data/shapenet_blender/all_50_random/02958343/d776d298be6bfe88e78002a96f52ef26/r_18",
            "rotation": 0.12566370614359174,
            "transform_matrix": [
                [
                    -0.31615275144577026,
                    -0.8795911073684692,
                    0.3554811179637909,
                    1.432990312576294
                ],
                [
                    0.9487083554267883,
                    -0.29311975836753845,
                    0.118462473154068,
                    0.4775375425815582
                ],
                [
                    0.0,
                    0.3747001886367798,
                    0.9271459579467773,
                    3.737445116043091
                ],
                [
                    0.0,
                    0.0,
                    0.0,
                    1.0
                ]
            ]
        },
        {
            "file_path": "/data/shapenet_blender/all_50_random/02958343/d776d298be6bfe88e78002a96f52ef26/r_19",
            "rotation": 0.12566370614359174,
            "transform_matrix": [
                [
                    -0.8658792972564697,
                    0.032441649585962296,
                    -0.49920013546943665,
                    -2.0123400688171387
                ],
                [
                    -0.5002532005310059,
                    -0.056152667850255966,
                    0.8640565276145935,
                    3.483123302459717
                ],
                [
                    0.0,
                    0.9978948831558228,
                    0.06485047191381454,
                    0.2614206075668335
                ],
                [
                    0.0,
                    0.0,
                    0.0,
                    1.0
                ]
            ]
        },
        {
            "file_path": "/data/shapenet_blender/all_50_random/02958343/d776d298be6bfe88e78002a96f52ef26/r_20",
            "rotation": 0.12566370614359174,
            "transform_matrix": [
                [
                    -0.018834518268704414,
                    -0.11363933235406876,
                    -0.9933435320854187,
                    -4.004295825958252
                ],
                [
                    -0.9998226761817932,
                    0.0021407215390354395,
                    0.018712464720010757,
                    0.07543236017227173
                ],
                [
                    -2.3283064365386963e-10,
                    0.9935197830200195,
                    -0.11365948617458344,
                    -0.45817604660987854
                ],
                [
                    0.0,
                    0.0,
                    0.0,
                    1.0
                ]
            ]
        },
        {
            "file_path": "/data/shapenet_blender/all_50_random/02958343/d776d298be6bfe88e78002a96f52ef26/r_21",
            "rotation": 0.12566370614359174,
            "transform_matrix": [
                [
                    0.1405881643295288,
                    -0.15895375609397888,
                    0.9772249460220337,
                    3.9393198490142822
                ],
                [
                    0.990068256855011,
                    0.02257118560373783,
                    -0.138764426112175,
                    -0.5593773126602173
                ],
                [
                    1.862645371275562e-09,
                    0.9870280027389526,
                    0.16054828464984894,
                    0.6471908092498779
                ],
                [
                    0.0,
                    0.0,
                    0.0,
                    1.0
                ]
            ]
        },
        {
            "file_path": "/data/shapenet_blender/all_50_random/02958343/d776d298be6bfe88e78002a96f52ef26/r_22",
            "rotation": 0.12566370614359174,
            "transform_matrix": [
                [
                    0.9914484024047852,
                    -0.10095475614070892,
                    0.08269351720809937,
                    0.33334824442863464
                ],
                [
                    0.13049936294555664,
                    0.7669879198074341,
                    -0.6282510161399841,
                    -2.5325608253479004
                ],
                [
                    0.0,
                    0.633669912815094,
                    0.7736034989356995,
                    3.118495464324951
                ],
                [
                    0.0,
                    0.0,
                    0.0,
                    1.0
                ]
            ]
        },
        {
            "file_path": "/data/shapenet_blender/all_50_random/02958343/d776d298be6bfe88e78002a96f52ef26/r_23",
            "rotation": 0.12566370614359174,
            "transform_matrix": [
                [
                    0.974784255027771,
                    -0.06703374534845352,
                    -0.21284274756908417,
                    -0.8579967021942139
                ],
                [
                    -0.22314921021461487,
                    -0.2928239703178406,
                    -0.9297624826431274,
                    -3.747992992401123
                ],
                [
                    3.725290076417309e-09,
                    0.9538137912750244,
                    -0.30039867758750916,
                    -1.210945963859558
                ],
                [
                    0.0,
                    0.0,
                    0.0,
                    1.0
                ]
            ]
        },
        {
            "file_path": "/data/shapenet_blender/all_50_random/02958343/d776d298be6bfe88e78002a96f52ef26/r_24",
            "rotation": 0.12566370614359174,
            "transform_matrix": [
                [
                    -0.7570080161094666,
                    0.043106429278850555,
                    0.6519820690155029,
                    2.6282241344451904
                ],
                [
                    0.6534055471420288,
                    0.0499412827193737,
                    0.7553587555885315,
                    3.0449488162994385
                ],
                [
                    0.0,
                    0.9978213906288147,
                    -0.06597193330526352,
                    -0.26594141125679016
                ],
                [
                    0.0,
                    0.0,
                    0.0,
                    1.0
                ]
            ]
        },
        {
            "file_path": "/data/shapenet_blender/all_50_random/02958343/d776d298be6bfe88e78002a96f52ef26/r_25",
            "rotation": 0.12566370614359174,
            "transform_matrix": [
                [
                    -0.8844543099403381,
                    -0.0004624275316018611,
                    -0.46662646532058716,
                    -1.8810315132141113
                ],
                [
                    -0.46662670373916626,
                    0.0008764950907789171,
                    0.8844538331031799,
                    3.565347671508789
                ],
                [
                    0.0,
                    0.999999463558197,
                    -0.0009910007938742638,
                    -0.003994852304458618
                ],
                [
                    0.0,
                    0.0,
                    0.0,
                    1.0
                ]
            ]
        },
        {
            "file_path": "/data/shapenet_blender/all_50_random/02958343/d776d298be6bfe88e78002a96f52ef26/r_26",
            "rotation": 0.12566370614359174,
            "transform_matrix": [
                [
                    -0.11825326830148697,
                    0.5407872200012207,
                    0.8328056931495667,
                    3.357146739959717
                ],
                [
                    0.9929834604263306,
                    0.06440173834562302,
                    0.09917787462472916,
                    0.39979875087738037
                ],
                [
                    -7.450581485102248e-09,
                    0.8386902213096619,
                    -0.5446087121963501,
                    -2.195387601852417
                ],
                [
                    0.0,
                    0.0,
                    0.0,
                    1.0
                ]
            ]
        },
        {
            "file_path": "/data/shapenet_blender/all_50_random/02958343/d776d298be6bfe88e78002a96f52ef26/r_27",
            "rotation": 0.12566370614359174,
            "transform_matrix": [
                [
                    0.15320684015750885,
                    0.3981795012950897,
                    0.9044229388237,
                    3.645845413208008
                ],
                [
                    0.9881942272186279,
                    -0.06173262372612953,
                    -0.14021918177604675,
                    -0.5652415752410889
                ],
                [
                    -3.725290298461914e-09,
                    0.9152279496192932,
                    -0.40293654799461365,
                    -1.6242891550064087
                ],
                [
                    0.0,
                    0.0,
                    0.0,
                    1.0
                ]
            ]
        },
        {
            "file_path": "/data/shapenet_blender/all_50_random/02958343/d776d298be6bfe88e78002a96f52ef26/r_28",
            "rotation": 0.12566370614359174,
            "transform_matrix": [
                [
                    -0.787419855594635,
                    -0.02834918349981308,
                    -0.6157647967338562,
                    -2.482227325439453
                ],
                [
                    -0.6164170503616333,
                    0.036213647574186325,
                    0.7865866422653198,
                    3.1708321571350098
                ],
                [
                    0.0,
                    0.9989417791366577,
                    -0.045990269631147385,
                    -0.18539270758628845
                ],
                [
                    0.0,
                    0.0,
                    0.0,
                    1.0
                ]
            ]
        },
        {
            "file_path": "/data/shapenet_blender/all_50_random/02958343/d776d298be6bfe88e78002a96f52ef26/r_29",
            "rotation": 0.12566370614359174,
            "transform_matrix": [
                [
                    0.905539333820343,
                    0.018146291375160217,
                    0.4238741993904114,
                    1.7086915969848633
                ],
                [
                    0.42426246404647827,
                    -0.0387311652302742,
                    -0.904710590839386,
                    -3.647005081176758
                ],
                [
                    0.0,
                    0.9990848898887634,
                    -0.04277138039469719,
                    -0.17241695523262024
                ],
                [
                    0.0,
                    0.0,
                    0.0,
                    1.0
                ]
            ]
        },
        {
            "file_path": "/data/shapenet_blender/all_50_random/02958343/d776d298be6bfe88e78002a96f52ef26/r_30",
            "rotation": 0.12566370614359174,
            "transform_matrix": [
                [
                    0.6886441111564636,
                    0.6375544667243958,
                    0.3453889489173889,
                    1.3923074007034302
                ],
                [
                    0.725099503993988,
                    -0.6055005192756653,
                    -0.3280240297317505,
                    -1.3223071098327637
                ],
                [
                    1.4901162970204496e-08,
                    0.4763331711292267,
                    -0.8792648315429688,
                    -3.5444300174713135
                ],
                [
                    0.0,
                    0.0,
                    0.0,
                    1.0
                ]
            ]
        },
        {
            "file_path": "/data/shapenet_blender/all_50_random/02958343/d776d298be6bfe88e78002a96f52ef26/r_31",
            "rotation": 0.12566370614359174,
            "transform_matrix": [
                [
                    -0.1624610275030136,
                    0.492888480424881,
                    -0.8547908067703247,
                    -3.4457719326019287
                ],
                [
                    -0.9867149591445923,
                    -0.08115330338478088,
                    0.14073994755744934,
                    0.5673408508300781
                ],
                [
                    -7.450580152834618e-09,
                    0.866299569606781,
                    0.4995247721672058,
                    2.013648748397827
                ],
                [
                    0.0,
                    0.0,
                    0.0,
                    1.0
                ]
            ]
        },
        {
            "file_path": "/data/shapenet_blender/all_50_random/02958343/d776d298be6bfe88e78002a96f52ef26/r_32",
            "rotation": 0.12566370614359174,
            "transform_matrix": [
                [
                    -0.9562754034996033,
                    -0.07366317510604858,
                    -0.2830391526222229,
                    -1.1409673690795898
                ],
                [
                    -0.2924678325653076,
                    0.24085479974746704,
                    0.925446629524231,
                    3.7305946350097656
                ],
                [
                    0.0,
                    0.9677616357803345,
                    -0.2518676221370697,
                    -1.0153108835220337
                ],
                [
                    0.0,
                    0.0,
                    0.0,
                    1.0
                ]
            ]
        },
        {
            "file_path": "/data/shapenet_blender/all_50_random/02958343/d776d298be6bfe88e78002a96f52ef26/r_33",
            "rotation": 0.12566370614359174,
            "transform_matrix": [
                [
                    -0.9603235125541687,
                    0.02290096879005432,
                    0.27794671058654785,
                    1.120439052581787
                ],
                [
                    0.2788885533809662,
                    0.07885708659887314,
                    0.9570803642272949,
                    3.858114242553711
                ],
                [
                    0.0,
                    0.9966228008270264,
                    -0.08211512863636017,
                    -0.3310166597366333
                ],
                [
                    0.0,
                    0.0,
                    0.0,
                    1.0
                ]
            ]
        },
        {
            "file_path": "/data/shapenet_blender/all_50_random/02958343/d776d298be6bfe88e78002a96f52ef26/r_34",
            "rotation": 0.12566370614359174,
            "transform_matrix": [
                [
                    -0.6376097798347473,
                    0.14159391820430756,
                    -0.7572351098060608,
                    -3.0525124073028564
                ],
                [
                    -0.7703596353530884,
                    -0.11719419062137604,
                    0.6267468929290771,
                    2.5264976024627686
                ],
                [
                    0.0,
                    0.9829631447792053,
                    0.18380239605903625,
                    0.7409311532974243
                ],
                [
                    0.0,
                    0.0,
                    0.0,
                    1.0
                ]
            ]
        },
        {
            "file_path": "/data/shapenet_blender/all_50_random/02958343/d776d298be6bfe88e78002a96f52ef26/r_35",
            "rotation": 0.12566370614359174,
            "transform_matrix": [
                [
                    0.6722325086593628,
                    0.2049584686756134,
                    -0.7114039063453674,
                    -2.8677608966827393
                ],
                [
                    -0.7403401136398315,
                    0.18610329926013947,
                    -0.6459582448005676,
                    -2.603940963745117
                ],
                [
                    0.0,
                    0.9609149694442749,
                    0.2768436670303345,
                    1.115992546081543
                ],
                [
                    0.0,
                    0.0,
                    0.0,
                    1.0
                ]
            ]
        },
        {
            "file_path": "/data/shapenet_blender/all_50_random/02958343/d776d298be6bfe88e78002a96f52ef26/r_36",
            "rotation": 0.12566370614359174,
            "transform_matrix": [
                [
                    0.9748071432113647,
                    0.018283970654010773,
                    -0.22229871153831482,
                    -0.896114706993103
                ],
                [
                    -0.2230493575334549,
                    0.07990762591362,
                    -0.9715265035629272,
                    -3.916348457336426
                ],
                [
                    0.0,
                    0.9966344237327576,
                    0.08197275549173355,
                    0.33044272661209106
                ],
                [
                    0.0,
                    0.0,
                    0.0,
                    1.0
                ]
            ]
        },
        {
            "file_path": "/data/shapenet_blender/all_50_random/02958343/d776d298be6bfe88e78002a96f52ef26/r_37",
            "rotation": 0.12566370614359174,
            "transform_matrix": [
                [
                    -0.11471040546894073,
                    0.5464808344841003,
                    0.8295782804489136,
                    3.344137191772461
                ],
                [
                    0.9933989644050598,
                    0.063103586435318,
                    0.09579359740018845,
                    0.3861563801765442
                ],
                [
                    0.0,
                    0.8350907564163208,
                    -0.5501120686531067,
                    -2.2175729274749756
                ],
                [
                    0.0,
                    0.0,
                    0.0,
                    1.0
                ]
            ]
        },
        {
            "file_path": "/data/shapenet_blender/all_50_random/02958343/d776d298be6bfe88e78002a96f52ef26/r_38",
            "rotation": 0.12566370614359174,
            "transform_matrix": [
                [
                    -0.675135612487793,
                    -0.011141142807900906,
                    0.7376094460487366,
                    2.9733989238739014
                ],
                [
                    0.7376936078071594,
                    -0.010196349583566189,
                    0.6750585436820984,
                    2.7212483882904053
                ],
                [
                    4.6566123179658803e-10,
                    0.9998859167098999,
                    0.015102668665349483,
                    0.060880810022354126
                ],
                [
                    0.0,
                    0.0,
                    0.0,
                    1.0
                ]
            ]
        },
        {
            "file_path": "/data/shapenet_blender/all_50_random/02958343/d776d298be6bfe88e78002a96f52ef26/r_39",
            "rotation": 0.12566370614359174,
            "transform_matrix": [
                [
                    0.004707747139036655,
                    -0.010689139366149902,
                    0.999931812286377,
                    4.030853748321533
                ],
                [
                    0.9999889731407166,
                    5.032232002122328e-05,
                    -0.0047074779868125916,
                    -0.018976449966430664
                ],
                [
                    0.0,
                    0.99994295835495,
                    0.01068925578147173,
                    0.043089766055345535
                ],
                [
                    0.0,
                    0.0,
                    0.0,
                    1.0
                ]
            ]
        },
        {
            "file_path": "/data/shapenet_blender/all_50_random/02958343/d776d298be6bfe88e78002a96f52ef26/r_40",
            "rotation": 0.12566370614359174,
            "transform_matrix": [
                [
                    0.3836880922317505,
                    0.01983235776424408,
                    0.9232497811317444,
                    3.721738815307617
                ],
                [
                    0.9234627485275269,
                    -0.008240114897489548,
                    -0.3835996091365814,
                    -1.546339511871338
                ],
                [
                    -4.656612873077393e-10,
                    0.9997692704200745,
                    -0.021476082503795624,
                    -0.08657285571098328
                ],
                [
                    0.0,
                    0.0,
                    0.0,
                    1.0
                ]
            ]
        },
        {
            "file_path": "/data/shapenet_blender/all_50_random/02958343/d776d298be6bfe88e78002a96f52ef26/r_41",
            "rotation": 0.12566370614359174,
            "transform_matrix": [
                [
                    0.5584291219711304,
                    -0.17830520868301392,
                    -0.8101630210876465,
                    -3.26587176322937
                ],
                [
                    -0.8295522928237915,
                    -0.12002959102392197,
                    -0.5453768372535706,
                    -2.1984846591949463
                ],
                [
