{
    "class": "02958343",
    "model": "193ec1089f0a98a36518e6cd1fbc5fab",
    "remove_doubles": true,
    "edge_split": true,
    "denoise": true,
    "camera_angle_x": 0.6911112070083618,
    "scale_factor": 2.253127572624389,
    "hdri_file": "/data/IndoorHDRDataset2018/9C4A3565-8449f7d8fe.exr",
    "center_offset": [
        0.0,
        0.0,
        -3.725290298461914e-09
    ],
    "lights": [],
    "frames": [
        {
            "file_path": "/data/shapenet_blender/all_50_random/02958343/193ec1089f0a98a36518e6cd1fbc5fab/r_0",
            "rotation": 0.12566370614359174,
            "transform_matrix": [
                [
                    0.9679709672927856,
                    -0.168984517455101,
                    0.18567878007888794,
                    0.7484951019287109
                ],
                [
                    0.2510625422000885,
                    0.6515194177627563,
                    -0.7158840894699097,
                    -2.8858211040496826
                ],
                [
                    -7.450581485102248e-09,
                    0.7395719885826111,
                    0.6730775237083435,
                    2.7132623195648193
                ],
                [
                    0.0,
                    0.0,
                    0.0,
                    1.0
                ]
            ]
        },
        {
            "file_path": "/data/shapenet_blender/all_50_random/02958343/193ec1089f0a98a36518e6cd1fbc5fab/r_1",
            "rotation": 0.12566370614359174,
            "transform_matrix": [
                [
                    -0.7676433324813843,
                    0.2142818570137024,
                    0.6039927005767822,
                    2.434772491455078
                ],
                [
                    0.6408774852752686,
                    0.256666898727417,
                    0.7234626412391663,
                    2.9163711071014404
                ],
                [
                    -1.4901162970204496e-08,
                    0.9424464702606201,
                    -0.33435702323913574,
                    -1.3478362560272217
                ],
                [
                    0.0,
                    0.0,
                    0.0,
                    1.0
                ]
            ]
        },
        {
            "file_path": "/data/shapenet_blender/all_50_random/02958343/193ec1089f0a98a36518e6cd1fbc5fab/r_2",
            "rotation": 0.12566370614359174,
            "transform_matrix": [
                [
                    -0.3503359258174896,
                    0.061453670263290405,
                    -0.9346058368682861,
                    -3.767516851425171
                ],
                [
                    -0.9366241097450256,
                    -0.022986197844147682,
                    0.3495809733867645,
                    1.4092061519622803
                ],
                [
                    0.0,
                    0.9978452324867249,
                    0.06561186909675598,
                    0.26448994874954224
                ],
                [
                    0.0,
                    0.0,
                    0.0,
                    1.0
                ]
            ]
        },
        {
            "file_path": "/data/shapenet_blender/all_50_random/02958343/193ec1089f0a98a36518e6cd1fbc5fab/r_3",
            "rotation": 0.12566370614359174,
            "transform_matrix": [
                [
                    -0.9720929265022278,
                    -0.0376613475382328,
                    -0.23155343532562256,
                    -0.9334217309951782
                ],
                [
                    -0.23459619283676147,
                    0.15605679154396057,
                    0.9594846963882446,
                    3.8678064346313477
                ],
                [
                    0.0,
                    0.9870297908782959,
                    -0.16053692996501923,
                    -0.6471450924873352
                ],
                [
                    0.0,
                    0.0,
                    0.0,
                    1.0
                ]
            ]
        },
        {
            "file_path": "/data/shapenet_blender/all_50_random/02958343/193ec1089f0a98a36518e6cd1fbc5fab/r_4",
            "rotation": 0.12566370614359174,
            "transform_matrix": [
                [
                    0.5658028721809387,
                    -0.39274972677230835,
                    -0.7249929308891296,
                    -2.9225399494171143
                ],
                [
                    -0.8245406150817871,
                    -0.2695063352584839,
                    -0.4974929094314575,
                    -2.005458116531372
                ],
                [
                    1.4901162970204496e-08,
                    0.879269003868103,
                    -0.47632551193237305,
                    -1.9201295375823975
                ],
                [
                    0.0,
                    0.0,
                    0.0,
                    1.0
                ]
            ]
        },
        {
            "file_path": "/data/shapenet_blender/all_50_random/02958343/193ec1089f0a98a36518e6cd1fbc5fab/r_5",
            "rotation": 0.12566370614359174,
            "transform_matrix": [
                [
                    0.020170675590634346,
                    0.5948325991630554,
                    0.8035964369773865,
                    3.239400863647461
                ],
                [
                    0.9997965693473816,
                    -0.012000617571175098,
                    -0.016212381422519684,
                    -0.06535419821739197
                ],
                [
                    0.0,
                    0.8037598729133606,
                    -0.594953715801239,
                    -2.3983352184295654
                ],
                [
                    0.0,
                    0.0,
                    0.0,
                    1.0
                ]
            ]
        },
        {
            "file_path": "/data/shapenet_blender/all_50_random/02958343/193ec1089f0a98a36518e6cd1fbc5fab/r_6",
            "rotation": 0.12566370614359174,
            "transform_matrix": [
                [
                    0.874661922454834,
                    0.34046831727027893,
                    -0.3450331389904022,
                    -1.3908731937408447
                ],
                [
                    -0.4847334921360016,
                    0.6143472194671631,
                    -0.6225841045379639,
                    -2.5097169876098633
                ],
                [
                    -1.4901161193847656e-08,
                    0.7117998003959656,
                    0.7023823261260986,
                    2.8313939571380615
                ],
                [
                    0.0,
                    0.0,
                    0.0,
                    1.0
                ]
            ]
        },
        {
            "file_path": "/data/shapenet_blender/all_50_random/02958343/193ec1089f0a98a36518e6cd1fbc5fab/r_7",
            "rotation": 0.12566370614359174,
            "transform_matrix": [
                [
                    -0.9767975807189941,
                    -0.010046913288533688,
                    0.21392890810966492,
                    0.862375020980835
                ],
                [
                    0.21416470408439636,
                    -0.04582361504435539,
                    0.9757221341133118,
                    3.9332616329193115
                ],
                [
                    9.313225746154785e-10,
                    0.9988990426063538,
                    0.04691208899021149,
                    0.1891086846590042
                ],
                [
                    0.0,
                    0.0,
                    0.0,
                    1.0
                ]
            ]
        },
        {
            "file_path": "/data/shapenet_blender/all_50_random/02958343/193ec1089f0a98a36518e6cd1fbc5fab/r_8",
            "rotation": 0.12566370614359174,
            "transform_matrix": [
                [
                    -0.006871461868286133,
                    -0.6937199234962463,
                    -0.7202121615409851,
                    -2.9032680988311768
                ],
                [
                    -0.9999764561653137,
                    0.004766982514411211,
                    0.004949027206748724,
                    0.01995016634464264
                ],
                [
                    0.0,
                    0.7202292084693909,
                    -0.69373619556427,
                    -2.7965400218963623
                ],
                [
                    0.0,
                    0.0,
                    0.0,
                    1.0
                ]
            ]
        },
        {
            "file_path": "/data/shapenet_blender/all_50_random/02958343/193ec1089f0a98a36518e6cd1fbc5fab/r_9",
            "rotation": 0.12566370614359174,
            "transform_matrix": [
                [
                    0.18698294460773468,
                    -0.11769184470176697,
                    0.9752875566482544,
                    3.9315102100372314
                ],
                [
                    0.9823631644248962,
                    0.022401457652449608,
                    -0.18563617765903473,
                    -0.7483234405517578
                ],
                [
                    0.0,
                    0.9927974343299866,
                    0.11980481445789337,
                    0.4829486906528473
                ],
                [
                    0.0,
                    0.0,
                    0.0,
                    1.0
                ]
            ]
        },
        {
            "file_path": "/data/shapenet_blender/all_50_random/02958343/193ec1089f0a98a36518e6cd1fbc5fab/r_10",
            "rotation": 0.12566370614359174,
            "transform_matrix": [
                [
                    0.9981160759925842,
                    0.05655728280544281,
                    -0.023782305419445038,
                    -0.09586954116821289
                ],
                [
                    -0.061354100704193115,
                    0.920080840587616,
                    -0.38689351081848145,
                    -1.5596176385879517
                ],
                [
                    -3.725290298461914e-09,
                    0.38762378692626953,
                    0.9218176603317261,
                    3.715965747833252
                ],
                [
                    0.0,
                    0.0,
                    0.0,
                    1.0
                ]
            ]
        },
        {
            "file_path": "/data/shapenet_blender/all_50_random/02958343/193ec1089f0a98a36518e6cd1fbc5fab/r_11",
            "rotation": 0.12566370614359174,
            "transform_matrix": [
                [
                    0.9381443858146667,
                    0.2002180963754654,
                    0.2824852168560028,
                    1.1387343406677246
                ],
                [
                    0.34624436497688293,
                    -0.5424880981445312,
                    -0.7653897404670715,
                    -3.0853848457336426
                ],
                [
                    -1.4901161193847656e-08,
                    0.8158549666404724,
                    -0.5782564878463745,
                    -2.331026554107666
                ],
                [
                    0.0,
                    0.0,
                    0.0,
                    1.0
                ]
            ]
        },
        {
            "file_path": "/data/shapenet_blender/all_50_random/02958343/193ec1089f0a98a36518e6cd1fbc5fab/r_12",
            "rotation": 0.12566370614359174,
            "transform_matrix": [
                [
                    0.009849850088357925,
                    0.507010817527771,
                    -0.8618834018707275,
                    -3.474363088607788
                ],
                [
                    -0.9999514818191528,
                    0.004994222894310951,
                    -0.008489834144711494,
                    -0.03422361612319946
                ],
                [
                    0.0,
                    0.8619251847267151,
                    0.5070354342460632,
                    2.0439252853393555
                ],
                [
                    0.0,
                    0.0,
                    0.0,
                    1.0
                ]
            ]
        },
        {
            "file_path": "/data/shapenet_blender/all_50_random/02958343/193ec1089f0a98a36518e6cd1fbc5fab/r_13",
            "rotation": 0.12566370614359174,
            "transform_matrix": [
                [
                    0.8865500092506409,
                    0.05638830363750458,
                    -0.45918336510658264,
                    -1.851027250289917
                ],
                [
                    -0.4626326262950897,
                    0.10805776715278625,
                    -0.8799400925636292,
                    -3.547151803970337
                ],
                [
                    0.0,
                    0.9925441145896912,
                    0.12188571691513062,
                    0.49133700132369995
                ],
                [
                    0.0,
                    0.0,
                    0.0,
                    1.0
                ]
            ]
        },
        {
            "file_path": "/data/shapenet_blender/all_50_random/02958343/193ec1089f0a98a36518e6cd1fbc5fab/r_14",
            "rotation": 0.12566370614359174,
            "transform_matrix": [
                [
                    -0.6997459530830383,
                    0.6153008937835693,
                    -0.362988144159317,
                    -1.463252067565918
                ],
                [
                    -0.7143917679786682,
                    -0.6026865243911743,
                    0.3555464744567871,
                    1.4332536458969116
                ],
                [
                    0.0,
                    0.5081079602241516,
                    0.861293375492096,
                    3.471984624862671
                ],
                [
                    0.0,
                    0.0,
                    0.0,
                    1.0
                ]
            ]
        },
        {
            "file_path": "/data/shapenet_blender/all_50_random/02958343/193ec1089f0a98a36518e6cd1fbc5fab/r_15",
            "rotation": 0.12566370614359174,
            "transform_matrix": [
                [
                    -0.997502326965332,
                    0.015110431239008904,
                    -0.06899946182966232,
                    -0.2781457304954529
                ],
                [
                    -0.0706346333026886,
                    -0.21338951587677002,
                    0.9744104146957397,
                    3.927973985671997
                ],
                [
                    0.0,
                    0.9768503308296204,
                    0.213923841714859,
                    0.862354576587677
                ],
                [
                    0.0,
                    0.0,
                    0.0,
                    1.0
                ]
            ]
        },
        {
            "file_path": "/data/shapenet_blender/all_50_random/02958343/193ec1089f0a98a36518e6cd1fbc5fab/r_16",
            "rotation": 0.12566370614359174,
            "transform_matrix": [
                [
                    0.43134045600891113,
                    -0.4433521628379822,
                    -0.7857380509376526,
                    -3.1674113273620605
                ],
                [
                    -0.9021892547607422,
                    -0.2119685262441635,
                    -0.3756646513938904,
                    -1.5143526792526245
                ],
                [
                    0.0,
                    0.8709236979484558,
                    -0.49141818284988403,
                    -1.980970025062561
                ],
                [
                    0.0,
                    0.0,
                    0.0,
                    1.0
                ]
            ]
        },
        {
            "file_path": "/data/shapenet_blender/all_50_random/02958343/193ec1089f0a98a36518e6cd1fbc5fab/r_17",
            "rotation": 0.12566370614359174,
            "transform_matrix": [
                [
                    0.877254068851471,
                    -0.15412560105323792,
                    -0.4546103775501251,
                    -1.8325932025909424
                ],
                [
                    -0.4800264239311218,
                    -0.28166642785072327,
                    -0.8308059573173523,
                    -3.349086284637451
                ],
                [
                    -1.4901161193847656e-08,
                    0.9470529556274414,
                    -0.3210773169994354,
                    -1.2943041324615479
                ],
                [
                    0.0,
                    0.0,
                    0.0,
                    1.0
                ]
            ]
        },
        {
            "file_path": "/data/shapenet_blender/all_50_random/02958343/193ec1089f0a98a36518e6cd1fbc5fab/r_18",
            "rotation": 0.12566370614359174,
            "transform_matrix": [
                [
                    0.20562972128391266,
                    -0.41315144300460815,
                    0.8871427774429321,
                    3.5761868953704834
                ],
                [
                    0.9786298274993896,
                    0.08681138604879379,
                    -0.1864064633846283,
                    -0.751428484916687
                ],
                [
                    0.0,
                    0.9065150618553162,
                    0.4221733510494232,
                    1.7018351554870605
                ],
                [
                    0.0,
                    0.0,
                    0.0,
                    1.0
                ]
            ]
        },
        {
            "file_path": "/data/shapenet_blender/all_50_random/02958343/193ec1089f0a98a36518e6cd1fbc5fab/r_19",
            "rotation": 0.12566370614359174,
            "transform_matrix": [
                [
                    -0.8483059406280518,
                    -0.20596514642238617,
                    -0.4878068268299103,
                    -1.9664121866226196
                ],
                [
                    -0.5295065641403198,
                    0.3299703299999237,
                    0.7815001010894775,
                    3.150327682495117
                ],
                [
                    0.0,
                    0.9212480783462524,
                    -0.3889756202697754,
                    -1.568010926246643
                ],
                [
                    0.0,
                    0.0,
                    0.0,
                    1.0
                ]
            ]
        },
        {
            "file_path": "/data/shapenet_blender/all_50_random/02958343/193ec1089f0a98a36518e6cd1fbc5fab/r_20",
            "rotation": 0.12566370614359174,
            "transform_matrix": [
                [
                    -0.614483118057251,
                    0.14447332918643951,
                    -0.7755888104438782,
                    -3.1264984607696533
                ],
                [
                    -0.7889300584793091,
                    -0.11252762377262115,
                    0.6040918827056885,
                    2.4351723194122314
                ],
                [
                    0.0,
                    0.9830894470214844,
                    0.18312567472457886,
                    0.738203227519989
                ],
                [
                    0.0,
                    0.0,
                    0.0,
                    1.0
                ]
            ]
        },
        {
            "file_path": "/data/shapenet_blender/all_50_random/02958343/193ec1089f0a98a36518e6cd1fbc5fab/r_21",
            "rotation": 0.12566370614359174,
            "transform_matrix": [
                [
                    -0.6589239239692688,
                    -0.17797471582889557,
                    0.7308517694473267,
                    2.946157693862915
                ],
                [
                    0.7522097229957581,
                    -0.15590308606624603,
                    0.640214741230011,
                    2.5807881355285645
                ],
                [
                    1.4901162970204496e-08,
                    0.9716064929962158,
                    0.2366025745868683,
                    0.9537754654884338
                ],
                [
                    0.0,
                    0.0,
                    0.0,
                    1.0
                ]
            ]
        },
        {
            "file_path": "/data/shapenet_blender/all_50_random/02958343/193ec1089f0a98a36518e6cd1fbc5fab/r_22",
            "rotation": 0.12566370614359174,
            "transform_matrix": [
                [
                    0.821780800819397,
                    -0.15725722908973694,
                    -0.5476737022399902,
                    -2.2077436447143555
                ],
                [
                    -0.5698038339614868,
                    -0.22679905593395233,
                    -0.7898643612861633,
                    -3.1840453147888184
                ],
                [
                    0.0,
                    0.9611620306968689,
                    -0.27598482370376587,
                    -1.1125304698944092
                ],
                [
                    0.0,
                    0.0,
                    0.0,
                    1.0
                ]
            ]
        },
        {
            "file_path": "/data/shapenet_blender/all_50_random/02958343/193ec1089f0a98a36518e6cd1fbc5fab/r_23",
            "rotation": 0.12566370614359174,
            "transform_matrix": [
                [
                    0.7398668527603149,
                    0.381014883518219,
                    -0.5544588565826416,
                    -2.235095262527466
                ],
                [
                    -0.6727533340454102,
                    0.4190247356891632,
                    -0.6097714304924011,
                    -2.4580671787261963
                ],
                [
                    -1.4901162970204496e-08,
                    0.8241636157035828,
                    0.566351592540741,
                    2.283036231994629
                ],
                [
                    0.0,
                    0.0,
                    0.0,
                    1.0
                ]
            ]
        },
        {
            "file_path": "/data/shapenet_blender/all_50_random/02958343/193ec1089f0a98a36518e6cd1fbc5fab/r_24",
            "rotation": 0.12566370614359174,
            "transform_matrix": [
                [
                    0.764478862285614,
                    0.6167436838150024,
                    -0.18761484324932098,
                    -0.756299614906311
                ],
                [
                    -0.6446488499641418,
                    0.7313865423202515,
                    -0.22248946130275726,
                    -0.8968837261199951
                ],
                [
                    0.0,
                    0.29103413224220276,
                    0.9567126631736755,
                    3.8566319942474365
                ],
                [
                    0.0,
                    0.0,
                    0.0,
                    1.0
                ]
            ]
        },
        {
            "file_path": "/data/shapenet_blender/all_50_random/02958343/193ec1089f0a98a36518e6cd1fbc5fab/r_25",
            "rotation": 0.12566370614359174,
            "transform_matrix": [
                [
                    -0.5291520953178406,
                    0.37279966473579407,
                    0.7622456550598145,
                    3.0727105140686035
                ],
                [
                    0.8485270142555237,
                    0.23248255252838135,
                    0.4753459692001343,
                    1.9161808490753174
                ],
                [
                    0.0,
                    0.8983163237571716,
                    -0.4393492341041565,
                    -1.7710734605789185
                ],
                [
                    0.0,
                    0.0,
                    0.0,
                    1.0
                ]
            ]
        },
        {
            "file_path": "/data/shapenet_blender/all_50_random/02958343/193ec1089f0a98a36518e6cd1fbc5fab/r_26",
            "rotation": 0.12566370614359174,
            "transform_matrix": [
                [
                    0.9464713931083679,
                    -0.04829960688948631,
                    -0.319153755903244,
                    -1.2865499258041382
                ],
                [
                    -0.3227878510951996,
                    -0.14162303507328033,
                    -0.9358156323432922,
                    -3.7723934650421143
                ],
                [
                    3.725290742551124e-09,
                    0.9887415766716003,
                    -0.14963267743587494,
                    -0.6031886339187622
                ],
                [
                    0.0,
                    0.0,
                    0.0,
                    1.0
                ]
            ]
        },
        {
            "file_path": "/data/shapenet_blender/all_50_random/02958343/193ec1089f0a98a36518e6cd1fbc5fab/r_27",
            "rotation": 0.12566370614359174,
            "transform_matrix": [
                [
                    -0.2237844169139862,
                    -0.7482722401618958,
                    0.6245071887969971,
                    2.5174689292907715
                ],
                [
                    0.9746387004852295,
                    -0.17180895805358887,
                    0.14339156448841095,
                    0.5780298709869385
                ],
                [
                    0.0,
                    0.6407575607299805,
                    0.7677431702613831,
                    3.094871759414673
                ],
                [
                    0.0,
                    0.0,
                    0.0,
                    1.0
                ]
            ]
        },
        {
            "file_path": "/data/shapenet_blender/all_50_random/02958343/193ec1089f0a98a36518e6cd1fbc5fab/r_28",
            "rotation": 0.12566370614359174,
            "transform_matrix": [
                [
                    -0.3095269203186035,
                    0.09858742356300354,
                    -0.9457661509513855,
                    -3.8125052452087402
                ],
                [
                    -0.9508907198905945,
                    -0.032091449946165085,
                    0.30785879492759705,
                    1.241018533706665
                ],
                [
                    -1.862645149230957e-09,
                    0.9946108460426331,
                    0.10367903113365173,
                    0.41794353723526
                ],
                [
                    0.0,
                    0.0,
                    0.0,
                    1.0
                ]
            ]
        },
        {
            "file_path": "/data/shapenet_blender/all_50_random/02958343/193ec1089f0a98a36518e6cd1fbc5fab/r_29",
            "rotation": 0.12566370614359174,
            "transform_matrix": [
                [
                    -0.9889310598373413,
                    0.06869839131832123,
                    0.13151364028453827,
                    0.5301485061645508
                ],
                [
                    0.14837557077407837,
                    0.4578784108161926,
                    0.8765454292297363,
                    3.5334677696228027
                ],
                [
                    3.725290298461914e-09,
                    0.8863564729690552,
                    -0.46300336718559265,
                    -1.8664263486862183
                ],
                [
                    0.0,
                    0.0,
                    0.0,
                    1.0
                ]
            ]
        },
        {
            "file_path": "/data/shapenet_blender/all_50_random/02958343/193ec1089f0a98a36518e6cd1fbc5fab/r_30",
            "rotation": 0.12566370614359174,
            "transform_matrix": [
                [
                    -0.8472661375999451,
                    0.15381783246994019,
                    0.5084093809127808,
                    2.0494635105133057
                ],
                [
                    0.5311684608459473,
                    0.24535462260246277,
                    0.8109631538391113,
                    3.269096612930298
                ],
                [
                    7.4505792646561986e-09,
                    0.9571526050567627,
                    -0.2895839214324951,
                    -1.167349934577942
                ],
                [
                    0.0,
                    0.0,
                    0.0,
                    1.0
                ]
            ]
        },
        {
            "file_path": "/data/shapenet_blender/all_50_random/02958343/193ec1089f0a98a36518e6cd1fbc5fab/r_31",
            "rotation": 0.12566370614359174,
            "transform_matrix": [
                [
                    0.3336377441883087,
                    -0.09020166844129562,
                    -0.9383760094642639,
                    -3.782714605331421
                ],
                [
                    -0.9427012801170349,
                    -0.03192388266324997,
                    -0.33210697770118713,
                    -1.338766098022461
                ],
                [
                    -1.8626450382086546e-09,
                    0.9954116940498352,
                    -0.09568426758050919,
                    -0.38571563363075256
                ],
                [
                    0.0,
                    0.0,
                    0.0,
                    1.0
                ]
            ]
        },
        {
            "file_path": "/data/shapenet_blender/all_50_random/02958343/193ec1089f0a98a36518e6cd1fbc5fab/r_32",
            "rotation": 0.12566370614359174,
            "transform_matrix": [
                [
                    0.5301774740219116,
                    -0.6146731972694397,
                    0.5840279459953308,
                    2.354292154312134
                ],
                [
                    0.8478866815567017,
                    0.3843507170677185,
                    -0.36518847942352295,
                    -1.4721219539642334
                ],
                [
                    0.0,
                    0.6888042688369751,
                    0.7249472737312317,
                    2.922356128692627
                ],
                [
                    0.0,
                    0.0,
                    0.0,
                    1.0
                ]
            ]
        },
        {
            "file_path": "/data/shapenet_blender/all_50_random/02958343/193ec1089f0a98a36518e6cd1fbc5fab/r_33",
            "rotation": 0.12566370614359174,
            "transform_matrix": [
                [
                    0.4214704930782318,
                    0.7131639122962952,
                    0.5601426362991333,
                    2.258007287979126
                ],
                [
                    0.906842052936554,
                    -0.3314552307128906,
                    -0.2603359520435333,
                    -1.049447774887085
                ],
                [
                    0.0,
                    0.6176847815513611,
                    -0.7864257097244263,
                    -3.1701834201812744
                ],
                [
                    0.0,
                    0.0,
                    0.0,
                    1.0
                ]
            ]
        },
        {
            "file_path": "/data/shapenet_blender/all_50_random/02958343/193ec1089f0a98a36518e6cd1fbc5fab/r_34",
            "rotation": 0.12566370614359174,
            "transform_matrix": [
                [
                    -0.22024303674697876,
                    0.2701680064201355,
                    -0.9372844696044922,
                    -3.7783145904541016
                ],
                [
                    -0.975445032119751,
                    -0.06100048869848251,
                    0.21162685751914978,
                    0.8530951738357544
                ],
                [
                    0.0,
                    0.9608787894248962,
                    0.27696898579597473,
                    1.1164976358413696
                ],
                [
                    0.0,
                    0.0,
                    0.0,
                    1.0
                ]
            ]
        },
        {
            "file_path": "/data/shapenet_blender/all_50_random/02958343/193ec1089f0a98a36518e6cd1fbc5fab/r_35",
            "rotation": 0.12566370614359174,
            "transform_matrix": [
                [
                    0.6023975014686584,
                    -0.09304613620042801,
                    0.7927545309066772,
                    3.195695638656616
                ],
                [
                    0.7981962561607361,
                    0.07022176682949066,
                    -0.5982906222343445,
                    -2.4117865562438965
                ],
                [
                    7.4505797087454084e-09,
                    0.9931824803352356,
                    0.11657049506902695,
                    0.46991071105003357
                ],
                [
                    0.0,
                    0.0,
                    0.0,
                    1.0
                ]
            ]
        },
        {
            "file_path": "/data/shapenet_blender/all_50_random/02958343/193ec1089f0a98a36518e6cd1fbc5fab/r_36",
            "rotation": 0.12566370614359174,
            "transform_matrix": [
                [
                    -0.9462130069732666,
                    -0.060426581650972366,
                    -0.31785154342651367,
                    -1.2813005447387695
                ],
                [
                    -0.3235444128513336,
                    0.17671892046928406,
                    0.9295641183853149,
                    3.747192859649658
                ],
                [
                    0.0,
                    0.9824048280715942,
                    -0.18676438927650452,
                    -0.7528713345527649
                ],
                [
                    0.0,
                    0.0,
                    0.0,
                    1.0
                ]
            ]
        },
        {
            "file_path": "/data/shapenet_blender/all_50_random/02958343/193ec1089f0a98a36518e6cd1fbc5fab/r_37",
            "rotation": 0.12566370614359174,
            "transform_matrix": [
                [
                    -0.24236264824867249,
                    0.024195890873670578,
                    -0.9698839783668518,
                    -3.9097273349761963
                ],
                [
                    -0.9701856970787048,
                    -0.006044389214366674,
                    0.242287278175354,
                    0.9766912460327148
                ],
                [
                    4.6566125955216364e-10,
                    0.999688982963562,
                    0.02493944577872753,
                    0.1005341187119484
                ],
                [
                    0.0,
                    0.0,
                    0.0,
                    1.0
                ]
            ]
        },
        {
            "file_path": "/data/shapenet_blender/all_50_random/02958343/193ec1089f0a98a36518e6cd1fbc5fab/r_38",
            "rotation": 0.12566370614359174,
            "transform_matrix": [
                [
                    -0.7527651786804199,
                    -0.11405982822179794,
                    -0.6483324766159058,
                    -2.613511800765991
                ],
                [
                    -0.6582892537117004,
                    0.13042938709259033,
                    0.74137943983078,
                    2.988596200942993
                ],
                [
                    0.0,
                    0.984874963760376,
                    -0.17326702177524567,
                    -0.6984617114067078
                ],
                [
                    0.0,
                    0.0,
                    0.0,
                    1.0
                ]
            ]
        },
        {
            "file_path": "/data/shapenet_blender/all_50_random/02958343/193ec1089f0a98a36518e6cd1fbc5fab/r_39",
            "rotation": 0.12566370614359174,
            "transform_matrix": [
                [
                    -0.2643290162086487,
                    -0.07909165322780609,
                    -0.9611839652061462,
                    -3.8746566772460938
                ],
                [
                    -0.9644325375556946,
                    0.021677225828170776,
                    0.2634386718273163,
                    1.0619553327560425
                ],
                [
                    1.8626450382086546e-09,
                    0.9966315031051636,
                    -0.082008495926857,
                    -0.33058685064315796
                ],
                [
                    0.0,
                    0.0,
                    0.0,
                    1.0
                ]
            ]
        },
        {
            "file_path": "/data/shapenet_blender/all_50_random/02958343/193ec1089f0a98a36518e6cd1fbc5fab/r_40",
            "rotation": 0.12566370614359174,
            "transform_matrix": [
                [
                    -0.5571064352989197,
                    -0.6936075091362,
                    0.45666277408599854,
                    1.8408663272857666
                ],
                [
                    0.8304409384727478,
                    -0.4653109014034271,
                    0.3063550293445587,
                    1.2349565029144287
                ],
                [
                    1.4901158529312397e-08,
                    0.5499038100242615,
                    0.8352280259132385,
                    3.3669114112854004
                ],
                [
                    0.0,
                    0.0,
                    0.0,
                    1.0
                ]
            ]
        },
        {
            "file_path": "/data/shapenet_blender/all_50_random/02958343/193ec1089f0a98a36518e6cd1fbc5fab/r_41",
            "rotation": 0.12566370614359174,
            "transform_matrix": [
                [
                    0.7738398909568787,
                    -0.41165032982826233,
                    -0.4813687205314636,
                    -1.9404593706130981
                ],
                [
                    -0.633381187915802,
                    -0.502937912940979,
                    -0.5881170630455017,
                    -2.3707756996154785
                ],
                [
                    0.0,
