{
    "class": "02958343",
    "model": "57e91b50c5420cbb4628d74a95bb7fe",
    "remove_doubles": true,
    "edge_split": true,
    "denoise": true,
    "camera_angle_x": 0.6911112070083618,
    "scale_factor": 2.2665432424998473,
    "hdri_file": "/data/IndoorHDRDataset2018/9C4A7920-b2cec7887c.exr",
    "center_offset": [
        0.0,
        -1.862645149230957e-09,
        -3.725290298461914e-09
    ],
    "lights": [],
    "frames": [
        {
            "file_path": "/data/shapenet_blender/all_50_random/02958343/57e91b50c5420cbb4628d74a95bb7fe/r_0",
            "rotation": 0.12566370614359174,
            "transform_matrix": [
                [
                    -0.9152811169624329,
                    0.08338639885187149,
                    0.3940905034542084,
                    1.5886296033859253
                ],
                [
                    0.40281587839126587,
                    0.18947117030620575,
                    0.8954552412033081,
                    3.6096954345703125
                ],
                [
                    0.0,
                    0.9783391356468201,
                    -0.2070087045431137,
                    -0.8344787955284119
                ],
                [
                    0.0,
                    0.0,
                    0.0,
                    1.0
                ]
            ]
        },
        {
            "file_path": "/data/shapenet_blender/all_50_random/02958343/57e91b50c5420cbb4628d74a95bb7fe/r_1",
            "rotation": 0.12566370614359174,
            "transform_matrix": [
                [
                    -0.9973167181015015,
                    0.06586820632219315,
                    -0.031949467957019806,
                    -0.1287924349308014
                ],
                [
                    -0.07320786267518997,
                    -0.8973280787467957,
                    0.43525028228759766,
                    1.7545500993728638
                ],
                [
                    0.0,
                    0.4364211857318878,
                    0.8997423648834229,
                    3.6269776821136475
                ],
                [
                    0.0,
                    0.0,
                    0.0,
                    1.0
                ]
            ]
        },
        {
            "file_path": "/data/shapenet_blender/all_50_random/02958343/57e91b50c5420cbb4628d74a95bb7fe/r_2",
            "rotation": 0.12566370614359174,
            "transform_matrix": [
                [
                    -0.9999428391456604,
                    0.008452200330793858,
                    0.006562673952430487,
                    0.02645498514175415
                ],
                [
                    0.010700858198106289,
                    0.789816677570343,
                    0.6132497191429138,
                    2.472088575363159
                ],
                [
                    0.0,
                    0.6132847666740417,
                    -0.789861798286438,
                    -3.184034824371338
                ],
                [
                    0.0,
                    0.0,
                    0.0,
                    1.0
                ]
            ]
        },
        {
            "file_path": "/data/shapenet_blender/all_50_random/02958343/57e91b50c5420cbb4628d74a95bb7fe/r_3",
            "rotation": 0.12566370614359174,
            "transform_matrix": [
                [
                    -0.22308449447155,
                    0.520534336566925,
                    0.8241828083992004,
                    3.322387218475342
                ],
                [
                    0.9747990965843201,
                    0.11912519484758377,
                    0.18861567974090576,
                    0.7603341341018677
                ],
                [
                    0.0,
                    0.8454898595809937,
                    -0.5339913964271545,
                    -2.152588129043579
                ],
                [
                    0.0,
                    0.0,
                    0.0,
                    1.0
                ]
            ]
        },
        {
            "file_path": "/data/shapenet_blender/all_50_random/02958343/57e91b50c5420cbb4628d74a95bb7fe/r_4",
            "rotation": 0.12566370614359174,
            "transform_matrix": [
                [
                    0.49401727318763733,
                    -0.2651297152042389,
                    -0.828041672706604,
                    -3.3379430770874023
                ],
                [
                    -0.869452178478241,
                    -0.15064503252506256,
                    -0.4704880714416504,
                    -1.896598219871521
                ],
                [
                    7.450581485102248e-09,
                    0.9523718953132629,
                    -0.30493882298469543,
                    -1.229247808456421
                ],
                [
                    0.0,
                    0.0,
                    0.0,
                    1.0
                ]
            ]
        },
        {
            "file_path": "/data/shapenet_blender/all_50_random/02958343/57e91b50c5420cbb4628d74a95bb7fe/r_5",
            "rotation": 0.12566370614359174,
            "transform_matrix": [
                [
                    0.10937201976776123,
                    0.40387633442878723,
                    0.9082520008087158,
                    3.661280870437622
                ],
                [
                    0.9940009117126465,
                    -0.04443936049938202,
                    -0.09993688017129898,
                    -0.4028584361076355
                ],
                [
                    0.0,
                    0.9137335419654846,
                    -0.40631383657455444,
                    -1.6379034519195557
                ],
                [
                    0.0,
                    0.0,
                    0.0,
                    1.0
                ]
            ]
        },
        {
            "file_path": "/data/shapenet_blender/all_50_random/02958343/57e91b50c5420cbb4628d74a95bb7fe/r_6",
            "rotation": 0.12566370614359174,
            "transform_matrix": [
                [
                    -0.05261235311627388,
                    -0.4538964629173279,
                    0.8894997835159302,
                    3.585688352584839
                ],
                [
                    0.998615026473999,
                    -0.023913681507110596,
                    0.046863581985235214,
                    0.18891313672065735
                ],
                [
                    0.0,
                    0.8907334208488464,
                    0.45452600717544556,
                    1.8322529792785645
                ],
                [
                    0.0,
                    0.0,
                    0.0,
                    1.0
                ]
            ]
        },
        {
            "file_path": "/data/shapenet_blender/all_50_random/02958343/57e91b50c5420cbb4628d74a95bb7fe/r_7",
            "rotation": 0.12566370614359174,
            "transform_matrix": [
                [
                    0.9914063215255737,
                    0.09373962879180908,
                    0.09124936908483505,
                    0.36783796548843384
                ],
                [
                    0.13081884384155273,
                    -0.7104027271270752,
                    -0.6915304064750671,
                    -2.7876482009887695
                ],
                [
                    0.0,
                    0.6975246667861938,
                    -0.7165607213973999,
                    -2.8885486125946045
                ],
                [
                    0.0,
                    0.0,
                    0.0,
                    1.0
                ]
            ]
        },
        {
            "file_path": "/data/shapenet_blender/all_50_random/02958343/57e91b50c5420cbb4628d74a95bb7fe/r_8",
            "rotation": 0.12566370614359174,
            "transform_matrix": [
                [
                    -0.9974268078804016,
                    0.0025414316914975643,
                    0.0716463252902031,
                    0.28881552815437317
                ],
                [
                    0.0716913715004921,
                    0.03535839915275574,
                    0.9968000650405884,
                    4.018229007720947
                ],
                [
                    0.0,
                    0.9993714690208435,
                    -0.035449616611003876,
                    -0.1429019570350647
                ],
                [
                    0.0,
                    0.0,
                    0.0,
                    1.0
                ]
            ]
        },
        {
            "file_path": "/data/shapenet_blender/all_50_random/02958343/57e91b50c5420cbb4628d74a95bb7fe/r_9",
            "rotation": 0.12566370614359174,
            "transform_matrix": [
                [
                    0.18570715188980103,
                    0.37268298864364624,
                    0.9091865420341492,
                    3.665048122406006
                ],
                [
                    0.9826051592826843,
                    -0.07043511420488358,
                    -0.17183144390583038,
                    -0.6926746964454651
                ],
                [
                    0.0,
                    0.9252817034721375,
                    -0.3792805075645447,
                    -1.5289286375045776
                ],
                [
                    0.0,
                    0.0,
                    0.0,
                    1.0
                ]
            ]
        },
        {
            "file_path": "/data/shapenet_blender/all_50_random/02958343/57e91b50c5420cbb4628d74a95bb7fe/r_10",
            "rotation": 0.12566370614359174,
            "transform_matrix": [
                [
                    -0.6669178009033203,
                    -0.4748336374759674,
                    -0.5742418169975281,
                    -2.314842700958252
                ],
                [
                    -0.7451313138008118,
                    0.4249922037124634,
                    0.513965904712677,
                    2.0718629360198975
                ],
                [
                    0.0,
                    0.770658552646637,
                    -0.6372482180595398,
                    -2.5688297748565674
                ],
                [
                    0.0,
                    0.0,
                    0.0,
                    1.0
                ]
            ]
        },
        {
            "file_path": "/data/shapenet_blender/all_50_random/02958343/57e91b50c5420cbb4628d74a95bb7fe/r_11",
            "rotation": 0.12566370614359174,
            "transform_matrix": [
                [
                    0.8465708494186401,
                    -0.02619304321706295,
                    -0.5316311717033386,
                    -2.1430740356445312
                ],
                [
                    -0.5322760939598083,
                    -0.041659336537122726,
                    -0.8455451726913452,
                    -3.4085018634796143
                ],
                [
                    -1.862645149230957e-09,
                    0.9987884163856506,
                    -0.04920951649546623,
                    -0.19836992025375366
                ],
                [
                    0.0,
                    0.0,
                    0.0,
                    1.0
                ]
            ]
        },
        {
            "file_path": "/data/shapenet_blender/all_50_random/02958343/57e91b50c5420cbb4628d74a95bb7fe/r_12",
            "rotation": 0.12566370614359174,
            "transform_matrix": [
                [
                    -0.8274543881416321,
                    0.5558238625526428,
                    -0.07986895740032196,
                    -0.3219620883464813
                ],
                [
                    -0.5615329742431641,
                    -0.8190415501594543,
                    0.11769196391105652,
                    0.47443151473999023
                ],
                [
                    7.450581485102248e-09,
                    0.14223390817642212,
                    0.9898329973220825,
                    3.990144729614258
                ],
                [
                    0.0,
                    0.0,
                    0.0,
                    1.0
                ]
            ]
        },
        {
            "file_path": "/data/shapenet_blender/all_50_random/02958343/57e91b50c5420cbb4628d74a95bb7fe/r_13",
            "rotation": 0.12566370614359174,
            "transform_matrix": [
                [
                    0.7670511603355408,
                    0.5861807465553284,
                    0.2608153820037842,
                    1.0513803958892822
                ],
                [
                    0.6415858864784241,
                    -0.7008112668991089,
                    -0.3118191063404083,
                    -1.2569830417633057
                ],
                [
                    0.0,
                    0.4065166413784027,
                    -0.9136433601379395,
                    -3.683014154434204
                ],
                [
                    0.0,
                    0.0,
                    0.0,
                    1.0
                ]
            ]
        },
        {
            "file_path": "/data/shapenet_blender/all_50_random/02958343/57e91b50c5420cbb4628d74a95bb7fe/r_14",
            "rotation": 0.12566370614359174,
            "transform_matrix": [
                [
                    0.9338996410369873,
                    0.3541242778301239,
                    0.04926874488592148,
                    0.1986086368560791
                ],
                [
                    0.3575352430343628,
                    -0.9249899983406067,
                    -0.1286923736333847,
                    -0.518775463104248
                ],
                [
                    3.725290298461914e-09,
                    0.1378011256456375,
                    -0.9904599785804749,
                    -3.992671489715576
                ],
                [
                    0.0,
                    0.0,
                    0.0,
                    1.0
                ]
            ]
        },
        {
            "file_path": "/data/shapenet_blender/all_50_random/02958343/57e91b50c5420cbb4628d74a95bb7fe/r_15",
            "rotation": 0.12566370614359174,
            "transform_matrix": [
                [
                    -0.21461209654808044,
                    -0.5460824966430664,
                    0.8097749352455139,
                    3.2643074989318848
                ],
                [
                    0.9766992926597595,
                    -0.11999180167913437,
                    0.1779334843158722,
                    0.7172728776931763
                ],
                [
                    -7.450580152834618e-09,
                    0.8290934562683105,
                    0.5591099858283997,
                    2.253844738006592
                ],
                [
                    0.0,
                    0.0,
                    0.0,
                    1.0
                ]
            ]
        },
        {
            "file_path": "/data/shapenet_blender/all_50_random/02958343/57e91b50c5420cbb4628d74a95bb7fe/r_16",
            "rotation": 0.12566370614359174,
            "transform_matrix": [
                [
                    0.4335678517818451,
                    0.06365466862916946,
                    -0.8988698124885559,
                    -3.623460292816162
                ],
                [
                    -0.9011210203170776,
                    0.03062698058784008,
                    -0.4324846863746643,
                    -1.7434016466140747
                ],
                [
                    -1.862645371275562e-09,
                    0.9975018501281738,
                    0.07063942402601242,
                    0.2847566604614258
                ],
                [
                    0.0,
                    0.0,
                    0.0,
                    1.0
                ]
            ]
        },
        {
            "file_path": "/data/shapenet_blender/all_50_random/02958343/57e91b50c5420cbb4628d74a95bb7fe/r_17",
            "rotation": 0.12566370614359174,
            "transform_matrix": [
                [
                    -0.9758142828941345,
                    -0.14850984513759613,
                    -0.16040943562984467,
                    -0.646631121635437
                ],
                [
                    -0.21860089898109436,
                    0.6629342436790466,
                    0.7160529494285583,
                    2.8865015506744385
                ],
                [
                    -7.4505792646561986e-09,
                    0.7338004112243652,
                    -0.6793651580810547,
                    -2.7386083602905273
                ],
                [
                    0.0,
                    0.0,
                    0.0,
                    1.0
                ]
            ]
        },
        {
            "file_path": "/data/shapenet_blender/all_50_random/02958343/57e91b50c5420cbb4628d74a95bb7fe/r_18",
            "rotation": 0.12566370614359174,
            "transform_matrix": [
                [
                    -0.7934147119522095,
                    0.23085734248161316,
                    -0.5632032752037048,
                    -2.2703449726104736
                ],
                [
                    -0.6086814403533936,
                    -0.3009219467639923,
                    0.7341340780258179,
                    2.9593892097473145
                ],
                [
                    0.0,
                    0.9252841472625732,
                    0.37927448749542236,
                    1.5289043188095093
                ],
                [
                    0.0,
                    0.0,
                    0.0,
                    1.0
                ]
            ]
        },
        {
            "file_path": "/data/shapenet_blender/all_50_random/02958343/57e91b50c5420cbb4628d74a95bb7fe/r_19",
            "rotation": 0.12566370614359174,
            "transform_matrix": [
                [
                    -0.07257693260908127,
                    -0.4090195894241333,
                    -0.9096347689628601,
                    -3.6668553352355957
                ],
                [
                    -0.9973627924919128,
                    0.029763882979750633,
                    0.06619306653738022,
                    0.2668328285217285
                ],
                [
                    0.0,
                    0.9120400547981262,
                    -0.4101010262966156,
                    -1.6531702280044556
                ],
                [
                    0.0,
                    0.0,
                    0.0,
                    1.0
                ]
            ]
        },
        {
            "file_path": "/data/shapenet_blender/all_50_random/02958343/57e91b50c5420cbb4628d74a95bb7fe/r_20",
            "rotation": 0.12566370614359174,
            "transform_matrix": [
                [
                    0.9916960000991821,
                    0.039363570511341095,
                    0.12243177741765976,
                    0.4935383200645447
                ],
                [
                    0.12860417366027832,
                    -0.3035414218902588,
                    -0.9440992474555969,
                    -3.8057861328125
                ],
                [
                    0.0,
                    0.9520046710968018,
                    -0.30608314275741577,
                    -1.233860731124878
                ],
                [
                    0.0,
                    0.0,
                    0.0,
                    1.0
                ]
            ]
        },
        {
            "file_path": "/data/shapenet_blender/all_50_random/02958343/57e91b50c5420cbb4628d74a95bb7fe/r_21",
            "rotation": 0.12566370614359174,
            "transform_matrix": [
                [
                    -0.4371994137763977,
                    -0.4942624568939209,
                    0.7513729333877563,
                    3.028881311416626
                ],
                [
                    0.8993646502494812,
                    -0.24027101695537567,
                    0.3652576208114624,
                    1.4724006652832031
                ],
                [
                    1.4901161193847656e-08,
                    0.835448682308197,
                    0.5495684146881104,
                    2.215381383895874
                ],
                [
                    0.0,
                    0.0,
                    0.0,
                    1.0
                ]
            ]
        },
        {
            "file_path": "/data/shapenet_blender/all_50_random/02958343/57e91b50c5420cbb4628d74a95bb7fe/r_22",
            "rotation": 0.12566370614359174,
            "transform_matrix": [
                [
                    -0.05274577438831329,
                    0.7117932438850403,
                    0.7004056572914124,
                    2.823425531387329
                ],
                [
                    0.9986079335212708,
                    0.03759642317891121,
                    0.03699493780732155,
                    0.14913135766983032
                ],
                [
                    -1.862645149230957e-09,
                    0.7013819217681885,
                    -0.712785542011261,
                    -2.8733303546905518
                ],
                [
                    0.0,
                    0.0,
                    0.0,
                    1.0
                ]
            ]
        },
        {
            "file_path": "/data/shapenet_blender/all_50_random/02958343/57e91b50c5420cbb4628d74a95bb7fe/r_23",
            "rotation": 0.12566370614359174,
            "transform_matrix": [
                [
                    -0.8642370104789734,
                    -0.47432562708854675,
                    0.16765889525413513,
                    0.6758546233177185
                ],
                [
                    0.503084659576416,
                    -0.8148325085639954,
                    0.2880171537399292,
                    1.1610342264175415
                ],
                [
                    0.0,
                    0.3332616984844208,
                    0.9428343772888184,
                    3.800686836242676
                ],
                [
                    0.0,
                    0.0,
                    0.0,
                    1.0
                ]
            ]
        },
        {
            "file_path": "/data/shapenet_blender/all_50_random/02958343/57e91b50c5420cbb4628d74a95bb7fe/r_24",
            "rotation": 0.12566370614359174,
            "transform_matrix": [
                [
                    -0.23151597380638123,
                    0.35752955079078674,
                    -0.9047502279281616,
                    -3.647164821624756
                ],
                [
                    -0.9728311896324158,
                    -0.08508546650409698,
                    0.21531394124031067,
                    0.8679582476615906
                ],
                [
                    0.0,
                    0.9300177097320557,
                    0.36751455068588257,
                    1.4814985990524292
                ],
                [
                    0.0,
                    0.0,
                    0.0,
                    1.0
                ]
            ]
        },
        {
            "file_path": "/data/shapenet_blender/all_50_random/02958343/57e91b50c5420cbb4628d74a95bb7fe/r_25",
            "rotation": 0.12566370614359174,
            "transform_matrix": [
                [
                    0.10990641266107559,
                    -0.5859397649765015,
                    0.8028668761253357,
                    3.236459970474243
                ],
                [
                    0.9939419031143188,
                    0.06479104608297348,
                    -0.0887780487537384,
                    -0.3578757643699646
                ],
                [
                    3.725290076417309e-09,
                    0.8077603578567505,
                    0.589510977268219,
                    2.376394748687744
                ],
                [
                    0.0,
                    0.0,
                    0.0,
                    1.0
                ]
            ]
        },
        {
            "file_path": "/data/shapenet_blender/all_50_random/02958343/57e91b50c5420cbb4628d74a95bb7fe/r_26",
            "rotation": 0.12566370614359174,
            "transform_matrix": [
                [
                    0.6873923540115356,
                    -0.05159159004688263,
                    -0.7244515419006348,
                    -2.9203574657440186
                ],
                [
                    -0.7262862324714661,
                    -0.04882877692580223,
                    -0.685655951499939,
                    -2.763967514038086
                ],
                [
                    0.0,
                    0.9974738955497742,
                    -0.07103478908538818,
                    -0.28635039925575256
                ],
                [
                    0.0,
                    0.0,
                    0.0,
                    1.0
                ]
            ]
        },
        {
            "file_path": "/data/shapenet_blender/all_50_random/02958343/57e91b50c5420cbb4628d74a95bb7fe/r_27",
            "rotation": 0.12566370614359174,
            "transform_matrix": [
                [
                    -0.14072562754154205,
                    0.8401702642440796,
                    -0.5237462520599365,
                    -2.1112887859344482
                ],
                [
                    -0.9900486469268799,
                    -0.11942189186811447,
                    0.07444534450769424,
                    0.3000987768173218
                ],
                [
                    -7.450581485102248e-09,
                    0.5290105938911438,
                    0.8486151099205017,
                    3.420876979827881
                ],
                [
                    0.0,
                    0.0,
                    0.0,
                    1.0
                ]
            ]
        },
        {
            "file_path": "/data/shapenet_blender/all_50_random/02958343/57e91b50c5420cbb4628d74a95bb7fe/r_28",
            "rotation": 0.12566370614359174,
            "transform_matrix": [
                [
                    -0.9156597852706909,
                    -0.3477555215358734,
                    0.2015770524740219,
                    0.8125830888748169
                ],
                [
                    0.4019542932510376,
                    -0.7921939492225647,
                    0.4591965079307556,
                    1.851080298423767
                ],
                [
                    0.0,
                    0.5014925003051758,
                    0.8651619553565979,
                    3.487579345703125
                ],
                [
                    0.0,
                    0.0,
                    0.0,
                    1.0
                ]
            ]
        },
        {
            "file_path": "/data/shapenet_blender/all_50_random/02958343/57e91b50c5420cbb4628d74a95bb7fe/r_29",
            "rotation": 0.12566370614359174,
            "transform_matrix": [
                [
                    0.49371999502182007,
                    -0.705825686454773,
                    -0.5079869031906128,
                    -2.0477607250213623
                ],
                [
                    -0.8696210384368896,
                    -0.4007265865802765,
                    -0.28840526938438416,
                    -1.1625988483428955
                ],
                [
                    0.0,
                    0.5841474533081055,
                    -0.8116474747657776,
                    -3.271855592727661
                ],
                [
                    0.0,
                    0.0,
                    0.0,
                    1.0
                ]
            ]
        },
        {
            "file_path": "/data/shapenet_blender/all_50_random/02958343/57e91b50c5420cbb4628d74a95bb7fe/r_30",
            "rotation": 0.12566370614359174,
            "transform_matrix": [
                [
                    -0.9620429277420044,
                    -0.2696959972381592,
                    0.04168378934264183,
                    0.16803273558616638
                ],
                [
                    0.27289828658103943,
                    -0.950753927230835,
                    0.14694702625274658,
                    0.5923624038696289
                ],
                [
                    3.725290742551124e-09,
                    0.15274450182914734,
                    0.9882656931877136,
                    3.9838263988494873
                ],
                [
                    0.0,
                    0.0,
                    0.0,
                    1.0
                ]
            ]
        },
        {
            "file_path": "/data/shapenet_blender/all_50_random/02958343/57e91b50c5420cbb4628d74a95bb7fe/r_31",
            "rotation": 0.12566370614359174,
            "transform_matrix": [
                [
                    -0.2978750765323639,
                    0.8323796987533569,
                    0.467348575592041,
                    1.8839421272277832
                ],
                [
                    0.9546049237251282,
                    0.2597358822822571,
                    0.14583151042461395,
                    0.5878655314445496
                ],
                [
                    0.0,
                    0.48957279324531555,
                    -0.8719625473022461,
                    -3.5149929523468018
                ],
                [
                    0.0,
                    0.0,
                    0.0,
                    1.0
                ]
            ]
        },
        {
            "file_path": "/data/shapenet_blender/all_50_random/02958343/57e91b50c5420cbb4628d74a95bb7fe/r_32",
            "rotation": 0.12566370614359174,
            "transform_matrix": [
                [
                    0.8744509816169739,
                    -0.0017979118274524808,
                    0.48511064052581787,
                    1.9555435180664062
                ],
                [
                    0.4851140081882477,
                    0.0032408582046628,
                    -0.8744449019432068,
                    -3.5250000953674316
                ],
                [
                    0.0,
                    0.9999931454658508,
                    0.0037061632610857487,
                    0.014940021559596062
                ],
                [
                    0.0,
                    0.0,
                    0.0,
                    1.0
                ]
            ]
        },
        {
            "file_path": "/data/shapenet_blender/all_50_random/02958343/57e91b50c5420cbb4628d74a95bb7fe/r_33",
            "rotation": 0.12566370614359174,
            "transform_matrix": [
                [
                    -0.9573570489883423,
                    0.24770791828632355,
                    -0.14868859946727753,
                    -0.5993829369544983
                ],
                [
                    -0.2889074385166168,
                    -0.8208335638046265,
                    0.4927116930484772,
                    1.9861843585968018
                ],
                [
                    -7.4505797087454084e-09,
                    0.5146582126617432,
                    0.8573954105377197,
                    3.4562714099884033
                ],
                [
                    0.0,
                    0.0,
                    0.0,
                    1.0
                ]
            ]
        },
        {
            "file_path": "/data/shapenet_blender/all_50_random/02958343/57e91b50c5420cbb4628d74a95bb7fe/r_34",
            "rotation": 0.12566370614359174,
            "transform_matrix": [
                [
                    0.5900851488113403,
                    -0.19731488823890686,
                    0.7828575968742371,
                    3.1558003425598145
                ],
                [
                    0.8073409199714661,
                    0.144217386841774,
                    -0.5721904039382935,
                    -2.3065736293792725
                ],
                [
                    0.0,
                    0.969674289226532,
                    0.24440090358257294,
                    0.9852116703987122
                ],
                [
                    0.0,
                    0.0,
                    0.0,
                    1.0
                ]
            ]
        },
        {
            "file_path": "/data/shapenet_blender/all_50_random/02958343/57e91b50c5420cbb4628d74a95bb7fe/r_35",
            "rotation": 0.12566370614359174,
            "transform_matrix": [
                [
                    -0.9053871631622314,
                    -0.008545606397092342,
                    0.42450112104415894,
                    1.7112187147140503
                ],
                [
                    0.4245871603488922,
                    -0.01822260208427906,
                    0.9052037000656128,
                    3.6489927768707275
                ],
                [
                    4.656613428188905e-10,
                    0.9997973442077637,
                    0.020126866176724434,
                    0.08113399147987366
                ],
                [
                    0.0,
                    0.0,
                    0.0,
                    1.0
                ]
            ]
        },
        {
            "file_path": "/data/shapenet_blender/all_50_random/02958343/57e91b50c5420cbb4628d74a95bb7fe/r_36",
            "rotation": 0.12566370614359174,
            "transform_matrix": [
                [
                    -0.9059159159660339,
                    -0.03699268400669098,
                    -0.42183876037597656,
                    -1.700486421585083
                ],
                [
                    -0.42345765233039856,
                    0.0791395753622055,
                    0.9024525284767151,
                    3.6379024982452393
                ],
                [
                    0.0,
                    0.9961770176887512,
                    -0.08735863119363785,
                    -0.3521538972854614
                ],
                [
                    0.0,
                    0.0,
                    0.0,
                    1.0
                ]
            ]
        },
        {
            "file_path": "/data/shapenet_blender/all_50_random/02958343/57e91b50c5420cbb4628d74a95bb7fe/r_37",
            "rotation": 0.12566370614359174,
            "transform_matrix": [
                [
                    -0.638955295085907,
                    0.02626880444586277,
                    -0.7687952518463135,
                    -3.0991125106811523
                ],
                [
                    -0.7692438364028931,
                    -0.021819598972797394,
                    0.638582706451416,
                    2.574208974838257
                ],
                [
                    0.0,
                    0.999416708946228,
                    0.034148868173360825,
                    0.1376584768295288
                ],
                [
                    0.0,
                    0.0,
                    0.0,
                    1.0
                ]
            ]
        },
        {
            "file_path": "/data/shapenet_blender/all_50_random/02958343/57e91b50c5420cbb4628d74a95bb7fe/r_38",
            "rotation": 0.12566370614359174,
            "transform_matrix": [
                [
                    -0.9933272004127502,
                    0.0813039243221283,
                    0.08179797232151031,
                    0.32973819971084595
                ],
                [
                    0.11533099412918091,
                    0.7002575397491455,
                    0.7045127153396606,
                    2.8399817943573
                ],
                [
                    0.0,
                    0.709245502948761,
                    -0.7049615383148193,
                    -2.8417911529541016
                ],
                [
                    0.0,
                    0.0,
                    0.0,
                    1.0
                ]
            ]
        },
        {
            "file_path": "/data/shapenet_blender/all_50_random/02958343/57e91b50c5420cbb4628d74a95bb7fe/r_39",
            "rotation": 0.12566370614359174,
            "transform_matrix": [
                [
                    0.7647365927696228,
                    -0.20741747319698334,
                    0.6100457906723022,
                    2.4591732025146484
                ],
                [
                    0.6443429589271545,
                    0.24617281556129456,
                    -0.7240310907363892,
                    -2.9186627864837646
                ],
                [
                    1.4901160305669237e-08,
                    0.9467718601226807,
                    0.32190534472465515,
                    1.2976419925689697
                ],
                [
                    0.0,
                    0.0,
                    0.0,
                    1.0
                ]
            ]
        },
        {
            "file_path": "/data/shapenet_blender/all_50_random/02958343/57e91b50c5420cbb4628d74a95bb7fe/r_40",
            "rotation": 0.12566370614359174,
            "transform_matrix": [
                [
                    0.9020089507102966,
                    -0.09997177124023438,
                    -0.4199826717376709,
                    -1.6930043697357178
                ],
                [
                    -0.4317173361778259,
                    -0.2088761031627655,
                    -0.8774911761283875,
                    -3.537280321121216
                ],
                [
                    0.0,
                    0.9728187918663025,
                    -0.2315676361322403,
                    -0.9334790706634521
                ],
                [
                    0.0,
                    0.0,
                    0.0,
                    1.0
                ]
            ]
        },
        {
            "file_path": "/data/shapenet_blender/all_50_random/02958343/57e91b50c5420cbb4628d74a95bb7fe/r_41",
            "rotation": 0.12566370614359174,
            "transform_matrix": [
                [
                    0.9601263403892517,
                    0.19596697390079498,
                    0.1993851363658905,
                    0.8037471771240234
                ],
                [
                    0.2795666754245758,
                    -0.6730167865753174,
                    -0.6847559213638306,
                    -2.7603394985198975
                ],
                [
                    0.0,
                    0.7131935954093933,
                    -0.7009670734405518,
                    -2.825688600540161
