{
    "class": "02958343",
    "model": "3d0308da43d52e3ef56f8ea3d9016e55",
    "remove_doubles": true,
    "edge_split": true,
    "denoise": true,
    "camera_angle_x": 0.6911112070083618,
    "scale_factor": 2.145414027159592,
    "hdri_file": "/data/IndoorHDRDataset2018/AG8A0237-6980addf88.exr",
    "center_offset": [
        0.0,
        0.0,
        -1.862645149230957e-09
    ],
    "lights": [],
    "frames": [
        {
            "file_path": "/data/shapenet_blender/all_50_random/02958343/3d0308da43d52e3ef56f8ea3d9016e55/r_0",
            "rotation": 0.12566370614359174,
            "transform_matrix": [
                [
                    -0.4565126597881317,
                    -0.2089938223361969,
                    -0.864822268486023,
                    -3.486210584640503
                ],
                [
                    -0.8897170424461365,
                    0.10723447054624557,
                    0.4437392055988312,
                    1.7887701988220215
                ],
                [
                    7.450581485102248e-09,
                    0.9720197319984436,
                    -0.23489919304847717,
                    -0.9469090700149536
                ],
                [
                    0.0,
                    0.0,
                    0.0,
                    1.0
                ]
            ]
        },
        {
            "file_path": "/data/shapenet_blender/all_50_random/02958343/3d0308da43d52e3ef56f8ea3d9016e55/r_1",
            "rotation": 0.12566370614359174,
            "transform_matrix": [
                [
                    -0.22179706394672394,
                    0.041012171655893326,
                    -0.9742299914360046,
                    -3.9272468090057373
                ],
                [
                    -0.9750928282737732,
                    -0.009328732267022133,
                    0.22160081565380096,
                    0.8933014869689941
                ],
                [
                    0.0,
                    0.9991151690483093,
                    0.0420597605407238,
                    0.16954831779003143
                ],
                [
                    0.0,
                    0.0,
                    0.0,
                    1.0
                ]
            ]
        },
        {
            "file_path": "/data/shapenet_blender/all_50_random/02958343/3d0308da43d52e3ef56f8ea3d9016e55/r_2",
            "rotation": 0.12566370614359174,
            "transform_matrix": [
                [
                    -0.4874909222126007,
                    0.13571545481681824,
                    0.8625160455703735,
                    3.4769134521484375
                ],
                [
                    0.8731281757354736,
                    0.07577357441186905,
                    0.4815658628940582,
                    1.9412541389465332
                ],
                [
                    0.0,
                    0.9878460168838501,
                    -0.15543587505817413,
                    -0.6265820264816284
                ],
                [
                    0.0,
                    0.0,
                    0.0,
                    1.0
                ]
            ]
        },
        {
            "file_path": "/data/shapenet_blender/all_50_random/02958343/3d0308da43d52e3ef56f8ea3d9016e55/r_3",
            "rotation": 0.12566370614359174,
            "transform_matrix": [
                [
                    -0.8364355564117432,
                    -0.14068476855754852,
                    -0.529701292514801,
                    -2.135294198989868
                ],
                [
                    -0.5480654239654541,
                    0.21470747888088226,
                    0.8084089159965515,
                    3.258800506591797
                ],
                [
                    7.450581485102248e-09,
                    0.9664928317070007,
                    -0.25669342279434204,
                    -1.034764289855957
                ],
                [
                    0.0,
                    0.0,
                    0.0,
                    1.0
                ]
            ]
        },
        {
            "file_path": "/data/shapenet_blender/all_50_random/02958343/3d0308da43d52e3ef56f8ea3d9016e55/r_4",
            "rotation": 0.12566370614359174,
            "transform_matrix": [
                [
                    0.2531214654445648,
                    -0.6837241649627686,
                    0.6844346523284912,
                    2.7590441703796387
                ],
                [
                    0.9674345254898071,
                    0.1788909137248993,
                    -0.17907682061195374,
                    -0.7218817472457886
                ],
                [
                    7.4505797087454084e-09,
                    0.7074739933013916,
                    0.7067394852638245,
                    2.8489577770233154
                ],
                [
                    0.0,
                    0.0,
                    0.0,
                    1.0
                ]
            ]
        },
        {
            "file_path": "/data/shapenet_blender/all_50_random/02958343/3d0308da43d52e3ef56f8ea3d9016e55/r_5",
            "rotation": 0.12566370614359174,
            "transform_matrix": [
                [
                    0.7225182056427002,
                    0.04781283438205719,
                    0.6896964907646179,
                    2.7802555561065674
                ],
                [
                    0.6913518309593201,
                    -0.04996825382113457,
                    -0.720788300037384,
                    -2.905590534210205
                ],
                [
                    -3.725290742551124e-09,
                    0.9976056218147278,
                    -0.06915846467018127,
                    -0.27878668904304504
                ],
                [
                    0.0,
                    0.0,
                    0.0,
                    1.0
                ]
            ]
        },
        {
            "file_path": "/data/shapenet_blender/all_50_random/02958343/3d0308da43d52e3ef56f8ea3d9016e55/r_6",
            "rotation": 0.12566370614359174,
            "transform_matrix": [
                [
                    0.899290144443512,
                    -0.21183229982852936,
                    0.3826282024383545,
                    1.5424237251281738
                ],
                [
                    0.43735262751579285,
                    0.4355723559856415,
                    -0.7867650985717773,
                    -3.1715517044067383
                ],
                [
                    0.0,
                    0.8748736381530762,
                    0.4843512773513794,
                    1.9524825811386108
                ],
                [
                    0.0,
                    0.0,
                    0.0,
                    1.0
                ]
            ]
        },
        {
            "file_path": "/data/shapenet_blender/all_50_random/02958343/3d0308da43d52e3ef56f8ea3d9016e55/r_7",
            "rotation": 0.12566370614359174,
            "transform_matrix": [
                [
                    -0.9748923778533936,
                    0.09101071208715439,
                    -0.20322869718074799,
                    -0.8192411661148071
                ],
                [
                    -0.22267656028270721,
                    -0.3984507918357849,
                    0.8897483348846436,
                    3.5866904258728027
                ],
                [
                    -7.4505797087454084e-09,
                    0.9126632213592529,
                    0.4087125062942505,
                    1.6475728750228882
                ],
                [
                    0.0,
                    0.0,
                    0.0,
                    1.0
                ]
            ]
        },
        {
            "file_path": "/data/shapenet_blender/all_50_random/02958343/3d0308da43d52e3ef56f8ea3d9016e55/r_8",
            "rotation": 0.12566370614359174,
            "transform_matrix": [
                [
                    0.9815225601196289,
                    0.022347908467054367,
                    0.19003728032112122,
                    0.7660647630691528
                ],
                [
                    0.19134680926799774,
                    -0.11463466286659241,
                    -0.9748052358627319,
                    -3.929565668106079
                ],
                [
                    0.0,
                    0.9931562542915344,
                    -0.1167927011847496,
                    -0.47080644965171814
                ],
                [
                    0.0,
                    0.0,
                    0.0,
                    1.0
                ]
            ]
        },
        {
            "file_path": "/data/shapenet_blender/all_50_random/02958343/3d0308da43d52e3ef56f8ea3d9016e55/r_9",
            "rotation": 0.12566370614359174,
            "transform_matrix": [
                [
                    0.8838343620300293,
                    -0.004891578573733568,
                    -0.46777427196502686,
                    -1.8856585025787354
                ],
                [
                    -0.4677998721599579,
                    -0.009241869673132896,
                    -0.8837860226631165,
                    -3.5626556873321533
                ],
                [
                    0.0,
                    0.9999454021453857,
                    -0.010456561110913754,
                    -0.04215174913406372
                ],
                [
                    0.0,
                    0.0,
                    0.0,
                    1.0
                ]
            ]
        },
        {
            "file_path": "/data/shapenet_blender/all_50_random/02958343/3d0308da43d52e3ef56f8ea3d9016e55/r_10",
            "rotation": 0.12566370614359174,
            "transform_matrix": [
                [
                    -0.5287671685218811,
                    -0.3435247242450714,
                    0.7761417627334595,
                    3.128727436065674
                ],
                [
                    0.8487669229507446,
                    -0.21401000022888184,
                    0.4835229516029358,
                    1.949143409729004
                ],
                [
                    1.4901161193847656e-08,
                    0.9144344925880432,
                    0.40473389625549316,
                    1.6315345764160156
                ],
                [
                    0.0,
                    0.0,
                    0.0,
                    1.0
                ]
            ]
        },
        {
            "file_path": "/data/shapenet_blender/all_50_random/02958343/3d0308da43d52e3ef56f8ea3d9016e55/r_11",
            "rotation": 0.12566370614359174,
            "transform_matrix": [
                [
                    0.8829432129859924,
                    0.0008496887749060988,
                    0.4694790244102478,
                    1.8925304412841797
                ],
                [
                    0.46947982907295227,
                    -0.001597996219061315,
                    -0.882941722869873,
                    -3.5592520236968994
                ],
                [
                    0.0,
                    0.9999983310699463,
                    -0.0018098516156896949,
                    -0.007295745424926281
                ],
                [
                    0.0,
                    0.0,
                    0.0,
                    1.0
                ]
            ]
        },
        {
            "file_path": "/data/shapenet_blender/all_50_random/02958343/3d0308da43d52e3ef56f8ea3d9016e55/r_12",
            "rotation": 0.12566370614359174,
            "transform_matrix": [
                [
                    -0.4718349277973175,
                    -0.1079254075884819,
                    -0.8750565052032471,
                    -3.527465581893921
                ],
                [
                    -0.8816869258880615,
                    0.05775630474090576,
                    0.4682866632938385,
                    1.8877239227294922
                ],
                [
                    0.0,
                    0.9924797415733337,
                    -0.12240787595510483,
                    -0.49344193935394287
                ],
                [
                    0.0,
                    0.0,
                    0.0,
                    1.0
                ]
            ]
        },
        {
            "file_path": "/data/shapenet_blender/all_50_random/02958343/3d0308da43d52e3ef56f8ea3d9016e55/r_13",
            "rotation": 0.12566370614359174,
            "transform_matrix": [
                [
                    -0.9093794226646423,
                    -0.0764559805393219,
                    -0.4088807702064514,
                    -1.6482511758804321
                ],
                [
                    -0.41596758365631104,
                    0.16714642941951752,
                    0.893886387348175,
                    3.6033716201782227
                ],
                [
                    7.450580596923828e-09,
                    0.9829632043838501,
                    -0.18380270898342133,
                    -0.7409324645996094
                ],
                [
                    0.0,
                    0.0,
                    0.0,
                    1.0
                ]
            ]
        },
        {
            "file_path": "/data/shapenet_blender/all_50_random/02958343/3d0308da43d52e3ef56f8ea3d9016e55/r_14",
            "rotation": 0.12566370614359174,
            "transform_matrix": [
                [
                    -0.9966341853141785,
                    -0.005446152295917273,
                    -0.08179649710655212,
                    -0.3297322392463684
                ],
                [
                    -0.08197760581970215,
                    0.0662110224366188,
                    0.9944323897361755,
                    4.008685111999512
                ],
                [
                    -4.656612873077393e-10,
                    0.9977907538414001,
                    -0.06643463671207428,
                    -0.2678065896034241
                ],
                [
                    0.0,
                    0.0,
                    0.0,
                    1.0
                ]
            ]
        },
        {
            "file_path": "/data/shapenet_blender/all_50_random/02958343/3d0308da43d52e3ef56f8ea3d9016e55/r_15",
            "rotation": 0.12566370614359174,
            "transform_matrix": [
                [
                    -0.9909487366676331,
                    -0.03189432621002197,
                    0.13039599359035492,
                    0.5256431102752686
                ],
                [
                    0.13423995673656464,
                    -0.2354414016008377,
                    0.9625729918479919,
                    3.880256175994873
                ],
                [
                    -1.862645149230957e-09,
                    0.9713649749755859,
                    0.23759187757968903,
                    0.9577635526657104
                ],
                [
                    0.0,
                    0.0,
                    0.0,
                    1.0
                ]
            ]
        },
        {
            "file_path": "/data/shapenet_blender/all_50_random/02958343/3d0308da43d52e3ef56f8ea3d9016e55/r_16",
            "rotation": 0.12566370614359174,
            "transform_matrix": [
                [
                    0.7890546321868896,
                    0.34187495708465576,
                    0.5104060173034668,
                    2.0575125217437744
                ],
                [
                    0.6143230199813843,
                    -0.4391143023967743,
                    -0.6555805802345276,
                    -2.6427297592163086
                ],
                [
                    0.0,
                    0.8308430314064026,
                    -0.556506872177124,
                    -2.2433509826660156
                ],
                [
                    0.0,
                    0.0,
                    0.0,
                    1.0
                ]
            ]
        },
        {
            "file_path": "/data/shapenet_blender/all_50_random/02958343/3d0308da43d52e3ef56f8ea3d9016e55/r_17",
            "rotation": 0.12566370614359174,
            "transform_matrix": [
                [
                    0.4427413046360016,
                    0.5183775424957275,
                    -0.7316179275512695,
                    -2.949246406555176
                ],
                [
                    -0.8966494798660278,
                    0.2559608221054077,
                    -0.36125317215919495,
                    -1.4562581777572632
                ],
                [
                    -1.4901161193847656e-08,
                    0.8159465193748474,
                    0.5781273245811462,
                    2.3305060863494873
                ],
                [
                    0.0,
                    0.0,
                    0.0,
                    1.0
                ]
            ]
        },
        {
            "file_path": "/data/shapenet_blender/all_50_random/02958343/3d0308da43d52e3ef56f8ea3d9016e55/r_18",
            "rotation": 0.12566370614359174,
            "transform_matrix": [
                [
                    0.7729488015174866,
                    0.1926424205303192,
                    -0.604515552520752,
                    -2.436880111694336
                ],
                [
                    -0.6344683766365051,
                    0.23468896746635437,
                    -0.7364583611488342,
                    -2.9687585830688477
                ],
                [
                    0.0,
                    0.9527905583381653,
                    0.3036281168460846,
                    1.2239640951156616
                ],
                [
                    0.0,
                    0.0,
                    0.0,
                    1.0
                ]
            ]
        },
        {
            "file_path": "/data/shapenet_blender/all_50_random/02958343/3d0308da43d52e3ef56f8ea3d9016e55/r_19",
            "rotation": 0.12566370614359174,
            "transform_matrix": [
                [
                    0.6051633358001709,
                    -0.0740523710846901,
                    -0.7926498055458069,
                    -3.1952731609344482
                ],
                [
                    -0.7961013913154602,
                    -0.056291550397872925,
                    -0.602539598941803,
                    -2.4289145469665527
                ],
                [
                    0.0,
                    0.9956642389297485,
                    -0.0930187851190567,
                    -0.3749706745147705
                ],
                [
                    0.0,
                    0.0,
                    0.0,
                    1.0
                ]
            ]
        },
        {
            "file_path": "/data/shapenet_blender/all_50_random/02958343/3d0308da43d52e3ef56f8ea3d9016e55/r_20",
            "rotation": 0.12566370614359174,
            "transform_matrix": [
                [
                    -0.2815963625907898,
                    0.5969533920288086,
                    0.7512323260307312,
                    3.0283143520355225
                ],
                [
                    0.9595329761505127,
                    0.1751892864704132,
                    0.22046588361263275,
                    0.8887264132499695
                ],
                [
                    1.4901162970204496e-08,
                    0.7829144597053528,
                    -0.6221292018890381,
                    -2.507883071899414
                ],
                [
                    0.0,
                    0.0,
                    0.0,
                    1.0
                ]
            ]
        },
        {
            "file_path": "/data/shapenet_blender/all_50_random/02958343/3d0308da43d52e3ef56f8ea3d9016e55/r_21",
            "rotation": 0.12566370614359174,
            "transform_matrix": [
                [
                    -0.5644387006759644,
                    0.22543612122535706,
                    -0.7940954566001892,
                    -3.201101064682007
                ],
                [
                    -0.8254749774932861,
                    -0.1541474610567093,
                    0.5429821610450745,
                    2.188831090927124
                ],
                [
                    -7.4505797087454084e-09,
                    0.9619861245155334,
                    0.2730986475944519,
                    1.100895881652832
                ],
                [
                    0.0,
                    0.0,
                    0.0,
                    1.0
                ]
            ]
        },
        {
            "file_path": "/data/shapenet_blender/all_50_random/02958343/3d0308da43d52e3ef56f8ea3d9016e55/r_22",
            "rotation": 0.12566370614359174,
            "transform_matrix": [
                [
                    0.14259274303913116,
                    0.8730264902114868,
                    -0.46636074781417847,
                    -1.8799604177474976
                ],
                [
                    -0.9897814989089966,
                    0.12577244639396667,
                    -0.06718619912862778,
                    -0.2708362638950348
                ],
                [
                    0.0,
                    0.47117549180984497,
                    0.8820393681526184,
                    3.555614709854126
                ],
                [
                    0.0,
                    0.0,
                    0.0,
                    1.0
                ]
            ]
        },
        {
            "file_path": "/data/shapenet_blender/all_50_random/02958343/3d0308da43d52e3ef56f8ea3d9016e55/r_23",
            "rotation": 0.12566370614359174,
            "transform_matrix": [
                [
                    -0.602368175983429,
                    -0.007046891376376152,
                    0.798187255859375,
                    3.2175958156585693
                ],
                [
                    0.7982183694839478,
                    -0.0053178719244897366,
                    0.6023446917533875,
                    2.428129196166992
                ],
                [
                    0.0,
                    0.9999611377716064,
                    0.008828273974359035,
                    0.03558791056275368
                ],
                [
                    0.0,
                    0.0,
                    0.0,
                    1.0
                ]
            ]
        },
        {
            "file_path": "/data/shapenet_blender/all_50_random/02958343/3d0308da43d52e3ef56f8ea3d9016e55/r_24",
            "rotation": 0.12566370614359174,
            "transform_matrix": [
                [
                    0.9637839794158936,
                    -0.0646747574210167,
                    -0.25872310996055603,
                    -1.0429463386535645
                ],
                [
                    -0.26668426394462585,
                    -0.2337314486503601,
                    -0.9350128173828125,
                    -3.7691574096679688
                ],
                [
                    0.0,
                    0.9701477885246277,
                    -0.24251437187194824,
                    -0.9776067733764648
                ],
                [
                    0.0,
                    0.0,
                    0.0,
                    1.0
                ]
            ]
        },
        {
            "file_path": "/data/shapenet_blender/all_50_random/02958343/3d0308da43d52e3ef56f8ea3d9016e55/r_25",
            "rotation": 0.12566370614359174,
            "transform_matrix": [
                [
                    -0.7861318588256836,
                    -0.3518046736717224,
                    0.5081635117530823,
                    2.0484726428985596
                ],
                [
                    0.6180588006973267,
                    -0.4474733769893646,
                    0.6463519930839539,
                    2.6055281162261963
                ],
                [
                    -1.4901161193847656e-08,
                    0.8221927285194397,
                    0.569209098815918,
                    2.294555187225342
                ],
                [
                    0.0,
                    0.0,
                    0.0,
                    1.0
                ]
            ]
        },
        {
            "file_path": "/data/shapenet_blender/all_50_random/02958343/3d0308da43d52e3ef56f8ea3d9016e55/r_26",
            "rotation": 0.12566370614359174,
            "transform_matrix": [
                [
                    -0.9994047284126282,
                    0.0040137204341590405,
                    0.03426484763622284,
                    0.13812601566314697
                ],
                [
                    0.03449912741780281,
                    0.1162734106183052,
                    0.9926179051399231,
                    4.001370429992676
                ],
                [
                    -4.656612873077393e-10,
                    0.9932090640068054,
                    -0.11634267121553421,
                    -0.46899229288101196
                ],
                [
                    0.0,
                    0.0,
                    0.0,
                    1.0
                ]
            ]
        },
        {
            "file_path": "/data/shapenet_blender/all_50_random/02958343/3d0308da43d52e3ef56f8ea3d9016e55/r_27",
            "rotation": 0.12566370614359174,
            "transform_matrix": [
                [
                    0.9237481951713562,
                    0.1170293465256691,
                    0.36468255519866943,
                    1.4700825214385986
                ],
                [
                    0.38300034403800964,
                    -0.2822599411010742,
                    -0.8795680403709412,
                    -3.545652389526367
                ],
                [
                    7.450580596923828e-09,
                    0.9521729946136475,
                    -0.305559366941452,
                    -1.2317492961883545
                ],
                [
                    0.0,
                    0.0,
                    0.0,
                    1.0
                ]
            ]
        },
        {
            "file_path": "/data/shapenet_blender/all_50_random/02958343/3d0308da43d52e3ef56f8ea3d9016e55/r_28",
            "rotation": 0.12566370614359174,
            "transform_matrix": [
                [
                    0.13175496459007263,
                    0.21872498095035553,
                    0.9668504595756531,
                    3.8974990844726562
                ],
                [
                    0.9912823438644409,
                    -0.029071539640426636,
                    -0.12850762903690338,
                    -0.5180308818817139
                ],
                [
                    1.862645371275562e-09,
                    0.9753533601760864,
                    -0.22064851224422455,
                    -0.8894626498222351
                ],
                [
                    0.0,
                    0.0,
                    0.0,
                    1.0
                ]
            ]
        },
        {
            "file_path": "/data/shapenet_blender/all_50_random/02958343/3d0308da43d52e3ef56f8ea3d9016e55/r_29",
            "rotation": 0.12566370614359174,
            "transform_matrix": [
                [
                    -0.8827147483825684,
                    -0.39320555329322815,
                    -0.2573017477989197,
                    -1.0372166633605957
                ],
                [
                    -0.4699094295501709,
                    0.7386282086372375,
                    0.48333585262298584,
                    1.9483892917633057
                ],
                [
                    0.0,
                    0.5475562810897827,
                    -0.8367688059806824,
                    -3.3731231689453125
                ],
                [
                    0.0,
                    0.0,
                    0.0,
                    1.0
                ]
            ]
        },
        {
            "file_path": "/data/shapenet_blender/all_50_random/02958343/3d0308da43d52e3ef56f8ea3d9016e55/r_30",
            "rotation": 0.12566370614359174,
            "transform_matrix": [
                [
                    0.9906660914421082,
                    0.08942792564630508,
                    0.10287532210350037,
                    0.4147036671638489
                ],
                [
                    0.13631097972393036,
                    -0.6499344706535339,
                    -0.74766606092453,
                    -3.0139381885528564
                ],
                [
                    -7.4505797087454084e-09,
                    0.7547104358673096,
                    -0.6560580134391785,
                    -2.6446542739868164
                ],
                [
                    0.0,
                    0.0,
                    0.0,
                    1.0
                ]
            ]
        },
        {
            "file_path": "/data/shapenet_blender/all_50_random/02958343/3d0308da43d52e3ef56f8ea3d9016e55/r_31",
            "rotation": 0.12566370614359174,
            "transform_matrix": [
                [
                    -0.880467414855957,
                    0.16106478869915009,
                    0.4459095597267151,
                    1.7975187301635742
                ],
                [
                    0.47410669922828674,
                    0.29911473393440247,
                    0.8281022310256958,
                    3.338186502456665
                ],
                [
                    -1.4901159417490817e-08,
                    0.9405256509780884,
                    -0.3397226929664612,
                    -1.3694658279418945
                ],
                [
                    0.0,
                    0.0,
                    0.0,
                    1.0
                ]
            ]
        },
        {
            "file_path": "/data/shapenet_blender/all_50_random/02958343/3d0308da43d52e3ef56f8ea3d9016e55/r_32",
            "rotation": 0.12566370614359174,
            "transform_matrix": [
                [
                    -0.9638169407844543,
                    -0.1022418886423111,
                    0.24617800116539001,
                    0.9923752546310425
                ],
                [
                    0.2665652334690094,
                    -0.3696748912334442,
                    0.8901030421257019,
                    3.588120222091675
                ],
                [
                    0.0,
                    0.923518717288971,
                    0.38355302810668945,
                    1.5461517572402954
                ],
                [
                    0.0,
                    0.0,
                    0.0,
                    1.0
                ]
            ]
        },
        {
            "file_path": "/data/shapenet_blender/all_50_random/02958343/3d0308da43d52e3ef56f8ea3d9016e55/r_33",
            "rotation": 0.12566370614359174,
            "transform_matrix": [
                [
                    -0.5522410273551941,
                    -0.5713967680931091,
                    0.6070713400840759,
                    2.4471828937530518
                ],
                [
                    0.8336845636367798,
                    -0.37849897146224976,
                    0.402130126953125,
                    1.6210384368896484
                ],
                [
                    1.4901161193847656e-08,
                    0.7281786799430847,
                    0.6853873133659363,
                    2.7628846168518066
                ],
                [
                    0.0,
                    0.0,
                    0.0,
                    1.0
                ]
            ]
        },
        {
            "file_path": "/data/shapenet_blender/all_50_random/02958343/3d0308da43d52e3ef56f8ea3d9016e55/r_34",
            "rotation": 0.12566370614359174,
            "transform_matrix": [
                [
                    0.9996556043624878,
                    -0.008321289904415607,
                    0.024887945502996445,
                    0.1003265231847763
                ],
                [
                    0.026242215186357498,
                    0.3169863522052765,
                    -0.9480668902397156,
                    -3.821780204772949
                ],
                [
                    9.313225746154785e-10,
                    0.9483935832977295,
                    0.3170955181121826,
                    1.2782530784606934
                ],
                [
                    0.0,
                    0.0,
                    0.0,
                    1.0
                ]
            ]
        },
        {
            "file_path": "/data/shapenet_blender/all_50_random/02958343/3d0308da43d52e3ef56f8ea3d9016e55/r_35",
            "rotation": 0.12566370614359174,
            "transform_matrix": [
                [
                    0.9235363602638245,
                    0.06630899757146835,
                    -0.3777352571487427,
                    -1.5226994752883911
                ],
                [
                    -0.38351118564605713,
                    0.15967920422554016,
                    -0.9096272587776184,
                    -3.6668248176574707
                ],
                [
                    -7.450581485102248e-09,
                    0.9849393963813782,
                    0.1728997826576233,
                    0.6969813108444214
                ],
                [
                    0.0,
                    0.0,
                    0.0,
                    1.0
                ]
            ]
        },
        {
            "file_path": "/data/shapenet_blender/all_50_random/02958343/3d0308da43d52e3ef56f8ea3d9016e55/r_36",
            "rotation": 0.12566370614359174,
            "transform_matrix": [
                [
                    0.8211098313331604,
                    0.0003329489263705909,
                    -0.5707700848579407,
                    -2.3008475303649902
                ],
                [
                    -0.5707701444625854,
                    0.0004789802769664675,
                    -0.8211097717285156,
                    -3.3099989891052246
                ],
                [
                    0.0,
                    0.9999998807907104,
                    0.0005833327304571867,
                    0.0023514891508966684
                ],
                [
                    0.0,
                    0.0,
                    0.0,
                    1.0
                ]
            ]
        },
        {
            "file_path": "/data/shapenet_blender/all_50_random/02958343/3d0308da43d52e3ef56f8ea3d9016e55/r_37",
            "rotation": 0.12566370614359174,
            "transform_matrix": [
                [
                    -0.5531967878341675,
                    -0.058609575033187866,
                    0.8309863805770874,
                    3.3498127460479736
                ],
                [
                    0.8330506086349487,
                    -0.03892035782337189,
                    0.551826000213623,
                    2.2244815826416016
                ],
                [
                    0.0,
                    0.9975220561027527,
                    0.0703553631901741,
                    0.2836115062236786
                ],
                [
                    0.0,
                    0.0,
                    0.0,
                    1.0
                ]
            ]
        },
        {
            "file_path": "/data/shapenet_blender/all_50_random/02958343/3d0308da43d52e3ef56f8ea3d9016e55/r_38",
            "rotation": 0.12566370614359174,
            "transform_matrix": [
                [
                    0.8162200450897217,
                    -0.3952101767063141,
                    0.4214189052581787,
                    1.6987940073013306
                ],
                [
                    0.5777413249015808,
                    0.5583440661430359,
                    -0.5953711271286011,
                    -2.4000179767608643
                ],
                [
                    -1.4901162970204496e-08,
                    0.7294248938560486,
                    0.6840607523918152,
                    2.757537364959717
                ],
                [
                    0.0,
                    0.0,
                    0.0,
                    1.0
                ]
            ]
        },
        {
            "file_path": "/data/shapenet_blender/all_50_random/02958343/3d0308da43d52e3ef56f8ea3d9016e55/r_39",
            "rotation": 0.12566370614359174,
            "transform_matrix": [
                [
                    -0.5866484642028809,
                    0.10051421821117401,
                    0.8035796284675598,
                    3.239333391189575
                ],
                [
                    0.8098416328430176,
                    0.07281240820884705,
                    0.5821123123168945,
                    2.3465700149536133
                ],
                [
                    -3.725290298461914e-09,
                    0.9922676086425781,
                    -0.12411589920520782,
                    -0.5003272294998169
                ],
                [
                    0.0,
                    0.0,
                    0.0,
                    1.0
                ]
            ]
        },
        {
            "file_path": "/data/shapenet_blender/all_50_random/02958343/3d0308da43d52e3ef56f8ea3d9016e55/r_40",
            "rotation": 0.12566370614359174,
            "transform_matrix": [
                [
                    -0.39180898666381836,
                    -0.1927650421857834,
                    -0.8996261954307556,
                    -3.626509189605713
                ],
                [
                    -0.9200466275215149,
                    0.08209048956632614,
                    0.3831127882003784,
                    1.544377088546753
                ],
                [
                    7.450580596923828e-09,
                    0.9778051376342773,
                    -0.20951659977436066,
                    -0.8445884585380554
                ],
                [
                    0.0,
                    0.0,
                    0.0,
                    1.0
                ]
            ]
        },
        {
            "file_path": "/data/shapenet_blender/all_50_random/02958343/3d0308da43d52e3ef56f8ea3d9016e55/r_41",
            "rotation": 0.12566370614359174,
            "transform_matrix": [
                [
                    -0.23331566154956818,
                    0.05470142886042595,
                    -0.9708611369132996,
                    -3.9136667251586914
                ],
                [
                    -0.9724010825157166,
                    -0.01312493346631527,
