{
    "class": "02958343",
    "model": "2999f005f1eba724bda733a39f84326d",
    "remove_doubles": true,
    "edge_split": true,
    "denoise": true,
    "camera_angle_x": 0.6911112070083618,
    "scale_factor": 2.297517023687661,
    "hdri_file": "/data/IndoorHDRDataset2018/AG8A7230-2b83e04fdb.exr",
    "center_offset": [
        0.0,
        -3.725290298461914e-09,
        -3.725290298461914e-09
    ],
    "lights": [],
    "frames": [
        {
            "file_path": "/data/shapenet_blender/all_50_random/02958343/2999f005f1eba724bda733a39f84326d/r_0",
            "rotation": 0.12566370614359174,
            "transform_matrix": [
                [
                    0.9049630165100098,
                    0.37618428468704224,
                    -0.19881507754325867,
                    -0.8014493584632874
                ],
                [
                    -0.42549046874046326,
                    0.80009526014328,
                    -0.42285388708114624,
                    -1.7045787572860718
                ],
                [
                    1.4901162970204496e-08,
                    0.4672609865665436,
                    0.8841192722320557,
                    3.5639991760253906
                ],
                [
                    0.0,
                    0.0,
                    0.0,
                    1.0
                ]
            ]
        },
        {
            "file_path": "/data/shapenet_blender/all_50_random/02958343/2999f005f1eba724bda733a39f84326d/r_1",
            "rotation": 0.12566370614359174,
            "transform_matrix": [
                [
                    0.4293632209300995,
                    -0.566521167755127,
                    -0.703349769115448,
                    -2.835293769836426
                ],
                [
                    -0.903131902217865,
                    -0.2693331241607666,
                    -0.33438363671302795,
                    -1.347943663597107
                ],
                [
                    2.9802322387695312e-08,
                    0.7787895798683167,
                    -0.6272850036621094,
                    -2.5286669731140137
                ],
                [
                    0.0,
                    0.0,
                    0.0,
                    1.0
                ]
            ]
        },
        {
            "file_path": "/data/shapenet_blender/all_50_random/02958343/2999f005f1eba724bda733a39f84326d/r_2",
            "rotation": 0.12566370614359174,
            "transform_matrix": [
                [
                    -0.8917922973632812,
                    0.030852602794766426,
                    0.45139172673225403,
                    1.8196181058883667
                ],
                [
                    0.45244482159614563,
                    0.0608120821416378,
                    0.8897165656089783,
                    3.586561918258667
                ],
                [
                    1.8626448161640496e-09,
                    0.9976722598075867,
                    -0.06819085776805878,
                    -0.2748861312866211
                ],
                [
                    0.0,
                    0.0,
                    0.0,
                    1.0
                ]
            ]
        },
        {
            "file_path": "/data/shapenet_blender/all_50_random/02958343/2999f005f1eba724bda733a39f84326d/r_3",
            "rotation": 0.12566370614359174,
            "transform_matrix": [
                [
                    -0.6376839280128479,
                    -0.5641618967056274,
                    -0.524480938911438,
                    -2.114250421524048
                ],
                [
                    -0.7702980637550354,
                    0.4670361280441284,
                    0.4341866075992584,
                    1.7502622604370117
                ],
                [
                    1.4901161193847656e-08,
                    0.6808804869651794,
                    -0.7323943972587585,
                    -2.9523766040802
                ],
                [
                    0.0,
                    0.0,
                    0.0,
                    1.0
                ]
            ]
        },
        {
            "file_path": "/data/shapenet_blender/all_50_random/02958343/2999f005f1eba724bda733a39f84326d/r_4",
            "rotation": 0.12566370614359174,
            "transform_matrix": [
                [
                    -0.5875598788261414,
                    0.3247600793838501,
                    0.7411506175994873,
                    2.987673759460449
                ],
                [
                    0.809180736541748,
                    0.23581382632255554,
                    0.5381620526313782,
                    2.169400691986084
                ],
                [
                    0.0,
                    0.9159272909164429,
                    -0.40134429931640625,
                    -1.617870569229126
                ],
                [
                    0.0,
                    0.0,
                    0.0,
                    1.0
                ]
            ]
        },
        {
            "file_path": "/data/shapenet_blender/all_50_random/02958343/2999f005f1eba724bda733a39f84326d/r_5",
            "rotation": 0.12566370614359174,
            "transform_matrix": [
                [
                    0.9392441511154175,
                    0.2879972755908966,
                    -0.18675656616687775,
                    -0.7528398036956787
                ],
                [
                    -0.3432498276233673,
                    0.7880550622940063,
                    -0.5110272169113159,
                    -2.060016632080078
                ],
                [
                    1.4901161193847656e-08,
                    0.5440834760665894,
                    0.8390311002731323,
                    3.382242441177368
                ],
                [
                    0.0,
                    0.0,
                    0.0,
                    1.0
                ]
            ]
        },
        {
            "file_path": "/data/shapenet_blender/all_50_random/02958343/2999f005f1eba724bda733a39f84326d/r_6",
            "rotation": 0.12566370614359174,
            "transform_matrix": [
                [
                    -0.9237762093544006,
                    -0.12951363623142242,
                    0.3603661358356476,
                    1.4526824951171875
                ],
                [
                    0.3829328119754791,
                    -0.31243497133255005,
                    0.8693369626998901,
                    3.5044095516204834
                ],
                [
                    -7.450580596923828e-09,
                    0.9410687685012817,
                    0.33821502327919006,
                    1.3633885383605957
                ],
                [
                    0.0,
                    0.0,
                    0.0,
                    1.0
                ]
            ]
        },
        {
            "file_path": "/data/shapenet_blender/all_50_random/02958343/2999f005f1eba724bda733a39f84326d/r_7",
            "rotation": 0.12566370614359174,
            "transform_matrix": [
                [
                    0.8662412762641907,
                    0.12866391241550446,
                    0.482774943113327,
                    1.9461278915405273
                ],
                [
                    0.49962592124938965,
                    -0.22307491302490234,
                    -0.8370254039764404,
                    -3.374157190322876
                ],
                [
                    7.450580596923828e-09,
                    0.9662727117538452,
                    -0.25752052664756775,
                    -1.0380984544754028
                ],
                [
                    0.0,
                    0.0,
                    0.0,
                    1.0
                ]
            ]
        },
        {
            "file_path": "/data/shapenet_blender/all_50_random/02958343/2999f005f1eba724bda733a39f84326d/r_8",
            "rotation": 0.12566370614359174,
            "transform_matrix": [
                [
                    -0.3402193784713745,
                    0.7665225267410278,
                    0.5446962714195251,
                    2.1957409381866455
                ],
                [
                    0.9403461217880249,
                    0.27732959389686584,
                    0.197072371840477,
                    0.7944241166114807
                ],
                [
                    1.4901161193847656e-08,
                    0.5792508125305176,
                    -0.8151493668556213,
                    -3.2859721183776855
                ],
                [
                    0.0,
                    0.0,
                    0.0,
                    1.0
                ]
            ]
        },
        {
            "file_path": "/data/shapenet_blender/all_50_random/02958343/2999f005f1eba724bda733a39f84326d/r_9",
            "rotation": 0.12566370614359174,
            "transform_matrix": [
                [
                    -0.7978518009185791,
                    0.2876899838447571,
                    0.5297800898551941,
                    2.1356117725372314
                ],
                [
                    0.6028535962104797,
                    0.3807458281517029,
                    0.7011420726776123,
                    2.8263940811157227
                ],
                [
                    -1.4901159417490817e-08,
                    0.8787873387336731,
                    -0.47721371054649353,
                    -1.9237099885940552
                ],
                [
                    0.0,
                    0.0,
                    0.0,
                    1.0
                ]
            ]
        },
        {
            "file_path": "/data/shapenet_blender/all_50_random/02958343/2999f005f1eba724bda733a39f84326d/r_10",
            "rotation": 0.12566370614359174,
            "transform_matrix": [
                [
                    -0.6544415354728699,
                    0.5698646306991577,
                    -0.4969511926174164,
                    -2.003274440765381
                ],
                [
                    -0.7561126351356506,
                    -0.4932374954223633,
                    0.4301283657550812,
                    1.7339030504226685
                ],
                [
                    -1.4901162970204496e-08,
                    0.6572448015213013,
                    0.7536768913269043,
                    3.0381689071655273
                ],
                [
                    0.0,
                    0.0,
                    0.0,
                    1.0
                ]
            ]
        },
        {
            "file_path": "/data/shapenet_blender/all_50_random/02958343/2999f005f1eba724bda733a39f84326d/r_11",
            "rotation": 0.12566370614359174,
            "transform_matrix": [
                [
                    -0.9794812798500061,
                    0.022818317636847496,
                    -0.2002393752336502,
                    -0.8071907758712769
                ],
                [
                    -0.20153534412384033,
                    -0.11089923232793808,
                    0.9731827974319458,
                    3.923025608062744
                ],
                [
                    1.862645149230957e-09,
                    0.9935697317123413,
                    0.1132223978638649,
                    0.4564141035079956
                ],
                [
                    0.0,
                    0.0,
                    0.0,
                    1.0
                ]
            ]
        },
        {
            "file_path": "/data/shapenet_blender/all_50_random/02958343/2999f005f1eba724bda733a39f84326d/r_12",
            "rotation": 0.12566370614359174,
            "transform_matrix": [
                [
                    0.5846300721168518,
                    -0.052551742643117905,
                    -0.8095962405204773,
                    -3.2635867595672607
                ],
                [
                    -0.8113000392913818,
                    -0.037869252264499664,
                    -0.5834022760391235,
                    -2.3517696857452393
                ],
                [
                    1.862645149230957e-09,
                    0.9978999495506287,
                    -0.06477473676204681,
                    -0.26111531257629395
                ],
                [
                    0.0,
                    0.0,
                    0.0,
                    1.0
                ]
            ]
        },
        {
            "file_path": "/data/shapenet_blender/all_50_random/02958343/2999f005f1eba724bda733a39f84326d/r_13",
            "rotation": 0.12566370614359174,
            "transform_matrix": [
                [
                    0.022548504173755646,
                    0.790030837059021,
                    -0.6126522421836853,
                    -2.4696803092956543
                ],
                [
                    -0.999745786190033,
                    0.017818544059991837,
                    -0.013817905448377132,
                    -0.055701762437820435
                ],
                [
                    0.0,
                    0.612808108329773,
                    0.7902317047119141,
                    3.185526132583618
                ],
                [
                    0.0,
                    0.0,
                    0.0,
                    1.0
                ]
            ]
        },
        {
            "file_path": "/data/shapenet_blender/all_50_random/02958343/2999f005f1eba724bda733a39f84326d/r_14",
            "rotation": 0.12566370614359174,
            "transform_matrix": [
                [
                    0.13004200160503387,
                    -0.6201176047325134,
                    0.7736556529998779,
                    3.1187057495117188
                ],
                [
                    0.9915084838867188,
                    0.08133196830749512,
                    -0.10146935284137726,
                    -0.4090360403060913
                ],
                [
                    0.0,
                    0.7802813649177551,
                    0.6254284381866455,
                    2.5211827754974365
                ],
                [
                    0.0,
                    0.0,
                    0.0,
                    1.0
                ]
            ]
        },
        {
            "file_path": "/data/shapenet_blender/all_50_random/02958343/2999f005f1eba724bda733a39f84326d/r_15",
            "rotation": 0.12566370614359174,
            "transform_matrix": [
                [
                    -0.5160626173019409,
                    0.43523091077804565,
                    0.7377353310585022,
                    2.9739062786102295
                ],
                [
                    0.856550931930542,
                    0.2622218728065491,
                    0.44447752833366394,
                    1.7917462587356567
                ],
                [
                    1.4901162970204496e-08,
                    0.8612859845161438,
                    -0.5081202983856201,
                    -2.0482983589172363
                ],
                [
                    0.0,
                    0.0,
                    0.0,
                    1.0
                ]
            ]
        },
        {
            "file_path": "/data/shapenet_blender/all_50_random/02958343/2999f005f1eba724bda733a39f84326d/r_16",
            "rotation": 0.12566370614359174,
            "transform_matrix": [
                [
                    -0.14853747189044952,
                    -0.02944544143974781,
                    -0.9884682297706604,
                    -3.9846432209014893
                ],
                [
                    -0.988906741142273,
                    0.0044228145852684975,
                    0.14847159385681152,
                    0.5985081791877747
                ],
                [
                    0.0,
                    0.9995566010475159,
                    -0.029775748029351234,
                    -0.12002988904714584
                ],
                [
                    0.0,
                    0.0,
                    0.0,
                    1.0
                ]
            ]
        },
        {
            "file_path": "/data/shapenet_blender/all_50_random/02958343/2999f005f1eba724bda733a39f84326d/r_17",
            "rotation": 0.12566370614359174,
            "transform_matrix": [
                [
                    0.43090757727622986,
                    -0.13494890928268433,
                    -0.8922485113143921,
                    -3.596768856048584
                ],
                [
                    -0.9023960828781128,
                    -0.06444011628627777,
                    -0.4260619580745697,
                    -1.71751070022583
                ],
                [
                    0.0,
                    0.9887548089027405,
                    -0.1495451182126999,
                    -0.6028356552124023
                ],
                [
                    0.0,
                    0.0,
                    0.0,
                    1.0
                ]
            ]
        },
        {
            "file_path": "/data/shapenet_blender/all_50_random/02958343/2999f005f1eba724bda733a39f84326d/r_18",
            "rotation": 0.12566370614359174,
            "transform_matrix": [
                [
                    -0.40461498498916626,
                    -0.12160079926252365,
                    0.9063663482666016,
                    3.653679609298706
                ],
                [
                    0.9144871830940247,
                    -0.053802285343408585,
                    0.40102189779281616,
                    1.6165709495544434
                ],
                [
                    0.0,
                    0.9911198019981384,
                    0.13297156989574432,
                    0.5360255241394043
                ],
                [
                    0.0,
                    0.0,
                    0.0,
                    1.0
                ]
            ]
        },
        {
            "file_path": "/data/shapenet_blender/all_50_random/02958343/2999f005f1eba724bda733a39f84326d/r_19",
            "rotation": 0.12566370614359174,
            "transform_matrix": [
                [
                    -0.6444865465164185,
                    -0.0021911486983299255,
                    0.7646124958992004,
                    3.08225154876709
                ],
                [
                    0.7646156549453735,
                    -0.0018468962516635656,
                    0.6444838643074036,
                    2.5979976654052734
                ],
                [
                    -1.1641532182693481e-10,
                    0.9999958872795105,
                    0.0028656863141804934,
                    0.011551951058208942
                ],
                [
                    0.0,
                    0.0,
                    0.0,
                    1.0
                ]
            ]
        },
        {
            "file_path": "/data/shapenet_blender/all_50_random/02958343/2999f005f1eba724bda733a39f84326d/r_20",
            "rotation": 0.12566370614359174,
            "transform_matrix": [
                [
                    0.26922091841697693,
                    -0.28499898314476013,
                    -0.9199432730674744,
                    -3.7084100246429443
                ],
                [
                    -0.963078498840332,
                    -0.07966919243335724,
                    -0.25716280937194824,
                    -1.0366564989089966
                ],
                [
                    0.0,
                    0.9552111625671387,
                    -0.29592499136924744,
                    -1.1929117441177368
                ],
                [
                    0.0,
                    0.0,
                    0.0,
                    1.0
                ]
            ]
        },
        {
            "file_path": "/data/shapenet_blender/all_50_random/02958343/2999f005f1eba724bda733a39f84326d/r_21",
            "rotation": 0.12566370614359174,
            "transform_matrix": [
                [
                    0.5487200021743774,
                    0.6008546352386475,
                    -0.5812744498252869,
                    -2.3431923389434814
                ],
                [
                    -0.8360061049461365,
                    0.394376277923584,
                    -0.38152462244033813,
                    -1.5379749536514282
                ],
                [
                    0.0,
                    0.6952992081642151,
                    0.7187203764915466,
                    2.897254467010498
                ],
                [
                    0.0,
                    0.0,
                    0.0,
                    1.0
                ]
            ]
        },
        {
            "file_path": "/data/shapenet_blender/all_50_random/02958343/2999f005f1eba724bda733a39f84326d/r_22",
            "rotation": 0.12566370614359174,
            "transform_matrix": [
                [
                    0.6109522581100464,
                    -0.14364880323410034,
                    0.7785257697105408,
                    3.1383378505706787
                ],
                [
                    0.7916675806045532,
                    0.11085785180330276,
                    -0.6008104085922241,
                    -2.4219441413879395
                ],
                [
                    0.0,
                    0.9833999872207642,
                    0.18145093321800232,
                    0.7314521074295044
                ],
                [
                    0.0,
                    0.0,
                    0.0,
                    1.0
                ]
            ]
        },
        {
            "file_path": "/data/shapenet_blender/all_50_random/02958343/2999f005f1eba724bda733a39f84326d/r_23",
            "rotation": 0.12566370614359174,
            "transform_matrix": [
                [
                    -0.9330808520317078,
                    -0.23536063730716705,
                    0.27196604013442993,
                    1.096330165863037
                ],
                [
                    0.35966670513153076,
                    -0.6105943918228149,
                    0.7055595517158508,
                    2.8442015647888184
                ],
                [
                    0.0,
                    0.7561612129211426,
                    0.6543853282928467,
                    2.637911558151245
                ],
                [
                    0.0,
                    0.0,
                    0.0,
                    1.0
                ]
            ]
        },
        {
            "file_path": "/data/shapenet_blender/all_50_random/02958343/2999f005f1eba724bda733a39f84326d/r_24",
            "rotation": 0.12566370614359174,
            "transform_matrix": [
                [
                    -0.892796516418457,
                    -0.015381235629320145,
                    0.4501974284648895,
                    1.8148038387298584
                ],
                [
                    0.4504601061344147,
                    -0.030485082417726517,
                    0.8922759294509888,
                    3.596879243850708
                ],
                [
                    -9.313225191043273e-10,
                    0.9994167685508728,
                    0.03414561226963997,
                    0.13764536380767822
                ],
                [
                    0.0,
                    0.0,
                    0.0,
                    1.0
                ]
            ]
        },
        {
            "file_path": "/data/shapenet_blender/all_50_random/02958343/2999f005f1eba724bda733a39f84326d/r_25",
            "rotation": 0.12566370614359174,
            "transform_matrix": [
                [
                    -0.3047615587711334,
                    0.061510272324085236,
                    -0.9504402875900269,
                    -3.831347703933716
                ],
                [
                    -0.9524286985397339,
                    -0.019682276993989944,
                    0.30412527918815613,
                    1.225968360900879
                ],
                [
                    0.0,
                    0.9979124069213867,
                    0.06458254158496857,
                    0.2603405714035034
                ],
                [
                    0.0,
                    0.0,
                    0.0,
                    1.0
                ]
            ]
        },
        {
            "file_path": "/data/shapenet_blender/all_50_random/02958343/2999f005f1eba724bda733a39f84326d/r_26",
            "rotation": 0.12566370614359174,
            "transform_matrix": [
                [
                    0.9198732376098633,
                    0.3315652012825012,
                    -0.2095179557800293,
                    -0.84459388256073
                ],
                [
                    -0.39221587777137756,
                    0.7776277661323547,
                    -0.4913874566555023,
                    -1.9808461666107178
                ],
                [
                    0.0,
                    0.5341904759407043,
                    0.8453642129898071,
                    3.4077720642089844
                ],
                [
                    0.0,
                    0.0,
                    0.0,
                    1.0
                ]
            ]
        },
        {
            "file_path": "/data/shapenet_blender/all_50_random/02958343/2999f005f1eba724bda733a39f84326d/r_27",
            "rotation": 0.12566370614359174,
            "transform_matrix": [
                [
                    -0.34360942244529724,
                    -0.04762694239616394,
                    0.9379041790962219,
                    3.7808127403259277
                ],
                [
                    0.9391127228736877,
                    -0.01742609404027462,
                    0.3431672751903534,
                    1.3833515644073486
                ],
                [
                    0.0,
                    0.9987130165100098,
                    0.05071483924984932,
                    0.20443806052207947
                ],
                [
                    0.0,
                    0.0,
                    0.0,
                    1.0
                ]
            ]
        },
        {
            "file_path": "/data/shapenet_blender/all_50_random/02958343/2999f005f1eba724bda733a39f84326d/r_28",
            "rotation": 0.12566370614359174,
            "transform_matrix": [
                [
                    -0.9930329918861389,
                    0.005271882750093937,
                    -0.1177191212773323,
                    -0.47454097867012024
                ],
                [
                    -0.11783711612224579,
                    -0.04442702978849411,
                    0.9920385479927063,
                    3.999035596847534
                ],
                [
                    0.0,
                    0.9989986419677734,
                    0.04473872482776642,
                    0.18034757673740387
                ],
                [
                    0.0,
                    0.0,
                    0.0,
                    1.0
                ]
            ]
        },
        {
            "file_path": "/data/shapenet_blender/all_50_random/02958343/2999f005f1eba724bda733a39f84326d/r_29",
            "rotation": 0.12566370614359174,
            "transform_matrix": [
                [
                    -0.9997568130493164,
                    -0.0063301450572907925,
                    0.0211253110319376,
                    0.08515885472297668
                ],
                [
                    0.02205333299934864,
                    -0.2869682013988495,
                    0.957686185836792,
                    3.8605566024780273
                ],
                [
                    0.0,
                    0.957919180393219,
                    0.28703799843788147,
                    1.1570872068405151
                ],
                [
                    0.0,
                    0.0,
                    0.0,
                    1.0
                ]
            ]
        },
        {
            "file_path": "/data/shapenet_blender/all_50_random/02958343/2999f005f1eba724bda733a39f84326d/r_30",
            "rotation": 0.12566370614359174,
            "transform_matrix": [
                [
                    0.159001886844635,
                    -0.2824436128139496,
                    -0.9460147619247437,
                    -3.813507556915283
                ],
                [
                    -0.9872782826423645,
                    -0.045487746596336365,
                    -0.1523563712835312,
                    -0.6141681671142578
                ],
                [
                    3.725290298461914e-09,
                    0.9582048654556274,
                    -0.28608304262161255,
                    -1.1532375812530518
                ],
                [
                    0.0,
                    0.0,
                    0.0,
                    1.0
                ]
            ]
        },
        {
            "file_path": "/data/shapenet_blender/all_50_random/02958343/2999f005f1eba724bda733a39f84326d/r_31",
            "rotation": 0.12566370614359174,
            "transform_matrix": [
                [
                    0.5907264947891235,
                    0.06240007281303406,
                    0.8044552803039551,
                    3.242863178253174
                ],
                [
                    0.8068718910217285,
                    -0.045684296637773514,
                    -0.5889572501182556,
                    -2.3741629123687744
                ],
                [
                    0.0,
                    0.9970051050186157,
                    -0.07733577489852905,
                    -0.31175050139427185
                ],
                [
                    0.0,
                    0.0,
                    0.0,
                    1.0
                ]
            ]
        },
        {
            "file_path": "/data/shapenet_blender/all_50_random/02958343/2999f005f1eba724bda733a39f84326d/r_32",
            "rotation": 0.12566370614359174,
            "transform_matrix": [
                [
                    -0.8076073527336121,
                    -0.008597728796303272,
                    -0.5896580219268799,
                    -2.3769874572753906
                ],
                [
                    -0.5897207260131836,
                    0.011774367652833462,
                    0.8075214624404907,
                    3.255223035812378
                ],
                [
                    -4.656612873077393e-10,
                    0.9998937249183655,
                    -0.014579324051737785,
                    -0.05877113342285156
                ],
                [
                    0.0,
                    0.0,
                    0.0,
                    1.0
                ]
            ]
        },
        {
            "file_path": "/data/shapenet_blender/all_50_random/02958343/2999f005f1eba724bda733a39f84326d/r_33",
            "rotation": 0.12566370614359174,
            "transform_matrix": [
                [
                    -0.9985626935958862,
                    -0.02631917968392372,
                    -0.046689223498106,
                    -0.18821027874946594
                ],
                [
                    -0.053596485406160355,
                    0.49035587906837463,
                    0.8698726892471313,
                    3.5065689086914062
                ],
                [
                    -1.862645149230957e-09,
                    0.8711246848106384,
                    -0.4910617470741272,
                    -1.9795331954956055
                ],
                [
                    0.0,
                    0.0,
                    0.0,
                    1.0
                ]
            ]
        },
        {
            "file_path": "/data/shapenet_blender/all_50_random/02958343/2999f005f1eba724bda733a39f84326d/r_34",
            "rotation": 0.12566370614359174,
            "transform_matrix": [
                [
                    -0.9261637926101685,
                    -0.1574084460735321,
                    0.3427000343799591,
                    1.3814680576324463
                ],
                [
                    0.3771216869354248,
                    -0.38657552003860474,
                    0.8416285514831543,
                    3.3927133083343506
                ],
                [
                    0.0,
                    0.9087254405021667,
                    0.41739434003829956,
                    1.682570457458496
                ],
                [
                    0.0,
                    0.0,
                    0.0,
                    1.0
                ]
            ]
        },
        {
            "file_path": "/data/shapenet_blender/all_50_random/02958343/2999f005f1eba724bda733a39f84326d/r_35",
            "rotation": 0.12566370614359174,
            "transform_matrix": [
                [
                    0.846244752407074,
                    -0.43539494276046753,
                    0.3070846498012543,
                    1.2378978729248047
                ],
                [
                    0.5327943563461304,
                    0.6915439367294312,
                    -0.487746924161911,
                    -1.9661707878112793
                ],
                [
                    1.4901161193847656e-08,
                    0.5763662457466125,
                    0.817191481590271,
                    3.2942042350769043
                ],
                [
                    0.0,
                    0.0,
                    0.0,
                    1.0
                ]
            ]
        },
        {
            "file_path": "/data/shapenet_blender/all_50_random/02958343/2999f005f1eba724bda733a39f84326d/r_36",
            "rotation": 0.12566370614359174,
            "transform_matrix": [
                [
                    -0.3868452310562134,
                    0.6546543836593628,
                    0.649444580078125,
                    2.617995023727417
                ],
                [
                    0.9221447706222534,
                    0.27463141083717346,
                    0.2724458575248718,
                    1.098264455795288
                ],
                [
                    0.0,
                    0.7042762637138367,
                    -0.7099258899688721,
                    -2.8618030548095703
                ],
                [
                    0.0,
                    0.0,
                    0.0,
                    1.0
                ]
            ]
        },
        {
            "file_path": "/data/shapenet_blender/all_50_random/02958343/2999f005f1eba724bda733a39f84326d/r_37",
            "rotation": 0.12566370614359174,
            "transform_matrix": [
                [
                    0.9817488789558411,
                    0.06827899813652039,
                    0.17750240862369537,
                    0.7155351042747498
                ],
                [
                    0.19018183648586273,
                    -0.3524670898914337,
                    -0.9162957072257996,
                    -3.6937060356140137
                ],
                [
                    0.0,
                    0.9333298206329346,
                    -0.3590196669101715,
                    -1.4472545385360718
                ],
                [
                    0.0,
                    0.0,
                    0.0,
                    1.0
                ]
            ]
        },
        {
            "file_path": "/data/shapenet_blender/all_50_random/02958343/2999f005f1eba724bda733a39f84326d/r_38",
            "rotation": 0.12566370614359174,
            "transform_matrix": [
                [
                    -0.5536251068115234,
                    -0.05063368007540703,
                    0.8312252759933472,
                    3.350776195526123
                ],
                [
                    0.832766056060791,
                    -0.033661406487226486,
                    0.5526008009910583,
                    2.227605104446411
                ],
                [
                    1.862645149230957e-09,
                    0.9981498122215271,
                    0.06080181151628494,
                    0.24509994685649872
                ],
                [
                    0.0,
                    0.0,
                    0.0,
                    1.0
                ]
            ]
        },
        {
            "file_path": "/data/shapenet_blender/all_50_random/02958343/2999f005f1eba724bda733a39f84326d/r_39",
            "rotation": 0.12566370614359174,
            "transform_matrix": [
                [
                    -0.9899085164070129,
                    -0.061099644750356674,
                    -0.1278589516878128,
                    -0.5154159069061279
                ],
                [
                    -0.14170771837234497,
                    0.42681553959846497,
                    0.8931670188903809,
                    3.6004714965820312
                ],
                [
                    0.0,
                    0.9022722840309143,
                    -0.4311665892601013,
                    -1.7380881309509277
                ],
                [
                    0.0,
                    0.0,
                    0.0,
                    1.0
                ]
            ]
        },
        {
            "file_path": "/data/shapenet_blender/all_50_random/02958343/2999f005f1eba724bda733a39f84326d/r_40",
            "rotation": 0.12566370614359174,
            "transform_matrix": [
                [
                    0.9816876649856567,
                    -0.10501368343830109,
                    -0.158938467502594,
                    -0.6407014727592468
                ],
                [
                    -0.1904975175857544,
                    -0.5411652326583862,
                    -0.819054901599884,
                    -3.301715850830078
                ],
                [
                    -7.4505797087454084e-09,
                    0.8343335390090942,
                    -0.5512600541114807,
                    -2.222200393676758
                ],
                [
                    0.0,
                    0.0,
                    0.0,
                    1.0
                ]
            ]
        },
        {
            "file_path": "/data/shapenet_blender/all_50_random/02958343/2999f005f1eba724bda733a39f84326d/r_41",
            "rotation": 0.12566370614359174,
            "transform_matrix": [
                [
                    -0.5650829076766968,
                    -0.012911930680274963,
                    0.8249329328536987,
                    3.325411319732666
                ],
                [
                    0.8250341415405273,
                    -0.008843649178743362,
                    0.5650136470794678,
                    2.2776432037353516
