{
    "class": "02958343",
    "model": "862a345b6328d641ef3ecc8551d2c1fa",
    "remove_doubles": true,
    "edge_split": true,
    "denoise": true,
    "camera_angle_x": 0.6911112070083618,
    "scale_factor": 2.273747887743597,
    "hdri_file": "/data/IndoorHDRDataset2018/9C4A3881-98556e9f53.exr",
    "center_offset": [
        0.0,
        0.0,
        3.725290298461914e-09
    ],
    "lights": [],
    "frames": [
        {
            "file_path": "/data/shapenet_blender/all_50_random/02958343/862a345b6328d641ef3ecc8551d2c1fa/r_0",
            "rotation": 0.12566370614359174,
            "transform_matrix": [
                [
                    -0.9528814554214478,
                    -0.2863926291465759,
                    0.09998169541358948,
                    0.4030390977859497
                ],
                [
                    0.3033432364463806,
                    -0.8996351957321167,
                    0.314069002866745,
                    1.2660526037216187
                ],
                [
                    0.0,
                    0.32959920167922974,
                    0.9441209435462952,
                    3.805873155593872
                ],
                [
                    0.0,
                    0.0,
                    0.0,
                    1.0
                ]
            ]
        },
        {
            "file_path": "/data/shapenet_blender/all_50_random/02958343/862a345b6328d641ef3ecc8551d2c1fa/r_1",
            "rotation": 0.12566370614359174,
            "transform_matrix": [
                [
                    -0.31542879343032837,
                    -0.4284785985946655,
                    0.8467057943344116,
                    3.413180112838745
                ],
                [
                    0.9489492774009705,
                    -0.14242540299892426,
                    0.2814432680606842,
                    1.1345341205596924
                ],
                [
                    7.450581485102248e-09,
                    0.8922560214996338,
                    0.4515295922756195,
                    1.820173978805542
                ],
                [
                    0.0,
                    0.0,
                    0.0,
                    1.0
                ]
            ]
        },
        {
            "file_path": "/data/shapenet_blender/all_50_random/02958343/862a345b6328d641ef3ecc8551d2c1fa/r_2",
            "rotation": 0.12566370614359174,
            "transform_matrix": [
                [
                    -0.9232006669044495,
                    -0.283771812915802,
                    0.25917965173721313,
                    1.0447865724563599
                ],
                [
                    0.3843182921409607,
                    -0.6816701889038086,
                    0.6225954294204712,
                    2.5097625255584717
                ],
                [
                    0.0,
                    0.6743879914283752,
                    0.7383770942687988,
                    2.9764933586120605
                ],
                [
                    0.0,
                    0.0,
                    0.0,
                    1.0
                ]
            ]
        },
        {
            "file_path": "/data/shapenet_blender/all_50_random/02958343/862a345b6328d641ef3ecc8551d2c1fa/r_3",
            "rotation": 0.12566370614359174,
            "transform_matrix": [
                [
                    -0.9259397387504578,
                    -0.3353223204612732,
                    -0.17376594245433807,
                    -0.7004729509353638
                ],
                [
                    -0.37767136096954346,
                    0.8221122622489929,
                    0.4260232746601105,
                    1.7173548936843872
                ],
                [
                    0.0,
                    0.46009838581085205,
                    -0.8878678679466248,
                    -3.5791101455688477
                ],
                [
                    0.0,
                    0.0,
                    0.0,
                    1.0
                ]
            ]
        },
        {
            "file_path": "/data/shapenet_blender/all_50_random/02958343/862a345b6328d641ef3ecc8551d2c1fa/r_4",
            "rotation": 0.12566370614359174,
            "transform_matrix": [
                [
                    0.09887952357530594,
                    0.06469644606113434,
                    -0.9929940104484558,
                    -4.00288724899292
                ],
                [
                    -0.9950994849205017,
                    0.006428657099604607,
                    -0.09867030382156372,
                    -0.3977527618408203
                ],
                [
                    0.0,
                    0.9978843331336975,
                    0.06501504778862,
                    0.26208406686782837
                ],
                [
                    0.0,
                    0.0,
                    0.0,
                    1.0
                ]
            ]
        },
        {
            "file_path": "/data/shapenet_blender/all_50_random/02958343/862a345b6328d641ef3ecc8551d2c1fa/r_5",
            "rotation": 0.12566370614359174,
            "transform_matrix": [
                [
                    0.896281361579895,
                    -0.08270227909088135,
                    -0.43570658564567566,
                    -1.7563893795013428
                ],
                [
                    -0.44348612427711487,
                    -0.16714054346084595,
                    -0.880558967590332,
                    -3.5496468544006348
                ],
                [
                    0.0,
                    0.982458233833313,
                    -0.1864822655916214,
                    -0.7517340779304504
                ],
                [
                    0.0,
                    0.0,
                    0.0,
                    1.0
                ]
            ]
        },
        {
            "file_path": "/data/shapenet_blender/all_50_random/02958343/862a345b6328d641ef3ecc8551d2c1fa/r_6",
            "rotation": 0.12566370614359174,
            "transform_matrix": [
                [
                    -0.7677302360534668,
                    0.08285017311573029,
                    0.6353944540023804,
                    2.561357259750366
                ],
                [
                    0.6407732367515564,
                    0.09926534444093704,
                    0.761285662651062,
                    3.068840980529785
                ],
                [
                    0.0,
                    0.991605818271637,
                    -0.1292971521615982,
                    -0.5212135314941406
                ],
                [
                    0.0,
                    0.0,
                    0.0,
                    1.0
                ]
            ]
        },
        {
            "file_path": "/data/shapenet_blender/all_50_random/02958343/862a345b6328d641ef3ecc8551d2c1fa/r_7",
            "rotation": 0.12566370614359174,
            "transform_matrix": [
                [
                    0.08370766043663025,
                    -0.628759503364563,
                    -0.7730810642242432,
                    -3.116389513015747
                ],
                [
                    -0.9964903593063354,
                    -0.05281735956668854,
                    -0.06494072824716568,
                    -0.2617844343185425
                ],
                [
                    0.0,
                    0.7758038640022278,
                    -0.6309740543365479,
                    -2.5435378551483154
                ],
                [
                    0.0,
                    0.0,
                    0.0,
                    1.0
                ]
            ]
        },
        {
            "file_path": "/data/shapenet_blender/all_50_random/02958343/862a345b6328d641ef3ecc8551d2c1fa/r_8",
            "rotation": 0.12566370614359174,
            "transform_matrix": [
                [
                    -0.4780366122722626,
                    0.47988569736480713,
                    -0.7356566190719604,
                    -2.965526819229126
                ],
                [
                    -0.8783400058746338,
                    -0.26117780804634094,
                    0.4003811776638031,
                    1.6139882802963257
                ],
                [
                    0.0,
                    0.8375535011291504,
                    0.5463552474975586,
                    2.2024285793304443
                ],
                [
                    0.0,
                    0.0,
                    0.0,
                    1.0
                ]
            ]
        },
        {
            "file_path": "/data/shapenet_blender/all_50_random/02958343/862a345b6328d641ef3ecc8551d2c1fa/r_9",
            "rotation": 0.12566370614359174,
            "transform_matrix": [
                [
                    -0.9371381998062134,
                    -0.09432881325483322,
                    0.3359672427177429,
                    1.3543274402618408
                ],
                [
                    0.3489583730697632,
                    -0.25332286953926086,
                    0.9022501707077026,
                    3.637087106704712
                ],
                [
                    0.0,
                    0.9627718329429626,
                    0.2703153192996979,
                    1.089676022529602
                ],
                [
                    0.0,
                    0.0,
                    0.0,
                    1.0
                ]
            ]
        },
        {
            "file_path": "/data/shapenet_blender/all_50_random/02958343/862a345b6328d641ef3ecc8551d2c1fa/r_10",
            "rotation": 0.12566370614359174,
            "transform_matrix": [
                [
                    -0.5150099992752075,
                    0.624637246131897,
                    0.5870205163955688,
                    2.3663554191589355
                ],
                [
                    0.8571841716766357,
                    0.3752920925617218,
                    0.3526913523674011,
                    1.4217443466186523
                ],
                [
                    0.0,
                    0.6848242282867432,
                    -0.7287082672119141,
                    -2.937516927719116
                ],
                [
                    0.0,
                    0.0,
                    0.0,
                    1.0
                ]
            ]
        },
        {
            "file_path": "/data/shapenet_blender/all_50_random/02958343/862a345b6328d641ef3ecc8551d2c1fa/r_11",
            "rotation": 0.12566370614359174,
            "transform_matrix": [
                [
                    0.9914151430130005,
                    0.03971658647060394,
                    0.12457401305437088,
                    0.502173900604248
                ],
                [
                    0.13075202703475952,
                    -0.30114731192588806,
                    -0.9445708990097046,
                    -3.8076870441436768
                ],
                [
                    -3.725290298461914e-09,
                    0.9527502059936523,
                    -0.3037550151348114,
                    -1.224475622177124
                ],
                [
                    0.0,
                    0.0,
                    0.0,
                    1.0
                ]
            ]
        },
        {
            "file_path": "/data/shapenet_blender/all_50_random/02958343/862a345b6328d641ef3ecc8551d2c1fa/r_12",
            "rotation": 0.12566370614359174,
            "transform_matrix": [
                [
                    0.5841683149337769,
                    -0.6753788590431213,
                    -0.45012280344963074,
                    -1.8145030736923218
                ],
                [
                    -0.811632513999939,
                    -0.48610052466392517,
                    -0.3239735960960388,
                    -1.3059793710708618
                ],
                [
                    0.0,
                    0.5545893907546997,
                    -0.8321241140365601,
                    -3.3543996810913086
                ],
                [
                    0.0,
                    0.0,
                    0.0,
                    1.0
                ]
            ]
        },
        {
            "file_path": "/data/shapenet_blender/all_50_random/02958343/862a345b6328d641ef3ecc8551d2c1fa/r_13",
            "rotation": 0.12566370614359174,
            "transform_matrix": [
                [
                    0.951206624507904,
                    -0.046490393579006195,
                    0.30503231287002563,
                    1.2296243906021118
                ],
                [
                    0.3085547983646393,
                    0.14331966638565063,
                    -0.9403475522994995,
                    -3.7906618118286133
                ],
                [
                    -3.725290298461914e-09,
                    0.9885839223861694,
                    0.15067145228385925,
                    0.607375979423523
                ],
                [
                    0.0,
                    0.0,
                    0.0,
                    1.0
                ]
            ]
        },
        {
            "file_path": "/data/shapenet_blender/all_50_random/02958343/862a345b6328d641ef3ecc8551d2c1fa/r_14",
            "rotation": 0.12566370614359174,
            "transform_matrix": [
                [
                    -0.5875715017318726,
                    -0.19537970423698425,
                    -0.7852301597595215,
                    -3.1653642654418945
                ],
                [
                    -0.8091722726821899,
                    0.1418728083372116,
                    0.570186197757721,
                    2.298494338989258
                ],
                [
                    -7.450580596923828e-09,
                    0.9704116582870483,
                    -0.24145625531673431,
                    -0.9733413457870483
                ],
                [
                    0.0,
                    0.0,
                    0.0,
                    1.0
                ]
            ]
        },
        {
            "file_path": "/data/shapenet_blender/all_50_random/02958343/862a345b6328d641ef3ecc8551d2c1fa/r_15",
            "rotation": 0.12566370614359174,
            "transform_matrix": [
                [
                    -0.8831236958503723,
                    0.11805413663387299,
                    -0.4540436565876007,
                    -1.8303086757659912
                ],
                [
                    -0.46914011240005493,
                    -0.22222872078418732,
                    0.8547056913375854,
                    3.4454290866851807
                ],
                [
                    7.450580152834618e-09,
                    0.9678210616111755,
                    0.25163933634757996,
                    1.0143907070159912
                ],
                [
                    0.0,
                    0.0,
                    0.0,
                    1.0
                ]
            ]
        },
        {
            "file_path": "/data/shapenet_blender/all_50_random/02958343/862a345b6328d641ef3ecc8551d2c1fa/r_16",
            "rotation": 0.12566370614359174,
            "transform_matrix": [
                [
                    0.11323852092027664,
                    0.7182098031044006,
                    0.686550498008728,
                    2.767573833465576
                ],
                [
                    0.9935677647590637,
                    -0.08185553550720215,
                    -0.07824727147817612,
                    -0.3154248595237732
                ],
                [
                    0.0,
                    0.6909952163696289,
                    -0.722859263420105,
                    -2.9139392375946045
                ],
                [
                    0.0,
                    0.0,
                    0.0,
                    1.0
                ]
            ]
        },
        {
            "file_path": "/data/shapenet_blender/all_50_random/02958343/862a345b6328d641ef3ecc8551d2c1fa/r_17",
            "rotation": 0.12566370614359174,
            "transform_matrix": [
                [
                    -0.8998241424560547,
                    0.1223163977265358,
                    -0.4187543988227844,
                    -1.6880531311035156
                ],
                [
                    -0.4362528920173645,
                    -0.25229230523109436,
                    0.8637313842773438,
                    3.4818127155303955
                ],
                [
                    -7.450580596923828e-09,
                    0.9598891735076904,
                    0.2803795635700226,
                    1.1302462816238403
                ],
                [
                    0.0,
                    0.0,
                    0.0,
                    1.0
                ]
            ]
        },
        {
            "file_path": "/data/shapenet_blender/all_50_random/02958343/862a345b6328d641ef3ecc8551d2c1fa/r_18",
            "rotation": 0.12566370614359174,
            "transform_matrix": [
                [
                    0.994162380695343,
                    0.011239144951105118,
                    0.10730721056461334,
                    0.4325692355632782
                ],
                [
                    0.10789420455694199,
                    -0.10356010496616364,
                    -0.9887537360191345,
                    -3.9857940673828125
                ],
                [
                    0.0,
                    0.9945597052574158,
                    -0.10416819155216217,
                    -0.41991543769836426
                ],
                [
                    0.0,
                    0.0,
                    0.0,
                    1.0
                ]
            ]
        },
        {
            "file_path": "/data/shapenet_blender/all_50_random/02958343/862a345b6328d641ef3ecc8551d2c1fa/r_19",
            "rotation": 0.12566370614359174,
            "transform_matrix": [
                [
                    0.7732962369918823,
                    0.6308833360671997,
                    0.06323939561843872,
                    0.2549261450767517
                ],
                [
                    0.6340450644493103,
                    -0.7694401144981384,
                    -0.07712824642658234,
                    -0.31091392040252686
                ],
                [
                    0.0,
                    0.09973986446857452,
                    -0.9950135350227356,
                    -4.011027812957764
                ],
                [
                    0.0,
                    0.0,
                    0.0,
                    1.0
                ]
            ]
        },
        {
            "file_path": "/data/shapenet_blender/all_50_random/02958343/862a345b6328d641ef3ecc8551d2c1fa/r_20",
            "rotation": 0.12566370614359174,
            "transform_matrix": [
                [
                    -0.6997703313827515,
                    -0.5013924241065979,
                    0.5088486671447754,
                    2.051234722137451
                ],
                [
                    0.7143678069114685,
                    -0.4911469519138336,
                    0.4984508454799652,
                    2.00931978225708
                ],
                [
                    1.4901160305669237e-08,
                    0.7123063206672668,
                    0.7018686532974243,
                    2.8293232917785645
                ],
                [
                    0.0,
                    0.0,
                    0.0,
                    1.0
                ]
            ]
        },
        {
            "file_path": "/data/shapenet_blender/all_50_random/02958343/862a345b6328d641ef3ecc8551d2c1fa/r_21",
            "rotation": 0.12566370614359174,
            "transform_matrix": [
                [
                    -0.09174204617738724,
                    -0.004950797185301781,
                    -0.9957704544067383,
                    -4.0140790939331055
                ],
                [
                    -0.9957829117774963,
                    0.0004561198002193123,
                    0.09174090623855591,
                    0.36981943249702454
                ],
                [
                    0.0,
                    0.9999876022338867,
                    -0.004971764050424099,
                    -0.020041821524500847
                ],
                [
                    0.0,
                    0.0,
                    0.0,
                    1.0
                ]
            ]
        },
        {
            "file_path": "/data/shapenet_blender/all_50_random/02958343/862a345b6328d641ef3ecc8551d2c1fa/r_22",
            "rotation": 0.12566370614359174,
            "transform_matrix": [
                [
                    0.8877078890800476,
                    -0.3958407938480377,
                    -0.23512721061706543,
                    -0.9478281736373901
                ],
                [
                    -0.4604071378707886,
                    -0.7632179856300354,
                    -0.45334717631340027,
                    -1.8275010585784912
                ],
                [
                    -1.4901161193847656e-08,
                    0.5106940269470215,
                    -0.8597623705863953,
                    -3.465813159942627
                ],
                [
                    0.0,
                    0.0,
                    0.0,
                    1.0
                ]
            ]
        },
        {
            "file_path": "/data/shapenet_blender/all_50_random/02958343/862a345b6328d641ef3ecc8551d2c1fa/r_23",
            "rotation": 0.12566370614359174,
            "transform_matrix": [
                [
                    -0.8199523687362671,
                    -0.1865122765302658,
                    0.5411941409111023,
                    2.181623697280884
                ],
                [
                    0.5724316239356995,
                    -0.2671605944633484,
                    0.7752076983451843,
                    3.124962568283081
                ],
                [
                    -1.4901160305669237e-08,
                    0.9454302787780762,
                    0.32582446932792664,
                    1.3134405612945557
                ],
                [
                    0.0,
                    0.0,
                    0.0,
                    1.0
                ]
            ]
        },
        {
            "file_path": "/data/shapenet_blender/all_50_random/02958343/862a345b6328d641ef3ecc8551d2c1fa/r_24",
            "rotation": 0.12566370614359174,
            "transform_matrix": [
                [
                    -0.90781569480896,
                    0.1901099681854248,
                    0.3738032579421997,
                    1.5068492889404297
                ],
                [
                    0.4193693995475769,
                    0.4115341007709503,
                    0.8091778755187988,
                    3.2619006633758545
                ],
                [
                    0.0,
                    0.8913461565971375,
                    -0.4533233642578125,
                    -1.8274050951004028
                ],
                [
                    0.0,
                    0.0,
                    0.0,
                    1.0
                ]
            ]
        },
        {
            "file_path": "/data/shapenet_blender/all_50_random/02958343/862a345b6328d641ef3ecc8551d2c1fa/r_25",
            "rotation": 0.12566370614359174,
            "transform_matrix": [
                [
                    -0.6620069146156311,
                    -0.12160194665193558,
                    0.7395673394203186,
                    2.9812912940979004
                ],
                [
                    0.7494977712631226,
                    -0.10740702599287033,
                    0.653235673904419,
                    2.633277177810669
                ],
                [
                    0.0,
                    0.986750602722168,
                    0.16224457323551178,
                    0.6540287733078003
                ],
                [
                    0.0,
                    0.0,
                    0.0,
                    1.0
                ]
            ]
        },
        {
            "file_path": "/data/shapenet_blender/all_50_random/02958343/862a345b6328d641ef3ecc8551d2c1fa/r_26",
            "rotation": 0.12566370614359174,
            "transform_matrix": [
                [
                    -0.9627875685691833,
                    0.06163080036640167,
                    0.2631383240222931,
                    1.0607445240020752
                ],
                [
                    0.27025938034057617,
                    0.21955709159374237,
                    0.937419056892395,
                    3.7788569927215576
                ],
                [
                    3.725290298461914e-09,
                    0.9736510515213013,
                    -0.22804312407970428,
                    -0.9192712306976318
                ],
                [
                    0.0,
                    0.0,
                    0.0,
                    1.0
                ]
            ]
        },
        {
            "file_path": "/data/shapenet_blender/all_50_random/02958343/862a345b6328d641ef3ecc8551d2c1fa/r_27",
            "rotation": 0.12566370614359174,
            "transform_matrix": [
                [
                    -0.7158636450767517,
                    -0.1513858139514923,
                    -0.6816315054893494,
                    -2.747744560241699
                ],
                [
                    -0.6982401013374329,
                    0.1552068144083023,
                    0.6988359093666077,
                    2.8170976638793945
                ],
                [
                    7.450580596923828e-09,
                    0.9762136340141296,
                    -0.21681058406829834,
                    -0.8739914298057556
                ],
                [
                    0.0,
                    0.0,
                    0.0,
                    1.0
                ]
            ]
        },
        {
            "file_path": "/data/shapenet_blender/all_50_random/02958343/862a345b6328d641ef3ecc8551d2c1fa/r_28",
            "rotation": 0.12566370614359174,
            "transform_matrix": [
                [
                    -0.9296648502349854,
                    0.15942908823490143,
                    0.3321227431297302,
                    1.338829755783081
                ],
                [
                    0.3684062361717224,
                    0.4023157060146332,
                    0.8381043076515198,
                    3.378506660461426
                ],
                [
                    1.4901161193847656e-08,
                    0.9015122652053833,
                    -0.43275344371795654,
                    -1.7444850206375122
                ],
                [
                    0.0,
                    0.0,
                    0.0,
                    1.0
                ]
            ]
        },
        {
            "file_path": "/data/shapenet_blender/all_50_random/02958343/862a345b6328d641ef3ecc8551d2c1fa/r_29",
            "rotation": 0.12566370614359174,
            "transform_matrix": [
                [
                    -0.5590140223503113,
                    -0.4158952534198761,
                    0.7173105478286743,
                    2.891571283340454
                ],
                [
                    0.8291583061218262,
                    -0.2803943455219269,
                    0.4836069345474243,
                    1.9494819641113281
                ],
                [
                    0.0,
                    0.8651068806648254,
                    0.5015873908996582,
                    2.021963357925415
                ],
                [
                    0.0,
                    0.0,
                    0.0,
                    1.0
                ]
            ]
        },
        {
            "file_path": "/data/shapenet_blender/all_50_random/02958343/862a345b6328d641ef3ecc8551d2c1fa/r_30",
            "rotation": 0.12566370614359174,
            "transform_matrix": [
                [
                    -0.9928804636001587,
                    -0.0023898198269307613,
                    0.11909115314483643,
                    0.4800717532634735
                ],
                [
                    0.11911513656377792,
                    -0.019920269027352333,
                    0.992680549621582,
                    4.001623153686523
                ],
                [
                    2.3283064365386963e-10,
                    0.999798595905304,
                    0.020063109695911407,
                    0.08087697625160217
                ],
                [
                    0.0,
                    0.0,
                    0.0,
                    1.0
                ]
            ]
        },
        {
            "file_path": "/data/shapenet_blender/all_50_random/02958343/862a345b6328d641ef3ecc8551d2c1fa/r_31",
            "rotation": 0.12566370614359174,
            "transform_matrix": [
                [
                    -0.7153410315513611,
                    0.14655274152755737,
                    0.6832345724105835,
                    2.754206657409668
                ],
                [
                    0.6987754702568054,
                    0.15002700686454773,
                    0.6994316577911377,
                    2.8194992542266846
                ],
                [
                    -7.450580596923828e-09,
                    0.9777597784996033,
                    -0.2097279280424118,
                    -0.8454403281211853
                ],
                [
                    0.0,
                    0.0,
                    0.0,
                    1.0
                ]
            ]
        },
        {
            "file_path": "/data/shapenet_blender/all_50_random/02958343/862a345b6328d641ef3ecc8551d2c1fa/r_32",
            "rotation": 0.12566370614359174,
            "transform_matrix": [
                [
                    0.2998853325843811,
                    0.7507699131965637,
                    0.5885688662528992,
                    2.3725972175598145
                ],
                [
                    0.9539753198623657,
                    -0.23600703477859497,
                    -0.1850185990333557,
                    -0.7458338737487793
                ],
                [
                    0.0,
                    0.61696457862854,
                    -0.7869908213615417,
                    -3.172461986541748
                ],
                [
                    0.0,
                    0.0,
                    0.0,
                    1.0
                ]
            ]
        },
        {
            "file_path": "/data/shapenet_blender/all_50_random/02958343/862a345b6328d641ef3ecc8551d2c1fa/r_33",
            "rotation": 0.12566370614359174,
            "transform_matrix": [
                [
                    -0.9813745021820068,
                    -0.0663428083062172,
                    -0.18028557300567627,
                    -0.7267544269561768
                ],
                [
                    -0.19210486114025116,
                    0.3389146327972412,
                    0.9209953546524048,
                    3.712651252746582
                ],
                [
                    0.0,
                    0.9384750127792358,
                    -0.34534692764282227,
                    -1.392138123512268
                ],
                [
                    0.0,
                    0.0,
                    0.0,
                    1.0
                ]
            ]
        },
        {
            "file_path": "/data/shapenet_blender/all_50_random/02958343/862a345b6328d641ef3ecc8551d2c1fa/r_34",
            "rotation": 0.12566370614359174,
            "transform_matrix": [
                [
                    0.9084143042564392,
                    0.01556075643748045,
                    -0.4177815616130829,
                    -1.6841315031051636
                ],
                [
                    -0.41807129979133606,
                    0.03381148725748062,
                    -0.9077847003936768,
                    -3.6593973636627197
                ],
                [
                    0.0,
                    0.9993070960044861,
                    0.037220340222120285,
                    0.15004000067710876
                ],
                [
                    0.0,
                    0.0,
                    0.0,
                    1.0
                ]
            ]
        },
        {
            "file_path": "/data/shapenet_blender/all_50_random/02958343/862a345b6328d641ef3ecc8551d2c1fa/r_35",
            "rotation": 0.12566370614359174,
            "transform_matrix": [
                [
                    -0.6852328777313232,
                    0.1602887362241745,
                    0.7104670405387878,
                    2.8639845848083496
                ],
                [
                    0.7283241152763367,
                    0.1508052498102188,
                    0.6684322953224182,
                    2.6945369243621826
                ],
                [
                    7.450580596923828e-09,
                    0.9754820466041565,
                    -0.22007884085178375,
                    -0.8871662616729736
                ],
                [
                    0.0,
                    0.0,
                    0.0,
                    1.0
                ]
            ]
        },
        {
            "file_path": "/data/shapenet_blender/all_50_random/02958343/862a345b6328d641ef3ecc8551d2c1fa/r_36",
            "rotation": 0.12566370614359174,
            "transform_matrix": [
                [
                    0.9642544984817505,
                    -0.1452721804380417,
                    -0.22160620987415314,
                    -0.8933231830596924
                ],
                [
                    -0.26497796177864075,
                    -0.5286452770233154,
                    -0.8064247369766235,
                    -3.2508020401000977
                ],
                [
                    7.450580596923828e-09,
                    0.8363193869590759,
                    -0.5482425689697266,
                    -2.210036516189575
                ],
                [
                    0.0,
                    0.0,
                    0.0,
                    1.0
                ]
            ]
        },
        {
            "file_path": "/data/shapenet_blender/all_50_random/02958343/862a345b6328d641ef3ecc8551d2c1fa/r_37",
            "rotation": 0.12566370614359174,
            "transform_matrix": [
                [
                    0.9110190272331238,
                    -0.1396842896938324,
                    -0.38798537850379944,
                    -1.5640192031860352
                ],
                [
                    -0.4123643636703491,
                    -0.3085985481739044,
                    -0.8571595549583435,
                    -3.4553208351135254
                ],
                [
                    0.0,
                    0.9408800005912781,
                    -0.33873993158340454,
                    -1.365504503250122
                ],
                [
                    0.0,
                    0.0,
                    0.0,
                    1.0
                ]
            ]
        },
        {
            "file_path": "/data/shapenet_blender/all_50_random/02958343/862a345b6328d641ef3ecc8551d2c1fa/r_38",
            "rotation": 0.12566370614359174,
            "transform_matrix": [
                [
                    0.7403184175491333,
                    0.3146301507949829,
                    0.5940845608711243,
                    2.394831657409668
                ],
                [
                    0.6722564101219177,
                    -0.34648463129997253,
                    -0.6542321443557739,
                    -2.637294292449951
                ],
                [
                    1.4901161193847656e-08,
                    0.8837172389030457,
                    -0.46802106499671936,
                    -1.8866534233093262
                ],
                [
                    0.0,
                    0.0,
                    0.0,
                    1.0
                ]
            ]
        },
        {
            "file_path": "/data/shapenet_blender/all_50_random/02958343/862a345b6328d641ef3ecc8551d2c1fa/r_39",
            "rotation": 0.12566370614359174,
            "transform_matrix": [
                [
                    -0.589023768901825,
                    -0.6151472330093384,
                    -0.5240656733512878,
                    -2.112576484680176
                ],
                [
                    -0.8081157207489014,
                    0.44837185740470886,
                    0.3819838762283325,
                    1.5398263931274414
                ],
                [
                    -1.4901161193847656e-08,
                    0.6485033631324768,
                    -0.7612116932868958,
                    -3.068542718887329
                ],
                [
                    0.0,
                    0.0,
                    0.0,
                    1.0
                ]
            ]
        },
        {
            "file_path": "/data/shapenet_blender/all_50_random/02958343/862a345b6328d641ef3ecc8551d2c1fa/r_40",
            "rotation": 0.12566370614359174,
            "transform_matrix": [
                [
                    0.33560267090797424,
                    0.015756703913211823,
                    -0.9418717622756958,
                    -3.796806812286377
                ],
                [
                    -0.9420037269592285,
                    0.005613557528704405,
                    -0.33555564284324646,
                    -1.3526681661605835
                ],
                [
                    0.0,
                    0.9998600482940674,
                    0.016726795583963394,
                    0.0674278736114502
                ],
                [
                    0.0,
                    0.0,
                    0.0,
                    1.0
                ]
            ]
        },
        {
            "file_path": "/data/shapenet_blender/all_50_random/02958343/862a345b6328d641ef3ecc8551d2c1fa/r_41",
            "rotation": 0.12566370614359174,
            "transform_matrix": [
                [
                    -0.6146074533462524,
                    -0.7262814044952393,
                    -0.3078521490097046,
                    -1.2409917116165161
                ],
                [
                    -0.7888331413269043,
                    0.5658712387084961,
                    0.23985834419727325,
                    0.9668999314308167
                ],
                [
                    1.4901161193847656e-08,
