{
    "class": "02958343",
    "model": "1f167c74bca9ec83622a8f038ee88042",
    "remove_doubles": true,
    "edge_split": true,
    "denoise": true,
    "camera_angle_x": 0.6911112070083618,
    "scale_factor": 2.2613716807718083,
    "hdri_file": "/data/IndoorHDRDataset2018/AG8A8269-5b4709233a.exr",
    "center_offset": [
        0.0,
        -1.862645149230957e-09,
        -3.725290298461914e-09
    ],
    "lights": [],
    "frames": [
        {
            "file_path": "/data/shapenet_blender/all_50_random/02958343/1f167c74bca9ec83622a8f038ee88042/r_0",
            "rotation": 0.12566370614359174,
            "transform_matrix": [
                [
                    -0.9177685976028442,
                    0.02249889075756073,
                    0.39647775888442993,
                    1.598252773284912
                ],
                [
                    0.397115558385849,
                    0.05199689418077469,
                    0.9162945747375488,
                    3.6937010288238525
                ],
                [
                    0.0,
                    0.9983937740325928,
                    -0.05665578320622444,
                    -0.2283867448568344
                ],
                [
                    0.0,
                    0.0,
                    0.0,
                    1.0
                ]
            ]
        },
        {
            "file_path": "/data/shapenet_blender/all_50_random/02958343/1f167c74bca9ec83622a8f038ee88042/r_1",
            "rotation": 0.12566370614359174,
            "transform_matrix": [
                [
                    -0.2681330442428589,
                    0.07129877805709839,
                    0.9607399106025696,
                    3.87286639213562
                ],
                [
                    0.9633819460868835,
                    0.019844213500618935,
                    0.2673976719379425,
                    1.0779144763946533
                ],
                [
                    -1.862645371275562e-09,
                    0.9972574710845947,
                    -0.07400885224342346,
                    -0.29833921790122986
                ],
                [
                    0.0,
                    0.0,
                    0.0,
                    1.0
                ]
            ]
        },
        {
            "file_path": "/data/shapenet_blender/all_50_random/02958343/1f167c74bca9ec83622a8f038ee88042/r_2",
            "rotation": 0.12566370614359174,
            "transform_matrix": [
                [
                    0.19897711277008057,
                    -0.34273093938827515,
                    -0.9181196093559265,
                    -3.7010586261749268
                ],
                [
                    -0.9800041913986206,
                    -0.06958705931901932,
                    -0.1864122599363327,
                    -0.751451849937439
                ],
                [
                    7.450580596923828e-09,
                    0.9368528127670288,
                    -0.3497239351272583,
                    -1.4097822904586792
                ],
                [
                    0.0,
                    0.0,
                    0.0,
                    1.0
                ]
            ]
        },
        {
            "file_path": "/data/shapenet_blender/all_50_random/02958343/1f167c74bca9ec83622a8f038ee88042/r_3",
            "rotation": 0.12566370614359174,
            "transform_matrix": [
                [
                    0.02662716805934906,
                    0.8441115021705627,
                    -0.5355061292648315,
                    -2.158694267272949
                ],
                [
                    -0.999645471572876,
                    0.022484270855784416,
                    -0.014264070428907871,
                    -0.05750030651688576
                ],
                [
                    -9.313225746154785e-10,
                    0.5356960296630859,
                    0.8444108963012695,
                    3.4039292335510254
                ],
                [
                    0.0,
                    0.0,
                    0.0,
                    1.0
                ]
            ]
        },
        {
            "file_path": "/data/shapenet_blender/all_50_random/02958343/1f167c74bca9ec83622a8f038ee88042/r_4",
            "rotation": 0.12566370614359174,
            "transform_matrix": [
                [
                    -0.17552202939987183,
                    -0.14961308240890503,
                    0.9730405211448669,
                    3.922451972961426
                ],
                [
                    0.9844756126403809,
                    -0.02667449787259102,
                    0.17348326742649078,
                    0.6993334889411926
                ],
                [
                    1.862645371275562e-09,
                    0.9883847236633301,
                    0.15197235345840454,
                    0.6126202344894409
                ],
                [
                    0.0,
                    0.0,
                    0.0,
                    1.0
                ]
            ]
        },
        {
            "file_path": "/data/shapenet_blender/all_50_random/02958343/1f167c74bca9ec83622a8f038ee88042/r_5",
            "rotation": 0.12566370614359174,
            "transform_matrix": [
                [
                    0.9743545651435852,
                    0.1800299733877182,
                    -0.13498999178409576,
                    -0.5441620349884033
                ],
                [
                    -0.2250179797410965,
                    0.7795512080192566,
                    -0.5845227241516113,
                    -2.3562865257263184
                ],
                [
                    0.0,
                    0.599907636642456,
                    0.800069272518158,
                    3.225182294845581
                ],
                [
                    0.0,
                    0.0,
                    0.0,
                    1.0
                ]
            ]
        },
        {
            "file_path": "/data/shapenet_blender/all_50_random/02958343/1f167c74bca9ec83622a8f038ee88042/r_6",
            "rotation": 0.12566370614359174,
            "transform_matrix": [
                [
                    -0.7089502215385437,
                    0.17472334206104279,
                    -0.6832724213600159,
                    -2.754359483718872
                ],
                [
                    -0.7052585482597351,
                    -0.17563796043395996,
                    0.686849057674408,
                    2.768777370452881
                ],
                [
                    -1.4901162970204496e-08,
                    0.9688255190849304,
                    0.24774369597434998,
                    0.9986868500709534
                ],
                [
                    0.0,
                    0.0,
                    0.0,
                    1.0
                ]
            ]
        },
        {
            "file_path": "/data/shapenet_blender/all_50_random/02958343/1f167c74bca9ec83622a8f038ee88042/r_7",
            "rotation": 0.12566370614359174,
            "transform_matrix": [
                [
                    0.5470713376998901,
                    0.33173057436943054,
                    -0.7685491442680359,
                    -3.09812068939209
                ],
                [
                    -0.8370860815048218,
                    0.2168000191450119,
                    -0.50227952003479,
                    -2.0247535705566406
                ],
                [
                    -1.4901162970204496e-08,
                    0.9181243777275085,
                    0.3962920904159546,
                    1.5975044965744019
                ],
                [
                    0.0,
                    0.0,
                    0.0,
                    1.0
                ]
            ]
        },
        {
            "file_path": "/data/shapenet_blender/all_50_random/02958343/1f167c74bca9ec83622a8f038ee88042/r_8",
            "rotation": 0.12566370614359174,
            "transform_matrix": [
                [
                    -0.8257588744163513,
                    0.13576656579971313,
                    -0.5474391579627991,
                    -2.2067980766296387
                ],
                [
                    -0.5640232563018799,
                    -0.198769211769104,
                    0.801478922367096,
                    3.230865001678467
                ],
                [
                    -7.450580152834618e-09,
                    0.9705968499183655,
                    0.24071092903614044,
                    0.9703368544578552
                ],
                [
                    0.0,
                    0.0,
                    0.0,
                    1.0
                ]
            ]
        },
        {
            "file_path": "/data/shapenet_blender/all_50_random/02958343/1f167c74bca9ec83622a8f038ee88042/r_9",
            "rotation": 0.12566370614359174,
            "transform_matrix": [
                [
                    -0.21971195936203003,
                    0.38233157992362976,
                    -0.8975238800048828,
                    -3.618034601211548
                ],
                [
                    -0.9755648374557495,
                    -0.08610686659812927,
                    0.20213596522808075,
                    0.8148361444473267
                ],
                [
                    -7.450581485102248e-09,
                    0.9200043678283691,
                    0.3919079303741455,
                    1.5798313617706299
                ],
                [
                    0.0,
                    0.0,
                    0.0,
                    1.0
                ]
            ]
        },
        {
            "file_path": "/data/shapenet_blender/all_50_random/02958343/1f167c74bca9ec83622a8f038ee88042/r_10",
            "rotation": 0.12566370614359174,
            "transform_matrix": [
                [
                    -0.9680390954017639,
                    0.003420608351007104,
                    -0.2507760226726532,
                    -1.0109106302261353
                ],
                [
                    -0.25079935789108276,
                    -0.013202913105487823,
                    0.9679489731788635,
                    3.9019274711608887
                ],
                [
                    0.0,
                    0.9999070167541504,
                    0.013638821430504322,
                    0.054979853332042694
                ],
                [
                    0.0,
                    0.0,
                    0.0,
                    1.0
                ]
            ]
        },
        {
            "file_path": "/data/shapenet_blender/all_50_random/02958343/1f167c74bca9ec83622a8f038ee88042/r_11",
            "rotation": 0.12566370614359174,
            "transform_matrix": [
                [
                    0.9936710000038147,
                    -0.06207382678985596,
                    0.09362155199050903,
                    0.37740054726600647
                ],
                [
                    0.11233057081699371,
                    0.5491021871566772,
                    -0.8281718492507935,
                    -3.338467597961426
                ],
                [
                    -3.725290742551124e-09,
                    0.833446741104126,
                    0.5525996685028076,
                    2.227600574493408
                ],
                [
                    0.0,
                    0.0,
                    0.0,
                    1.0
                ]
            ]
        },
        {
            "file_path": "/data/shapenet_blender/all_50_random/02958343/1f167c74bca9ec83622a8f038ee88042/r_12",
            "rotation": 0.12566370614359174,
            "transform_matrix": [
                [
                    -0.516303539276123,
                    0.6059480309486389,
                    -0.6051921844482422,
                    -2.439607620239258
                ],
                [
                    -0.8564056158065796,
                    -0.3653095066547394,
                    0.3648538589477539,
                    1.4707729816436768
                ],
                [
                    1.4901160305669237e-08,
                    0.7066652774810791,
                    0.7075479626655579,
                    2.852216958999634
                ],
                [
                    0.0,
                    0.0,
                    0.0,
                    1.0
                ]
            ]
        },
        {
            "file_path": "/data/shapenet_blender/all_50_random/02958343/1f167c74bca9ec83622a8f038ee88042/r_13",
            "rotation": 0.12566370614359174,
            "transform_matrix": [
                [
                    -0.7884656190872192,
                    0.043510954827070236,
                    0.6135378479957581,
                    2.473250389099121
                ],
                [
                    0.615078866481781,
                    0.05577641353011131,
                    0.7864902019500732,
                    3.1704437732696533
                ],
                [
                    0.0,
                    0.997494637966156,
                    -0.07074044644832611,
                    -0.28516387939453125
                ],
                [
                    0.0,
                    0.0,
                    0.0,
                    1.0
                ]
            ]
        },
        {
            "file_path": "/data/shapenet_blender/all_50_random/02958343/1f167c74bca9ec83622a8f038ee88042/r_14",
            "rotation": 0.12566370614359174,
            "transform_matrix": [
                [
                    0.8865022659301758,
                    0.030614180490374565,
                    0.46171051263809204,
                    1.8612147569656372
                ],
                [
                    0.4627244472503662,
                    -0.058651626110076904,
                    -0.8845597505569458,
                    -3.56577467918396
                ],
                [
                    0.0,
                    0.9978089332580566,
                    -0.06616071611642838,
                    -0.26670241355895996
                ],
                [
                    0.0,
                    0.0,
                    0.0,
                    1.0
                ]
            ]
        },
        {
            "file_path": "/data/shapenet_blender/all_50_random/02958343/1f167c74bca9ec83622a8f038ee88042/r_15",
            "rotation": 0.12566370614359174,
            "transform_matrix": [
                [
                    0.44520795345306396,
                    0.3071306645870209,
                    -0.8411068320274353,
                    -3.3906099796295166
                ],
                [
                    -0.8954272866249084,
                    0.15270587801933289,
                    -0.418199747800827,
                    -1.6858171224594116
                ],
                [
                    0.0,
                    0.9393357038497925,
                    0.34299904108047485,
                    1.3826733827590942
                ],
                [
                    0.0,
                    0.0,
                    0.0,
                    1.0
                ]
            ]
        },
        {
            "file_path": "/data/shapenet_blender/all_50_random/02958343/1f167c74bca9ec83622a8f038ee88042/r_16",
            "rotation": 0.12566370614359174,
            "transform_matrix": [
                [
                    -0.1714726686477661,
                    0.6334391832351685,
                    -0.7545540928840637,
                    -3.0417048931121826
                ],
                [
                    -0.9851889610290527,
                    -0.11025044322013855,
                    0.13133054971694946,
                    0.5294103622436523
                ],
                [
                    0.0,
                    0.7658978700637817,
                    0.6429622173309326,
                    2.5918636322021484
                ],
                [
                    0.0,
                    0.0,
                    0.0,
                    1.0
                ]
            ]
        },
        {
            "file_path": "/data/shapenet_blender/all_50_random/02958343/1f167c74bca9ec83622a8f038ee88042/r_17",
            "rotation": 0.12566370614359174,
            "transform_matrix": [
                [
                    -0.999169647693634,
                    0.02077745646238327,
                    -0.035044897347688675,
                    -0.1412705034017563
                ],
                [
                    -0.040741223841905594,
                    -0.509562611579895,
                    0.8594684600830078,
                    3.464628219604492
                ],
                [
                    -1.8626450382086546e-09,
                    0.8601825833320618,
                    0.5099860429763794,
                    2.055819511413574
                ],
                [
                    0.0,
                    0.0,
                    0.0,
                    1.0
                ]
            ]
        },
        {
            "file_path": "/data/shapenet_blender/all_50_random/02958343/1f167c74bca9ec83622a8f038ee88042/r_18",
            "rotation": 0.12566370614359174,
            "transform_matrix": [
                [
                    -0.9305776953697205,
                    -0.029893891885876656,
                    -0.36487188935279846,
                    -1.4708455801010132
                ],
                [
                    -0.3660944402217865,
                    0.07598746567964554,
                    0.9274700880050659,
                    3.7387514114379883
                ],
                [
                    0.0,
                    0.9966605305671692,
                    -0.08165623247623444,
                    -0.32916679978370667
                ],
                [
                    0.0,
                    0.0,
                    0.0,
                    1.0
                ]
            ]
        },
        {
            "file_path": "/data/shapenet_blender/all_50_random/02958343/1f167c74bca9ec83622a8f038ee88042/r_19",
            "rotation": 0.12566370614359174,
            "transform_matrix": [
                [
                    0.9860780239105225,
                    -0.04418401047587395,
                    0.16030588746070862,
                    0.646213710308075
                ],
                [
                    0.1662835031747818,
                    0.2620156407356262,
                    -0.9506301283836365,
                    -3.8321125507354736
                ],
                [
                    3.725290298461914e-09,
                    0.9640516042709351,
                    0.26571497321128845,
                    1.0711313486099243
                ],
                [
                    0.0,
                    0.0,
                    0.0,
                    1.0
                ]
            ]
        },
        {
            "file_path": "/data/shapenet_blender/all_50_random/02958343/1f167c74bca9ec83622a8f038ee88042/r_20",
            "rotation": 0.12566370614359174,
            "transform_matrix": [
                [
                    0.7751137614250183,
                    -0.0660930648446083,
                    -0.6283553242683411,
                    -2.5329813957214355
                ],
                [
                    -0.6318217515945435,
                    -0.08108242601156235,
                    -0.7708610892295837,
                    -3.10744047164917
                ],
                [
                    -3.725290742551124e-09,
                    0.9945136308670044,
                    -0.10460712760686874,
                    -0.4216848313808441
                ],
                [
                    0.0,
                    0.0,
                    0.0,
                    1.0
                ]
            ]
        },
        {
            "file_path": "/data/shapenet_blender/all_50_random/02958343/1f167c74bca9ec83622a8f038ee88042/r_21",
            "rotation": 0.12566370614359174,
            "transform_matrix": [
                [
                    0.6209492087364197,
                    0.015826495364308357,
                    -0.7836910486221313,
                    -3.1591596603393555
                ],
                [
                    -0.7838508486747742,
                    0.012537398375570774,
                    -0.6208226084709167,
                    -2.5026159286499023
                ],
                [
                    9.313225746154785e-10,
                    0.9997961521148682,
                    0.020190700888633728,
                    0.08139131963253021
                ],
                [
                    0.0,
                    0.0,
                    0.0,
                    1.0
                ]
            ]
        },
        {
            "file_path": "/data/shapenet_blender/all_50_random/02958343/1f167c74bca9ec83622a8f038ee88042/r_22",
            "rotation": 0.12566370614359174,
            "transform_matrix": [
                [
                    0.9067329168319702,
                    0.24499504268169403,
                    -0.3432389497756958,
                    -1.3836405277252197
                ],
                [
                    -0.42170560359954834,
                    0.5267775654792786,
                    -0.7380173802375793,
                    -2.975043535232544
                ],
                [
                    -1.4901162970204496e-08,
                    0.813930332660675,
                    0.5809622406959534,
                    2.3419339656829834
                ],
                [
                    0.0,
                    0.0,
                    0.0,
                    1.0
                ]
            ]
        },
        {
            "file_path": "/data/shapenet_blender/all_50_random/02958343/1f167c74bca9ec83622a8f038ee88042/r_23",
            "rotation": 0.12566370614359174,
            "transform_matrix": [
                [
                    0.301485151052475,
                    0.17762447893619537,
                    -0.9367796778678894,
                    -3.7762796878814697
                ],
                [
                    -0.9534708857536316,
                    0.05616442859172821,
                    -0.296207457780838,
                    -1.1940504312515259
                ],
                [
                    0.0,
                    0.9824942946434021,
                    0.18629251420497894,
                    0.7509691715240479
                ],
                [
                    0.0,
                    0.0,
                    0.0,
                    1.0
                ]
            ]
        },
        {
            "file_path": "/data/shapenet_blender/all_50_random/02958343/1f167c74bca9ec83622a8f038ee88042/r_24",
            "rotation": 0.12566370614359174,
            "transform_matrix": [
                [
                    0.2524590492248535,
                    0.09170646965503693,
                    0.9632519483566284,
                    3.882992744445801
                ],
                [
                    0.9676076173782349,
                    -0.02392718568444252,
                    -0.25132259726524353,
                    -1.0131137371063232
                ],
                [
                    0.0,
                    0.9954984784126282,
                    -0.09477651864290237,
                    -0.3820563554763794
                ],
                [
                    0.0,
                    0.0,
                    0.0,
                    1.0
                ]
            ]
        },
        {
            "file_path": "/data/shapenet_blender/all_50_random/02958343/1f167c74bca9ec83622a8f038ee88042/r_25",
            "rotation": 0.12566370614359174,
            "transform_matrix": [
                [
                    0.4314849376678467,
                    -0.5743947625160217,
                    -0.6956229209899902,
                    -2.8041458129882812
                ],
                [
                    -0.902120053768158,
                    -0.27473360300064087,
                    -0.3327171504497528,
                    -1.3412258625030518
                ],
                [
                    0.0,
                    0.7710978984832764,
                    -0.6367164850234985,
                    -2.5666863918304443
                ],
                [
                    0.0,
                    0.0,
                    0.0,
                    1.0
                ]
            ]
        },
        {
            "file_path": "/data/shapenet_blender/all_50_random/02958343/1f167c74bca9ec83622a8f038ee88042/r_26",
            "rotation": 0.12566370614359174,
            "transform_matrix": [
                [
                    -0.044185541570186615,
                    0.16356509923934937,
                    0.9855425953865051,
                    3.972848892211914
                ],
                [
                    0.9990233778953552,
                    0.0072342767380177975,
                    0.04358930140733719,
                    0.17571407556533813
                ],
                [
                    4.656612873077393e-10,
                    0.9865059852600098,
                    -0.16372500360012054,
                    -0.659996509552002
                ],
                [
                    0.0,
                    0.0,
                    0.0,
                    1.0
                ]
            ]
        },
        {
            "file_path": "/data/shapenet_blender/all_50_random/02958343/1f167c74bca9ec83622a8f038ee88042/r_27",
            "rotation": 0.12566370614359174,
            "transform_matrix": [
                [
                    -0.9468317031860352,
                    -0.077972911298275,
                    -0.31213775277137756,
                    -1.2582675218582153
                ],
                [
                    -0.3217293322086334,
                    0.22946998476982117,
                    0.9186042547225952,
                    3.703011989593506
                ],
                [
                    -7.450580596923828e-09,
                    0.9701873660087585,
                    -0.24235565960407257,
                    -0.9769668579101562
                ],
                [
                    0.0,
                    0.0,
                    0.0,
                    1.0
                ]
            ]
        },
        {
            "file_path": "/data/shapenet_blender/all_50_random/02958343/1f167c74bca9ec83622a8f038ee88042/r_28",
            "rotation": 0.12566370614359174,
            "transform_matrix": [
                [
                    -0.17157815396785736,
                    0.7876453995704651,
                    -0.5917563438415527,
                    -2.385446310043335
                ],
                [
                    -0.9851705431938171,
                    -0.1371770054101944,
                    0.10306080430746078,
                    0.41545140743255615
                ],
                [
                    0.0,
                    0.6006639003753662,
                    0.7995015382766724,
                    3.2228939533233643
                ],
                [
                    0.0,
                    0.0,
                    0.0,
                    1.0
                ]
            ]
        },
        {
            "file_path": "/data/shapenet_blender/all_50_random/02958343/1f167c74bca9ec83622a8f038ee88042/r_29",
            "rotation": 0.12566370614359174,
            "transform_matrix": [
                [
                    -0.8502364158630371,
                    0.5113176107406616,
                    0.1251097023487091,
                    0.5043333768844604
                ],
                [
                    0.526401162147522,
                    0.825873613357544,
                    0.20207558572292328,
                    0.8145927786827087
                ],
                [
                    0.0,
                    0.23766979575157166,
                    -0.9713459014892578,
                    -3.915620803833008
                ],
                [
                    0.0,
                    0.0,
                    0.0,
                    1.0
                ]
            ]
        },
        {
            "file_path": "/data/shapenet_blender/all_50_random/02958343/1f167c74bca9ec83622a8f038ee88042/r_30",
            "rotation": 0.12566370614359174,
            "transform_matrix": [
                [
                    -0.9992176294326782,
                    -0.023131076246500015,
                    -0.032080039381980896,
                    -0.12931877374649048
                ],
                [
                    -0.039549656212329865,
                    0.5844040513038635,
                    0.8104985356330872,
                    3.267224073410034
                ],
                [
                    0.0,
                    0.8111331462860107,
                    -0.5848615765571594,
                    -2.357652425765991
                ],
                [
                    0.0,
                    0.0,
                    0.0,
                    1.0
                ]
            ]
        },
        {
            "file_path": "/data/shapenet_blender/all_50_random/02958343/1f167c74bca9ec83622a8f038ee88042/r_31",
            "rotation": 0.12566370614359174,
            "transform_matrix": [
                [
                    0.13469891250133514,
                    0.1938968300819397,
                    0.9717304706573486,
                    3.917171001434326
                ],
                [
                    0.9908866286277771,
                    -0.026357900351285934,
                    -0.1320948600769043,
                    -0.5324914455413818
                ],
                [
                    0.0,
                    0.980667769908905,
                    -0.19568012654781342,
                    -0.7888118624687195
                ],
                [
                    0.0,
                    0.0,
                    0.0,
                    1.0
                ]
            ]
        },
        {
            "file_path": "/data/shapenet_blender/all_50_random/02958343/1f167c74bca9ec83622a8f038ee88042/r_32",
            "rotation": 0.12566370614359174,
            "transform_matrix": [
                [
                    -0.4695068597793579,
                    0.18987616896629333,
                    -0.8622703552246094,
                    -3.4759232997894287
                ],
                [
                    -0.8829288482666016,
                    -0.10096868127584457,
                    0.4585214853286743,
                    1.8483593463897705
                ],
                [
                    0.0,
                    0.9766023755073547,
                    0.21505260467529297,
                    0.8669048547744751
                ],
                [
                    0.0,
                    0.0,
                    0.0,
                    1.0
                ]
            ]
        },
        {
            "file_path": "/data/shapenet_blender/all_50_random/02958343/1f167c74bca9ec83622a8f038ee88042/r_33",
            "rotation": 0.12566370614359174,
            "transform_matrix": [
                [
                    0.49322348833084106,
                    -0.03989993780851364,
                    0.8689870834350586,
                    3.5029990673065186
                ],
                [
                    0.8699026107788086,
                    0.02262274920940399,
                    -0.4927043914794922,
                    -1.9861549139022827
                ],
                [
                    -1.862645149230957e-09,
                    0.9989475011825562,
                    0.04586713761091232,
                    0.1848963499069214
                ],
                [
                    0.0,
                    0.0,
                    0.0,
                    1.0
                ]
            ]
        },
        {
            "file_path": "/data/shapenet_blender/all_50_random/02958343/1f167c74bca9ec83622a8f038ee88042/r_34",
            "rotation": 0.12566370614359174,
            "transform_matrix": [
                [
                    0.677245020866394,
                    0.4326634705066681,
                    0.5950978994369507,
                    2.398916482925415
                ],
                [
                    0.73575758934021,
                    -0.39825505018234253,
                    -0.5477715730667114,
                    -2.2081377506256104
                ],
                [
                    0.0,
                    0.8088234066963196,
                    -0.5880516171455383,
                    -2.370512008666992
                ],
                [
                    0.0,
                    0.0,
                    0.0,
                    1.0
                ]
            ]
        },
        {
            "file_path": "/data/shapenet_blender/all_50_random/02958343/1f167c74bca9ec83622a8f038ee88042/r_35",
            "rotation": 0.12566370614359174,
            "transform_matrix": [
                [
                    0.9109939336776733,
                    -0.3087129592895508,
                    0.27347099781036377,
                    1.1023969650268555
                ],
                [
                    0.4124198257923126,
                    0.6819158792495728,
                    -0.6040699481964111,
                    -2.435084104537964
                ],
                [
                    0.0,
                    0.6630890369415283,
                    0.7485405206680298,
                    3.0174636840820312
                ],
                [
                    0.0,
                    0.0,
                    0.0,
                    1.0
                ]
            ]
        },
        {
            "file_path": "/data/shapenet_blender/all_50_random/02958343/1f167c74bca9ec83622a8f038ee88042/r_36",
            "rotation": 0.12566370614359174,
            "transform_matrix": [
                [
                    -0.6214327216148376,
                    0.7545319199562073,
                    -0.2109571099281311,
                    -0.8503953218460083
                ],
                [
                    -0.7834675312042236,
                    -0.5984814763069153,
                    0.16732747852802277,
                    0.6745186448097229
                ],
                [
                    0.0,
                    0.2692607045173645,
                    0.9630672931671143,
                    3.8822484016418457
                ],
                [
                    0.0,
                    0.0,
                    0.0,
                    1.0
                ]
            ]
        },
        {
            "file_path": "/data/shapenet_blender/all_50_random/02958343/1f167c74bca9ec83622a8f038ee88042/r_37",
            "rotation": 0.12566370614359174,
            "transform_matrix": [
                [
                    0.963661253452301,
                    0.2591691315174103,
                    0.06471841037273407,
                    0.2608882784843445
                ],
                [
                    0.2671275734901428,
                    -0.9349512457847595,
                    -0.23347130417823792,
                    -0.9411529898643494
                ],
                [
                    3.725290742551124e-09,
                    0.24227534234523773,
                    -0.9702074527740479,
                    -3.911031484603882
                ],
                [
                    0.0,
                    0.0,
                    0.0,
                    1.0
                ]
            ]
        },
        {
            "file_path": "/data/shapenet_blender/all_50_random/02958343/1f167c74bca9ec83622a8f038ee88042/r_38",
            "rotation": 0.12566370614359174,
            "transform_matrix": [
                [
                    0.9344757795333862,
                    -0.1524108499288559,
                    0.32175445556640625,
                    1.297033667564392
                ],
                [
                    0.35602667927742004,
                    0.4000381529331207,
                    -0.8445202708244324,
                    -3.404370069503784
                ],
                [
                    0.0,
                    0.9037368893623352,
                    0.42808833718299866,
                    1.7256792783737183
                ],
                [
                    0.0,
                    0.0,
                    0.0,
                    1.0
                ]
            ]
        },
        {
            "file_path": "/data/shapenet_blender/all_50_random/02958343/1f167c74bca9ec83622a8f038ee88042/r_39",
            "rotation": 0.12566370614359174,
            "transform_matrix": [
                [
                    -0.4902891218662262,
                    -0.013308821246027946,
                    -0.8714582324028015,
                    -3.512960433959961
                ],
                [
                    -0.8715598583221436,
                    0.007486772257834673,
                    0.4902319610118866,
                    1.9761883020401
                ],
                [
                    -4.656612873077393e-10,
                    0.9998833537101746,
                    -0.015270118601620197,
                    -0.06155581772327423
                ],
                [
                    0.0,
                    0.0,
                    0.0,
                    1.0
                ]
            ]
        },
        {
            "file_path": "/data/shapenet_blender/all_50_random/02958343/1f167c74bca9ec83622a8f038ee88042/r_40",
            "rotation": 0.12566370614359174,
            "transform_matrix": [
                [
                    -0.6210594177246094,
                    -0.17442984879016876,
                    -0.7641069293022156,
                    -3.0802135467529297
                ],
                [
                    -0.7837634086608887,
                    0.13821937143802643,
                    0.6054834723472595,
                    2.440781831741333
                ],
                [
                    -1.4901160305669237e-08,
                    0.9749203324317932,
                    -0.22255417704582214,
                    -0.8971445560455322
                ],
                [
                    0.0,
                    0.0,
                    0.0,
                    1.0
                ]
            ]
        },
        {
            "file_path": "/data/shapenet_blender/all_50_random/02958343/1f167c74bca9ec83622a8f038ee88042/r_41",
            "rotation": 0.12566370614359174,
            "transform_matrix": [
                [
                    -0.814006507396698,
                    -0.13300180435180664,
                    0.5654236674308777,
                    2.2792956829071045
                ],
                [
                    0.5808557868003845,
                    -0.18638764321804047,
                    0.7923800945281982,
                    3.194186210632324
