{
    "class": "02958343",
    "model": "23e7ae83601f893b575116d39d0ffbba",
    "remove_doubles": true,
    "edge_split": true,
    "denoise": true,
    "camera_angle_x": 0.6911112070083618,
    "scale_factor": 2.2511647316251566,
    "hdri_file": "/data/IndoorHDRDataset2018/9C4A1422-d10d3de985.exr",
    "center_offset": [
        0.0,
        -1.862645149230957e-09,
        -3.725290298461914e-09
    ],
    "lights": [],
    "frames": [
        {
            "file_path": "/data/shapenet_blender/all_50_random/02958343/23e7ae83601f893b575116d39d0ffbba/r_0",
            "rotation": 0.12566370614359174,
            "transform_matrix": [
                [
                    0.49440157413482666,
                    0.4802580177783966,
                    -0.7245131731033325,
                    -2.9206061363220215
                ],
                [
                    -0.8692336082458496,
                    0.27316051721572876,
                    -0.41208764910697937,
                    -1.661178469657898
                ],
                [
                    -1.4901161193847656e-08,
                    0.8335080742835999,
                    0.5525073409080505,
                    2.2272284030914307
                ],
                [
                    0.0,
                    0.0,
                    0.0,
                    1.0
                ]
            ]
        },
        {
            "file_path": "/data/shapenet_blender/all_50_random/02958343/23e7ae83601f893b575116d39d0ffbba/r_1",
            "rotation": 0.12566370614359174,
            "transform_matrix": [
                [
                    -0.5872913599014282,
                    0.17082852125167847,
                    -0.791142463684082,
                    -3.189197540283203
                ],
                [
                    -0.8093756437301636,
                    -0.12395494431257248,
                    0.5740611553192139,
                    2.314114809036255
                ],
                [
                    7.450580596923828e-09,
                    0.9774726629257202,
                    0.21106207370758057,
                    0.8508185148239136
                ],
                [
                    0.0,
                    0.0,
                    0.0,
                    1.0
                ]
            ]
        },
        {
            "file_path": "/data/shapenet_blender/all_50_random/02958343/23e7ae83601f893b575116d39d0ffbba/r_2",
            "rotation": 0.12566370614359174,
            "transform_matrix": [
                [
                    0.4703303277492523,
                    0.02083297073841095,
                    -0.8822444677352905,
                    -3.556441307067871
                ],
                [
                    -0.8824903964996338,
                    0.011103098280727863,
                    -0.47019925713539124,
                    -1.895433783531189
                ],
                [
                    0.0,
                    0.9997212886810303,
                    0.02360702119767666,
                    0.09516294300556183
                ],
                [
                    0.0,
                    0.0,
                    0.0,
                    1.0
                ]
            ]
        },
        {
            "file_path": "/data/shapenet_blender/all_50_random/02958343/23e7ae83601f893b575116d39d0ffbba/r_3",
            "rotation": 0.12566370614359174,
            "transform_matrix": [
                [
                    -0.9434936046600342,
                    -0.1565714329481125,
                    -0.29207077622413635,
                    -1.177375078201294
                ],
                [
                    -0.33139100670814514,
                    0.44576993584632874,
                    0.8315461874008179,
                    3.3520700931549072
                ],
                [
                    0.0,
                    0.8813480734825134,
                    -0.4724673628807068,
                    -1.9045770168304443
                ],
                [
                    0.0,
                    0.0,
                    0.0,
                    1.0
                ]
            ]
        },
        {
            "file_path": "/data/shapenet_blender/all_50_random/02958343/23e7ae83601f893b575116d39d0ffbba/r_4",
            "rotation": 0.12566370614359174,
            "transform_matrix": [
                [
                    0.794209361076355,
                    0.24985893070697784,
                    -0.5538970828056335,
                    -2.232830762863159
                ],
                [
                    -0.6076442003250122,
                    0.32657313346862793,
                    -0.7239601612091064,
                    -2.918376922607422
                ],
                [
                    0.0,
                    0.9115483164787292,
                    0.41119277477264404,
                    1.6575711965560913
                ],
                [
                    0.0,
                    0.0,
                    0.0,
                    1.0
                ]
            ]
        },
        {
            "file_path": "/data/shapenet_blender/all_50_random/02958343/23e7ae83601f893b575116d39d0ffbba/r_5",
            "rotation": 0.12566370614359174,
            "transform_matrix": [
                [
                    0.5185753703117371,
                    0.387861430644989,
                    -0.7619993686676025,
                    -3.0717177391052246
                ],
                [
                    -0.8550319671630859,
                    0.2352372705936432,
                    -0.46215125918388367,
                    -1.8629913330078125
                ],
                [
                    0.0,
                    0.8911939859390259,
                    0.4536221921443939,
                    1.828609585762024
                ],
                [
                    0.0,
                    0.0,
                    0.0,
                    1.0
                ]
            ]
        },
        {
            "file_path": "/data/shapenet_blender/all_50_random/02958343/23e7ae83601f893b575116d39d0ffbba/r_6",
            "rotation": 0.12566370614359174,
            "transform_matrix": [
                [
                    -0.9063343405723572,
                    0.04528820142149925,
                    0.42012763023376465,
                    1.6935886144638062
                ],
                [
                    0.4225615859031677,
                    0.0971367359161377,
                    0.9011138677597046,
                    3.6325061321258545
                ],
                [
                    0.0,
                    0.9942401051521301,
                    -0.10717540234327316,
                    -0.4320378601551056
                ],
                [
                    0.0,
                    0.0,
                    0.0,
                    1.0
                ]
            ]
        },
        {
            "file_path": "/data/shapenet_blender/all_50_random/02958343/23e7ae83601f893b575116d39d0ffbba/r_7",
            "rotation": 0.12566370614359174,
            "transform_matrix": [
                [
                    -0.43811050057411194,
                    0.250118225812912,
                    -0.8634234070777893,
                    -3.4805712699890137
                ],
                [
                    -0.8989210724830627,
                    -0.12190104275941849,
                    0.42080986499786377,
                    1.6963388919830322
                ],
                [
                    0.0,
                    0.960510790348053,
                    0.27824267745018005,
                    1.1216322183609009
                ],
                [
                    0.0,
                    0.0,
                    0.0,
                    1.0
                ]
            ]
        },
        {
            "file_path": "/data/shapenet_blender/all_50_random/02958343/23e7ae83601f893b575116d39d0ffbba/r_8",
            "rotation": 0.12566370614359174,
            "transform_matrix": [
                [
                    0.5209310054779053,
                    0.7426117658615112,
                    0.4209021329879761,
                    1.6967109441757202
                ],
                [
                    0.8535988926887512,
                    -0.45319825410842896,
                    -0.2568665146827698,
                    -1.0354621410369873
                ],
                [
                    0.0,
                    0.49309125542640686,
                    -0.8699774742126465,
                    -3.5069916248321533
                ],
                [
                    0.0,
                    0.0,
                    0.0,
                    1.0
                ]
            ]
        },
        {
            "file_path": "/data/shapenet_blender/all_50_random/02958343/23e7ae83601f893b575116d39d0ffbba/r_9",
            "rotation": 0.12566370614359174,
            "transform_matrix": [
                [
                    -0.9611488580703735,
                    0.1271572858095169,
                    -0.24499791860580444,
                    -0.9876182079315186
                ],
                [
                    -0.2760307192802429,
                    -0.4427662193775177,
                    0.8530915379524231,
                    3.4389219284057617
                ],
                [
                    7.450580596923828e-09,
                    0.8875747919082642,
                    0.4606635570526123,
                    1.8569941520690918
                ],
                [
                    0.0,
                    0.0,
                    0.0,
                    1.0
                ]
            ]
        },
        {
            "file_path": "/data/shapenet_blender/all_50_random/02958343/23e7ae83601f893b575116d39d0ffbba/r_10",
            "rotation": 0.12566370614359174,
            "transform_matrix": [
                [
                    -0.9998951554298401,
                    0.004607426933944225,
                    -0.013729085214436054,
                    -0.05534371733665466
                ],
                [
                    -0.014481581747531891,
                    -0.31812435388565063,
                    0.9479383230209351,
                    3.8212618827819824
                ],
                [
                    0.0,
                    0.94803786277771,
                    0.3181576430797577,
                    1.2825345993041992
                ],
                [
                    0.0,
                    0.0,
                    0.0,
                    1.0
                ]
            ]
        },
        {
            "file_path": "/data/shapenet_blender/all_50_random/02958343/23e7ae83601f893b575116d39d0ffbba/r_11",
            "rotation": 0.12566370614359174,
            "transform_matrix": [
                [
                    -0.9890501499176025,
                    0.11377650499343872,
                    -0.0939927026629448,
                    -0.3788967430591583
                ],
                [
                    -0.14757953584194183,
                    -0.7625085115432739,
                    0.6299212574958801,
                    2.5392940044403076
                ],
                [
                    0.0,
                    0.6368951201438904,
                    0.7709502577781677,
                    3.107800245285034
                ],
                [
                    0.0,
                    0.0,
                    0.0,
                    1.0
                ]
            ]
        },
        {
            "file_path": "/data/shapenet_blender/all_50_random/02958343/23e7ae83601f893b575116d39d0ffbba/r_12",
            "rotation": 0.12566370614359174,
            "transform_matrix": [
                [
                    -0.09455200284719467,
                    -0.6935818195343018,
                    0.7141457796096802,
                    2.8788137435913086
                ],
                [
                    0.9955198764801025,
                    -0.06587468087673187,
                    0.06782779842615128,
                    0.27342259883880615
                ],
                [
                    -3.725290076417309e-09,
                    0.7173596024513245,
                    0.6967030763626099,
                    2.808500051498413
                ],
                [
                    0.0,
                    0.0,
                    0.0,
                    1.0
                ]
            ]
        },
        {
            "file_path": "/data/shapenet_blender/all_50_random/02958343/23e7ae83601f893b575116d39d0ffbba/r_13",
            "rotation": 0.12566370614359174,
            "transform_matrix": [
                [
                    -0.24100853502750397,
                    0.018179353326559067,
                    0.9703527688980103,
                    3.911616802215576
                ],
                [
                    0.9705230593681335,
                    0.0045144516043365,
                    0.24096624553203583,
                    0.9713659286499023
                ],
                [
                    0.0,
                    0.9998245239257812,
                    -0.018731502816081047,
                    -0.07550910115242004
                ],
                [
                    0.0,
                    0.0,
                    0.0,
                    1.0
                ]
            ]
        },
        {
            "file_path": "/data/shapenet_blender/all_50_random/02958343/23e7ae83601f893b575116d39d0ffbba/r_14",
            "rotation": 0.12566370614359174,
            "transform_matrix": [
                [
                    -0.7791772484779358,
                    0.2684265673160553,
                    0.566418468952179,
                    2.2833058834075928
                ],
                [
                    0.6268035769462585,
                    0.33368009328842163,
                    0.7041127681732178,
                    2.838369369506836
                ],
                [
                    0.0,
                    0.903661847114563,
                    -0.4282466769218445,
                    -1.7263176441192627
                ],
                [
                    0.0,
                    0.0,
                    0.0,
                    1.0
                ]
            ]
        },
        {
            "file_path": "/data/shapenet_blender/all_50_random/02958343/23e7ae83601f893b575116d39d0ffbba/r_15",
            "rotation": 0.12566370614359174,
            "transform_matrix": [
                [
                    0.9843932390213013,
                    0.09984640032052994,
                    -0.14491645991802216,
                    -0.5841769576072693
                ],
                [
                    -0.17598320543766022,
                    0.5585085153579712,
                    -0.8106158971786499,
                    -3.2676970958709717
                ],
                [
                    0.0,
                    0.823467493057251,
                    0.5673633217811584,
                    2.2871146202087402
                ],
                [
                    0.0,
                    0.0,
                    0.0,
                    1.0
                ]
            ]
        },
        {
            "file_path": "/data/shapenet_blender/all_50_random/02958343/23e7ae83601f893b575116d39d0ffbba/r_16",
            "rotation": 0.12566370614359174,
            "transform_matrix": [
                [
                    -0.9466753005981445,
                    -0.17297349870204926,
                    -0.2718198001384735,
                    -1.095740795135498
                ],
                [
                    -0.3221891522407532,
                    0.5082409381866455,
                    0.7986770272254944,
                    3.2195703983306885
                ],
                [
                    0.0,
                    0.8436653017997742,
                    -0.5368693470954895,
                    -2.1641898155212402
                ],
                [
                    0.0,
                    0.0,
                    0.0,
                    1.0
                ]
            ]
        },
        {
            "file_path": "/data/shapenet_blender/all_50_random/02958343/23e7ae83601f893b575116d39d0ffbba/r_17",
            "rotation": 0.12566370614359174,
            "transform_matrix": [
                [
                    -0.5580491423606873,
                    -0.6750597357749939,
                    0.48257172107696533,
                    1.945308804512024
                ],
                [
                    0.8298079371452332,
                    -0.45398038625717163,
                    0.3245314061641693,
                    1.3082278966903687
                ],
                [
                    0.0,
                    0.5815461874008179,
                    0.8135132789611816,
                    3.279376983642578
                ],
                [
                    0.0,
                    0.0,
                    0.0,
                    1.0
                ]
            ]
        },
        {
            "file_path": "/data/shapenet_blender/all_50_random/02958343/23e7ae83601f893b575116d39d0ffbba/r_18",
            "rotation": 0.12566370614359174,
            "transform_matrix": [
                [
                    0.6479297876358032,
                    -0.2462613433599472,
                    -0.720792829990387,
                    -2.905608892440796
                ],
                [
                    -0.7617001533508301,
                    -0.20947887003421783,
                    -0.6131325960159302,
                    -2.471616506576538
                ],
                [
                    -1.4901162970204496e-08,
                    0.9462947845458984,
                    -0.3233048915863037,
                    -1.30328369140625
                ],
                [
                    0.0,
                    0.0,
                    0.0,
                    1.0
                ]
            ]
        },
        {
            "file_path": "/data/shapenet_blender/all_50_random/02958343/23e7ae83601f893b575116d39d0ffbba/r_19",
            "rotation": 0.12566370614359174,
            "transform_matrix": [
                [
                    -0.8871337175369263,
                    -0.4183880686759949,
                    0.19479534029960632,
                    0.7852451205253601
                ],
                [
                    0.46151256561279297,
                    -0.804238498210907,
                    0.37444162368774414,
                    1.5094224214553833
                ],
                [
                    1.4901161193847656e-08,
                    0.4220803380012512,
                    0.9065584540367126,
                    3.654453992843628
                ],
                [
                    0.0,
                    0.0,
                    0.0,
                    1.0
                ]
            ]
        },
        {
            "file_path": "/data/shapenet_blender/all_50_random/02958343/23e7ae83601f893b575116d39d0ffbba/r_20",
            "rotation": 0.12566370614359174,
            "transform_matrix": [
                [
                    -0.06641217321157455,
                    -0.41710934042930603,
                    0.9064266085624695,
                    3.6539225578308105
                ],
                [
                    0.9977923631668091,
                    -0.02776242606341839,
                    0.06033094599843025,
                    0.2432018220424652
                ],
                [
                    1.862645371275562e-09,
                    0.9084322452545166,
                    0.418032169342041,
                    1.6851415634155273
                ],
                [
                    0.0,
                    0.0,
                    0.0,
                    1.0
                ]
            ]
        },
        {
            "file_path": "/data/shapenet_blender/all_50_random/02958343/23e7ae83601f893b575116d39d0ffbba/r_21",
            "rotation": 0.12566370614359174,
            "transform_matrix": [
                [
                    0.9090421795845032,
                    0.004376978147774935,
                    0.4166812300682068,
                    1.6796958446502686
                ],
                [
                    0.4167042672634125,
                    -0.009548396803438663,
                    -0.9089919328689575,
                    -3.664263963699341
                ],
                [
                    0.0,
                    0.999944806098938,
                    -0.010503800585865974,
                    -0.0423421785235405
                ],
                [
                    0.0,
                    0.0,
                    0.0,
                    1.0
                ]
            ]
        },
        {
            "file_path": "/data/shapenet_blender/all_50_random/02958343/23e7ae83601f893b575116d39d0ffbba/r_22",
            "rotation": 0.12566370614359174,
            "transform_matrix": [
                [
                    -0.9891597032546997,
                    0.0007898423355072737,
                    0.1468411087989807,
                    0.591935396194458
                ],
                [
                    0.14684319496154785,
                    0.0053205061703920364,
                    0.9891455769538879,
                    3.987372875213623
                ],
                [
                    0.0,
                    0.9999855756759644,
                    -0.00537881487980485,
                    -0.02168269455432892
                ],
                [
                    0.0,
                    0.0,
                    0.0,
                    1.0
                ]
            ]
        },
        {
            "file_path": "/data/shapenet_blender/all_50_random/02958343/23e7ae83601f893b575116d39d0ffbba/r_23",
            "rotation": 0.12566370614359174,
            "transform_matrix": [
                [
                    0.4351891279220581,
                    0.08109074831008911,
                    -0.8966798186302185,
                    -3.6146318912506104
                ],
                [
                    -0.9003390669822693,
                    0.039196137338876724,
                    -0.4334203898906708,
                    -1.7471734285354614
                ],
                [
                    0.0,
                    0.9959357380867004,
                    0.09006690233945847,
                    0.3630712926387787
                ],
                [
                    0.0,
                    0.0,
                    0.0,
                    1.0
                ]
            ]
        },
        {
            "file_path": "/data/shapenet_blender/all_50_random/02958343/23e7ae83601f893b575116d39d0ffbba/r_24",
            "rotation": 0.12566370614359174,
            "transform_matrix": [
                [
                    0.4613654911518097,
                    0.1990319937467575,
                    0.8645971417427063,
                    3.485302448272705
                ],
                [
                    0.8872102499008179,
                    -0.10350026935338974,
                    -0.4496062695980072,
                    -1.8124208450317383
                ],
                [
                    0.0,
                    0.9745121598243713,
                    -0.2243346869945526,
                    -0.9043220281600952
                ],
                [
                    0.0,
                    0.0,
                    0.0,
                    1.0
                ]
            ]
        },
        {
            "file_path": "/data/shapenet_blender/all_50_random/02958343/23e7ae83601f893b575116d39d0ffbba/r_25",
            "rotation": 0.12566370614359174,
            "transform_matrix": [
                [
                    -0.09968852251768112,
                    0.10406190901994705,
                    -0.9895622134208679,
                    -3.9890527725219727
                ],
                [
                    -0.9950187802314758,
                    -0.010425710119307041,
                    0.09914184361696243,
                    0.3996535539627075
                ],
                [
                    9.31322685637781e-10,
                    0.994516134262085,
                    0.10458288341760635,
                    0.4215870797634125
                ],
                [
                    0.0,
                    0.0,
                    0.0,
                    1.0
                ]
            ]
        },
        {
            "file_path": "/data/shapenet_blender/all_50_random/02958343/23e7ae83601f893b575116d39d0ffbba/r_26",
            "rotation": 0.12566370614359174,
            "transform_matrix": [
                [
                    -0.7992141842842102,
                    0.15031161904335022,
                    -0.5819476842880249,
                    -2.3459062576293945
                ],
                [
                    -0.6010463833808899,
                    -0.1998700648546219,
                    0.7738185524940491,
                    3.1193623542785645
                ],
                [
                    0.0,
                    0.968224287033081,
                    0.25008323788642883,
                    1.0081177949905396
                ],
                [
                    0.0,
                    0.0,
                    0.0,
                    1.0
                ]
            ]
        },
        {
            "file_path": "/data/shapenet_blender/all_50_random/02958343/23e7ae83601f893b575116d39d0ffbba/r_27",
            "rotation": 0.12566370614359174,
            "transform_matrix": [
                [
                    0.8143936991691589,
                    -0.10070686787366867,
                    0.5715077519416809,
                    2.303821325302124
                ],
                [
                    0.5803127884864807,
                    0.14132900536060333,
                    -0.8020368814468384,
                    -3.233114004135132
                ],
                [
                    0.0,
                    0.9848269820213318,
                    0.1735389232635498,
                    0.6995577812194824
                ],
                [
                    0.0,
                    0.0,
                    0.0,
                    1.0
                ]
            ]
        },
        {
            "file_path": "/data/shapenet_blender/all_50_random/02958343/23e7ae83601f893b575116d39d0ffbba/r_28",
            "rotation": 0.12566370614359174,
            "transform_matrix": [
                [
                    -0.2783842086791992,
                    0.02150646597146988,
                    0.9602289199829102,
                    3.8708066940307617
                ],
                [
                    0.9604698419570923,
                    0.006233470980077982,
                    0.27831438183784485,
                    1.121921181678772
                ],
                [
                    0.0,
                    0.9997492432594299,
                    -0.022391611710190773,
                    -0.0902634710073471
                ],
                [
                    0.0,
                    0.0,
                    0.0,
                    1.0
                ]
            ]
        },
        {
            "file_path": "/data/shapenet_blender/all_50_random/02958343/23e7ae83601f893b575116d39d0ffbba/r_29",
            "rotation": 0.12566370614359174,
            "transform_matrix": [
                [
                    -0.2289184331893921,
                    0.09934200346469879,
                    -0.9683632850646973,
                    -3.903597354888916
                ],
                [
                    -0.9734456539154053,
                    -0.0233615655452013,
                    0.22772324085235596,
                    0.917981743812561
                ],
                [
                    0.0,
                    0.9947790503501892,
                    0.10205192863941193,
                    0.4113844931125641
                ],
                [
                    0.0,
                    0.0,
                    0.0,
                    1.0
                ]
            ]
        },
        {
            "file_path": "/data/shapenet_blender/all_50_random/02958343/23e7ae83601f893b575116d39d0ffbba/r_30",
            "rotation": 0.12566370614359174,
            "transform_matrix": [
                [
                    -0.638909637928009,
                    -0.5981971621513367,
                    0.48368868231773376,
                    1.9498114585876465
                ],
                [
                    0.7692818641662598,
                    -0.49681907892227173,
                    0.4017166495323181,
                    1.6193716526031494
                ],
                [
                    0.0,
                    0.628753662109375,
                    0.7776046991348267,
                    3.134624719619751
                ],
                [
                    0.0,
                    0.0,
                    0.0,
                    1.0
                ]
            ]
        },
        {
            "file_path": "/data/shapenet_blender/all_50_random/02958343/23e7ae83601f893b575116d39d0ffbba/r_31",
            "rotation": 0.12566370614359174,
            "transform_matrix": [
                [
                    -0.7700129151344299,
                    0.017091430723667145,
                    0.6377993822097778,
                    2.571051597595215
                ],
                [
                    0.6380283832550049,
                    0.020627018064260483,
                    0.7697365283966064,
                    3.102907180786133
                ],
                [
                    -9.31322685637781e-10,
                    0.9996410608291626,
                    -0.02678789012134075,
                    -0.10798543691635132
                ],
                [
                    0.0,
                    0.0,
                    0.0,
                    1.0
                ]
            ]
        },
        {
            "file_path": "/data/shapenet_blender/all_50_random/02958343/23e7ae83601f893b575116d39d0ffbba/r_32",
            "rotation": 0.12566370614359174,
            "transform_matrix": [
                [
                    0.6395570039749146,
                    -0.530623733997345,
                    -0.5562421083450317,
                    -2.242283344268799
                ],
                [
                    -0.7687435150146484,
                    -0.4414529800415039,
                    -0.46276620030403137,
                    -1.865470051765442
                ],
                [
                    0.0,
                    0.7235727906227112,
                    -0.6902480125427246,
                    -2.7824783325195312
                ],
                [
                    0.0,
                    0.0,
                    0.0,
                    1.0
                ]
            ]
        },
        {
            "file_path": "/data/shapenet_blender/all_50_random/02958343/23e7ae83601f893b575116d39d0ffbba/r_33",
            "rotation": 0.12566370614359174,
            "transform_matrix": [
                [
                    -0.673427402973175,
                    -0.47121936082839966,
                    0.5696031451225281,
                    2.2961440086364746
                ],
                [
                    0.7392532825469971,
                    -0.42926025390625,
                    0.5188835859298706,
                    2.091686964035034
                ],
                [
                    0.0,
                    0.7705115675926208,
                    0.63742595911026,
                    2.5695464611053467
                ],
                [
                    0.0,
                    0.0,
                    0.0,
                    1.0
                ]
            ]
        },
        {
            "file_path": "/data/shapenet_blender/all_50_random/02958343/23e7ae83601f893b575116d39d0ffbba/r_34",
            "rotation": 0.12566370614359174,
            "transform_matrix": [
                [
                    0.19161924719810486,
                    0.1573449671268463,
                    0.9687748551368713,
                    3.9052562713623047
                ],
                [
                    0.9814693331718445,
                    -0.03071957640349865,
                    -0.18914081156253815,
                    -0.7624509930610657
                ],
                [
                    -1.8626449271863521e-09,
                    0.987065851688385,
                    -0.16031572222709656,
                    -0.6462533473968506
                ],
                [
                    0.0,
                    0.0,
                    0.0,
                    1.0
                ]
            ]
        },
        {
            "file_path": "/data/shapenet_blender/all_50_random/02958343/23e7ae83601f893b575116d39d0ffbba/r_35",
            "rotation": 0.12566370614359174,
            "transform_matrix": [
                [
                    -0.7611038088798523,
                    0.025294149294495583,
                    -0.6481366753578186,
                    -2.612722635269165
                ],
                [
                    -0.6486300826072693,
                    -0.02968020550906658,
                    0.7605248689651489,
                    3.0657739639282227
                ],
                [
                    0.0,
                    0.9992392659187317,
                    0.038996268063783646,
                    0.15719899535179138
                ],
                [
                    0.0,
                    0.0,
                    0.0,
                    1.0
                ]
            ]
        },
        {
            "file_path": "/data/shapenet_blender/all_50_random/02958343/23e7ae83601f893b575116d39d0ffbba/r_36",
            "rotation": 0.12566370614359174,
            "transform_matrix": [
                [
                    -0.593502402305603,
                    0.6597591042518616,
                    -0.46094778180122375,
                    -1.858139991760254
                ],
                [
                    -0.8048322796821594,
                    -0.48652198910713196,
                    0.33991381525993347,
                    1.3702363967895508
                ],
                [
                    1.4901162970204496e-08,
                    0.572725236415863,
                    0.8197473287582397,
                    3.304507255554199
                ],
                [
                    0.0,
                    0.0,
                    0.0,
                    1.0
                ]
            ]
        },
        {
            "file_path": "/data/shapenet_blender/all_50_random/02958343/23e7ae83601f893b575116d39d0ffbba/r_37",
            "rotation": 0.12566370614359174,
            "transform_matrix": [
                [
                    -0.9663154482841492,
                    -0.009046375751495361,
                    -0.25720152258872986,
                    -1.036812663078308
                ],
                [
                    -0.2573606073856354,
                    0.0339665487408638,
                    0.9657182097434998,
                    3.892934799194336
                ],
                [
                    -9.313225746154785e-10,
                    0.9993820190429688,
                    -0.03515057638287544,
                    -0.1416965276002884
                ],
                [
                    0.0,
                    0.0,
                    0.0,
                    1.0
                ]
            ]
        },
        {
            "file_path": "/data/shapenet_blender/all_50_random/02958343/23e7ae83601f893b575116d39d0ffbba/r_38",
            "rotation": 0.12566370614359174,
            "transform_matrix": [
                [
                    -0.7583714127540588,
                    0.642146110534668,
                    -0.11189829558134079,
                    -0.4510764479637146
                ],
                [
                    -0.6518227458000183,
                    -0.7471129298210144,
                    0.13018947839736938,
                    0.5248105525970459
                ],
                [
                    7.450580596923828e-09,
                    0.17167001962661743,
                    0.9851545095443726,
                    3.971284866333008
                ],
                [
                    0.0,
                    0.0,
                    0.0,
                    1.0
                ]
            ]
        },
        {
            "file_path": "/data/shapenet_blender/all_50_random/02958343/23e7ae83601f893b575116d39d0ffbba/r_39",
            "rotation": 0.12566370614359174,
            "transform_matrix": [
                [
                    -0.8815823197364807,
                    0.003586903680115938,
                    0.47201669216156006,
                    1.9027599096298218
                ],
                [
                    0.47203031182289124,
                    0.006699042394757271,
                    0.8815569281578064,
                    3.5536692142486572
                ],
                [
                    -2.3283061589829401e-10,
                    0.9999712109565735,
                    -0.007598884403705597,
                    -0.030632078647613525
                ],
                [
                    0.0,
                    0.0,
                    0.0,
                    1.0
                ]
            ]
        },
        {
            "file_path": "/data/shapenet_blender/all_50_random/02958343/23e7ae83601f893b575116d39d0ffbba/r_40",
            "rotation": 0.12566370614359174,
            "transform_matrix": [
                [
                    -0.8532018661499023,
                    0.36842766404151917,
                    -0.3691987991333008,
                    -1.4882880449295044
                ],
                [
                    -0.5215810537338257,
                    -0.6026736497879028,
                    0.6039350628852844,
                    2.434540271759033
                ],
                [
                    -1.4901162970204496e-08,
                    0.7078455686569214,
                    0.7063670754432678,
                    2.847456932067871
                ],
                [
                    0.0,
                    0.0,
                    0.0,
                    1.0
                ]
            ]
        },
        {
            "file_path": "/data/shapenet_blender/all_50_random/02958343/23e7ae83601f893b575116d39d0ffbba/r_41",
            "rotation": 0.12566370614359174,
            "transform_matrix": [
                [
                    -0.6195545196533203,
                    0.2889963686466217,
                    0.729817271232605,
                    2.9419875144958496
                ],
                [
                    0.7849535346031189,
                    0.22810140252113342,
                    0.5760360956192017,
                    2.322075843811035
                ],
                [
                    0.0,
                    0.9297585487365723,
                    -0.36816996335983276,
