{
    "class": "02958343",
    "model": "3163c8037d5782365688db6590f826c8",
    "remove_doubles": true,
    "edge_split": true,
    "denoise": true,
    "camera_angle_x": 0.6911112070083618,
    "scale_factor": 2.3265607808778777,
    "hdri_file": "/data/IndoorHDRDataset2018/9C4A5890-3c5dc048a8.exr",
    "center_offset": [
        0.0,
        -2.7939677238464355e-09,
        -7.450580596923828e-09
    ],
    "lights": [],
    "frames": [
        {
            "file_path": "/data/shapenet_blender/all_50_random/02958343/3163c8037d5782365688db6590f826c8/r_0",
            "rotation": 0.12566370614359174,
            "transform_matrix": [
                [
                    0.2924140393733978,
                    0.12620531022548676,
                    -0.9479273557662964,
                    -3.8212172985076904
                ],
                [
                    -0.9562918543815613,
                    0.03859094902873039,
                    -0.2898563742637634,
                    -1.1684484481811523
                ],
                [
                    0.0,
                    0.9912531971931458,
                    0.13197365403175354,
                    0.5320028066635132
                ],
                [
                    0.0,
                    0.0,
                    0.0,
                    1.0
                ]
            ]
        },
        {
            "file_path": "/data/shapenet_blender/all_50_random/02958343/3163c8037d5782365688db6590f826c8/r_1",
            "rotation": 0.12566370614359174,
            "transform_matrix": [
                [
                    -0.23329077661037445,
                    -0.287456214427948,
                    -0.9289479851722717,
                    -3.744708776473999
                ],
                [
                    -0.9724069237709045,
                    0.06896381080150604,
                    0.2228645235300064,
                    0.8983955383300781
                ],
                [
                    0.0,
                    0.9553077816963196,
                    -0.2956130802631378,
                    -1.1916543245315552
                ],
                [
                    0.0,
                    0.0,
                    0.0,
                    1.0
                ]
            ]
        },
        {
            "file_path": "/data/shapenet_blender/all_50_random/02958343/3163c8037d5782365688db6590f826c8/r_2",
            "rotation": 0.12566370614359174,
            "transform_matrix": [
                [
                    0.71613609790802,
                    0.0904759019613266,
                    -0.6920715570449829,
                    -2.789829969406128
                ],
                [
                    -0.697960615158081,
                    0.09283196926116943,
                    -0.7100936770439148,
                    -2.8624794483184814
                ],
                [
                    0.0,
                    0.99156254529953,
                    0.12962892651557922,
                    0.5225510001182556
                ],
                [
                    0.0,
                    0.0,
                    0.0,
                    1.0
                ]
            ]
        },
        {
            "file_path": "/data/shapenet_blender/all_50_random/02958343/3163c8037d5782365688db6590f826c8/r_3",
            "rotation": 0.12566370614359174,
            "transform_matrix": [
                [
                    0.39914265275001526,
                    0.3684351444244385,
                    -0.8396074175834656,
                    -3.384565830230713
                ],
                [
                    -0.9168888330459595,
                    0.16038823127746582,
                    -0.3655003011226654,
                    -1.4733788967132568
                ],
                [
                    0.0,
                    0.9157134294509888,
                    0.40183186531066895,
                    1.6198360919952393
                ],
                [
                    0.0,
                    0.0,
                    0.0,
                    1.0
                ]
            ]
        },
        {
            "file_path": "/data/shapenet_blender/all_50_random/02958343/3163c8037d5782365688db6590f826c8/r_4",
            "rotation": 0.12566370614359174,
            "transform_matrix": [
                [
                    -0.2743149399757385,
                    -0.7764147520065308,
                    -0.5673898458480835,
                    -2.287221908569336
                ],
                [
                    -0.9616398811340332,
                    0.22147808969020844,
                    0.16185219585895538,
                    0.6524471044540405
                ],
                [
                    -1.4901161193847656e-08,
                    0.5900232791900635,
                    -0.8073861598968506,
                    -3.2546780109405518
                ],
                [
                    0.0,
                    0.0,
                    0.0,
                    1.0
                ]
            ]
        },
        {
            "file_path": "/data/shapenet_blender/all_50_random/02958343/3163c8037d5782365688db6590f826c8/r_5",
            "rotation": 0.12566370614359174,
            "transform_matrix": [
                [
                    0.9476926922798157,
                    -0.17828106880187988,
                    0.2647533118724823,
                    1.0672547817230225
                ],
                [
                    0.31918400526046753,
                    0.5293362736701965,
                    -0.7860819101333618,
                    -3.168797492980957
                ],
                [
                    0.0,
                    0.8294691443443298,
                    0.5585525631904602,
                    2.2515974044799805
                ],
                [
                    0.0,
                    0.0,
                    0.0,
                    1.0
                ]
            ]
        },
        {
            "file_path": "/data/shapenet_blender/all_50_random/02958343/3163c8037d5782365688db6590f826c8/r_6",
            "rotation": 0.12566370614359174,
            "transform_matrix": [
                [
                    0.029936056584119797,
                    0.20959270000457764,
                    -0.9773303270339966,
                    -3.939744710922241
                ],
                [
                    -0.9995518922805786,
                    0.006277191918343306,
                    -0.029270531609654427,
                    -0.1179932951927185
                ],
                [
                    4.656613428188905e-10,
                    0.9777685403823853,
                    0.20968668162822723,
                    0.8452740907669067
                ],
                [
                    0.0,
                    0.0,
                    0.0,
                    1.0
                ]
            ]
        },
        {
            "file_path": "/data/shapenet_blender/all_50_random/02958343/3163c8037d5782365688db6590f826c8/r_7",
            "rotation": 0.12566370614359174,
            "transform_matrix": [
                [
                    0.7545678615570068,
                    0.6028143763542175,
                    0.25931087136268616,
                    1.0453155040740967
                ],
                [
                    0.6562220454216003,
                    -0.6931562423706055,
                    -0.2981729507446289,
                    -1.201973557472229
                ],
                [
                    0.0,
                    0.3951573073863983,
                    -0.9186134934425354,
                    -3.703049421310425
                ],
                [
                    0.0,
                    0.0,
                    0.0,
                    1.0
                ]
            ]
        },
        {
            "file_path": "/data/shapenet_blender/all_50_random/02958343/3163c8037d5782365688db6590f826c8/r_8",
            "rotation": 0.12566370614359174,
            "transform_matrix": [
                [
                    -0.8232319951057434,
                    -0.47297388315200806,
                    0.3139822483062744,
                    1.2657029628753662
                ],
                [
                    0.5677050948143005,
                    -0.6858617663383484,
                    0.4553071856498718,
                    1.835402011871338
                ],
                [
                    1.4901160305669237e-08,
                    0.5530726909637451,
                    0.8331329822540283,
                    3.358466386795044
                ],
                [
                    0.0,
                    0.0,
                    0.0,
                    1.0
                ]
            ]
        },
        {
            "file_path": "/data/shapenet_blender/all_50_random/02958343/3163c8037d5782365688db6590f826c8/r_9",
            "rotation": 0.12566370614359174,
            "transform_matrix": [
                [
                    -0.4496794641017914,
                    -0.8222233653068542,
                    0.34890830516815186,
                    1.406494379043579
                ],
                [
                    0.8931900262832642,
                    -0.4139510691165924,
                    0.17565904557704926,
                    0.7081042528152466
                ],
                [
                    0.0,
                    0.3906315565109253,
                    0.9205470085144043,
                    3.710843801498413
                ],
                [
                    0.0,
                    0.0,
                    0.0,
                    1.0
                ]
            ]
        },
        {
            "file_path": "/data/shapenet_blender/all_50_random/02958343/3163c8037d5782365688db6590f826c8/r_10",
            "rotation": 0.12566370614359174,
            "transform_matrix": [
                [
                    0.13331501185894012,
                    -0.878785252571106,
                    -0.45821768045425415,
                    -1.8471345901489258
                ],
                [
                    -0.991073727607727,
                    -0.11821044981479645,
                    -0.06163749098777771,
                    -0.24846866726875305
                ],
                [
                    0.0,
                    0.4623447060585022,
                    -0.8867002725601196,
                    -3.5744030475616455
                ],
                [
                    0.0,
                    0.0,
                    0.0,
                    1.0
                ]
            ]
        },
        {
            "file_path": "/data/shapenet_blender/all_50_random/02958343/3163c8037d5782365688db6590f826c8/r_11",
            "rotation": 0.12566370614359174,
            "transform_matrix": [
                [
                    0.18513303995132446,
                    0.25775009393692017,
                    -0.9483093619346619,
                    -3.8227572441101074
                ],
                [
                    -0.982713520526886,
                    0.048557449132204056,
                    -0.17865166068077087,
                    -0.720167875289917
                ],
                [
                    0.0,
                    0.9649905562400818,
                    0.26228412985801697,
                    1.0573011636734009
                ],
                [
                    0.0,
                    0.0,
                    0.0,
                    1.0
                ]
            ]
        },
        {
            "file_path": "/data/shapenet_blender/all_50_random/02958343/3163c8037d5782365688db6590f826c8/r_12",
            "rotation": 0.12566370614359174,
            "transform_matrix": [
                [
                    -0.9773627519607544,
                    -0.14649319648742676,
                    -0.15264937281608582,
                    -0.615349292755127
                ],
                [
                    -0.21157051622867584,
                    0.6767341494560242,
                    0.7051729559898376,
                    2.8426430225372314
                ],
                [
                    7.450580152834618e-09,
                    0.7215059399604797,
                    -0.6924082636833191,
                    -2.791187047958374
                ],
                [
                    0.0,
                    0.0,
                    0.0,
                    1.0
                ]
            ]
        },
        {
            "file_path": "/data/shapenet_blender/all_50_random/02958343/3163c8037d5782365688db6590f826c8/r_13",
            "rotation": 0.12566370614359174,
            "transform_matrix": [
                [
                    -0.5991936326026917,
                    0.2109684944152832,
                    0.772307813167572,
                    3.113271951675415
                ],
                [
                    0.8006041646003723,
                    0.15789449214935303,
                    0.578015923500061,
                    2.3300564289093018
                ],
                [
                    0.0,
                    0.9646561145782471,
                    -0.26351168751716614,
                    -1.0622494220733643
                ],
                [
                    0.0,
                    0.0,
                    0.0,
                    1.0
                ]
            ]
        },
        {
            "file_path": "/data/shapenet_blender/all_50_random/02958343/3163c8037d5782365688db6590f826c8/r_14",
            "rotation": 0.12566370614359174,
            "transform_matrix": [
                [
                    -0.6885578632354736,
                    -0.2821548283100128,
                    0.6680394411087036,
                    2.692953109741211
                ],
                [
                    0.7251814007759094,
                    -0.2679052948951721,
                    0.6343017220497131,
                    2.5569519996643066
                ],
                [
                    1.4901162970204496e-08,
                    0.921203076839447,
                    0.38908180594444275,
                    1.5684388875961304
                ],
                [
                    0.0,
                    0.0,
                    0.0,
                    1.0
                ]
            ]
        },
        {
            "file_path": "/data/shapenet_blender/all_50_random/02958343/3163c8037d5782365688db6590f826c8/r_15",
            "rotation": 0.12566370614359174,
            "transform_matrix": [
                [
                    -0.8889699578285217,
                    0.4339201748371124,
                    0.1464432328939438,
                    0.5903315544128418
                ],
                [
                    0.4579654932022095,
                    0.8422949314117432,
                    0.2842651605606079,
                    1.1459095478057861
                ],
                [
                    0.0,
                    0.31976908445358276,
                    -0.9474954605102539,
                    -3.819476366043091
                ],
                [
                    0.0,
                    0.0,
                    0.0,
                    1.0
                ]
            ]
        },
        {
            "file_path": "/data/shapenet_blender/all_50_random/02958343/3163c8037d5782365688db6590f826c8/r_16",
            "rotation": 0.12566370614359174,
            "transform_matrix": [
                [
                    0.7650987505912781,
                    0.023003071546554565,
                    -0.6435019969940186,
                    -2.59403920173645
                ],
                [
                    -0.6439129710197449,
                    0.027332300320267677,
                    -0.7646104693412781,
                    -3.082242965698242
                ],
                [
                    1.8626449271863521e-09,
                    0.9993616342544556,
                    0.035723891109228134,
                    0.1440075933933258
                ],
                [
                    0.0,
                    0.0,
                    0.0,
                    1.0
                ]
            ]
        },
        {
            "file_path": "/data/shapenet_blender/all_50_random/02958343/3163c8037d5782365688db6590f826c8/r_17",
            "rotation": 0.12566370614359174,
            "transform_matrix": [
                [
                    0.9986364245414734,
                    0.045930277556180954,
                    0.024811265990138054,
                    0.10001741349697113
                ],
                [
                    0.05220334976911545,
                    -0.8786341547966003,
                    -0.47463303804397583,
                    -1.9133069515228271
                ],
                [
                    0.0,
                    0.4752810299396515,
                    -0.879833996295929,
                    -3.546724319458008
                ],
                [
                    0.0,
                    0.0,
                    0.0,
                    1.0
                ]
            ]
        },
        {
            "file_path": "/data/shapenet_blender/all_50_random/02958343/3163c8037d5782365688db6590f826c8/r_18",
            "rotation": 0.12566370614359174,
            "transform_matrix": [
                [
                    0.16566702723503113,
                    -0.564927875995636,
                    0.8083383440971375,
                    3.2585160732269287
                ],
                [
                    0.9861817359924316,
                    0.09490130096673965,
                    -0.13579142093658447,
                    -0.547392725944519
                ],
                [
                    0.0,
                    0.8196645975112915,
                    0.572843611240387,
                    2.309206485748291
                ],
                [
                    0.0,
                    0.0,
                    0.0,
                    1.0
                ]
            ]
        },
        {
            "file_path": "/data/shapenet_blender/all_50_random/02958343/3163c8037d5782365688db6590f826c8/r_19",
            "rotation": 0.12566370614359174,
            "transform_matrix": [
                [
                    0.9390745162963867,
                    -0.1761428862810135,
                    -0.2951489984989166,
                    -1.1897835731506348
                ],
                [
                    -0.3437139093875885,
                    -0.4812470078468323,
                    -0.8063883185386658,
                    -3.250654935836792
                ],
                [
                    0.0,
                    0.8587053418159485,
                    -0.5124695897102356,
                    -2.065830707550049
                ],
                [
                    0.0,
                    0.0,
                    0.0,
                    1.0
                ]
            ]
        },
        {
            "file_path": "/data/shapenet_blender/all_50_random/02958343/3163c8037d5782365688db6590f826c8/r_20",
            "rotation": 0.12566370614359174,
            "transform_matrix": [
                [
                    -0.9809360504150391,
                    -0.11618952453136444,
                    -0.1557711511850357,
                    -0.6279336214065552
                ],
                [
                    -0.1943313330411911,
                    0.5864956974983215,
                    0.7862939238548279,
                    3.169652223587036
                ],
                [
                    -7.450581485102248e-09,
                    0.8015751838684082,
                    -0.5978939533233643,
                    -2.4101877212524414
                ],
                [
                    0.0,
                    0.0,
                    0.0,
                    1.0
                ]
            ]
        },
        {
            "file_path": "/data/shapenet_blender/all_50_random/02958343/3163c8037d5782365688db6590f826c8/r_21",
            "rotation": 0.12566370614359174,
            "transform_matrix": [
                [
                    -0.9949023127555847,
                    0.046551819890737534,
                    0.0894559770822525,
                    0.3606085777282715
                ],
                [
                    0.10084366053342819,
                    0.4592704474925995,
                    0.8825538158416748,
                    3.5576882362365723
                ],
                [
                    0.0,
                    0.8870757818222046,
                    -0.4616236984729767,
                    -1.8608646392822266
                ],
                [
                    0.0,
                    0.0,
                    0.0,
                    1.0
                ]
            ]
        },
        {
            "file_path": "/data/shapenet_blender/all_50_random/02958343/3163c8037d5782365688db6590f826c8/r_22",
            "rotation": 0.12566370614359174,
            "transform_matrix": [
                [
                    -0.6745314002037048,
                    -0.09297844767570496,
                    -0.7323675751686096,
                    -2.952268362045288
                ],
                [
                    -0.7382461428642273,
                    0.08495388925075531,
                    0.6691601872444153,
                    2.6974711418151855
                ],
                [
                    0.0,
                    0.9920371770858765,
                    -0.12594503164291382,
                    -0.5077007412910461
                ],
                [
                    0.0,
                    0.0,
                    0.0,
                    1.0
                ]
            ]
        },
        {
            "file_path": "/data/shapenet_blender/all_50_random/02958343/3163c8037d5782365688db6590f826c8/r_23",
            "rotation": 0.12566370614359174,
            "transform_matrix": [
                [
                    -0.9046831727027893,
                    -0.23548993468284607,
                    0.3550955653190613,
                    1.4314360618591309
                ],
                [
                    0.426084965467453,
                    -0.5000030398368835,
                    0.7539552450180054,
                    3.0392909049987793
                ],
                [
                    0.0,
                    0.8333914279937744,
                    0.5526830554008484,
                    2.2279367446899414
                ],
                [
                    0.0,
                    0.0,
                    0.0,
                    1.0
                ]
            ]
        },
        {
            "file_path": "/data/shapenet_blender/all_50_random/02958343/3163c8037d5782365688db6590f826c8/r_24",
            "rotation": 0.12566370614359174,
            "transform_matrix": [
                [
                    0.9958335161209106,
                    0.0631292536854744,
                    -0.06580645591020584,
                    -0.2652743458747864
                ],
                [
                    -0.09119098633527756,
                    0.6893907785415649,
                    -0.7186266779899597,
                    -2.8968770503997803
                ],
                [
                    -3.725290742551124e-09,
                    0.7216334342956543,
                    0.6922752857208252,
                    2.7906510829925537
                ],
                [
                    0.0,
                    0.0,
                    0.0,
                    1.0
                ]
            ]
        },
        {
            "file_path": "/data/shapenet_blender/all_50_random/02958343/3163c8037d5782365688db6590f826c8/r_25",
            "rotation": 0.12566370614359174,
            "transform_matrix": [
                [
                    -0.7889551520347595,
                    0.5674494504928589,
                    0.23569226264953613,
                    0.9501059055328369
                ],
                [
                    0.6144507527351379,
                    0.7286054491996765,
                    0.3026290237903595,
                    1.2199366092681885
                ],
                [
                    0.0,
                    0.38358211517333984,
                    -0.9235067963600159,
                    -3.7227749824523926
                ],
                [
                    0.0,
                    0.0,
                    0.0,
                    1.0
                ]
            ]
        },
        {
            "file_path": "/data/shapenet_blender/all_50_random/02958343/3163c8037d5782365688db6590f826c8/r_26",
            "rotation": 0.12566370614359174,
            "transform_matrix": [
                [
                    0.037637244910001755,
                    -0.7441442608833313,
                    0.666957676410675,
                    2.6885926723480225
                ],
                [
                    0.9992915391921997,
                    0.028027396649122238,
                    -0.025120245292782784,
                    -0.10126295685768127
                ],
                [
                    0.0,
                    0.6674306392669678,
                    0.7446718215942383,
                    3.001868486404419
                ],
                [
                    0.0,
                    0.0,
                    0.0,
                    1.0
                ]
            ]
        },
        {
            "file_path": "/data/shapenet_blender/all_50_random/02958343/3163c8037d5782365688db6590f826c8/r_27",
            "rotation": 0.12566370614359174,
            "transform_matrix": [
                [
                    0.8078873753547668,
                    -0.5062150955200195,
                    0.30176842212677,
                    1.2164673805236816
                ],
                [
                    0.5893366932868958,
                    0.6939407587051392,
                    -0.41367673873901367,
                    -1.6675843000411987
                ],
                [
                    1.4901158529312397e-08,
                    0.5120474696159363,
                    0.8589571714401245,
                    3.462567090988159
                ],
                [
                    0.0,
                    0.0,
                    0.0,
                    1.0
                ]
            ]
        },
        {
            "file_path": "/data/shapenet_blender/all_50_random/02958343/3163c8037d5782365688db6590f826c8/r_28",
            "rotation": 0.12566370614359174,
            "transform_matrix": [
                [
                    0.9884856939315796,
                    0.14668850600719452,
                    -0.03712872043251991,
                    -0.14967066049575806
                ],
                [
                    -0.15131443738937378,
                    0.958266019821167,
                    -0.24254925549030304,
                    -0.9777473211288452
                ],
                [
                    0.0,
                    0.24537454545497894,
                    0.969428300857544,
                    3.907890558242798
                ],
                [
                    0.0,
                    0.0,
                    0.0,
                    1.0
                ]
            ]
        },
        {
            "file_path": "/data/shapenet_blender/all_50_random/02958343/3163c8037d5782365688db6590f826c8/r_29",
            "rotation": 0.12566370614359174,
            "transform_matrix": [
                [
                    -0.690920889377594,
                    -0.5586245059967041,
                    0.4588758647441864,
                    1.849787712097168
                ],
                [
                    0.7229304909706116,
                    -0.5338899493217468,
                    0.4385579824447632,
                    1.7678836584091187
                ],
                [
                    -1.4901159417490817e-08,
                    0.6347442865371704,
                    0.7727223634719849,
                    3.114943265914917
                ],
                [
                    0.0,
                    0.0,
                    0.0,
                    1.0
                ]
            ]
        },
        {
            "file_path": "/data/shapenet_blender/all_50_random/02958343/3163c8037d5782365688db6590f826c8/r_30",
            "rotation": 0.12566370614359174,
            "transform_matrix": [
                [
                    -0.9150080680847168,
                    -0.0014257135335355997,
                    -0.40343305468559265,
                    -1.6262905597686768
                ],
                [
                    -0.4034355580806732,
                    0.0032335754949599504,
                    0.9150023460388184,
                    3.6884922981262207
                ],
                [
                    0.0,
                    0.9999937415122986,
                    -0.0035339316818863153,
                    -0.014245733618736267
                ],
                [
                    0.0,
                    0.0,
                    0.0,
                    1.0
                ]
            ]
        },
        {
            "file_path": "/data/shapenet_blender/all_50_random/02958343/3163c8037d5782365688db6590f826c8/r_31",
            "rotation": 0.12566370614359174,
            "transform_matrix": [
                [
                    -0.9306135177612305,
                    0.2412504106760025,
                    -0.2752392888069153,
                    -1.109525203704834
                ],
                [
                    -0.3660033345222473,
                    -0.613412082195282,
                    0.6998335123062134,
                    2.8211193084716797
                ],
                [
                    1.4901161193847656e-08,
                    0.752013087272644,
                    0.659148097038269,
                    2.657111167907715
                ],
                [
                    0.0,
                    0.0,
                    0.0,
                    1.0
                ]
            ]
        },
        {
            "file_path": "/data/shapenet_blender/all_50_random/02958343/3163c8037d5782365688db6590f826c8/r_32",
            "rotation": 0.12566370614359174,
            "transform_matrix": [
                [
                    -0.9762576818466187,
                    0.12617167830467224,
                    -0.1760731190443039,
                    -0.7097734212875366
                ],
                [
                    -0.21661266684532166,
                    -0.5686466693878174,
                    0.7935488820075989,
                    3.1988978385925293
                ],
                [
                    0.0,
                    0.8128478527069092,
                    0.5824760794639587,
                    2.348036289215088
                ],
                [
                    0.0,
                    0.0,
                    0.0,
                    1.0
                ]
            ]
        },
        {
            "file_path": "/data/shapenet_blender/all_50_random/02958343/3163c8037d5782365688db6590f826c8/r_33",
            "rotation": 0.12566370614359174,
            "transform_matrix": [
                [
                    0.597199559211731,
                    0.035600680857896805,
                    -0.8013022541999817,
                    -3.2301526069641113
                ],
                [
                    -0.8020927906036377,
                    0.026506546884775162,
                    -0.596610963344574,
                    -2.405015707015991
                ],
                [
                    -1.862645371275562e-09,
                    0.9990144371986389,
                    0.04438474401831627,
                    0.17892062664031982
                ],
                [
                    0.0,
                    0.0,
                    0.0,
                    1.0
                ]
            ]
        },
        {
            "file_path": "/data/shapenet_blender/all_50_random/02958343/3163c8037d5782365688db6590f826c8/r_34",
            "rotation": 0.12566370614359174,
            "transform_matrix": [
                [
                    -0.14923985302448273,
                    -0.7384424209594727,
                    0.6575942039489746,
                    2.6508471965789795
                ],
                [
                    0.9888010025024414,
                    -0.11145321279764175,
                    0.09925077855587006,
                    0.4000927209854126
                ],
                [
                    0.0,
                    0.6650420427322388,
                    0.7468058466911316,
                    3.0104708671569824
                ],
                [
                    0.0,
                    0.0,
                    0.0,
                    1.0
                ]
            ]
        },
        {
            "file_path": "/data/shapenet_blender/all_50_random/02958343/3163c8037d5782365688db6590f826c8/r_35",
            "rotation": 0.12566370614359174,
            "transform_matrix": [
                [
                    -0.8535914421081543,
                    0.13321678340435028,
                    -0.5036217570304871,
                    -2.0301642417907715
                ],
                [
                    -0.5209429860115051,
                    -0.21828243136405945,
                    0.8252097964286804,
                    3.3265268802642822
                ],
                [
                    7.4505797087454084e-09,
                    0.9667502641677856,
                    0.25572237372398376,
                    1.030849814414978
                ],
                [
                    0.0,
                    0.0,
                    0.0,
                    1.0
                ]
            ]
        },
        {
            "file_path": "/data/shapenet_blender/all_50_random/02958343/3163c8037d5782365688db6590f826c8/r_36",
            "rotation": 0.12566370614359174,
            "transform_matrix": [
                [
                    -0.7907739281654358,
                    0.27011117339134216,
                    0.5492874383926392,
                    2.2142484188079834
                ],
                [
                    0.6121084690093994,
                    0.34895262122154236,
                    0.7096163034439087,
                    2.8605549335479736
                ],
                [
                    0.0,
                    0.8973695039749146,
                    -0.44127994775772095,
                    -1.7788563966751099
                ],
                [
                    0.0,
                    0.0,
                    0.0,
                    1.0
                ]
            ]
        },
        {
            "file_path": "/data/shapenet_blender/all_50_random/02958343/3163c8037d5782365688db6590f826c8/r_37",
            "rotation": 0.12566370614359174,
            "transform_matrix": [
                [
                    0.2656468152999878,
                    -0.4604816734790802,
                    0.8469878435134888,
                    3.4143171310424805
                ],
                [
                    0.9640704393386841,
                    0.12688440084457397,
                    -0.23338505625724792,
                    -0.9408052563667297
                ],
                [
                    0.0,
                    0.8785538673400879,
                    0.477643221616745,
                    1.9254413843154907
                ],
                [
                    0.0,
                    0.0,
                    0.0,
                    1.0
                ]
            ]
        },
        {
            "file_path": "/data/shapenet_blender/all_50_random/02958343/3163c8037d5782365688db6590f826c8/r_38",
            "rotation": 0.12566370614359174,
            "transform_matrix": [
                [
                    -0.8745220899581909,
                    0.13157401978969574,
                    -0.46679699420928955,
                    -1.8817188739776611
                ],
                [
                    -0.48498573899269104,
                    -0.2372531294822693,
                    0.8417242765426636,
                    3.393099069595337
                ],
                [
                    -7.450580596923828e-09,
                    0.9624963402748108,
                    0.27129459381103516,
                    1.0936235189437866
                ],
                [
                    0.0,
                    0.0,
                    0.0,
                    1.0
                ]
            ]
        },
        {
            "file_path": "/data/shapenet_blender/all_50_random/02958343/3163c8037d5782365688db6590f826c8/r_39",
            "rotation": 0.12566370614359174,
            "transform_matrix": [
                [
                    0.6383088231086731,
                    0.3505779504776001,
                    -0.6853151321411133,
                    -2.762593984603882
                ],
                [
                    -0.7697803974151611,
                    0.29070237278938293,
                    -0.5682694315910339,
                    -2.2907676696777344
                ],
                [
                    0.0,
                    0.8902736306190491,
                    0.455425888299942,
                    1.8358806371688843
                ],
                [
                    0.0,
                    0.0,
                    0.0,
                    1.0
                ]
            ]
        },
        {
            "file_path": "/data/shapenet_blender/all_50_random/02958343/3163c8037d5782365688db6590f826c8/r_40",
            "rotation": 0.12566370614359174,
            "transform_matrix": [
                [
                    0.9437761306762695,
                    -0.2846865653991699,
                    0.16804806888103485,
                    0.6774234771728516
                ],
                [
                    0.330585241317749,
                    0.8127416372299194,
                    -0.4797545075416565,
                    -1.9339524507522583
                ],
                [
                    1.4901161193847656e-08,
                    0.5083349943161011,
                    0.8611592650413513,
                    3.4714443683624268
                ],
                [
                    0.0,
                    0.0,
                    0.0,
                    1.0
                ]
            ]
        },
        {
            "file_path": "/data/shapenet_blender/all_50_random/02958343/3163c8037d5782365688db6590f826c8/r_41",
            "rotation": 0.12566370614359174,
            "transform_matrix": [
                [
                    -0.8545824885368347,
                    -0.4136669933795929,
                    0.31395605206489563,
                    1.2655974626541138
                ],
                [
                    0.5193157196044922,
                    -0.6807276606559753,
                    0.5166439414024353,
                    2.082658529281616
                ],
                [
                    1.4901161193847656e-08,
                    0.6045571565628052,
                    0.7965616583824158,
