{
    "class": "02958343",
    "model": "5bab0881b7a18b12733269057ed164db",
    "remove_doubles": true,
    "edge_split": true,
    "denoise": true,
    "camera_angle_x": 0.6911112070083618,
    "scale_factor": 2.317905398707546,
    "hdri_file": "/data/IndoorHDRDataset2018/AG8A8541-01c58c4cba.exr",
    "center_offset": [
        0.0,
        0.0,
        -9.313225746154785e-10
    ],
    "lights": [],
    "frames": [
        {
            "file_path": "/data/shapenet_blender/all_50_random/02958343/5bab0881b7a18b12733269057ed164db/r_0",
            "rotation": 0.12566370614359174,
            "transform_matrix": [
                [
                    -0.9998089075088501,
                    -0.018208175897598267,
                    0.00712435320019722,
                    0.028719186782836914
                ],
                [
                    0.01955234445631504,
                    -0.931074857711792,
                    0.36430370807647705,
                    1.468555212020874
                ],
                [
                    -4.656613428188905e-10,
                    0.36437323689460754,
                    0.9312529563903809,
                    3.754000663757324
                ],
                [
                    0.0,
                    0.0,
                    0.0,
                    1.0
                ]
            ]
        },
        {
            "file_path": "/data/shapenet_blender/all_50_random/02958343/5bab0881b7a18b12733269057ed164db/r_1",
            "rotation": 0.12566370614359174,
            "transform_matrix": [
                [
                    0.05419903248548508,
                    0.15109972655773163,
                    -0.9870315790176392,
                    -3.978851556777954
                ],
                [
                    -0.9985301494598389,
                    0.00820151437073946,
                    -0.053574901074171066,
                    -0.2159673273563385
                ],
                [
                    9.313225746154785e-10,
                    0.9884844422340393,
                    0.1513221710920334,
                    0.6099991798400879
                ],
                [
                    0.0,
                    0.0,
                    0.0,
                    1.0
                ]
            ]
        },
        {
            "file_path": "/data/shapenet_blender/all_50_random/02958343/5bab0881b7a18b12733269057ed164db/r_2",
            "rotation": 0.12566370614359174,
            "transform_matrix": [
                [
                    0.9143623113632202,
                    -0.02879817597568035,
                    -0.40387168526649475,
                    -1.6280590295791626
                ],
                [
                    -0.40489721298217773,
                    -0.0650336965918541,
                    -0.9120464324951172,
                    -3.67657732963562
                ],
                [
                    3.725290742551124e-09,
                    0.9974673390388489,
                    -0.07112466543912888,
                    -0.28671273589134216
                ],
                [
                    0.0,
                    0.0,
                    0.0,
                    1.0
                ]
            ]
        },
        {
            "file_path": "/data/shapenet_blender/all_50_random/02958343/5bab0881b7a18b12733269057ed164db/r_3",
            "rotation": 0.12566370614359174,
            "transform_matrix": [
                [
                    -0.9956654906272888,
                    -0.08228551596403122,
                    0.04335140064358711,
                    0.17475508153438568
                ],
                [
                    0.09300672262907028,
                    -0.8808916211128235,
                    0.4640900194644928,
                    1.8708066940307617
                ],
                [
                    -3.725290742551124e-09,
                    0.4661102592945099,
                    0.8847265243530273,
                    3.5664467811584473
                ],
                [
                    0.0,
                    0.0,
                    0.0,
                    1.0
                ]
            ]
        },
        {
            "file_path": "/data/shapenet_blender/all_50_random/02958343/5bab0881b7a18b12733269057ed164db/r_4",
            "rotation": 0.12566370614359174,
            "transform_matrix": [
                [
                    0.992556631565094,
                    0.06382942199707031,
                    0.10371663421392441,
                    0.41809511184692383
                ],
                [
                    0.12178396433591843,
                    -0.5202188491821289,
                    -0.8453052639961243,
                    -3.407534599304199
                ],
                [
                    0.0,
                    0.8516444563865662,
                    -0.524120032787323,
                    -2.112795352935791
                ],
                [
                    0.0,
                    0.0,
                    0.0,
                    1.0
                ]
            ]
        },
        {
            "file_path": "/data/shapenet_blender/all_50_random/02958343/5bab0881b7a18b12733269057ed164db/r_5",
            "rotation": 0.12566370614359174,
            "transform_matrix": [
                [
                    -0.4850243031978607,
                    0.19678956270217896,
                    -0.8520711660385132,
                    -3.4348087310791016
                ],
                [
                    -0.8745006322860718,
                    -0.1091454029083252,
                    0.47258424758911133,
                    1.9050480127334595
                ],
                [
                    -7.450580152834618e-09,
                    0.974351704120636,
                    0.22503076493740082,
                    0.9071280360221863
                ],
                [
                    0.0,
                    0.0,
                    0.0,
                    1.0
                ]
            ]
        },
        {
            "file_path": "/data/shapenet_blender/all_50_random/02958343/5bab0881b7a18b12733269057ed164db/r_6",
            "rotation": 0.12566370614359174,
            "transform_matrix": [
                [
                    0.9999938011169434,
                    -0.002620585262775421,
                    0.002372325398027897,
                    0.009563148021697998
                ],
                [
                    0.0035348827950656414,
                    0.7413454055786133,
                    -0.6711143851280212,
                    -2.705348253250122
                ],
                [
                    -1.1641532182693481e-10,
                    0.671118438243866,
                    0.7413501143455505,
                    2.9884774684906006
                ],
                [
                    0.0,
                    0.0,
                    0.0,
                    1.0
                ]
            ]
        },
        {
            "file_path": "/data/shapenet_blender/all_50_random/02958343/5bab0881b7a18b12733269057ed164db/r_7",
            "rotation": 0.12566370614359174,
            "transform_matrix": [
                [
                    -0.5854424238204956,
                    -0.6717893481254578,
                    -0.45382383465766907,
                    -1.8294223546981812
                ],
                [
                    -0.8107138872146606,
                    0.48512059450149536,
                    0.3277207314968109,
                    1.3210844993591309
                ],
                [
                    -1.4901161193847656e-08,
                    0.5597828030586243,
                    -0.8286392092704773,
                    -3.3403515815734863
                ],
                [
                    0.0,
                    0.0,
                    0.0,
                    1.0
                ]
            ]
        },
        {
            "file_path": "/data/shapenet_blender/all_50_random/02958343/5bab0881b7a18b12733269057ed164db/r_8",
            "rotation": 0.12566370614359174,
            "transform_matrix": [
                [
                    0.2237730622291565,
                    0.48614513874053955,
                    -0.8447416424751282,
                    -3.4052627086639404
                ],
                [
                    -0.9746412634849548,
                    0.11161664128303528,
                    -0.19394871592521667,
                    -0.7818323373794556
                ],
                [
                    0.0,
                    0.8667205572128296,
                    0.49879390001296997,
                    2.010702610015869
                ],
                [
                    0.0,
                    0.0,
                    0.0,
                    1.0
                ]
            ]
        },
        {
            "file_path": "/data/shapenet_blender/all_50_random/02958343/5bab0881b7a18b12733269057ed164db/r_9",
            "rotation": 0.12566370614359174,
            "transform_matrix": [
                [
                    0.7001936435699463,
                    -0.38854289054870605,
                    -0.5989683866500854,
                    -2.4145190715789795
                ],
                [
                    -0.713952898979187,
                    -0.38105493783950806,
                    -0.5874251127243042,
                    -2.3679866790771484
                ],
                [
                    0.0,
                    0.8389467000961304,
                    -0.5442135334014893,
                    -2.1937952041625977
                ],
                [
                    0.0,
                    0.0,
                    0.0,
                    1.0
                ]
            ]
        },
        {
            "file_path": "/data/shapenet_blender/all_50_random/02958343/5bab0881b7a18b12733269057ed164db/r_10",
            "rotation": 0.12566370614359174,
            "transform_matrix": [
                [
                    0.9913793206214905,
                    -0.03948241099715233,
                    0.1249326691031456,
                    0.5036196708679199
                ],
                [
                    0.13102301955223083,
                    0.29874175786972046,
                    -0.9452969431877136,
                    -3.8106136322021484
                ],
                [
                    -3.725290076417309e-09,
                    0.9535168409347534,
                    0.3013395071029663,
                    1.214738368988037
                ],
                [
                    0.0,
                    0.0,
                    0.0,
                    1.0
                ]
            ]
        },
        {
            "file_path": "/data/shapenet_blender/all_50_random/02958343/5bab0881b7a18b12733269057ed164db/r_11",
            "rotation": 0.12566370614359174,
            "transform_matrix": [
                [
                    0.37533822655677795,
                    -0.13368971645832062,
                    -0.9171958565711975,
                    -3.6973347663879395
                ],
                [
                    -0.9268878698348999,
                    -0.05413692444562912,
                    -0.3714134991168976,
                    -1.497215747833252
                ],
                [
                    3.725290076417309e-09,
                    0.9895434975624084,
                    -0.1442350149154663,
                    -0.5814299583435059
                ],
                [
                    0.0,
                    0.0,
                    0.0,
                    1.0
                ]
            ]
        },
        {
            "file_path": "/data/shapenet_blender/all_50_random/02958343/5bab0881b7a18b12733269057ed164db/r_12",
            "rotation": 0.12566370614359174,
            "transform_matrix": [
                [
                    0.9233682155609131,
                    -0.12674331665039062,
                    0.3623912036418915,
                    1.4608458280563354
                ],
                [
                    0.3839157521724701,
                    0.3048344850540161,
                    -0.8715988397598267,
                    -3.5135276317596436
                ],
                [
                    -1.4901162970204496e-08,
                    0.9439343214035034,
                    0.3301331400871277,
                    1.3308093547821045
                ],
                [
                    0.0,
                    0.0,
                    0.0,
                    1.0
                ]
            ]
        },
        {
            "file_path": "/data/shapenet_blender/all_50_random/02958343/5bab0881b7a18b12733269057ed164db/r_13",
            "rotation": 0.12566370614359174,
            "transform_matrix": [
                [
                    -0.4419703185558319,
                    -0.49328330159187317,
                    0.7492221593856812,
                    3.0202112197875977
                ],
                [
                    0.8970296382904053,
                    -0.24304279685020447,
                    0.3691449463367462,
                    1.4880708456039429
                ],
                [
                    1.4901160305669237e-08,
                    0.8352256417274475,
                    0.549907386302948,
                    2.216747522354126
                ],
                [
                    0.0,
                    0.0,
                    0.0,
                    1.0
                ]
            ]
        },
        {
            "file_path": "/data/shapenet_blender/all_50_random/02958343/5bab0881b7a18b12733269057ed164db/r_14",
            "rotation": 0.12566370614359174,
            "transform_matrix": [
                [
                    0.9381216168403625,
                    -0.15732142329216003,
                    0.308508962392807,
                    1.2436394691467285
                ],
                [
                    0.3463059663772583,
                    0.4261740446090698,
                    -0.8357318639755249,
                    -3.368943214416504
                ],
                [
                    1.4901161193847656e-08,
                    0.8908566832542419,
                    0.4542843699455261,
                    1.8312790393829346
                ],
                [
                    0.0,
                    0.0,
                    0.0,
                    1.0
                ]
            ]
        },
        {
            "file_path": "/data/shapenet_blender/all_50_random/02958343/5bab0881b7a18b12733269057ed164db/r_15",
            "rotation": 0.12566370614359174,
            "transform_matrix": [
                [
                    0.9913186430931091,
                    0.02525762841105461,
                    0.12903273105621338,
                    0.5201475620269775
                ],
                [
                    0.13148152828216553,
                    -0.19043250381946564,
                    -0.9728556275367737,
                    -3.921706438064575
                ],
                [
                    0.0,
                    0.9813752770423889,
                    -0.19210019707679749,
                    -0.7743806838989258
                ],
                [
                    0.0,
                    0.0,
                    0.0,
                    1.0
                ]
            ]
        },
        {
            "file_path": "/data/shapenet_blender/all_50_random/02958343/5bab0881b7a18b12733269057ed164db/r_16",
            "rotation": 0.12566370614359174,
            "transform_matrix": [
                [
                    -0.7591158151626587,
                    -0.6271640062332153,
                    -0.1743801087141037,
                    -0.7029486894607544
                ],
                [
                    -0.6509555578231812,
                    0.7313711643218994,
                    0.20335443317890167,
                    0.8197479248046875
                ],
                [
                    0.0,
                    0.26788318157196045,
                    -0.9634513854980469,
                    -3.8837966918945312
                ],
                [
                    0.0,
                    0.0,
                    0.0,
                    1.0
                ]
            ]
        },
        {
            "file_path": "/data/shapenet_blender/all_50_random/02958343/5bab0881b7a18b12733269057ed164db/r_17",
            "rotation": 0.12566370614359174,
            "transform_matrix": [
                [
                    -0.7139454483985901,
                    0.4858472943305969,
                    -0.5042164325714111,
                    -2.0325615406036377
                ],
                [
                    -0.7002013325691223,
                    -0.4953839182853699,
                    0.5141136050224304,
                    2.072458267211914
                ],
                [
                    -1.4901162970204496e-08,
                    0.7201020121574402,
                    0.6938681602478027,
                    2.797071933746338
                ],
                [
                    0.0,
                    0.0,
                    0.0,
                    1.0
                ]
            ]
        },
        {
            "file_path": "/data/shapenet_blender/all_50_random/02958343/5bab0881b7a18b12733269057ed164db/r_18",
            "rotation": 0.12566370614359174,
            "transform_matrix": [
                [
                    0.9886557459831238,
                    -0.04830596596002579,
                    -0.14221926033496857,
                    -0.5733041763305664
                ],
                [
                    -0.15019913017749786,
                    -0.3179643452167511,
                    -0.9361297488212585,
                    -3.7736597061157227
                ],
                [
                    -3.725290076417309e-09,
                    0.946871280670166,
                    -0.32161277532577515,
                    -1.2964625358581543
                ],
                [
                    0.0,
                    0.0,
                    0.0,
                    1.0
                ]
            ]
        },
        {
            "file_path": "/data/shapenet_blender/all_50_random/02958343/5bab0881b7a18b12733269057ed164db/r_19",
            "rotation": 0.12566370614359174,
            "transform_matrix": [
                [
                    0.878819465637207,
                    -0.42743751406669617,
                    -0.21206942200660706,
                    -0.8548792600631714
                ],
                [
                    -0.47715434432029724,
                    -0.787251353263855,
                    -0.3905879557132721,
                    -1.5745105743408203
                ],
                [
                    0.0,
                    0.4444461762905121,
                    -0.8958054780960083,
                    -3.611107587814331
                ],
                [
                    0.0,
                    0.0,
                    0.0,
                    1.0
                ]
            ]
        },
        {
            "file_path": "/data/shapenet_blender/all_50_random/02958343/5bab0881b7a18b12733269057ed164db/r_20",
            "rotation": 0.12566370614359174,
            "transform_matrix": [
                [
                    0.6613555550575256,
                    -0.23305614292621613,
                    0.7129471302032471,
                    2.8739819526672363
                ],
                [
                    0.7500725984573364,
                    0.20549073815345764,
                    -0.6286212205886841,
                    -2.534053325653076
                ],
                [
                    0.0,
                    0.9505043029785156,
                    0.31071141362190247,
                    1.2525179386138916
                ],
                [
                    0.0,
                    0.0,
                    0.0,
                    1.0
                ]
            ]
        },
        {
            "file_path": "/data/shapenet_blender/all_50_random/02958343/5bab0881b7a18b12733269057ed164db/r_21",
            "rotation": 0.12566370614359174,
            "transform_matrix": [
                [
                    0.6980016231536865,
                    -0.5883111357688904,
                    -0.40826907753944397,
                    -1.6457853317260742
                ],
                [
                    -0.7160961627960205,
                    -0.5734455585479736,
                    -0.3979528248310089,
                    -1.6041991710662842
                ],
                [
                    -1.4901161193847656e-08,
                    0.5701316595077515,
                    -0.8215534090995789,
                    -3.3117876052856445
                ],
                [
                    0.0,
                    0.0,
                    0.0,
                    1.0
                ]
            ]
        },
        {
            "file_path": "/data/shapenet_blender/all_50_random/02958343/5bab0881b7a18b12733269057ed164db/r_22",
            "rotation": 0.12566370614359174,
            "transform_matrix": [
                [
                    0.3807653486728668,
                    0.2813614010810852,
                    -0.8808254599571228,
                    -3.5507211685180664
                ],
                [
                    -0.9246717691421509,
                    0.115860216319561,
                    -0.3627101182937622,
                    -1.462131381034851
                ],
                [
                    0.0,
                    0.9525818824768066,
                    0.30428242683410645,
                    1.2266018390655518
                ],
                [
                    0.0,
                    0.0,
                    0.0,
                    1.0
                ]
            ]
        },
        {
            "file_path": "/data/shapenet_blender/all_50_random/02958343/5bab0881b7a18b12733269057ed164db/r_23",
            "rotation": 0.12566370614359174,
            "transform_matrix": [
                [
                    -0.05379607528448105,
                    0.09002107381820679,
                    0.9944858551025391,
                    4.0089006423950195
                ],
                [
                    0.9985520243644714,
                    0.004849802702665329,
                    0.053577013313770294,
                    0.21597585082054138
                ],
                [
                    0.0,
                    0.9959280490875244,
                    -0.09015160799026489,
                    -0.3634127676486969
                ],
                [
                    0.0,
                    0.0,
                    0.0,
                    1.0
                ]
            ]
        },
        {
            "file_path": "/data/shapenet_blender/all_50_random/02958343/5bab0881b7a18b12733269057ed164db/r_24",
            "rotation": 0.12566370614359174,
            "transform_matrix": [
                [
                    -0.04133303835988045,
                    0.4485689401626587,
                    -0.8927919268608093,
                    -3.598959445953369
                ],
                [
                    -0.9991455078125,
                    -0.01855657435953617,
                    0.03693336248397827,
                    0.1488831490278244
                ],
                [
                    0.0,
                    0.8935555219650269,
                    0.4489525854587555,
                    1.8097857236862183
                ],
                [
                    0.0,
                    0.0,
                    0.0,
                    1.0
                ]
            ]
        },
        {
            "file_path": "/data/shapenet_blender/all_50_random/02958343/5bab0881b7a18b12733269057ed164db/r_25",
            "rotation": 0.12566370614359174,
            "transform_matrix": [
                [
                    -0.5705664157867432,
                    0.5417311787605286,
                    -0.6172367334365845,
                    -2.4881608486175537
                ],
                [
                    -0.8212513327598572,
                    -0.3763691186904907,
                    0.4288267493247986,
                    1.7286559343338013
                ],
                [
                    -1.4901160305669237e-08,
                    0.7515806555747986,
                    0.6596410870552063,
                    2.6590983867645264
                ],
                [
                    0.0,
                    0.0,
                    0.0,
                    1.0
                ]
            ]
        },
        {
            "file_path": "/data/shapenet_blender/all_50_random/02958343/5bab0881b7a18b12733269057ed164db/r_26",
            "rotation": 0.12566370614359174,
            "transform_matrix": [
                [
                    -0.9998714923858643,
                    0.002691249828785658,
                    0.015808047726750374,
                    0.06372427940368652
                ],
                [
                    0.016035499051213264,
                    0.16780917346477509,
                    0.9856890439987183,
                    3.9734396934509277
                ],
                [
                    0.0,
                    0.9858157634735107,
                    -0.16783076524734497,
                    -0.6765474677085876
                ],
                [
                    0.0,
                    0.0,
                    0.0,
                    1.0
                ]
            ]
        },
        {
            "file_path": "/data/shapenet_blender/all_50_random/02958343/5bab0881b7a18b12733269057ed164db/r_27",
            "rotation": 0.12566370614359174,
            "transform_matrix": [
                [
                    0.16402894258499146,
                    -0.10048888623714447,
                    -0.981323778629303,
                    -3.955842971801758
                ],
                [
                    -0.986455500125885,
                    -0.016709405928850174,
                    -0.16317564249038696,
                    -0.6577821373939514
                ],
                [
                    1.8626450382086546e-09,
                    0.9947978258132935,
                    -0.1018686443567276,
                    -0.41064566373825073
                ],
                [
                    0.0,
                    0.0,
                    0.0,
                    1.0
                ]
            ]
        },
        {
            "file_path": "/data/shapenet_blender/all_50_random/02958343/5bab0881b7a18b12733269057ed164db/r_28",
            "rotation": 0.12566370614359174,
            "transform_matrix": [
                [
                    -0.8454555869102478,
                    -0.3654910624027252,
                    0.3893856406211853,
                    1.5696637630462646
                ],
                [
                    0.5340458154678345,
                    -0.5786141157150269,
                    0.6164419651031494,
                    2.484956979751587
                ],
                [
                    0.0,
                    0.7291240692138672,
                    0.6843815445899963,
                    2.7588303089141846
                ],
                [
                    0.0,
                    0.0,
                    0.0,
                    1.0
                ]
            ]
        },
        {
            "file_path": "/data/shapenet_blender/all_50_random/02958343/5bab0881b7a18b12733269057ed164db/r_29",
            "rotation": 0.12566370614359174,
            "transform_matrix": [
                [
                    0.7226482629776001,
                    -0.5451701283454895,
                    0.42493411898612976,
                    1.7129642963409424
                ],
                [
                    0.6912159323692322,
                    0.5699611902236938,
                    -0.44425758719444275,
                    -1.7908596992492676
                ],
                [
                    0.0,
                    0.6147632598876953,
                    0.7887116074562073,
                    3.179398536682129
                ],
                [
                    0.0,
                    0.0,
                    0.0,
                    1.0
                ]
            ]
        },
        {
            "file_path": "/data/shapenet_blender/all_50_random/02958343/5bab0881b7a18b12733269057ed164db/r_30",
            "rotation": 0.12566370614359174,
            "transform_matrix": [
                [
                    -0.32674697041511536,
                    0.07830353081226349,
                    -0.9418624639511108,
                    -3.796769142150879
                ],
                [
                    -0.9451119303703308,
                    -0.027071336284279823,
                    0.3256235718727112,
                    1.3126306533813477
                ],
                [
                    0.0,
                    0.9965618848800659,
                    0.08285107463598251,
                    0.3339833617210388
                ],
                [
                    0.0,
                    0.0,
                    0.0,
                    1.0
                ]
            ]
        },
        {
            "file_path": "/data/shapenet_blender/all_50_random/02958343/5bab0881b7a18b12733269057ed164db/r_31",
            "rotation": 0.12566370614359174,
            "transform_matrix": [
                [
                    0.9974355697631836,
                    0.058744173496961594,
                    -0.04088248312473297,
                    -0.16480258107185364
                ],
                [
                    -0.07156993448734283,
                    0.8186891674995422,
                    -0.5697593688964844,
                    -2.296773672103882
                ],
                [
                    3.7252898543727042e-09,
                    0.5712242126464844,
                    0.8207939863204956,
                    3.3087265491485596
                ],
                [
                    0.0,
                    0.0,
                    0.0,
                    1.0
                ]
            ]
        },
        {
            "file_path": "/data/shapenet_blender/all_50_random/02958343/5bab0881b7a18b12733269057ed164db/r_32",
            "rotation": 0.12566370614359174,
            "transform_matrix": [
                [
                    0.6150181293487549,
                    0.6964859366416931,
                    -0.3696754276752472,
                    -1.4902093410491943
                ],
                [
                    -0.7885130643844604,
                    0.5432395935058594,
                    -0.28833651542663574,
                    -1.16232168674469
                ],
                [
                    1.4901164746561335e-08,
                    0.46882593631744385,
                    0.8832904696464539,
                    3.5606577396392822
                ],
                [
                    0.0,
                    0.0,
                    0.0,
                    1.0
                ]
            ]
        },
        {
            "file_path": "/data/shapenet_blender/all_50_random/02958343/5bab0881b7a18b12733269057ed164db/r_33",
            "rotation": 0.12566370614359174,
            "transform_matrix": [
                [
                    -0.8235911726951599,
                    -0.05107971280813217,
                    -0.5648791193962097,
                    -2.2771005630493164
                ],
                [
                    -0.5671838521957397,
                    0.07417137175798416,
                    0.8202444911003113,
                    3.306511402130127
                ],
                [
                    7.450580152834618e-09,
                    0.9959365725517273,
                    -0.09005846828222275,
                    -0.3630372881889343
                ],
                [
                    0.0,
                    0.0,
                    0.0,
                    1.0
                ]
            ]
        },
        {
            "file_path": "/data/shapenet_blender/all_50_random/02958343/5bab0881b7a18b12733269057ed164db/r_34",
            "rotation": 0.12566370614359174,
            "transform_matrix": [
                [
                    -0.02701558917760849,
                    0.0815628319978714,
                    0.9963019490242004,
                    4.016221523284912
                ],
                [
                    0.9996349811553955,
                    0.0022042724303901196,
                    0.02692551165819168,
                    0.10854020714759827
                ],
                [
                    0.0,
                    0.9966656565666199,
                    -0.0815926194190979,
                    -0.32891038060188293
                ],
                [
                    0.0,
                    0.0,
                    0.0,
                    1.0
                ]
            ]
        },
        {
            "file_path": "/data/shapenet_blender/all_50_random/02958343/5bab0881b7a18b12733269057ed164db/r_35",
            "rotation": 0.12566370614359174,
            "transform_matrix": [
                [
                    0.189548060297966,
                    0.005846344865858555,
                    0.9818540215492249,
                    3.957980155944824
                ],
                [
                    0.9818714261054993,
                    -0.0011286236112937331,
                    -0.1895446926355362,
                    -0.7640790939331055
                ],
                [
                    0.0,
                    0.9999822378158569,
                    -0.005954287480562925,
                    -0.024002499878406525
                ],
                [
                    0.0,
                    0.0,
                    0.0,
                    1.0
                ]
            ]
        },
        {
            "file_path": "/data/shapenet_blender/all_50_random/02958343/5bab0881b7a18b12733269057ed164db/r_36",
            "rotation": 0.12566370614359174,
            "transform_matrix": [
                [
                    0.31143417954444885,
                    -0.344835102558136,
                    -0.8854928016662598,
                    -3.569535732269287
                ],
                [
                    -0.9502677917480469,
                    -0.1130138635635376,
                    -0.2902052700519562,
                    -1.1698548793792725
                ],
                [
                    0.0,
                    0.9318350553512573,
                    -0.36288201808929443,
                    -1.4628242254257202
                ],
                [
                    0.0,
                    0.0,
                    0.0,
                    1.0
                ]
            ]
        },
        {
            "file_path": "/data/shapenet_blender/all_50_random/02958343/5bab0881b7a18b12733269057ed164db/r_37",
            "rotation": 0.12566370614359174,
            "transform_matrix": [
                [
                    -0.47797703742980957,
                    -0.3154408037662506,
                    0.8197774291038513,
                    3.304628610610962
                ],
                [
                    0.8783723711967468,
                    -0.1716509461402893,
                    0.446091890335083,
                    1.7982538938522339
                ],
                [
                    -1.4901161193847656e-08,
                    0.9332915544509888,
                    0.3591196537017822,
                    1.447657585144043
                ],
                [
                    0.0,
                    0.0,
                    0.0,
                    1.0
                ]
            ]
        },
        {
            "file_path": "/data/shapenet_blender/all_50_random/02958343/5bab0881b7a18b12733269057ed164db/r_38",
            "rotation": 0.12566370614359174,
            "transform_matrix": [
                [
                    -0.7398607134819031,
                    0.33400222659111023,
                    0.5839934945106506,
                    2.3541531562805176
                ],
                [
                    0.6727598905563354,
                    0.36731550097465515,
                    0.6422408223152161,
                    2.5889556407928467
                ],
                [
                    1.4901161193847656e-08,
                    0.8680561184883118,
                    -0.4964657723903656,
                    -2.0013175010681152
                ],
                [
                    0.0,
                    0.0,
                    0.0,
                    1.0
                ]
            ]
        },
        {
            "file_path": "/data/shapenet_blender/all_50_random/02958343/5bab0881b7a18b12733269057ed164db/r_39",
            "rotation": 0.12566370614359174,
            "transform_matrix": [
                [
                    -0.6430149078369141,
                    -0.03710983321070671,
                    0.7649539709091187,
                    3.0836284160614014
                ],
                [
                    0.7658537030220032,
                    -0.031157616525888443,
                    0.642259418964386,
                    2.5890307426452637
                ],
                [
                    1.862645149230957e-09,
                    0.9988254308700562,
                    0.04845550283789635,
                    0.1953303962945938
                ],
                [
                    0.0,
                    0.0,
                    0.0,
                    1.0
                ]
            ]
        },
        {
            "file_path": "/data/shapenet_blender/all_50_random/02958343/5bab0881b7a18b12733269057ed164db/r_40",
            "rotation": 0.12566370614359174,
            "transform_matrix": [
                [
                    0.16302624344825745,
                    -0.24064499139785767,
                    -0.9568241238594055,
                    -3.857081413269043
                ],
                [
                    -0.9866217374801636,
                    -0.03976341709494591,
                    -0.1581025868654251,
                    -0.6373319029808044
                ],
                [
                    -3.725290298461914e-09,
                    0.9697983860969543,
                    -0.24390803277492523,
                    -0.9832247495651245
                ],
                [
                    0.0,
                    0.0,
                    0.0,
                    1.0
                ]
            ]
        },
        {
            "file_path": "/data/shapenet_blender/all_50_random/02958343/5bab0881b7a18b12733269057ed164db/r_41",
            "rotation": 0.12566370614359174,
            "transform_matrix": [
                [
                    0.9322599768638611,
                    -0.13500669598579407,
                    -0.3356553018093109,
                    -1.3530699014663696
                ],
                [
                    -0.3617890179157257,
                    -0.34788599610328674,
