{
    "class": "02958343",
    "model": "10555502fa7b3027283ffcfc40c29975",
    "remove_doubles": true,
    "edge_split": true,
    "denoise": true,
    "camera_angle_x": 0.6911112070083618,
    "scale_factor": 2.276994118734411,
    "hdri_file": "/data/IndoorHDRDataset2018/AG8A5230-9492af1efb.exr",
    "center_offset": [
        0.0,
        -4.656612873077393e-10,
        -3.725290298461914e-09
    ],
    "lights": [],
    "frames": [
        {
            "file_path": "/data/shapenet_blender/all_50_random/02958343/10555502fa7b3027283ffcfc40c29975/r_0",
            "rotation": 0.12566370614359174,
            "transform_matrix": [
                [
                    0.11309527605772018,
                    -0.7371878623962402,
                    -0.6661557555198669,
                    -2.6853597164154053
                ],
                [
                    -0.9935840964317322,
                    -0.08391083031892776,
                    -0.07582555711269379,
                    -0.305662602186203
                ],
                [
                    0.0,
                    0.6704573035240173,
                    -0.7419480681419373,
                    -2.9908883571624756
                ],
                [
                    0.0,
                    0.0,
                    0.0,
                    1.0
                ]
            ]
        },
        {
            "file_path": "/data/shapenet_blender/all_50_random/02958343/10555502fa7b3027283ffcfc40c29975/r_1",
            "rotation": 0.12566370614359174,
            "transform_matrix": [
                [
                    -0.4241618514060974,
                    0.04414001852273941,
                    0.904509961605072,
                    3.6461963653564453
                ],
                [
                    0.9055864214897156,
                    0.020674459636211395,
                    0.4236576557159424,
                    1.707818627357483
                ],
                [
                    1.862645371275562e-09,
                    0.9988113641738892,
                    -0.048741914331912994,
                    -0.19648493826389313
                ],
                [
                    0.0,
                    0.0,
                    0.0,
                    1.0
                ]
            ]
        },
        {
            "file_path": "/data/shapenet_blender/all_50_random/02958343/10555502fa7b3027283ffcfc40c29975/r_2",
            "rotation": 0.12566370614359174,
            "transform_matrix": [
                [
                    -0.6530822515487671,
                    0.6652492880821228,
                    0.36183828115463257,
                    1.458616852760315
                ],
                [
                    0.7572869658470154,
                    0.57370924949646,
                    0.31204837560653687,
                    1.2579073905944824
                ],
                [
                    0.0,
                    0.4778086841106415,
                    -0.8784638047218323,
                    -3.541201114654541
                ],
                [
                    0.0,
                    0.0,
                    0.0,
                    1.0
                ]
            ]
        },
        {
            "file_path": "/data/shapenet_blender/all_50_random/02958343/10555502fa7b3027283ffcfc40c29975/r_3",
            "rotation": 0.12566370614359174,
            "transform_matrix": [
                [
                    0.6766223907470703,
                    0.7139676213264465,
                    0.1800895482301712,
                    0.7259641885757446
                ],
                [
                    0.7363301515579224,
                    -0.6560731530189514,
                    -0.16548636555671692,
                    -0.6670968532562256
                ],
                [
                    7.450581485102248e-09,
                    0.2445770502090454,
                    -0.9696298241615295,
                    -3.908702850341797
                ],
                [
                    0.0,
                    0.0,
                    0.0,
                    1.0
                ]
            ]
        },
        {
            "file_path": "/data/shapenet_blender/all_50_random/02958343/10555502fa7b3027283ffcfc40c29975/r_4",
            "rotation": 0.12566370614359174,
            "transform_matrix": [
                [
                    0.852214515209198,
                    0.034836702048778534,
                    -0.522031307220459,
                    -2.1043758392333984
                ],
                [
                    -0.5231924057006836,
                    0.05674460157752037,
                    -0.8503232002258301,
                    -3.427762746810913
                ],
                [
                    1.8626450382086546e-09,
                    0.9977807402610779,
                    0.06658486276865005,
                    0.26841220259666443
                ],
                [
                    0.0,
                    0.0,
                    0.0,
                    1.0
                ]
            ]
        },
        {
            "file_path": "/data/shapenet_blender/all_50_random/02958343/10555502fa7b3027283ffcfc40c29975/r_5",
            "rotation": 0.12566370614359174,
            "transform_matrix": [
                [
                    0.7561362981796265,
                    -0.22360675036907196,
                    -0.6150267720222473,
                    -2.479252576828003
                ],
                [
                    -0.6544142365455627,
                    -0.25836411118507385,
                    -0.7106263637542725,
                    -2.86462664604187
                ],
                [
                    1.4901162970204496e-08,
                    0.9398127198219299,
                    -0.3416898846626282,
                    -1.3773961067199707
                ],
                [
                    0.0,
                    0.0,
                    0.0,
                    1.0
                ]
            ]
        },
        {
            "file_path": "/data/shapenet_blender/all_50_random/02958343/10555502fa7b3027283ffcfc40c29975/r_6",
            "rotation": 0.12566370614359174,
            "transform_matrix": [
                [
                    -0.3388395309448242,
                    0.3730960190296173,
                    0.8637054562568665,
                    3.48170804977417
                ],
                [
                    0.9408441781997681,
                    0.13436836004257202,
                    0.3110584616661072,
                    1.2539167404174805
                ],
                [
                    -1.4901161193847656e-08,
                    0.9180110692977905,
                    -0.3965545892715454,
                    -1.5985627174377441
                ],
                [
                    0.0,
                    0.0,
                    0.0,
                    1.0
                ]
            ]
        },
        {
            "file_path": "/data/shapenet_blender/all_50_random/02958343/10555502fa7b3027283ffcfc40c29975/r_7",
            "rotation": 0.12566370614359174,
            "transform_matrix": [
                [
                    0.06156380474567413,
                    0.8501119017601013,
                    -0.5229910016059875,
                    -2.1082441806793213
                ],
                [
                    -0.9981032609939575,
                    0.05243557691574097,
                    -0.032258499413728714,
                    -0.13003817200660706
                ],
                [
                    0.0,
                    0.5239849090576172,
                    0.8517275452613831,
                    3.4334235191345215
                ],
                [
                    0.0,
                    0.0,
                    0.0,
                    1.0
                ]
            ]
        },
        {
            "file_path": "/data/shapenet_blender/all_50_random/02958343/10555502fa7b3027283ffcfc40c29975/r_8",
            "rotation": 0.12566370614359174,
            "transform_matrix": [
                [
                    0.778213381767273,
                    -0.27031654119491577,
                    0.5668445825576782,
                    2.2850236892700195
                ],
                [
                    0.6279999017715454,
                    0.3349745273590088,
                    -0.7024301886558533,
                    -2.8315865993499756
                ],
                [
                    0.0,
                    0.9026190042495728,
                    0.43044042587280273,
                    1.7351608276367188
                ],
                [
                    0.0,
                    0.0,
                    0.0,
                    1.0
                ]
            ]
        },
        {
            "file_path": "/data/shapenet_blender/all_50_random/02958343/10555502fa7b3027283ffcfc40c29975/r_9",
            "rotation": 0.12566370614359174,
            "transform_matrix": [
                [
                    -0.0984019860625267,
                    -0.7417734265327454,
                    -0.6633921265602112,
                    -2.6742191314697266
                ],
                [
                    -0.9951467514038086,
                    0.07334795594215393,
                    0.06559746712446213,
                    0.26443183422088623
                ],
                [
                    0.0,
                    0.6666273474693298,
                    -0.7453910708427429,
                    -3.004767417907715
                ],
                [
                    0.0,
                    0.0,
                    0.0,
                    1.0
                ]
            ]
        },
        {
            "file_path": "/data/shapenet_blender/all_50_random/02958343/10555502fa7b3027283ffcfc40c29975/r_10",
            "rotation": 0.12566370614359174,
            "transform_matrix": [
                [
                    0.9362511038780212,
                    -0.12822246551513672,
                    0.327097624540329,
                    1.3185726404190063
                ],
                [
                    0.35133156180381775,
                    0.34169554710388184,
                    -0.8716709613800049,
                    -3.51381778717041
                ],
                [
                    -7.450580152834618e-09,
                    0.9310226440429688,
                    0.3649614751338959,
                    1.4712066650390625
                ],
                [
                    0.0,
                    0.0,
                    0.0,
                    1.0
                ]
            ]
        },
        {
            "file_path": "/data/shapenet_blender/all_50_random/02958343/10555502fa7b3027283ffcfc40c29975/r_11",
            "rotation": 0.12566370614359174,
            "transform_matrix": [
                [
                    0.9035540819168091,
                    0.04751259461045265,
                    0.4258315861225128,
                    1.7165820598602295
                ],
                [
                    0.4284740090370178,
                    -0.10019324719905853,
                    -0.8979818224906921,
                    -3.619880437850952
                ],
                [
                    0.0,
                    0.9938330054283142,
                    -0.11088792234659195,
                    -0.4470035135746002
                ],
                [
                    0.0,
                    0.0,
                    0.0,
                    1.0
                ]
            ]
        },
        {
            "file_path": "/data/shapenet_blender/all_50_random/02958343/10555502fa7b3027283ffcfc40c29975/r_12",
            "rotation": 0.12566370614359174,
            "transform_matrix": [
                [
                    0.5588546991348267,
                    -0.779697060585022,
                    0.2824071943759918,
                    1.1384198665618896
                ],
                [
                    0.8292655944824219,
                    0.5254496932029724,
                    -0.1903185248374939,
                    -0.7671985030174255
                ],
                [
                    1.4901161193847656e-08,
                    0.3405509293079376,
                    0.9402260184288025,
                    3.7901723384857178
                ],
                [
                    0.0,
                    0.0,
                    0.0,
                    1.0
                ]
            ]
        },
        {
            "file_path": "/data/shapenet_blender/all_50_random/02958343/10555502fa7b3027283ffcfc40c29975/r_13",
            "rotation": 0.12566370614359174,
            "transform_matrix": [
                [
                    0.6229057312011719,
                    0.20635737478733063,
                    -0.7545892596244812,
                    -3.041846752166748
                ],
                [
                    -0.782296895980835,
                    0.16431255638599396,
                    -0.6008434891700745,
                    -2.4220778942108154
                ],
                [
                    7.450580596923828e-09,
                    0.9645817875862122,
                    0.26378393173217773,
                    1.0633471012115479
                ],
                [
                    0.0,
                    0.0,
                    0.0,
                    1.0
                ]
            ]
        },
        {
            "file_path": "/data/shapenet_blender/all_50_random/02958343/10555502fa7b3027283ffcfc40c29975/r_14",
            "rotation": 0.12566370614359174,
            "transform_matrix": [
                [
                    0.7758305072784424,
                    0.43027982115745544,
                    -0.46146097779273987,
                    -1.8602088689804077
                ],
                [
                    -0.6309414505958557,
                    0.5290890336036682,
                    -0.5674306154251099,
                    -2.287386178970337
                ],
                [
                    0.0,
                    0.731384813785553,
                    0.6819648146629333,
                    2.7490882873535156
                ],
                [
                    0.0,
                    0.0,
                    0.0,
                    1.0
                ]
            ]
        },
        {
            "file_path": "/data/shapenet_blender/all_50_random/02958343/10555502fa7b3027283ffcfc40c29975/r_15",
            "rotation": 0.12566370614359174,
            "transform_matrix": [
                [
                    -0.8277567028999329,
                    -0.08897983282804489,
                    0.5539869070053101,
                    2.2331926822662354
                ],
                [
                    0.5610873103141785,
                    -0.13126949965953827,
                    0.8172816634178162,
                    3.294567823410034
                ],
                [
                    0.0,
                    0.987345278263092,
                    0.15858465433120728,
                    0.6392751932144165
                ],
                [
                    0.0,
                    0.0,
                    0.0,
                    1.0
                ]
            ]
        },
        {
            "file_path": "/data/shapenet_blender/all_50_random/02958343/10555502fa7b3027283ffcfc40c29975/r_16",
            "rotation": 0.12566370614359174,
            "transform_matrix": [
                [
                    -0.6102953553199768,
                    0.3795234262943268,
                    0.6953427791595459,
                    2.803015947341919
                ],
                [
                    0.7921739220619202,
                    0.2923870384693146,
                    0.5356960892677307,
                    2.1594598293304443
                ],
                [
                    0.0,
                    0.8777651786804199,
                    -0.4790911376476288,
                    -1.931277871131897
                ],
                [
                    0.0,
                    0.0,
                    0.0,
                    1.0
                ]
            ]
        },
        {
            "file_path": "/data/shapenet_blender/all_50_random/02958343/10555502fa7b3027283ffcfc40c29975/r_17",
            "rotation": 0.12566370614359174,
            "transform_matrix": [
                [
                    0.8140175342559814,
                    -0.3424053192138672,
                    0.46918442845344543,
                    1.8913428783416748
                ],
                [
                    0.5808402895927429,
                    0.4798632562160492,
                    -0.6575376391410828,
                    -2.6506190299987793
                ],
                [
                    1.4901162970204496e-08,
                    0.8077683448791504,
                    0.5894999504089355,
                    2.3763504028320312
                ],
                [
                    0.0,
                    0.0,
                    0.0,
                    1.0
                ]
            ]
        },
        {
            "file_path": "/data/shapenet_blender/all_50_random/02958343/10555502fa7b3027283ffcfc40c29975/r_18",
            "rotation": 0.12566370614359174,
            "transform_matrix": [
                [
                    0.3859724700450897,
                    0.26290667057037354,
                    0.8842540979385376,
                    3.564542293548584
                ],
                [
                    0.9225103855133057,
                    -0.10999847203493118,
                    -0.3699662685394287,
                    -1.4913817644119263
                ],
                [
                    0.0,
                    0.9585303068161011,
                    -0.28499048948287964,
                    -1.1488333940505981
                ],
                [
                    0.0,
                    0.0,
                    0.0,
                    1.0
                ]
            ]
        },
        {
            "file_path": "/data/shapenet_blender/all_50_random/02958343/10555502fa7b3027283ffcfc40c29975/r_19",
            "rotation": 0.12566370614359174,
            "transform_matrix": [
                [
                    0.42765817046165466,
                    0.6108344197273254,
                    -0.6663256287574768,
                    -2.686044454574585
                ],
                [
                    -0.9039404988288879,
                    0.2889884114265442,
                    -0.3152415454387665,
                    -1.2707793712615967
                ],
                [
                    0.0,
                    0.7371343374252319,
                    0.6757462024688721,
                    2.724020004272461
                ],
                [
                    0.0,
                    0.0,
                    0.0,
                    1.0
                ]
            ]
        },
        {
            "file_path": "/data/shapenet_blender/all_50_random/02958343/10555502fa7b3027283ffcfc40c29975/r_20",
            "rotation": 0.12566370614359174,
            "transform_matrix": [
                [
                    -0.3990049362182617,
                    0.19554458558559418,
                    -0.895855724811554,
                    -3.61130952835083
                ],
                [
                    -0.9169487953186035,
                    -0.08509008586406708,
                    0.3898264169692993,
                    1.57144033908844
                ],
                [
                    0.0,
                    0.9769962430000305,
                    0.21325577795505524,
                    0.8596614599227905
                ],
                [
                    0.0,
                    0.0,
                    0.0,
                    1.0
                ]
            ]
        },
        {
            "file_path": "/data/shapenet_blender/all_50_random/02958343/10555502fa7b3027283ffcfc40c29975/r_21",
            "rotation": 0.12566370614359174,
            "transform_matrix": [
                [
                    -0.9337348937988281,
                    -0.23395510017871857,
                    0.27093201875686646,
                    1.0921618938446045
                ],
                [
                    0.35796529054641724,
                    -0.6102603673934937,
                    0.7067128419876099,
                    2.8488504886627197
                ],
                [
                    0.0,
                    0.7568666338920593,
                    0.6535692811012268,
                    2.634622097015381
                ],
                [
                    0.0,
                    0.0,
                    0.0,
                    1.0
                ]
            ]
        },
        {
            "file_path": "/data/shapenet_blender/all_50_random/02958343/10555502fa7b3027283ffcfc40c29975/r_22",
            "rotation": 0.12566370614359174,
            "transform_matrix": [
                [
                    0.19631294906139374,
                    -0.03361409902572632,
                    0.9799649715423584,
                    3.9503650665283203
                ],
                [
                    0.9805413484573364,
                    0.006729837041348219,
                    -0.19619756937026978,
                    -0.7908977270126343
                ],
                [
                    0.0,
                    0.9994122385978699,
                    0.0342811644077301,
                    0.13819178938865662
                ],
                [
                    0.0,
                    0.0,
                    0.0,
                    1.0
                ]
            ]
        },
        {
            "file_path": "/data/shapenet_blender/all_50_random/02958343/10555502fa7b3027283ffcfc40c29975/r_23",
            "rotation": 0.12566370614359174,
            "transform_matrix": [
                [
                    -0.7840757369995117,
                    0.27342841029167175,
                    -0.5571914315223694,
                    -2.246110439300537
                ],
                [
                    -0.6206653118133545,
                    -0.345417320728302,
                    0.7038902044296265,
                    2.8374722003936768
                ],
                [
                    1.4901162970204496e-08,
                    0.8977324366569519,
                    0.4405409097671509,
                    1.7758772373199463
                ],
                [
                    0.0,
                    0.0,
                    0.0,
                    1.0
                ]
            ]
        },
        {
            "file_path": "/data/shapenet_blender/all_50_random/02958343/10555502fa7b3027283ffcfc40c29975/r_24",
            "rotation": 0.12566370614359174,
            "transform_matrix": [
                [
                    0.9359382390975952,
                    -0.25042885541915894,
                    0.24759860336780548,
                    0.9981019496917725
                ],
                [
                    0.35216426849365234,
                    0.6655584573745728,
                    -0.6580365896224976,
                    -2.652630567550659
                ],
                [
                    0.0,
                    0.7030770182609558,
                    0.7111136317253113,
                    2.866590976715088
                ],
                [
                    0.0,
                    0.0,
                    0.0,
                    1.0
                ]
            ]
        },
        {
            "file_path": "/data/shapenet_blender/all_50_random/02958343/10555502fa7b3027283ffcfc40c29975/r_25",
            "rotation": 0.12566370614359174,
            "transform_matrix": [
                [
                    0.608519434928894,
                    -0.6667952537536621,
                    -0.4302188754081726,
                    -1.7342677116394043
                ],
                [
                    -0.7935389876365662,
                    -0.5113269686698914,
                    -0.3299100995063782,
                    -1.329910159111023
                ],
                [
                    -2.9802322387695312e-08,
                    0.5421521067619324,
                    -0.840280294418335,
                    -3.3872783184051514
                ],
                [
                    0.0,
                    0.0,
                    0.0,
                    1.0
                ]
            ]
        },
        {
            "file_path": "/data/shapenet_blender/all_50_random/02958343/10555502fa7b3027283ffcfc40c29975/r_26",
            "rotation": 0.12566370614359174,
            "transform_matrix": [
                [
                    -0.7823446989059448,
                    -0.36478981375694275,
                    0.5048418641090393,
                    2.0350825786590576
                ],
                [
                    0.6228458285331726,
                    -0.4582054316997528,
                    0.6341220736503601,
                    2.556227922439575
                ],
                [
                    1.4901162970204496e-08,
                    0.8105406761169434,
                    0.5856823325157166,
                    2.3609609603881836
                ],
                [
                    0.0,
                    0.0,
                    0.0,
                    1.0
                ]
            ]
        },
        {
            "file_path": "/data/shapenet_blender/all_50_random/02958343/10555502fa7b3027283ffcfc40c29975/r_27",
            "rotation": 0.12566370614359174,
            "transform_matrix": [
                [
                    0.9533987641334534,
                    0.005669222213327885,
                    -0.30165982246398926,
                    -1.2160296440124512
                ],
                [
                    -0.30171310901641846,
                    0.01791446842253208,
                    -0.9532304406166077,
                    -3.842594861984253
                ],
                [
                    4.656612873077393e-10,
                    0.9998234510421753,
                    0.0187901109457016,
                    0.0757453590631485
                ],
                [
                    0.0,
                    0.0,
                    0.0,
                    1.0
                ]
            ]
        },
        {
            "file_path": "/data/shapenet_blender/all_50_random/02958343/10555502fa7b3027283ffcfc40c29975/r_28",
            "rotation": 0.12566370614359174,
            "transform_matrix": [
                [
                    -0.30302613973617554,
                    0.09558015316724777,
                    0.9481769800186157,
                    3.822223663330078
                ],
                [
                    0.9529823064804077,
                    0.03039226122200489,
                    0.3014981746673584,
                    1.2153780460357666
                ],
                [
                    0.0,
                    0.9949576258659363,
                    -0.10029584169387817,
                    -0.40430545806884766
                ],
                [
                    0.0,
                    0.0,
                    0.0,
                    1.0
                ]
            ]
        },
        {
            "file_path": "/data/shapenet_blender/all_50_random/02958343/10555502fa7b3027283ffcfc40c29975/r_29",
            "rotation": 0.12566370614359174,
            "transform_matrix": [
                [
                    -0.9636984467506409,
                    -0.06583002209663391,
                    0.2587504982948303,
                    1.0430567264556885
                ],
                [
                    0.26699331402778625,
                    -0.23761004209518433,
                    0.933946430683136,
                    3.7648587226867676
                ],
                [
                    3.725290298461914e-09,
                    0.969127357006073,
                    0.24656057357788086,
                    0.9939175248146057
                ],
                [
                    0.0,
                    0.0,
                    0.0,
                    1.0
                ]
            ]
        },
        {
            "file_path": "/data/shapenet_blender/all_50_random/02958343/10555502fa7b3027283ffcfc40c29975/r_30",
            "rotation": 0.12566370614359174,
            "transform_matrix": [
                [
                    0.9809877872467041,
                    -0.18519814312458038,
                    -0.058005888015031815,
                    -0.23382918536663055
                ],
                [
                    -0.19406969845294952,
                    -0.936143696308136,
                    -0.2932094633579254,
                    -1.1819649934768677
                ],
                [
                    3.725290298461914e-09,
                    0.2988920211791992,
                    -0.9542869925498962,
                    -3.846853494644165
                ],
                [
                    0.0,
                    0.0,
                    0.0,
                    1.0
                ]
            ]
        },
        {
            "file_path": "/data/shapenet_blender/all_50_random/02958343/10555502fa7b3027283ffcfc40c29975/r_31",
            "rotation": 0.12566370614359174,
            "transform_matrix": [
                [
                    -0.9698571562767029,
                    0.04268834739923477,
                    0.23990555107593536,
                    0.9670901894569397
                ],
                [
                    0.2436738759279251,
                    0.16990576684474945,
                    0.954858660697937,
                    3.84915828704834
                ],
                [
                    0.0,
                    0.9845352172851562,
                    -0.1751863956451416,
                    -0.7061989307403564
                ],
                [
                    0.0,
                    0.0,
                    0.0,
                    1.0
                ]
            ]
        },
        {
            "file_path": "/data/shapenet_blender/all_50_random/02958343/10555502fa7b3027283ffcfc40c29975/r_32",
            "rotation": 0.12566370614359174,
            "transform_matrix": [
                [
                    0.9256537556648254,
                    -0.06123422086238861,
                    -0.3733839988708496,
                    -1.5051591396331787
                ],
                [
                    -0.378371924161911,
                    -0.14980417490005493,
                    -0.9134513139724731,
                    -3.6822402477264404
                ],
                [
                    -3.725290742551124e-09,
                    0.9868176579475403,
                    -0.16183607280254364,
                    -0.6523821353912354
                ],
                [
                    0.0,
                    0.0,
                    0.0,
                    1.0
                ]
            ]
        },
        {
            "file_path": "/data/shapenet_blender/all_50_random/02958343/10555502fa7b3027283ffcfc40c29975/r_33",
            "rotation": 0.12566370614359174,
            "transform_matrix": [
                [
                    0.9034441113471985,
                    0.3692387044429779,
                    -0.21783389151096344,
                    -0.8781164884567261
                ],
                [
                    -0.42870602011680603,
                    0.778124213218689,
                    -0.4590575695037842,
                    -1.8505202531814575
                ],
                [
                    0.0,
                    0.5081194639205933,
                    0.8612865805625916,
                    3.471957206726074
                ],
                [
                    0.0,
                    0.0,
                    0.0,
                    1.0
                ]
            ]
        },
        {
            "file_path": "/data/shapenet_blender/all_50_random/02958343/10555502fa7b3027283ffcfc40c29975/r_34",
            "rotation": 0.12566370614359174,
            "transform_matrix": [
                [
                    0.042145516723394394,
                    0.46436381340026855,
                    0.8846411108970642,
                    3.5661025047302246
                ],
                [
                    0.9991115927696228,
                    -0.019588256254792213,
                    -0.037316810339689255,
                    -0.1504288911819458
                ],
                [
                    0.0,
                    0.8854277729988098,
                    -0.46477678418159485,
                    -1.873575210571289
                ],
                [
                    0.0,
                    0.0,
                    0.0,
                    1.0
                ]
            ]
        },
        {
            "file_path": "/data/shapenet_blender/all_50_random/02958343/10555502fa7b3027283ffcfc40c29975/r_35",
            "rotation": 0.12566370614359174,
            "transform_matrix": [
                [
                    -0.0788998231291771,
                    0.22406332194805145,
                    -0.9713755249977112,
                    -3.9157400131225586
                ],
                [
                    -0.9968826174736023,
                    -0.017733842134475708,
                    0.0768810287117958,
                    0.3099173307418823
                ],
                [
                    -1.862645149230957e-09,
                    0.974413275718689,
                    0.22476400434970856,
                    0.9060527086257935
                ],
                [
                    0.0,
                    0.0,
                    0.0,
                    1.0
                ]
            ]
        },
        {
            "file_path": "/data/shapenet_blender/all_50_random/02958343/10555502fa7b3027283ffcfc40c29975/r_36",
            "rotation": 0.12566370614359174,
            "transform_matrix": [
                [
                    0.9575805068016052,
                    -0.1567915827035904,
                    0.24177689850330353,
                    0.9746338725090027
                ],
                [
                    0.2881660461425781,
                    0.5210210084915161,
                    -0.8034285306930542,
                    -3.2387239933013916
                ],
                [
                    -1.4901162970204496e-08,
                    0.8390192985534668,
                    0.5441015362739563,
                    2.1933434009552
                ],
                [
                    0.0,
                    0.0,
                    0.0,
                    1.0
                ]
            ]
        },
        {
            "file_path": "/data/shapenet_blender/all_50_random/02958343/10555502fa7b3027283ffcfc40c29975/r_37",
            "rotation": 0.12566370614359174,
            "transform_matrix": [
                [
                    0.7502115964889526,
                    -0.615188717842102,
                    -0.2423333376646042,
                    -0.976876974105835
                ],
                [
                    -0.66119784116745,
                    -0.6980084180831909,
                    -0.2749573886394501,
                    -1.1083887815475464
                ],
                [
                    -2.9802322387695312e-08,
                    0.36650654673576355,
                    -0.9304153919219971,
                    -3.750624656677246
                ],
                [
                    0.0,
                    0.0,
                    0.0,
                    1.0
                ]
            ]
        },
        {
            "file_path": "/data/shapenet_blender/all_50_random/02958343/10555502fa7b3027283ffcfc40c29975/r_38",
            "rotation": 0.12566370614359174,
            "transform_matrix": [
                [
                    -0.8388780951499939,
                    0.05456174537539482,
                    0.5415778160095215,
                    2.1831700801849365
                ],
                [
                    0.5443193316459656,
                    0.08408787101507187,
                    0.8346530199050903,
                    3.364593982696533
                ],
                [
                    3.725290298461914e-09,
                    0.9949632883071899,
                    -0.10023850202560425,
                    -0.4040743410587311
                ],
                [
                    0.0,
                    0.0,
                    0.0,
                    1.0
                ]
            ]
        },
        {
            "file_path": "/data/shapenet_blender/all_50_random/02958343/10555502fa7b3027283ffcfc40c29975/r_39",
            "rotation": 0.12566370614359174,
            "transform_matrix": [
                [
                    0.32019540667533875,
                    0.10429870337247849,
                    0.9415926337242126,
                    3.7956812381744385
                ],
                [
                    0.9473515748977661,
                    -0.0352519266307354,
                    -0.3182489573955536,
                    -1.2829025983810425
                ],
                [
                    0.0,
                    0.9939209818840027,
                    -0.1100950539112091,
                    -0.44380736351013184
                ],
                [
                    0.0,
                    0.0,
                    0.0,
                    1.0
                ]
            ]
        },
        {
            "file_path": "/data/shapenet_blender/all_50_random/02958343/10555502fa7b3027283ffcfc40c29975/r_40",
            "rotation": 0.12566370614359174,
            "transform_matrix": [
                [
                    -0.999370276927948,
                    -0.01166719850152731,
                    -0.0335085503757,
                    -0.13507729768753052
                ],
                [
                    -0.035481635481119156,
                    0.32861649990081787,
                    0.9437966346740723,
                    3.8045661449432373
                ],
                [
                    0.0,
                    0.9443914294242859,
                    -0.3288234770298004,
                    -1.325529932975769
                ],
                [
                    0.0,
                    0.0,
                    0.0,
                    1.0
                ]
            ]
        },
        {
            "file_path": "/data/shapenet_blender/all_50_random/02958343/10555502fa7b3027283ffcfc40c29975/r_41",
            "rotation": 0.12566370614359174,
            "transform_matrix": [
                [
                    0.23509202897548676,
                    0.1808832883834839,
                    0.9549936652183533,
                    3.8497025966644287
                ],
                [
                    0.971973180770874,
                    -0.043750401586294174,
                    -0.23098517954349518,
                    -0.9311310648918152
                ],
                [
