{
    "class": "02958343",
    "model": "3bb3b6b85e4e42873680ae1a67758160",
    "remove_doubles": true,
    "edge_split": true,
    "denoise": true,
    "camera_angle_x": 0.6911112070083618,
    "scale_factor": 2.3001301475494547,
    "hdri_file": "/data/IndoorHDRDataset2018/9C4A8168-673941e398.exr",
    "center_offset": [
        0.0,
        0.0,
        -1.862645149230957e-09
    ],
    "lights": [],
    "frames": [
        {
            "file_path": "/data/shapenet_blender/all_50_random/02958343/3bb3b6b85e4e42873680ae1a67758160/r_0",
            "rotation": 0.12566370614359174,
            "transform_matrix": [
                [
                    -0.7493894100189209,
                    -0.6109205484390259,
                    -0.25532668828964233,
                    -1.0292549133300781
                ],
                [
                    -0.6621296405792236,
                    0.6914317011833191,
                    0.288975328207016,
                    1.1648969650268555
                ],
                [
                    0.0,
                    0.3856143355369568,
                    -0.9226599931716919,
                    -3.7193615436553955
                ],
                [
                    0.0,
                    0.0,
                    0.0,
                    1.0
                ]
            ]
        },
        {
            "file_path": "/data/shapenet_blender/all_50_random/02958343/3bb3b6b85e4e42873680ae1a67758160/r_1",
            "rotation": 0.12566370614359174,
            "transform_matrix": [
                [
                    -0.8033081293106079,
                    0.04031391441822052,
                    -0.5941976308822632,
                    -2.395287275314331
                ],
                [
                    -0.5955635905265808,
                    -0.05437622591853142,
                    0.8014656901359558,
                    3.230811595916748
                ],
                [
                    -3.7252898543727042e-09,
                    0.9977063536643982,
                    0.06769036501646042,
                    0.2728686034679413
                ],
                [
                    0.0,
                    0.0,
                    0.0,
                    1.0
                ]
            ]
        },
        {
            "file_path": "/data/shapenet_blender/all_50_random/02958343/3bb3b6b85e4e42873680ae1a67758160/r_2",
            "rotation": 0.12566370614359174,
            "transform_matrix": [
                [
                    -0.9500309824943542,
                    -0.04834812507033348,
                    -0.30838900804519653,
                    -1.2431559562683105
                ],
                [
                    -0.31215596199035645,
                    0.14714506268501282,
                    0.9385663866996765,
                    3.783482313156128
                ],
                [
                    -3.725290742551124e-09,
                    0.987932562828064,
                    -0.15488450229167938,
                    -0.6243594884872437
                ],
                [
                    0.0,
                    0.0,
                    0.0,
                    1.0
                ]
            ]
        },
        {
            "file_path": "/data/shapenet_blender/all_50_random/02958343/3bb3b6b85e4e42873680ae1a67758160/r_3",
            "rotation": 0.12566370614359174,
            "transform_matrix": [
                [
                    0.2082056999206543,
                    -0.10521024465560913,
                    -0.9724099636077881,
                    -3.919909954071045
                ],
                [
                    -0.9780849814414978,
                    -0.022396188229322433,
                    -0.20699766278266907,
                    -0.8344342708587646
                ],
                [
                    -1.8626450382086546e-09,
                    0.9941977262496948,
                    -0.10756759345531464,
                    -0.43361884355545044
                ],
                [
                    0.0,
                    0.0,
                    0.0,
                    1.0
                ]
            ]
        },
        {
            "file_path": "/data/shapenet_blender/all_50_random/02958343/3bb3b6b85e4e42873680ae1a67758160/r_4",
            "rotation": 0.12566370614359174,
            "transform_matrix": [
                [
                    0.5202282071113586,
                    0.1921442151069641,
                    0.8321318030357361,
                    3.3544301986694336
                ],
                [
                    0.8540273308753967,
                    -0.11704407632350922,
                    -0.506890594959259,
                    -2.0433411598205566
                ],
                [
                    0.0,
                    0.9743619561195374,
                    -0.22498606145381927,
                    -0.9069477319717407
                ],
                [
                    0.0,
                    0.0,
                    0.0,
                    1.0
                ]
            ]
        },
        {
            "file_path": "/data/shapenet_blender/all_50_random/02958343/3bb3b6b85e4e42873680ae1a67758160/r_5",
            "rotation": 0.12566370614359174,
            "transform_matrix": [
                [
                    -0.8870812058448792,
                    0.10168150812387466,
                    0.4502752721309662,
                    1.8151178359985352
                ],
                [
                    0.4616135060787201,
                    0.19540104269981384,
                    0.8652926087379456,
                    3.4881062507629395
                ],
                [
                    0.0,
                    0.9754379987716675,
                    -0.22027410566806793,
                    -0.8879534006118774
                ],
                [
                    0.0,
                    0.0,
                    0.0,
                    1.0
                ]
            ]
        },
        {
            "file_path": "/data/shapenet_blender/all_50_random/02958343/3bb3b6b85e4e42873680ae1a67758160/r_6",
            "rotation": 0.12566370614359174,
            "transform_matrix": [
                [
                    -0.596321702003479,
                    -0.09717593342065811,
                    -0.796842098236084,
                    -3.2121732234954834
                ],
                [
                    -0.8027456402778625,
                    0.0721873939037323,
                    0.5919362306594849,
                    2.386171340942383
                ],
                [
                    0.0,
                    0.9926458597183228,
                    -0.12105446308851242,
                    -0.48798614740371704
                ],
                [
                    0.0,
                    0.0,
                    0.0,
                    1.0
                ]
            ]
        },
        {
            "file_path": "/data/shapenet_blender/all_50_random/02958343/3bb3b6b85e4e42873680ae1a67758160/r_7",
            "rotation": 0.12566370614359174,
            "transform_matrix": [
                [
                    -0.941575825214386,
                    -0.0055969757959246635,
                    -0.3367546498775482,
                    -1.35750150680542
                ],
                [
                    -0.3368012011051178,
                    0.015647143125534058,
                    0.9414457082748413,
                    3.7950892448425293
                ],
                [
                    0.0,
                    0.9998618364334106,
                    -0.016618039458990097,
                    -0.066989466547966
                ],
                [
                    0.0,
                    0.0,
                    0.0,
                    1.0
                ]
            ]
        },
        {
            "file_path": "/data/shapenet_blender/all_50_random/02958343/3bb3b6b85e4e42873680ae1a67758160/r_8",
            "rotation": 0.12566370614359174,
            "transform_matrix": [
                [
                    -0.872361958026886,
                    -0.013811959885060787,
                    -0.48866531252861023,
                    -1.9698729515075684
                ],
                [
                    -0.48886051774024963,
                    0.024647170677781105,
                    0.8720136284828186,
                    3.515199661254883
                ],
                [
                    0.0,
                    0.9996008276939392,
                    -0.028253372758626938,
                    -0.11389299482107162
                ],
                [
                    0.0,
                    0.0,
                    0.0,
                    1.0
                ]
            ]
        },
        {
            "file_path": "/data/shapenet_blender/all_50_random/02958343/3bb3b6b85e4e42873680ae1a67758160/r_9",
            "rotation": 0.12566370614359174,
            "transform_matrix": [
                [
                    -0.9377418160438538,
                    -0.3191961348056793,
                    -0.13694563508033752,
                    -0.5520455837249756
                ],
                [
                    -0.3473331034183502,
                    0.86177659034729,
                    0.36973053216934204,
                    1.490431547164917
                ],
                [
                    -7.450580596923828e-09,
                    0.3942776322364807,
                    -0.9189913868904114,
                    -3.704572916030884
                ],
                [
                    0.0,
                    0.0,
                    0.0,
                    1.0
                ]
            ]
        },
        {
            "file_path": "/data/shapenet_blender/all_50_random/02958343/3bb3b6b85e4e42873680ae1a67758160/r_10",
            "rotation": 0.12566370614359174,
            "transform_matrix": [
                [
                    0.5724831223487854,
                    0.7559134364128113,
                    0.3175812065601349,
                    1.2802107334136963
                ],
                [
                    0.8199163675308228,
                    -0.5277948975563049,
                    -0.22174197435379028,
                    -0.89387047290802
                ],
                [
                    0.0,
                    0.38733363151550293,
                    -0.9219396114349365,
                    -3.7164573669433594
                ],
                [
                    0.0,
                    0.0,
                    0.0,
                    1.0
                ]
            ]
        },
        {
            "file_path": "/data/shapenet_blender/all_50_random/02958343/3bb3b6b85e4e42873680ae1a67758160/r_11",
            "rotation": 0.12566370614359174,
            "transform_matrix": [
                [
                    0.9980983734130859,
                    0.003587195882573724,
                    -0.06153526157140732,
                    -0.2480565905570984
                ],
                [
                    -0.061639729887247086,
                    0.058085497468709946,
                    -0.9964067935943604,
                    -4.016644477844238
                ],
                [
                    0.0,
                    0.9983052611351013,
                    0.05819615349173546,
                    0.23459620773792267
                ],
                [
                    0.0,
                    0.0,
                    0.0,
                    1.0
                ]
            ]
        },
        {
            "file_path": "/data/shapenet_blender/all_50_random/02958343/3bb3b6b85e4e42873680ae1a67758160/r_12",
            "rotation": 0.12566370614359174,
            "transform_matrix": [
                [
                    -0.9321478009223938,
                    -0.010596225038170815,
                    -0.361922949552536,
                    -1.4589580297470093
                ],
                [
                    -0.3620780408382416,
                    0.027279334142804146,
                    0.9317485094070435,
                    3.755998373031616
                ],
                [
                    0.0,
                    0.999571681022644,
                    -0.029265031218528748,
                    -0.11797111481428146
                ],
                [
                    0.0,
                    0.0,
                    0.0,
                    1.0
                ]
            ]
        },
        {
            "file_path": "/data/shapenet_blender/all_50_random/02958343/3bb3b6b85e4e42873680ae1a67758160/r_13",
            "rotation": 0.12566370614359174,
            "transform_matrix": [
                [
                    0.6664726138114929,
                    -0.522145688533783,
                    -0.5321447253227234,
                    -2.14514422416687
                ],
                [
                    -0.7455295920372009,
                    -0.46677669882774353,
                    -0.4757154583930969,
                    -1.917670488357544
                ],
                [
                    1.4901162970204496e-08,
                    0.7137808799743652,
                    -0.7003689408302307,
                    -2.823277711868286
                ],
                [
                    0.0,
                    0.0,
                    0.0,
                    1.0
                ]
            ]
        },
        {
            "file_path": "/data/shapenet_blender/all_50_random/02958343/3bb3b6b85e4e42873680ae1a67758160/r_14",
            "rotation": 0.12566370614359174,
            "transform_matrix": [
                [
                    -0.7682198882102966,
                    0.23582041263580322,
                    -0.5951696038246155,
                    -2.3992056846618652
                ],
                [
                    -0.640186071395874,
                    -0.2829832434654236,
                    0.7142003774642944,
                    2.8790340423583984
                ],
                [
                    0.0,
                    0.9296822547912598,
                    0.3683622479438782,
                    1.484915852546692
                ],
                [
                    0.0,
                    0.0,
                    0.0,
                    1.0
                ]
            ]
        },
        {
            "file_path": "/data/shapenet_blender/all_50_random/02958343/3bb3b6b85e4e42873680ae1a67758160/r_15",
            "rotation": 0.12566370614359174,
            "transform_matrix": [
                [
                    -0.5257498025894165,
                    0.4957623779773712,
                    -0.6912357211112976,
                    -2.7864603996276855
                ],
                [
                    -0.8506393432617188,
                    -0.3064129948616028,
                    0.4272281229496002,
                    1.7222115993499756
                ],
                [
                    1.4901161193847656e-08,
                    0.8126073479652405,
                    0.5828115344047546,
                    2.349388360977173
                ],
                [
                    0.0,
                    0.0,
                    0.0,
                    1.0
                ]
            ]
        },
        {
            "file_path": "/data/shapenet_blender/all_50_random/02958343/3bb3b6b85e4e42873680ae1a67758160/r_16",
            "rotation": 0.12566370614359174,
            "transform_matrix": [
                [
                    0.31183016300201416,
                    -0.024866266176104546,
                    -0.9498124122619629,
                    -3.8288164138793945
                ],
                [
                    -0.9501379132270813,
                    -0.008160973899066448,
                    -0.3117233216762543,
                    -1.2565969228744507
                ],
                [
                    4.656613428188905e-10,
                    0.999657392501831,
                    -0.02617122046649456,
                    -0.10549956560134888
                ],
                [
                    0.0,
                    0.0,
                    0.0,
                    1.0
                ]
            ]
        },
        {
            "file_path": "/data/shapenet_blender/all_50_random/02958343/3bb3b6b85e4e42873680ae1a67758160/r_17",
            "rotation": 0.12566370614359174,
            "transform_matrix": [
                [
                    -0.30306077003479004,
                    0.11806567758321762,
                    -0.9456292986869812,
                    -3.811953544616699
                ],
                [
                    -0.9529712796211243,
                    -0.03754685819149017,
                    0.30072590708732605,
                    1.212264895439148
                ],
                [
                    -3.725290298461914e-09,
                    0.9922956824302673,
                    0.12389218807220459,
                    0.49942538142204285
                ],
                [
                    0.0,
                    0.0,
                    0.0,
                    1.0
                ]
            ]
        },
        {
            "file_path": "/data/shapenet_blender/all_50_random/02958343/3bb3b6b85e4e42873680ae1a67758160/r_18",
            "rotation": 0.12566370614359174,
            "transform_matrix": [
                [
                    -0.952880859375,
                    -0.09950097650289536,
                    -0.2865617275238037,
                    -1.1551672220230103
                ],
                [
                    -0.30334481596946716,
                    0.3125571012496948,
                    0.9001610279083252,
                    3.6286652088165283
                ],
                [
                    0.0,
                    0.9446732401847839,
                    -0.3280127942562103,
                    -1.3222618103027344
                ],
                [
                    0.0,
                    0.0,
                    0.0,
                    1.0
                ]
            ]
        },
        {
            "file_path": "/data/shapenet_blender/all_50_random/02958343/3bb3b6b85e4e42873680ae1a67758160/r_19",
            "rotation": 0.12566370614359174,
            "transform_matrix": [
                [
                    -0.047565292567014694,
                    -0.12559013068675995,
                    -0.9909412860870361,
                    -3.994612216949463
                ],
                [
                    -0.9988681674003601,
                    0.005980500485748053,
                    0.047187820076942444,
                    0.1902202069759369
                ],
                [
                    0.0,
                    0.9920641779899597,
                    -0.1257324367761612,
                    -0.5068437457084656
                ],
                [
                    0.0,
                    0.0,
                    0.0,
                    1.0
                ]
            ]
        },
        {
            "file_path": "/data/shapenet_blender/all_50_random/02958343/3bb3b6b85e4e42873680ae1a67758160/r_20",
            "rotation": 0.12566370614359174,
            "transform_matrix": [
                [
                    0.39171817898750305,
                    -0.32793450355529785,
                    -0.8596603274345398,
                    -3.4654016494750977
                ],
                [
                    -0.9200852513313293,
                    -0.13961520791053772,
                    -0.36599278450012207,
                    -1.475364089012146
                ],
                [
                    0.0,
                    0.9343267679214478,
                    -0.35641753673553467,
                    -1.4367650747299194
                ],
                [
                    0.0,
                    0.0,
                    0.0,
                    1.0
                ]
            ]
        },
        {
            "file_path": "/data/shapenet_blender/all_50_random/02958343/3bb3b6b85e4e42873680ae1a67758160/r_21",
            "rotation": 0.12566370614359174,
            "transform_matrix": [
                [
                    0.9147763848304749,
                    0.10234536975622177,
                    0.39078065752983093,
                    1.5752872228622437
                ],
                [
                    0.4039604961872101,
                    -0.2317630797624588,
                    -0.8849303722381592,
                    -3.5672683715820312
                ],
                [
                    0.0,
                    0.9673734307289124,
                    -0.25335484743118286,
                    -1.021306037902832
                ],
                [
                    0.0,
                    0.0,
                    0.0,
                    1.0
                ]
            ]
        },
        {
            "file_path": "/data/shapenet_blender/all_50_random/02958343/3bb3b6b85e4e42873680ae1a67758160/r_22",
            "rotation": 0.12566370614359174,
            "transform_matrix": [
                [
                    -0.25238221883773804,
                    0.6430238485336304,
                    0.7230654358863831,
                    2.9147698879241943
                ],
                [
                    0.9676276445388794,
                    0.16771717369556427,
                    0.18859407305717468,
                    0.7602470517158508
                ],
                [
                    -7.450580596923828e-09,
                    0.7472559213638306,
                    -0.6645364165306091,
                    -2.6788320541381836
                ],
                [
                    0.0,
                    0.0,
                    0.0,
                    1.0
                ]
            ]
        },
        {
            "file_path": "/data/shapenet_blender/all_50_random/02958343/3bb3b6b85e4e42873680ae1a67758160/r_23",
            "rotation": 0.12566370614359174,
            "transform_matrix": [
                [
                    0.056712500751018524,
                    0.15333516895771027,
                    -0.9865453839302063,
                    -3.9768919944763184
                ],
                [
                    -0.9983904957771301,
                    0.008710039779543877,
                    -0.05603964999318123,
                    -0.22590306401252747
                ],
                [
                    0.0,
                    0.9881357550621033,
                    0.153582364320755,
                    0.6191103458404541
                ],
                [
                    0.0,
                    0.0,
                    0.0,
                    1.0
                ]
            ]
        },
        {
            "file_path": "/data/shapenet_blender/all_50_random/02958343/3bb3b6b85e4e42873680ae1a67758160/r_24",
            "rotation": 0.12566370614359174,
            "transform_matrix": [
                [
                    0.3411344587802887,
                    0.34908825159072876,
                    0.8727912902832031,
                    3.518334150314331
                ],
                [
                    0.9400146007537842,
                    -0.12668532133102417,
                    -0.31673893332481384,
                    -1.2768155336380005
                ],
                [
                    0.0,
                    0.9284870028495789,
                    -0.3713647723197937,
                    -1.4970192909240723
                ],
                [
                    0.0,
                    0.0,
                    0.0,
                    1.0
                ]
            ]
        },
        {
            "file_path": "/data/shapenet_blender/all_50_random/02958343/3bb3b6b85e4e42873680ae1a67758160/r_25",
            "rotation": 0.12566370614359174,
            "transform_matrix": [
                [
                    0.9455059170722961,
                    -0.030512839555740356,
                    0.3241718113422394,
                    1.3067785501480103
                ],
                [
                    0.325604647397995,
                    0.08860459923744202,
                    -0.9413451552391052,
                    -3.7946839332580566
                ],
                [
                    -1.8626450382086546e-09,
                    0.9955993890762329,
                    0.09371130168437958,
                    0.3777623772621155
                ],
                [
                    0.0,
                    0.0,
                    0.0,
                    1.0
                ]
            ]
        },
        {
            "file_path": "/data/shapenet_blender/all_50_random/02958343/3bb3b6b85e4e42873680ae1a67758160/r_26",
            "rotation": 0.12566370614359174,
            "transform_matrix": [
                [
                    -0.1352202147245407,
                    0.2700626850128174,
                    -0.9533003568649292,
                    -3.842876672744751
                ],
                [
                    -0.9908156394958496,
                    -0.03685643896460533,
                    0.13010036945343018,
                    0.5244513750076294
                ],
                [
                    -3.725290742551124e-09,
                    0.9621370434761047,
                    0.2725660502910614,
                    1.0987489223480225
                ],
                [
                    0.0,
                    0.0,
                    0.0,
                    1.0
                ]
            ]
        },
        {
            "file_path": "/data/shapenet_blender/all_50_random/02958343/3bb3b6b85e4e42873680ae1a67758160/r_27",
            "rotation": 0.12566370614359174,
            "transform_matrix": [
                [
                    0.8417998552322388,
                    -0.27563467621803284,
                    0.46411043405532837,
                    1.8708891868591309
                ],
                [
                    0.5397897958755493,
                    0.42985108494758606,
                    -0.7237781882286072,
                    -2.9176435470581055
                ],
                [
                    -1.4901161193847656e-08,
                    0.8597984910011292,
                    0.5106332898139954,
                    2.0584287643432617
                ],
                [
                    0.0,
                    0.0,
                    0.0,
                    1.0
                ]
            ]
        },
        {
            "file_path": "/data/shapenet_blender/all_50_random/02958343/3bb3b6b85e4e42873680ae1a67758160/r_28",
            "rotation": 0.12566370614359174,
            "transform_matrix": [
                [
                    -0.8997291922569275,
                    0.2748594284057617,
                    0.33902740478515625,
                    1.3666632175445557
                ],
                [
                    0.43644851446151733,
                    0.5666167736053467,
                    0.698897659778595,
                    2.8173465728759766
                ],
                [
                    0.0,
                    0.7767866849899292,
                    -0.6297637820243835,
                    -2.53865909576416
                ],
                [
                    0.0,
                    0.0,
                    0.0,
                    1.0
                ]
            ]
        },
        {
            "file_path": "/data/shapenet_blender/all_50_random/02958343/3bb3b6b85e4e42873680ae1a67758160/r_29",
            "rotation": 0.12566370614359174,
            "transform_matrix": [
                [
                    -0.9058167934417725,
                    0.16284385323524475,
                    0.3911239504814148,
                    1.5766711235046387
                ],
                [
                    0.4236697852611542,
                    0.34816431999206543,
                    0.8362329602241516,
                    3.3709628582000732
                ],
                [
                    -1.4901162970204496e-08,
                    0.9231811165809631,
                    -0.3843650817871094,
                    -1.5494252443313599
                ],
                [
                    0.0,
                    0.0,
                    0.0,
                    1.0
                ]
            ]
        },
        {
            "file_path": "/data/shapenet_blender/all_50_random/02958343/3bb3b6b85e4e42873680ae1a67758160/r_30",
            "rotation": 0.12566370614359174,
            "transform_matrix": [
                [
                    0.9869136214256287,
                    -0.058814216405153275,
                    0.15014155209064484,
                    0.605239987373352
                ],
                [
                    0.16125014424324036,
                    0.35996586084365845,
                    -0.9189247488975525,
                    -3.7043044567108154
                ],
                [
                    3.725290742551124e-09,
                    0.9311097264289856,
                    0.36473900079727173,
                    1.470310091972351
                ],
                [
                    0.0,
                    0.0,
                    0.0,
                    1.0
                ]
            ]
        },
        {
            "file_path": "/data/shapenet_blender/all_50_random/02958343/3bb3b6b85e4e42873680ae1a67758160/r_31",
            "rotation": 0.12566370614359174,
            "transform_matrix": [
                [
                    0.7140556573867798,
                    0.3199446499347687,
                    0.6227037310600281,
                    2.5101993083953857
                ],
                [
                    0.7000890374183655,
                    -0.32632747292518616,
                    -0.635126531124115,
                    -2.560277223587036
                ],
                [
                    -1.4901161193847656e-08,
                    0.8894638419151306,
                    -0.4570056200027466,
                    -1.8422486782073975
                ],
                [
                    0.0,
                    0.0,
                    0.0,
                    1.0
                ]
            ]
        },
        {
            "file_path": "/data/shapenet_blender/all_50_random/02958343/3bb3b6b85e4e42873680ae1a67758160/r_32",
            "rotation": 0.12566370614359174,
            "transform_matrix": [
                [
                    -0.9591994881629944,
                    -0.10560291260480881,
                    0.26226770877838135,
                    1.0572350025177002
                ],
                [
                    0.2827301323413849,
                    -0.35827186703681946,
                    0.8897780179977417,
                    3.5868098735809326
                ],
                [
                    -7.450580596923828e-09,
                    0.9276255369186401,
                    0.37351134419441223,
                    1.5056723356246948
                ],
                [
                    0.0,
                    0.0,
                    0.0,
                    1.0
                ]
            ]
        },
        {
            "file_path": "/data/shapenet_blender/all_50_random/02958343/3bb3b6b85e4e42873680ae1a67758160/r_33",
            "rotation": 0.12566370614359174,
            "transform_matrix": [
                [
                    -0.8722914457321167,
                    -0.25706779956817627,
                    -0.41596120595932007,
                    -1.6767933368682861
                ],
                [
                    -0.4889862537384033,
                    0.45857739448547363,
                    0.7420236468315125,
                    2.9911932945251465
                ],
                [
                    1.4901159417490817e-08,
                    0.8506602644920349,
                    -0.525715708732605,
                    -2.1192281246185303
                ],
                [
                    0.0,
                    0.0,
                    0.0,
                    1.0
                ]
            ]
        },
        {
            "file_path": "/data/shapenet_blender/all_50_random/02958343/3bb3b6b85e4e42873680ae1a67758160/r_34",
            "rotation": 0.12566370614359174,
            "transform_matrix": [
                [
                    0.6036739945411682,
                    -0.25979214906692505,
                    -0.7537145614624023,
                    -3.038320779800415
                ],
                [
                    -0.7972312569618225,
                    -0.1967180371284485,
                    -0.5707225799560547,
                    -2.30065655708313
                ],
                [
                    1.4901160305669237e-08,
                    0.9454152584075928,
                    -0.32586798071861267,
                    -1.3136159181594849
                ],
                [
                    0.0,
                    0.0,
                    0.0,
                    1.0
                ]
            ]
        },
        {
            "file_path": "/data/shapenet_blender/all_50_random/02958343/3bb3b6b85e4e42873680ae1a67758160/r_35",
            "rotation": 0.12566370614359174,
            "transform_matrix": [
                [
                    -0.8424838185310364,
                    -0.007254192605614662,
                    0.538672685623169,
                    2.171459197998047
                ],
                [
                    0.5387215614318848,
                    -0.01134452410042286,
                    0.8424074053764343,
                    3.395853042602539
                ],
                [
                    -4.6566123179658803e-10,
                    0.9999094009399414,
                    0.013465567491948605,
                    0.05428144335746765
                ],
                [
                    0.0,
                    0.0,
                    0.0,
                    1.0
                ]
            ]
        },
        {
            "file_path": "/data/shapenet_blender/all_50_random/02958343/3bb3b6b85e4e42873680ae1a67758160/r_36",
            "rotation": 0.12566370614359174,
            "transform_matrix": [
                [
                    -0.03195914253592491,
                    0.4439012110233307,
                    0.8955055475234985,
                    3.609898567199707
                ],
                [
                    0.9994892477989197,
                    0.014193951152265072,
                    0.028634212911128998,
                    0.11542820930480957
                ],
                [
                    -9.31322685637781e-10,
                    0.895963191986084,
                    -0.4441280961036682,
                    -1.7903378009796143
                ],
                [
                    0.0,
                    0.0,
                    0.0,
                    1.0
                ]
            ]
        },
        {
            "file_path": "/data/shapenet_blender/all_50_random/02958343/3bb3b6b85e4e42873680ae1a67758160/r_37",
            "rotation": 0.12566370614359174,
            "transform_matrix": [
                [
                    -0.6460416316986084,
                    0.06611280888319016,
                    0.7604336142539978,
                    3.06540584564209
                ],
                [
                    0.763302206993103,
                    0.055956386029720306,
                    0.6436137557029724,
                    2.5944900512695312
                ],
                [
                    0.0,
                    0.9962418675422668,
                    -0.0866142064332962,
                    -0.3491530418395996
                ],
                [
                    0.0,
                    0.0,
                    0.0,
                    1.0
                ]
            ]
        },
        {
            "file_path": "/data/shapenet_blender/all_50_random/02958343/3bb3b6b85e4e42873680ae1a67758160/r_38",
            "rotation": 0.12566370614359174,
            "transform_matrix": [
                [
                    -0.9646763801574707,
                    0.033330418169498444,
                    0.26132088899612427,
                    1.0534181594848633
                ],
                [
                    0.2634378671646118,
                    0.12205178290605545,
                    0.9569241404533386,
                    3.8574845790863037
                ],
                [
                    0.0,
                    0.9919639825820923,
                    -0.12652096152305603,
                    -0.5100222826004028
                ],
                [
                    0.0,
                    0.0,
                    0.0,
                    1.0
                ]
            ]
        },
        {
            "file_path": "/data/shapenet_blender/all_50_random/02958343/3bb3b6b85e4e42873680ae1a67758160/r_39",
            "rotation": 0.12566370614359174,
            "transform_matrix": [
                [
                    -0.9817872047424316,
                    0.16464737057685852,
                    0.0947897732257843,
                    0.3821098208427429
                ],
                [
                    0.18998385965824127,
                    0.8508548140525818,
                    0.48984894156455994,
                    1.974644422531128
                ],
                [
                    0.0,
                    0.4989359676837921,
                    -0.8666387796401978,
                    -3.49353289604187
                ],
                [
                    0.0,
                    0.0,
                    0.0,
                    1.0
                ]
            ]
        },
        {
            "file_path": "/data/shapenet_blender/all_50_random/02958343/3bb3b6b85e4e42873680ae1a67758160/r_40",
            "rotation": 0.12566370614359174,
            "transform_matrix": [
                [
                    -0.9984530210494995,
                    0.04766017943620682,
                    -0.02863668091595173,
                    -0.11543816328048706
                ],
                [
                    -0.05560172349214554,
                    -0.8558448553085327,
                    0.5142354369163513,
                    2.0729496479034424
                ],
                [
                    -1.8626449271863521e-09,
                    0.5150322318077087,
                    0.8571707606315613,
                    3.4553661346435547
                ],
                [
                    0.0,
                    0.0,
                    0.0,
                    1.0
                ]
            ]
        },
        {
            "file_path": "/data/shapenet_blender/all_50_random/02958343/3bb3b6b85e4e42873680ae1a67758160/r_41",
            "rotation": 0.12566370614359174,
            "transform_matrix": [
                [
                    0.06416346877813339,
                    -0.09976848214864731,
                    -0.9929396510124207,
                    -4.0026679039001465
                ],
                [
                    -0.9979393482208252,
                    -0.00641471054404974,
                    -0.06384200602769852,
