{
    "class": "02958343",
    "model": "3759a08d740859cdafe1d4530f4c6e24",
    "remove_doubles": true,
    "edge_split": true,
    "denoise": true,
    "camera_angle_x": 0.6911112070083618,
    "scale_factor": 2.3483219064595517,
    "hdri_file": "/data/IndoorHDRDataset2018/AG8A2187-22219f93ae.exr",
    "center_offset": [
        0.0,
        0.0,
        -1.862645149230957e-09
    ],
    "lights": [],
    "frames": [
        {
            "file_path": "/data/shapenet_blender/all_50_random/02958343/3759a08d740859cdafe1d4530f4c6e24/r_0",
            "rotation": 0.12566370614359174,
            "transform_matrix": [
                [
                    0.7888577580451965,
                    -0.16878703236579895,
                    0.5909436345100403,
                    2.3821699619293213
                ],
                [
                    0.6145758032798767,
                    0.2166518121957779,
                    -0.7585239410400391,
                    -3.0577077865600586
                ],
                [
                    0.0,
                    0.9615471363067627,
                    0.27463990449905396,
                    1.1071088314056396
                ],
                [
                    0.0,
                    0.0,
                    0.0,
                    1.0
                ]
            ]
        },
        {
            "file_path": "/data/shapenet_blender/all_50_random/02958343/3759a08d740859cdafe1d4530f4c6e24/r_1",
            "rotation": 0.12566370614359174,
            "transform_matrix": [
                [
                    -0.6373887062072754,
                    0.07595068961381912,
                    -0.7667901515960693,
                    -3.0910298824310303
                ],
                [
                    -0.7705424427986145,
                    -0.0628260150551796,
                    0.6342848539352417,
                    2.5568840503692627
                ],
                [
                    3.725290742551124e-09,
                    0.995130181312561,
                    0.09856785833835602,
                    0.39733976125717163
                ],
                [
                    0.0,
                    0.0,
                    0.0,
                    1.0
                ]
            ]
        },
        {
            "file_path": "/data/shapenet_blender/all_50_random/02958343/3759a08d740859cdafe1d4530f4c6e24/r_2",
            "rotation": 0.12566370614359174,
            "transform_matrix": [
                [
                    -0.08843228965997696,
                    -0.32382434606552124,
                    0.9419752955436707,
                    3.7972238063812256
                ],
                [
                    0.9960821866989136,
                    -0.02874916046857834,
                    0.08362867683172226,
                    0.3371179699897766
                ],
                [
                    -1.862645149230957e-09,
                    0.9456802010536194,
                    0.32509803771972656,
                    1.3105120658874512
                ],
                [
                    0.0,
                    0.0,
                    0.0,
                    1.0
                ]
            ]
        },
        {
            "file_path": "/data/shapenet_blender/all_50_random/02958343/3759a08d740859cdafe1d4530f4c6e24/r_3",
            "rotation": 0.12566370614359174,
            "transform_matrix": [
                [
                    -0.110591821372509,
                    -0.5425110459327698,
                    0.832737147808075,
                    3.356870651245117
                ],
                [
                    0.9938658475875854,
                    -0.06036759167909622,
                    0.09266231954097748,
                    0.3735337555408478
                ],
                [
                    0.0,
                    0.8378767371177673,
                    0.5458593964576721,
                    2.200429677963257
                ],
                [
                    0.0,
                    0.0,
                    0.0,
                    1.0
                ]
            ]
        },
        {
            "file_path": "/data/shapenet_blender/all_50_random/02958343/3759a08d740859cdafe1d4530f4c6e24/r_4",
            "rotation": 0.12566370614359174,
            "transform_matrix": [
                [
                    -0.9479256272315979,
                    0.2709629535675049,
                    -0.16738003492355347,
                    -0.6747304797172546
                ],
                [
                    -0.31849178671836853,
                    -0.8064658045768738,
                    0.49817243218421936,
                    2.00819730758667
                ],
                [
                    0.0,
                    0.5255395174026489,
                    0.8507691621780396,
                    3.4295601844787598
                ],
                [
                    0.0,
                    0.0,
                    0.0,
                    1.0
                ]
            ]
        },
        {
            "file_path": "/data/shapenet_blender/all_50_random/02958343/3759a08d740859cdafe1d4530f4c6e24/r_5",
            "rotation": 0.12566370614359174,
            "transform_matrix": [
                [
                    -0.9992409944534302,
                    -0.03440004214644432,
                    0.018277950584888458,
                    0.07368077337741852
                ],
                [
                    0.038954414427280426,
                    -0.8824142217636108,
                    0.46885764598846436,
                    1.8900256156921387
                ],
                [
                    1.862645149230957e-09,
                    0.46921366453170776,
                    0.8830845952033997,
                    3.5598278045654297
                ],
                [
                    0.0,
                    0.0,
                    0.0,
                    1.0
                ]
            ]
        },
        {
            "file_path": "/data/shapenet_blender/all_50_random/02958343/3759a08d740859cdafe1d4530f4c6e24/r_6",
            "rotation": 0.12566370614359174,
            "transform_matrix": [
                [
                    -0.7031868696212769,
                    -0.49927273392677307,
                    0.5062162280082703,
                    2.040623188018799
                ],
                [
                    0.7110050320625305,
                    -0.49378272891044617,
                    0.5006498694419861,
                    2.0181844234466553
                ],
                [
                    0.0,
                    0.7119728326797485,
                    0.7022069096565247,
                    2.8306868076324463
                ],
                [
                    0.0,
                    0.0,
                    0.0,
                    1.0
                ]
            ]
        },
        {
            "file_path": "/data/shapenet_blender/all_50_random/02958343/3759a08d740859cdafe1d4530f4c6e24/r_7",
            "rotation": 0.12566370614359174,
            "transform_matrix": [
                [
                    -0.8004747629165649,
                    0.21522465348243713,
                    -0.5593910813331604,
                    -2.2549777030944824
                ],
                [
                    -0.5993664264678955,
                    -0.2874400317668915,
                    0.7470863461494446,
                    3.011601686477661
                ],
                [
                    0.0,
                    0.9333040714263916,
                    0.35908693075180054,
                    1.4475258588790894
                ],
                [
                    0.0,
                    0.0,
                    0.0,
                    1.0
                ]
            ]
        },
        {
            "file_path": "/data/shapenet_blender/all_50_random/02958343/3759a08d740859cdafe1d4530f4c6e24/r_8",
            "rotation": 0.12566370614359174,
            "transform_matrix": [
                [
                    0.16205191612243652,
                    -0.7018601894378662,
                    0.6936363577842712,
                    2.796137809753418
                ],
                [
                    0.9867822527885437,
                    0.11526128649711609,
                    -0.1139107495546341,
                    -0.45918893814086914
                ],
                [
                    0.0,
                    0.7029275298118591,
                    0.7112613916397095,
                    2.8671865463256836
                ],
                [
                    0.0,
                    0.0,
                    0.0,
                    1.0
                ]
            ]
        },
        {
            "file_path": "/data/shapenet_blender/all_50_random/02958343/3759a08d740859cdafe1d4530f4c6e24/r_9",
            "rotation": 0.12566370614359174,
            "transform_matrix": [
                [
                    0.5635525584220886,
                    0.26199615001678467,
                    0.7834324240684509,
                    3.1581172943115234
                ],
                [
                    0.8260802626609802,
                    -0.17873400449752808,
                    -0.5344582200050354,
                    -2.154470205307007
                ],
                [
                    0.0,
                    0.9483734369277954,
                    -0.3171558082103729,
                    -1.2784960269927979
                ],
                [
                    0.0,
                    0.0,
                    0.0,
                    1.0
                ]
            ]
        },
        {
            "file_path": "/data/shapenet_blender/all_50_random/02958343/3759a08d740859cdafe1d4530f4c6e24/r_10",
            "rotation": 0.12566370614359174,
            "transform_matrix": [
                [
                    0.8252371549606323,
                    -0.1327182799577713,
                    0.5489712953567505,
                    2.2129740715026855
                ],
                [
                    0.5647863745689392,
                    0.19392122328281403,
                    -0.8021290302276611,
                    -3.233485460281372
                ],
                [
                    0.0,
                    0.9719981551170349,
                    0.2349884808063507,
                    0.9472688436508179
                ],
                [
                    0.0,
                    0.0,
                    0.0,
                    1.0
                ]
            ]
        },
        {
            "file_path": "/data/shapenet_blender/all_50_random/02958343/3759a08d740859cdafe1d4530f4c6e24/r_11",
            "rotation": 0.12566370614359174,
            "transform_matrix": [
                [
                    -0.17329905927181244,
                    0.6324481964111328,
                    0.7549679279327393,
                    3.0433733463287354
                ],
                [
                    0.9848692417144775,
                    0.11128652840852737,
                    0.13284528255462646,
                    0.5355165004730225
                ],
                [
                    0.0,
                    0.7665666937828064,
                    -0.6421645879745483,
                    -2.588648557662964
                ],
                [
                    0.0,
                    0.0,
                    0.0,
                    1.0
                ]
            ]
        },
        {
            "file_path": "/data/shapenet_blender/all_50_random/02958343/3759a08d740859cdafe1d4530f4c6e24/r_12",
            "rotation": 0.12566370614359174,
            "transform_matrix": [
                [
                    -0.9897930026054382,
                    0.0758400484919548,
                    0.12065649777650833,
                    0.4863818883895874
                ],
                [
                    0.14251211285591125,
                    0.5267338156700134,
                    0.837998628616333,
                    3.3780806064605713
                ],
                [
                    0.0,
                    0.8466402292251587,
                    -0.5321655869483948,
                    -2.145228147506714
                ],
                [
                    0.0,
                    0.0,
                    0.0,
                    1.0
                ]
            ]
        },
        {
            "file_path": "/data/shapenet_blender/all_50_random/02958343/3759a08d740859cdafe1d4530f4c6e24/r_13",
            "rotation": 0.12566370614359174,
            "transform_matrix": [
                [
                    0.9212155342102051,
                    0.048384834080934525,
                    -0.3860321342945099,
                    -1.5561453104019165
                ],
                [
                    -0.3890525996685028,
                    0.11456769704818726,
                    -0.914063572883606,
                    -3.6847081184387207
                ],
                [
                    -3.725290076417309e-09,
                    0.9922363758087158,
                    0.12436579167842865,
                    0.501334547996521
                ],
                [
                    0.0,
                    0.0,
                    0.0,
                    1.0
                ]
            ]
        },
        {
            "file_path": "/data/shapenet_blender/all_50_random/02958343/3759a08d740859cdafe1d4530f4c6e24/r_14",
            "rotation": 0.12566370614359174,
            "transform_matrix": [
                [
                    -0.8624446392059326,
                    0.06621061265468597,
                    -0.5018022060394287,
                    -2.022829294204712
                ],
                [
                    -0.5061514377593994,
                    -0.11281798034906387,
                    0.855033814907074,
                    3.446751594543457
                ],
                [
                    3.725290298461914e-09,
                    0.9914071559906006,
                    0.13081185519695282,
                    0.5273194313049316
                ],
                [
                    0.0,
                    0.0,
                    0.0,
                    1.0
                ]
            ]
        },
        {
            "file_path": "/data/shapenet_blender/all_50_random/02958343/3759a08d740859cdafe1d4530f4c6e24/r_15",
            "rotation": 0.12566370614359174,
            "transform_matrix": [
                [
                    -0.7802490592002869,
                    -0.20470194518566132,
                    0.5910232663154602,
                    2.382490873336792
                ],
                [
                    0.6254688501358032,
                    -0.2553580105304718,
                    0.7372794151306152,
                    2.9720683097839355
                ],
                [
                    0.0,
                    0.9449281692504883,
                    0.3272775709629059,
                    1.3192980289459229
                ],
                [
                    0.0,
                    0.0,
                    0.0,
                    1.0
                ]
            ]
        },
        {
            "file_path": "/data/shapenet_blender/all_50_random/02958343/3759a08d740859cdafe1d4530f4c6e24/r_16",
            "rotation": 0.12566370614359174,
            "transform_matrix": [
                [
                    -0.7177492380142212,
                    -0.002095670672133565,
                    -0.6962984800338745,
                    -2.8068690299987793
                ],
                [
                    -0.6963016390800476,
                    0.002160221803933382,
                    0.7177460193634033,
                    2.893326759338379
                ],
                [
                    -1.1641532182693481e-10,
                    0.9999954700469971,
                    -0.0030097165144979954,
                    -0.01213255524635315
                ],
                [
                    0.0,
                    0.0,
                    0.0,
                    1.0
                ]
            ]
        },
        {
            "file_path": "/data/shapenet_blender/all_50_random/02958343/3759a08d740859cdafe1d4530f4c6e24/r_17",
            "rotation": 0.12566370614359174,
            "transform_matrix": [
                [
                    0.4679702818393707,
                    0.6704177856445312,
                    0.5757983326911926,
                    2.321117639541626
                ],
                [
                    0.8837441802024841,
                    -0.35500726103782654,
                    -0.3049032688140869,
                    -1.2291045188903809
                ],
                [
                    1.4901160305669237e-08,
                    0.6515440940856934,
                    -0.7586106657981873,
                    -3.0580575466156006
                ],
                [
                    0.0,
                    0.0,
                    0.0,
                    1.0
                ]
            ]
        },
        {
            "file_path": "/data/shapenet_blender/all_50_random/02958343/3759a08d740859cdafe1d4530f4c6e24/r_18",
            "rotation": 0.12566370614359174,
            "transform_matrix": [
                [
                    0.36204272508621216,
                    0.2367415428161621,
                    -0.9015976786613464,
                    -3.6344566345214844
                ],
                [
                    -0.9321615099906921,
                    0.09194818139076233,
                    -0.3501720428466797,
                    -1.4115887880325317
                ],
                [
                    0.0,
                    0.967211902141571,
                    0.25397050380706787,
                    1.0237879753112793
                ],
                [
                    0.0,
                    0.0,
                    0.0,
                    1.0
                ]
            ]
        },
        {
            "file_path": "/data/shapenet_blender/all_50_random/02958343/3759a08d740859cdafe1d4530f4c6e24/r_19",
            "rotation": 0.12566370614359174,
            "transform_matrix": [
                [
                    0.7922582626342773,
                    -0.4807594120502472,
                    -0.37576234340667725,
                    -1.5147465467453003
                ],
                [
                    -0.6101860404014587,
                    -0.6242122054100037,
                    -0.4878852963447571,
                    -1.966728687286377
                ],
                [
                    1.4901162970204496e-08,
                    0.6158159971237183,
                    -0.7878898978233337,
                    -3.176085948944092
                ],
                [
                    0.0,
                    0.0,
                    0.0,
                    1.0
                ]
            ]
        },
        {
            "file_path": "/data/shapenet_blender/all_50_random/02958343/3759a08d740859cdafe1d4530f4c6e24/r_20",
            "rotation": 0.12566370614359174,
            "transform_matrix": [
                [
                    0.4922427833080292,
                    0.46506381034851074,
                    -0.735807478427887,
                    -2.966135025024414
                ],
                [
                    -0.8704580068588257,
                    0.2629929184913635,
                    -0.41609808802604675,
                    -1.6773451566696167
                ],
                [
                    0.0,
                    0.8453108072280884,
                    0.5342748165130615,
                    2.153730869293213
                ],
                [
                    0.0,
                    0.0,
                    0.0,
                    1.0
                ]
            ]
        },
        {
            "file_path": "/data/shapenet_blender/all_50_random/02958343/3759a08d740859cdafe1d4530f4c6e24/r_21",
            "rotation": 0.12566370614359174,
            "transform_matrix": [
                [
                    0.9099364876747131,
                    0.2689591348171234,
                    0.3157157301902771,
                    1.272690773010254
                ],
                [
                    0.4147474467754364,
                    -0.5900837779045105,
                    -0.6926655769348145,
                    -2.792224168777466
                ],
                [
                    -1.4901160305669237e-08,
                    0.7612240314483643,
                    -0.6484889984130859,
                    -2.614142656326294
                ],
                [
                    0.0,
                    0.0,
                    0.0,
                    1.0
                ]
            ]
        },
        {
            "file_path": "/data/shapenet_blender/all_50_random/02958343/3759a08d740859cdafe1d4530f4c6e24/r_22",
            "rotation": 0.12566370614359174,
            "transform_matrix": [
                [
                    0.6937206387519836,
                    0.14768442511558533,
                    -0.7049403786659241,
                    -2.841705560684204
                ],
                [
                    -0.7202441692352295,
                    0.1422458440065384,
                    -0.6789804697036743,
                    -2.73705792427063
                ],
                [
                    0.0,
                    0.9787519574165344,
                    0.20504772663116455,
                    0.8265738487243652
                ],
                [
                    0.0,
                    0.0,
                    0.0,
                    1.0
                ]
            ]
        },
        {
            "file_path": "/data/shapenet_blender/all_50_random/02958343/3759a08d740859cdafe1d4530f4c6e24/r_23",
            "rotation": 0.12566370614359174,
            "transform_matrix": [
                [
                    -0.8010085225105286,
                    -0.18107694387435913,
                    -0.5706105828285217,
                    -2.3002047538757324
                ],
                [
                    -0.5986528992652893,
                    0.24228425323963165,
                    0.7634873986244202,
                    3.077716112136841
                ],
                [
                    0.0,
                    0.9531576633453369,
                    -0.3024740219116211,
                    -1.2193118333816528
                ],
                [
                    0.0,
                    0.0,
                    0.0,
                    1.0
                ]
            ]
        },
        {
            "file_path": "/data/shapenet_blender/all_50_random/02958343/3759a08d740859cdafe1d4530f4c6e24/r_24",
            "rotation": 0.12566370614359174,
            "transform_matrix": [
                [
                    0.6987279653549194,
                    0.1623983532190323,
                    0.6967107057571411,
                    2.8085310459136963
                ],
                [
                    0.7153873443603516,
                    -0.1586165428161621,
                    -0.680486261844635,
                    -2.7431280612945557
                ],
                [
                    -7.450580152834618e-09,
                    0.9738929867744446,
                    -0.22700753808021545,
                    -0.9150967001914978
                ],
                [
                    0.0,
                    0.0,
                    0.0,
                    1.0
                ]
            ]
        },
        {
            "file_path": "/data/shapenet_blender/all_50_random/02958343/3759a08d740859cdafe1d4530f4c6e24/r_25",
            "rotation": 0.12566370614359174,
            "transform_matrix": [
                [
                    -0.06629563122987747,
                    -0.7104599475860596,
                    0.7006078362464905,
                    2.8242406845092773
                ],
                [
                    0.9978001117706299,
                    -0.047204241156578064,
                    0.04654964432120323,
                    0.18764764070510864
                ],
                [
                    3.725290742551124e-09,
                    0.7021525502204895,
                    0.7120264172554016,
                    2.8702704906463623
                ],
                [
                    0.0,
                    0.0,
                    0.0,
                    1.0
                ]
            ]
        },
        {
            "file_path": "/data/shapenet_blender/all_50_random/02958343/3759a08d740859cdafe1d4530f4c6e24/r_26",
            "rotation": 0.12566370614359174,
            "transform_matrix": [
                [
                    0.695300817489624,
                    -0.007246673107147217,
                    -0.7186824083328247,
                    -2.8971011638641357
                ],
                [
                    -0.718718945980072,
                    -0.007010553497821093,
                    -0.6952654719352722,
                    -2.802704334259033
                ],
                [
                    0.0,
                    0.9999492168426514,
                    -0.010082763619720936,
                    -0.04064491391181946
                ],
                [
                    0.0,
                    0.0,
                    0.0,
                    1.0
                ]
            ]
        },
        {
            "file_path": "/data/shapenet_blender/all_50_random/02958343/3759a08d740859cdafe1d4530f4c6e24/r_27",
            "rotation": 0.12566370614359174,
            "transform_matrix": [
                [
                    0.9994504451751709,
                    -0.03200927749276161,
                    0.008620040491223335,
                    0.03474849462509155
                ],
                [
                    0.03314964473247528,
                    0.9650687575340271,
                    -0.2598912715911865,
                    -1.0476552248001099
                ],
                [
                    0.0,
                    0.2600341737270355,
                    0.9655994176864624,
                    3.892455816268921
                ],
                [
                    0.0,
                    0.0,
                    0.0,
                    1.0
                ]
            ]
        },
        {
            "file_path": "/data/shapenet_blender/all_50_random/02958343/3759a08d740859cdafe1d4530f4c6e24/r_28",
            "rotation": 0.12566370614359174,
            "transform_matrix": [
                [
                    -0.6715965270996094,
                    0.18436819314956665,
                    0.7176116704940796,
                    2.89278507232666
                ],
                [
                    0.7409169673919678,
                    0.167118638753891,
                    0.6504716277122498,
                    2.6221349239349365
                ],
                [
                    -7.4505792646561986e-09,
                    0.9685451984405518,
                    -0.24883784353733063,
                    -1.003097414970398
                ],
                [
                    0.0,
                    0.0,
                    0.0,
                    1.0
                ]
            ]
        },
        {
            "file_path": "/data/shapenet_blender/all_50_random/02958343/3759a08d740859cdafe1d4530f4c6e24/r_29",
            "rotation": 0.12566370614359174,
            "transform_matrix": [
                [
                    -0.7491579055786133,
                    -0.13641177117824554,
                    0.6481930613517761,
                    2.612949848175049
                ],
                [
                    0.6623914241790771,
                    -0.15428030490875244,
                    0.733099639415741,
                    2.955219268798828
                ],
                [
                    7.450580596923828e-09,
                    0.9785649180412292,
                    0.20593829452991486,
                    0.830163836479187
                ],
                [
                    0.0,
                    0.0,
                    0.0,
                    1.0
                ]
            ]
        },
        {
            "file_path": "/data/shapenet_blender/all_50_random/02958343/3759a08d740859cdafe1d4530f4c6e24/r_30",
            "rotation": 0.12566370614359174,
            "transform_matrix": [
                [
                    -0.9367949962615967,
                    -0.03453277423977852,
                    0.34817060828208923,
                    1.4035207033157349
                ],
                [
                    0.3498789966106415,
                    -0.09246090054512024,
                    0.9322207570075989,
                    3.7579023838043213
                ],
                [
                    0.0,
                    0.9951172471046448,
                    0.098699189722538,
                    0.39786919951438904
                ],
                [
                    0.0,
                    0.0,
                    0.0,
                    1.0
                ]
            ]
        },
        {
            "file_path": "/data/shapenet_blender/all_50_random/02958343/3759a08d740859cdafe1d4530f4c6e24/r_31",
            "rotation": 0.12566370614359174,
            "transform_matrix": [
                [
                    -0.6531541347503662,
                    -0.3961845338344574,
                    -0.6453118324279785,
                    -2.6013355255126953
                ],
                [
                    -0.757224977016449,
                    0.34173405170440674,
                    0.5566220283508301,
                    2.2438154220581055
                ],
                [
                    -1.4901161193847656e-08,
                    0.8522063493728638,
                    -0.5232058167457581,
                    -2.1091103553771973
                ],
                [
                    0.0,
                    0.0,
                    0.0,
                    1.0
                ]
            ]
        },
        {
            "file_path": "/data/shapenet_blender/all_50_random/02958343/3759a08d740859cdafe1d4530f4c6e24/r_32",
            "rotation": 0.12566370614359174,
            "transform_matrix": [
                [
                    0.9409488439559937,
                    -0.2836185097694397,
                    0.1848669797182083,
                    0.7452226281166077
                ],
                [
                    0.33854877948760986,
                    0.7882779240608215,
                    -0.5138118267059326,
                    -2.071241617202759
                ],
                [
                    -1.4901161193847656e-08,
                    0.5460570454597473,
                    0.8377479314804077,
                    3.3770699501037598
                ],
                [
                    0.0,
                    0.0,
                    0.0,
                    1.0
                ]
            ]
        },
        {
            "file_path": "/data/shapenet_blender/all_50_random/02958343/3759a08d740859cdafe1d4530f4c6e24/r_33",
            "rotation": 0.12566370614359174,
            "transform_matrix": [
                [
                    -0.9941997528076172,
                    0.005852367263287306,
                    -0.10739049315452576,
                    -0.4329049587249756
                ],
                [
                    -0.10754986107349396,
                    -0.054099760949611664,
                    0.9927265644073486,
                    4.001809120178223
                ],
                [
                    4.656613428188905e-10,
                    0.9985183477401733,
                    0.05441538244485855,
                    0.21935543417930603
                ],
                [
                    0.0,
                    0.0,
                    0.0,
                    1.0
                ]
            ]
        },
        {
            "file_path": "/data/shapenet_blender/all_50_random/02958343/3759a08d740859cdafe1d4530f4c6e24/r_34",
            "rotation": 0.12566370614359174,
            "transform_matrix": [
                [
                    0.07202959060668945,
                    -0.07367520779371262,
                    -0.994677722454071,
                    -4.009674072265625
                ],
                [
                    -0.9974024891853333,
                    -0.005320616066455841,
                    -0.0718328207731247,
                    -0.28956735134124756
                ],
                [
                    0.0,
                    0.9972680807113647,
                    -0.07386709004640579,
                    -0.2977677583694458
                ],
                [
                    0.0,
                    0.0,
                    0.0,
                    1.0
                ]
            ]
        },
        {
            "file_path": "/data/shapenet_blender/all_50_random/02958343/3759a08d740859cdafe1d4530f4c6e24/r_35",
            "rotation": 0.12566370614359174,
            "transform_matrix": [
                [
                    -0.9998378157615662,
                    0.0057321093045175076,
                    -0.01707453839480877,
                    -0.06882965564727783
                ],
                [
                    -0.018011022359132767,
                    -0.31820404529571533,
                    0.9478511810302734,
                    3.8209099769592285
                ],
                [
                    -9.313225746154785e-10,
                    0.9480048418045044,
                    0.3182556927204132,
                    1.282929539680481
                ],
                [
                    0.0,
                    0.0,
                    0.0,
                    1.0
                ]
            ]
        },
        {
            "file_path": "/data/shapenet_blender/all_50_random/02958343/3759a08d740859cdafe1d4530f4c6e24/r_36",
            "rotation": 0.12566370614359174,
            "transform_matrix": [
                [
                    -0.5360615849494934,
                    -0.3961208164691925,
                    -0.7454704642295837,
                    -3.0050876140594482
                ],
                [
                    -0.8441788554191589,
                    0.25154051184654236,
                    0.47338083386421204,
                    1.9082591533660889
                ],
                [
                    1.4901161193847656e-08,
                    0.8830716609954834,
                    -0.4692381024360657,
                    -1.8915592432022095
                ],
                [
                    0.0,
                    0.0,
                    0.0,
                    1.0
                ]
            ]
        },
        {
            "file_path": "/data/shapenet_blender/all_50_random/02958343/3759a08d740859cdafe1d4530f4c6e24/r_37",
            "rotation": 0.12566370614359174,
            "transform_matrix": [
                [
                    -0.7705000638961792,
                    -0.01655510440468788,
                    -0.6372248530387878,
                    -2.5687355995178223
                ],
                [
                    -0.6374399065971375,
                    0.020010842010378838,
                    0.7702401280403137,
                    3.1049373149871826
                ],
                [
                    0.0,
                    0.9996626377105713,
                    -0.025971239432692528,
                    -0.10469341278076172
                ],
                [
                    0.0,
                    0.0,
                    0.0,
                    1.0
                ]
            ]
        },
        {
            "file_path": "/data/shapenet_blender/all_50_random/02958343/3759a08d740859cdafe1d4530f4c6e24/r_38",
            "rotation": 0.12566370614359174,
            "transform_matrix": [
                [
                    0.8033739924430847,
                    0.43587613105773926,
                    -0.4057120084762573,
                    -1.6354774236679077
                ],
                [
                    -0.595474898815155,
                    0.5880542397499084,
                    -0.5473589301109314,
                    -2.206474542617798
                ],
                [
                    -1.4901162970204496e-08,
                    0.6813251376152039,
                    0.7319808006286621,
                    2.950709104537964
                ],
                [
                    0.0,
                    0.0,
                    0.0,
                    1.0
                ]
            ]
        },
        {
            "file_path": "/data/shapenet_blender/all_50_random/02958343/3759a08d740859cdafe1d4530f4c6e24/r_39",
            "rotation": 0.12566370614359174,
            "transform_matrix": [
                [
                    -0.5524564981460571,
                    0.17346075177192688,
                    0.8152932524681091,
                    3.2865521907806396
                ],
                [
                    0.8335416913032532,
                    0.11496669054031372,
                    0.5403618216514587,
                    2.1782681941986084
                ],
                [
                    0.0,
                    0.9781074523925781,
                    -0.20810085535049438,
                    -0.8388813734054565
                ],
                [
                    0.0,
                    0.0,
                    0.0,
                    1.0
                ]
            ]
        },
        {
            "file_path": "/data/shapenet_blender/all_50_random/02958343/3759a08d740859cdafe1d4530f4c6e24/r_40",
            "rotation": 0.12566370614359174,
            "transform_matrix": [
                [
                    -0.8158383369445801,
                    -0.017775846645236015,
                    0.5780066847801208,
                    2.330019474029541
                ],
                [
                    0.5782799124717712,
                    -0.025078196078538895,
                    0.8154528737068176,
                    3.2871956825256348
                ],
                [
                    -9.313225191043273e-10,
                    0.9995273947715759,
                    0.03073917329311371,
                    0.12391357123851776
                ],
                [
                    0.0,
                    0.0,
                    0.0,
                    1.0
                ]
            ]
        },
        {
            "file_path": "/data/shapenet_blender/all_50_random/02958343/3759a08d740859cdafe1d4530f4c6e24/r_41",
            "rotation": 0.12566370614359174,
            "transform_matrix": [
                [
                    -0.8317161202430725,
                    0.04285165295004845,
                    0.5535448789596558,
                    2.2314109802246094
                ],
                [
                    0.5552010536193848,
                    0.06419369578361511,
                    0.8292351365089417,
                    3.3427538871765137
                ],
                [
