{
    "class": "02958343",
    "model": "78c0bec338fa1c01d6b98bf27ff43caf",
    "remove_doubles": true,
    "edge_split": true,
    "denoise": true,
    "camera_angle_x": 0.6911112070083618,
    "scale_factor": 2.213773008652565,
    "hdri_file": "/data/IndoorHDRDataset2018/9C4A3611-483bfc3739.exr",
    "center_offset": [
        0.0,
        -1.862645149230957e-09,
        -3.725290298461914e-09
    ],
    "lights": [],
    "frames": [
        {
            "file_path": "/data/shapenet_blender/all_50_random/02958343/78c0bec338fa1c01d6b98bf27ff43caf/r_0",
            "rotation": 0.12566370614359174,
            "transform_matrix": [
                [
                    -0.7832667827606201,
                    0.26868194341659546,
                    0.5606275200843811,
                    2.2599618434906006
                ],
                [
                    0.6216857433319092,
                    0.3385144770145416,
                    0.7063389420509338,
                    2.8473434448242188
                ],
                [
                    -1.4901161193847656e-08,
                    0.9017860293388367,
                    -0.43218278884887695,
                    -1.7421845197677612
                ],
                [
                    0.0,
                    0.0,
                    0.0,
                    1.0
                ]
            ]
        },
        {
            "file_path": "/data/shapenet_blender/all_50_random/02958343/78c0bec338fa1c01d6b98bf27ff43caf/r_1",
            "rotation": 0.12566370614359174,
            "transform_matrix": [
                [
                    0.2452528476715088,
                    -0.2504757344722748,
                    0.9365430474281311,
                    3.7753257751464844
                ],
                [
                    0.9694591760635376,
                    0.06336510926485062,
                    -0.23692575097084045,
                    -0.9550782442092896
                ],
                [
                    -3.725290742551124e-09,
                    0.9660469889640808,
                    0.2583664357662201,
                    1.041508436203003
                ],
                [
                    0.0,
                    0.0,
                    0.0,
                    1.0
                ]
            ]
        },
        {
            "file_path": "/data/shapenet_blender/all_50_random/02958343/78c0bec338fa1c01d6b98bf27ff43caf/r_2",
            "rotation": 0.12566370614359174,
            "transform_matrix": [
                [
                    -0.37511277198791504,
                    0.02786043845117092,
                    0.9265604019165039,
                    3.7350845336914062
                ],
                [
                    0.9269791841506958,
                    0.011274045333266258,
                    0.3749432861804962,
                    1.5114446878433228
                ],
                [
                    9.313225746154785e-10,
                    0.9995481967926025,
                    -0.030055083334445953,
                    -0.12115591764450073
                ],
                [
                    0.0,
                    0.0,
                    0.0,
                    1.0
                ]
            ]
        },
        {
            "file_path": "/data/shapenet_blender/all_50_random/02958343/78c0bec338fa1c01d6b98bf27ff43caf/r_3",
            "rotation": 0.12566370614359174,
            "transform_matrix": [
                [
                    0.9565777778625488,
                    0.0977674052119255,
                    -0.2745916247367859,
                    -1.1069142818450928
                ],
                [
                    -0.29147735238075256,
                    0.3208555579185486,
                    -0.9011618494987488,
                    -3.632699489593506
                ],
                [
                    -7.450580596923828e-09,
                    0.9420686364173889,
                    0.33542025089263916,
                    1.352122187614441
                ],
                [
                    0.0,
                    0.0,
                    0.0,
                    1.0
                ]
            ]
        },
        {
            "file_path": "/data/shapenet_blender/all_50_random/02958343/78c0bec338fa1c01d6b98bf27ff43caf/r_4",
            "rotation": 0.12566370614359174,
            "transform_matrix": [
                [
                    0.9919074773788452,
                    -0.06776829808950424,
                    0.10736381262540817,
                    0.43279731273651123
                ],
                [
                    0.12696270644664764,
                    0.5294458866119385,
                    -0.8387893438339233,
                    -3.381267547607422
                ],
                [
                    -3.7252898543727042e-09,
                    0.8456325531005859,
                    0.5337654948234558,
                    2.151677370071411
                ],
                [
                    0.0,
                    0.0,
                    0.0,
                    1.0
                ]
            ]
        },
        {
            "file_path": "/data/shapenet_blender/all_50_random/02958343/78c0bec338fa1c01d6b98bf27ff43caf/r_5",
            "rotation": 0.12566370614359174,
            "transform_matrix": [
                [
                    -0.7310409545898438,
                    -0.16849398612976074,
                    -0.661202609539032,
                    -2.6653928756713867
                ],
                [
                    -0.6823335886001587,
                    0.18052168190479279,
                    0.7084015607833862,
                    2.8556580543518066
                ],
                [
                    7.450580596923828e-09,
                    0.9690312743186951,
                    -0.2469378560781479,
                    -0.9954383373260498
                ],
                [
                    0.0,
                    0.0,
                    0.0,
                    1.0
                ]
            ]
        },
        {
            "file_path": "/data/shapenet_blender/all_50_random/02958343/78c0bec338fa1c01d6b98bf27ff43caf/r_6",
            "rotation": 0.12566370614359174,
            "transform_matrix": [
                [
                    -0.19720758497714996,
                    0.7165625095367432,
                    -0.669064462184906,
                    -2.697085380554199
                ],
                [
                    -0.9803617596626282,
                    -0.1441422551870346,
                    0.13458764553070068,
                    0.5425401926040649
                ],
                [
                    0.0,
                    0.682466983795166,
                    0.7309163212776184,
                    2.946418285369873
                ],
                [
                    0.0,
                    0.0,
                    0.0,
                    1.0
                ]
            ]
        },
        {
            "file_path": "/data/shapenet_blender/all_50_random/02958343/78c0bec338fa1c01d6b98bf27ff43caf/r_7",
            "rotation": 0.12566370614359174,
            "transform_matrix": [
                [
                    -0.40971839427948,
                    -0.6931260228157043,
                    -0.5930489301681519,
                    -2.3906567096710205
                ],
                [
                    -0.9122120141983032,
                    0.3113163113594055,
                    0.2663668692111969,
                    1.0737591981887817
                ],
                [
                    0.0,
                    0.650121808052063,
                    -0.7598299980163574,
                    -3.0629727840423584
                ],
                [
                    0.0,
                    0.0,
                    0.0,
                    1.0
                ]
            ]
        },
        {
            "file_path": "/data/shapenet_blender/all_50_random/02958343/78c0bec338fa1c01d6b98bf27ff43caf/r_8",
            "rotation": 0.12566370614359174,
            "transform_matrix": [
                [
                    -0.49960243701934814,
                    0.49038130044937134,
                    -0.7140892744064331,
                    -2.8785860538482666
                ],
                [
                    -0.8662547469139099,
                    -0.28282177448272705,
                    0.4118427634239197,
                    1.660191297531128
                ],
                [
                    -1.4901160305669237e-08,
                    0.8243409991264343,
                    0.5660935640335083,
                    2.281996250152588
                ],
                [
                    0.0,
                    0.0,
                    0.0,
                    1.0
                ]
            ]
        },
        {
            "file_path": "/data/shapenet_blender/all_50_random/02958343/78c0bec338fa1c01d6b98bf27ff43caf/r_9",
            "rotation": 0.12566370614359174,
            "transform_matrix": [
                [
                    0.8327562212944031,
                    0.007420454639941454,
                    -0.5535900592803955,
                    -2.2315926551818848
                ],
                [
                    -0.5536397099494934,
                    0.011161464266479015,
                    -0.8326815366744995,
                    -3.3566462993621826
                ],
                [
                    4.656612040410124e-10,
                    0.9999101758003235,
                    0.013403039425611496,
                    0.054029375314712524
                ],
                [
                    0.0,
                    0.0,
                    0.0,
                    1.0
                ]
            ]
        },
        {
            "file_path": "/data/shapenet_blender/all_50_random/02958343/78c0bec338fa1c01d6b98bf27ff43caf/r_10",
            "rotation": 0.12566370614359174,
            "transform_matrix": [
                [
                    0.9964690208435059,
                    0.009434055536985397,
                    -0.08342937380075455,
                    -0.3363145589828491
                ],
                [
                    -0.08396106958389282,
                    0.11196551471948624,
                    -0.99015873670578,
                    -3.991457223892212
                ],
                [
                    9.313224635931761e-10,
                    0.9936673045158386,
                    0.11236227303743362,
                    0.4529467821121216
                ],
                [
                    0.0,
                    0.0,
                    0.0,
                    1.0
                ]
            ]
        },
        {
            "file_path": "/data/shapenet_blender/all_50_random/02958343/78c0bec338fa1c01d6b98bf27ff43caf/r_11",
            "rotation": 0.12566370614359174,
            "transform_matrix": [
                [
                    -0.26131346821784973,
                    -0.41269299387931824,
                    0.872582197189331,
                    3.517491579055786
                ],
                [
                    0.965254008769989,
                    -0.11172421276569366,
                    0.23622538149356842,
                    0.9522550106048584
                ],
                [
                    0.0,
                    0.9039923548698425,
                    0.4275485575199127,
                    1.7235034704208374
                ],
                [
                    0.0,
                    0.0,
                    0.0,
                    1.0
                ]
            ]
        },
        {
            "file_path": "/data/shapenet_blender/all_50_random/02958343/78c0bec338fa1c01d6b98bf27ff43caf/r_12",
            "rotation": 0.12566370614359174,
            "transform_matrix": [
                [
                    0.9714688062667847,
                    0.018630441278219223,
                    0.23643438518047333,
                    0.9530974626541138
                ],
                [
                    0.23716726899147034,
                    -0.07631277292966843,
                    -0.9684668183326721,
                    -3.9040145874023438
                ],
                [
                    -1.862645149230957e-09,
                    0.9969097971916199,
                    -0.07855401188135147,
                    -0.31666135787963867
                ],
                [
                    0.0,
                    0.0,
                    0.0,
                    1.0
                ]
            ]
        },
        {
            "file_path": "/data/shapenet_blender/all_50_random/02958343/78c0bec338fa1c01d6b98bf27ff43caf/r_13",
            "rotation": 0.12566370614359174,
            "transform_matrix": [
                [
                    -0.9893229603767395,
                    -0.0868254080414772,
                    -0.11705285310745239,
                    -0.47185516357421875
                ],
                [
                    -0.1457395702600479,
                    0.5893962979316711,
                    0.7945890426635742,
                    3.2030911445617676
                ],
                [
                    0.0,
                    0.8031644225120544,
                    -0.595757246017456,
                    -2.4015746116638184
                ],
                [
                    0.0,
                    0.0,
                    0.0,
                    1.0
                ]
            ]
        },
        {
            "file_path": "/data/shapenet_blender/all_50_random/02958343/78c0bec338fa1c01d6b98bf27ff43caf/r_14",
            "rotation": 0.12566370614359174,
            "transform_matrix": [
                [
                    -0.6646156907081604,
                    -0.3767426609992981,
                    -0.6452525854110718,
                    -2.6010966300964355
                ],
                [
                    -0.7471854090690613,
                    0.3351097106933594,
                    0.5739471912384033,
                    2.313655376434326
                ],
                [
                    1.4901162970204496e-08,
                    0.8635776042938232,
                    -0.5042157173156738,
                    -2.0325589179992676
                ],
                [
                    0.0,
                    0.0,
                    0.0,
                    1.0
                ]
            ]
        },
        {
            "file_path": "/data/shapenet_blender/all_50_random/02958343/78c0bec338fa1c01d6b98bf27ff43caf/r_15",
            "rotation": 0.12566370614359174,
            "transform_matrix": [
                [
                    0.02853773720562458,
                    0.04015577211976051,
                    0.9987858533859253,
                    4.026234149932861
                ],
                [
                    0.9995927214622498,
                    -0.001146421767771244,
                    -0.02851470187306404,
                    -0.11494642496109009
                ],
                [
                    -1.1641532182693481e-10,
                    0.9991927146911621,
                    -0.040172141045331955,
                    -0.16193905472755432
                ],
                [
                    0.0,
                    0.0,
                    0.0,
                    1.0
                ]
            ]
        },
        {
            "file_path": "/data/shapenet_blender/all_50_random/02958343/78c0bec338fa1c01d6b98bf27ff43caf/r_16",
            "rotation": 0.12566370614359174,
            "transform_matrix": [
                [
                    -0.9590359926223755,
                    -0.11803822964429855,
                    -0.2575209438800812,
                    -1.0381001234054565
                ],
                [
                    -0.28328442573547363,
                    0.39960867166519165,
                    0.8718158602714539,
                    3.514402151107788
                ],
                [
                    7.450580596923828e-09,
                    0.9090544581413269,
                    -0.41667741537094116,
                    -1.679680347442627
                ],
                [
                    0.0,
                    0.0,
                    0.0,
                    1.0
                ]
            ]
        },
        {
            "file_path": "/data/shapenet_blender/all_50_random/02958343/78c0bec338fa1c01d6b98bf27ff43caf/r_17",
            "rotation": 0.12566370614359174,
            "transform_matrix": [
                [
                    -0.9617462158203125,
                    -0.2537340819835663,
                    0.10326361656188965,
                    0.4162689745426178
                ],
                [
                    0.2739422917366028,
                    -0.8907999992370605,
                    0.36253395676612854,
                    1.461421251296997
                ],
                [
                    7.450581485102248e-09,
                    0.3769538402557373,
                    0.9262319207191467,
                    3.7337605953216553
                ],
                [
                    0.0,
                    0.0,
                    0.0,
                    1.0
                ]
            ]
        },
        {
            "file_path": "/data/shapenet_blender/all_50_random/02958343/78c0bec338fa1c01d6b98bf27ff43caf/r_18",
            "rotation": 0.12566370614359174,
            "transform_matrix": [
                [
                    -0.07989682257175446,
                    0.5819974541664124,
                    0.8092561364173889,
                    3.2622158527374268
                ],
                [
                    0.9968031644821167,
                    0.04664887487888336,
                    0.06486435234546661,
                    0.2614765763282776
                ],
                [
                    0.0,
                    0.8118515014648438,
                    -0.5838639736175537,
                    -2.353631019592285
                ],
                [
                    0.0,
                    0.0,
                    0.0,
                    1.0
                ]
            ]
        },
        {
            "file_path": "/data/shapenet_blender/all_50_random/02958343/78c0bec338fa1c01d6b98bf27ff43caf/r_19",
            "rotation": 0.12566370614359174,
            "transform_matrix": [
                [
                    -0.14199841022491455,
                    0.12209433317184448,
                    -0.9823081493377686,
                    -3.959810972213745
                ],
                [
                    -0.9898667931556702,
                    -0.017514681443572044,
                    0.14091411232948303,
                    0.5680429935455322
                ],
                [
                    0.0,
                    0.9923639297485352,
                    0.12334419041872025,
                    0.4972163736820221
                ],
                [
                    0.0,
                    0.0,
                    0.0,
                    1.0
                ]
            ]
        },
        {
            "file_path": "/data/shapenet_blender/all_50_random/02958343/78c0bec338fa1c01d6b98bf27ff43caf/r_20",
            "rotation": 0.12566370614359174,
            "transform_matrix": [
                [
                    0.8132175207138062,
                    0.2216017097234726,
                    0.5381170511245728,
                    2.169219493865967
                ],
                [
                    0.5819599628448486,
                    -0.3096611797809601,
                    -0.7519524693489075,
                    -3.031217575073242
                ],
                [
                    1.4901162970204496e-08,
                    0.9246634840965271,
                    -0.38078516721725464,
                    -1.5349942445755005
                ],
                [
                    0.0,
                    0.0,
                    0.0,
                    1.0
                ]
            ]
        },
        {
            "file_path": "/data/shapenet_blender/all_50_random/02958343/78c0bec338fa1c01d6b98bf27ff43caf/r_21",
            "rotation": 0.12566370614359174,
            "transform_matrix": [
                [
                    -0.11347013711929321,
                    -0.0057080755941569805,
                    0.9935250878334045,
                    4.0050272941589355
                ],
                [
                    0.9935413599014282,
                    -0.0006519065937027335,
                    0.11346828192472458,
                    0.4574052095413208
                ],
                [
                    0.0,
                    0.9999834895133972,
                    0.00574518134817481,
                    0.023159563541412354
                ],
                [
                    0.0,
                    0.0,
                    0.0,
                    1.0
                ]
            ]
        },
        {
            "file_path": "/data/shapenet_blender/all_50_random/02958343/78c0bec338fa1c01d6b98bf27ff43caf/r_22",
            "rotation": 0.12566370614359174,
            "transform_matrix": [
                [
                    -0.3977311849594116,
                    0.9061754941940308,
                    -0.14372161030769348,
                    -0.5793603658676147
                ],
                [
                    -0.9175020456314087,
                    -0.39282119274139404,
                    0.06230238452553749,
                    0.25114893913269043
                ],
                [
                    0.0,
                    0.1566445678472519,
                    0.9876550436019897,
                    3.9813647270202637
                ],
                [
                    0.0,
                    0.0,
                    0.0,
                    1.0
                ]
            ]
        },
        {
            "file_path": "/data/shapenet_blender/all_50_random/02958343/78c0bec338fa1c01d6b98bf27ff43caf/r_23",
            "rotation": 0.12566370614359174,
            "transform_matrix": [
                [
                    0.9824708700180054,
                    0.1706656813621521,
                    -0.07499512284994125,
                    -0.30231499671936035
                ],
                [
                    -0.18641632795333862,
                    0.8994601964950562,
                    -0.39524713158607483,
                    -1.5932921171188354
                ],
                [
                    7.450580596923828e-09,
                    0.40229904651641846,
                    0.9155082702636719,
                    3.6905319690704346
                ],
                [
                    0.0,
                    0.0,
                    0.0,
                    1.0
                ]
            ]
        },
        {
            "file_path": "/data/shapenet_blender/all_50_random/02958343/78c0bec338fa1c01d6b98bf27ff43caf/r_24",
            "rotation": 0.12566370614359174,
            "transform_matrix": [
                [
                    -0.9827366471290588,
                    -0.1734197586774826,
                    0.06445390731096268,
                    0.2598220407962799
                ],
                [
                    0.18501006066799164,
                    -0.9211713075637817,
                    0.34236636757850647,
                    1.3801231384277344
                ],
                [
                    -3.725290298461914e-09,
                    0.3483806550502777,
                    0.9373530745506287,
                    3.7785913944244385
                ],
                [
                    0.0,
                    0.0,
                    0.0,
                    1.0
                ]
            ]
        },
        {
            "file_path": "/data/shapenet_blender/all_50_random/02958343/78c0bec338fa1c01d6b98bf27ff43caf/r_25",
            "rotation": 0.12566370614359174,
            "transform_matrix": [
                [
                    -0.9903618097305298,
                    0.048054758459329605,
                    0.12990106642246246,
                    0.5236480236053467
                ],
                [
                    0.13850469887256622,
                    0.3436099886894226,
                    0.9288425445556641,
                    3.7442843914031982
                ],
                [
                    -3.725290742551124e-09,
                    0.9378820657730103,
                    -0.34695395827293396,
                    -1.3986163139343262
                ],
                [
                    0.0,
                    0.0,
                    0.0,
                    1.0
                ]
            ]
        },
        {
            "file_path": "/data/shapenet_blender/all_50_random/02958343/78c0bec338fa1c01d6b98bf27ff43caf/r_26",
            "rotation": 0.12566370614359174,
            "transform_matrix": [
                [
                    0.1343759000301361,
                    0.10962623357772827,
                    0.9848477244377136,
                    3.970048427581787
                ],
                [
                    0.990930438041687,
                    -0.014865951612591743,
                    -0.13355104625225067,
                    -0.5383615493774414
                ],
                [
                    -9.313225746154785e-10,
                    0.993861734867096,
                    -0.11062958091497421,
                    -0.445962131023407
                ],
                [
                    0.0,
                    0.0,
                    0.0,
                    1.0
                ]
            ]
        },
        {
            "file_path": "/data/shapenet_blender/all_50_random/02958343/78c0bec338fa1c01d6b98bf27ff43caf/r_27",
            "rotation": 0.12566370614359174,
            "transform_matrix": [
                [
                    -0.8963606953620911,
                    -0.03634662553668022,
                    0.4418330788612366,
                    1.7810860872268677
                ],
                [
                    0.44332557916641235,
                    -0.07348930835723877,
                    0.8933430314064026,
                    3.6011810302734375
                ],
                [
                    3.725290298461914e-09,
                    0.9966334104537964,
                    0.08198632299900055,
                    0.3304974436759949
                ],
                [
                    0.0,
                    0.0,
                    0.0,
                    1.0
                ]
            ]
        },
        {
            "file_path": "/data/shapenet_blender/all_50_random/02958343/78c0bec338fa1c01d6b98bf27ff43caf/r_28",
            "rotation": 0.12566370614359174,
            "transform_matrix": [
                [
                    0.9553195238113403,
                    0.23200257122516632,
                    0.1831381618976593,
                    0.7382535934448242
                ],
                [
                    0.2955753803253174,
                    -0.7498478889465332,
                    -0.5919148325920105,
                    -2.386085271835327
                ],
                [
                    1.4901162970204496e-08,
                    0.6195988655090332,
                    -0.784918487071991,
                    -3.1641077995300293
                ],
                [
                    0.0,
                    0.0,
                    0.0,
                    1.0
                ]
            ]
        },
        {
            "file_path": "/data/shapenet_blender/all_50_random/02958343/78c0bec338fa1c01d6b98bf27ff43caf/r_29",
            "rotation": 0.12566370614359174,
            "transform_matrix": [
                [
                    0.6735936403274536,
                    0.016739459708333015,
                    0.7389122247695923,
                    2.9786508083343506
                ],
                [
                    0.7391018867492676,
                    -0.015255804173648357,
                    -0.673420786857605,
                    -2.714646339416504
                ],
                [
                    0.0,
                    0.9997434616088867,
                    -0.02264837734401226,
                    -0.09129853546619415
                ],
                [
                    0.0,
                    0.0,
                    0.0,
                    1.0
                ]
            ]
        },
        {
            "file_path": "/data/shapenet_blender/all_50_random/02958343/78c0bec338fa1c01d6b98bf27ff43caf/r_30",
            "rotation": 0.12566370614359174,
            "transform_matrix": [
                [
                    -0.965190052986145,
                    -0.10469477623701096,
                    -0.2396816611289978,
                    -0.966187596321106
                ],
                [
                    -0.26154980063438416,
                    0.3863522410392761,
                    0.8844906091690063,
                    3.565495491027832
                ],
                [
                    0.0,
                    0.916390061378479,
                    -0.4002862274646759,
                    -1.6136053800582886
                ],
                [
                    0.0,
                    0.0,
                    0.0,
                    1.0
                ]
            ]
        },
        {
            "file_path": "/data/shapenet_blender/all_50_random/02958343/78c0bec338fa1c01d6b98bf27ff43caf/r_31",
            "rotation": 0.12566370614359174,
            "transform_matrix": [
                [
                    0.6124245524406433,
                    0.07547953724861145,
                    -0.7869173288345337,
                    -3.1721653938293457
                ],
                [
                    -0.7905290126800537,
                    0.05847417190670967,
                    -0.6096265912055969,
                    -2.4574835300445557
                ],
                [
                    3.725290076417309e-09,
                    0.9954313635826111,
                    0.09547977894544601,
                    0.3848913311958313
                ],
                [
                    0.0,
                    0.0,
                    0.0,
                    1.0
                ]
            ]
        },
        {
            "file_path": "/data/shapenet_blender/all_50_random/02958343/78c0bec338fa1c01d6b98bf27ff43caf/r_32",
            "rotation": 0.12566370614359174,
            "transform_matrix": [
                [
                    -0.9555173516273499,
                    -0.00033085423638112843,
                    -0.2949347198009491,
                    -1.1889199018478394
                ],
                [
                    -0.2949349284172058,
                    0.0010718872072175145,
                    0.9555166959762573,
                    3.851810932159424
                ],
                [
                    0.0,
                    0.999999463558197,
                    -0.0011217871215194464,
                    -0.004522068426012993
                ],
                [
                    0.0,
                    0.0,
                    0.0,
                    1.0
                ]
            ]
        },
        {
            "file_path": "/data/shapenet_blender/all_50_random/02958343/78c0bec338fa1c01d6b98bf27ff43caf/r_33",
            "rotation": 0.12566370614359174,
            "transform_matrix": [
                [
                    0.19716133177280426,
                    -0.4191814064979553,
                    0.8862359523773193,
                    3.5725317001342773
                ],
                [
                    0.9803710579872131,
                    0.08430110663175583,
                    -0.1782299131155014,
                    -0.7184678316116333
                ],
                [
                    0.0,
                    0.9039801955223083,
                    0.42757418751716614,
                    1.723606824874878
                ],
                [
                    0.0,
                    0.0,
                    0.0,
                    1.0
                ]
            ]
        },
        {
            "file_path": "/data/shapenet_blender/all_50_random/02958343/78c0bec338fa1c01d6b98bf27ff43caf/r_34",
            "rotation": 0.12566370614359174,
            "transform_matrix": [
                [
                    0.9462386965751648,
                    -0.23740512132644653,
                    -0.21970711648464203,
                    -0.8856676816940308
                ],
                [
                    -0.323469340801239,
                    -0.6944766640663147,
                    -0.6427050232887268,
                    -2.5908267498016357
                ],
                [
                    0.0,
                    0.6792208552360535,
                    -0.7339339256286621,
                    -2.9585821628570557
                ],
                [
                    0.0,
                    0.0,
                    0.0,
                    1.0
                ]
            ]
        },
        {
            "file_path": "/data/shapenet_blender/all_50_random/02958343/78c0bec338fa1c01d6b98bf27ff43caf/r_35",
            "rotation": 0.12566370614359174,
            "transform_matrix": [
                [
                    -0.23311759531497955,
                    -0.19707073271274567,
                    -0.9522706270217896,
                    -3.8387255668640137
                ],
                [
                    -0.9724486470222473,
                    0.04724224656820297,
                    0.22828048467636108,
                    0.9202280640602112
                ],
                [
                    0.0,
                    0.979250431060791,
                    -0.2026541382074356,
                    -0.8169249892234802
                ],
                [
                    0.0,
                    0.0,
                    0.0,
                    1.0
                ]
            ]
        },
        {
            "file_path": "/data/shapenet_blender/all_50_random/02958343/78c0bec338fa1c01d6b98bf27ff43caf/r_36",
            "rotation": 0.12566370614359174,
            "transform_matrix": [
                [
                    -0.8848856687545776,
                    0.010063868016004562,
                    0.4656994640827179,
                    1.8772945404052734
                ],
                [
                    0.4658081829547882,
                    0.019118109717965126,
                    0.8846791386604309,
                    3.566255569458008
                ],
                [
                    9.313225191043273e-10,
                    0.99976646900177,
                    -0.021605176851153374,
                    -0.08709324896335602
                ],
                [
                    0.0,
                    0.0,
                    0.0,
                    1.0
                ]
            ]
        },
        {
            "file_path": "/data/shapenet_blender/all_50_random/02958343/78c0bec338fa1c01d6b98bf27ff43caf/r_37",
            "rotation": 0.12566370614359174,
            "transform_matrix": [
                [
                    0.6485645174980164,
                    0.5891499519348145,
                    0.4819401204586029,
                    1.942762851715088
                ],
                [
                    0.7611597180366516,
                    -0.5019994974136353,
                    -0.41064876317977905,
                    -1.6553782224655151
                ],
                [
                    0.0,
                    0.6331656575202942,
                    -0.7740162014961243,
                    -3.120159387588501
                ],
                [
                    0.0,
                    0.0,
                    0.0,
                    1.0
                ]
            ]
        },
        {
            "file_path": "/data/shapenet_blender/all_50_random/02958343/78c0bec338fa1c01d6b98bf27ff43caf/r_38",
            "rotation": 0.12566370614359174,
            "transform_matrix": [
                [
                    0.9475524425506592,
                    -0.1910722851753235,
                    0.2561950087547302,
                    1.0327552556991577
                ],
                [
                    0.31960058212280273,
                    0.5664914846420288,
                    -0.7595674991607666,
                    -3.0619146823883057
                ],
                [
                    0.0,
                    0.8016100525856018,
                    0.5978471636772156,
                    2.409999132156372
                ],
                [
                    0.0,
                    0.0,
                    0.0,
                    1.0
                ]
            ]
        },
        {
            "file_path": "/data/shapenet_blender/all_50_random/02958343/78c0bec338fa1c01d6b98bf27ff43caf/r_39",
            "rotation": 0.12566370614359174,
            "transform_matrix": [
                [
                    0.5153370499610901,
                    0.10357207804918289,
                    0.8507058024406433,
                    3.429305076599121
                ],
                [
                    0.8569875955581665,
                    -0.062281571328639984,
                    -0.5115596055984497,
                    -2.0621628761291504
                ],
                [
                    0.0,
                    0.9926699995994568,
                    -0.12085598707199097,
                    -0.48718610405921936
                ],
                [
                    0.0,
                    0.0,
                    0.0,
                    1.0
                ]
            ]
        },
        {
            "file_path": "/data/shapenet_blender/all_50_random/02958343/78c0bec338fa1c01d6b98bf27ff43caf/r_40",
            "rotation": 0.12566370614359174,
            "transform_matrix": [
                [
                    0.567369282245636,
                    -0.5971936583518982,
                    0.5669671893119812,
                    2.285517930984497
                ],
                [
                    0.8234633803367615,
                    0.41146859526634216,
                    -0.3906424641609192,
                    -1.5747301578521729
                ],
                [
                    0.0,
                    0.688515305519104,
                    0.7252218127250671,
                    2.9234626293182373
                ],
                [
                    0.0,
                    0.0,
                    0.0,
                    1.0
                ]
            ]
        },
        {
            "file_path": "/data/shapenet_blender/all_50_random/02958343/78c0bec338fa1c01d6b98bf27ff43caf/r_41",
            "rotation": 0.12566370614359174,
            "transform_matrix": [
                [
                    -0.9826760292053223,
                    0.06016474962234497,
                    0.17529423534870148,
                    0.7066336870193481
                ],
                [
                    0.185331791639328,
                    0.3190087080001831,
                    0.9294543862342834,
