{
    "class": "02958343",
    "model": "83e5b5a3f3aad942ed29cc2a32e4bbed",
    "remove_doubles": true,
    "edge_split": true,
    "denoise": true,
    "camera_angle_x": 0.6911112070083618,
    "scale_factor": 2.3037306994493334,
    "hdri_file": "/data/IndoorHDRDataset2018/9C4A5295-8b21b94afb.exr",
    "center_offset": [
        0.0,
        0.0,
        -1.862645149230957e-09
    ],
    "lights": [],
    "frames": [
        {
            "file_path": "/data/shapenet_blender/all_50_random/02958343/83e5b5a3f3aad942ed29cc2a32e4bbed/r_0",
            "rotation": 0.12566370614359174,
            "transform_matrix": [
                [
                    0.9938235282897949,
                    0.028025731444358826,
                    -0.10737470537424088,
                    -0.4328412711620331
                ],
                [
                    -0.11097193509340286,
                    0.25098806619644165,
                    -0.9616081118583679,
                    -3.876366376876831
                ],
                [
                    -1.862645371275562e-09,
                    0.9675843119621277,
                    0.2525479197502136,
                    1.0180531740188599
                ],
                [
                    0.0,
                    0.0,
                    0.0,
                    1.0
                ]
            ]
        },
        {
            "file_path": "/data/shapenet_blender/all_50_random/02958343/83e5b5a3f3aad942ed29cc2a32e4bbed/r_1",
            "rotation": 0.12566370614359174,
            "transform_matrix": [
                [
                    0.6545482277870178,
                    0.1896839737892151,
                    -0.731837809085846,
                    -2.9501326084136963
                ],
                [
                    -0.7560203075408936,
                    0.16422484815120697,
                    -0.6336115002632141,
                    -2.5541696548461914
                ],
                [
                    0.0,
                    0.968013346195221,
                    0.2508980333805084,
                    1.0114023685455322
                ],
                [
                    0.0,
                    0.0,
                    0.0,
                    1.0
                ]
            ]
        },
        {
            "file_path": "/data/shapenet_blender/all_50_random/02958343/83e5b5a3f3aad942ed29cc2a32e4bbed/r_2",
            "rotation": 0.12566370614359174,
            "transform_matrix": [
                [
                    -0.05993276089429855,
                    -0.3434614837169647,
                    -0.9372524619102478,
                    -3.7781856060028076
                ],
                [
                    -0.998202383518219,
                    0.020621664822101593,
                    0.056273289024829865,
                    0.2268448770046234
                ],
                [
                    -1.862645149230957e-09,
                    0.9389402866363525,
                    -0.34408000111579895,
                    -1.387030839920044
                ],
                [
                    0.0,
                    0.0,
                    0.0,
                    1.0
                ]
            ]
        },
        {
            "file_path": "/data/shapenet_blender/all_50_random/02958343/83e5b5a3f3aad942ed29cc2a32e4bbed/r_3",
            "rotation": 0.12566370614359174,
            "transform_matrix": [
                [
                    0.702014148235321,
                    -0.2780963182449341,
                    0.6556206345558167,
                    2.6428916454315186
                ],
                [
                    0.7121629118919373,
                    0.27413326501846313,
                    -0.6462776064872742,
                    -2.6052286624908447
                ],
                [
                    0.0,
                    0.9206047654151917,
                    0.39049530029296875,
                    1.5741370916366577
                ],
                [
                    0.0,
                    0.0,
                    0.0,
                    1.0
                ]
            ]
        },
        {
            "file_path": "/data/shapenet_blender/all_50_random/02958343/83e5b5a3f3aad942ed29cc2a32e4bbed/r_4",
            "rotation": 0.12566370614359174,
            "transform_matrix": [
                [
                    0.5672392845153809,
                    -0.6932016015052795,
                    -0.4446471929550171,
                    -1.7924302816390991
                ],
                [
                    -0.8235530853271484,
                    -0.4774569869041443,
                    -0.30625995993614197,
                    -1.234573483467102
                ],
                [
                    -1.4901161193847656e-08,
                    0.5399132966995239,
                    -0.8417205810546875,
                    -3.3930845260620117
                ],
                [
                    0.0,
                    0.0,
                    0.0,
                    1.0
                ]
            ]
        },
        {
            "file_path": "/data/shapenet_blender/all_50_random/02958343/83e5b5a3f3aad942ed29cc2a32e4bbed/r_5",
            "rotation": 0.12566370614359174,
            "transform_matrix": [
                [
                    0.9128001928329468,
                    -0.042216088622808456,
                    -0.40621843934059143,
                    -1.6375188827514648
                ],
                [
                    -0.408406138420105,
                    -0.09435423463582993,
                    -0.9079105854034424,
                    -3.659904718399048
                ],
                [
                    3.7252898543727042e-09,
                    0.9946431517601013,
                    -0.10336790233850479,
                    -0.41668933629989624
                ],
                [
                    0.0,
                    0.0,
                    0.0,
                    1.0
                ]
            ]
        },
        {
            "file_path": "/data/shapenet_blender/all_50_random/02958343/83e5b5a3f3aad942ed29cc2a32e4bbed/r_6",
            "rotation": 0.12566370614359174,
            "transform_matrix": [
                [
                    -0.9969450831413269,
                    -0.03589719161391258,
                    -0.0693691223859787,
                    -0.27963587641716003
                ],
                [
                    -0.07810688018798828,
                    0.45818665623664856,
                    0.8854175806045532,
                    3.56923246383667
                ],
                [
                    0.0,
                    0.8881308436393738,
                    -0.4595906734466553,
                    -1.8526692390441895
                ],
                [
                    0.0,
                    0.0,
                    0.0,
                    1.0
                ]
            ]
        },
        {
            "file_path": "/data/shapenet_blender/all_50_random/02958343/83e5b5a3f3aad942ed29cc2a32e4bbed/r_7",
            "rotation": 0.12566370614359174,
            "transform_matrix": [
                [
                    0.5183393955230713,
                    0.7253893613815308,
                    0.4529176950454712,
                    1.8257697820663452
                ],
                [
                    0.8551750183105469,
                    -0.43967366218566895,
                    -0.2745228707790375,
                    -1.1066372394561768
                ],
                [
                    0.0,
                    0.5296198129653931,
                    -0.8482349514961243,
                    -3.419344663619995
                ],
                [
                    0.0,
                    0.0,
                    0.0,
                    1.0
                ]
            ]
        },
        {
            "file_path": "/data/shapenet_blender/all_50_random/02958343/83e5b5a3f3aad942ed29cc2a32e4bbed/r_8",
            "rotation": 0.12566370614359174,
            "transform_matrix": [
                [
                    -0.4931566119194031,
                    0.3698054552078247,
                    0.7874264717102051,
                    3.174217700958252
                ],
                [
                    0.8699405789375305,
                    0.20963731408119202,
                    0.4463805854320526,
                    1.7994177341461182
                ],
                [
                    0.0,
                    0.9051498174667358,
                    -0.42509278655052185,
                    -1.7136038541793823
                ],
                [
                    0.0,
                    0.0,
                    0.0,
                    1.0
                ]
            ]
        },
        {
            "file_path": "/data/shapenet_blender/all_50_random/02958343/83e5b5a3f3aad942ed29cc2a32e4bbed/r_9",
            "rotation": 0.12566370614359174,
            "transform_matrix": [
                [
                    -0.2877575755119324,
                    -0.7619810700416565,
                    -0.5801553726196289,
                    -2.3386809825897217
                ],
                [
                    -0.9577032327651978,
                    0.2289496660232544,
                    0.17431718111038208,
                    0.7026950120925903
                ],
                [
                    -1.4901159417490817e-08,
                    0.6057777404785156,
                    -0.795633852481842,
                    -3.2073025703430176
                ],
                [
                    0.0,
                    0.0,
                    0.0,
                    1.0
                ]
            ]
        },
        {
            "file_path": "/data/shapenet_blender/all_50_random/02958343/83e5b5a3f3aad942ed29cc2a32e4bbed/r_10",
            "rotation": 0.12566370614359174,
            "transform_matrix": [
                [
                    0.999270498752594,
                    0.034821707755327225,
                    -0.015685979276895523,
                    -0.06323221325874329
                ],
                [
                    -0.038191646337509155,
                    0.9110973477363586,
                    -0.41041794419288635,
                    -1.6544477939605713
                ],
                [
                    9.31322685637781e-10,
                    0.41071754693984985,
                    0.9117624759674072,
                    3.6754324436187744
                ],
                [
                    0.0,
                    0.0,
                    0.0,
                    1.0
                ]
            ]
        },
        {
            "file_path": "/data/shapenet_blender/all_50_random/02958343/83e5b5a3f3aad942ed29cc2a32e4bbed/r_11",
            "rotation": 0.12566370614359174,
            "transform_matrix": [
                [
                    -0.1098262146115303,
                    -0.6705878973007202,
                    -0.7336552143096924,
                    -2.957458734512329
                ],
                [
                    -0.9939507842063904,
                    0.07409635186195374,
                    0.08106494694948196,
                    0.3267832398414612
                ],
                [
                    3.725290298461914e-09,
                    0.7381203770637512,
                    -0.674669086933136,
                    -2.7196781635284424
                ],
                [
                    0.0,
                    0.0,
                    0.0,
                    1.0
                ]
            ]
        },
        {
            "file_path": "/data/shapenet_blender/all_50_random/02958343/83e5b5a3f3aad942ed29cc2a32e4bbed/r_12",
            "rotation": 0.12566370614359174,
            "transform_matrix": [
                [
                    0.5534811019897461,
                    0.06328989565372467,
                    -0.8304534554481506,
                    -3.347665309906006
                ],
                [
                    -0.8328617215156555,
                    0.0420595183968544,
                    -0.5518806576728821,
                    -2.2247023582458496
                ],
                [
                    0.0,
                    0.997108519077301,
                    0.07599087804555893,
                    0.30632907152175903
                ],
                [
                    0.0,
                    0.0,
                    0.0,
                    1.0
                ]
            ]
        },
        {
            "file_path": "/data/shapenet_blender/all_50_random/02958343/83e5b5a3f3aad942ed29cc2a32e4bbed/r_13",
            "rotation": 0.12566370614359174,
            "transform_matrix": [
                [
                    0.8610057830810547,
                    0.1675223857164383,
                    0.4802137315273285,
                    1.9358034133911133
                ],
                [
                    0.5085951089859009,
                    -0.2836003601551056,
                    -0.8129587173461914,
                    -3.2771413326263428
                ],
                [
                    0.0,
                    0.9441964626312256,
                    -0.32938265800476074,
                    -1.3277839422225952
                ],
                [
                    0.0,
                    0.0,
                    0.0,
                    1.0
                ]
            ]
        },
        {
            "file_path": "/data/shapenet_blender/all_50_random/02958343/83e5b5a3f3aad942ed29cc2a32e4bbed/r_14",
            "rotation": 0.12566370614359174,
            "transform_matrix": [
                [
                    0.2674840986728668,
                    -0.021097883582115173,
                    0.9633312225341797,
                    3.883312463760376
                ],
                [
                    0.9635622501373291,
                    0.005856755655258894,
                    -0.2674199938774109,
                    -1.0780044794082642
                ],
                [
                    4.656612873077393e-10,
                    0.9997602105140686,
                    0.021895714104175568,
                    0.08826445043087006
                ],
                [
                    0.0,
                    0.0,
                    0.0,
                    1.0
                ]
            ]
        },
        {
            "file_path": "/data/shapenet_blender/all_50_random/02958343/83e5b5a3f3aad942ed29cc2a32e4bbed/r_15",
            "rotation": 0.12566370614359174,
            "transform_matrix": [
                [
                    0.13190050423145294,
                    0.2646494209766388,
                    -0.9552815556526184,
                    -3.850863218307495
                ],
                [
                    -0.9912629127502441,
                    0.035215068608522415,
                    -0.1271127164363861,
                    -0.5124077796936035
                ],
                [
                    0.0,
                    0.9637014865875244,
                    0.2669820487499237,
                    1.0762391090393066
                ],
                [
                    0.0,
                    0.0,
                    0.0,
                    1.0
                ]
            ]
        },
        {
            "file_path": "/data/shapenet_blender/all_50_random/02958343/83e5b5a3f3aad942ed29cc2a32e4bbed/r_16",
            "rotation": 0.12566370614359174,
            "transform_matrix": [
                [
                    -0.826553225517273,
                    0.13202425837516785,
                    0.5471556186676025,
                    2.205655097961426
                ],
                [
                    0.5628585815429688,
                    0.19387654960155487,
                    0.8034936189651489,
                    3.2389867305755615
                ],
                [
                    0.0,
                    0.9721015691757202,
                    -0.2345602661371231,
                    -0.9455427527427673
                ],
                [
                    0.0,
                    0.0,
                    0.0,
                    1.0
                ]
            ]
        },
        {
            "file_path": "/data/shapenet_blender/all_50_random/02958343/83e5b5a3f3aad942ed29cc2a32e4bbed/r_17",
            "rotation": 0.12566370614359174,
            "transform_matrix": [
                [
                    -0.5618194937705994,
                    -0.8241803646087646,
                    0.0713118389248848,
                    0.28746724128723145
                ],
                [
                    0.8272598385810852,
                    -0.5597280859947205,
                    0.048430223017930984,
                    0.1952284872531891
                ],
                [
                    3.725290298461914e-09,
                    0.08620298653841019,
                    0.9962776303291321,
                    4.0161237716674805
                ],
                [
                    0.0,
                    0.0,
                    0.0,
                    1.0
                ]
            ]
        },
        {
            "file_path": "/data/shapenet_blender/all_50_random/02958343/83e5b5a3f3aad942ed29cc2a32e4bbed/r_18",
            "rotation": 0.12566370614359174,
            "transform_matrix": [
                [
                    0.3783653974533081,
                    0.1191757395863533,
                    0.9179524183273315,
                    3.7003848552703857
                ],
                [
                    0.925656259059906,
                    -0.048713523894548416,
                    -0.37521642446517944,
                    -1.5125459432601929
                ],
                [
                    3.725290076417309e-09,
                    0.991677463054657,
                    -0.12874726951122284,
                    -0.5189968943595886
                ],
                [
                    0.0,
                    0.0,
                    0.0,
                    1.0
                ]
            ]
        },
        {
            "file_path": "/data/shapenet_blender/all_50_random/02958343/83e5b5a3f3aad942ed29cc2a32e4bbed/r_19",
            "rotation": 0.12566370614359174,
            "transform_matrix": [
                [
                    -0.3371417224407196,
                    0.6882189512252808,
                    -0.6424095630645752,
                    -2.5896353721618652
                ],
                [
                    -0.9414538741111755,
                    -0.24645638465881348,
                    0.2300516813993454,
                    0.9273678660392761
                ],
                [
                    -1.4901160305669237e-08,
                    0.6823589205741882,
                    0.7310173511505127,
                    2.946824789047241
                ],
                [
                    0.0,
                    0.0,
                    0.0,
                    1.0
                ]
            ]
        },
        {
            "file_path": "/data/shapenet_blender/all_50_random/02958343/83e5b5a3f3aad942ed29cc2a32e4bbed/r_20",
            "rotation": 0.12566370614359174,
            "transform_matrix": [
                [
                    0.9877490997314453,
                    -0.1206454262137413,
                    0.09897725284099579,
                    0.39899003505706787
                ],
                [
                    0.1560506820678711,
                    0.7636455297470093,
                    -0.6264932155609131,
                    -2.5254745483398438
                ],
                [
                    0.0,
                    0.6342635154724121,
                    0.7731170058250427,
                    3.1165339946746826
                ],
                [
                    0.0,
                    0.0,
                    0.0,
                    1.0
                ]
            ]
        },
        {
            "file_path": "/data/shapenet_blender/all_50_random/02958343/83e5b5a3f3aad942ed29cc2a32e4bbed/r_21",
            "rotation": 0.12566370614359174,
            "transform_matrix": [
                [
                    0.46365469694137573,
                    0.7971239686012268,
                    0.38680440187454224,
                    1.5592584609985352
                ],
                [
                    0.8860160112380981,
                    -0.4171372652053833,
                    -0.2024158537387848,
                    -0.81596440076828
                ],
                [
                    1.4901161193847656e-08,
                    0.4365658462047577,
                    -0.899672269821167,
                    -3.626694917678833
                ],
                [
                    0.0,
                    0.0,
                    0.0,
                    1.0
                ]
            ]
        },
        {
            "file_path": "/data/shapenet_blender/all_50_random/02958343/83e5b5a3f3aad942ed29cc2a32e4bbed/r_22",
            "rotation": 0.12566370614359174,
            "transform_matrix": [
                [
                    -0.07230612635612488,
                    -0.17623460292816162,
                    -0.9816889762878418,
                    -3.9573147296905518
                ],
                [
                    -0.9973825812339783,
                    0.012776283547282219,
                    0.07116840779781342,
                    0.2868890166282654
                ],
                [
                    9.31322685637781e-10,
                    0.9842652082443237,
                    -0.17669713497161865,
                    -0.7122889161109924
                ],
                [
                    0.0,
                    0.0,
                    0.0,
                    1.0
                ]
            ]
        },
        {
            "file_path": "/data/shapenet_blender/all_50_random/02958343/83e5b5a3f3aad942ed29cc2a32e4bbed/r_23",
            "rotation": 0.12566370614359174,
            "transform_matrix": [
                [
                    -0.9421564340591431,
                    -0.05695154145359993,
                    0.3302995562553406,
                    1.3314802646636963
                ],
                [
                    0.3351735472679138,
                    -0.16008798778057098,
                    0.9284559488296509,
                    3.7427258491516113
                ],
                [
                    -3.725290298461914e-09,
                    0.985458493232727,
                    0.1699165552854538,
                    0.6849555969238281
                ],
                [
                    0.0,
                    0.0,
                    0.0,
                    1.0
                ]
            ]
        },
        {
            "file_path": "/data/shapenet_blender/all_50_random/02958343/83e5b5a3f3aad942ed29cc2a32e4bbed/r_24",
            "rotation": 0.12566370614359174,
            "transform_matrix": [
                [
                    -0.9763383865356445,
                    0.120999276638031,
                    -0.17922760546207428,
                    -0.722489595413208
                ],
                [
                    -0.21624837815761566,
                    -0.5462988018989563,
                    0.8091935515403748,
                    3.2619636058807373
                ],
                [
                    7.450580596923828e-09,
                    0.8288044929504395,
                    0.5595383644104004,
                    2.2555713653564453
                ],
                [
                    0.0,
                    0.0,
                    0.0,
                    1.0
                ]
            ]
        },
        {
            "file_path": "/data/shapenet_blender/all_50_random/02958343/83e5b5a3f3aad942ed29cc2a32e4bbed/r_25",
            "rotation": 0.12566370614359174,
            "transform_matrix": [
                [
                    -0.33737877011299133,
                    -0.027560550719499588,
                    -0.940965473651886,
                    -3.7931530475616455
                ],
                [
                    -0.9413690567016602,
                    0.009877470321953297,
                    0.33723413944244385,
                    1.3594342470169067
                ],
                [
                    0.0,
                    0.9995713233947754,
                    -0.029277095571160316,
                    -0.11801974475383759
                ],
                [
                    0.0,
                    0.0,
                    0.0,
                    1.0
                ]
            ]
        },
        {
            "file_path": "/data/shapenet_blender/all_50_random/02958343/83e5b5a3f3aad942ed29cc2a32e4bbed/r_26",
            "rotation": 0.12566370614359174,
            "transform_matrix": [
                [
                    -0.8944312930107117,
                    -0.2716737985610962,
                    -0.3552268445491791,
                    -1.4319652318954468
                ],
                [
                    -0.447205513715744,
                    0.5433598756790161,
                    0.7104697823524475,
                    2.863995313644409
                ],
                [
                    -1.4901161193847656e-08,
                    0.7943258285522461,
                    -0.6074919700622559,
                    -2.448878526687622
                ],
                [
                    0.0,
                    0.0,
                    0.0,
                    1.0
                ]
            ]
        },
        {
            "file_path": "/data/shapenet_blender/all_50_random/02958343/83e5b5a3f3aad942ed29cc2a32e4bbed/r_27",
            "rotation": 0.12566370614359174,
            "transform_matrix": [
                [
                    -0.6858578324317932,
                    0.02083866111934185,
                    0.7274371981620789,
                    2.9323930740356445
                ],
                [
                    0.7277356386184692,
                    0.01963949203491211,
                    0.6855765581130981,
                    2.7636475563049316
                ],
                [
                    9.31322685637781e-10,
                    0.9995898604393005,
                    -0.0286349356174469,
                    -0.11543111503124237
                ],
                [
                    0.0,
                    0.0,
                    0.0,
                    1.0
                ]
            ]
        },
        {
            "file_path": "/data/shapenet_blender/all_50_random/02958343/83e5b5a3f3aad942ed29cc2a32e4bbed/r_28",
            "rotation": 0.12566370614359174,
            "transform_matrix": [
                [
                    -0.8487205505371094,
                    0.4132594168186188,
                    0.3299851715564728,
                    1.330212950706482
                ],
                [
                    0.5288417935371399,
                    0.6632262468338013,
                    0.5295822024345398,
                    2.134814500808716
                ],
                [
                    1.4901162970204496e-08,
                    0.6239772439002991,
                    -0.7814424633979797,
                    -3.1500954627990723
                ],
                [
                    0.0,
                    0.0,
                    0.0,
                    1.0
                ]
            ]
        },
        {
            "file_path": "/data/shapenet_blender/all_50_random/02958343/83e5b5a3f3aad942ed29cc2a32e4bbed/r_29",
            "rotation": 0.12566370614359174,
            "transform_matrix": [
                [
                    0.9437172412872314,
                    0.0009883870370686054,
                    -0.3307519555091858,
                    -1.3333038091659546
                ],
                [
                    -0.3307534456253052,
                    0.002820100635290146,
                    -0.9437130093574524,
                    -3.8042287826538086
                ],
                [
                    5.820766091346741e-11,
                    0.9999955892562866,
                    0.002988289576023817,
                    0.012046180665493011
                ],
                [
                    0.0,
                    0.0,
                    0.0,
                    1.0
                ]
            ]
        },
        {
            "file_path": "/data/shapenet_blender/all_50_random/02958343/83e5b5a3f3aad942ed29cc2a32e4bbed/r_30",
            "rotation": 0.12566370614359174,
            "transform_matrix": [
                [
                    0.16766981780529022,
                    0.40532130002975464,
                    -0.898666501045227,
                    -3.622640609741211
                ],
                [
                    -0.985843300819397,
                    0.0689360573887825,
                    -0.15284301340579987,
                    -0.6161298751831055
                ],
                [
                    0.0,
                    0.9115713834762573,
                    0.41114169359207153,
                    1.6573652029037476
                ],
                [
                    0.0,
                    0.0,
                    0.0,
                    1.0
                ]
            ]
        },
        {
            "file_path": "/data/shapenet_blender/all_50_random/02958343/83e5b5a3f3aad942ed29cc2a32e4bbed/r_31",
            "rotation": 0.12566370614359174,
            "transform_matrix": [
                [
                    -0.17867667973041534,
                    -0.02239583060145378,
                    -0.9836528301239014,
                    -3.9652316570281982
                ],
                [
                    -0.9839077591896057,
                    0.004067061003297567,
                    0.17863038182258606,
                    0.72008216381073
                ],
                [
                    0.0,
                    0.9997408986091614,
                    -0.02276211977005005,
                    -0.09175704419612885
                ],
                [
                    0.0,
                    0.0,
                    0.0,
                    1.0
                ]
            ]
        },
        {
            "file_path": "/data/shapenet_blender/all_50_random/02958343/83e5b5a3f3aad942ed29cc2a32e4bbed/r_32",
            "rotation": 0.12566370614359174,
            "transform_matrix": [
                [
                    -0.4660833179950714,
                    0.4723985195159912,
                    0.7480682134628296,
                    3.015558958053589
                ],
                [
                    0.8847407698631287,
                    0.24886055290699005,
                    0.3940839171409607,
                    1.588602900505066
                ],
                [
                    0.0,
                    0.845522403717041,
                    -0.5339400768280029,
                    -2.15238094329834
                ],
                [
                    0.0,
                    0.0,
                    0.0,
                    1.0
                ]
            ]
        },
        {
            "file_path": "/data/shapenet_blender/all_50_random/02958343/83e5b5a3f3aad942ed29cc2a32e4bbed/r_33",
            "rotation": 0.12566370614359174,
            "transform_matrix": [
                [
                    0.5298619270324707,
                    0.18305392563343048,
                    -0.8280927538871765,
                    -3.338148593902588
                ],
                [
                    -0.8480839729309082,
                    0.11436758190393448,
                    -0.5173719525337219,
                    -2.0855929851531982
                ],
                [
                    0.0,
                    0.9764278531074524,
                    0.21584412455558777,
                    0.8700954914093018
                ],
                [
                    0.0,
                    0.0,
                    0.0,
                    1.0
                ]
            ]
        },
        {
            "file_path": "/data/shapenet_blender/all_50_random/02958343/83e5b5a3f3aad942ed29cc2a32e4bbed/r_34",
            "rotation": 0.12566370614359174,
            "transform_matrix": [
                [
                    -0.9997233748435974,
                    -0.01105048693716526,
                    -0.02076328918337822,
                    -0.08369949460029602
                ],
                [
                    -0.023520788177847862,
                    0.46968796849250793,
                    0.8825191259384155,
                    3.5575482845306396
                ],
                [
                    9.313225746154785e-10,
                    0.8827632069587708,
                    -0.46981796622276306,
                    -1.8938968181610107
                ],
                [
                    0.0,
                    0.0,
                    0.0,
                    1.0
                ]
            ]
        },
        {
            "file_path": "/data/shapenet_blender/all_50_random/02958343/83e5b5a3f3aad942ed29cc2a32e4bbed/r_35",
            "rotation": 0.12566370614359174,
            "transform_matrix": [
                [
                    -0.726413369178772,
                    -0.3812878727912903,
                    0.5717892646789551,
                    2.3049564361572266
                ],
                [
                    0.6872579455375671,
                    -0.40301114320755005,
                    0.6043660640716553,
                    2.4362778663635254
                ],
                [
                    0.0,
                    0.8319863677024841,
                    0.5547958612442017,
                    2.2364540100097656
                ],
                [
                    0.0,
                    0.0,
                    0.0,
                    1.0
                ]
            ]
        },
        {
            "file_path": "/data/shapenet_blender/all_50_random/02958343/83e5b5a3f3aad942ed29cc2a32e4bbed/r_36",
            "rotation": 0.12566370614359174,
            "transform_matrix": [
                [
                    -0.02490995265543461,
                    0.04595116898417473,
                    0.9986330270767212,
                    4.025618553161621
                ],
                [
                    0.9996897578239441,
                    0.0011449966114014387,
                    0.02488361857831478,
                    0.10030907392501831
                ],
                [
                    0.0,
                    0.998943030834198,
                    -0.04596542939543724,
                    -0.1852925717830658
                ],
                [
                    0.0,
                    0.0,
                    0.0,
                    1.0
                ]
            ]
        },
        {
            "file_path": "/data/shapenet_blender/all_50_random/02958343/83e5b5a3f3aad942ed29cc2a32e4bbed/r_37",
            "rotation": 0.12566370614359174,
            "transform_matrix": [
                [
                    -0.6460440158843994,
                    0.12152785062789917,
                    -0.753563642501831,
                    -3.0377120971679688
                ],
                [
                    -0.7633001208305359,
                    -0.10285906493663788,
                    0.6378031969070435,
                    2.5710668563842773
                ],
                [
                    0.0,
                    0.9872441291809082,
                    0.15921372175216675,
                    0.6418110132217407
                ],
                [
                    0.0,
                    0.0,
                    0.0,
                    1.0
                ]
            ]
        },
        {
            "file_path": "/data/shapenet_blender/all_50_random/02958343/83e5b5a3f3aad942ed29cc2a32e4bbed/r_38",
            "rotation": 0.12566370614359174,
            "transform_matrix": [
                [
                    0.973328709602356,
                    0.2154325246810913,
                    0.07886775583028793,
                    0.3179261088371277
                ],
                [
                    0.2294151335954666,
                    -0.9140053391456604,
                    -0.3346084654331207,
                    -1.3488500118255615
                ],
                [
                    0.0,
                    0.3437774181365967,
                    -0.93905109167099,
                    -3.7854361534118652
                ],
                [
                    0.0,
                    0.0,
                    0.0,
                    1.0
                ]
            ]
        },
        {
            "file_path": "/data/shapenet_blender/all_50_random/02958343/83e5b5a3f3aad942ed29cc2a32e4bbed/r_39",
            "rotation": 0.12566370614359174,
            "transform_matrix": [
                [
                    -0.9354978799819946,
                    -0.000745919649489224,
                    -0.353331595659256,
                    -1.4243252277374268
                ],
                [
                    -0.35333240032196045,
                    0.0019749286584556103,
                    0.9354957938194275,
                    3.771104097366333
                ],
                [
                    0.0,
                    0.9999977946281433,
                    -0.0021110991947352886,
                    -0.008510112762451172
                ],
                [
                    0.0,
                    0.0,
                    0.0,
                    1.0
                ]
            ]
        },
        {
            "file_path": "/data/shapenet_blender/all_50_random/02958343/83e5b5a3f3aad942ed29cc2a32e4bbed/r_40",
            "rotation": 0.12566370614359174,
            "transform_matrix": [
                [
                    -0.8221506476402283,
                    0.0777696743607521,
                    -0.5639328360557556,
                    -2.2732858657836914
                ],
                [
                    -0.5692700743675232,
                    -0.11231644451618195,
                    0.81444251537323,
                    3.2831227779388428
                ],
                [
                    0.0,
                    0.9906245470046997,
                    0.13661296665668488,
                    0.5507044792175293
                ],
                [
                    0.0,
                    0.0,
                    0.0,
                    1.0
                ]
            ]
        },
        {
            "file_path": "/data/shapenet_blender/all_50_random/02958343/83e5b5a3f3aad942ed29cc2a32e4bbed/r_41",
            "rotation": 0.12566370614359174,
            "transform_matrix": [
                [
                    0.48007845878601074,
                    0.15259495377540588,
                    -0.8638514876365662,
                    -3.4822967052459717
                ],
                [
                    -0.8772254586219788,
                    0.08351051062345505,
                    -0.47275927662849426,
                    -1.9057536125183105
                ],
                [
