{
    "class": "02958343",
    "model": "8aa1b368270797bdca92a4cdad802b45",
    "remove_doubles": true,
    "edge_split": true,
    "denoise": true,
    "camera_angle_x": 0.6911112070083618,
    "scale_factor": 2.2547330372396415,
    "hdri_file": "/data/IndoorHDRDataset2018/9C4A5375-6cfdb65e3f.exr",
    "center_offset": [
        0.0,
        -1.862645149230957e-09,
        0.0
    ],
    "lights": [],
    "frames": [
        {
            "file_path": "/data/shapenet_blender/all_50_random/02958343/8aa1b368270797bdca92a4cdad802b45/r_0",
            "rotation": 0.12566370614359174,
            "transform_matrix": [
                [
                    -0.9866651296615601,
                    0.11633946746587753,
                    -0.11382985860109329,
                    -0.458862841129303
                ],
                [
                    -0.16276398301124573,
                    -0.7052426338195801,
                    0.690029501914978,
                    2.781597852706909
                ],
                [
                    -7.450580596923828e-09,
                    0.6993553638458252,
                    0.7147741317749023,
                    2.8813467025756836
                ],
                [
                    0.0,
                    0.0,
                    0.0,
                    1.0
                ]
            ]
        },
        {
            "file_path": "/data/shapenet_blender/all_50_random/02958343/8aa1b368270797bdca92a4cdad802b45/r_1",
            "rotation": 0.12566370614359174,
            "transform_matrix": [
                [
                    -0.14612144231796265,
                    -0.24259454011917114,
                    -0.9590600728988647,
                    -3.8660950660705566
                ],
                [
                    -0.9892667531967163,
                    0.03583286702632904,
                    0.1416597068309784,
                    0.5710486173629761
                ],
                [
                    0.0,
                    0.9694657325744629,
                    -0.24522662162780762,
                    -0.9885401725769043
                ],
                [
                    0.0,
                    0.0,
                    0.0,
                    1.0
                ]
            ]
        },
        {
            "file_path": "/data/shapenet_blender/all_50_random/02958343/8aa1b368270797bdca92a4cdad802b45/r_2",
            "rotation": 0.12566370614359174,
            "transform_matrix": [
                [
                    0.8793818950653076,
                    -0.26889359951019287,
                    -0.39291682839393616,
                    -1.5838984251022339
                ],
                [
                    -0.47611698508262634,
                    -0.4966430366039276,
                    -0.7257122993469238,
                    -2.9254398345947266
                ],
                [
                    -1.4901159417490817e-08,
                    0.8252526521682739,
                    -0.5647637248039246,
                    -2.2766354084014893
                ],
                [
                    0.0,
                    0.0,
                    0.0,
                    1.0
                ]
            ]
        },
        {
            "file_path": "/data/shapenet_blender/all_50_random/02958343/8aa1b368270797bdca92a4cdad802b45/r_3",
            "rotation": 0.12566370614359174,
            "transform_matrix": [
                [
                    -0.6239057779312134,
                    -0.18015405535697937,
                    -0.7604511976242065,
                    -3.065476894378662
                ],
                [
                    -0.7814995646476746,
                    0.1438249945640564,
                    0.6071019768714905,
                    2.4473063945770264
                ],
                [
                    0.0,
                    0.9730667471885681,
                    -0.23052357137203217,
                    -0.9292702674865723
                ],
                [
                    0.0,
                    0.0,
                    0.0,
                    1.0
                ]
            ]
        },
        {
            "file_path": "/data/shapenet_blender/all_50_random/02958343/8aa1b368270797bdca92a4cdad802b45/r_4",
            "rotation": 0.12566370614359174,
            "transform_matrix": [
                [
                    0.9958792328834534,
                    0.08153286576271057,
                    -0.03971077874302864,
                    -0.16007927060127258
                ],
                [
                    -0.09068933129310608,
                    0.8953301310539246,
                    -0.4360726475715637,
                    -1.757865071296692
                ],
                [
                    3.725290298461914e-09,
                    0.43787693977355957,
                    0.899034857749939,
                    3.6241254806518555
                ],
                [
                    0.0,
                    0.0,
                    0.0,
                    1.0
                ]
            ]
        },
        {
            "file_path": "/data/shapenet_blender/all_50_random/02958343/8aa1b368270797bdca92a4cdad802b45/r_5",
            "rotation": 0.12566370614359174,
            "transform_matrix": [
                [
                    0.9597326517105103,
                    -0.19439268112182617,
                    0.20279230177402496,
                    0.8174819946289062
                ],
                [
                    0.2809150218963623,
                    0.6641333103179932,
                    -0.6928301453590393,
                    -2.7928879261016846
                ],
                [
                    -1.4901161193847656e-08,
                    0.721899151802063,
                    0.6919981837272644,
                    2.789534091949463
                ],
                [
                    0.0,
                    0.0,
                    0.0,
                    1.0
                ]
            ]
        },
        {
            "file_path": "/data/shapenet_blender/all_50_random/02958343/8aa1b368270797bdca92a4cdad802b45/r_6",
            "rotation": 0.12566370614359174,
            "transform_matrix": [
                [
                    0.9368545413017273,
                    0.19982433319091797,
                    -0.2870084345340729,
                    -1.1569679975509644
                ],
                [
                    -0.3497193157672882,
                    0.5353044867515564,
                    -0.7688598036766052,
                    -3.0993731021881104
                ],
                [
                    1.4901161193847656e-08,
                    0.8206821084022522,
                    0.5713849067687988,
                    2.30332612991333
                ],
                [
                    0.0,
                    0.0,
                    0.0,
                    1.0
                ]
            ]
        },
        {
            "file_path": "/data/shapenet_blender/all_50_random/02958343/8aa1b368270797bdca92a4cdad802b45/r_7",
            "rotation": 0.12566370614359174,
            "transform_matrix": [
                [
                    -0.8456553220748901,
                    0.17088031768798828,
                    -0.5056353211402893,
                    -2.038281202316284
                ],
                [
                    -0.5337295532226562,
                    -0.2707473337650299,
                    0.8011420965194702,
                    3.2295072078704834
                ],
                [
                    0.0,
                    0.94736248254776,
                    0.3201628029346466,
                    1.29061758518219
                ],
                [
                    0.0,
                    0.0,
                    0.0,
                    1.0
                ]
            ]
        },
        {
            "file_path": "/data/shapenet_blender/all_50_random/02958343/8aa1b368270797bdca92a4cdad802b45/r_8",
            "rotation": 0.12566370614359174,
            "transform_matrix": [
                [
                    -0.8429535031318665,
                    -0.3735084533691406,
                    -0.3871961236000061,
                    -1.5608376264572144
                ],
                [
                    -0.5379865765571594,
                    0.5852381587028503,
                    0.6066849231719971,
                    2.4456253051757812
                ],
                [
                    0.0,
                    0.7197134494781494,
                    -0.6942710876464844,
                    -2.798696517944336
                ],
                [
                    0.0,
                    0.0,
                    0.0,
                    1.0
                ]
            ]
        },
        {
            "file_path": "/data/shapenet_blender/all_50_random/02958343/8aa1b368270797bdca92a4cdad802b45/r_9",
            "rotation": 0.12566370614359174,
            "transform_matrix": [
                [
                    0.20013152062892914,
                    0.5243695974349976,
                    0.8276375532150269,
                    3.3363137245178223
                ],
                [
                    0.9797691106796265,
                    -0.10710982233285904,
                    -0.16905653476715088,
                    -0.6814886927604675
                ],
                [
                    0.0,
                    0.8447272181510925,
                    -0.5351971387863159,
                    -2.1574487686157227
                ],
                [
                    0.0,
                    0.0,
                    0.0,
                    1.0
                ]
            ]
        },
        {
            "file_path": "/data/shapenet_blender/all_50_random/02958343/8aa1b368270797bdca92a4cdad802b45/r_10",
            "rotation": 0.12566370614359174,
            "transform_matrix": [
                [
                    0.3289138674736023,
                    0.09180107712745667,
                    0.9398873448371887,
                    3.7888071537017822
                ],
                [
                    0.9443599581718445,
                    -0.031973663717508316,
                    -0.3273560702800751,
                    -1.3196145296096802
                ],
                [
                    1.862645149230957e-09,
                    0.9952639937400818,
                    -0.09720983356237411,
                    -0.3918653726577759
                ],
                [
                    0.0,
                    0.0,
                    0.0,
                    1.0
                ]
            ]
        },
        {
            "file_path": "/data/shapenet_blender/all_50_random/02958343/8aa1b368270797bdca92a4cdad802b45/r_11",
            "rotation": 0.12566370614359174,
            "transform_matrix": [
                [
                    0.7365623712539673,
                    -0.19265209138393402,
                    0.6483525633811951,
                    2.6135928630828857
                ],
                [
                    0.6763696074485779,
                    0.2097969353199005,
                    -0.7060519456863403,
                    -2.846186399459839
                ],
                [
                    1.4901160305669237e-08,
                    0.9585773944854736,
                    0.28483250737190247,
                    1.1481965780258179
                ],
                [
                    0.0,
                    0.0,
                    0.0,
                    1.0
                ]
            ]
        },
        {
            "file_path": "/data/shapenet_blender/all_50_random/02958343/8aa1b368270797bdca92a4cdad802b45/r_12",
            "rotation": 0.12566370614359174,
            "transform_matrix": [
                [
                    -0.6596363186836243,
                    0.5530430674552917,
                    -0.5089432597160339,
                    -2.0516161918640137
                ],
                [
                    -0.7515848875045776,
                    -0.4853840172290802,
                    0.44667938351631165,
                    1.8006223440170288
                ],
                [
                    0.0,
                    0.6771601438522339,
                    0.735835611820221,
                    2.9662485122680664
                ],
                [
                    0.0,
                    0.0,
                    0.0,
                    1.0
                ]
            ]
        },
        {
            "file_path": "/data/shapenet_blender/all_50_random/02958343/8aa1b368270797bdca92a4cdad802b45/r_13",
            "rotation": 0.12566370614359174,
            "transform_matrix": [
                [
                    0.5054630637168884,
                    -0.32219198346138,
                    0.8004370331764221,
                    3.2266647815704346
                ],
                [
                    0.8628482818603516,
                    0.1887425035238266,
                    -0.468902051448822,
                    -1.890204668045044
                ],
                [
                    0.0,
                    0.9276683330535889,
                    0.37340518832206726,
                    1.505244493484497
                ],
                [
                    0.0,
                    0.0,
                    0.0,
                    1.0
                ]
            ]
        },
        {
            "file_path": "/data/shapenet_blender/all_50_random/02958343/8aa1b368270797bdca92a4cdad802b45/r_14",
            "rotation": 0.12566370614359174,
            "transform_matrix": [
                [
                    0.5446792840957642,
                    0.012563723139464855,
                    -0.8385502696037292,
                    -3.3803043365478516
                ],
                [
                    -0.8386443853378296,
                    0.008159834891557693,
                    -0.5446181297302246,
                    -2.1954259872436523
                ],
                [
                    4.6566123179658803e-10,
                    0.9998878240585327,
                    0.014980987645685673,
                    0.06039029359817505
                ],
                [
                    0.0,
                    0.0,
                    0.0,
                    1.0
                ]
            ]
        },
        {
            "file_path": "/data/shapenet_blender/all_50_random/02958343/8aa1b368270797bdca92a4cdad802b45/r_15",
            "rotation": 0.12566370614359174,
            "transform_matrix": [
                [
                    -0.7328420281410217,
                    -0.001471696188673377,
                    0.6803971529006958,
                    2.7427690029144287
                ],
                [
                    0.6803987622261047,
                    -0.0015851303469389677,
                    0.7328402400016785,
                    2.9541738033294678
                ],
                [
                    0.0,
                    0.9999976754188538,
                    0.0021629901602864265,
                    0.008719293400645256
                ],
                [
                    0.0,
                    0.0,
                    0.0,
                    1.0
                ]
            ]
        },
        {
            "file_path": "/data/shapenet_blender/all_50_random/02958343/8aa1b368270797bdca92a4cdad802b45/r_16",
            "rotation": 0.12566370614359174,
            "transform_matrix": [
                [
                    -0.37700697779655457,
                    0.0116862952709198,
                    -0.9261367917060852,
                    -3.7333762645721436
                ],
                [
                    -0.9262104630470276,
                    -0.004756818525493145,
                    0.37697702646255493,
                    1.5196428298950195
                ],
                [
                    4.6566123179658803e-10,
                    0.9999204277992249,
                    0.0126173235476017,
                    0.05086205154657364
                ],
                [
                    0.0,
                    0.0,
                    0.0,
                    1.0
                ]
            ]
        },
        {
            "file_path": "/data/shapenet_blender/all_50_random/02958343/8aa1b368270797bdca92a4cdad802b45/r_17",
            "rotation": 0.12566370614359174,
            "transform_matrix": [
                [
                    -0.8861929774284363,
                    -0.10682635754346848,
                    -0.4508328437805176,
                    -1.8173654079437256
                ],
                [
                    -0.46331652998924255,
                    0.2043285071849823,
                    0.8623152375221252,
                    3.476104259490967
                ],
                [
                    7.450581485102248e-09,
                    0.9730559587478638,
                    -0.23056887090206146,
                    -0.9294528961181641
                ],
                [
                    0.0,
                    0.0,
                    0.0,
                    1.0
                ]
            ]
        },
        {
            "file_path": "/data/shapenet_blender/all_50_random/02958343/8aa1b368270797bdca92a4cdad802b45/r_18",
            "rotation": 0.12566370614359174,
            "transform_matrix": [
                [
                    0.30238375067710876,
                    -0.8631853461265564,
                    -0.40432053804397583,
                    -1.6298682689666748
                ],
                [
                    -0.9531862735748291,
                    -0.2738323211669922,
                    -0.12826450169086456,
                    -0.5170507431030273
                ],
                [
                    0.0,
                    0.4241778552532196,
                    -0.9055788516998291,
                    -3.6505050659179688
                ],
                [
                    0.0,
                    0.0,
                    0.0,
                    1.0
                ]
            ]
        },
        {
            "file_path": "/data/shapenet_blender/all_50_random/02958343/8aa1b368270797bdca92a4cdad802b45/r_19",
            "rotation": 0.12566370614359174,
            "transform_matrix": [
                [
                    0.7767638564109802,
                    -0.4326727092266083,
                    -0.4576375186443329,
                    -1.844795823097229
                ],
                [
                    -0.629791796207428,
                    -0.5336438417434692,
                    -0.5644346475601196,
                    -2.275308847427368
                ],
                [
                    2.9802320611338473e-08,
                    0.7266489267349243,
                    -0.6870089769363403,
                    -2.7694218158721924
                ],
                [
                    0.0,
                    0.0,
                    0.0,
                    1.0
                ]
            ]
        },
        {
            "file_path": "/data/shapenet_blender/all_50_random/02958343/8aa1b368270797bdca92a4cdad802b45/r_20",
            "rotation": 0.12566370614359174,
            "transform_matrix": [
                [
                    0.9336719512939453,
                    -0.05316431447863579,
                    0.35416147112846375,
                    1.4276707172393799
                ],
                [
                    0.358129620552063,
                    0.13860352337360382,
                    -0.9233266711235046,
                    -3.7220489978790283
                ],
                [
                    -3.725290298461914e-09,
                    0.9889199137687683,
                    0.14844992756843567,
                    0.5984208583831787
                ],
                [
                    0.0,
                    0.0,
                    0.0,
                    1.0
                ]
            ]
        },
        {
            "file_path": "/data/shapenet_blender/all_50_random/02958343/8aa1b368270797bdca92a4cdad802b45/r_21",
            "rotation": 0.12566370614359174,
            "transform_matrix": [
                [
                    0.9026828408241272,
                    -0.050727736204862595,
                    -0.4273059070110321,
                    -1.7225253582000732
                ],
                [
                    -0.43030649423599243,
                    -0.10641498863697052,
                    -0.8963883519172668,
                    -3.613457202911377
                ],
                [
                    -3.725290298461914e-09,
                    0.9930269718170166,
                    -0.11788744479417801,
                    -0.4752195179462433
                ],
                [
                    0.0,
                    0.0,
                    0.0,
                    1.0
                ]
            ]
        },
        {
            "file_path": "/data/shapenet_blender/all_50_random/02958343/8aa1b368270797bdca92a4cdad802b45/r_22",
            "rotation": 0.12566370614359174,
            "transform_matrix": [
                [
                    -0.6123840808868408,
                    -0.11628950387239456,
                    0.781960666179657,
                    3.152184247970581
                ],
                [
                    0.7905604243278503,
                    -0.09008020162582397,
                    0.6057225465774536,
                    2.4417457580566406
                ],
                [
                    0.0,
                    0.9891220331192017,
                    0.14709755778312683,
                    0.5929692387580872
                ],
                [
                    0.0,
                    0.0,
                    0.0,
                    1.0
                ]
            ]
        },
        {
            "file_path": "/data/shapenet_blender/all_50_random/02958343/8aa1b368270797bdca92a4cdad802b45/r_23",
            "rotation": 0.12566370614359174,
            "transform_matrix": [
                [
                    -0.9040420651435852,
                    -0.14533399045467377,
                    0.40197768807411194,
                    1.6204240322113037
                ],
                [
                    0.42744362354278564,
                    -0.3073810040950775,
                    0.8501816391944885,
                    3.427191972732544
                ],
                [
                    1.4901161193847656e-08,
                    0.9404227137565613,
                    0.3400074243545532,
                    1.370613932609558
                ],
                [
                    0.0,
                    0.0,
                    0.0,
                    1.0
                ]
            ]
        },
        {
            "file_path": "/data/shapenet_blender/all_50_random/02958343/8aa1b368270797bdca92a4cdad802b45/r_24",
            "rotation": 0.12566370614359174,
            "transform_matrix": [
                [
                    -0.6266527771949768,
                    -0.21572348475456238,
                    -0.7488455772399902,
                    -3.0186927318573
                ],
                [
                    -0.7792984843254089,
                    0.1734684705734253,
                    0.6021648645401001,
                    2.4274039268493652
                ],
                [
                    0.0,
                    0.9609224796295166,
                    -0.27681753039360046,
                    -1.1158870458602905
                ],
                [
                    0.0,
                    0.0,
                    0.0,
                    1.0
                ]
            ]
        },
        {
            "file_path": "/data/shapenet_blender/all_50_random/02958343/8aa1b368270797bdca92a4cdad802b45/r_25",
            "rotation": 0.12566370614359174,
            "transform_matrix": [
                [
                    0.9025994539260864,
                    -0.2805725038051605,
                    -0.32648637890815735,
                    -1.3161087036132812
                ],
                [
                    -0.4304814636707306,
                    -0.5882821679115295,
                    -0.6845507621765137,
                    -2.759512424468994
                ],
                [
                    1.4901161193847656e-08,
                    0.7584213614463806,
                    -0.651764452457428,
                    -2.6273465156555176
                ],
                [
                    0.0,
                    0.0,
                    0.0,
                    1.0
                ]
            ]
        },
        {
            "file_path": "/data/shapenet_blender/all_50_random/02958343/8aa1b368270797bdca92a4cdad802b45/r_26",
            "rotation": 0.12566370614359174,
            "transform_matrix": [
                [
                    -0.9955593347549438,
                    -0.010931925848126411,
                    0.09350001066923141,
                    0.37691062688827515
                ],
                [
                    0.09413693100214005,
                    -0.11561223864555359,
                    0.9888234734535217,
                    3.9860751628875732
                ],
                [
                    9.313225746154785e-10,
                    0.9932342767715454,
                    0.11612792313098907,
                    0.46812665462493896
                ],
                [
                    0.0,
                    0.0,
                    0.0,
                    1.0
                ]
            ]
        },
        {
            "file_path": "/data/shapenet_blender/all_50_random/02958343/8aa1b368270797bdca92a4cdad802b45/r_27",
            "rotation": 0.12566370614359174,
            "transform_matrix": [
                [
                    -0.9803563952445984,
                    -0.0010888519464060664,
                    -0.19723086059093475,
                    -0.7950630187988281
                ],
                [
                    -0.19723385572433472,
                    0.005412168800830841,
                    0.9803414940834045,
                    3.95188307762146
                ],
                [
                    -1.1641531488804091e-10,
                    0.9999847412109375,
                    -0.005520613398402929,
                    -0.022254304960370064
                ],
                [
                    0.0,
                    0.0,
                    0.0,
                    1.0
                ]
            ]
        },
        {
            "file_path": "/data/shapenet_blender/all_50_random/02958343/8aa1b368270797bdca92a4cdad802b45/r_28",
            "rotation": 0.12566370614359174,
            "transform_matrix": [
                [
                    0.9370927810668945,
                    -0.010905762203037739,
                    0.34891006350517273,
                    1.406501293182373
                ],
                [
                    0.3490804135799408,
                    0.02927609346807003,
                    -0.936635434627533,
                    -3.775697708129883
                ],
                [
                    0.0,
                    0.99951171875,
                    0.031241413205862045,
                    0.12593814730644226
                ],
                [
                    0.0,
                    0.0,
                    0.0,
                    1.0
                ]
            ]
        },
        {
            "file_path": "/data/shapenet_blender/all_50_random/02958343/8aa1b368270797bdca92a4cdad802b45/r_29",
            "rotation": 0.12566370614359174,
            "transform_matrix": [
                [
                    0.9673699140548706,
                    -0.23040781915187836,
                    0.10539377480745316,
                    0.42485588788986206
                ],
                [
                    0.2533685564994812,
                    0.879705011844635,
                    -0.4023970663547516,
                    -1.6221144199371338
                ],
                [
                    0.0,
                    0.4159701466560364,
                    0.9093782305717468,
                    3.665820837020874
                ],
                [
                    0.0,
                    0.0,
                    0.0,
                    1.0
                ]
            ]
        },
        {
            "file_path": "/data/shapenet_blender/all_50_random/02958343/8aa1b368270797bdca92a4cdad802b45/r_30",
            "rotation": 0.12566370614359174,
            "transform_matrix": [
                [
                    0.9855319857597351,
                    0.1495516300201416,
                    -0.07975611835718155,
                    -0.32150721549987793
                ],
                [
                    -0.16948962211608887,
                    0.8695984482765198,
                    -0.4637582302093506,
                    -1.8694692850112915
                ],
                [
                    0.0,
                    0.47056636214256287,
                    0.8823645114898682,
                    3.5569252967834473
                ],
                [
                    0.0,
                    0.0,
                    0.0,
                    1.0
                ]
            ]
        },
        {
            "file_path": "/data/shapenet_blender/all_50_random/02958343/8aa1b368270797bdca92a4cdad802b45/r_31",
            "rotation": 0.12566370614359174,
            "transform_matrix": [
                [
                    0.708721399307251,
                    0.3637402355670929,
                    0.6044890284538269,
                    2.4367733001708984
                ],
                [
                    0.7054884433746338,
                    -0.3654071092605591,
                    -0.6072591543197632,
                    -2.447939872741699
                ],
                [
                    0.0,
                    0.8568376302719116,
                    -0.5155863761901855,
                    -2.078395128250122
                ],
                [
                    0.0,
                    0.0,
                    0.0,
                    1.0
                ]
            ]
        },
        {
            "file_path": "/data/shapenet_blender/all_50_random/02958343/8aa1b368270797bdca92a4cdad802b45/r_32",
            "rotation": 0.12566370614359174,
            "transform_matrix": [
                [
                    0.9126896858215332,
                    -0.27520230412483215,
                    0.3020949065685272,
                    1.2177836894989014
                ],
                [
                    0.4086535573005676,
                    0.6146387457847595,
                    -0.674700915813446,
                    -2.719806671142578
                ],
                [
                    1.4901162970204496e-08,
                    0.7392446994781494,
                    0.6734368205070496,
                    2.7147109508514404
                ],
                [
                    0.0,
                    0.0,
                    0.0,
                    1.0
                ]
            ]
        },
        {
            "file_path": "/data/shapenet_blender/all_50_random/02958343/8aa1b368270797bdca92a4cdad802b45/r_33",
            "rotation": 0.12566370614359174,
            "transform_matrix": [
                [
                    -0.632175087928772,
                    0.24606825411319733,
                    -0.7347142696380615,
                    -2.9617278575897217
                ],
                [
                    -0.7748255729675293,
                    -0.2007654905319214,
                    0.599448561668396,
                    2.416454553604126
                ],
                [
                    -1.4901161193847656e-08,
                    0.9482318162918091,
                    0.31757891178131104,
                    1.2802015542984009
                ],
                [
                    0.0,
                    0.0,
                    0.0,
                    1.0
                ]
            ]
        },
        {
            "file_path": "/data/shapenet_blender/all_50_random/02958343/8aa1b368270797bdca92a4cdad802b45/r_34",
            "rotation": 0.12566370614359174,
            "transform_matrix": [
                [
                    -0.9982929229736328,
                    0.02000337652862072,
                    0.05487460270524025,
                    0.22120660543441772
                ],
                [
                    0.05840682610869408,
                    0.3418988585472107,
                    0.9379199147224426,
                    3.7808761596679688
                ],
                [
                    1.862645371275562e-09,
                    0.9395236968994141,
                    -0.3424835801124573,
                    -1.3805954456329346
                ],
                [
                    0.0,
                    0.0,
                    0.0,
                    1.0
                ]
            ]
        },
        {
            "file_path": "/data/shapenet_blender/all_50_random/02958343/8aa1b368270797bdca92a4cdad802b45/r_35",
            "rotation": 0.12566370614359174,
            "transform_matrix": [
                [
                    0.8048285841941833,
                    -0.41267451643943787,
                    0.42655694484710693,
                    1.719506025314331
                ],
                [
                    0.5935074687004089,
                    0.5596091747283936,
                    -0.5784345269203186,
                    -2.3317441940307617
                ],
                [
                    1.4901162970204496e-08,
                    0.7187052369117737,
                    0.6953148245811462,
                    2.802903652191162
                ],
                [
                    0.0,
                    0.0,
                    0.0,
                    1.0
                ]
            ]
        },
        {
            "file_path": "/data/shapenet_blender/all_50_random/02958343/8aa1b368270797bdca92a4cdad802b45/r_36",
            "rotation": 0.12566370614359174,
            "transform_matrix": [
                [
                    0.9077552556991577,
                    -0.0032096083741635084,
                    -0.4194878339767456,
                    -1.691009521484375
                ],
                [
                    -0.41950008273124695,
                    -0.006945264060050249,
                    -0.9077287316322327,
                    -3.6591715812683105
                ],
                [
                    -2.3283061589829401e-10,
                    0.9999707341194153,
                    -0.007651031482964754,
                    -0.030842294916510582
                ],
                [
                    0.0,
                    0.0,
                    0.0,
                    1.0
                ]
            ]
        },
        {
            "file_path": "/data/shapenet_blender/all_50_random/02958343/8aa1b368270797bdca92a4cdad802b45/r_37",
            "rotation": 0.12566370614359174,
            "transform_matrix": [
                [
                    -0.9873698353767395,
                    -0.1364733874797821,
                    -0.0804721862077713,
                    -0.32439374923706055
                ],
                [
                    -0.15843220055103302,
                    0.8505197167396545,
                    0.5015130043029785,
                    2.0216636657714844
                ],
                [
                    0.0,
                    0.5079281330108643,
                    -0.8613994121551514,
                    -3.472412109375
                ],
                [
                    0.0,
                    0.0,
                    0.0,
                    1.0
                ]
            ]
        },
        {
            "file_path": "/data/shapenet_blender/all_50_random/02958343/8aa1b368270797bdca92a4cdad802b45/r_38",
            "rotation": 0.12566370614359174,
            "transform_matrix": [
                [
                    -0.2062453329563141,
                    -0.5158990025520325,
                    0.8314510583877563,
                    3.351686716079712
                ],
                [
                    0.9785003066062927,
                    -0.10873962938785553,
                    0.17525072395801544,
                    0.706458330154419
                ],
                [
                    7.450581485102248e-09,
                    0.8497198224067688,
                    0.5272343158721924,
                    2.125349760055542
                ],
                [
                    0.0,
                    0.0,
                    0.0,
                    1.0
                ]
            ]
        },
        {
            "file_path": "/data/shapenet_blender/all_50_random/02958343/8aa1b368270797bdca92a4cdad802b45/r_39",
            "rotation": 0.12566370614359174,
            "transform_matrix": [
                [
                    0.896342933177948,
                    -0.4341060221195221,
                    -0.0901191234588623,
                    -0.36328184604644775
                ],
                [
                    -0.4433616101741791,
                    -0.877630889415741,
                    -0.1821935623884201,
                    -0.7344458103179932
                ],
                [
                    -7.450581485102248e-09,
                    0.20326334238052368,
                    -0.9791240096092224,
                    -3.9469754695892334
                ],
                [
                    0.0,
                    0.0,
                    0.0,
                    1.0
                ]
            ]
        },
        {
            "file_path": "/data/shapenet_blender/all_50_random/02958343/8aa1b368270797bdca92a4cdad802b45/r_40",
            "rotation": 0.12566370614359174,
            "transform_matrix": [
                [
                    0.8212335109710693,
                    -0.14666032791137695,
                    0.5514220595359802,
                    2.222853183746338
                ],
                [
                    0.5705922842025757,
                    0.2110830843448639,
                    -0.793642520904541,
                    -3.199275016784668
                ],
                [
                    7.450580596923828e-09,
                    0.9664028882980347,
                    0.25703179836273193,
                    1.0361281633377075
                ],
                [
                    0.0,
                    0.0,
                    0.0,
                    1.0
                ]
            ]
        },
        {
            "file_path": "/data/shapenet_blender/all_50_random/02958343/8aa1b368270797bdca92a4cdad802b45/r_41",
            "rotation": 0.12566370614359174,
            "transform_matrix": [
                [
                    -0.20445311069488525,
                    -0.08978462219238281,
                    -0.9747499823570251,
                    -3.9293429851531982
                ],
                [
                    -0.9788764715194702,
                    0.018752872943878174,
