{
    "class": "02958343",
    "model": "b0c2225ab347e28f1a48cf85d161a723",
    "remove_doubles": true,
    "edge_split": true,
    "denoise": true,
    "camera_angle_x": 0.6911112070083618,
    "scale_factor": 2.2412077278391034,
    "hdri_file": "/data/IndoorHDRDataset2018/9C4A8934-d0ab81136d.exr",
    "center_offset": [
        0.0,
        -1.862645149230957e-09,
        0.0
    ],
    "lights": [],
    "frames": [
        {
            "file_path": "/data/shapenet_blender/all_50_random/02958343/b0c2225ab347e28f1a48cf85d161a723/r_0",
            "rotation": 0.12566370614359174,
            "transform_matrix": [
                [
                    0.002016881015151739,
                    -0.01279698871076107,
                    0.999916136264801,
                    4.03079080581665
                ],
                [
                    0.9999980330467224,
                    2.581005173851736e-05,
                    -0.002016715705394745,
                    -0.00812964141368866
                ],
                [
                    1.8189894035458565e-12,
                    0.9999181628227234,
                    0.012797015719115734,
                    0.051586419343948364
                ],
                [
                    0.0,
                    0.0,
                    0.0,
                    1.0
                ]
            ]
        },
        {
            "file_path": "/data/shapenet_blender/all_50_random/02958343/b0c2225ab347e28f1a48cf85d161a723/r_1",
            "rotation": 0.12566370614359174,
            "transform_matrix": [
                [
                    0.8111235499382019,
                    -0.18890054523944855,
                    -0.5535297393798828,
                    -2.2313499450683594
                ],
                [
                    -0.5848748683929443,
                    -0.26197341084480286,
                    -0.7676530480384827,
                    -3.094508647918701
                ],
                [
                    0.0,
                    0.9464071989059448,
                    -0.32297590374946594,
                    -1.301957607269287
                ],
                [
                    0.0,
                    0.0,
                    0.0,
                    1.0
                ]
            ]
        },
        {
            "file_path": "/data/shapenet_blender/all_50_random/02958343/b0c2225ab347e28f1a48cf85d161a723/r_2",
            "rotation": 0.12566370614359174,
            "transform_matrix": [
                [
                    -0.374977707862854,
                    -0.602670431137085,
                    0.7044004201889038,
                    2.839529275894165
                ],
                [
                    0.9270338416099548,
                    -0.24377533793449402,
                    0.2849242687225342,
                    1.1485666036605835
                ],
                [
                    0.0,
                    0.7598433494567871,
                    0.6501061320304871,
                    2.620661973953247
                ],
                [
                    0.0,
                    0.0,
                    0.0,
                    1.0
                ]
            ]
        },
        {
            "file_path": "/data/shapenet_blender/all_50_random/02958343/b0c2225ab347e28f1a48cf85d161a723/r_3",
            "rotation": 0.12566370614359174,
            "transform_matrix": [
                [
                    0.5587518811225891,
                    -0.2077392190694809,
                    -0.8028951287269592,
                    -3.2365739345550537
                ],
                [
                    -0.8293347954750061,
                    -0.13996118307113647,
                    -0.5409385561943054,
                    -2.180593252182007
                ],
                [
                    0.0,
                    0.9681194424629211,
                    -0.25048893690109253,
                    -1.0097533464431763
                ],
                [
                    0.0,
                    0.0,
                    0.0,
                    1.0
                ]
            ]
        },
        {
            "file_path": "/data/shapenet_blender/all_50_random/02958343/b0c2225ab347e28f1a48cf85d161a723/r_4",
            "rotation": 0.12566370614359174,
            "transform_matrix": [
                [
                    0.40052905678749084,
                    -0.31344014406204224,
                    0.8610062003135681,
                    3.470827102661133
                ],
                [
                    0.9162840843200684,
                    0.13701196014881134,
                    -0.3763657808303833,
                    -1.517179012298584
                ],
                [
                    0.0,
                    0.9396716356277466,
                    0.3420775234699249,
                    1.3789585828781128
                ],
                [
                    0.0,
                    0.0,
                    0.0,
                    1.0
                ]
            ]
        },
        {
            "file_path": "/data/shapenet_blender/all_50_random/02958343/b0c2225ab347e28f1a48cf85d161a723/r_5",
            "rotation": 0.12566370614359174,
            "transform_matrix": [
                [
                    -0.8867744207382202,
                    0.09335591644048691,
                    0.4526764154434204,
                    1.8247970342636108
                ],
                [
                    0.46220266819000244,
                    0.17911110818386078,
                    0.8684974908828735,
                    3.501025438308716
                ],
                [
                    7.450581485102248e-09,
                    0.9793894290924072,
                    -0.20198050141334534,
                    -0.8142094612121582
                ],
                [
                    0.0,
                    0.0,
                    0.0,
                    1.0
                ]
            ]
        },
        {
            "file_path": "/data/shapenet_blender/all_50_random/02958343/b0c2225ab347e28f1a48cf85d161a723/r_6",
            "rotation": 0.12566370614359174,
            "transform_matrix": [
                [
                    0.7481300830841064,
                    0.1268681436777115,
                    0.6513108015060425,
                    2.6255180835723877
                ],
                [
                    0.6635521054267883,
                    -0.1430390477180481,
                    -0.7343284487724304,
                    -2.9601728916168213
                ],
                [
                    -7.450581485102248e-09,
                    0.981552004814148,
                    -0.19119538366794586,
                    -0.7707333564758301
                ],
                [
                    0.0,
                    0.0,
                    0.0,
                    1.0
                ]
            ]
        },
        {
            "file_path": "/data/shapenet_blender/all_50_random/02958343/b0c2225ab347e28f1a48cf85d161a723/r_7",
            "rotation": 0.12566370614359174,
            "transform_matrix": [
                [
                    -0.7362016439437866,
                    0.04842626675963402,
                    -0.6750273704528809,
                    -2.7211225032806396
                ],
                [
                    -0.6767622232437134,
                    -0.052679505199193954,
                    0.7343144416809082,
                    2.960116386413574
                ],
                [
                    0.0,
                    0.9974365830421448,
                    0.07155580818653107,
                    0.2884507179260254
                ],
                [
                    0.0,
                    0.0,
                    0.0,
                    1.0
                ]
            ]
        },
        {
            "file_path": "/data/shapenet_blender/all_50_random/02958343/b0c2225ab347e28f1a48cf85d161a723/r_8",
            "rotation": 0.12566370614359174,
            "transform_matrix": [
                [
                    0.8970478773117065,
                    0.03026847541332245,
                    0.4408954679965973,
                    1.7773065567016602
                ],
                [
                    0.4419332444667816,
                    -0.06143975257873535,
                    -0.8949413299560547,
                    -3.607624053955078
                ],
                [
                    -1.8626450382086546e-09,
                    0.9976516962051392,
                    -0.06849104166030884,
                    -0.27609625458717346
                ],
                [
                    0.0,
                    0.0,
                    0.0,
                    1.0
                ]
            ]
        },
        {
            "file_path": "/data/shapenet_blender/all_50_random/02958343/b0c2225ab347e28f1a48cf85d161a723/r_9",
            "rotation": 0.12566370614359174,
            "transform_matrix": [
                [
                    -0.975767195224762,
                    -0.1460978090763092,
                    -0.1628921777009964,
                    -0.6566393971443176
                ],
                [
                    -0.21881140768527985,
                    0.6515083312988281,
                    0.7264010906219482,
                    2.9282164573669434
                ],
                [
                    7.450580596923828e-09,
                    0.7444408535957336,
                    -0.6676883101463318,
                    -2.691537618637085
                ],
                [
                    0.0,
                    0.0,
                    0.0,
                    1.0
                ]
            ]
        },
        {
            "file_path": "/data/shapenet_blender/all_50_random/02958343/b0c2225ab347e28f1a48cf85d161a723/r_10",
            "rotation": 0.12566370614359174,
            "transform_matrix": [
                [
                    0.3809879720211029,
                    0.7602790594100952,
                    0.5261405110359192,
                    2.1209402084350586
                ],
                [
                    0.9245799779891968,
                    -0.3132851719856262,
                    -0.2168046236038208,
                    -0.8739674091339111
                ],
                [
                    1.4901161193847656e-08,
                    0.5690589547157288,
                    -0.8222967386245728,
                    -3.314784288406372
                ],
                [
                    0.0,
                    0.0,
                    0.0,
                    1.0
                ]
            ]
        },
        {
            "file_path": "/data/shapenet_blender/all_50_random/02958343/b0c2225ab347e28f1a48cf85d161a723/r_11",
            "rotation": 0.12566370614359174,
            "transform_matrix": [
                [
                    -0.1144184097647667,
                    0.3944188058376312,
                    -0.9117797017097473,
                    -3.675501585006714
                ],
                [
                    -0.9934326410293579,
                    -0.0454271100461483,
                    0.10501405596733093,
                    0.42332521080970764
                ],
                [
                    0.0,
                    0.9178071618080139,
                    0.3970262408256531,
                    1.6004639863967896
                ],
                [
                    0.0,
                    0.0,
                    0.0,
                    1.0
                ]
            ]
        },
        {
            "file_path": "/data/shapenet_blender/all_50_random/02958343/b0c2225ab347e28f1a48cf85d161a723/r_12",
            "rotation": 0.12566370614359174,
            "transform_matrix": [
                [
                    -0.3465278148651123,
                    0.31112098693847656,
                    -0.884941816329956,
                    -3.567314863204956
                ],
                [
                    -0.9380397200584412,
                    -0.11493340134620667,
                    0.3269125819206238,
                    1.3178268671035767
                ],
                [
                    -7.450580596923828e-09,
                    0.9433948397636414,
                    0.33167147636413574,
                    1.3370106220245361
                ],
                [
                    0.0,
                    0.0,
                    0.0,
                    1.0
                ]
            ]
        },
        {
            "file_path": "/data/shapenet_blender/all_50_random/02958343/b0c2225ab347e28f1a48cf85d161a723/r_13",
            "rotation": 0.12566370614359174,
            "transform_matrix": [
                [
                    -0.5820508003234863,
                    -0.02801528386771679,
                    -0.8126696944236755,
                    -3.2759764194488525
                ],
                [
                    -0.8131524920463562,
                    0.020053209736943245,
                    0.5817052125930786,
                    2.344928741455078
                ],
                [
                    0.0,
                    0.9994062185287476,
                    -0.034452687948942184,
                    -0.13888323307037354
                ],
                [
                    0.0,
                    0.0,
                    0.0,
                    1.0
                ]
            ]
        },
        {
            "file_path": "/data/shapenet_blender/all_50_random/02958343/b0c2225ab347e28f1a48cf85d161a723/r_14",
            "rotation": 0.12566370614359174,
            "transform_matrix": [
                [
                    -0.9443866014480591,
                    -0.01862919144332409,
                    -0.32830920815467834,
                    -1.3234567642211914
                ],
                [
                    -0.3288373351097107,
                    0.05350109934806824,
                    0.9428699016571045,
                    3.800830125808716
                ],
                [
                    0.0,
                    0.9983940124511719,
                    -0.05665169283747673,
                    -0.2283702790737152
                ],
                [
                    0.0,
                    0.0,
                    0.0,
                    1.0
                ]
            ]
        },
        {
            "file_path": "/data/shapenet_blender/all_50_random/02958343/b0c2225ab347e28f1a48cf85d161a723/r_15",
            "rotation": 0.12566370614359174,
            "transform_matrix": [
                [
                    0.27788224816322327,
                    -0.2552624046802521,
                    -0.9260790944099426,
                    -3.7331442832946777
                ],
                [
                    -0.9606152176856995,
                    -0.07384110242128372,
                    -0.2678917944431305,
                    -1.0799063444137573
                ],
                [
                    0.0,
                    0.9640479683876038,
                    -0.26572808623313904,
                    -1.0711841583251953
                ],
                [
                    0.0,
                    0.0,
                    0.0,
                    1.0
                ]
            ]
        },
        {
            "file_path": "/data/shapenet_blender/all_50_random/02958343/b0c2225ab347e28f1a48cf85d161a723/r_16",
            "rotation": 0.12566370614359174,
            "transform_matrix": [
                [
                    -0.8024232983589172,
                    0.39777225255966187,
                    0.44485288858413696,
                    1.7932595014572144
                ],
                [
                    0.5967552065849304,
                    0.5348620414733887,
                    0.598168671131134,
                    2.411295175552368
                ],
                [
                    -2.9802320611338473e-08,
                    0.745452880859375,
                    -0.6665582656860352,
                    -2.6869826316833496
                ],
                [
                    0.0,
                    0.0,
                    0.0,
                    1.0
                ]
            ]
        },
        {
            "file_path": "/data/shapenet_blender/all_50_random/02958343/b0c2225ab347e28f1a48cf85d161a723/r_17",
            "rotation": 0.12566370614359174,
            "transform_matrix": [
                [
                    0.9960666298866272,
                    0.07140543311834335,
                    0.052465613931417465,
                    0.21149566769599915
                ],
                [
                    0.08860800415277481,
                    -0.8026878237724304,
                    -0.5897802114486694,
                    -2.3774802684783936
                ],
                [
                    -3.725290742551124e-09,
                    0.5921091437339783,
                    -0.8058575987815857,
                    -3.248516082763672
                ],
                [
                    0.0,
                    0.0,
                    0.0,
                    1.0
                ]
            ]
        },
        {
            "file_path": "/data/shapenet_blender/all_50_random/02958343/b0c2225ab347e28f1a48cf85d161a723/r_18",
            "rotation": 0.12566370614359174,
            "transform_matrix": [
                [
                    0.8336488604545593,
                    -0.5145953893661499,
                    0.20055188238620758,
                    0.8084505200386047
                ],
                [
                    0.5522947907447815,
                    0.7767443656921387,
                    -0.30271852016448975,
                    -1.2202973365783691
                ],
                [
                    1.4901161193847656e-08,
                    0.3631247878074646,
                    0.9317405223846436,
                    3.7559661865234375
                ],
                [
                    0.0,
                    0.0,
                    0.0,
                    1.0
                ]
            ]
        },
        {
            "file_path": "/data/shapenet_blender/all_50_random/02958343/b0c2225ab347e28f1a48cf85d161a723/r_19",
            "rotation": 0.12566370614359174,
            "transform_matrix": [
                [
                    -0.1770450919866562,
                    -0.7522139549255371,
                    0.6346882581710815,
                    2.5585103034973145
                ],
                [
                    0.9842027425765991,
                    -0.13531337678432465,
                    0.11417204886674881,
                    0.46024224162101746
                ],
                [
                    7.450581485102248e-09,
                    0.6448755264282227,
                    0.764287531375885,
                    3.080941677093506
                ],
                [
                    0.0,
                    0.0,
                    0.0,
                    1.0
                ]
            ]
        },
        {
            "file_path": "/data/shapenet_blender/all_50_random/02958343/b0c2225ab347e28f1a48cf85d161a723/r_20",
            "rotation": 0.12566370614359174,
            "transform_matrix": [
                [
                    -0.9849928617477417,
                    0.0018340616952627897,
                    -0.1725853830575943,
                    -0.695713996887207
                ],
                [
                    -0.17259515821933746,
                    -0.010466909036040306,
                    0.9849371314048767,
                    3.9704089164733887
                ],
                [
                    -2.3283064365386963e-10,
                    0.9999435544013977,
                    0.010626379400491714,
                    0.04283630847930908
                ],
                [
                    0.0,
                    0.0,
                    0.0,
                    1.0
                ]
            ]
        },
        {
            "file_path": "/data/shapenet_blender/all_50_random/02958343/b0c2225ab347e28f1a48cf85d161a723/r_21",
            "rotation": 0.12566370614359174,
            "transform_matrix": [
                [
                    0.729551374912262,
                    0.43377670645713806,
                    0.528765082359314,
                    2.1315202713012695
                ],
                [
                    0.6839260458946228,
                    -0.4627143442630768,
                    -0.5640395283699036,
                    -2.2737159729003906
                ],
                [
                    -1.4901162970204496e-08,
                    0.7731320858001709,
                    -0.6342450380325317,
                    -2.5567235946655273
                ],
                [
                    0.0,
                    0.0,
                    0.0,
                    1.0
                ]
            ]
        },
        {
            "file_path": "/data/shapenet_blender/all_50_random/02958343/b0c2225ab347e28f1a48cf85d161a723/r_22",
            "rotation": 0.12566370614359174,
            "transform_matrix": [
                [
                    -0.04468842223286629,
                    0.5505312085151672,
                    -0.8336176872253418,
                    -3.360419988632202
                ],
                [
                    -0.9990009665489197,
                    -0.024626974016427994,
                    0.037290316075086594,
                    0.1503220498561859
                ],
                [
                    1.8626448161640496e-09,
                    0.8344512581825256,
                    0.5510817766189575,
                    2.2214813232421875
                ],
                [
                    0.0,
                    0.0,
                    0.0,
                    1.0
                ]
            ]
        },
        {
            "file_path": "/data/shapenet_blender/all_50_random/02958343/b0c2225ab347e28f1a48cf85d161a723/r_23",
            "rotation": 0.12566370614359174,
            "transform_matrix": [
                [
                    -0.7722177505493164,
                    -0.18566714227199554,
                    0.6076245307922363,
                    2.4494128227233887
                ],
                [
                    0.6353580951690674,
                    -0.22566086053848267,
                    0.7385101914405823,
                    2.977029800415039
                ],
                [
                    0.0,
                    0.9563496708869934,
                    0.2922244071960449,
                    1.1779942512512207
                ],
                [
                    0.0,
                    0.0,
                    0.0,
                    1.0
                ]
            ]
        },
        {
            "file_path": "/data/shapenet_blender/all_50_random/02958343/b0c2225ab347e28f1a48cf85d161a723/r_24",
            "rotation": 0.12566370614359174,
            "transform_matrix": [
                [
                    0.2143726348876953,
                    -0.46976447105407715,
                    0.8563677668571472,
                    3.4521288871765137
                ],
                [
                    0.976751983165741,
                    0.10310155898332596,
                    -0.18795131146907806,
                    -0.7576559782028198
                ],
                [
                    0.0,
                    0.8767505288124084,
                    0.48094549775123596,
                    1.938753366470337
                ],
                [
                    0.0,
                    0.0,
                    0.0,
                    1.0
                ]
            ]
        },
        {
            "file_path": "/data/shapenet_blender/all_50_random/02958343/b0c2225ab347e28f1a48cf85d161a723/r_25",
            "rotation": 0.12566370614359174,
            "transform_matrix": [
                [
                    0.9333851933479309,
                    0.05482916906476021,
                    0.3546631932258606,
                    1.4296932220458984
                ],
                [
                    0.35887637734413147,
                    -0.14260266721248627,
                    -0.9224272966384888,
                    -3.71842360496521
                ],
                [
                    -3.725290742551124e-09,
                    0.9882601499557495,
                    -0.15278010070323944,
                    -0.615876317024231
                ],
                [
                    0.0,
                    0.0,
                    0.0,
                    1.0
                ]
            ]
        },
        {
            "file_path": "/data/shapenet_blender/all_50_random/02958343/b0c2225ab347e28f1a48cf85d161a723/r_26",
            "rotation": 0.12566370614359174,
            "transform_matrix": [
                [
                    -0.36876237392425537,
                    -0.38579684495925903,
                    0.8456803560256958,
                    3.409046173095703
                ],
                [
                    0.929523766040802,
                    -0.15305402874946594,
                    0.3354998528957367,
                    1.352442979812622
                ],
                [
                    0.0,
                    0.9097995758056641,
                    0.41504791378974915,
                    1.6731114387512207
                ],
                [
                    0.0,
                    0.0,
                    0.0,
                    1.0
                ]
            ]
        },
        {
            "file_path": "/data/shapenet_blender/all_50_random/02958343/b0c2225ab347e28f1a48cf85d161a723/r_27",
            "rotation": 0.12566370614359174,
            "transform_matrix": [
                [
                    0.9852668642997742,
                    0.06772739440202713,
                    0.15704187750816345,
                    0.6330560445785522
                ],
                [
                    0.17102383077144623,
                    -0.3901769518852234,
                    -0.904716968536377,
                    -3.6470305919647217
                ],
                [
                    -3.7252898543727042e-09,
                    0.9182455539703369,
                    -0.39601144194602966,
                    -1.5963730812072754
                ],
                [
                    0.0,
                    0.0,
                    0.0,
                    1.0
                ]
            ]
        },
        {
            "file_path": "/data/shapenet_blender/all_50_random/02958343/b0c2225ab347e28f1a48cf85d161a723/r_28",
            "rotation": 0.12566370614359174,
            "transform_matrix": [
                [
                    -0.488945871591568,
                    0.3703509271144867,
                    0.7897923588752747,
                    3.1837551593780518
                ],
                [
                    0.8723140954971313,
                    0.2075875699520111,
                    0.4426911473274231,
                    1.7845451831817627
                ],
                [
                    0.0,
                    0.9053991436958313,
                    -0.42456138134002686,
                    -1.7114617824554443
                ],
                [
                    0.0,
                    0.0,
                    0.0,
                    1.0
                ]
            ]
        },
        {
            "file_path": "/data/shapenet_blender/all_50_random/02958343/b0c2225ab347e28f1a48cf85d161a723/r_29",
            "rotation": 0.12566370614359174,
            "transform_matrix": [
                [
                    0.962417483329773,
                    -0.18595711886882782,
                    -0.19792018830776215,
                    -0.7978417873382568
                ],
                [
                    -0.2715740203857422,
                    -0.6590040326118469,
                    -0.7013993859291077,
                    -2.8274314403533936
                ],
                [
                    1.4901161193847656e-08,
                    0.7287890315055847,
                    -0.6847382187843323,
                    -2.760267972946167
                ],
                [
                    0.0,
                    0.0,
                    0.0,
                    1.0
                ]
            ]
        },
        {
            "file_path": "/data/shapenet_blender/all_50_random/02958343/b0c2225ab347e28f1a48cf85d161a723/r_30",
            "rotation": 0.12566370614359174,
            "transform_matrix": [
                [
                    -0.7455755472183228,
                    -0.09707677364349365,
                    0.6593126654624939,
                    2.6577742099761963
                ],
                [
                    0.666421115398407,
                    -0.10860709846019745,
                    0.7376227974891663,
                    2.973452568054199
                ],
                [
                    -7.4505797087454084e-09,
                    0.9893333911895752,
                    0.14566880464553833,
                    0.5872097015380859
                ],
                [
                    0.0,
                    0.0,
                    0.0,
                    1.0
                ]
            ]
        },
        {
            "file_path": "/data/shapenet_blender/all_50_random/02958343/b0c2225ab347e28f1a48cf85d161a723/r_31",
            "rotation": 0.12566370614359174,
            "transform_matrix": [
                [
                    -0.7794511318206787,
                    0.19602753221988678,
                    0.5950034856796265,
                    2.398535966873169
                ],
                [
                    0.6264631748199463,
                    0.24389921128749847,
                    0.7403087019920349,
                    2.9842801094055176
                ],
                [
                    0.0,
                    0.9497822523117065,
                    -0.3129114806652069,
                    -1.2613866329193115
                ],
                [
                    0.0,
                    0.0,
                    0.0,
                    1.0
                ]
            ]
        },
        {
            "file_path": "/data/shapenet_blender/all_50_random/02958343/b0c2225ab347e28f1a48cf85d161a723/r_32",
            "rotation": 0.12566370614359174,
            "transform_matrix": [
                [
                    0.9991735816001892,
                    -0.005492637399584055,
                    0.04027538001537323,
                    0.1623552441596985
                ],
                [
                    0.040648192167282104,
                    0.1350145787000656,
                    -0.9900094866752625,
                    -3.9908559322357178
                ],
                [
                    -4.656612873077393e-10,
                    0.9908284544944763,
                    0.1351262480020523,
                    0.5447113513946533
                ],
                [
                    0.0,
                    0.0,
                    0.0,
                    1.0
                ]
            ]
        },
        {
            "file_path": "/data/shapenet_blender/all_50_random/02958343/b0c2225ab347e28f1a48cf85d161a723/r_33",
            "rotation": 0.12566370614359174,
            "transform_matrix": [
                [
                    0.9997869729995728,
                    0.012499222531914711,
                    0.016419371590018272,
                    0.06618860363960266
                ],
                [
                    0.020635558292269707,
                    -0.6055837869644165,
                    -0.795513927936554,
                    -3.2068192958831787
                ],
                [
                    0.0,
                    0.7956834435462952,
                    -0.6057127714157104,
                    -2.4417061805725098
                ],
                [
                    0.0,
                    0.0,
                    0.0,
                    1.0
                ]
            ]
        },
        {
            "file_path": "/data/shapenet_blender/all_50_random/02958343/b0c2225ab347e28f1a48cf85d161a723/r_34",
            "rotation": 0.12566370614359174,
            "transform_matrix": [
                [
                    -0.025655783712863922,
                    0.6032422184944153,
                    0.7971451878547668,
                    3.213395118713379
                ],
                [
                    0.9996708631515503,
                    0.01548174861818552,
                    0.020458118990063667,
                    0.08246931433677673
                ],
                [
                    0.0,
                    0.7974075675010681,
                    -0.6034409403800964,
                    -2.4325482845306396
                ],
                [
                    0.0,
                    0.0,
                    0.0,
                    1.0
                ]
            ]
        },
        {
            "file_path": "/data/shapenet_blender/all_50_random/02958343/b0c2225ab347e28f1a48cf85d161a723/r_35",
            "rotation": 0.12566370614359174,
            "transform_matrix": [
                [
                    -0.9007925987243652,
                    -0.2959163188934326,
                    -0.31781476736068726,
                    -1.2811522483825684
                ],
                [
                    -0.43424955010414124,
                    0.613838791847229,
                    0.6592642068862915,
                    2.657578945159912
                ],
                [
                    -1.4901159417490817e-08,
                    0.7318711876869202,
                    -0.6814429759979248,
                    -2.7469844818115234
                ],
                [
                    0.0,
                    0.0,
                    0.0,
                    1.0
                ]
            ]
        },
        {
            "file_path": "/data/shapenet_blender/all_50_random/02958343/b0c2225ab347e28f1a48cf85d161a723/r_36",
            "rotation": 0.12566370614359174,
            "transform_matrix": [
                [
                    0.9316290616989136,
                    -0.0026381774805486202,
                    0.3634010851383209,
                    1.4649165868759155
                ],
                [
                    0.36341068148612976,
                    0.006763155572116375,
                    -0.9316045045852661,
                    -3.755417823791504
                ],
                [
                    0.0,
                    0.9999735951423645,
                    0.007259494159370661,
                    0.02926395647227764
                ],
                [
                    0.0,
                    0.0,
                    0.0,
                    1.0
                ]
            ]
        },
        {
            "file_path": "/data/shapenet_blender/all_50_random/02958343/b0c2225ab347e28f1a48cf85d161a723/r_37",
            "rotation": 0.12566370614359174,
            "transform_matrix": [
                [
                    0.8903148770332336,
                    0.3161022663116455,
                    0.32774806022644043,
                    1.3211947679519653
                ],
                [
                    0.45534539222717285,
                    -0.618059515953064,
                    -0.6408299207687378,
                    -2.583268165588379
                ],
                [
                    1.4901160305669237e-08,
                    0.7197790145874023,
                    -0.6942031979560852,
                    -2.7984228134155273
                ],
                [
                    0.0,
                    0.0,
                    0.0,
                    1.0
                ]
            ]
        },
        {
            "file_path": "/data/shapenet_blender/all_50_random/02958343/b0c2225ab347e28f1a48cf85d161a723/r_38",
            "rotation": 0.12566370614359174,
            "transform_matrix": [
                [
                    -0.2728356719017029,
                    0.5073074102401733,
                    0.8174348473548889,
                    3.2951855659484863
                ],
                [
                    0.9620606899261475,
                    0.14386989176273346,
                    0.23182052373886108,
                    0.9344984889030457
                ],
                [
                    7.450580596923828e-09,
                    0.8496707677841187,
                    -0.5273132920265198,
                    -2.1256680488586426
                ],
                [
                    0.0,
                    0.0,
                    0.0,
                    1.0
                ]
            ]
        },
        {
            "file_path": "/data/shapenet_blender/all_50_random/02958343/b0c2225ab347e28f1a48cf85d161a723/r_39",
            "rotation": 0.12566370614359174,
            "transform_matrix": [
                [
                    0.8508939146995544,
                    0.007288304157555103,
                    0.5252869725227356,
                    2.117499828338623
                ],
                [
                    0.5253376364707947,
                    -0.011804928071796894,
                    -0.8508118391036987,
                    -3.42973256111145
                ],
                [
                    0.0,
                    0.999903678894043,
                    -0.013873560354113579,
                    -0.055926114320755005
                ],
                [
                    0.0,
                    0.0,
                    0.0,
                    1.0
                ]
            ]
        },
        {
            "file_path": "/data/shapenet_blender/all_50_random/02958343/b0c2225ab347e28f1a48cf85d161a723/r_40",
            "rotation": 0.12566370614359174,
            "transform_matrix": [
                [
                    -0.7275177836418152,
                    0.10898284614086151,
                    -0.6773777604103088,
                    -2.7305970191955566
                ],
                [
                    -0.6860888600349426,
                    -0.11556369066238403,
                    0.7182806730270386,
                    2.895482063293457
                ],
                [
                    0.0,
                    0.9873032569885254,
                    0.15884655714035034,
                    0.640330970287323
                ],
                [
                    0.0,
                    0.0,
                    0.0,
                    1.0
                ]
            ]
        },
        {
            "file_path": "/data/shapenet_blender/all_50_random/02958343/b0c2225ab347e28f1a48cf85d161a723/r_41",
            "rotation": 0.12566370614359174,
            "transform_matrix": [
                [
                    -0.10530167818069458,
                    -0.8068994283676147,
                    0.5812270045280457,
                    2.343000888824463
                ],
                [
                    0.9944403767585754,
                    -0.08544289320707321,
                    0.06154635176062584,
                    0.24810127913951874
