{
    "class": "02958343",
    "model": "7046566750f129126aa0f1550c0a545d",
    "remove_doubles": true,
    "edge_split": true,
    "denoise": true,
    "camera_angle_x": 0.6911112070083618,
    "scale_factor": 2.223801085495747,
    "hdri_file": "/data/IndoorHDRDataset2018/AG8A8280-1d6dd657cf.exr",
    "center_offset": [
        0.0,
        -9.313225746154785e-10,
        -3.725290298461914e-09
    ],
    "lights": [],
    "frames": [
        {
            "file_path": "/data/shapenet_blender/all_50_random/02958343/7046566750f129126aa0f1550c0a545d/r_0",
            "rotation": 0.12566370614359174,
            "transform_matrix": [
                [
                    0.35524722933769226,
                    0.7980893850326538,
                    0.4866752028465271,
                    1.961850643157959
                ],
                [
                    0.9347723722457886,
                    -0.3033027648925781,
                    -0.18495412170886993,
                    -0.7455739974975586
                ],
                [
                    1.4901161193847656e-08,
                    0.5206350684165955,
                    -0.8537792563438416,
                    -3.441694498062134
                ],
                [
                    0.0,
                    0.0,
                    0.0,
                    1.0
                ]
            ]
        },
        {
            "file_path": "/data/shapenet_blender/all_50_random/02958343/7046566750f129126aa0f1550c0a545d/r_1",
            "rotation": 0.12566370614359174,
            "transform_matrix": [
                [
                    0.2156572937965393,
                    0.2000970095396042,
                    0.9557474255561829,
                    3.852741003036499
                ],
                [
                    0.976469099521637,
                    -0.04419226199388504,
                    -0.21108081936836243,
                    -0.8508939743041992
                ],
                [
                    0.0,
                    0.9787789583206177,
                    -0.20491892099380493,
                    -0.826054573059082
                ],
                [
                    0.0,
                    0.0,
                    0.0,
                    1.0
                ]
            ]
        },
        {
            "file_path": "/data/shapenet_blender/all_50_random/02958343/7046566750f129126aa0f1550c0a545d/r_2",
            "rotation": 0.12566370614359174,
            "transform_matrix": [
                [
                    -0.8954004645347595,
                    0.04726431518793106,
                    0.4427459239959717,
                    1.7847660779953003
                ],
                [
                    0.4452615976333618,
                    0.09504635632038116,
                    0.890341579914093,
                    3.5890820026397705
                ],
                [
                    -3.725290298461914e-09,
                    0.9943500757217407,
                    -0.10614953935146332,
                    -0.4279025197029114
                ],
                [
                    0.0,
                    0.0,
                    0.0,
                    1.0
                ]
            ]
        },
        {
            "file_path": "/data/shapenet_blender/all_50_random/02958343/7046566750f129126aa0f1550c0a545d/r_3",
            "rotation": 0.12566370614359174,
            "transform_matrix": [
                [
                    -0.9898626208305359,
                    -0.10862292349338531,
                    -0.0915038138628006,
                    -0.36886367201805115
                ],
                [
                    -0.14202775061130524,
                    0.7570475339889526,
                    0.637735903263092,
                    2.5707955360412598
                ],
                [
                    0.0,
                    0.6442669630050659,
                    -0.7648006081581116,
                    -3.083009958267212
                ],
                [
                    0.0,
                    0.0,
                    0.0,
                    1.0
                ]
            ]
        },
        {
            "file_path": "/data/shapenet_blender/all_50_random/02958343/7046566750f129126aa0f1550c0a545d/r_4",
            "rotation": 0.12566370614359174,
            "transform_matrix": [
                [
                    0.3679489195346832,
                    0.20753222703933716,
                    -0.9063905477523804,
                    -3.6537773609161377
                ],
                [
                    -0.9298459887504578,
                    0.08212248235940933,
                    -0.35866740345954895,
                    -1.4458346366882324
                ],
                [
                    0.0,
                    0.974774956703186,
                    0.22318987548351288,
                    0.8997071981430054
                ],
                [
                    0.0,
                    0.0,
                    0.0,
                    1.0
                ]
            ]
        },
        {
            "file_path": "/data/shapenet_blender/all_50_random/02958343/7046566750f129126aa0f1550c0a545d/r_5",
            "rotation": 0.12566370614359174,
            "transform_matrix": [
                [
                    0.03039000742137432,
                    -0.8998991847038269,
                    0.4350377917289734,
                    1.7536934614181519
                ],
                [
                    0.9995381236076355,
                    0.0273605789989233,
                    -0.013226909562945366,
                    -0.053319379687309265
                ],
                [
                    -9.313225746154785e-10,
                    0.4352387487888336,
                    0.9003150463104248,
                    3.629286050796509
                ],
                [
                    0.0,
                    0.0,
                    0.0,
                    1.0
                ]
            ]
        },
        {
            "file_path": "/data/shapenet_blender/all_50_random/02958343/7046566750f129126aa0f1550c0a545d/r_6",
            "rotation": 0.12566370614359174,
            "transform_matrix": [
                [
                    -0.9769997000694275,
                    -0.017380164936184883,
                    -0.21253132820129395,
                    -0.856741189956665
                ],
                [
                    -0.21324080228805542,
                    0.07963024079799652,
                    0.9737491607666016,
                    3.9253084659576416
                ],
                [
                    0.0,
                    0.9966729879379272,
                    -0.08150487393140793,
                    -0.3285566568374634
                ],
                [
                    0.0,
                    0.0,
                    0.0,
                    1.0
                ]
            ]
        },
        {
            "file_path": "/data/shapenet_blender/all_50_random/02958343/7046566750f129126aa0f1550c0a545d/r_7",
            "rotation": 0.12566370614359174,
            "transform_matrix": [
                [
                    -0.6043545007705688,
                    0.507103681564331,
                    0.6144928932189941,
                    2.477100133895874
                ],
                [
                    0.7967156171798706,
                    0.3846672475337982,
                    0.4661281108856201,
                    1.8790223598480225
                ],
                [
                    -1.4901161193847656e-08,
                    0.7712826728820801,
                    -0.6364927291870117,
                    -2.565784215927124
                ],
                [
                    0.0,
                    0.0,
                    0.0,
                    1.0
                ]
            ]
        },
        {
            "file_path": "/data/shapenet_blender/all_50_random/02958343/7046566750f129126aa0f1550c0a545d/r_8",
            "rotation": 0.12566370614359174,
            "transform_matrix": [
                [
                    -0.9561341404914856,
                    -0.14473462104797363,
                    -0.25467538833618164,
                    -1.0266293287277222
                ],
                [
                    -0.292929470539093,
                    0.4724199175834656,
                    0.8312711715698242,
                    3.350961208343506
                ],
                [
                    0.0,
                    0.8694086074829102,
                    -0.4940938353538513,
                    -1.9917559623718262
                ],
                [
                    0.0,
                    0.0,
                    0.0,
                    1.0
                ]
            ]
        },
        {
            "file_path": "/data/shapenet_blender/all_50_random/02958343/7046566750f129126aa0f1550c0a545d/r_9",
            "rotation": 0.12566370614359174,
            "transform_matrix": [
                [
                    0.7445425391197205,
                    0.08780346810817719,
                    0.6617756485939026,
                    2.6677029132843018
                ],
                [
                    0.6675750613212585,
                    -0.09792669117450714,
                    -0.7380744814872742,
                    -2.975273370742798
                ],
                [
                    0.0,
                    0.9913128018379211,
                    -0.13152597844600677,
                    -0.5301981568336487
                ],
                [
                    0.0,
                    0.0,
                    0.0,
                    1.0
                ]
            ]
        },
        {
            "file_path": "/data/shapenet_blender/all_50_random/02958343/7046566750f129126aa0f1550c0a545d/r_10",
            "rotation": 0.12566370614359174,
            "transform_matrix": [
                [
                    0.06002691760659218,
                    0.24701780080795288,
                    -0.9671499133110046,
                    -3.8987059593200684
                ],
                [
                    -0.9981967806816101,
                    0.014854502864181995,
                    -0.058159902691841125,
                    -0.2344500720500946
                ],
                [
                    0.0,
                    0.9688971042633057,
                    0.24746403098106384,
                    0.9975594282150269
                ],
                [
                    0.0,
                    0.0,
                    0.0,
                    1.0
                ]
            ]
        },
        {
            "file_path": "/data/shapenet_blender/all_50_random/02958343/7046566750f129126aa0f1550c0a545d/r_11",
            "rotation": 0.12566370614359174,
            "transform_matrix": [
                [
                    -0.5539484024047852,
                    -0.12343575060367584,
                    0.8233497142791748,
                    3.319028854370117
                ],
                [
                    0.8325510621070862,
                    -0.08212953805923462,
                    0.5478261709213257,
                    2.2083580493927
                ],
                [
                    0.0,
                    0.9889480471611023,
                    0.14826208353042603,
                    0.5976635813713074
                ],
                [
                    0.0,
                    0.0,
                    0.0,
                    1.0
                ]
            ]
        },
        {
            "file_path": "/data/shapenet_blender/all_50_random/02958343/7046566750f129126aa0f1550c0a545d/r_12",
            "rotation": 0.12566370614359174,
            "transform_matrix": [
                [
                    0.8633736371994019,
                    -0.20183302462100983,
                    0.46243858337402344,
                    1.8641494512557983
                ],
                [
                    0.5045652389526367,
                    0.3453613519668579,
                    -0.791289746761322,
                    -3.189790964126587
                ],
                [
                    -1.4901161193847656e-08,
                    0.9165090322494507,
                    0.40001383423805237,
                    1.6125072240829468
                ],
                [
                    0.0,
                    0.0,
                    0.0,
                    1.0
                ]
            ]
        },
        {
            "file_path": "/data/shapenet_blender/all_50_random/02958343/7046566750f129126aa0f1550c0a545d/r_13",
            "rotation": 0.12566370614359174,
            "transform_matrix": [
                [
                    0.9970670938491821,
                    -0.07451262325048447,
                    -0.017468156293034554,
                    -0.0704163908958435
                ],
                [
                    -0.07653278857469559,
                    -0.9707484245300293,
                    -0.2275746613740921,
                    -0.9173827767372131
                ],
                [
                    0.0,
                    0.22824403643608093,
                    -0.9736039042472839,
                    -3.924722909927368
                ],
                [
                    0.0,
                    0.0,
                    0.0,
                    1.0
                ]
            ]
        },
        {
            "file_path": "/data/shapenet_blender/all_50_random/02958343/7046566750f129126aa0f1550c0a545d/r_14",
            "rotation": 0.12566370614359174,
            "transform_matrix": [
                [
                    -0.37624499201774597,
                    -0.725631594657898,
                    0.5761063694953918,
                    2.322359085083008
                ],
                [
                    0.9265202283859253,
                    -0.2946673333644867,
                    0.2339475452899933,
                    0.9430727362632751
                ],
                [
                    -1.4901161193847656e-08,
                    0.6217958331108093,
                    0.7831794023513794,
                    3.157097101211548
                ],
                [
                    0.0,
                    0.0,
                    0.0,
                    1.0
                ]
            ]
        },
        {
            "file_path": "/data/shapenet_blender/all_50_random/02958343/7046566750f129126aa0f1550c0a545d/r_15",
            "rotation": 0.12566370614359174,
            "transform_matrix": [
                [
                    -0.9911808967590332,
                    -0.0007179547683335841,
                    0.13251428306102753,
                    0.534182071685791
                ],
                [
                    0.13251623511314392,
                    -0.005370082333683968,
                    0.991166353225708,
                    3.995518922805786
                ],
                [
                    0.0,
                    0.9999853372573853,
                    0.005417863372713327,
                    0.021840102970600128
                ],
                [
                    0.0,
                    0.0,
                    0.0,
                    1.0
                ]
            ]
        },
        {
            "file_path": "/data/shapenet_blender/all_50_random/02958343/7046566750f129126aa0f1550c0a545d/r_16",
            "rotation": 0.12566370614359174,
            "transform_matrix": [
                [
                    0.7749709486961365,
                    -0.5525147318840027,
                    -0.30683445930480957,
                    -1.2368892431259155
                ],
                [
                    -0.631996750831604,
                    -0.6775079965591431,
                    -0.37624844908714294,
                    -1.5167059898376465
                ],
                [
                    1.4901160305669237e-08,
                    0.4854999780654907,
                    -0.8742366433143616,
                    -3.524160623550415
                ],
                [
                    0.0,
                    0.0,
                    0.0,
                    1.0
                ]
            ]
        },
        {
            "file_path": "/data/shapenet_blender/all_50_random/02958343/7046566750f129126aa0f1550c0a545d/r_17",
            "rotation": 0.12566370614359174,
            "transform_matrix": [
                [
                    0.9834340810775757,
                    -0.1295885145664215,
                    0.12674519419670105,
                    0.5109263062477112
                ],
                [
                    0.18126647174358368,
                    0.7030630707740784,
                    -0.6876370310783386,
                    -2.771953821182251
                ],
                [
                    -7.450581485102248e-09,
                    0.6992203593254089,
                    0.7149060964584351,
                    2.8818788528442383
                ],
                [
                    0.0,
                    0.0,
                    0.0,
                    1.0
                ]
            ]
        },
        {
            "file_path": "/data/shapenet_blender/all_50_random/02958343/7046566750f129126aa0f1550c0a545d/r_18",
            "rotation": 0.12566370614359174,
            "transform_matrix": [
                [
                    0.9778649806976318,
                    -0.009019237942993641,
                    0.20904232561588287,
                    0.8426766395568848
                ],
                [
                    0.20923683047294617,
                    0.04215126857161522,
                    -0.9769560098648071,
                    -3.9382359981536865
                ],
                [
                    0.0,
                    0.9990704655647278,
                    0.04310540482401848,
                    0.1737634539604187
                ],
                [
                    0.0,
                    0.0,
                    0.0,
                    1.0
                ]
            ]
        },
        {
            "file_path": "/data/shapenet_blender/all_50_random/02958343/7046566750f129126aa0f1550c0a545d/r_19",
            "rotation": 0.12566370614359174,
            "transform_matrix": [
                [
                    0.6130623817443848,
                    0.5854310989379883,
                    -0.5304948687553406,
                    -2.138493537902832
                ],
                [
                    -0.7900345325469971,
                    0.45429128408432007,
                    -0.4116610884666443,
                    -1.6594589948654175
                ],
                [
                    -1.4901161193847656e-08,
                    0.6714832186698914,
                    0.7410196661949158,
                    2.9871461391448975
                ],
                [
                    0.0,
                    0.0,
                    0.0,
                    1.0
                ]
            ]
        },
        {
            "file_path": "/data/shapenet_blender/all_50_random/02958343/7046566750f129126aa0f1550c0a545d/r_20",
            "rotation": 0.12566370614359174,
            "transform_matrix": [
                [
                    -0.7367973327636719,
                    -0.1542568802833557,
                    -0.6582815051078796,
                    -2.6536176204681396
                ],
                [
                    -0.6761136651039124,
                    0.16810199618339539,
                    0.7173646092414856,
                    2.891789197921753
                ],
                [
                    7.450580596923828e-09,
                    0.9736254215240479,
                    -0.2281523048877716,
                    -0.9197113513946533
                ],
                [
                    0.0,
                    0.0,
                    0.0,
                    1.0
                ]
            ]
        },
        {
            "file_path": "/data/shapenet_blender/all_50_random/02958343/7046566750f129126aa0f1550c0a545d/r_21",
            "rotation": 0.12566370614359174,
            "transform_matrix": [
                [
                    0.34281033277511597,
                    -0.8603209257125854,
                    -0.37726518511772156,
                    -1.5208046436309814
                ],
                [
                    -0.9394047260284424,
                    -0.3139508366584778,
                    -0.13767272233963013,
                    -0.5549765229225159
                ],
                [
                    0.0,
                    0.4016002416610718,
                    -0.9158150553703308,
                    -3.6917686462402344
                ],
                [
                    0.0,
                    0.0,
                    0.0,
                    1.0
                ]
            ]
        },
        {
            "file_path": "/data/shapenet_blender/all_50_random/02958343/7046566750f129126aa0f1550c0a545d/r_22",
            "rotation": 0.12566370614359174,
            "transform_matrix": [
                [
                    -0.9954716563224792,
                    0.07245127856731415,
                    -0.061539288610219955,
                    -0.2480728030204773
                ],
                [
                    -0.09505931288003922,
                    -0.7587178349494934,
                    0.6444462537765503,
                    2.597846031188965
                ],
                [
                    0.0,
                    0.6473777294158936,
                    0.7621691823005676,
                    3.072402238845825
                ],
                [
                    0.0,
                    0.0,
                    0.0,
                    1.0
                ]
            ]
        },
        {
            "file_path": "/data/shapenet_blender/all_50_random/02958343/7046566750f129126aa0f1550c0a545d/r_23",
            "rotation": 0.12566370614359174,
            "transform_matrix": [
                [
                    -0.3663598597049713,
                    -0.00036029788316227496,
                    0.9304731488227844,
                    3.75085711479187
                ],
                [
                    0.9304732084274292,
                    -0.00014186189218889922,
                    0.3663598299026489,
                    1.4768435955047607
                ],
                [
                    1.4551914361005114e-11,
                    0.9999999403953552,
                    0.00038722006138414145,
                    0.0015609338879585266
                ],
                [
                    0.0,
                    0.0,
                    0.0,
                    1.0
                ]
            ]
        },
        {
            "file_path": "/data/shapenet_blender/all_50_random/02958343/7046566750f129126aa0f1550c0a545d/r_24",
            "rotation": 0.12566370614359174,
            "transform_matrix": [
                [
                    0.8939908742904663,
                    0.22542035579681396,
                    0.38725441694259644,
                    1.5610724687576294
                ],
                [
                    0.4480851888656616,
                    -0.4497442841529846,
                    -0.772625207901001,
                    -3.1145517826080322
                ],
                [
                    1.4901161193847656e-08,
                    0.8642428517341614,
                    -0.5030747652053833,
                    -2.0279593467712402
                ],
                [
                    0.0,
                    0.0,
                    0.0,
                    1.0
                ]
            ]
        },
        {
            "file_path": "/data/shapenet_blender/all_50_random/02958343/7046566750f129126aa0f1550c0a545d/r_25",
            "rotation": 0.12566370614359174,
            "transform_matrix": [
                [
                    -0.681637704372406,
                    -0.49982380867004395,
                    0.5343652367591858,
                    2.15409517288208
                ],
                [
                    0.7316898703575134,
                    -0.46563270688056946,
                    0.49781128764152527,
                    2.006741523742676
                ],
                [
                    0.0,
                    0.7303165793418884,
                    0.6831088066101074,
                    2.753699779510498
                ],
                [
                    0.0,
                    0.0,
                    0.0,
                    1.0
                ]
            ]
        },
        {
            "file_path": "/data/shapenet_blender/all_50_random/02958343/7046566750f129126aa0f1550c0a545d/r_26",
            "rotation": 0.12566370614359174,
            "transform_matrix": [
                [
                    0.9215206503868103,
                    0.0015441798605024815,
                    0.38832637667655945,
                    1.5653936862945557
                ],
                [
                    0.38832947611808777,
                    -0.003664397867396474,
                    -0.9215133190155029,
                    -3.7147390842437744
                ],
                [
                    0.0,
                    0.9999921321868896,
                    -0.003976467996835709,
                    -0.016029655933380127
                ],
                [
                    0.0,
                    0.0,
                    0.0,
                    1.0
                ]
            ]
        },
        {
            "file_path": "/data/shapenet_blender/all_50_random/02958343/7046566750f129126aa0f1550c0a545d/r_27",
            "rotation": 0.12566370614359174,
            "transform_matrix": [
                [
                    -0.8422501683235168,
                    0.17805016040802002,
                    -0.5088347792625427,
                    -2.0511786937713623
                ],
                [
                    -0.5390869379043579,
                    -0.2781791687011719,
                    0.7949852347373962,
                    3.20468807220459
                ],
                [
                    1.4901162970204496e-08,
                    0.9438825845718384,
                    0.33028098940849304,
                    1.3314052820205688
                ],
                [
                    0.0,
                    0.0,
                    0.0,
                    1.0
                ]
            ]
        },
        {
            "file_path": "/data/shapenet_blender/all_50_random/02958343/7046566750f129126aa0f1550c0a545d/r_28",
            "rotation": 0.12566370614359174,
            "transform_matrix": [
                [
                    -0.24149544537067413,
                    0.062089234590530396,
                    -0.9684135317802429,
                    -3.9038000106811523
                ],
                [
                    -0.97040194272995,
                    -0.015451605431735516,
                    0.24100060760974884,
                    0.9715045690536499
                ],
                [
                    -9.313225191043273e-10,
                    0.9979509711265564,
                    0.0639830008149147,
                    0.25792375206947327
                ],
                [
                    0.0,
                    0.0,
                    0.0,
                    1.0
                ]
            ]
        },
        {
            "file_path": "/data/shapenet_blender/all_50_random/02958343/7046566750f129126aa0f1550c0a545d/r_29",
            "rotation": 0.12566370614359174,
            "transform_matrix": [
                [
                    0.9821324348449707,
                    0.1236533597111702,
                    -0.14186511933803558,
                    -0.5718766450881958
                ],
                [
                    -0.18819104135036469,
                    0.6453227996826172,
                    -0.7403664588928223,
                    -2.9845128059387207
                ],
                [
                    0.0,
                    0.7538356184959412,
                    0.6570628881454468,
                    2.64870548248291
                ],
                [
                    0.0,
                    0.0,
                    0.0,
                    1.0
                ]
            ]
        },
        {
            "file_path": "/data/shapenet_blender/all_50_random/02958343/7046566750f129126aa0f1550c0a545d/r_30",
            "rotation": 0.12566370614359174,
            "transform_matrix": [
                [
                    -0.9813711047172546,
                    0.10502872616052628,
                    -0.16087201237678528,
                    -0.6484959125518799
                ],
                [
                    -0.1921219676733017,
                    -0.5364933609962463,
                    0.8217443823814392,
                    3.3125576972961426
                ],
                [
                    0.0,
                    0.8373430967330933,
                    0.5466773509979248,
                    2.2037272453308105
                ],
                [
                    0.0,
                    0.0,
                    0.0,
                    1.0
                ]
            ]
        },
        {
            "file_path": "/data/shapenet_blender/all_50_random/02958343/7046566750f129126aa0f1550c0a545d/r_31",
            "rotation": 0.12566370614359174,
            "transform_matrix": [
                [
                    -0.21779297292232513,
                    -0.001017612754367292,
                    0.9759944677352905,
                    3.934359550476074
                ],
                [
                    0.9759950637817383,
                    -0.00022707994503434747,
                    0.2177928388118744,
                    0.8779510259628296
                ],
                [
                    0.0,
                    0.9999995231628418,
                    0.001042641350068152,
                    0.00420302152633667
                ],
                [
                    0.0,
                    0.0,
                    0.0,
                    1.0
                ]
            ]
        },
        {
            "file_path": "/data/shapenet_blender/all_50_random/02958343/7046566750f129126aa0f1550c0a545d/r_32",
            "rotation": 0.12566370614359174,
            "transform_matrix": [
                [
                    -0.24074621498584747,
                    -0.4182583689689636,
                    0.8758431077003479,
                    3.5306365489959717
                ],
                [
                    0.9705881476402283,
                    -0.1037454754114151,
                    0.21724551916122437,
                    0.8757447004318237
                ],
                [
                    0.0,
                    0.9023838639259338,
                    0.4309329688549042,
                    1.7371463775634766
                ],
                [
                    0.0,
                    0.0,
                    0.0,
                    1.0
                ]
            ]
        },
        {
            "file_path": "/data/shapenet_blender/all_50_random/02958343/7046566750f129126aa0f1550c0a545d/r_33",
            "rotation": 0.12566370614359174,
            "transform_matrix": [
                [
                    -0.8498948812484741,
                    0.3073485493659973,
                    -0.42803695797920227,
                    -1.725472331047058
                ],
                [
                    -0.5269523859024048,
                    -0.4957069456577301,
                    0.6903591752052307,
                    2.7829270362854004
                ],
                [
                    0.0,
                    0.8122878670692444,
                    0.583256721496582,
                    2.3511831760406494
                ],
                [
                    0.0,
                    0.0,
                    0.0,
                    1.0
                ]
            ]
        },
        {
            "file_path": "/data/shapenet_blender/all_50_random/02958343/7046566750f129126aa0f1550c0a545d/r_34",
            "rotation": 0.12566370614359174,
            "transform_matrix": [
                [
                    0.8159500956535339,
                    -0.5113502740859985,
                    -0.26971524953842163,
                    -1.087256908416748
                ],
                [
                    -0.5781222581863403,
                    -0.7217094898223877,
                    -0.3806706666946411,
                    -1.5345325469970703
                ],
                [
                    -1.4901159417490817e-08,
                    0.46653661131858826,
                    -0.8845018744468689,
                    -3.5655410289764404
                ],
                [
                    0.0,
                    0.0,
                    0.0,
                    1.0
                ]
            ]
        },
        {
            "file_path": "/data/shapenet_blender/all_50_random/02958343/7046566750f129126aa0f1550c0a545d/r_35",
            "rotation": 0.12566370614359174,
            "transform_matrix": [
                [
                    0.4703772962093353,
                    -0.16175277531147003,
                    0.8675143718719482,
                    3.4970624446868896
                ],
                [
                    0.8824654221534729,
                    0.08621849119663239,
                    -0.4624079763889313,
                    -1.8640263080596924
                ],
                [
                    -7.450580596923828e-09,
                    0.9830576777458191,
                    0.18329642713069916,
                    0.7388916015625
                ],
                [
                    0.0,
                    0.0,
                    0.0,
                    1.0
                ]
            ]
        },
        {
            "file_path": "/data/shapenet_blender/all_50_random/02958343/7046566750f129126aa0f1550c0a545d/r_36",
            "rotation": 0.12566370614359174,
            "transform_matrix": [
                [
                    -0.4812943637371063,
                    -0.532455563545227,
                    -0.6963093280792236,
                    -2.806912899017334
                ],
                [
                    -0.8765590190887451,
                    0.2923566699028015,
                    0.3823242485523224,
                    1.541198492050171
                ],
                [
                    0.0,
                    0.7943668365478516,
                    -0.6074382662773132,
                    -2.448662281036377
                ],
                [
                    0.0,
                    0.0,
                    0.0,
                    1.0
                ]
            ]
        },
        {
            "file_path": "/data/shapenet_blender/all_50_random/02958343/7046566750f129126aa0f1550c0a545d/r_37",
            "rotation": 0.12566370614359174,
            "transform_matrix": [
                [
                    0.30340367555618286,
                    0.20046819746494293,
                    -0.9315356612205505,
                    -3.7551403045654297
                ],
                [
                    -0.9528620839118958,
                    0.06383167952299118,
                    -0.29661306738853455,
                    -1.1956855058670044
                ],
                [
                    0.0,
                    0.9776185750961304,
                    0.2103853076696396,
                    0.8480902910232544
                ],
                [
                    0.0,
                    0.0,
                    0.0,
                    1.0
                ]
            ]
        },
        {
            "file_path": "/data/shapenet_blender/all_50_random/02958343/7046566750f129126aa0f1550c0a545d/r_38",
            "rotation": 0.12566370614359174,
            "transform_matrix": [
                [
                    -0.23060467839241028,
                    0.02477533370256424,
                    0.9727321267127991,
                    3.921208143234253
                ],
                [
                    0.9730475544929504,
                    0.005871560424566269,
                    0.23052990436553955,
                    0.9292956590652466
                ],
                [
                    0.0,
                    0.9996757507324219,
                    -0.0254615880548954,
                    -0.10263893008232117
                ],
                [
                    0.0,
                    0.0,
                    0.0,
                    1.0
                ]
            ]
        },
        {
            "file_path": "/data/shapenet_blender/all_50_random/02958343/7046566750f129126aa0f1550c0a545d/r_39",
            "rotation": 0.12566370614359174,
            "transform_matrix": [
                [
                    -0.9953511953353882,
                    0.009235577657818794,
                    -0.09586810320615768,
                    -0.3864566385746002
                ],
                [
                    -0.09631191939115524,
                    -0.09544657170772552,
                    0.9907644391059875,
                    3.993898630142212
                ],
                [
                    0.0,
                    0.9953916668891907,
                    0.09589237719774246,
                    0.386554479598999
                ],
                [
                    0.0,
                    0.0,
                    0.0,
                    1.0
                ]
            ]
        },
        {
            "file_path": "/data/shapenet_blender/all_50_random/02958343/7046566750f129126aa0f1550c0a545d/r_40",
            "rotation": 0.12566370614359174,
            "transform_matrix": [
                [
                    -0.25676432251930237,
                    -0.009316046722233295,
                    -0.9664291143417358,
                    -3.8958003520965576
                ],
                [
                    -0.9664739966392517,
                    0.002475005341693759,
                    0.2567524015903473,
                    1.0350019931793213
                ],
                [
                    -2.3283062977608182e-10,
                    0.99995356798172,
                    -0.009639209136366844,
                    -0.03885689377784729
                ],
                [
                    0.0,
                    0.0,
                    0.0,
                    1.0
                ]
            ]
        },
        {
            "file_path": "/data/shapenet_blender/all_50_random/02958343/7046566750f129126aa0f1550c0a545d/r_41",
            "rotation": 0.12566370614359174,
            "transform_matrix": [
                [
                    0.9021420478820801,
                    0.0168501865118742,
                    0.4311099946498871,
                    1.737860083580017
                ],
                [
                    0.43143925070762634,
                    -0.035233840346336365,
                    -0.9014536142349243,
                    -3.633876085281372
                ],
                [
