{
    "class": "02958343",
    "model": "1569406dfc3b7ecba9fe1734a6086750",
    "remove_doubles": true,
    "edge_split": true,
    "denoise": true,
    "camera_angle_x": 0.6911112070083618,
    "scale_factor": 2.243797638459135,
    "hdri_file": "/data/IndoorHDRDataset2018/AG8A4786-d502998f99.exr",
    "center_offset": [
        0.0,
        -9.313225746154785e-10,
        -3.725290298461914e-09
    ],
    "lights": [],
    "frames": [
        {
            "file_path": "/data/shapenet_blender/all_50_random/02958343/1569406dfc3b7ecba9fe1734a6086750/r_0",
            "rotation": 0.12566370614359174,
            "transform_matrix": [
                [
                    0.8202958106994629,
                    0.5101019740104675,
                    0.2586711347103119,
                    1.0427367687225342
                ],
                [
                    0.5719395279884338,
                    -0.7316061854362488,
                    -0.3709951937198639,
                    -1.4955295324325562
                ],
                [
                    1.4901162970204496e-08,
                    0.4522700607776642,
                    -0.8918809294700623,
                    -3.595287322998047
                ],
                [
                    0.0,
                    0.0,
                    0.0,
                    1.0
                ]
            ]
        },
        {
            "file_path": "/data/shapenet_blender/all_50_random/02958343/1569406dfc3b7ecba9fe1734a6086750/r_1",
            "rotation": 0.12566370614359174,
            "transform_matrix": [
                [
                    -0.2739064395427704,
                    0.05620991066098213,
                    0.9601123929023743,
                    3.8703367710113525
                ],
                [
                    0.9617564082145691,
                    0.016008475795388222,
                    0.2734382152557373,
                    1.102264642715454
                ],
                [
                    1.862645149230957e-09,
                    0.9982906579971313,
                    -0.05844506621360779,
                    -0.2355995923280716
                ],
                [
                    0.0,
                    0.0,
                    0.0,
                    1.0
                ]
            ]
        },
        {
            "file_path": "/data/shapenet_blender/all_50_random/02958343/1569406dfc3b7ecba9fe1734a6086750/r_2",
            "rotation": 0.12566370614359174,
            "transform_matrix": [
                [
                    0.026612387970089912,
                    -0.14755968749523163,
                    0.9886950850486755,
                    3.9855573177337646
                ],
                [
                    0.9996457695960999,
                    0.003928306978195906,
                    -0.026320861652493477,
                    -0.10610278695821762
                ],
                [
                    2.3283062977608182e-10,
                    0.989045262336731,
                    0.14761197566986084,
                    0.595042884349823
                ],
                [
                    0.0,
                    0.0,
                    0.0,
                    1.0
                ]
            ]
        },
        {
            "file_path": "/data/shapenet_blender/all_50_random/02958343/1569406dfc3b7ecba9fe1734a6086750/r_3",
            "rotation": 0.12566370614359174,
            "transform_matrix": [
                [
                    0.007650434505194426,
                    -0.1842292994260788,
                    0.9828534126281738,
                    3.9620091915130615
                ],
                [
                    0.9999706745147705,
                    0.0014094755752012134,
                    -0.007519476115703583,
                    -0.030311979353427887
                ],
                [
                    -1.1641532182693481e-10,
                    0.9828822016716003,
                    0.18423467874526978,
                    0.7426738142967224
                ],
                [
                    0.0,
                    0.0,
                    0.0,
                    1.0
                ]
            ]
        },
        {
            "file_path": "/data/shapenet_blender/all_50_random/02958343/1569406dfc3b7ecba9fe1734a6086750/r_4",
            "rotation": 0.12566370614359174,
            "transform_matrix": [
                [
                    0.330863893032074,
                    -0.10740119963884354,
                    -0.9375467896461487,
                    -3.779372215270996
                ],
                [
                    -0.9436784386634827,
                    -0.0376560278236866,
                    -0.3287140727043152,
                    -1.3250889778137207
                ],
                [
                    0.0,
                    0.9935023784637451,
                    -0.11381123214960098,
                    -0.4587877690792084
                ],
                [
                    0.0,
                    0.0,
                    0.0,
                    1.0
                ]
            ]
        },
        {
            "file_path": "/data/shapenet_blender/all_50_random/02958343/1569406dfc3b7ecba9fe1734a6086750/r_5",
            "rotation": 0.12566370614359174,
            "transform_matrix": [
                [
                    0.024120839312672615,
                    -0.6079006195068359,
                    0.7936465740203857,
                    3.199291944503784
                ],
                [
                    0.9997091293334961,
                    0.014667339622974396,
                    -0.019148990511894226,
                    -0.07719206064939499
                ],
                [
                    0.0,
                    0.7938775420188904,
                    0.6080775260925293,
                    2.4512391090393066
                ],
                [
                    0.0,
                    0.0,
                    0.0,
                    1.0
                ]
            ]
        },
        {
            "file_path": "/data/shapenet_blender/all_50_random/02958343/1569406dfc3b7ecba9fe1734a6086750/r_6",
            "rotation": 0.12566370614359174,
            "transform_matrix": [
                [
                    0.9585413336753845,
                    -0.24152745306491852,
                    -0.1512046903371811,
                    -0.6095256805419922
                ],
                [
                    -0.284953236579895,
                    -0.8124632835388184,
                    -0.5086305737495422,
                    -2.0503556728363037
                ],
                [
                    -7.450580152834618e-09,
                    0.5306298136711121,
                    -0.8476035594940186,
                    -3.416799545288086
                ],
                [
                    0.0,
                    0.0,
                    0.0,
                    1.0
                ]
            ]
        },
        {
            "file_path": "/data/shapenet_blender/all_50_random/02958343/1569406dfc3b7ecba9fe1734a6086750/r_7",
            "rotation": 0.12566370614359174,
            "transform_matrix": [
                [
                    -0.808211088180542,
                    -0.14712642133235931,
                    0.5702180862426758,
                    2.2986226081848145
                ],
                [
                    0.588892936706543,
                    -0.20191991329193115,
                    0.7825812697410583,
                    3.1546859741210938
                ],
                [
                    0.0,
                    0.968288242816925,
                    0.24983564019203186,
                    1.0071196556091309
                ],
                [
                    0.0,
                    0.0,
                    0.0,
                    1.0
                ]
            ]
        },
        {
            "file_path": "/data/shapenet_blender/all_50_random/02958343/1569406dfc3b7ecba9fe1734a6086750/r_8",
            "rotation": 0.12566370614359174,
            "transform_matrix": [
                [
                    -0.8843175172805786,
                    0.21185539662837982,
                    -0.41605278849601746,
                    -1.6771622896194458
                ],
                [
                    -0.46688610315322876,
                    -0.4012701213359833,
                    0.7880353927612305,
                    3.1766719818115234
                ],
                [
                    0.0,
                    0.8911226391792297,
                    0.4537625312805176,
                    1.8291749954223633
                ],
                [
                    0.0,
                    0.0,
                    0.0,
                    1.0
                ]
            ]
        },
        {
            "file_path": "/data/shapenet_blender/all_50_random/02958343/1569406dfc3b7ecba9fe1734a6086750/r_9",
            "rotation": 0.12566370614359174,
            "transform_matrix": [
                [
                    0.6543460488319397,
                    0.06333339214324951,
                    -0.7535384297370911,
                    -3.0376102924346924
                ],
                [
                    -0.7561951875686646,
                    0.05480324849486351,
                    -0.6520470976829529,
                    -2.628485679626465
                ],
                [
                    0.0,
                    0.9964866042137146,
                    0.08375269919633865,
                    0.3376178741455078
                ],
                [
                    0.0,
                    0.0,
                    0.0,
                    1.0
                ]
            ]
        },
        {
            "file_path": "/data/shapenet_blender/all_50_random/02958343/1569406dfc3b7ecba9fe1734a6086750/r_10",
            "rotation": 0.12566370614359174,
            "transform_matrix": [
                [
                    -0.8835448026657104,
                    -0.08901719003915787,
                    -0.459809273481369,
                    -1.8535505533218384
                ],
                [
                    -0.4683467447757721,
                    0.16793256998062134,
                    0.8674387335777283,
                    3.4967575073242188
                ],
                [
                    0.0,
                    0.9817711710929871,
                    -0.19006682932376862,
                    -0.7661839723587036
                ],
                [
                    0.0,
                    0.0,
                    0.0,
                    1.0
                ]
            ]
        },
        {
            "file_path": "/data/shapenet_blender/all_50_random/02958343/1569406dfc3b7ecba9fe1734a6086750/r_11",
            "rotation": 0.12566370614359174,
            "transform_matrix": [
                [
                    0.9747672080993652,
                    0.07516254484653473,
                    0.2101890593767166,
                    0.8472992777824402
                ],
                [
                    0.22322379052639008,
                    -0.32821768522262573,
                    -0.9178475737571716,
                    -3.6999621391296387
                ],
                [
                    7.450580596923828e-09,
                    0.9416069388389587,
                    -0.33671388030052185,
                    -1.357337236404419
                ],
                [
                    0.0,
                    0.0,
                    0.0,
                    1.0
                ]
            ]
        },
        {
            "file_path": "/data/shapenet_blender/all_50_random/02958343/1569406dfc3b7ecba9fe1734a6086750/r_12",
            "rotation": 0.12566370614359174,
            "transform_matrix": [
                [
                    0.8410321474075317,
                    -0.15729793906211853,
                    -0.5176121592521667,
                    -2.086561441421509
                ],
                [
                    -0.5409852266311646,
                    -0.24454019963741302,
                    -0.8046956658363342,
                    -3.2438318729400635
                ],
                [
                    0.0,
                    0.9567954540252686,
                    -0.2907619774341583,
                    -1.172098994255066
                ],
                [
                    0.0,
                    0.0,
                    0.0,
                    1.0
                ]
            ]
        },
        {
            "file_path": "/data/shapenet_blender/all_50_random/02958343/1569406dfc3b7ecba9fe1734a6086750/r_13",
            "rotation": 0.12566370614359174,
            "transform_matrix": [
                [
                    0.658753514289856,
                    -0.3393552601337433,
                    -0.6714772582054138,
                    -2.7068116664886475
                ],
                [
                    -0.7523587942123413,
                    -0.2971341013908386,
                    -0.5879349112510681,
                    -2.370041608810425
                ],
                [
                    1.4901161193847656e-08,
                    0.8924959301948547,
                    -0.45105504989624023,
                    -1.8182612657546997
                ],
                [
                    0.0,
                    0.0,
                    0.0,
                    1.0
                ]
            ]
        },
        {
            "file_path": "/data/shapenet_blender/all_50_random/02958343/1569406dfc3b7ecba9fe1734a6086750/r_14",
            "rotation": 0.12566370614359174,
            "transform_matrix": [
                [
                    0.20186907052993774,
                    -0.5581386685371399,
                    0.8048166036605835,
                    3.2443199157714844
                ],
                [
                    0.9794124364852905,
                    0.11503931879997253,
                    -0.16588270664215088,
                    -0.6686946153640747
                ],
                [
                    0.0,
                    0.8217340707778931,
                    0.5698708891868591,
                    2.2972233295440674
                ],
                [
                    0.0,
                    0.0,
                    0.0,
                    1.0
                ]
            ]
        },
        {
            "file_path": "/data/shapenet_blender/all_50_random/02958343/1569406dfc3b7ecba9fe1734a6086750/r_15",
            "rotation": 0.12566370614359174,
            "transform_matrix": [
                [
                    0.7514320611953735,
                    -0.006338085979223251,
                    -0.6597800254821777,
                    -2.659658432006836
                ],
                [
                    -0.659810483455658,
                    -0.007218194659799337,
                    -0.7513973116874695,
                    -3.028979539871216
                ],
                [
                    4.656613428188905e-10,
                    0.9999538660049438,
                    -0.00960591807961464,
                    -0.0387226939201355
                ],
                [
                    0.0,
                    0.0,
                    0.0,
                    1.0
                ]
            ]
        },
        {
            "file_path": "/data/shapenet_blender/all_50_random/02958343/1569406dfc3b7ecba9fe1734a6086750/r_16",
            "rotation": 0.12566370614359174,
            "transform_matrix": [
                [
                    -0.9917418956756592,
                    -0.005389215890318155,
                    -0.1281367689371109,
                    -0.5165358781814575
                ],
                [
                    -0.1282500922679901,
                    0.041674137115478516,
                    0.9908657670021057,
                    3.9943079948425293
                ],
                [
                    0.0,
                    0.9991167187690735,
                    -0.04202114790678024,
                    -0.1693926751613617
                ],
                [
                    0.0,
                    0.0,
                    0.0,
                    1.0
                ]
            ]
        },
        {
            "file_path": "/data/shapenet_blender/all_50_random/02958343/1569406dfc3b7ecba9fe1734a6086750/r_17",
            "rotation": 0.12566370614359174,
            "transform_matrix": [
                [
                    0.7331188321113586,
                    0.4407380223274231,
                    0.5179640650749207,
                    2.087980031967163
                ],
                [
                    0.6801005601882935,
                    -0.4750964045524597,
                    -0.558342695236206,
                    -2.250751495361328
                ],
                [
                    1.4901161193847656e-08,
                    0.7615992426872253,
                    -0.6480482816696167,
                    -2.612366199493408
                ],
                [
                    0.0,
                    0.0,
                    0.0,
                    1.0
                ]
            ]
        },
        {
            "file_path": "/data/shapenet_blender/all_50_random/02958343/1569406dfc3b7ecba9fe1734a6086750/r_18",
            "rotation": 0.12566370614359174,
            "transform_matrix": [
                [
                    -0.0009529109811410308,
                    -0.012381241656839848,
                    -0.9999228119850159,
                    -4.030817985534668
                ],
                [
                    -0.999999463558197,
                    1.1798227205872536e-05,
                    0.0009528379305265844,
                    0.003841012716293335
                ],
                [
                    -9.094945391426024e-13,
                    0.9999234080314636,
                    -0.012381244450807571,
                    -0.049910396337509155
                ],
                [
                    0.0,
                    0.0,
                    0.0,
                    1.0
                ]
            ]
        },
        {
            "file_path": "/data/shapenet_blender/all_50_random/02958343/1569406dfc3b7ecba9fe1734a6086750/r_19",
            "rotation": 0.12566370614359174,
            "transform_matrix": [
                [
                    0.8898009657859802,
                    0.323731929063797,
                    0.3216393291950226,
                    1.2965697050094604
                ],
                [
                    0.45634880661964417,
                    -0.6312210559844971,
                    -0.6271408796310425,
                    -2.528085947036743
                ],
                [
                    -1.4901160305669237e-08,
                    0.704810380935669,
                    -0.709395706653595,
                    -2.859665870666504
                ],
                [
                    0.0,
                    0.0,
                    0.0,
                    1.0
                ]
            ]
        },
        {
            "file_path": "/data/shapenet_blender/all_50_random/02958343/1569406dfc3b7ecba9fe1734a6086750/r_20",
            "rotation": 0.12566370614359174,
            "transform_matrix": [
                [
                    -0.8207576870918274,
                    0.1966572403907776,
                    -0.5363605618476868,
                    -2.1621389389038086
                ],
                [
                    -0.5712764859199524,
                    -0.28253912925720215,
                    0.7705937623977661,
                    3.10636305809021
                ],
                [
                    0.0,
                    0.9388810396194458,
                    0.34424179792404175,
                    1.3876831531524658
                ],
                [
                    0.0,
                    0.0,
                    0.0,
                    1.0
                ]
            ]
        },
        {
            "file_path": "/data/shapenet_blender/all_50_random/02958343/1569406dfc3b7ecba9fe1734a6086750/r_21",
            "rotation": 0.12566370614359174,
            "transform_matrix": [
                [
                    0.06961272656917572,
                    0.32841184735298157,
                    -0.9419658184051514,
                    -3.7971858978271484
                ],
                [
                    -0.9975740909576416,
                    0.022917238995432854,
                    -0.06573227047920227,
                    -0.26497527956962585
                ],
                [
                    -1.8626450382086546e-09,
                    0.944256603717804,
                    0.32921040058135986,
                    1.3270896673202515
                ],
                [
                    0.0,
                    0.0,
                    0.0,
                    1.0
                ]
            ]
        },
        {
            "file_path": "/data/shapenet_blender/all_50_random/02958343/1569406dfc3b7ecba9fe1734a6086750/r_22",
            "rotation": 0.12566370614359174,
            "transform_matrix": [
                [
                    -0.7570366263389587,
                    0.4605191648006439,
                    0.4634840488433838,
                    1.8683640956878662
                ],
                [
                    0.6533722877502441,
                    0.5335853695869446,
                    0.5370206236839294,
                    2.164799690246582
                ],
                [
                    -1.4901160305669237e-08,
                    0.7093721032142639,
                    -0.7048341631889343,
                    -2.841277599334717
                ],
                [
                    0.0,
                    0.0,
                    0.0,
                    1.0
                ]
            ]
        },
        {
            "file_path": "/data/shapenet_blender/all_50_random/02958343/1569406dfc3b7ecba9fe1734a6086750/r_23",
            "rotation": 0.12566370614359174,
            "transform_matrix": [
                [
                    -0.19903096556663513,
                    -0.34429681301116943,
                    0.9175217747688293,
                    3.6986489295959473
                ],
                [
                    0.9799932241439819,
                    -0.06992469727993011,
                    0.18634337186813354,
                    0.7511742115020752
                ],
                [
                    0.0,
                    0.9362532496452332,
                    0.3513256907463074,
                    1.4162392616271973
                ],
                [
                    0.0,
                    0.0,
                    0.0,
                    1.0
                ]
            ]
        },
        {
            "file_path": "/data/shapenet_blender/all_50_random/02958343/1569406dfc3b7ecba9fe1734a6086750/r_24",
            "rotation": 0.12566370614359174,
            "transform_matrix": [
                [
                    -0.3219674825668335,
                    0.0027311609592288733,
                    -0.9467467665672302,
                    -3.816458225250244
                ],
                [
                    -0.9467506408691406,
                    -0.0009288032306358218,
                    0.32196617126464844,
                    1.2978872060775757
                ],
                [
                    0.0,
                    0.999995768070221,
                    0.0028847733046859503,
                    0.011628893204033375
                ],
                [
                    0.0,
                    0.0,
                    0.0,
                    1.0
                ]
            ]
        },
        {
            "file_path": "/data/shapenet_blender/all_50_random/02958343/1569406dfc3b7ecba9fe1734a6086750/r_25",
            "rotation": 0.12566370614359174,
            "transform_matrix": [
                [
                    0.9625946283340454,
                    0.008442706428468227,
                    -0.27081429958343506,
                    -1.0916874408721924
                ],
                [
                    -0.27094587683677673,
                    0.02999456226825714,
                    -0.962127149105072,
                    -3.8784587383270264
                ],
                [
                    0.0,
                    0.9995143413543701,
                    0.03116011992096901,
                    0.12561047077178955
                ],
                [
                    0.0,
                    0.0,
                    0.0,
                    1.0
                ]
            ]
        },
        {
            "file_path": "/data/shapenet_blender/all_50_random/02958343/1569406dfc3b7ecba9fe1734a6086750/r_26",
            "rotation": 0.12566370614359174,
            "transform_matrix": [
                [
                    -0.41356152296066284,
                    0.033156562596559525,
                    -0.9098722338676453,
                    -3.6678123474121094
                ],
                [
                    -0.9104762673377991,
                    -0.01506055612117052,
                    0.4132871627807617,
                    1.6660138368606567
                ],
                [
                    0.0,
                    0.9993366599082947,
                    0.03641672804951668,
                    0.14680053293704987
                ],
                [
                    0.0,
                    0.0,
                    0.0,
                    1.0
                ]
            ]
        },
        {
            "file_path": "/data/shapenet_blender/all_50_random/02958343/1569406dfc3b7ecba9fe1734a6086750/r_27",
            "rotation": 0.12566370614359174,
            "transform_matrix": [
                [
                    0.1705082505941391,
                    -0.3148639500141144,
                    -0.9336956739425659,
                    -3.763847589492798
                ],
                [
                    -0.9853562712669373,
                    -0.054484762251377106,
                    -0.1615687906742096,
                    -0.6513046026229858
                ],
                [
                    0.0,
                    0.9475716948509216,
                    -0.3195432424545288,
                    -1.2881200313568115
                ],
                [
                    0.0,
                    0.0,
                    0.0,
                    1.0
                ]
            ]
        },
        {
            "file_path": "/data/shapenet_blender/all_50_random/02958343/1569406dfc3b7ecba9fe1734a6086750/r_28",
            "rotation": 0.12566370614359174,
            "transform_matrix": [
                [
                    -0.9967317581176758,
                    -0.055177465081214905,
                    0.0590028241276741,
                    0.23784801363945007
                ],
                [
                    0.08078297227621078,
                    -0.6808010339736938,
                    0.7279998064041138,
                    2.934661388397217
                ],
                [
                    0.0,
                    0.7303869724273682,
                    0.6830334067344666,
                    2.7533960342407227
                ],
                [
                    0.0,
                    0.0,
                    0.0,
                    1.0
                ]
            ]
        },
        {
            "file_path": "/data/shapenet_blender/all_50_random/02958343/1569406dfc3b7ecba9fe1734a6086750/r_29",
            "rotation": 0.12566370614359174,
            "transform_matrix": [
                [
                    0.26685357093811035,
                    -0.1561243087053299,
                    0.9510070085525513,
                    3.833631992340088
                ],
                [
                    0.9637370109558105,
                    0.043229974806308746,
                    -0.2633287012577057,
                    -1.0615119934082031
                ],
                [
                    3.725290076417309e-09,
                    0.9867908954620361,
                    0.16199886798858643,
                    0.6530383229255676
                ],
                [
                    0.0,
                    0.0,
                    0.0,
                    1.0
                ]
            ]
        },
        {
            "file_path": "/data/shapenet_blender/all_50_random/02958343/1569406dfc3b7ecba9fe1734a6086750/r_30",
            "rotation": 0.12566370614359174,
            "transform_matrix": [
                [
                    0.982007622718811,
                    0.026774007827043533,
                    0.18693344295024872,
                    0.7535527944564819
                ],
                [
                    0.1888410896062851,
                    -0.1392296552658081,
                    -0.9720875024795532,
                    -3.918610095977783
                ],
                [
                    0.0,
                    0.989898145198822,
                    -0.14178059995174408,
                    -0.5715358853340149
                ],
                [
                    0.0,
                    0.0,
                    0.0,
                    1.0
                ]
            ]
        },
        {
            "file_path": "/data/shapenet_blender/all_50_random/02958343/1569406dfc3b7ecba9fe1734a6086750/r_31",
            "rotation": 0.12566370614359174,
            "transform_matrix": [
                [
                    -0.5169355869293213,
                    0.37154680490493774,
                    0.7711877226829529,
                    3.108757257461548
                ],
                [
                    0.8560243248939514,
                    0.22436952590942383,
                    0.4657045304775238,
                    1.8773150444030762
                ],
                [
                    1.4901162970204496e-08,
                    0.9008946418762207,
                    -0.4340376853942871,
                    -1.749661922454834
                ],
                [
                    0.0,
                    0.0,
                    0.0,
                    1.0
                ]
            ]
        },
        {
            "file_path": "/data/shapenet_blender/all_50_random/02958343/1569406dfc3b7ecba9fe1734a6086750/r_32",
            "rotation": 0.12566370614359174,
            "transform_matrix": [
                [
                    0.9732775688171387,
                    0.01344324741512537,
                    0.22923798859119415,
                    0.9240878820419312
                ],
                [
                    0.22963182628154755,
                    -0.05697821453213692,
                    -0.9716083407402039,
                    -3.9166784286499023
                ],
                [
                    0.0,
                    0.9982848167419434,
                    -0.05854262411594391,
                    -0.23599286377429962
                ],
                [
                    0.0,
                    0.0,
                    0.0,
                    1.0
                ]
            ]
        },
        {
            "file_path": "/data/shapenet_blender/all_50_random/02958343/1569406dfc3b7ecba9fe1734a6086750/r_33",
            "rotation": 0.12566370614359174,
            "transform_matrix": [
                [
                    -0.9438561797142029,
                    -0.02195133827626705,
                    -0.3296266496181488,
                    -1.3287675380706787
                ],
                [
                    -0.33035677671432495,
                    0.0627167597413063,
                    0.9417701363563538,
                    3.7963967323303223
                ],
                [
                    0.0,
                    0.9977899789810181,
                    -0.06644736975431442,
                    -0.2678579092025757
                ],
                [
                    0.0,
                    0.0,
                    0.0,
                    1.0
                ]
            ]
        },
        {
            "file_path": "/data/shapenet_blender/all_50_random/02958343/1569406dfc3b7ecba9fe1734a6086750/r_34",
            "rotation": 0.12566370614359174,
            "transform_matrix": [
                [
                    -0.8175275921821594,
                    0.09069400280714035,
                    0.5687031149864197,
                    2.292515516281128
                ],
                [
                    0.5758894085884094,
                    0.12874840199947357,
                    0.8073259592056274,
                    3.2544350624084473
                ],
                [
                    0.0,
                    0.9875212907791138,
                    -0.15748509764671326,
                    -0.6348427534103394
                ],
                [
                    0.0,
                    0.0,
                    0.0,
                    1.0
                ]
            ]
        },
        {
            "file_path": "/data/shapenet_blender/all_50_random/02958343/1569406dfc3b7ecba9fe1734a6086750/r_35",
            "rotation": 0.12566370614359174,
            "transform_matrix": [
                [
                    -0.816527783870697,
                    0.033647652715444565,
                    0.5763248801231384,
                    2.323239803314209
                ],
                [
                    0.57730633020401,
                    0.047590404748916626,
                    0.815139651298523,
                    3.285933017730713
                ],
                [
                    1.862645371275562e-09,
                    0.9982999563217163,
                    -0.05828389152884483,
                    -0.23494988679885864
                ],
                [
                    0.0,
                    0.0,
                    0.0,
                    1.0
                ]
            ]
        },
        {
            "file_path": "/data/shapenet_blender/all_50_random/02958343/1569406dfc3b7ecba9fe1734a6086750/r_36",
            "rotation": 0.12566370614359174,
            "transform_matrix": [
                [
                    0.8333812355995178,
                    0.27624738216400146,
                    -0.4787099063396454,
                    -1.929741382598877
                ],
                [
                    -0.5526986122131348,
                    0.4165368974208832,
                    -0.7218180298805237,
                    -2.9097416400909424
                ],
                [
                    0.0,
                    0.8661319017410278,
                    0.49981552362442017,
                    2.0148208141326904
                ],
                [
                    0.0,
                    0.0,
                    0.0,
                    1.0
                ]
            ]
        },
        {
            "file_path": "/data/shapenet_blender/all_50_random/02958343/1569406dfc3b7ecba9fe1734a6086750/r_37",
            "rotation": 0.12566370614359174,
            "transform_matrix": [
                [
                    0.9808090925216675,
                    0.16951057314872742,
                    0.09633129090070724,
                    0.3883238434791565
                ],
                [
                    0.19497065246105194,
                    -0.8527309894561768,
                    -0.48459911346435547,
                    -1.9534814357757568
                ],
                [
                    7.450580596923828e-09,
                    0.49408096075057983,
                    -0.8694158792495728,
                    -3.504727363586426
                ],
                [
                    0.0,
                    0.0,
                    0.0,
                    1.0
                ]
            ]
        },
        {
            "file_path": "/data/shapenet_blender/all_50_random/02958343/1569406dfc3b7ecba9fe1734a6086750/r_38",
            "rotation": 0.12566370614359174,
            "transform_matrix": [
                [
                    -0.6726223826408386,
                    -0.6217532157897949,
                    -0.40125057101249695,
                    -1.6174927949905396
                ],
                [
                    -0.7399858832359314,
                    0.5651528239250183,
                    0.3647233247756958,
                    1.4702467918395996
                ],
                [
                    -1.4901161193847656e-08,
                    0.5422407388687134,
                    -0.8402230739593506,
                    -3.387047529220581
                ],
                [
                    0.0,
                    0.0,
                    0.0,
                    1.0
                ]
            ]
        },
        {
            "file_path": "/data/shapenet_blender/all_50_random/02958343/1569406dfc3b7ecba9fe1734a6086750/r_39",
            "rotation": 0.12566370614359174,
            "transform_matrix": [
                [
                    0.9315364956855774,
                    -0.005571935325860977,
                    0.3636051118373871,
                    1.4657392501831055
                ],
                [
                    0.36364784836769104,
                    0.014273317530751228,
                    -0.9314270615577698,
                    -3.7547028064727783
                ],
                [
                    4.656612873077393e-10,
                    0.9998825788497925,
                    0.015322337858378887,
                    0.06176632270216942
                ],
                [
                    0.0,
                    0.0,
                    0.0,
                    1.0
                ]
            ]
        },
        {
            "file_path": "/data/shapenet_blender/all_50_random/02958343/1569406dfc3b7ecba9fe1734a6086750/r_40",
            "rotation": 0.12566370614359174,
            "transform_matrix": [
                [
                    0.8518345355987549,
                    -0.08714652806520462,
                    -0.5165107846260071,
                    -2.0821218490600586
                ],
                [
                    -0.5238110423088074,
                    -0.14171983301639557,
                    -0.8399626612663269,
                    -3.385998010635376
                ],
                [
                    0.0,
                    0.9860633015632629,
                    -0.16637015342712402,
                    -0.670659601688385
                ],
                [
                    0.0,
                    0.0,
                    0.0,
                    1.0
                ]
            ]
        },
        {
            "file_path": "/data/shapenet_blender/all_50_random/02958343/1569406dfc3b7ecba9fe1734a6086750/r_41",
            "rotation": 0.12566370614359174,
            "transform_matrix": [
                [
                    0.7273827195167542,
                    0.43365517258644104,
                    0.5318435430526733,
                    2.143929958343506
                ],
                [
                    0.6862320303916931,
                    -0.4596598148345947,
                    -0.5637361407279968,
                    -2.2724931240081787
