{
    "class": "02958343",
    "model": "40f2f3962e360a3c16abce8cb03e7794",
    "remove_doubles": true,
    "edge_split": true,
    "denoise": true,
    "camera_angle_x": 0.6911112070083618,
    "scale_factor": 2.2572089970759044,
    "hdri_file": "/data/IndoorHDRDataset2018/AG8A6592-693645da82.exr",
    "center_offset": [
        0.0,
        0.0,
        0.0
    ],
    "lights": [],
    "frames": [
        {
            "file_path": "/data/shapenet_blender/all_50_random/02958343/40f2f3962e360a3c16abce8cb03e7794/r_0",
            "rotation": 0.12566370614359174,
            "transform_matrix": [
                [
                    -0.7342647314071655,
                    -0.02000008337199688,
                    0.6785684823989868,
                    2.7353973388671875
                ],
                [
                    0.6788632869720459,
                    -0.021632274612784386,
                    0.7339459657669067,
                    2.9586310386657715
                ],
                [
                    -9.313225746154785e-10,
                    0.9995659589767456,
                    0.02946113608777523,
                    0.11876164376735687
                ],
                [
                    0.0,
                    0.0,
                    0.0,
                    1.0
                ]
            ]
        },
        {
            "file_path": "/data/shapenet_blender/all_50_random/02958343/40f2f3962e360a3c16abce8cb03e7794/r_1",
            "rotation": 0.12566370614359174,
            "transform_matrix": [
                [
                    -0.9277805685997009,
                    -0.3611755669116974,
                    0.09367818385362625,
                    0.3776288330554962
                ],
                [
                    0.3731265664100647,
                    -0.8980643153190613,
                    0.23293113708496094,
                    0.93897545337677
                ],
                [
                    0.0,
                    0.25106295943260193,
                    0.9679708480834961,
                    3.902015209197998
                ],
                [
                    0.0,
                    0.0,
                    0.0,
                    1.0
                ]
            ]
        },
        {
            "file_path": "/data/shapenet_blender/all_50_random/02958343/40f2f3962e360a3c16abce8cb03e7794/r_2",
            "rotation": 0.12566370614359174,
            "transform_matrix": [
                [
                    -0.3778049051761627,
                    0.00181139528285712,
                    0.925883412361145,
                    3.7323555946350098
                ],
                [
                    0.9258853197097778,
                    0.0007391346152871847,
                    0.37780407071113586,
                    1.5229769945144653
                ],
                [
                    0.0,
                    0.9999980330467224,
                    -0.001956392778083682,
                    -0.007886472158133984
                ],
                [
                    0.0,
                    0.0,
                    0.0,
                    1.0
                ]
            ]
        },
        {
            "file_path": "/data/shapenet_blender/all_50_random/02958343/40f2f3962e360a3c16abce8cb03e7794/r_3",
            "rotation": 0.12566370614359174,
            "transform_matrix": [
                [
                    0.9814377427101135,
                    -0.012745399959385395,
                    0.19135682284832,
                    0.7713840007781982
                ],
                [
                    0.19178079068660736,
                    0.0652245506644249,
                    -0.9792680740356445,
                    -3.9475557804107666
                ],
                [
                    9.313224635931761e-10,
                    0.9977892637252808,
                    0.06645816564559937,
                    0.2679014205932617
                ],
                [
                    0.0,
                    0.0,
                    0.0,
                    1.0
                ]
            ]
        },
        {
            "file_path": "/data/shapenet_blender/all_50_random/02958343/40f2f3962e360a3c16abce8cb03e7794/r_4",
            "rotation": 0.12566370614359174,
            "transform_matrix": [
                [
                    0.4909909963607788,
                    0.2620217800140381,
                    0.8308262825012207,
                    3.349168062210083
                ],
                [
                    0.8711646795272827,
                    -0.1476762592792511,
                    -0.4682562053203583,
                    -1.8876012563705444
                ],
                [
                    -7.450580596923828e-09,
                    0.9536961317062378,
                    -0.3007718026638031,
                    -1.2124500274658203
                ],
                [
                    0.0,
                    0.0,
                    0.0,
                    1.0
                ]
            ]
        },
        {
            "file_path": "/data/shapenet_blender/all_50_random/02958343/40f2f3962e360a3c16abce8cb03e7794/r_5",
            "rotation": 0.12566370614359174,
            "transform_matrix": [
                [
                    -0.28910717368125916,
                    -0.0347091481089592,
                    -0.9566672444343567,
                    -3.8564491271972656
                ],
                [
                    -0.9572967886924744,
                    0.01048229169100523,
                    0.28891706466674805,
                    1.1646618843078613
                ],
                [
                    0.0,
                    0.9993423819541931,
                    -0.036257464438676834,
                    -0.14615851640701294
                ],
                [
                    0.0,
                    0.0,
                    0.0,
                    1.0
                ]
            ]
        },
        {
            "file_path": "/data/shapenet_blender/all_50_random/02958343/40f2f3962e360a3c16abce8cb03e7794/r_6",
            "rotation": 0.12566370614359174,
            "transform_matrix": [
                [
                    0.37966087460517883,
                    0.3463011384010315,
                    0.8578653931617737,
                    3.4581663608551025
                ],
                [
                    0.9251258373260498,
                    -0.1421179473400116,
                    -0.35205796360969543,
                    -1.4191911220550537
                ],
                [
                    -7.450581485102248e-09,
                    0.927295982837677,
                    -0.37432870268821716,
                    -1.508967399597168
                ],
                [
                    0.0,
                    0.0,
                    0.0,
                    1.0
                ]
            ]
        },
        {
            "file_path": "/data/shapenet_blender/all_50_random/02958343/40f2f3962e360a3c16abce8cb03e7794/r_7",
            "rotation": 0.12566370614359174,
            "transform_matrix": [
                [
                    -0.9980529546737671,
                    -0.027108455076813698,
                    0.056174833327531815,
                    0.22644799947738647
                ],
                [
                    0.06237372010946274,
                    -0.433767169713974,
                    0.8988634943962097,
                    3.623434543609619
                ],
                [
                    -1.862645371275562e-09,
                    0.9006170630455017,
                    0.434613436460495,
                    1.7519828081130981
                ],
                [
                    0.0,
                    0.0,
                    0.0,
                    1.0
                ]
            ]
        },
        {
            "file_path": "/data/shapenet_blender/all_50_random/02958343/40f2f3962e360a3c16abce8cb03e7794/r_8",
            "rotation": 0.12566370614359174,
            "transform_matrix": [
                [
                    -0.4346608519554138,
                    -0.60308837890625,
                    0.6688454747200012,
                    2.696202278137207
                ],
                [
                    0.9005942344665527,
                    -0.2910732924938202,
                    0.3228101134300232,
                    1.3012892007827759
                ],
                [
                    2.9802322387695312e-08,
                    0.7426712512969971,
                    0.6696561574935913,
                    2.699470281600952
                ],
                [
                    0.0,
                    0.0,
                    0.0,
                    1.0
                ]
            ]
        },
        {
            "file_path": "/data/shapenet_blender/all_50_random/02958343/40f2f3962e360a3c16abce8cb03e7794/r_9",
            "rotation": 0.12566370614359174,
            "transform_matrix": [
                [
                    -0.36423423886299133,
                    0.25141429901123047,
                    0.8967297077178955,
                    3.614833116531372
                ],
                [
                    0.9313073754310608,
                    0.0983281210064888,
                    0.350710928440094,
                    1.413761019706726
                ],
                [
                    0.0,
                    0.9628719091415405,
                    -0.2699584662914276,
                    -1.0882374048233032
                ],
                [
                    0.0,
                    0.0,
                    0.0,
                    1.0
                ]
            ]
        },
        {
            "file_path": "/data/shapenet_blender/all_50_random/02958343/40f2f3962e360a3c16abce8cb03e7794/r_10",
            "rotation": 0.12566370614359174,
            "transform_matrix": [
                [
                    -0.2397657334804535,
                    0.010681338608264923,
                    0.9707720279693604,
                    3.9133071899414062
                ],
                [
                    0.9708306789398193,
                    0.00263796653598547,
                    0.23975124955177307,
                    0.9664682149887085
                ],
                [
                    0.0,
                    0.999939501285553,
                    -0.01100226491689682,
                    -0.044351547956466675
                ],
                [
                    0.0,
                    0.0,
                    0.0,
                    1.0
                ]
            ]
        },
        {
            "file_path": "/data/shapenet_blender/all_50_random/02958343/40f2f3962e360a3c16abce8cb03e7794/r_11",
            "rotation": 0.12566370614359174,
            "transform_matrix": [
                [
                    0.2814919650554657,
                    -0.30250850319862366,
                    0.9106320738792419,
                    3.6708755493164062
                ],
                [
                    0.9595635533332825,
                    0.08874212950468063,
                    -0.26713770627975464,
                    -1.076866626739502
                ],
                [
                    0.0,
                    0.9490064978599548,
                    0.315256267786026,
                    1.270838737487793
                ],
                [
                    0.0,
                    0.0,
                    0.0,
                    1.0
                ]
            ]
        },
        {
            "file_path": "/data/shapenet_blender/all_50_random/02958343/40f2f3962e360a3c16abce8cb03e7794/r_12",
            "rotation": 0.12566370614359174,
            "transform_matrix": [
                [
                    0.7531957626342773,
                    0.41314250230789185,
                    0.5118686556816101,
                    2.063408613204956
                ],
                [
                    0.6577965617179871,
                    -0.47305986285209656,
                    -0.586104154586792,
                    -2.362661361694336
                ],
                [
                    -2.980232594040899e-08,
                    0.778156578540802,
                    -0.6280702948570251,
                    -2.531832456588745
                ],
                [
                    0.0,
                    0.0,
                    0.0,
                    1.0
                ]
            ]
        },
        {
            "file_path": "/data/shapenet_blender/all_50_random/02958343/40f2f3962e360a3c16abce8cb03e7794/r_13",
            "rotation": 0.12566370614359174,
            "transform_matrix": [
                [
                    -0.5215672850608826,
                    0.44679853320121765,
                    -0.7268690466880798,
                    -2.930102825164795
                ],
                [
                    -0.8532102704048157,
                    -0.27312785387039185,
                    0.4443349242210388,
                    1.7911713123321533
                ],
                [
                    0.0,
                    0.8519225120544434,
                    0.5236676931381226,
                    2.1109719276428223
                ],
                [
                    0.0,
                    0.0,
                    0.0,
                    1.0
                ]
            ]
        },
        {
            "file_path": "/data/shapenet_blender/all_50_random/02958343/40f2f3962e360a3c16abce8cb03e7794/r_14",
            "rotation": 0.12566370614359174,
            "transform_matrix": [
                [
                    0.39413976669311523,
                    0.25641798973083496,
                    -0.8825551867485046,
                    -3.5576937198638916
                ],
                [
                    -0.9190505146980286,
                    0.1099662333726883,
                    -0.37848854064941406,
                    -1.5257360935211182
                ],
                [
                    0.0,
                    0.9602901935577393,
                    0.2790031433105469,
                    1.1246976852416992
                ],
                [
                    0.0,
                    0.0,
                    0.0,
                    1.0
                ]
            ]
        },
        {
            "file_path": "/data/shapenet_blender/all_50_random/02958343/40f2f3962e360a3c16abce8cb03e7794/r_15",
            "rotation": 0.12566370614359174,
            "transform_matrix": [
                [
                    -0.20518022775650024,
                    -0.4381408095359802,
                    0.8751763701438904,
                    3.5279488563537598
                ],
                [
                    0.9787243604660034,
                    -0.09185203909873962,
                    0.18347236514091492,
                    0.7396007776260376
                ],
                [
                    7.450581485102248e-09,
                    0.8942011594772339,
                    0.447665274143219,
                    1.8045964241027832
                ],
                [
                    0.0,
                    0.0,
                    0.0,
                    1.0
                ]
            ]
        },
        {
            "file_path": "/data/shapenet_blender/all_50_random/02958343/40f2f3962e360a3c16abce8cb03e7794/r_16",
            "rotation": 0.12566370614359174,
            "transform_matrix": [
                [
                    -0.18322132527828217,
                    -0.9826838970184326,
                    0.0276117492467165,
                    0.11130651831626892
                ],
                [
                    0.9830716848373413,
                    -0.1831490397453308,
                    0.005146177485585213,
                    0.02074490487575531
                ],
                [
                    -4.6566123179658803e-10,
                    0.028086351230740547,
                    0.9996054768562317,
                    4.029538631439209
                ],
                [
                    0.0,
                    0.0,
                    0.0,
                    1.0
                ]
            ]
        },
        {
            "file_path": "/data/shapenet_blender/all_50_random/02958343/40f2f3962e360a3c16abce8cb03e7794/r_17",
            "rotation": 0.12566370614359174,
            "transform_matrix": [
                [
                    0.7283806800842285,
                    -0.24970191717147827,
                    -0.6380520462989807,
                    -2.5720701217651367
                ],
                [
                    -0.6851725578308105,
                    -0.26544854044914246,
                    -0.6782886981964111,
                    -2.734269142150879
                ],
                [
                    1.4901161193847656e-08,
                    0.9312281608581543,
                    -0.364436537027359,
                    -1.4690907001495361
                ],
                [
                    0.0,
                    0.0,
                    0.0,
                    1.0
                ]
            ]
        },
        {
            "file_path": "/data/shapenet_blender/all_50_random/02958343/40f2f3962e360a3c16abce8cb03e7794/r_18",
            "rotation": 0.12566370614359174,
            "transform_matrix": [
                [
                    -0.8372944593429565,
                    -0.38049986958503723,
                    0.39262938499450684,
                    1.5827397108078003
                ],
                [
                    0.5467522740364075,
                    -0.5826960802078247,
                    0.6012712121009827,
                    2.423801898956299
                ],
                [
                    -1.4901162970204496e-08,
                    0.7181119918823242,
                    0.6959274411201477,
                    2.805373191833496
                ],
                [
                    0.0,
                    0.0,
                    0.0,
                    1.0
                ]
            ]
        },
        {
            "file_path": "/data/shapenet_blender/all_50_random/02958343/40f2f3962e360a3c16abce8cb03e7794/r_19",
            "rotation": 0.12566370614359174,
            "transform_matrix": [
                [
                    -0.9903175234794617,
                    -0.08399828523397446,
                    -0.11052338778972626,
                    -0.44553402066230774
                ],
                [
                    -0.13882049918174744,
                    0.5992268323898315,
                    0.788451611995697,
                    3.1783502101898193
                ],
                [
                    -7.450580596923828e-09,
                    0.7961603999137878,
                    -0.605085551738739,
                    -2.439177989959717
                ],
                [
                    0.0,
                    0.0,
                    0.0,
                    1.0
                ]
            ]
        },
        {
            "file_path": "/data/shapenet_blender/all_50_random/02958343/40f2f3962e360a3c16abce8cb03e7794/r_20",
            "rotation": 0.12566370614359174,
            "transform_matrix": [
                [
                    -0.5797144770622253,
                    -0.5838530659675598,
                    0.5683720707893372,
                    2.2911810874938965
                ],
                [
                    0.8148198127746582,
                    -0.41539010405540466,
                    0.40437597036361694,
                    1.630091667175293
                ],
                [
                    -1.4901162970204496e-08,
                    0.6975433826446533,
                    0.7165425419807434,
                    2.8884754180908203
                ],
                [
                    0.0,
                    0.0,
                    0.0,
                    1.0
                ]
            ]
        },
        {
            "file_path": "/data/shapenet_blender/all_50_random/02958343/40f2f3962e360a3c16abce8cb03e7794/r_21",
            "rotation": 0.12566370614359174,
            "transform_matrix": [
                [
                    0.9687901735305786,
                    0.1969960480928421,
                    0.15046007931232452,
                    0.6065239906311035
                ],
                [
                    0.24788236618041992,
                    -0.769912838935852,
                    -0.58803790807724,
                    -2.3704566955566406
                ],
                [
                    7.450580596923828e-09,
                    0.6069816946983337,
                    -0.7947157621383667,
                    -3.203601598739624
                ],
                [
                    0.0,
                    0.0,
                    0.0,
                    1.0
                ]
            ]
        },
        {
            "file_path": "/data/shapenet_blender/all_50_random/02958343/40f2f3962e360a3c16abce8cb03e7794/r_22",
            "rotation": 0.12566370614359174,
            "transform_matrix": [
                [
                    -0.5523640513420105,
                    0.13782304525375366,
                    0.822130560874939,
                    3.314114570617676
                ],
                [
                    0.833603024482727,
                    0.09132463485002518,
                    0.5447620749473572,
                    2.1960062980651855
                ],
                [
                    -7.450580596923828e-09,
                    0.986237645149231,
                    -0.16533412039279938,
                    -0.6664832234382629
                ],
                [
                    0.0,
                    0.0,
                    0.0,
                    1.0
                ]
            ]
        },
        {
            "file_path": "/data/shapenet_blender/all_50_random/02958343/40f2f3962e360a3c16abce8cb03e7794/r_23",
            "rotation": 0.12566370614359174,
            "transform_matrix": [
                [
                    0.6999894976615906,
                    0.3655906915664673,
                    0.613480269908905,
                    2.473018169403076
                ],
                [
                    0.7141530513763428,
                    -0.3583400547504425,
                    -0.6013132929801941,
                    -2.42397141456604
                ],
                [
                    1.4901161193847656e-08,
                    0.8590319156646729,
                    -0.5119220018386841,
                    -2.0636236667633057
                ],
                [
                    0.0,
                    0.0,
                    0.0,
                    1.0
                ]
            ]
        },
        {
            "file_path": "/data/shapenet_blender/all_50_random/02958343/40f2f3962e360a3c16abce8cb03e7794/r_24",
            "rotation": 0.12566370614359174,
            "transform_matrix": [
                [
                    -0.9986695647239685,
                    0.03542230278253555,
                    -0.037474311888217926,
                    -0.15106379985809326
                ],
                [
                    -0.05156610906124115,
                    -0.6860159635543823,
                    0.7257567644119263,
                    2.92561936378479
                ],
                [
                    0.0,
                    0.7267236709594727,
                    0.6869298219680786,
                    2.7691028118133545
                ],
                [
                    0.0,
                    0.0,
                    0.0,
                    1.0
                ]
            ]
        },
        {
            "file_path": "/data/shapenet_blender/all_50_random/02958343/40f2f3962e360a3c16abce8cb03e7794/r_25",
            "rotation": 0.12566370614359174,
            "transform_matrix": [
                [
                    -0.15065525472164154,
                    0.3031758964061737,
                    0.9409501552581787,
                    3.7930915355682373
                ],
                [
                    0.9885863065719604,
                    0.046202391386032104,
                    0.14339576661586761,
                    0.5780468583106995
                ],
                [
                    -3.725290076417309e-09,
                    0.9518138766288757,
                    -0.3066761791706085,
                    -1.2362513542175293
                ],
                [
                    0.0,
                    0.0,
                    0.0,
                    1.0
                ]
            ]
        },
        {
            "file_path": "/data/shapenet_blender/all_50_random/02958343/40f2f3962e360a3c16abce8cb03e7794/r_26",
            "rotation": 0.12566370614359174,
            "transform_matrix": [
                [
                    0.6179089546203613,
                    -0.20896582305431366,
                    -0.7579721212387085,
                    -3.055483341217041
                ],
                [
                    -0.7862496376037598,
                    -0.1642250120639801,
                    -0.5956858396530151,
                    -2.4012863636016846
                ],
                [
                    0.0,
                    0.964034914970398,
                    -0.2657754123210907,
                    -1.0713750123977661
                ],
                [
                    0.0,
                    0.0,
                    0.0,
                    1.0
                ]
            ]
        },
        {
            "file_path": "/data/shapenet_blender/all_50_random/02958343/40f2f3962e360a3c16abce8cb03e7794/r_27",
            "rotation": 0.12566370614359174,
            "transform_matrix": [
                [
                    -0.5317751169204712,
                    0.021920563653111458,
                    -0.8466017842292786,
                    -3.4127612113952637
                ],
                [
                    -0.846885621547699,
                    -0.013764328323304653,
                    0.5315968990325928,
                    2.1429359912872314
                ],
                [
                    0.0,
                    0.999664843082428,
                    0.025883739814162254,
                    0.10434070229530334
                ],
                [
                    0.0,
                    0.0,
                    0.0,
                    1.0
                ]
            ]
        },
        {
            "file_path": "/data/shapenet_blender/all_50_random/02958343/40f2f3962e360a3c16abce8cb03e7794/r_28",
            "rotation": 0.12566370614359174,
            "transform_matrix": [
                [
                    0.8842394948005676,
                    0.1018720492720604,
                    -0.4557880163192749,
                    -1.8373403549194336
                ],
                [
                    -0.4670339524745941,
                    0.19287525117397308,
                    -0.8629474639892578,
                    -3.4786527156829834
                ],
                [
                    0.0,
                    0.9759206771850586,
                    0.218125581741333,
                    0.8792924284934998
                ],
                [
                    0.0,
                    0.0,
                    0.0,
                    1.0
                ]
            ]
        },
        {
            "file_path": "/data/shapenet_blender/all_50_random/02958343/40f2f3962e360a3c16abce8cb03e7794/r_29",
            "rotation": 0.12566370614359174,
            "transform_matrix": [
                [
                    -0.9995921850204468,
                    -0.022474877536296844,
                    -0.017617566511034966,
                    -0.07101868093013763
                ],
                [
                    -0.028556939214468002,
                    0.7866988778114319,
                    0.6166760921478271,
                    2.48590087890625
                ],
                [
                    0.0,
                    0.6169276833534241,
                    -0.7870197892189026,
                    -3.1725783348083496
                ],
                [
                    0.0,
                    0.0,
                    0.0,
                    1.0
                ]
            ]
        },
        {
            "file_path": "/data/shapenet_blender/all_50_random/02958343/40f2f3962e360a3c16abce8cb03e7794/r_30",
            "rotation": 0.12566370614359174,
            "transform_matrix": [
                [
                    0.07645685970783234,
                    -0.8086773157119751,
                    0.5832626819610596,
                    2.3512070178985596
                ],
                [
                    0.9970728754997253,
                    0.062010444700717926,
                    -0.04472535103559494,
                    -0.18029364943504333
                ],
                [
                    0.0,
                    0.5849750638008118,
                    0.8110513091087341,
                    3.2694523334503174
                ],
                [
                    0.0,
                    0.0,
                    0.0,
                    1.0
                ]
            ]
        },
        {
            "file_path": "/data/shapenet_blender/all_50_random/02958343/40f2f3962e360a3c16abce8cb03e7794/r_31",
            "rotation": 0.12566370614359174,
            "transform_matrix": [
                [
                    -0.9143293499946594,
                    -0.09668586403131485,
                    -0.3932604491710663,
                    -1.5852835178375244
                ],
                [
                    -0.40497153997421265,
                    0.2182936668395996,
                    0.887888491153717,
                    3.579192876815796
                ],
                [
                    0.0,
                    0.9710817337036133,
                    -0.23874734342098236,
                    -0.9624212980270386
                ],
                [
                    0.0,
                    0.0,
                    0.0,
                    1.0
                ]
            ]
        },
        {
            "file_path": "/data/shapenet_blender/all_50_random/02958343/40f2f3962e360a3c16abce8cb03e7794/r_32",
            "rotation": 0.12566370614359174,
            "transform_matrix": [
                [
                    0.3763303756713867,
                    0.037499554455280304,
                    -0.9257264137268066,
                    -3.731722116470337
                ],
                [
                    -0.9264855980873108,
                    0.015231992118060589,
                    -0.37602198123931885,
                    -1.515792965888977
                ],
                [
                    9.313225746154785e-10,
                    0.9991805553436279,
                    0.04047505557537079,
                    0.16316014528274536
                ],
                [
                    0.0,
                    0.0,
                    0.0,
                    1.0
                ]
            ]
        },
        {
            "file_path": "/data/shapenet_blender/all_50_random/02958343/40f2f3962e360a3c16abce8cb03e7794/r_33",
            "rotation": 0.12566370614359174,
            "transform_matrix": [
                [
                    -0.06836718320846558,
                    -0.03572767227888107,
                    0.9970202445983887,
                    4.01911735534668
                ],
                [
                    0.9976601600646973,
                    -0.0024483290035277605,
                    0.06832332909107208,
                    0.2754201889038086
                ],
                [
                    0.0,
                    0.9993584752082825,
                    0.03581146150827408,
                    0.14436063170433044
                ],
                [
                    0.0,
                    0.0,
                    0.0,
                    1.0
                ]
            ]
        },
        {
            "file_path": "/data/shapenet_blender/all_50_random/02958343/40f2f3962e360a3c16abce8cb03e7794/r_34",
            "rotation": 0.12566370614359174,
            "transform_matrix": [
                [
                    0.6883562207221985,
                    0.4164106547832489,
                    0.5939427018165588,
                    2.394259452819824
                ],
                [
                    0.7253729104995728,
                    -0.3951606750488281,
                    -0.5636330246925354,
                    -2.2720773220062256
                ],
                [
                    0.0,
                    0.8188101649284363,
                    -0.574064314365387,
                    -2.314127206802368
                ],
                [
                    0.0,
                    0.0,
                    0.0,
                    1.0
                ]
            ]
        },
        {
            "file_path": "/data/shapenet_blender/all_50_random/02958343/40f2f3962e360a3c16abce8cb03e7794/r_35",
            "rotation": 0.12566370614359174,
            "transform_matrix": [
                [
                    -0.9846568703651428,
                    -0.04370325431227684,
                    0.16894017159938812,
                    0.68101966381073
                ],
                [
                    0.1745014637708664,
                    -0.24660369753837585,
                    0.9532762765884399,
                    3.8427798748016357
                ],
                [
                    0.0,
                    0.9681304097175598,
                    0.25044628977775574,
                    1.009581446647644
                ],
                [
                    0.0,
                    0.0,
                    0.0,
                    1.0
                ]
            ]
        },
        {
            "file_path": "/data/shapenet_blender/all_50_random/02958343/40f2f3962e360a3c16abce8cb03e7794/r_36",
            "rotation": 0.12566370614359174,
            "transform_matrix": [
                [
                    0.8885921239852905,
                    0.14009752869606018,
                    -0.43678000569343567,
                    -1.7607166767120361
                ],
                [
                    -0.4586983323097229,
                    0.2713974714279175,
                    -0.8461318612098694,
                    -3.4108669757843018
                ],
                [
                    7.450581485102248e-09,
                    0.952216386795044,
                    0.3054240942001343,
                    1.2312040328979492
                ],
                [
                    0.0,
                    0.0,
                    0.0,
                    1.0
                ]
            ]
        },
        {
            "file_path": "/data/shapenet_blender/all_50_random/02958343/40f2f3962e360a3c16abce8cb03e7794/r_37",
            "rotation": 0.12566370614359174,
            "transform_matrix": [
                [
                    0.44913268089294434,
                    -0.051341358572244644,
                    0.8919886946678162,
                    3.59572172164917
                ],
                [
                    0.8934651613235474,
                    0.02580859512090683,
                    -0.4483904540538788,
                    -1.8075199127197266
                ],
                [
                    0.0,
                    0.9983475804328918,
                    0.05746319144964218,
                    0.23164154589176178
                ],
                [
                    0.0,
                    0.0,
                    0.0,
                    1.0
                ]
            ]
        },
        {
            "file_path": "/data/shapenet_blender/all_50_random/02958343/40f2f3962e360a3c16abce8cb03e7794/r_38",
            "rotation": 0.12566370614359174,
            "transform_matrix": [
                [
                    0.8535439968109131,
                    -0.0655747726559639,
                    0.5168778300285339,
                    2.0836009979248047
                ],
                [
                    0.5210208296775818,
                    0.10742556303739548,
                    -0.8467568755149841,
                    -3.4133856296539307
                ],
                [
                    0.0,
                    0.9920482039451599,
                    0.12585829198360443,
                    0.5073509216308594
                ],
                [
                    0.0,
                    0.0,
                    0.0,
                    1.0
                ]
            ]
        },
        {
            "file_path": "/data/shapenet_blender/all_50_random/02958343/40f2f3962e360a3c16abce8cb03e7794/r_39",
            "rotation": 0.12566370614359174,
            "transform_matrix": [
                [
                    -0.6478990316390991,
                    0.015184368006885052,
                    0.7615748643875122,
                    3.0700063705444336
                ],
                [
                    0.7617262601852417,
                    0.012915320694446564,
                    0.647770345211029,
                    2.61124587059021
                ],
                [
                    0.0,
                    0.9998012781143188,
                    -0.01993415504693985,
                    -0.0803571492433548
                ],
                [
                    0.0,
                    0.0,
                    0.0,
                    1.0
                ]
            ]
        },
        {
            "file_path": "/data/shapenet_blender/all_50_random/02958343/40f2f3962e360a3c16abce8cb03e7794/r_40",
            "rotation": 0.12566370614359174,
            "transform_matrix": [
                [
                    -0.17546971142292023,
                    -0.5078668594360352,
                    0.8433750867843628,
                    3.3997538089752197
                ],
                [
                    0.9844849109649658,
                    -0.09051968157291412,
                    0.15031901001930237,
                    0.6059553027153015
                ],
                [
                    0.0,
                    0.8566663265228271,
                    0.5158707499504089,
                    2.0795414447784424
                ],
                [
                    0.0,
                    0.0,
                    0.0,
                    1.0
                ]
            ]
        },
        {
            "file_path": "/data/shapenet_blender/all_50_random/02958343/40f2f3962e360a3c16abce8cb03e7794/r_41",
            "rotation": 0.12566370614359174,
            "transform_matrix": [
                [
                    0.871554970741272,
                    -0.2988971173763275,
                    0.38865476846694946,
                    1.5667173862457275
                ],
                [
                    0.49029791355133057,
                    0.5313203930854797,
                    -0.6908738017082214,
                    -2.785001277923584
                ],
                [
                    -1.4901161193847656e-08,
                    0.7926911115646362,
