{
    "class": "02958343",
    "model": "a2fa0bfd39718f1688a610ac9b7aaa40",
    "remove_doubles": true,
    "edge_split": true,
    "denoise": true,
    "camera_angle_x": 0.6911112070083618,
    "scale_factor": 2.2526734796059613,
    "hdri_file": "/data/IndoorHDRDataset2018/9C4A0132-07352d1dd0.exr",
    "center_offset": [
        0.0,
        -1.862645149230957e-09,
        0.0
    ],
    "lights": [],
    "frames": [
        {
            "file_path": "/data/shapenet_blender/all_50_random/02958343/a2fa0bfd39718f1688a610ac9b7aaa40/r_0",
            "rotation": 0.12566370614359174,
            "transform_matrix": [
                [
                    -0.21285851299762726,
                    -0.8360722064971924,
                    0.5056427717208862,
                    2.03831148147583
                ],
                [
                    0.9770830869674683,
                    -0.18213915824890137,
                    0.11015477776527405,
                    0.444048136472702
                ],
                [
                    0.0,
                    0.5175023078918457,
                    0.8556817173957825,
                    3.4493634700775146
                ],
                [
                    0.0,
                    0.0,
                    0.0,
                    1.0
                ]
            ]
        },
        {
            "file_path": "/data/shapenet_blender/all_50_random/02958343/a2fa0bfd39718f1688a610ac9b7aaa40/r_1",
            "rotation": 0.12566370614359174,
            "transform_matrix": [
                [
                    -0.9797948598861694,
                    0.05890882387757301,
                    -0.19113318622112274,
                    -0.7704824209213257
                ],
                [
                    -0.20000535249710083,
                    -0.2885850667953491,
                    0.9363314509391785,
                    3.77447247505188
                ],
                [
                    0.0,
                    0.9556403160095215,
                    0.2945362627506256,
                    1.1873135566711426
                ],
                [
                    0.0,
                    0.0,
                    0.0,
                    1.0
                ]
            ]
        },
        {
            "file_path": "/data/shapenet_blender/all_50_random/02958343/a2fa0bfd39718f1688a610ac9b7aaa40/r_2",
            "rotation": 0.12566370614359174,
            "transform_matrix": [
                [
                    -0.6404970288276672,
                    -0.6329622864723206,
                    -0.4348818063735962,
                    -1.7530646324157715
                ],
                [
                    -0.7679606080055237,
                    0.527905285358429,
                    0.36270153522491455,
                    1.4620966911315918
                ],
                [
                    1.4901161193847656e-08,
                    0.5662813186645508,
                    -0.8242119550704956,
                    -3.322504758834839
                ],
                [
                    0.0,
                    0.0,
                    0.0,
                    1.0
                ]
            ]
        },
        {
            "file_path": "/data/shapenet_blender/all_50_random/02958343/a2fa0bfd39718f1688a610ac9b7aaa40/r_3",
            "rotation": 0.12566370614359174,
            "transform_matrix": [
                [
                    -0.8598479628562927,
                    -0.13862021267414093,
                    0.49137136340141296,
                    1.9807813167572021
                ],
                [
                    0.5105499625205994,
                    -0.23345863819122314,
                    0.8275480270385742,
                    3.3359527587890625
                ],
                [
                    7.4505792646561986e-09,
                    0.962435245513916,
                    0.2715115249156952,
                    1.0944979190826416
                ],
                [
                    0.0,
                    0.0,
                    0.0,
                    1.0
                ]
            ]
        },
        {
            "file_path": "/data/shapenet_blender/all_50_random/02958343/a2fa0bfd39718f1688a610ac9b7aaa40/r_4",
            "rotation": 0.12566370614359174,
            "transform_matrix": [
                [
                    0.025806915014982224,
                    -0.298412024974823,
                    0.9540880918502808,
                    3.8460521697998047
                ],
                [
                    0.9996669888496399,
                    0.0077036600559949875,
                    -0.024630272760987282,
                    -0.09928780794143677
                ],
                [
                    -4.656612873077393e-10,
                    0.9544059634208679,
                    0.29851147532463074,
                    1.2033382654190063
                ],
                [
                    0.0,
                    0.0,
                    0.0,
                    1.0
                ]
            ]
        },
        {
            "file_path": "/data/shapenet_blender/all_50_random/02958343/a2fa0bfd39718f1688a610ac9b7aaa40/r_5",
            "rotation": 0.12566370614359174,
            "transform_matrix": [
                [
                    -0.876822292804718,
                    -0.005791791249066591,
                    -0.4807796776294708,
                    -1.938084602355957
                ],
                [
                    -0.48081451654434204,
                    0.010562017560005188,
                    0.8767587542533875,
                    3.534327268600464
                ],
                [
                    -4.656612040410124e-10,
                    0.9999274611473083,
                    -0.012045792303979397,
                    -0.04855813458561897
                ],
                [
                    0.0,
                    0.0,
                    0.0,
                    1.0
                ]
            ]
        },
        {
            "file_path": "/data/shapenet_blender/all_50_random/02958343/a2fa0bfd39718f1688a610ac9b7aaa40/r_6",
            "rotation": 0.12566370614359174,
            "transform_matrix": [
                [
                    -0.7865286469459534,
                    -0.21227751672267914,
                    0.5799233317375183,
                    2.3377456665039062
                ],
                [
                    0.6175539493560791,
                    -0.2703607380390167,
                    0.738601565361023,
                    2.977398157119751
                ],
                [
                    0.0,
                    0.9390650391578674,
                    0.34373927116394043,
                    1.3856573104858398
                ],
                [
                    0.0,
                    0.0,
                    0.0,
                    1.0
                ]
            ]
        },
        {
            "file_path": "/data/shapenet_blender/all_50_random/02958343/a2fa0bfd39718f1688a610ac9b7aaa40/r_7",
            "rotation": 0.12566370614359174,
            "transform_matrix": [
                [
                    0.11505637317895889,
                    0.9018569588661194,
                    0.41643232107162476,
                    1.6786924600601196
                ],
                [
                    0.9933589696884155,
                    -0.10445810109376907,
                    -0.0482335165143013,
                    -0.19443553686141968
                ],
                [
                    -3.725290298461914e-09,
                    0.419216513633728,
                    -0.907886266708374,
                    -3.659806728363037
                ],
                [
                    0.0,
                    0.0,
                    0.0,
                    1.0
                ]
            ]
        },
        {
            "file_path": "/data/shapenet_blender/all_50_random/02958343/a2fa0bfd39718f1688a610ac9b7aaa40/r_8",
            "rotation": 0.12566370614359174,
            "transform_matrix": [
                [
                    -0.6979802846908569,
                    0.37249720096588135,
                    0.61161208152771,
                    2.465487241744995
                ],
                [
                    0.7161169648170471,
                    0.3630632162094116,
                    0.596122145652771,
                    2.403045177459717
                ],
                [
                    -2.9802322387695312e-08,
                    0.854067325592041,
                    -0.5201624631881714,
                    -2.096842050552368
                ],
                [
                    0.0,
                    0.0,
                    0.0,
                    1.0
                ]
            ]
        },
        {
            "file_path": "/data/shapenet_blender/all_50_random/02958343/a2fa0bfd39718f1688a610ac9b7aaa40/r_9",
            "rotation": 0.12566370614359174,
            "transform_matrix": [
                [
                    0.16851010918617249,
                    0.8821420669555664,
                    -0.4398064911365509,
                    -1.7729166746139526
                ],
                [
                    -0.9856999516487122,
                    0.15080639719963074,
                    -0.07518702000379562,
                    -0.30308857560157776
                ],
                [
                    0.0,
                    0.446186900138855,
                    0.8949397802352905,
                    3.6076176166534424
                ],
                [
                    0.0,
                    0.0,
                    0.0,
                    1.0
                ]
            ]
        },
        {
            "file_path": "/data/shapenet_blender/all_50_random/02958343/a2fa0bfd39718f1688a610ac9b7aaa40/r_10",
            "rotation": 0.12566370614359174,
            "transform_matrix": [
                [
                    -0.39037710428237915,
                    0.4964880645275116,
                    -0.7753098011016846,
                    -3.1253738403320312
                ],
                [
                    -0.9206550717353821,
                    -0.2105213850736618,
                    0.3287476599216461,
                    1.3252241611480713
                ],
                [
                    0.0,
                    0.8421283960342407,
                    0.5392769575119019,
                    2.1738948822021484
                ],
                [
                    0.0,
                    0.0,
                    0.0,
                    1.0
                ]
            ]
        },
        {
            "file_path": "/data/shapenet_blender/all_50_random/02958343/a2fa0bfd39718f1688a610ac9b7aaa40/r_11",
            "rotation": 0.12566370614359174,
            "transform_matrix": [
                [
                    0.20590081810951233,
                    -0.8259361386299133,
                    -0.5248182415962219,
                    -2.115609884262085
                ],
                [
                    -0.9785729646682739,
                    -0.17378461360931396,
                    -0.11042662709951401,
                    -0.4451439678668976
                ],
                [
                    7.450581485102248e-09,
                    0.5363097190856934,
                    -0.844021201133728,
                    -3.402358293533325
                ],
                [
                    0.0,
                    0.0,
                    0.0,
                    1.0
                ]
            ]
        },
        {
            "file_path": "/data/shapenet_blender/all_50_random/02958343/a2fa0bfd39718f1688a610ac9b7aaa40/r_12",
            "rotation": 0.12566370614359174,
            "transform_matrix": [
                [
                    0.7113603949546814,
                    0.13171623647212982,
                    -0.6903746128082275,
                    -2.782989025115967
                ],
                [
                    -0.7028273344039917,
                    0.13331541419029236,
                    -0.6987565159797668,
                    -2.816777467727661
                ],
                [
                    0.0,
                    0.9822818636894226,
                    0.18740910291671753,
                    0.7554702162742615
                ],
                [
                    0.0,
                    0.0,
                    0.0,
                    1.0
                ]
            ]
        },
        {
            "file_path": "/data/shapenet_blender/all_50_random/02958343/a2fa0bfd39718f1688a610ac9b7aaa40/r_13",
            "rotation": 0.12566370614359174,
            "transform_matrix": [
                [
                    -0.9999152421951294,
                    0.011684468016028404,
                    0.0057440404780209064,
                    0.02315497025847435
                ],
                [
                    0.013020014390349388,
                    0.8973475098609924,
                    0.44113266468048096,
                    1.778262734413147
                ],
                [
                    0.0,
                    0.4411701261997223,
                    -0.897423505783081,
                    -3.6176300048828125
                ],
                [
                    0.0,
                    0.0,
                    0.0,
                    1.0
                ]
            ]
        },
        {
            "file_path": "/data/shapenet_blender/all_50_random/02958343/a2fa0bfd39718f1688a610ac9b7aaa40/r_14",
            "rotation": 0.12566370614359174,
            "transform_matrix": [
                [
                    -0.7654551267623901,
                    0.13672854006290436,
                    0.6287955641746521,
                    2.5347559452056885
                ],
                [
                    0.643489420413971,
                    0.16264379024505615,
                    0.7479762434959412,
                    3.015188694000244
                ],
                [
                    7.450580596923828e-09,
                    0.9771654605865479,
                    -0.2124798744916916,
                    -0.8565337657928467
                ],
                [
                    0.0,
                    0.0,
                    0.0,
                    1.0
                ]
            ]
        },
        {
            "file_path": "/data/shapenet_blender/all_50_random/02958343/a2fa0bfd39718f1688a610ac9b7aaa40/r_15",
            "rotation": 0.12566370614359174,
            "transform_matrix": [
                [
                    0.29637032747268677,
                    -0.22207805514335632,
                    -0.9288950562477112,
                    -3.7444956302642822
                ],
                [
                    -0.9550731182098389,
                    -0.06891340762376785,
                    -0.2882469594478607,
                    -1.1619606018066406
                ],
                [
                    0.0,
                    0.972590446472168,
                    -0.23252470791339874,
                    -0.9373371005058289
                ],
                [
                    0.0,
                    0.0,
                    0.0,
                    1.0
                ]
            ]
        },
        {
            "file_path": "/data/shapenet_blender/all_50_random/02958343/a2fa0bfd39718f1688a610ac9b7aaa40/r_16",
            "rotation": 0.12566370614359174,
            "transform_matrix": [
                [
                    0.45057815313339233,
                    -0.8185580968856812,
                    0.3562889099121094,
                    1.4362465143203735
                ],
                [
                    0.8927369713783264,
                    0.4131389260292053,
                    -0.17982451617717743,
                    -0.7248958349227905
                ],
                [
                    0.0,
                    0.39909738302230835,
                    0.9169086217880249,
                    3.696176767349243
                ],
                [
                    0.0,
                    0.0,
                    0.0,
                    1.0
                ]
            ]
        },
        {
            "file_path": "/data/shapenet_blender/all_50_random/02958343/a2fa0bfd39718f1688a610ac9b7aaa40/r_17",
            "rotation": 0.12566370614359174,
            "transform_matrix": [
                [
                    -0.6189290881156921,
                    -0.3703570067882538,
                    0.6926488280296326,
                    2.79215669631958
                ],
                [
                    0.7854468822479248,
                    -0.2918398976325989,
                    0.5458046197891235,
                    2.200208902359009
                ],
                [
                    0.0,
                    0.8818531632423401,
                    0.4715239703655243,
                    1.9007738828659058
                ],
                [
                    0.0,
                    0.0,
                    0.0,
                    1.0
                ]
            ]
        },
        {
            "file_path": "/data/shapenet_blender/all_50_random/02958343/a2fa0bfd39718f1688a610ac9b7aaa40/r_18",
            "rotation": 0.12566370614359174,
            "transform_matrix": [
                [
                    0.5760762691497803,
                    0.35380417108535767,
                    0.7368572354316711,
                    2.9703667163848877
                ],
                [
                    0.8173959255218506,
                    -0.2493506222963333,
                    -0.5193150043487549,
                    -2.093425989151001
                ],
                [
                    -1.4901161193847656e-08,
                    0.9014692306518555,
                    -0.43284305930137634,
                    -1.7448463439941406
                ],
                [
                    0.0,
                    0.0,
                    0.0,
                    1.0
                ]
            ]
        },
        {
            "file_path": "/data/shapenet_blender/all_50_random/02958343/a2fa0bfd39718f1688a610ac9b7aaa40/r_19",
            "rotation": 0.12566370614359174,
            "transform_matrix": [
                [
                    0.9901008605957031,
                    0.04578781872987747,
                    0.13267932832241058,
                    0.5348475575447083
                ],
                [
                    0.1403578817844391,
                    -0.32299259305000305,
                    -0.9359354972839355,
                    -3.7728769779205322
                ],
                [
                    0.0,
                    0.9452931880950928,
                    -0.32622188329696655,
                    -1.3150426149368286
                ],
                [
                    0.0,
                    0.0,
                    0.0,
                    1.0
                ]
            ]
        },
        {
            "file_path": "/data/shapenet_blender/all_50_random/02958343/a2fa0bfd39718f1688a610ac9b7aaa40/r_20",
            "rotation": 0.12566370614359174,
            "transform_matrix": [
                [
                    -0.7843418121337891,
                    0.30049267411231995,
                    0.5426896810531616,
                    2.187652111053467
                ],
                [
                    0.6203289031982422,
                    0.3799418807029724,
                    0.6861749887466431,
                    2.7660598754882812
                ],
                [
                    1.4901161193847656e-08,
                    0.8748417496681213,
                    -0.4844086468219757,
                    -1.9527137279510498
                ],
                [
                    0.0,
                    0.0,
                    0.0,
                    1.0
                ]
            ]
        },
        {
            "file_path": "/data/shapenet_blender/all_50_random/02958343/a2fa0bfd39718f1688a610ac9b7aaa40/r_21",
            "rotation": 0.12566370614359174,
            "transform_matrix": [
                [
                    -0.9053967595100403,
                    -0.03956185281276703,
                    -0.42271915078163147,
                    -1.7040352821350098
                ],
                [
                    -0.424566388130188,
                    0.08436649292707443,
                    0.9014575481414795,
                    3.6338913440704346
                ],
                [
                    3.725290076417309e-09,
                    0.9956490397453308,
                    -0.0931817963719368,
                    -0.3756278157234192
                ],
                [
                    0.0,
                    0.0,
                    0.0,
                    1.0
                ]
            ]
        },
        {
            "file_path": "/data/shapenet_blender/all_50_random/02958343/a2fa0bfd39718f1688a610ac9b7aaa40/r_22",
            "rotation": 0.12566370614359174,
            "transform_matrix": [
                [
                    0.5831695795059204,
                    -0.7248421907424927,
                    0.3667656183242798,
                    1.4784796237945557
                ],
                [
                    0.8123505115509033,
                    0.5203491449356079,
                    -0.26329341530799866,
                    -1.061369776725769
                ],
                [
                    1.4901162970204496e-08,
                    0.45148706436157227,
                    0.8922775983810425,
                    3.596886396408081
                ],
                [
                    0.0,
                    0.0,
                    0.0,
                    1.0
                ]
            ]
        },
        {
            "file_path": "/data/shapenet_blender/all_50_random/02958343/a2fa0bfd39718f1688a610ac9b7aaa40/r_23",
            "rotation": 0.12566370614359174,
            "transform_matrix": [
                [
                    0.9676629304885864,
                    -0.14235739409923553,
                    -0.20823749899864197,
                    -0.8394322395324707
                ],
                [
                    -0.2522468864917755,
                    -0.5461077094078064,
                    -0.7988352179527283,
                    -3.220207929611206
                ],
                [
                    -7.450580596923828e-09,
                    0.825530469417572,
                    -0.5643573999404907,
                    -2.2749977111816406
                ],
                [
                    0.0,
                    0.0,
                    0.0,
                    1.0
                ]
            ]
        },
        {
            "file_path": "/data/shapenet_blender/all_50_random/02958343/a2fa0bfd39718f1688a610ac9b7aaa40/r_24",
            "rotation": 0.12566370614359174,
            "transform_matrix": [
                [
                    0.3166329562664032,
                    -0.0008178348653018475,
                    0.9485478401184082,
                    3.823718309402466
                ],
                [
                    0.9485481977462769,
                    0.00027299977955408394,
                    -0.31663283705711365,
                    -1.2763876914978027
                ],
                [
                    2.9103830456733704e-11,
                    0.9999996423721313,
                    0.0008621965534985065,
                    0.003475625067949295
                ],
                [
                    0.0,
                    0.0,
                    0.0,
                    1.0
                ]
            ]
        },
        {
            "file_path": "/data/shapenet_blender/all_50_random/02958343/a2fa0bfd39718f1688a610ac9b7aaa40/r_25",
            "rotation": 0.12566370614359174,
            "transform_matrix": [
                [
                    0.3287508189678192,
                    0.8998436331748962,
                    -0.2867128551006317,
                    -1.1557766199111938
                ],
                [
                    -0.9444167017936707,
                    0.31323495507240295,
                    -0.09980455040931702,
                    -0.4023250341415405
                ],
                [
                    7.450580596923828e-09,
                    0.30358725786209106,
                    0.9528035521507263,
                    3.840874195098877
                ],
                [
                    0.0,
                    0.0,
                    0.0,
                    1.0
                ]
            ]
        },
        {
            "file_path": "/data/shapenet_blender/all_50_random/02958343/a2fa0bfd39718f1688a610ac9b7aaa40/r_26",
            "rotation": 0.12566370614359174,
            "transform_matrix": [
                [
                    0.07607533037662506,
                    0.3883613049983978,
                    -0.9183616042137146,
                    -3.7020339965820312
                ],
                [
                    -0.9971021413803101,
                    0.02963058091700077,
                    -0.07006771117448807,
                    -0.2824519872665405
                ],
                [
                    0.0,
                    0.9210306406021118,
                    0.389490008354187,
                    1.5700844526290894
                ],
                [
                    0.0,
                    0.0,
                    0.0,
                    1.0
                ]
            ]
        },
        {
            "file_path": "/data/shapenet_blender/all_50_random/02958343/a2fa0bfd39718f1688a610ac9b7aaa40/r_27",
            "rotation": 0.12566370614359174,
            "transform_matrix": [
                [
                    0.999954342842102,
                    0.005098165012896061,
                    0.008089086040854454,
                    0.03260815143585205
                ],
                [
                    0.009561622515320778,
                    -0.5331659913063049,
                    -0.8459565043449402,
                    -3.4101600646972656
                ],
                [
                    -4.656613428188905e-10,
                    0.8459952473640442,
                    -0.5331903100013733,
                    -2.1493592262268066
                ],
                [
                    0.0,
                    0.0,
                    0.0,
                    1.0
                ]
            ]
        },
        {
            "file_path": "/data/shapenet_blender/all_50_random/02958343/a2fa0bfd39718f1688a610ac9b7aaa40/r_28",
            "rotation": 0.12566370614359174,
            "transform_matrix": [
                [
                    -0.9191408157348633,
                    -0.36647260189056396,
                    -0.1444925218820572,
                    -0.5824679136276245
                ],
                [
                    -0.39392930269241333,
                    0.8550770878791809,
                    0.3371390998363495,
                    1.359050989151001
                ],
                [
                    7.450580596923828e-09,
                    0.3667982816696167,
                    -0.9303006529808044,
                    -3.7501614093780518
                ],
                [
                    0.0,
                    0.0,
                    0.0,
                    1.0
                ]
            ]
        },
        {
            "file_path": "/data/shapenet_blender/all_50_random/02958343/a2fa0bfd39718f1688a610ac9b7aaa40/r_29",
            "rotation": 0.12566370614359174,
            "transform_matrix": [
                [
                    -0.6489903926849365,
                    -0.028059452772140503,
                    0.7602789998054504,
                    3.0647826194763184
                ],
                [
                    0.7607966065406799,
                    -0.023935850709676743,
                    0.6485487818717957,
                    2.6143836975097656
                ],
                [
                    0.0,
                    0.9993195533752441,
                    0.03688167408108711,
                    0.14867478609085083
                ],
                [
                    0.0,
                    0.0,
                    0.0,
                    1.0
                ]
            ]
        },
        {
            "file_path": "/data/shapenet_blender/all_50_random/02958343/a2fa0bfd39718f1688a610ac9b7aaa40/r_30",
            "rotation": 0.12566370614359174,
            "transform_matrix": [
                [
                    0.0060831219889223576,
                    0.2800152599811554,
                    -0.959976315498352,
                    -3.8697879314422607
                ],
                [
                    -0.9999815821647644,
                    0.0017033983021974564,
                    -0.005839760415256023,
                    -0.02354082465171814
                ],
                [
                    -1.1641532182693481e-10,
                    0.9599940180778503,
                    0.28002047538757324,
                    1.128798484802246
                ],
                [
                    0.0,
                    0.0,
                    0.0,
                    1.0
                ]
            ]
        },
        {
            "file_path": "/data/shapenet_blender/all_50_random/02958343/a2fa0bfd39718f1688a610ac9b7aaa40/r_31",
            "rotation": 0.12566370614359174,
            "transform_matrix": [
                [
                    0.613155722618103,
                    0.2882949709892273,
                    0.7354767322540283,
                    2.964801549911499
                ],
                [
                    0.7899620532989502,
                    -0.223769873380661,
                    -0.5708650946617126,
                    -2.3012309074401855
                ],
                [
                    -1.4901161193847656e-08,
                    0.9310279488563538,
                    -0.3649478554725647,
                    -1.4711518287658691
                ],
                [
                    0.0,
                    0.0,
                    0.0,
                    1.0
                ]
            ]
        },
        {
            "file_path": "/data/shapenet_blender/all_50_random/02958343/a2fa0bfd39718f1688a610ac9b7aaa40/r_32",
            "rotation": 0.12566370614359174,
            "transform_matrix": [
                [
                    -0.8877922296524048,
                    -0.17525698244571686,
                    -0.4255702495574951,
                    -1.7155287265777588
                ],
                [
                    -0.46024465560913086,
                    0.33806324005126953,
                    0.8209068179130554,
                    3.3091814517974854
                ],
                [
                    1.4901162970204496e-08,
                    0.9246610999107361,
                    -0.38079097867012024,
                    -1.5350176095962524
                ],
                [
                    0.0,
                    0.0,
                    0.0,
                    1.0
                ]
            ]
        },
        {
            "file_path": "/data/shapenet_blender/all_50_random/02958343/a2fa0bfd39718f1688a610ac9b7aaa40/r_33",
            "rotation": 0.12566370614359174,
            "transform_matrix": [
                [
                    -0.6183440089225769,
                    0.30414479970932007,
                    0.7246699333190918,
                    2.9212381839752197
                ],
                [
                    0.7859076261520386,
                    0.239298015832901,
                    0.570162832736969,
                    2.2984001636505127
                ],
                [
                    0.0,
                    0.9220803380012512,
                    -0.3869982361793518,
                    -1.5600398778915405
                ],
                [
                    0.0,
                    0.0,
                    0.0,
                    1.0
                ]
            ]
        },
        {
            "file_path": "/data/shapenet_blender/all_50_random/02958343/a2fa0bfd39718f1688a610ac9b7aaa40/r_34",
            "rotation": 0.12566370614359174,
            "transform_matrix": [
                [
                    0.854964554309845,
                    -0.2833235561847687,
                    -0.4344690144062042,
                    -1.7514005899429321
                ],
                [
                    -0.5186864137649536,
                    -0.4670097827911377,
                    -0.7161468267440796,
                    -2.8868801593780518
                ],
                [
                    0.0,
                    0.8376332521438599,
                    -0.5462329387664795,
                    -2.201935291290283
                ],
                [
                    0.0,
                    0.0,
                    0.0,
                    1.0
                ]
            ]
        },
        {
            "file_path": "/data/shapenet_blender/all_50_random/02958343/a2fa0bfd39718f1688a610ac9b7aaa40/r_35",
            "rotation": 0.12566370614359174,
            "transform_matrix": [
                [
                    -0.7903907299041748,
                    -0.403529554605484,
                    -0.460919052362442,
                    -1.8580242395401
                ],
                [
                    -0.6126030683517456,
                    0.5206406116485596,
                    0.5946854948997498,
                    2.397254228591919
                ],
                [
                    -1.4901161193847656e-08,
                    0.7523943185806274,
                    -0.6587128639221191,
                    -2.6553566455841064
                ],
                [
                    0.0,
                    0.0,
                    0.0,
                    1.0
                ]
            ]
        },
        {
            "file_path": "/data/shapenet_blender/all_50_random/02958343/a2fa0bfd39718f1688a610ac9b7aaa40/r_36",
            "rotation": 0.12566370614359174,
            "transform_matrix": [
                [
                    -0.36145836114883423,
                    0.053775228559970856,
                    0.9308360815048218,
                    3.7523205280303955
                ],
                [
                    0.932388186454773,
                    0.020847011357545853,
                    0.36085668206214905,
                    1.4546599388122559
                ],
                [
                    0.0,
                    0.9983353018760681,
                    -0.05767471715807915,
                    -0.23249423503875732
                ],
                [
                    0.0,
                    0.0,
                    0.0,
                    1.0
                ]
            ]
        },
        {
            "file_path": "/data/shapenet_blender/all_50_random/02958343/a2fa0bfd39718f1688a610ac9b7aaa40/r_37",
            "rotation": 0.12566370614359174,
            "transform_matrix": [
                [
                    0.7439523339271545,
                    -0.3839709460735321,
                    -0.5469014644622803,
                    -2.2046303749084473
                ],
                [
                    -0.6682327389717102,
                    -0.42747995257377625,
                    -0.608872652053833,
                    -2.454444169998169
                ],
                [
                    0.0,
                    0.8184295892715454,
                    -0.574606716632843,
                    -2.3163137435913086
                ],
                [
                    0.0,
                    0.0,
                    0.0,
                    1.0
                ]
            ]
        },
        {
            "file_path": "/data/shapenet_blender/all_50_random/02958343/a2fa0bfd39718f1688a610ac9b7aaa40/r_38",
            "rotation": 0.12566370614359174,
            "transform_matrix": [
                [
                    0.7597595453262329,
                    0.4153502285480499,
                    0.5002495646476746,
                    2.016570568084717
                ],
                [
                    0.6502041816711426,
                    -0.4853341579437256,
                    -0.5845385193824768,
                    -2.3563501834869385
                ],
                [
                    -1.4901161193847656e-08,
                    0.7693730592727661,
                    -0.6387997269630432,
                    -2.5750839710235596
                ],
                [
                    0.0,
                    0.0,
                    0.0,
                    1.0
                ]
            ]
        },
        {
            "file_path": "/data/shapenet_blender/all_50_random/02958343/a2fa0bfd39718f1688a610ac9b7aaa40/r_39",
            "rotation": 0.12566370614359174,
            "transform_matrix": [
                [
                    0.8557051420211792,
                    -0.14129780232906342,
                    -0.49779877066612244,
                    -2.0066909790039062
                ],
                [
                    -0.517463743686676,
                    -0.23365746438503265,
                    -0.8231861591339111,
                    -3.3183696269989014
                ],
                [
                    0.0,
                    0.9619975090026855,
                    -0.27305835485458374,
                    -1.1007333993911743
                ],
                [
                    0.0,
                    0.0,
                    0.0,
                    1.0
                ]
            ]
        },
        {
            "file_path": "/data/shapenet_blender/all_50_random/02958343/a2fa0bfd39718f1688a610ac9b7aaa40/r_40",
            "rotation": 0.12566370614359174,
            "transform_matrix": [
                [
                    0.5989582538604736,
                    -0.16104768216609955,
                    0.7844187617301941,
                    3.162092685699463
                ],
                [
                    0.8007802963256836,
                    0.12045855820178986,
                    -0.58672034740448,
                    -2.365145206451416
                ],
                [
                    0.0,
                    0.9795679450035095,
                    0.2011134773492813,
                    0.8107142448425293
                ],
                [
                    0.0,
                    0.0,
                    0.0,
                    1.0
                ]
            ]
        },
        {
            "file_path": "/data/shapenet_blender/all_50_random/02958343/a2fa0bfd39718f1688a610ac9b7aaa40/r_41",
            "rotation": 0.12566370614359174,
            "transform_matrix": [
                [
                    -0.9999520778656006,
                    0.006973239593207836,
                    -0.006884390022605658,
                    -0.0277518630027771
                ],
                [
                    -0.009799027815461159,
                    -0.7115916013717651,
                    0.7025249004364014,
                    2.8319685459136963
