{
    "class": "02958343",
    "model": "335b3ad6f7a96bf251a95aaa6caba1d3",
    "remove_doubles": true,
    "edge_split": true,
    "denoise": true,
    "camera_angle_x": 0.6911112070083618,
    "scale_factor": 2.302129116124569,
    "hdri_file": "/data/IndoorHDRDataset2018/9C4A0834-2de1f99cd3.exr",
    "center_offset": [
        0.0,
        -1.862645149230957e-09,
        0.0
    ],
    "lights": [],
    "frames": [
        {
            "file_path": "/data/shapenet_blender/all_50_random/02958343/335b3ad6f7a96bf251a95aaa6caba1d3/r_0",
            "rotation": 0.12566370614359174,
            "transform_matrix": [
                [
                    -0.4145742952823639,
                    0.13606807589530945,
                    -0.8997852802276611,
                    -3.627150535583496
                ],
                [
                    -0.9100155234336853,
                    -0.061988309025764465,
                    0.40991371870040894,
                    1.6524150371551514
                ],
                [
                    3.725290742551124e-09,
                    0.9887582063674927,
                    0.1495227962732315,
                    0.6027456521987915
                ],
                [
                    0.0,
                    0.0,
                    0.0,
                    1.0
                ]
            ]
        },
        {
            "file_path": "/data/shapenet_blender/all_50_random/02958343/335b3ad6f7a96bf251a95aaa6caba1d3/r_1",
            "rotation": 0.12566370614359174,
            "transform_matrix": [
                [
                    0.7172353863716125,
                    0.20004133880138397,
                    0.6675004959106445,
                    2.6907806396484375
                ],
                [
                    0.6968309879302979,
                    -0.20589888095855713,
                    -0.6870459914207458,
                    -2.76957106590271
                ],
                [
                    0.0,
                    0.957908570766449,
                    -0.2870729863643646,
                    -1.1572282314300537
                ],
                [
                    0.0,
                    0.0,
                    0.0,
                    1.0
                ]
            ]
        },
        {
            "file_path": "/data/shapenet_blender/all_50_random/02958343/335b3ad6f7a96bf251a95aaa6caba1d3/r_2",
            "rotation": 0.12566370614359174,
            "transform_matrix": [
                [
                    0.2819066643714905,
                    -0.49531278014183044,
                    -0.8217018246650696,
                    -3.3123860359191895
                ],
                [
                    -0.9594419002532959,
                    -0.14553457498550415,
                    -0.24143537878990173,
                    -0.9732571244239807
                ],
                [
                    0.0,
                    0.8564373254776001,
                    -0.5162509679794312,
                    -2.0810742378234863
                ],
                [
                    0.0,
                    0.0,
                    0.0,
                    1.0
                ]
            ]
        },
        {
            "file_path": "/data/shapenet_blender/all_50_random/02958343/335b3ad6f7a96bf251a95aaa6caba1d3/r_3",
            "rotation": 0.12566370614359174,
            "transform_matrix": [
                [
                    -0.4788806736469269,
                    -0.5372702479362488,
                    0.6942721605300903,
                    2.7987008094787598
                ],
                [
                    0.8778799772262573,
                    -0.2930791676044464,
                    0.37872314453125,
                    1.5266820192337036
                ],
                [
                    1.4901160305669237e-08,
                    0.7908509373664856,
                    0.6120087504386902,
                    2.4670863151550293
                ],
                [
                    0.0,
                    0.0,
                    0.0,
                    1.0
                ]
            ]
        },
        {
            "file_path": "/data/shapenet_blender/all_50_random/02958343/335b3ad6f7a96bf251a95aaa6caba1d3/r_4",
            "rotation": 0.12566370614359174,
            "transform_matrix": [
                [
                    0.8661214709281921,
                    -0.37874549627304077,
                    -0.3261678218841553,
                    -1.3148245811462402
                ],
                [
                    -0.4998335838317871,
                    -0.6562976241111755,
                    -0.5651900172233582,
                    -2.2783539295196533
                ],
                [
                    1.4901161193847656e-08,
                    0.6525527238845825,
                    -0.7577431797981262,
                    -3.054560422897339
                ],
                [
                    0.0,
                    0.0,
                    0.0,
                    1.0
                ]
            ]
        },
        {
            "file_path": "/data/shapenet_blender/all_50_random/02958343/335b3ad6f7a96bf251a95aaa6caba1d3/r_5",
            "rotation": 0.12566370614359174,
            "transform_matrix": [
                [
                    0.12853753566741943,
                    -0.14443054795265198,
                    -0.9811308979988098,
                    -3.9550652503967285
                ],
                [
                    -0.9917046427726746,
                    -0.01872003823518753,
                    -0.12716704607009888,
                    -0.5126267671585083
                ],
                [
                    -1.862645371275562e-09,
                    0.9893378019332886,
                    -0.14563867449760437,
                    -0.5870882868766785
                ],
                [
                    0.0,
                    0.0,
                    0.0,
                    1.0
                ]
            ]
        },
        {
            "file_path": "/data/shapenet_blender/all_50_random/02958343/335b3ad6f7a96bf251a95aaa6caba1d3/r_6",
            "rotation": 0.12566370614359174,
            "transform_matrix": [
                [
                    -0.8859685659408569,
                    0.1592215895652771,
                    -0.43555501103401184,
                    -1.7557785511016846
                ],
                [
                    -0.4637452960014343,
                    -0.3041870594024658,
                    0.8321120142936707,
                    3.354351043701172
                ],
                [
                    0.0,
                    0.9392117857933044,
                    0.34333840012550354,
                    1.384041428565979
                ],
                [
                    0.0,
                    0.0,
                    0.0,
                    1.0
                ]
            ]
        },
        {
            "file_path": "/data/shapenet_blender/all_50_random/02958343/335b3ad6f7a96bf251a95aaa6caba1d3/r_7",
            "rotation": 0.12566370614359174,
            "transform_matrix": [
                [
                    0.8914312720298767,
                    0.19631154835224152,
                    0.40842634439468384,
                    1.6464192867279053
                ],
                [
                    0.4531559646129608,
                    -0.3861766755580902,
                    -0.8034408688545227,
                    -3.238773822784424
                ],
                [
                    0.0,
                    0.9012930989265442,
                    -0.4332096576690674,
                    -1.7463239431381226
                ],
                [
                    0.0,
                    0.0,
                    0.0,
                    1.0
                ]
            ]
        },
        {
            "file_path": "/data/shapenet_blender/all_50_random/02958343/335b3ad6f7a96bf251a95aaa6caba1d3/r_8",
            "rotation": 0.12566370614359174,
            "transform_matrix": [
                [
                    0.632072389125824,
                    -0.04116818681359291,
                    -0.7738149166107178,
                    -3.1193478107452393
                ],
                [
                    -0.7749093174934387,
                    -0.03357977047562599,
                    -0.6311798095703125,
                    -2.5443673133850098
                ],
                [
                    1.862645149230957e-09,
                    0.9985877275466919,
                    -0.053126461803913116,
                    -0.21415962278842926
                ],
                [
                    0.0,
                    0.0,
                    0.0,
                    1.0
                ]
            ]
        },
        {
            "file_path": "/data/shapenet_blender/all_50_random/02958343/335b3ad6f7a96bf251a95aaa6caba1d3/r_9",
            "rotation": 0.12566370614359174,
            "transform_matrix": [
                [
                    -0.057038355618715286,
                    0.48394811153411865,
                    -0.873235821723938,
                    -3.5201261043548584
                ],
                [
                    -0.9983720183372498,
                    -0.02764861471951008,
                    0.049889154732227325,
                    0.2011096179485321
                ],
                [
                    1.862645371275562e-09,
                    0.8746597766876221,
                    0.4847372770309448,
                    1.9540385007858276
                ],
                [
                    0.0,
                    0.0,
                    0.0,
                    1.0
                ]
            ]
        },
        {
            "file_path": "/data/shapenet_blender/all_50_random/02958343/335b3ad6f7a96bf251a95aaa6caba1d3/r_10",
            "rotation": 0.12566370614359174,
            "transform_matrix": [
                [
                    0.40012726187705994,
                    -0.6961314082145691,
                    0.5960696935653687,
                    2.4028337001800537
                ],
                [
                    0.9164595603942871,
                    0.30393174290657043,
                    -0.2602446973323822,
                    -1.0490798950195312
                ],
                [
                    0.0,
                    0.650404691696167,
                    0.7595877647399902,
                    3.0619962215423584
                ],
                [
                    0.0,
                    0.0,
                    0.0,
                    1.0
                ]
            ]
        },
        {
            "file_path": "/data/shapenet_blender/all_50_random/02958343/335b3ad6f7a96bf251a95aaa6caba1d3/r_11",
            "rotation": 0.12566370614359174,
            "transform_matrix": [
                [
                    -0.9538452625274658,
                    0.19523309171199799,
                    0.22817371785640717,
                    0.9197976589202881
                ],
                [
                    0.3002985119819641,
                    0.6201234459877014,
                    0.7247535586357117,
                    2.9215750694274902
                ],
                [
                    1.4901161193847656e-08,
                    0.7598229646682739,
                    -0.650130033493042,
                    -2.620758056640625
                ],
                [
                    0.0,
                    0.0,
                    0.0,
                    1.0
                ]
            ]
        },
        {
            "file_path": "/data/shapenet_blender/all_50_random/02958343/335b3ad6f7a96bf251a95aaa6caba1d3/r_12",
            "rotation": 0.12566370614359174,
            "transform_matrix": [
                [
                    0.28467532992362976,
                    0.24304576218128204,
                    0.927301824092865,
                    3.7380731105804443
                ],
                [
                    0.958624005317688,
                    -0.07217547297477722,
                    -0.2753738462924957,
                    -1.1100674867630005
                ],
                [
                    0.0,
                    0.9673259258270264,
                    -0.25353604555130005,
                    -1.0220364332199097
                ],
                [
                    0.0,
                    0.0,
                    0.0,
                    1.0
                ]
            ]
        },
        {
            "file_path": "/data/shapenet_blender/all_50_random/02958343/335b3ad6f7a96bf251a95aaa6caba1d3/r_13",
            "rotation": 0.12566370614359174,
            "transform_matrix": [
                [
                    -0.5920261144638062,
                    -0.01002250611782074,
                    -0.805856466293335,
                    -3.24851131439209
                ],
                [
                    -0.80591881275177,
                    0.007362510077655315,
                    0.5919803380966187,
                    2.3863489627838135
                ],
                [
                    0.0,
                    0.9999226927757263,
                    -0.012436123564839363,
                    -0.05013161897659302
                ],
                [
                    0.0,
                    0.0,
                    0.0,
                    1.0
                ]
            ]
        },
        {
            "file_path": "/data/shapenet_blender/all_50_random/02958343/335b3ad6f7a96bf251a95aaa6caba1d3/r_14",
            "rotation": 0.12566370614359174,
            "transform_matrix": [
                [
                    0.8212546706199646,
                    0.5581359267234802,
                    -0.11842763423919678,
                    -0.47739705443382263
                ],
                [
                    -0.5705618858337402,
                    0.8033689856529236,
                    -0.1704622060060501,
                    -0.6871551275253296
                ],
                [
                    7.450581485102248e-09,
                    0.20756319165229797,
                    0.978221595287323,
                    3.9433374404907227
                ],
                [
                    0.0,
                    0.0,
                    0.0,
                    1.0
                ]
            ]
        },
        {
            "file_path": "/data/shapenet_blender/all_50_random/02958343/335b3ad6f7a96bf251a95aaa6caba1d3/r_15",
            "rotation": 0.12566370614359174,
            "transform_matrix": [
                [
                    -0.3142067492008209,
                    -0.5826751589775085,
                    0.7495089769363403,
                    3.021367311477661
                ],
                [
                    0.9493545889854431,
                    -0.19284731149673462,
                    0.24806411564350128,
                    0.9999784231185913
                ],
                [
                    -1.4901161193847656e-08,
                    0.7894930839538574,
                    0.6137592792510986,
                    2.4741427898406982
                ],
                [
                    0.0,
                    0.0,
                    0.0,
                    1.0
                ]
            ]
        },
        {
            "file_path": "/data/shapenet_blender/all_50_random/02958343/335b3ad6f7a96bf251a95aaa6caba1d3/r_16",
            "rotation": 0.12566370614359174,
            "transform_matrix": [
                [
                    -0.12093086540699005,
                    0.3029879629611969,
                    0.9452904462814331,
                    3.8105876445770264
                ],
                [
                    0.9926609396934509,
                    0.0369114950299263,
                    0.11515995860099792,
                    0.464224636554718
                ],
                [
                    0.0,
                    0.9522792100906372,
                    -0.3052280843257904,
                    -1.230413794517517
                ],
                [
                    0.0,
                    0.0,
                    0.0,
                    1.0
                ]
            ]
        },
        {
            "file_path": "/data/shapenet_blender/all_50_random/02958343/335b3ad6f7a96bf251a95aaa6caba1d3/r_17",
            "rotation": 0.12566370614359174,
            "transform_matrix": [
                [
                    -0.9366623759269714,
                    0.12097934633493423,
                    0.3286754786968231,
                    1.3249331712722778
                ],
                [
                    0.3502335846424103,
                    0.3235463500022888,
                    0.8790074586868286,
                    3.5433924198150635
                ],
                [
                    0.0,
                    0.9384464025497437,
                    -0.34542471170425415,
                    -1.392451524734497
                ],
                [
                    0.0,
                    0.0,
                    0.0,
                    1.0
                ]
            ]
        },
        {
            "file_path": "/data/shapenet_blender/all_50_random/02958343/335b3ad6f7a96bf251a95aaa6caba1d3/r_18",
            "rotation": 0.12566370614359174,
            "transform_matrix": [
                [
                    0.27232158184051514,
                    -0.5187040567398071,
                    0.8104239702224731,
                    3.266923427581787
                ],
                [
                    0.9622063636779785,
                    0.14680252969264984,
                    -0.22936446964740753,
                    -0.9245977401733398
                ],
                [
                    -7.450580596923828e-09,
                    0.8422558903694153,
                    0.5390779376029968,
                    2.1730926036834717
                ],
                [
                    0.0,
                    0.0,
                    0.0,
                    1.0
                ]
            ]
        },
        {
            "file_path": "/data/shapenet_blender/all_50_random/02958343/335b3ad6f7a96bf251a95aaa6caba1d3/r_19",
            "rotation": 0.12566370614359174,
            "transform_matrix": [
                [
                    -0.8723412156105042,
                    -0.23365293443202972,
                    0.42944997549057007,
                    1.731168270111084
                ],
                [
                    0.48889774084091187,
                    -0.416907399892807,
                    0.7662684321403503,
                    3.0889267921447754
                ],
                [
                    1.4901162970204496e-08,
                    0.8784044981002808,
                    0.4779178202152252,
                    1.9265483617782593
                ],
                [
                    0.0,
                    0.0,
                    0.0,
                    1.0
                ]
            ]
        },
        {
            "file_path": "/data/shapenet_blender/all_50_random/02958343/335b3ad6f7a96bf251a95aaa6caba1d3/r_20",
            "rotation": 0.12566370614359174,
            "transform_matrix": [
                [
                    0.4657619297504425,
                    0.5624547600746155,
                    0.6831620335578918,
                    2.7539145946502686
                ],
                [
                    0.8849101066589355,
                    -0.2960413992404938,
                    -0.35957422852516174,
                    -1.4494901895523071
                ],
                [
                    1.4901161193847656e-08,
                    0.7720130085945129,
                    -0.6356066465377808,
                    -2.5622124671936035
                ],
                [
                    0.0,
                    0.0,
                    0.0,
                    1.0
                ]
            ]
        },
        {
            "file_path": "/data/shapenet_blender/all_50_random/02958343/335b3ad6f7a96bf251a95aaa6caba1d3/r_21",
            "rotation": 0.12566370614359174,
            "transform_matrix": [
                [
                    -0.621131181716919,
                    -0.4380497634410858,
                    0.6498526334762573,
                    2.6196398735046387
                ],
                [
                    0.7837066054344177,
                    -0.3471788465976715,
                    0.5150444507598877,
                    2.0762104988098145
                ],
                [
                    -1.4901161193847656e-08,
                    0.8292039632797241,
                    0.5589461326599121,
                    2.2531838417053223
                ],
                [
                    0.0,
                    0.0,
                    0.0,
                    1.0
                ]
            ]
        },
        {
            "file_path": "/data/shapenet_blender/all_50_random/02958343/335b3ad6f7a96bf251a95aaa6caba1d3/r_22",
            "rotation": 0.12566370614359174,
            "transform_matrix": [
                [
                    -0.8634237051010132,
                    0.2564253807067871,
                    0.4344484806060791,
                    1.7513177394866943
                ],
                [
                    0.5044792890548706,
                    0.4388757348060608,
                    0.7435648441314697,
                    2.997405529022217
                ],
                [
                    0.0,
                    0.8611818552017212,
                    -0.5082970261573792,
                    -2.049010753631592
                ],
                [
                    0.0,
                    0.0,
                    0.0,
                    1.0
                ]
            ]
        },
        {
            "file_path": "/data/shapenet_blender/all_50_random/02958343/335b3ad6f7a96bf251a95aaa6caba1d3/r_23",
            "rotation": 0.12566370614359174,
            "transform_matrix": [
                [
                    -0.46727442741394043,
                    -0.09382171183824539,
                    0.8791200518608093,
                    3.543846368789673
                ],
                [
                    0.8841124176979065,
                    -0.049587007611989975,
                    0.46463584899902344,
                    1.87300705909729
                ],
                [
                    3.725290742551124e-09,
                    0.9943532347679138,
                    0.10611968487501144,
                    0.4277821183204651
                ],
                [
                    0.0,
                    0.0,
                    0.0,
                    1.0
                ]
            ]
        },
        {
            "file_path": "/data/shapenet_blender/all_50_random/02958343/335b3ad6f7a96bf251a95aaa6caba1d3/r_24",
            "rotation": 0.12566370614359174,
            "transform_matrix": [
                [
                    -0.16249535977840424,
                    0.062394145876169205,
                    0.9847345352172852,
                    3.9695920944213867
                ],
                [
                    0.9867092370986938,
                    0.01027532760053873,
                    0.1621701717376709,
                    0.6537289619445801
                ],
                [
                    0.0,
                    0.9979986548423767,
                    -0.06323456764221191,
                    -0.25490671396255493
                ],
                [
                    0.0,
                    0.0,
                    0.0,
                    1.0
                ]
            ]
        },
        {
            "file_path": "/data/shapenet_blender/all_50_random/02958343/335b3ad6f7a96bf251a95aaa6caba1d3/r_25",
            "rotation": 0.12566370614359174,
            "transform_matrix": [
                [
                    -0.4248604476451874,
                    0.6757915616035461,
                    0.6023283004760742,
                    2.42806339263916
                ],
                [
                    0.90525883436203,
                    0.3171657621860504,
                    0.28268763422966003,
                    1.1395504474639893
                ],
                [
                    0.0,
                    0.6653659343719482,
                    -0.7465173006057739,
                    -3.009307622909546
                ],
                [
                    0.0,
                    0.0,
                    0.0,
                    1.0
                ]
            ]
        },
        {
            "file_path": "/data/shapenet_blender/all_50_random/02958343/335b3ad6f7a96bf251a95aaa6caba1d3/r_26",
            "rotation": 0.12566370614359174,
            "transform_matrix": [
                [
                    0.03533605486154556,
                    -0.8109615445137024,
                    0.5840314030647278,
                    2.354306221008301
                ],
                [
                    0.9993755221366882,
                    0.028674088418483734,
                    -0.020650262013077736,
                    -0.08324387669563293
                ],
                [
                    0.0,
                    0.5843963623046875,
                    0.8114681839942932,
                    3.2711331844329834
                ],
                [
                    0.0,
                    0.0,
                    0.0,
                    1.0
                ]
            ]
        },
        {
            "file_path": "/data/shapenet_blender/all_50_random/02958343/335b3ad6f7a96bf251a95aaa6caba1d3/r_27",
            "rotation": 0.12566370614359174,
            "transform_matrix": [
                [
                    -0.8035750985145569,
                    -0.2658455967903137,
                    -0.5325347185134888,
                    -2.1467161178588867
                ],
                [
                    -0.5952034592628479,
                    0.3589140772819519,
                    0.7189670205116272,
                    2.8982486724853516
                ],
                [
                    0.0,
                    0.8947104811668396,
                    -0.44664666056632996,
                    -1.8004902601242065
                ],
                [
                    0.0,
                    0.0,
                    0.0,
                    1.0
                ]
            ]
        },
        {
            "file_path": "/data/shapenet_blender/all_50_random/02958343/335b3ad6f7a96bf251a95aaa6caba1d3/r_28",
            "rotation": 0.12566370614359174,
            "transform_matrix": [
                [
                    0.9563782215118408,
                    -0.22026687860488892,
                    -0.19189375638961792,
                    -0.7735483646392822
                ],
                [
                    -0.29213130474090576,
                    -0.7211087346076965,
                    -0.6282209157943726,
                    -2.5324392318725586
                ],
                [
                    0.0,
                    0.65687495470047,
                    -0.7539995908737183,
                    -3.0394692420959473
                ],
                [
                    0.0,
                    0.0,
                    0.0,
                    1.0
                ]
            ]
        },
        {
            "file_path": "/data/shapenet_blender/all_50_random/02958343/335b3ad6f7a96bf251a95aaa6caba1d3/r_29",
            "rotation": 0.12566370614359174,
            "transform_matrix": [
                [
                    0.963758647441864,
                    0.11095985025167465,
                    -0.24260485172271729,
                    -0.9779714345932007
                ],
                [
                    -0.26677557826042175,
                    0.40085569024086,
                    -0.8764390349388123,
                    -3.533038854598999
                ],
                [
                    -7.450580596923828e-09,
                    0.909396767616272,
                    0.41592955589294434,
                    1.6766656637191772
                ],
                [
                    0.0,
                    0.0,
                    0.0,
                    1.0
                ]
            ]
        },
        {
            "file_path": "/data/shapenet_blender/all_50_random/02958343/335b3ad6f7a96bf251a95aaa6caba1d3/r_30",
            "rotation": 0.12566370614359174,
            "transform_matrix": [
                [
                    0.6802478432655334,
                    -0.1194382905960083,
                    -0.7231855392456055,
                    -2.9152541160583496
                ],
                [
                    -0.7329821586608887,
                    -0.11084531992673874,
                    -0.6711560487747192,
                    -2.7055165767669678
                ],
                [
                    0.0,
                    0.9866344928741455,
                    -0.16294844448566437,
                    -0.656866192817688
                ],
                [
                    0.0,
                    0.0,
                    0.0,
                    1.0
                ]
            ]
        },
        {
            "file_path": "/data/shapenet_blender/all_50_random/02958343/335b3ad6f7a96bf251a95aaa6caba1d3/r_31",
            "rotation": 0.12566370614359174,
            "transform_matrix": [
                [
                    0.10194949805736542,
                    0.25720587372779846,
                    -0.960963785648346,
                    -3.8737688064575195
                ],
                [
                    -0.9947896599769592,
                    0.026359355077147484,
                    -0.09848290681838989,
                    -0.39699727296829224
                ],
                [
                    1.862645149230957e-09,
                    0.965997040271759,
                    0.25855302810668945,
                    1.0422606468200684
                ],
                [
                    0.0,
                    0.0,
                    0.0,
                    1.0
                ]
            ]
        },
        {
            "file_path": "/data/shapenet_blender/all_50_random/02958343/335b3ad6f7a96bf251a95aaa6caba1d3/r_32",
            "rotation": 0.12566370614359174,
            "transform_matrix": [
                [
                    0.27957385778427124,
                    0.14907480776309967,
                    -0.9484803676605225,
                    -3.8234469890594482
                ],
                [
                    -0.9601242542266846,
                    0.0434083566069603,
                    -0.2761833071708679,
                    -1.113330602645874
                ],
                [
                    -3.725290742551124e-09,
                    0.9878726005554199,
                    0.1552661657333374,
                    0.625898003578186
                ],
                [
                    0.0,
                    0.0,
                    0.0,
                    1.0
                ]
            ]
        },
        {
            "file_path": "/data/shapenet_blender/all_50_random/02958343/335b3ad6f7a96bf251a95aaa6caba1d3/r_33",
            "rotation": 0.12566370614359174,
            "transform_matrix": [
                [
                    -0.23809008300304413,
                    0.11048805713653564,
                    0.9649381041526794,
                    3.8897898197174072
                ],
                [
                    0.971243143081665,
                    0.027084989473223686,
                    0.23654447495937347,
                    0.9535412788391113
                ],
                [
                    0.0,
                    0.9935082793235779,
                    -0.11375943571329117,
                    -0.4585789442062378
                ],
                [
                    0.0,
                    0.0,
                    0.0,
                    1.0
                ]
            ]
        },
        {
            "file_path": "/data/shapenet_blender/all_50_random/02958343/335b3ad6f7a96bf251a95aaa6caba1d3/r_34",
            "rotation": 0.12566370614359174,
            "transform_matrix": [
                [
                    -0.6334739327430725,
                    0.07784933596849442,
                    -0.7698377966880798,
                    -3.1033153533935547
                ],
                [
                    -0.7737640142440796,
                    -0.06373458355665207,
                    0.6302595734596252,
                    2.5406575202941895
                ],
                [
                    0.0,
                    0.9949257373809814,
                    0.10061123967170715,
                    0.4055768549442291
                ],
                [
                    0.0,
                    0.0,
                    0.0,
                    1.0
                ]
            ]
        },
        {
            "file_path": "/data/shapenet_blender/all_50_random/02958343/335b3ad6f7a96bf251a95aaa6caba1d3/r_35",
            "rotation": 0.12566370614359174,
            "transform_matrix": [
                [
                    -0.8200342655181885,
                    -0.29388025403022766,
                    -0.49109894037246704,
                    -1.9796831607818604
                ],
                [
                    -0.5723143815994263,
                    0.421083003282547,
                    0.7036656141281128,
                    2.836566925048828
                ],
                [
                    -2.9802322387695312e-08,
                    0.8580929040908813,
                    -0.5134943723678589,
                    -2.0699620246887207
                ],
                [
                    0.0,
                    0.0,
                    0.0,
                    1.0
                ]
            ]
        },
        {
            "file_path": "/data/shapenet_blender/all_50_random/02958343/335b3ad6f7a96bf251a95aaa6caba1d3/r_36",
            "rotation": 0.12566370614359174,
            "transform_matrix": [
                [
                    -0.8626815676689148,
                    0.10960610210895538,
                    -0.4937277138233185,
                    -1.990280032157898
                ],
                [
                    -0.5057475566864014,
                    -0.18696120381355286,
                    0.8421787023544312,
                    3.394930839538574
                ],
                [
                    0.0,
                    0.9762335419654846,
                    0.21672099828720093,
                    0.8736302852630615
                ],
                [
                    0.0,
                    0.0,
                    0.0,
                    1.0
                ]
            ]
        },
        {
            "file_path": "/data/shapenet_blender/all_50_random/02958343/335b3ad6f7a96bf251a95aaa6caba1d3/r_37",
            "rotation": 0.12566370614359174,
            "transform_matrix": [
                [
                    -0.9616210460662842,
                    -0.2188795953989029,
                    -0.16545900702476501,
                    -0.6669865846633911
                ],
                [
                    -0.27438104152679443,
                    0.7671055197715759,
                    0.5798828601837158,
                    2.337582588195801
                ],
                [
                    0.0,
                    0.603026270866394,
                    -0.7977212071418762,
                    -3.215717077255249
                ],
                [
                    0.0,
                    0.0,
                    0.0,
                    1.0
                ]
            ]
        },
        {
            "file_path": "/data/shapenet_blender/all_50_random/02958343/335b3ad6f7a96bf251a95aaa6caba1d3/r_38",
            "rotation": 0.12566370614359174,
            "transform_matrix": [
                [
                    -0.8615003228187561,
                    -0.22856338322162628,
                    0.45340487360954285,
                    1.8277335166931152
                ],
                [
                    0.5077570080757141,
                    -0.3877985179424286,
                    0.7692821621894836,
                    3.1010756492614746
                ],
                [
                    0.0,
                    0.8929563760757446,
                    0.4501431882381439,
                    1.8145852088928223
                ],
                [
                    0.0,
                    0.0,
                    0.0,
                    1.0
                ]
            ]
        },
        {
            "file_path": "/data/shapenet_blender/all_50_random/02958343/335b3ad6f7a96bf251a95aaa6caba1d3/r_39",
            "rotation": 0.12566370614359174,
            "transform_matrix": [
                [
                    -0.27367475628852844,
                    -0.4438345432281494,
                    0.8532953858375549,
                    3.439743757247925
                ],
                [
                    0.9618223309516907,
                    -0.12628768384456635,
                    0.24279473721981049,
                    0.9787368774414062
                ],
                [
                    7.450580596923828e-09,
                    0.887165367603302,
                    0.4614517092704773,
                    1.8601713180541992
                ],
                [
                    0.0,
                    0.0,
                    0.0,
                    1.0
                ]
            ]
        },
        {
            "file_path": "/data/shapenet_blender/all_50_random/02958343/335b3ad6f7a96bf251a95aaa6caba1d3/r_40",
            "rotation": 0.12566370614359174,
            "transform_matrix": [
                [
                    0.5493607521057129,
                    0.15866786241531372,
                    0.8203823566436768,
                    3.3070671558380127
                ],
                [
                    0.8355852961540222,
                    -0.10431718081235886,
                    -0.5393655300140381,
                    -2.1742520332336426
                ],
                [
                    0.0,
                    0.9818056225776672,
                    -0.18988829851150513,
                    -0.765464186668396
                ],
                [
                    0.0,
                    0.0,
                    0.0,
                    1.0
                ]
            ]
        },
        {
            "file_path": "/data/shapenet_blender/all_50_random/02958343/335b3ad6f7a96bf251a95aaa6caba1d3/r_41",
            "rotation": 0.12566370614359174,
            "transform_matrix": [
                [
                    -0.6149556636810303,
                    -0.31931689381599426,
                    -0.7210174798965454,
                    -2.9065144062042236
                ],
                [
                    -0.7885617017745972,
                    0.249017596244812,
                    0.5622816681861877,
                    2.266629934310913
                ],
                [
                    1.4901162970204496e-08,
