{
    "class": "02958343",
    "model": "b48b8791a3b09753b8d3554bd033ee9b",
    "remove_doubles": true,
    "edge_split": true,
    "denoise": true,
    "camera_angle_x": 0.6911112070083618,
    "scale_factor": 2.3539962349453587,
    "hdri_file": "/data/IndoorHDRDataset2018/AG8A5577-970f71b3ac.exr",
    "center_offset": [
        0.0,
        0.0,
        1.862645149230957e-09
    ],
    "lights": [],
    "frames": [
        {
            "file_path": "/data/shapenet_blender/all_50_random/02958343/b48b8791a3b09753b8d3554bd033ee9b/r_0",
            "rotation": 0.12566370614359174,
            "transform_matrix": [
                [
                    0.4450122117996216,
                    0.07690305262804031,
                    -0.8922163844108582,
                    -3.5966391563415527
                ],
                [
                    -0.8955245018005371,
                    0.03821536526083946,
                    -0.4433682858943939,
                    -1.7872745990753174
                ],
                [
                    0.0,
                    0.9963058233261108,
                    0.08587487787008286,
                    0.3461726903915405
                ],
                [
                    0.0,
                    0.0,
                    0.0,
                    1.0
                ]
            ]
        },
        {
            "file_path": "/data/shapenet_blender/all_50_random/02958343/b48b8791a3b09753b8d3554bd033ee9b/r_1",
            "rotation": 0.12566370614359174,
            "transform_matrix": [
                [
                    0.34830036759376526,
                    0.16274023056030273,
                    0.9231480360031128,
                    3.7213289737701416
                ],
                [
                    0.9373829960823059,
                    -0.06046886369585991,
                    -0.34301114082336426,
                    -1.38272225856781
                ],
                [
                    0.0,
                    0.9848141074180603,
                    -0.17361123859882355,
                    -0.6998493671417236
                ],
                [
                    0.0,
                    0.0,
                    0.0,
                    1.0
                ]
            ]
        },
        {
            "file_path": "/data/shapenet_blender/all_50_random/02958343/b48b8791a3b09753b8d3554bd033ee9b/r_2",
            "rotation": 0.12566370614359174,
            "transform_matrix": [
                [
                    -0.7671669721603394,
                    -0.2289942502975464,
                    0.5991799235343933,
                    2.4153714179992676
                ],
                [
                    0.6414476037025452,
                    -0.27387553453445435,
                    0.7166150808334351,
                    2.888767719268799
                ],
                [
                    -1.4901162970204496e-08,
                    0.9341058731079102,
                    0.3569960594177246,
                    1.4390971660614014
                ],
                [
                    0.0,
                    0.0,
                    0.0,
                    1.0
                ]
            ]
        },
        {
            "file_path": "/data/shapenet_blender/all_50_random/02958343/b48b8791a3b09753b8d3554bd033ee9b/r_3",
            "rotation": 0.12566370614359174,
            "transform_matrix": [
                [
                    -0.6974859237670898,
                    -0.48347628116607666,
                    0.528927206993103,
                    2.132173776626587
                ],
                [
                    0.716598391532898,
                    -0.47058141231536865,
                    0.5148201584815979,
                    2.0753064155578613
                ],
                [
                    -1.4901161193847656e-08,
                    0.738108217716217,
                    0.6746822595596313,
                    2.719731092453003
                ],
                [
                    0.0,
                    0.0,
                    0.0,
                    1.0
                ]
            ]
        },
        {
            "file_path": "/data/shapenet_blender/all_50_random/02958343/b48b8791a3b09753b8d3554bd033ee9b/r_4",
            "rotation": 0.12566370614359174,
            "transform_matrix": [
                [
                    -0.4660753607749939,
                    -0.801632821559906,
                    -0.3743774890899658,
                    -1.5091639757156372
                ],
                [
                    -0.8847448825836182,
                    0.42229270935058594,
                    0.19721856713294983,
                    0.7950134873390198
                ],
                [
                    0.0,
                    0.4231473505496979,
                    -0.9060608744621277,
                    -3.6524481773376465
                ],
                [
                    0.0,
                    0.0,
                    0.0,
                    1.0
                ]
            ]
        },
        {
            "file_path": "/data/shapenet_blender/all_50_random/02958343/b48b8791a3b09753b8d3554bd033ee9b/r_5",
            "rotation": 0.12566370614359174,
            "transform_matrix": [
                [
                    0.6353984475135803,
                    -0.6912366151809692,
                    -0.3441810607910156,
                    -1.3874382972717285
                ],
                [
                    -0.7721843719482422,
                    -0.5687898993492126,
                    -0.283212274312973,
                    -1.1416653394699097
                ],
                [
                    -1.4901160305669237e-08,
                    0.4457239806652069,
                    -0.8951703906059265,
                    -3.6085474491119385
                ],
                [
                    0.0,
                    0.0,
                    0.0,
                    1.0
                ]
            ]
        },
        {
            "file_path": "/data/shapenet_blender/all_50_random/02958343/b48b8791a3b09753b8d3554bd033ee9b/r_6",
            "rotation": 0.12566370614359174,
            "transform_matrix": [
                [
                    -0.8278867602348328,
                    0.03556251898407936,
                    -0.5597665905952454,
                    -2.2564914226531982
                ],
                [
                    -0.5608950853347778,
                    -0.052490632981061935,
                    0.8262211084365845,
                    3.330603837966919
                ],
                [
                    1.8626450382086546e-09,
                    0.9979879856109619,
                    0.06340314447879791,
                    0.2555862367153168
                ],
                [
                    0.0,
                    0.0,
                    0.0,
                    1.0
                ]
            ]
        },
        {
            "file_path": "/data/shapenet_blender/all_50_random/02958343/b48b8791a3b09753b8d3554bd033ee9b/r_7",
            "rotation": 0.12566370614359174,
            "transform_matrix": [
                [
                    0.9004645943641663,
                    -0.34271955490112305,
                    0.26778140664100647,
                    1.0794613361358643
                ],
                [
                    0.43492937088012695,
                    0.7095561623573303,
                    -0.554406464099884,
                    -2.234884023666382
                ],
                [
                    0.0,
                    0.6156893372535706,
                    0.7879889607429504,
                    3.176485061645508
                ],
                [
                    0.0,
                    0.0,
                    0.0,
                    1.0
                ]
            ]
        },
        {
            "file_path": "/data/shapenet_blender/all_50_random/02958343/b48b8791a3b09753b8d3554bd033ee9b/r_8",
            "rotation": 0.12566370614359174,
            "transform_matrix": [
                [
                    -0.9972971677780151,
                    0.05576270446181297,
                    0.047842323780059814,
                    0.19285860657691956
                ],
                [
                    0.07347358763217926,
                    0.7568976879119873,
                    0.6493900418281555,
                    2.6177752017974854
                ],
                [
                    0.0,
                    0.6511499881744385,
                    -0.7589488625526428,
                    -3.0594213008880615
                ],
                [
                    0.0,
                    0.0,
                    0.0,
                    1.0
                ]
            ]
        },
        {
            "file_path": "/data/shapenet_blender/all_50_random/02958343/b48b8791a3b09753b8d3554bd033ee9b/r_9",
            "rotation": 0.12566370614359174,
            "transform_matrix": [
                [
                    -0.930570125579834,
                    0.07428531348705292,
                    -0.3584982454776764,
                    -1.4451526403427124
                ],
                [
                    -0.3661138117313385,
                    -0.18881477415561676,
                    0.9112132787704468,
                    3.673218250274658
                ],
                [
                    0.0,
                    0.9791988730430603,
                    0.20290227234363556,
                    0.817925214767456
                ],
                [
                    0.0,
                    0.0,
                    0.0,
                    1.0
                ]
            ]
        },
        {
            "file_path": "/data/shapenet_blender/all_50_random/02958343/b48b8791a3b09753b8d3554bd033ee9b/r_10",
            "rotation": 0.12566370614359174,
            "transform_matrix": [
                [
                    0.12102721631526947,
                    0.02956637367606163,
                    0.9922088384628296,
                    3.9997212886810303
                ],
                [
                    0.9926491975784302,
                    -0.0036048342008143663,
                    -0.12097352743148804,
                    -0.48765984177589417
                ],
                [
                    -2.3283061589829401e-10,
                    0.9995563626289368,
                    -0.029785318300127983,
                    -0.12006844580173492
                ],
                [
                    0.0,
                    0.0,
                    0.0,
                    1.0
                ]
            ]
        },
        {
            "file_path": "/data/shapenet_blender/all_50_random/02958343/b48b8791a3b09753b8d3554bd033ee9b/r_11",
            "rotation": 0.12566370614359174,
            "transform_matrix": [
                [
                    -0.5643409490585327,
                    -0.34078335762023926,
                    -0.7519214749336243,
                    -3.031092405319214
                ],
                [
                    -0.8255417346954346,
                    0.2329597920179367,
                    0.5140141248703003,
                    2.0720572471618652
                ],
                [
                    1.4901160305669237e-08,
                    0.9108219146728516,
                    -0.412799596786499,
                    -1.664048433303833
                ],
                [
                    0.0,
                    0.0,
                    0.0,
                    1.0
                ]
            ]
        },
        {
            "file_path": "/data/shapenet_blender/all_50_random/02958343/b48b8791a3b09753b8d3554bd033ee9b/r_12",
            "rotation": 0.12566370614359174,
            "transform_matrix": [
                [
                    -0.7982280850410461,
                    0.005147908348590136,
                    -0.6023332476615906,
                    -2.4280831813812256
                ],
                [
                    -0.6023553013801575,
                    -0.006821895483881235,
                    0.7981988787651062,
                    3.2176427841186523
                ],
                [
                    0.0,
                    0.9999635219573975,
                    0.008546297438442707,
                    0.034451231360435486
                ],
                [
                    0.0,
                    0.0,
                    0.0,
                    1.0
                ]
            ]
        },
        {
            "file_path": "/data/shapenet_blender/all_50_random/02958343/b48b8791a3b09753b8d3554bd033ee9b/r_13",
            "rotation": 0.12566370614359174,
            "transform_matrix": [
                [
                    -0.1324697583913803,
                    0.6500387787818909,
                    0.7482655644416809,
                    3.016355037689209
                ],
                [
                    0.9911870956420898,
                    0.08687610924243927,
                    0.10000388324260712,
                    0.4031285345554352
                ],
                [
                    7.450580596923828e-09,
                    0.7549186944961548,
                    -0.6558184623718262,
                    -2.643688678741455
                ],
                [
                    0.0,
                    0.0,
                    0.0,
                    1.0
                ]
            ]
        },
        {
            "file_path": "/data/shapenet_blender/all_50_random/02958343/b48b8791a3b09753b8d3554bd033ee9b/r_14",
            "rotation": 0.12566370614359174,
            "transform_matrix": [
                [
                    0.9695377945899963,
                    -0.18790124356746674,
                    0.15712937712669373,
                    0.6334087252616882
                ],
                [
                    0.24494189023971558,
                    0.7437574863433838,
                    -0.621955156326294,
                    -2.507181167602539
                ],
                [
                    0.0,
                    0.6414965987205505,
                    0.7671259641647339,
                    3.09238338470459
                ],
                [
                    0.0,
                    0.0,
                    0.0,
                    1.0
                ]
            ]
        },
        {
            "file_path": "/data/shapenet_blender/all_50_random/02958343/b48b8791a3b09753b8d3554bd033ee9b/r_15",
            "rotation": 0.12566370614359174,
            "transform_matrix": [
                [
                    -0.39065179228782654,
                    -0.03332984074950218,
                    0.9199349284172058,
                    3.708376407623291
                ],
                [
                    0.9205385446548462,
                    -0.014144289307296276,
                    0.3903956413269043,
                    1.5737351179122925
                ],
                [
                    1.862645149230957e-09,
                    0.9993443489074707,
                    0.03620689734816551,
                    0.1459546685218811
                ],
                [
                    0.0,
                    0.0,
                    0.0,
                    1.0
                ]
            ]
        },
        {
            "file_path": "/data/shapenet_blender/all_50_random/02958343/b48b8791a3b09753b8d3554bd033ee9b/r_16",
            "rotation": 0.12566370614359174,
            "transform_matrix": [
                [
                    -0.2908537983894348,
                    -0.018331056460738182,
                    0.9565919637680054,
                    3.856145143508911
                ],
                [
                    0.9567675590515137,
                    -0.005572573281824589,
                    0.29080039262771606,
                    1.1722537279129028
                ],
                [
                    4.656612873077393e-10,
                    0.9998164176940918,
                    0.019159365445375443,
                    0.07723386585712433
                ],
                [
                    0.0,
                    0.0,
                    0.0,
                    1.0
                ]
            ]
        },
        {
            "file_path": "/data/shapenet_blender/all_50_random/02958343/b48b8791a3b09753b8d3554bd033ee9b/r_17",
            "rotation": 0.12566370614359174,
            "transform_matrix": [
                [
                    -0.01598295010626316,
                    -0.7912552952766418,
                    -0.6112769842147827,
                    -2.4641361236572266
                ],
                [
                    -0.9998723268508911,
                    0.012648208998143673,
                    0.009771257638931274,
                    0.039389193058013916
                ],
                [
                    -4.6566123179658803e-10,
                    0.6113551259040833,
                    -0.7913565039634705,
                    -3.1900596618652344
                ],
                [
                    0.0,
                    0.0,
                    0.0,
                    1.0
                ]
            ]
        },
        {
            "file_path": "/data/shapenet_blender/all_50_random/02958343/b48b8791a3b09753b8d3554bd033ee9b/r_18",
            "rotation": 0.12566370614359174,
            "transform_matrix": [
                [
                    -0.14800207316875458,
                    0.31876224279403687,
                    0.9362083077430725,
                    3.7739763259887695
                ],
                [
                    0.9889870882034302,
                    0.04770282283425331,
                    0.14010372757911682,
                    0.5647761821746826
                ],
                [
                    0.0,
                    0.9466335773468018,
                    -0.3223118484020233,
                    -1.2992806434631348
                ],
                [
                    0.0,
                    0.0,
                    0.0,
                    1.0
                ]
            ]
        },
        {
            "file_path": "/data/shapenet_blender/all_50_random/02958343/b48b8791a3b09753b8d3554bd033ee9b/r_19",
            "rotation": 0.12566370614359174,
            "transform_matrix": [
                [
                    0.9292709231376648,
                    -0.19447734951972961,
                    -0.3140605688095093,
                    -1.2660186290740967
                ],
                [
                    -0.3693988025188446,
                    -0.4892331659793854,
                    -0.7900603413581848,
                    -3.184835195541382
                ],
                [
                    0.0,
                    0.8501936793327332,
                    -0.526469886302948,
                    -2.122267961502075
                ],
                [
                    0.0,
                    0.0,
                    0.0,
                    1.0
                ]
            ]
        },
        {
            "file_path": "/data/shapenet_blender/all_50_random/02958343/b48b8791a3b09753b8d3554bd033ee9b/r_20",
            "rotation": 0.12566370614359174,
            "transform_matrix": [
                [
                    0.739643931388855,
                    0.46876078844070435,
                    -0.4828977584838867,
                    -1.9466230869293213
                ],
                [
                    -0.6729984879493713,
                    0.5151810646057129,
                    -0.5307179689407349,
                    -2.139392614364624
                ],
                [
                    1.4901161193847656e-08,
                    0.7175318002700806,
                    0.6965258121490479,
                    2.8077852725982666
                ],
                [
                    0.0,
                    0.0,
                    0.0,
                    1.0
                ]
            ]
        },
        {
            "file_path": "/data/shapenet_blender/all_50_random/02958343/b48b8791a3b09753b8d3554bd033ee9b/r_21",
            "rotation": 0.12566370614359174,
            "transform_matrix": [
                [
                    0.6371623873710632,
                    0.482464998960495,
                    0.6010419726371765,
                    2.4228780269622803
                ],
                [
                    0.7707294821739197,
                    -0.3988540470600128,
                    -0.4968816936016083,
                    -2.0029942989349365
                ],
                [
                    1.4901160305669237e-08,
                    0.7798352241516113,
                    -0.6259847283363342,
                    -2.523425340652466
                ],
                [
                    0.0,
                    0.0,
                    0.0,
                    1.0
                ]
            ]
        },
        {
            "file_path": "/data/shapenet_blender/all_50_random/02958343/b48b8791a3b09753b8d3554bd033ee9b/r_22",
            "rotation": 0.12566370614359174,
            "transform_matrix": [
                [
                    0.8119109272956848,
                    -0.13514550030231476,
                    0.5679227709770203,
                    2.289369821548462
                ],
                [
                    0.5837812423706055,
                    0.18795758485794067,
                    -0.7898553013801575,
                    -3.1840085983276367
                ],
                [
                    0.0,
                    0.9728348255157471,
                    0.23150023818016052,
                    0.9332073330879211
                ],
                [
                    0.0,
                    0.0,
                    0.0,
                    1.0
                ]
            ]
        },
        {
            "file_path": "/data/shapenet_blender/all_50_random/02958343/b48b8791a3b09753b8d3554bd033ee9b/r_23",
            "rotation": 0.12566370614359174,
            "transform_matrix": [
                [
                    0.7235763669013977,
                    -0.2368241846561432,
                    0.6483451724052429,
                    2.613563299179077
                ],
                [
                    0.6902443170547485,
                    0.2482604831457138,
                    -0.6796538829803467,
                    -2.7397725582122803
                ],
                [
                    -1.4901160305669237e-08,
                    0.9392982125282288,
                    0.34310194849967957,
                    1.3830883502960205
                ],
                [
                    0.0,
                    0.0,
                    0.0,
                    1.0
                ]
            ]
        },
        {
            "file_path": "/data/shapenet_blender/all_50_random/02958343/b48b8791a3b09753b8d3554bd033ee9b/r_24",
            "rotation": 0.12566370614359174,
            "transform_matrix": [
                [
                    0.7545558214187622,
                    -0.07866057008504868,
                    0.6515044569969177,
                    2.626298427581787
                ],
                [
                    0.6562358736991882,
                    0.09044581651687622,
                    -0.7491154670715332,
                    -3.0197811126708984
                ],
                [
                    0.0,
                    0.9927899837493896,
                    0.11986631900072098,
                    0.48319658637046814
                ],
                [
                    0.0,
                    0.0,
                    0.0,
                    1.0
                ]
            ]
        },
        {
            "file_path": "/data/shapenet_blender/all_50_random/02958343/b48b8791a3b09753b8d3554bd033ee9b/r_25",
            "rotation": 0.12566370614359174,
            "transform_matrix": [
                [
                    0.660872220993042,
                    -0.3484424352645874,
                    -0.6647073030471802,
                    -2.679520845413208
                ],
                [
                    -0.7504984736442566,
                    -0.30683064460754395,
                    -0.5853264331817627,
                    -2.3595263957977295
                ],
                [
                    -1.4901161193847656e-08,
                    0.8856877088546753,
                    -0.4642813503742218,
                    -1.8715779781341553
                ],
                [
                    0.0,
                    0.0,
                    0.0,
                    1.0
                ]
            ]
        },
        {
            "file_path": "/data/shapenet_blender/all_50_random/02958343/b48b8791a3b09753b8d3554bd033ee9b/r_26",
            "rotation": 0.12566370614359174,
            "transform_matrix": [
                [
                    0.03181386739015579,
                    -0.030153827741742134,
                    0.9990388751029968,
                    4.027254581451416
                ],
                [
                    0.9994938969612122,
                    0.0009597955504432321,
                    -0.03179938346147537,
                    -0.1281874179840088
                ],
                [
                    5.820766785236131e-11,
                    0.9995447993278503,
                    0.03016909770667553,
                    0.12161552160978317
                ],
                [
                    0.0,
                    0.0,
                    0.0,
                    1.0
                ]
            ]
        },
        {
            "file_path": "/data/shapenet_blender/all_50_random/02958343/b48b8791a3b09753b8d3554bd033ee9b/r_27",
            "rotation": 0.12566370614359174,
            "transform_matrix": [
                [
                    0.9992861747741699,
                    -0.005992320366203785,
                    0.03729892149567604,
                    0.15035676956176758
                ],
                [
                    0.037777215242385864,
                    0.15850937366485596,
                    -0.986634373664856,
                    -3.977250814437866
                ],
                [
                    4.656612873077393e-10,
                    0.9873392581939697,
                    0.158622607588768,
                    0.6394282579421997
                ],
                [
                    0.0,
                    0.0,
                    0.0,
                    1.0
                ]
            ]
        },
        {
            "file_path": "/data/shapenet_blender/all_50_random/02958343/b48b8791a3b09753b8d3554bd033ee9b/r_28",
            "rotation": 0.12566370614359174,
            "transform_matrix": [
                [
                    0.9894299507141113,
                    0.0806756541132927,
                    -0.12049853801727295,
                    -0.4857451319694519
                ],
                [
                    -0.14501193165779114,
                    0.5504575371742249,
                    -0.8221727609634399,
                    -3.314284324645996
                ],
                [
                    7.450580596923828e-09,
                    0.8309560418128967,
                    0.5563380718231201,
                    2.2426705360412598
                ],
                [
                    0.0,
                    0.0,
                    0.0,
                    1.0
                ]
            ]
        },
        {
            "file_path": "/data/shapenet_blender/all_50_random/02958343/b48b8791a3b09753b8d3554bd033ee9b/r_29",
            "rotation": 0.12566370614359174,
            "transform_matrix": [
                [
                    -0.37505483627319336,
                    -0.08145830780267715,
                    -0.9234167337417603,
                    -3.722411632537842
                ],
                [
                    -0.9270026683807373,
                    0.03295711427927017,
                    0.3736039996147156,
                    1.5060458183288574
                ],
                [
                    0.0,
                    0.9961317777633667,
                    -0.08787278085947037,
                    -0.3542264997959137
                ],
                [
                    0.0,
                    0.0,
                    0.0,
                    1.0
                ]
            ]
        },
        {
            "file_path": "/data/shapenet_blender/all_50_random/02958343/b48b8791a3b09753b8d3554bd033ee9b/r_30",
            "rotation": 0.12566370614359174,
            "transform_matrix": [
                [
                    -0.3219621777534485,
                    0.8636106252670288,
                    0.38796523213386536,
                    1.5639381408691406
                ],
                [
                    0.9467525482177734,
                    0.2936880886554718,
                    0.13193537294864655,
                    0.5318485498428345
                ],
                [
                    1.4901161193847656e-08,
                    0.4097852408885956,
                    -0.9121818542480469,
                    -3.6771230697631836
                ],
                [
                    0.0,
                    0.0,
                    0.0,
                    1.0
                ]
            ]
        },
        {
            "file_path": "/data/shapenet_blender/all_50_random/02958343/b48b8791a3b09753b8d3554bd033ee9b/r_31",
            "rotation": 0.12566370614359174,
            "transform_matrix": [
                [
                    -0.014726725406944752,
                    0.39836233854293823,
                    0.9171099066734314,
                    3.696988344192505
                ],
                [
                    0.9998915195465088,
                    0.005867208819836378,
                    0.01350749097764492,
                    0.05445043742656708
                ],
                [
                    4.6566125955216364e-10,
                    0.9172093868255615,
                    -0.398405522108078,
                    -1.6060240268707275
                ],
                [
                    0.0,
                    0.0,
                    0.0,
                    1.0
                ]
            ]
        },
        {
            "file_path": "/data/shapenet_blender/all_50_random/02958343/b48b8791a3b09753b8d3554bd033ee9b/r_32",
            "rotation": 0.12566370614359174,
            "transform_matrix": [
                [
                    0.46191731095314026,
                    0.10439716279506683,
                    -0.8807574510574341,
                    -3.5504467487335205
                ],
                [
                    -0.8869230151176453,
                    0.05437096208333969,
                    -0.45870622992515564,
                    -1.8491039276123047
                ],
                [
                    3.725290298461914e-09,
                    0.9930483102798462,
                    0.11770715564489365,
                    0.47449272871017456
                ],
                [
                    0.0,
                    0.0,
                    0.0,
                    1.0
                ]
            ]
        },
        {
            "file_path": "/data/shapenet_blender/all_50_random/02958343/b48b8791a3b09753b8d3554bd033ee9b/r_33",
            "rotation": 0.12566370614359174,
            "transform_matrix": [
                [
                    -0.9631878733634949,
                    0.010429900139570236,
                    -0.26862677931785583,
                    -1.082869291305542
                ],
                [
                    -0.26882922649383545,
                    -0.03736927732825279,
                    0.9624626040458679,
                    3.8798110485076904
                ],
                [
                    0.0,
                    0.999247133731842,
                    0.038797490298748016,
                    0.15639770030975342
                ],
                [
                    0.0,
                    0.0,
                    0.0,
                    1.0
                ]
            ]
        },
        {
            "file_path": "/data/shapenet_blender/all_50_random/02958343/b48b8791a3b09753b8d3554bd033ee9b/r_34",
            "rotation": 0.12566370614359174,
            "transform_matrix": [
                [
                    0.144301176071167,
                    -0.6375986337661743,
                    -0.7567331790924072,
                    -3.0504889488220215
                ],
                [
                    -0.9895338416099548,
                    -0.09297937899827957,
                    -0.11035246402025223,
                    -0.4448450207710266
                ],
                [
                    0.0,
                    0.7647370100021362,
                    -0.6443424224853516,
                    -2.5974273681640625
                ],
                [
                    0.0,
                    0.0,
                    0.0,
                    1.0
                ]
            ]
        },
        {
            "file_path": "/data/shapenet_blender/all_50_random/02958343/b48b8791a3b09753b8d3554bd033ee9b/r_35",
            "rotation": 0.12566370614359174,
            "transform_matrix": [
                [
                    0.1382099986076355,
                    0.137253537774086,
                    -0.9808463454246521,
                    -3.953917980194092
                ],
                [
                    -0.9904029369354248,
                    0.01915363222360611,
                    -0.13687638938426971,
                    -0.5517663955688477
                ],
                [
                    0.0,
                    0.9903507232666016,
                    0.13858355581760406,
                    0.5586481690406799
                ],
                [
                    0.0,
                    0.0,
                    0.0,
                    1.0
                ]
            ]
        },
        {
            "file_path": "/data/shapenet_blender/all_50_random/02958343/b48b8791a3b09753b8d3554bd033ee9b/r_36",
            "rotation": 0.12566370614359174,
            "transform_matrix": [
                [
                    0.699074923992157,
                    0.5671029090881348,
                    -0.4355323910713196,
                    -1.7556873559951782
                ],
                [
                    -0.7150484323501587,
                    0.5544343590736389,
                    -0.42580297589302063,
                    -1.7164667844772339
                ],
                [
                    1.4901161193847656e-08,
                    0.6090949773788452,
                    0.793097198009491,
                    3.1970772743225098
                ],
                [
                    0.0,
                    0.0,
                    0.0,
                    1.0
                ]
            ]
        },
        {
            "file_path": "/data/shapenet_blender/all_50_random/02958343/b48b8791a3b09753b8d3554bd033ee9b/r_37",
            "rotation": 0.12566370614359174,
            "transform_matrix": [
                [
                    0.5017784833908081,
                    0.21548335254192352,
                    -0.8377262353897095,
                    -3.3769824504852295
                ],
                [
                    -0.8649961948394775,
                    0.12500044703483582,
                    -0.48595938086509705,
                    -1.9589649438858032
                ],
                [
                    -7.450580596923828e-09,
                    0.9684739112854004,
                    0.24911481142044067,
                    1.0042139291763306
                ],
                [
                    0.0,
                    0.0,
                    0.0,
                    1.0
                ]
            ]
        },
        {
            "file_path": "/data/shapenet_blender/all_50_random/02958343/b48b8791a3b09753b8d3554bd033ee9b/r_38",
            "rotation": 0.12566370614359174,
            "transform_matrix": [
                [
                    -0.8901481628417969,
                    0.03377176821231842,
                    -0.4544181823730469,
                    -1.8318184614181519
                ],
                [
                    -0.4556714594364166,
                    -0.0659726932644844,
                    0.8876998424530029,
                    3.57843279838562
                ],
                [
                    1.862645371275562e-09,
                    0.9972496628761292,
                    0.07411430031061172,
                    0.29876431822776794
                ],
                [
                    0.0,
                    0.0,
                    0.0,
                    1.0
                ]
            ]
        },
        {
            "file_path": "/data/shapenet_blender/all_50_random/02958343/b48b8791a3b09753b8d3554bd033ee9b/r_39",
            "rotation": 0.12566370614359174,
            "transform_matrix": [
                [
                    0.8500622510910034,
                    0.0833379253745079,
                    -0.5200470685958862,
                    -2.096376895904541
                ],
                [
                    -0.5266821980476379,
                    0.134506955742836,
                    -0.8393531441688538,
                    -3.383540630340576
                ],
                [
                    0.0,
                    0.9874019026756287,
                    0.1582319140434265,
                    0.6378532648086548
                ],
                [
                    0.0,
                    0.0,
                    0.0,
                    1.0
                ]
            ]
        },
        {
            "file_path": "/data/shapenet_blender/all_50_random/02958343/b48b8791a3b09753b8d3554bd033ee9b/r_40",
            "rotation": 0.12566370614359174,
            "transform_matrix": [
                [
                    0.8052323460578918,
                    0.044413793832063675,
                    -0.5912937521934509,
                    -2.3835816383361816
                ],
                [
                    -0.5929595232009888,
                    0.060313425958156586,
                    -0.8029702305793762,
                    -3.2368767261505127
                ],
                [
                    0.0,
                    0.9971909523010254,
                    0.07490188628435135,
                    0.3019391894340515
                ],
                [
                    0.0,
                    0.0,
                    0.0,
                    1.0
                ]
            ]
        },
        {
            "file_path": "/data/shapenet_blender/all_50_random/02958343/b48b8791a3b09753b8d3554bd033ee9b/r_41",
            "rotation": 0.12566370614359174,
            "transform_matrix": [
                [
                    0.9717959761619568,
                    0.04699801281094551,
                    -0.23109287023544312,
                    -0.9315652251243591
                ],
                [
                    -0.23582354187965393,
                    0.1936722695827484,
                    -0.9523015022277832,
