{
    "class": "02958343",
    "model": "be28d4b681ab04ecca92a4cdad802b45",
    "remove_doubles": true,
    "edge_split": true,
    "denoise": true,
    "camera_angle_x": 0.6911112070083618,
    "scale_factor": 2.2944095598939582,
    "hdri_file": "/data/IndoorHDRDataset2018/AG8A6550-b1782726c9.exr",
    "center_offset": [
        0.0,
        -2.3283064365386963e-09,
        -3.725290298461914e-09
    ],
    "lights": [],
    "frames": [
        {
            "file_path": "/data/shapenet_blender/all_50_random/02958343/be28d4b681ab04ecca92a4cdad802b45/r_0",
            "rotation": 0.12566370614359174,
            "transform_matrix": [
                [
                    -0.9410021305084229,
                    -0.052526410669088364,
                    0.33429932594299316,
                    1.347603678703308
                ],
                [
                    0.3384007215499878,
                    -0.14606192708015442,
                    0.9295971393585205,
                    3.747325897216797
                ],
                [
                    3.725290298461914e-09,
                    0.9878799915313721,
                    0.15521953999996185,
                    0.6257099509239197
                ],
                [
                    0.0,
                    0.0,
                    0.0,
                    1.0
                ]
            ]
        },
        {
            "file_path": "/data/shapenet_blender/all_50_random/02958343/be28d4b681ab04ecca92a4cdad802b45/r_1",
            "rotation": 0.12566370614359174,
            "transform_matrix": [
                [
                    -0.728851318359375,
                    -0.11535128951072693,
                    0.6748848557472229,
                    2.720548152923584
                ],
                [
                    0.6846718788146973,
                    -0.1227945014834404,
                    0.7184328436851501,
                    2.8960957527160645
                ],
                [
                    -7.450580152834618e-09,
                    0.9857056140899658,
                    0.16847670078277588,
                    0.6791513562202454
                ],
                [
                    0.0,
                    0.0,
                    0.0,
                    1.0
                ]
            ]
        },
        {
            "file_path": "/data/shapenet_blender/all_50_random/02958343/be28d4b681ab04ecca92a4cdad802b45/r_2",
            "rotation": 0.12566370614359174,
            "transform_matrix": [
                [
                    0.9952763319015503,
                    -0.004230594262480736,
                    0.09699053317308426,
                    0.39098137617111206
                ],
                [
                    0.09708276391029358,
                    0.043371349573135376,
                    -0.9943308234214783,
                    -4.008275985717773
                ],
                [
                    -4.656612873077393e-10,
                    0.9990500807762146,
                    0.04357719048857689,
                    0.17566528916358948
                ],
                [
                    0.0,
                    0.0,
                    0.0,
                    1.0
                ]
            ]
        },
        {
            "file_path": "/data/shapenet_blender/all_50_random/02958343/be28d4b681ab04ecca92a4cdad802b45/r_3",
            "rotation": 0.12566370614359174,
            "transform_matrix": [
                [
                    0.5238410234451294,
                    0.29211464524269104,
                    -0.8001622557640076,
                    -3.225557327270508
                ],
                [
                    -0.8518161177635193,
                    0.17964163422584534,
                    -0.49207547307014465,
                    -1.9836196899414062
                ],
                [
                    0.0,
                    0.9393604397773743,
                    0.3429315686225891,
                    1.3824013471603394
                ],
                [
                    0.0,
                    0.0,
                    0.0,
                    1.0
                ]
            ]
        },
        {
            "file_path": "/data/shapenet_blender/all_50_random/02958343/be28d4b681ab04ecca92a4cdad802b45/r_4",
            "rotation": 0.12566370614359174,
            "transform_matrix": [
                [
                    0.5911197662353516,
                    0.2508440911769867,
                    -0.7665863633155823,
                    -3.0902085304260254
                ],
                [
                    -0.806583821773529,
                    0.1838357299566269,
                    -0.5618069171905518,
                    -2.264716148376465
                ],
                [
                    1.4901161193847656e-08,
                    0.950411319732666,
                    0.3109957277774811,
                    1.2536638975143433
                ],
                [
                    0.0,
                    0.0,
                    0.0,
                    1.0
                ]
            ]
        },
        {
            "file_path": "/data/shapenet_blender/all_50_random/02958343/be28d4b681ab04ecca92a4cdad802b45/r_5",
            "rotation": 0.12566370614359174,
            "transform_matrix": [
                [
                    -0.031403861939907074,
                    -0.8478385210037231,
                    -0.5293237566947937,
                    -2.133772373199463
                ],
                [
                    -0.9995068311691284,
                    0.026638539507985115,
                    0.01663101278245449,
                    0.06704175472259521
                ],
                [
                    -1.862645149230957e-09,
                    0.5295849442481995,
                    -0.8482568860054016,
                    -3.4194328784942627
                ],
                [
                    0.0,
                    0.0,
                    0.0,
                    1.0
                ]
            ]
        },
        {
            "file_path": "/data/shapenet_blender/all_50_random/02958343/be28d4b681ab04ecca92a4cdad802b45/r_6",
            "rotation": 0.12566370614359174,
            "transform_matrix": [
                [
                    -0.06487662345170975,
                    -0.6613852381706238,
                    -0.7472352385520935,
                    -3.0122017860412598
                ],
                [
                    -0.9978933334350586,
                    0.0429990217089653,
                    0.04858044162392616,
                    0.19583404064178467
                ],
                [
                    -3.725290298461914e-09,
                    0.7488127946853638,
                    -0.6627814769744873,
                    -2.671757936477661
                ],
                [
                    0.0,
                    0.0,
                    0.0,
                    1.0
                ]
            ]
        },
        {
            "file_path": "/data/shapenet_blender/all_50_random/02958343/be28d4b681ab04ecca92a4cdad802b45/r_7",
            "rotation": 0.12566370614359174,
            "transform_matrix": [
                [
                    -0.8189014792442322,
                    0.5054131150245667,
                    0.27195191383361816,
                    1.0962733030319214
                ],
                [
                    0.5739339590072632,
                    0.7211344242095947,
                    0.3880269527435303,
                    1.5641868114471436
                ],
                [
                    1.4901158529312397e-08,
                    0.47383835911750793,
                    -0.8806118369102478,
                    -3.5498600006103516
                ],
                [
                    0.0,
                    0.0,
                    0.0,
                    1.0
                ]
            ]
        },
        {
            "file_path": "/data/shapenet_blender/all_50_random/02958343/be28d4b681ab04ecca92a4cdad802b45/r_8",
            "rotation": 0.12566370614359174,
            "transform_matrix": [
                [
                    -0.6512570977210999,
                    -0.08447050303220749,
                    0.7541412115097046,
                    3.0400404930114746
                ],
                [
                    0.7588571906089783,
                    -0.07249323278665543,
                    0.6472098231315613,
                    2.6089861392974854
                ],
                [
                    -7.450580596923828e-09,
                    0.9937854409217834,
                    0.11131276935338974,
                    0.4487161338329315
                ],
                [
                    0.0,
                    0.0,
                    0.0,
                    1.0
                ]
            ]
        },
        {
            "file_path": "/data/shapenet_blender/all_50_random/02958343/be28d4b681ab04ecca92a4cdad802b45/r_9",
            "rotation": 0.12566370614359174,
            "transform_matrix": [
                [
                    0.9966629147529602,
                    -0.06206585839390755,
                    0.053016483783721924,
                    0.2137162834405899
                ],
                [
                    0.08162669092416763,
                    0.7578248977661133,
                    -0.6473318934440613,
                    -2.609478235244751
                ],
                [
                    0.0,
                    0.6494992971420288,
                    0.7603622078895569,
                    3.0651180744171143
                ],
                [
                    0.0,
                    0.0,
                    0.0,
                    1.0
                ]
            ]
        },
        {
            "file_path": "/data/shapenet_blender/all_50_random/02958343/be28d4b681ab04ecca92a4cdad802b45/r_10",
            "rotation": 0.12566370614359174,
            "transform_matrix": [
                [
                    0.9224807620048523,
                    0.3301965594291687,
                    -0.19999884068965912,
                    -0.8062211275100708
                ],
                [
                    -0.38604316115379333,
                    0.7890308499336243,
                    -0.4779130816459656,
                    -1.9265292882919312
                ],
                [
                    0.0,
                    0.5180736780166626,
                    0.8553359508514404,
                    3.447969436645508
                ],
                [
                    0.0,
                    0.0,
                    0.0,
                    1.0
                ]
            ]
        },
        {
            "file_path": "/data/shapenet_blender/all_50_random/02958343/be28d4b681ab04ecca92a4cdad802b45/r_11",
            "rotation": 0.12566370614359174,
            "transform_matrix": [
                [
                    -0.40335115790367126,
                    0.036762114614248276,
                    -0.9143065214157104,
                    -3.68568754196167
                ],
                [
                    -0.9150453209877014,
                    -0.01620470918715,
                    0.4030255079269409,
                    1.6246477365493774
                ],
                [
                    -9.313225746154785e-10,
                    0.9991925954818726,
                    0.040175192058086395,
                    0.16195137798786163
                ],
                [
                    0.0,
                    0.0,
                    0.0,
                    1.0
                ]
            ]
        },
        {
            "file_path": "/data/shapenet_blender/all_50_random/02958343/be28d4b681ab04ecca92a4cdad802b45/r_12",
            "rotation": 0.12566370614359174,
            "transform_matrix": [
                [
                    -0.23702099919319153,
                    0.10820206999778748,
                    0.9654601216316223,
                    3.891894578933716
                ],
                [
                    0.9715045690536499,
                    0.026398396119475365,
                    0.2355463057756424,
                    0.9495176076889038
                ],
                [
                    0.0,
                    0.9937783479690552,
                    -0.11137577146291733,
                    -0.44897013902664185
                ],
                [
                    0.0,
                    0.0,
                    0.0,
                    1.0
                ]
            ]
        },
        {
            "file_path": "/data/shapenet_blender/all_50_random/02958343/be28d4b681ab04ecca92a4cdad802b45/r_13",
            "rotation": 0.12566370614359174,
            "transform_matrix": [
                [
                    -0.2101285308599472,
                    -0.6189220547676086,
                    0.7568231821060181,
                    3.050852060317993
                ],
                [
                    0.9776737689971924,
                    -0.13302308320999146,
                    0.16266176104545593,
                    0.6557105779647827
                ],
                [
                    0.0,
                    0.7741060853004456,
                    0.6330558061599731,
                    2.5519297122955322
                ],
                [
                    0.0,
                    0.0,
                    0.0,
                    1.0
                ]
            ]
        },
        {
            "file_path": "/data/shapenet_blender/all_50_random/02958343/be28d4b681ab04ecca92a4cdad802b45/r_14",
            "rotation": 0.12566370614359174,
            "transform_matrix": [
                [
                    0.9780446290969849,
                    0.007038631476461887,
                    0.20827680826187134,
                    0.8395906686782837
                ],
                [
                    0.20839571952819824,
                    -0.033033765852451324,
                    -0.9774865508079529,
                    -3.9403743743896484
                ],
                [
                    0.0,
                    0.99942946434021,
                    -0.033775318413972855,
                    -0.13615266978740692
                ],
                [
                    0.0,
                    0.0,
                    0.0,
                    1.0
                ]
            ]
        },
        {
            "file_path": "/data/shapenet_blender/all_50_random/02958343/be28d4b681ab04ecca92a4cdad802b45/r_15",
            "rotation": 0.12566370614359174,
            "transform_matrix": [
                [
                    0.9824103116989136,
                    0.017450397834181786,
                    -0.18591782450675964,
                    -0.7494587302207947
                ],
                [
                    -0.18673497438430786,
                    0.0918063148856163,
                    -0.9781112670898438,
                    -3.942892551422119
                ],
                [
                    0.0,
                    0.9956238865852356,
                    0.09345008432865143,
                    0.37670934200286865
                ],
                [
                    0.0,
                    0.0,
                    0.0,
                    1.0
                ]
            ]
        },
        {
            "file_path": "/data/shapenet_blender/all_50_random/02958343/be28d4b681ab04ecca92a4cdad802b45/r_16",
            "rotation": 0.12566370614359174,
            "transform_matrix": [
                [
                    0.7125112414360046,
                    -0.14985136687755585,
                    -0.685472309589386,
                    -2.7632272243499756
                ],
                [
                    -0.701660692691803,
                    -0.15216867625713348,
                    -0.696072518825531,
                    -2.8059580326080322
                ],
                [
                    7.4505797087454084e-09,
                    0.9769284725189209,
                    -0.21356670558452606,
                    -0.860914945602417
                ],
                [
                    0.0,
                    0.0,
                    0.0,
                    1.0
                ]
            ]
        },
        {
            "file_path": "/data/shapenet_blender/all_50_random/02958343/be28d4b681ab04ecca92a4cdad802b45/r_17",
            "rotation": 0.12566370614359174,
            "transform_matrix": [
                [
                    -0.6526360511779785,
                    0.08784686028957367,
                    -0.7525616884231567,
                    -3.0336732864379883
                ],
                [
                    -0.7576715350151062,
                    -0.07566870748996735,
                    0.6482345461845398,
                    2.613116979598999
                ],
                [
                    0.0,
                    0.9932558536529541,
                    0.11594319343566895,
                    0.46738195419311523
                ],
                [
                    0.0,
                    0.0,
                    0.0,
                    1.0
                ]
            ]
        },
        {
            "file_path": "/data/shapenet_blender/all_50_random/02958343/be28d4b681ab04ecca92a4cdad802b45/r_18",
            "rotation": 0.12566370614359174,
            "transform_matrix": [
                [
                    0.7224146127700806,
                    -0.044883791357278824,
                    0.6900017261505127,
                    2.7814862728118896
                ],
                [
                    0.691460132598877,
                    0.046893101185560226,
                    -0.7208909392356873,
                    -2.9060046672821045
                ],
                [
                    0.0,
                    0.9978910684585571,
                    0.06491159647703171,
                    0.26166704297065735
                ],
                [
                    0.0,
                    0.0,
                    0.0,
                    1.0
                ]
            ]
        },
        {
            "file_path": "/data/shapenet_blender/all_50_random/02958343/be28d4b681ab04ecca92a4cdad802b45/r_19",
            "rotation": 0.12566370614359174,
            "transform_matrix": [
                [
                    -0.7932395935058594,
                    -0.10132139176130295,
                    -0.6004207134246826,
                    -2.42037296295166
                ],
                [
                    -0.6089097261428833,
                    0.13199353218078613,
                    0.7821807861328125,
                    3.153071165084839
                ],
                [
                    7.450580596923828e-09,
                    0.9860585927963257,
                    -0.1663980782032013,
                    -0.6707720160484314
                ],
                [
                    0.0,
                    0.0,
                    0.0,
                    1.0
                ]
            ]
        },
        {
            "file_path": "/data/shapenet_blender/all_50_random/02958343/be28d4b681ab04ecca92a4cdad802b45/r_20",
            "rotation": 0.12566370614359174,
            "transform_matrix": [
                [
                    0.1750061810016632,
                    -0.5449845194816589,
                    -0.8199784159660339,
                    -3.305438756942749
                ],
                [
                    -0.984567403793335,
                    -0.09687063097953796,
                    -0.14575061202049255,
                    -0.5875394940376282
                ],
                [
                    7.450581485102248e-09,
                    0.8328312039375305,
                    -0.5535269379615784,
                    -2.2313385009765625
                ],
                [
                    0.0,
                    0.0,
                    0.0,
                    1.0
                ]
            ]
        },
        {
            "file_path": "/data/shapenet_blender/all_50_random/02958343/be28d4b681ab04ecca92a4cdad802b45/r_21",
            "rotation": 0.12566370614359174,
            "transform_matrix": [
                [
                    -0.8092942833900452,
                    -0.14607815444469452,
                    0.568949818611145,
                    2.2935101985931396
                ],
                [
                    0.5874033570289612,
                    -0.20125900208950043,
                    0.7838699221611023,
                    3.1598806381225586
                ],
                [
                    0.0,
                    0.9685845971107483,
                    0.24868454039096832,
                    1.0024794340133667
                ],
                [
                    0.0,
                    0.0,
                    0.0,
                    1.0
                ]
            ]
        },
        {
            "file_path": "/data/shapenet_blender/all_50_random/02958343/be28d4b681ab04ecca92a4cdad802b45/r_22",
            "rotation": 0.12566370614359174,
            "transform_matrix": [
                [
                    -0.6660276055335999,
                    -0.43742188811302185,
                    0.6042096018791199,
                    2.4356470108032227
                ],
                [
                    0.7459271550178528,
                    -0.39056769013404846,
                    0.5394900441169739,
                    2.1747541427612305
                ],
                [
                    0.0,
                    0.8100116848945618,
                    0.5864136219024658,
                    2.3639092445373535
                ],
                [
                    0.0,
                    0.0,
                    0.0,
                    1.0
                ]
            ]
        },
        {
            "file_path": "/data/shapenet_blender/all_50_random/02958343/be28d4b681ab04ecca92a4cdad802b45/r_23",
            "rotation": 0.12566370614359174,
            "transform_matrix": [
                [
                    -0.5962694883346558,
                    -0.18221427500247955,
                    -0.7818315625190735,
                    -3.1516637802124023
                ],
                [
                    -0.8027843832969666,
                    0.13533996045589447,
                    0.580706775188446,
                    2.3409039974212646
                ],
                [
                    -7.450581485102248e-09,
                    0.9738998413085938,
                    -0.2269778698682785,
                    -0.9149770736694336
                ],
                [
                    0.0,
                    0.0,
                    0.0,
                    1.0
                ]
            ]
        },
        {
            "file_path": "/data/shapenet_blender/all_50_random/02958343/be28d4b681ab04ecca92a4cdad802b45/r_24",
            "rotation": 0.12566370614359174,
            "transform_matrix": [
                [
                    0.8630921840667725,
                    0.22458522021770477,
                    0.4523639678955078,
                    1.8235373497009277
                ],
                [
                    0.5050461888313293,
                    -0.38380202651023865,
                    -0.7730616331100464,
                    -3.1163110733032227
                ],
                [
                    -1.4901159417490817e-08,
                    0.8956882357597351,
                    -0.4446825087070465,
                    -1.7925723791122437
                ],
                [
                    0.0,
                    0.0,
                    0.0,
                    1.0
                ]
            ]
        },
        {
            "file_path": "/data/shapenet_blender/all_50_random/02958343/be28d4b681ab04ecca92a4cdad802b45/r_25",
            "rotation": 0.12566370614359174,
            "transform_matrix": [
                [
                    -0.9067140817642212,
                    -0.0011509404284879565,
                    0.4217444062232971,
                    1.700105905532837
                ],
                [
                    0.4217459559440613,
                    -0.002474413486197591,
                    0.9067107439041138,
                    3.6550674438476562
                ],
                [
                    0.0,
                    0.9999963045120239,
                    0.002728989813476801,
                    0.01100090891122818
                ],
                [
                    0.0,
                    0.0,
                    0.0,
                    1.0
                ]
            ]
        },
        {
            "file_path": "/data/shapenet_blender/all_50_random/02958343/be28d4b681ab04ecca92a4cdad802b45/r_26",
            "rotation": 0.12566370614359174,
            "transform_matrix": [
                [
                    0.6733707785606384,
                    0.09243679791688919,
                    0.7335033416748047,
                    2.9568467140197754
                ],
                [
                    0.7393049001693726,
                    -0.0841929167509079,
                    -0.668086588382721,
                    -2.693143367767334
                ],
                [
                    0.0,
                    0.992152750492096,
                    -0.12503202259540558,
                    -0.5040202736854553
                ],
                [
                    0.0,
                    0.0,
                    0.0,
                    1.0
                ]
            ]
        },
        {
            "file_path": "/data/shapenet_blender/all_50_random/02958343/be28d4b681ab04ecca92a4cdad802b45/r_27",
            "rotation": 0.12566370614359174,
            "transform_matrix": [
                [
                    0.8030404448509216,
                    0.045068901032209396,
                    0.594217836856842,
                    2.395369052886963
                ],
                [
                    0.5959246158599854,
                    -0.06073276698589325,
                    -0.8007404804229736,
                    -3.227888345718384
                ],
                [
                    0.0,
                    0.9971360564231873,
                    -0.07562852650880814,
                    -0.3048683702945709
                ],
                [
                    0.0,
                    0.0,
                    0.0,
                    1.0
                ]
            ]
        },
        {
            "file_path": "/data/shapenet_blender/all_50_random/02958343/be28d4b681ab04ecca92a4cdad802b45/r_28",
            "rotation": 0.12566370614359174,
            "transform_matrix": [
                [
                    -0.9986660480499268,
                    0.0005224347696639597,
                    0.05163298174738884,
                    0.20813918113708496
                ],
                [
                    0.05163562297821045,
                    0.010104223154485226,
                    0.9986149668693542,
                    4.025545120239258
                ],
                [
                    5.8207653974573503e-11,
                    0.9999488592147827,
                    -0.010117720812559128,
                    -0.04078583046793938
                ],
                [
                    0.0,
                    0.0,
                    0.0,
                    1.0
                ]
            ]
        },
        {
            "file_path": "/data/shapenet_blender/all_50_random/02958343/be28d4b681ab04ecca92a4cdad802b45/r_29",
            "rotation": 0.12566370614359174,
            "transform_matrix": [
                [
                    0.9088462591171265,
                    0.2098640650510788,
                    -0.3604937493801117,
                    -1.4531968832015991
                ],
                [
                    -0.41713154315948486,
                    0.4572518467903137,
                    -0.7854437828063965,
                    -3.1662254333496094
                ],
                [
                    1.4901162970204496e-08,
                    0.864220917224884,
                    0.5031124353408813,
                    2.028111219406128
                ],
                [
                    0.0,
                    0.0,
                    0.0,
                    1.0
                ]
            ]
        },
        {
            "file_path": "/data/shapenet_blender/all_50_random/02958343/be28d4b681ab04ecca92a4cdad802b45/r_30",
            "rotation": 0.12566370614359174,
            "transform_matrix": [
                [
                    -0.7280861735343933,
                    -0.3651198446750641,
                    0.5801534652709961,
                    2.3386735916137695
                ],
                [
                    0.6854857206344604,
                    -0.38781073689460754,
                    0.6162078976631165,
                    2.484013795852661
                ],
                [
                    1.4901161193847656e-08,
                    0.8463394045829773,
                    0.5326439738273621,
                    2.1471567153930664
                ],
                [
                    0.0,
                    0.0,
                    0.0,
                    1.0
                ]
            ]
        },
        {
            "file_path": "/data/shapenet_blender/all_50_random/02958343/be28d4b681ab04ecca92a4cdad802b45/r_31",
            "rotation": 0.12566370614359174,
            "transform_matrix": [
                [
                    0.4966745972633362,
                    -0.73576420545578,
                    -0.4603970944881439,
                    -1.8559200763702393
                ],
                [
                    -0.8679367899894714,
                    -0.4210391640663147,
                    -0.26346105337142944,
                    -1.0620454549789429
                ],
                [
                    0.0,
                    0.5304499864578247,
                    -0.847716212272644,
                    -3.417253255844116
                ],
                [
                    0.0,
                    0.0,
                    0.0,
                    1.0
                ]
            ]
        },
        {
            "file_path": "/data/shapenet_blender/all_50_random/02958343/be28d4b681ab04ecca92a4cdad802b45/r_32",
            "rotation": 0.12566370614359174,
            "transform_matrix": [
                [
                    -0.977293848991394,
                    -0.10160506516695023,
                    -0.18593870103359222,
                    -0.7495429515838623
                ],
                [
                    -0.2118886560201645,
                    0.4686329662799835,
                    0.8576049208641052,
                    3.4571163654327393
                ],
                [
                    7.450580596923828e-09,
                    0.8775303363800049,
                    -0.4795210361480713,
                    -1.9330112934112549
                ],
                [
                    0.0,
                    0.0,
                    0.0,
                    1.0
                ]
            ]
        },
        {
            "file_path": "/data/shapenet_blender/all_50_random/02958343/be28d4b681ab04ecca92a4cdad802b45/r_33",
            "rotation": 0.12566370614359174,
            "transform_matrix": [
                [
                    0.954253613948822,
                    -0.15954707562923431,
                    0.2528733015060425,
                    1.019364833831787
                ],
                [
                    0.2989986836910248,
                    0.5091941356658936,
                    -0.8070446252822876,
                    -3.253300905227661
                ],
                [
                    0.0,
                    0.8457339406013489,
                    0.5336047410964966,
                    2.151029586791992
                ],
                [
                    0.0,
                    0.0,
                    0.0,
                    1.0
                ]
            ]
        },
        {
            "file_path": "/data/shapenet_blender/all_50_random/02958343/be28d4b681ab04ecca92a4cdad802b45/r_34",
            "rotation": 0.12566370614359174,
            "transform_matrix": [
                [
                    -0.281969279050827,
                    0.8708801865577698,
                    -0.40256795287132263,
                    -1.6228033304214478
                ],
                [
                    -0.9594235420227051,
                    -0.2559468746185303,
                    0.11831249296665192,
                    0.47693291306495667
                ],
                [
                    0.0,
                    0.4195936620235443,
                    0.9077120423316956,
                    3.659104347229004
                ],
                [
                    0.0,
                    0.0,
                    0.0,
                    1.0
                ]
            ]
        },
        {
            "file_path": "/data/shapenet_blender/all_50_random/02958343/be28d4b681ab04ecca92a4cdad802b45/r_35",
            "rotation": 0.12566370614359174,
            "transform_matrix": [
                [
                    -0.4385397434234619,
                    -0.3690713346004486,
                    -0.8194321990013123,
                    -3.303236961364746
                ],
                [
                    -0.8987118005752563,
                    0.18009382486343384,
                    0.3998540937900543,
                    1.611863374710083
                ],
                [
                    0.0,
                    0.9117852449417114,
                    -0.4106670916080475,
                    -1.655452013015747
                ],
                [
                    0.0,
                    0.0,
                    0.0,
                    1.0
                ]
            ]
        },
        {
            "file_path": "/data/shapenet_blender/all_50_random/02958343/be28d4b681ab04ecca92a4cdad802b45/r_36",
            "rotation": 0.12566370614359174,
            "transform_matrix": [
                [
                    -0.23228038847446442,
                    -0.7266806364059448,
                    -0.6465144753456116,
                    -2.6061835289001465
                ],
                [
                    -0.9726488590240479,
                    0.17354018986225128,
                    0.15439553558826447,
                    0.6223883628845215
                ],
                [
                    -7.450580152834618e-09,
                    0.6646948456764221,
                    -0.7471149563789368,
                    -3.0117170810699463
                ],
                [
                    0.0,
                    0.0,
                    0.0,
                    1.0
                ]
            ]
        },
        {
            "file_path": "/data/shapenet_blender/all_50_random/02958343/be28d4b681ab04ecca92a4cdad802b45/r_37",
            "rotation": 0.12566370614359174,
            "transform_matrix": [
                [
                    -0.5858503580093384,
                    0.7633287906646729,
                    0.2722289264202118,
                    1.097390055656433
                ],
                [
                    0.8104193210601807,
                    0.5518087148666382,
                    0.19679370522499084,
                    0.7933008670806885
                ],
                [
                    0.0,
                    0.33591124415397644,
                    -0.9418935775756836,
                    -3.7968947887420654
                ],
                [
                    0.0,
                    0.0,
                    0.0,
                    1.0
                ]
            ]
        },
        {
            "file_path": "/data/shapenet_blender/all_50_random/02958343/be28d4b681ab04ecca92a4cdad802b45/r_38",
            "rotation": 0.12566370614359174,
            "transform_matrix": [
                [
                    -0.26135551929473877,
                    0.8206303715705872,
                    -0.5081918835639954,
                    -2.0485873222351074
                ],
                [
                    -0.9652426838874817,
                    -0.22219933569431305,
                    0.13760140538215637,
                    0.5546890497207642
                ],
                [
                    -7.450581485102248e-09,
                    0.5264914035797119,
                    0.8501803874969482,
                    3.427186965942383
                ],
                [
                    0.0,
                    0.0,
                    0.0,
                    1.0
                ]
            ]
        },
        {
            "file_path": "/data/shapenet_blender/all_50_random/02958343/be28d4b681ab04ecca92a4cdad802b45/r_39",
            "rotation": 0.12566370614359174,
            "transform_matrix": [
                [
                    -0.9540210962295532,
                    -0.01804208569228649,
                    -0.29919594526290894,
                    -1.2060976028442383
                ],
                [
                    -0.2997394800186157,
                    0.05742497742176056,
                    0.9522911906242371,
                    3.83880877494812
                ],
                [
                    1.862645149230957e-09,
                    0.9981868267059326,
                    -0.06019255891442299,
                    -0.24264398217201233
                ],
                [
                    0.0,
                    0.0,
                    0.0,
                    1.0
                ]
            ]
        },
        {
            "file_path": "/data/shapenet_blender/all_50_random/02958343/be28d4b681ab04ecca92a4cdad802b45/r_40",
            "rotation": 0.12566370614359174,
            "transform_matrix": [
                [
                    0.7549797892570496,
                    -0.5802319049835205,
                    0.30551010370254517,
                    1.2315505743026733
                ],
                [
                    0.6557480692863464,
                    0.668036162853241,
                    -0.3517417311668396,
                    -1.4179162979125977
                ],
                [
                    -2.9802318834981634e-08,
                    0.4658955931663513,
                    0.8848397731781006,
                    3.5669031143188477
                ],
                [
                    0.0,
                    0.0,
                    0.0,
                    1.0
                ]
            ]
        },
        {
            "file_path": "/data/shapenet_blender/all_50_random/02958343/be28d4b681ab04ecca92a4cdad802b45/r_41",
            "rotation": 0.12566370614359174,
            "transform_matrix": [
                [
                    0.9394222497940063,
                    -0.02388649806380272,
                    0.34192898869514465,
                    1.3783597946166992
                ],
                [
                    0.3427623212337494,
                    0.06546666473150253,
                    -0.9371382594108582,
                    -3.7777252197265625
