{
    "class": "02958343",
    "model": "d482029701573b9a43fb5689d5ce14d3",
    "remove_doubles": true,
    "edge_split": true,
    "denoise": true,
    "camera_angle_x": 0.6911112070083618,
    "scale_factor": 2.413176808485666,
    "hdri_file": "/data/IndoorHDRDataset2018/9C4A0347-047720d924.exr",
    "center_offset": [
        0.0,
        -2.7939677238464355e-09,
        7.450580596923828e-09
    ],
    "lights": [],
    "frames": [
        {
            "file_path": "/data/shapenet_blender/all_50_random/02958343/d482029701573b9a43fb5689d5ce14d3/r_0",
            "rotation": 0.12566370614359174,
            "transform_matrix": [
                [
                    -0.847318708896637,
                    0.2164277881383896,
                    -0.48498448729515076,
                    -1.9550349712371826
                ],
                [
                    -0.5310845971107483,
                    -0.3452996015548706,
                    0.7737682461738586,
                    3.119159460067749
                ],
                [
                    0.0,
                    0.9131960868835449,
                    0.4075203239917755,
                    1.6427669525146484
                ],
                [
                    0.0,
                    0.0,
                    0.0,
                    1.0
                ]
            ]
        },
        {
            "file_path": "/data/shapenet_blender/all_50_random/02958343/d482029701573b9a43fb5689d5ce14d3/r_1",
            "rotation": 0.12566370614359174,
            "transform_matrix": [
                [
                    -0.9906793832778931,
                    0.0010645383736118674,
                    0.1362101286649704,
                    0.5490806102752686
                ],
                [
                    0.13621428608894348,
                    0.007742332294583321,
                    0.9906491637229919,
                    3.993434429168701
                ],
                [
                    0.0,
                    0.9999695420265198,
                    -0.007815173827111721,
                    -0.03150397166609764
                ],
                [
                    0.0,
                    0.0,
                    0.0,
                    1.0
                ]
            ]
        },
        {
            "file_path": "/data/shapenet_blender/all_50_random/02958343/d482029701573b9a43fb5689d5ce14d3/r_2",
            "rotation": 0.12566370614359174,
            "transform_matrix": [
                [
                    0.9224038124084473,
                    -0.003881435841321945,
                    -0.38620755076408386,
                    -1.5568522214889526
                ],
                [
                    -0.3862270414829254,
                    -0.00926980935037136,
                    -0.9223572611808777,
                    -3.7181406021118164
                ],
                [
                    0.0,
                    0.9999495148658752,
                    -0.010049624368548393,
                    -0.040511325001716614
                ],
                [
                    0.0,
                    0.0,
                    0.0,
                    1.0
                ]
            ]
        },
        {
            "file_path": "/data/shapenet_blender/all_50_random/02958343/d482029701573b9a43fb5689d5ce14d3/r_3",
            "rotation": 0.12566370614359174,
            "transform_matrix": [
                [
                    0.777827799320221,
                    -0.04596812278032303,
                    0.6267940998077393,
                    2.5266878604888916
                ],
                [
                    0.6284774541854858,
                    0.05689191073179245,
                    -0.7757444381713867,
                    -3.1271257400512695
                ],
                [
                    0.0,
                    0.9973215460777283,
                    0.07314204424619675,
                    0.29484501481056213
                ],
                [
                    0.0,
                    0.0,
                    0.0,
                    1.0
                ]
            ]
        },
        {
            "file_path": "/data/shapenet_blender/all_50_random/02958343/d482029701573b9a43fb5689d5ce14d3/r_4",
            "rotation": 0.12566370614359174,
            "transform_matrix": [
                [
                    -0.5076118111610413,
                    -0.7836942672729492,
                    0.35798531770706177,
                    1.443084955215454
                ],
                [
                    0.8615859746932983,
                    -0.46172115206718445,
                    0.21091054379940033,
                    0.8502075672149658
                ],
                [
                    0.0,
                    0.41549575328826904,
                    0.9095950722694397,
                    3.6666951179504395
                ],
                [
                    0.0,
                    0.0,
                    0.0,
                    1.0
                ]
            ]
        },
        {
            "file_path": "/data/shapenet_blender/all_50_random/02958343/d482029701573b9a43fb5689d5ce14d3/r_5",
            "rotation": 0.12566370614359174,
            "transform_matrix": [
                [
                    -0.19159653782844543,
                    0.4986065924167633,
                    -0.8453888297080994,
                    -3.4078710079193115
                ],
                [
                    -0.9814737439155579,
                    -0.09733454138040543,
                    0.16503098607063293,
                    0.6652610898017883
                ],
                [
                    7.450580152834618e-09,
                    0.8613462448120117,
                    0.5080183148384094,
                    2.047887086868286
                ],
                [
                    0.0,
                    0.0,
                    0.0,
                    1.0
                ]
            ]
        },
        {
            "file_path": "/data/shapenet_blender/all_50_random/02958343/d482029701573b9a43fb5689d5ce14d3/r_6",
            "rotation": 0.12566370614359174,
            "transform_matrix": [
                [
                    -0.8955811858177185,
                    -0.08496806770563126,
                    0.436708927154541,
                    1.7604299783706665
                ],
                [
                    0.44489800930023193,
                    -0.17104101181030273,
                    0.879096508026123,
                    3.5437514781951904
                ],
                [
                    0.0,
                    0.9815932512283325,
                    0.19098326563835144,
                    0.7698781490325928
                ],
                [
                    0.0,
                    0.0,
                    0.0,
                    1.0
                ]
            ]
        },
        {
            "file_path": "/data/shapenet_blender/all_50_random/02958343/d482029701573b9a43fb5689d5ce14d3/r_7",
            "rotation": 0.12566370614359174,
            "transform_matrix": [
                [
                    -0.6243207454681396,
                    0.04268238693475723,
                    -0.7800012230873108,
                    -3.1442854404449463
                ],
                [
                    -0.7811682224273682,
                    -0.03411237150430679,
                    0.6233880519866943,
                    2.5129575729370117
                ],
                [
                    -1.862645149230957e-09,
                    0.9985061883926392,
                    0.05463917553424835,
                    0.22025756537914276
                ],
                [
                    0.0,
                    0.0,
                    0.0,
                    1.0
                ]
            ]
        },
        {
            "file_path": "/data/shapenet_blender/all_50_random/02958343/d482029701573b9a43fb5689d5ce14d3/r_8",
            "rotation": 0.12566370614359174,
            "transform_matrix": [
                [
                    -0.45766595005989075,
                    0.08217426389455795,
                    0.8853187561035156,
                    3.568834066390991
                ],
                [
                    0.88912433385849,
                    0.042298201471567154,
                    0.4557070732116699,
                    1.8370139598846436
                ],
                [
                    0.0,
                    0.9957199692726135,
                    -0.09242156147956848,
                    -0.3725632429122925
                ],
                [
                    0.0,
                    0.0,
                    0.0,
                    1.0
                ]
            ]
        },
        {
            "file_path": "/data/shapenet_blender/all_50_random/02958343/d482029701573b9a43fb5689d5ce14d3/r_9",
            "rotation": 0.12566370614359174,
            "transform_matrix": [
                [
                    0.09249305725097656,
                    0.7845796942710876,
                    0.6130902767181396,
                    2.4714457988739014
                ],
                [
                    0.9957132935523987,
                    -0.07288059592247009,
                    -0.056950733065605164,
                    -0.2295757383108139
                ],
                [
                    0.0,
                    0.615729570388794,
                    -0.787957489490509,
                    -3.1763579845428467
                ],
                [
                    0.0,
                    0.0,
                    0.0,
                    1.0
                ]
            ]
        },
        {
            "file_path": "/data/shapenet_blender/all_50_random/02958343/d482029701573b9a43fb5689d5ce14d3/r_10",
            "rotation": 0.12566370614359174,
            "transform_matrix": [
                [
                    0.6826301217079163,
                    0.23248101770877838,
                    0.6927976608276367,
                    2.7927567958831787
                ],
                [
                    0.7307640910148621,
                    -0.2171679586172104,
                    -0.647164523601532,
                    -2.6088037490844727
                ],
                [
                    -1.4901162970204496e-08,
                    0.9480457305908203,
                    -0.3181341588497162,
                    -1.2824398279190063
                ],
                [
                    0.0,
                    0.0,
                    0.0,
                    1.0
                ]
            ]
        },
        {
            "file_path": "/data/shapenet_blender/all_50_random/02958343/d482029701573b9a43fb5689d5ce14d3/r_11",
            "rotation": 0.12566370614359174,
            "transform_matrix": [
                [
                    -0.7375684976577759,
                    -0.06003875657916069,
                    -0.6725979447364807,
                    -2.711329460144043
                ],
                [
                    -0.6752723455429077,
                    0.06557753682136536,
                    0.7346473932266235,
                    2.961458683013916
                ],
                [
                    3.725290742551124e-09,
                    0.996039628982544,
                    -0.08891043066978455,
                    -0.35840946435928345
                ],
                [
                    0.0,
                    0.0,
                    0.0,
                    1.0
                ]
            ]
        },
        {
            "file_path": "/data/shapenet_blender/all_50_random/02958343/d482029701573b9a43fb5689d5ce14d3/r_12",
            "rotation": 0.12566370614359174,
            "transform_matrix": [
                [
                    0.6573967933654785,
                    -0.009373407810926437,
                    0.7534862756729126,
                    3.037400484085083
                ],
                [
                    0.7535446286201477,
                    0.00817741546779871,
                    -0.6573458313941956,
                    -2.649846076965332
                ],
                [
                    4.656612873077393e-10,
                    0.9999225735664368,
                    0.012439087964594364,
                    0.05014356970787048
                ],
                [
                    0.0,
                    0.0,
                    0.0,
                    1.0
                ]
            ]
        },
        {
            "file_path": "/data/shapenet_blender/all_50_random/02958343/d482029701573b9a43fb5689d5ce14d3/r_13",
            "rotation": 0.12566370614359174,
            "transform_matrix": [
                [
                    -0.9739407300949097,
                    0.02454216405749321,
                    0.22547128796577454,
                    0.9089038968086243
                ],
                [
                    0.22680307924747467,
                    0.10538928210735321,
                    0.9682217240333557,
                    3.903026819229126
                ],
                [
                    -1.862645371275562e-09,
                    0.9941281080245972,
                    -0.10820914804935455,
                    -0.43620505928993225
                ],
                [
                    0.0,
                    0.0,
                    0.0,
                    1.0
                ]
            ]
        },
        {
            "file_path": "/data/shapenet_blender/all_50_random/02958343/d482029701573b9a43fb5689d5ce14d3/r_14",
            "rotation": 0.12566370614359174,
            "transform_matrix": [
                [
                    0.2238173931837082,
                    -0.6526163220405579,
                    0.7238768339157104,
                    2.9180407524108887
                ],
                [
                    0.974631130695343,
                    0.14986887574195862,
                    -0.1662333607673645,
                    -0.6701081395149231
                ],
                [
                    0.0,
                    0.7427187561988831,
                    0.6696034073829651,
                    2.6992576122283936
                ],
                [
                    0.0,
                    0.0,
                    0.0,
                    1.0
                ]
            ]
        },
        {
            "file_path": "/data/shapenet_blender/all_50_random/02958343/d482029701573b9a43fb5689d5ce14d3/r_15",
            "rotation": 0.12566370614359174,
            "transform_matrix": [
                [
                    -0.8612191677093506,
                    0.4798736870288849,
                    -0.16739961504936218,
                    -0.674809455871582
                ],
                [
                    -0.5082335472106934,
                    -0.8131623864173889,
                    0.283664345741272,
                    1.143487572669983
                ],
                [
                    -1.4901160305669237e-08,
                    0.3293752372264862,
                    0.9441990256309509,
                    3.8061881065368652
                ],
                [
                    0.0,
                    0.0,
                    0.0,
                    1.0
                ]
            ]
        },
        {
            "file_path": "/data/shapenet_blender/all_50_random/02958343/d482029701573b9a43fb5689d5ce14d3/r_16",
            "rotation": 0.12566370614359174,
            "transform_matrix": [
                [
                    -0.15801511704921722,
                    0.03273967653512955,
                    -0.9868937730789185,
                    -3.9782960414886475
                ],
                [
                    -0.9874366521835327,
                    -0.005239185411483049,
                    0.1579282432794571,
                    0.6366291046142578
                ],
                [
                    4.6566125955216364e-10,
                    0.999450147151947,
                    0.03315623104572296,
                    0.1336570382118225
                ],
                [
                    0.0,
                    0.0,
                    0.0,
                    1.0
                ]
            ]
        },
        {
            "file_path": "/data/shapenet_blender/all_50_random/02958343/d482029701573b9a43fb5689d5ce14d3/r_17",
            "rotation": 0.12566370614359174,
            "transform_matrix": [
                [
                    0.8281986117362976,
                    -0.04533788934350014,
                    0.5585977435112,
                    2.251779794692993
                ],
                [
                    0.5604346990585327,
                    0.06699937582015991,
                    -0.8254839777946472,
                    -3.3276326656341553
                ],
                [
                    0.0,
                    0.9967223405838013,
                    0.08089771866798401,
                    0.3261091709136963
                ],
                [
                    0.0,
                    0.0,
                    0.0,
                    1.0
                ]
            ]
        },
        {
            "file_path": "/data/shapenet_blender/all_50_random/02958343/d482029701573b9a43fb5689d5ce14d3/r_18",
            "rotation": 0.12566370614359174,
            "transform_matrix": [
                [
                    -0.4792821407318115,
                    0.3501454293727875,
                    0.8047898411750793,
                    3.2442119121551514
                ],
                [
                    0.8776609897613525,
                    0.1912110298871994,
                    0.43948793411254883,
                    1.7716326713562012
                ],
                [
                    -1.4901162970204496e-08,
                    0.9169712662696838,
                    -0.39895299077033997,
                    -1.6082310676574707
                ],
                [
                    0.0,
                    0.0,
                    0.0,
                    1.0
                ]
            ]
        },
        {
            "file_path": "/data/shapenet_blender/all_50_random/02958343/d482029701573b9a43fb5689d5ce14d3/r_19",
            "rotation": 0.12566370614359174,
            "transform_matrix": [
                [
                    -0.766665518283844,
                    0.3594888746738434,
                    0.5319696664810181,
                    2.1444382667541504
                ],
                [
                    0.6420466899871826,
                    0.42926427721977234,
                    0.6352229714393616,
                    2.5606656074523926
                ],
                [
                    1.4901161193847656e-08,
                    0.8285529017448425,
                    -0.559910774230957,
                    -2.2570724487304688
                ],
                [
                    0.0,
                    0.0,
                    0.0,
                    1.0
                ]
            ]
        },
        {
            "file_path": "/data/shapenet_blender/all_50_random/02958343/d482029701573b9a43fb5689d5ce14d3/r_20",
            "rotation": 0.12566370614359174,
            "transform_matrix": [
                [
                    0.945559561252594,
                    -0.011876541189849377,
                    -0.32523229718208313,
                    -1.3110532760620117
                ],
                [
                    -0.3254490792751312,
                    -0.034506093710660934,
                    -0.9449297189712524,
                    -3.809133529663086
                ],
                [
                    9.31322685637781e-10,
                    0.9993338584899902,
                    -0.03649277985095978,
                    -0.1471070945262909
                ],
                [
                    0.0,
                    0.0,
                    0.0,
                    1.0
                ]
            ]
        },
        {
            "file_path": "/data/shapenet_blender/all_50_random/02958343/d482029701573b9a43fb5689d5ce14d3/r_21",
            "rotation": 0.12566370614359174,
            "transform_matrix": [
                [
                    0.8797734975814819,
                    0.29921653866767883,
                    -0.3694157600402832,
                    -1.489162564277649
                ],
                [
                    -0.47539302706718445,
                    0.5537371635437012,
                    -0.683649480342865,
                    -2.7558791637420654
                ],
                [
                    0.0,
                    0.7770743370056152,
                    0.6294087767601013,
                    2.5372278690338135
                ],
                [
                    0.0,
                    0.0,
                    0.0,
                    1.0
                ]
            ]
        },
        {
            "file_path": "/data/shapenet_blender/all_50_random/02958343/d482029701573b9a43fb5689d5ce14d3/r_22",
            "rotation": 0.12566370614359174,
            "transform_matrix": [
                [
                    -0.533082127571106,
                    0.4501110315322876,
                    0.7163960933685303,
                    2.887885332107544
                ],
                [
                    0.846063494682312,
                    0.2836029827594757,
                    0.4513821601867676,
                    1.819579839706421
                ],
                [
                    1.4901161193847656e-08,
                    0.8467404246330261,
                    -0.5320061445236206,
                    -2.144585609436035
                ],
                [
                    0.0,
                    0.0,
                    0.0,
                    1.0
                ]
            ]
        },
        {
            "file_path": "/data/shapenet_blender/all_50_random/02958343/d482029701573b9a43fb5689d5ce14d3/r_23",
            "rotation": 0.12566370614359174,
            "transform_matrix": [
                [
                    -0.47839927673339844,
                    0.6379626393318176,
                    -0.6034382581710815,
                    -2.432537317276001
                ],
                [
                    -0.8781424760818481,
                    -0.3475528061389923,
                    0.32874441146850586,
                    1.3252111673355103
                ],
                [
                    -1.4901162970204496e-08,
                    0.6871758103370667,
                    0.7264910936355591,
                    2.928579330444336
                ],
                [
                    0.0,
                    0.0,
                    0.0,
                    1.0
                ]
            ]
        },
        {
            "file_path": "/data/shapenet_blender/all_50_random/02958343/d482029701573b9a43fb5689d5ce14d3/r_24",
            "rotation": 0.12566370614359174,
            "transform_matrix": [
                [
                    0.8951770663261414,
                    0.2337164729833603,
                    -0.3795190453529358,
                    -1.5298901796340942
                ],
                [
                    -0.44571077823638916,
                    0.4694021940231323,
                    -0.7622358798980713,
                    -3.0726711750030518
                ],
                [
                    0.0,
                    0.8514918088912964,
                    0.5243679285049438,
                    2.1137948036193848
                ],
                [
                    0.0,
                    0.0,
                    0.0,
                    1.0
                ]
            ]
        },
        {
            "file_path": "/data/shapenet_blender/all_50_random/02958343/d482029701573b9a43fb5689d5ce14d3/r_25",
            "rotation": 0.12566370614359174,
            "transform_matrix": [
                [
                    -0.2900429666042328,
                    0.09800797700881958,
                    0.9519819021224976,
                    3.837561845779419
                ],
                [
                    0.957013726234436,
                    0.02970336377620697,
                    0.2885179817676544,
                    1.1630531549453735
                ],
                [
                    0.0,
                    0.9947421550750732,
                    -0.10241024941205978,
                    -0.4128289222717285
                ],
                [
                    0.0,
                    0.0,
                    0.0,
                    1.0
                ]
            ]
        },
        {
            "file_path": "/data/shapenet_blender/all_50_random/02958343/d482029701573b9a43fb5689d5ce14d3/r_26",
            "rotation": 0.12566370614359174,
            "transform_matrix": [
                [
                    0.7113124132156372,
                    0.6277644634246826,
                    -0.3161427080631256,
                    -1.2744121551513672
                ],
                [
                    -0.7028758525848389,
                    0.6352995038032532,
                    -0.3199373781681061,
                    -1.2897089719772339
                ],
                [
                    0.0,
                    0.44978463649749756,
                    0.8931369781494141,
                    3.6003506183624268
                ],
                [
                    0.0,
                    0.0,
                    0.0,
                    1.0
                ]
            ]
        },
        {
            "file_path": "/data/shapenet_blender/all_50_random/02958343/d482029701573b9a43fb5689d5ce14d3/r_27",
            "rotation": 0.12566370614359174,
            "transform_matrix": [
                [
                    -0.012919215485453606,
                    -0.24306759238243103,
                    -0.9699233174324036,
                    -3.9098856449127197
                ],
                [
                    -0.9999165534973145,
                    0.003140504937618971,
                    0.012531694024801254,
                    0.050516873598098755
                ],
                [
                    2.3283064365386963e-10,
                    0.970004141330719,
                    -0.24308791756629944,
                    -0.9799186587333679
                ],
                [
                    0.0,
                    0.0,
                    0.0,
                    1.0
                ]
            ]
        },
        {
            "file_path": "/data/shapenet_blender/all_50_random/02958343/d482029701573b9a43fb5689d5ce14d3/r_28",
            "rotation": 0.12566370614359174,
            "transform_matrix": [
                [
                    -0.8781744241714478,
                    -0.08884193748235703,
                    0.4700179100036621,
                    1.8947029113769531
                ],
                [
                    0.47834065556526184,
                    -0.16310283541679382,
                    0.8628948926925659,
                    3.478440761566162
                ],
                [
                    0.0,
                    0.9826008677482605,
                    0.18572942912578583,
                    0.7486993074417114
                ],
                [
                    0.0,
                    0.0,
                    0.0,
                    1.0
                ]
            ]
        },
        {
            "file_path": "/data/shapenet_blender/all_50_random/02958343/d482029701573b9a43fb5689d5ce14d3/r_29",
            "rotation": 0.12566370614359174,
            "transform_matrix": [
                [
                    0.7826242446899414,
                    -0.13950718939304352,
                    0.6066605448722839,
                    2.4455268383026123
                ],
                [
                    0.6224943399429321,
                    0.17539387941360474,
                    -0.7627173066139221,
                    -3.0746119022369385
                ],
                [
                    7.450580152834618e-09,
                    0.9745638966560364,
                    0.224109947681427,
                    0.903416097164154
                ],
                [
                    0.0,
                    0.0,
                    0.0,
                    1.0
                ]
            ]
        },
        {
            "file_path": "/data/shapenet_blender/all_50_random/02958343/d482029701573b9a43fb5689d5ce14d3/r_30",
            "rotation": 0.12566370614359174,
            "transform_matrix": [
                [
                    0.9161216616630554,
                    -0.07293612509965897,
                    -0.3942100703716278,
                    -1.589111566543579
                ],
                [
                    -0.40090060234069824,
                    -0.16667063534259796,
                    -0.9008327126502991,
                    -3.6313729286193848
                ],
                [
                    0.0,
                    0.9833111763000488,
                    -0.18193073570728302,
                    -0.7333862781524658
                ],
                [
                    0.0,
                    0.0,
                    0.0,
                    1.0
                ]
            ]
        },
        {
            "file_path": "/data/shapenet_blender/all_50_random/02958343/d482029701573b9a43fb5689d5ce14d3/r_31",
            "rotation": 0.12566370614359174,
            "transform_matrix": [
                [
                    -0.44534537196159363,
                    -0.08541511744260788,
                    0.8912752866744995,
                    3.592845916748047
                ],
                [
                    0.8953589200973511,
                    -0.042484886944293976,
                    0.44331416487693787,
                    1.7870566844940186
                ],
                [
                    -3.725290742551124e-09,
                    0.9954392313957214,
                    0.09539761394262314,
                    0.38456010818481445
                ],
                [
                    0.0,
                    0.0,
                    0.0,
                    1.0
                ]
            ]
        },
        {
            "file_path": "/data/shapenet_blender/all_50_random/02958343/d482029701573b9a43fb5689d5ce14d3/r_32",
            "rotation": 0.12566370614359174,
            "transform_matrix": [
                [
                    -0.8957600593566895,
                    -0.1327681541442871,
                    -0.42424827814102173,
                    -1.7101995944976807
                ],
                [
                    -0.4445379674434662,
                    0.267532616853714,
                    0.8548755645751953,
                    3.4461138248443604
                ],
                [
                    0.0,
                    0.9543578624725342,
                    -0.29866546392440796,
                    -1.2039591073989868
                ],
                [
                    0.0,
                    0.0,
                    0.0,
                    1.0
                ]
            ]
        },
        {
            "file_path": "/data/shapenet_blender/all_50_random/02958343/d482029701573b9a43fb5689d5ce14d3/r_33",
            "rotation": 0.12566370614359174,
            "transform_matrix": [
                [
                    0.9965075254440308,
                    0.07195200026035309,
                    -0.042375348508358,
                    -0.17082048952579498
                ],
                [
                    -0.08350305259227753,
                    0.8586596846580505,
                    -0.5056982636451721,
                    -2.0385348796844482
                ],
                [
                    0.0,
                    0.5074705481529236,
                    0.8616690635681152,
                    3.473499059677124
                ],
                [
                    0.0,
                    0.0,
                    0.0,
                    1.0
                ]
            ]
        },
        {
            "file_path": "/data/shapenet_blender/all_50_random/02958343/d482029701573b9a43fb5689d5ce14d3/r_34",
            "rotation": 0.12566370614359174,
            "transform_matrix": [
                [
                    -0.6206230521202087,
                    -0.21220336854457855,
                    0.7548487782478333,
                    3.0428926944732666
                ],
                [
                    0.7841089367866516,
                    -0.16795918345451355,
                    0.5974636077880859,
                    2.4084527492523193
                ],
                [
                    0.0,
                    0.962683379650116,
                    0.2706299424171448,
                    1.0909441709518433
                ],
                [
                    0.0,
                    0.0,
                    0.0,
                    1.0
                ]
            ]
        },
        {
            "file_path": "/data/shapenet_blender/all_50_random/02958343/d482029701573b9a43fb5689d5ce14d3/r_35",
            "rotation": 0.12566370614359174,
            "transform_matrix": [
                [
                    -0.4444533884525299,
                    -0.4267553985118866,
                    -0.7876172065734863,
                    -3.1749868392944336
                ],
                [
                    -0.8958019018173218,
                    0.2117352932691574,
                    0.3907773792743683,
                    1.575274109840393
                ],
                [
                    1.4901160305669237e-08,
                    0.8792314529418945,
                    -0.47639477252960205,
                    -1.920408844947815
                ],
                [
                    0.0,
                    0.0,
                    0.0,
                    1.0
                ]
            ]
        },
        {
            "file_path": "/data/shapenet_blender/all_50_random/02958343/d482029701573b9a43fb5689d5ce14d3/r_36",
            "rotation": 0.12566370614359174,
            "transform_matrix": [
                [
                    0.9958996176719666,
                    0.02568807080388069,
                    -0.08674130588769913,
                    -0.34966540336608887
                ],
                [
                    -0.09046508371829987,
                    0.2827913165092468,
                    -0.9549058079719543,
                    -3.849348545074463
                ],
                [
                    0.0,
                    0.9588373899459839,
                    0.2839556336402893,
                    1.144661784172058
                ],
                [
                    0.0,
                    0.0,
                    0.0,
                    1.0
                ]
            ]
        },
        {
            "file_path": "/data/shapenet_blender/all_50_random/02958343/d482029701573b9a43fb5689d5ce14d3/r_37",
            "rotation": 0.12566370614359174,
            "transform_matrix": [
                [
                    -0.20460611581802368,
                    0.5568623542785645,
                    -0.805009663105011,
                    -3.2450978755950928
                ],
                [
                    -0.978844404220581,
                    -0.11639995127916336,
                    0.16826975345611572,
                    0.678317129611969
                ],
                [
                    7.450580596923828e-09,
                    0.8224082589149475,
                    0.5688976645469666,
                    2.293300151824951
                ],
                [
                    0.0,
                    0.0,
                    0.0,
                    1.0
                ]
            ]
        },
        {
            "file_path": "/data/shapenet_blender/all_50_random/02958343/d482029701573b9a43fb5689d5ce14d3/r_38",
            "rotation": 0.12566370614359174,
            "transform_matrix": [
                [
                    0.9689611196517944,
                    0.03298546373844147,
                    0.24500271677970886,
                    0.9876375198364258
                ],
                [
                    0.2472131997346878,
                    -0.1292877197265625,
                    -0.9602970480918884,
                    -3.8710811138153076
                ],
                [
                    0.0,
                    0.991058349609375,
                    -0.13342921435832977,
                    -0.5378703474998474
                ],
                [
                    0.0,
                    0.0,
                    0.0,
                    1.0
                ]
            ]
        },
        {
            "file_path": "/data/shapenet_blender/all_50_random/02958343/d482029701573b9a43fb5689d5ce14d3/r_39",
            "rotation": 0.12566370614359174,
            "transform_matrix": [
                [
                    -0.9615851640701294,
                    0.12949064373970032,
                    0.24204571545124054,
                    0.9757174849510193
                ],
                [
                    0.27450674772262573,
                    0.45360004901885986,
                    0.8478755950927734,
                    3.417895793914795
                ],
                [
                    7.450580596923828e-09,
                    0.8817477822303772,
                    -0.4717211425304413,
                    -1.9015687704086304
                ],
                [
                    0.0,
                    0.0,
                    0.0,
                    1.0
                ]
            ]
        },
        {
            "file_path": "/data/shapenet_blender/all_50_random/02958343/d482029701573b9a43fb5689d5ce14d3/r_40",
            "rotation": 0.12566370614359174,
            "transform_matrix": [
                [
                    0.4443768560886383,
                    -0.8854894042015076,
                    -0.135785773396492,
                    -0.5473700165748596
                ],
                [
                    -0.8958399891853333,
                    -0.43924251198768616,
                    -0.06735584139823914,
                    -0.27152010798454285
                ],
                [
                    -3.725290298461914e-09,
                    0.15157386660575867,
                    -0.9884458780288696,
                    -3.984553098678589
                ],
                [
                    0.0,
                    0.0,
                    0.0,
                    1.0
                ]
            ]
        },
        {
            "file_path": "/data/shapenet_blender/all_50_random/02958343/d482029701573b9a43fb5689d5ce14d3/r_41",
            "rotation": 0.12566370614359174,
            "transform_matrix": [
                [
                    0.19294963777065277,
                    -0.8432124257087708,
                    -0.5017601251602173,
                    -2.0226597785949707
                ],
                [
                    -0.9812086820602417,
                    -0.1658133715391159,
                    -0.09866854548454285,
                    -0.39774563908576965
                ],
                [
