{
    "class": "02958343",
    "model": "8141677722f680076a2345809e2bb169",
    "remove_doubles": true,
    "edge_split": true,
    "denoise": true,
    "camera_angle_x": 0.6911112070083618,
    "scale_factor": 2.2213213653357315,
    "hdri_file": "/data/IndoorHDRDataset2018/AG8A6322-4381d3c535.exr",
    "center_offset": [
        0.0,
        6.984919309616089e-10,
        3.725290298461914e-09
    ],
    "lights": [],
    "frames": [
        {
            "file_path": "/data/shapenet_blender/all_50_random/02958343/8141677722f680076a2345809e2bb169/r_0",
            "rotation": 0.12566370614359174,
            "transform_matrix": [
                [
                    0.8741942048072815,
                    -0.02421037293970585,
                    0.4849725067615509,
                    1.954986810684204
                ],
                [
                    0.48557648062705994,
                    0.043586473912000656,
                    -0.873106837272644,
                    -3.519606590270996
                ],
                [
                    0.0,
                    0.9987562298774719,
                    0.049859024584293365,
                    0.20098817348480225
                ],
                [
                    0.0,
                    0.0,
                    0.0,
                    1.0
                ]
            ]
        },
        {
            "file_path": "/data/shapenet_blender/all_50_random/02958343/8141677722f680076a2345809e2bb169/r_1",
            "rotation": 0.12566370614359174,
            "transform_matrix": [
                [
                    -0.023201338946819305,
                    -0.002356150886043906,
                    -0.9997280240058899,
                    -4.030032634735107
                ],
                [
                    -0.9997308850288391,
                    5.468057133839466e-05,
                    0.023201271891593933,
                    0.09352731704711914
                ],
                [
                    0.0,
                    0.9999972581863403,
                    -0.0023567851167172194,
                    -0.009500504471361637
                ],
                [
                    0.0,
                    0.0,
                    0.0,
                    1.0
                ]
            ]
        },
        {
            "file_path": "/data/shapenet_blender/all_50_random/02958343/8141677722f680076a2345809e2bb169/r_2",
            "rotation": 0.12566370614359174,
            "transform_matrix": [
                [
                    -0.14290983974933624,
                    -0.13690707087516785,
                    -0.9802210330963135,
                    -3.95139741897583
                ],
                [
                    -0.9897357821464539,
                    0.01976827345788479,
                    0.14153599739074707,
                    0.5705498456954956
                ],
                [
                    0.0,
                    0.9903866052627563,
                    -0.13832689821720123,
                    -0.5576135516166687
                ],
                [
                    0.0,
                    0.0,
                    0.0,
                    1.0
                ]
            ]
        },
        {
            "file_path": "/data/shapenet_blender/all_50_random/02958343/8141677722f680076a2345809e2bb169/r_3",
            "rotation": 0.12566370614359174,
            "transform_matrix": [
                [
                    -0.6874528527259827,
                    0.6748929619789124,
                    0.2681938707828522,
                    1.0811240673065186
                ],
                [
                    0.7262290120124817,
                    0.6388578414916992,
                    0.2538739740848541,
                    1.023398756980896
                ],
                [
                    0.0,
                    0.36929652094841003,
                    -0.9293115735054016,
                    -3.7461748123168945
                ],
                [
                    0.0,
                    0.0,
                    0.0,
                    1.0
                ]
            ]
        },
        {
            "file_path": "/data/shapenet_blender/all_50_random/02958343/8141677722f680076a2345809e2bb169/r_4",
            "rotation": 0.12566370614359174,
            "transform_matrix": [
                [
                    0.26825565099716187,
                    -0.7912455201148987,
                    0.5495175123214722,
                    2.2151758670806885
                ],
                [
                    0.9633477926254272,
                    0.22033172845840454,
                    -0.15301969647407532,
                    -0.6168421506881714
                ],
                [
                    7.450580596923828e-09,
                    0.5704248547554016,
                    0.8213497996330261,
                    3.310966968536377
                ],
                [
                    0.0,
                    0.0,
                    0.0,
                    1.0
                ]
            ]
        },
        {
            "file_path": "/data/shapenet_blender/all_50_random/02958343/8141677722f680076a2345809e2bb169/r_5",
            "rotation": 0.12566370614359174,
            "transform_matrix": [
                [
                    -0.6177236437797546,
                    -0.48861783742904663,
                    -0.6161737442016602,
                    -2.4838759899139404
                ],
                [
                    -0.7863953709602356,
                    0.38381558656692505,
                    0.4840124249458313,
                    1.9511165618896484
                ],
                [
                    -1.4901162970204496e-08,
                    0.7835420966148376,
                    -0.6213386058807373,
                    -2.5046963691711426
                ],
                [
                    0.0,
                    0.0,
                    0.0,
                    1.0
                ]
            ]
        },
        {
            "file_path": "/data/shapenet_blender/all_50_random/02958343/8141677722f680076a2345809e2bb169/r_6",
            "rotation": 0.12566370614359174,
            "transform_matrix": [
                [
                    0.6071401238441467,
                    0.02284747175872326,
                    -0.7942661643028259,
                    -3.201789617538452
                ],
                [
                    -0.7945947051048279,
                    0.017457472160458565,
                    -0.6068890690803528,
                    -2.44644832611084
                ],
                [
                    -1.8626450382086546e-09,
                    0.9995864629745483,
                    0.02875361405313015,
                    0.11590953171253204
                ],
                [
                    0.0,
                    0.0,
                    0.0,
                    1.0
                ]
            ]
        },
        {
            "file_path": "/data/shapenet_blender/all_50_random/02958343/8141677722f680076a2345809e2bb169/r_7",
            "rotation": 0.12566370614359174,
            "transform_matrix": [
                [
                    -0.9999988079071045,
                    0.0009934823028743267,
                    -0.0012234068708494306,
                    -0.004931710660457611
                ],
                [
                    -0.001575985923409462,
                    -0.6303870677947998,
                    0.7762793898582458,
                    3.129282236099243
                ],
                [
                    -5.820766091346741e-11,
                    0.7762802839279175,
                    0.6303879022598267,
                    2.54117488861084
                ],
                [
                    0.0,
                    0.0,
                    0.0,
                    1.0
                ]
            ]
        },
        {
            "file_path": "/data/shapenet_blender/all_50_random/02958343/8141677722f680076a2345809e2bb169/r_8",
            "rotation": 0.12566370614359174,
            "transform_matrix": [
                [
                    0.5911303162574768,
                    0.4080309569835663,
                    -0.6957554817199707,
                    -2.804680109024048
                ],
                [
                    -0.8065760731697083,
                    0.29904118180274963,
                    -0.5099111795425415,
                    -2.0555176734924316
                ],
                [
                    0.0,
                    0.8626035451889038,
                    0.5058803558349609,
                    2.039268970489502
                ],
                [
                    0.0,
                    0.0,
                    0.0,
                    1.0
                ]
            ]
        },
        {
            "file_path": "/data/shapenet_blender/all_50_random/02958343/8141677722f680076a2345809e2bb169/r_9",
            "rotation": 0.12566370614359174,
            "transform_matrix": [
                [
                    0.9481267929077148,
                    0.10282261669635773,
                    -0.300804078578949,
                    -1.2125800848007202
                ],
                [
                    -0.3178924322128296,
                    0.3066725730895996,
                    -0.8971601128578186,
                    -3.616568088531494
                ],
                [
                    7.450581485102248e-09,
                    0.9462448954582214,
                    0.3234509825706482,
                    1.3038725852966309
                ],
                [
                    0.0,
                    0.0,
                    0.0,
                    1.0
                ]
            ]
        },
        {
            "file_path": "/data/shapenet_blender/all_50_random/02958343/8141677722f680076a2345809e2bb169/r_10",
            "rotation": 0.12566370614359174,
            "transform_matrix": [
                [
                    -0.6764104962348938,
                    0.645520806312561,
                    0.3546430766582489,
                    1.4296120405197144
                ],
                [
                    0.7365249991416931,
                    0.5928339958190918,
                    0.3256974518299103,
                    1.312928557395935
                ],
                [
                    1.4901164746561335e-08,
                    0.48150867223739624,
                    -0.876441240310669,
                    -3.533047914505005
                ],
                [
                    0.0,
                    0.0,
                    0.0,
                    1.0
                ]
            ]
        },
        {
            "file_path": "/data/shapenet_blender/all_50_random/02958343/8141677722f680076a2345809e2bb169/r_11",
            "rotation": 0.12566370614359174,
            "transform_matrix": [
                [
                    0.5025553703308105,
                    0.01973544992506504,
                    0.8643198013305664,
                    3.484184503555298
                ],
                [
                    0.8645451068878174,
                    -0.011472108773887157,
                    -0.5024243593215942,
                    -2.0253374576568604
                ],
                [
                    0.0,
                    0.999739408493042,
                    -0.022827554494142532,
                    -0.09202081710100174
                ],
                [
                    0.0,
                    0.0,
                    0.0,
                    1.0
                ]
            ]
        },
        {
            "file_path": "/data/shapenet_blender/all_50_random/02958343/8141677722f680076a2345809e2bb169/r_12",
            "rotation": 0.12566370614359174,
            "transform_matrix": [
                [
                    -0.9580716490745544,
                    -0.07655598968267441,
                    -0.2761121392250061,
                    -1.1130437850952148
                ],
                [
                    -0.2865287959575653,
                    0.2559816837310791,
                    0.9232413172721863,
                    3.7217049598693848
                ],
                [
                    0.0,
                    0.9636454582214355,
                    -0.26718422770500183,
                    -1.0770541429519653
                ],
                [
                    0.0,
                    0.0,
                    0.0,
                    1.0
                ]
            ]
        },
        {
            "file_path": "/data/shapenet_blender/all_50_random/02958343/8141677722f680076a2345809e2bb169/r_13",
            "rotation": 0.12566370614359174,
            "transform_matrix": [
                [
                    -0.1168106347322464,
                    0.8964959383010864,
                    0.42737630009651184,
                    1.7228089570999146
                ],
                [
                    0.9931542873382568,
                    0.10544208437204361,
                    0.05026620253920555,
                    0.20262953639030457
                ],
                [
                    0.0,
                    0.43032214045524597,
                    -0.9026753902435303,
                    -3.638800859451294
                ],
                [
                    0.0,
                    0.0,
                    0.0,
                    1.0
                ]
            ]
        },
        {
            "file_path": "/data/shapenet_blender/all_50_random/02958343/8141677722f680076a2345809e2bb169/r_14",
            "rotation": 0.12566370614359174,
            "transform_matrix": [
                [
                    0.38726308941841125,
                    0.6992980241775513,
                    0.6008407473564148,
                    2.4220664501190186
                ],
                [
                    0.9219692945480347,
                    -0.2937324643135071,
                    -0.25237658619880676,
                    -1.0173625946044922
                ],
                [
                    -1.4901161193847656e-08,
                    0.6516928672790527,
                    -0.7584829926490784,
                    -3.0575428009033203
                ],
                [
                    0.0,
                    0.0,
                    0.0,
                    1.0
                ]
            ]
        },
        {
            "file_path": "/data/shapenet_blender/all_50_random/02958343/8141677722f680076a2345809e2bb169/r_15",
            "rotation": 0.12566370614359174,
            "transform_matrix": [
                [
                    0.1776961237192154,
                    -0.45103442668914795,
                    -0.8746381402015686,
                    -3.5257794857025146
                ],
                [
                    -0.9840854406356812,
                    -0.08144319802522659,
                    -0.15793325006961823,
                    -0.6366493701934814
                ],
                [
                    0.0,
                    0.8887829184532166,
                    -0.4583284556865692,
                    -1.847581386566162
                ],
                [
                    0.0,
                    0.0,
                    0.0,
                    1.0
                ]
            ]
        },
        {
            "file_path": "/data/shapenet_blender/all_50_random/02958343/8141677722f680076a2345809e2bb169/r_16",
            "rotation": 0.12566370614359174,
            "transform_matrix": [
                [
                    -0.8987020254135132,
                    -0.15515711903572083,
                    -0.41019636392593384,
                    -1.6535544395446777
                ],
                [
                    -0.43855997920036316,
                    0.31794971227645874,
                    0.8405790328979492,
                    3.3884825706481934
                ],
                [
                    0.0,
                    0.9353257417678833,
                    -0.35378769040107727,
                    -1.4261637926101685
                ],
                [
                    0.0,
                    0.0,
                    0.0,
                    1.0
                ]
            ]
        },
        {
            "file_path": "/data/shapenet_blender/all_50_random/02958343/8141677722f680076a2345809e2bb169/r_17",
            "rotation": 0.12566370614359174,
            "transform_matrix": [
                [
                    -0.8374353051185608,
                    0.3913052976131439,
                    -0.3815523087978363,
                    -1.5380865335464478
                ],
                [
                    -0.546536386013031,
                    -0.5995811223983765,
                    0.5846369862556458,
                    2.3567471504211426
                ],
                [
                    0.0,
                    0.6981278657913208,
                    0.7159730195999146,
                    2.8861794471740723
                ],
                [
                    0.0,
                    0.0,
                    0.0,
                    1.0
                ]
            ]
        },
        {
            "file_path": "/data/shapenet_blender/all_50_random/02958343/8141677722f680076a2345809e2bb169/r_18",
            "rotation": 0.12566370614359174,
            "transform_matrix": [
                [
                    -0.2366330474615097,
                    -0.9226078987121582,
                    -0.3046296536922455,
                    -1.2280014753341675
                ],
                [
                    -0.9715991616249084,
                    0.22470122575759888,
                    0.074192576110363,
                    0.29907986521720886
                ],
                [
                    0.0,
                    0.31353431940078735,
                    -0.9495767951011658,
                    -3.827866792678833
                ],
                [
                    0.0,
                    0.0,
                    0.0,
                    1.0
                ]
            ]
        },
        {
            "file_path": "/data/shapenet_blender/all_50_random/02958343/8141677722f680076a2345809e2bb169/r_19",
            "rotation": 0.12566370614359174,
            "transform_matrix": [
                [
                    0.24683192372322083,
                    0.05489000678062439,
                    -0.9675025343894958,
                    -3.900127410888672
                ],
                [
                    -0.9690583348274231,
                    0.013981206342577934,
                    -0.24643562734127045,
                    -0.9934138059616089
                ],
                [
                    -9.313225746154785e-10,
                    0.9983945488929749,
                    0.05664261803030968,
                    0.22833369672298431
                ],
                [
                    0.0,
                    0.0,
                    0.0,
                    1.0
                ]
            ]
        },
        {
            "file_path": "/data/shapenet_blender/all_50_random/02958343/8141677722f680076a2345809e2bb169/r_20",
            "rotation": 0.12566370614359174,
            "transform_matrix": [
                [
                    0.969133734703064,
                    -0.21055543422698975,
                    -0.1282425820827484,
                    -0.5169624090194702
                ],
                [
                    -0.24653548002243042,
                    -0.8276957273483276,
                    -0.5041230320930481,
                    -2.0321848392486572
                ],
                [
                    7.4505797087454084e-09,
                    0.5201788544654846,
                    -0.8540573120117188,
                    -3.442815065383911
                ],
                [
                    0.0,
                    0.0,
                    0.0,
                    1.0
                ]
            ]
        },
        {
            "file_path": "/data/shapenet_blender/all_50_random/02958343/8141677722f680076a2345809e2bb169/r_21",
            "rotation": 0.12566370614359174,
            "transform_matrix": [
                [
                    0.9597522616386414,
                    0.21369081735610962,
                    -0.182241290807724,
                    -0.7346382141113281
                ],
                [
                    -0.28084808588027954,
                    0.7302532196044922,
                    -0.6227796673774719,
                    -2.510505437850952
                ],
                [
                    -1.4901161193847656e-08,
                    0.648896336555481,
                    0.7608767151832581,
                    3.067192316055298
                ],
                [
                    0.0,
                    0.0,
                    0.0,
                    1.0
                ]
            ]
        },
        {
            "file_path": "/data/shapenet_blender/all_50_random/02958343/8141677722f680076a2345809e2bb169/r_22",
            "rotation": 0.12566370614359174,
            "transform_matrix": [
                [
                    0.9273890256881714,
                    0.1281334012746811,
                    -0.35147055983543396,
                    -1.416823148727417
                ],
                [
                    -0.3740985691547394,
                    0.3176422417163849,
                    -0.8712942004203796,
                    -3.5122992992401123
                ],
                [
                    7.450581485102248e-09,
                    0.9395132064819336,
                    0.34251245856285095,
                    1.3807119131088257
                ],
                [
                    0.0,
                    0.0,
                    0.0,
                    1.0
                ]
            ]
        },
        {
            "file_path": "/data/shapenet_blender/all_50_random/02958343/8141677722f680076a2345809e2bb169/r_23",
            "rotation": 0.12566370614359174,
            "transform_matrix": [
                [
                    -0.9215426445007324,
                    -0.10510770231485367,
                    -0.37378013134002686,
                    -1.506756067276001
                ],
                [
                    -0.3882772922515869,
                    0.24946406483650208,
                    0.8871349096298218,
                    3.576155424118042
                ],
                [
                    0.0,
                    0.962662935256958,
                    -0.27070266008377075,
                    -1.0912374258041382
                ],
                [
                    0.0,
                    0.0,
                    0.0,
                    1.0
                ]
            ]
        },
        {
            "file_path": "/data/shapenet_blender/all_50_random/02958343/8141677722f680076a2345809e2bb169/r_24",
            "rotation": 0.12566370614359174,
            "transform_matrix": [
                [
                    0.7614648938179016,
                    -0.2581806480884552,
                    0.5945704579353333,
                    2.3967902660369873
                ],
                [
                    0.6482062339782715,
                    0.30329155921936035,
                    -0.6984574794769287,
                    -2.8155722618103027
                ],
                [
                    0.0,
                    0.9172550439834595,
                    0.3983001708984375,
                    1.6055994033813477
                ],
                [
                    0.0,
                    0.0,
                    0.0,
                    1.0
                ]
            ]
        },
        {
            "file_path": "/data/shapenet_blender/all_50_random/02958343/8141677722f680076a2345809e2bb169/r_25",
            "rotation": 0.12566370614359174,
            "transform_matrix": [
                [
                    0.51731938123703,
                    -0.6756038665771484,
                    -0.5253000259399414,
                    -2.1175520420074463
                ],
                [
                    -0.8557924628257751,
                    -0.4083968698978424,
                    -0.3175394535064697,
                    -1.2800425291061401
                ],
                [
                    0.0,
                    0.6138171553611755,
                    -0.7894482612609863,
                    -3.1823678016662598
                ],
                [
                    0.0,
                    0.0,
                    0.0,
                    1.0
                ]
            ]
        },
        {
            "file_path": "/data/shapenet_blender/all_50_random/02958343/8141677722f680076a2345809e2bb169/r_26",
            "rotation": 0.12566370614359174,
            "transform_matrix": [
                [
                    -0.9505103230476379,
                    0.11177677661180496,
                    -0.289889931678772,
                    -1.1685837507247925
                ],
                [
                    -0.3106931447982788,
                    -0.341961145401001,
                    0.8868666291236877,
                    3.575073719024658
                ],
                [
                    0.0,
                    0.9330426454544067,
                    0.35976582765579224,
                    1.450262427330017
                ],
                [
                    0.0,
                    0.0,
                    0.0,
                    1.0
                ]
            ]
        },
        {
            "file_path": "/data/shapenet_blender/all_50_random/02958343/8141677722f680076a2345809e2bb169/r_27",
            "rotation": 0.12566370614359174,
            "transform_matrix": [
                [
                    -0.9305694103240967,
                    -0.022755621001124382,
                    0.3654078543186188,
                    1.4730061292648315
                ],
                [
                    0.3661157190799713,
                    -0.05783877149224281,
                    0.928770124912262,
                    3.7439920902252197
                ],
                [
                    0.0,
                    0.9980664253234863,
                    0.06215418130159378,
                    0.2505515217781067
                ],
                [
                    0.0,
                    0.0,
                    0.0,
                    1.0
                ]
            ]
        },
        {
            "file_path": "/data/shapenet_blender/all_50_random/02958343/8141677722f680076a2345809e2bb169/r_28",
            "rotation": 0.12566370614359174,
            "transform_matrix": [
                [
                    -0.5144193768501282,
                    0.49694502353668213,
                    -0.6988694071769714,
                    -2.817232608795166
                ],
                [
                    -0.8575388193130493,
                    -0.29810675978660583,
                    0.419236958026886,
                    1.6899982690811157
                ],
                [
                    2.9802322387695312e-08,
                    0.8149711489677429,
                    0.5795015096664429,
                    2.336045265197754
                ],
                [
                    0.0,
                    0.0,
                    0.0,
                    1.0
                ]
            ]
        },
        {
            "file_path": "/data/shapenet_blender/all_50_random/02958343/8141677722f680076a2345809e2bb169/r_29",
            "rotation": 0.12566370614359174,
            "transform_matrix": [
                [
                    -0.824303150177002,
                    0.4289906620979309,
                    -0.3694475591182709,
                    -1.489290714263916
                ],
                [
                    -0.5661488175392151,
                    -0.6246031522750854,
                    0.5379093885421753,
                    2.168382167816162
                ],
                [
                    -1.4901161193847656e-08,
                    0.65256267786026,
                    0.7577347755432129,
                    3.0545265674591064
                ],
                [
                    0.0,
                    0.0,
                    0.0,
                    1.0
                ]
            ]
        },
        {
            "file_path": "/data/shapenet_blender/all_50_random/02958343/8141677722f680076a2345809e2bb169/r_30",
            "rotation": 0.12566370614359174,
            "transform_matrix": [
                [
                    -0.6519957780838013,
                    0.5478699207305908,
                    0.5241562724113464,
                    2.1129417419433594
                ],
                [
                    0.7582225203514099,
                    0.47111353278160095,
                    0.45072221755981445,
                    1.8169194459915161
                ],
                [
                    2.9802322387695312e-08,
                    0.6912961006164551,
                    -0.7225714325904846,
                    -2.912778854370117
                ],
                [
                    0.0,
                    0.0,
                    0.0,
                    1.0
                ]
            ]
        },
        {
            "file_path": "/data/shapenet_blender/all_50_random/02958343/8141677722f680076a2345809e2bb169/r_31",
            "rotation": 0.12566370614359174,
            "transform_matrix": [
                [
                    -0.9981669783592224,
                    0.0038283714093267918,
                    0.06039886176586151,
                    0.24347561597824097
                ],
                [
                    0.060520071536302567,
                    0.06314191967248917,
                    0.9961678385734558,
                    4.015681266784668
                ],
                [
                    2.3283064365386963e-10,
                    0.9979971051216125,
                    -0.06325788050889969,
                    -0.2550007104873657
                ],
                [
                    0.0,
                    0.0,
                    0.0,
                    1.0
                ]
            ]
        },
        {
            "file_path": "/data/shapenet_blender/all_50_random/02958343/8141677722f680076a2345809e2bb169/r_32",
            "rotation": 0.12566370614359174,
            "transform_matrix": [
                [
                    -0.8247203230857849,
                    -0.044217757880687714,
                    0.5638095736503601,
                    2.272789239883423
                ],
                [
                    0.5655409097671509,
                    -0.06448213011026382,
                    0.8221955299377441,
                    3.3143763542175293
                ],
                [
                    0.0,
                    0.9969387650489807,
                    0.07818666100502014,
                    0.31518054008483887
                ],
                [
                    0.0,
                    0.0,
                    0.0,
                    1.0
                ]
            ]
        },
        {
            "file_path": "/data/shapenet_blender/all_50_random/02958343/8141677722f680076a2345809e2bb169/r_33",
            "rotation": 0.12566370614359174,
            "transform_matrix": [
                [
                    -0.7576009035110474,
                    -0.27258914709091187,
                    0.5930732488632202,
                    2.3907549381256104
                ],
                [
                    0.6527180075645447,
                    -0.3163905143737793,
                    0.6883720755577087,
                    2.774916887283325
                ],
                [
                    -1.4901160305669237e-08,
                    0.9086210131645203,
                    0.4176216125488281,
                    1.6834867000579834
                ],
                [
                    0.0,
                    0.0,
                    0.0,
                    1.0
                ]
            ]
        },
        {
            "file_path": "/data/shapenet_blender/all_50_random/02958343/8141677722f680076a2345809e2bb169/r_34",
            "rotation": 0.12566370614359174,
            "transform_matrix": [
                [
                    -0.38379329442977905,
                    0.3468444347381592,
                    0.8558046817779541,
                    3.4498589038848877
                ],
                [
                    0.9234189987182617,
                    0.14415620267391205,
                    0.3556913137435913,
                    1.4338375329971313
                ],
                [
                    0.0,
                    0.9267783164978027,
                    -0.3756089210510254,
                    -1.5141279697418213
                ],
                [
                    0.0,
                    0.0,
                    0.0,
                    1.0
                ]
            ]
        },
        {
            "file_path": "/data/shapenet_blender/all_50_random/02958343/8141677722f680076a2345809e2bb169/r_35",
            "rotation": 0.12566370614359174,
            "transform_matrix": [
                [
                    0.9891600608825684,
                    -0.05676325038075447,
                    -0.1354266256093979,
                    -0.5459222197532654
                ],
                [
                    -0.14684155583381653,
                    -0.38237088918685913,
                    -0.9122663736343384,
                    -3.6774635314941406
                ],
                [
                    3.725290298461914e-09,
                    0.9222636818885803,
                    -0.38656118512153625,
                    -1.5582780838012695
                ],
                [
                    0.0,
                    0.0,
                    0.0,
                    1.0
                ]
            ]
        },
        {
            "file_path": "/data/shapenet_blender/all_50_random/02958343/8141677722f680076a2345809e2bb169/r_36",
            "rotation": 0.12566370614359174,
            "transform_matrix": [
                [
                    0.1429063379764557,
                    -0.36543571949005127,
                    0.9198013544082642,
                    3.7078378200531006
                ],
                [
                    0.9897361993789673,
                    0.0527646504342556,
                    -0.13280856609344482,
                    -0.5353684425354004
                ],
                [
                    -3.725290076417309e-09,
                    0.9293399453163147,
                    0.36922532320022583,
                    1.488394856452942
                ],
                [
                    0.0,
                    0.0,
                    0.0,
                    1.0
                ]
            ]
        },
        {
            "file_path": "/data/shapenet_blender/all_50_random/02958343/8141677722f680076a2345809e2bb169/r_37",
            "rotation": 0.12566370614359174,
            "transform_matrix": [
                [
                    -0.9771894812583923,
                    0.09290238469839096,
                    0.19097082316875458,
                    0.7698280811309814
                ],
                [
                    0.21236929297447205,
                    0.4274781346321106,
                    0.8787272572517395,
                    3.5422630310058594
                ],
                [
                    7.450580596923828e-09,
                    0.8992393612861633,
                    -0.43745681643486023,
                    -1.7634449005126953
                ],
                [
                    0.0,
                    0.0,
                    0.0,
                    1.0
                ]
            ]
        },
        {
            "file_path": "/data/shapenet_blender/all_50_random/02958343/8141677722f680076a2345809e2bb169/r_38",
            "rotation": 0.12566370614359174,
            "transform_matrix": [
                [
                    -0.31476765871047974,
                    -0.3761577904224396,
                    -0.8714507818222046,
                    -3.5129306316375732
                ],
                [
                    -0.9491687417030334,
                    0.12474317103624344,
                    0.2889944911003113,
                    1.1649742126464844
                ],
                [
                    0.0,
                    0.9181200861930847,
                    -0.39630231261253357,
                    -1.597545862197876
                ],
                [
                    0.0,
                    0.0,
                    0.0,
                    1.0
                ]
            ]
        },
        {
            "file_path": "/data/shapenet_blender/all_50_random/02958343/8141677722f680076a2345809e2bb169/r_39",
            "rotation": 0.12566370614359174,
            "transform_matrix": [
                [
                    0.9889651536941528,
                    0.08715323358774185,
                    0.11980102956295013,
                    0.4829334020614624
                ],
                [
                    0.14814846217632294,
                    -0.5817914009094238,
                    -0.7997317910194397,
                    -3.2238218784332275
                ],
                [
                    -7.4505797087454084e-09,
                    0.8086552023887634,
                    -0.5882829427719116,
                    -2.3714444637298584
                ],
                [
                    0.0,
                    0.0,
                    0.0,
                    1.0
                ]
            ]
        },
        {
            "file_path": "/data/shapenet_blender/all_50_random/02958343/8141677722f680076a2345809e2bb169/r_40",
            "rotation": 0.12566370614359174,
            "transform_matrix": [
                [
                    -0.9900486469268799,
                    0.09526403248310089,
                    0.10357775539159775,
                    0.41753527522087097
                ],
                [
                    0.14072521030902863,
                    0.6702141165733337,
                    0.7287039160728455,
                    2.937499523162842
                ],
                [
                    0.0,
                    0.7360283732414246,
                    -0.6769506335258484,
                    -2.7288753986358643
                ],
                [
                    0.0,
                    0.0,
                    0.0,
                    1.0
                ]
            ]
        },
        {
            "file_path": "/data/shapenet_blender/all_50_random/02958343/8141677722f680076a2345809e2bb169/r_41",
            "rotation": 0.12566370614359174,
            "transform_matrix": [
                [
                    -0.2890973687171936,
                    0.5969994068145752,
                    0.7483410239219666,
                    3.0166594982147217
                ],
                [
                    0.9572996497154236,
                    0.1802893728017807,
                    0.22599342465400696,
                    0.9110087156295776
                ],
