{
    "class": "02958343",
    "model": "705840df46a582e2ac826a3c82da491",
    "remove_doubles": true,
    "edge_split": true,
    "denoise": true,
    "camera_angle_x": 0.6911112070083618,
    "scale_factor": 2.5466481277967685,
    "hdri_file": "/data/IndoorHDRDataset2018/AG8A3644-4735ef48d7.exr",
    "center_offset": [
        0.0,
        -3.725290298461914e-09,
        7.450580596923828e-09
    ],
    "lights": [],
    "frames": [
        {
            "file_path": "/data/shapenet_blender/all_50_random/02958343/705840df46a582e2ac826a3c82da491/r_0",
            "rotation": 0.12566370614359174,
            "transform_matrix": [
                [
                    -0.9995021224021912,
                    0.012269158847630024,
                    -0.029071860015392303,
                    -0.11719241738319397
                ],
                [
                    -0.031554799526929855,
                    -0.3886270523071289,
                    0.9208546280860901,
                    3.7120838165283203
                ],
                [
                    0.0,
                    0.921313464641571,
                    0.3888206481933594,
                    1.5673861503601074
                ],
                [
                    0.0,
                    0.0,
                    0.0,
                    1.0
                ]
            ]
        },
        {
            "file_path": "/data/shapenet_blender/all_50_random/02958343/705840df46a582e2ac826a3c82da491/r_1",
            "rotation": 0.12566370614359174,
            "transform_matrix": [
                [
                    -0.9361980557441711,
                    0.3160569667816162,
                    -0.1537564992904663,
                    -0.6198123097419739
                ],
                [
                    -0.3514726758003235,
                    -0.841863214969635,
                    0.40955260396003723,
                    1.6509594917297363
                ],
                [
                    1.4901160305669237e-08,
                    0.437463641166687,
                    0.8992360234260559,
                    3.624936580657959
                ],
                [
                    0.0,
                    0.0,
                    0.0,
                    1.0
                ]
            ]
        },
        {
            "file_path": "/data/shapenet_blender/all_50_random/02958343/705840df46a582e2ac826a3c82da491/r_2",
            "rotation": 0.12566370614359174,
            "transform_matrix": [
                [
                    -0.6682308912277222,
                    -0.6297178864479065,
                    0.3961348235607147,
                    1.5968705415725708
                ],
                [
                    0.7439540028572083,
                    -0.5656222701072693,
                    0.3558144271373749,
                    1.4343338012695312
                ],
                [
                    -2.980232594040899e-08,
                    0.5324721932411194,
                    0.8464474081993103,
                    3.4121387004852295
                ],
                [
                    0.0,
                    0.0,
                    0.0,
                    1.0
                ]
            ]
        },
        {
            "file_path": "/data/shapenet_blender/all_50_random/02958343/705840df46a582e2ac826a3c82da491/r_3",
            "rotation": 0.12566370614359174,
            "transform_matrix": [
                [
                    -0.07007315754890442,
                    -0.6085218787193298,
                    -0.7904369831085205,
                    -3.1863536834716797
                ],
                [
                    -0.9975418448448181,
                    0.042746130377054214,
                    0.055524904280900955,
                    0.22382806241512299
                ],
                [
                    3.725290298461914e-09,
                    0.7923848032951355,
                    -0.6100214123725891,
                    -2.4590752124786377
                ],
                [
                    0.0,
                    0.0,
                    0.0,
                    1.0
                ]
            ]
        },
        {
            "file_path": "/data/shapenet_blender/all_50_random/02958343/705840df46a582e2ac826a3c82da491/r_4",
            "rotation": 0.12566370614359174,
            "transform_matrix": [
                [
                    -0.292693167924881,
                    0.43314072489738464,
                    -0.8524786233901978,
                    -3.4364511966705322
                ],
                [
                    -0.9562065005302429,
                    -0.1325836479663849,
                    0.2609422504901886,
                    1.051891803741455
                ],
                [
                    -7.450581485102248e-09,
                    0.8915215134620667,
                    0.4529782831668854,
                    1.8260139226913452
                ],
                [
                    0.0,
                    0.0,
                    0.0,
                    1.0
                ]
            ]
        },
        {
            "file_path": "/data/shapenet_blender/all_50_random/02958343/705840df46a582e2ac826a3c82da491/r_5",
            "rotation": 0.12566370614359174,
            "transform_matrix": [
                [
                    -0.6512220501899719,
                    0.6952019929885864,
                    0.3043089509010315,
                    1.2267086505889893
                ],
                [
                    0.7588872313499451,
                    0.5965719819068909,
                    0.26113590598106384,
                    1.0526725053787231
                ],
                [
                    0.0,
                    0.400993674993515,
                    -0.9160808324813843,
                    -3.6928398609161377
                ],
                [
                    0.0,
                    0.0,
                    0.0,
                    1.0
                ]
            ]
        },
        {
            "file_path": "/data/shapenet_blender/all_50_random/02958343/705840df46a582e2ac826a3c82da491/r_6",
            "rotation": 0.12566370614359174,
            "transform_matrix": [
                [
                    0.7614634037017822,
                    0.6140499114990234,
                    -0.20764441788196564,
                    -0.8370414972305298
                ],
                [
                    -0.6482079029083252,
                    0.7213371992111206,
                    -0.24392423033714294,
                    -0.9832900762557983
                ],
                [
                    0.0,
                    0.32033607363700867,
                    0.947303831577301,
                    3.818704128265381
                ],
                [
                    0.0,
                    0.0,
                    0.0,
                    1.0
                ]
            ]
        },
        {
            "file_path": "/data/shapenet_blender/all_50_random/02958343/705840df46a582e2ac826a3c82da491/r_7",
            "rotation": 0.12566370614359174,
            "transform_matrix": [
                [
                    0.952024519443512,
                    -0.024443060159683228,
                    -0.3050439953804016,
                    -1.2296717166900635
                ],
                [
                    -0.30602172017097473,
                    -0.07604163140058517,
                    -0.9489827752113342,
                    -3.825471878051758
                ],
                [
                    0.0,
                    0.99680495262146,
                    -0.07987360656261444,
                    -0.3219808042049408
                ],
                [
                    0.0,
                    0.0,
                    0.0,
                    1.0
                ]
            ]
        },
        {
            "file_path": "/data/shapenet_blender/all_50_random/02958343/705840df46a582e2ac826a3c82da491/r_8",
            "rotation": 0.12566370614359174,
            "transform_matrix": [
                [
                    -0.9393015503883362,
                    -0.13083118200302124,
                    -0.3171685039997101,
                    -1.2785471677780151
                ],
                [
                    -0.34309279918670654,
                    0.35818278789520264,
                    0.8683273792266846,
                    3.5003395080566406
                ],
                [
                    0.0,
                    0.9244394898414612,
                    -0.38132885098457336,
                    -1.537185788154602
                ],
                [
                    0.0,
                    0.0,
                    0.0,
                    1.0
                ]
            ]
        },
        {
            "file_path": "/data/shapenet_blender/all_50_random/02958343/705840df46a582e2ac826a3c82da491/r_9",
            "rotation": 0.12566370614359174,
            "transform_matrix": [
                [
                    0.9156194925308228,
                    -0.004712205845862627,
                    -0.4020181894302368,
                    -1.6205872297286987
                ],
                [
                    -0.4020458161830902,
                    -0.010731582529842854,
                    -0.9155566096305847,
                    -3.6907269954681396
                ],
                [
                    -4.6566123179658803e-10,
                    0.9999313950538635,
                    -0.011720567010343075,
                    -0.04724711924791336
                ],
                [
                    0.0,
                    0.0,
                    0.0,
                    1.0
                ]
            ]
        },
        {
            "file_path": "/data/shapenet_blender/all_50_random/02958343/705840df46a582e2ac826a3c82da491/r_10",
            "rotation": 0.12566370614359174,
            "transform_matrix": [
                [
                    0.999946117401123,
                    0.00012886813783552498,
                    0.010372723452746868,
                    0.041813790798187256
                ],
                [
                    0.010373524390161037,
                    -0.012422122992575169,
                    -0.9998689889907837,
                    -4.0306010246276855
                ],
                [
                    0.0,
                    0.9999228715896606,
                    -0.012422790750861168,
                    -0.05007787421345711
                ],
                [
                    0.0,
                    0.0,
                    0.0,
                    1.0
                ]
            ]
        },
        {
            "file_path": "/data/shapenet_blender/all_50_random/02958343/705840df46a582e2ac826a3c82da491/r_11",
            "rotation": 0.12566370614359174,
            "transform_matrix": [
                [
                    0.9394394755363464,
                    0.037447474896907806,
                    0.3406628370285034,
                    1.373255968093872
                ],
                [
                    0.3427148759365082,
                    -0.10264984518289566,
                    -0.9338144063949585,
                    -3.764326572418213
                ],
                [
                    -3.725290298461914e-09,
                    0.9940123558044434,
                    -0.10926712304353714,
                    -0.440469890832901
                ],
                [
                    0.0,
                    0.0,
                    0.0,
                    1.0
                ]
            ]
        },
        {
            "file_path": "/data/shapenet_blender/all_50_random/02958343/705840df46a582e2ac826a3c82da491/r_12",
            "rotation": 0.12566370614359174,
            "transform_matrix": [
                [
                    0.5983704328536987,
                    -0.05222654715180397,
                    -0.7995156049728394,
                    -3.2229504585266113
                ],
                [
                    -0.8012195825576782,
                    -0.039004065096378326,
                    -0.5970978736877441,
                    -2.4069786071777344
                ],
                [
                    0.0,
                    0.9978731870651245,
                    -0.06518381088972092,
                    -0.2627643346786499
                ],
                [
                    0.0,
                    0.0,
                    0.0,
                    1.0
                ]
            ]
        },
        {
            "file_path": "/data/shapenet_blender/all_50_random/02958343/705840df46a582e2ac826a3c82da491/r_13",
            "rotation": 0.12566370614359174,
            "transform_matrix": [
                [
                    0.8606007099151611,
                    0.005437667015939951,
                    0.5092512369155884,
                    2.0528573989868164
                ],
                [
                    0.509280264377594,
                    -0.00918877124786377,
                    -0.8605517148971558,
                    -3.4689948558807373
                ],
                [
                    -4.6566123179658803e-10,
                    0.9999430179595947,
                    -0.010677160695195198,
                    -0.043041013181209564
                ],
                [
                    0.0,
                    0.0,
                    0.0,
                    1.0
                ]
            ]
        },
        {
            "file_path": "/data/shapenet_blender/all_50_random/02958343/705840df46a582e2ac826a3c82da491/r_14",
            "rotation": 0.12566370614359174,
            "transform_matrix": [
                [
                    0.5378205180168152,
                    0.37874269485473633,
                    0.7531952261924744,
                    3.036226987838745
                ],
                [
                    0.8430594205856323,
                    -0.24161475896835327,
                    -0.48049265146255493,
                    -1.9369277954101562
                ],
                [
                    0.0,
                    0.8934069871902466,
                    -0.4492480158805847,
                    -1.8109766244888306
                ],
                [
                    0.0,
                    0.0,
                    0.0,
                    1.0
                ]
            ]
        },
        {
            "file_path": "/data/shapenet_blender/all_50_random/02958343/705840df46a582e2ac826a3c82da491/r_15",
            "rotation": 0.12566370614359174,
            "transform_matrix": [
                [
                    0.7971144914627075,
                    -0.45039117336273193,
                    0.4021892845630646,
                    1.62127685546875
                ],
                [
                    0.6038281917572021,
                    0.5945620536804199,
                    -0.5309306979179382,
                    -2.1402502059936523
                ],
                [
                    0.0,
                    0.6660656929016113,
                    0.7458930015563965,
                    3.00679087638855
                ],
                [
                    0.0,
                    0.0,
                    0.0,
                    1.0
                ]
            ]
        },
        {
            "file_path": "/data/shapenet_blender/all_50_random/02958343/705840df46a582e2ac826a3c82da491/r_16",
            "rotation": 0.12566370614359174,
            "transform_matrix": [
                [
                    0.8266674876213074,
                    0.3252400755882263,
                    -0.4591728746891022,
                    -1.8509851694107056
                ],
                [
                    -0.5626907348632812,
                    0.47782087326049805,
                    -0.6745859384536743,
                    -2.7193431854248047
                ],
                [
                    0.0,
                    0.8160306215286255,
                    0.5780085325241089,
                    2.3300271034240723
                ],
                [
                    0.0,
                    0.0,
                    0.0,
                    1.0
                ]
            ]
        },
        {
            "file_path": "/data/shapenet_blender/all_50_random/02958343/705840df46a582e2ac826a3c82da491/r_17",
            "rotation": 0.12566370614359174,
            "transform_matrix": [
                [
                    -0.19690066576004028,
                    0.0027840270195156336,
                    -0.9804194569587708,
                    -3.952197313308716
                ],
                [
                    -0.9804233908653259,
                    -0.00055912253446877,
                    0.196899875998497,
                    0.793728768825531
                ],
                [
                    -5.8207657444020455e-11,
                    0.9999959468841553,
                    0.002839617198333144,
                    0.011446863412857056
                ],
                [
                    0.0,
                    0.0,
                    0.0,
                    1.0
                ]
            ]
        },
        {
            "file_path": "/data/shapenet_blender/all_50_random/02958343/705840df46a582e2ac826a3c82da491/r_18",
            "rotation": 0.12566370614359174,
            "transform_matrix": [
                [
                    -0.4509088397026062,
                    0.06924606114625931,
                    -0.8898798823356628,
                    -3.5872204303741455
                ],
                [
                    -0.8925701379776001,
                    -0.03498174995183945,
                    0.4495497941970825,
                    1.8121931552886963
                ],
                [
                    -3.725290742551124e-09,
                    0.9969860911369324,
                    0.0775805413722992,
                    0.3127371668815613
                ],
                [
                    0.0,
                    0.0,
                    0.0,
                    1.0
                ]
            ]
        },
        {
            "file_path": "/data/shapenet_blender/all_50_random/02958343/705840df46a582e2ac826a3c82da491/r_19",
            "rotation": 0.12566370614359174,
            "transform_matrix": [
                [
                    0.9789134860038757,
                    0.0075516910292208195,
                    0.20413605868816376,
                    0.8228987455368042
                ],
                [
                    0.2042757272720337,
                    -0.036188602447509766,
                    -0.9782442450523376,
                    -3.9434287548065186
                ],
                [
                    4.656613428188905e-10,
                    0.9993164539337158,
                    -0.036968130618333817,
                    -0.14902329444885254
                ],
                [
                    0.0,
                    0.0,
                    0.0,
                    1.0
                ]
            ]
        },
        {
            "file_path": "/data/shapenet_blender/all_50_random/02958343/705840df46a582e2ac826a3c82da491/r_20",
            "rotation": 0.12566370614359174,
            "transform_matrix": [
                [
                    0.5875811576843262,
                    -0.30271288752555847,
                    -0.7504087090492249,
                    -3.024994373321533
                ],
                [
                    -0.8091651797294617,
                    -0.2198171764612198,
                    -0.544914722442627,
                    -2.1966214179992676
                ],
                [
                    -1.4901161193847656e-08,
                    0.9273862242698669,
                    -0.37410518527030945,
                    -1.5080662965774536
                ],
                [
                    0.0,
                    0.0,
                    0.0,
                    1.0
                ]
            ]
        },
        {
            "file_path": "/data/shapenet_blender/all_50_random/02958343/705840df46a582e2ac826a3c82da491/r_21",
            "rotation": 0.12566370614359174,
            "transform_matrix": [
                [
                    0.636921763420105,
                    -0.5640692114830017,
                    0.5255057215690613,
                    2.1183815002441406
                ],
                [
                    0.7709283828735352,
                    0.46601998805999756,
                    -0.4341597855091095,
                    -1.7501541376113892
                ],
                [
                    -1.4901161193847656e-08,
                    0.6816531419754028,
                    0.7316753268241882,
                    2.9494779109954834
                ],
                [
                    0.0,
                    0.0,
                    0.0,
                    1.0
                ]
            ]
        },
        {
            "file_path": "/data/shapenet_blender/all_50_random/02958343/705840df46a582e2ac826a3c82da491/r_22",
            "rotation": 0.12566370614359174,
            "transform_matrix": [
                [
                    -0.5105093121528625,
                    0.5259835720062256,
                    0.6802363395690918,
                    2.7421207427978516
                ],
                [
                    0.8598723411560059,
                    0.3122783601284027,
                    0.40385881066322327,
                    1.6280070543289185
                ],
                [
                    1.4901162970204496e-08,
                    0.7910900115966797,
                    -0.611699640750885,
                    -2.4658403396606445
                ],
                [
                    0.0,
                    0.0,
                    0.0,
                    1.0
                ]
            ]
        },
        {
            "file_path": "/data/shapenet_blender/all_50_random/02958343/705840df46a582e2ac826a3c82da491/r_23",
            "rotation": 0.12566370614359174,
            "transform_matrix": [
                [
                    0.23761743307113647,
                    0.7258160710334778,
                    0.6455455422401428,
                    2.6022772789001465
                ],
                [
                    0.9713588953018188,
                    -0.17755185067653656,
                    -0.15791575610637665,
                    -0.6365787982940674
                ],
                [
                    7.450580596923828e-09,
                    0.6645799279212952,
                    -0.7472171783447266,
                    -3.0121288299560547
                ],
                [
                    0.0,
                    0.0,
                    0.0,
                    1.0
                ]
            ]
        },
        {
            "file_path": "/data/shapenet_blender/all_50_random/02958343/705840df46a582e2ac826a3c82da491/r_24",
            "rotation": 0.12566370614359174,
            "transform_matrix": [
                [
                    0.8549563884735107,
                    0.310522198677063,
                    0.4154823124408722,
                    1.6748628616333008
                ],
                [
                    0.5186999440193176,
                    -0.5118237137794495,
                    -0.6848260760307312,
                    -2.760622501373291
                ],
                [
                    0.0,
                    0.8010072112083435,
                    -0.5986546874046326,
                    -2.413254499435425
                ],
                [
                    0.0,
                    0.0,
                    0.0,
                    1.0
                ]
            ]
        },
        {
            "file_path": "/data/shapenet_blender/all_50_random/02958343/705840df46a582e2ac826a3c82da491/r_25",
            "rotation": 0.12566370614359174,
            "transform_matrix": [
                [
                    -0.853192925453186,
                    0.3886371850967407,
                    0.3478837013244629,
                    1.4023640155792236
                ],
                [
                    0.5215955376625061,
                    0.6357080340385437,
                    0.5690460801124573,
                    2.293898105621338
                ],
                [
                    0.0,
                    0.6669606566429138,
                    -0.7450929284095764,
                    -3.003565549850464
                ],
                [
                    0.0,
                    0.0,
                    0.0,
                    1.0
                ]
            ]
        },
        {
            "file_path": "/data/shapenet_blender/all_50_random/02958343/705840df46a582e2ac826a3c82da491/r_26",
            "rotation": 0.12566370614359174,
            "transform_matrix": [
                [
                    0.8296998143196106,
                    -0.019388461485505104,
                    0.5578729510307312,
                    2.2488577365875244
                ],
                [
                    0.5582097172737122,
                    0.028818204998970032,
                    -0.8291991949081421,
                    -3.34260892868042
                ],
                [
                    0.0,
                    0.9993966817855835,
                    0.03473328426480293,
                    0.14001435041427612
                ],
                [
                    0.0,
                    0.0,
                    0.0,
                    1.0
                ]
            ]
        },
        {
            "file_path": "/data/shapenet_blender/all_50_random/02958343/705840df46a582e2ac826a3c82da491/r_27",
            "rotation": 0.12566370614359174,
            "transform_matrix": [
                [
                    -0.3692207634449005,
                    0.37507009506225586,
                    0.8502930998802185,
                    3.4276411533355713
                ],
                [
                    0.9293416738510132,
                    0.14901265501976013,
                    0.3378153443336487,
                    1.3617771863937378
                ],
                [
                    1.4901160305669237e-08,
                    0.9149412512779236,
                    -0.40358689427375793,
                    -1.6269108057022095
                ],
                [
                    0.0,
                    0.0,
                    0.0,
                    1.0
                ]
            ]
        },
        {
            "file_path": "/data/shapenet_blender/all_50_random/02958343/705840df46a582e2ac826a3c82da491/r_28",
            "rotation": 0.12566370614359174,
            "transform_matrix": [
                [
                    0.12516255676746368,
                    0.3647545874118805,
                    0.9226529002189636,
                    3.719332695007324
                ],
                [
                    0.9921362996101379,
                    -0.04601547494530678,
                    -0.11639691889286041,
                    -0.46921098232269287
                ],
                [
                    0.0,
                    0.9299658536911011,
                    -0.3676457107067108,
                    -1.482027292251587
                ],
                [
                    0.0,
                    0.0,
                    0.0,
                    1.0
                ]
            ]
        },
        {
            "file_path": "/data/shapenet_blender/all_50_random/02958343/705840df46a582e2ac826a3c82da491/r_29",
            "rotation": 0.12566370614359174,
            "transform_matrix": [
                [
                    -0.29256829619407654,
                    -0.0009581907070241868,
                    -0.956244170665741,
                    -3.854743480682373
                ],
                [
                    -0.9562446475028992,
                    0.0002931636990979314,
                    0.2925681471824646,
                    1.179379940032959
                ],
                [
                    0.0,
                    0.9999995827674866,
                    -0.0010020349873229861,
                    -0.004039332270622253
                ],
                [
                    0.0,
                    0.0,
                    0.0,
                    1.0
                ]
            ]
        },
        {
            "file_path": "/data/shapenet_blender/all_50_random/02958343/705840df46a582e2ac826a3c82da491/r_30",
            "rotation": 0.12566370614359174,
            "transform_matrix": [
                [
                    0.5131341218948364,
                    -0.10307712852954865,
                    -0.8520965576171875,
                    -3.434910774230957
                ],
                [
                    -0.8583084344863892,
                    -0.06162399426102638,
                    -0.5094203948974609,
                    -2.0535390377044678
                ],
                [
                    0.0,
                    0.9927625060081482,
                    -0.12009336799383163,
                    -0.4841117858886719
                ],
                [
                    0.0,
                    0.0,
                    0.0,
                    1.0
                ]
            ]
        },
        {
            "file_path": "/data/shapenet_blender/all_50_random/02958343/705840df46a582e2ac826a3c82da491/r_31",
            "rotation": 0.12566370614359174,
            "transform_matrix": [
                [
                    -0.5878589749336243,
                    -0.14323127269744873,
                    0.79618239402771,
                    3.2095143795013428
                ],
                [
                    0.808963418006897,
                    -0.10408355295658112,
                    0.5785712599754333,
                    2.3322956562042236
                ],
                [
                    0.0,
                    0.984200656414032,
                    0.17705534398555756,
                    0.7137329578399658
                ],
                [
                    0.0,
                    0.0,
                    0.0,
                    1.0
                ]
            ]
        },
        {
            "file_path": "/data/shapenet_blender/all_50_random/02958343/705840df46a582e2ac826a3c82da491/r_32",
            "rotation": 0.12566370614359174,
            "transform_matrix": [
                [
                    0.9882499575614929,
                    0.09097933024168015,
                    0.12282029539346695,
                    0.49510449171066284
                ],
                [
                    0.1528465449810028,
                    -0.5882391333580017,
                    -0.7941111326217651,
                    -3.201164722442627
                ],
                [
                    0.0,
                    0.8035529851913452,
                    -0.5952330827713013,
                    -2.399461507797241
                ],
                [
                    0.0,
                    0.0,
                    0.0,
                    1.0
                ]
            ]
        },
        {
            "file_path": "/data/shapenet_blender/all_50_random/02958343/705840df46a582e2ac826a3c82da491/r_33",
            "rotation": 0.12566370614359174,
            "transform_matrix": [
                [
                    -0.7921004295349121,
                    -0.0677252784371376,
                    0.606622040271759,
                    2.445371627807617
                ],
                [
                    0.610390841960907,
                    -0.08788666874170303,
                    0.7872096300125122,
                    3.1733434200286865
                ],
                [
                    -3.725290298461914e-09,
                    0.9938255548477173,
                    0.11095394194126129,
                    0.44726964831352234
                ],
                [
                    0.0,
                    0.0,
                    0.0,
                    1.0
                ]
            ]
        },
        {
            "file_path": "/data/shapenet_blender/all_50_random/02958343/705840df46a582e2ac826a3c82da491/r_34",
            "rotation": 0.12566370614359174,
            "transform_matrix": [
                [
                    -0.9725226163864136,
                    0.1963905245065689,
                    0.12502215802669525,
                    0.5039804577827454
                ],
                [
                    0.232808455824852,
                    0.8203921318054199,
                    0.5222614407539368,
                    2.1053032875061035
                ],
                [
                    0.0,
                    0.5370172262191772,
                    -0.8435711860656738,
                    -3.4005441665649414
                ],
                [
                    0.0,
                    0.0,
                    0.0,
                    1.0
                ]
            ]
        },
        {
            "file_path": "/data/shapenet_blender/all_50_random/02958343/705840df46a582e2ac826a3c82da491/r_35",
            "rotation": 0.12566370614359174,
            "transform_matrix": [
                [
                    -0.3152432441711426,
                    0.4663965106010437,
                    -0.8264961242675781,
                    -3.3317127227783203
                ],
                [
                    -0.9490109086036682,
                    -0.15492798388004303,
                    0.27454617619514465,
                    1.1067311763763428
                ],
                [
                    0.0,
                    0.8709025979042053,
                    0.49145540595054626,
                    1.981120228767395
                ],
                [
                    0.0,
                    0.0,
                    0.0,
                    1.0
                ]
            ]
        },
        {
            "file_path": "/data/shapenet_blender/all_50_random/02958343/705840df46a582e2ac826a3c82da491/r_36",
            "rotation": 0.12566370614359174,
            "transform_matrix": [
                [
                    0.7714512348175049,
                    -0.16991528868675232,
                    -0.6131818294525146,
                    -2.4718146324157715
                ],
                [
                    -0.636288583278656,
                    -0.20600928366184235,
                    -0.7434360384941101,
                    -2.9968862533569336
                ],
                [
                    0.0,
                    0.9636850953102112,
                    -0.26704129576683044,
                    -1.0764777660369873
                ],
                [
                    0.0,
                    0.0,
                    0.0,
                    1.0
                ]
            ]
        },
        {
            "file_path": "/data/shapenet_blender/all_50_random/02958343/705840df46a582e2ac826a3c82da491/r_37",
            "rotation": 0.12566370614359174,
            "transform_matrix": [
                [
                    0.9255631566047668,
                    -0.22916126251220703,
                    -0.3013601303100586,
                    -1.214821696281433
                ],
                [
                    -0.3785932660102844,
                    -0.5602403283119202,
                    -0.7367480993270874,
                    -2.9699268341064453
                ],
                [
                    1.4901161193847656e-08,
                    0.7959998846054077,
                    -0.6052966713905334,
                    -2.4400291442871094
                ],
                [
                    0.0,
                    0.0,
                    0.0,
                    1.0
                ]
            ]
        },
        {
            "file_path": "/data/shapenet_blender/all_50_random/02958343/705840df46a582e2ac826a3c82da491/r_38",
            "rotation": 0.12566370614359174,
            "transform_matrix": [
                [
                    -0.5591829419136047,
                    0.7120025157928467,
                    -0.4246962070465088,
                    -1.7120051383972168
                ],
                [
                    -0.8290443420410156,
                    -0.48023927211761475,
                    0.2864537537097931,
                    1.1547319889068604
                ],
                [
                    0.0,
                    0.5122720003128052,
                    0.8588232398033142,
                    3.4620273113250732
                ],
                [
                    0.0,
                    0.0,
                    0.0,
                    1.0
                ]
            ]
        },
        {
            "file_path": "/data/shapenet_blender/all_50_random/02958343/705840df46a582e2ac826a3c82da491/r_39",
            "rotation": 0.12566370614359174,
            "transform_matrix": [
                [
                    -0.11847608536481857,
                    0.37173351645469666,
                    0.9207482933998108,
                    3.711655378341675
                ],
                [
                    0.9929569959640503,
                    0.0443539172410965,
                    0.10986039787530899,
                    0.4428614675998688
                ],
                [
                    -3.725290742551124e-09,
                    0.9272792339324951,
                    -0.3743702173233032,
                    -1.5091347694396973
                ],
                [
                    0.0,
                    0.0,
                    0.0,
                    1.0
                ]
            ]
        },
        {
            "file_path": "/data/shapenet_blender/all_50_random/02958343/705840df46a582e2ac826a3c82da491/r_40",
            "rotation": 0.12566370614359174,
            "transform_matrix": [
                [
                    -0.9890865087509155,
                    -0.024104032665491104,
                    0.14535051584243774,
                    0.5859267115592957
                ],
                [
                    0.14733560383319855,
                    -0.16181409358978271,
                    0.9757604002952576,
                    3.9334161281585693
                ],
                [
                    1.8626450382086546e-09,
                    0.9865268468856812,
                    0.16359949111938477,
                    0.659490704536438
                ],
                [
                    0.0,
                    0.0,
                    0.0,
                    1.0
                ]
            ]
        },
        {
            "file_path": "/data/shapenet_blender/all_50_random/02958343/705840df46a582e2ac826a3c82da491/r_41",
            "rotation": 0.12566370614359174,
            "transform_matrix": [
                [
                    -0.6501421928405762,
                    0.5076290369033813,
                    -0.565356433391571,
                    -2.279024839401245
                ],
                [
                    -0.7598127126693726,
                    -0.43435847759246826,
                    0.4837535619735718,
                    1.9500731229782104
                ],
                [
