{
    "class": "02958343",
    "model": "35a32cbdfd9e7ba460ed0d611ab79ae0",
    "remove_doubles": true,
    "edge_split": true,
    "denoise": true,
    "camera_angle_x": 0.6911112070083618,
    "scale_factor": 2.2722289443325296,
    "hdri_file": "/data/IndoorHDRDataset2018/9C4A6603-cc3eb97e44.exr",
    "center_offset": [
        0.0,
        -4.656612873077393e-10,
        -3.725290298461914e-09
    ],
    "lights": [],
    "frames": [
        {
            "file_path": "/data/shapenet_blender/all_50_random/02958343/35a32cbdfd9e7ba460ed0d611ab79ae0/r_0",
            "rotation": 0.12566370614359174,
            "transform_matrix": [
                [
                    0.08100973814725876,
                    0.6032570004463196,
                    0.7934218645095825,
                    3.1983861923217773
                ],
                [
                    0.9967133402824402,
                    -0.049030840396881104,
                    -0.06448684632778168,
                    -0.2599548101425171
                ],
                [
                    0.0,
                    0.7960383296012878,
                    -0.6052461266517639,
                    -2.4398255348205566
                ],
                [
                    0.0,
                    0.0,
                    0.0,
                    1.0
                ]
            ]
        },
        {
            "file_path": "/data/shapenet_blender/all_50_random/02958343/35a32cbdfd9e7ba460ed0d611ab79ae0/r_1",
            "rotation": 0.12566370614359174,
            "transform_matrix": [
                [
                    0.8489162921905518,
                    -0.4486643373966217,
                    -0.2793591320514679,
                    -1.1261327266693115
                ],
                [
                    -0.5285273790359497,
                    -0.7206409573554993,
                    -0.448704332113266,
                    -1.8087849617004395
                ],
                [
                    0.0,
                    0.5285612940788269,
                    -0.8488951325416565,
                    -3.4220056533813477
                ],
                [
                    0.0,
                    0.0,
                    0.0,
                    1.0
                ]
            ]
        },
        {
            "file_path": "/data/shapenet_blender/all_50_random/02958343/35a32cbdfd9e7ba460ed0d611ab79ae0/r_2",
            "rotation": 0.12566370614359174,
            "transform_matrix": [
                [
                    0.6437181830406189,
                    0.13258658349514008,
                    -0.7536894083023071,
                    -3.0382192134857178
                ],
                [
                    -0.7652626633644104,
                    0.11152822524309158,
                    -0.6339830160140991,
                    -2.5556674003601074
                ],
                [
                    0.0,
                    0.984876811504364,
                    0.1732562929391861,
                    0.6984184384346008
                ],
                [
                    0.0,
                    0.0,
                    0.0,
                    1.0
                ]
            ]
        },
        {
            "file_path": "/data/shapenet_blender/all_50_random/02958343/35a32cbdfd9e7ba460ed0d611ab79ae0/r_3",
            "rotation": 0.12566370614359174,
            "transform_matrix": [
                [
                    -0.037782974541187286,
                    0.24384717643260956,
                    0.9690774083137512,
                    3.9064760208129883
                ],
                [
                    0.999285876750946,
                    0.009219855070114136,
                    0.03664079308509827,
                    0.14770376682281494
                ],
                [
                    9.313224080820248e-10,
                    0.9697698354721069,
                    -0.24402138590812683,
                    -0.9836816787719727
                ],
                [
                    0.0,
                    0.0,
                    0.0,
                    1.0
                ]
            ]
        },
        {
            "file_path": "/data/shapenet_blender/all_50_random/02958343/35a32cbdfd9e7ba460ed0d611ab79ae0/r_4",
            "rotation": 0.12566370614359174,
            "transform_matrix": [
                [
                    -0.971936821937561,
                    0.023620417341589928,
                    0.2340533584356308,
                    0.9434991478919983
                ],
                [
                    0.23524220287799835,
                    0.09759113192558289,
                    0.9670249223709106,
                    3.8982017040252686
                ],
                [
                    0.0,
                    0.9949462413787842,
                    -0.10040894150733948,
                    -0.40476134419441223
                ],
                [
                    0.0,
                    0.0,
                    0.0,
                    1.0
                ]
            ]
        },
        {
            "file_path": "/data/shapenet_blender/all_50_random/02958343/35a32cbdfd9e7ba460ed0d611ab79ae0/r_5",
            "rotation": 0.12566370614359174,
            "transform_matrix": [
                [
                    -0.3723471760749817,
                    -0.28565502166748047,
                    0.8830395340919495,
                    3.5596461296081543
                ],
                [
                    0.9280935525894165,
                    -0.11460357904434204,
                    0.35427170991897583,
                    1.428114891052246
                ],
                [
                    0.0,
                    0.951455295085907,
                    0.3077869117259979,
                    1.240728735923767
                ],
                [
                    0.0,
                    0.0,
                    0.0,
                    1.0
                ]
            ]
        },
        {
            "file_path": "/data/shapenet_blender/all_50_random/02958343/35a32cbdfd9e7ba460ed0d611ab79ae0/r_6",
            "rotation": 0.12566370614359174,
            "transform_matrix": [
                [
                    0.5904834270477295,
                    -0.20114342868328094,
                    0.7815821170806885,
                    3.150658369064331
                ],
                [
                    0.8070498108863831,
                    0.14716795086860657,
                    -0.5718498229980469,
                    -2.3052003383636475
                ],
                [
                    -7.450581485102248e-09,
                    0.9684434533119202,
                    0.24923300743103027,
                    1.004690408706665
                ],
                [
                    0.0,
                    0.0,
                    0.0,
                    1.0
                ]
            ]
        },
        {
            "file_path": "/data/shapenet_blender/all_50_random/02958343/35a32cbdfd9e7ba460ed0d611ab79ae0/r_7",
            "rotation": 0.12566370614359174,
            "transform_matrix": [
                [
                    -0.8959373235702515,
                    -0.004146377090364695,
                    0.444161057472229,
                    1.7904704809188843
                ],
                [
                    0.4441803991794586,
                    -0.008363480679690838,
                    0.8958983421325684,
                    3.6114816665649414
                ],
                [
                    0.0,
                    0.999956488609314,
                    0.009334893897175789,
                    0.03763015940785408
                ],
                [
                    0.0,
                    0.0,
                    0.0,
                    1.0
                ]
            ]
        },
        {
            "file_path": "/data/shapenet_blender/all_50_random/02958343/35a32cbdfd9e7ba460ed0d611ab79ae0/r_8",
            "rotation": 0.12566370614359174,
            "transform_matrix": [
                [
                    -0.4035000801086426,
                    0.05009513720870018,
                    0.9136071801185608,
                    3.682868480682373
                ],
                [
                    0.9149796962738037,
                    0.02209162712097168,
                    0.4028947949409485,
                    1.6241209506988525
                ],
                [
                    1.862645371275562e-09,
                    0.9985000491142273,
                    -0.054749999195337296,
                    -0.2207043170928955
                ],
                [
                    0.0,
                    0.0,
                    0.0,
                    1.0
                ]
            ]
        },
        {
            "file_path": "/data/shapenet_blender/all_50_random/02958343/35a32cbdfd9e7ba460ed0d611ab79ae0/r_9",
            "rotation": 0.12566370614359174,
            "transform_matrix": [
                [
                    0.8111762404441833,
                    0.5086700320243835,
                    -0.2885269224643707,
                    -1.1630892753601074
                ],
                [
                    -0.5848016142845154,
                    0.7055743932723999,
                    -0.40021467208862305,
                    -1.6133168935775757
                ],
                [
                    0.0,
                    0.4933757483959198,
                    0.8698163032531738,
                    3.5063416957855225
                ],
                [
                    0.0,
                    0.0,
                    0.0,
                    1.0
                ]
            ]
        },
        {
            "file_path": "/data/shapenet_blender/all_50_random/02958343/35a32cbdfd9e7ba460ed0d611ab79ae0/r_10",
            "rotation": 0.12566370614359174,
            "transform_matrix": [
                [
                    -0.9442907571792603,
                    0.13020700216293335,
                    0.3022601008415222,
                    1.2184494733810425
                ],
                [
                    0.3291124999523163,
                    0.3735903799533844,
                    0.8672457337379456,
                    3.4959793090820312
                ],
                [
                    0.0,
                    0.9184097051620483,
                    -0.39563068747520447,
                    -1.594838261604309
                ],
                [
                    0.0,
                    0.0,
                    0.0,
                    1.0
                ]
            ]
        },
        {
            "file_path": "/data/shapenet_blender/all_50_random/02958343/35a32cbdfd9e7ba460ed0d611ab79ae0/r_11",
            "rotation": 0.12566370614359174,
            "transform_matrix": [
                [
                    0.5989767909049988,
                    0.21013762056827545,
                    0.7727023959159851,
                    3.1148626804351807
                ],
                [
                    0.8007663488388062,
                    -0.15718388557434082,
                    -0.5779848694801331,
                    -2.3299312591552734
                ],
                [
                    0.0,
                    0.9649534821510315,
                    -0.2624206840991974,
                    -1.0578514337539673
                ],
                [
                    0.0,
                    0.0,
                    0.0,
                    1.0
                ]
            ]
        },
        {
            "file_path": "/data/shapenet_blender/all_50_random/02958343/35a32cbdfd9e7ba460ed0d611ab79ae0/r_12",
            "rotation": 0.12566370614359174,
            "transform_matrix": [
                [
                    0.693838894367218,
                    0.2994600832462311,
                    0.6549131274223328,
                    2.6400394439697266
                ],
                [
                    0.7201303243637085,
                    -0.2885270416736603,
                    -0.6310027837753296,
                    -2.543653726577759
                ],
                [
                    0.0,
                    0.9094369411468506,
                    -0.41584154963493347,
                    -1.6763110160827637
                ],
                [
                    0.0,
                    0.0,
                    0.0,
                    1.0
                ]
            ]
        },
        {
            "file_path": "/data/shapenet_blender/all_50_random/02958343/35a32cbdfd9e7ba460ed0d611ab79ae0/r_13",
            "rotation": 0.12566370614359174,
            "transform_matrix": [
                [
                    0.039004575461149216,
                    0.05912429839372635,
                    0.9974883198738098,
                    4.021003723144531
                ],
                [
                    0.9992390275001526,
                    -0.002307874383404851,
                    -0.03893623873591423,
                    -0.1569570004940033
                ],
                [
                    0.0,
                    0.9982479214668274,
                    -0.05916932597756386,
                    -0.23851916193962097
                ],
                [
                    0.0,
                    0.0,
                    0.0,
                    1.0
                ]
            ]
        },
        {
            "file_path": "/data/shapenet_blender/all_50_random/02958343/35a32cbdfd9e7ba460ed0d611ab79ae0/r_14",
            "rotation": 0.12566370614359174,
            "transform_matrix": [
                [
                    0.18645444512367249,
                    0.8628191947937012,
                    -0.469870001077652,
                    -1.8941066265106201
                ],
                [
                    -0.9824637174606323,
                    0.16374801099300385,
                    -0.08917312324047089,
                    -0.35946840047836304
                ],
                [
                    -7.450581485102248e-09,
                    0.47825685143470764,
                    0.8782199025154114,
                    3.540217876434326
                ],
                [
                    0.0,
                    0.0,
                    0.0,
                    1.0
                ]
            ]
        },
        {
            "file_path": "/data/shapenet_blender/all_50_random/02958343/35a32cbdfd9e7ba460ed0d611ab79ae0/r_15",
            "rotation": 0.12566370614359174,
            "transform_matrix": [
                [
                    -0.5369736552238464,
                    0.07466403394937515,
                    -0.8402883410453796,
                    -3.387310743331909
                ],
                [
                    -0.8435989022254944,
                    -0.047525689005851746,
                    0.5348663926124573,
                    2.1561152935028076
                ],
                [
                    0.0,
                    0.9960755705833435,
                    0.0885065421462059,
                    0.3567812740802765
                ],
                [
                    0.0,
                    0.0,
                    0.0,
                    1.0
                ]
            ]
        },
        {
            "file_path": "/data/shapenet_blender/all_50_random/02958343/35a32cbdfd9e7ba460ed0d611ab79ae0/r_16",
            "rotation": 0.12566370614359174,
            "transform_matrix": [
                [
                    0.9361649751663208,
                    0.3220241367816925,
                    -0.14105187356472015,
                    -0.5685983300209045
                ],
                [
                    -0.351561039686203,
                    0.8575116395950317,
                    -0.37560421228408813,
                    -1.5141091346740723
                ],
                [
                    0.0,
                    0.40121594071388245,
                    0.9159834384918213,
                    3.6924476623535156
                ],
                [
                    0.0,
                    0.0,
                    0.0,
                    1.0
                ]
            ]
        },
        {
            "file_path": "/data/shapenet_blender/all_50_random/02958343/35a32cbdfd9e7ba460ed0d611ab79ae0/r_17",
            "rotation": 0.12566370614359174,
            "transform_matrix": [
                [
                    -0.5904291868209839,
                    -0.2341400682926178,
                    -0.7723805904388428,
                    -3.113565683364868
                ],
                [
                    -0.8070894479751587,
                    0.17128603160381317,
                    0.5650378465652466,
                    2.277740478515625
                ],
                [
                    1.4901161193847656e-08,
                    0.9569950699806213,
                    -0.2901042401790619,
                    -1.1694475412368774
                ],
                [
                    0.0,
                    0.0,
                    0.0,
                    1.0
                ]
            ]
        },
        {
            "file_path": "/data/shapenet_blender/all_50_random/02958343/35a32cbdfd9e7ba460ed0d611ab79ae0/r_18",
            "rotation": 0.12566370614359174,
            "transform_matrix": [
                [
                    -0.07981636375188828,
                    0.07076546549797058,
                    -0.9942945837974548,
                    -4.008129596710205
                ],
                [
                    -0.9968096613883972,
                    -0.005666318815201521,
                    0.07961497455835342,
                    0.32093822956085205
                ],
                [
                    4.656612873077393e-10,
                    0.9974768161773682,
                    0.07099196314811707,
                    0.28617775440216064
                ],
                [
                    0.0,
                    0.0,
                    0.0,
                    1.0
                ]
            ]
        },
        {
            "file_path": "/data/shapenet_blender/all_50_random/02958343/35a32cbdfd9e7ba460ed0d611ab79ae0/r_19",
            "rotation": 0.12566370614359174,
            "transform_matrix": [
                [
                    0.9674203395843506,
                    0.06132275238633156,
                    0.2456366866827011,
                    0.9901931881904602
                ],
                [
                    0.2531755566596985,
                    -0.23432308435440063,
                    -0.9386131763458252,
                    -3.7836709022521973
                ],
                [
                    3.725290298461914e-09,
                    0.9702227711677551,
                    -0.24221430718898773,
                    -0.9763971567153931
                ],
                [
                    0.0,
                    0.0,
                    0.0,
                    1.0
                ]
            ]
        },
        {
            "file_path": "/data/shapenet_blender/all_50_random/02958343/35a32cbdfd9e7ba460ed0d611ab79ae0/r_20",
            "rotation": 0.12566370614359174,
            "transform_matrix": [
                [
                    0.9986068606376648,
                    -0.018950872123241425,
                    0.0492454431951046,
                    0.19851469993591309
                ],
                [
                    0.05276597663760185,
                    0.3586490750312805,
                    -0.9319800138473511,
                    -3.7569310665130615
                ],
                [
                    1.8626448161640496e-09,
                    0.9332801103591919,
                    0.35914942622184753,
                    1.447777509689331
                ],
                [
                    0.0,
                    0.0,
                    0.0,
                    1.0
                ]
            ]
        },
        {
            "file_path": "/data/shapenet_blender/all_50_random/02958343/35a32cbdfd9e7ba460ed0d611ab79ae0/r_21",
            "rotation": 0.12566370614359174,
            "transform_matrix": [
                [
                    0.6938003897666931,
                    0.09374077618122101,
                    -0.7140403985977173,
                    -2.8783888816833496
                ],
                [
                    -0.720167338848114,
                    0.09030871093273163,
                    -0.6878977417945862,
                    -2.7730045318603516
                ],
                [
                    0.0,
                    0.9914923310279846,
                    0.1301652491092682,
                    0.5247129201889038
                ],
                [
                    0.0,
                    0.0,
                    0.0,
                    1.0
                ]
            ]
        },
        {
            "file_path": "/data/shapenet_blender/all_50_random/02958343/35a32cbdfd9e7ba460ed0d611ab79ae0/r_22",
            "rotation": 0.12566370614359174,
            "transform_matrix": [
                [
                    0.35328295826911926,
                    0.3572799861431122,
                    -0.864605188369751,
                    -3.485335111618042
                ],
                [
                    -0.9355165362358093,
                    0.1349211037158966,
                    -0.3265044093132019,
                    -1.3161814212799072
                ],
                [
                    -7.450580596923828e-09,
                    0.9242009520530701,
                    0.38190656900405884,
                    1.5395146608352661
                ],
                [
                    0.0,
                    0.0,
                    0.0,
                    1.0
                ]
            ]
        },
        {
            "file_path": "/data/shapenet_blender/all_50_random/02958343/35a32cbdfd9e7ba460ed0d611ab79ae0/r_23",
            "rotation": 0.12566370614359174,
            "transform_matrix": [
                [
                    -0.4507908821105957,
                    -0.42207449674606323,
                    0.786537230014801,
                    3.1706326007843018
                ],
                [
                    0.8926296234130859,
                    -0.21315373480319977,
                    0.3972126841545105,
                    1.6012153625488281
                ],
                [
                    1.4901161193847656e-08,
                    0.8811461329460144,
                    0.4728439748287201,
                    1.9060947895050049
                ],
                [
                    0.0,
                    0.0,
                    0.0,
                    1.0
                ]
            ]
        },
        {
            "file_path": "/data/shapenet_blender/all_50_random/02958343/35a32cbdfd9e7ba460ed0d611ab79ae0/r_24",
            "rotation": 0.12566370614359174,
            "transform_matrix": [
                [
                    0.12751950323581696,
                    0.7731890082359314,
                    -0.6212226152420044,
                    -2.504228353500366
                ],
                [
                    -0.9918360710144043,
                    0.09940824657678604,
                    -0.0798700600862503,
                    -0.3219664990901947
                ],
                [
                    0.0,
                    0.6263359189033508,
                    0.779553234577179,
                    3.142479658126831
                ],
                [
                    0.0,
                    0.0,
                    0.0,
                    1.0
                ]
            ]
        },
        {
            "file_path": "/data/shapenet_blender/all_50_random/02958343/35a32cbdfd9e7ba460ed0d611ab79ae0/r_25",
            "rotation": 0.12566370614359174,
            "transform_matrix": [
                [
                    -0.7382528185844421,
                    -0.1084655374288559,
                    0.6657462120056152,
                    2.683708906173706
                ],
                [
                    0.6745241284370422,
                    -0.11871330440044403,
                    0.7286455631256104,
                    2.9372642040252686
                ],
                [
                    0.0,
                    0.9869863986968994,
                    0.16080306470394135,
                    0.6482179164886475
                ],
                [
                    0.0,
                    0.0,
                    0.0,
                    1.0
                ]
            ]
        },
        {
            "file_path": "/data/shapenet_blender/all_50_random/02958343/35a32cbdfd9e7ba460ed0d611ab79ae0/r_26",
            "rotation": 0.12566370614359174,
            "transform_matrix": [
                [
                    -0.27451759576797485,
                    -0.08913131058216095,
                    -0.9574422836303711,
                    -3.8595733642578125
                ],
                [
                    -0.9615821242332458,
                    0.025445686653256416,
                    0.2733357548713684,
                    1.1018517017364502
                ],
                [
                    1.862645149230957e-09,
                    0.9956947565078735,
                    -0.09269236773252487,
                    -0.37365487217903137
                ],
                [
                    0.0,
                    0.0,
                    0.0,
                    1.0
                ]
            ]
        },
        {
            "file_path": "/data/shapenet_blender/all_50_random/02958343/35a32cbdfd9e7ba460ed0d611ab79ae0/r_27",
            "rotation": 0.12566370614359174,
            "transform_matrix": [
                [
                    -0.8453340530395508,
                    -0.17913728952407837,
                    0.5033093094825745,
                    2.028904676437378
                ],
                [
                    0.5342382192611694,
                    -0.2834519147872925,
                    0.7963947057723999,
                    3.210369825363159
                ],
                [
                    0.0,
                    0.9421064853668213,
                    0.3353135287761688,
                    1.3516920804977417
                ],
                [
                    0.0,
                    0.0,
                    0.0,
                    1.0
                ]
            ]
        },
        {
            "file_path": "/data/shapenet_blender/all_50_random/02958343/35a32cbdfd9e7ba460ed0d611ab79ae0/r_28",
            "rotation": 0.12566370614359174,
            "transform_matrix": [
                [
                    0.800322949886322,
                    -0.12741197645664215,
                    -0.5858748555183411,
                    -2.361737012863159
                ],
                [
                    -0.5995692014694214,
                    -0.17007334530353546,
                    -0.7820433974266052,
                    -3.152517795562744
                ],
                [
                    0.0,
                    0.9771597385406494,
                    -0.21250592172145844,
                    -0.8566387891769409
                ],
                [
                    0.0,
                    0.0,
                    0.0,
                    1.0
                ]
            ]
        },
        {
            "file_path": "/data/shapenet_blender/all_50_random/02958343/35a32cbdfd9e7ba460ed0d611ab79ae0/r_29",
            "rotation": 0.12566370614359174,
            "transform_matrix": [
                [
                    -0.7576468586921692,
                    -0.34813186526298523,
                    0.5520645976066589,
                    2.2254438400268555
                ],
                [
                    0.6526647210121155,
                    -0.4041294455528259,
                    0.6408650875091553,
                    2.5834100246429443
                ],
                [
                    0.0,
                    0.8458625674247742,
                    0.5334007740020752,
                    2.15020751953125
                ],
                [
                    0.0,
                    0.0,
                    0.0,
                    1.0
                ]
            ]
        },
        {
            "file_path": "/data/shapenet_blender/all_50_random/02958343/35a32cbdfd9e7ba460ed0d611ab79ae0/r_30",
            "rotation": 0.12566370614359174,
            "transform_matrix": [
                [
                    -0.9901270866394043,
                    -0.036456137895584106,
                    0.1353491097688675,
                    0.545609712600708
                ],
                [
                    0.14017286896705627,
                    -0.25751209259033203,
                    0.9560539126396179,
                    3.8539764881134033
                ],
                [
                    0.0,
                    0.9655870795249939,
                    0.26007983088493347,
                    1.0484153032302856
                ],
                [
                    0.0,
                    0.0,
                    0.0,
                    1.0
                ]
            ]
        },
        {
            "file_path": "/data/shapenet_blender/all_50_random/02958343/35a32cbdfd9e7ba460ed0d611ab79ae0/r_31",
            "rotation": 0.12566370614359174,
            "transform_matrix": [
                [
                    -0.2885071635246277,
                    -0.9381632208824158,
                    0.19134621322155,
                    0.7713413238525391
                ],
                [
                    0.9574777483940125,
                    -0.28268730640411377,
                    0.057656437158584595,
                    0.23242054879665375
                ],
                [
                    0.0,
                    0.19984421133995056,
                    0.9798277020454407,
                    3.9498119354248047
                ],
                [
                    0.0,
                    0.0,
                    0.0,
                    1.0
                ]
            ]
        },
        {
            "file_path": "/data/shapenet_blender/all_50_random/02958343/35a32cbdfd9e7ba460ed0d611ab79ae0/r_32",
            "rotation": 0.12566370614359174,
            "transform_matrix": [
                [
                    0.6101140975952148,
                    0.07398916035890579,
                    0.788851261138916,
                    3.1799614429473877
                ],
                [
                    0.7923136353492737,
                    -0.05697470158338547,
                    -0.6074479222297668,
                    -2.4487011432647705
                ],
                [
                    3.725290742551124e-09,
                    0.9956300854682922,
                    -0.09338368475437164,
                    -0.37644171714782715
                ],
                [
                    0.0,
                    0.0,
                    0.0,
                    1.0
                ]
            ]
        },
        {
            "file_path": "/data/shapenet_blender/all_50_random/02958343/35a32cbdfd9e7ba460ed0d611ab79ae0/r_33",
            "rotation": 0.12566370614359174,
            "transform_matrix": [
                [
                    0.567355751991272,
                    0.6000068187713623,
                    -0.5640029311180115,
                    -2.273568630218506
                ],
                [
                    -0.823472797870636,
                    0.4133922755718231,
                    -0.3885863721370697,
                    -1.5664417743682861
                ],
                [
                    -1.4901161193847656e-08,
                    0.6849077939987183,
                    0.7286297082901001,
                    2.9372003078460693
                ],
                [
                    0.0,
                    0.0,
                    0.0,
                    1.0
                ]
            ]
        },
        {
            "file_path": "/data/shapenet_blender/all_50_random/02958343/35a32cbdfd9e7ba460ed0d611ab79ae0/r_34",
            "rotation": 0.12566370614359174,
            "transform_matrix": [
                [
                    0.6837677955627441,
                    -0.1444147378206253,
                    0.7152663469314575,
                    2.883331060409546
                ],
                [
                    0.7296997308731079,
                    0.13532434403896332,
                    -0.6702429056167603,
                    -2.701835870742798
                ],
                [
                    7.450580596923828e-09,
                    0.9802201986312866,
                    0.19790981709957123,
                    0.7978000640869141
                ],
                [
                    0.0,
                    0.0,
                    0.0,
                    1.0
                ]
            ]
        },
        {
            "file_path": "/data/shapenet_blender/all_50_random/02958343/35a32cbdfd9e7ba460ed0d611ab79ae0/r_35",
            "rotation": 0.12566370614359174,
            "transform_matrix": [
                [
                    -0.2990178167819977,
                    0.19446693360805511,
                    -0.9342220425605774,
                    -3.765969753265381
                ],
                [
                    -0.9542475938796997,
                    -0.060937102884054184,
                    0.2927427291870117,
                    1.1800837516784668
                ],
                [
                    0.0,
                    0.9790143370628357,
                    0.20379087328910828,
                    0.8215073347091675
                ],
                [
                    0.0,
                    0.0,
                    0.0,
                    1.0
                ]
            ]
        },
        {
            "file_path": "/data/shapenet_blender/all_50_random/02958343/35a32cbdfd9e7ba460ed0d611ab79ae0/r_36",
            "rotation": 0.12566370614359174,
            "transform_matrix": [
                [
                    0.24699026346206665,
                    -0.06065406650304794,
                    -0.9671179056167603,
                    -3.898576498031616
                ],
                [
                    -0.9690179228782654,
                    -0.015459944494068623,
                    -0.2465059608221054,
                    -0.9936971664428711
                ],
                [
                    -9.313225191043273e-10,
                    0.9980390667915344,
                    -0.06259334087371826,
                    -0.2523218095302582
                ],
                [
                    0.0,
                    0.0,
                    0.0,
                    1.0
                ]
            ]
        },
        {
            "file_path": "/data/shapenet_blender/all_50_random/02958343/35a32cbdfd9e7ba460ed0d611ab79ae0/r_37",
            "rotation": 0.12566370614359174,
            "transform_matrix": [
                [
                    0.7291241884231567,
                    -0.43340128660202026,
                    0.5296614170074463,
                    2.1351335048675537
                ],
                [
                    0.6843814253807068,
                    0.46173572540283203,
                    -0.5642890334129333,
                    -2.27472186088562
                ],
                [
                    0.0,
                    0.7739272117614746,
                    0.6332745552062988,
                    2.55281138420105
                ],
                [
                    0.0,
                    0.0,
                    0.0,
                    1.0
                ]
            ]
        },
        {
            "file_path": "/data/shapenet_blender/all_50_random/02958343/35a32cbdfd9e7ba460ed0d611ab79ae0/r_38",
            "rotation": 0.12566370614359174,
            "transform_matrix": [
                [
                    -0.6630247235298157,
                    -0.5336578488349915,
                    0.524983286857605,
                    2.1162753105163574
                ],
                [
                    0.7485974431037903,
                    -0.4726550579071045,
                    0.46497204899787903,
                    1.8743622303009033
                ],
                [
                    1.4901160305669237e-08,
                    0.7012890577316284,
                    0.7128769159317017,
                    2.8736987113952637
                ],
                [
                    0.0,
                    0.0,
                    0.0,
                    1.0
                ]
            ]
        },
        {
            "file_path": "/data/shapenet_blender/all_50_random/02958343/35a32cbdfd9e7ba460ed0d611ab79ae0/r_39",
            "rotation": 0.12566370614359174,
            "transform_matrix": [
                [
                    -0.3446781635284424,
                    -0.3105044960975647,
                    0.8858802914619446,
                    3.5710976123809814
                ],
                [
                    0.9387209415435791,
                    -0.11401058733463287,
                    0.3252762258052826,
                    1.3112304210662842
                ],
                [
                    7.450580596923828e-09,
                    0.9437099695205688,
                    0.3307740390300751,
                    1.333392858505249
                ],
                [
                    0.0,
                    0.0,
                    0.0,
                    1.0
                ]
            ]
        },
        {
            "file_path": "/data/shapenet_blender/all_50_random/02958343/35a32cbdfd9e7ba460ed0d611ab79ae0/r_40",
            "rotation": 0.12566370614359174,
            "transform_matrix": [
                [
                    0.8540439605712891,
                    0.03545675054192543,
                    0.5189911723136902,
                    2.092120409011841
                ],
                [
                    0.5202010273933411,
                    -0.05821138992905617,
                    -0.8520577549934387,
                    -3.4347546100616455
                ],
                [
                    -1.862645371275562e-09,
                    0.9976744055747986,
                    -0.06815971434116364,
                    -0.2747606039047241
                ],
                [
                    0.0,
                    0.0,
                    0.0,
                    1.0
                ]
            ]
        },
        {
            "file_path": "/data/shapenet_blender/all_50_random/02958343/35a32cbdfd9e7ba460ed0d611ab79ae0/r_41",
            "rotation": 0.12566370614359174,
            "transform_matrix": [
                [
                    -0.8154330849647522,
                    0.35213103890419006,
                    0.4594263732433319,
                    1.8520070314407349
                ],
                [
                    0.5788513422012329,
                    0.4960501194000244,
                    0.6471980214118958,
                    2.6089389324188232
                ],
                [
                    1.4901161193847656e-08,
