{
    "class": "02958343",
    "model": "6ee9f222a540a905e4b68d3b17c43658",
    "remove_doubles": true,
    "edge_split": true,
    "denoise": true,
    "camera_angle_x": 0.6911112070083618,
    "scale_factor": 2.2554295908229918,
    "hdri_file": "/data/IndoorHDRDataset2018/AG8A7799-3b71c0a782.exr",
    "center_offset": [
        0.0,
        0.0,
        -2.7939677238464355e-09
    ],
    "lights": [],
    "frames": [
        {
            "file_path": "/data/shapenet_blender/all_50_random/02958343/6ee9f222a540a905e4b68d3b17c43658/r_0",
            "rotation": 0.12566370614359174,
            "transform_matrix": [
                [
                    -0.7245559692382812,
                    -0.4890575706958771,
                    0.4856349229812622,
                    1.957656979560852
                ],
                [
                    0.689215898513794,
                    -0.5141343474388123,
                    0.5105361938476562,
                    2.058037281036377
                ],
                [
                    0.0,
                    0.7046194076538086,
                    0.709585428237915,
                    2.8604302406311035
                ],
                [
                    0.0,
                    0.0,
                    0.0,
                    1.0
                ]
            ]
        },
        {
            "file_path": "/data/shapenet_blender/all_50_random/02958343/6ee9f222a540a905e4b68d3b17c43658/r_1",
            "rotation": 0.12566370614359174,
            "transform_matrix": [
                [
                    0.7995874285697937,
                    0.01659543067216873,
                    0.6003203988075256,
                    2.419968843460083
                ],
                [
                    0.6005497574806213,
                    -0.022095581516623497,
                    -0.7992820143699646,
                    -3.2220089435577393
                ],
                [
                    -9.31322685637781e-10,
                    0.9996179938316345,
                    -0.027633734047412872,
                    -0.11139514297246933
                ],
                [
                    0.0,
                    0.0,
                    0.0,
                    1.0
                ]
            ]
        },
        {
            "file_path": "/data/shapenet_blender/all_50_random/02958343/6ee9f222a540a905e4b68d3b17c43658/r_2",
            "rotation": 0.12566370614359174,
            "transform_matrix": [
                [
                    -0.4260922968387604,
                    0.04896156117320061,
                    0.9033538103103638,
                    3.641535758972168
                ],
                [
                    0.9046797752380371,
                    0.023060254752635956,
                    0.4254677891731262,
                    1.7151155471801758
                ],
                [
                    -1.862645149230957e-09,
                    0.9985345005989075,
                    -0.054120320826768875,
                    -0.21816599369049072
                ],
                [
                    0.0,
                    0.0,
                    0.0,
                    1.0
                ]
            ]
        },
        {
            "file_path": "/data/shapenet_blender/all_50_random/02958343/6ee9f222a540a905e4b68d3b17c43658/r_3",
            "rotation": 0.12566370614359174,
            "transform_matrix": [
                [
                    -0.29680335521698,
                    -0.2331356704235077,
                    0.9260428547859192,
                    3.7329983711242676
                ],
                [
                    0.9549386501312256,
                    -0.07246062904596329,
                    0.28782230615615845,
                    1.1602489948272705
                ],
                [
                    0.0,
                    0.9697407484054565,
                    0.24413682520389557,
                    0.9841470718383789
                ],
                [
                    0.0,
                    0.0,
                    0.0,
                    1.0
                ]
            ]
        },
        {
            "file_path": "/data/shapenet_blender/all_50_random/02958343/6ee9f222a540a905e4b68d3b17c43658/r_4",
            "rotation": 0.12566370614359174,
            "transform_matrix": [
                [
                    0.04379266873002052,
                    0.20558102428913116,
                    0.9776598215103149,
                    3.941072702407837
                ],
                [
                    0.9990406036376953,
                    -0.009011587128043175,
                    -0.04285544902086258,
                    -0.17275583744049072
                ],
                [
                    0.0,
                    0.9785985946655273,
                    -0.20577846467494965,
                    -0.829519510269165
                ],
                [
                    0.0,
                    0.0,
                    0.0,
                    1.0
                ]
            ]
        },
        {
            "file_path": "/data/shapenet_blender/all_50_random/02958343/6ee9f222a540a905e4b68d3b17c43658/r_5",
            "rotation": 0.12566370614359174,
            "transform_matrix": [
                [
                    0.9368278980255127,
                    -0.34936556220054626,
                    0.017244625836610794,
                    0.06951531767845154
                ],
                [
                    0.34979093074798584,
                    0.9356886148452759,
                    -0.046185433864593506,
                    -0.18617945909500122
                ],
                [
                    0.0,
                    0.049300361424684525,
                    0.9987839460372925,
                    4.026226997375488
                ],
                [
                    0.0,
                    0.0,
                    0.0,
                    1.0
                ]
            ]
        },
        {
            "file_path": "/data/shapenet_blender/all_50_random/02958343/6ee9f222a540a905e4b68d3b17c43658/r_6",
            "rotation": 0.12566370614359174,
            "transform_matrix": [
                [
                    -0.9674097299575806,
                    -0.127217099070549,
                    0.2189389318227768,
                    0.8825710415840149
                ],
                [
                    0.2532162070274353,
                    -0.48603153228759766,
                    0.8364537358283997,
                    3.3718528747558594
                ],
                [
                    0.0,
                    0.864632248878479,
                    0.5024051070213318,
                    2.0252597332000732
                ],
                [
                    0.0,
                    0.0,
                    0.0,
                    1.0
                ]
            ]
        },
        {
            "file_path": "/data/shapenet_blender/all_50_random/02958343/6ee9f222a540a905e4b68d3b17c43658/r_7",
            "rotation": 0.12566370614359174,
            "transform_matrix": [
                [
                    -0.49689310789108276,
                    0.5313215851783752,
                    -0.6861447095870972,
                    -2.7659378051757812
                ],
                [
                    -0.8678117990493774,
                    -0.30422499775886536,
                    0.3928738832473755,
                    1.5837253332138062
                ],
                [
                    0.0,
                    0.7906607985496521,
                    0.6122544407844543,
                    2.468076705932617
                ],
                [
                    0.0,
                    0.0,
                    0.0,
                    1.0
                ]
            ]
        },
        {
            "file_path": "/data/shapenet_blender/all_50_random/02958343/6ee9f222a540a905e4b68d3b17c43658/r_8",
            "rotation": 0.12566370614359174,
            "transform_matrix": [
                [
                    0.7523102760314941,
                    0.16131775081157684,
                    0.6387532353401184,
                    2.5748965740203857
                ],
                [
                    0.6588088274002075,
                    -0.18421277403831482,
                    -0.729408323764801,
                    -2.9403390884399414
                ],
                [
                    -7.450580152834618e-09,
                    0.9695577621459961,
                    -0.24486272037029266,
                    -0.9870731830596924
                ],
                [
                    0.0,
                    0.0,
                    0.0,
                    1.0
                ]
            ]
        },
        {
            "file_path": "/data/shapenet_blender/all_50_random/02958343/6ee9f222a540a905e4b68d3b17c43658/r_9",
            "rotation": 0.12566370614359174,
            "transform_matrix": [
                [
                    -0.9160906076431274,
                    -0.019236911088228226,
                    -0.4005097448825836,
                    -1.614506483078003
                ],
                [
                    -0.40097153186798096,
                    0.043950144201517105,
                    0.9150356650352478,
                    3.688626766204834
                ],
                [
                    0.0,
                    0.9988484978675842,
                    -0.04797575995326042,
                    -0.19339647889137268
                ],
                [
                    0.0,
                    0.0,
                    0.0,
                    1.0
                ]
            ]
        },
        {
            "file_path": "/data/shapenet_blender/all_50_random/02958343/6ee9f222a540a905e4b68d3b17c43658/r_10",
            "rotation": 0.12566370614359174,
            "transform_matrix": [
                [
                    -0.13199415802955627,
                    -0.7307674288749695,
                    0.669743537902832,
                    2.6998226642608643
                ],
                [
                    0.9912505149841309,
                    -0.0973084345459938,
                    0.0891825407743454,
                    0.3595063090324402
                ],
                [
                    0.0,
                    0.6756551265716553,
                    0.7372177839279175,
                    2.9718198776245117
                ],
                [
                    0.0,
                    0.0,
                    0.0,
                    1.0
                ]
            ]
        },
        {
            "file_path": "/data/shapenet_blender/all_50_random/02958343/6ee9f222a540a905e4b68d3b17c43658/r_11",
            "rotation": 0.12566370614359174,
            "transform_matrix": [
                [
                    -0.13569630682468414,
                    -0.5124650597572327,
                    0.8479185700416565,
                    3.418069362640381
                ],
                [
                    0.9907504916191101,
                    -0.07018882781267166,
                    0.11613360047340393,
                    0.4681495428085327
                ],
                [
                    0.0,
                    0.8558347225189209,
                    0.517249345779419,
                    2.0850989818573
                ],
                [
                    0.0,
                    0.0,
                    0.0,
                    1.0
                ]
            ]
        },
        {
            "file_path": "/data/shapenet_blender/all_50_random/02958343/6ee9f222a540a905e4b68d3b17c43658/r_12",
            "rotation": 0.12566370614359174,
            "transform_matrix": [
                [
                    0.4244737923145294,
                    0.4393054246902466,
                    -0.7917276620864868,
                    -3.191556215286255
                ],
                [
                    -0.9054401516914368,
                    0.20594805479049683,
                    -0.3711649477481842,
                    -1.4962137937545776
                ],
                [
                    0.0,
                    0.8744118213653564,
                    0.4851844012737274,
                    1.955840826034546
                ],
                [
                    0.0,
                    0.0,
                    0.0,
                    1.0
                ]
            ]
        },
        {
            "file_path": "/data/shapenet_blender/all_50_random/02958343/6ee9f222a540a905e4b68d3b17c43658/r_13",
            "rotation": 0.12566370614359174,
            "transform_matrix": [
                [
                    0.7048299908638,
                    0.5991550087928772,
                    0.3797735869884491,
                    1.5309163331985474
                ],
                [
                    0.7093762755393982,
                    -0.5953150987625122,
                    -0.3773396909236908,
                    -1.5211049318313599
                ],
                [
                    -1.4901161193847656e-08,
                    0.5353626012802124,
                    -0.8446223139762878,
                    -3.4047813415527344
                ],
                [
                    0.0,
                    0.0,
                    0.0,
                    1.0
                ]
            ]
        },
        {
            "file_path": "/data/shapenet_blender/all_50_random/02958343/6ee9f222a540a905e4b68d3b17c43658/r_14",
            "rotation": 0.12566370614359174,
            "transform_matrix": [
                [
                    -0.8303529024124146,
                    -0.24154455959796906,
                    0.5021654963493347,
                    2.024293899536133
                ],
                [
                    0.5572378039360046,
                    -0.3599311113357544,
                    0.7482883930206299,
                    3.016446828842163
                ],
                [
                    0.0,
                    0.9011690020561218,
                    0.43346771597862244,
                    1.7473641633987427
                ],
                [
                    0.0,
                    0.0,
                    0.0,
                    1.0
                ]
            ]
        },
        {
            "file_path": "/data/shapenet_blender/all_50_random/02958343/6ee9f222a540a905e4b68d3b17c43658/r_15",
            "rotation": 0.12566370614359174,
            "transform_matrix": [
                [
                    -0.8904635310173035,
                    -0.023829808458685875,
                    -0.4544302523136139,
                    -1.831866979598999
                ],
                [
                    -0.4550545811653137,
                    0.04663082957267761,
                    0.8892417550086975,
                    3.5846481323242188
                ],
                [
                    -1.8626449271863521e-09,
                    0.9986279010772705,
                    -0.05236692726612091,
                    -0.2110978364944458
                ],
                [
                    0.0,
                    0.0,
                    0.0,
                    1.0
                ]
            ]
        },
        {
            "file_path": "/data/shapenet_blender/all_50_random/02958343/6ee9f222a540a905e4b68d3b17c43658/r_16",
            "rotation": 0.12566370614359174,
            "transform_matrix": [
                [
                    0.4692816138267517,
                    0.7580615282058716,
                    0.45289894938468933,
                    1.8256940841674805
                ],
                [
                    0.8830485343933105,
                    -0.40285933017730713,
                    -0.24068568646907806,
                    -0.9702350497245789
                ],
                [
                    1.4901161193847656e-08,
                    0.5128810405731201,
                    -0.8584595918655396,
                    -3.4605612754821777
                ],
                [
                    0.0,
                    0.0,
                    0.0,
                    1.0
                ]
            ]
        },
        {
            "file_path": "/data/shapenet_blender/all_50_random/02958343/6ee9f222a540a905e4b68d3b17c43658/r_17",
            "rotation": 0.12566370614359174,
            "transform_matrix": [
                [
                    -0.9419026970863342,
                    -0.04173460602760315,
                    0.3332829177379608,
                    1.3435065746307373
                ],
                [
                    0.3358858823776245,
                    -0.11703362315893173,
                    0.9346034526824951,
                    3.767507314682007
                ],
                [
                    0.0,
                    0.9922506213188171,
                    0.1242523342370987,
                    0.5008772015571594
                ],
                [
                    0.0,
                    0.0,
                    0.0,
                    1.0
                ]
            ]
        },
        {
            "file_path": "/data/shapenet_blender/all_50_random/02958343/6ee9f222a540a905e4b68d3b17c43658/r_18",
            "rotation": 0.12566370614359174,
            "transform_matrix": [
                [
                    0.1410917192697525,
                    -0.8173117637634277,
                    -0.5586541891098022,
                    -2.252007007598877
                ],
                [
                    -0.9899965524673462,
                    -0.11648114025592804,
                    -0.079617939889431,
                    -0.3209501802921295
                ],
                [
                    7.450580596923828e-09,
                    0.5642990469932556,
                    -0.8255704045295715,
                    -3.3279807567596436
                ],
                [
                    0.0,
                    0.0,
                    0.0,
                    1.0
                ]
            ]
        },
        {
            "file_path": "/data/shapenet_blender/all_50_random/02958343/6ee9f222a540a905e4b68d3b17c43658/r_19",
            "rotation": 0.12566370614359174,
            "transform_matrix": [
                [
                    0.9032087326049805,
                    -0.2868313193321228,
                    0.3192828595638275,
                    1.2870705127716064
                ],
                [
                    0.42920127511024475,
                    0.6036061644554138,
                    -0.6718970537185669,
                    -2.7085039615631104
                ],
                [
                    1.4901159417490817e-08,
                    0.7439001798629761,
                    0.6682907342910767,
                    2.6939663887023926
                ],
                [
                    0.0,
                    0.0,
                    0.0,
                    1.0
                ]
            ]
        },
        {
            "file_path": "/data/shapenet_blender/all_50_random/02958343/6ee9f222a540a905e4b68d3b17c43658/r_20",
            "rotation": 0.12566370614359174,
            "transform_matrix": [
                [
                    0.96977299451828,
                    -0.13954013586044312,
                    0.20017167925834656,
                    0.8069179058074951
                ],
                [
                    0.24400849640369415,
                    0.5545800924301147,
                    -0.795550525188446,
                    -3.2069668769836426
                ],
                [
                    0.0,
                    0.8203471302986145,
                    0.5718657970428467,
                    2.305264949798584
                ],
                [
                    0.0,
                    0.0,
                    0.0,
                    1.0
                ]
            ]
        },
        {
            "file_path": "/data/shapenet_blender/all_50_random/02958343/6ee9f222a540a905e4b68d3b17c43658/r_21",
            "rotation": 0.12566370614359174,
            "transform_matrix": [
                [
                    -0.958949863910675,
                    -0.18125870823860168,
                    0.21808360517024994,
                    0.8791231513023376
                ],
                [
                    0.2835756838321686,
                    -0.6129510402679443,
                    0.7374793887138367,
                    2.972874402999878
                ],
                [
                    1.4901160305669237e-08,
                    0.7690488696098328,
                    0.6391899585723877,
                    2.5766570568084717
                ],
                [
                    0.0,
                    0.0,
                    0.0,
                    1.0
                ]
            ]
        },
        {
            "file_path": "/data/shapenet_blender/all_50_random/02958343/6ee9f222a540a905e4b68d3b17c43658/r_22",
            "rotation": 0.12566370614359174,
            "transform_matrix": [
                [
                    -0.8355055451393127,
                    0.41021859645843506,
                    0.36558327078819275,
                    1.4737132787704468
                ],
                [
                    0.5494819283485413,
                    0.6237510442733765,
                    0.5558815002441406,
                    2.2408299446105957
                ],
                [
                    -1.4901160305669237e-08,
                    0.6653234362602234,
                    -0.7465552091598511,
                    -3.009460210800171
                ],
                [
                    0.0,
                    0.0,
                    0.0,
                    1.0
                ]
            ]
        },
        {
            "file_path": "/data/shapenet_blender/all_50_random/02958343/6ee9f222a540a905e4b68d3b17c43658/r_23",
            "rotation": 0.12566370614359174,
            "transform_matrix": [
                [
                    0.924819827079773,
                    -0.36176633834838867,
                    -0.11761534214019775,
                    -0.4741226136684418
                ],
                [
                    -0.38040533661842346,
                    -0.8795057535171509,
                    -0.2859397232532501,
                    -1.1526598930358887
                ],
                [
                    0.0,
                    0.3091842234134674,
                    -0.9510021209716797,
                    -3.8336122035980225
                ],
                [
                    0.0,
                    0.0,
                    0.0,
                    1.0
                ]
            ]
        },
        {
            "file_path": "/data/shapenet_blender/all_50_random/02958343/6ee9f222a540a905e4b68d3b17c43658/r_24",
            "rotation": 0.12566370614359174,
            "transform_matrix": [
                [
                    0.9993047118186951,
                    -0.0036638486199080944,
                    -0.03710395470261574,
                    -0.14957082271575928
                ],
                [
                    -0.03728441148996353,
                    -0.09819924831390381,
                    -0.994468092918396,
                    -4.008829116821289
                ],
                [
                    0.0,
                    0.9951600432395935,
                    -0.0982675701379776,
                    -0.3961292505264282
                ],
                [
                    0.0,
                    0.0,
                    0.0,
                    1.0
                ]
            ]
        },
        {
            "file_path": "/data/shapenet_blender/all_50_random/02958343/6ee9f222a540a905e4b68d3b17c43658/r_25",
            "rotation": 0.12566370614359174,
            "transform_matrix": [
                [
                    -0.06112530454993248,
                    0.8481370806694031,
                    0.526238739490509,
                    2.1213364601135254
                ],
                [
                    0.9981301426887512,
                    0.05193975940346718,
                    0.03222676366567612,
                    0.12991026043891907
                ],
                [
                    0.0,
                    0.5272244811058044,
                    -0.8497258424758911,
                    -3.4253547191619873
                ],
                [
                    0.0,
                    0.0,
                    0.0,
                    1.0
                ]
            ]
        },
        {
            "file_path": "/data/shapenet_blender/all_50_random/02958343/6ee9f222a540a905e4b68d3b17c43658/r_26",
            "rotation": 0.12566370614359174,
            "transform_matrix": [
                [
                    0.668769121170044,
                    -0.13355541229248047,
                    0.7313759326934814,
                    2.948270559310913
                ],
                [
                    0.7434700727462769,
                    0.12013629823923111,
                    -0.6578901410102844,
                    -2.6520400047302246
                ],
                [
                    0.0,
                    0.9837327599525452,
                    0.17963793873786926,
                    0.7241436839103699
                ],
                [
                    0.0,
                    0.0,
                    0.0,
                    1.0
                ]
            ]
        },
        {
            "file_path": "/data/shapenet_blender/all_50_random/02958343/6ee9f222a540a905e4b68d3b17c43658/r_27",
            "rotation": 0.12566370614359174,
            "transform_matrix": [
                [
                    -0.2581522762775421,
                    0.09691963344812393,
                    -0.9612303972244263,
                    -3.8748438358306885
                ],
                [
                    -0.9661042094230652,
                    -0.025897853076457977,
                    0.2568499445915222,
                    1.0353953838348389
                ],
                [
                    0.0,
                    0.99495530128479,
                    0.10032004117965698,
                    0.40440306067466736
                ],
                [
                    0.0,
                    0.0,
                    0.0,
                    1.0
                ]
            ]
        },
        {
            "file_path": "/data/shapenet_blender/all_50_random/02958343/6ee9f222a540a905e4b68d3b17c43658/r_28",
            "rotation": 0.12566370614359174,
            "transform_matrix": [
                [
                    -0.016773264855146408,
                    0.049531351774930954,
                    0.9986317157745361,
                    4.025613307952881
                ],
                [
                    0.9998593330383301,
                    0.0008309194236062467,
                    0.01675267145037651,
                    0.06753218173980713
                ],
                [
                    -5.820766091346741e-11,
                    0.998772144317627,
                    -0.049538325518369675,
                    -0.1996953785419464
                ],
                [
                    0.0,
                    0.0,
                    0.0,
                    1.0
                ]
            ]
        },
        {
            "file_path": "/data/shapenet_blender/all_50_random/02958343/6ee9f222a540a905e4b68d3b17c43658/r_29",
            "rotation": 0.12566370614359174,
            "transform_matrix": [
                [
                    -0.5448960065841675,
                    0.15246443450450897,
                    -0.8245258927345276,
                    -3.32377028465271
                ],
                [
                    -0.8385036587715149,
                    -0.0990779846906662,
                    0.5358126163482666,
                    2.1599297523498535
                ],
                [
                    7.450580596923828e-09,
                    0.9833301901817322,
                    0.18182916939258575,
                    0.7329768538475037
                ],
                [
                    0.0,
                    0.0,
                    0.0,
                    1.0
                ]
            ]
        },
        {
            "file_path": "/data/shapenet_blender/all_50_random/02958343/6ee9f222a540a905e4b68d3b17c43658/r_30",
            "rotation": 0.12566370614359174,
            "transform_matrix": [
                [
                    -0.6677385568618774,
                    -0.14959506690502167,
                    0.7292094826698303,
                    2.939537763595581
                ],
                [
                    0.744395911693573,
                    -0.13418985903263092,
                    0.6541159749031067,
                    2.6368260383605957
                ],
                [
                    -7.450581485102248e-09,
                    0.9795990586280823,
                    0.20096167922019958,
                    0.8101025223731995
                ],
                [
                    0.0,
                    0.0,
                    0.0,
                    1.0
                ]
            ]
        },
        {
            "file_path": "/data/shapenet_blender/all_50_random/02958343/6ee9f222a540a905e4b68d3b17c43658/r_31",
            "rotation": 0.12566370614359174,
            "transform_matrix": [
                [
                    -0.2582368850708008,
                    -0.07763569802045822,
                    0.9629570841789246,
                    3.8818042278289795
                ],
                [
                    0.9660817384719849,
                    -0.020752284675836563,
                    0.2574016749858856,
                    1.0376193523406982
                ],
                [
                    1.862645371275562e-09,
                    0.9967657923698425,
                    0.08036141842603683,
                    0.3239472508430481
                ],
                [
                    0.0,
                    0.0,
                    0.0,
                    1.0
                ]
            ]
        },
        {
            "file_path": "/data/shapenet_blender/all_50_random/02958343/6ee9f222a540a905e4b68d3b17c43658/r_32",
            "rotation": 0.12566370614359174,
            "transform_matrix": [
                [
                    -0.48763564229011536,
                    -0.44345971941947937,
                    0.7520338892936707,
                    3.031545639038086
                ],
                [
                    0.8730471730232239,
                    -0.24769195914268494,
                    0.42004433274269104,
                    1.6932529211044312
                ],
                [
                    0.0,
                    0.861389696598053,
                    0.5079447031021118,
                    2.047590494155884
                ],
                [
                    0.0,
                    0.0,
                    0.0,
                    1.0
                ]
            ]
        },
        {
            "file_path": "/data/shapenet_blender/all_50_random/02958343/6ee9f222a540a905e4b68d3b17c43658/r_33",
            "rotation": 0.12566370614359174,
            "transform_matrix": [
                [
                    0.9859370589256287,
                    -0.06441286951303482,
                    0.15420445799827576,
                    0.6216180324554443
                ],
                [
                    0.16711680591106415,
                    0.3800158202648163,
                    -0.9097581505775452,
                    -3.6673524379730225
                ],
                [
                    0.0,
                    0.9227344393730164,
                    0.38543620705604553,
                    1.5537430047988892
                ],
                [
                    0.0,
                    0.0,
                    0.0,
                    1.0
                ]
            ]
        },
        {
            "file_path": "/data/shapenet_blender/all_50_random/02958343/6ee9f222a540a905e4b68d3b17c43658/r_34",
            "rotation": 0.12566370614359174,
            "transform_matrix": [
                [
                    -0.9821490049362183,
                    -0.06282971054315567,
                    0.17730148136615753,
                    0.714725136756897
                ],
                [
                    0.1881047487258911,
                    -0.32805201411247253,
                    0.9257420897483826,
                    3.731785774230957
                ],
                [
                    0.0,
                    0.9425678849220276,
                    0.33401450514793396,
                    1.3464555740356445
                ],
                [
                    0.0,
                    0.0,
                    0.0,
                    1.0
                ]
            ]
        },
        {
            "file_path": "/data/shapenet_blender/all_50_random/02958343/6ee9f222a540a905e4b68d3b17c43658/r_35",
            "rotation": 0.12566370614359174,
            "transform_matrix": [
                [
                    -0.9864068031311035,
                    0.02114211395382881,
                    0.1629558801651001,
                    0.6568962335586548
                ],
                [
                    0.1643216609954834,
                    0.12691402435302734,
                    0.9782081246376038,
                    3.9432833194732666
                ],
                [
                    0.0,
                    0.9916883111000061,
                    -0.12866295874118805,
                    -0.5186570286750793
                ],
                [
                    0.0,
                    0.0,
                    0.0,
                    1.0
                ]
            ]
        },
        {
            "file_path": "/data/shapenet_blender/all_50_random/02958343/6ee9f222a540a905e4b68d3b17c43658/r_36",
            "rotation": 0.12566370614359174,
            "transform_matrix": [
                [
                    -0.5883966684341431,
                    -0.6787209510803223,
                    -0.4394623637199402,
                    -1.7715294361114502
                ],
                [
                    -0.8085722923278809,
                    0.4939040541648865,
                    0.31979599595069885,
                    1.289138913154602
                ],
                [
                    -1.4901158529312397e-08,
                    0.543503999710083,
                    -0.8394066095352173,
                    -3.383756160736084
                ],
                [
                    0.0,
                    0.0,
                    0.0,
                    1.0
                ]
            ]
        },
        {
            "file_path": "/data/shapenet_blender/all_50_random/02958343/6ee9f222a540a905e4b68d3b17c43658/r_37",
            "rotation": 0.12566370614359174,
            "transform_matrix": [
                [
                    -0.9995125532150269,
                    0.03068857640028,
                    0.0057465629652142525,
                    0.023165136575698853
                ],
                [
                    0.03122197650372982,
                    0.9824367165565491,
                    0.18396535515785217,
                    0.7415880560874939
                ],
                [
                    4.656613428188905e-10,
                    0.18405522406101227,
                    -0.9829158782958984,
                    -3.9622607231140137
                ],
                [
                    0.0,
                    0.0,
                    0.0,
                    1.0
                ]
            ]
        },
        {
            "file_path": "/data/shapenet_blender/all_50_random/02958343/6ee9f222a540a905e4b68d3b17c43658/r_38",
            "rotation": 0.12566370614359174,
            "transform_matrix": [
                [
                    -0.35628053545951843,
                    -0.11679892987012863,
                    0.9270502328872681,
                    3.7370591163635254
                ],
                [
                    0.9343790411949158,
                    -0.04453565180301666,
                    0.353486031293869,
                    1.424947738647461
                ],
                [
                    -3.725290298461914e-09,
                    0.9921565055847168,
                    0.12500165402889252,
                    0.5038977861404419
                ],
                [
                    0.0,
                    0.0,
                    0.0,
                    1.0
                ]
            ]
        },
        {
            "file_path": "/data/shapenet_blender/all_50_random/02958343/6ee9f222a540a905e4b68d3b17c43658/r_39",
            "rotation": 0.12566370614359174,
            "transform_matrix": [
                [
                    -0.7834970355033875,
                    -0.012002590112388134,
                    0.6212795376777649,
                    2.50445818901062
                ],
                [
                    0.6213955283164978,
                    -0.01513366773724556,
                    0.7833507061004639,
                    3.1577882766723633
                ],
                [
                    0.0,
                    0.9998133778572083,
                    0.019315538927912712,
                    0.0778634324669838
                ],
                [
                    0.0,
                    0.0,
                    0.0,
                    1.0
                ]
            ]
        },
        {
            "file_path": "/data/shapenet_blender/all_50_random/02958343/6ee9f222a540a905e4b68d3b17c43658/r_40",
            "rotation": 0.12566370614359174,
            "transform_matrix": [
                [
                    -0.8253655433654785,
                    -0.1195206567645073,
                    -0.5518030524253845,
                    -2.2243893146514893
                ],
                [
                    -0.564598798751831,
                    0.17472268640995026,
                    0.8066598773002625,
                    3.2517499923706055
                ],
                [
                    -7.450580596923828e-09,
                    0.9773365259170532,
                    -0.21169130504131317,
                    -0.8533549308776855
                ],
                [
                    0.0,
                    0.0,
                    0.0,
                    1.0
                ]
            ]
        },
        {
            "file_path": "/data/shapenet_blender/all_50_random/02958343/6ee9f222a540a905e4b68d3b17c43658/r_41",
            "rotation": 0.12566370614359174,
            "transform_matrix": [
                [
                    -0.9993618130683899,
                    -0.023923320695757866,
                    0.026528874412178993,
                    0.10694131255149841
                ],
                [
                    0.03572263568639755,
                    -0.6692689657211304,
                    0.7421609163284302,
                    2.991746425628662
                ],
                [
                    -1.862645371275562e-09,
