{
    "class": "02958343",
    "model": "e1c3687f400be151cd21a68c6dc7b5e3",
    "remove_doubles": true,
    "edge_split": true,
    "denoise": true,
    "camera_angle_x": 0.6911112070083618,
    "scale_factor": 2.285904880767145,
    "hdri_file": "/data/IndoorHDRDataset2018/AG8A0529-8f77a41bc1.exr",
    "center_offset": [
        0.0,
        0.0,
        0.0
    ],
    "lights": [],
    "frames": [
        {
            "file_path": "/data/shapenet_blender/all_50_random/02958343/e1c3687f400be151cd21a68c6dc7b5e3/r_0",
            "rotation": 0.12566370614359174,
            "transform_matrix": [
                [
                    -0.7857441306114197,
                    -0.43161025643348694,
                    -0.44307881593704224,
                    -1.7861077785491943
                ],
                [
                    -0.6185517907142639,
                    0.548272967338562,
                    0.5628414154052734,
                    2.2688863277435303
                ],
                [
                    0.0,
                    0.7163164615631104,
                    -0.6977754831314087,
                    -2.8128230571746826
                ],
                [
                    0.0,
                    0.0,
                    0.0,
                    1.0
                ]
            ]
        },
        {
            "file_path": "/data/shapenet_blender/all_50_random/02958343/e1c3687f400be151cd21a68c6dc7b5e3/r_1",
            "rotation": 0.12566370614359174,
            "transform_matrix": [
                [
                    -0.36826789379119873,
                    -0.13087914884090424,
                    -0.9204615354537964,
                    -3.7104990482330322
                ],
                [
                    -0.9297198057174683,
                    0.05184205621480942,
                    0.36460065841674805,
                    1.469752311706543
                ],
                [
                    -7.450581485102248e-09,
                    0.9900419116020203,
                    -0.14077270030975342,
                    -0.5674729347229004
                ],
                [
                    0.0,
                    0.0,
                    0.0,
                    1.0
                ]
            ]
        },
        {
            "file_path": "/data/shapenet_blender/all_50_random/02958343/e1c3687f400be151cd21a68c6dc7b5e3/r_2",
            "rotation": 0.12566370614359174,
            "transform_matrix": [
                [
                    0.8403525352478027,
                    -0.148448646068573,
                    -0.5213162302970886,
                    -2.1014928817749023
                ],
                [
                    -0.542040228843689,
                    -0.23014749586582184,
                    -0.8082230687141418,
                    -3.2580513954162598
                ],
                [
                    -7.450580596923828e-09,
                    0.9617666602134705,
                    -0.27387019991874695,
                    -1.104006052017212
                ],
                [
                    0.0,
                    0.0,
                    0.0,
                    1.0
                ]
            ]
        },
        {
            "file_path": "/data/shapenet_blender/all_50_random/02958343/e1c3687f400be151cd21a68c6dc7b5e3/r_3",
            "rotation": 0.12566370614359174,
            "transform_matrix": [
                [
                    -0.9998873472213745,
                    -0.01090700738132,
                    0.01031587179750204,
                    0.04158461093902588
                ],
                [
                    0.015012661926448345,
                    -0.7264387011528015,
                    0.6870673298835754,
                    2.7696568965911865
                ],
                [
                    0.0,
                    0.6871447563171387,
                    0.7265205383300781,
                    2.9286980628967285
                ],
                [
                    0.0,
                    0.0,
                    0.0,
                    1.0
                ]
            ]
        },
        {
            "file_path": "/data/shapenet_blender/all_50_random/02958343/e1c3687f400be151cd21a68c6dc7b5e3/r_4",
            "rotation": 0.12566370614359174,
            "transform_matrix": [
                [
                    0.5901976823806763,
                    -0.314292311668396,
                    -0.7435637712478638,
                    -2.997401237487793
                ],
                [
                    -0.8072587251663208,
                    -0.2297833263874054,
                    -0.5436294078826904,
                    -2.1914401054382324
                ],
                [
                    -1.4901159417490817e-08,
                    0.9210970997810364,
                    -0.3893328309059143,
                    -1.5694507360458374
                ],
                [
                    0.0,
                    0.0,
                    0.0,
                    1.0
                ]
            ]
        },
        {
            "file_path": "/data/shapenet_blender/all_50_random/02958343/e1c3687f400be151cd21a68c6dc7b5e3/r_5",
            "rotation": 0.12566370614359174,
            "transform_matrix": [
                [
                    0.5109042525291443,
                    0.09525196999311447,
                    0.8543440699577332,
                    3.4439713954925537
                ],
                [
                    0.8596375584602356,
                    -0.05661064386367798,
                    -0.5077581405639648,
                    -2.0468387603759766
                ],
                [
                    3.7252898543727042e-09,
                    0.9938421845436096,
                    -0.11080479621887207,
                    -0.44666844606399536
                ],
                [
                    0.0,
                    0.0,
                    0.0,
                    1.0
                ]
            ]
        },
        {
            "file_path": "/data/shapenet_blender/all_50_random/02958343/e1c3687f400be151cd21a68c6dc7b5e3/r_6",
            "rotation": 0.12566370614359174,
            "transform_matrix": [
                [
                    -0.0710621327161789,
                    -0.653731644153595,
                    -0.7533823847770691,
                    -3.0369815826416016
                ],
                [
                    -0.9974718689918518,
                    0.04657331109046936,
                    0.053672656416893005,
                    0.216361403465271
                ],
                [
                    -3.725290298461914e-09,
                    0.7552917003631592,
                    -0.655388593673706,
                    -2.641955852508545
                ],
                [
                    0.0,
                    0.0,
                    0.0,
                    1.0
                ]
            ]
        },
        {
            "file_path": "/data/shapenet_blender/all_50_random/02958343/e1c3687f400be151cd21a68c6dc7b5e3/r_7",
            "rotation": 0.12566370614359174,
            "transform_matrix": [
                [
                    0.7644723653793335,
                    -0.22425773739814758,
                    0.6043926477432251,
                    2.436384677886963
                ],
                [
                    0.6446565389633179,
                    0.26593828201293945,
                    -0.7167250514030457,
                    -2.8892111778259277
                ],
                [
                    0.0,
                    0.9375421404838562,
                    0.34787169098854065,
                    1.402315616607666
                ],
                [
                    0.0,
                    0.0,
                    0.0,
                    1.0
                ]
            ]
        },
        {
            "file_path": "/data/shapenet_blender/all_50_random/02958343/e1c3687f400be151cd21a68c6dc7b5e3/r_8",
            "rotation": 0.12566370614359174,
            "transform_matrix": [
                [
                    0.3134867548942566,
                    0.3225191831588745,
                    -0.8931447863578796,
                    -3.600381374359131
                ],
                [
                    -0.9495925903320312,
                    0.10647249221801758,
                    -0.29485177993774414,
                    -1.1885854005813599
                ],
                [
                    -7.4505797087454084e-09,
                    0.9405556917190552,
                    0.3396395146846771,
                    1.3691304922103882
                ],
                [
                    0.0,
                    0.0,
                    0.0,
                    1.0
                ]
            ]
        },
        {
            "file_path": "/data/shapenet_blender/all_50_random/02958343/e1c3687f400be151cd21a68c6dc7b5e3/r_9",
            "rotation": 0.12566370614359174,
            "transform_matrix": [
                [
                    -0.7131936550140381,
                    -0.2040141224861145,
                    0.6706213355064392,
                    2.7033610343933105
                ],
                [
                    0.7009669542312622,
                    -0.20757266879081726,
                    0.6823187470436096,
                    2.7505147457122803
                ],
                [
                    0.0,
                    0.9567087292671204,
                    0.29104673862457275,
                    1.17324697971344
                ],
                [
                    0.0,
                    0.0,
                    0.0,
                    1.0
                ]
            ]
        },
        {
            "file_path": "/data/shapenet_blender/all_50_random/02958343/e1c3687f400be151cd21a68c6dc7b5e3/r_10",
            "rotation": 0.12566370614359174,
            "transform_matrix": [
                [
                    0.807746171951294,
                    -0.029750214889645576,
                    -0.5887793302536011,
                    -2.373445749282837
                ],
                [
                    -0.5895305871963501,
                    -0.04076229780912399,
                    -0.8067168593406677,
                    -3.2519798278808594
                ],
                [
                    1.862645371275562e-09,
                    0.9987258315086365,
                    -0.050464242696762085,
                    -0.20342788100242615
                ],
                [
                    0.0,
                    0.0,
                    0.0,
                    1.0
                ]
            ]
        },
        {
            "file_path": "/data/shapenet_blender/all_50_random/02958343/e1c3687f400be151cd21a68c6dc7b5e3/r_11",
            "rotation": 0.12566370614359174,
            "transform_matrix": [
                [
                    -0.6592503786087036,
                    0.19467750191688538,
                    0.7262848019599915,
                    2.9277477264404297
                ],
                [
                    0.7519235610961914,
                    0.1706838756799698,
                    0.6367716193199158,
                    2.566908597946167
                ],
                [
                    0.0,
                    0.96590256690979,
                    -0.25890597701072693,
                    -1.043683409690857
                ],
                [
                    0.0,
                    0.0,
                    0.0,
                    1.0
                ]
            ]
        },
        {
            "file_path": "/data/shapenet_blender/all_50_random/02958343/e1c3687f400be151cd21a68c6dc7b5e3/r_12",
            "rotation": 0.12566370614359174,
            "transform_matrix": [
                [
                    0.7812392711639404,
                    0.5157307982444763,
                    -0.3516915738582611,
                    -1.4177141189575195
                ],
                [
                    -0.62423175573349,
                    0.6454480290412903,
                    -0.4401494562625885,
                    -1.7742992639541626
                ],
                [
                    0.0,
                    0.563399076461792,
                    0.826184868812561,
                    3.3304576873779297
                ],
                [
                    0.0,
                    0.0,
                    0.0,
                    1.0
                ]
            ]
        },
        {
            "file_path": "/data/shapenet_blender/all_50_random/02958343/e1c3687f400be151cd21a68c6dc7b5e3/r_13",
            "rotation": 0.12566370614359174,
            "transform_matrix": [
                [
                    0.9861093759536743,
                    0.15984025597572327,
                    -0.04516144096851349,
                    -0.18205159902572632
                ],
                [
                    -0.16609777510166168,
                    0.9489589929580688,
                    -0.2681199312210083,
                    -1.0808260440826416
                ],
                [
                    -3.725290298461914e-09,
                    0.2718968689441681,
                    0.9623264074325562,
                    3.8792617321014404
                ],
                [
                    0.0,
                    0.0,
                    0.0,
                    1.0
                ]
            ]
        },
        {
            "file_path": "/data/shapenet_blender/all_50_random/02958343/e1c3687f400be151cd21a68c6dc7b5e3/r_14",
            "rotation": 0.12566370614359174,
            "transform_matrix": [
                [
                    0.9602383375167847,
                    -0.12667027115821838,
                    -0.24879090487957,
                    -1.0029082298278809
                ],
                [
                    -0.27918142080307007,
                    -0.4356796145439148,
                    -0.8557108044624329,
                    -3.4494805335998535
                ],
                [
                    0.0,
                    0.8911440968513489,
                    -0.4537203013896942,
                    -1.8290050029754639
                ],
                [
                    0.0,
                    0.0,
                    0.0,
                    1.0
                ]
            ]
        },
        {
            "file_path": "/data/shapenet_blender/all_50_random/02958343/e1c3687f400be151cd21a68c6dc7b5e3/r_15",
            "rotation": 0.12566370614359174,
            "transform_matrix": [
                [
                    0.4273371994495392,
                    -0.22425493597984314,
                    -0.8758382797241211,
                    -3.5306169986724854
                ],
                [
                    -0.9040923714637756,
                    -0.10599854588508606,
                    -0.4139823317527771,
                    -1.6688162088394165
                ],
                [
                    -7.450580596923828e-09,
                    0.9687487483024597,
                    -0.24804428219795227,
                    -0.9998984932899475
                ],
                [
                    0.0,
                    0.0,
                    0.0,
                    1.0
                ]
            ]
        },
        {
            "file_path": "/data/shapenet_blender/all_50_random/02958343/e1c3687f400be151cd21a68c6dc7b5e3/r_16",
            "rotation": 0.12566370614359174,
            "transform_matrix": [
                [
                    0.8922890424728394,
                    0.33976107835769653,
                    0.2972922623157501,
                    1.1984233856201172
                ],
                [
                    0.4514646530151367,
                    -0.6715145707130432,
                    -0.5875778794288635,
                    -2.3686022758483887
                ],
                [
                    -1.4901161193847656e-08,
                    0.6585062146186829,
                    -0.7525752782821655,
                    -3.0337278842926025
                ],
                [
                    0.0,
                    0.0,
                    0.0,
                    1.0
                ]
            ]
        },
        {
            "file_path": "/data/shapenet_blender/all_50_random/02958343/e1c3687f400be151cd21a68c6dc7b5e3/r_17",
            "rotation": 0.12566370614359174,
            "transform_matrix": [
                [
                    0.9913120269775391,
                    -0.051326900720596313,
                    0.12110364437103271,
                    0.4881844222545624
                ],
                [
                    0.13153153657913208,
                    0.3868347406387329,
                    -0.9127202033996582,
                    -3.679293155670166
                ],
                [
                    0.0,
                    0.9207195043563843,
                    0.39022499322891235,
                    1.573047399520874
                ],
                [
                    0.0,
                    0.0,
                    0.0,
                    1.0
                ]
            ]
        },
        {
            "file_path": "/data/shapenet_blender/all_50_random/02958343/e1c3687f400be151cd21a68c6dc7b5e3/r_18",
            "rotation": 0.12566370614359174,
            "transform_matrix": [
                [
                    0.1620173156261444,
                    -0.5360105633735657,
                    -0.8285185098648071,
                    -3.339865207672119
                ],
                [
                    -0.9867879152297974,
                    -0.08800573647022247,
                    -0.1360315978527069,
                    -0.5483609437942505
                ],
                [
                    0.0,
                    0.8396116495132446,
                    -0.543187141418457,
                    -2.189657688140869
                ],
                [
                    0.0,
                    0.0,
                    0.0,
                    1.0
                ]
            ]
        },
        {
            "file_path": "/data/shapenet_blender/all_50_random/02958343/e1c3687f400be151cd21a68c6dc7b5e3/r_19",
            "rotation": 0.12566370614359174,
            "transform_matrix": [
                [
                    -0.6636289954185486,
                    -0.20292459428310394,
                    0.7200125455856323,
                    2.902463674545288
                ],
                [
                    0.7480618953704834,
                    -0.18002073466777802,
                    0.6387455463409424,
                    2.5748658180236816
                ],
                [
                    1.4901161193847656e-08,
                    0.9625040292739868,
                    0.2712670862674713,
                    1.093512773513794
                ],
                [
                    0.0,
                    0.0,
                    0.0,
                    1.0
                ]
            ]
        },
        {
            "file_path": "/data/shapenet_blender/all_50_random/02958343/e1c3687f400be151cd21a68c6dc7b5e3/r_20",
            "rotation": 0.12566370614359174,
            "transform_matrix": [
                [
                    0.9916369318962097,
                    0.11766351014375687,
                    -0.05302424728870392,
                    -0.21374759078025818
                ],
                [
                    -0.12905918061733246,
                    0.9040773510932922,
                    -0.4074161946773529,
                    -1.6423473358154297
                ],
                [
                    0.0,
                    0.4108521342277527,
                    0.9117018580436707,
                    3.6751880645751953
                ],
                [
                    0.0,
                    0.0,
                    0.0,
                    1.0
                ]
            ]
        },
        {
            "file_path": "/data/shapenet_blender/all_50_random/02958343/e1c3687f400be151cd21a68c6dc7b5e3/r_21",
            "rotation": 0.12566370614359174,
            "transform_matrix": [
                [
                    0.7529268860816956,
                    0.5900940299034119,
                    -0.2913588285446167,
                    -1.1745051145553589
                ],
                [
                    -0.6581040620803833,
                    0.6751176714897156,
                    -0.33333924412727356,
                    -1.343733549118042
                ],
                [
                    -1.4901160305669237e-08,
                    0.4427245259284973,
                    0.8966575860977173,
                    3.6145424842834473
                ],
                [
                    0.0,
                    0.0,
                    0.0,
                    1.0
                ]
            ]
        },
        {
            "file_path": "/data/shapenet_blender/all_50_random/02958343/e1c3687f400be151cd21a68c6dc7b5e3/r_22",
            "rotation": 0.12566370614359174,
            "transform_matrix": [
                [
                    -0.9140610098838806,
                    0.33484503626823425,
                    -0.22884756326675415,
                    -0.922514021396637
                ],
                [
                    -0.40557661652565,
                    -0.7546510100364685,
                    0.5157610774040222,
                    2.079099416732788
                ],
                [
                    -1.4901161193847656e-08,
                    0.5642521977424622,
                    0.8256023526191711,
                    3.3281095027923584
                ],
                [
                    0.0,
                    0.0,
                    0.0,
                    1.0
                ]
            ]
        },
        {
            "file_path": "/data/shapenet_blender/all_50_random/02958343/e1c3687f400be151cd21a68c6dc7b5e3/r_23",
            "rotation": 0.12566370614359174,
            "transform_matrix": [
                [
                    0.29410693049430847,
                    0.16251130402088165,
                    0.9418551325798035,
                    3.7967395782470703
                ],
                [
                    0.9557724595069885,
                    -0.050007402896881104,
                    -0.28982433676719666,
                    -1.1683192253112793
                ],
                [
                    -3.725290298461914e-09,
                    0.9854385852813721,
                    -0.1700313687324524,
                    -0.6854183673858643
                ],
                [
                    0.0,
                    0.0,
                    0.0,
                    1.0
                ]
            ]
        },
        {
            "file_path": "/data/shapenet_blender/all_50_random/02958343/e1c3687f400be151cd21a68c6dc7b5e3/r_24",
            "rotation": 0.12566370614359174,
            "transform_matrix": [
                [
                    0.775763988494873,
                    0.23597437143325806,
                    0.5852405428886414,
                    2.359179973602295
                ],
                [
                    0.6310233473777771,
                    -0.2901008427143097,
                    -0.7194797396659851,
                    -2.900315523147583
                ],
                [
                    0.0,
                    0.927446722984314,
                    -0.3739551603794098,
                    -1.507461428642273
                ],
                [
                    0.0,
                    0.0,
                    0.0,
                    1.0
                ]
            ]
        },
        {
            "file_path": "/data/shapenet_blender/all_50_random/02958343/e1c3687f400be151cd21a68c6dc7b5e3/r_25",
            "rotation": 0.12566370614359174,
            "transform_matrix": [
                [
                    -0.055479392409324646,
                    -0.48730993270874023,
                    0.8714647889137268,
                    3.5129871368408203
                ],
                [
                    0.9984597563743591,
                    -0.027077365666627884,
                    0.048422921448946,
                    0.19519905745983124
                ],
                [
                    0.0,
                    0.872809112071991,
                    0.4880615770816803,
                    1.9674392938613892
                ],
                [
                    0.0,
                    0.0,
                    0.0,
                    1.0
                ]
            ]
        },
        {
            "file_path": "/data/shapenet_blender/all_50_random/02958343/e1c3687f400be151cd21a68c6dc7b5e3/r_26",
            "rotation": 0.12566370614359174,
            "transform_matrix": [
                [
                    -0.9121935367584229,
                    0.02538280375301838,
                    -0.4089727997779846,
                    -1.6486220359802246
                ],
                [
                    -0.4097597301006317,
                    -0.05650635436177254,
                    0.9104416370391846,
                    3.67010760307312
                ],
                [
                    0.0,
                    0.9980794787406921,
                    0.06194557994604111,
                    0.24971061944961548
                ],
                [
                    0.0,
                    0.0,
                    0.0,
                    1.0
                ]
            ]
        },
        {
            "file_path": "/data/shapenet_blender/all_50_random/02958343/e1c3687f400be151cd21a68c6dc7b5e3/r_27",
            "rotation": 0.12566370614359174,
            "transform_matrix": [
                [
                    0.9727239608764648,
                    0.10679537802934647,
                    -0.20591942965984344,
                    -0.8300877809524536
                ],
                [
                    -0.23196563124656677,
                    0.44783535599708557,
                    -0.8635018467903137,
                    -3.4808871746063232
                ],
                [
                    -7.4505797087454084e-09,
                    0.8877151608467102,
                    0.4603930711746216,
                    1.8559038639068604
                ],
                [
                    0.0,
                    0.0,
                    0.0,
                    1.0
                ]
            ]
        },
        {
            "file_path": "/data/shapenet_blender/all_50_random/02958343/e1c3687f400be151cd21a68c6dc7b5e3/r_28",
            "rotation": 0.12566370614359174,
            "transform_matrix": [
                [
                    0.529043436050415,
                    0.3732093870639801,
                    -0.7621204853057861,
                    -3.0722062587738037
                ],
                [
                    -0.8485947251319885,
                    0.23267172276973724,
                    -0.47513243556022644,
                    -1.9153202772140503
                ],
                [
                    0.0,
                    0.8980972170829773,
                    0.43979692459106445,
                    1.7728782892227173
                ],
                [
                    0.0,
                    0.0,
                    0.0,
                    1.0
                ]
            ]
        },
        {
            "file_path": "/data/shapenet_blender/all_50_random/02958343/e1c3687f400be151cd21a68c6dc7b5e3/r_29",
            "rotation": 0.12566370614359174,
            "transform_matrix": [
                [
                    -0.8820039629936218,
                    0.21897338330745697,
                    0.4172765910625458,
                    1.6820957660675049
                ],
                [
                    0.47124212980270386,
                    0.40984320640563965,
                    0.780998945236206,
                    3.1483075618743896
                ],
                [
                    0.0,
                    0.8854824304580688,
                    -0.4646728038787842,
                    -1.873155951499939
                ],
                [
                    0.0,
                    0.0,
                    0.0,
                    1.0
                ]
            ]
        },
        {
            "file_path": "/data/shapenet_blender/all_50_random/02958343/e1c3687f400be151cd21a68c6dc7b5e3/r_30",
            "rotation": 0.12566370614359174,
            "transform_matrix": [
                [
                    -0.6781745553016663,
                    -0.3637844920158386,
                    0.6385453343391418,
                    2.5740585327148438
                ],
                [
                    0.7349008917808533,
                    -0.3357042968273163,
                    0.5892565846443176,
                    2.3753693103790283
                ],
                [
                    0.0,
                    0.8688862919807434,
                    0.49501165747642517,
                    1.9954558610916138
                ],
                [
                    0.0,
                    0.0,
                    0.0,
                    1.0
                ]
            ]
        },
        {
            "file_path": "/data/shapenet_blender/all_50_random/02958343/e1c3687f400be151cd21a68c6dc7b5e3/r_31",
            "rotation": 0.12566370614359174,
            "transform_matrix": [
                [
                    -0.9793227314949036,
                    -0.1099294126033783,
                    0.16983093321323395,
                    0.6846104264259338
                ],
                [
                    0.20230428874492645,
                    -0.5321506857872009,
                    0.8221243619918823,
                    3.31408953666687
                ],
                [
                    7.450580596923828e-09,
                    0.8394825458526611,
                    0.5433863997459412,
                    2.1904609203338623
                ],
                [
                    0.0,
                    0.0,
                    0.0,
                    1.0
                ]
            ]
        },
        {
            "file_path": "/data/shapenet_blender/all_50_random/02958343/e1c3687f400be151cd21a68c6dc7b5e3/r_32",
            "rotation": 0.12566370614359174,
            "transform_matrix": [
                [
                    -0.6969528794288635,
                    0.05593805015087128,
                    -0.7149319052696228,
                    -2.8819828033447266
                ],
                [
                    -0.7171170115470886,
                    -0.054365165531635284,
                    0.6948292255401611,
                    2.8009462356567383
                ],
                [
                    0.0,
                    0.9969530701637268,
                    0.07800407707691193,
                    0.31444448232650757
                ],
                [
                    0.0,
                    0.0,
                    0.0,
                    1.0
                ]
            ]
        },
        {
            "file_path": "/data/shapenet_blender/all_50_random/02958343/e1c3687f400be151cd21a68c6dc7b5e3/r_33",
            "rotation": 0.12566370614359174,
            "transform_matrix": [
                [
                    0.01549470517784357,
                    0.8283193111419678,
                    0.5600419044494629,
                    2.257601261138916
                ],
                [
                    0.9998799562454224,
                    -0.01283610425889492,
                    -0.00867872592061758,
                    -0.03498506546020508
                ],
                [
                    0.0,
                    0.5601091384887695,
                    -0.8284186720848083,
                    -3.3394627571105957
                ],
                [
                    0.0,
                    0.0,
                    0.0,
                    1.0
                ]
            ]
        },
        {
            "file_path": "/data/shapenet_blender/all_50_random/02958343/e1c3687f400be151cd21a68c6dc7b5e3/r_34",
            "rotation": 0.12566370614359174,
            "transform_matrix": [
                [
                    -0.6567559242248535,
                    0.10855128616094589,
                    -0.7462494969367981,
                    -3.008227825164795
                ],
                [
                    -0.7541032433509827,
                    -0.0945383831858635,
                    0.6499160528182983,
                    2.6198954582214355
                ],
                [
                    0.0,
                    0.989585280418396,
                    0.1439475119113922,
                    0.5802710056304932
                ],
                [
                    0.0,
                    0.0,
                    0.0,
                    1.0
                ]
            ]
        },
        {
            "file_path": "/data/shapenet_blender/all_50_random/02958343/e1c3687f400be151cd21a68c6dc7b5e3/r_35",
            "rotation": 0.12566370614359174,
            "transform_matrix": [
                [
                    0.40785935521125793,
                    -0.5067868828773499,
                    0.7594851851463318,
                    3.0615828037261963
                ],
                [
                    0.913044810295105,
                    0.22638294100761414,
                    -0.3392638862133026,
                    -1.3676164150238037
                ],
                [
                    0.0,
                    0.8318158984184265,
                    0.5550515055656433,
                    2.2374842166900635
                ],
                [
                    0.0,
                    0.0,
                    0.0,
                    1.0
                ]
            ]
        },
        {
            "file_path": "/data/shapenet_blender/all_50_random/02958343/e1c3687f400be151cd21a68c6dc7b5e3/r_36",
            "rotation": 0.12566370614359174,
            "transform_matrix": [
                [
                    0.881300687789917,
                    0.04090650752186775,
                    0.4707821011543274,
                    1.8977835178375244
                ],
                [
                    0.4725559651851654,
                    -0.07628922909498215,
                    -0.8779924511909485,
                    -3.5393009185791016
                ],
                [
                    0.0,
                    0.9962461590766907,
                    -0.08656436949968338,
                    -0.34895217418670654
                ],
                [
                    0.0,
                    0.0,
                    0.0,
                    1.0
                ]
            ]
        },
        {
            "file_path": "/data/shapenet_blender/all_50_random/02958343/e1c3687f400be151cd21a68c6dc7b5e3/r_37",
            "rotation": 0.12566370614359174,
            "transform_matrix": [
                [
                    0.4168625473976135,
                    -0.48181992769241333,
                    0.7707626819610596,
                    3.107043743133545
                ],
                [
                    0.9089695811271667,
                    0.22096745669841766,
                    -0.3534795045852661,
                    -1.4249215126037598
                ],
                [
                    0.0,
                    0.8479520678520203,
                    0.5300726890563965,
                    2.136791467666626
                ],
                [
                    0.0,
                    0.0,
                    0.0,
                    1.0
                ]
            ]
        },
        {
            "file_path": "/data/shapenet_blender/all_50_random/02958343/e1c3687f400be151cd21a68c6dc7b5e3/r_38",
            "rotation": 0.12566370614359174,
            "transform_matrix": [
                [
                    0.9353212714195251,
                    0.2647668421268463,
                    -0.23467561602592468,
                    -0.9460076689720154
                ],
                [
                    -0.3537995517253876,
                    0.6999501585960388,
                    -0.6203995943069458,
                    -2.500910758972168
                ],
                [
                    0.0,
                    0.6633010506629944,
                    0.7483526468276978,
                    3.0167059898376465
                ],
                [
                    0.0,
                    0.0,
                    0.0,
                    1.0
                ]
            ]
        },
        {
            "file_path": "/data/shapenet_blender/all_50_random/02958343/e1c3687f400be151cd21a68c6dc7b5e3/r_39",
            "rotation": 0.12566370614359174,
            "transform_matrix": [
                [
                    -0.23248432576656342,
                    -0.1558997482061386,
                    -0.9600241184234619,
                    -3.869981050491333
                ],
                [
                    -0.9726002216339111,
                    0.03726530447602272,
                    0.22947819530963898,
                    0.9250562191009521
                ],
                [
                    -3.725290742551124e-09,
                    0.9870696067810059,
                    -0.16029171645641327,
                    -0.6461565494537354
                ],
                [
                    0.0,
                    0.0,
                    0.0,
                    1.0
                ]
            ]
        },
        {
            "file_path": "/data/shapenet_blender/all_50_random/02958343/e1c3687f400be151cd21a68c6dc7b5e3/r_40",
            "rotation": 0.12566370614359174,
            "transform_matrix": [
                [
                    0.5869153738021851,
                    0.6781970262527466,
                    0.4422432482242584,
                    1.7827397584915161
                ],
                [
                    0.8096483945846558,
                    -0.4916260838508606,
                    -0.3205828368663788,
                    -1.2923108339309692
                ],
                [
                    0.0,
                    0.546216607093811,
                    -0.8376438617706299,
                    -3.376650810241699
                ],
                [
                    0.0,
                    0.0,
                    0.0,
                    1.0
                ]
            ]
        },
        {
            "file_path": "/data/shapenet_blender/all_50_random/02958343/e1c3687f400be151cd21a68c6dc7b5e3/r_41",
            "rotation": 0.12566370614359174,
            "transform_matrix": [
                [
                    0.42835745215415955,
                    0.8090253472328186,
                    -0.4024771451950073,
                    -1.6224371194839478
                ],
                [
                    -0.9036093354225159,
                    0.3835197389125824,
                    -0.1907949149608612,
                    -0.7691187858581543
                ],
                [
                    0.0,
                    0.44541066884994507,
                    0.8953264951705933,
