{
    "class": "02958343",
    "model": "c8c51e709d1cdbe0673ddeabdcc8c6e",
    "remove_doubles": true,
    "edge_split": true,
    "denoise": true,
    "camera_angle_x": 0.6911112070083618,
    "scale_factor": 2.258429864250957,
    "hdri_file": "/data/IndoorHDRDataset2018/AG8A6256-fbb1298455.exr",
    "center_offset": [
        0.0,
        0.0,
        3.725290298461914e-09
    ],
    "lights": [],
    "frames": [
        {
            "file_path": "/data/shapenet_blender/all_50_random/02958343/c8c51e709d1cdbe0673ddeabdcc8c6e/r_0",
            "rotation": 0.12566370614359174,
            "transform_matrix": [
                [
                    -0.02511247619986534,
                    0.5645391345024109,
                    0.8250241279602051,
                    3.3257789611816406
                ],
                [
                    0.9996846914291382,
                    0.01418144628405571,
                    0.020724931731820107,
                    0.08354488015174866
                ],
                [
                    0.0,
                    0.825284481048584,
                    -0.5647171139717102,
                    -2.2764477729797363
                ],
                [
                    0.0,
                    0.0,
                    0.0,
                    1.0
                ]
            ]
        },
        {
            "file_path": "/data/shapenet_blender/all_50_random/02958343/c8c51e709d1cdbe0673ddeabdcc8c6e/r_1",
            "rotation": 0.12566370614359174,
            "transform_matrix": [
                [
                    -0.9506804943084717,
                    0.009928965009748936,
                    0.3100130259990692,
                    1.2497024536132812
                ],
                [
                    0.3101719915866852,
                    0.030432386323809624,
                    0.9501932263374329,
                    3.8303513526916504
                ],
                [
                    -9.31322685637781e-10,
                    0.9994874596595764,
                    -0.032011158764362335,
                    -0.12904110550880432
                ],
                [
                    0.0,
                    0.0,
                    0.0,
                    1.0
                ]
            ]
        },
        {
            "file_path": "/data/shapenet_blender/all_50_random/02958343/c8c51e709d1cdbe0673ddeabdcc8c6e/r_2",
            "rotation": 0.12566370614359174,
            "transform_matrix": [
                [
                    0.7725881934165955,
                    0.01854489929974079,
                    0.6346365213394165,
                    2.5583019256591797
                ],
                [
                    0.6349074840545654,
                    -0.02256639301776886,
                    -0.7722585201263428,
                    -3.1130738258361816
                ],
                [
                    9.313225746154785e-10,
                    0.9995733499526978,
                    -0.029208824038505554,
                    -0.11774454265832901
                ],
                [
                    0.0,
                    0.0,
                    0.0,
                    1.0
                ]
            ]
        },
        {
            "file_path": "/data/shapenet_blender/all_50_random/02958343/c8c51e709d1cdbe0673ddeabdcc8c6e/r_3",
            "rotation": 0.12566370614359174,
            "transform_matrix": [
                [
                    -0.5488658547401428,
                    -0.7420263886451721,
                    -0.384893536567688,
                    -1.5515555143356323
                ],
                [
                    -0.8359104990959167,
                    0.48722079396247864,
                    0.2527243494987488,
                    1.0187644958496094
                ],
                [
                    0.0,
                    0.460448294878006,
                    -0.8876864910125732,
                    -3.578378677368164
                ],
                [
                    0.0,
                    0.0,
                    0.0,
                    1.0
                ]
            ]
        },
        {
            "file_path": "/data/shapenet_blender/all_50_random/02958343/c8c51e709d1cdbe0673ddeabdcc8c6e/r_4",
            "rotation": 0.12566370614359174,
            "transform_matrix": [
                [
                    -0.4995329976081848,
                    0.816635012626648,
                    0.28909146785736084,
                    1.1653649806976318
                ],
                [
                    0.8662949204444885,
                    0.4708975553512573,
                    0.16669927537441254,
                    0.6719862818717957
                ],
                [
                    0.0,
                    0.3337101638317108,
                    -0.9426756501197815,
                    -3.8000471591949463
                ],
                [
                    0.0,
                    0.0,
                    0.0,
                    1.0
                ]
            ]
        },
        {
            "file_path": "/data/shapenet_blender/all_50_random/02958343/c8c51e709d1cdbe0673ddeabdcc8c6e/r_5",
            "rotation": 0.12566370614359174,
            "transform_matrix": [
                [
                    -0.18507497012615204,
                    -0.07328395545482635,
                    -0.9799880981445312,
                    -3.950458526611328
                ],
                [
                    -0.9827244877815247,
                    0.01380145363509655,
                    0.184559628367424,
                    0.7439837455749512
                ],
                [
                    0.0,
                    0.9972155690193176,
                    -0.07457224279642105,
                    -0.30061036348342896
                ],
                [
                    0.0,
                    0.0,
                    0.0,
                    1.0
                ]
            ]
        },
        {
            "file_path": "/data/shapenet_blender/all_50_random/02958343/c8c51e709d1cdbe0673ddeabdcc8c6e/r_6",
            "rotation": 0.12566370614359174,
            "transform_matrix": [
                [
                    0.4423011541366577,
                    -0.048890888690948486,
                    -0.89553302526474,
                    -3.61000919342041
                ],
                [
                    -0.8968666195869446,
                    -0.024111159145832062,
                    -0.44164344668388367,
                    -1.780321717262268
                ],
                [
                    1.862645149230957e-09,
                    0.9985131025314331,
                    -0.05451299622654915,
                    -0.21974891424179077
                ],
                [
                    0.0,
                    0.0,
                    0.0,
                    1.0
                ]
            ]
        },
        {
            "file_path": "/data/shapenet_blender/all_50_random/02958343/c8c51e709d1cdbe0673ddeabdcc8c6e/r_7",
            "rotation": 0.12566370614359174,
            "transform_matrix": [
                [
                    0.9661283493041992,
                    0.18303929269313812,
                    0.18191395699977875,
                    0.7333186864852905
                ],
                [
                    0.2580622136592865,
                    -0.6852590441703796,
                    -0.6810460686683655,
                    -2.745384693145752
                ],
                [
                    -7.450581485102248e-09,
                    0.7049229741096497,
                    -0.709283709526062,
                    -2.8592143058776855
                ],
                [
                    0.0,
                    0.0,
                    0.0,
                    1.0
                ]
            ]
        },
        {
            "file_path": "/data/shapenet_blender/all_50_random/02958343/c8c51e709d1cdbe0673ddeabdcc8c6e/r_8",
            "rotation": 0.12566370614359174,
            "transform_matrix": [
                [
                    0.7923187017440796,
                    0.3928835988044739,
                    -0.46676933765411377,
                    -1.8816074132919312
                ],
                [
                    -0.6101074814796448,
                    0.510219931602478,
                    -0.6061720252037048,
                    -2.4435575008392334
                ],
                [
                    -2.9802322387695312e-08,
                    0.7650608420372009,
                    0.6439579725265503,
                    2.5958776473999023
                ],
                [
                    0.0,
                    0.0,
                    0.0,
                    1.0
                ]
            ]
        },
        {
            "file_path": "/data/shapenet_blender/all_50_random/02958343/c8c51e709d1cdbe0673ddeabdcc8c6e/r_9",
            "rotation": 0.12566370614359174,
            "transform_matrix": [
                [
                    -0.7429037690162659,
                    0.6245341300964355,
                    -0.2409379631280899,
                    -0.9712520837783813
                ],
                [
                    -0.6693982481956482,
                    -0.6931132078170776,
                    0.2673949599266052,
                    1.0779036283493042
                ],
                [
                    0.0,
                    0.3599321246147156,
                    0.9329783916473389,
                    3.7609565258026123
                ],
                [
                    0.0,
                    0.0,
                    0.0,
                    1.0
                ]
            ]
        },
        {
            "file_path": "/data/shapenet_blender/all_50_random/02958343/c8c51e709d1cdbe0673ddeabdcc8c6e/r_10",
            "rotation": 0.12566370614359174,
            "transform_matrix": [
                [
                    0.9987636208534241,
                    -0.002677616896107793,
                    0.04963892698287964,
                    0.20010089874267578
                ],
                [
                    0.04971109330654144,
                    0.05379697307944298,
                    -0.9973137378692627,
                    -4.020299911499023
                ],
                [
                    2.3283064365386963e-10,
                    0.9985482096672058,
                    0.05386357754468918,
                    0.21713101863861084
                ],
                [
                    0.0,
                    0.0,
                    0.0,
                    1.0
                ]
            ]
        },
        {
            "file_path": "/data/shapenet_blender/all_50_random/02958343/c8c51e709d1cdbe0673ddeabdcc8c6e/r_11",
            "rotation": 0.12566370614359174,
            "transform_matrix": [
                [
                    0.9186323285102844,
                    -0.33545929193496704,
                    -0.2087620496749878,
                    -0.8415467739105225
                ],
                [
                    -0.3951133191585541,
                    -0.7799376845359802,
                    -0.485368549823761,
                    -1.9565833806991577
                ],
                [
                    0.0,
                    0.5283599495887756,
                    -0.8490203619003296,
                    -3.422510862350464
                ],
                [
                    0.0,
                    0.0,
                    0.0,
                    1.0
                ]
            ]
        },
        {
            "file_path": "/data/shapenet_blender/all_50_random/02958343/c8c51e709d1cdbe0673ddeabdcc8c6e/r_12",
            "rotation": 0.12566370614359174,
            "transform_matrix": [
                [
                    -0.7235114574432373,
                    0.5537607669830322,
                    0.4121651351451874,
                    1.661490797996521
                ],
                [
                    0.6903122663497925,
                    0.5803927779197693,
                    0.43198737502098083,
                    1.7413967847824097
                ],
                [
                    -1.4901161193847656e-08,
                    0.5970704555511475,
                    -0.8021887540817261,
                    -3.2337262630462646
                ],
                [
                    0.0,
                    0.0,
                    0.0,
                    1.0
                ]
            ]
        },
        {
            "file_path": "/data/shapenet_blender/all_50_random/02958343/c8c51e709d1cdbe0673ddeabdcc8c6e/r_13",
            "rotation": 0.12566370614359174,
            "transform_matrix": [
                [
                    0.6368606686592102,
                    0.42036741971969604,
                    0.6462968587875366,
                    2.6053059101104736
                ],
                [
                    0.7709788680076599,
                    -0.34724104404449463,
                    -0.5338681936264038,
                    -2.1520915031433105
                ],
                [
                    0.0,
                    0.8382808566093445,
                    -0.5452386140823364,
                    -2.197927236557007
                ],
                [
                    0.0,
                    0.0,
                    0.0,
                    1.0
                ]
            ]
        },
        {
            "file_path": "/data/shapenet_blender/all_50_random/02958343/c8c51e709d1cdbe0673ddeabdcc8c6e/r_14",
            "rotation": 0.12566370614359174,
            "transform_matrix": [
                [
                    -0.1022007167339325,
                    0.002585040405392647,
                    0.9947603344917297,
                    4.010007381439209
                ],
                [
                    0.9947638511657715,
                    0.00026558362878859043,
                    0.10220035165548325,
                    0.41198283433914185
                ],
                [
                    -2.9103830456733704e-11,
                    0.9999966621398926,
                    -0.0025986472610384226,
                    -0.010475482791662216
                ],
                [
                    0.0,
                    0.0,
                    0.0,
                    1.0
                ]
            ]
        },
        {
            "file_path": "/data/shapenet_blender/all_50_random/02958343/c8c51e709d1cdbe0673ddeabdcc8c6e/r_15",
            "rotation": 0.12566370614359174,
            "transform_matrix": [
                [
                    0.14056438207626343,
                    -0.1480339765548706,
                    0.9789420366287231,
                    3.946241617202759
                ],
                [
                    0.9900715947151184,
                    0.02101697027683258,
                    -0.13898426294326782,
                    -0.560263454914093
                ],
                [
                    -3.725290742551124e-09,
                    0.9887588620185852,
                    0.1495184749364853,
                    0.6027282476425171
                ],
                [
                    0.0,
                    0.0,
                    0.0,
                    1.0
                ]
            ]
        },
        {
            "file_path": "/data/shapenet_blender/all_50_random/02958343/c8c51e709d1cdbe0673ddeabdcc8c6e/r_16",
            "rotation": 0.12566370614359174,
            "transform_matrix": [
                [
                    -0.9756149053573608,
                    -0.16999278962612152,
                    -0.13884484767913818,
                    -0.5597015619277954
                ],
                [
                    -0.21948902308940887,
                    0.7556072473526001,
                    0.6171566247940063,
                    2.4878382682800293
                ],
                [
                    0.0,
                    0.6325821876525879,
                    -0.7744930982589722,
                    -3.122081756591797
                ],
                [
                    0.0,
                    0.0,
                    0.0,
                    1.0
                ]
            ]
        },
        {
            "file_path": "/data/shapenet_blender/all_50_random/02958343/c8c51e709d1cdbe0673ddeabdcc8c6e/r_17",
            "rotation": 0.12566370614359174,
            "transform_matrix": [
                [
                    -0.9084431529045105,
                    0.36178234219551086,
                    0.20939089357852936,
                    0.844081699848175
                ],
                [
                    0.418008416891098,
                    0.7862489819526672,
                    0.4550619125366211,
                    1.8344132900238037
                ],
                [
                    -1.4901161193847656e-08,
                    0.5009249448776245,
                    -0.8654906749725342,
                    -3.4889044761657715
                ],
                [
                    0.0,
                    0.0,
                    0.0,
                    1.0
                ]
            ]
        },
        {
            "file_path": "/data/shapenet_blender/all_50_random/02958343/c8c51e709d1cdbe0673ddeabdcc8c6e/r_18",
            "rotation": 0.12566370614359174,
            "transform_matrix": [
                [
                    -0.6422759890556335,
                    0.0017934703500941396,
                    -0.7664712071418762,
                    -3.0897445678710938
                ],
                [
                    -0.7664734125137329,
                    -0.0015028610359877348,
                    0.6422742009162903,
                    2.589090347290039
                ],
                [
                    0.0,
                    0.9999971985816956,
                    0.002339898841455579,
                    0.009432435035705566
                ],
                [
                    0.0,
                    0.0,
                    0.0,
                    1.0
                ]
            ]
        },
        {
            "file_path": "/data/shapenet_blender/all_50_random/02958343/c8c51e709d1cdbe0673ddeabdcc8c6e/r_19",
            "rotation": 0.12566370614359174,
            "transform_matrix": [
                [
                    0.1611853986978531,
                    0.8989289402961731,
                    -0.40736469626426697,
                    -1.6421397924423218
                ],
                [
                    -0.9869242310523987,
                    0.14681392908096313,
                    -0.06653118133544922,
                    -0.2681958079338074
                ],
                [
                    3.725290742551124e-09,
                    0.41276195645332336,
                    0.9108388423919678,
                    3.6717090606689453
                ],
                [
                    0.0,
                    0.0,
                    0.0,
                    1.0
                ]
            ]
        },
        {
            "file_path": "/data/shapenet_blender/all_50_random/02958343/c8c51e709d1cdbe0673ddeabdcc8c6e/r_20",
            "rotation": 0.12566370614359174,
            "transform_matrix": [
                [
                    -0.13927872478961945,
                    0.46134528517723083,
                    0.876220166683197,
                    3.5321567058563232
                ],
                [
                    0.990253210067749,
                    0.06488803774118423,
                    0.12324003130197525,
                    0.49679648876190186
                ],
                [
                    -3.725290298461914e-09,
                    0.8848445415496826,
                    -0.4658861756324768,
                    -1.8780473470687866
                ],
                [
                    0.0,
                    0.0,
                    0.0,
                    1.0
                ]
            ]
        },
        {
            "file_path": "/data/shapenet_blender/all_50_random/02958343/c8c51e709d1cdbe0673ddeabdcc8c6e/r_21",
            "rotation": 0.12566370614359174,
            "transform_matrix": [
                [
                    0.6778346300125122,
                    0.2806234061717987,
                    0.679551899433136,
                    2.73936128616333
                ],
                [
                    0.7352144122123718,
                    -0.2587221562862396,
                    -0.6265162229537964,
                    -2.5255677700042725
                ],
                [
                    1.4901161193847656e-08,
                    0.9242907166481018,
                    -0.3816892206668854,
                    -1.5386384725570679
                ],
                [
                    0.0,
                    0.0,
                    0.0,
                    1.0
                ]
            ]
        },
        {
            "file_path": "/data/shapenet_blender/all_50_random/02958343/c8c51e709d1cdbe0673ddeabdcc8c6e/r_22",
            "rotation": 0.12566370614359174,
            "transform_matrix": [
                [
                    -0.03950773924589157,
                    0.9628915786743164,
                    -0.2669807970523834,
                    -1.0762341022491455
                ],
                [
                    -0.9992193579673767,
                    -0.038071390241384506,
                    0.010556048713624477,
                    0.042552798986434937
                ],
                [
                    -9.31322685637781e-10,
                    0.26718947291374207,
                    0.9636439681053162,
                    3.884573221206665
                ],
                [
                    0.0,
                    0.0,
                    0.0,
                    1.0
                ]
            ]
        },
        {
            "file_path": "/data/shapenet_blender/all_50_random/02958343/c8c51e709d1cdbe0673ddeabdcc8c6e/r_23",
            "rotation": 0.12566370614359174,
            "transform_matrix": [
                [
                    0.9882689118385315,
                    0.04674334451556206,
                    -0.14539481699466705,
                    -0.586105227470398
                ],
                [
                    -0.15272392332553864,
                    0.30247387290000916,
                    -0.9408426880836487,
                    -3.7926580905914307
                ],
                [
                    0.0,
                    0.9520108699798584,
                    0.30606433749198914,
                    1.233784794807434
                ],
                [
                    0.0,
                    0.0,
                    0.0,
                    1.0
                ]
            ]
        },
        {
            "file_path": "/data/shapenet_blender/all_50_random/02958343/c8c51e709d1cdbe0673ddeabdcc8c6e/r_24",
            "rotation": 0.12566370614359174,
            "transform_matrix": [
                [
                    0.6923649311065674,
                    0.4185381829738617,
                    0.5877555012702942,
                    2.3693182468414307
                ],
                [
                    0.7215474247932434,
                    -0.40161070227622986,
                    -0.5639841556549072,
                    -2.2734928131103516
                ],
                [
                    0.0,
                    0.8145763874053955,
                    -0.5800563097000122,
                    -2.3382818698883057
                ],
                [
                    0.0,
                    0.0,
                    0.0,
                    1.0
                ]
            ]
        },
        {
            "file_path": "/data/shapenet_blender/all_50_random/02958343/c8c51e709d1cdbe0673ddeabdcc8c6e/r_25",
            "rotation": 0.12566370614359174,
            "transform_matrix": [
                [
                    0.9802992939949036,
                    0.07768355309963226,
                    0.18160012364387512,
                    0.7320535778999329
                ],
                [
                    0.1975179761648178,
                    -0.3855503797531128,
                    -0.9012976288795471,
                    -3.633247137069702
                ],
                [
                    0.0,
                    0.9194106459617615,
                    -0.3932986855506897,
                    -1.5854377746582031
                ],
                [
                    0.0,
                    0.0,
                    0.0,
                    1.0
                ]
            ]
        },
        {
            "file_path": "/data/shapenet_blender/all_50_random/02958343/c8c51e709d1cdbe0673ddeabdcc8c6e/r_26",
            "rotation": 0.12566370614359174,
            "transform_matrix": [
                [
                    0.6385919451713562,
                    0.2839505076408386,
                    -0.7152428030967712,
                    -2.8832361698150635
                ],
                [
                    -0.7695455551147461,
                    0.23563066124916077,
                    -0.5935299396514893,
                    -2.3925960063934326
                ],
                [
                    0.0,
                    0.9294354319572449,
                    0.3689846694469452,
                    1.4874248504638672
                ],
                [
                    0.0,
                    0.0,
                    0.0,
                    1.0
                ]
            ]
        },
        {
            "file_path": "/data/shapenet_blender/all_50_random/02958343/c8c51e709d1cdbe0673ddeabdcc8c6e/r_27",
            "rotation": 0.12566370614359174,
            "transform_matrix": [
                [
                    0.6189733147621155,
                    -0.05689285323023796,
                    0.7833486199378967,
                    3.1577794551849365
                ],
                [
                    0.7854118943214417,
                    0.04483655095100403,
                    -0.6173473000526428,
                    -2.4886066913604736
                ],
                [
                    0.0,
                    0.9973729848861694,
                    0.07243695110082626,
                    0.29200270771980286
                ],
                [
                    0.0,
                    0.0,
                    0.0,
                    1.0
                ]
            ]
        },
        {
            "file_path": "/data/shapenet_blender/all_50_random/02958343/c8c51e709d1cdbe0673ddeabdcc8c6e/r_28",
            "rotation": 0.12566370614359174,
            "transform_matrix": [
                [
                    0.9613444805145264,
                    0.02380979247391224,
                    -0.27431708574295044,
                    -1.1058075428009033
                ],
                [
                    -0.275348424911499,
                    0.0831288993358612,
                    -0.9577436447143555,
                    -3.860787868499756
                ],
                [
                    0.0,
                    0.9962542653083801,
                    0.08647149056196213,
                    0.34857770800590515
                ],
                [
                    0.0,
                    0.0,
                    0.0,
                    1.0
                ]
            ]
        },
        {
            "file_path": "/data/shapenet_blender/all_50_random/02958343/c8c51e709d1cdbe0673ddeabdcc8c6e/r_29",
            "rotation": 0.12566370614359174,
            "transform_matrix": [
                [
                    0.3008010685443878,
                    0.21490462124347687,
                    -0.9291580319404602,
                    -3.745555877685547
                ],
                [
                    -0.9536868929862976,
                    0.06778276711702347,
                    -0.2930644452571869,
                    -1.1813805103302002
                ],
                [
                    0.0,
                    0.9742799997329712,
                    0.2253408432006836,
                    0.908378005027771
                ],
                [
                    0.0,
                    0.0,
                    0.0,
                    1.0
                ]
            ]
        },
        {
            "file_path": "/data/shapenet_blender/all_50_random/02958343/c8c51e709d1cdbe0673ddeabdcc8c6e/r_30",
            "rotation": 0.12566370614359174,
            "transform_matrix": [
                [
                    -0.6586200594902039,
                    0.22774943709373474,
                    -0.7171818017959595,
                    -2.89105224609375
                ],
                [
                    -0.7524756193161011,
                    -0.19934245944023132,
                    0.6277284026145935,
                    2.530454158782959
                ],
                [
                    0.0,
                    0.953096330165863,
                    0.30266687273979187,
                    1.2200891971588135
                ],
                [
                    0.0,
                    0.0,
                    0.0,
                    1.0
                ]
            ]
        },
        {
            "file_path": "/data/shapenet_blender/all_50_random/02958343/c8c51e709d1cdbe0673ddeabdcc8c6e/r_31",
            "rotation": 0.12566370614359174,
            "transform_matrix": [
                [
                    -0.9913906455039978,
                    0.00888499990105629,
                    -0.13063549995422363,
                    -0.5266085267066956
                ],
                [
                    -0.13093730807304382,
                    -0.06727270036935806,
                    0.9891055822372437,
                    3.9872119426727295
                ],
                [
                    0.0,
                    0.9976950287818909,
                    0.06785690039396286,
                    0.2735399007797241
                ],
                [
                    0.0,
                    0.0,
                    0.0,
                    1.0
                ]
            ]
        },
        {
            "file_path": "/data/shapenet_blender/all_50_random/02958343/c8c51e709d1cdbe0673ddeabdcc8c6e/r_32",
            "rotation": 0.12566370614359174,
            "transform_matrix": [
                [
                    -0.3627094030380249,
                    0.7826441526412964,
                    -0.5058755278587341,
                    -2.0392494201660156
                ],
                [
                    -0.931902289390564,
                    -0.3046160340309143,
                    0.1968938261270523,
                    0.7937043905258179
                ],
                [
                    0.0,
                    0.5428417921066284,
                    0.839834988117218,
                    3.3854830265045166
                ],
                [
                    0.0,
                    0.0,
                    0.0,
                    1.0
                ]
            ]
        },
        {
            "file_path": "/data/shapenet_blender/all_50_random/02958343/c8c51e709d1cdbe0673ddeabdcc8c6e/r_33",
            "rotation": 0.12566370614359174,
            "transform_matrix": [
                [
                    0.4573513865470886,
                    -0.5372617244720459,
                    -0.7086461782455444,
                    -2.85664439201355
                ],
                [
                    -0.8892861604690552,
                    -0.2763085961341858,
                    -0.36444997787475586,
                    -1.4691449403762817
                ],
                [
                    0.0,
                    0.7968709468841553,
                    -0.6041494607925415,
                    -2.4354045391082764
                ],
                [
                    0.0,
                    0.0,
                    0.0,
                    1.0
                ]
            ]
        },
        {
            "file_path": "/data/shapenet_blender/all_50_random/02958343/c8c51e709d1cdbe0673ddeabdcc8c6e/r_34",
            "rotation": 0.12566370614359174,
            "transform_matrix": [
                [
                    -0.008746030740439892,
                    0.2515014111995697,
                    0.9678173661231995,
                    3.9013967514038086
                ],
                [
                    0.9999618530273438,
                    0.002199722919613123,
                    0.008464882150292397,
                    0.03412303328514099
                ],
                [
                    0.0,
                    0.967854380607605,
                    -0.2515110373497009,
                    -1.01387357711792
                ],
                [
                    0.0,
                    0.0,
                    0.0,
                    1.0
                ]
            ]
        },
        {
            "file_path": "/data/shapenet_blender/all_50_random/02958343/c8c51e709d1cdbe0673ddeabdcc8c6e/r_35",
            "rotation": 0.12566370614359174,
            "transform_matrix": [
                [
                    -0.3728284239768982,
                    -0.7644773721694946,
                    -0.5259023904800415,
                    -2.119980573654175
                ],
                [
                    -0.9279003143310547,
                    0.3071654140949249,
                    0.21130649745464325,
                    0.8518037796020508
                ],
                [
                    0.0,
                    0.5667660236358643,
                    -0.8238787055015564,
                    -3.3211615085601807
                ],
                [
                    0.0,
                    0.0,
                    0.0,
                    1.0
                ]
            ]
        },
        {
            "file_path": "/data/shapenet_blender/all_50_random/02958343/c8c51e709d1cdbe0673ddeabdcc8c6e/r_36",
            "rotation": 0.12566370614359174,
            "transform_matrix": [
                [
                    -0.9364240169525146,
                    0.08197780698537827,
                    -0.3411593437194824,
                    -1.3752572536468506
                ],
                [
                    -0.35087043046951294,
                    -0.21878725290298462,
                    0.9105064272880554,
                    3.6703689098358154
                ],
                [
                    7.450581485102248e-09,
                    0.9723227620124817,
                    0.23364122211933136,
                    0.9418379068374634
                ],
                [
                    0.0,
                    0.0,
                    0.0,
                    1.0
                ]
            ]
        },
        {
            "file_path": "/data/shapenet_blender/all_50_random/02958343/c8c51e709d1cdbe0673ddeabdcc8c6e/r_37",
            "rotation": 0.12566370614359174,
            "transform_matrix": [
                [
                    -0.7715898752212524,
                    -0.09890798479318619,
                    -0.6283838152885437,
                    -2.5330963134765625
                ],
                [
                    -0.6361203789710999,
                    0.1199716255068779,
                    0.7622057199478149,
                    3.072549819946289
                ],
                [
                    0.0,
                    0.9878380298614502,
                    -0.15548624098300934,
                    -0.626785159111023
                ],
                [
                    0.0,
                    0.0,
                    0.0,
                    1.0
                ]
            ]
        },
        {
            "file_path": "/data/shapenet_blender/all_50_random/02958343/c8c51e709d1cdbe0673ddeabdcc8c6e/r_38",
            "rotation": 0.12566370614359174,
            "transform_matrix": [
                [
                    -0.8488730192184448,
                    -0.4366166591644287,
                    -0.29796069860458374,
                    -1.2011181116104126
                ],
                [
                    -0.5285969972610474,
                    0.7011619210243225,
                    0.4784946143627167,
                    1.9288736581802368
                ],
                [
                    -1.4901162970204496e-08,
                    0.5636821985244751,
                    -0.8259916305541992,
                    -3.329679012298584
                ],
                [
                    0.0,
                    0.0,
                    0.0,
                    1.0
                ]
            ]
        },
        {
            "file_path": "/data/shapenet_blender/all_50_random/02958343/c8c51e709d1cdbe0673ddeabdcc8c6e/r_39",
            "rotation": 0.12566370614359174,
            "transform_matrix": [
                [
                    -0.9329978823661804,
                    0.3535992205142975,
                    -0.06695182621479034,
                    -0.2698914408683777
                ],
                [
                    -0.3598818778991699,
                    -0.9167100191116333,
                    0.17357337474822998,
                    0.6996966600418091
                ],
                [
                    3.725290298461914e-09,
                    0.18603835999965668,
                    0.9825424551963806,
                    3.9607553482055664
                ],
                [
                    0.0,
                    0.0,
                    0.0,
                    1.0
                ]
            ]
        },
        {
            "file_path": "/data/shapenet_blender/all_50_random/02958343/c8c51e709d1cdbe0673ddeabdcc8c6e/r_40",
            "rotation": 0.12566370614359174,
            "transform_matrix": [
                [
                    0.3808251619338989,
                    0.0009999454487115145,
                    0.9246464967727661,
                    3.7273693084716797
                ],
                [
                    0.9246470928192139,
                    -0.0004118375654798001,
                    -0.3808249235153198,
                    -1.5351543426513672
                ],
                [
                    0.0,
                    0.9999993443489075,
                    -0.0010814348934218287,
                    -0.004359403625130653
                ],
                [
                    0.0,
                    0.0,
                    0.0,
                    1.0
                ]
            ]
        },
        {
            "file_path": "/data/shapenet_blender/all_50_random/02958343/c8c51e709d1cdbe0673ddeabdcc8c6e/r_41",
            "rotation": 0.12566370614359174,
            "transform_matrix": [
                [
                    -0.5776013135910034,
                    0.4693242013454437,
                    0.6679157018661499,
                    2.6924545764923096
                ],
                [
                    0.8163189888000488,
                    0.33207887411117554,
                    0.4725959002971649,
                    1.905095100402832
                ],
                [
                    0.0,
                    0.818204402923584,
