{
    "class": "02958343",
    "model": "a6acea161250379aba3e2415e22cd45c",
    "remove_doubles": true,
    "edge_split": true,
    "denoise": true,
    "camera_angle_x": 0.6911112070083618,
    "scale_factor": 2.3153373842820604,
    "hdri_file": "/data/IndoorHDRDataset2018/AG8A4841-ee00cd67c5.exr",
    "center_offset": [
        0.0,
        0.0,
        3.725290298461914e-09
    ],
    "lights": [],
    "frames": [
        {
            "file_path": "/data/shapenet_blender/all_50_random/02958343/a6acea161250379aba3e2415e22cd45c/r_0",
            "rotation": 0.12566370614359174,
            "transform_matrix": [
                [
                    0.24647285044193268,
                    0.09351830929517746,
                    -0.9646270871162415,
                    -3.888536214828491
                ],
                [
                    -0.9691497683525085,
                    0.023783449083566666,
                    -0.24532264471054077,
                    -0.9889271855354309
                ],
                [
                    0.0,
                    0.9953334331512451,
                    0.09649521857500076,
                    0.38898468017578125
                ],
                [
                    0.0,
                    0.0,
                    0.0,
                    1.0
                ]
            ]
        },
        {
            "file_path": "/data/shapenet_blender/all_50_random/02958343/a6acea161250379aba3e2415e22cd45c/r_1",
            "rotation": 0.12566370614359174,
            "transform_matrix": [
                [
                    0.5115688443183899,
                    0.8327131271362305,
                    0.2118636667728424,
                    0.8540497422218323
                ],
                [
                    0.8592423796653748,
                    -0.4957740604877472,
                    -0.12613768875598907,
                    -0.5084772706031799
                ],
                [
                    0.0,
                    0.24657027423381805,
                    -0.9691249132156372,
                    -3.9066672325134277
                ],
                [
                    0.0,
                    0.0,
                    0.0,
                    1.0
                ]
            ]
        },
        {
            "file_path": "/data/shapenet_blender/all_50_random/02958343/a6acea161250379aba3e2415e22cd45c/r_2",
            "rotation": 0.12566370614359174,
            "transform_matrix": [
                [
                    0.3232431411743164,
                    0.28161755204200745,
                    -0.9034408926963806,
                    -3.6418867111206055
                ],
                [
                    -0.9463159441947937,
                    0.09619508683681488,
                    -0.3085978627204895,
                    -1.2439978122711182
                ],
                [
                    0.0,
                    0.954692542552948,
                    0.2975936532020569,
                    1.1996383666992188
                ],
                [
                    0.0,
                    0.0,
                    0.0,
                    1.0
                ]
            ]
        },
        {
            "file_path": "/data/shapenet_blender/all_50_random/02958343/a6acea161250379aba3e2415e22cd45c/r_3",
            "rotation": 0.12566370614359174,
            "transform_matrix": [
                [
                    -0.9978430867195129,
                    0.03026665188372135,
                    -0.058250997215509415,
                    -0.2348172813653946
                ],
                [
                    -0.06564487516880035,
                    -0.46007201075553894,
                    0.8854515552520752,
                    3.569369316101074
                ],
                [
                    1.862645371275562e-09,
                    0.8873655200004578,
                    0.4610665440559387,
                    1.8586187362670898
                ],
                [
                    0.0,
                    0.0,
                    0.0,
                    1.0
                ]
            ]
        },
        {
            "file_path": "/data/shapenet_blender/all_50_random/02958343/a6acea161250379aba3e2415e22cd45c/r_4",
            "rotation": 0.12566370614359174,
            "transform_matrix": [
                [
                    -0.38170862197875977,
                    -0.13438153266906738,
                    0.9144616723060608,
                    3.686312675476074
                ],
                [
                    0.9242827892303467,
                    -0.05549664795398712,
                    0.37765273451805115,
                    1.5223667621612549
                ],
                [
                    0.0,
                    0.9893743991851807,
                    0.1453900784254074,
                    0.5860861539840698
                ],
                [
                    0.0,
                    0.0,
                    0.0,
                    1.0
                ]
            ]
        },
        {
            "file_path": "/data/shapenet_blender/all_50_random/02958343/a6acea161250379aba3e2415e22cd45c/r_5",
            "rotation": 0.12566370614359174,
            "transform_matrix": [
                [
                    -0.9912524223327637,
                    -0.11143675446510315,
                    -0.07071416825056076,
                    -0.2850579023361206
                ],
                [
                    -0.13197973370552063,
                    0.836961567401886,
                    0.5311087965965271,
                    2.140967845916748
                ],
                [
                    3.725290298461914e-09,
                    0.5357956290245056,
                    -0.8443477153778076,
                    -3.4036741256713867
                ],
                [
                    0.0,
                    0.0,
                    0.0,
                    1.0
                ]
            ]
        },
        {
            "file_path": "/data/shapenet_blender/all_50_random/02958343/a6acea161250379aba3e2415e22cd45c/r_6",
            "rotation": 0.12566370614359174,
            "transform_matrix": [
                [
                    0.9795058369636536,
                    -0.012595267035067081,
                    -0.20102182030677795,
                    -0.8103448748588562
                ],
                [
                    -0.2014160305261612,
                    -0.061252012848854065,
                    -0.9775887727737427,
                    -3.940786361694336
                ],
                [
                    0.0,
                    0.9980428814888,
                    -0.06253358721733093,
                    -0.2520809471607208
                ],
                [
                    0.0,
                    0.0,
                    0.0,
                    1.0
                ]
            ]
        },
        {
            "file_path": "/data/shapenet_blender/all_50_random/02958343/a6acea161250379aba3e2415e22cd45c/r_7",
            "rotation": 0.12566370614359174,
            "transform_matrix": [
                [
                    0.8730805516242981,
                    0.3042522668838501,
                    0.3809998035430908,
                    1.53585946559906
                ],
                [
                    0.4875759482383728,
                    -0.5448110103607178,
                    -0.6822394132614136,
                    -2.750195264816284
                ],
                [
                    0.0,
                    0.7814163565635681,
                    -0.624009907245636,
                    -2.5154645442962646
                ],
                [
                    0.0,
                    0.0,
                    0.0,
                    1.0
                ]
            ]
        },
        {
            "file_path": "/data/shapenet_blender/all_50_random/02958343/a6acea161250379aba3e2415e22cd45c/r_8",
            "rotation": 0.12566370614359174,
            "transform_matrix": [
                [
                    -0.5896741151809692,
                    0.5705020427703857,
                    -0.571674644947052,
                    -2.3044941425323486
                ],
                [
                    -0.8076412677764893,
                    -0.41653427481651306,
                    0.4173904061317444,
                    1.6825546026229858
                ],
                [
                    -1.4901161193847656e-08,
                    0.7078323364257812,
                    0.7063804268836975,
                    2.847510576248169
                ],
                [
                    0.0,
                    0.0,
                    0.0,
                    1.0
                ]
            ]
        },
        {
            "file_path": "/data/shapenet_blender/all_50_random/02958343/a6acea161250379aba3e2415e22cd45c/r_9",
            "rotation": 0.12566370614359174,
            "transform_matrix": [
                [
                    0.1069350391626358,
                    0.226880744099617,
                    0.9680340886116028,
                    3.9022700786590576
                ],
                [
                    0.9942659735679626,
                    -0.02440141886472702,
                    -0.10411375761032104,
                    -0.41969597339630127
                ],
                [
                    -1.8626449271863521e-09,
                    0.9736167788505554,
                    -0.22818918526172638,
                    -0.9198600053787231
                ],
                [
                    0.0,
                    0.0,
                    0.0,
                    1.0
                ]
            ]
        },
        {
            "file_path": "/data/shapenet_blender/all_50_random/02958343/a6acea161250379aba3e2415e22cd45c/r_10",
            "rotation": 0.12566370614359174,
            "transform_matrix": [
                [
                    -0.890559732913971,
                    -0.3456035256385803,
                    0.2957391142845154,
                    1.1921626329421997
                ],
                [
                    0.4548664689064026,
                    -0.6766393780708313,
                    0.5790124535560608,
                    2.334074020385742
                ],
                [
                    -1.4901162970204496e-08,
                    0.650166928768158,
                    0.7597912549972534,
                    3.062816858291626
                ],
                [
                    0.0,
                    0.0,
                    0.0,
                    1.0
                ]
            ]
        },
        {
            "file_path": "/data/shapenet_blender/all_50_random/02958343/a6acea161250379aba3e2415e22cd45c/r_11",
            "rotation": 0.12566370614359174,
            "transform_matrix": [
                [
                    0.724359393119812,
                    -0.06123945489525795,
                    0.6866971850395203,
                    2.768165111541748
                ],
                [
                    0.6894224882125854,
                    0.06434279680252075,
                    -0.7214959859848022,
                    -2.9084436893463135
                ],
                [
                    0.0,
                    0.9960470795631409,
                    0.08882716298103333,
                    0.35807377099990845
                ],
                [
                    0.0,
                    0.0,
                    0.0,
                    1.0
                ]
            ]
        },
        {
            "file_path": "/data/shapenet_blender/all_50_random/02958343/a6acea161250379aba3e2415e22cd45c/r_12",
            "rotation": 0.12566370614359174,
            "transform_matrix": [
                [
                    -0.9991446733474731,
                    0.01678450219333172,
                    0.03779308870434761,
                    0.1523488163948059
                ],
                [
                    0.04135259985923767,
                    0.4055402874946594,
                    0.9131412506103516,
                    3.680990219116211
                ],
                [
                    1.862645371275562e-09,
                    0.9139229655265808,
                    -0.4058874845504761,
                    -1.636184811592102
                ],
                [
                    0.0,
                    0.0,
                    0.0,
                    1.0
                ]
            ]
        },
        {
            "file_path": "/data/shapenet_blender/all_50_random/02958343/a6acea161250379aba3e2415e22cd45c/r_13",
            "rotation": 0.12566370614359174,
            "transform_matrix": [
                [
                    -0.12124617397785187,
                    -0.2536543607711792,
                    -0.9596660137176514,
                    -3.868537187576294
                ],
                [
                    -0.9926225543022156,
                    0.030983196571469307,
                    0.11722061783075333,
                    0.47253140807151794
                ],
                [
                    0.0,
                    0.9667986035346985,
                    -0.25553959608078003,
                    -1.0301131010055542
                ],
                [
                    0.0,
                    0.0,
                    0.0,
                    1.0
                ]
            ]
        },
        {
            "file_path": "/data/shapenet_blender/all_50_random/02958343/a6acea161250379aba3e2415e22cd45c/r_14",
            "rotation": 0.12566370614359174,
            "transform_matrix": [
                [
                    0.22650447487831116,
                    -0.08479232341051102,
                    -0.970312237739563,
                    -3.91145396232605
                ],
                [
                    -0.9740101099014282,
                    -0.019718317314982414,
                    -0.2256445437669754,
                    -0.9096022844314575
                ],
                [
                    1.862645371275562e-09,
                    0.9962034225463867,
                    -0.08705486357212067,
                    -0.3509294092655182
                ],
                [
                    0.0,
                    0.0,
                    0.0,
                    1.0
                ]
            ]
        },
        {
            "file_path": "/data/shapenet_blender/all_50_random/02958343/a6acea161250379aba3e2415e22cd45c/r_15",
            "rotation": 0.12566370614359174,
            "transform_matrix": [
                [
                    -0.9319129586219788,
                    -0.3273847699165344,
                    0.1560688316822052,
                    0.6291335225105286
                ],
                [
                    0.362682044506073,
                    -0.8412164449691772,
                    0.40101948380470276,
                    1.6165610551834106
                ],
                [
                    0.0,
                    0.4303184747695923,
                    0.9026771187782288,
                    3.638807535171509
                ],
                [
                    0.0,
                    0.0,
                    0.0,
                    1.0
                ]
            ]
        },
        {
            "file_path": "/data/shapenet_blender/all_50_random/02958343/a6acea161250379aba3e2415e22cd45c/r_16",
            "rotation": 0.12566370614359174,
            "transform_matrix": [
                [
                    -0.9428202509880066,
                    0.033257972449064255,
                    0.33163824677467346,
                    1.336876392364502
                ],
                [
                    0.33330169320106506,
                    0.09407781064510345,
                    0.9381148815155029,
                    3.7816615104675293
                ],
                [
                    -1.8626449271863521e-09,
                    0.9950091242790222,
                    -0.09978342056274414,
                    -0.4022397994995117
                ],
                [
                    0.0,
                    0.0,
                    0.0,
                    1.0
                ]
            ]
        },
        {
            "file_path": "/data/shapenet_blender/all_50_random/02958343/a6acea161250379aba3e2415e22cd45c/r_17",
            "rotation": 0.12566370614359174,
            "transform_matrix": [
                [
                    0.2206813395023346,
                    0.3294503688812256,
                    0.9180207848548889,
                    3.700660228729248
                ],
                [
                    0.9753459692001343,
                    -0.07454129308462143,
                    -0.20771098136901855,
                    -0.8373097777366638
                ],
                [
                    -7.450580596923828e-09,
                    0.9412257671356201,
                    -0.3377779722213745,
                    -1.3616265058517456
                ],
                [
                    0.0,
                    0.0,
                    0.0,
                    1.0
                ]
            ]
        },
        {
            "file_path": "/data/shapenet_blender/all_50_random/02958343/a6acea161250379aba3e2415e22cd45c/r_18",
            "rotation": 0.12566370614359174,
            "transform_matrix": [
                [
                    -0.7908651828765869,
                    0.31022924184799194,
                    -0.5275319814682007,
                    -2.12654972076416
                ],
                [
                    -0.6119903922080994,
                    -0.40090420842170715,
                    0.6817209720611572,
                    2.74810528755188
                ],
                [
                    -1.4901161193847656e-08,
                    0.8619940280914307,
                    0.5069184303283691,
                    2.0434536933898926
                ],
                [
                    0.0,
                    0.0,
                    0.0,
                    1.0
                ]
            ]
        },
        {
            "file_path": "/data/shapenet_blender/all_50_random/02958343/a6acea161250379aba3e2415e22cd45c/r_19",
            "rotation": 0.12566370614359174,
            "transform_matrix": [
                [
                    -0.11001423001289368,
                    -0.3868359923362732,
                    0.9155624508857727,
                    3.6907505989074707
                ],
                [
                    0.9939300417900085,
                    -0.042817361652851105,
                    0.10134002566337585,
                    0.40851473808288574
                ],
                [
                    0.0,
                    0.9211539030075073,
                    0.3891983926296234,
                    1.5689090490341187
                ],
                [
                    0.0,
                    0.0,
                    0.0,
                    1.0
                ]
            ]
        },
        {
            "file_path": "/data/shapenet_blender/all_50_random/02958343/a6acea161250379aba3e2415e22cd45c/r_20",
            "rotation": 0.12566370614359174,
            "transform_matrix": [
                [
                    0.5967251062393188,
                    0.13330970704555511,
                    0.7912948727607727,
                    3.1898117065429688
                ],
                [
                    0.802445650100708,
                    -0.09913349896669388,
                    -0.588433027267456,
                    -2.372049331665039
                ],
                [
                    -7.450580152834618e-09,
                    0.9861039519309998,
                    -0.1661292463541031,
                    -0.6696884036064148
                ],
                [
                    0.0,
                    0.0,
                    0.0,
                    1.0
                ]
            ]
        },
        {
            "file_path": "/data/shapenet_blender/all_50_random/02958343/a6acea161250379aba3e2415e22cd45c/r_21",
            "rotation": 0.12566370614359174,
            "transform_matrix": [
                [
                    -0.9943084716796875,
                    -0.10357332974672318,
                    -0.024965718388557434,
                    -0.10064002871513367
                ],
                [
                    -0.1065397635102272,
                    0.9666234850883484,
                    0.23299869894981384,
                    0.9392477869987488
                ],
                [
                    -1.862645149230957e-09,
                    0.2343323975801468,
                    -0.9721565246582031,
                    -3.9188883304595947
                ],
                [
                    0.0,
                    0.0,
                    0.0,
                    1.0
                ]
            ]
        },
        {
            "file_path": "/data/shapenet_blender/all_50_random/02958343/a6acea161250379aba3e2415e22cd45c/r_22",
            "rotation": 0.12566370614359174,
            "transform_matrix": [
                [
                    0.7479472756385803,
                    -0.1414281278848648,
                    -0.6485158801078796,
                    -2.6142513751983643
                ],
                [
                    -0.6637580990791321,
                    -0.1593664586544037,
                    -0.7307717204093933,
                    -2.9458353519439697
                ],
                [
                    0.0,
                    0.9770364761352539,
                    -0.2130717784166336,
                    -0.8589198589324951
                ],
                [
                    0.0,
                    0.0,
                    0.0,
                    1.0
                ]
            ]
        },
        {
            "file_path": "/data/shapenet_blender/all_50_random/02958343/a6acea161250379aba3e2415e22cd45c/r_23",
            "rotation": 0.12566370614359174,
            "transform_matrix": [
                [
                    0.9945926070213318,
                    0.06425198912620544,
                    0.08159175515174866,
                    0.3289068937301636
                ],
                [
                    0.10385342687368393,
                    -0.6153340935707092,
                    -0.7813950777053833,
                    -3.149904251098633
                ],
                [
                    -3.725290298461914e-09,
                    0.7856432795524597,
                    -0.6186796426773071,
                    -2.4939773082733154
                ],
                [
                    0.0,
                    0.0,
                    0.0,
                    1.0
                ]
            ]
        },
        {
            "file_path": "/data/shapenet_blender/all_50_random/02958343/a6acea161250379aba3e2415e22cd45c/r_24",
            "rotation": 0.12566370614359174,
            "transform_matrix": [
                [
                    0.9920833110809326,
                    -0.030738579109311104,
                    0.1217617318034172,
                    0.4908372461795807
                ],
                [
                    0.1255817711353302,
                    0.24283169209957123,
                    -0.9619054198265076,
                    -3.8775646686553955
                ],
                [
                    -1.862645149230957e-09,
                    0.9695812463760376,
                    0.24476949870586395,
                    0.9866974353790283
                ],
                [
                    0.0,
                    0.0,
                    0.0,
                    1.0
                ]
            ]
        },
        {
            "file_path": "/data/shapenet_blender/all_50_random/02958343/a6acea161250379aba3e2415e22cd45c/r_25",
            "rotation": 0.12566370614359174,
            "transform_matrix": [
                [
                    0.38093945384025574,
                    0.010916986502707005,
                    0.9245355725288391,
                    3.726922035217285
                ],
                [
                    0.9246000647544861,
                    -0.00449784891679883,
                    -0.3809128999710083,
                    -1.5355089902877808
                ],
                [
                    4.656612873077393e-10,
                    0.9999302625656128,
                    -0.011807254515588284,
                    -0.04759656637907028
                ],
                [
                    0.0,
                    0.0,
                    0.0,
                    1.0
                ]
            ]
        },
        {
            "file_path": "/data/shapenet_blender/all_50_random/02958343/a6acea161250379aba3e2415e22cd45c/r_26",
            "rotation": 0.12566370614359174,
            "transform_matrix": [
                [
                    -0.5192399621009827,
                    0.5343544483184814,
                    0.666974663734436,
                    2.6886608600616455
                ],
                [
                    0.8546285629272461,
                    0.3246535658836365,
                    0.4052285850048065,
                    1.633528709411621
                ],
                [
                    0.0,
                    0.7804262638092041,
                    -0.6252476572990417,
                    -2.520453929901123
                ],
                [
                    0.0,
                    0.0,
                    0.0,
                    1.0
                ]
            ]
        },
        {
            "file_path": "/data/shapenet_blender/all_50_random/02958343/a6acea161250379aba3e2415e22cd45c/r_27",
            "rotation": 0.12566370614359174,
            "transform_matrix": [
                [
                    -0.7467816472053528,
                    0.03429943695664406,
                    -0.6641843318939209,
                    -2.677412748336792
                ],
                [
                    -0.6650693416595459,
                    -0.038513559848070145,
                    0.7457877993583679,
                    3.006366729736328
                ],
                [
                    -1.862645149230957e-09,
                    0.9986692070960999,
                    0.05157272890210152,
                    0.20789632201194763
                ],
                [
                    0.0,
                    0.0,
                    0.0,
                    1.0
                ]
            ]
        },
        {
            "file_path": "/data/shapenet_blender/all_50_random/02958343/a6acea161250379aba3e2415e22cd45c/r_28",
            "rotation": 0.12566370614359174,
            "transform_matrix": [
                [
                    0.7891111373901367,
                    -0.5490638017654419,
                    -0.275377094745636,
                    -1.110080599784851
                ],
                [
                    -0.6142504215240479,
                    -0.7053676247596741,
                    -0.35376960039138794,
                    -1.4260908365249634
                ],
                [
                    -1.4901161193847656e-08,
                    0.44831404089927673,
                    -0.8938760757446289,
                    -3.603329658508301
                ],
                [
                    0.0,
                    0.0,
                    0.0,
                    1.0
                ]
            ]
        },
        {
            "file_path": "/data/shapenet_blender/all_50_random/02958343/a6acea161250379aba3e2415e22cd45c/r_29",
            "rotation": 0.12566370614359174,
            "transform_matrix": [
                [
                    0.9128018617630005,
                    -0.018479233607649803,
                    -0.4079843759536743,
                    -1.6446375846862793
                ],
                [
                    -0.40840262174606323,
                    -0.04130208119750023,
                    -0.9118670225143433,
                    -3.6758534908294678
                ],
                [
                    0.0,
                    0.9989758729934692,
                    -0.045247580856084824,
                    -0.18239882588386536
                ],
                [
                    0.0,
                    0.0,
                    0.0,
                    1.0
                ]
            ]
        },
        {
            "file_path": "/data/shapenet_blender/all_50_random/02958343/a6acea161250379aba3e2415e22cd45c/r_30",
            "rotation": 0.12566370614359174,
            "transform_matrix": [
                [
                    -0.04608892649412155,
                    0.23861351609230042,
                    0.9700202941894531,
                    3.9102768898010254
                ],
                [
                    0.9989373683929443,
                    0.011009140871465206,
                    0.0447547547519207,
                    0.1804121881723404
                ],
                [
                    -9.313225746154785e-10,
                    0.9710522294044495,
                    -0.23886734247207642,
                    -0.9629050493240356
                ],
                [
                    0.0,
                    0.0,
                    0.0,
                    1.0
                ]
            ]
        },
        {
            "file_path": "/data/shapenet_blender/all_50_random/02958343/a6acea161250379aba3e2415e22cd45c/r_31",
            "rotation": 0.12566370614359174,
            "transform_matrix": [
                [
                    0.2553516924381256,
                    0.16044272482395172,
                    -0.9534429907798767,
                    -3.843451738357544
                ],
                [
                    -0.9668482542037964,
                    0.04237409681081772,
                    -0.25181126594543457,
                    -1.01508367061615
                ],
                [
                    -3.725290742551124e-09,
                    0.9861350655555725,
                    0.16594406962394714,
                    0.6689419150352478
                ],
                [
                    0.0,
                    0.0,
                    0.0,
                    1.0
                ]
            ]
        },
        {
            "file_path": "/data/shapenet_blender/all_50_random/02958343/a6acea161250379aba3e2415e22cd45c/r_32",
            "rotation": 0.12566370614359174,
            "transform_matrix": [
                [
                    -0.8531515598297119,
                    0.13531264662742615,
                    0.5038083791732788,
                    2.030916690826416
                ],
                [
                    0.5216631889343262,
                    0.22129642963409424,
                    0.8239510655403137,
                    3.321453332901001
                ],
                [
                    0.0,
                    0.9657734632492065,
                    -0.25938698649406433,
                    -1.04562246799469
                ],
                [
                    0.0,
                    0.0,
                    0.0,
                    1.0
                ]
            ]
        },
        {
            "file_path": "/data/shapenet_blender/all_50_random/02958343/a6acea161250379aba3e2415e22cd45c/r_33",
            "rotation": 0.12566370614359174,
            "transform_matrix": [
                [
                    -0.1896207481622696,
                    0.1802295595407486,
                    0.9651742577552795,
                    3.8907418251037598
                ],
                [
                    0.981857419013977,
                    0.0348067507147789,
                    0.18639881908893585,
                    0.7513976693153381
                ],
                [
                    0.0,
                    0.9830085039138794,
                    -0.1835598200559616,
                    -0.7399532794952393
                ],
                [
                    0.0,
                    0.0,
                    0.0,
                    1.0
                ]
            ]
        },
        {
            "file_path": "/data/shapenet_blender/all_50_random/02958343/a6acea161250379aba3e2415e22cd45c/r_34",
            "rotation": 0.12566370614359174,
            "transform_matrix": [
                [
                    0.31510448455810547,
                    0.18970845639705658,
                    -0.9299031496047974,
                    -3.7485594749450684
                ],
                [
                    -0.9490569829940796,
                    0.06298672407865524,
                    -0.30874505639076233,
                    -1.2445911169052124
                ],
                [
                    7.450580152834618e-09,
                    0.9798180460929871,
                    0.19989153742790222,
                    0.8057885766029358
                ],
                [
                    0.0,
                    0.0,
                    0.0,
                    1.0
                ]
            ]
        },
        {
            "file_path": "/data/shapenet_blender/all_50_random/02958343/a6acea161250379aba3e2415e22cd45c/r_35",
            "rotation": 0.12566370614359174,
            "transform_matrix": [
                [
                    0.7969736456871033,
                    -0.06280281394720078,
                    0.6007403135299683,
                    2.421661615371704
                ],
                [
                    0.6040142178535461,
                    0.08286590874195099,
                    -0.7926538586616516,
                    -3.1952898502349854
                ],
                [
                    0.0,
                    0.9945797324180603,
                    0.10397574305534363,
                    0.4191396236419678
                ],
                [
                    0.0,
                    0.0,
                    0.0,
                    1.0
                ]
            ]
        },
        {
            "file_path": "/data/shapenet_blender/all_50_random/02958343/a6acea161250379aba3e2415e22cd45c/r_36",
            "rotation": 0.12566370614359174,
            "transform_matrix": [
                [
                    0.958459734916687,
                    -0.19354629516601562,
                    0.20951087772846222,
                    0.8445653915405273
                ],
                [
                    0.2852279841899872,
                    0.6503791213035583,
                    -0.7040254473686218,
                    -2.838017463684082
                ],
                [
                    1.4901162970204496e-08,
                    0.7345384359359741,
                    0.6785670518875122,
                    2.73539137840271
                ],
                [
                    0.0,
                    0.0,
                    0.0,
                    1.0
                ]
            ]
        },
        {
            "file_path": "/data/shapenet_blender/all_50_random/02958343/a6acea161250379aba3e2415e22cd45c/r_37",
            "rotation": 0.12566370614359174,
            "transform_matrix": [
                [
                    -0.99090975522995,
                    0.01595362275838852,
                    -0.13357917964458466,
                    -0.5384749174118042
                ],
                [
                    -0.1345284879207611,
                    -0.11751116812229156,
                    0.9839172959327698,
                    3.9662973880767822
                ],
                [
                    0.0,
                    0.9929434061050415,
                    0.11858917027711868,
                    0.4780482351779938
                ],
                [
                    0.0,
                    0.0,
                    0.0,
                    1.0
                ]
            ]
        },
        {
            "file_path": "/data/shapenet_blender/all_50_random/02958343/a6acea161250379aba3e2415e22cd45c/r_38",
            "rotation": 0.12566370614359174,
            "transform_matrix": [
                [
                    -0.9985212087631226,
                    0.01900586113333702,
                    -0.050932418555021286,
                    -0.20531515777111053
                ],
                [
                    -0.054362982511520386,
                    -0.34909334778785706,
                    0.9355097413063049,
                    3.77116060256958
                ],
                [
                    0.0,
                    0.9368952512741089,
                    0.34961026906967163,
                    1.4093241691589355
                ],
                [
                    0.0,
                    0.0,
                    0.0,
                    1.0
                ]
            ]
        },
        {
            "file_path": "/data/shapenet_blender/all_50_random/02958343/a6acea161250379aba3e2415e22cd45c/r_39",
            "rotation": 0.12566370614359174,
            "transform_matrix": [
                [
                    -0.9883976578712463,
                    -0.0047746445052325726,
                    -0.1518133282661438,
                    -0.6119791269302368
                ],
                [
                    -0.1518884003162384,
                    0.031070491299033165,
                    0.9879091382026672,
                    3.982389211654663
                ],
                [
                    -4.656612873077393e-10,
                    0.9995058178901672,
                    -0.03143521025776863,
                    -0.1267193853855133
                ],
                [
                    0.0,
                    0.0,
                    0.0,
                    1.0
                ]
            ]
        },
        {
            "file_path": "/data/shapenet_blender/all_50_random/02958343/a6acea161250379aba3e2415e22cd45c/r_40",
            "rotation": 0.12566370614359174,
            "transform_matrix": [
                [
                    -0.16735327243804932,
                    0.789710521697998,
                    0.5902119278907776,
                    2.379220724105835
                ],
                [
                    0.9858970642089844,
                    0.1340511590242386,
                    0.10018683224916458,
                    0.40386608242988586
                ],
                [
                    0.0,
                    0.5986548066139221,
                    -0.8010070323944092,
                    -3.2289628982543945
                ],
                [
                    0.0,
                    0.0,
                    0.0,
                    1.0
                ]
            ]
        },
        {
            "file_path": "/data/shapenet_blender/all_50_random/02958343/a6acea161250379aba3e2415e22cd45c/r_41",
            "rotation": 0.12566370614359174,
            "transform_matrix": [
                [
                    0.9682860970497131,
                    0.18278145790100098,
                    -0.17033188045024872,
                    -0.6866297721862793
                ],
                [
                    -0.24984396994113922,
                    0.7083811163902283,
                    -0.6601319909095764,
                    -2.6610770225524902
