{
    "class": "02958343",
    "model": "8b22da6bba6c81452af3f274e91bb46f",
    "remove_doubles": true,
    "edge_split": true,
    "denoise": true,
    "camera_angle_x": 0.6911112070083618,
    "scale_factor": 2.344171242320011,
    "hdri_file": "/data/IndoorHDRDataset2018/9C4A0205-437172d8ee.exr",
    "center_offset": [
        0.0,
        -2.7939677238464355e-09,
        0.0
    ],
    "lights": [],
    "frames": [
        {
            "file_path": "/data/shapenet_blender/all_50_random/02958343/8b22da6bba6c81452af3f274e91bb46f/r_0",
            "rotation": 0.12566370614359174,
            "transform_matrix": [
                [
                    0.7296912670135498,
                    0.3976235091686249,
                    -0.5562788248062134,
                    -2.242431879043579
                ],
                [
                    -0.6837767958641052,
                    0.42432329058647156,
                    -0.5936320424079895,
                    -2.393007516860962
                ],
                [
                    0.0,
                    0.8135387301445007,
                    0.5815106630325317,
                    2.344144582748413
                ],
                [
                    0.0,
                    0.0,
                    0.0,
                    1.0
                ]
            ]
        },
        {
            "file_path": "/data/shapenet_blender/all_50_random/02958343/8b22da6bba6c81452af3f274e91bb46f/r_1",
            "rotation": 0.12566370614359174,
            "transform_matrix": [
                [
                    -0.5559655427932739,
                    0.36142513155937195,
                    -0.7485145926475525,
                    -3.0173587799072266
                ],
                [
                    -0.8312053084373474,
                    -0.2417452484369278,
                    0.5006565451622009,
                    2.0182111263275146
                ],
                [
                    0.0,
                    0.9005171060562134,
                    0.4348205029964447,
                    1.7528175115585327
                ],
                [
                    0.0,
                    0.0,
                    0.0,
                    1.0
                ]
            ]
        },
        {
            "file_path": "/data/shapenet_blender/all_50_random/02958343/8b22da6bba6c81452af3f274e91bb46f/r_2",
            "rotation": 0.12566370614359174,
            "transform_matrix": [
                [
                    -0.7944579124450684,
                    -0.17595337331295013,
                    -0.5812719464302063,
                    -2.34318208694458
                ],
                [
                    -0.6073192358016968,
                    0.23017145693302155,
                    0.7603844404220581,
                    3.0652077198028564
                ],
                [
                    0.0,
                    0.9571109414100647,
                    -0.28972142934799194,
                    -1.1679044961929321
                ],
                [
                    0.0,
                    0.0,
                    0.0,
                    1.0
                ]
            ]
        },
        {
            "file_path": "/data/shapenet_blender/all_50_random/02958343/8b22da6bba6c81452af3f274e91bb46f/r_3",
            "rotation": 0.12566370614359174,
            "transform_matrix": [
                [
                    0.9655031561851501,
                    -0.0035120879765599966,
                    0.26036784052848816,
                    1.0495762825012207
                ],
                [
                    0.260391503572464,
                    0.013022435829043388,
                    -0.9654152989387512,
                    -3.8917136192321777
                ],
                [
                    0.0,
                    0.9999089241027832,
                    0.013487721793353558,
                    0.05437074601650238
                ],
                [
                    0.0,
                    0.0,
                    0.0,
                    1.0
                ]
            ]
        },
        {
            "file_path": "/data/shapenet_blender/all_50_random/02958343/8b22da6bba6c81452af3f274e91bb46f/r_4",
            "rotation": 0.12566370614359174,
            "transform_matrix": [
                [
                    -0.24722044169902802,
                    -0.27263253927230835,
                    -0.9298137426376343,
                    -3.748198986053467
                ],
                [
                    -0.9689593315124512,
                    0.0695595070719719,
                    0.23723283410072327,
                    0.9563161134719849
                ],
                [
                    0.0,
                    0.9596004486083984,
                    -0.28136634826660156,
                    -1.1342240571975708
                ],
                [
                    0.0,
                    0.0,
                    0.0,
                    1.0
                ]
            ]
        },
        {
            "file_path": "/data/shapenet_blender/all_50_random/02958343/8b22da6bba6c81452af3f274e91bb46f/r_5",
            "rotation": 0.12566370614359174,
            "transform_matrix": [
                [
                    0.570497453212738,
                    0.2028140276670456,
                    0.7958638072013855,
                    3.2082295417785645
                ],
                [
                    0.8212994933128357,
                    -0.14088024199008942,
                    -0.5528290867805481,
                    -2.228525400161743
                ],
                [
                    -7.450581485102248e-09,
                    0.9690300226211548,
                    -0.24694283306598663,
                    -0.9954584240913391
                ],
                [
                    0.0,
                    0.0,
                    0.0,
                    1.0
                ]
            ]
        },
        {
            "file_path": "/data/shapenet_blender/all_50_random/02958343/8b22da6bba6c81452af3f274e91bb46f/r_6",
            "rotation": 0.12566370614359174,
            "transform_matrix": [
                [
                    0.0631578341126442,
                    -0.3827713429927826,
                    0.9216817617416382,
                    3.7154176235198975
                ],
                [
                    0.9980034828186035,
                    0.02422337420284748,
                    -0.05832788348197937,
                    -0.23512719571590424
                ],
                [
                    0.0,
                    0.9235255122184753,
                    0.38353708386421204,
                    1.5460872650146484
                ],
                [
                    0.0,
                    0.0,
                    0.0,
                    1.0
                ]
            ]
        },
        {
            "file_path": "/data/shapenet_blender/all_50_random/02958343/8b22da6bba6c81452af3f274e91bb46f/r_7",
            "rotation": 0.12566370614359174,
            "transform_matrix": [
                [
                    -0.2882283627986908,
                    -0.1537025272846222,
                    0.9451454877853394,
                    3.8100032806396484
                ],
                [
                    0.9575616717338562,
                    -0.04626483842730522,
                    0.28449109196662903,
                    1.146820306777954
                ],
                [
                    3.725290076417309e-09,
                    0.987033486366272,
                    0.16051450371742249,
                    0.6470546722412109
                ],
                [
                    0.0,
                    0.0,
                    0.0,
                    1.0
                ]
            ]
        },
        {
            "file_path": "/data/shapenet_blender/all_50_random/02958343/8b22da6bba6c81452af3f274e91bb46f/r_8",
            "rotation": 0.12566370614359174,
            "transform_matrix": [
                [
                    -0.9999843239784241,
                    -0.0005709740216843784,
                    0.005581794772297144,
                    0.022500932216644287
                ],
                [
                    0.005610921885818243,
                    -0.10175958275794983,
                    0.9947932958602905,
                    4.010139465332031
                ],
                [
                    -5.820766091346741e-11,
                    0.9948087930679321,
                    0.10176119953393936,
                    0.4102124571800232
                ],
                [
                    0.0,
                    0.0,
                    0.0,
                    1.0
                ]
            ]
        },
        {
            "file_path": "/data/shapenet_blender/all_50_random/02958343/8b22da6bba6c81452af3f274e91bb46f/r_9",
            "rotation": 0.12566370614359174,
            "transform_matrix": [
                [
                    0.6703883409500122,
                    -0.1862402856349945,
                    0.7182576060295105,
                    2.8953890800476074
                ],
                [
                    0.7420104146003723,
                    0.1682635396718979,
                    -0.6489282250404358,
                    -2.6159133911132812
                ],
                [
                    1.4901162970204496e-08,
                    0.9679884910583496,
                    0.25099417567253113,
                    1.0117899179458618
                ],
                [
                    0.0,
                    0.0,
                    0.0,
                    1.0
                ]
            ]
        },
        {
            "file_path": "/data/shapenet_blender/all_50_random/02958343/8b22da6bba6c81452af3f274e91bb46f/r_10",
            "rotation": 0.12566370614359174,
            "transform_matrix": [
                [
                    -0.33086827397346497,
                    -0.09553021192550659,
                    0.9388290047645569,
                    3.784541130065918
                ],
                [
                    0.9436768889427185,
                    -0.03349442780017853,
                    0.32916852831840515,
                    1.3269208669662476
                ],
                [
                    0.0,
                    0.9948628544807434,
                    0.1012318879365921,
                    0.4080788195133209
                ],
                [
                    0.0,
                    0.0,
                    0.0,
                    1.0
                ]
            ]
        },
        {
            "file_path": "/data/shapenet_blender/all_50_random/02958343/8b22da6bba6c81452af3f274e91bb46f/r_11",
            "rotation": 0.12566370614359174,
            "transform_matrix": [
                [
                    -0.2055293768644333,
                    -0.8271327018737793,
                    0.523076593875885,
                    2.1085894107818604
                ],
                [
                    0.9786508679389954,
                    -0.17370858788490295,
                    0.1098528653383255,
                    0.4428310990333557
                ],
                [
                    7.450580152834618e-09,
                    0.5344874858856201,
                    0.8451763391494751,
                    3.407015085220337
                ],
                [
                    0.0,
                    0.0,
                    0.0,
                    1.0
                ]
            ]
        },
        {
            "file_path": "/data/shapenet_blender/all_50_random/02958343/8b22da6bba6c81452af3f274e91bb46f/r_12",
            "rotation": 0.12566370614359174,
            "transform_matrix": [
                [
                    0.940857470035553,
                    0.287738561630249,
                    -0.17886805534362793,
                    -0.7210401892662048
                ],
                [
                    -0.338802695274353,
                    0.7990520596504211,
                    -0.4967178404331207,
                    -2.002333641052246
                ],
                [
                    1.4901161193847656e-08,
                    0.5279417037963867,
                    0.849280595779419,
                    3.4235596656799316
                ],
                [
                    0.0,
                    0.0,
                    0.0,
                    1.0
                ]
            ]
        },
        {
            "file_path": "/data/shapenet_blender/all_50_random/02958343/8b22da6bba6c81452af3f274e91bb46f/r_13",
            "rotation": 0.12566370614359174,
            "transform_matrix": [
                [
                    0.42702552676200867,
                    0.021055778488516808,
                    0.9039943218231201,
                    3.644117832183838
                ],
                [
                    0.9042395949363708,
                    -0.009943554177880287,
                    -0.4269097149372101,
                    -1.7209281921386719
                ],
                [
                    0.0,
                    0.999728798866272,
                    -0.023285619914531708,
                    -0.09386734664440155
                ],
                [
                    0.0,
                    0.0,
                    0.0,
                    1.0
                ]
            ]
        },
        {
            "file_path": "/data/shapenet_blender/all_50_random/02958343/8b22da6bba6c81452af3f274e91bb46f/r_14",
            "rotation": 0.12566370614359174,
            "transform_matrix": [
                [
                    -0.9479373693466187,
                    0.27041444182395935,
                    0.16819830238819122,
                    0.6780290603637695
                ],
                [
                    0.31845661997795105,
                    0.8049320578575134,
                    0.5006693005561829,
                    2.0182626247406006
                ],
                [
                    0.0,
                    0.5281670093536377,
                    -0.849140465259552,
                    -3.422994613647461
                ],
                [
                    0.0,
                    0.0,
                    0.0,
                    1.0
                ]
            ]
        },
        {
            "file_path": "/data/shapenet_blender/all_50_random/02958343/8b22da6bba6c81452af3f274e91bb46f/r_15",
            "rotation": 0.12566370614359174,
            "transform_matrix": [
                [
                    0.26604294776916504,
                    -0.6371843814849854,
                    0.7233375906944275,
                    2.9158670902252197
                ],
                [
                    0.9639612436294556,
                    0.17585605382919312,
                    -0.1996334195137024,
                    -0.8047480583190918
                ],
                [
                    0.0,
                    0.7503804564476013,
                    0.6610062122344971,
                    2.6646013259887695
                ],
                [
                    0.0,
                    0.0,
                    0.0,
                    1.0
                ]
            ]
        },
        {
            "file_path": "/data/shapenet_blender/all_50_random/02958343/8b22da6bba6c81452af3f274e91bb46f/r_16",
            "rotation": 0.12566370614359174,
            "transform_matrix": [
                [
                    -0.1873762011528015,
                    0.5805445313453674,
                    -0.7923751473426819,
                    -3.1941659450531006
                ],
                [
                    -0.9822882413864136,
                    -0.11074165254831314,
                    0.15114936232566833,
                    0.6093025207519531
                ],
                [
                    7.4505797087454084e-09,
                    0.8066624999046326,
                    0.5910124182701111,
                    2.3824470043182373
                ],
                [
                    0.0,
                    0.0,
                    0.0,
                    1.0
                ]
            ]
        },
        {
            "file_path": "/data/shapenet_blender/all_50_random/02958343/8b22da6bba6c81452af3f274e91bb46f/r_17",
            "rotation": 0.12566370614359174,
            "transform_matrix": [
                [
                    -0.5362529158592224,
                    0.523971438407898,
                    -0.6617300510406494,
                    -2.6675193309783936
                ],
                [
                    -0.8440572023391724,
                    -0.33289358019828796,
                    0.4204154312610626,
                    1.694748878479004
                ],
                [
                    0.0,
                    0.7839871644973755,
                    0.6207770109176636,
                    2.502432346343994
                ],
                [
                    0.0,
                    0.0,
                    0.0,
                    1.0
                ]
            ]
        },
        {
            "file_path": "/data/shapenet_blender/all_50_random/02958343/8b22da6bba6c81452af3f274e91bb46f/r_18",
            "rotation": 0.12566370614359174,
            "transform_matrix": [
                [
                    -0.7701606750488281,
                    0.031081845983862877,
                    0.6370921730995178,
                    2.5682005882263184
                ],
                [
                    0.6378499269485474,
                    0.03752922639250755,
                    0.7692457437515259,
                    3.100928783416748
                ],
                [
                    1.862645149230957e-09,
                    0.9988120198249817,
                    -0.04872909188270569,
                    -0.19643324613571167
                ],
                [
                    0.0,
                    0.0,
                    0.0,
                    1.0
                ]
            ]
        },
        {
            "file_path": "/data/shapenet_blender/all_50_random/02958343/8b22da6bba6c81452af3f274e91bb46f/r_19",
            "rotation": 0.12566370614359174,
            "transform_matrix": [
                [
                    -0.9148966073989868,
                    -0.04189853370189667,
                    0.4015081822872162,
                    1.6185312271118164
                ],
                [
                    0.4036884009838104,
                    -0.09495646506547928,
                    0.9099554419517517,
                    3.6681478023529053
                ],
                [
                    0.0,
                    0.9945994019508362,
                    0.10378927737474442,
                    0.4183879494667053
                ],
                [
                    0.0,
                    0.0,
                    0.0,
                    1.0
                ]
            ]
        },
        {
            "file_path": "/data/shapenet_blender/all_50_random/02958343/8b22da6bba6c81452af3f274e91bb46f/r_20",
            "rotation": 0.12566370614359174,
            "transform_matrix": [
                [
                    0.26442065834999084,
                    -0.02889515459537506,
                    0.9639744758605957,
                    3.8859055042266846
                ],
                [
                    0.9644074440002441,
                    0.007922455668449402,
                    -0.26430192589759827,
                    -1.0654351711273193
                ],
                [
                    0.0,
                    0.9995510578155518,
                    0.029961561784148216,
                    0.12077891826629639
                ],
                [
                    0.0,
                    0.0,
                    0.0,
                    1.0
                ]
            ]
        },
        {
            "file_path": "/data/shapenet_blender/all_50_random/02958343/8b22da6bba6c81452af3f274e91bb46f/r_21",
            "rotation": 0.12566370614359174,
            "transform_matrix": [
                [
                    0.9959957003593445,
                    -0.06333250552415848,
                    0.06310014426708221,
                    0.25436484813690186
                ],
                [
                    0.08940154314041138,
                    0.7055684328079224,
                    -0.7029797434806824,
                    -2.8338022232055664
                ],
                [
                    0.0,
                    0.7058059573173523,
                    0.708405077457428,
                    2.8556723594665527
                ],
                [
                    0.0,
                    0.0,
                    0.0,
                    1.0
                ]
            ]
        },
        {
            "file_path": "/data/shapenet_blender/all_50_random/02958343/8b22da6bba6c81452af3f274e91bb46f/r_22",
            "rotation": 0.12566370614359174,
            "transform_matrix": [
                [
                    -0.9844275116920471,
                    0.16144995391368866,
                    0.06954432278871536,
                    0.28034213185310364
                ],
                [
                    0.17579105496406555,
                    0.9041174650192261,
                    0.3894472122192383,
                    1.5699119567871094
                ],
                [
                    -7.450580596923828e-09,
                    0.39560776948928833,
                    -0.9184195399284363,
                    -3.702267646789551
                ],
                [
                    0.0,
                    0.0,
                    0.0,
                    1.0
                ]
            ]
        },
        {
            "file_path": "/data/shapenet_blender/all_50_random/02958343/8b22da6bba6c81452af3f274e91bb46f/r_23",
            "rotation": 0.12566370614359174,
            "transform_matrix": [
                [
                    0.99620521068573,
                    0.009189519099891186,
                    -0.08654962480068207,
                    -0.3488927185535431
                ],
                [
                    -0.0870361179113388,
                    0.10518214851617813,
                    -0.9906368255615234,
                    -3.993385076522827
                ],
                [
                    -9.313225746154785e-10,
                    0.994410514831543,
                    0.1055828183889389,
                    0.4256179928779602
                ],
                [
                    0.0,
                    0.0,
                    0.0,
                    1.0
                ]
            ]
        },
        {
            "file_path": "/data/shapenet_blender/all_50_random/02958343/8b22da6bba6c81452af3f274e91bb46f/r_24",
            "rotation": 0.12566370614359174,
            "transform_matrix": [
                [
                    0.8573088645935059,
                    0.4613886773586273,
                    0.2283460944890976,
                    0.9204925298690796
                ],
                [
                    0.5148022770881653,
                    -0.7683582305908203,
                    -0.38026851415634155,
                    -1.5329114198684692
                ],
                [
                    2.9802320611338473e-08,
                    0.4435606002807617,
                    -0.8962443470954895,
                    -3.6128764152526855
                ],
                [
                    0.0,
                    0.0,
                    0.0,
                    1.0
                ]
            ]
        },
        {
            "file_path": "/data/shapenet_blender/all_50_random/02958343/8b22da6bba6c81452af3f274e91bb46f/r_25",
            "rotation": 0.12566370614359174,
            "transform_matrix": [
                [
                    0.23953711986541748,
                    -0.4909922182559967,
                    -0.8375849723815918,
                    -3.376413106918335
                ],
                [
                    -0.9708871245384216,
                    -0.12113751471042633,
                    -0.2066488265991211,
                    -0.8330280780792236
                ],
                [
                    7.450580152834618e-09,
                    0.8627005815505981,
                    -0.5057149529457092,
                    -2.038602113723755
                ],
                [
                    0.0,
                    0.0,
                    0.0,
                    1.0
                ]
            ]
        },
        {
            "file_path": "/data/shapenet_blender/all_50_random/02958343/8b22da6bba6c81452af3f274e91bb46f/r_26",
            "rotation": 0.12566370614359174,
            "transform_matrix": [
                [
                    -0.4345226287841797,
                    -0.5105209946632385,
                    -0.741996169090271,
                    -2.991082191467285
                ],
                [
                    -0.9006609916687012,
                    0.24630014598369598,
                    0.357975035905838,
                    1.4430434703826904
                ],
                [
                    -1.4901162970204496e-08,
                    0.8238351345062256,
                    -0.5668293237686157,
                    -2.2849621772766113
                ],
                [
                    0.0,
                    0.0,
                    0.0,
                    1.0
                ]
            ]
        },
        {
            "file_path": "/data/shapenet_blender/all_50_random/02958343/8b22da6bba6c81452af3f274e91bb46f/r_27",
            "rotation": 0.12566370614359174,
            "transform_matrix": [
                [
                    -0.818845808506012,
                    0.11003590375185013,
                    -0.5633681416511536,
                    -2.271009683609009
                ],
                [
                    -0.5740135312080383,
                    -0.15696918964385986,
                    0.8036598563194275,
                    3.239656448364258
                ],
                [
                    0.0,
                    0.9814543724060059,
                    0.1916956603527069,
                    0.7727499008178711
                ],
                [
                    0.0,
                    0.0,
                    0.0,
                    1.0
                ]
            ]
        },
        {
            "file_path": "/data/shapenet_blender/all_50_random/02958343/8b22da6bba6c81452af3f274e91bb46f/r_28",
            "rotation": 0.12566370614359174,
            "transform_matrix": [
                [
                    -0.9912518858909607,
                    0.06183963268995285,
                    0.11659973859786987,
                    0.4700285494327545
                ],
                [
                    0.13198347389698029,
                    0.46444186568260193,
                    0.8757134675979614,
                    3.530113697052002
                ],
                [
                    0.0,
                    0.8834419250488281,
                    -0.468540757894516,
                    -1.888748049736023
                ],
                [
                    0.0,
                    0.0,
                    0.0,
                    1.0
                ]
            ]
        },
        {
            "file_path": "/data/shapenet_blender/all_50_random/02958343/8b22da6bba6c81452af3f274e91bb46f/r_29",
            "rotation": 0.12566370614359174,
            "transform_matrix": [
                [
                    0.9011150598526001,
                    -0.3676936626434326,
                    0.22976721823215485,
                    0.9262213110923767
                ],
                [
                    0.4335799813270569,
                    0.7641826272010803,
                    -0.47752827405929565,
                    -1.9249780178070068
                ],
                [
                    0.0,
                    0.5299304723739624,
                    0.8480411171913147,
                    3.4185631275177
                ],
                [
                    0.0,
                    0.0,
                    0.0,
                    1.0
                ]
            ]
        },
        {
            "file_path": "/data/shapenet_blender/all_50_random/02958343/8b22da6bba6c81452af3f274e91bb46f/r_30",
            "rotation": 0.12566370614359174,
            "transform_matrix": [
                [
                    0.05608050152659416,
                    0.40494129061698914,
                    -0.9126212000846863,
                    -3.678893804550171
                ],
                [
                    -0.9984263181686401,
                    0.022745104506611824,
                    -0.051260922104120255,
                    -0.2066393792629242
                ],
                [
                    0.0,
                    0.9140596985816956,
                    0.4055795967578888,
                    1.6349436044692993
                ],
                [
                    0.0,
                    0.0,
                    0.0,
                    1.0
                ]
            ]
        },
        {
            "file_path": "/data/shapenet_blender/all_50_random/02958343/8b22da6bba6c81452af3f274e91bb46f/r_31",
            "rotation": 0.12566370614359174,
            "transform_matrix": [
                [
                    0.6077093482017517,
                    -0.752047598361969,
                    0.2551741302013397,
                    1.0286396741867065
                ],
                [
                    0.7941595315933228,
                    0.5754842758178711,
                    -0.19526515901088715,
                    -0.7871389389038086
                ],
                [
                    0.0,
                    0.3213135004043579,
                    0.9469729661941528,
                    3.8173696994781494
                ],
                [
                    0.0,
                    0.0,
                    0.0,
                    1.0
                ]
            ]
        },
        {
            "file_path": "/data/shapenet_blender/all_50_random/02958343/8b22da6bba6c81452af3f274e91bb46f/r_32",
            "rotation": 0.12566370614359174,
            "transform_matrix": [
                [
                    0.07041529566049576,
                    -0.9128034710884094,
                    0.4022828936576843,
                    1.6216543912887573
                ],
                [
                    0.9975178241729736,
                    0.06443526595830917,
                    -0.02839735522866249,
                    -0.11447340995073318
                ],
                [
                    0.0,
                    0.4032839238643646,
                    0.9150747656822205,
                    3.688784599304199
                ],
                [
                    0.0,
                    0.0,
                    0.0,
                    1.0
                ]
            ]
        },
        {
            "file_path": "/data/shapenet_blender/all_50_random/02958343/8b22da6bba6c81452af3f274e91bb46f/r_33",
            "rotation": 0.12566370614359174,
            "transform_matrix": [
                [
                    -0.9992145299911499,
                    0.018277611583471298,
                    0.035161446779966354,
                    0.1417403221130371
                ],
                [
                    0.03962825611233711,
                    0.46086448431015015,
                    0.8865852952003479,
                    3.573939561843872
                ],
                [
                    0.0,
                    0.8872821927070618,
                    -0.46122676134109497,
                    -1.8592644929885864
                ],
                [
                    0.0,
                    0.0,
                    0.0,
                    1.0
                ]
            ]
        },
        {
            "file_path": "/data/shapenet_blender/all_50_random/02958343/8b22da6bba6c81452af3f274e91bb46f/r_34",
            "rotation": 0.12566370614359174,
            "transform_matrix": [
                [
                    0.7487070560455322,
                    0.22398968040943146,
                    0.6239120960235596,
                    2.5150701999664307
                ],
                [
                    0.6629010438919067,
                    -0.2529829442501068,
                    -0.7046714425086975,
                    -2.8406214714050293
                ],
                [
                    0.0,
                    0.9411844611167908,
                    -0.33789312839508057,
                    -1.362090826034546
                ],
                [
                    0.0,
                    0.0,
                    0.0,
                    1.0
                ]
            ]
        },
        {
            "file_path": "/data/shapenet_blender/all_50_random/02958343/8b22da6bba6c81452af3f274e91bb46f/r_35",
            "rotation": 0.12566370614359174,
            "transform_matrix": [
                [
                    0.05259000509977341,
                    0.08290169388055801,
                    -0.9951691031455994,
                    -4.011654853820801
                ],
                [
                    -0.9986162185668945,
                    0.004365841392427683,
                    -0.05240846797823906,
                    -0.21126529574394226
                ],
                [
                    0.0,
                    0.9965481162071228,
                    0.08301657438278198,
                    0.33465051651000977
                ],
                [
                    0.0,
                    0.0,
                    0.0,
                    1.0
                ]
            ]
        },
        {
            "file_path": "/data/shapenet_blender/all_50_random/02958343/8b22da6bba6c81452af3f274e91bb46f/r_36",
            "rotation": 0.12566370614359174,
            "transform_matrix": [
                [
                    0.9693981409072876,
                    -0.060581717640161514,
                    0.2379014492034912,
                    0.9590113759040833
                ],
                [
                    0.24549387395381927,
                    0.23922309279441833,
                    -0.9394174218177795,
                    -3.786912441253662
                ],
                [
                    0.0,
                    0.9690728783607483,
                    0.2467748522758484,
                    0.9947811961174011
                ],
                [
                    0.0,
                    0.0,
                    0.0,
                    1.0
                ]
            ]
        },
        {
            "file_path": "/data/shapenet_blender/all_50_random/02958343/8b22da6bba6c81452af3f274e91bb46f/r_37",
            "rotation": 0.12566370614359174,
            "transform_matrix": [
                [
                    -0.18715204298496246,
                    -0.004831062164157629,
                    -0.9823189973831177,
                    -3.9598548412323
                ],
                [
                    -0.9823310375213623,
                    0.0009204058442264795,
                    0.1871497482061386,
                    0.7544248104095459
                ],
                [
                    5.820766091346741e-11,
                    0.9999879598617554,
                    -0.004917957354336977,
                    -0.01982492208480835
                ],
                [
                    0.0,
                    0.0,
                    0.0,
                    1.0
                ]
            ]
        },
        {
            "file_path": "/data/shapenet_blender/all_50_random/02958343/8b22da6bba6c81452af3f274e91bb46f/r_38",
            "rotation": 0.12566370614359174,
            "transform_matrix": [
                [
                    -0.09326166659593582,
                    0.24494488537311554,
                    0.965040922164917,
                    3.890204906463623
                ],
                [
                    0.9956416487693787,
                    0.02294396609067917,
                    0.09039530158042908,
                    0.3643951416015625
                ],
                [
                    0.0,
                    0.9692654609680176,
                    -0.24601709842681885,
                    -0.9917267560958862
                ],
                [
                    0.0,
                    0.0,
                    0.0,
                    1.0
                ]
            ]
        },
        {
            "file_path": "/data/shapenet_blender/all_50_random/02958343/8b22da6bba6c81452af3f274e91bb46f/r_39",
            "rotation": 0.12566370614359174,
            "transform_matrix": [
                [
                    0.8543933629989624,
                    -0.32632073760032654,
                    -0.40438419580459595,
                    -1.630124807357788
                ],
                [
                    -0.5196265578269958,
                    -0.5365512371063232,
                    -0.6649066805839539,
                    -2.6803245544433594
                ],
                [
                    -1.4901158529312397e-08,
                    0.7782207131385803,
                    -0.6279907822608948,
                    -2.5315117835998535
                ],
                [
                    0.0,
                    0.0,
                    0.0,
                    1.0
                ]
            ]
        },
        {
            "file_path": "/data/shapenet_blender/all_50_random/02958343/8b22da6bba6c81452af3f274e91bb46f/r_40",
            "rotation": 0.12566370614359174,
            "transform_matrix": [
                [
                    0.7083360552787781,
                    -0.057957664132118225,
                    0.7034919857978821,
                    2.835866928100586
                ],
                [
                    0.7058753967285156,
                    0.05815970152616501,
                    -0.7059443593025208,
                    -2.845752716064453
                ],
                [
                    3.725290298461914e-09,
                    0.9966233968734741,
                    0.08210750669240952,
                    0.3309859335422516
                ],
                [
                    0.0,
                    0.0,
                    0.0,
                    1.0
                ]
            ]
        },
        {
            "file_path": "/data/shapenet_blender/all_50_random/02958343/8b22da6bba6c81452af3f274e91bb46f/r_41",
            "rotation": 0.12566370614359174,
            "transform_matrix": [
                [
                    -0.45009422302246094,
                    -0.06921704113483429,
                    0.8902944326400757,
                    3.5888917446136475
                ],
                [
                    0.8929811716079712,
                    -0.03488784655928612,
                    0.44874000549316406,
                    1.8089288473129272
                ],
                [
                    0.0,
                    0.9969913959503174,
                    0.07751232385635376,
