{
    "class": "02958343",
    "model": "b76bdcfc277f54007f3efc94c2d31dc5",
    "remove_doubles": true,
    "edge_split": true,
    "denoise": true,
    "camera_angle_x": 0.6911112070083618,
    "scale_factor": 2.2121201712844867,
    "hdri_file": "/data/IndoorHDRDataset2018/9C4A7962-09a6a98dd4.exr",
    "center_offset": [
        0.0,
        0.0,
        -1.862645149230957e-09
    ],
    "lights": [],
    "frames": [
        {
            "file_path": "/data/shapenet_blender/all_50_random/02958343/b76bdcfc277f54007f3efc94c2d31dc5/r_0",
            "rotation": 0.12566370614359174,
            "transform_matrix": [
                [
                    0.6173802614212036,
                    -0.032249052077531815,
                    -0.7860036492347717,
                    -3.1684815883636475
                ],
                [
                    -0.7866649627685547,
                    -0.025309288874268532,
                    -0.6168612837791443,
                    -2.486647129058838
                ],
                [
                    -1.862645371275562e-09,
                    0.9991592764854431,
                    -0.040994659066200256,
                    -0.16525474190711975
                ],
                [
                    0.0,
                    0.0,
                    0.0,
                    1.0
                ]
            ]
        },
        {
            "file_path": "/data/shapenet_blender/all_50_random/02958343/b76bdcfc277f54007f3efc94c2d31dc5/r_1",
            "rotation": 0.12566370614359174,
            "transform_matrix": [
                [
                    0.31630754470825195,
                    -0.15483416616916656,
                    -0.9359358549118042,
                    -3.7728781700134277
                ],
                [
                    -0.9486567974090576,
                    -0.05162585526704788,
                    -0.31206604838371277,
                    -1.2579784393310547
                ],
                [
                    -3.725290742551124e-09,
                    0.9865906238555908,
                    -0.16321413218975067,
                    -0.657937228679657
                ],
                [
                    0.0,
                    0.0,
                    0.0,
                    1.0
                ]
            ]
        },
        {
            "file_path": "/data/shapenet_blender/all_50_random/02958343/b76bdcfc277f54007f3efc94c2d31dc5/r_2",
            "rotation": 0.12566370614359174,
            "transform_matrix": [
                [
                    -0.6498209238052368,
                    -0.13900749385356903,
                    0.7472681999206543,
                    3.0123345851898193
                ],
                [
                    0.7600874304771423,
                    -0.11884155124425888,
                    0.638861358165741,
                    2.5753324031829834
                ],
                [
                    -7.450580596923828e-09,
                    0.9831346869468689,
                    0.18288353085517883,
                    0.7372270822525024
                ],
                [
                    0.0,
                    0.0,
                    0.0,
                    1.0
                ]
            ]
        },
        {
            "file_path": "/data/shapenet_blender/all_50_random/02958343/b76bdcfc277f54007f3efc94c2d31dc5/r_3",
            "rotation": 0.12566370614359174,
            "transform_matrix": [
                [
                    0.40330883860588074,
                    0.6024429798126221,
                    0.6887702941894531,
                    2.776521921157837
                ],
                [
                    0.9150639176368713,
                    -0.2655230760574341,
                    -0.30357131361961365,
                    -1.2237350940704346
                ],
                [
                    0.0,
                    0.7527018189430237,
                    -0.6583616137504578,
                    -2.653940439224243
                ],
                [
                    0.0,
                    0.0,
                    0.0,
                    1.0
                ]
            ]
        },
        {
            "file_path": "/data/shapenet_blender/all_50_random/02958343/b76bdcfc277f54007f3efc94c2d31dc5/r_4",
            "rotation": 0.12566370614359174,
            "transform_matrix": [
                [
                    -0.8250129818916321,
                    0.116184763610363,
                    0.5530413389205933,
                    2.2293808460235596
                ],
                [
                    0.5651138424873352,
                    0.16961881518363953,
                    0.8073883056640625,
                    3.254686117172241
                ],
                [
                    0.0,
                    0.9786370396614075,
                    -0.20559534430503845,
                    -0.8287813067436218
                ],
                [
                    0.0,
                    0.0,
                    0.0,
                    1.0
                ]
            ]
        },
        {
            "file_path": "/data/shapenet_blender/all_50_random/02958343/b76bdcfc277f54007f3efc94c2d31dc5/r_5",
            "rotation": 0.12566370614359174,
            "transform_matrix": [
                [
                    -0.9888457655906677,
                    0.03157546743750572,
                    0.1455579251050949,
                    0.5867627859115601
                ],
                [
                    0.14894333481788635,
                    0.20963183045387268,
                    0.9663696885108948,
                    3.8955607414245605
                ],
                [
                    1.862645149230957e-09,
                    0.9772704243659973,
                    -0.21199649572372437,
                    -0.8545852303504944
                ],
                [
                    0.0,
                    0.0,
                    0.0,
                    1.0
                ]
            ]
        },
        {
            "file_path": "/data/shapenet_blender/all_50_random/02958343/b76bdcfc277f54007f3efc94c2d31dc5/r_6",
            "rotation": 0.12566370614359174,
            "transform_matrix": [
                [
                    0.731174111366272,
                    -0.45071879029273987,
                    -0.5120905637741089,
                    -2.064303159713745
                ],
                [
                    -0.6821907162666321,
                    -0.48308178782463074,
                    -0.5488602519035339,
                    -2.212526559829712
                ],
                [
                    0.0,
                    0.7506559491157532,
                    -0.6606932282447815,
                    -2.663339614868164
                ],
                [
                    0.0,
                    0.0,
                    0.0,
                    1.0
                ]
            ]
        },
        {
            "file_path": "/data/shapenet_blender/all_50_random/02958343/b76bdcfc277f54007f3efc94c2d31dc5/r_7",
            "rotation": 0.12566370614359174,
            "transform_matrix": [
                [
                    -0.39880046248435974,
                    0.2740827202796936,
                    0.8751210570335388,
                    3.5277259349823
                ],
                [
                    0.917037844657898,
                    0.11919278651475906,
                    0.3805716931819916,
                    1.5341335535049438
                ],
                [
                    7.450581485102248e-09,
                    0.9542912840843201,
                    -0.2988782823085785,
                    -1.2048169374465942
                ],
                [
                    0.0,
                    0.0,
                    0.0,
                    1.0
                ]
            ]
        },
        {
            "file_path": "/data/shapenet_blender/all_50_random/02958343/b76bdcfc277f54007f3efc94c2d31dc5/r_8",
            "rotation": 0.12566370614359174,
            "transform_matrix": [
                [
                    0.6767865419387817,
                    -0.13473336398601532,
                    0.7237449884414673,
                    2.9175093173980713
                ],
                [
                    0.7361791729927063,
                    0.12386350333690643,
                    -0.6653555035591125,
                    -2.682133913040161
                ],
                [
                    0.0,
                    0.983109712600708,
                    0.1830170750617981,
                    0.7377654314041138
                ],
                [
                    0.0,
                    0.0,
                    0.0,
                    1.0
                ]
            ]
        },
        {
            "file_path": "/data/shapenet_blender/all_50_random/02958343/b76bdcfc277f54007f3efc94c2d31dc5/r_9",
            "rotation": 0.12566370614359174,
            "transform_matrix": [
                [
                    -0.685673177242279,
                    -0.14603321254253387,
                    -0.7131105661392212,
                    -2.8746402263641357
                ],
                [
                    -0.7279095649719238,
                    0.13755975663661957,
                    0.6717329025268555,
                    2.707841634750366
                ],
                [
                    0.0,
                    0.9796691536903381,
                    -0.20062001049518585,
                    -0.8087250590324402
                ],
                [
                    0.0,
                    0.0,
                    0.0,
                    1.0
                ]
            ]
        },
        {
            "file_path": "/data/shapenet_blender/all_50_random/02958343/b76bdcfc277f54007f3efc94c2d31dc5/r_10",
            "rotation": 0.12566370614359174,
            "transform_matrix": [
                [
                    -0.8976196646690369,
                    0.019106868654489517,
                    0.44035664200782776,
                    1.7751344442367554
                ],
                [
                    0.4407709836959839,
                    0.03891067951917648,
                    0.8967758417129517,
                    3.6150190830230713
                ],
                [
                    1.862645371275562e-09,
                    0.9990599155426025,
                    -0.04334874823689461,
                    -0.1747443974018097
                ],
                [
                    0.0,
                    0.0,
                    0.0,
                    1.0
                ]
            ]
        },
        {
            "file_path": "/data/shapenet_blender/all_50_random/02958343/b76bdcfc277f54007f3efc94c2d31dc5/r_11",
            "rotation": 0.12566370614359174,
            "transform_matrix": [
                [
                    0.18218685686588287,
                    -0.903282105922699,
                    -0.3884446620941162,
                    -1.5658705234527588
                ],
                [
                    -0.9832639098167419,
                    -0.16736720502376556,
                    -0.07197407633066177,
                    -0.29013678431510925
                ],
                [
                    0.0,
                    0.3950563073158264,
                    -0.9186568260192871,
                    -3.7032241821289062
                ],
                [
                    0.0,
                    0.0,
                    0.0,
                    1.0
                ]
            ]
        },
        {
            "file_path": "/data/shapenet_blender/all_50_random/02958343/b76bdcfc277f54007f3efc94c2d31dc5/r_12",
            "rotation": 0.12566370614359174,
            "transform_matrix": [
                [
                    -0.33500826358795166,
                    0.12570202350616455,
                    -0.9337925314903259,
                    -3.764238119125366
                ],
                [
                    -0.9422152042388916,
                    -0.04469383880496025,
                    0.3320135176181793,
                    1.338389277458191
                ],
                [
                    0.0,
                    0.991060733795166,
                    0.13341116905212402,
                    0.5377976298332214
                ],
                [
                    0.0,
                    0.0,
                    0.0,
                    1.0
                ]
            ]
        },
        {
            "file_path": "/data/shapenet_blender/all_50_random/02958343/b76bdcfc277f54007f3efc94c2d31dc5/r_13",
            "rotation": 0.12566370614359174,
            "transform_matrix": [
                [
                    0.18548458814620972,
                    -0.41657447814941406,
                    0.8899782299995422,
                    3.5876169204711914
                ],
                [
                    0.9826472401618958,
                    0.07863263785839081,
                    -0.16799236834049225,
                    -0.6771988868713379
                ],
                [
                    0.0,
                    0.9056946039199829,
                    0.4239308536052704,
                    1.708919882774353
                ],
                [
                    0.0,
                    0.0,
                    0.0,
                    1.0
                ]
            ]
        },
        {
            "file_path": "/data/shapenet_blender/all_50_random/02958343/b76bdcfc277f54007f3efc94c2d31dc5/r_14",
            "rotation": 0.12566370614359174,
            "transform_matrix": [
                [
                    0.941983699798584,
                    -0.010430439375340939,
                    -0.3354967534542084,
                    -1.3524307012557983
                ],
                [
                    -0.33565887808799744,
                    -0.029271690174937248,
                    -0.9415286779403687,
                    -3.7954235076904297
                ],
                [
                    1.862645371275562e-09,
                    0.9995169639587402,
                    -0.0310745257884264,
                    -0.12526541948318481
                ],
                [
                    0.0,
                    0.0,
                    0.0,
                    1.0
                ]
            ]
        },
        {
            "file_path": "/data/shapenet_blender/all_50_random/02958343/b76bdcfc277f54007f3efc94c2d31dc5/r_15",
            "rotation": 0.12566370614359174,
            "transform_matrix": [
                [
                    -0.996334433555603,
                    -0.0034321711864322424,
                    -0.08547483384609222,
                    -0.34456008672714233
                ],
                [
                    -0.08554371446371078,
                    0.039974767714738846,
                    0.995532214641571,
                    4.013118743896484
                ],
                [
                    -2.3283064365386963e-10,
                    0.9991948008537292,
                    -0.04012184217572212,
                    -0.16173632442951202
                ],
                [
                    0.0,
                    0.0,
                    0.0,
                    1.0
                ]
            ]
        },
        {
            "file_path": "/data/shapenet_blender/all_50_random/02958343/b76bdcfc277f54007f3efc94c2d31dc5/r_16",
            "rotation": 0.12566370614359174,
            "transform_matrix": [
                [
                    -0.37422987818717957,
                    -0.41507893800735474,
                    0.8292535543441772,
                    3.3428280353546143
                ],
                [
                    0.9273359179496765,
                    -0.1675066500902176,
                    0.33464837074279785,
                    1.349010705947876
                ],
                [
                    0.0,
                    0.8942320346832275,
                    0.44760364294052124,
                    1.8043479919433594
                ],
                [
                    0.0,
                    0.0,
                    0.0,
                    1.0
                ]
            ]
        },
        {
            "file_path": "/data/shapenet_blender/all_50_random/02958343/b76bdcfc277f54007f3efc94c2d31dc5/r_17",
            "rotation": 0.12566370614359174,
            "transform_matrix": [
                [
                    -0.8066444396972656,
                    -0.01652592420578003,
                    -0.5908060073852539,
                    -2.381614923477173
                ],
                [
                    -0.5910370349884033,
                    0.02255449816584587,
                    0.806329071521759,
                    3.2504160404205322
                ],
                [
                    0.0,
                    0.9996089935302734,
                    -0.027960896492004395,
                    -0.11271396279335022
                ],
                [
                    0.0,
                    0.0,
                    0.0,
                    1.0
                ]
            ]
        },
        {
            "file_path": "/data/shapenet_blender/all_50_random/02958343/b76bdcfc277f54007f3efc94c2d31dc5/r_18",
            "rotation": 0.12566370614359174,
            "transform_matrix": [
                [
                    -0.5450578331947327,
                    0.6922796368598938,
                    -0.47292789816856384,
                    -1.906433343887329
                ],
                [
                    -0.8383984565734863,
                    -0.4500633776187897,
                    0.30745890736579895,
                    1.2394064664840698
                ],
                [
                    1.4901161193847656e-08,
                    0.5640848278999329,
                    0.8257167935371399,
                    3.32857084274292
                ],
                [
                    0.0,
                    0.0,
                    0.0,
                    1.0
                ]
            ]
        },
        {
            "file_path": "/data/shapenet_blender/all_50_random/02958343/b76bdcfc277f54007f3efc94c2d31dc5/r_19",
            "rotation": 0.12566370614359174,
            "transform_matrix": [
                [
                    0.564507782459259,
                    0.41570940613746643,
                    -0.7131034135818481,
                    -2.8746120929718018
                ],
                [
                    -0.8254277110099792,
                    0.28430256247520447,
                    -0.4876895248889923,
                    -1.9659395217895508
                ],
                [
                    0.0,
                    0.8639199137687683,
                    0.5036290884017944,
                    2.030194044113159
                ],
                [
                    0.0,
                    0.0,
                    0.0,
                    1.0
                ]
            ]
        },
        {
            "file_path": "/data/shapenet_blender/all_50_random/02958343/b76bdcfc277f54007f3efc94c2d31dc5/r_20",
            "rotation": 0.12566370614359174,
            "transform_matrix": [
                [
                    -0.6344297528266907,
                    -0.36919689178466797,
                    -0.679111659526825,
                    -2.737586259841919
                ],
                [
                    -0.7729805111885071,
                    0.3030211925506592,
                    0.5573861002922058,
                    2.2468950748443604
                ],
                [
                    1.4901159417490817e-08,
                    0.8785623908042908,
                    -0.477627694606781,
                    -1.9253785610198975
                ],
                [
                    0.0,
                    0.0,
                    0.0,
                    1.0
                ]
            ]
        },
        {
            "file_path": "/data/shapenet_blender/all_50_random/02958343/b76bdcfc277f54007f3efc94c2d31dc5/r_21",
            "rotation": 0.12566370614359174,
            "transform_matrix": [
                [
                    0.9005459547042847,
                    -0.009315157309174538,
                    0.4346609115600586,
                    1.7521741390228271
                ],
                [
                    0.4347606599330902,
                    0.019295046105980873,
                    -0.9003393054008484,
                    -3.6293838024139404
                ],
                [
                    0.0,
                    0.9997704029083252,
                    0.021425940096378326,
                    0.08637072890996933
                ],
                [
                    0.0,
                    0.0,
                    0.0,
                    1.0
                ]
            ]
        },
        {
            "file_path": "/data/shapenet_blender/all_50_random/02958343/b76bdcfc277f54007f3efc94c2d31dc5/r_22",
            "rotation": 0.12566370614359174,
            "transform_matrix": [
                [
                    -0.5291070342063904,
                    0.006580095738172531,
                    0.8485295176506042,
                    3.4205322265625
                ],
                [
                    0.8485550284385681,
                    0.004102945327758789,
                    0.5290910601615906,
                    2.1328344345092773
                ],
                [
                    -2.3283061589829401e-10,
                    0.999970018863678,
                    -0.007754469756036997,
                    -0.03125926852226257
                ],
                [
                    0.0,
                    0.0,
                    0.0,
                    1.0
                ]
            ]
        },
        {
            "file_path": "/data/shapenet_blender/all_50_random/02958343/b76bdcfc277f54007f3efc94c2d31dc5/r_23",
            "rotation": 0.12566370614359174,
            "transform_matrix": [
                [
                    -0.11884964257478714,
                    0.06449462473392487,
                    -0.9908153414726257,
                    -3.9941046237945557
                ],
                [
                    -0.9929123520851135,
                    -0.007719878107309341,
                    0.11859862506389618,
                    0.47808638215065
                ],
                [
                    4.656613983300417e-10,
                    0.9978880286216736,
                    0.06495500355958939,
                    0.2618420124053955
                ],
                [
                    0.0,
                    0.0,
                    0.0,
                    1.0
                ]
            ]
        },
        {
            "file_path": "/data/shapenet_blender/all_50_random/02958343/b76bdcfc277f54007f3efc94c2d31dc5/r_24",
            "rotation": 0.12566370614359174,
            "transform_matrix": [
                [
                    0.9219723343849182,
                    -0.23301678895950317,
                    -0.30930596590042114,
                    -1.2468520402908325
                ],
                [
                    -0.3872557282447815,
                    -0.5547627210617065,
                    -0.7363907694816589,
                    -2.9684858322143555
                ],
                [
                    0.0,
                    0.7987123727798462,
                    -0.6017130017280579,
                    -2.4255824089050293
                ],
                [
                    0.0,
                    0.0,
                    0.0,
                    1.0
                ]
            ]
        },
        {
            "file_path": "/data/shapenet_blender/all_50_random/02958343/b76bdcfc277f54007f3efc94c2d31dc5/r_25",
            "rotation": 0.12566370614359174,
            "transform_matrix": [
                [
                    -0.9874308109283447,
                    0.007671892177313566,
                    0.15786553919315338,
                    0.6363763809204102
                ],
                [
                    0.15805186331272125,
                    0.04793023318052292,
                    0.9862667918205261,
                    3.975768804550171
                ],
                [
                    0.0,
                    0.9988211393356323,
                    -0.04854034632444382,
                    -0.195672407746315
                ],
                [
                    0.0,
                    0.0,
                    0.0,
                    1.0
                ]
            ]
        },
        {
            "file_path": "/data/shapenet_blender/all_50_random/02958343/b76bdcfc277f54007f3efc94c2d31dc5/r_26",
            "rotation": 0.12566370614359174,
            "transform_matrix": [
                [
                    -0.19725874066352844,
                    0.7998872399330139,
                    -0.5668063163757324,
                    -2.28486967086792
                ],
                [
                    -0.9803515076637268,
                    -0.16094709932804108,
                    0.11404837667942047,
                    0.4597437381744385
                ],
                [
                    7.450581485102248e-09,
                    0.5781664252281189,
                    0.8159186840057373,
                    3.2890737056732178
                ],
                [
                    0.0,
                    0.0,
                    0.0,
                    1.0
                ]
            ]
        },
        {
            "file_path": "/data/shapenet_blender/all_50_random/02958343/b76bdcfc277f54007f3efc94c2d31dc5/r_27",
            "rotation": 0.12566370614359174,
            "transform_matrix": [
                [
                    0.3737020194530487,
                    0.8173361420631409,
                    -0.43852975964546204,
                    -1.7677700519561768
                ],
                [
                    -0.9275487661361694,
                    0.3292982578277588,
                    -0.17668016254901886,
                    -0.7122204899787903
                ],
                [
                    0.0,
                    0.4727834165096283,
                    0.881178617477417,
                    3.5521445274353027
                ],
                [
                    0.0,
                    0.0,
                    0.0,
                    1.0
                ]
            ]
        },
        {
            "file_path": "/data/shapenet_blender/all_50_random/02958343/b76bdcfc277f54007f3efc94c2d31dc5/r_28",
            "rotation": 0.12566370614359174,
            "transform_matrix": [
                [
                    -0.016464924439787865,
                    0.21651557087898254,
                    -0.9761403799057007,
                    -3.9349472522735596
                ],
                [
                    -0.999864399433136,
                    -0.0035653964150696993,
                    0.01607425883412361,
                    0.06479740142822266
                ],
                [
                    0.0,
                    0.976272702217102,
                    0.21654494106769562,
                    0.8729204535484314
                ],
                [
                    0.0,
                    0.0,
                    0.0,
                    1.0
                ]
            ]
        },
        {
            "file_path": "/data/shapenet_blender/all_50_random/02958343/b76bdcfc277f54007f3efc94c2d31dc5/r_29",
            "rotation": 0.12566370614359174,
            "transform_matrix": [
                [
                    0.9677725434303284,
                    0.05441483110189438,
                    0.24587664008140564,
                    0.99116051197052
                ],
                [
                    0.2518259286880493,
                    -0.20911738276481628,
                    -0.9449092745780945,
                    -3.809051275253296
                ],
                [
                    0.0,
                    0.9763754606246948,
                    -0.21608109772205353,
                    -0.8710508346557617
                ],
                [
                    0.0,
                    0.0,
                    0.0,
                    1.0
                ]
            ]
        },
        {
            "file_path": "/data/shapenet_blender/all_50_random/02958343/b76bdcfc277f54007f3efc94c2d31dc5/r_30",
            "rotation": 0.12566370614359174,
            "transform_matrix": [
                [
                    -0.8656876087188721,
                    0.3901638388633728,
                    0.3136196732521057,
                    1.2642414569854736
                ],
                [
                    0.5005848407745361,
                    0.6747307777404785,
                    0.5423588752746582,
                    2.186318874359131
                ],
                [
                    -2.980232594040899e-08,
                    0.6265065670013428,
                    -0.779416024684906,
                    -3.1419267654418945
                ],
                [
                    0.0,
                    0.0,
                    0.0,
                    1.0
                ]
            ]
        },
        {
            "file_path": "/data/shapenet_blender/all_50_random/02958343/b76bdcfc277f54007f3efc94c2d31dc5/r_31",
            "rotation": 0.12566370614359174,
            "transform_matrix": [
                [
                    0.09048022329807281,
                    -0.27883031964302063,
                    0.9560685157775879,
                    3.8540353775024414
                ],
                [
                    0.9958982467651367,
                    0.025332538411021233,
                    -0.08686158061027527,
                    -0.3501502275466919
                ],
                [
                    -1.8626450382086546e-09,
                    0.9600062370300293,
                    0.27997875213623047,
                    1.1286303997039795
                ],
                [
                    0.0,
                    0.0,
                    0.0,
                    1.0
                ]
            ]
        },
        {
            "file_path": "/data/shapenet_blender/all_50_random/02958343/b76bdcfc277f54007f3efc94c2d31dc5/r_32",
            "rotation": 0.12566370614359174,
            "transform_matrix": [
                [
                    0.334723562002182,
                    -0.45543378591537476,
                    0.8249486088752747,
                    3.325474262237549
                ],
                [
                    0.9423164129257202,
                    0.16177625954151154,
                    -0.2930329442024231,
                    -1.1812535524368286
                ],
                [
                    1.4901161193847656e-08,
                    0.8754476308822632,
                    0.48331302404403687,
                    1.948297142982483
                ],
                [
                    0.0,
                    0.0,
                    0.0,
                    1.0
                ]
            ]
        },
        {
            "file_path": "/data/shapenet_blender/all_50_random/02958343/b76bdcfc277f54007f3efc94c2d31dc5/r_33",
            "rotation": 0.12566370614359174,
            "transform_matrix": [
                [
                    -0.31694769859313965,
                    -0.8070886731147766,
                    -0.49814870953559875,
                    -2.00810170173645
                ],
                [
                    -0.9484430551528931,
                    0.26971033215522766,
                    0.1664697676897049,
                    0.671061098575592
                ],
                [
                    0.0,
                    0.5252279043197632,
                    -0.8509616255760193,
                    -3.4303359985351562
                ],
                [
                    0.0,
                    0.0,
                    0.0,
                    1.0
                ]
            ]
        },
        {
            "file_path": "/data/shapenet_blender/all_50_random/02958343/b76bdcfc277f54007f3efc94c2d31dc5/r_34",
            "rotation": 0.12566370614359174,
            "transform_matrix": [
                [
                    -0.23735281825065613,
                    -0.19543367624282837,
                    -0.9515615701675415,
                    -3.835866928100586
                ],
                [
                    -0.9714235067367554,
                    0.047751300036907196,
                    0.2324998676776886,
                    0.9372368454933167
                ],
                [
                    -3.725290076417309e-09,
                    0.9795536994934082,
                    -0.2011827826499939,
                    -0.8109936118125916
                ],
                [
                    0.0,
                    0.0,
                    0.0,
                    1.0
                ]
            ]
        },
        {
            "file_path": "/data/shapenet_blender/all_50_random/02958343/b76bdcfc277f54007f3efc94c2d31dc5/r_35",
            "rotation": 0.12566370614359174,
            "transform_matrix": [
                [
                    -0.838695228099823,
                    0.4966157078742981,
                    0.22352458536624908,
                    0.9010564088821411
                ],
                [
                    0.5446012020111084,
                    0.7647967338562012,
                    0.3442316949367523,
                    1.3876423835754395
                ],
                [
                    -1.4901162970204496e-08,
                    0.4104371666908264,
                    -0.911888837814331,
                    -3.6759414672851562
                ],
                [
                    0.0,
                    0.0,
                    0.0,
                    1.0
                ]
            ]
        },
        {
            "file_path": "/data/shapenet_blender/all_50_random/02958343/b76bdcfc277f54007f3efc94c2d31dc5/r_36",
            "rotation": 0.12566370614359174,
            "transform_matrix": [
                [
                    -0.9344203472137451,
                    -0.007341043557971716,
                    -0.3560965359210968,
                    -1.4354709386825562
                ],
                [
                    -0.3561721742153168,
                    0.01925928145647049,
                    0.9342219233512878,
                    3.7659685611724854
                ],
                [
                    -4.656612873077393e-10,
                    0.999787449836731,
                    -0.020610947161912918,
                    -0.08308537304401398
                ],
                [
                    0.0,
                    0.0,
                    0.0,
                    1.0
                ]
            ]
        },
        {
            "file_path": "/data/shapenet_blender/all_50_random/02958343/b76bdcfc277f54007f3efc94c2d31dc5/r_37",
            "rotation": 0.12566370614359174,
            "transform_matrix": [
                [
                    0.924802839756012,
                    0.2803746461868286,
                    -0.25715702772140503,
                    -1.0366332530975342
                ],
                [
                    -0.38044676184654236,
                    0.6815442442893982,
                    -0.6251060962677002,
                    -2.519883632659912
                ],
                [
                    0.0,
                    0.6759345531463623,
                    0.7369616031646729,
                    2.970787525177002
                ],
                [
                    0.0,
                    0.0,
                    0.0,
                    1.0
                ]
            ]
        },
        {
            "file_path": "/data/shapenet_blender/all_50_random/02958343/b76bdcfc277f54007f3efc94c2d31dc5/r_38",
            "rotation": 0.12566370614359174,
            "transform_matrix": [
                [
                    0.9939691424369812,
                    -0.007905199192464352,
                    0.10937529057264328,
                    0.440905898809433
                ],
                [
                    0.10966060310602188,
                    0.07165311276912689,
                    -0.9913830757141113,
                    -3.9963929653167725
                ],
                [
                    9.313225746154785e-10,
                    0.9973982572555542,
                    0.07208787649869919,
                    0.29059553146362305
                ],
                [
                    0.0,
                    0.0,
                    0.0,
                    1.0
                ]
            ]
        },
        {
            "file_path": "/data/shapenet_blender/all_50_random/02958343/b76bdcfc277f54007f3efc94c2d31dc5/r_39",
            "rotation": 0.12566370614359174,
            "transform_matrix": [
                [
                    -0.13962528109550476,
                    0.8601877093315125,
                    0.49049144983291626,
                    1.9772343635559082
                ],
                [
                    0.9902044534683228,
                    0.12129206955432892,
                    0.06916248798370361,
                    0.27880293130874634
                ],
                [
                    3.725290298461914e-09,
                    0.4953435957431793,
                    -0.8686970472335815,
                    -3.5018301010131836
                ],
                [
                    0.0,
                    0.0,
                    0.0,
                    1.0
                ]
            ]
        },
        {
            "file_path": "/data/shapenet_blender/all_50_random/02958343/b76bdcfc277f54007f3efc94c2d31dc5/r_40",
            "rotation": 0.12566370614359174,
            "transform_matrix": [
                [
                    0.9955313801765442,
                    -0.055060673505067825,
                    -0.07671774923801422,
                    -0.30925917625427246
                ],
                [
                    -0.09443140774965286,
                    -0.5804702639579773,
                    -0.8087872862815857,
                    -3.2603261470794678
                ],
                [
                    0.0,
                    0.8124178051948547,
                    -0.5830757021903992,
                    -2.3504536151885986
                ],
                [
                    0.0,
                    0.0,
                    0.0,
                    1.0
                ]
            ]
        },
        {
            "file_path": "/data/shapenet_blender/all_50_random/02958343/b76bdcfc277f54007f3efc94c2d31dc5/r_41",
            "rotation": 0.12566370614359174,
            "transform_matrix": [
                [
                    -0.586228609085083,
                    0.3586795926094055,
                    -0.7264192700386047,
                    -2.9282896518707275
                ],
                [
                    -0.8101456165313721,
                    -0.2595437467098236,
                    0.5256434679031372,
                    2.118936538696289
