{
    "class": "02958343",
    "model": "f9cbd331bd475e07dc1fa1f50eb490cc",
    "remove_doubles": true,
    "edge_split": true,
    "denoise": true,
    "camera_angle_x": 0.6911112070083618,
    "scale_factor": 2.2867648221397747,
    "hdri_file": "/data/IndoorHDRDataset2018/9C4A0590-aed3c9aeba.exr",
    "center_offset": [
        0.0,
        0.0,
        0.0
    ],
    "lights": [],
    "frames": [
        {
            "file_path": "/data/shapenet_blender/all_50_random/02958343/f9cbd331bd475e07dc1fa1f50eb490cc/r_0",
            "rotation": 0.12566370614359174,
            "transform_matrix": [
                [
                    0.8535594940185547,
                    -0.3385467529296875,
                    0.3960079848766327,
                    1.5963592529296875
                ],
                [
                    0.5209954977035522,
                    0.554649293422699,
                    -0.6487894654273987,
                    -2.615354061126709
                ],
                [
                    1.4901162970204496e-08,
                    0.7600986361503601,
                    0.6498075723648071,
                    2.6194581985473633
                ],
                [
                    0.0,
                    0.0,
                    0.0,
                    1.0
                ]
            ]
        },
        {
            "file_path": "/data/shapenet_blender/all_50_random/02958343/f9cbd331bd475e07dc1fa1f50eb490cc/r_1",
            "rotation": 0.12566370614359174,
            "transform_matrix": [
                [
                    0.12373527884483337,
                    0.5538052916526794,
                    0.8234010338783264,
                    3.3192358016967773
                ],
                [
                    0.9923152923583984,
                    -0.06905592978000641,
                    -0.1026727706193924,
                    -0.4138871729373932
                ],
                [
                    0.0,
                    0.8297775983810425,
                    -0.5580940842628479,
                    -2.249749183654785
                ],
                [
                    0.0,
                    0.0,
                    0.0,
                    1.0
                ]
            ]
        },
        {
            "file_path": "/data/shapenet_blender/all_50_random/02958343/f9cbd331bd475e07dc1fa1f50eb490cc/r_2",
            "rotation": 0.12566370614359174,
            "transform_matrix": [
                [
                    0.2520531117916107,
                    -0.23086577653884888,
                    0.9397713541984558,
                    3.788339614868164
                ],
                [
                    0.9677134156227112,
                    0.060131896287202835,
                    -0.24477526545524597,
                    -0.9867206811904907
                ],
                [
                    0.0,
                    0.9711256623268127,
                    0.23856835067272186,
                    0.9616997838020325
                ],
                [
                    0.0,
                    0.0,
                    0.0,
                    1.0
                ]
            ]
        },
        {
            "file_path": "/data/shapenet_blender/all_50_random/02958343/f9cbd331bd475e07dc1fa1f50eb490cc/r_3",
            "rotation": 0.12566370614359174,
            "transform_matrix": [
                [
                    -0.6874607801437378,
                    0.5186818242073059,
                    0.5082977414131165,
                    2.049014091491699
                ],
                [
                    0.7262213826179504,
                    0.490998238325119,
                    0.4811684191226959,
                    1.9396520853042603
                ],
                [
                    2.9802322387695312e-08,
                    0.699921190738678,
                    -0.714219868183136,
                    -2.879112720489502
                ],
                [
                    0.0,
                    0.0,
                    0.0,
                    1.0
                ]
            ]
        },
        {
            "file_path": "/data/shapenet_blender/all_50_random/02958343/f9cbd331bd475e07dc1fa1f50eb490cc/r_4",
            "rotation": 0.12566370614359174,
            "transform_matrix": [
                [
                    0.9495706558227539,
                    -0.01575085148215294,
                    -0.3131573498249054,
                    -1.2623776197433472
                ],
                [
                    -0.31355318427085876,
                    -0.0477001890540123,
                    -0.9483718276023865,
                    -3.8230090141296387
                ],
                [
                    -9.313225746154785e-10,
                    0.9987373948097229,
                    -0.05023343116044998,
                    -0.2024974375963211
                ],
                [
                    0.0,
                    0.0,
                    0.0,
                    1.0
                ]
            ]
        },
        {
            "file_path": "/data/shapenet_blender/all_50_random/02958343/f9cbd331bd475e07dc1fa1f50eb490cc/r_5",
            "rotation": 0.12566370614359174,
            "transform_matrix": [
                [
                    -0.9704928398132324,
                    -0.191562682390213,
                    0.14644962549209595,
                    0.5903573036193848
                ],
                [
                    0.24113018810749054,
                    -0.7709951996803284,
                    0.5894256234169006,
                    2.3760507106781006
                ],
                [
                    7.450581485102248e-09,
                    0.6073467135429382,
                    0.7944368720054626,
                    3.20247745513916
                ],
                [
                    0.0,
                    0.0,
                    0.0,
                    1.0
                ]
            ]
        },
        {
            "file_path": "/data/shapenet_blender/all_50_random/02958343/f9cbd331bd475e07dc1fa1f50eb490cc/r_6",
            "rotation": 0.12566370614359174,
            "transform_matrix": [
                [
                    -0.4919959604740143,
                    -0.4663875997066498,
                    0.7351344227790833,
                    2.963421583175659
                ],
                [
                    0.8705976009368896,
                    -0.2635670006275177,
                    0.41544240713119507,
                    1.6747019290924072
                ],
                [
                    -1.4901162970204496e-08,
                    0.8444021940231323,
                    0.5357097387313843,
                    2.159515142440796
                ],
                [
                    0.0,
                    0.0,
                    0.0,
                    1.0
                ]
            ]
        },
        {
            "file_path": "/data/shapenet_blender/all_50_random/02958343/f9cbd331bd475e07dc1fa1f50eb490cc/r_7",
            "rotation": 0.12566370614359174,
            "transform_matrix": [
                [
                    -0.9635322093963623,
                    0.25993019342422485,
                    0.06357712298631668,
                    0.2562875747680664
                ],
                [
                    0.26759251952171326,
                    0.9359421133995056,
                    0.228924959897995,
                    0.9228260517120361
                ],
                [
                    3.725290298461914e-09,
                    0.23758937418460846,
                    -0.9713656902313232,
                    -3.9157004356384277
                ],
                [
                    0.0,
                    0.0,
                    0.0,
                    1.0
                ]
            ]
        },
        {
            "file_path": "/data/shapenet_blender/all_50_random/02958343/f9cbd331bd475e07dc1fa1f50eb490cc/r_8",
            "rotation": 0.12566370614359174,
            "transform_matrix": [
                [
                    -0.5445043444633484,
                    0.8162863850593567,
                    -0.1928512454032898,
                    -0.777408242225647
                ],
                [
                    -0.838758111000061,
                    -0.5299161672592163,
                    0.12519502639770508,
                    0.5046772956848145
                ],
                [
                    0.0,
                    0.22992470860481262,
                    0.9732084274291992,
                    3.923128604888916
                ],
                [
                    0.0,
                    0.0,
                    0.0,
                    1.0
                ]
            ]
        },
        {
            "file_path": "/data/shapenet_blender/all_50_random/02958343/f9cbd331bd475e07dc1fa1f50eb490cc/r_9",
            "rotation": 0.12566370614359174,
            "transform_matrix": [
                [
                    0.9999712705612183,
                    5.090773629490286e-05,
                    0.007580238860100508,
                    0.030556917190551758
                ],
                [
                    0.007580409292131662,
                    -0.006715504452586174,
                    -0.9999487400054932,
                    -4.030921936035156
                ],
                [
                    0.0,
                    0.9999774694442749,
                    -0.006715696770697832,
                    -0.027071835473179817
                ],
                [
                    0.0,
                    0.0,
                    0.0,
                    1.0
                ]
            ]
        },
        {
            "file_path": "/data/shapenet_blender/all_50_random/02958343/f9cbd331bd475e07dc1fa1f50eb490cc/r_10",
            "rotation": 0.12566370614359174,
            "transform_matrix": [
                [
                    -0.2558141052722931,
                    -0.5529664754867554,
                    0.7929610013961792,
                    3.196528196334839
                ],
                [
                    0.9667260050773621,
                    -0.14632545411586761,
                    0.2098325788974762,
                    0.8458622694015503
                ],
                [
                    0.0,
                    0.8202542066574097,
                    0.5719990730285645,
                    2.305802345275879
                ],
                [
                    0.0,
                    0.0,
                    0.0,
                    1.0
                ]
            ]
        },
        {
            "file_path": "/data/shapenet_blender/all_50_random/02958343/f9cbd331bd475e07dc1fa1f50eb490cc/r_11",
            "rotation": 0.12566370614359174,
            "transform_matrix": [
                [
                    -0.07529774308204651,
                    -0.464290052652359,
                    -0.8824765682220459,
                    -3.5573768615722656
                ],
                [
                    -0.9971611499786377,
                    0.035059522837400436,
                    0.06663767248392105,
                    0.26862505078315735
                ],
                [
                    0.0,
                    0.8849889039993286,
                    -0.46561190485954285,
                    -1.8769416809082031
                ],
                [
                    0.0,
                    0.0,
                    0.0,
                    1.0
                ]
            ]
        },
        {
            "file_path": "/data/shapenet_blender/all_50_random/02958343/f9cbd331bd475e07dc1fa1f50eb490cc/r_12",
            "rotation": 0.12566370614359174,
            "transform_matrix": [
                [
                    -0.6907960176467896,
                    -0.08344016224145889,
                    -0.7182190418243408,
                    -2.895233631134033
                ],
                [
                    -0.7230497002601624,
                    0.07971806824207306,
                    0.686180830001831,
                    2.7660834789276123
                ],
                [
                    -7.450581485102248e-09,
                    0.9933189749717712,
                    -0.11540030688047409,
                    -0.465193510055542
                ],
                [
                    0.0,
                    0.0,
                    0.0,
                    1.0
                ]
            ]
        },
        {
            "file_path": "/data/shapenet_blender/all_50_random/02958343/f9cbd331bd475e07dc1fa1f50eb490cc/r_13",
            "rotation": 0.12566370614359174,
            "transform_matrix": [
                [
                    0.09982270747423172,
                    -0.9537955522537231,
                    0.28338897228240967,
                    1.1423776149749756
                ],
                [
                    0.995005190372467,
                    0.09568839520215988,
                    -0.02843065932393074,
                    -0.11460766196250916
                ],
                [
                    0.0,
                    0.28481152653694153,
                    0.958583414554596,
                    3.864173650741577
                ],
                [
                    0.0,
                    0.0,
                    0.0,
                    1.0
                ]
            ]
        },
        {
            "file_path": "/data/shapenet_blender/all_50_random/02958343/f9cbd331bd475e07dc1fa1f50eb490cc/r_14",
            "rotation": 0.12566370614359174,
            "transform_matrix": [
                [
                    0.8834975957870483,
                    -0.0013863246422261,
                    0.468433678150177,
                    1.8883166313171387
                ],
                [
                    0.46843579411506653,
                    0.002614690223708749,
                    -0.8834936022758484,
                    -3.561476945877075
                ],
                [
                    0.0,
                    0.9999955892562866,
                    0.0029594760853797197,
                    0.011930030770599842
                ],
                [
                    0.0,
                    0.0,
                    0.0,
                    1.0
                ]
            ]
        },
        {
            "file_path": "/data/shapenet_blender/all_50_random/02958343/f9cbd331bd475e07dc1fa1f50eb490cc/r_15",
            "rotation": 0.12566370614359174,
            "transform_matrix": [
                [
                    0.09296468645334244,
                    0.15763640403747559,
                    -0.9831115007400513,
                    -3.9630494117736816
                ],
                [
                    -0.995669424533844,
                    0.014718359336256981,
                    -0.09179215878248215,
                    -0.3700260519981384
                ],
                [
                    1.862645149230957e-09,
                    0.987387478351593,
                    0.1583220213651657,
                    0.6382165551185608
                ],
                [
                    0.0,
                    0.0,
                    0.0,
                    1.0
                ]
            ]
        },
        {
            "file_path": "/data/shapenet_blender/all_50_random/02958343/f9cbd331bd475e07dc1fa1f50eb490cc/r_16",
            "rotation": 0.12566370614359174,
            "transform_matrix": [
                [
                    -0.9047607779502869,
                    0.1445484310388565,
                    -0.400641530752182,
                    -1.6150377988815308
                ],
                [
                    -0.4259200394153595,
                    -0.3070570230484009,
                    0.8510628342628479,
                    3.430744171142578
                ],
                [
                    7.450580152834618e-09,
                    0.9406495690345764,
                    0.3393792510032654,
                    1.3680816888809204
                ],
                [
                    0.0,
                    0.0,
                    0.0,
                    1.0
                ]
            ]
        },
        {
            "file_path": "/data/shapenet_blender/all_50_random/02958343/f9cbd331bd475e07dc1fa1f50eb490cc/r_17",
            "rotation": 0.12566370614359174,
            "transform_matrix": [
                [
                    -0.2869695723056793,
                    0.2870441675186157,
                    0.9139223694801331,
                    3.6841390132904053
                ],
                [
                    0.9579396843910217,
                    0.08598969876766205,
                    0.2737833261489868,
                    1.1036559343338013
                ],
                [
                    -7.450580596923828e-09,
                    0.9540500044822693,
                    -0.29964742064476013,
                    -1.207917332649231
                ],
                [
                    0.0,
                    0.0,
                    0.0,
                    1.0
                ]
            ]
        },
        {
            "file_path": "/data/shapenet_blender/all_50_random/02958343/f9cbd331bd475e07dc1fa1f50eb490cc/r_18",
            "rotation": 0.12566370614359174,
            "transform_matrix": [
                [
                    0.9940640926361084,
                    0.017629947513341904,
                    0.10735887289047241,
                    0.432777464389801
                ],
                [
                    0.10879681259393692,
                    -0.16108284890651703,
                    -0.9809258580207825,
                    -3.9542386531829834
                ],
                [
                    1.862645371275562e-09,
                    0.9867833256721497,
                    -0.16204474866390228,
                    -0.6532232761383057
                ],
                [
                    0.0,
                    0.0,
                    0.0,
                    1.0
                ]
            ]
        },
        {
            "file_path": "/data/shapenet_blender/all_50_random/02958343/f9cbd331bd475e07dc1fa1f50eb490cc/r_19",
            "rotation": 0.12566370614359174,
            "transform_matrix": [
                [
                    0.4456790089607239,
                    0.14741037786006927,
                    0.8829724192619324,
                    3.5593760013580322
                ],
                [
                    0.8951929211616516,
                    -0.0733894482254982,
                    -0.43959492444992065,
                    -1.772063970565796
                ],
                [
                    7.450581485102248e-09,
                    0.9863488674163818,
                    -0.16466884315013885,
                    -0.663801372051239
                ],
                [
                    0.0,
                    0.0,
                    0.0,
                    1.0
                ]
            ]
        },
        {
            "file_path": "/data/shapenet_blender/all_50_random/02958343/f9cbd331bd475e07dc1fa1f50eb490cc/r_20",
            "rotation": 0.12566370614359174,
            "transform_matrix": [
                [
                    0.874242901802063,
                    -0.42840129137039185,
                    0.2284114956855774,
                    0.9207562208175659
                ],
                [
                    0.48548898100852966,
                    0.7714423537254333,
                    -0.4113113284111023,
                    -1.6580491065979004
                ],
                [
                    1.4901162970204496e-08,
                    0.4704771339893341,
                    0.8824120759963989,
                    3.557116985321045
                ],
                [
                    0.0,
                    0.0,
                    0.0,
                    1.0
                ]
            ]
        },
        {
            "file_path": "/data/shapenet_blender/all_50_random/02958343/f9cbd331bd475e07dc1fa1f50eb490cc/r_21",
            "rotation": 0.12566370614359174,
            "transform_matrix": [
                [
                    0.8916230201721191,
                    -0.11153178662061691,
                    -0.4388268291950226,
                    -1.7689675092697144
                ],
                [
                    -0.4527784287929535,
                    -0.21963126957416534,
                    -0.8641491532325745,
                    -3.48349666595459
                ],
                [
                    7.450580152834618e-09,
                    0.9691866040229797,
                    -0.2463275045156479,
                    -0.9929779171943665
                ],
                [
                    0.0,
                    0.0,
                    0.0,
                    1.0
                ]
            ]
        },
        {
            "file_path": "/data/shapenet_blender/all_50_random/02958343/f9cbd331bd475e07dc1fa1f50eb490cc/r_22",
            "rotation": 0.12566370614359174,
            "transform_matrix": [
                [
                    0.2735667824745178,
                    0.0027336052153259516,
                    0.96184903383255,
                    3.877337694168091
                ],
                [
                    0.96185302734375,
                    -0.0007774822297506034,
                    -0.2735656499862671,
                    -1.1027785539627075
                ],
                [
                    0.0,
                    0.9999959468841553,
                    -0.002842019312083721,
                    -0.011456547304987907
                ],
                [
                    0.0,
                    0.0,
                    0.0,
                    1.0
                ]
            ]
        },
        {
            "file_path": "/data/shapenet_blender/all_50_random/02958343/f9cbd331bd475e07dc1fa1f50eb490cc/r_23",
            "rotation": 0.12566370614359174,
            "transform_matrix": [
                [
                    -0.46540674567222595,
                    0.23087851703166962,
                    -0.8544540405273438,
                    -3.4444143772125244
                ],
                [
                    -0.8850969076156616,
                    -0.12140186131000519,
                    0.44929391145706177,
                    1.8111616373062134
                ],
                [
                    0.0,
                    0.965378999710083,
                    0.260851114988327,
                    1.0515245199203491
                ],
                [
                    0.0,
                    0.0,
                    0.0,
                    1.0
                ]
            ]
        },
        {
            "file_path": "/data/shapenet_blender/all_50_random/02958343/f9cbd331bd475e07dc1fa1f50eb490cc/r_24",
            "rotation": 0.12566370614359174,
            "transform_matrix": [
                [
                    -0.9743208885192871,
                    -0.1521213799715042,
                    -0.16600629687309265,
                    -0.6691928505897522
                ],
                [
                    -0.22516442835330963,
                    0.658252477645874,
                    0.7183346152305603,
                    2.8956997394561768
                ],
                [
                    7.450581485102248e-09,
                    0.7372670769691467,
                    -0.6756013035774231,
                    -2.723436117172241
                ],
                [
                    0.0,
                    0.0,
                    0.0,
                    1.0
                ]
            ]
        },
        {
            "file_path": "/data/shapenet_blender/all_50_random/02958343/f9cbd331bd475e07dc1fa1f50eb490cc/r_25",
            "rotation": 0.12566370614359174,
            "transform_matrix": [
                [
                    0.05815687030553818,
                    -0.5389432311058044,
                    -0.8403319120407104,
                    -3.387486696243286
                ],
                [
                    -0.998307466506958,
                    -0.03139639273285866,
                    -0.04895392805337906,
                    -0.19733962416648865
                ],
                [
                    -3.725290298461914e-09,
                    0.8417567014694214,
                    -0.5398569703102112,
                    -2.1762332916259766
                ],
                [
                    0.0,
                    0.0,
                    0.0,
                    1.0
                ]
            ]
        },
        {
            "file_path": "/data/shapenet_blender/all_50_random/02958343/f9cbd331bd475e07dc1fa1f50eb490cc/r_26",
            "rotation": 0.12566370614359174,
            "transform_matrix": [
                [
                    -0.8368738889694214,
                    -0.48811185359954834,
                    -0.24776777625083923,
                    -0.9987839460372925
                ],
                [
                    -0.5473957061767578,
                    0.7462390661239624,
                    0.3787943124771118,
                    1.5269689559936523
                ],
                [
                    -1.4901161193847656e-08,
                    0.45263007283210754,
                    -0.8916981816291809,
                    -3.594550848007202
                ],
                [
                    0.0,
                    0.0,
                    0.0,
                    1.0
                ]
            ]
        },
        {
            "file_path": "/data/shapenet_blender/all_50_random/02958343/f9cbd331bd475e07dc1fa1f50eb490cc/r_27",
            "rotation": 0.12566370614359174,
            "transform_matrix": [
                [
                    -0.8867262601852417,
                    0.1559899002313614,
                    0.4351824223995209,
                    1.7542766332626343
                ],
                [
                    0.4622949957847595,
                    0.29920363426208496,
                    0.8347217440605164,
                    3.3648712635040283
                ],
                [
                    0.0,
                    0.9413523077964783,
                    -0.33742502331733704,
                    -1.3602038621902466
                ],
                [
                    0.0,
                    0.0,
                    0.0,
                    1.0
                ]
            ]
        },
        {
            "file_path": "/data/shapenet_blender/all_50_random/02958343/f9cbd331bd475e07dc1fa1f50eb490cc/r_28",
            "rotation": 0.12566370614359174,
            "transform_matrix": [
                [
                    -0.539431095123291,
                    0.47430169582366943,
                    -0.6957383751869202,
                    -2.8046112060546875
                ],
                [
                    -0.8420296311378479,
                    -0.3038528263568878,
                    0.44571226835250854,
                    1.7967236042022705
                ],
                [
                    1.4901160305669237e-08,
                    0.8262634873390198,
                    0.5632838010787964,
                    2.27066969871521
                ],
                [
                    0.0,
                    0.0,
                    0.0,
                    1.0
                ]
            ]
        },
        {
            "file_path": "/data/shapenet_blender/all_50_random/02958343/f9cbd331bd475e07dc1fa1f50eb490cc/r_29",
            "rotation": 0.12566370614359174,
            "transform_matrix": [
                [
                    0.2640610635280609,
                    0.4228307604789734,
                    -0.8668828010559082,
                    -3.494516611099243
                ],
                [
                    -0.9645060300827026,
                    0.11576199531555176,
                    -0.23733392357826233,
                    -0.956723690032959
                ],
                [
                    0.0,
                    0.8987842798233032,
                    0.4383910000324249,
                    1.7672107219696045
                ],
                [
                    0.0,
                    0.0,
                    0.0,
                    1.0
                ]
            ]
        },
        {
            "file_path": "/data/shapenet_blender/all_50_random/02958343/f9cbd331bd475e07dc1fa1f50eb490cc/r_30",
            "rotation": 0.12566370614359174,
            "transform_matrix": [
                [
                    0.6263348460197449,
                    0.06130415201187134,
                    -0.7771398425102234,
                    -3.132751226425171
                ],
                [
                    -0.7795541286468506,
                    0.04925498738884926,
                    -0.6243950724601746,
                    -2.517017364501953
                ],
                [
                    0.0,
                    0.9969030618667603,
                    0.07864001393318176,
                    0.3170080780982971
                ],
                [
                    0.0,
                    0.0,
                    0.0,
                    1.0
                ]
            ]
        },
        {
            "file_path": "/data/shapenet_blender/all_50_random/02958343/f9cbd331bd475e07dc1fa1f50eb490cc/r_31",
            "rotation": 0.12566370614359174,
            "transform_matrix": [
                [
                    -0.969590425491333,
                    0.11749455332756042,
                    -0.2146841138601303,
                    -0.8654193878173828
                ],
                [
                    -0.24473300576210022,
                    -0.46549341082572937,
                    0.850541889667511,
                    3.4286441802978516
                ],
                [
                    0.0,
                    0.8772176504135132,
                    0.4800927937030792,
                    1.9353160858154297
                ],
                [
                    0.0,
                    0.0,
                    0.0,
                    1.0
                ]
            ]
        },
        {
            "file_path": "/data/shapenet_blender/all_50_random/02958343/f9cbd331bd475e07dc1fa1f50eb490cc/r_32",
            "rotation": 0.12566370614359174,
            "transform_matrix": [
                [
                    -0.9841559529304504,
                    -0.002424727426841855,
                    -0.17728854715824127,
                    -0.7146730422973633
                ],
                [
                    -0.17730514705181122,
                    0.01345877442508936,
                    0.9840638041496277,
                    3.966888427734375
                ],
                [
                    2.3283064365386963e-10,
                    0.9999065399169922,
                    -0.0136754484847188,
                    -0.055127501487731934
                ],
                [
                    0.0,
                    0.0,
                    0.0,
                    1.0
                ]
            ]
        },
        {
            "file_path": "/data/shapenet_blender/all_50_random/02958343/f9cbd331bd475e07dc1fa1f50eb490cc/r_33",
            "rotation": 0.12566370614359174,
            "transform_matrix": [
                [
                    -0.4864739179611206,
                    0.8447273373603821,
                    0.22311119735240936,
                    0.8993899822235107
                ],
                [
                    0.8736950755119324,
                    0.4703446626663208,
                    0.12422843277454376,
                    0.5007808208465576
                ],
                [
                    -7.450580596923828e-09,
                    0.25536519289016724,
                    -0.9668447375297546,
                    -3.8974757194519043
                ],
                [
                    0.0,
                    0.0,
                    0.0,
                    1.0
                ]
            ]
        },
        {
            "file_path": "/data/shapenet_blender/all_50_random/02958343/f9cbd331bd475e07dc1fa1f50eb490cc/r_34",
            "rotation": 0.12566370614359174,
            "transform_matrix": [
                [
                    0.5469633936882019,
                    0.3916109800338745,
                    0.7399133443832397,
                    2.9826862812042236
                ],
                [
                    0.8371565341949463,
                    -0.25586238503456116,
                    -0.4834287166595459,
                    -1.9487636089324951
                ],
                [
                    0.0,
                    0.8838411569595337,
                    -0.4677869975566864,
                    -1.8857098817825317
                ],
                [
                    0.0,
                    0.0,
                    0.0,
                    1.0
                ]
            ]
        },
        {
            "file_path": "/data/shapenet_blender/all_50_random/02958343/f9cbd331bd475e07dc1fa1f50eb490cc/r_35",
            "rotation": 0.12566370614359174,
            "transform_matrix": [
                [
                    -0.9993309378623962,
                    -0.002249870216473937,
                    0.03650603070855141,
                    0.14716053009033203
                ],
                [
                    0.036575302481651306,
                    -0.061472225934267044,
                    0.997438371181488,
                    4.020802974700928
                ],
                [
                    2.3283064365386963e-10,
                    0.9981062412261963,
                    0.06151338666677475,
                    0.2479684054851532
                ],
                [
                    0.0,
                    0.0,
                    0.0,
                    1.0
                ]
            ]
        },
        {
            "file_path": "/data/shapenet_blender/all_50_random/02958343/f9cbd331bd475e07dc1fa1f50eb490cc/r_36",
            "rotation": 0.12566370614359174,
            "transform_matrix": [
                [
                    -0.08624961972236633,
                    -0.8397228121757507,
                    0.5361217856407166,
                    2.1611759662628174
                ],
                [
                    0.9962736368179321,
                    -0.07269666343927383,
                    0.046413253992795944,
                    0.18709781765937805
                ],
                [
                    0.0,
                    0.5381270051002502,
                    0.8428636789321899,
                    3.3976922035217285
                ],
                [
                    0.0,
                    0.0,
                    0.0,
                    1.0
                ]
            ]
        },
        {
            "file_path": "/data/shapenet_blender/all_50_random/02958343/f9cbd331bd475e07dc1fa1f50eb490cc/r_37",
            "rotation": 0.12566370614359174,
            "transform_matrix": [
                [
                    0.9734408855438232,
                    -0.1961061656475067,
                    -0.11813221126794815,
                    -0.4762061834335327
                ],
                [
                    -0.2289385199546814,
                    -0.8338384628295898,
                    -0.502295196056366,
                    -2.0248167514801025
                ],
                [
                    7.450580596923828e-09,
                    0.5159997940063477,
                    -0.8565887212753296,
                    -3.453019618988037
                ],
                [
                    0.0,
                    0.0,
                    0.0,
                    1.0
                ]
            ]
        },
        {
            "file_path": "/data/shapenet_blender/all_50_random/02958343/f9cbd331bd475e07dc1fa1f50eb490cc/r_38",
            "rotation": 0.12566370614359174,
            "transform_matrix": [
                [
                    0.9544077515602112,
                    0.10194013267755508,
                    -0.28056013584136963,
                    -1.1309741735458374
                ],
                [
                    -0.2985059320926666,
                    0.3259314000606537,
                    -0.8970299959182739,
                    -3.61604380607605
                ],
                [
                    7.450580152834618e-09,
                    0.9398813843727112,
                    0.3415011465549469,
                    1.3766353130340576
                ],
                [
                    0.0,
                    0.0,
                    0.0,
                    1.0
                ]
            ]
        },
        {
            "file_path": "/data/shapenet_blender/all_50_random/02958343/f9cbd331bd475e07dc1fa1f50eb490cc/r_39",
            "rotation": 0.12566370614359174,
            "transform_matrix": [
                [
                    -0.9748550653457642,
                    0.17459769546985626,
                    0.13846799731254578,
                    0.5581823587417603
                ],
                [
                    0.22284018993377686,
                    0.7638094425201416,
                    0.6057535409927368,
                    2.44187068939209
                ],
                [
                    7.450580596923828e-09,
                    0.6213780641555786,
                    -0.7835108637809753,
                    -3.158433198928833
                ],
                [
                    0.0,
                    0.0,
                    0.0,
                    1.0
                ]
            ]
        },
        {
            "file_path": "/data/shapenet_blender/all_50_random/02958343/f9cbd331bd475e07dc1fa1f50eb490cc/r_40",
            "rotation": 0.12566370614359174,
            "transform_matrix": [
                [
                    0.8191393613815308,
                    -0.12424036860466003,
                    -0.5599778294563293,
                    -2.257342576980591
                ],
                [
                    -0.5735946893692017,
                    -0.17742523550987244,
                    -0.7996934056282043,
                    -3.2236669063568115
                ],
                [
                    0.0,
                    0.9762604832649231,
                    -0.21659961342811584,
                    -0.8731408715248108
                ],
                [
                    0.0,
                    0.0,
                    0.0,
                    1.0
                ]
            ]
        },
        {
            "file_path": "/data/shapenet_blender/all_50_random/02958343/f9cbd331bd475e07dc1fa1f50eb490cc/r_41",
            "rotation": 0.12566370614359174,
            "transform_matrix": [
                [
                    0.2236802577972412,
                    0.13405950367450714,
                    0.9653989672660828,
                    3.8916478157043457
                ],
                [
                    0.9746626615524292,
                    -0.030765991657972336,
                    -0.22155427932739258,
                    -0.8931138515472412
