{
    "class": "02958343",
    "model": "420519a0f7390564f500cc506a763c18",
    "remove_doubles": true,
    "edge_split": true,
    "denoise": true,
    "camera_angle_x": 0.6911112070083618,
    "scale_factor": 2.2222319944835,
    "hdri_file": "/data/IndoorHDRDataset2018/AG8A4996-0aac1e644f.exr",
    "center_offset": [
        0.0,
        3.725290298461914e-09,
        0.0
    ],
    "lights": [],
    "frames": [
        {
            "file_path": "/data/shapenet_blender/all_50_random/02958343/420519a0f7390564f500cc506a763c18/r_0",
            "rotation": 0.12566370614359174,
            "transform_matrix": [
                [
                    0.36955422163009644,
                    -0.21225444972515106,
                    -0.9046422243118286,
                    -3.6467297077178955
                ],
                [
                    -0.9292091727256775,
                    -0.08441536873579025,
                    -0.35978376865386963,
                    -1.450334906578064
                ],
                [
                    0.0,
                    0.9735615849494934,
                    -0.2284248024225235,
                    -0.9208098649978638
                ],
                [
                    0.0,
                    0.0,
                    0.0,
                    1.0
                ]
            ]
        },
        {
            "file_path": "/data/shapenet_blender/all_50_random/02958343/420519a0f7390564f500cc506a763c18/r_1",
            "rotation": 0.12566370614359174,
            "transform_matrix": [
                [
                    0.8212012648582458,
                    -0.5489768385887146,
                    -0.1557336151599884,
                    -0.6277822852134705
                ],
                [
                    -0.5706387162208557,
                    -0.7900278568267822,
                    -0.22411489486694336,
                    -0.9034360647201538
                ],
                [
                    0.0,
                    0.2729109227657318,
                    -0.9620392322540283,
                    -3.8781042098999023
                ],
                [
                    0.0,
                    0.0,
                    0.0,
                    1.0
                ]
            ]
        },
        {
            "file_path": "/data/shapenet_blender/all_50_random/02958343/420519a0f7390564f500cc506a763c18/r_2",
            "rotation": 0.12566370614359174,
            "transform_matrix": [
                [
                    -0.36682766675949097,
                    0.5077449679374695,
                    -0.7795078158378601,
                    -3.142296552658081
                ],
                [
                    -0.9302889704704285,
                    -0.20021189749240875,
                    0.3073722720146179,
                    1.2390573024749756
                ],
                [
                    -1.4901162970204496e-08,
                    0.8379201292991638,
                    0.545792818069458,
                    2.2001612186431885
                ],
                [
                    0.0,
                    0.0,
                    0.0,
                    1.0
                ]
            ]
        },
        {
            "file_path": "/data/shapenet_blender/all_50_random/02958343/420519a0f7390564f500cc506a763c18/r_3",
            "rotation": 0.12566370614359174,
            "transform_matrix": [
                [
                    0.4699462652206421,
                    0.1211729645729065,
                    -0.8743383884429932,
                    -3.5245707035064697
                ],
                [
                    -0.8826950788497925,
                    0.06451240926980972,
                    -0.4654971957206726,
                    -1.8764792680740356
                ],
                [
                    0.0,
                    0.9905328750610352,
                    0.13727611303329468,
                    0.5533776879310608
                ],
                [
                    0.0,
                    0.0,
                    0.0,
                    1.0
                ]
            ]
        },
        {
            "file_path": "/data/shapenet_blender/all_50_random/02958343/420519a0f7390564f500cc506a763c18/r_4",
            "rotation": 0.12566370614359174,
            "transform_matrix": [
                [
                    0.9082003235816956,
                    -0.03299324959516525,
                    0.41723334789276123,
                    1.6819217205047607
                ],
                [
                    0.41853588819503784,
                    0.07159356772899628,
                    -0.9053738713264465,
                    -3.649679183959961
                ],
                [
                    1.862645371275562e-09,
                    0.9968880414962769,
                    0.07883015275001526,
                    0.31777453422546387
                ],
                [
                    0.0,
                    0.0,
                    0.0,
                    1.0
                ]
            ]
        },
        {
            "file_path": "/data/shapenet_blender/all_50_random/02958343/420519a0f7390564f500cc506a763c18/r_5",
            "rotation": 0.12566370614359174,
            "transform_matrix": [
                [
                    0.9833315014839172,
                    -0.16139572858810425,
                    0.08372864872217178,
                    0.3375210165977478
                ],
                [
                    0.1818215250968933,
                    0.8728642463684082,
                    -0.452823281288147,
                    -1.8253891468048096
                ],
                [
                    0.0,
                    0.460499107837677,
                    0.887660026550293,
                    3.5782723426818848
                ],
                [
                    0.0,
                    0.0,
                    0.0,
                    1.0
                ]
            ]
        },
        {
            "file_path": "/data/shapenet_blender/all_50_random/02958343/420519a0f7390564f500cc506a763c18/r_6",
            "rotation": 0.12566370614359174,
            "transform_matrix": [
                [
                    -0.45678839087486267,
                    -0.30078816413879395,
                    -0.8371801972389221,
                    -3.374781608581543
                ],
                [
                    -0.8895754814147949,
                    0.15445180237293243,
                    0.4298839271068573,
                    1.7329176664352417
                ],
                [
                    -1.4901162970204496e-08,
                    0.9411009550094604,
                    -0.3381255269050598,
                    -1.3630276918411255
                ],
                [
                    0.0,
                    0.0,
                    0.0,
                    1.0
                ]
            ]
        },
        {
            "file_path": "/data/shapenet_blender/all_50_random/02958343/420519a0f7390564f500cc506a763c18/r_7",
            "rotation": 0.12566370614359174,
            "transform_matrix": [
                [
                    0.08815965056419373,
                    -0.1880568414926529,
                    0.9781934022903442,
                    3.9432239532470703
                ],
                [
                    0.9961063265800476,
                    0.016643831506371498,
                    -0.08657427877187729,
                    -0.34899210929870605
                ],
                [
                    0.0,
                    0.9820171594619751,
                    0.1887919008731842,
                    0.7610445618629456
                ],
                [
                    0.0,
                    0.0,
                    0.0,
                    1.0
                ]
            ]
        },
        {
            "file_path": "/data/shapenet_blender/all_50_random/02958343/420519a0f7390564f500cc506a763c18/r_8",
            "rotation": 0.12566370614359174,
            "transform_matrix": [
                [
                    0.8972379565238953,
                    0.20283350348472595,
                    -0.3922022581100464,
                    -1.5810179710388184
                ],
                [
                    -0.44154733419418335,
                    0.41216397285461426,
                    -0.7969672083854675,
                    -3.2126777172088623
                ],
                [
                    0.0,
                    0.8882451057434082,
                    0.4593696892261505,
                    1.8517786264419556
                ],
                [
                    0.0,
                    0.0,
                    0.0,
                    1.0
                ]
            ]
        },
        {
            "file_path": "/data/shapenet_blender/all_50_random/02958343/420519a0f7390564f500cc506a763c18/r_9",
            "rotation": 0.12566370614359174,
            "transform_matrix": [
                [
                    -0.4477910101413727,
                    -0.030257103964686394,
                    0.8936262130737305,
                    3.6023221015930176
                ],
                [
                    0.8941382765769958,
                    -0.015152979642152786,
                    0.44753456115722656,
                    1.8040692806243896
                ],
                [
                    0.0,
                    0.9994272589683533,
                    0.033839404582977295,
                    0.13641098141670227
                ],
                [
                    0.0,
                    0.0,
                    0.0,
                    1.0
                ]
            ]
        },
        {
            "file_path": "/data/shapenet_blender/all_50_random/02958343/420519a0f7390564f500cc506a763c18/r_10",
            "rotation": 0.12566370614359174,
            "transform_matrix": [
                [
                    0.9832927584648132,
                    0.09176784008741379,
                    0.15720637142658234,
                    0.6337191462516785
                ],
                [
                    0.18203070759773254,
                    -0.49571117758750916,
                    -0.8491967916488647,
                    -3.4232215881347656
                ],
                [
                    0.0,
                    0.8636255264282227,
                    -0.5041338205337524,
                    -2.032228469848633
                ],
                [
                    0.0,
                    0.0,
                    0.0,
                    1.0
                ]
            ]
        },
        {
            "file_path": "/data/shapenet_blender/all_50_random/02958343/420519a0f7390564f500cc506a763c18/r_11",
            "rotation": 0.12566370614359174,
            "transform_matrix": [
                [
                    -0.9221569895744324,
                    0.001246173633262515,
                    -0.3868137001991272,
                    -1.5592960119247437
                ],
                [
                    -0.3868156969547272,
                    -0.002970840083435178,
                    0.9221521615982056,
                    3.7173144817352295
                ],
                [
                    1.1641530794914701e-10,
                    0.9999948740005493,
                    0.003221620339900255,
                    0.012986768037080765
                ],
                [
                    0.0,
                    0.0,
                    0.0,
                    1.0
                ]
            ]
        },
        {
            "file_path": "/data/shapenet_blender/all_50_random/02958343/420519a0f7390564f500cc506a763c18/r_12",
            "rotation": 0.12566370614359174,
            "transform_matrix": [
                [
                    0.8964136838912964,
                    0.2444078028202057,
                    0.3697395622730255,
                    1.4904680252075195
                ],
                [
                    0.4432183504104614,
                    -0.49431726336479187,
                    -0.7478020191192627,
                    -3.01448655128479
                ],
                [
                    0.0,
                    0.8342154026031494,
                    -0.5514387488365173,
                    -2.2229208946228027
                ],
                [
                    0.0,
                    0.0,
                    0.0,
                    1.0
                ]
            ]
        },
        {
            "file_path": "/data/shapenet_blender/all_50_random/02958343/420519a0f7390564f500cc506a763c18/r_13",
            "rotation": 0.12566370614359174,
            "transform_matrix": [
                [
                    -0.295592337846756,
                    0.15191681683063507,
                    -0.9431576728820801,
                    -3.801990270614624
                ],
                [
                    -0.9553142189979553,
                    -0.04700595512986183,
                    0.2918308973312378,
                    1.1764079332351685
                ],
                [
                    -7.450580596923828e-09,
                    0.9872748851776123,
                    0.15902289748191833,
                    0.6410418152809143
                ],
                [
                    0.0,
                    0.0,
                    0.0,
                    1.0
                ]
            ]
        },
        {
            "file_path": "/data/shapenet_blender/all_50_random/02958343/420519a0f7390564f500cc506a763c18/r_14",
            "rotation": 0.12566370614359174,
            "transform_matrix": [
                [
                    -0.9881874918937683,
                    -0.15114103257656097,
                    -0.025335628539323807,
                    -0.102131187915802
                ],
                [
                    -0.1532498300075531,
                    0.9745895266532898,
                    0.16336952149868011,
                    0.6585636138916016
                ],
                [
                    0.0,
                    0.16532224416732788,
                    -0.9862395524978638,
                    -3.975658893585205
                ],
                [
                    0.0,
                    0.0,
                    0.0,
                    1.0
                ]
            ]
        },
        {
            "file_path": "/data/shapenet_blender/all_50_random/02958343/420519a0f7390564f500cc506a763c18/r_15",
            "rotation": 0.12566370614359174,
            "transform_matrix": [
                [
                    -0.9898599982261658,
                    -0.022531619295477867,
                    0.14024823904037476,
                    0.5653587579727173
                ],
                [
                    0.14204663038253784,
                    -0.15701286494731903,
                    0.977327823638916,
                    3.93973445892334
                ],
                [
                    0.0,
                    0.987339437007904,
                    0.15862131118774414,
                    0.6394229531288147
                ],
                [
                    0.0,
                    0.0,
                    0.0,
                    1.0
                ]
            ]
        },
        {
            "file_path": "/data/shapenet_blender/all_50_random/02958343/420519a0f7390564f500cc506a763c18/r_16",
            "rotation": 0.12566370614359174,
            "transform_matrix": [
                [
                    0.7876100540161133,
                    0.026310432702302933,
                    -0.6156120300292969,
                    -2.481611490249634
                ],
                [
                    -0.616174042224884,
                    0.033630695194005966,
                    -0.7868916392326355,
                    -3.1720616817474365
                ],
                [
                    1.862645593320167e-09,
                    0.9990878701210022,
                    0.042699676007032394,
                    0.17212790250778198
                ],
                [
                    0.0,
                    0.0,
                    0.0,
                    1.0
                ]
            ]
        },
        {
            "file_path": "/data/shapenet_blender/all_50_random/02958343/420519a0f7390564f500cc506a763c18/r_17",
            "rotation": 0.12566370614359174,
            "transform_matrix": [
                [
                    -0.7729145884513855,
                    -0.1539946347475052,
                    0.6155393123626709,
                    2.481318235397339
                ],
                [
                    0.6345099806785583,
                    -0.18758518993854523,
                    0.7498058080673218,
                    3.022563934326172
                ],
                [
                    0.0,
                    0.9701015949249268,
                    0.2426985204219818,
                    0.9783490300178528
                ],
                [
                    0.0,
                    0.0,
                    0.0,
                    1.0
                ]
            ]
        },
        {
            "file_path": "/data/shapenet_blender/all_50_random/02958343/420519a0f7390564f500cc506a763c18/r_18",
            "rotation": 0.12566370614359174,
            "transform_matrix": [
                [
                    0.3736088275909424,
                    -0.511345386505127,
                    -0.7739136219024658,
                    -3.1197454929351807
                ],
                [
                    -0.9275862574577332,
                    -0.20595727860927582,
                    -0.3117132782936096,
                    -1.2565563917160034
                ],
                [
                    1.4901158529312397e-08,
                    0.8343304395675659,
                    -0.5512644648551941,
                    -2.2222180366516113
                ],
                [
                    0.0,
                    0.0,
                    0.0,
                    1.0
                ]
            ]
        },
        {
            "file_path": "/data/shapenet_blender/all_50_random/02958343/420519a0f7390564f500cc506a763c18/r_19",
            "rotation": 0.12566370614359174,
            "transform_matrix": [
                [
                    0.14193780720233917,
                    0.12937138974666595,
                    0.9813849925994873,
                    3.956089735031128
                ],
                [
                    0.9898756742477417,
                    -0.018550502136349678,
                    -0.14072033762931824,
                    -0.5672618746757507
                ],
                [
                    -1.862645371275562e-09,
                    0.9914226531982422,
                    -0.13069456815719604,
                    -0.526846706867218
                ],
                [
                    0.0,
                    0.0,
                    0.0,
                    1.0
                ]
            ]
        },
        {
            "file_path": "/data/shapenet_blender/all_50_random/02958343/420519a0f7390564f500cc506a763c18/r_20",
            "rotation": 0.12566370614359174,
            "transform_matrix": [
                [
                    0.8675869703292847,
                    -0.058512985706329346,
                    -0.4938310384750366,
                    -1.990696668624878
                ],
                [
                    -0.49728554487228394,
                    -0.10208441317081451,
                    -0.861560046672821,
                    -3.473059892654419
                ],
                [
                    0.0,
                    0.9930533766746521,
                    -0.11766474694013596,
                    -0.47432178258895874
                ],
                [
                    0.0,
                    0.0,
                    0.0,
                    1.0
                ]
            ]
        },
        {
            "file_path": "/data/shapenet_blender/all_50_random/02958343/420519a0f7390564f500cc506a763c18/r_21",
            "rotation": 0.12566370614359174,
            "transform_matrix": [
                [
                    0.632125198841095,
                    0.0624280609190464,
                    -0.7723473906517029,
                    -3.113431930541992
                ],
                [
                    -0.7748664021492004,
                    0.05092794448137283,
                    -0.6300702691078186,
                    -2.5398945808410645
                ],
                [
                    0.0,
                    0.996749222278595,
                    0.08056624233722687,
                    0.3247729241847992
                ],
                [
                    0.0,
                    0.0,
                    0.0,
                    1.0
                ]
            ]
        },
        {
            "file_path": "/data/shapenet_blender/all_50_random/02958343/420519a0f7390564f500cc506a763c18/r_22",
            "rotation": 0.12566370614359174,
            "transform_matrix": [
                [
                    0.9613776206970215,
                    0.20078912377357483,
                    0.18824689090251923,
                    0.7588474750518799
                ],
                [
                    0.2752329409122467,
                    -0.7013483643531799,
                    -0.6575388312339783,
                    -2.6506237983703613
                ],
                [
                    0.0,
                    0.6839548349380493,
                    -0.7295243144035339,
                    -2.9408066272735596
                ],
                [
                    0.0,
                    0.0,
                    0.0,
                    1.0
                ]
            ]
        },
        {
            "file_path": "/data/shapenet_blender/all_50_random/02958343/420519a0f7390564f500cc506a763c18/r_23",
            "rotation": 0.12566370614359174,
            "transform_matrix": [
                [
                    -0.7834272384643555,
                    -0.38896656036376953,
                    -0.48471295833587646,
                    -1.953940510749817
                ],
                [
                    -0.6214833855628967,
                    0.4903219938278198,
                    0.611017644405365,
                    2.4630911350250244
                ],
                [
                    -1.4901160305669237e-08,
                    0.779928982257843,
                    -0.6258679032325745,
                    -2.5229544639587402
                ],
                [
                    0.0,
                    0.0,
                    0.0,
                    1.0
                ]
            ]
        },
        {
            "file_path": "/data/shapenet_blender/all_50_random/02958343/420519a0f7390564f500cc506a763c18/r_24",
            "rotation": 0.12566370614359174,
            "transform_matrix": [
                [
                    -0.35330912470817566,
                    -0.0074155982583761215,
                    0.9354772567749023,
                    3.771029233932495
                ],
                [
                    0.9355065822601318,
                    -0.002800620160996914,
                    0.35329803824424744,
                    1.4241899251937866
                ],
                [
                    0.0,
                    0.9999685883522034,
                    0.007926826365292072,
                    0.03195405751466751
                ],
                [
                    0.0,
                    0.0,
                    0.0,
                    1.0
                ]
            ]
        },
        {
            "file_path": "/data/shapenet_blender/all_50_random/02958343/420519a0f7390564f500cc506a763c18/r_25",
            "rotation": 0.12566370614359174,
            "transform_matrix": [
                [
                    0.9791746139526367,
                    0.021409757435321808,
                    -0.2018876075744629,
                    -0.8138349652290344
                ],
                [
                    -0.2030196487903595,
                    0.10326040536165237,
                    -0.9737147092819214,
                    -3.9251694679260254
                ],
                [
                    0.0,
                    0.9944239258766174,
                    0.10545657575130463,
                    0.42510905861854553
                ],
                [
                    0.0,
                    0.0,
                    0.0,
                    1.0
                ]
            ]
        },
        {
            "file_path": "/data/shapenet_blender/all_50_random/02958343/420519a0f7390564f500cc506a763c18/r_26",
            "rotation": 0.12566370614359174,
            "transform_matrix": [
                [
                    -0.6049801707267761,
                    -0.0827813670039177,
                    -0.7919256687164307,
                    -3.192354440689087
                ],
                [
                    -0.7962405681610107,
                    0.06289692223072052,
                    0.6017017364501953,
                    2.425537347793579
                ],
                [
                    -3.725290298461914e-09,
                    0.9945809245109558,
                    -0.10396526753902435,
                    -0.4190973937511444
                ],
                [
                    0.0,
                    0.0,
                    0.0,
                    1.0
                ]
            ]
        },
        {
            "file_path": "/data/shapenet_blender/all_50_random/02958343/420519a0f7390564f500cc506a763c18/r_27",
            "rotation": 0.12566370614359174,
            "transform_matrix": [
                [
                    0.7708213925361633,
                    -0.05313878878951073,
                    0.6348311305046082,
                    2.559086322784424
                ],
                [
                    0.6370512843132019,
                    0.06429703533649445,
                    -0.7681350111961365,
                    -3.0964515209198
                ],
                [
                    3.725290298461914e-09,
                    0.9965149760246277,
                    0.08341366052627563,
                    0.33625125885009766
                ],
                [
                    0.0,
                    0.0,
                    0.0,
                    1.0
                ]
            ]
        },
        {
            "file_path": "/data/shapenet_blender/all_50_random/02958343/420519a0f7390564f500cc506a763c18/r_28",
            "rotation": 0.12566370614359174,
            "transform_matrix": [
                [
                    0.6029698252677917,
                    -0.415017694234848,
                    0.6813130974769592,
                    2.7464611530303955
                ],
                [
                    0.797764003276825,
                    0.3136807084083557,
                    -0.5149533748626709,
                    -2.0758438110351562
                ],
                [
                    0.0,
                    0.854028582572937,
                    0.5202260613441467,
                    2.0970985889434814
                ],
                [
                    0.0,
                    0.0,
                    0.0,
                    1.0
                ]
            ]
        },
        {
            "file_path": "/data/shapenet_blender/all_50_random/02958343/420519a0f7390564f500cc506a763c18/r_29",
            "rotation": 0.12566370614359174,
            "transform_matrix": [
                [
                    0.08984734117984772,
                    -0.12376999109983444,
                    0.9882349371910095,
                    3.9837026596069336
                ],
                [
                    0.9959555864334106,
                    0.011165561154484749,
                    -0.08915083855390549,
                    -0.35937854647636414
                ],
                [
                    9.313225746154785e-10,
                    0.9922481179237366,
                    0.12427259236574173,
                    0.5009588599205017
                ],
                [
                    0.0,
                    0.0,
                    0.0,
                    1.0
                ]
            ]
        },
        {
            "file_path": "/data/shapenet_blender/all_50_random/02958343/420519a0f7390564f500cc506a763c18/r_30",
            "rotation": 0.12566370614359174,
            "transform_matrix": [
                [
                    0.7488168478012085,
                    0.04782814532518387,
                    -0.661048948764801,
                    -2.664773464202881
                ],
                [
                    -0.6627768874168396,
                    0.05403706803917885,
                    -0.7468645572662354,
                    -3.010707378387451
                ],
                [
                    0.0,
                    0.9973928928375244,
                    0.07216325402259827,
                    0.290899395942688
                ],
                [
                    0.0,
                    0.0,
                    0.0,
                    1.0
                ]
            ]
        },
        {
            "file_path": "/data/shapenet_blender/all_50_random/02958343/420519a0f7390564f500cc506a763c18/r_31",
            "rotation": 0.12566370614359174,
            "transform_matrix": [
                [
                    -0.09868863224983215,
                    -0.31698185205459595,
                    0.9432830810546875,
                    3.8024957180023193
                ],
                [
                    0.9951184391975403,
                    -0.03143596276640892,
                    0.09354797005653381,
                    0.37710392475128174
                ],
                [
                    1.862645371275562e-09,
                    0.947910487651825,
                    0.3185368478298187,
                    1.2840631008148193
                ],
                [
                    0.0,
                    0.0,
                    0.0,
                    1.0
                ]
            ]
        },
        {
            "file_path": "/data/shapenet_blender/all_50_random/02958343/420519a0f7390564f500cc506a763c18/r_32",
            "rotation": 0.12566370614359174,
            "transform_matrix": [
                [
                    0.8451014757156372,
                    0.16141822934150696,
                    0.5096545219421387,
                    2.05448317527771
                ],
                [
                    0.5346060395240784,
                    -0.2551688253879547,
                    -0.8056582808494568,
                    -3.2477123737335205
                ],
                [
                    1.4901162970204496e-08,
                    0.9533272981643677,
                    -0.3019387125968933,
                    -1.2171539068222046
                ],
                [
                    0.0,
                    0.0,
                    0.0,
                    1.0
                ]
            ]
        },
        {
            "file_path": "/data/shapenet_blender/all_50_random/02958343/420519a0f7390564f500cc506a763c18/r_33",
            "rotation": 0.12566370614359174,
            "transform_matrix": [
                [
                    0.5173386931419373,
                    0.5828171372413635,
                    0.6266456842422485,
                    2.526089906692505
                ],
                [
                    0.855780839920044,
                    -0.35232603549957275,
                    -0.37882137298583984,
                    -1.5270780324935913
                ],
                [
                    -1.4901162970204496e-08,
                    0.7322503328323364,
                    -0.6810354590415955,
                    -2.7453420162200928
                ],
                [
                    0.0,
                    0.0,
                    0.0,
                    1.0
                ]
            ]
        },
        {
            "file_path": "/data/shapenet_blender/all_50_random/02958343/420519a0f7390564f500cc506a763c18/r_34",
            "rotation": 0.12566370614359174,
            "transform_matrix": [
                [
                    -0.6025756597518921,
                    0.07246220856904984,
                    -0.7947652339935303,
                    -3.203801155090332
                ],
                [
                    -0.7980618476867676,
                    -0.05471251532435417,
                    0.6000866293907166,
                    2.4190266132354736
                ],
                [
                    0.0,
                    0.9958693385124207,
                    0.09079774469137192,
                    0.3660174310207367
                ],
                [
                    0.0,
                    0.0,
                    0.0,
                    1.0
                ]
            ]
        },
        {
            "file_path": "/data/shapenet_blender/all_50_random/02958343/420519a0f7390564f500cc506a763c18/r_35",
            "rotation": 0.12566370614359174,
            "transform_matrix": [
                [
                    -0.8394681215286255,
                    -0.03915183246135712,
                    0.5419967174530029,
                    2.184858560562134
                ],
                [
                    0.543408989906311,
                    -0.060482461005449295,
                    0.8372864127159119,
                    3.3752095699310303
                ],
                [
                    -3.725290298461914e-09,
                    0.9974011778831482,
                    0.07204855233430862,
                    0.2904370129108429
                ],
                [
                    0.0,
                    0.0,
                    0.0,
                    1.0
                ]
            ]
        },
        {
            "file_path": "/data/shapenet_blender/all_50_random/02958343/420519a0f7390564f500cc506a763c18/r_36",
            "rotation": 0.12566370614359174,
            "transform_matrix": [
                [
                    0.520806074142456,
                    -0.05645273998379707,
                    -0.8518063426017761,
                    -3.4337410926818848
                ],
                [
                    -0.8536749482154846,
                    -0.034440428018569946,
                    -0.5196661353111267,
                    -2.094841241836548
                ],
                [
                    1.862645149230957e-09,
                    0.997810959815979,
                    -0.06612908840179443,
                    -0.266574889421463
                ],
                [
                    0.0,
                    0.0,
                    0.0,
                    1.0
                ]
            ]
        },
        {
            "file_path": "/data/shapenet_blender/all_50_random/02958343/420519a0f7390564f500cc506a763c18/r_37",
            "rotation": 0.12566370614359174,
            "transform_matrix": [
                [
                    0.5667275190353394,
                    -0.02492959052324295,
                    0.8235281109809875,
                    3.3197476863861084
                ],
                [
                    0.8239052891731262,
                    0.01714794710278511,
                    -0.5664680600166321,
                    -2.283505439758301
                ],
                [
                    -9.313225191043273e-10,
                    0.9995421171188354,
                    0.03025784157216549,
                    0.12197324633598328
                ],
                [
                    0.0,
                    0.0,
                    0.0,
                    1.0
                ]
            ]
        },
        {
            "file_path": "/data/shapenet_blender/all_50_random/02958343/420519a0f7390564f500cc506a763c18/r_38",
            "rotation": 0.12566370614359174,
            "transform_matrix": [
                [
                    0.7706633806228638,
                    0.04934684559702873,
                    -0.6353289484977722,
                    -2.5610930919647217
                ],
                [
                    -0.6372425556182861,
                    0.05967869237065315,
                    -0.7683490514755249,
                    -3.0973143577575684
                ],
                [
                    0.0,
                    0.996997058391571,
                    0.07743808627128601,
                    0.31216293573379517
                ],
                [
                    0.0,
                    0.0,
                    0.0,
                    1.0
                ]
            ]
        },
        {
            "file_path": "/data/shapenet_blender/all_50_random/02958343/420519a0f7390564f500cc506a763c18/r_39",
            "rotation": 0.12566370614359174,
            "transform_matrix": [
                [
                    0.958253026008606,
                    0.028971754014492035,
                    -0.2844502329826355,
                    -1.146655559539795
                ],
                [
                    -0.2859218716621399,
                    0.09709740430116653,
                    -0.9533209204673767,
                    -3.8429596424102783
                ],
                [
                    0.0,
                    0.9948530197143555,
                    0.10132753849029541,
                    0.40846437215805054
                ],
                [
                    0.0,
                    0.0,
                    0.0,
                    1.0
                ]
            ]
        },
        {
            "file_path": "/data/shapenet_blender/all_50_random/02958343/420519a0f7390564f500cc506a763c18/r_40",
            "rotation": 0.12566370614359174,
            "transform_matrix": [
                [
                    -0.8518884778022766,
                    0.46431469917297363,
                    0.2422766089439392,
                    0.9766482710838318
                ],
                [
                    0.5237232446670532,
                    0.7552543878555298,
                    0.39408716559410095,
                    1.588616132736206
                ],
                [
                    -1.4901161193847656e-08,
                    0.46260422468185425,
                    -0.8865648508071899,
                    -3.573857307434082
                ],
                [
                    0.0,
                    0.0,
                    0.0,
                    1.0
                ]
            ]
        },
        {
            "file_path": "/data/shapenet_blender/all_50_random/02958343/420519a0f7390564f500cc506a763c18/r_41",
            "rotation": 0.12566370614359174,
            "transform_matrix": [
                [
                    0.49864327907562256,
                    -0.1420014351606369,
                    0.8550967574119568,
                    3.447005271911621
                ],
                [
                    0.8668073415756226,
                    0.08168835937976837,
                    -0.49190661311149597,
                    -1.9829390048980713
                ],
                [
