{
    "class": "02958343",
    "model": "813bedf2a45f5681ca92a4cdad802b45",
    "remove_doubles": true,
    "edge_split": true,
    "denoise": true,
    "camera_angle_x": 0.6911112070083618,
    "scale_factor": 2.2743814702859284,
    "hdri_file": "/data/IndoorHDRDataset2018/9C4A9558-fff4240b45.exr",
    "center_offset": [
        0.0,
        0.0,
        -2.3283064365386963e-10
    ],
    "lights": [],
    "frames": [
        {
            "file_path": "/data/shapenet_blender/all_50_random/02958343/813bedf2a45f5681ca92a4cdad802b45/r_0",
            "rotation": 0.12566370614359174,
            "transform_matrix": [
                [
                    -0.5386183261871338,
                    0.6920298933982849,
                    0.48060882091522217,
                    1.9373961687088013
                ],
                [
                    0.8425498604774475,
                    0.4423951804637909,
                    0.3072396516799927,
                    1.2385226488113403
                ],
                [
                    0.0,
                    0.5704217553138733,
                    -0.8213518857955933,
                    -3.3109753131866455
                ],
                [
                    0.0,
                    0.0,
                    0.0,
                    1.0
                ]
            ]
        },
        {
            "file_path": "/data/shapenet_blender/all_50_random/02958343/813bedf2a45f5681ca92a4cdad802b45/r_1",
            "rotation": 0.12566370614359174,
            "transform_matrix": [
                [
                    0.3678286373615265,
                    -0.9256487488746643,
                    -0.08875040709972382,
                    -0.3577643036842346
                ],
                [
                    -0.9298936724662781,
                    -0.36614951491355896,
                    -0.035106100142002106,
                    -0.14151719212532043
                ],
                [
                    -3.725290298461914e-09,
                    0.09544092416763306,
                    -0.9954351186752319,
                    -4.012726783752441
                ],
                [
                    0.0,
                    0.0,
                    0.0,
                    1.0
                ]
            ]
        },
        {
            "file_path": "/data/shapenet_blender/all_50_random/02958343/813bedf2a45f5681ca92a4cdad802b45/r_2",
            "rotation": 0.12566370614359174,
            "transform_matrix": [
                [
                    -0.8968241214752197,
                    -0.09952324628829956,
                    -0.431047260761261,
                    -1.7376072406768799
                ],
                [
                    -0.44238749146461487,
                    0.20175717771053314,
                    0.8738347887992859,
                    3.522541046142578
                ],
                [
                    7.450581485102248e-09,
                    0.9743660092353821,
                    -0.22496849298477173,
                    -0.9068770408630371
                ],
                [
                    0.0,
                    0.0,
                    0.0,
                    1.0
                ]
            ]
        },
        {
            "file_path": "/data/shapenet_blender/all_50_random/02958343/813bedf2a45f5681ca92a4cdad802b45/r_3",
            "rotation": 0.12566370614359174,
            "transform_matrix": [
                [
                    0.3010401427745819,
                    0.37310999631881714,
                    0.8775897026062012,
                    3.53767728805542
                ],
                [
                    0.9536114931106567,
                    -0.11778496205806732,
                    -0.2770412862300873,
                    -1.1167891025543213
                ],
                [
                    -7.450580596923828e-09,
                    0.9202800989151001,
                    -0.3912599980831146,
                    -1.5772194862365723
                ],
                [
                    0.0,
                    0.0,
                    0.0,
                    1.0
                ]
            ]
        },
        {
            "file_path": "/data/shapenet_blender/all_50_random/02958343/813bedf2a45f5681ca92a4cdad802b45/r_4",
            "rotation": 0.12566370614359174,
            "transform_matrix": [
                [
                    -0.2780335247516632,
                    -0.5029650330543518,
                    0.8183664083480835,
                    3.298940420150757
                ],
                [
                    0.9605714082717896,
                    -0.1455812007188797,
                    0.23687288165092468,
                    0.9548651576042175
                ],
                [
                    -1.4901161193847656e-08,
                    0.8519579172134399,
                    0.5236102342605591,
                    2.1107404232025146
                ],
                [
                    0.0,
                    0.0,
                    0.0,
                    1.0
                ]
            ]
        },
        {
            "file_path": "/data/shapenet_blender/all_50_random/02958343/813bedf2a45f5681ca92a4cdad802b45/r_5",
            "rotation": 0.12566370614359174,
            "transform_matrix": [
                [
                    -0.9986610412597656,
                    0.00042190804379060864,
                    -0.05172945559024811,
                    -0.20852810144424438
                ],
                [
                    -0.051731176674366,
                    -0.008144859224557877,
                    0.9986278414726257,
                    4.02559757232666
                ],
                [
                    -2.9103830456733704e-11,
                    0.9999667406082153,
                    0.008155778981745243,
                    0.03287699818611145
                ],
                [
                    0.0,
                    0.0,
                    0.0,
                    1.0
                ]
            ]
        },
        {
            "file_path": "/data/shapenet_blender/all_50_random/02958343/813bedf2a45f5681ca92a4cdad802b45/r_6",
            "rotation": 0.12566370614359174,
            "transform_matrix": [
                [
                    -0.08397449553012848,
                    0.034117646515369415,
                    0.9958836436271667,
                    4.014535427093506
                ],
                [
                    0.9964679479598999,
                    0.0028751674108207226,
                    0.08392524719238281,
                    0.338313490152359
                ],
                [
                    -2.3283067140944524e-10,
                    0.9994136095046997,
                    -0.034238580614328384,
                    -0.1380201280117035
                ],
                [
                    0.0,
                    0.0,
                    0.0,
                    1.0
                ]
            ]
        },
        {
            "file_path": "/data/shapenet_blender/all_50_random/02958343/813bedf2a45f5681ca92a4cdad802b45/r_7",
            "rotation": 0.12566370614359174,
            "transform_matrix": [
                [
                    0.7784472703933716,
                    -0.626541018486023,
                    0.038293324410915375,
                    0.15436533093452454
                ],
                [
                    0.6277101635932922,
                    0.7769972681999207,
                    -0.04748900234699249,
                    -0.19143429398536682
                ],
                [
                    0.0,
                    0.06100495904684067,
                    0.9981374144554138,
                    4.02362060546875
                ],
                [
                    0.0,
                    0.0,
                    0.0,
                    1.0
                ]
            ]
        },
        {
            "file_path": "/data/shapenet_blender/all_50_random/02958343/813bedf2a45f5681ca92a4cdad802b45/r_8",
            "rotation": 0.12566370614359174,
            "transform_matrix": [
                [
                    -0.8128048181533813,
                    0.13825710117816925,
                    -0.5658917427062988,
                    -2.2811825275421143
                ],
                [
                    -0.5825362801551819,
                    -0.19290819764137268,
                    0.7895808219909668,
                    3.1829020977020264
                ],
                [
                    0.0,
                    0.9714275002479553,
                    0.23733647167682648,
                    0.9567339420318604
                ],
                [
                    0.0,
                    0.0,
                    0.0,
                    1.0
                ]
            ]
        },
        {
            "file_path": "/data/shapenet_blender/all_50_random/02958343/813bedf2a45f5681ca92a4cdad802b45/r_9",
            "rotation": 0.12566370614359174,
            "transform_matrix": [
                [
                    -0.02022160217165947,
                    0.7521809339523315,
                    -0.6586462259292603,
                    -2.655088186264038
                ],
                [
                    -0.9997954368591309,
                    -0.015213415957987309,
                    0.013321605511009693,
                    0.053701117634773254
                ],
                [
                    -9.313224635931761e-10,
                    0.6587809324264526,
                    0.7523345947265625,
                    3.0327582359313965
                ],
                [
                    0.0,
                    0.0,
                    0.0,
                    1.0
                ]
            ]
        },
        {
            "file_path": "/data/shapenet_blender/all_50_random/02958343/813bedf2a45f5681ca92a4cdad802b45/r_10",
            "rotation": 0.12566370614359174,
            "transform_matrix": [
                [
                    0.9072374105453491,
                    -0.026436595246195793,
                    0.41978731751441956,
                    1.6922168731689453
                ],
                [
                    0.4206189215183258,
                    0.0570213682949543,
                    -0.9054436087608337,
                    -3.6499602794647217
                ],
                [
                    -1.862645149230957e-09,
                    0.9980228543281555,
                    0.06285164505243301,
                    0.25336310267448425
                ],
                [
                    0.0,
                    0.0,
                    0.0,
                    1.0
                ]
            ]
        },
        {
            "file_path": "/data/shapenet_blender/all_50_random/02958343/813bedf2a45f5681ca92a4cdad802b45/r_11",
            "rotation": 0.12566370614359174,
            "transform_matrix": [
                [
                    -0.533541202545166,
                    -0.2900242507457733,
                    0.7944933772087097,
                    3.202705144882202
                ],
                [
                    0.8457740545272827,
                    -0.1829565167427063,
                    0.5011916756629944,
                    2.0203683376312256
                ],
                [
                    0.0,
                    0.9393683075904846,
                    0.3429098427295685,
                    1.382313847541809
                ],
                [
                    0.0,
                    0.0,
                    0.0,
                    1.0
                ]
            ]
        },
        {
            "file_path": "/data/shapenet_blender/all_50_random/02958343/813bedf2a45f5681ca92a4cdad802b45/r_12",
            "rotation": 0.12566370614359174,
            "transform_matrix": [
                [
                    0.9911165237426758,
                    -0.06677144020795822,
                    0.11502034962177277,
                    0.4636618494987488
                ],
                [
                    0.13299664855003357,
                    0.49759358167648315,
                    -0.8571537137031555,
                    -3.4552972316741943
                ],
                [
                    3.725290298461914e-09,
                    0.8648364543914795,
                    0.5020535588264465,
                    2.0238425731658936
                ],
                [
                    0.0,
                    0.0,
                    0.0,
                    1.0
                ]
            ]
        },
        {
            "file_path": "/data/shapenet_blender/all_50_random/02958343/813bedf2a45f5681ca92a4cdad802b45/r_13",
            "rotation": 0.12566370614359174,
            "transform_matrix": [
                [
                    0.9671816825866699,
                    0.09234467893838882,
                    0.23671095073223114,
                    0.9542124271392822
                ],
                [
                    0.25408586859703064,
                    -0.3515114188194275,
                    -0.9010438323020935,
                    -3.6322240829467773
                ],
                [
                    0.0,
                    0.9316180944442749,
                    -0.36343881487846375,
                    -1.4650688171386719
                ],
                [
                    0.0,
                    0.0,
                    0.0,
                    1.0
                ]
            ]
        },
        {
            "file_path": "/data/shapenet_blender/all_50_random/02958343/813bedf2a45f5681ca92a4cdad802b45/r_14",
            "rotation": 0.12566370614359174,
            "transform_matrix": [
                [
                    -0.49568331241607666,
                    0.14718668162822723,
                    -0.8559404611587524,
                    -3.450406312942505
                ],
                [
                    -0.8685033321380615,
                    -0.08400426059961319,
                    0.4885132908821106,
                    1.9692600965499878
                ],
                [
                    0.0,
                    0.9855349659919739,
                    0.1694716513156891,
                    0.6831620931625366
                ],
                [
                    0.0,
                    0.0,
                    0.0,
                    1.0
                ]
            ]
        },
        {
            "file_path": "/data/shapenet_blender/all_50_random/02958343/813bedf2a45f5681ca92a4cdad802b45/r_15",
            "rotation": 0.12566370614359174,
            "transform_matrix": [
                [
                    -0.7918371558189392,
                    -0.010634220205247402,
                    -0.6106395721435547,
                    -2.461566686630249
                ],
                [
                    -0.6107321381568909,
                    0.013787668198347092,
                    0.7917172312736511,
                    3.191514015197754
                ],
                [
                    9.313224080820248e-10,
                    0.9998483061790466,
                    -0.017412250861525536,
                    -0.07019102573394775
                ],
                [
                    0.0,
                    0.0,
                    0.0,
                    1.0
                ]
            ]
        },
        {
            "file_path": "/data/shapenet_blender/all_50_random/02958343/813bedf2a45f5681ca92a4cdad802b45/r_16",
            "rotation": 0.12566370614359174,
            "transform_matrix": [
                [
                    -0.980003297328949,
                    -0.04443277791142464,
                    -0.19395679235458374,
                    -0.7818648815155029
                ],
                [
                    -0.1989811807870865,
                    0.21883609890937805,
                    0.9552576541900635,
                    3.850766897201538
                ],
                [
                    -3.7252898543727042e-09,
                    0.9747495651245117,
                    -0.22330135107040405,
                    -0.9001566171646118
                ],
                [
                    0.0,
                    0.0,
                    0.0,
                    1.0
                ]
            ]
        },
        {
            "file_path": "/data/shapenet_blender/all_50_random/02958343/813bedf2a45f5681ca92a4cdad802b45/r_17",
            "rotation": 0.12566370614359174,
            "transform_matrix": [
                [
                    0.6176953911781311,
                    -0.191091388463974,
                    -0.7628475427627563,
                    -3.075137138366699
                ],
                [
                    -0.786417543888092,
                    -0.15009364485740662,
                    -0.5991822481155396,
                    -2.4153811931610107
                ],
                [
                    0.0,
                    0.9700287580490112,
                    -0.24298974871635437,
                    -0.9795230627059937
                ],
                [
                    0.0,
                    0.0,
                    0.0,
                    1.0
                ]
            ]
        },
        {
            "file_path": "/data/shapenet_blender/all_50_random/02958343/813bedf2a45f5681ca92a4cdad802b45/r_18",
            "rotation": 0.12566370614359174,
            "transform_matrix": [
                [
                    -0.507622480392456,
                    0.5067523121833801,
                    0.6967936754226685,
                    2.8088650703430176
                ],
                [
                    0.8615795373916626,
                    0.298566609621048,
                    0.410534530878067,
                    1.654917597770691
                ],
                [
                    0.0,
                    0.8087397217750549,
                    -0.5881666541099548,
                    -2.3709757328033447
                ],
                [
                    0.0,
                    0.0,
                    0.0,
                    1.0
                ]
            ]
        },
        {
            "file_path": "/data/shapenet_blender/all_50_random/02958343/813bedf2a45f5681ca92a4cdad802b45/r_19",
            "rotation": 0.12566370614359174,
            "transform_matrix": [
                [
                    0.7042849063873291,
                    -0.14356137812137604,
                    0.6952501535415649,
                    2.802643060684204
                ],
                [
                    0.7099173069000244,
                    0.1424223780632019,
                    -0.6897341012954712,
                    -2.780407190322876
                ],
                [
                    -7.450580152834618e-09,
                    0.9793395400047302,
                    0.20222264528274536,
                    0.815185546875
                ],
                [
                    0.0,
                    0.0,
                    0.0,
                    1.0
                ]
            ]
        },
        {
            "file_path": "/data/shapenet_blender/all_50_random/02958343/813bedf2a45f5681ca92a4cdad802b45/r_20",
            "rotation": 0.12566370614359174,
            "transform_matrix": [
                [
                    0.072295643389225,
                    -0.07049082219600677,
                    -0.9948891997337341,
                    -4.010526180267334
                ],
                [
                    -0.9973832368850708,
                    -0.005109549965709448,
                    -0.07211486250162125,
                    -0.29070428013801575
                ],
                [
                    0.0,
                    0.9974992871284485,
                    -0.07067577540874481,
                    -0.2849031388759613
                ],
                [
                    0.0,
                    0.0,
                    0.0,
                    1.0
                ]
            ]
        },
        {
            "file_path": "/data/shapenet_blender/all_50_random/02958343/813bedf2a45f5681ca92a4cdad802b45/r_21",
            "rotation": 0.12566370614359174,
            "transform_matrix": [
                [
                    0.6689828038215637,
                    0.30390408635139465,
                    -0.6783099174499512,
                    -2.7343547344207764
                ],
                [
                    -0.743277907371521,
                    0.27352699637413025,
                    -0.6105086803436279,
                    -2.4610393047332764
                ],
                [
                    0.0,
                    0.9125925302505493,
                    0.40887004137039185,
                    1.6482079029083252
                ],
                [
                    0.0,
                    0.0,
                    0.0,
                    1.0
                ]
            ]
        },
        {
            "file_path": "/data/shapenet_blender/all_50_random/02958343/813bedf2a45f5681ca92a4cdad802b45/r_22",
            "rotation": 0.12566370614359174,
            "transform_matrix": [
                [
                    -0.17758110165596008,
                    0.8939902186393738,
                    0.4113955795764923,
                    1.6583888530731201
                ],
                [
                    0.9841062426567078,
                    0.16131974756717682,
                    0.07423597574234009,
                    0.299254834651947
                ],
                [
                    0.0,
                    0.41803988814353943,
                    -0.9084285497665405,
                    -3.6619930267333984
                ],
                [
                    0.0,
                    0.0,
                    0.0,
                    1.0
                ]
            ]
        },
        {
            "file_path": "/data/shapenet_blender/all_50_random/02958343/813bedf2a45f5681ca92a4cdad802b45/r_23",
            "rotation": 0.12566370614359174,
            "transform_matrix": [
                [
                    0.9582506418228149,
                    0.09210802614688873,
                    -0.27068793773651123,
                    -1.0911779403686523
                ],
                [
                    -0.285929799079895,
                    0.30868613719940186,
                    -0.907169759273529,
                    -3.6569182872772217
                ],
                [
                    0.0,
                    0.9466935992240906,
                    0.3221351206302643,
                    1.2985682487487793
                ],
                [
                    0.0,
                    0.0,
                    0.0,
                    1.0
                ]
            ]
        },
        {
            "file_path": "/data/shapenet_blender/all_50_random/02958343/813bedf2a45f5681ca92a4cdad802b45/r_24",
            "rotation": 0.12566370614359174,
            "transform_matrix": [
                [
                    0.2572951912879944,
                    0.1155179888010025,
                    -0.9594032764434814,
                    -3.867478609085083
                ],
                [
                    -0.9663328528404236,
                    0.03075774759054184,
                    -0.2554500997066498,
                    -1.0297523736953735
                ],
                [
                    1.862645371275562e-09,
                    0.9928289651870728,
                    0.11954264342784882,
                    0.48189184069633484
                ],
                [
                    0.0,
                    0.0,
                    0.0,
                    1.0
                ]
            ]
        },
        {
            "file_path": "/data/shapenet_blender/all_50_random/02958343/813bedf2a45f5681ca92a4cdad802b45/r_25",
            "rotation": 0.12566370614359174,
            "transform_matrix": [
                [
                    -0.9975982904434204,
                    0.025462673977017403,
                    0.0644153282046318,
                    0.2596665024757385
                ],
                [
                    0.06926530599594116,
                    0.36672788858413696,
                    0.9277461767196655,
                    3.7398643493652344
                ],
                [
                    1.862645149230957e-09,
                    0.9299797415733337,
                    -0.3676108121871948,
                    -1.481886625289917
                ],
                [
                    0.0,
                    0.0,
                    0.0,
                    1.0
                ]
            ]
        },
        {
            "file_path": "/data/shapenet_blender/all_50_random/02958343/813bedf2a45f5681ca92a4cdad802b45/r_26",
            "rotation": 0.12566370614359174,
            "transform_matrix": [
                [
                    -0.9991241693496704,
                    -0.014094122685492039,
                    -0.039398688822984695,
                    -0.1588211953639984
                ],
                [
                    -0.04184376820921898,
                    0.3365322947502136,
                    0.940741777420044,
                    3.7922513484954834
                ],
                [
                    9.313225746154785e-10,
                    0.9415664076805115,
                    -0.3368273079395294,
                    -1.3577942848205566
                ],
                [
                    0.0,
                    0.0,
                    0.0,
                    1.0
                ]
            ]
        },
        {
            "file_path": "/data/shapenet_blender/all_50_random/02958343/813bedf2a45f5681ca92a4cdad802b45/r_27",
            "rotation": 0.12566370614359174,
            "transform_matrix": [
                [
                    -0.9689205884933472,
                    -0.07161486893892288,
                    0.23677867650985718,
                    0.9544854164123535
                ],
                [
                    0.2473718523979187,
                    -0.28050532937049866,
                    0.9274286031723022,
                    3.738584518432617
                ],
                [
                    7.450580152834618e-09,
                    0.9571771025657654,
                    0.289502888917923,
                    1.1670235395431519
                ],
                [
                    0.0,
                    0.0,
                    0.0,
                    1.0
                ]
            ]
        },
        {
            "file_path": "/data/shapenet_blender/all_50_random/02958343/813bedf2a45f5681ca92a4cdad802b45/r_28",
            "rotation": 0.12566370614359174,
            "transform_matrix": [
                [
                    0.9559540748596191,
                    0.019274182617664337,
                    0.2928825616836548,
                    1.1806474924087524
                ],
                [
                    0.2935160994529724,
                    -0.0627741813659668,
                    -0.9538907408714294,
                    -3.845256805419922
                ],
                [
                    -1.8626450382086546e-09,
                    0.9978415966033936,
                    -0.06566651910543442,
                    -0.2647102475166321
                ],
                [
                    0.0,
                    0.0,
                    0.0,
                    1.0
                ]
            ]
        },
        {
            "file_path": "/data/shapenet_blender/all_50_random/02958343/813bedf2a45f5681ca92a4cdad802b45/r_29",
            "rotation": 0.12566370614359174,
            "transform_matrix": [
                [
                    -0.06967341154813766,
                    -0.7588950991630554,
                    -0.6474748849868774,
                    -2.6100544929504395
                ],
                [
                    -0.9975698590278625,
                    0.053003616631031036,
                    0.04522167891263962,
                    0.18229439854621887
                ],
                [
                    0.0,
                    0.6490521430969238,
                    -0.7607439756393433,
                    -3.0666565895080566
                ],
                [
                    0.0,
                    0.0,
                    0.0,
                    1.0
                ]
            ]
        },
        {
            "file_path": "/data/shapenet_blender/all_50_random/02958343/813bedf2a45f5681ca92a4cdad802b45/r_30",
            "rotation": 0.12566370614359174,
            "transform_matrix": [
                [
                    -0.052771031856536865,
                    -0.39310386776924133,
                    0.9179785251617432,
                    3.7004897594451904
                ],
                [
                    0.9986066818237305,
                    -0.02077344059944153,
                    0.04851026460528374,
                    0.19555112719535828
                ],
                [
                    0.0,
                    0.9192593693733215,
                    0.39365237951278687,
                    1.5868635177612305
                ],
                [
                    0.0,
                    0.0,
                    0.0,
                    1.0
                ]
            ]
        },
        {
            "file_path": "/data/shapenet_blender/all_50_random/02958343/813bedf2a45f5681ca92a4cdad802b45/r_31",
            "rotation": 0.12566370614359174,
            "transform_matrix": [
                [
                    0.8777105808258057,
                    -0.10917264223098755,
                    -0.4665893018245697,
                    -1.8808817863464355
                ],
                [
                    -0.47919130325317383,
                    -0.19996602833271027,
                    -0.8546280860900879,
                    -3.4451162815093994
                ],
                [
                    -7.450581485102248e-09,
                    0.9737016558647156,
                    -0.22782684862613678,
                    -0.918399453163147
                ],
                [
                    0.0,
                    0.0,
                    0.0,
                    1.0
                ]
            ]
        },
        {
            "file_path": "/data/shapenet_blender/all_50_random/02958343/813bedf2a45f5681ca92a4cdad802b45/r_32",
            "rotation": 0.12566370614359174,
            "transform_matrix": [
                [
                    0.8618303537368774,
                    0.24688230454921722,
                    -0.4430549144744873,
                    -1.7860114574432373
                ],
                [
                    -0.5071967840194702,
                    0.41950318217277527,
                    -0.7528403401374817,
                    -3.0347964763641357
                ],
                [
                    -1.4901161193847656e-08,
                    0.8735365867614746,
                    0.4867585003376007,
                    1.962186336517334
                ],
                [
                    0.0,
                    0.0,
                    0.0,
                    1.0
                ]
            ]
        },
        {
            "file_path": "/data/shapenet_blender/all_50_random/02958343/813bedf2a45f5681ca92a4cdad802b45/r_33",
            "rotation": 0.12566370614359174,
            "transform_matrix": [
                [
                    0.9999061822891235,
                    -0.0026644018944352865,
                    0.013438059017062187,
                    0.05417054891586304
                ],
                [
                    0.013699651695787907,
                    0.19446858763694763,
                    -0.9808130860328674,
                    -3.9537839889526367
                ],
                [
                    -2.3283062977608182e-10,
                    0.9809051752090454,
                    0.1944868266582489,
                    0.7840014696121216
                ],
                [
                    0.0,
                    0.0,
                    0.0,
                    1.0
                ]
            ]
        },
        {
            "file_path": "/data/shapenet_blender/all_50_random/02958343/813bedf2a45f5681ca92a4cdad802b45/r_34",
            "rotation": 0.12566370614359174,
            "transform_matrix": [
                [
                    0.7344384789466858,
                    -0.09616334736347198,
                    0.6718279719352722,
                    2.7082247734069824
                ],
                [
                    0.6786752939224243,
                    0.10406459122896194,
                    -0.7270285487174988,
                    -2.9307453632354736
                ],
                [
                    -7.4505797087454084e-09,
                    0.9899107217788696,
                    0.14169274270534515,
                    0.5711816549301147
                ],
                [
                    0.0,
                    0.0,
                    0.0,
                    1.0
                ]
            ]
        },
        {
            "file_path": "/data/shapenet_blender/all_50_random/02958343/813bedf2a45f5681ca92a4cdad802b45/r_35",
            "rotation": 0.12566370614359174,
            "transform_matrix": [
                [
                    -0.780044436454773,
                    -0.4913507401943207,
                    0.38743406534194946,
                    1.5617966651916504
                ],
                [
                    0.6257241368293762,
                    -0.6125308871269226,
                    0.48298564553260803,
                    1.9469773769378662
                ],
                [
                    -1.4901161193847656e-08,
                    0.6191771030426025,
                    0.7852513194084167,
                    3.165449380874634
                ],
                [
                    0.0,
                    0.0,
                    0.0,
                    1.0
                ]
            ]
        },
        {
            "file_path": "/data/shapenet_blender/all_50_random/02958343/813bedf2a45f5681ca92a4cdad802b45/r_36",
            "rotation": 0.12566370614359174,
            "transform_matrix": [
                [
                    0.9270969033241272,
                    0.3397241234779358,
                    -0.15836356580257416,
                    -0.6383839845657349
                ],
                [
                    -0.3748219907283783,
                    0.8402846455574036,
                    -0.3917015790939331,
                    -1.578999638557434
                ],
                [
                    0.0,
                    0.422503262758255,
                    0.9063612818717957,
                    3.6536593437194824
                ],
                [
                    0.0,
                    0.0,
                    0.0,
                    1.0
                ]
            ]
        },
        {
            "file_path": "/data/shapenet_blender/all_50_random/02958343/813bedf2a45f5681ca92a4cdad802b45/r_37",
            "rotation": 0.12566370614359174,
            "transform_matrix": [
                [
                    0.9580704569816589,
                    0.003579062642529607,
                    0.2865104675292969,
                    1.1549605131149292
                ],
                [
                    0.28653278946876526,
                    -0.011967196129262447,
                    -0.9579957723617554,
                    -3.8618040084838867
                ],
                [
                    0.0,
                    0.999921977519989,
                    -0.012490936554968357,
                    -0.05035256966948509
                ],
                [
                    0.0,
                    0.0,
                    0.0,
                    1.0
                ]
            ]
        },
        {
            "file_path": "/data/shapenet_blender/all_50_random/02958343/813bedf2a45f5681ca92a4cdad802b45/r_38",
            "rotation": 0.12566370614359174,
            "transform_matrix": [
                [
                    0.9447119235992432,
                    -0.025858188048005104,
                    -0.3268803060054779,
                    -1.3176968097686768
                ],
                [
                    -0.3279015123844147,
                    -0.07449962198734283,
                    -0.9417697787284851,
                    -3.7963955402374268
                ],
                [
                    0.0,
                    0.9968857169151306,
                    -0.0788596123456955,
                    -0.31789329648017883
                ],
                [
                    0.0,
                    0.0,
                    0.0,
                    1.0
                ]
            ]
        },
        {
            "file_path": "/data/shapenet_blender/all_50_random/02958343/813bedf2a45f5681ca92a4cdad802b45/r_39",
            "rotation": 0.12566370614359174,
            "transform_matrix": [
                [
                    0.7182801365852356,
                    0.22046300768852234,
                    -0.6599011421203613,
                    -2.660146713256836
                ],
                [
                    -0.6957538723945618,
                    0.22760088741779327,
                    -0.6812666058540344,
                    -2.7462737560272217
                ],
                [
                    0.0,
                    0.9484691619873047,
                    0.31686919927597046,
                    1.2773407697677612
                ],
                [
                    0.0,
                    0.0,
                    0.0,
                    1.0
                ]
            ]
        },
        {
            "file_path": "/data/shapenet_blender/all_50_random/02958343/813bedf2a45f5681ca92a4cdad802b45/r_40",
            "rotation": 0.12566370614359174,
            "transform_matrix": [
                [
                    -0.6961776614189148,
                    0.32851850986480713,
                    0.6382884383201599,
                    2.5730233192443848
                ],
                [
                    0.7178695201873779,
                    0.3185916543006897,
                    0.6190013289451599,
                    2.495274305343628
                ],
                [
                    2.9802322387695312e-08,
                    0.8891428709030151,
                    -0.4576297700405121,
                    -1.8447647094726562
                ],
                [
                    0.0,
                    0.0,
                    0.0,
                    1.0
                ]
            ]
        },
        {
            "file_path": "/data/shapenet_blender/all_50_random/02958343/813bedf2a45f5681ca92a4cdad802b45/r_41",
            "rotation": 0.12566370614359174,
            "transform_matrix": [
                [
                    0.7549644112586975,
                    0.10965940356254578,
                    0.6465318202972412,
                    2.6062533855438232
                ],
                [
                    0.6557656526565552,
                    -0.12624776363372803,
                    -0.7443337440490723,
