{
    "class": "02958343",
    "model": "3d85915d8726cc1845aa033a20004998",
    "remove_doubles": true,
    "edge_split": true,
    "denoise": true,
    "camera_angle_x": 0.6911112070083618,
    "scale_factor": 2.2743191906309614,
    "hdri_file": "/data/IndoorHDRDataset2018/9C4A4049-76117dc8f2.exr",
    "center_offset": [
        0.0,
        -1.862645149230957e-09,
        -3.725290298461914e-09
    ],
    "lights": [],
    "frames": [
        {
            "file_path": "/data/shapenet_blender/all_50_random/02958343/3d85915d8726cc1845aa033a20004998/r_0",
            "rotation": 0.12566370614359174,
            "transform_matrix": [
                [
                    0.9354171752929688,
                    0.2920302152633667,
                    0.19928133487701416,
                    0.8033287525177002
                ],
                [
                    0.3535459041595459,
                    -0.7726580500602722,
                    -0.5272616147994995,
                    -2.125459671020508
                ],
                [
                    0.0,
                    0.5636647939682007,
                    -0.8260036706924438,
                    -3.3297274112701416
                ],
                [
                    0.0,
                    0.0,
                    0.0,
                    1.0
                ]
            ]
        },
        {
            "file_path": "/data/shapenet_blender/all_50_random/02958343/3d85915d8726cc1845aa033a20004998/r_1",
            "rotation": 0.12566370614359174,
            "transform_matrix": [
                [
                    -0.9250817894935608,
                    0.16970109939575195,
                    -0.33974307775497437,
                    -1.3695482015609741
                ],
                [
                    -0.37976816296577454,
                    -0.41337695717811584,
                    0.8275842070579529,
                    3.3360986709594727
                ],
                [
                    0.0,
                    0.8946065306663513,
                    0.4468545615673065,
                    1.8013283014297485
                ],
                [
                    0.0,
                    0.0,
                    0.0,
                    1.0
                ]
            ]
        },
        {
            "file_path": "/data/shapenet_blender/all_50_random/02958343/3d85915d8726cc1845aa033a20004998/r_2",
            "rotation": 0.12566370614359174,
            "transform_matrix": [
                [
                    0.583469569683075,
                    -0.8094621300697327,
                    0.0658351257443428,
                    0.2653898596763611
                ],
                [
                    0.8121351003646851,
                    0.5815491676330566,
                    -0.04729852080345154,
                    -0.19066640734672546
                ],
                [
                    0.0,
                    0.08106423169374466,
                    0.9967089295387268,
                    4.017861843109131
                ],
                [
                    0.0,
                    0.0,
                    0.0,
                    1.0
                ]
            ]
        },
        {
            "file_path": "/data/shapenet_blender/all_50_random/02958343/3d85915d8726cc1845aa033a20004998/r_3",
            "rotation": 0.12566370614359174,
            "transform_matrix": [
                [
                    0.8597478270530701,
                    -0.4991225302219391,
                    -0.10821431875228882,
                    -0.43622592091560364
                ],
                [
                    -0.5107187628746033,
                    -0.8402266502380371,
                    -0.18216881155967712,
                    -0.7343460321426392
                ],
                [
                    -7.450580596923828e-09,
                    0.21188634634017944,
                    -0.9772941470146179,
                    -3.9395992755889893
                ],
                [
                    0.0,
                    0.0,
                    0.0,
                    1.0
                ]
            ]
        },
        {
            "file_path": "/data/shapenet_blender/all_50_random/02958343/3d85915d8726cc1845aa033a20004998/r_4",
            "rotation": 0.12566370614359174,
            "transform_matrix": [
                [
                    -0.39170515537261963,
                    -0.6313362717628479,
                    -0.6693141460418701,
                    -2.698091983795166
                ],
                [
                    -0.9200907349586487,
                    0.2687753438949585,
                    0.28494343161582947,
                    1.1486438512802124
                ],
                [
                    1.4901160305669237e-08,
                    0.7274436950683594,
                    -0.686167299747467,
                    -2.766029119491577
                ],
                [
                    0.0,
                    0.0,
                    0.0,
                    1.0
                ]
            ]
        },
        {
            "file_path": "/data/shapenet_blender/all_50_random/02958343/3d85915d8726cc1845aa033a20004998/r_5",
            "rotation": 0.12566370614359174,
            "transform_matrix": [
                [
                    0.5111680626869202,
                    0.01371235866099596,
                    -0.8593713641166687,
                    -3.4642367362976074
                ],
                [
                    -0.8594808578491211,
                    0.008155294694006443,
                    -0.5111029148101807,
                    -2.060321807861328
                ],
                [
                    4.656613428188905e-10,
                    0.9998727440834045,
                    0.015954231843352318,
                    0.06431356817483902
                ],
                [
                    0.0,
                    0.0,
                    0.0,
                    1.0
                ]
            ]
        },
        {
            "file_path": "/data/shapenet_blender/all_50_random/02958343/3d85915d8726cc1845aa033a20004998/r_6",
            "rotation": 0.12566370614359174,
            "transform_matrix": [
                [
                    -0.13941273093223572,
                    0.6367685794830322,
                    0.7583468556404114,
                    3.0569939613342285
                ],
                [
                    0.990234375,
                    0.08964911848306656,
                    0.10676583647727966,
                    0.43038684129714966
                ],
                [
                    7.450580596923828e-09,
                    0.765825629234314,
                    -0.6430483460426331,
                    -2.5922107696533203
                ],
                [
                    0.0,
                    0.0,
                    0.0,
                    1.0
                ]
            ]
        },
        {
            "file_path": "/data/shapenet_blender/all_50_random/02958343/3d85915d8726cc1845aa033a20004998/r_7",
            "rotation": 0.12566370614359174,
            "transform_matrix": [
                [
                    0.10753295570611954,
                    0.25786346197128296,
                    -0.9601786732673645,
                    -3.8706040382385254
                ],
                [
                    -0.9942016005516052,
                    0.027890542522072792,
                    -0.10385303199291229,
                    -0.4186449646949768
                ],
                [
                    1.862645371275562e-09,
                    0.9657787084579468,
                    0.2593673765659332,
                    1.0455433130264282
                ],
                [
                    0.0,
                    0.0,
                    0.0,
                    1.0
                ]
            ]
        },
        {
            "file_path": "/data/shapenet_blender/all_50_random/02958343/3d85915d8726cc1845aa033a20004998/r_8",
            "rotation": 0.12566370614359174,
            "transform_matrix": [
                [
                    0.9137782454490662,
                    -0.07426899671554565,
                    0.3993661105632782,
                    1.6098963022232056
                ],
                [
                    0.4062132239341736,
                    0.16706840693950653,
                    -0.8983756899833679,
                    -3.6214683055877686
                ],
                [
                    0.0,
                    0.9831440448760986,
                    0.1828325390815735,
                    0.7370215654373169
                ],
                [
                    0.0,
                    0.0,
                    0.0,
                    1.0
                ]
            ]
        },
        {
            "file_path": "/data/shapenet_blender/all_50_random/02958343/3d85915d8726cc1845aa033a20004998/r_9",
            "rotation": 0.12566370614359174,
            "transform_matrix": [
                [
                    -0.6659747958183289,
                    -0.36665770411491394,
                    0.6496458053588867,
                    2.6188061237335205
                ],
                [
                    0.7459742426872253,
                    -0.32733675837516785,
                    0.5799767971038818,
                    2.337961196899414
                ],
                [
                    -1.4901161193847656e-08,
                    0.870868980884552,
                    0.49151521921157837,
                    1.9813612699508667
                ],
                [
                    0.0,
                    0.0,
                    0.0,
                    1.0
                ]
            ]
        },
        {
            "file_path": "/data/shapenet_blender/all_50_random/02958343/3d85915d8726cc1845aa033a20004998/r_10",
            "rotation": 0.12566370614359174,
            "transform_matrix": [
                [
                    -0.9553734064102173,
                    -0.0016727690817788243,
                    0.29539594054222107,
                    1.190779209136963
                ],
                [
                    0.2954007089138031,
                    -0.005410004407167435,
                    0.9553580284118652,
                    3.8511717319488525
                ],
                [
                    1.1641531488804091e-10,
                    0.9999840259552002,
                    0.0056627108715474606,
                    0.022827118635177612
                ],
                [
                    0.0,
                    0.0,
                    0.0,
                    1.0
                ]
            ]
        },
        {
            "file_path": "/data/shapenet_blender/all_50_random/02958343/3d85915d8726cc1845aa033a20004998/r_11",
            "rotation": 0.12566370614359174,
            "transform_matrix": [
                [
                    0.937794029712677,
                    0.19255001842975616,
                    0.2889063358306885,
                    1.1646188497543335
                ],
                [
                    0.3471921682357788,
                    -0.5200930833816528,
                    -0.7803593277931213,
                    -3.1457293033599854
                ],
                [
                    -1.4901161193847656e-08,
                    0.8321223258972168,
                    -0.554591953754425,
                    -2.2356319427490234
                ],
                [
                    0.0,
                    0.0,
                    0.0,
                    1.0
                ]
            ]
        },
        {
            "file_path": "/data/shapenet_blender/all_50_random/02958343/3d85915d8726cc1845aa033a20004998/r_12",
            "rotation": 0.12566370614359174,
            "transform_matrix": [
                [
                    -0.4634580612182617,
                    -0.30079057812690735,
                    0.8335056304931641,
                    3.359968662261963
                ],
                [
                    0.8861188292503357,
                    -0.1573195457458496,
                    0.43594029545783997,
                    1.7573314905166626
                ],
                [
                    0.0,
                    0.9406251311302185,
                    0.3394472002983093,
                    1.368355393409729
                ],
                [
                    0.0,
                    0.0,
                    0.0,
                    1.0
                ]
            ]
        },
        {
            "file_path": "/data/shapenet_blender/all_50_random/02958343/3d85915d8726cc1845aa033a20004998/r_13",
            "rotation": 0.12566370614359174,
            "transform_matrix": [
                [
                    0.9837926626205444,
                    0.05043851584196091,
                    -0.17206917703151703,
                    -0.6936330795288086
                ],
                [
                    -0.17930935323238373,
                    0.27673423290252686,
                    -0.9440689086914062,
                    -3.805663824081421
                ],
                [
                    -3.725290076417309e-09,
                    0.9596219062805176,
                    0.28129318356513977,
                    1.1339292526245117
                ],
                [
                    0.0,
                    0.0,
                    0.0,
                    1.0
                ]
            ]
        },
        {
            "file_path": "/data/shapenet_blender/all_50_random/02958343/3d85915d8726cc1845aa033a20004998/r_14",
            "rotation": 0.12566370614359174,
            "transform_matrix": [
                [
                    0.9452871084213257,
                    -0.31457915902137756,
                    0.08644266426563263,
                    0.3484615683555603
                ],
                [
                    0.32623979449272156,
                    0.9115001559257507,
                    -0.2504695653915405,
                    -1.0096752643585205
                ],
                [
                    0.0,
                    0.2649666965007782,
                    0.9642574787139893,
                    3.8870465755462646
                ],
                [
                    0.0,
                    0.0,
                    0.0,
                    1.0
                ]
            ]
        },
        {
            "file_path": "/data/shapenet_blender/all_50_random/02958343/3d85915d8726cc1845aa033a20004998/r_15",
            "rotation": 0.12566370614359174,
            "transform_matrix": [
                [
                    0.7217103242874146,
                    0.17017950117588043,
                    0.6709493398666382,
                    2.704683542251587
                ],
                [
                    0.6921951174736023,
                    -0.1774359494447708,
                    -0.6995586156845093,
                    -2.8200111389160156
                ],
                [
                    0.0,
                    0.9693065881729126,
                    -0.24585480988025665,
                    -0.9910724759101868
                ],
                [
                    0.0,
                    0.0,
                    0.0,
                    1.0
                ]
            ]
        },
        {
            "file_path": "/data/shapenet_blender/all_50_random/02958343/3d85915d8726cc1845aa033a20004998/r_16",
            "rotation": 0.12566370614359174,
            "transform_matrix": [
                [
                    -0.05996546149253845,
                    -0.7128407955169678,
                    -0.6987574696540833,
                    -2.816781759262085
                ],
                [
                    -0.998200535774231,
                    0.042822886258363724,
                    0.04197685047984123,
                    0.16921411454677582
                ],
                [
                    0.0,
                    0.7000172138214111,
                    -0.7141258716583252,
                    -2.8787336349487305
                ],
                [
                    0.0,
                    0.0,
                    0.0,
                    1.0
                ]
            ]
        },
        {
            "file_path": "/data/shapenet_blender/all_50_random/02958343/3d85915d8726cc1845aa033a20004998/r_17",
            "rotation": 0.12566370614359174,
            "transform_matrix": [
                [
                    0.37458425760269165,
                    -0.16517922282218933,
                    -0.9123609066009521,
                    -3.677844524383545
                ],
                [
                    -0.9271929860115051,
                    -0.06673210114240646,
                    -0.36859214305877686,
                    -1.4858424663543701
                ],
                [
                    3.725290742551124e-09,
                    0.9840034246444702,
                    -0.1781497746706009,
                    -0.7181447148323059
                ],
                [
                    0.0,
                    0.0,
                    0.0,
                    1.0
                ]
            ]
        },
        {
            "file_path": "/data/shapenet_blender/all_50_random/02958343/3d85915d8726cc1845aa033a20004998/r_18",
            "rotation": 0.12566370614359174,
            "transform_matrix": [
                [
                    0.9028063416481018,
                    0.07910489290952682,
                    0.42270907759666443,
                    1.7039947509765625
                ],
                [
                    0.4300471246242523,
                    -0.1660664677619934,
                    -0.8874014616012573,
                    -3.5772297382354736
                ],
                [
                    7.450580152834618e-09,
                    0.9829366207122803,
                    -0.1839447021484375,
                    -0.7415047883987427
                ],
                [
                    0.0,
                    0.0,
                    0.0,
                    1.0
                ]
            ]
        },
        {
            "file_path": "/data/shapenet_blender/all_50_random/02958343/3d85915d8726cc1845aa033a20004998/r_19",
            "rotation": 0.12566370614359174,
            "transform_matrix": [
                [
                    0.9996729493141174,
                    -0.02183428779244423,
                    0.013310004957020283,
                    0.053654350340366364
                ],
                [
                    0.025571322068572044,
                    0.8535791635513306,
                    -0.5203349590301514,
                    -2.0975375175476074
                ],
                [
                    9.313225746154785e-10,
                    0.5205051898956299,
                    0.8538584113121033,
                    3.4420135021209717
                ],
                [
                    0.0,
                    0.0,
                    0.0,
                    1.0
                ]
            ]
        },
        {
            "file_path": "/data/shapenet_blender/all_50_random/02958343/3d85915d8726cc1845aa033a20004998/r_20",
            "rotation": 0.12566370614359174,
            "transform_matrix": [
                [
                    0.29712381958961487,
                    0.04463900625705719,
                    -0.9537948966026306,
                    -3.8448703289031982
                ],
                [
                    -0.9548389315605164,
                    0.013890627771615982,
                    -0.2967989444732666,
                    -1.1964348554611206
                ],
                [
                    0.0,
                    0.9989066123962402,
                    0.04675029590725899,
                    0.1884564757347107
                ],
                [
                    0.0,
                    0.0,
                    0.0,
                    1.0
                ]
            ]
        },
        {
            "file_path": "/data/shapenet_blender/all_50_random/02958343/3d85915d8726cc1845aa033a20004998/r_21",
            "rotation": 0.12566370614359174,
            "transform_matrix": [
                [
                    0.271257221698761,
                    0.38564369082450867,
                    -0.8818721175193787,
                    -3.5549402236938477
                ],
                [
                    -0.962506890296936,
                    0.1086835265159607,
                    -0.24853244423866272,
                    -1.001866340637207
                ],
                [
                    0.0,
                    0.9162242412567139,
                    0.40066590905189514,
                    1.615135908126831
                ],
                [
                    0.0,
                    0.0,
                    0.0,
                    1.0
                ]
            ]
        },
        {
            "file_path": "/data/shapenet_blender/all_50_random/02958343/3d85915d8726cc1845aa033a20004998/r_22",
            "rotation": 0.12566370614359174,
            "transform_matrix": [
                [
                    -0.037133798003196716,
                    0.012322502210736275,
                    0.9992344379425049,
                    4.028042316436768
                ],
                [
                    0.999310314655304,
                    0.00045789708383381367,
                    0.03713097423315048,
                    0.14967972040176392
                ],
                [
                    0.0,
                    0.9999239444732666,
                    -0.012331008911132812,
                    -0.04970788210630417
                ],
                [
                    0.0,
                    0.0,
                    0.0,
                    1.0
                ]
            ]
        },
        {
            "file_path": "/data/shapenet_blender/all_50_random/02958343/3d85915d8726cc1845aa033a20004998/r_23",
            "rotation": 0.12566370614359174,
            "transform_matrix": [
                [
                    -0.8937163949012756,
                    -0.1326928436756134,
                    -0.42856013774871826,
                    -1.7275810241699219
                ],
                [
                    -0.4486325979232788,
                    0.26433607935905457,
                    0.8537302613258362,
                    3.4414963722229004
                ],
                [
                    7.450581485102248e-09,
                    0.9552584886550903,
                    -0.29577183723449707,
                    -1.1922942399978638
                ],
                [
                    0.0,
                    0.0,
                    0.0,
                    1.0
                ]
            ]
        },
        {
            "file_path": "/data/shapenet_blender/all_50_random/02958343/3d85915d8726cc1845aa033a20004998/r_24",
            "rotation": 0.12566370614359174,
            "transform_matrix": [
                [
                    -0.7648759484291077,
                    0.43183887004852295,
                    0.4779956340789795,
                    1.926862120628357
                ],
                [
                    0.6441774964332581,
                    0.5127518177032471,
                    0.5675568580627441,
                    2.2878952026367188
                ],
                [
                    -1.4901160305669237e-08,
                    0.7420247793197632,
                    -0.6703724265098572,
                    -2.7023580074310303
                ],
                [
                    0.0,
                    0.0,
                    0.0,
                    1.0
                ]
            ]
        },
        {
            "file_path": "/data/shapenet_blender/all_50_random/02958343/3d85915d8726cc1845aa033a20004998/r_25",
            "rotation": 0.12566370614359174,
            "transform_matrix": [
                [
                    0.5116629004478455,
                    -0.14609085023403168,
                    0.8466749787330627,
                    3.4130561351776123
                ],
                [
                    0.8591864109039307,
                    0.08700006455183029,
                    -0.5042120814323425,
                    -2.0325441360473633
                ],
                [
                    0.0,
                    0.9854381680488586,
                    0.17003396153450012,
                    0.6854288578033447
                ],
                [
                    0.0,
                    0.0,
                    0.0,
                    1.0
                ]
            ]
        },
        {
            "file_path": "/data/shapenet_blender/all_50_random/02958343/3d85915d8726cc1845aa033a20004998/r_26",
            "rotation": 0.12566370614359174,
            "transform_matrix": [
                [
                    -0.9168557524681091,
                    0.19682511687278748,
                    0.3473261594772339,
                    1.4001165628433228
                ],
                [
                    0.39921873807907104,
                    0.45203348994255066,
                    0.7976779937744141,
                    3.215542793273926
                ],
                [
                    0.0,
                    0.8700146675109863,
                    -0.4930257499217987,
                    -1.987450361251831
                ],
                [
                    0.0,
                    0.0,
                    0.0,
                    1.0
                ]
            ]
        },
        {
            "file_path": "/data/shapenet_blender/all_50_random/02958343/3d85915d8726cc1845aa033a20004998/r_27",
            "rotation": 0.12566370614359174,
            "transform_matrix": [
                [
                    0.9811173677444458,
                    0.1269773244857788,
                    -0.1458960324525833,
                    -0.5881257057189941
                ],
                [
                    -0.19341379404067993,
                    0.6441094279289246,
                    -0.7400771379470825,
                    -2.983346462249756
                ],
                [
                    -7.450581485102248e-09,
                    0.7543206810951233,
                    0.6565060615539551,
                    2.64646053314209
                ],
                [
                    0.0,
                    0.0,
                    0.0,
                    1.0
                ]
            ]
        },
        {
            "file_path": "/data/shapenet_blender/all_50_random/02958343/3d85915d8726cc1845aa033a20004998/r_28",
            "rotation": 0.12566370614359174,
            "transform_matrix": [
                [
                    0.942204475402832,
                    -0.09615244716405869,
                    0.32094478607177734,
                    1.2937698364257812
                ],
                [
                    0.33503860235214233,
                    0.2704024612903595,
                    -0.9025694727897644,
                    -3.638373851776123
                ],
                [
                    7.450580596923828e-09,
                    0.9579337239265442,
                    0.2869892120361328,
                    1.1568905115127563
                ],
                [
                    0.0,
                    0.0,
                    0.0,
                    1.0
                ]
            ]
        },
        {
            "file_path": "/data/shapenet_blender/all_50_random/02958343/3d85915d8726cc1845aa033a20004998/r_29",
            "rotation": 0.12566370614359174,
            "transform_matrix": [
                [
                    0.8580210208892822,
                    -0.009059250354766846,
                    0.513534665107727,
                    2.070124387741089
                ],
                [
                    0.5136145949363708,
                    0.01513396855443716,
                    -0.8578875064849854,
                    -3.4582550525665283
                ],
                [
                    0.0,
                    0.9998443722724915,
                    0.017638226971030235,
                    0.07110196352005005
                ],
                [
                    0.0,
                    0.0,
                    0.0,
                    1.0
                ]
            ]
        },
        {
            "file_path": "/data/shapenet_blender/all_50_random/02958343/3d85915d8726cc1845aa033a20004998/r_30",
            "rotation": 0.12566370614359174,
            "transform_matrix": [
                [
                    0.9919149875640869,
                    -0.1103849932551384,
                    0.06260864436626434,
                    0.2523835301399231
                ],
                [
                    0.12690426409244537,
                    0.8627963066101074,
                    -0.4893645942211151,
                    -1.9726917743682861
                ],
                [
                    0.0,
                    0.4933534264564514,
                    0.8698289394378662,
                    3.50639271736145
                ],
                [
                    0.0,
                    0.0,
                    0.0,
                    1.0
                ]
            ]
        },
        {
            "file_path": "/data/shapenet_blender/all_50_random/02958343/3d85915d8726cc1845aa033a20004998/r_31",
            "rotation": 0.12566370614359174,
            "transform_matrix": [
                [
                    0.010784686543047428,
                    0.8162512183189392,
                    -0.5775964260101318,
                    -2.3283655643463135
                ],
                [
                    -0.9999419450759888,
                    0.00880352407693863,
                    -0.006229558028280735,
                    -0.025112152099609375
                ],
                [
                    -4.656613428188905e-10,
                    0.5776298642158508,
                    0.8162987232208252,
                    3.290605306625366
                ],
                [
                    0.0,
                    0.0,
                    0.0,
                    1.0
                ]
            ]
        },
        {
            "file_path": "/data/shapenet_blender/all_50_random/02958343/3d85915d8726cc1845aa033a20004998/r_32",
            "rotation": 0.12566370614359174,
            "transform_matrix": [
                [
                    -0.9533168077468872,
                    -0.05474187433719635,
                    -0.29696890711784363,
                    -1.197119951248169
                ],
                [
                    -0.3019722104072571,
                    0.1728183776140213,
                    0.9375215172767639,
                    3.7792701721191406
                ],
                [
                    0.0,
                    0.983431339263916,
                    -0.181281179189682,
                    -0.7307677865028381
                ],
                [
                    0.0,
                    0.0,
                    0.0,
                    1.0
                ]
            ]
        },
        {
            "file_path": "/data/shapenet_blender/all_50_random/02958343/3d85915d8726cc1845aa033a20004998/r_33",
            "rotation": 0.12566370614359174,
            "transform_matrix": [
                [
                    -0.14026565849781036,
                    0.6635312438011169,
                    -0.7348822355270386,
                    -2.96240496635437
                ],
                [
                    -0.9901139140129089,
                    -0.093999944627285,
                    0.10410796850919724,
                    0.4196726381778717
                ],
                [
                    0.0,
                    0.7422198057174683,
                    0.6701564192771912,
                    2.701486825942993
                ],
                [
                    0.0,
                    0.0,
                    0.0,
                    1.0
                ]
            ]
        },
        {
            "file_path": "/data/shapenet_blender/all_50_random/02958343/3d85915d8726cc1845aa033a20004998/r_34",
            "rotation": 0.12566370614359174,
            "transform_matrix": [
                [
                    -0.18499214947223663,
                    -0.4309753477573395,
                    0.8831976652145386,
                    3.560283660888672
                ],
                [
                    0.9827401041984558,
                    -0.08112730830907822,
                    0.1662541776895523,
                    0.6701920032501221
                ],
                [
                    0.0,
                    0.8987092971801758,
                    0.43854469060897827,
                    1.7678302526474
                ],
                [
                    0.0,
                    0.0,
                    0.0,
                    1.0
                ]
            ]
        },
        {
            "file_path": "/data/shapenet_blender/all_50_random/02958343/3d85915d8726cc1845aa033a20004998/r_35",
            "rotation": 0.12566370614359174,
            "transform_matrix": [
                [
                    -0.6393956542015076,
                    -0.5155960917472839,
                    -0.5703803896903992,
                    -2.299276828765869
                ],
                [
                    -0.7688779830932617,
                    0.4287675619125366,
                    0.474325954914093,
                    1.9120690822601318
                ],
                [
                    -1.4901162970204496e-08,
                    0.7418347597122192,
                    -0.6705825924873352,
                    -2.703204870223999
                ],
                [
                    0.0,
                    0.0,
                    0.0,
                    1.0
                ]
            ]
        },
        {
            "file_path": "/data/shapenet_blender/all_50_random/02958343/3d85915d8726cc1845aa033a20004998/r_36",
            "rotation": 0.12566370614359174,
            "transform_matrix": [
                [
                    0.9492185711860657,
                    0.19840876758098602,
                    -0.24416814744472504,
                    -0.9842732548713684
                ],
                [
                    -0.31461742520332336,
                    0.5986104607582092,
                    -0.7366690635681152,
                    -2.9696078300476074
                ],
                [
                    0.0,
                    0.7760794758796692,
                    0.6306350231170654,
                    2.542171001434326
                ],
                [
                    0.0,
                    0.0,
                    0.0,
                    1.0
                ]
            ]
        },
        {
            "file_path": "/data/shapenet_blender/all_50_random/02958343/3d85915d8726cc1845aa033a20004998/r_37",
            "rotation": 0.12566370614359174,
            "transform_matrix": [
                [
                    -0.06405892223119736,
                    0.84618079662323,
                    -0.5290315747261047,
                    -2.132594585418701
                ],
                [
                    -0.9979461431503296,
                    -0.05431698262691498,
                    0.033958934247493744,
                    0.13689284026622772
                ],
                [
                    -1.862645371275562e-09,
                    0.5301203727722168,
                    0.8479223847389221,
                    3.4180843830108643
                ],
                [
                    0.0,
                    0.0,
                    0.0,
                    1.0
                ]
            ]
        },
        {
            "file_path": "/data/shapenet_blender/all_50_random/02958343/3d85915d8726cc1845aa033a20004998/r_38",
            "rotation": 0.12566370614359174,
            "transform_matrix": [
                [
                    0.8636835217475891,
                    -0.19012528657913208,
                    -0.4668009877204895,
                    -1.88173508644104
                ],
                [
                    -0.5040345788002014,
                    -0.32578736543655396,
                    -0.7998822927474976,
                    -3.22442889213562
                ],
                [
                    0.0,
                    0.9261291027069092,
                    -0.37720680236816406,
                    -1.5205693244934082
                ],
                [
                    0.0,
                    0.0,
                    0.0,
                    1.0
                ]
            ]
        },
        {
            "file_path": "/data/shapenet_blender/all_50_random/02958343/3d85915d8726cc1845aa033a20004998/r_39",
            "rotation": 0.12566370614359174,
            "transform_matrix": [
                [
                    -0.9830465316772461,
                    -0.17660821974277496,
                    0.0492851585149765,
                    0.19867482781410217
                ],
                [
                    0.18335619568824768,
                    -0.9468678832054138,
                    0.2642376124858856,
                    1.0651758909225464
                ],
                [
                    0.0,
                    0.26879456639289856,
                    0.9631975293159485,
                    3.8827733993530273
                ],
                [
                    0.0,
                    0.0,
                    0.0,
                    1.0
                ]
            ]
        },
        {
            "file_path": "/data/shapenet_blender/all_50_random/02958343/3d85915d8726cc1845aa033a20004998/r_40",
            "rotation": 0.12566370614359174,
            "transform_matrix": [
                [
                    -0.9439124464988708,
                    -0.11163576692342758,
                    -0.31075191497802734,
                    -1.252681016921997
                ],
                [
                    -0.3301958441734314,
                    0.3191269338130951,
                    0.8883291482925415,
                    3.5809693336486816
                ],
                [
                    0.0,
                    0.9411139488220215,
                    -0.3380895256996155,
                    -1.3628824949264526
                ],
                [
                    0.0,
                    0.0,
                    0.0,
                    1.0
                ]
            ]
        },
        {
            "file_path": "/data/shapenet_blender/all_50_random/02958343/3d85915d8726cc1845aa033a20004998/r_41",
            "rotation": 0.12566370614359174,
            "transform_matrix": [
                [
                    0.7116872072219849,
                    0.5229452252388,
                    -0.46907317638397217,
                    -1.8908945322036743
                ],
                [
                    -0.7024965286254883,
                    0.5297868251800537,
                    -0.47520995140075684,
                    -1.915632724761963
                ],
                [
                    0.0,
