{
    "class": "02958343",
    "model": "aaa54ba9345b6784967bf54a1f364120",
    "remove_doubles": true,
    "edge_split": true,
    "denoise": true,
    "camera_angle_x": 0.6911112070083618,
    "scale_factor": 2.3814342218351867,
    "hdri_file": "/data/IndoorHDRDataset2018/9C4A7811-8ad7ba9fd4.exr",
    "center_offset": [
        0.0,
        0.0,
        2.3283064365386963e-09
    ],
    "lights": [],
    "frames": [
        {
            "file_path": "/data/shapenet_blender/all_50_random/02958343/aaa54ba9345b6784967bf54a1f364120/r_0",
            "rotation": 0.12566370614359174,
            "transform_matrix": [
                [
                    0.5872443914413452,
                    0.7261713147163391,
                    0.3575180470943451,
                    1.4412012100219727
                ],
                [
                    0.8094097375869751,
                    -0.526853084564209,
                    -0.2593871057033539,
                    -1.045622706413269
                ],
                [
                    1.4901161193847656e-08,
                    0.4417022466659546,
                    -0.8971618413925171,
                    -3.61657452583313
                ],
                [
                    0.0,
                    0.0,
                    0.0,
                    1.0
                ]
            ]
        },
        {
            "file_path": "/data/shapenet_blender/all_50_random/02958343/aaa54ba9345b6784967bf54a1f364120/r_1",
            "rotation": 0.12566370614359174,
            "transform_matrix": [
                [
                    0.8687006235122681,
                    -0.1444934457540512,
                    0.4737941026687622,
                    1.9099252223968506
                ],
                [
                    0.49533751606941223,
                    0.2534060776233673,
                    -0.8309187889099121,
                    -3.349540948867798
                ],
                [
                    1.4901161193847656e-08,
                    0.9565077424049377,
                    0.29170697927474976,
                    1.1759085655212402
                ],
                [
                    0.0,
                    0.0,
                    0.0,
                    1.0
                ]
            ]
        },
        {
            "file_path": "/data/shapenet_blender/all_50_random/02958343/aaa54ba9345b6784967bf54a1f364120/r_2",
            "rotation": 0.12566370614359174,
            "transform_matrix": [
                [
                    -0.5123500227928162,
                    -0.15766553580760956,
                    0.8441794514656067,
                    3.402996301651001
                ],
                [
                    0.8587766885757446,
                    -0.09406396746635437,
                    0.5036412477493286,
                    2.030242919921875
                ],
                [
                    0.0,
                    0.9830023646354675,
                    0.18359316885471344,
                    0.7400877475738525
                ],
                [
                    0.0,
                    0.0,
                    0.0,
                    1.0
                ]
            ]
        },
        {
            "file_path": "/data/shapenet_blender/all_50_random/02958343/aaa54ba9345b6784967bf54a1f364120/r_3",
            "rotation": 0.12566370614359174,
            "transform_matrix": [
                [
                    0.6809302568435669,
                    -0.5573990941047668,
                    0.4750160276889801,
                    1.9148509502410889
                ],
                [
                    0.7323483228683472,
                    0.5182641744613647,
                    -0.4416652023792267,
                    -1.7804094552993774
                ],
                [
                    0.0,
                    0.6486202478408813,
                    0.7611120343208313,
                    3.068140983581543
                ],
                [
                    0.0,
                    0.0,
                    0.0,
                    1.0
                ]
            ]
        },
        {
            "file_path": "/data/shapenet_blender/all_50_random/02958343/aaa54ba9345b6784967bf54a1f364120/r_4",
            "rotation": 0.12566370614359174,
            "transform_matrix": [
                [
                    -0.9438235759735107,
                    0.30021536350250244,
                    -0.13808612525463104,
                    -0.556643009185791
                ],
                [
                    -0.33044978976249695,
                    -0.8574686646461487,
                    0.39439859986305237,
                    1.5898717641830444
                ],
                [
                    -7.450580596923828e-09,
                    0.41787323355674744,
                    0.9085052609443665,
                    3.662302017211914
                ],
                [
                    0.0,
                    0.0,
                    0.0,
                    1.0
                ]
            ]
        },
        {
            "file_path": "/data/shapenet_blender/all_50_random/02958343/aaa54ba9345b6784967bf54a1f364120/r_5",
            "rotation": 0.12566370614359174,
            "transform_matrix": [
                [
                    -0.9127368927001953,
                    0.15209366381168365,
                    0.3791821002960205,
                    1.5285319089889526
                ],
                [
                    0.40854817628860474,
                    0.33979228138923645,
                    0.8471302390098572,
                    3.414891242980957
                ],
                [
                    0.0,
                    0.9281209707260132,
                    -0.3722785413265228,
                    -1.5007028579711914
                ],
                [
                    0.0,
                    0.0,
                    0.0,
                    1.0
                ]
            ]
        },
        {
            "file_path": "/data/shapenet_blender/all_50_random/02958343/aaa54ba9345b6784967bf54a1f364120/r_6",
            "rotation": 0.12566370614359174,
            "transform_matrix": [
                [
                    -0.9270097613334656,
                    0.026548689231276512,
                    -0.37409645318984985,
                    -1.5080310106277466
                ],
                [
                    -0.3750373423099518,
                    -0.06562250852584839,
                    0.9246841073036194,
                    3.727520704269409
                ],
                [
                    1.862645149230957e-09,
                    0.997491180896759,
                    0.07078946381807327,
                    0.2853614389896393
                ],
                [
                    0.0,
                    0.0,
                    0.0,
                    1.0
                ]
            ]
        },
        {
            "file_path": "/data/shapenet_blender/all_50_random/02958343/aaa54ba9345b6784967bf54a1f364120/r_7",
            "rotation": 0.12566370614359174,
            "transform_matrix": [
                [
                    -0.3745670020580292,
                    -0.38010865449905396,
                    -0.845704972743988,
                    -3.4091458320617676
                ],
                [
                    -0.9271997809410095,
                    0.1535549908876419,
                    0.3416450023651123,
                    1.377215027809143
                ],
                [
                    0.0,
                    0.912106454372406,
                    -0.4099533259868622,
                    -1.6525746583938599
                ],
                [
                    0.0,
                    0.0,
                    0.0,
                    1.0
                ]
            ]
        },
        {
            "file_path": "/data/shapenet_blender/all_50_random/02958343/aaa54ba9345b6784967bf54a1f364120/r_8",
            "rotation": 0.12566370614359174,
            "transform_matrix": [
                [
                    -0.4719499945640564,
                    -0.367227703332901,
                    -0.8015029430389404,
                    -3.230961799621582
                ],
                [
                    -0.8816254138946533,
                    0.1965836137533188,
                    0.4290589988231659,
                    1.729592204093933
                ],
                [
                    0.0,
                    0.909119725227356,
                    -0.4165348410606384,
                    -1.6791056394577026
                ],
                [
                    0.0,
                    0.0,
                    0.0,
                    1.0
                ]
            ]
        },
        {
            "file_path": "/data/shapenet_blender/all_50_random/02958343/aaa54ba9345b6784967bf54a1f364120/r_9",
            "rotation": 0.12566370614359174,
            "transform_matrix": [
                [
                    0.01519566960632801,
                    0.6475228667259216,
                    -0.7618945240974426,
                    -3.0712952613830566
                ],
                [
                    -0.9998846054077148,
                    0.009840678423643112,
                    -0.011578832753002644,
                    -0.04667577147483826
                ],
                [
                    0.0,
                    0.7619825601577759,
                    0.6475975513458252,
                    2.6105494499206543
                ],
                [
                    0.0,
                    0.0,
                    0.0,
                    1.0
                ]
            ]
        },
        {
            "file_path": "/data/shapenet_blender/all_50_random/02958343/aaa54ba9345b6784967bf54a1f364120/r_10",
            "rotation": 0.12566370614359174,
            "transform_matrix": [
                [
                    0.18571771681308746,
                    -0.3698301315307617,
                    -0.910348653793335,
                    -3.6697328090667725
                ],
                [
                    -0.9826031923294067,
                    -0.0699000433087349,
                    -0.17206117510795593,
                    -0.6936007738113403
                ],
                [
                    -7.450580596923828e-09,
                    0.9264662861824036,
                    -0.3763778805732727,
                    -1.5172277688980103
                ],
                [
                    0.0,
                    0.0,
                    0.0,
                    1.0
                ]
            ]
        },
        {
            "file_path": "/data/shapenet_blender/all_50_random/02958343/aaa54ba9345b6784967bf54a1f364120/r_11",
            "rotation": 0.12566370614359174,
            "transform_matrix": [
                [
                    -0.13290013372898102,
                    0.12071926891803741,
                    0.9837501645088196,
                    3.9656238555908203
                ],
                [
                    0.9911295175552368,
                    0.016187194734811783,
                    0.13191063702106476,
                    0.5317487716674805
                ],
                [
                    0.0,
                    0.9925546050071716,
                    -0.12179971486330032,
                    -0.4909903407096863
                ],
                [
                    0.0,
                    0.0,
                    0.0,
                    1.0
                ]
            ]
        },
        {
            "file_path": "/data/shapenet_blender/all_50_random/02958343/aaa54ba9345b6784967bf54a1f364120/r_12",
            "rotation": 0.12566370614359174,
            "transform_matrix": [
                [
                    0.9516251683235168,
                    0.2072901874780655,
                    0.22680437564849854,
                    0.9142776727676392
                ],
                [
                    0.307261198759079,
                    -0.6420028209686279,
                    -0.702440619468689,
                    -2.8316287994384766
                ],
                [
                    1.4901160305669237e-08,
                    0.7381483912467957,
                    -0.6746383309364319,
                    -2.7195541858673096
                ],
                [
                    0.0,
                    0.0,
                    0.0,
                    1.0
                ]
            ]
        },
        {
            "file_path": "/data/shapenet_blender/all_50_random/02958343/aaa54ba9345b6784967bf54a1f364120/r_13",
            "rotation": 0.12566370614359174,
            "transform_matrix": [
                [
                    -0.5600045919418335,
                    -0.6193118095397949,
                    0.5503159761428833,
                    2.2183949947357178
                ],
                [
                    0.8284895420074463,
                    -0.4186142086982727,
                    0.3719775378704071,
                    1.4994895458221436
                ],
                [
                    1.4901161193847656e-08,
                    0.6642402410507202,
                    0.7475191354751587,
                    3.0133461952209473
                ],
                [
                    0.0,
                    0.0,
                    0.0,
                    1.0
                ]
            ]
        },
        {
            "file_path": "/data/shapenet_blender/all_50_random/02958343/aaa54ba9345b6784967bf54a1f364120/r_14",
            "rotation": 0.12566370614359174,
            "transform_matrix": [
                [
                    -0.3415354788303375,
                    -0.8629148006439209,
                    0.3724667429924011,
                    1.5014616250991821
                ],
                [
                    0.9398689270019531,
                    -0.31357139348983765,
                    0.135349303483963,
                    0.5456105470657349
                ],
                [
                    0.0,
                    0.3962964415550232,
                    0.9181225299835205,
                    3.701070547103882
                ],
                [
                    0.0,
                    0.0,
                    0.0,
                    1.0
                ]
            ]
        },
        {
            "file_path": "/data/shapenet_blender/all_50_random/02958343/aaa54ba9345b6784967bf54a1f364120/r_15",
            "rotation": 0.12566370614359174,
            "transform_matrix": [
                [
                    0.5690885186195374,
                    0.4720613658428192,
                    0.6732728481292725,
                    2.7140495777130127
                ],
                [
                    0.82227623462677,
                    -0.3267085552215576,
                    -0.4659648537635803,
                    -1.8783644437789917
                ],
                [
                    0.0,
                    0.8187915086746216,
                    -0.5740908980369568,
                    -2.314234495162964
                ],
                [
                    0.0,
                    0.0,
                    0.0,
                    1.0
                ]
            ]
        },
        {
            "file_path": "/data/shapenet_blender/all_50_random/02958343/aaa54ba9345b6784967bf54a1f364120/r_16",
            "rotation": 0.12566370614359174,
            "transform_matrix": [
                [
                    0.36158302426338196,
                    0.1578148752450943,
                    -0.9188863635063171,
                    -3.7041494846343994
                ],
                [
                    -0.9323399662971497,
                    0.061204273253679276,
                    -0.356365442276001,
                    -1.436555027961731
                ],
                [
                    3.725290742551124e-09,
                    0.9855700135231018,
                    0.16926755011081696,
                    0.6823393106460571
                ],
                [
                    0.0,
                    0.0,
                    0.0,
                    1.0
                ]
            ]
        },
        {
            "file_path": "/data/shapenet_blender/all_50_random/02958343/aaa54ba9345b6784967bf54a1f364120/r_17",
            "rotation": 0.12566370614359174,
            "transform_matrix": [
                [
                    0.9890977144241333,
                    0.018561996519565582,
                    0.14608630537986755,
                    0.5888926982879639
                ],
                [
                    0.147260844707489,
                    -0.12467419356107712,
                    -0.9812087416648865,
                    -3.955378770828247
                ],
                [
                    0.0,
                    0.9920241236686707,
                    -0.12604840099811554,
                    -0.5081173777580261
                ],
                [
                    0.0,
                    0.0,
                    0.0,
                    1.0
                ]
            ]
        },
        {
            "file_path": "/data/shapenet_blender/all_50_random/02958343/aaa54ba9345b6784967bf54a1f364120/r_18",
            "rotation": 0.12566370614359174,
            "transform_matrix": [
                [
                    0.897952675819397,
                    0.35377001762390137,
                    -0.26177820563316345,
                    -1.0552618503570557
                ],
                [
                    -0.44009214639663696,
                    0.7218232154846191,
                    -0.5341255068778992,
                    -2.1531291007995605
                ],
                [
                    -1.4901162970204496e-08,
                    0.5948259830474854,
                    0.8038543462753296,
                    3.240440845489502
                ],
                [
                    0.0,
                    0.0,
                    0.0,
                    1.0
                ]
            ]
        },
        {
            "file_path": "/data/shapenet_blender/all_50_random/02958343/aaa54ba9345b6784967bf54a1f364120/r_19",
            "rotation": 0.12566370614359174,
            "transform_matrix": [
                [
                    0.9867663383483887,
                    0.06852138787508011,
                    -0.14695937931537628,
                    -0.5924122333526611
                ],
                [
                    -0.1621488332748413,
                    0.4169909656047821,
                    -0.8943300247192383,
                    -3.6051597595214844
                ],
                [
                    0.0,
                    0.906324028968811,
                    0.42258331179618835,
                    1.7034878730773926
                ],
                [
                    0.0,
                    0.0,
                    0.0,
                    1.0
                ]
            ]
        },
        {
            "file_path": "/data/shapenet_blender/all_50_random/02958343/aaa54ba9345b6784967bf54a1f364120/r_20",
            "rotation": 0.12566370614359174,
            "transform_matrix": [
                [
                    -0.754120409488678,
                    -0.3492427468299866,
                    -0.5561761260032654,
                    -2.2420177459716797
                ],
                [
                    -0.6567361950874329,
                    0.4010302424430847,
                    0.6386487483978271,
                    2.5744755268096924
                ],
                [
                    0.0,
                    0.8468789458274841,
                    -0.5317854881286621,
                    -2.143695831298828
                ],
                [
                    0.0,
                    0.0,
                    0.0,
                    1.0
                ]
            ]
        },
        {
            "file_path": "/data/shapenet_blender/all_50_random/02958343/aaa54ba9345b6784967bf54a1f364120/r_21",
            "rotation": 0.12566370614359174,
            "transform_matrix": [
                [
                    0.8165002465248108,
                    0.3125644326210022,
                    0.4854181408882141,
                    1.9567830562591553
                ],
                [
                    0.577345073223114,
                    -0.4420388638973236,
                    -0.6864942312240601,
                    -2.7673468589782715
                ],
                [
                    0.0,
                    0.8407764434814453,
                    -0.541382372379303,
                    -2.182382106781006
                ],
                [
                    0.0,
                    0.0,
                    0.0,
                    1.0
                ]
            ]
        },
        {
            "file_path": "/data/shapenet_blender/all_50_random/02958343/aaa54ba9345b6784967bf54a1f364120/r_22",
            "rotation": 0.12566370614359174,
            "transform_matrix": [
                [
                    -0.5244657397270203,
                    -0.259103924036026,
                    0.811049222946167,
                    3.269443988800049
                ],
                [
                    0.8514315485954285,
                    -0.15960311889648438,
                    0.4995909631252289,
                    2.013915538787842
                ],
                [
                    0.0,
                    0.9525712132453918,
                    0.3043156564235687,
                    1.2267355918884277
                ],
                [
                    0.0,
                    0.0,
                    0.0,
                    1.0
                ]
            ]
        },
        {
            "file_path": "/data/shapenet_blender/all_50_random/02958343/aaa54ba9345b6784967bf54a1f364120/r_23",
            "rotation": 0.12566370614359174,
            "transform_matrix": [
                [
                    0.7819023728370667,
                    -0.5739373564720154,
                    0.24336116015911102,
                    0.9810202717781067
                ],
                [
                    0.6234009265899658,
                    0.7198624610900879,
                    -0.3052363991737366,
                    -1.2304474115371704
                ],
                [
                    1.4901161193847656e-08,
                    0.39037665724754333,
                    0.9206551313400269,
                    3.71127986907959
                ],
                [
                    0.0,
                    0.0,
                    0.0,
                    1.0
                ]
            ]
        },
        {
            "file_path": "/data/shapenet_blender/all_50_random/02958343/aaa54ba9345b6784967bf54a1f364120/r_24",
            "rotation": 0.12566370614359174,
            "transform_matrix": [
                [
                    0.9987617135047913,
                    0.014170660637319088,
                    -0.04768944904208183,
                    -0.1922423243522644
                ],
                [
                    -0.04975029453635216,
                    0.28448301553726196,
                    -0.9573892951011658,
                    -3.8593597412109375
                ],
                [
                    0.0,
                    0.9585763216018677,
                    0.28483572602272034,
                    1.148209571838379
                ],
                [
                    0.0,
                    0.0,
                    0.0,
                    1.0
                ]
            ]
        },
        {
            "file_path": "/data/shapenet_blender/all_50_random/02958343/aaa54ba9345b6784967bf54a1f364120/r_25",
            "rotation": 0.12566370614359174,
            "transform_matrix": [
                [
                    0.7225335240364075,
                    -0.05019494518637657,
                    -0.6895111203193665,
                    -2.779508590698242
                ],
                [
                    -0.6913357973098755,
                    -0.05246008187532425,
                    -0.7206265330314636,
                    -2.9049386978149414
                ],
                [
                    0.0,
                    0.9973607063293457,
                    -0.07260572165250778,
                    -0.29268306493759155
                ],
                [
                    0.0,
                    0.0,
                    0.0,
                    1.0
                ]
            ]
        },
        {
            "file_path": "/data/shapenet_blender/all_50_random/02958343/aaa54ba9345b6784967bf54a1f364120/r_26",
            "rotation": 0.12566370614359174,
            "transform_matrix": [
                [
                    -0.5341061949729919,
                    0.029557380825281143,
                    -0.8449004888534546,
                    -3.405902862548828
                ],
                [
                    -0.845417320728302,
                    -0.018673356622457504,
                    0.5337796807289124,
                    2.1517348289489746
                ],
                [
                    0.0,
                    0.9993886351585388,
                    0.03496187925338745,
                    0.14093583822250366
                ],
                [
                    0.0,
                    0.0,
                    0.0,
                    1.0
                ]
            ]
        },
        {
            "file_path": "/data/shapenet_blender/all_50_random/02958343/aaa54ba9345b6784967bf54a1f364120/r_27",
            "rotation": 0.12566370614359174,
            "transform_matrix": [
                [
                    0.29634132981300354,
                    -0.5895141363143921,
                    0.7514351010322571,
                    3.029132127761841
                ],
                [
                    0.9550821185112,
                    0.18291349709033966,
                    -0.2331540733575821,
                    -0.9398741722106934
                ],
                [
                    -1.4901162970204496e-08,
                    0.7867754697799683,
                    0.617239236831665,
                    2.488171100616455
                ],
                [
                    0.0,
                    0.0,
                    0.0,
                    1.0
                ]
            ]
        },
        {
            "file_path": "/data/shapenet_blender/all_50_random/02958343/aaa54ba9345b6784967bf54a1f364120/r_28",
            "rotation": 0.12566370614359174,
            "transform_matrix": [
                [
                    0.7033208012580872,
                    -0.3038827180862427,
                    0.642646849155426,
                    2.590592622756958
                ],
                [
                    0.7108725309371948,
                    0.3006545305252075,
                    -0.6358199119567871,
                    -2.5630722045898438
                ],
                [
                    0.0,
                    0.9040254950523376,
                    0.4274784326553345,
                    1.7232208251953125
                ],
                [
                    0.0,
                    0.0,
                    0.0,
                    1.0
                ]
            ]
        },
        {
            "file_path": "/data/shapenet_blender/all_50_random/02958343/aaa54ba9345b6784967bf54a1f364120/r_29",
            "rotation": 0.12566370614359174,
            "transform_matrix": [
                [
                    0.6284936666488647,
                    0.7090036869049072,
                    -0.3198584318161011,
                    -1.2893905639648438
                ],
                [
                    -0.7778147459030151,
                    0.5728926062583923,
                    -0.2584535479545593,
                    -1.0418596267700195
                ],
                [
                    2.9802322387695312e-08,
                    0.4112270474433899,
                    0.9115329384803772,
                    3.674506902694702
                ],
                [
                    0.0,
                    0.0,
                    0.0,
                    1.0
                ]
            ]
        },
        {
            "file_path": "/data/shapenet_blender/all_50_random/02958343/aaa54ba9345b6784967bf54a1f364120/r_30",
            "rotation": 0.12566370614359174,
            "transform_matrix": [
                [
                    0.7357763648033142,
                    0.3730623722076416,
                    0.5652055740356445,
                    2.278416872024536
                ],
                [
                    0.6772243976593018,
                    -0.40531688928604126,
                    -0.6140725612640381,
                    -2.4754059314727783
                ],
                [
                    0.0,
                    0.834591269493103,
                    -0.5508695244789124,
                    -2.2206263542175293
                ],
                [
                    0.0,
                    0.0,
                    0.0,
                    1.0
                ]
            ]
        },
        {
            "file_path": "/data/shapenet_blender/all_50_random/02958343/aaa54ba9345b6784967bf54a1f364120/r_31",
            "rotation": 0.12566370614359174,
            "transform_matrix": [
                [
                    -0.37137383222579956,
                    0.6105464696884155,
                    0.6995102167129517,
                    2.8198156356811523
                ],
                [
                    0.9284833669662476,
                    0.2442057579755783,
                    0.27978935837745667,
                    1.1278668642044067
                ],
                [
                    -1.4901158529312397e-08,
                    0.7533900141716003,
                    -0.657573938369751,
                    -2.6507649421691895
                ],
                [
                    0.0,
                    0.0,
                    0.0,
                    1.0
                ]
            ]
        },
        {
            "file_path": "/data/shapenet_blender/all_50_random/02958343/aaa54ba9345b6784967bf54a1f364120/r_32",
            "rotation": 0.12566370614359174,
            "transform_matrix": [
                [
                    -0.9366850852966309,
                    0.017554953694343567,
                    -0.34973272681236267,
                    -1.4098176956176758
                ],
                [
                    -0.35017305612564087,
                    -0.04695810750126839,
                    0.9355072379112244,
                    3.7711501121520996
                ],
                [
                    0.0,
                    0.9987425804138184,
                    0.050132229924201965,
                    0.20208947360515594
                ],
                [
                    0.0,
                    0.0,
                    0.0,
                    1.0
                ]
            ]
        },
        {
            "file_path": "/data/shapenet_blender/all_50_random/02958343/aaa54ba9345b6784967bf54a1f364120/r_33",
            "rotation": 0.12566370614359174,
            "transform_matrix": [
                [
                    0.9998670220375061,
                    0.007676795125007629,
                    0.014389943331480026,
                    0.05800771713256836
                ],
                [
                    0.016309618949890137,
                    -0.47062864899635315,
                    -0.8821806311607361,
                    -3.5561838150024414
                ],
                [
                    0.0,
                    0.882297933101654,
                    -0.4706912636756897,
                    -1.8974171876907349
                ],
                [
                    0.0,
                    0.0,
                    0.0,
                    1.0
                ]
            ]
        },
        {
            "file_path": "/data/shapenet_blender/all_50_random/02958343/aaa54ba9345b6784967bf54a1f364120/r_34",
            "rotation": 0.12566370614359174,
            "transform_matrix": [
                [
                    -0.6488125324249268,
                    0.02618713490664959,
                    0.7604974508285522,
                    3.0656635761260986
                ],
                [
                    0.7609483003616333,
                    0.02232811599969864,
                    0.6484281420707703,
                    2.6138978004455566
                ],
                [
                    0.0,
                    0.9994075298309326,
                    -0.034413814544677734,
                    -0.13872653245925903
                ],
                [
                    0.0,
                    0.0,
                    0.0,
                    1.0
                ]
            ]
        },
        {
            "file_path": "/data/shapenet_blender/all_50_random/02958343/aaa54ba9345b6784967bf54a1f364120/r_35",
            "rotation": 0.12566370614359174,
            "transform_matrix": [
                [
                    -0.29295268654823303,
                    0.13901971280574799,
                    -0.9459663033485413,
                    -3.81331205368042
                ],
                [
                    -0.956126868724823,
                    -0.042594972997903824,
                    0.28983956575393677,
                    1.168380618095398
                ],
                [
                    3.725290076417309e-09,
                    0.9893730282783508,
                    0.145398810505867,
                    0.5861213803291321
                ],
                [
                    0.0,
                    0.0,
                    0.0,
                    1.0
                ]
            ]
        },
        {
            "file_path": "/data/shapenet_blender/all_50_random/02958343/aaa54ba9345b6784967bf54a1f364120/r_36",
            "rotation": 0.12566370614359174,
            "transform_matrix": [
                [
                    -0.7814844250679016,
                    -0.22719387710094452,
                    0.5810895562171936,
                    2.342447280883789
                ],
                [
                    0.6239249110221863,
                    -0.28456705808639526,
                    0.7278318405151367,
                    2.9339842796325684
                ],
                [
                    1.4901162970204496e-08,
                    0.931345522403717,
                    0.36413657665252686,
                    1.4678815603256226
                ],
                [
                    0.0,
                    0.0,
                    0.0,
                    1.0
                ]
            ]
        },
        {
            "file_path": "/data/shapenet_blender/all_50_random/02958343/aaa54ba9345b6784967bf54a1f364120/r_37",
            "rotation": 0.12566370614359174,
            "transform_matrix": [
                [
                    -0.9062994718551636,
                    -0.06528183817863464,
                    0.4175639748573303,
                    1.6832542419433594
                ],
                [
                    0.4226362407207489,
                    -0.13999010622501373,
                    0.8954224586486816,
                    3.6095633506774902
                ],
                [
                    0.0,
                    0.9879984855651855,
                    0.15446344017982483,
                    0.6226620674133301
                ],
                [
                    0.0,
                    0.0,
                    0.0,
                    1.0
                ]
            ]
        },
        {
            "file_path": "/data/shapenet_blender/all_50_random/02958343/aaa54ba9345b6784967bf54a1f364120/r_38",
            "rotation": 0.12566370614359174,
            "transform_matrix": [
                [
                    0.9947531819343567,
                    -0.008800220675766468,
                    -0.10192441195249557,
                    -0.41087043285369873
                ],
                [
                    -0.10230361670255661,
                    -0.08556929230690002,
                    -0.9910659790039062,
                    -3.995114803314209
                ],
                [
                    0.0,
                    0.9962932467460632,
                    -0.08602063357830048,
                    -0.34676027297973633
                ],
                [
                    0.0,
                    0.0,
                    0.0,
                    1.0
                ]
            ]
        },
        {
            "file_path": "/data/shapenet_blender/all_50_random/02958343/aaa54ba9345b6784967bf54a1f364120/r_39",
            "rotation": 0.12566370614359174,
            "transform_matrix": [
                [
                    0.9867894053459167,
                    0.08684749901294708,
                    0.13676384091377258,
                    0.5513127446174622
                ],
                [
                    0.16200877726078033,
                    -0.5289848446846008,
                    -0.8330234289169312,
                    -3.358025074005127
                ],
                [
                    7.450581485102248e-09,
                    0.8441755175590515,
                    -0.5360666513442993,
                    -2.160953998565674
                ],
                [
                    0.0,
                    0.0,
                    0.0,
                    1.0
                ]
            ]
        },
        {
            "file_path": "/data/shapenet_blender/all_50_random/02958343/aaa54ba9345b6784967bf54a1f364120/r_40",
            "rotation": 0.12566370614359174,
            "transform_matrix": [
                [
                    -0.8991128206253052,
                    -0.04839069023728371,
                    -0.4350338876247406,
                    -1.7536777257919312
                ],
                [
                    -0.4377169609069824,
                    0.0993991419672966,
                    0.8936015367507935,
                    3.6022229194641113
                ],
                [
                    0.0,
                    0.993870198726654,
                    -0.11055247485637665,
                    -0.4456512928009033
                ],
                [
                    0.0,
                    0.0,
                    0.0,
                    1.0
                ]
            ]
        },
        {
            "file_path": "/data/shapenet_blender/all_50_random/02958343/aaa54ba9345b6784967bf54a1f364120/r_41",
            "rotation": 0.12566370614359174,
            "transform_matrix": [
                [
                    -0.7293621301651001,
                    0.02682426944375038,
                    -0.6836017370223999,
                    -2.7556867599487305
                ],
                [
                    -0.6841278076171875,
                    -0.028597882017493248,
                    0.7288013100624084,
                    2.937891960144043
                ],
                [
                    1.862645371275562e-09,
                    0.9992309212684631,
                    0.03920944407582283,
