{
    "class": "02958343",
    "model": "265f0587e4018f7aff6fa400d1cc4c85",
    "remove_doubles": true,
    "edge_split": true,
    "denoise": true,
    "camera_angle_x": 0.6911112070083618,
    "scale_factor": 2.305337363717079,
    "hdri_file": "/data/IndoorHDRDataset2018/AG8A5314-1e720b63af.exr",
    "center_offset": [
        0.0,
        -1.862645149230957e-09,
        0.0
    ],
    "lights": [],
    "frames": [
        {
            "file_path": "/data/shapenet_blender/all_50_random/02958343/265f0587e4018f7aff6fa400d1cc4c85/r_0",
            "rotation": 0.12566370614359174,
            "transform_matrix": [
                [
                    -0.9710336327552795,
                    -0.028521107509732246,
                    0.2372349351644516,
                    0.9563246369361877
                ],
                [
                    0.23894326388835907,
                    -0.11590598523616791,
                    0.9640912413597107,
                    3.886376142501831
                ],
                [
                    -1.862645371275562e-09,
                    0.9928506016731262,
                    0.11936353147029877,
                    0.48116979002952576
                ],
                [
                    0.0,
                    0.0,
                    0.0,
                    1.0
                ]
            ]
        },
        {
            "file_path": "/data/shapenet_blender/all_50_random/02958343/265f0587e4018f7aff6fa400d1cc4c85/r_1",
            "rotation": 0.12566370614359174,
            "transform_matrix": [
                [
                    -0.728253960609436,
                    0.4609542489051819,
                    -0.5071166157722473,
                    -2.044252395629883
                ],
                [
                    -0.6853072643280029,
                    -0.48984119296073914,
                    0.5388965010643005,
                    2.172361373901367
                ],
                [
                    2.9802322387695312e-08,
                    0.7399843335151672,
                    0.6726241111755371,
                    2.7114346027374268
                ],
                [
                    0.0,
                    0.0,
                    0.0,
                    1.0
                ]
            ]
        },
        {
            "file_path": "/data/shapenet_blender/all_50_random/02958343/265f0587e4018f7aff6fa400d1cc4c85/r_2",
            "rotation": 0.12566370614359174,
            "transform_matrix": [
                [
                    0.16946470737457275,
                    0.4903225600719452,
                    -0.8549067378044128,
                    -3.4462392330169678
                ],
                [
                    -0.9855362176895142,
                    0.084311842918396,
                    -0.14700274169445038,
                    -0.5925869941711426
                ],
                [
                    7.450580152834618e-09,
                    0.8674533367156982,
                    0.49751853942871094,
                    2.005561351776123
                ],
                [
                    0.0,
                    0.0,
                    0.0,
                    1.0
                ]
            ]
        },
        {
            "file_path": "/data/shapenet_blender/all_50_random/02958343/265f0587e4018f7aff6fa400d1cc4c85/r_3",
            "rotation": 0.12566370614359174,
            "transform_matrix": [
                [
                    0.38092049956321716,
                    0.08875598758459091,
                    0.920337975025177,
                    3.710000991821289
                ],
                [
                    0.9246078133583069,
                    -0.03656574338674545,
                    -0.37916138768196106,
                    -1.528448462486267
                ],
                [
                    0.0,
                    0.9953818917274475,
                    -0.09599313139915466,
                    -0.3869606852531433
                ],
                [
                    0.0,
                    0.0,
                    0.0,
                    1.0
                ]
            ]
        },
        {
            "file_path": "/data/shapenet_blender/all_50_random/02958343/265f0587e4018f7aff6fa400d1cc4c85/r_4",
            "rotation": 0.12566370614359174,
            "transform_matrix": [
                [
                    0.25177690386772156,
                    0.1480078548192978,
                    -0.956400454044342,
                    -3.8553738594055176
                ],
                [
                    -0.9677852392196655,
                    0.03850540146231651,
                    -0.24881508946418762,
                    -1.0030057430267334
                ],
                [
                    -3.725290076417309e-09,
                    0.9882363677024841,
                    0.15293456614017487,
                    0.6164990067481995
                ],
                [
                    0.0,
                    0.0,
                    0.0,
                    1.0
                ]
            ]
        },
        {
            "file_path": "/data/shapenet_blender/all_50_random/02958343/265f0587e4018f7aff6fa400d1cc4c85/r_5",
            "rotation": 0.12566370614359174,
            "transform_matrix": [
                [
                    0.36949092149734497,
                    0.4204617440700531,
                    -0.828666627407074,
                    -3.3404619693756104
                ],
                [
                    -0.9292343854904175,
                    0.16718795895576477,
                    -0.3295022249221802,
                    -1.328265905380249
                ],
                [
                    0.0,
                    0.8917736411094666,
                    0.4524818956851959,
                    1.8240128755569458
                ],
                [
                    0.0,
                    0.0,
                    0.0,
                    1.0
                ]
            ]
        },
        {
            "file_path": "/data/shapenet_blender/all_50_random/02958343/265f0587e4018f7aff6fa400d1cc4c85/r_6",
            "rotation": 0.12566370614359174,
            "transform_matrix": [
                [
                    -0.326262503862381,
                    -0.6805714964866638,
                    0.6560298800468445,
                    2.6445412635803223
                ],
                [
                    0.9452792406082153,
                    -0.23489880561828613,
                    0.22642828524112701,
                    0.9127616882324219
                ],
                [
                    1.4901161193847656e-08,
                    0.6940065026283264,
                    0.7199686765670776,
                    2.9022867679595947
                ],
                [
                    0.0,
                    0.0,
                    0.0,
                    1.0
                ]
            ]
        },
        {
            "file_path": "/data/shapenet_blender/all_50_random/02958343/265f0587e4018f7aff6fa400d1cc4c85/r_7",
            "rotation": 0.12566370614359174,
            "transform_matrix": [
                [
                    -0.6837924122810364,
                    -0.5021039247512817,
                    0.5294519662857056,
                    2.134289264678955
                ],
                [
                    0.7296764850616455,
                    -0.47053027153015137,
                    0.49615854024887085,
                    2.0000791549682617
                ],
                [
                    1.4901161193847656e-08,
                    0.7255980968475342,
                    0.6881185173988342,
                    2.773894786834717
                ],
                [
                    0.0,
                    0.0,
                    0.0,
                    1.0
                ]
            ]
        },
        {
            "file_path": "/data/shapenet_blender/all_50_random/02958343/265f0587e4018f7aff6fa400d1cc4c85/r_8",
            "rotation": 0.12566370614359174,
            "transform_matrix": [
                [
                    -0.344205379486084,
                    -0.006036743521690369,
                    -0.9388750195503235,
                    -3.784726142883301
                ],
                [
                    -0.9388943910598755,
                    0.0022131132427603006,
                    0.3441982865333557,
                    1.387507677078247
                ],
                [
                    0.0,
                    0.9999793171882629,
                    -0.006429630797356367,
                    -0.025918669998645782
                ],
                [
                    0.0,
                    0.0,
                    0.0,
                    1.0
                ]
            ]
        },
        {
            "file_path": "/data/shapenet_blender/all_50_random/02958343/265f0587e4018f7aff6fa400d1cc4c85/r_9",
            "rotation": 0.12566370614359174,
            "transform_matrix": [
                [
                    -0.3824096918106079,
                    0.4520355463027954,
                    -0.8058701157569885,
                    -3.2485663890838623
                ],
                [
                    -0.9239928722381592,
                    -0.18708238005638123,
                    0.33352264761924744,
                    1.3444727659225464
                ],
                [
                    0.0,
                    0.8721604943275452,
                    0.4892197549343109,
                    1.9721078872680664
                ],
                [
                    0.0,
                    0.0,
                    0.0,
                    1.0
                ]
            ]
        },
        {
            "file_path": "/data/shapenet_blender/all_50_random/02958343/265f0587e4018f7aff6fa400d1cc4c85/r_10",
            "rotation": 0.12566370614359174,
            "transform_matrix": [
                [
                    0.28217318654060364,
                    -0.8587336540222168,
                    0.42773211002349854,
                    1.7242432832717896
                ],
                [
                    0.9593635201454163,
                    0.2525753974914551,
                    -0.12580688297748566,
                    -0.5071437954902649
                ],
                [
                    -7.450580596923828e-09,
                    0.4458499252796173,
                    0.8951077461242676,
                    3.608294725418091
                ],
                [
                    0.0,
                    0.0,
                    0.0,
                    1.0
                ]
            ]
        },
        {
            "file_path": "/data/shapenet_blender/all_50_random/02958343/265f0587e4018f7aff6fa400d1cc4c85/r_11",
            "rotation": 0.12566370614359174,
            "transform_matrix": [
                [
                    0.6385775804519653,
                    -0.6089864373207092,
                    0.47048288583755493,
                    1.89657723903656
                ],
                [
                    0.7695573568344116,
                    0.5053360462188721,
                    -0.3904060423374176,
                    -1.573777198791504
                ],
                [
                    2.9802320611338473e-08,
                    0.6113681793212891,
                    0.7913461923599243,
                    3.190018892288208
                ],
                [
                    0.0,
                    0.0,
                    0.0,
                    1.0
                ]
            ]
        },
        {
            "file_path": "/data/shapenet_blender/all_50_random/02958343/265f0587e4018f7aff6fa400d1cc4c85/r_12",
            "rotation": 0.12566370614359174,
            "transform_matrix": [
                [
                    -0.425487756729126,
                    0.15135325491428375,
                    0.8922175765037537,
                    3.596644401550293
                ],
                [
                    0.9049642086029053,
                    0.07116188108921051,
                    0.4194946587085724,
                    1.6910371780395508
                ],
                [
                    0.0,
                    0.9859148859977722,
                    -0.16724777221679688,
                    -0.6741973757743835
                ],
                [
                    0.0,
                    0.0,
                    0.0,
                    1.0
                ]
            ]
        },
        {
            "file_path": "/data/shapenet_blender/all_50_random/02958343/265f0587e4018f7aff6fa400d1cc4c85/r_13",
            "rotation": 0.12566370614359174,
            "transform_matrix": [
                [
                    0.18753640353679657,
                    -0.0034403016325086355,
                    0.9822515845298767,
                    3.959582805633545
                ],
                [
                    0.9822576642036438,
                    0.0006568356184288859,
                    -0.18753525614738464,
                    -0.7559788227081299
                ],
                [
                    0.0,
                    0.9999939203262329,
                    0.0035024427343159914,
                    0.014118798077106476
                ],
                [
                    0.0,
                    0.0,
                    0.0,
                    1.0
                ]
            ]
        },
        {
            "file_path": "/data/shapenet_blender/all_50_random/02958343/265f0587e4018f7aff6fa400d1cc4c85/r_14",
            "rotation": 0.12566370614359174,
            "transform_matrix": [
                [
                    -0.997718334197998,
                    -0.019629226997494698,
                    -0.06459744274616241,
                    -0.26040059328079224
                ],
                [
                    -0.06751396507024765,
                    0.29007983207702637,
                    0.9546180963516235,
                    3.8481881618499756
                ],
                [
                    0.0,
                    0.9568011164665222,
                    -0.29074323177337646,
                    -1.1720232963562012
                ],
                [
                    0.0,
                    0.0,
                    0.0,
                    1.0
                ]
            ]
        },
        {
            "file_path": "/data/shapenet_blender/all_50_random/02958343/265f0587e4018f7aff6fa400d1cc4c85/r_15",
            "rotation": 0.12566370614359174,
            "transform_matrix": [
                [
                    0.9581130146980286,
                    0.2700580954551697,
                    0.09533144533634186,
                    0.3842933475971222
                ],
                [
                    0.28639042377471924,
                    -0.9034735560417175,
                    -0.3189293146133423,
                    -1.2856452465057373
                ],
                [
                    0.0,
                    0.3328723907470703,
                    -0.9429718852043152,
                    -3.801241159439087
                ],
                [
                    0.0,
                    0.0,
                    0.0,
                    1.0
                ]
            ]
        },
        {
            "file_path": "/data/shapenet_blender/all_50_random/02958343/265f0587e4018f7aff6fa400d1cc4c85/r_16",
            "rotation": 0.12566370614359174,
            "transform_matrix": [
                [
                    0.6726157665252686,
                    0.18464335799217224,
                    -0.7165854573249817,
                    -2.888648509979248
                ],
                [
                    -0.7399917840957642,
                    0.1678316295146942,
                    -0.6513405442237854,
                    -2.625638008117676
                ],
                [
                    0.0,
                    0.9683693647384644,
                    0.24952080845832825,
                    1.0058506727218628
                ],
                [
                    0.0,
                    0.0,
                    0.0,
                    1.0
                ]
            ]
        },
        {
            "file_path": "/data/shapenet_blender/all_50_random/02958343/265f0587e4018f7aff6fa400d1cc4c85/r_17",
            "rotation": 0.12566370614359174,
            "transform_matrix": [
                [
                    -0.7123857140541077,
                    -0.10030778497457504,
                    0.6945824027061462,
                    2.7999515533447266
                ],
                [
                    0.701788067817688,
                    -0.10182253271341324,
                    0.7050712704658508,
                    2.842233419418335
                ],
                [
                    0.0,
                    0.9897324442863464,
                    0.14293172955513,
                    0.5761762857437134
                ],
                [
                    0.0,
                    0.0,
                    0.0,
                    1.0
                ]
            ]
        },
        {
            "file_path": "/data/shapenet_blender/all_50_random/02958343/265f0587e4018f7aff6fa400d1cc4c85/r_18",
            "rotation": 0.12566370614359174,
            "transform_matrix": [
                [
                    0.9888264536857605,
                    0.044533614069223404,
                    -0.14226388931274414,
                    -0.5734840631484985
                ],
                [
                    -0.14907130599021912,
                    0.2954023480415344,
                    -0.9436711072921753,
                    -3.8040599822998047
                ],
                [
                    0.0,
                    0.9543344378471375,
                    0.29874029755592346,
                    1.2042607069015503
                ],
                [
                    0.0,
                    0.0,
                    0.0,
                    1.0
                ]
            ]
        },
        {
            "file_path": "/data/shapenet_blender/all_50_random/02958343/265f0587e4018f7aff6fa400d1cc4c85/r_19",
            "rotation": 0.12566370614359174,
            "transform_matrix": [
                [
                    0.567607581615448,
                    -0.038841720670461655,
                    0.8223824501037598,
                    3.3151299953460693
                ],
                [
                    0.8232993483543396,
                    0.026778660714626312,
                    -0.5669754147529602,
                    -2.2855513095855713
                ],
                [
                    1.862645371275562e-09,
                    0.9988864660263062,
                    0.04717812314629555,
                    0.19018110632896423
                ],
                [
                    0.0,
                    0.0,
                    0.0,
                    1.0
                ]
            ]
        },
        {
            "file_path": "/data/shapenet_blender/all_50_random/02958343/265f0587e4018f7aff6fa400d1cc4c85/r_20",
            "rotation": 0.12566370614359174,
            "transform_matrix": [
                [
                    -0.16318407654762268,
                    0.050534624606370926,
                    -0.9853005409240723,
                    -3.9718735218048096
                ],
                [
                    -0.9865957498550415,
                    -0.008358485996723175,
                    0.16296985745429993,
                    0.6569525003433228
                ],
                [
                    0.0,
                    0.9986872673034668,
                    0.05122121423482895,
                    0.20647932589054108
                ],
                [
                    0.0,
                    0.0,
                    0.0,
                    1.0
                ]
            ]
        },
        {
            "file_path": "/data/shapenet_blender/all_50_random/02958343/265f0587e4018f7aff6fa400d1cc4c85/r_21",
            "rotation": 0.12566370614359174,
            "transform_matrix": [
                [
                    -0.7828878164291382,
                    0.2978825569152832,
                    0.5462165474891663,
                    2.201869487762451
                ],
                [
                    0.6221628189086914,
                    0.3748353123664856,
                    0.6873221397399902,
                    2.7706844806671143
                ],
                [
                    2.9802322387695312e-08,
                    0.8779317736625671,
                    -0.4787854552268982,
                    -1.9300460815429688
                ],
                [
                    0.0,
                    0.0,
                    0.0,
                    1.0
                ]
            ]
        },
        {
            "file_path": "/data/shapenet_blender/all_50_random/02958343/265f0587e4018f7aff6fa400d1cc4c85/r_22",
            "rotation": 0.12566370614359174,
            "transform_matrix": [
                [
                    -0.504423201084137,
                    -0.13549698889255524,
                    -0.8527588844299316,
                    -3.4375813007354736
                ],
                [
                    -0.863456666469574,
                    0.0791560485959053,
                    0.49817365407943726,
                    2.008202314376831
                ],
                [
                    0.0,
                    0.9876106977462769,
                    -0.15692387521266937,
                    -0.6325804591178894
                ],
                [
                    0.0,
                    0.0,
                    0.0,
                    1.0
                ]
            ]
        },
        {
            "file_path": "/data/shapenet_blender/all_50_random/02958343/265f0587e4018f7aff6fa400d1cc4c85/r_23",
            "rotation": 0.12566370614359174,
            "transform_matrix": [
                [
                    -0.2508789002895355,
                    0.7010605335235596,
                    -0.6675132513046265,
                    -2.6908318996429443
                ],
                [
                    -0.9680185317993164,
                    -0.18169207870960236,
                    0.17299771308898926,
                    0.6973760724067688
                ],
                [
                    0.0,
                    0.6895666718482971,
                    0.7242222428321838,
                    2.919433355331421
                ],
                [
                    0.0,
                    0.0,
                    0.0,
                    1.0
                ]
            ]
        },
        {
            "file_path": "/data/shapenet_blender/all_50_random/02958343/265f0587e4018f7aff6fa400d1cc4c85/r_24",
            "rotation": 0.12566370614359174,
            "transform_matrix": [
                [
                    -0.9655479192733765,
                    0.1465384066104889,
                    -0.21504321694374084,
                    -0.8668668270111084
                ],
                [
                    -0.2602250277996063,
                    -0.5437211394309998,
                    0.7979037165641785,
                    3.2164523601531982
                ],
                [
                    0.0,
                    0.826373815536499,
                    0.5631218552589417,
                    2.2700164318084717
                ],
                [
                    0.0,
                    0.0,
                    0.0,
                    1.0
                ]
            ]
        },
        {
            "file_path": "/data/shapenet_blender/all_50_random/02958343/265f0587e4018f7aff6fa400d1cc4c85/r_25",
            "rotation": 0.12566370614359174,
            "transform_matrix": [
                [
                    -0.6518107056617737,
                    0.028458699584007263,
                    -0.7578475475311279,
                    -3.054981231689453
                ],
                [
                    -0.758381724357605,
                    -0.024459563195705414,
                    0.6513515710830688,
                    2.6256821155548096
                ],
                [
                    -1.862645149230957e-09,
                    0.999295711517334,
                    0.03752555698156357,
                    0.15127035975456238
                ],
                [
                    0.0,
                    0.0,
                    0.0,
                    1.0
                ]
            ]
        },
        {
            "file_path": "/data/shapenet_blender/all_50_random/02958343/265f0587e4018f7aff6fa400d1cc4c85/r_26",
            "rotation": 0.12566370614359174,
            "transform_matrix": [
                [
                    0.9966616034507751,
                    0.0018100833985954523,
                    0.08162356913089752,
                    0.3290351629257202
                ],
                [
                    0.08164364844560623,
                    -0.02209652028977871,
                    -0.9964165091514587,
                    -4.016683578491211
                ],
                [
                    0.0,
                    0.9997541904449463,
                    -0.0221705324947834,
                    -0.08937228471040726
                ],
                [
                    0.0,
                    0.0,
                    0.0,
                    1.0
                ]
            ]
        },
        {
            "file_path": "/data/shapenet_blender/all_50_random/02958343/265f0587e4018f7aff6fa400d1cc4c85/r_27",
            "rotation": 0.12566370614359174,
            "transform_matrix": [
                [
                    0.7201792597770691,
                    0.5293911099433899,
                    -0.4484267830848694,
                    -1.8076660633087158
                ],
                [
                    -0.6937878727912903,
                    0.549528956413269,
                    -0.46548476815223694,
                    -1.8764289617538452
                ],
                [
                    0.0,
                    0.6463455557823181,
                    0.7630447745323181,
                    3.0759317874908447
                ],
                [
                    0.0,
                    0.0,
                    0.0,
                    1.0
                ]
            ]
        },
        {
            "file_path": "/data/shapenet_blender/all_50_random/02958343/265f0587e4018f7aff6fa400d1cc4c85/r_28",
            "rotation": 0.12566370614359174,
            "transform_matrix": [
                [
                    -0.9512631893157959,
                    0.10079017281532288,
                    0.2914440333843231,
                    1.1748484373092651
                ],
                [
                    0.3083800673484802,
                    0.3109084665775299,
                    0.8990203738212585,
                    3.6240670680999756
                ],
                [
                    0.0,
                    0.9450806379318237,
                    -0.326837420463562,
                    -1.3175238370895386
                ],
                [
                    0.0,
                    0.0,
                    0.0,
                    1.0
                ]
            ]
        },
        {
            "file_path": "/data/shapenet_blender/all_50_random/02958343/265f0587e4018f7aff6fa400d1cc4c85/r_29",
            "rotation": 0.12566370614359174,
            "transform_matrix": [
                [
                    0.34905147552490234,
                    -0.056272655725479126,
                    0.9354124665260315,
                    3.770768165588379
                ],
                [
                    0.9371035695075989,
                    0.020960386842489243,
                    -0.348421573638916,
                    -1.4045323133468628
                ],
                [
                    0.0,
                    0.9981953501701355,
                    0.06004955992102623,
                    0.24206751585006714
                ],
                [
                    0.0,
                    0.0,
                    0.0,
                    1.0
                ]
            ]
        },
        {
            "file_path": "/data/shapenet_blender/all_50_random/02958343/265f0587e4018f7aff6fa400d1cc4c85/r_30",
            "rotation": 0.12566370614359174,
            "transform_matrix": [
                [
                    -0.41259685158729553,
                    0.8407138586044312,
                    -0.35066232085227966,
                    -1.4135651588439941
                ],
                [
                    -0.9109137058258057,
                    -0.38079994916915894,
                    0.15883192420005798,
                    0.6402720212936401
                ],
                [
                    0.0,
                    0.38495659828186035,
                    0.9229345917701721,
                    3.720468521118164
                ],
                [
                    0.0,
                    0.0,
                    0.0,
                    1.0
                ]
            ]
        },
        {
            "file_path": "/data/shapenet_blender/all_50_random/02958343/265f0587e4018f7aff6fa400d1cc4c85/r_31",
            "rotation": 0.12566370614359174,
            "transform_matrix": [
                [
                    -0.8516415953636169,
                    -0.4845637381076813,
                    0.19976142048835754,
                    0.8052641153335571
                ],
                [
                    0.5241246223449707,
                    -0.7873597741127014,
                    0.3245890736579895,
                    1.3084604740142822
                ],
                [
                    1.4901161193847656e-08,
                    0.3811333179473877,
                    0.9245200157165527,
                    3.7268595695495605
                ],
                [
                    0.0,
                    0.0,
                    0.0,
                    1.0
                ]
            ]
        },
        {
            "file_path": "/data/shapenet_blender/all_50_random/02958343/265f0587e4018f7aff6fa400d1cc4c85/r_32",
            "rotation": 0.12566370614359174,
            "transform_matrix": [
                [
                    -0.9876644611358643,
                    0.0675269141793251,
                    0.14127661287784576,
                    0.5695042014122009
                ],
                [
                    0.15658533573150635,
                    0.4259271025657654,
                    0.8911044597625732,
                    3.5921566486358643
                ],
                [
                    0.0,
                    0.9022339582443237,
                    -0.4312468469142914,
                    -1.7384114265441895
                ],
                [
                    0.0,
                    0.0,
                    0.0,
                    1.0
                ]
            ]
        },
        {
            "file_path": "/data/shapenet_blender/all_50_random/02958343/265f0587e4018f7aff6fa400d1cc4c85/r_33",
            "rotation": 0.12566370614359174,
            "transform_matrix": [
                [
                    0.09625689685344696,
                    -0.9047516584396362,
                    -0.41492053866386414,
                    -1.6725982427597046
                ],
                [
                    -0.995356559753418,
                    -0.0874948650598526,
                    -0.0401252843439579,
                    -0.1617501974105835
                ],
                [
                    0.0,
                    0.41685622930526733,
                    -0.908972442150116,
                    -3.664185047149658
                ],
                [
                    0.0,
                    0.0,
                    0.0,
                    1.0
                ]
            ]
        },
        {
            "file_path": "/data/shapenet_blender/all_50_random/02958343/265f0587e4018f7aff6fa400d1cc4c85/r_34",
            "rotation": 0.12566370614359174,
            "transform_matrix": [
                [
                    -0.20494450628757477,
                    0.9721060991287231,
                    0.11404985934495926,
                    0.459749698638916
                ],
                [
                    0.9787735939025879,
                    0.20354841649532318,
                    0.023880796507000923,
                    0.09626656770706177
                ],
                [
                    0.0,
                    0.11652302742004395,
                    -0.9931879639625549,
                    -4.003668785095215
                ],
                [
                    0.0,
                    0.0,
                    0.0,
                    1.0
                ]
            ]
        },
        {
            "file_path": "/data/shapenet_blender/all_50_random/02958343/265f0587e4018f7aff6fa400d1cc4c85/r_35",
            "rotation": 0.12566370614359174,
            "transform_matrix": [
                [
                    0.3316363990306854,
                    -0.04743851721286774,
                    0.9422138333320618,
                    3.798185348510742
                ],
                [
                    0.9434072971343994,
                    0.016676083207130432,
                    -0.33121687173843384,
                    -1.3351778984069824
                ],
                [
                    1.862645149230957e-09,
                    0.9987348914146423,
                    0.050284240394830704,
                    0.20270225405693054
                ],
                [
                    0.0,
                    0.0,
                    0.0,
                    1.0
                ]
            ]
        },
        {
            "file_path": "/data/shapenet_blender/all_50_random/02958343/265f0587e4018f7aff6fa400d1cc4c85/r_36",
            "rotation": 0.12566370614359174,
            "transform_matrix": [
                [
                    0.9550752639770508,
                    0.23919861018657684,
                    0.1749722808599472,
                    0.7053357362747192
                ],
                [
                    0.2963634133338928,
                    -0.7708531618118286,
                    -0.5638742446899414,
                    -2.2730495929718018
                ],
                [
                    0.0,
                    0.5903977751731873,
                    -0.8071125745773315,
                    -3.2535743713378906
                ],
                [
                    0.0,
                    0.0,
                    0.0,
                    1.0
                ]
            ]
        },
        {
            "file_path": "/data/shapenet_blender/all_50_random/02958343/265f0587e4018f7aff6fa400d1cc4c85/r_37",
            "rotation": 0.12566370614359174,
            "transform_matrix": [
                [
                    -0.04388252645730972,
                    -0.4349853992462158,
                    0.8993675112724304,
                    3.6254665851593018
                ],
                [
                    0.9990366101264954,
                    -0.01910666562616825,
                    0.03950457647442818,
                    0.15924805402755737
                ],
                [
                    0.0,
                    0.9002348184585571,
                    0.43540480732917786,
                    1.7551730871200562
                ],
                [
                    0.0,
                    0.0,
                    0.0,
                    1.0
                ]
            ]
        },
        {
            "file_path": "/data/shapenet_blender/all_50_random/02958343/265f0587e4018f7aff6fa400d1cc4c85/r_38",
            "rotation": 0.12566370614359174,
            "transform_matrix": [
                [
                    -0.9728891253471375,
                    0.02578023448586464,
                    -0.2298310548067093,
                    -0.9264786243438721
                ],
                [
                    -0.23127245903015137,
                    -0.10844919830560684,
                    0.9668256640434265,
                    3.8973989486694336
                ],
                [
                    -1.862645371275562e-09,
                    0.9937676191329956,
                    0.11147129535675049,
                    0.4493551552295685
                ],
                [
                    0.0,
                    0.0,
                    0.0,
                    1.0
                ]
            ]
        },
        {
            "file_path": "/data/shapenet_blender/all_50_random/02958343/265f0587e4018f7aff6fa400d1cc4c85/r_39",
            "rotation": 0.12566370614359174,
            "transform_matrix": [
                [
                    0.000541858549695462,
                    0.007399171590805054,
                    0.9999724626541138,
                    4.031018257141113
                ],
                [
                    0.9999998807907104,
                    -4.0093054849421605e-06,
                    -0.0005418437067419291,
                    -0.002184242010116577
                ],
                [
                    4.547473237814098e-13,
                    0.9999726414680481,
                    -0.007399172522127628,
                    -0.029827021062374115
                ],
                [
                    0.0,
                    0.0,
                    0.0,
                    1.0
                ]
            ]
        },
        {
            "file_path": "/data/shapenet_blender/all_50_random/02958343/265f0587e4018f7aff6fa400d1cc4c85/r_40",
            "rotation": 0.12566370614359174,
            "transform_matrix": [
                [
                    0.6571115851402283,
                    0.6924586296081543,
                    0.29783445596694946,
                    1.2006092071533203
                ],
                [
                    0.7537932991981506,
                    -0.6036437153816223,
                    -0.2596341073513031,
                    -1.0466187000274658
                ],
                [
                    2.9802320611338473e-08,
                    0.39511436223983765,
                    -0.9186319708824158,
                    -3.7031240463256836
                ],
                [
                    0.0,
                    0.0,
                    0.0,
                    1.0
                ]
            ]
        },
        {
            "file_path": "/data/shapenet_blender/all_50_random/02958343/265f0587e4018f7aff6fa400d1cc4c85/r_41",
            "rotation": 0.12566370614359174,
            "transform_matrix": [
                [
                    -0.9232804179191589,
                    -0.1617090106010437,
                    0.34843018651008606,
                    1.4045671224594116
                ],
                [
                    0.3841268718242645,
                    -0.3886808454990387,
                    0.8374805450439453,
                    3.3759922981262207
                ],
                [
                    -1.4901162970204496e-08,
                    0.9070707559585571,
