{
    "class": "02958343",
    "model": "1b1a7af332f8f154487edd538b3d83f6",
    "remove_doubles": true,
    "edge_split": true,
    "denoise": true,
    "camera_angle_x": 0.6911112070083618,
    "scale_factor": 2.225681932164736,
    "hdri_file": "/data/IndoorHDRDataset2018/9C4A5589-c95885d5d9.exr",
    "center_offset": [
        0.0,
        -1.862645149230957e-09,
        -5.587935447692871e-09
    ],
    "lights": [],
    "frames": [
        {
            "file_path": "/data/shapenet_blender/all_50_random/02958343/1b1a7af332f8f154487edd538b3d83f6/r_0",
            "rotation": 0.12566370614359174,
            "transform_matrix": [
                [
                    -0.769835352897644,
                    -0.08914042264223099,
                    -0.6319869756698608,
                    -2.5476207733154297
                ],
                [
                    -0.6382425427436829,
                    0.10751940310001373,
                    0.7622900605201721,
                    3.0728890895843506
                ],
                [
                    0.0,
                    0.9901987314224243,
                    -0.13966545462608337,
                    -0.5630093812942505
                ],
                [
                    0.0,
                    0.0,
                    0.0,
                    1.0
                ]
            ]
        },
        {
            "file_path": "/data/shapenet_blender/all_50_random/02958343/1b1a7af332f8f154487edd538b3d83f6/r_1",
            "rotation": 0.12566370614359174,
            "transform_matrix": [
                [
                    -0.012911343015730381,
                    0.5346253514289856,
                    0.844990611076355,
                    3.406266212463379
                ],
                [
                    0.999916672706604,
                    0.0069033061154186726,
                    0.010910872370004654,
                    0.043983131647109985
                ],
                [
                    0.0,
                    0.8450610637664795,
                    -0.534669816493988,
                    -2.155323028564453
                ],
                [
                    0.0,
                    0.0,
                    0.0,
                    1.0
                ]
            ]
        },
        {
            "file_path": "/data/shapenet_blender/all_50_random/02958343/1b1a7af332f8f154487edd538b3d83f6/r_2",
            "rotation": 0.12566370614359174,
            "transform_matrix": [
                [
                    -0.9638333320617676,
                    -0.16069389879703522,
                    0.2126091569662094,
                    0.8570548295974731
                ],
                [
                    0.2665054500102997,
                    -0.5811593532562256,
                    0.7689140439033508,
                    3.0995912551879883
                ],
                [
                    7.4505792646561986e-09,
                    0.7977665066719055,
                    0.6029665470123291,
                    2.430635690689087
                ],
                [
                    0.0,
                    0.0,
                    0.0,
                    1.0
                ]
            ]
        },
        {
            "file_path": "/data/shapenet_blender/all_50_random/02958343/1b1a7af332f8f154487edd538b3d83f6/r_3",
            "rotation": 0.12566370614359174,
            "transform_matrix": [
                [
                    -0.5443894267082214,
                    -0.4318956136703491,
                    -0.7191011309623718,
                    -2.898789405822754
                ],
                [
                    -0.8388327360153198,
                    0.2802935242652893,
                    0.4666854441165924,
                    1.8812692165374756
                ],
                [
                    0.0,
                    0.8572640419006348,
                    -0.5148769617080688,
                    -2.075535535812378
                ],
                [
                    0.0,
                    0.0,
                    0.0,
                    1.0
                ]
            ]
        },
        {
            "file_path": "/data/shapenet_blender/all_50_random/02958343/1b1a7af332f8f154487edd538b3d83f6/r_4",
            "rotation": 0.12566370614359174,
            "transform_matrix": [
                [
                    0.9948431253433228,
                    -0.05783194676041603,
                    0.08332300931215286,
                    0.33588582277297974
                ],
                [
                    0.1014261394739151,
                    0.5672474503517151,
                    -0.817277729511261,
                    -3.2945523262023926
                ],
                [
                    0.0,
                    0.8215143084526062,
                    0.5701878070831299,
                    2.2985007762908936
                ],
                [
                    0.0,
                    0.0,
                    0.0,
                    1.0
                ]
            ]
        },
        {
            "file_path": "/data/shapenet_blender/all_50_random/02958343/1b1a7af332f8f154487edd538b3d83f6/r_5",
            "rotation": 0.12566370614359174,
            "transform_matrix": [
                [
                    0.8411580324172974,
                    -0.4665304124355316,
                    0.27350038290023804,
                    1.1025153398513794
                ],
                [
                    0.5407893657684326,
                    0.7256537079811096,
                    -0.4254097044467926,
                    -1.714881420135498
                ],
                [
                    0.0,
                    0.5057427287101746,
                    0.8626841902732849,
                    3.4775912761688232
                ],
                [
                    0.0,
                    0.0,
                    0.0,
                    1.0
                ]
            ]
        },
        {
            "file_path": "/data/shapenet_blender/all_50_random/02958343/1b1a7af332f8f154487edd538b3d83f6/r_6",
            "rotation": 0.12566370614359174,
            "transform_matrix": [
                [
                    0.3848532736301422,
                    0.3584313988685608,
                    -0.8505379557609558,
                    -3.4286282062530518
                ],
                [
                    -0.9229778051376343,
                    0.14945484697818756,
                    -0.35464808344841003,
                    -1.4296321868896484
                ],
                [
                    1.4901161193847656e-08,
                    0.921515166759491,
                    0.38834241032600403,
                    1.5654582977294922
                ],
                [
                    0.0,
                    0.0,
                    0.0,
                    1.0
                ]
            ]
        },
        {
            "file_path": "/data/shapenet_blender/all_50_random/02958343/1b1a7af332f8f154487edd538b3d83f6/r_7",
            "rotation": 0.12566370614359174,
            "transform_matrix": [
                [
                    0.38067513704299927,
                    -0.8619914650917053,
                    -0.3347492516040802,
                    -1.3494174480438232
                ],
                [
                    -0.924708902835846,
                    -0.3548562228679657,
                    -0.13780629634857178,
                    -0.555514931678772
                ],
                [
                    0.0,
                    0.3620050847530365,
                    -0.9321761131286621,
                    -3.7577221393585205
                ],
                [
                    0.0,
                    0.0,
                    0.0,
                    1.0
                ]
            ]
        },
        {
            "file_path": "/data/shapenet_blender/all_50_random/02958343/1b1a7af332f8f154487edd538b3d83f6/r_8",
            "rotation": 0.12566370614359174,
            "transform_matrix": [
                [
                    0.950019359588623,
                    0.23204046487808228,
                    -0.20885524153709412,
                    -0.841922402381897
                ],
                [
                    -0.31219109892845154,
                    0.7061153650283813,
                    -0.6355610489845276,
                    -2.562028646469116
                ],
                [
                    1.4901161193847656e-08,
                    0.6689980626106262,
                    0.7432641386985779,
                    2.9961936473846436
                ],
                [
                    0.0,
                    0.0,
                    0.0,
                    1.0
                ]
            ]
        },
        {
            "file_path": "/data/shapenet_blender/all_50_random/02958343/1b1a7af332f8f154487edd538b3d83f6/r_9",
            "rotation": 0.12566370614359174,
            "transform_matrix": [
                [
                    0.6047258973121643,
                    0.16806262731552124,
                    0.7784994840621948,
                    3.1382319927215576
                ],
                [
                    0.796433687210083,
                    -0.12760864198207855,
                    -0.5911085605621338,
                    -2.3828351497650146
                ],
                [
                    0.0,
                    0.9774819612503052,
                    -0.21101896464824677,
                    -0.8506447076797485
                ],
                [
                    0.0,
                    0.0,
                    0.0,
                    1.0
                ]
            ]
        },
        {
            "file_path": "/data/shapenet_blender/all_50_random/02958343/1b1a7af332f8f154487edd538b3d83f6/r_10",
            "rotation": 0.12566370614359174,
            "transform_matrix": [
                [
                    0.32303255796432495,
                    -0.21964004635810852,
                    -0.9205478429794312,
                    -3.7108466625213623
                ],
                [
                    -0.9463878273963928,
                    -0.07497020065784454,
                    -0.31421253085136414,
                    -1.2666311264038086
                ],
                [
                    0.0,
                    0.9726961255073547,
                    -0.23208250105381012,
                    -0.9355543851852417
                ],
                [
                    0.0,
                    0.0,
                    0.0,
                    1.0
                ]
            ]
        },
        {
            "file_path": "/data/shapenet_blender/all_50_random/02958343/1b1a7af332f8f154487edd538b3d83f6/r_11",
            "rotation": 0.12566370614359174,
            "transform_matrix": [
                [
                    -0.7112764120101929,
                    -0.5387144088745117,
                    0.45152249932289124,
                    1.820145606994629
                ],
                [
                    0.7029123902320862,
                    -0.5451245903968811,
                    0.45689523220062256,
                    1.841803789138794
                ],
                [
                    -2.9802322387695312e-08,
                    0.6423596143722534,
                    0.7664031982421875,
                    3.089470624923706
                ],
                [
                    0.0,
                    0.0,
                    0.0,
                    1.0
                ]
            ]
        },
        {
            "file_path": "/data/shapenet_blender/all_50_random/02958343/1b1a7af332f8f154487edd538b3d83f6/r_12",
            "rotation": 0.12566370614359174,
            "transform_matrix": [
                [
                    -0.4656801223754883,
                    -0.5567795038223267,
                    0.6878506541252136,
                    2.7728147506713867
                ],
                [
                    0.8849531412124634,
                    -0.29298853874206543,
                    0.36196082830429077,
                    1.4591107368469238
                ],
                [
                    -1.4901161193847656e-08,
                    0.7772735357284546,
                    0.6291627883911133,
                    2.53623628616333
                ],
                [
                    0.0,
                    0.0,
                    0.0,
                    1.0
                ]
            ]
        },
        {
            "file_path": "/data/shapenet_blender/all_50_random/02958343/1b1a7af332f8f154487edd538b3d83f6/r_13",
            "rotation": 0.12566370614359174,
            "transform_matrix": [
                [
                    -0.3275945484638214,
                    -0.5186181664466858,
                    -0.7897574305534363,
                    -3.1836142539978027
                ],
                [
                    -0.9448183178901672,
                    0.17981921136379242,
                    0.2738306522369385,
                    1.103846788406372
                ],
                [
                    0.0,
                    0.8358829617500305,
                    -0.5489076972007751,
                    -2.2127180099487305
                ],
                [
                    0.0,
                    0.0,
                    0.0,
                    1.0
                ]
            ]
        },
        {
            "file_path": "/data/shapenet_blender/all_50_random/02958343/1b1a7af332f8f154487edd538b3d83f6/r_14",
            "rotation": 0.12566370614359174,
            "transform_matrix": [
                [
                    -0.9947099685668945,
                    0.041988641023635864,
                    -0.09375044703483582,
                    -0.3779201805591583
                ],
                [
                    -0.1027238741517067,
                    -0.40659019351005554,
                    0.9078172445297241,
                    3.6595284938812256
                ],
                [
                    0.0,
                    0.9126452803611755,
                    0.4087525010108948,
                    1.6477341651916504
                ],
                [
                    0.0,
                    0.0,
                    0.0,
                    1.0
                ]
            ]
        },
        {
            "file_path": "/data/shapenet_blender/all_50_random/02958343/1b1a7af332f8f154487edd538b3d83f6/r_15",
            "rotation": 0.12566370614359174,
            "transform_matrix": [
                [
                    0.9694337844848633,
                    -0.20924386382102966,
                    -0.12812136113643646,
                    -0.5164737105369568
                ],
                [
                    -0.24535295367240906,
                    -0.8267602920532227,
                    -0.5062305927276611,
                    -2.0406808853149414
                ],
                [
                    -1.4901159417490817e-08,
                    0.5221920013427734,
                    -0.8528279066085815,
                    -3.437859296798706
                ],
                [
                    0.0,
                    0.0,
                    0.0,
                    1.0
                ]
            ]
        },
        {
            "file_path": "/data/shapenet_blender/all_50_random/02958343/1b1a7af332f8f154487edd538b3d83f6/r_16",
            "rotation": 0.12566370614359174,
            "transform_matrix": [
                [
                    0.2204766869544983,
                    0.03912926837801933,
                    0.9746070504188538,
                    3.9287667274475098
                ],
                [
                    0.9753923416137695,
                    -0.008844738826155663,
                    -0.22029916942119598,
                    -0.888054370880127
                ],
                [
                    0.0,
                    0.9991949200630188,
                    -0.04011644423007965,
                    -0.1617145538330078
                ],
                [
                    0.0,
                    0.0,
                    0.0,
                    1.0
                ]
            ]
        },
        {
            "file_path": "/data/shapenet_blender/all_50_random/02958343/1b1a7af332f8f154487edd538b3d83f6/r_17",
            "rotation": 0.12566370614359174,
            "transform_matrix": [
                [
                    0.536925733089447,
                    0.5989152193069458,
                    0.5941475629806519,
                    2.395085334777832
                ],
                [
                    0.8436295986175537,
                    -0.3811779320240021,
                    -0.3781435489654541,
                    -1.5243453979492188
                ],
                [
                    1.4901162970204496e-08,
                    0.704275369644165,
                    -0.7099268436431885,
                    -2.861806631088257
                ],
                [
                    0.0,
                    0.0,
                    0.0,
                    1.0
                ]
            ]
        },
        {
            "file_path": "/data/shapenet_blender/all_50_random/02958343/1b1a7af332f8f154487edd538b3d83f6/r_18",
            "rotation": 0.12566370614359174,
            "transform_matrix": [
                [
                    -0.7390382289886475,
                    0.5203770399093628,
                    -0.42782026529312134,
                    -1.72459876537323
                ],
                [
                    -0.6736633777618408,
                    -0.57087641954422,
                    0.4693375825881958,
                    1.8919603824615479
                ],
                [
                    0.0,
                    0.6350653767585754,
                    0.7724583745002747,
                    3.113879442214966
                ],
                [
                    0.0,
                    0.0,
                    0.0,
                    1.0
                ]
            ]
        },
        {
            "file_path": "/data/shapenet_blender/all_50_random/02958343/1b1a7af332f8f154487edd538b3d83f6/r_19",
            "rotation": 0.12566370614359174,
            "transform_matrix": [
                [
                    -0.942653477191925,
                    0.04849895089864731,
                    -0.3302305340766907,
                    -1.3312016725540161
                ],
                [
                    -0.3337728977203369,
                    -0.13697248697280884,
                    0.9326490759849548,
                    3.7596282958984375
                ],
                [
                    3.7252898543727042e-09,
                    0.9893868565559387,
                    0.14530524611473083,
                    0.5857440829277039
                ],
                [
                    0.0,
                    0.0,
                    0.0,
                    1.0
                ]
            ]
        },
        {
            "file_path": "/data/shapenet_blender/all_50_random/02958343/1b1a7af332f8f154487edd538b3d83f6/r_20",
            "rotation": 0.12566370614359174,
            "transform_matrix": [
                [
                    -0.9993314743041992,
                    -0.03654317557811737,
                    0.0010936977341771126,
                    0.004408836364746094
                ],
                [
                    0.036559540778398514,
                    -0.9988841414451599,
                    0.029895523563027382,
                    0.1205127090215683
                ],
                [
                    0.0,
                    0.029916364699602127,
                    0.9995523691177368,
                    4.029324531555176
                ],
                [
                    0.0,
                    0.0,
                    0.0,
                    1.0
                ]
            ]
        },
        {
            "file_path": "/data/shapenet_blender/all_50_random/02958343/1b1a7af332f8f154487edd538b3d83f6/r_21",
            "rotation": 0.12566370614359174,
            "transform_matrix": [
                [
                    0.9390227198600769,
                    0.09945026785135269,
                    -0.3291597366333008,
                    -1.3268853425979614
                ],
                [
                    -0.3438553512096405,
                    0.27158525586128235,
                    -0.8988909125328064,
                    -3.6235451698303223
                ],
                [
                    -7.450581485102248e-09,
                    0.9572622179985046,
                    0.28922122716903687,
                    1.1658880710601807
                ],
                [
                    0.0,
                    0.0,
                    0.0,
                    1.0
                ]
            ]
        },
        {
            "file_path": "/data/shapenet_blender/all_50_random/02958343/1b1a7af332f8f154487edd538b3d83f6/r_22",
            "rotation": 0.12566370614359174,
            "transform_matrix": [
                [
                    0.540197491645813,
                    -0.5675060749053955,
                    -0.62138831615448,
                    -2.504896640777588
                ],
                [
                    -0.84153813123703,
                    -0.3642917275428772,
                    -0.39887964725494385,
                    -1.6079354286193848
                ],
                [
                    0.0,
                    0.7383959293365479,
                    -0.6743674278259277,
                    -2.7184622287750244
                ],
                [
                    0.0,
                    0.0,
                    0.0,
                    1.0
                ]
            ]
        },
        {
            "file_path": "/data/shapenet_blender/all_50_random/02958343/1b1a7af332f8f154487edd538b3d83f6/r_23",
            "rotation": 0.12566370614359174,
            "transform_matrix": [
                [
                    0.06277667731046677,
                    0.9008041620254517,
                    -0.4296640157699585,
                    -1.7320311069488525
                ],
                [
                    -0.9980276823043823,
                    0.05666124448180199,
                    -0.027026182040572166,
                    -0.10894602537155151
                ],
                [
                    0.0,
                    0.4305131137371063,
                    0.9025843143463135,
                    3.6384336948394775
                ],
                [
                    0.0,
                    0.0,
                    0.0,
                    1.0
                ]
            ]
        },
        {
            "file_path": "/data/shapenet_blender/all_50_random/02958343/1b1a7af332f8f154487edd538b3d83f6/r_24",
            "rotation": 0.12566370614359174,
            "transform_matrix": [
                [
                    0.6072893738746643,
                    -0.6893899440765381,
                    0.3948937952518463,
                    1.5918680429458618
                ],
                [
                    0.7944808006286621,
                    0.5269594192504883,
                    -0.3018510043621063,
                    -1.2168004512786865
                ],
                [
                    2.980232594040899e-08,
                    0.4970463812351227,
                    0.8677237629890442,
                    3.4979069232940674
                ],
                [
                    0.0,
                    0.0,
                    0.0,
                    1.0
                ]
            ]
        },
        {
            "file_path": "/data/shapenet_blender/all_50_random/02958343/1b1a7af332f8f154487edd538b3d83f6/r_25",
            "rotation": 0.12566370614359174,
            "transform_matrix": [
                [
                    -0.654385507106781,
                    0.3503137230873108,
                    -0.6701191663742065,
                    -2.7013370990753174
                ],
                [
                    -0.7561609745025635,
                    -0.30316323041915894,
                    0.5799245238304138,
                    2.3377506732940674
                ],
                [
                    4.470348002882929e-08,
                    0.8862124085426331,
                    0.4632791578769684,
                    1.8675382137298584
                ],
                [
                    0.0,
                    0.0,
                    0.0,
                    1.0
                ]
            ]
        },
        {
            "file_path": "/data/shapenet_blender/all_50_random/02958343/1b1a7af332f8f154487edd538b3d83f6/r_26",
            "rotation": 0.12566370614359174,
            "transform_matrix": [
                [
                    0.9954714775085449,
                    0.009859319776296616,
                    0.0945483148097992,
                    0.3811364769935608
                ],
                [
                    0.09506099671125412,
                    -0.1032460480928421,
                    -0.9901027679443359,
                    -3.99123215675354
                ],
                [
                    0.0,
                    0.9946068525314331,
                    -0.10371573269367218,
                    -0.4180915355682373
                ],
                [
                    0.0,
                    0.0,
                    0.0,
                    1.0
                ]
            ]
        },
        {
            "file_path": "/data/shapenet_blender/all_50_random/02958343/1b1a7af332f8f154487edd538b3d83f6/r_27",
            "rotation": 0.12566370614359174,
            "transform_matrix": [
                [
                    -0.9859675765037537,
                    0.008120795711874962,
                    -0.16673962771892548,
                    -0.6721489429473877
                ],
                [
                    -0.16693727672100067,
                    -0.04796317219734192,
                    0.9848001599311829,
                    3.9698565006256104
                ],
                [
                    0.0,
                    0.9988160133361816,
                    0.04864579066634178,
                    0.1960974484682083
                ],
                [
                    0.0,
                    0.0,
                    0.0,
                    1.0
                ]
            ]
        },
        {
            "file_path": "/data/shapenet_blender/all_50_random/02958343/1b1a7af332f8f154487edd538b3d83f6/r_28",
            "rotation": 0.12566370614359174,
            "transform_matrix": [
                [
                    0.9608069658279419,
                    0.2695712745189667,
                    -0.06466265022754669,
                    -0.2606635093688965
                ],
                [
                    -0.27721816301345825,
                    0.9343035817146301,
                    -0.22411343455314636,
                    -0.9034302234649658
                ],
                [
                    3.725290298461914e-09,
                    0.2332553118467331,
                    0.9724153876304626,
                    3.9199321269989014
                ],
                [
                    0.0,
                    0.0,
                    0.0,
                    1.0
                ]
            ]
        },
        {
            "file_path": "/data/shapenet_blender/all_50_random/02958343/1b1a7af332f8f154487edd538b3d83f6/r_29",
            "rotation": 0.12566370614359174,
            "transform_matrix": [
                [
                    0.26517564058303833,
                    -0.5335177183151245,
                    0.8031443357467651,
                    3.2375779151916504
                ],
                [
                    0.9642000794410706,
                    0.1467287838459015,
                    -0.2208818644285202,
                    -0.890403151512146
                ],
                [
                    -7.450580152834618e-09,
                    0.832964301109314,
                    0.5533267259597778,
                    2.2305312156677246
                ],
                [
                    0.0,
                    0.0,
                    0.0,
                    1.0
                ]
            ]
        },
        {
            "file_path": "/data/shapenet_blender/all_50_random/02958343/1b1a7af332f8f154487edd538b3d83f6/r_30",
            "rotation": 0.12566370614359174,
            "transform_matrix": [
                [
                    0.5996377468109131,
                    0.013272902928292751,
                    0.8001614212989807,
                    3.2255539894104004
                ],
                [
                    0.8002715706825256,
                    -0.00994529202580452,
                    -0.599555253982544,
                    -2.416884660720825
                ],
                [
                    0.0,
                    0.9998624324798584,
                    -0.016585499048233032,
                    -0.06685829162597656
                ],
                [
                    0.0,
                    0.0,
                    0.0,
                    1.0
                ]
            ]
        },
        {
            "file_path": "/data/shapenet_blender/all_50_random/02958343/1b1a7af332f8f154487edd538b3d83f6/r_31",
            "rotation": 0.12566370614359174,
            "transform_matrix": [
                [
                    0.622116208076477,
                    -0.010294494219124317,
                    0.7828572392463684,
                    3.1557986736297607
                ],
                [
                    0.7829249501228333,
                    0.00818005669862032,
                    -0.6220623254776001,
                    -2.5076136589050293
                ],
                [
                    4.6566123179658803e-10,
                    0.9999135732650757,
                    0.013148760423064232,
                    0.05300435423851013
                ],
                [
                    0.0,
                    0.0,
                    0.0,
                    1.0
                ]
            ]
        },
        {
            "file_path": "/data/shapenet_blender/all_50_random/02958343/1b1a7af332f8f154487edd538b3d83f6/r_32",
            "rotation": 0.12566370614359174,
            "transform_matrix": [
                [
                    0.6907669305801392,
                    -0.5755143165588379,
                    0.43774911761283875,
                    1.7646229267120361
                ],
                [
                    0.7230774760246277,
                    0.5497975945472717,
                    -0.4181883931159973,
                    -1.685771107673645
                ],
                [
                    0.0,
                    0.6053970456123352,
                    0.7959235310554504,
                    3.208470106124878
                ],
                [
                    0.0,
                    0.0,
                    0.0,
                    1.0
                ]
            ]
        },
        {
            "file_path": "/data/shapenet_blender/all_50_random/02958343/1b1a7af332f8f154487edd538b3d83f6/r_33",
            "rotation": 0.12566370614359174,
            "transform_matrix": [
                [
                    0.45464590191841125,
                    -0.780975341796875,
                    -0.4282226264476776,
                    -1.7262206077575684
                ],
                [
                    -0.8906723260879517,
                    -0.39865079522132874,
                    -0.21858729422092438,
                    -0.8811535835266113
                ],
                [
                    -1.4901161193847656e-08,
                    0.4807858467102051,
                    -0.8768380284309387,
                    -3.534647226333618
                ],
                [
                    0.0,
                    0.0,
                    0.0,
                    1.0
                ]
            ]
        },
        {
            "file_path": "/data/shapenet_blender/all_50_random/02958343/1b1a7af332f8f154487edd538b3d83f6/r_34",
            "rotation": 0.12566370614359174,
            "transform_matrix": [
                [
                    -0.07061993330717087,
                    0.45148301124572754,
                    -0.889480710029602,
                    -3.585611343383789
                ],
                [
                    -0.9975032806396484,
                    -0.03196350485086441,
                    0.0629722997546196,
                    0.25384944677352905
                ],
                [
                    1.8626450382086546e-09,
                    0.8917069435119629,
                    0.45261308550834656,
                    1.824541687965393
                ],
                [
                    0.0,
                    0.0,
                    0.0,
                    1.0
                ]
            ]
        },
        {
            "file_path": "/data/shapenet_blender/all_50_random/02958343/1b1a7af332f8f154487edd538b3d83f6/r_35",
            "rotation": 0.12566370614359174,
            "transform_matrix": [
                [
                    -0.8436762094497681,
                    -0.025715960189700127,
                    -0.5362361669540405,
                    -2.1616370677948
                ],
                [
                    -0.5368524789810181,
                    0.04041323438286781,
                    0.8427076935768127,
                    3.3970632553100586
                ],
                [
                    0.0,
                    0.9988520741462708,
                    -0.04790135845541954,
                    -0.19309654831886292
                ],
                [
                    0.0,
                    0.0,
                    0.0,
                    1.0
                ]
            ]
        },
        {
            "file_path": "/data/shapenet_blender/all_50_random/02958343/1b1a7af332f8f154487edd538b3d83f6/r_36",
            "rotation": 0.12566370614359174,
            "transform_matrix": [
                [
                    -0.9981928467750549,
                    -0.04445350915193558,
                    0.040432896465063095,
                    0.16299021244049072
                ],
                [
                    0.0600910447537899,
                    -0.7384324073791504,
                    0.6716446280479431,
                    2.707486152648926
                ],
                [
                    0.0,
                    0.6728605628013611,
                    0.7397692799568176,
                    2.982105255126953
                ],
                [
                    0.0,
                    0.0,
                    0.0,
                    1.0
                ]
            ]
        },
        {
            "file_path": "/data/shapenet_blender/all_50_random/02958343/1b1a7af332f8f154487edd538b3d83f6/r_37",
            "rotation": 0.12566370614359174,
            "transform_matrix": [
                [
                    -0.9703126549720764,
                    -0.09114760905504227,
                    -0.22402137517929077,
                    -0.9030590653419495
                ],
                [
                    -0.2418542206287384,
                    0.3656817674636841,
                    0.8987677097320557,
                    3.6230485439300537
                ],
                [
                    7.450581485102248e-09,
                    0.926266074180603,
                    -0.3768700659275055,
                    -1.519211769104004
                ],
                [
                    0.0,
                    0.0,
                    0.0,
                    1.0
                ]
            ]
        },
        {
            "file_path": "/data/shapenet_blender/all_50_random/02958343/1b1a7af332f8f154487edd538b3d83f6/r_38",
            "rotation": 0.12566370614359174,
            "transform_matrix": [
                [
                    0.7413000464439392,
                    -0.09898403286933899,
                    -0.6638345718383789,
                    -2.6760029792785645
                ],
                [
                    -0.6711738109588623,
                    -0.10932617634534836,
                    -0.7331939935684204,
                    -2.955599784851074
                ],
                [
                    0.0,
                    0.9890652298927307,
                    -0.14747895300388336,
                    -0.5945067405700684
                ],
                [
                    0.0,
                    0.0,
                    0.0,
                    1.0
                ]
            ]
        },
        {
            "file_path": "/data/shapenet_blender/all_50_random/02958343/1b1a7af332f8f154487edd538b3d83f6/r_39",
            "rotation": 0.12566370614359174,
            "transform_matrix": [
                [
                    0.6556450128555298,
                    -0.30988699197769165,
                    -0.6885489225387573,
                    -2.7756295204162598
                ],
                [
                    -0.7550692558288574,
                    -0.2690824270248413,
                    -0.5978838205337524,
                    -2.410146713256836
                ],
                [
                    0.0,
                    0.9119016528129578,
                    -0.41040873527526855,
                    -1.654410481452942
                ],
                [
                    0.0,
                    0.0,
                    0.0,
                    1.0
                ]
            ]
        },
        {
            "file_path": "/data/shapenet_blender/all_50_random/02958343/1b1a7af332f8f154487edd538b3d83f6/r_40",
            "rotation": 0.12566370614359174,
            "transform_matrix": [
                [
                    -0.5534788370132446,
                    0.5450078248977661,
                    -0.6297837495803833,
                    -2.5387396812438965
                ],
                [
                    -0.8328633308410645,
                    -0.36218464374542236,
                    0.418522447347641,
                    1.6871180534362793
                ],
                [
                    0.0,
                    0.7561669945716858,
                    0.6543784737586975,
                    2.6378841400146484
                ],
                [
                    0.0,
                    0.0,
                    0.0,
                    1.0
                ]
            ]
        },
        {
            "file_path": "/data/shapenet_blender/all_50_random/02958343/1b1a7af332f8f154487edd538b3d83f6/r_41",
            "rotation": 0.12566370614359174,
            "transform_matrix": [
                [
                    -0.7057391405105591,
                    0.2227884829044342,
                    -0.6725306510925293,
                    -2.7110579013824463
                ],
                [
                    -0.7084717750549316,
                    -0.2219291478395462,
                    0.6699365973472595,
                    2.700601100921631
                ],
                [
                    1.4901161193847656e-08,
