{
    "class": "02958343",
    "model": "491653e537f1a701697b84068abf146c",
    "remove_doubles": true,
    "edge_split": true,
    "denoise": true,
    "camera_angle_x": 0.6911112070083618,
    "scale_factor": 2.2528357643177674,
    "hdri_file": "/data/IndoorHDRDataset2018/AG8A1394-678afc6509.exr",
    "center_offset": [
        0.0,
        -1.862645149230957e-09,
        0.0
    ],
    "lights": [],
    "frames": [
        {
            "file_path": "/data/shapenet_blender/all_50_random/02958343/491653e537f1a701697b84068abf146c/r_0",
            "rotation": 0.12566370614359174,
            "transform_matrix": [
                [
                    -0.535763144493103,
                    -0.4915505349636078,
                    -0.6865390539169312,
                    -2.7675273418426514
                ],
                [
                    -0.8443683385848999,
                    0.3118955194950104,
                    0.4356183707714081,
                    1.7560337781906128
                ],
                [
                    2.9802322387695312e-08,
                    0.8130799531936646,
                    -0.5821518301963806,
                    -2.346729040145874
                ],
                [
                    0.0,
                    0.0,
                    0.0,
                    1.0
                ]
            ]
        },
        {
            "file_path": "/data/shapenet_blender/all_50_random/02958343/491653e537f1a701697b84068abf146c/r_1",
            "rotation": 0.12566370614359174,
            "transform_matrix": [
                [
                    0.847009003162384,
                    -0.33173301815986633,
                    0.41536593437194824,
                    1.674393653869629
                ],
                [
                    0.5315784215927124,
                    0.5285782814025879,
                    -0.6618377566337585,
                    -2.6679532527923584
                ],
                [
                    1.4901161193847656e-08,
                    0.7813820242881775,
                    0.6240528225898743,
                    2.5156373977661133
                ],
                [
                    0.0,
                    0.0,
                    0.0,
                    1.0
                ]
            ]
        },
        {
            "file_path": "/data/shapenet_blender/all_50_random/02958343/491653e537f1a701697b84068abf146c/r_2",
            "rotation": 0.12566370614359174,
            "transform_matrix": [
                [
                    -0.8857282996177673,
                    0.2677237093448639,
                    0.3792218863964081,
                    1.5286924839019775
                ],
                [
                    0.4642038643360138,
                    0.5108326077461243,
                    0.7235776782035828,
                    2.916835069656372
                ],
                [
                    -1.4901160305669237e-08,
                    0.8169295787811279,
                    -0.5767372846603394,
                    -2.3249025344848633
                ],
                [
                    0.0,
                    0.0,
                    0.0,
                    1.0
                ]
            ]
        },
        {
            "file_path": "/data/shapenet_blender/all_50_random/02958343/491653e537f1a701697b84068abf146c/r_3",
            "rotation": 0.12566370614359174,
            "transform_matrix": [
                [
                    0.2891436219215393,
                    -0.055210888385772705,
                    -0.9556922912597656,
                    -3.8525185585021973
                ],
                [
                    -0.9572857022285461,
                    -0.01667618751525879,
                    -0.288662314414978,
                    -1.163635015487671
                ],
                [
                    0.0,
                    0.9983354210853577,
                    -0.05767441168427467,
                    -0.23249298334121704
                ],
                [
                    0.0,
                    0.0,
                    0.0,
                    1.0
                ]
            ]
        },
        {
            "file_path": "/data/shapenet_blender/all_50_random/02958343/491653e537f1a701697b84068abf146c/r_4",
            "rotation": 0.12566370614359174,
            "transform_matrix": [
                [
                    -0.5606019496917725,
                    0.34320226311683655,
                    -0.7536163926124573,
                    -3.0379247665405273
                ],
                [
                    -0.8280854225158691,
                    -0.23234303295612335,
                    0.5101875066757202,
                    2.056631565093994
                ],
                [
                    -1.4901161193847656e-08,
                    0.9100707769393921,
                    0.41445282101631165,
                    1.6707127094268799
                ],
                [
                    0.0,
                    0.0,
                    0.0,
                    1.0
                ]
            ]
        },
        {
            "file_path": "/data/shapenet_blender/all_50_random/02958343/491653e537f1a701697b84068abf146c/r_5",
            "rotation": 0.12566370614359174,
            "transform_matrix": [
                [
                    0.7280003428459167,
                    -0.1012367457151413,
                    -0.6780608892440796,
                    -2.7333507537841797
                ],
                [
                    -0.6855767369270325,
                    -0.1075013056397438,
                    -0.7200194597244263,
                    -2.902491331100464
                ],
                [
                    0.0,
                    0.9890371561050415,
                    -0.1476665586233139,
                    -0.5952629446983337
                ],
                [
                    0.0,
                    0.0,
                    0.0,
                    1.0
                ]
            ]
        },
        {
            "file_path": "/data/shapenet_blender/all_50_random/02958343/491653e537f1a701697b84068abf146c/r_6",
            "rotation": 0.12566370614359174,
            "transform_matrix": [
                [
                    0.35799774527549744,
                    0.5126599669456482,
                    -0.7803956866264343,
                    -3.1458756923675537
                ],
                [
                    -0.9337224364280701,
                    0.19655855000019073,
                    -0.29921087622642517,
                    -1.2061575651168823
                ],
                [
                    1.4901160305669237e-08,
                    0.8357897400856018,
                    0.5490496158599854,
                    2.213289737701416
                ],
                [
                    0.0,
                    0.0,
                    0.0,
                    1.0
                ]
            ]
        },
        {
            "file_path": "/data/shapenet_blender/all_50_random/02958343/491653e537f1a701697b84068abf146c/r_7",
            "rotation": 0.12566370614359174,
            "transform_matrix": [
                [
                    -0.9988438487052917,
                    -0.020706048235297203,
                    0.04338621720671654,
                    0.17489543557167053
                ],
                [
                    0.04807395115494728,
                    -0.43021446466445923,
                    0.9014456868171692,
                    3.6338438987731934
                ],
                [
                    0.0,
                    0.9024891257286072,
                    0.43071243166923523,
                    1.7362573146820068
                ],
                [
                    0.0,
                    0.0,
                    0.0,
                    1.0
                ]
            ]
        },
        {
            "file_path": "/data/shapenet_blender/all_50_random/02958343/491653e537f1a701697b84068abf146c/r_8",
            "rotation": 0.12566370614359174,
            "transform_matrix": [
                [
                    0.7744057774543762,
                    0.5788605809211731,
                    -0.255374550819397,
                    -1.0294477939605713
                ],
                [
                    -0.6326892375946045,
                    0.7085198760032654,
                    -0.312576025724411,
                    -1.260034203529358
                ],
                [
                    0.0,
                    0.40363356471061707,
                    0.9149207472801208,
                    3.6881635189056396
                ],
                [
                    0.0,
                    0.0,
                    0.0,
                    1.0
                ]
            ]
        },
        {
            "file_path": "/data/shapenet_blender/all_50_random/02958343/491653e537f1a701697b84068abf146c/r_9",
            "rotation": 0.12566370614359174,
            "transform_matrix": [
                [
                    0.994477391242981,
                    0.008805861696600914,
                    0.10458012670278549,
                    0.42157596349716187
                ],
                [
                    0.1049501895904541,
                    -0.08344177901744843,
                    -0.9909707307815552,
                    -3.9947304725646973
                ],
                [
                    9.313224080820248e-10,
                    0.9964737296104431,
                    -0.08390513807535172,
                    -0.3382324278354645
                ],
                [
                    0.0,
                    0.0,
                    0.0,
                    1.0
                ]
            ]
        },
        {
            "file_path": "/data/shapenet_blender/all_50_random/02958343/491653e537f1a701697b84068abf146c/r_10",
            "rotation": 0.12566370614359174,
            "transform_matrix": [
                [
                    -0.4252471625804901,
                    -0.04044554382562637,
                    0.9041731357574463,
                    3.644838571548462
                ],
                [
                    0.905077338218689,
                    -0.019003184512257576,
                    0.42482230067253113,
                    1.7125134468078613
                ],
                [
                    0.0,
                    0.9990009665489197,
                    0.04468739405274391,
                    0.1801406443119049
                ],
                [
                    0.0,
                    0.0,
                    0.0,
                    1.0
                ]
            ]
        },
        {
            "file_path": "/data/shapenet_blender/all_50_random/02958343/491653e537f1a701697b84068abf146c/r_11",
            "rotation": 0.12566370614359174,
            "transform_matrix": [
                [
                    -0.08980964124202728,
                    -0.25163283944129944,
                    -0.9636467695236206,
                    -3.884584426879883
                ],
                [
                    -0.9959589838981628,
                    0.022690748795866966,
                    0.08689592033624649,
                    0.35028865933418274
                ],
                [
                    0.0,
                    0.9675568342208862,
                    -0.2526537775993347,
                    -1.0184799432754517
                ],
                [
                    0.0,
                    0.0,
                    0.0,
                    1.0
                ]
            ]
        },
        {
            "file_path": "/data/shapenet_blender/all_50_random/02958343/491653e537f1a701697b84068abf146c/r_12",
            "rotation": 0.12566370614359174,
            "transform_matrix": [
                [
                    -0.5399730801582336,
                    -0.06181249022483826,
                    0.839409589767456,
                    3.38376784324646
                ],
                [
                    0.8416823744773865,
                    -0.03965519741177559,
                    0.538515031337738,
                    2.170823335647583
                ],
                [
                    -3.725290298461914e-09,
                    0.9972996711730957,
                    0.07343921810388565,
                    0.29604291915893555
                ],
                [
                    0.0,
                    0.0,
                    0.0,
                    1.0
                ]
            ]
        },
        {
            "file_path": "/data/shapenet_blender/all_50_random/02958343/491653e537f1a701697b84068abf146c/r_13",
            "rotation": 0.12566370614359174,
            "transform_matrix": [
                [
                    -0.14263857901096344,
                    -0.48774653673171997,
                    -0.8612534403800964,
                    -3.4718236923217773
                ],
                [
                    -0.9897748827934265,
                    0.07029020041227341,
                    0.12411709129810333,
                    0.5003319978713989
                ],
                [
                    0.0,
                    0.8701508045196533,
                    -0.49278539419174194,
                    -1.9864814281463623
                ],
                [
                    0.0,
                    0.0,
                    0.0,
                    1.0
                ]
            ]
        },
        {
            "file_path": "/data/shapenet_blender/all_50_random/02958343/491653e537f1a701697b84068abf146c/r_14",
            "rotation": 0.12566370614359174,
            "transform_matrix": [
                [
                    -0.7024047374725342,
                    -0.03406471014022827,
                    -0.7109620571136475,
                    -2.8659799098968506
                ],
                [
                    -0.7117776870727539,
                    0.03361613303422928,
                    0.7015998363494873,
                    2.828239679336548
                ],
                [
                    0.0,
                    0.9988542199134827,
                    -0.047858621925115585,
                    -0.19292429089546204
                ],
                [
                    0.0,
                    0.0,
                    0.0,
                    1.0
                ]
            ]
        },
        {
            "file_path": "/data/shapenet_blender/all_50_random/02958343/491653e537f1a701697b84068abf146c/r_15",
            "rotation": 0.12566370614359174,
            "transform_matrix": [
                [
                    -0.9990534782409668,
                    -0.04086928069591522,
                    -0.014895480126142502,
                    -0.060045599937438965
                ],
                [
                    -0.04349912330508232,
                    0.9386533498764038,
                    0.3421075940132141,
                    1.379079818725586
                ],
                [
                    9.313225746154785e-10,
                    0.3424317538738251,
                    -0.9395427107810974,
                    -3.7874178886413574
                ],
                [
                    0.0,
                    0.0,
                    0.0,
                    1.0
                ]
            ]
        },
        {
            "file_path": "/data/shapenet_blender/all_50_random/02958343/491653e537f1a701697b84068abf146c/r_16",
            "rotation": 0.12566370614359174,
            "transform_matrix": [
                [
                    -0.7871849536895752,
                    0.33855441212654114,
                    0.5154811143875122,
                    2.0779707431793213
                ],
                [
                    0.6167169809341431,
                    0.43213486671447754,
                    0.6579662561416626,
                    2.6523468494415283
                ],
                [
                    1.4901161193847656e-08,
                    0.835847020149231,
                    -0.5489622950553894,
                    -2.212937831878662
                ],
                [
                    0.0,
                    0.0,
                    0.0,
                    1.0
                ]
            ]
        },
        {
            "file_path": "/data/shapenet_blender/all_50_random/02958343/491653e537f1a701697b84068abf146c/r_17",
            "rotation": 0.12566370614359174,
            "transform_matrix": [
                [
                    -0.9690271019935608,
                    -0.24688778817653656,
                    -0.00573216937482357,
                    -0.02310711145401001
                ],
                [
                    -0.2469543069601059,
                    0.9687660932540894,
                    0.022492531687021255,
                    0.09067028760910034
                ],
                [
                    0.0,
                    0.023211227729916573,
                    -0.99973064661026,
                    -4.03004264831543
                ],
                [
                    0.0,
                    0.0,
                    0.0,
                    1.0
                ]
            ]
        },
        {
            "file_path": "/data/shapenet_blender/all_50_random/02958343/491653e537f1a701697b84068abf146c/r_18",
            "rotation": 0.12566370614359174,
            "transform_matrix": [
                [
                    -0.9615903496742249,
                    -0.2731892764568329,
                    0.026677705347537994,
                    0.1075412705540657
                ],
                [
                    0.27448877692222595,
                    -0.9570379257202148,
                    0.09345746040344238,
                    0.3767390847206116
                ],
                [
                    0.0,
                    0.09719081223011017,
                    0.9952658414840698,
                    4.012044906616211
                ],
                [
                    0.0,
                    0.0,
                    0.0,
                    1.0
                ]
            ]
        },
        {
            "file_path": "/data/shapenet_blender/all_50_random/02958343/491653e537f1a701697b84068abf146c/r_19",
            "rotation": 0.12566370614359174,
            "transform_matrix": [
                [
                    0.2188614159822464,
                    -0.9713224172592163,
                    -0.092910036444664,
                    -0.3745323419570923
                ],
                [
                    -0.975756049156189,
                    -0.2178669422864914,
                    -0.02083965577185154,
                    -0.08400733768939972
                ],
                [
                    0.0,
                    0.09521867334842682,
                    -0.9954563975334167,
                    -4.012813091278076
                ],
                [
                    0.0,
                    0.0,
                    0.0,
                    1.0
                ]
            ]
        },
        {
            "file_path": "/data/shapenet_blender/all_50_random/02958343/491653e537f1a701697b84068abf146c/r_20",
            "rotation": 0.12566370614359174,
            "transform_matrix": [
                [
                    0.5714799165725708,
                    0.2387641966342926,
                    -0.7851129174232483,
                    -3.1648917198181152
                ],
                [
                    -0.8206160664558411,
                    0.166276216506958,
                    -0.546755313873291,
                    -2.2040414810180664
                ],
                [
                    1.4901161193847656e-08,
                    0.9567360281944275,
                    0.2909572124481201,
                    1.1728861331939697
                ],
                [
                    0.0,
                    0.0,
                    0.0,
                    1.0
                ]
            ]
        },
        {
            "file_path": "/data/shapenet_blender/all_50_random/02958343/491653e537f1a701697b84068abf146c/r_21",
            "rotation": 0.12566370614359174,
            "transform_matrix": [
                [
                    0.9973529577255249,
                    0.04174570366740227,
                    -0.05953416973352432,
                    -0.23998993635177612
                ],
                [
                    -0.07271191477775574,
                    0.5726049542427063,
                    -0.816600501537323,
                    -3.2918221950531006
                ],
                [
                    -3.725290298461914e-09,
                    0.818767786026001,
                    0.5741246938705444,
                    2.31437087059021
                ],
                [
                    0.0,
                    0.0,
                    0.0,
                    1.0
                ]
            ]
        },
        {
            "file_path": "/data/shapenet_blender/all_50_random/02958343/491653e537f1a701697b84068abf146c/r_22",
            "rotation": 0.12566370614359174,
            "transform_matrix": [
                [
                    -0.2856331467628479,
                    -0.016634786501526833,
                    -0.9581946134567261,
                    -3.8626060485839844
                ],
                [
                    -0.9583390355110168,
                    0.004958001896739006,
                    0.28559011220932007,
                    1.1512506008148193
                ],
                [
                    4.656612873077393e-10,
                    0.9998493194580078,
                    -0.01735793426632881,
                    -0.06997206807136536
                ],
                [
                    0.0,
                    0.0,
                    0.0,
                    1.0
                ]
            ]
        },
        {
            "file_path": "/data/shapenet_blender/all_50_random/02958343/491653e537f1a701697b84068abf146c/r_23",
            "rotation": 0.12566370614359174,
            "transform_matrix": [
                [
                    0.6080652475357056,
                    0.031319163739681244,
                    -0.7932690382003784,
                    -3.1977696418762207
                ],
                [
                    -0.7938870787620544,
                    0.023988420143723488,
                    -0.6075918674468994,
                    -2.4492812156677246
                ],
                [
                    1.8626449271863521e-09,
                    0.9992216229438782,
                    0.039450399577617645,
                    0.15902964770793915
                ],
                [
                    0.0,
                    0.0,
                    0.0,
                    1.0
                ]
            ]
        },
        {
            "file_path": "/data/shapenet_blender/all_50_random/02958343/491653e537f1a701697b84068abf146c/r_24",
            "rotation": 0.12566370614359174,
            "transform_matrix": [
                [
                    0.6240878105163574,
                    -0.3738412857055664,
                    0.6861173510551453,
                    2.7658276557922363
                ],
                [
                    0.7813543081283569,
                    0.29859668016433716,
                    -0.5480195879936218,
                    -2.2091379165649414
                ],
                [
                    -1.4901162970204496e-08,
                    0.8781131505966187,
                    0.47845298051834106,
                    1.9287058115005493
                ],
                [
                    0.0,
                    0.0,
                    0.0,
                    1.0
                ]
            ]
        },
        {
            "file_path": "/data/shapenet_blender/all_50_random/02958343/491653e537f1a701697b84068abf146c/r_25",
            "rotation": 0.12566370614359174,
            "transform_matrix": [
                [
                    -0.09147756546735764,
                    -0.2525464594364166,
                    0.9632507562637329,
                    3.882988214492798
                ],
                [
                    0.9958071708679199,
                    -0.02319961041212082,
                    0.08848685026168823,
                    0.35670194029808044
                ],
                [
                    0.0,
                    0.9673064947128296,
                    0.253609836101532,
                    1.022334098815918
                ],
                [
                    0.0,
                    0.0,
                    0.0,
                    1.0
                ]
            ]
        },
        {
            "file_path": "/data/shapenet_blender/all_50_random/02958343/491653e537f1a701697b84068abf146c/r_26",
            "rotation": 0.12566370614359174,
            "transform_matrix": [
                [
                    -0.9526554346084595,
                    -0.02810569293797016,
                    0.30275020003318787,
                    1.2204248905181885
                ],
                [
                    0.3040519654750824,
                    -0.08806073665618896,
                    0.9485767483711243,
                    3.8238346576690674
                ],
                [
                    0.0,
                    0.9957184791564941,
                    0.09243715554475784,
                    0.37262603640556335
                ],
                [
                    0.0,
                    0.0,
                    0.0,
                    1.0
                ]
            ]
        },
        {
            "file_path": "/data/shapenet_blender/all_50_random/02958343/491653e537f1a701697b84068abf146c/r_27",
            "rotation": 0.12566370614359174,
            "transform_matrix": [
                [
                    0.7567046284675598,
                    0.25470882654190063,
                    0.6020975708961487,
                    2.427133083343506
                ],
                [
                    0.6537569761276245,
                    -0.29481804370880127,
                    -0.6969103813171387,
                    -2.809335947036743
                ],
                [
                    1.4901162970204496e-08,
                    0.9209808111190796,
                    -0.3896077871322632,
                    -1.5705593824386597
                ],
                [
                    0.0,
                    0.0,
                    0.0,
                    1.0
                ]
            ]
        },
        {
            "file_path": "/data/shapenet_blender/all_50_random/02958343/491653e537f1a701697b84068abf146c/r_28",
            "rotation": 0.12566370614359174,
            "transform_matrix": [
                [
                    -0.8307796716690063,
                    0.09231148660182953,
                    -0.5488930940628052,
                    -2.212658643722534
                ],
                [
                    -0.5566012263298035,
                    -0.13778355717658997,
                    0.8192745447158813,
                    3.302600860595703
                ],
                [
                    7.450580152834618e-09,
                    0.9861512184143066,
                    0.1658484935760498,
                    0.6685565710067749
                ],
                [
                    0.0,
                    0.0,
                    0.0,
                    1.0
                ]
            ]
        },
        {
            "file_path": "/data/shapenet_blender/all_50_random/02958343/491653e537f1a701697b84068abf146c/r_29",
            "rotation": 0.12566370614359174,
            "transform_matrix": [
                [
                    -0.8914973139762878,
                    -0.27994686365127563,
                    -0.35617733001708984,
                    -1.4357967376708984
                ],
                [
                    -0.45302602648735046,
                    0.5508996248245239,
                    0.7009114623069763,
                    2.8254644870758057
                ],
                [
                    0.0,
                    0.7862181663513184,
                    -0.6179488301277161,
                    -2.4910314083099365
                ],
                [
                    0.0,
                    0.0,
                    0.0,
                    1.0
                ]
            ]
        },
        {
            "file_path": "/data/shapenet_blender/all_50_random/02958343/491653e537f1a701697b84068abf146c/r_30",
            "rotation": 0.12566370614359174,
            "transform_matrix": [
                [
                    -0.40631377696990967,
                    -0.3823222219944,
                    0.8299028277397156,
                    3.3454456329345703
                ],
                [
                    0.913733720779419,
                    -0.1700088232755661,
                    0.36903634667396545,
                    1.487633228302002
                ],
                [
                    0.0,
                    0.9082546830177307,
                    0.4184176027774811,
                    1.6866954565048218
                ],
                [
                    0.0,
                    0.0,
                    0.0,
                    1.0
                ]
            ]
        },
        {
            "file_path": "/data/shapenet_blender/all_50_random/02958343/491653e537f1a701697b84068abf146c/r_31",
            "rotation": 0.12566370614359174,
            "transform_matrix": [
                [
                    -0.132350355386734,
                    -0.7286370992660522,
                    0.6719905138015747,
                    2.7088804244995117
                ],
                [
                    0.9912030100822449,
                    -0.0972912535071373,
                    0.08972752094268799,
                    0.36170321702957153
                ],
                [
                    0.0,
                    0.6779544949531555,
                    0.7351038455963135,
                    2.9632983207702637
                ],
                [
                    0.0,
                    0.0,
                    0.0,
                    1.0
                ]
            ]
        },
        {
            "file_path": "/data/shapenet_blender/all_50_random/02958343/491653e537f1a701697b84068abf146c/r_32",
            "rotation": 0.12566370614359174,
            "transform_matrix": [
                [
                    0.9916177988052368,
                    -0.12317190319299698,
                    0.039023999124765396,
                    0.15731078386306763
                ],
                [
                    0.12920600175857544,
                    0.9453079104423523,
                    -0.2994976341724396,
                    -1.2073136568069458
                ],
                [
                    0.0,
                    0.30202943086624146,
                    0.9532985687255859,
                    3.842869758605957
                ],
                [
                    0.0,
                    0.0,
                    0.0,
                    1.0
                ]
            ]
        },
        {
            "file_path": "/data/shapenet_blender/all_50_random/02958343/491653e537f1a701697b84068abf146c/r_33",
            "rotation": 0.12566370614359174,
            "transform_matrix": [
                [
                    0.24193182587623596,
                    0.07523086667060852,
                    -0.967372477054596,
                    -3.8996026515960693
                ],
                [
                    -0.9702932238578796,
                    0.018757980316877365,
                    -0.24120357632637024,
                    -0.9723225831985474
                ],
                [
                    0.0,
                    0.9969896674156189,
                    0.07753415405750275,
                    0.3125501275062561
                ],
                [
                    0.0,
                    0.0,
                    0.0,
                    1.0
                ]
            ]
        },
        {
            "file_path": "/data/shapenet_blender/all_50_random/02958343/491653e537f1a701697b84068abf146c/r_34",
            "rotation": 0.12566370614359174,
            "transform_matrix": [
                [
                    0.7553495168685913,
                    0.49641191959381104,
                    -0.42781105637550354,
                    -1.7245616912841797
                ],
                [
                    -0.6553221344947815,
                    0.5721834301948547,
                    -0.4931114614009857,
                    -1.9877959489822388
                ],
                [
                    0.0,
                    0.6528254747390747,
                    0.7575081586837769,
                    3.0536131858825684
                ],
                [
                    0.0,
                    0.0,
                    0.0,
                    1.0
                ]
            ]
        },
        {
            "file_path": "/data/shapenet_blender/all_50_random/02958343/491653e537f1a701697b84068abf146c/r_35",
            "rotation": 0.12566370614359174,
            "transform_matrix": [
                [
                    -0.5101625919342041,
                    -0.6095165610313416,
                    0.6068143844604492,
                    2.4461469650268555
                ],
                [
                    0.8600780963897705,
                    -0.36153990030288696,
                    0.3599371016025543,
                    1.4509528875350952
                ],
                [
                    -1.4901162970204496e-08,
                    0.7055341005325317,
                    0.7086759209632874,
                    2.856764078140259
                ],
                [
                    0.0,
                    0.0,
                    0.0,
                    1.0
                ]
            ]
        },
        {
            "file_path": "/data/shapenet_blender/all_50_random/02958343/491653e537f1a701697b84068abf146c/r_36",
            "rotation": 0.12566370614359174,
            "transform_matrix": [
                [
                    0.902506411075592,
                    -0.02816022001206875,
                    0.42975470423698425,
                    1.7323966026306152
                ],
                [
                    0.43067631125450134,
                    0.05901132524013519,
                    -0.9005751013755798,
                    -3.6303343772888184
                ],
                [
                    -1.862645149230957e-09,
                    0.9978599548339844,
                    0.06538604199886322,
                    0.2635795772075653
                ],
                [
                    0.0,
                    0.0,
                    0.0,
                    1.0
                ]
            ]
        },
        {
            "file_path": "/data/shapenet_blender/all_50_random/02958343/491653e537f1a701697b84068abf146c/r_37",
            "rotation": 0.12566370614359174,
            "transform_matrix": [
                [
                    0.9987730383872986,
                    0.0005613446701318026,
                    -0.04951891303062439,
                    -0.19961711764335632
                ],
                [
                    -0.049522094428539276,
                    0.011321327649056911,
                    -0.9987088441848755,
                    -4.025924205780029
                ],
                [
                    0.0,
                    0.9999358654022217,
                    0.011335235089063644,
                    0.04569379240274429
                ],
                [
                    0.0,
                    0.0,
                    0.0,
                    1.0
                ]
            ]
        },
        {
            "file_path": "/data/shapenet_blender/all_50_random/02958343/491653e537f1a701697b84068abf146c/r_38",
            "rotation": 0.12566370614359174,
            "transform_matrix": [
                [
                    0.8427497148513794,
                    0.4287620484828949,
                    0.32547810673713684,
                    1.3120442628860474
                ],
                [
                    0.5383055806159973,
                    -0.6712527871131897,
                    -0.5095555186271667,
                    -2.054084062576294
                ],
                [
                    1.4901161193847656e-08,
                    0.6046344637870789,
                    -0.7965030670166016,
                    -3.2108066082000732
                ],
                [
                    0.0,
                    0.0,
                    0.0,
                    1.0
                ]
            ]
        },
        {
            "file_path": "/data/shapenet_blender/all_50_random/02958343/491653e537f1a701697b84068abf146c/r_39",
            "rotation": 0.12566370614359174,
            "transform_matrix": [
                [
                    0.5584414601325989,
                    0.017940359190106392,
                    -0.8293498754501343,
                    -3.3432161808013916
                ],
                [
                    -0.8295438289642334,
                    0.012077289633452892,
                    -0.558310866355896,
                    -2.2506229877471924
                ],
                [
                    0.0,
                    0.9997659921646118,
                    0.021626781672239304,
                    0.08718034625053406
                ],
                [
                    0.0,
                    0.0,
                    0.0,
                    1.0
                ]
            ]
        },
        {
            "file_path": "/data/shapenet_blender/all_50_random/02958343/491653e537f1a701697b84068abf146c/r_40",
            "rotation": 0.12566370614359174,
            "transform_matrix": [
                [
                    -0.5850204229354858,
                    0.045673128217458725,
                    0.8097313642501831,
                    3.264131784439087
                ],
                [
                    0.8110184669494629,
                    0.032945871353149414,
                    0.5840919613838196,
                    2.354550361633301
                ],
                [
                    1.8626450382086546e-09,
                    0.9984129667282104,
                    -0.05631575733423233,
                    -0.22701609134674072
                ],
                [
                    0.0,
                    0.0,
                    0.0,
                    1.0
                ]
            ]
        },
        {
            "file_path": "/data/shapenet_blender/all_50_random/02958343/491653e537f1a701697b84068abf146c/r_41",
            "rotation": 0.12566370614359174,
            "transform_matrix": [
                [
                    -0.838336706161499,
                    -0.2919487953186035,
                    -0.46038833260536194,
                    -1.8558847904205322
                ],
                [
                    -0.5451527833938599,
                    0.44895926117897034,
                    0.7079858183860779,
                    2.8539822101593018
                ],
