{
    "class": "02958343",
    "model": "c6441f127d51e478f0fb72d24c42a39",
    "remove_doubles": true,
    "edge_split": true,
    "denoise": true,
    "camera_angle_x": 0.6911112070083618,
    "scale_factor": 2.2423007524514866,
    "hdri_file": "/data/IndoorHDRDataset2018/9C4A8715-9952991a36.exr",
    "center_offset": [
        0.0,
        1.862645149230957e-09,
        3.725290298461914e-09
    ],
    "lights": [],
    "frames": [
        {
            "file_path": "/data/shapenet_blender/all_50_random/02958343/c6441f127d51e478f0fb72d24c42a39/r_0",
            "rotation": 0.12566370614359174,
            "transform_matrix": [
                [
                    0.40119481086730957,
                    -0.37614905834198,
                    0.8351972699165344,
                    3.366788148880005
                ],
                [
                    0.9159928560256958,
                    0.1647491604089737,
                    -0.3658072352409363,
                    -1.474616289138794
                ],
                [
                    0.0,
                    0.9117947220802307,
                    0.4106462597846985,
                    1.6553680896759033
                ],
                [
                    0.0,
                    0.0,
                    0.0,
                    1.0
                ]
            ]
        },
        {
            "file_path": "/data/shapenet_blender/all_50_random/02958343/c6441f127d51e478f0fb72d24c42a39/r_1",
            "rotation": 0.12566370614359174,
            "transform_matrix": [
                [
                    0.19796213507652283,
                    -0.7704806923866272,
                    0.605945885181427,
                    2.4426462650299072
                ],
                [
                    0.9802097082138062,
                    0.1556054800748825,
                    -0.1223762109875679,
                    -0.49331432580947876
                ],
                [
                    0.0,
                    0.6181798577308655,
                    0.7860365509986877,
                    3.1686148643493652
                ],
                [
                    0.0,
                    0.0,
                    0.0,
                    1.0
                ]
            ]
        },
        {
            "file_path": "/data/shapenet_blender/all_50_random/02958343/c6441f127d51e478f0fb72d24c42a39/r_2",
            "rotation": 0.12566370614359174,
            "transform_matrix": [
                [
                    -0.920367956161499,
                    -0.3236050009727478,
                    -0.21955111622810364,
                    -0.8850388526916504
                ],
                [
                    -0.39105361700057983,
                    0.7616236209869385,
                    0.5167266130447388,
                    2.082991600036621
                ],
                [
                    0.0,
                    0.5614347457885742,
                    -0.8275209069252014,
                    -3.335843563079834
                ],
                [
                    0.0,
                    0.0,
                    0.0,
                    1.0
                ]
            ]
        },
        {
            "file_path": "/data/shapenet_blender/all_50_random/02958343/c6441f127d51e478f0fb72d24c42a39/r_3",
            "rotation": 0.12566370614359174,
            "transform_matrix": [
                [
                    -0.4341704249382019,
                    0.4435247480869293,
                    0.7840802073478699,
                    3.1607284545898438
                ],
                [
                    0.9008307456970215,
                    0.21376416087150574,
                    0.3779005706310272,
                    1.5233659744262695
                ],
                [
                    0.0,
                    0.8703967928886414,
                    -0.49235084652900696,
                    -1.9847297668457031
                ],
                [
                    0.0,
                    0.0,
                    0.0,
                    1.0
                ]
            ]
        },
        {
            "file_path": "/data/shapenet_blender/all_50_random/02958343/c6441f127d51e478f0fb72d24c42a39/r_4",
            "rotation": 0.12566370614359174,
            "transform_matrix": [
                [
                    0.8297534584999084,
                    -0.04294785484671593,
                    0.5564752817153931,
                    2.2432239055633545
                ],
                [
                    0.5581302642822266,
                    0.06384912878274918,
                    -0.8272930979728699,
                    -3.334925413131714
                ],
                [
                    0.0,
                    0.9970349669456482,
                    0.07694952189922333,
                    0.3101934790611267
                ],
                [
                    0.0,
                    0.0,
                    0.0,
                    1.0
                ]
            ]
        },
        {
            "file_path": "/data/shapenet_blender/all_50_random/02958343/c6441f127d51e478f0fb72d24c42a39/r_5",
            "rotation": 0.12566370614359174,
            "transform_matrix": [
                [
                    0.4133271872997284,
                    0.5837857127189636,
                    0.698823869228363,
                    2.817049026489258
                ],
                [
                    0.9105826020240784,
                    -0.26498913764953613,
                    -0.3172067105770111,
                    -1.2787011861801147
                ],
                [
                    -1.4901161193847656e-08,
                    0.7674469351768494,
                    -0.6411123871803284,
                    -2.584406614303589
                ],
                [
                    0.0,
                    0.0,
                    0.0,
                    1.0
                ]
            ]
        },
        {
            "file_path": "/data/shapenet_blender/all_50_random/02958343/c6441f127d51e478f0fb72d24c42a39/r_6",
            "rotation": 0.12566370614359174,
            "transform_matrix": [
                [
                    0.16402626037597656,
                    0.43270713090896606,
                    -0.8864874839782715,
                    -3.573544979095459
                ],
                [
                    -0.986456036567688,
                    0.07194981724023819,
                    -0.14740365743637085,
                    -0.5942031145095825
                ],
                [
                    -7.450581485102248e-09,
                    0.898658812046051,
                    0.4386482238769531,
                    1.768247365951538
                ],
                [
                    0.0,
                    0.0,
                    0.0,
                    1.0
                ]
            ]
        },
        {
            "file_path": "/data/shapenet_blender/all_50_random/02958343/c6441f127d51e478f0fb72d24c42a39/r_7",
            "rotation": 0.12566370614359174,
            "transform_matrix": [
                [
                    -0.973265528678894,
                    -0.14151634275913239,
                    -0.1809075027704239,
                    -0.7292614579200745
                ],
                [
                    -0.2296832799911499,
                    0.5996647477149963,
                    0.7665818333625793,
                    3.0901901721954346
                ],
                [
                    0.0,
                    0.7876389026641846,
                    -0.6161370277404785,
                    -2.4837276935577393
                ],
                [
                    0.0,
                    0.0,
                    0.0,
                    1.0
                ]
            ]
        },
        {
            "file_path": "/data/shapenet_blender/all_50_random/02958343/c6441f127d51e478f0fb72d24c42a39/r_8",
            "rotation": 0.12566370614359174,
            "transform_matrix": [
                [
                    -0.5973201990127563,
                    0.6379005908966064,
                    0.48609820008277893,
                    1.9595246315002441
                ],
                [
                    0.8020029067993164,
                    0.4750991761684418,
                    0.36203891038894653,
                    1.459425687789917
                ],
                [
                    -1.4901161193847656e-08,
                    0.606105387210846,
                    -0.7953842878341675,
                    -3.206296920776367
                ],
                [
                    0.0,
                    0.0,
                    0.0,
                    1.0
                ]
            ]
        },
        {
            "file_path": "/data/shapenet_blender/all_50_random/02958343/c6441f127d51e478f0fb72d24c42a39/r_9",
            "rotation": 0.12566370614359174,
            "transform_matrix": [
                [
                    -0.9884377717971802,
                    0.042712945491075516,
                    0.14548636972904205,
                    0.5864742994308472
                ],
                [
                    0.15162676572799683,
                    0.2784408926963806,
                    0.9484091997146606,
                    3.823159694671631
                ],
                [
                    -3.725290076417309e-09,
                    0.959503173828125,
                    -0.2816978991031647,
                    -1.1355605125427246
                ],
                [
                    0.0,
                    0.0,
                    0.0,
                    1.0
                ]
            ]
        },
        {
            "file_path": "/data/shapenet_blender/all_50_random/02958343/c6441f127d51e478f0fb72d24c42a39/r_10",
            "rotation": 0.12566370614359174,
            "transform_matrix": [
                [
                    0.8000958561897278,
                    0.09957516193389893,
                    -0.5915498733520508,
                    -2.3846137523651123
                ],
                [
                    -0.5998719930648804,
                    0.13281112909317017,
                    -0.7889960408210754,
                    -3.18054461479187
                ],
                [
                    0.0,
                    0.9861267805099487,
                    0.16599400341510773,
                    0.6691431999206543
                ],
                [
                    0.0,
                    0.0,
                    0.0,
                    1.0
                ]
            ]
        },
        {
            "file_path": "/data/shapenet_blender/all_50_random/02958343/c6441f127d51e478f0fb72d24c42a39/r_11",
            "rotation": 0.12566370614359174,
            "transform_matrix": [
                [
                    -0.9999290108680725,
                    -0.007837184704840183,
                    0.008980244398117065,
                    0.036200523376464844
                ],
                [
                    0.011919155716896057,
                    -0.657481849193573,
                    0.7533760666847229,
                    3.0369560718536377
                ],
                [
                    0.0,
                    0.7534295916557312,
                    0.6575285792350769,
                    2.6505825519561768
                ],
                [
                    0.0,
                    0.0,
                    0.0,
                    1.0
                ]
            ]
        },
        {
            "file_path": "/data/shapenet_blender/all_50_random/02958343/c6441f127d51e478f0fb72d24c42a39/r_12",
            "rotation": 0.12566370614359174,
            "transform_matrix": [
                [
                    -0.12622925639152527,
                    0.620423436164856,
                    -0.7740419507026672,
                    -3.120262861251831
                ],
                [
                    -0.9920012950897217,
                    -0.07894705981016159,
                    0.09849456697702408,
                    0.39704430103302
                ],
                [
                    0.0,
                    0.7802832722663879,
                    0.6254262328147888,
                    2.5211737155914307
                ],
                [
                    0.0,
                    0.0,
                    0.0,
                    1.0
                ]
            ]
        },
        {
            "file_path": "/data/shapenet_blender/all_50_random/02958343/c6441f127d51e478f0fb72d24c42a39/r_13",
            "rotation": 0.12566370614359174,
            "transform_matrix": [
                [
                    0.916318416595459,
                    0.2750788927078247,
                    -0.29101917147636414,
                    -1.173135757446289
                ],
                [
                    -0.4004504680633545,
                    0.6294408440589905,
                    -0.6659156084060669,
                    -2.684391736984253
                ],
                [
                    1.4901161193847656e-08,
                    0.7267294526100159,
                    0.6869237422943115,
                    2.769078254699707
                ],
                [
                    0.0,
                    0.0,
                    0.0,
                    1.0
                ]
            ]
        },
        {
            "file_path": "/data/shapenet_blender/all_50_random/02958343/c6441f127d51e478f0fb72d24c42a39/r_14",
            "rotation": 0.12566370614359174,
            "transform_matrix": [
                [
                    0.026594867929816246,
                    -0.0926361158490181,
                    0.9953448176383972,
                    4.012362957000732
                ],
                [
                    0.9996463060379028,
                    0.0024645167868584394,
                    -0.026480428874492645,
                    -0.10674601793289185
                ],
                [
                    2.3283064365386963e-10,
                    0.9956968426704407,
                    0.09266889840364456,
                    0.37356024980545044
                ],
                [
                    0.0,
                    0.0,
                    0.0,
                    1.0
                ]
            ]
        },
        {
            "file_path": "/data/shapenet_blender/all_50_random/02958343/c6441f127d51e478f0fb72d24c42a39/r_15",
            "rotation": 0.12566370614359174,
            "transform_matrix": [
                [
                    0.4496828019618988,
                    -0.8122590184211731,
                    -0.3715112507343292,
                    -1.4976098537445068
                ],
                [
                    -0.8931882381439209,
                    -0.40893834829330444,
                    -0.18704034388065338,
                    -0.7539837956428528
                ],
                [
                    1.4901160305669237e-08,
                    0.41593825817108154,
                    -0.909392774105072,
                    -3.665879726409912
                ],
                [
                    0.0,
                    0.0,
                    0.0,
                    1.0
                ]
            ]
        },
        {
            "file_path": "/data/shapenet_blender/all_50_random/02958343/c6441f127d51e478f0fb72d24c42a39/r_16",
            "rotation": 0.12566370614359174,
            "transform_matrix": [
                [
                    -0.4700224697589874,
                    0.8112384676933289,
                    -0.3478085398674011,
                    -1.4020612239837646
                ],
                [
                    -0.8826544880867004,
                    -0.43199270963668823,
                    0.18521158397197723,
                    0.7466118335723877
                ],
                [
                    0.0,
                    0.3940483629703522,
                    0.9190896153450012,
                    3.7049689292907715
                ],
                [
                    0.0,
                    0.0,
                    0.0,
                    1.0
                ]
            ]
        },
        {
            "file_path": "/data/shapenet_blender/all_50_random/02958343/c6441f127d51e478f0fb72d24c42a39/r_17",
            "rotation": 0.12566370614359174,
            "transform_matrix": [
                [
                    -0.8304548859596252,
                    -0.2123904973268509,
                    0.5150097608566284,
                    2.07607102394104
                ],
                [
                    0.5570860505104065,
                    -0.31661301851272583,
                    0.7677311897277832,
                    3.0948235988616943
                ],
                [
                    0.0,
                    0.924470841884613,
                    0.38125255703926086,
                    1.5368783473968506
                ],
                [
                    0.0,
                    0.0,
                    0.0,
                    1.0
                ]
            ]
        },
        {
            "file_path": "/data/shapenet_blender/all_50_random/02958343/c6441f127d51e478f0fb72d24c42a39/r_18",
            "rotation": 0.12566370614359174,
            "transform_matrix": [
                [
                    -0.11395717412233353,
                    0.6313626766204834,
                    0.7670689225196838,
                    3.092154026031494
                ],
                [
                    0.9934857487678528,
                    0.07242006808519363,
                    0.08798617124557495,
                    0.35468363761901855
                ],
                [
                    0.0,
                    0.7720986604690552,
                    -0.6355025172233582,
                    -2.5617928504943848
                ],
                [
                    0.0,
                    0.0,
                    0.0,
                    1.0
                ]
            ]
        },
        {
            "file_path": "/data/shapenet_blender/all_50_random/02958343/c6441f127d51e478f0fb72d24c42a39/r_19",
            "rotation": 0.12566370614359174,
            "transform_matrix": [
                [
                    0.7130924463272095,
                    -0.09110508859157562,
                    -0.695125162601471,
                    -2.8021392822265625
                ],
                [
                    -0.7010700702667236,
                    -0.09266741573810577,
                    -0.7070456147193909,
                    -2.8501923084259033
                ],
                [
                    0.0,
                    0.9915202260017395,
                    -0.12995149195194244,
                    -0.5238512754440308
                ],
                [
                    0.0,
                    0.0,
                    0.0,
                    1.0
                ]
            ]
        },
        {
            "file_path": "/data/shapenet_blender/all_50_random/02958343/c6441f127d51e478f0fb72d24c42a39/r_20",
            "rotation": 0.12566370614359174,
            "transform_matrix": [
                [
                    -0.9386288523674011,
                    -0.24525132775306702,
                    0.2425439953804016,
                    0.9777261018753052
                ],
                [
                    0.34492868185043335,
                    -0.6673842072486877,
                    0.6600169539451599,
                    2.660613536834717
                ],
                [
                    0.0,
                    0.7031713724136353,
                    0.7110203504562378,
                    2.8662147521972656
                ],
                [
                    0.0,
                    0.0,
                    0.0,
                    1.0
                ]
            ]
        },
        {
            "file_path": "/data/shapenet_blender/all_50_random/02958343/c6441f127d51e478f0fb72d24c42a39/r_21",
            "rotation": 0.12566370614359174,
            "transform_matrix": [
                [
                    0.5240463614463806,
                    -0.13940918445587158,
                    0.8402025699615479,
                    3.386965036392212
                ],
                [
                    0.8516897559165955,
                    0.08577874302864075,
                    -0.5169782638549805,
                    -2.0840063095092773
                ],
                [
                    7.450581485102248e-09,
                    0.9865124821662903,
                    0.1636854112148285,
                    0.6598370671272278
                ],
                [
                    0.0,
                    0.0,
                    0.0,
                    1.0
                ]
            ]
        },
        {
            "file_path": "/data/shapenet_blender/all_50_random/02958343/c6441f127d51e478f0fb72d24c42a39/r_22",
            "rotation": 0.12566370614359174,
            "transform_matrix": [
                [
                    -0.17234623432159424,
                    0.019923146814107895,
                    0.9848349690437317,
                    3.969996690750122
                ],
                [
                    0.9850364923477173,
                    0.0034858398139476776,
                    0.1723109781742096,
                    0.6946077942848206
                ],
                [
                    0.0,
                    0.9997953772544861,
                    -0.020225800573825836,
                    -0.08153281360864639
                ],
                [
                    0.0,
                    0.0,
                    0.0,
                    1.0
                ]
            ]
        },
        {
            "file_path": "/data/shapenet_blender/all_50_random/02958343/c6441f127d51e478f0fb72d24c42a39/r_23",
            "rotation": 0.12566370614359174,
            "transform_matrix": [
                [
                    -0.21931590139865875,
                    -0.14355739951133728,
                    0.9650346040725708,
                    3.890178918838501
                ],
                [
                    0.9756539463996887,
                    -0.032270073890686035,
                    0.21692879498004913,
                    0.8744679689407349
                ],
                [
                    3.725290298461914e-09,
                    0.9891157150268555,
                    0.14713968336582184,
                    0.5931390523910522
                ],
                [
                    0.0,
                    0.0,
                    0.0,
                    1.0
                ]
            ]
        },
        {
            "file_path": "/data/shapenet_blender/all_50_random/02958343/c6441f127d51e478f0fb72d24c42a39/r_24",
            "rotation": 0.12566370614359174,
            "transform_matrix": [
                [
                    -0.8295861482620239,
                    -0.22838269174098969,
                    0.5095371007919312,
                    2.0540099143981934
                ],
                [
                    0.5583786368370056,
                    -0.33930936455726624,
                    0.757021963596344,
                    3.0516533851623535
                ],
                [
                    1.4901160305669237e-08,
                    0.912529706954956,
                    0.4090103209018707,
                    1.648773431777954
                ],
                [
                    0.0,
                    0.0,
                    0.0,
                    1.0
                ]
            ]
        },
        {
            "file_path": "/data/shapenet_blender/all_50_random/02958343/c6441f127d51e478f0fb72d24c42a39/r_25",
            "rotation": 0.12566370614359174,
            "transform_matrix": [
                [
                    -0.7328025698661804,
                    -0.12104091048240662,
                    0.6695890426635742,
                    2.699199676513672
                ],
                [
                    0.6804413795471191,
                    -0.13035523891448975,
                    0.7211151719093323,
                    2.9069082736968994
                ],
                [
                    0.0,
                    0.9840511083602905,
                    0.17788589000701904,
                    0.7170809507369995
                ],
                [
                    0.0,
                    0.0,
                    0.0,
                    1.0
                ]
            ]
        },
        {
            "file_path": "/data/shapenet_blender/all_50_random/02958343/c6441f127d51e478f0fb72d24c42a39/r_26",
            "rotation": 0.12566370614359174,
            "transform_matrix": [
                [
                    0.9309980869293213,
                    0.18055270612239838,
                    0.3172432482242584,
                    1.27884840965271
                ],
                [
                    0.36502403020858765,
                    -0.4605017602443695,
                    -0.8091325759887695,
                    -3.2617177963256836
                ],
                [
                    0.0,
                    0.8691022992134094,
                    -0.4946323037147522,
                    -1.9939266443252563
                ],
                [
                    0.0,
                    0.0,
                    0.0,
                    1.0
                ]
            ]
        },
        {
            "file_path": "/data/shapenet_blender/all_50_random/02958343/c6441f127d51e478f0fb72d24c42a39/r_27",
            "rotation": 0.12566370614359174,
            "transform_matrix": [
                [
                    0.8698278069496155,
                    0.15298154950141907,
                    -0.4690377414226532,
                    -1.890751600265503
                ],
                [
                    -0.4933556616306305,
                    0.2697194218635559,
                    -0.8269532322883606,
                    -3.333555221557617
                ],
                [
                    0.0,
                    0.9507092237472534,
                    0.3100837469100952,
                    1.2499876022338867
                ],
                [
                    0.0,
                    0.0,
                    0.0,
                    1.0
                ]
            ]
        },
        {
            "file_path": "/data/shapenet_blender/all_50_random/02958343/c6441f127d51e478f0fb72d24c42a39/r_28",
            "rotation": 0.12566370614359174,
            "transform_matrix": [
                [
                    0.8250588774681091,
                    0.15230731666088104,
                    -0.544132649898529,
                    -2.1934688091278076
                ],
                [
                    -0.5650467276573181,
                    0.22239306569099426,
                    -0.7945208549499512,
                    -3.2028160095214844
                ],
                [
                    -7.450580596923828e-09,
                    0.9629868865013123,
                    0.26954811811447144,
                    1.0865832567214966
                ],
                [
                    0.0,
                    0.0,
                    0.0,
                    1.0
                ]
            ]
        },
        {
            "file_path": "/data/shapenet_blender/all_50_random/02958343/c6441f127d51e478f0fb72d24c42a39/r_29",
            "rotation": 0.12566370614359174,
            "transform_matrix": [
                [
                    -0.2186700850725174,
                    0.04974089562892914,
                    0.9745302200317383,
                    3.928457021713257
                ],
                [
                    0.9757988452911377,
                    0.011146606877446175,
                    0.21838580071926117,
                    0.8803412914276123
                ],
                [
                    0.0,
                    0.998699963092804,
                    -0.050974536687135696,
                    -0.20548492670059204
                ],
                [
                    0.0,
                    0.0,
                    0.0,
                    1.0
                ]
            ]
        },
        {
            "file_path": "/data/shapenet_blender/all_50_random/02958343/c6441f127d51e478f0fb72d24c42a39/r_30",
            "rotation": 0.12566370614359174,
            "transform_matrix": [
                [
                    0.4831147789955139,
                    0.37219926714897156,
                    -0.7925072312355042,
                    -3.1946990489959717
                ],
                [
                    -0.8755570650100708,
                    0.20537208020687103,
                    -0.4372895658016205,
                    -1.7627707719802856
                ],
                [
                    0.0,
                    0.9051464796066284,
                    0.4250998795032501,
                    1.713632583618164
                ],
                [
                    0.0,
                    0.0,
                    0.0,
                    1.0
                ]
            ]
        },
        {
            "file_path": "/data/shapenet_blender/all_50_random/02958343/c6441f127d51e478f0fb72d24c42a39/r_31",
            "rotation": 0.12566370614359174,
            "transform_matrix": [
                [
                    -0.5517297387123108,
                    0.14497321844100952,
                    0.8213264346122742,
                    3.3108725547790527
                ],
                [
                    0.8340229392051697,
                    0.09590388089418411,
                    0.5433306097984314,
                    2.1902356147766113
                ],
                [
                    0.0,
                    0.9847767353057861,
                    -0.1738240271806717,
                    -0.7007070183753967
                ],
                [
                    0.0,
                    0.0,
                    0.0,
                    1.0
                ]
            ]
        },
        {
            "file_path": "/data/shapenet_blender/all_50_random/02958343/c6441f127d51e478f0fb72d24c42a39/r_32",
            "rotation": 0.12566370614359174,
            "transform_matrix": [
                [
                    -0.44597354531288147,
                    0.10738594830036163,
                    -0.8885807991027832,
                    -3.581983804702759
                ],
                [
                    -0.8950461745262146,
                    -0.053507059812545776,
                    0.44275203347206116,
                    1.7847905158996582
                ],
                [
                    0.0,
                    0.9927765727043152,
                    0.11997810006141663,
                    0.4836471974849701
                ],
                [
                    0.0,
                    0.0,
                    0.0,
                    1.0
                ]
            ]
        },
        {
            "file_path": "/data/shapenet_blender/all_50_random/02958343/c6441f127d51e478f0fb72d24c42a39/r_33",
            "rotation": 0.12566370614359174,
            "transform_matrix": [
                [
                    -0.718226432800293,
                    0.2368038445711136,
                    0.6542741060256958,
                    2.6374635696411133
                ],
                [
                    0.6958094835281372,
                    0.24443300068378448,
                    0.6753529906272888,
                    2.722435235977173
                ],
                [
                    0.0,
                    0.940306544303894,
                    -0.340328574180603,
                    -1.37190842628479
                ],
                [
                    0.0,
                    0.0,
                    0.0,
                    1.0
                ]
            ]
        },
        {
            "file_path": "/data/shapenet_blender/all_50_random/02958343/c6441f127d51e478f0fb72d24c42a39/r_34",
            "rotation": 0.12566370614359174,
            "transform_matrix": [
                [
                    0.7570235133171082,
                    -0.3295063078403473,
                    -0.564217209815979,
                    -2.27443265914917
                ],
                [
                    -0.6533877849578857,
                    -0.3817702531814575,
                    -0.6537092924118042,
                    -2.6351866722106934
                ],
                [
                    -1.4901162970204496e-08,
                    0.863525927066803,
                    -0.5043043494224548,
                    -2.0329160690307617
                ],
                [
                    0.0,
                    0.0,
                    0.0,
                    1.0
                ]
            ]
        },
        {
            "file_path": "/data/shapenet_blender/all_50_random/02958343/c6441f127d51e478f0fb72d24c42a39/r_35",
            "rotation": 0.12566370614359174,
            "transform_matrix": [
                [
                    0.777599573135376,
                    0.07661671936511993,
                    -0.6240743398666382,
                    -2.5157241821289062
                ],
                [
                    -0.6287598609924316,
                    0.09475339204072952,
                    -0.771804928779602,
                    -3.1112451553344727
                ],
                [
                    0.0,
                    0.9925481081008911,
                    0.12185370922088623,
                    0.491208016872406
                ],
                [
                    0.0,
                    0.0,
                    0.0,
                    1.0
                ]
            ]
        },
        {
            "file_path": "/data/shapenet_blender/all_50_random/02958343/c6441f127d51e478f0fb72d24c42a39/r_36",
            "rotation": 0.12566370614359174,
            "transform_matrix": [
                [
                    -0.9244622588157654,
                    -0.19860979914665222,
                    -0.32545900344848633,
                    -1.3119672536849976
                ],
                [
                    -0.3812733590602875,
                    0.4815632998943329,
                    0.7891307473182678,
                    3.1810877323150635
                ],
                [
                    1.4901160305669237e-08,
                    0.8536105155944824,
                    -0.5209117531776428,
                    -2.0998623371124268
                ],
                [
                    0.0,
                    0.0,
                    0.0,
                    1.0
                ]
            ]
        },
        {
            "file_path": "/data/shapenet_blender/all_50_random/02958343/c6441f127d51e478f0fb72d24c42a39/r_37",
            "rotation": 0.12566370614359174,
            "transform_matrix": [
                [
                    0.6904360055923462,
                    -0.09015371650457382,
                    -0.7177537679672241,
                    -2.893357992172241
                ],
                [
                    -0.7233934998512268,
                    -0.08604635298252106,
                    -0.6850532293319702,
                    -2.761537790298462
                ],
                [
                    3.7252898543727042e-09,
                    0.9922037124633789,
                    -0.12462611496448517,
                    -0.5023839473724365
                ],
                [
                    0.0,
                    0.0,
                    0.0,
                    1.0
                ]
            ]
        },
        {
            "file_path": "/data/shapenet_blender/all_50_random/02958343/c6441f127d51e478f0fb72d24c42a39/r_38",
            "rotation": 0.12566370614359174,
            "transform_matrix": [
                [
                    -0.9969208240509033,
                    -0.022740695625543594,
                    0.07504469901323318,
                    0.30251482129096985
                ],
                [
                    0.07841458171606064,
                    -0.28911298513412476,
                    0.9540780186653137,
                    3.846011161804199
                ],
                [
                    0.0,
                    0.9570247530937195,
                    0.29000598192214966,
                    1.1690514087677002
                ],
                [
                    0.0,
                    0.0,
                    0.0,
                    1.0
                ]
            ]
        },
        {
            "file_path": "/data/shapenet_blender/all_50_random/02958343/c6441f127d51e478f0fb72d24c42a39/r_39",
            "rotation": 0.12566370614359174,
            "transform_matrix": [
                [
                    -0.913889467716217,
                    0.0507199764251709,
                    -0.4027823805809021,
                    -1.6236677169799805
                ],
                [
                    -0.4059632420539856,
                    -0.11417892575263977,
                    0.9067287445068359,
                    3.6551403999328613
                ],
                [
                    0.0,
                    0.9921646118164062,
                    0.12493736296892166,
                    0.5036386251449585
                ],
                [
                    0.0,
                    0.0,
                    0.0,
                    1.0
                ]
            ]
        },
        {
            "file_path": "/data/shapenet_blender/all_50_random/02958343/c6441f127d51e478f0fb72d24c42a39/r_40",
            "rotation": 0.12566370614359174,
            "transform_matrix": [
                [
                    0.7265186309814453,
                    0.48844802379608154,
                    -0.48331066966056824,
                    -1.9482876062393188
                ],
                [
                    -0.6871468424797058,
                    0.5164348483085632,
                    -0.5110031962394714,
                    -2.059919834136963
                ],
                [
                    -1.4901162970204496e-08,
                    0.7033586502075195,
                    0.7108350396156311,
                    2.8654677867889404
                ],
                [
                    0.0,
                    0.0,
                    0.0,
                    1.0
                ]
            ]
        },
        {
            "file_path": "/data/shapenet_blender/all_50_random/02958343/c6441f127d51e478f0fb72d24c42a39/r_41",
            "rotation": 0.12566370614359174,
            "transform_matrix": [
                [
                    -0.6375541090965271,
                    -0.702309787273407,
                    -0.31667912006378174,
                    -1.2765743732452393
                ],
                [
                    -0.770405650138855,
                    0.5812009572982788,
                    0.26206982135772705,
                    1.0564372539520264
                ],
                [
                    1.4901162970204496e-08,
                    0.41105493903160095,
                    -0.91161048412323,
                    -3.6748194694519043
