{
    "class": "02958343",
    "model": "ddc5e41245918030f014feb3e3bb3ace",
    "remove_doubles": true,
    "edge_split": true,
    "denoise": true,
    "camera_angle_x": 0.6911112070083618,
    "scale_factor": 2.236761123067074,
    "hdri_file": "/data/IndoorHDRDataset2018/9C4A0933-f725db0f7d.exr",
    "center_offset": [
        0.0,
        -2.3283064365386963e-09,
        -3.725290298461914e-09
    ],
    "lights": [],
    "frames": [
        {
            "file_path": "/data/shapenet_blender/all_50_random/02958343/ddc5e41245918030f014feb3e3bb3ace/r_0",
            "rotation": 0.12566370614359174,
            "transform_matrix": [
                [
                    -0.06185203418135643,
                    -0.6336995363235474,
                    0.7711026668548584,
                    3.1084141731262207
                ],
                [
                    0.9980853199958801,
                    -0.0392707996070385,
                    0.04778576269745827,
                    0.1926305741071701
                ],
                [
                    1.8626449271863521e-09,
                    0.7725818157196045,
                    0.6349151730537415,
                    2.559424877166748
                ],
                [
                    0.0,
                    0.0,
                    0.0,
                    1.0
                ]
            ]
        },
        {
            "file_path": "/data/shapenet_blender/all_50_random/02958343/ddc5e41245918030f014feb3e3bb3ace/r_1",
            "rotation": 0.12566370614359174,
            "transform_matrix": [
                [
                    -0.9886597394943237,
                    -0.02660350874066353,
                    0.1477978527545929,
                    0.5957921743392944
                ],
                [
                    0.15017308294773102,
                    -0.17514334619045258,
                    0.9730225205421448,
                    3.9223792552948
                ],
                [
                    -1.862645149230957e-09,
                    0.9841833710670471,
                    0.17715232074260712,
                    0.7141238451004028
                ],
                [
                    0.0,
                    0.0,
                    0.0,
                    1.0
                ]
            ]
        },
        {
            "file_path": "/data/shapenet_blender/all_50_random/02958343/ddc5e41245918030f014feb3e3bb3ace/r_2",
            "rotation": 0.12566370614359174,
            "transform_matrix": [
                [
                    0.9660838842391968,
                    -0.24962864816188812,
                    -0.0660863146185875,
                    -0.2664024829864502
                ],
                [
                    -0.2582283020019531,
                    -0.9339108467102051,
                    -0.24724218249320984,
                    -0.9966651797294617
                ],
                [
                    3.7252898543727042e-09,
                    0.25592198967933655,
                    -0.9666973352432251,
                    -3.8968818187713623
                ],
                [
                    0.0,
                    0.0,
                    0.0,
                    1.0
                ]
            ]
        },
        {
            "file_path": "/data/shapenet_blender/all_50_random/02958343/ddc5e41245918030f014feb3e3bb3ace/r_3",
            "rotation": 0.12566370614359174,
            "transform_matrix": [
                [
                    0.48159685730934143,
                    -0.28881677985191345,
                    0.8274354338645935,
                    3.335498809814453
                ],
                [
                    0.8763929009437561,
                    0.15871107578277588,
                    -0.45469364523887634,
                    -1.8329286575317383
                ],
                [
                    0.0,
                    0.944137454032898,
                    0.3295517563819885,
                    1.3284655809402466
                ],
                [
                    0.0,
                    0.0,
                    0.0,
                    1.0
                ]
            ]
        },
        {
            "file_path": "/data/shapenet_blender/all_50_random/02958343/ddc5e41245918030f014feb3e3bb3ace/r_4",
            "rotation": 0.12566370614359174,
            "transform_matrix": [
                [
                    0.5432033538818359,
                    0.40432313084602356,
                    0.7358347177505493,
                    2.96624493598938
                ],
                [
                    0.8396011590957642,
                    -0.26158812642097473,
                    -0.47606879472732544,
                    -1.9190948009490967
                ],
                [
                    1.4901161193847656e-08,
                    0.8764098882675171,
                    -0.4815657436847687,
                    -1.9412537813186646
                ],
                [
                    0.0,
                    0.0,
                    0.0,
                    1.0
                ]
            ]
        },
        {
            "file_path": "/data/shapenet_blender/all_50_random/02958343/ddc5e41245918030f014feb3e3bb3ace/r_5",
            "rotation": 0.12566370614359174,
            "transform_matrix": [
                [
                    0.24765974283218384,
                    -0.8104740381240845,
                    0.530845046043396,
                    2.1399049758911133
                ],
                [
                    0.9688471555709839,
                    0.20717592537403107,
                    -0.13569627702236176,
                    -0.5470092296600342
                ],
                [
                    0.0,
                    0.5479140877723694,
                    0.8365344405174255,
                    3.372178554534912
                ],
                [
                    0.0,
                    0.0,
                    0.0,
                    1.0
                ]
            ]
        },
        {
            "file_path": "/data/shapenet_blender/all_50_random/02958343/ddc5e41245918030f014feb3e3bb3ace/r_6",
            "rotation": 0.12566370614359174,
            "transform_matrix": [
                [
                    -0.7685895562171936,
                    0.42916467785835266,
                    -0.4744342267513275,
                    -1.9125056266784668
                ],
                [
                    -0.6397423148155212,
                    -0.5156005024909973,
                    0.5699875354766846,
                    2.2976934909820557
                ],
                [
                    1.4901162970204496e-08,
                    0.7416021823883057,
                    0.6708398461341858,
                    2.70424222946167
                ],
                [
                    0.0,
                    0.0,
                    0.0,
                    1.0
                ]
            ]
        },
        {
            "file_path": "/data/shapenet_blender/all_50_random/02958343/ddc5e41245918030f014feb3e3bb3ace/r_7",
            "rotation": 0.12566370614359174,
            "transform_matrix": [
                [
                    -0.924318253993988,
                    -0.03697120025753975,
                    -0.3798273503780365,
                    -1.5311330556869507
                ],
                [
                    -0.38162240386009216,
                    0.08954702317714691,
                    0.9199704527854919,
                    3.708519458770752
                ],
                [
                    -3.725290076417309e-09,
                    0.9952961802482605,
                    -0.09687899798154831,
                    -0.3905317187309265
                ],
                [
                    0.0,
                    0.0,
                    0.0,
                    1.0
                ]
            ]
        },
        {
            "file_path": "/data/shapenet_blender/all_50_random/02958343/ddc5e41245918030f014feb3e3bb3ace/r_8",
            "rotation": 0.12566370614359174,
            "transform_matrix": [
                [
                    -0.6929224729537964,
                    -0.5351687669754028,
                    0.4831693172454834,
                    1.9477179050445557
                ],
                [
                    0.7210119962692261,
                    -0.5143194198608398,
                    0.4643458127975464,
                    1.8718379735946655
                ],
                [
                    -1.4901161193847656e-08,
                    0.6701266169548035,
                    0.742246687412262,
                    2.9920923709869385
                ],
                [
                    0.0,
                    0.0,
                    0.0,
                    1.0
                ]
            ]
        },
        {
            "file_path": "/data/shapenet_blender/all_50_random/02958343/ddc5e41245918030f014feb3e3bb3ace/r_9",
            "rotation": 0.12566370614359174,
            "transform_matrix": [
                [
                    0.28457698225975037,
                    0.6533673405647278,
                    0.701517641544342,
                    2.8279080390930176
                ],
                [
                    0.9586531519889832,
                    -0.19395263493061066,
                    -0.20824608206748962,
                    -0.8394668102264404
                ],
                [
                    0.0,
                    0.7317742705345154,
                    -0.6815471649169922,
                    -2.7474045753479004
                ],
                [
                    0.0,
                    0.0,
                    0.0,
                    1.0
                ]
            ]
        },
        {
            "file_path": "/data/shapenet_blender/all_50_random/02958343/ddc5e41245918030f014feb3e3bb3ace/r_10",
            "rotation": 0.12566370614359174,
            "transform_matrix": [
                [
                    0.890423059463501,
                    0.28914159536361694,
                    0.3514881730079651,
                    1.4168943166732788
                ],
                [
                    0.455133855342865,
                    -0.5656760931015015,
                    -0.6876507997512817,
                    -2.7720093727111816
                ],
                [
                    0.0,
                    0.7722743153572083,
                    -0.6352890729904175,
                    -2.5609323978424072
                ],
                [
                    0.0,
                    0.0,
                    0.0,
                    1.0
                ]
            ]
        },
        {
            "file_path": "/data/shapenet_blender/all_50_random/02958343/ddc5e41245918030f014feb3e3bb3ace/r_11",
            "rotation": 0.12566370614359174,
            "transform_matrix": [
                [
                    0.8689118027687073,
                    -0.34530308842658997,
                    0.354623943567276,
                    1.4295347929000854
                ],
                [
                    0.4949670433998108,
                    0.606177568435669,
                    -0.622540295124054,
                    -2.50954008102417
                ],
                [
                    0.0,
                    0.7164596319198608,
                    0.6976284980773926,
                    2.812230348587036
                ],
                [
                    0.0,
                    0.0,
                    0.0,
                    1.0
                ]
            ]
        },
        {
            "file_path": "/data/shapenet_blender/all_50_random/02958343/ddc5e41245918030f014feb3e3bb3ace/r_12",
            "rotation": 0.12566370614359174,
            "transform_matrix": [
                [
                    -0.9529954791069031,
                    -0.01196072157472372,
                    0.3027486205101013,
                    1.2204188108444214
                ],
                [
                    0.3029848635196686,
                    -0.03762073442339897,
                    0.9522524476051331,
                    3.8386526107788086
                ],
                [
                    -9.31322685637781e-10,
                    0.9992205500602722,
                    0.03947629779577255,
                    0.15913406014442444
                ],
                [
                    0.0,
                    0.0,
                    0.0,
                    1.0
                ]
            ]
        },
        {
            "file_path": "/data/shapenet_blender/all_50_random/02958343/ddc5e41245918030f014feb3e3bb3ace/r_13",
            "rotation": 0.12566370614359174,
            "transform_matrix": [
                [
                    -0.9865037798881531,
                    -0.01960315741598606,
                    -0.16256068646907806,
                    -0.6553031206130981
                ],
                [
                    -0.1637383997440338,
                    0.11810661852359772,
                    0.9794082045555115,
                    3.9481210708618164
                ],
                [
                    0.0,
                    0.9928073287010193,
                    -0.11972241848707199,
                    -0.4826165437698364
                ],
                [
                    0.0,
                    0.0,
                    0.0,
                    1.0
                ]
            ]
        },
        {
            "file_path": "/data/shapenet_blender/all_50_random/02958343/ddc5e41245918030f014feb3e3bb3ace/r_14",
            "rotation": 0.12566370614359174,
            "transform_matrix": [
                [
                    -0.9487883448600769,
                    -0.0375058650970459,
                    0.31367814540863037,
                    1.2644771337509155
                ],
                [
                    0.31591248512268066,
                    -0.11264236271381378,
                    0.9420779347419739,
                    3.797637939453125
                ],
                [
                    0.0,
                    0.9929274916648865,
                    0.11872231960296631,
                    0.47858500480651855
                ],
                [
                    0.0,
                    0.0,
                    0.0,
                    1.0
                ]
            ]
        },
        {
            "file_path": "/data/shapenet_blender/all_50_random/02958343/ddc5e41245918030f014feb3e3bb3ace/r_15",
            "rotation": 0.12566370614359174,
            "transform_matrix": [
                [
                    0.6826723217964172,
                    0.5034359097480774,
                    -0.5296326279640198,
                    -2.1350173950195312
                ],
                [
                    -0.730724573135376,
                    0.4703300893306732,
                    -0.49480411410331726,
                    -1.9946191310882568
                ],
                [
                    0.0,
                    0.7248047590255737,
                    0.6889543533325195,
                    2.777263879776001
                ],
                [
                    0.0,
                    0.0,
                    0.0,
                    1.0
                ]
            ]
        },
        {
            "file_path": "/data/shapenet_blender/all_50_random/02958343/ddc5e41245918030f014feb3e3bb3ace/r_16",
            "rotation": 0.12566370614359174,
            "transform_matrix": [
                [
                    -0.8967980742454529,
                    -0.06727844476699829,
                    0.4372950792312622,
                    1.762792944908142
                ],
                [
                    0.44244033098220825,
                    -0.13636907935142517,
                    0.886368989944458,
                    3.5730679035186768
                ],
                [
                    0.0,
                    0.9883708953857422,
                    0.15206219255924225,
                    0.6129823923110962
                ],
                [
                    0.0,
                    0.0,
                    0.0,
                    1.0
                ]
            ]
        },
        {
            "file_path": "/data/shapenet_blender/all_50_random/02958343/ddc5e41245918030f014feb3e3bb3ace/r_17",
            "rotation": 0.12566370614359174,
            "transform_matrix": [
                [
                    0.9260572791099548,
                    0.29772111773490906,
                    0.23190520703792572,
                    0.9348398447036743
                ],
                [
                    0.3773829936981201,
                    -0.730575680732727,
                    -0.5690704584121704,
                    -2.293996572494507
                ],
                [
                    0.0,
                    0.6145088076591492,
                    -0.7889097929000854,
                    -3.180197238922119
                ],
                [
                    0.0,
                    0.0,
                    0.0,
                    1.0
                ]
            ]
        },
        {
            "file_path": "/data/shapenet_blender/all_50_random/02958343/ddc5e41245918030f014feb3e3bb3ace/r_18",
            "rotation": 0.12566370614359174,
            "transform_matrix": [
                [
                    0.9352193474769592,
                    0.3478584289550781,
                    0.06602487713098526,
                    0.26615479588508606
                ],
                [
                    0.35406890511512756,
                    -0.9188153147697449,
                    -0.17439471185207367,
                    -0.7030075788497925
                ],
                [
                    -3.725290298461914e-09,
                    0.1864747256040573,
                    -0.9824597239494324,
                    -3.9604218006134033
                ],
                [
                    0.0,
                    0.0,
                    0.0,
                    1.0
                ]
            ]
        },
        {
            "file_path": "/data/shapenet_blender/all_50_random/02958343/ddc5e41245918030f014feb3e3bb3ace/r_19",
            "rotation": 0.12566370614359174,
            "transform_matrix": [
                [
                    -0.5618686079978943,
                    -0.4576016366481781,
                    -0.6891331076622009,
                    -2.777984380722046
                ],
                [
                    -0.8272265195846558,
                    0.3108120560646057,
                    0.4680728018283844,
                    1.886861801147461
                ],
                [
                    0.0,
                    0.8330646753311157,
                    -0.553175687789917,
                    -2.2299225330352783
                ],
                [
                    0.0,
                    0.0,
                    0.0,
                    1.0
                ]
            ]
        },
        {
            "file_path": "/data/shapenet_blender/all_50_random/02958343/ddc5e41245918030f014feb3e3bb3ace/r_20",
            "rotation": 0.12566370614359174,
            "transform_matrix": [
                [
                    -0.7644838094711304,
                    0.6301895380020142,
                    0.1357412487268448,
                    0.5471904873847961
                ],
                [
                    0.6446430683135986,
                    0.7473433613777161,
                    0.1609758883714676,
                    0.6489145755767822
                ],
                [
                    -7.450581485102248e-09,
                    0.21056817471981049,
                    -0.9775791764259338,
                    -3.9407477378845215
                ],
                [
                    0.0,
                    0.0,
                    0.0,
                    1.0
                ]
            ]
        },
        {
            "file_path": "/data/shapenet_blender/all_50_random/02958343/ddc5e41245918030f014feb3e3bb3ace/r_21",
            "rotation": 0.12566370614359174,
            "transform_matrix": [
                [
                    -0.2520175874233246,
                    -0.03742381930351257,
                    0.966998815536499,
                    3.8980965614318848
                ],
                [
                    0.9677227139472961,
                    -0.009746035560965538,
                    0.2518290579319,
                    1.01515531539917
                ],
                [
                    0.0,
                    0.9992519617080688,
                    0.03867205232381821,
                    0.155892014503479
                ],
                [
                    0.0,
                    0.0,
                    0.0,
                    1.0
                ]
            ]
        },
        {
            "file_path": "/data/shapenet_blender/all_50_random/02958343/ddc5e41245918030f014feb3e3bb3ace/r_22",
            "rotation": 0.12566370614359174,
            "transform_matrix": [
                [
                    -0.03823639079928398,
                    -0.3897986114025116,
                    0.9201059341430664,
                    3.7090659141540527
                ],
                [
                    0.999268651008606,
                    -0.014915400184690952,
                    0.03520727902650833,
                    0.14192509651184082
                ],
                [
                    -9.313225191043273e-10,
                    0.9207793474197388,
                    0.39008381962776184,
                    1.5724782943725586
                ],
                [
                    0.0,
                    0.0,
                    0.0,
                    1.0
                ]
            ]
        },
        {
            "file_path": "/data/shapenet_blender/all_50_random/02958343/ddc5e41245918030f014feb3e3bb3ace/r_23",
            "rotation": 0.12566370614359174,
            "transform_matrix": [
                [
                    -0.6987031102180481,
                    -0.6026955246925354,
                    -0.3854503333568573,
                    -1.5537999868392944
                ],
                [
                    -0.7154116630554199,
                    0.5886194705963135,
                    0.3764480650424957,
                    1.5175106525421143
                ],
                [
                    0.0,
                    0.5387811064720154,
                    -0.8424457907676697,
                    -3.396007537841797
                ],
                [
                    0.0,
                    0.0,
                    0.0,
                    1.0
                ]
            ]
        },
        {
            "file_path": "/data/shapenet_blender/all_50_random/02958343/ddc5e41245918030f014feb3e3bb3ace/r_24",
            "rotation": 0.12566370614359174,
            "transform_matrix": [
                [
                    0.827861487865448,
                    -0.16755105555057526,
                    0.5353242754936218,
                    2.157961368560791
                ],
                [
                    0.5609326958656311,
                    0.24728287756443024,
                    -0.7900668382644653,
                    -3.184861421585083
                ],
                [
                    0.0,
                    0.954346776008606,
                    0.29870080947875977,
                    1.2041015625
                ],
                [
                    0.0,
                    0.0,
                    0.0,
                    1.0
                ]
            ]
        },
        {
            "file_path": "/data/shapenet_blender/all_50_random/02958343/ddc5e41245918030f014feb3e3bb3ace/r_25",
            "rotation": 0.12566370614359174,
            "transform_matrix": [
                [
                    0.6693172454833984,
                    -0.01610346883535385,
                    0.7428021430969238,
                    2.9943313598632812
                ],
                [
                    0.742976725101471,
                    0.014506952837109566,
                    -0.6691599488258362,
                    -2.697470188140869
                ],
                [
                    9.31322685637781e-10,
                    0.9997649788856506,
                    0.021674256771802902,
                    0.08737172931432724
                ],
                [
                    0.0,
                    0.0,
                    0.0,
                    1.0
                ]
            ]
        },
        {
            "file_path": "/data/shapenet_blender/all_50_random/02958343/ddc5e41245918030f014feb3e3bb3ace/r_26",
            "rotation": 0.12566370614359174,
            "transform_matrix": [
                [
                    0.9994667172431946,
                    -0.017620407044887543,
                    -0.027491504326462746,
                    -0.11082181334495544
                ],
                [
                    -0.03265366330742836,
                    -0.5393272042274475,
                    -0.8414627909660339,
                    -3.392045497894287
                ],
                [
                    9.313225746154785e-10,
                    0.841911792755127,
                    -0.5396149754524231,
                    -2.175257682800293
                ],
                [
                    0.0,
                    0.0,
                    0.0,
                    1.0
                ]
            ]
        },
        {
            "file_path": "/data/shapenet_blender/all_50_random/02958343/ddc5e41245918030f014feb3e3bb3ace/r_27",
            "rotation": 0.12566370614359174,
            "transform_matrix": [
                [
                    -0.9517593383789062,
                    0.1919691413640976,
                    0.23937825858592987,
                    0.9649646282196045
                ],
                [
                    0.30684542655944824,
                    0.5954412221908569,
                    0.7424927353858948,
                    2.993083953857422
                ],
                [
                    0.0,
                    0.7801265120506287,
                    -0.6256216764450073,
                    -2.5219616889953613
                ],
                [
                    0.0,
                    0.0,
                    0.0,
                    1.0
                ]
            ]
        },
        {
            "file_path": "/data/shapenet_blender/all_50_random/02958343/ddc5e41245918030f014feb3e3bb3ace/r_28",
            "rotation": 0.12566370614359174,
            "transform_matrix": [
                [
                    0.9995063543319702,
                    0.0043163904920220375,
                    0.031119834631681442,
                    0.1254480630159378
                ],
                [
                    0.03141775727272034,
                    -0.1373191773891449,
                    -0.9900285005569458,
                    -3.9909324645996094
                ],
                [
                    4.656612873077393e-10,
                    0.9905173778533936,
                    -0.13738702237606049,
                    -0.553824782371521
                ],
                [
                    0.0,
                    0.0,
                    0.0,
                    1.0
                ]
            ]
        },
        {
            "file_path": "/data/shapenet_blender/all_50_random/02958343/ddc5e41245918030f014feb3e3bb3ace/r_29",
            "rotation": 0.12566370614359174,
            "transform_matrix": [
                [
                    0.2786746621131897,
                    0.3830488622188568,
                    0.8806894421577454,
                    3.550172805786133
                ],
                [
                    0.9603855609893799,
                    -0.1111491322517395,
                    -0.25554928183555603,
                    -1.0301520824432373
                ],
                [
                    7.450581485102248e-09,
                    0.9170165061950684,
                    -0.3988490402698517,
                    -1.6078119277954102
                ],
                [
                    0.0,
                    0.0,
                    0.0,
                    1.0
                ]
            ]
        },
        {
            "file_path": "/data/shapenet_blender/all_50_random/02958343/ddc5e41245918030f014feb3e3bb3ace/r_30",
            "rotation": 0.12566370614359174,
            "transform_matrix": [
                [
                    0.9977476596832275,
                    0.009823402389883995,
                    0.0663570910692215,
                    0.2674940228462219
                ],
                [
                    0.06708028167486191,
                    -0.1461126208305359,
                    -0.9869909882545471,
                    -3.9786882400512695
                ],
                [
                    0.0,
                    0.9892191886901855,
                    -0.1464424729347229,
                    -0.590328574180603
                ],
                [
                    0.0,
                    0.0,
                    0.0,
                    1.0
                ]
            ]
        },
        {
            "file_path": "/data/shapenet_blender/all_50_random/02958343/ddc5e41245918030f014feb3e3bb3ace/r_31",
            "rotation": 0.12566370614359174,
            "transform_matrix": [
                [
                    -0.46619677543640137,
                    -0.0077873836271464825,
                    0.8846467137336731,
                    3.5661251544952393
                ],
                [
                    0.8846811056137085,
                    -0.004103685263544321,
                    0.46617865562438965,
                    1.8792264461517334
                ],
                [
                    0.0,
                    0.9999611973762512,
                    0.008802475407719612,
                    0.035483915358781815
                ],
                [
                    0.0,
                    0.0,
                    0.0,
                    1.0
                ]
            ]
        },
        {
            "file_path": "/data/shapenet_blender/all_50_random/02958343/ddc5e41245918030f014feb3e3bb3ace/r_32",
            "rotation": 0.12566370614359174,
            "transform_matrix": [
                [
                    -0.985133171081543,
                    0.1660349816083908,
                    0.04410095512866974,
                    0.17777663469314575
                ],
                [
                    0.17179206013679504,
                    0.9521195292472839,
                    0.252894788980484,
                    1.0194514989852905
                ],
                [
                    3.725290076417309e-09,
                    0.25671127438545227,
                    -0.9664881229400635,
                    -3.896038293838501
                ],
                [
                    0.0,
                    0.0,
                    0.0,
                    1.0
                ]
            ]
        },
        {
            "file_path": "/data/shapenet_blender/all_50_random/02958343/ddc5e41245918030f014feb3e3bb3ace/r_33",
            "rotation": 0.12566370614359174,
            "transform_matrix": [
                [
                    0.6512353420257568,
                    -0.18396228551864624,
                    0.7362406253814697,
                    2.967881202697754
                ],
                [
                    0.758875846862793,
                    0.15786869823932648,
                    -0.63181072473526,
                    -2.5469107627868652
                ],
                [
                    0.0,
                    0.9701727628707886,
                    0.242414191365242,
                    0.9772029519081116
                ],
                [
                    0.0,
                    0.0,
                    0.0,
                    1.0
                ]
            ]
        },
        {
            "file_path": "/data/shapenet_blender/all_50_random/02958343/ddc5e41245918030f014feb3e3bb3ace/r_34",
            "rotation": 0.12566370614359174,
            "transform_matrix": [
                [
                    -0.9485300779342651,
                    -0.13993731141090393,
                    -0.2840917706489563,
                    -1.1452105045318604
                ],
                [
                    -0.31668686866760254,
                    0.4191356301307678,
                    0.850902259349823,
                    3.4300966262817383
                ],
                [
                    0.0,
                    0.8970744609832764,
                    -0.44187918305397034,
                    -1.7812719345092773
                ],
                [
                    0.0,
                    0.0,
                    0.0,
                    1.0
                ]
            ]
        },
        {
            "file_path": "/data/shapenet_blender/all_50_random/02958343/ddc5e41245918030f014feb3e3bb3ace/r_35",
            "rotation": 0.12566370614359174,
            "transform_matrix": [
                [
                    0.7754849195480347,
                    -0.1918502002954483,
                    -0.6015118956565857,
                    -2.424772024154663
                ],
                [
                    -0.6313660144805908,
                    -0.2356429398059845,
                    -0.7388162016868591,
                    -2.9782633781433105
                ],
                [
                    0.0,
                    0.9527150392532349,
                    -0.3038652837276459,
                    -1.2249201536178589
                ],
                [
                    0.0,
                    0.0,
                    0.0,
                    1.0
                ]
            ]
        },
        {
            "file_path": "/data/shapenet_blender/all_50_random/02958343/ddc5e41245918030f014feb3e3bb3ace/r_36",
            "rotation": 0.12566370614359174,
            "transform_matrix": [
                [
                    0.39356157183647156,
                    0.5065376162528992,
                    0.7671562433242798,
                    3.092505931854248
                ],
                [
                    0.9192982316017151,
                    -0.2168542742729187,
                    -0.32842791080474854,
                    -1.3239353895187378
                ],
                [
                    1.4901161193847656e-08,
                    0.8345019817352295,
                    -0.5510047078132629,
                    -2.2211713790893555
                ],
                [
                    0.0,
                    0.0,
                    0.0,
                    1.0
                ]
            ]
        },
        {
            "file_path": "/data/shapenet_blender/all_50_random/02958343/ddc5e41245918030f014feb3e3bb3ace/r_37",
            "rotation": 0.12566370614359174,
            "transform_matrix": [
                [
                    0.7223837375640869,
                    0.22873935103416443,
                    -0.6525641679763794,
                    -2.630570411682129
                ],
                [
                    -0.6914924383163452,
                    0.23895791172981262,
                    -0.6817164421081543,
                    -2.748086929321289
                ],
                [
                    0.0,
                    0.9437040686607361,
                    0.33079084753990173,
                    1.3334605693817139
                ],
                [
                    0.0,
                    0.0,
                    0.0,
                    1.0
                ]
            ]
        },
        {
            "file_path": "/data/shapenet_blender/all_50_random/02958343/ddc5e41245918030f014feb3e3bb3ace/r_38",
            "rotation": 0.12566370614359174,
            "transform_matrix": [
                [
                    -0.4336480498313904,
                    0.18568328022956848,
                    0.8817431926727295,
                    3.5544204711914062
                ],
                [
                    0.9010823369026184,
                    0.08936052769422531,
                    0.42434102296829224,
                    1.710573434829712
                ],
                [
                    0.0,
                    0.978537917137146,
                    -0.20606693625450134,
                    -0.8306823968887329
                ],
                [
                    0.0,
                    0.0,
                    0.0,
                    1.0
                ]
            ]
        },
        {
            "file_path": "/data/shapenet_blender/all_50_random/02958343/ddc5e41245918030f014feb3e3bb3ace/r_39",
            "rotation": 0.12566370614359174,
            "transform_matrix": [
                [
                    -0.7924980521202087,
                    -0.11460942029953003,
                    -0.5990088582038879,
                    -2.414681911468506
                ],
                [
                    -0.6098744869232178,
                    0.14892858266830444,
                    0.7783787250518799,
                    3.137744903564453
                ],
                [
                    7.4505797087454084e-09,
                    0.9821838140487671,
                    -0.18792298436164856,
                    -0.7575417757034302
                ],
                [
                    0.0,
                    0.0,
                    0.0,
                    1.0
                ]
            ]
        },
        {
            "file_path": "/data/shapenet_blender/all_50_random/02958343/ddc5e41245918030f014feb3e3bb3ace/r_40",
            "rotation": 0.12566370614359174,
            "transform_matrix": [
                [
                    0.9580845236778259,
                    -0.05965550243854523,
                    -0.28020596504211426,
                    -1.1295464038848877
                ],
                [
                    -0.286485880613327,
                    -0.19950376451015472,
                    -0.9370827674865723,
                    -3.777501344680786
                ],
                [
                    -3.725290298461914e-09,
                    0.9780794382095337,
                    -0.20823191106319427,
                    -0.8394097089767456
                ],
                [
                    0.0,
                    0.0,
                    0.0,
                    1.0
                ]
            ]
        },
        {
            "file_path": "/data/shapenet_blender/all_50_random/02958343/ddc5e41245918030f014feb3e3bb3ace/r_41",
            "rotation": 0.12566370614359174,
            "transform_matrix": [
                [
                    -0.7181091904640198,
                    0.1590070128440857,
                    -0.6775219440460205,
                    -2.7311782836914062
                ],
                [
                    -0.6959304809570312,
                    -0.16407443583011627,
                    0.6991140246391296,
                    2.81821870803833
                ],
                [
                    0.0,
