{
    "class": "02958343",
    "model": "18244d93dbd2afbebda733a39f84326d",
    "remove_doubles": true,
    "edge_split": true,
    "denoise": true,
    "camera_angle_x": 0.6911112070083618,
    "scale_factor": 2.2446991624063153,
    "hdri_file": "/data/IndoorHDRDataset2018/9C4A7703-9d279fa2f2.exr",
    "center_offset": [
        0.0,
        0.0,
        3.725290298461914e-09
    ],
    "lights": [],
    "frames": [
        {
            "file_path": "/data/shapenet_blender/all_50_random/02958343/18244d93dbd2afbebda733a39f84326d/r_0",
            "rotation": 0.12566370614359174,
            "transform_matrix": [
                [
                    0.9987563490867615,
                    -0.04948726296424866,
                    0.0060720560140907764,
                    0.024477243423461914
                ],
                [
                    0.04985838755965233,
                    0.9913219809532166,
                    -0.1216345801949501,
                    -0.4903247356414795
                ],
                [
                    -4.656612873077393e-10,
                    0.12178605049848557,
                    0.9925563335418701,
                    4.001122951507568
                ],
                [
                    0.0,
                    0.0,
                    0.0,
                    1.0
                ]
            ]
        },
        {
            "file_path": "/data/shapenet_blender/all_50_random/02958343/18244d93dbd2afbebda733a39f84326d/r_1",
            "rotation": 0.12566370614359174,
            "transform_matrix": [
                [
                    0.9311403036117554,
                    0.07998304814100266,
                    0.35578152537345886,
                    1.4342012405395508
                ],
                [
                    0.36466121673583984,
                    -0.2042318731546402,
                    -0.9084665775299072,
                    -3.6621458530426025
                ],
                [
                    0.0,
                    0.9756495356559753,
                    -0.21933524310588837,
                    -0.8841686248779297
                ],
                [
                    0.0,
                    0.0,
                    0.0,
                    1.0
                ]
            ]
        },
        {
            "file_path": "/data/shapenet_blender/all_50_random/02958343/18244d93dbd2afbebda733a39f84326d/r_2",
            "rotation": 0.12566370614359174,
            "transform_matrix": [
                [
                    -0.06908094137907028,
                    0.3788456618785858,
                    -0.9228779077529907,
                    -3.7202401161193848
                ],
                [
                    -0.9976110458374023,
                    -0.02623368613421917,
                    0.06390593945980072,
                    0.2576131224632263
                ],
                [
                    0.0,
                    0.9250879883766174,
                    0.37975284457206726,
                    1.5308327674865723
                ],
                [
                    0.0,
                    0.0,
                    0.0,
                    1.0
                ]
            ]
        },
        {
            "file_path": "/data/shapenet_blender/all_50_random/02958343/18244d93dbd2afbebda733a39f84326d/r_3",
            "rotation": 0.12566370614359174,
            "transform_matrix": [
                [
                    -0.5949438214302063,
                    -0.29801681637763977,
                    -0.7464767694473267,
                    -3.0091443061828613
                ],
                [
                    -0.8037672638893127,
                    0.22059032320976257,
                    0.5525377988815308,
                    2.227351427078247
                ],
                [
                    -1.4901161193847656e-08,
                    0.9287227392196655,
                    -0.3707749843597412,
                    -1.494641900062561
                ],
                [
                    0.0,
                    0.0,
                    0.0,
                    1.0
                ]
            ]
        },
        {
            "file_path": "/data/shapenet_blender/all_50_random/02958343/18244d93dbd2afbebda733a39f84326d/r_4",
            "rotation": 0.12566370614359174,
            "transform_matrix": [
                [
                    -0.11905252188444138,
                    -0.745167076587677,
                    0.6561650633811951,
                    2.645085573196411
                ],
                [
                    0.9928880333900452,
                    -0.08934947103261948,
                    0.07867766171693802,
                    0.3171597719192505
                ],
                [
                    -3.725290298461914e-09,
                    0.6608651280403137,
                    0.750504732131958,
                    3.025381088256836
                ],
                [
                    0.0,
                    0.0,
                    0.0,
                    1.0
                ]
            ]
        },
        {
            "file_path": "/data/shapenet_blender/all_50_random/02958343/18244d93dbd2afbebda733a39f84326d/r_5",
            "rotation": 0.12566370614359174,
            "transform_matrix": [
                [
                    -0.27752724289894104,
                    0.33194586634635925,
                    -0.9015489220619202,
                    -3.6342601776123047
                ],
                [
                    -0.9607177376747131,
                    -0.0958908274769783,
                    0.2604348361492157,
                    1.0498465299606323
                ],
                [
                    0.0,
                    0.9384118914604187,
                    0.3455185890197754,
                    1.3928301334381104
                ],
                [
                    0.0,
                    0.0,
                    0.0,
                    1.0
                ]
            ]
        },
        {
            "file_path": "/data/shapenet_blender/all_50_random/02958343/18244d93dbd2afbebda733a39f84326d/r_6",
            "rotation": 0.12566370614359174,
            "transform_matrix": [
                [
                    0.9112324714660645,
                    -0.09724307060241699,
                    -0.4002489149570465,
                    -1.6134549379348755
                ],
                [
                    -0.41189247369766235,
                    -0.2151315063238144,
                    -0.885473370552063,
                    -3.5694572925567627
                ],
                [
                    0.0,
                    0.9717314839363098,
                    -0.23608851432800293,
                    -0.9517032504081726
                ],
                [
                    0.0,
                    0.0,
                    0.0,
                    1.0
                ]
            ]
        },
        {
            "file_path": "/data/shapenet_blender/all_50_random/02958343/18244d93dbd2afbebda733a39f84326d/r_7",
            "rotation": 0.12566370614359174,
            "transform_matrix": [
                [
                    0.04037385433912277,
                    -0.6352375149726868,
                    -0.7712607979774475,
                    -3.1090517044067383
                ],
                [
                    -0.9991847276687622,
                    -0.025667915120720863,
                    -0.031164180487394333,
                    -0.1256268322467804
                ],
                [
                    0.0,
                    0.7718902230262756,
                    -0.6357558965682983,
                    -2.5628139972686768
                ],
                [
                    0.0,
                    0.0,
                    0.0,
                    1.0
                ]
            ]
        },
        {
            "file_path": "/data/shapenet_blender/all_50_random/02958343/18244d93dbd2afbebda733a39f84326d/r_8",
            "rotation": 0.12566370614359174,
            "transform_matrix": [
                [
                    0.4917091727256775,
                    -0.003044161247089505,
                    0.8707541823387146,
                    3.510122299194336
                ],
                [
                    0.8707594871520996,
                    0.0017190075013786554,
                    -0.49170616269111633,
                    -1.9821308851242065
                ],
                [
                    -1.1641530794914701e-10,
                    0.9999939203262329,
                    0.0034959844779223204,
                    0.014092763885855675
                ],
                [
                    0.0,
                    0.0,
                    0.0,
                    1.0
                ]
            ]
        },
        {
            "file_path": "/data/shapenet_blender/all_50_random/02958343/18244d93dbd2afbebda733a39f84326d/r_9",
            "rotation": 0.12566370614359174,
            "transform_matrix": [
                [
                    -0.16066107153892517,
                    0.31060197949409485,
                    -0.9368641376495361,
                    -3.7766201496124268
                ],
                [
                    -0.9870096445083618,
                    -0.0505584217607975,
                    0.15249861776828766,
                    0.6147415637969971
                ],
                [
                    0.0,
                    0.9491944313049316,
                    0.3146899342536926,
                    1.2685556411743164
                ],
                [
                    0.0,
                    0.0,
                    0.0,
                    1.0
                ]
            ]
        },
        {
            "file_path": "/data/shapenet_blender/all_50_random/02958343/18244d93dbd2afbebda733a39f84326d/r_10",
            "rotation": 0.12566370614359174,
            "transform_matrix": [
                [
                    -0.9947217702865601,
                    0.07265894114971161,
                    -0.07245201617479324,
                    -0.2920634150505066
                ],
                [
                    -0.10260903835296631,
                    -0.7043768167495728,
                    0.702370822429657,
                    2.8313474655151367
                ],
                [
                    0.0,
                    0.7060977220535278,
                    0.7081143856048584,
                    2.8545002937316895
                ],
                [
                    0.0,
                    0.0,
                    0.0,
                    1.0
                ]
            ]
        },
        {
            "file_path": "/data/shapenet_blender/all_50_random/02958343/18244d93dbd2afbebda733a39f84326d/r_11",
            "rotation": 0.12566370614359174,
            "transform_matrix": [
                [
                    0.8983405232429504,
                    0.01176678016781807,
                    0.4391421377658844,
                    1.7702387571334839
                ],
                [
                    0.4392998218536377,
                    -0.024062328040599823,
                    -0.8980181217193604,
                    -3.6200270652770996
                ],
                [
                    9.313225746154785e-10,
                    0.9996411800384521,
                    -0.02678530663251877,
                    -0.10797503590583801
                ],
                [
                    0.0,
                    0.0,
                    0.0,
                    1.0
                ]
            ]
        },
        {
            "file_path": "/data/shapenet_blender/all_50_random/02958343/18244d93dbd2afbebda733a39f84326d/r_12",
            "rotation": 0.12566370614359174,
            "transform_matrix": [
                [
                    0.3888181746006012,
                    -0.05125695466995239,
                    0.9198875427246094,
                    3.7081854343414307
                ],
                [
                    0.9213145971298218,
                    0.021631738170981407,
                    -0.38821592926979065,
                    -1.564948558807373
                ],
                [
                    -1.862645149230957e-09,
                    0.9984511733055115,
                    0.05563458427786827,
                    0.22427019476890564
                ],
                [
                    0.0,
                    0.0,
                    0.0,
                    1.0
                ]
            ]
        },
        {
            "file_path": "/data/shapenet_blender/all_50_random/02958343/18244d93dbd2afbebda733a39f84326d/r_13",
            "rotation": 0.12566370614359174,
            "transform_matrix": [
                [
                    0.7642629146575928,
                    0.13085408508777618,
                    0.6314898729324341,
                    2.54561710357666
                ],
                [
                    0.6449049115180969,
                    -0.15507236123085022,
                    -0.748365044593811,
                    -3.016756057739258
                ],
                [
                    0.0,
                    0.9791985154151917,
                    -0.20290447771549225,
                    -0.8179340958595276
                ],
                [
                    0.0,
                    0.0,
                    0.0,
                    1.0
                ]
            ]
        },
        {
            "file_path": "/data/shapenet_blender/all_50_random/02958343/18244d93dbd2afbebda733a39f84326d/r_14",
            "rotation": 0.12566370614359174,
            "transform_matrix": [
                [
                    0.9976018071174622,
                    0.02576570212841034,
                    0.06423979997634888,
                    0.25895893573760986
                ],
                [
                    0.06921432912349701,
                    -0.37136685848236084,
                    -0.9259027242660522,
                    -3.732433557510376
                ],
                [
                    0.0,
                    0.9281285405158997,
                    -0.37225958704948425,
                    -1.500626564025879
                ],
                [
                    0.0,
                    0.0,
                    0.0,
                    1.0
                ]
            ]
        },
        {
            "file_path": "/data/shapenet_blender/all_50_random/02958343/18244d93dbd2afbebda733a39f84326d/r_15",
            "rotation": 0.12566370614359174,
            "transform_matrix": [
                [
                    0.6931614279747009,
                    0.5855440497398376,
                    0.4203158915042877,
                    1.694347620010376
                ],
                [
                    0.720782458782196,
                    -0.5631054639816284,
                    -0.4042090177536011,
                    -1.6294187307357788
                ],
                [
                    -1.4901162970204496e-08,
                    0.5831384062767029,
                    -0.8123727440834045,
                    -3.2747795581817627
                ],
                [
                    0.0,
                    0.0,
                    0.0,
                    1.0
                ]
            ]
        },
        {
            "file_path": "/data/shapenet_blender/all_50_random/02958343/18244d93dbd2afbebda733a39f84326d/r_16",
            "rotation": 0.12566370614359174,
            "transform_matrix": [
                [
                    -0.5357187986373901,
                    -0.10244917124509811,
                    -0.838158369064331,
                    -3.3787245750427246
                ],
                [
                    -0.8443964719772339,
                    0.0649978518486023,
                    0.5317611694335938,
                    2.1435978412628174
                ],
                [
                    3.725290298461914e-09,
                    0.9926124215126038,
                    -0.12132829427719116,
                    -0.4890899956226349
                ],
                [
                    0.0,
                    0.0,
                    0.0,
                    1.0
                ]
            ]
        },
        {
            "file_path": "/data/shapenet_blender/all_50_random/02958343/18244d93dbd2afbebda733a39f84326d/r_17",
            "rotation": 0.12566370614359174,
            "transform_matrix": [
                [
                    -0.996795654296875,
                    -0.07380469888448715,
                    -0.030842553824186325,
                    -0.1243303045630455
                ],
                [
                    -0.07998998463153839,
                    0.9197177290916443,
                    0.3843446373939514,
                    1.5493427515029907
                ],
                [
                    1.8626449271863521e-09,
                    0.38558006286621094,
                    -0.9226743578910828,
                    -3.719419002532959
                ],
                [
                    0.0,
                    0.0,
                    0.0,
                    1.0
                ]
            ]
        },
        {
            "file_path": "/data/shapenet_blender/all_50_random/02958343/18244d93dbd2afbebda733a39f84326d/r_18",
            "rotation": 0.12566370614359174,
            "transform_matrix": [
                [
                    -0.999239444732666,
                    -0.018713895231485367,
                    -0.034211643040180206,
                    -0.13791152834892273
                ],
                [
                    -0.03899546340107918,
                    0.4795342981815338,
                    0.8766563534736633,
                    3.53391432762146
                ],
                [
                    1.8626449271863521e-09,
                    0.8773236274719238,
                    -0.4798993468284607,
                    -1.9345358610153198
                ],
                [
                    0.0,
                    0.0,
                    0.0,
                    1.0
                ]
            ]
        },
        {
            "file_path": "/data/shapenet_blender/all_50_random/02958343/18244d93dbd2afbebda733a39f84326d/r_19",
            "rotation": 0.12566370614359174,
            "transform_matrix": [
                [
                    -0.6191262602806091,
                    0.07736214250326157,
                    -0.7814715504646301,
                    -3.150212526321411
                ],
                [
                    -0.7852914333343506,
                    -0.06099255383014679,
                    0.616114616394043,
                    2.4836373329162598
                ],
                [
                    3.725290298461914e-09,
                    0.9951356053352356,
                    0.09851392358541489,
                    0.397122323513031
                ],
                [
                    0.0,
                    0.0,
                    0.0,
                    1.0
                ]
            ]
        },
        {
            "file_path": "/data/shapenet_blender/all_50_random/02958343/18244d93dbd2afbebda733a39f84326d/r_20",
            "rotation": 0.12566370614359174,
            "transform_matrix": [
                [
                    0.45784199237823486,
                    -0.47480490803718567,
                    0.7516255378723145,
                    3.0298995971679688
                ],
                [
                    0.8890336155891418,
                    0.24451902508735657,
                    -0.3870784342288971,
                    -1.5603631734848022
                ],
                [
                    0.0,
                    0.8454410433769226,
                    0.5340685844421387,
                    2.1528995037078857
                ],
                [
                    0.0,
                    0.0,
                    0.0,
                    1.0
                ]
            ]
        },
        {
            "file_path": "/data/shapenet_blender/all_50_random/02958343/18244d93dbd2afbebda733a39f84326d/r_21",
            "rotation": 0.12566370614359174,
            "transform_matrix": [
                [
                    -0.18764840066432953,
                    -0.6085505485534668,
                    -0.7710086107254028,
                    -3.108035087585449
                ],
                [
                    -0.9822362065315247,
                    0.11625874042510986,
                    0.1472950577735901,
                    0.593765377998352
                ],
                [
                    0.0,
                    0.7849523425102234,
                    -0.619556188583374,
                    -2.4975109100341797
                ],
                [
                    0.0,
                    0.0,
                    0.0,
                    1.0
                ]
            ]
        },
        {
            "file_path": "/data/shapenet_blender/all_50_random/02958343/18244d93dbd2afbebda733a39f84326d/r_22",
            "rotation": 0.12566370614359174,
            "transform_matrix": [
                [
                    -0.8710213303565979,
                    -0.11296474933624268,
                    0.47808027267456055,
                    1.9272031784057617
                ],
                [
                    0.4912451505661011,
                    -0.2002965360879898,
                    0.8476788401603699,
                    3.417102813720703
                ],
                [
                    -7.450580596923828e-09,
                    0.9732009172439575,
                    0.22995597124099731,
                    0.9269821643829346
                ],
                [
                    0.0,
                    0.0,
                    0.0,
                    1.0
                ]
            ]
        },
        {
            "file_path": "/data/shapenet_blender/all_50_random/02958343/18244d93dbd2afbebda733a39f84326d/r_23",
            "rotation": 0.12566370614359174,
            "transform_matrix": [
                [
                    -0.7635773420333862,
                    -0.5207700729370117,
                    0.3817697763442993,
                    1.5389631986618042
                ],
                [
                    0.6457163691520691,
                    -0.6158249378204346,
                    0.45145323872566223,
                    1.8198661804199219
                ],
                [
                    1.4901161193847656e-08,
                    0.5912344455718994,
                    0.806499719619751,
                    3.2511043548583984
                ],
                [
                    0.0,
                    0.0,
                    0.0,
                    1.0
                ]
            ]
        },
        {
            "file_path": "/data/shapenet_blender/all_50_random/02958343/18244d93dbd2afbebda733a39f84326d/r_24",
            "rotation": 0.12566370614359174,
            "transform_matrix": [
                [
                    -0.01606093719601631,
                    0.29207366704940796,
                    0.9562609791755676,
                    3.854811191558838
                ],
                [
                    0.9998710751533508,
                    0.0046915821731090546,
                    0.01536042895168066,
                    0.06191986799240112
                ],
                [
                    0.0,
                    0.9563843607902527,
                    -0.292111337184906,
                    -1.177538514137268
                ],
                [
                    0.0,
                    0.0,
                    0.0,
                    1.0
                ]
            ]
        },
        {
            "file_path": "/data/shapenet_blender/all_50_random/02958343/18244d93dbd2afbebda733a39f84326d/r_25",
            "rotation": 0.12566370614359174,
            "transform_matrix": [
                [
                    -0.9474833607673645,
                    -0.01669369451701641,
                    0.31936928629875183,
                    1.2874187231063843
                ],
                [
                    0.3198052942752838,
                    -0.04945820942521095,
                    0.9461915493011475,
                    3.8142201900482178
                ],
                [
                    1.862645149230957e-09,
                    0.9986367225646973,
                    0.052199553698301315,
                    0.21042312681674957
                ],
                [
                    0.0,
                    0.0,
                    0.0,
                    1.0
                ]
            ]
        },
        {
            "file_path": "/data/shapenet_blender/all_50_random/02958343/18244d93dbd2afbebda733a39f84326d/r_26",
            "rotation": 0.12566370614359174,
            "transform_matrix": [
                [
                    0.9811651706695557,
                    -0.0065009635873138905,
                    -0.19306112825870514,
                    -0.7782543301582336
                ],
                [
                    -0.19317054748535156,
                    -0.03302013874053955,
                    -0.9806093573570251,
                    -3.952962875366211
                ],
                [
                    4.656612873077393e-10,
                    0.9994335770606995,
                    -0.03365400433540344,
                    -0.13566362857818604
                ],
                [
                    0.0,
                    0.0,
                    0.0,
                    1.0
                ]
            ]
        },
        {
            "file_path": "/data/shapenet_blender/all_50_random/02958343/18244d93dbd2afbebda733a39f84326d/r_27",
            "rotation": 0.12566370614359174,
            "transform_matrix": [
                [
                    -0.7346755266189575,
                    -0.06464136391878128,
                    -0.6753320693969727,
                    -2.722350597381592
                ],
                [
                    -0.6784186959266663,
                    0.07000164687633514,
                    0.7313329577445984,
                    2.9480974674224854
                ],
                [
                    -3.725290298461914e-09,
                    0.9954501986503601,
                    -0.0952824205160141,
                    -0.3840957283973694
                ],
                [
                    0.0,
                    0.0,
                    0.0,
                    1.0
                ]
            ]
        },
        {
            "file_path": "/data/shapenet_blender/all_50_random/02958343/18244d93dbd2afbebda733a39f84326d/r_28",
            "rotation": 0.12566370614359174,
            "transform_matrix": [
                [
                    -0.9445948600769043,
                    0.0015312405303120613,
                    0.3282349407672882,
                    1.3231573104858398
                ],
                [
                    0.32823851704597473,
                    0.004406557884067297,
                    0.9445846080780029,
                    3.8077423572540283
                ],
                [
                    0.0,
                    0.9999892115592957,
                    -0.004665024112910032,
                    -0.018805313855409622
                ],
                [
                    0.0,
                    0.0,
                    0.0,
                    1.0
                ]
            ]
        },
        {
            "file_path": "/data/shapenet_blender/all_50_random/02958343/18244d93dbd2afbebda733a39f84326d/r_29",
            "rotation": 0.12566370614359174,
            "transform_matrix": [
                [
                    0.11617052555084229,
                    0.33582744002342224,
                    -0.93473219871521,
                    -3.768026113510132
                ],
                [
                    -0.993229329586029,
                    0.03927919641137123,
                    -0.10932855308055878,
                    -0.440717488527298
                ],
                [
                    3.725290298461914e-09,
                    0.9411041140556335,
                    0.33811676502227783,
                    1.362992286682129
                ],
                [
                    0.0,
                    0.0,
                    0.0,
                    1.0
                ]
            ]
        },
        {
            "file_path": "/data/shapenet_blender/all_50_random/02958343/18244d93dbd2afbebda733a39f84326d/r_30",
            "rotation": 0.12566370614359174,
            "transform_matrix": [
                [
                    -0.9865498542785645,
                    -0.028898052871227264,
                    0.1608862727880478,
                    0.6485533118247986
                ],
                [
                    0.16346098482608795,
                    -0.1744108647108078,
                    0.9710105061531067,
                    3.9142684936523438
                ],
                [
                    0.0,
                    0.9842488765716553,
                    0.17678870260715485,
                    0.7126580476760864
                ],
                [
                    0.0,
                    0.0,
                    0.0,
                    1.0
                ]
            ]
        },
        {
            "file_path": "/data/shapenet_blender/all_50_random/02958343/18244d93dbd2afbebda733a39f84326d/r_31",
            "rotation": 0.12566370614359174,
            "transform_matrix": [
                [
                    0.2900579869747162,
                    -0.3202555179595947,
                    0.9018329977989197,
                    3.6354050636291504
                ],
                [
                    0.9570090770721436,
                    0.09706560522317886,
                    -0.2733347713947296,
                    -1.1018476486206055
                ],
                [
                    0.0,
                    0.9423452615737915,
                    0.33464211225509644,
                    1.3489855527877808
                ],
                [
                    0.0,
                    0.0,
                    0.0,
                    1.0
                ]
            ]
        },
        {
            "file_path": "/data/shapenet_blender/all_50_random/02958343/18244d93dbd2afbebda733a39f84326d/r_32",
            "rotation": 0.12566370614359174,
            "transform_matrix": [
                [
                    0.05312814190983772,
                    -0.4243825674057007,
                    -0.9039230346679688,
                    -3.6438302993774414
                ],
                [
                    -0.9985877275466919,
                    -0.022578543052077293,
                    -0.048091668635606766,
                    -0.19386371970176697
                ],
                [
                    0.0,
                    0.9052014946937561,
                    -0.4249827563762665,
                    -1.7131602764129639
                ],
                [
                    0.0,
                    0.0,
                    0.0,
                    1.0
                ]
            ]
        },
        {
            "file_path": "/data/shapenet_blender/all_50_random/02958343/18244d93dbd2afbebda733a39f84326d/r_33",
            "rotation": 0.12566370614359174,
            "transform_matrix": [
                [
                    -0.5769582390785217,
                    -0.47479990124702454,
                    0.6645932197570801,
                    2.6790611743927
                ],
                [
                    0.8167736530303955,
                    -0.33539241552352905,
                    0.4694599509239197,
                    1.892453670501709
                ],
                [
                    0.0,
                    0.8136810660362244,
                    0.5813114643096924,
                    2.343341588973999
                ],
                [
                    0.0,
                    0.0,
                    0.0,
                    1.0
                ]
            ]
        },
        {
            "file_path": "/data/shapenet_blender/all_50_random/02958343/18244d93dbd2afbebda733a39f84326d/r_34",
            "rotation": 0.12566370614359174,
            "transform_matrix": [
                [
                    -0.09964776039123535,
                    0.31958693265914917,
                    0.9423027634620667,
                    3.798543930053711
                ],
                [
                    0.9950228333473206,
                    0.032005418092012405,
                    0.09436804801225662,
                    0.38040977716445923
                ],
                [
                    1.862645149230957e-09,
                    0.9470163583755493,
                    -0.32118549942970276,
                    -1.2947402000427246
                ],
                [
                    0.0,
                    0.0,
                    0.0,
                    1.0
                ]
            ]
        },
        {
            "file_path": "/data/shapenet_blender/all_50_random/02958343/18244d93dbd2afbebda733a39f84326d/r_35",
            "rotation": 0.12566370614359174,
            "transform_matrix": [
                [
                    0.13520464301109314,
                    -0.861874520778656,
                    0.4887657165527344,
                    1.9702777862548828
                ],
                [
                    0.9908176064491272,
                    0.11760938167572021,
                    -0.06669582426548004,
                    -0.26885950565338135
                ],
                [
                    0.0,
                    0.4932953715324402,
                    0.8698617815971375,
                    3.5065252780914307
                ],
                [
                    0.0,
                    0.0,
                    0.0,
                    1.0
                ]
            ]
        },
        {
            "file_path": "/data/shapenet_blender/all_50_random/02958343/18244d93dbd2afbebda733a39f84326d/r_36",
            "rotation": 0.12566370614359174,
            "transform_matrix": [
                [
                    0.9613145589828491,
                    0.2524217665195465,
                    0.11026142537593842,
                    0.4444780647754669
                ],
                [
                    0.27545297145843506,
                    -0.8809370398521423,
                    -0.3848058879375458,
                    -1.5512022972106934
                ],
                [
                    -7.450580596923828e-09,
                    0.40029144287109375,
                    -0.9163878560066223,
                    -3.694077730178833
                ],
                [
                    0.0,
                    0.0,
                    0.0,
                    1.0
                ]
            ]
        },
        {
            "file_path": "/data/shapenet_blender/all_50_random/02958343/18244d93dbd2afbebda733a39f84326d/r_37",
            "rotation": 0.12566370614359174,
            "transform_matrix": [
                [
                    0.4473872184753418,
                    -0.740189254283905,
                    0.5019605755805969,
                    2.023467779159546
                ],
                [
                    0.8943403959274292,
                    0.37027421593666077,
                    -0.251102089881897,
                    -1.0122249126434326
                ],
                [
                    0.0,
                    0.5612635016441345,
                    0.8276371359825134,
                    3.3363120555877686
                ],
                [
                    0.0,
                    0.0,
                    0.0,
                    1.0
                ]
            ]
        },
        {
            "file_path": "/data/shapenet_blender/all_50_random/02958343/18244d93dbd2afbebda733a39f84326d/r_38",
            "rotation": 0.12566370614359174,
            "transform_matrix": [
                [
                    -0.9994431734085083,
                    -0.028100810945034027,
                    0.01798863336443901,
                    0.07251450419425964
                ],
                [
                    0.03336534649133682,
                    -0.8417465090751648,
                    0.5388410091400146,
                    2.172137498855591
                ],
                [
                    0.0,
                    0.5391411781311035,
                    0.8422154188156128,
                    3.3950788974761963
                ],
                [
                    0.0,
                    0.0,
                    0.0,
                    1.0
                ]
            ]
        },
        {
            "file_path": "/data/shapenet_blender/all_50_random/02958343/18244d93dbd2afbebda733a39f84326d/r_39",
            "rotation": 0.12566370614359174,
            "transform_matrix": [
                [
                    0.9590423703193665,
                    0.039436452090740204,
                    -0.28050416707992554,
                    -1.1307483911514282
                ],
                [
                    -0.28326281905174255,
                    0.13351990282535553,
                    -0.9497023224830627,
                    -3.8283724784851074
                ],
                [
                    0.0,
                    0.9902610778808594,
                    0.1392221301794052,
                    0.5612223744392395
                ],
                [
                    0.0,
                    0.0,
                    0.0,
                    1.0
                ]
            ]
        },
        {
            "file_path": "/data/shapenet_blender/all_50_random/02958343/18244d93dbd2afbebda733a39f84326d/r_40",
            "rotation": 0.12566370614359174,
            "transform_matrix": [
                [
                    0.9980612397193909,
                    0.05516855791211128,
                    0.028811248019337654,
                    0.11614185571670532
                ],
                [
                    0.06223871931433678,
                    -0.8846840262413025,
                    -0.462017685174942,
                    -1.8624528646469116
                ],
                [
                    1.8626450382086546e-09,
                    0.4629151225090027,
                    -0.8864026069641113,
                    -3.5732030868530273
                ],
                [
                    0.0,
                    0.0,
                    0.0,
                    1.0
                ]
            ]
        },
        {
            "file_path": "/data/shapenet_blender/all_50_random/02958343/18244d93dbd2afbebda733a39f84326d/r_41",
            "rotation": 0.12566370614359174,
            "transform_matrix": [
                [
                    -0.8431548476219177,
                    0.11205949634313583,
                    -0.5258636474609375,
                    -2.119824171066284
                ],
                [
                    -0.5376708507537842,
                    -0.17572742700576782,
                    0.8246393203735352,
                    3.3242273330688477
                ],
