{
    "class": "02958343",
    "model": "d05aa55f9e5b4d10afe1d4530f4c6e24",
    "remove_doubles": true,
    "edge_split": true,
    "denoise": true,
    "camera_angle_x": 0.6911112070083618,
    "scale_factor": 2.1100540574124267,
    "hdri_file": "/data/IndoorHDRDataset2018/9C4A6855-da58f0f551.exr",
    "center_offset": [
        0.0,
        -1.862645149230957e-09,
        0.0
    ],
    "lights": [],
    "frames": [
        {
            "file_path": "/data/shapenet_blender/all_50_random/02958343/d05aa55f9e5b4d10afe1d4530f4c6e24/r_0",
            "rotation": 0.12566370614359174,
            "transform_matrix": [
                [
                    -0.14453181624412537,
                    -0.8926308751106262,
                    0.42699018120765686,
                    1.72125244140625
                ],
                [
                    0.9895001649856567,
                    -0.13038255274295807,
                    0.062368523329496384,
                    0.25141555070877075
                ],
                [
                    0.0,
                    0.4315212070941925,
                    0.9021028280258179,
                    3.6364927291870117
                ],
                [
                    0.0,
                    0.0,
                    0.0,
                    1.0
                ]
            ]
        },
        {
            "file_path": "/data/shapenet_blender/all_50_random/02958343/d05aa55f9e5b4d10afe1d4530f4c6e24/r_1",
            "rotation": 0.12566370614359174,
            "transform_matrix": [
                [
                    0.1748671531677246,
                    -0.445090651512146,
                    -0.8782457113265991,
                    -3.5403220653533936
                ],
                [
                    -0.9845920205116272,
                    -0.0790497362613678,
                    -0.15597966313362122,
                    -0.6287741661071777
                ],
                [
                    0.0,
                    0.8919895887374878,
                    -0.4520558714866638,
                    -1.8222957849502563
                ],
                [
                    0.0,
                    0.0,
                    0.0,
                    1.0
                ]
            ]
        },
        {
            "file_path": "/data/shapenet_blender/all_50_random/02958343/d05aa55f9e5b4d10afe1d4530f4c6e24/r_2",
            "rotation": 0.12566370614359174,
            "transform_matrix": [
                [
                    0.8676103353500366,
                    -0.18436478078365326,
                    -0.46180275082588196,
                    -1.861586570739746
                ],
                [
                    -0.49724456667900085,
                    -0.321686327457428,
                    -0.8057701587677002,
                    -3.2481637001037598
                ],
                [
                    1.4901160305669237e-08,
                    0.9287236332893372,
                    -0.3707727789878845,
                    -1.4946329593658447
                ],
                [
                    0.0,
                    0.0,
                    0.0,
                    1.0
                ]
            ]
        },
        {
            "file_path": "/data/shapenet_blender/all_50_random/02958343/d05aa55f9e5b4d10afe1d4530f4c6e24/r_3",
            "rotation": 0.12566370614359174,
            "transform_matrix": [
                [
                    -0.7119091749191284,
                    0.1274534910917282,
                    -0.6906090378761292,
                    -2.7839341163635254
                ],
                [
                    -0.7022714614868164,
                    -0.12920260429382324,
                    0.7000867128372192,
                    2.8221397399902344
                ],
                [
                    7.450580596923828e-09,
                    0.9833931922912598,
                    0.18148748576641083,
                    0.7315994501113892
                ],
                [
                    0.0,
                    0.0,
                    0.0,
                    1.0
                ]
            ]
        },
        {
            "file_path": "/data/shapenet_blender/all_50_random/02958343/d05aa55f9e5b4d10afe1d4530f4c6e24/r_4",
            "rotation": 0.12566370614359174,
            "transform_matrix": [
                [
                    -0.6689060926437378,
                    -0.03523295372724533,
                    0.7425113916397095,
                    2.993159294128418
                ],
                [
                    0.7433468699455261,
                    -0.031704630702733994,
                    0.668154239654541,
                    2.693416118621826
                ],
                [
                    1.8626450382086546e-09,
                    0.99887615442276,
                    0.04739771783351898,
                    0.19106632471084595
                ],
                [
                    0.0,
                    0.0,
                    0.0,
                    1.0
                ]
            ]
        },
        {
            "file_path": "/data/shapenet_blender/all_50_random/02958343/d05aa55f9e5b4d10afe1d4530f4c6e24/r_5",
            "rotation": 0.12566370614359174,
            "transform_matrix": [
                [
                    0.5313252210617065,
                    -0.6406466960906982,
                    0.5543150901794434,
                    2.23451566696167
                ],
                [
                    0.8471679091453552,
                    0.40179967880249023,
                    -0.3476543724536896,
                    -1.4014395475387573
                ],
                [
                    0.0,
                    0.6543154716491699,
                    0.7562216520309448,
                    3.048426866531372
                ],
                [
                    0.0,
                    0.0,
                    0.0,
                    1.0
                ]
            ]
        },
        {
            "file_path": "/data/shapenet_blender/all_50_random/02958343/d05aa55f9e5b4d10afe1d4530f4c6e24/r_6",
            "rotation": 0.12566370614359174,
            "transform_matrix": [
                [
                    -0.5385407209396362,
                    -0.4945470690727234,
                    -0.6822000741958618,
                    -2.7500367164611816
                ],
                [
                    -0.8425994515419006,
                    0.3160857856273651,
                    0.43602272868156433,
                    1.7576639652252197
                ],
                [
                    -1.4901161193847656e-08,
                    0.8096374273300171,
                    -0.5869301557540894,
                    -2.3659913539886475
                ],
                [
                    0.0,
                    0.0,
                    0.0,
                    1.0
                ]
            ]
        },
        {
            "file_path": "/data/shapenet_blender/all_50_random/02958343/d05aa55f9e5b4d10afe1d4530f4c6e24/r_7",
            "rotation": 0.12566370614359174,
            "transform_matrix": [
                [
                    0.20583225786685944,
                    -0.06231047213077545,
                    0.9766014814376831,
                    3.9368064403533936
                ],
                [
                    0.9785873889923096,
                    0.013106140308082104,
                    -0.2054145336151123,
                    -0.8280524611473083
                ],
                [
                    0.0,
                    0.997970700263977,
                    0.06367389857769012,
                    0.25667768716812134
                ],
                [
                    0.0,
                    0.0,
                    0.0,
                    1.0
                ]
            ]
        },
        {
            "file_path": "/data/shapenet_blender/all_50_random/02958343/d05aa55f9e5b4d10afe1d4530f4c6e24/r_8",
            "rotation": 0.12566370614359174,
            "transform_matrix": [
                [
                    -0.7717089056968689,
                    -0.5065737366676331,
                    -0.3845106065273285,
                    -1.5500118732452393
                ],
                [
                    -0.6359758377075195,
                    0.6146891117095947,
                    0.4665747284889221,
                    1.8808228969573975
                ],
                [
                    -1.4901160305669237e-08,
                    0.6045993566513062,
                    -0.7965297102928162,
                    -3.210913896560669
                ],
                [
                    0.0,
                    0.0,
                    0.0,
                    1.0
                ]
            ]
        },
        {
            "file_path": "/data/shapenet_blender/all_50_random/02958343/d05aa55f9e5b4d10afe1d4530f4c6e24/r_9",
            "rotation": 0.12566370614359174,
            "transform_matrix": [
                [
                    0.7623691558837891,
                    0.0006858873530291021,
                    0.6471419334411621,
                    2.608712911605835
                ],
                [
                    0.6471423506736755,
                    -0.0008080127881839871,
                    -0.7623686194419861,
                    -3.0732064247131348
                ],
                [
                    -5.820766091346741e-11,
                    0.9999994039535522,
                    -0.0010598707012832165,
                    -0.004272475838661194
                ],
                [
                    0.0,
                    0.0,
                    0.0,
                    1.0
                ]
            ]
        },
        {
            "file_path": "/data/shapenet_blender/all_50_random/02958343/d05aa55f9e5b4d10afe1d4530f4c6e24/r_10",
            "rotation": 0.12566370614359174,
            "transform_matrix": [
                [
                    0.913262128829956,
                    -0.024752868339419365,
                    0.4066198170185089,
                    1.6391369104385376
                ],
                [
                    0.4073725640773773,
                    0.0554918497800827,
                    -0.9115746021270752,
                    -3.6746747493743896
                ],
                [
                    0.0,
                    0.9981521964073181,
                    0.06076224520802498,
                    0.24494044482707977
                ],
                [
                    0.0,
                    0.0,
                    0.0,
                    1.0
                ]
            ]
        },
        {
            "file_path": "/data/shapenet_blender/all_50_random/02958343/d05aa55f9e5b4d10afe1d4530f4c6e24/r_11",
            "rotation": 0.12566370614359174,
            "transform_matrix": [
                [
                    0.06215377151966095,
                    -0.0404888316988945,
                    -0.9972450137138367,
                    -4.020022869110107
                ],
                [
                    -0.9980666041374207,
                    -0.0025214082561433315,
                    -0.062102608382701874,
                    -0.25034359097480774
                ],
                [
                    2.3283064365386963e-10,
                    0.9991768002510071,
                    -0.04056726396083832,
                    -0.1635318547487259
                ],
                [
                    0.0,
                    0.0,
                    0.0,
                    1.0
                ]
            ]
        },
        {
            "file_path": "/data/shapenet_blender/all_50_random/02958343/d05aa55f9e5b4d10afe1d4530f4c6e24/r_12",
            "rotation": 0.12566370614359174,
            "transform_matrix": [
                [
                    -0.8729561567306519,
                    -0.2895585298538208,
                    -0.39256009459495544,
                    -1.5824604034423828
                ],
                [
                    -0.48779866099357605,
                    0.5181889533996582,
                    0.7025187611579895,
                    2.8319437503814697
                ],
                [
                    0.0,
                    0.8047583699226379,
                    -0.5936025381088257,
                    -2.392888307571411
                ],
                [
                    0.0,
                    0.0,
                    0.0,
                    1.0
                ]
            ]
        },
        {
            "file_path": "/data/shapenet_blender/all_50_random/02958343/d05aa55f9e5b4d10afe1d4530f4c6e24/r_13",
            "rotation": 0.12566370614359174,
            "transform_matrix": [
                [
                    -0.801098108291626,
                    -0.05245902016758919,
                    -0.5962296724319458,
                    -2.4034788608551025
                ],
                [
                    -0.5985330939292908,
                    0.07021302729845047,
                    0.7980151772499084,
                    3.216902256011963
                ],
                [
                    0.0,
                    0.9961516261100769,
                    -0.08764597773551941,
                    -0.35331225395202637
                ],
                [
                    0.0,
                    0.0,
                    0.0,
                    1.0
                ]
            ]
        },
        {
            "file_path": "/data/shapenet_blender/all_50_random/02958343/d05aa55f9e5b4d10afe1d4530f4c6e24/r_14",
            "rotation": 0.12566370614359174,
            "transform_matrix": [
                [
                    -0.6578933596611023,
                    -0.1287652999162674,
                    0.7420215010643005,
                    2.9911842346191406
                ],
                [
                    0.7531111240386963,
                    -0.11248517036437988,
                    0.6482058167457581,
                    2.6130011081695557
                ],
                [
                    0.0,
                    0.9852748513221741,
                    0.17097783088684082,
                    0.689233660697937
                ],
                [
                    0.0,
                    0.0,
                    0.0,
                    1.0
                ]
            ]
        },
        {
            "file_path": "/data/shapenet_blender/all_50_random/02958343/d05aa55f9e5b4d10afe1d4530f4c6e24/r_15",
            "rotation": 0.12566370614359174,
            "transform_matrix": [
                [
                    -0.589505672454834,
                    0.03320286422967911,
                    0.8070815801620483,
                    3.2534499168395996
                ],
                [
                    0.8077642917633057,
                    0.02423142082989216,
                    0.5890074372291565,
                    2.3743648529052734
                ],
                [
                    1.862645371275562e-09,
                    0.9991547465324402,
                    -0.041104648262262344,
                    -0.16569814085960388
                ],
                [
                    0.0,
                    0.0,
                    0.0,
                    1.0
                ]
            ]
        },
        {
            "file_path": "/data/shapenet_blender/all_50_random/02958343/d05aa55f9e5b4d10afe1d4530f4c6e24/r_16",
            "rotation": 0.12566370614359174,
            "transform_matrix": [
                [
                    0.28457748889923096,
                    0.002284154063090682,
                    -0.9586503505706787,
                    -3.864442825317383
                ],
                [
                    -0.9586530327796936,
                    0.0006780543480999768,
                    -0.2845767140388489,
                    -1.147165298461914
                ],
                [
                    0.0,
                    0.9999971985816956,
                    0.002382670296356082,
                    0.009604849852621555
                ],
                [
                    0.0,
                    0.0,
                    0.0,
                    1.0
                ]
            ]
        },
        {
            "file_path": "/data/shapenet_blender/all_50_random/02958343/d05aa55f9e5b4d10afe1d4530f4c6e24/r_17",
            "rotation": 0.12566370614359174,
            "transform_matrix": [
                [
                    0.9306415319442749,
                    0.06316744536161423,
                    -0.36043882369995117,
                    -1.4529755115509033
                ],
                [
                    -0.36593207716941833,
                    0.16064795851707458,
                    -0.9166710376739502,
                    -3.6952192783355713
                ],
                [
                    -7.450580152834618e-09,
                    0.9849883317947388,
                    0.17262066900730133,
                    0.6958562135696411
                ],
                [
                    0.0,
                    0.0,
                    0.0,
                    1.0
                ]
            ]
        },
        {
            "file_path": "/data/shapenet_blender/all_50_random/02958343/d05aa55f9e5b4d10afe1d4530f4c6e24/r_18",
            "rotation": 0.12566370614359174,
            "transform_matrix": [
                [
                    0.954169750213623,
                    0.09988372772932053,
                    -0.28210535645484924,
                    -1.1372030973434448
                ],
                [
                    -0.29926612973213196,
                    0.31846579909324646,
                    -0.8994549512863159,
                    -3.625818967819214
                ],
                [
                    0.0,
                    0.9426572322845459,
                    0.3337622582912445,
                    1.3454387187957764
                ],
                [
                    0.0,
                    0.0,
                    0.0,
                    1.0
                ]
            ]
        },
        {
            "file_path": "/data/shapenet_blender/all_50_random/02958343/d05aa55f9e5b4d10afe1d4530f4c6e24/r_19",
            "rotation": 0.12566370614359174,
            "transform_matrix": [
                [
                    -0.6989569067955017,
                    -0.07052768021821976,
                    -0.7116776704788208,
                    -2.8688645362854004
                ],
                [
                    -0.7151638269424438,
                    0.06892938911914825,
                    0.695549726486206,
                    2.8038506507873535
                ],
                [
                    -3.725290298461914e-09,
                    0.995125412940979,
                    -0.09861750900745392,
                    -0.397539883852005
                ],
                [
                    0.0,
                    0.0,
                    0.0,
                    1.0
                ]
            ]
        },
        {
            "file_path": "/data/shapenet_blender/all_50_random/02958343/d05aa55f9e5b4d10afe1d4530f4c6e24/r_20",
            "rotation": 0.12566370614359174,
            "transform_matrix": [
                [
                    -0.4869856536388397,
                    -0.5214349031448364,
                    0.7006786465644836,
                    2.824525833129883
                ],
                [
                    0.8734099864959717,
                    -0.29073554277420044,
                    0.3906761407852173,
                    1.5748658180236816
                ],
                [
                    1.4901160305669237e-08,
                    0.8022333383560181,
                    0.5970104932785034,
                    2.4066262245178223
                ],
                [
                    0.0,
                    0.0,
                    0.0,
                    1.0
                ]
            ]
        },
        {
            "file_path": "/data/shapenet_blender/all_50_random/02958343/d05aa55f9e5b4d10afe1d4530f4c6e24/r_21",
            "rotation": 0.12566370614359174,
            "transform_matrix": [
                [
                    0.9729750752449036,
                    0.18931910395622253,
                    -0.13220305740833282,
                    -0.5329275727272034
                ],
                [
                    -0.23090988397598267,
                    0.7977257966995239,
                    -0.5570583343505859,
                    -2.2455739974975586
                ],
                [
                    7.450580152834618e-09,
                    0.5725309252738953,
                    0.8198831081390381,
                    3.3050544261932373
                ],
                [
                    0.0,
                    0.0,
                    0.0,
                    1.0
                ]
            ]
        },
        {
            "file_path": "/data/shapenet_blender/all_50_random/02958343/d05aa55f9e5b4d10afe1d4530f4c6e24/r_22",
            "rotation": 0.12566370614359174,
            "transform_matrix": [
                [
                    0.5603713393211365,
                    -0.3040893077850342,
                    0.7703984379768372,
                    3.1055753231048584
                ],
                [
                    0.8282415270805359,
                    0.20574061572551727,
                    -0.5212358832359314,
                    -2.1011691093444824
                ],
                [
                    1.4901161193847656e-08,
                    0.9301615357398987,
                    0.36715051531791687,
                    1.4800310134887695
                ],
                [
                    0.0,
                    0.0,
                    0.0,
                    1.0
                ]
            ]
        },
        {
            "file_path": "/data/shapenet_blender/all_50_random/02958343/d05aa55f9e5b4d10afe1d4530f4c6e24/r_23",
            "rotation": 0.12566370614359174,
            "transform_matrix": [
                [
                    -1.0,
                    0.00031735131051391363,
                    -0.00028064739308319986,
                    -0.0011313259601593018
                ],
                [
                    -0.00042364478576928377,
                    -0.7490977048873901,
                    0.6624592542648315,
                    2.6704587936401367
                ],
                [
                    -1.4551916963090328e-11,
                    0.6624593138694763,
                    0.7490977644920349,
                    3.019709825515747
                ],
                [
                    0.0,
                    0.0,
                    0.0,
                    1.0
                ]
            ]
        },
        {
            "file_path": "/data/shapenet_blender/all_50_random/02958343/d05aa55f9e5b4d10afe1d4530f4c6e24/r_24",
            "rotation": 0.12566370614359174,
            "transform_matrix": [
                [
                    -0.6056002378463745,
                    0.7113592624664307,
                    -0.3566739559173584,
                    -1.4377987384796143
                ],
                [
                    -0.7957690954208374,
                    -0.5413622260093689,
                    0.2714378237724304,
                    1.094200849533081
                ],
                [
                    0.0,
                    0.44821277260780334,
                    0.8939267992973328,
                    3.60353422164917
                ],
                [
                    0.0,
                    0.0,
                    0.0,
                    1.0
                ]
            ]
        },
        {
            "file_path": "/data/shapenet_blender/all_50_random/02958343/d05aa55f9e5b4d10afe1d4530f4c6e24/r_25",
            "rotation": 0.12566370614359174,
            "transform_matrix": [
                [
                    0.9770649671554565,
                    -0.013265791349112988,
                    -0.2125280648469925,
                    -0.8567280173301697
                ],
                [
                    -0.2129417210817337,
                    -0.06086895987391472,
                    -0.9751670360565186,
                    -3.9310240745544434
                ],
                [
                    0.0,
                    0.9980576038360596,
                    -0.0622977614402771,
                    -0.2511303126811981
                ],
                [
                    0.0,
                    0.0,
                    0.0,
                    1.0
                ]
            ]
        },
        {
            "file_path": "/data/shapenet_blender/all_50_random/02958343/d05aa55f9e5b4d10afe1d4530f4c6e24/r_26",
            "rotation": 0.12566370614359174,
            "transform_matrix": [
                [
                    -0.9692780375480652,
                    0.04378284141421318,
                    -0.2420397847890854,
                    -0.9756935238838196
                ],
                [
                    -0.24596786499023438,
                    -0.17253369092941284,
                    0.9537987112998962,
                    3.8448853492736816
                ],
                [
                    0.0,
                    0.9840300679206848,
                    0.17800229787826538,
                    0.7175501585006714
                ],
                [
                    0.0,
                    0.0,
                    0.0,
                    1.0
                ]
            ]
        },
        {
            "file_path": "/data/shapenet_blender/all_50_random/02958343/d05aa55f9e5b4d10afe1d4530f4c6e24/r_27",
            "rotation": 0.12566370614359174,
            "transform_matrix": [
                [
                    0.9995498061180115,
                    0.01364024356007576,
                    0.026725998148322105,
                    0.10773593187332153
                ],
                [
                    0.03000558726489544,
                    -0.4543854892253876,
                    -0.8902997374534607,
                    -3.5889124870300293
                ],
                [
                    9.313225746154785e-10,
                    0.8907006978988647,
                    -0.45459020137786865,
                    -1.8325115442276
                ],
                [
                    0.0,
                    0.0,
                    0.0,
                    1.0
                ]
            ]
        },
        {
            "file_path": "/data/shapenet_blender/all_50_random/02958343/d05aa55f9e5b4d10afe1d4530f4c6e24/r_28",
            "rotation": 0.12566370614359174,
            "transform_matrix": [
                [
                    -0.9703714847564697,
                    -0.16023777425289154,
                    0.18083973228931427,
                    0.7289882898330688
                ],
                [
                    0.24161776900291443,
                    -0.6435377597808838,
                    0.7262781858444214,
                    2.9277210235595703
                ],
                [
                    0.0,
                    0.7484537363052368,
                    0.6631869673728943,
                    2.6733922958374023
                ],
                [
                    0.0,
                    0.0,
                    0.0,
                    1.0
                ]
            ]
        },
        {
            "file_path": "/data/shapenet_blender/all_50_random/02958343/d05aa55f9e5b4d10afe1d4530f4c6e24/r_29",
            "rotation": 0.12566370614359174,
            "transform_matrix": [
                [
                    0.9947313666343689,
                    0.049303870648145676,
                    -0.08988039195537567,
                    -0.3623194694519043
                ],
                [
                    -0.10251515358686447,
                    0.4784083664417267,
                    -0.8721329569816589,
                    -3.5156805515289307
                ],
                [
                    3.725290076417309e-09,
                    0.8767521977424622,
                    0.4809422791004181,
                    1.9387404918670654
                ],
                [
                    0.0,
                    0.0,
                    0.0,
                    1.0
                ]
            ]
        },
        {
            "file_path": "/data/shapenet_blender/all_50_random/02958343/d05aa55f9e5b4d10afe1d4530f4c6e24/r_30",
            "rotation": 0.12566370614359174,
            "transform_matrix": [
                [
                    -0.08777959644794464,
                    -0.44179803133010864,
                    0.8928096890449524,
                    3.5990312099456787
                ],
                [
                    0.9961399435997009,
                    -0.03893112763762474,
                    0.07867415249347687,
                    0.3171456754207611
                ],
                [
                    3.725290298461914e-09,
                    0.8962693810462952,
                    0.4435099959373474,
                    1.7878460884094238
                ],
                [
                    0.0,
                    0.0,
                    0.0,
                    1.0
                ]
            ]
        },
        {
            "file_path": "/data/shapenet_blender/all_50_random/02958343/d05aa55f9e5b4d10afe1d4530f4c6e24/r_31",
            "rotation": 0.12566370614359174,
            "transform_matrix": [
                [
                    -0.9989011287689209,
                    -0.02742580696940422,
                    -0.03800521045923233,
                    -0.15320390462875366
                ],
                [
                    -0.04686759039759636,
                    0.5845333337783813,
                    0.8100149035453796,
                    3.2652745246887207
                ],
                [
                    0.0,
                    0.8109058737754822,
                    -0.5851764678955078,
                    -2.358921766281128
                ],
                [
                    0.0,
                    0.0,
                    0.0,
                    1.0
                ]
            ]
        },
        {
            "file_path": "/data/shapenet_blender/all_50_random/02958343/d05aa55f9e5b4d10afe1d4530f4c6e24/r_32",
            "rotation": 0.12566370614359174,
            "transform_matrix": [
                [
                    0.9684590101242065,
                    -0.17204880714416504,
                    -0.18023963272571564,
                    -0.7265692353248596
                ],
                [
                    -0.2491728812456131,
                    -0.6687012910842896,
                    -0.7005364894866943,
                    -2.823953151702881
                ],
                [
                    -7.450580596923828e-09,
                    0.7233518362045288,
                    -0.690479576587677,
                    -2.783412456512451
                ],
                [
                    0.0,
                    0.0,
                    0.0,
                    1.0
                ]
            ]
        },
        {
            "file_path": "/data/shapenet_blender/all_50_random/02958343/d05aa55f9e5b4d10afe1d4530f4c6e24/r_33",
            "rotation": 0.12566370614359174,
            "transform_matrix": [
                [
                    0.36844536662101746,
                    0.3200179934501648,
                    0.8728325366973877,
                    3.5185000896453857
                ],
                [
                    0.9296494722366333,
                    -0.1268318146467209,
                    -0.34592723846435547,
                    -1.394477128982544
                ],
                [
                    -7.450580596923828e-09,
                    0.9388834238052368,
                    -0.3442351520061493,
                    -1.3876560926437378
                ],
                [
                    0.0,
                    0.0,
                    0.0,
                    1.0
                ]
            ]
        },
        {
            "file_path": "/data/shapenet_blender/all_50_random/02958343/d05aa55f9e5b4d10afe1d4530f4c6e24/r_34",
            "rotation": 0.12566370614359174,
            "transform_matrix": [
                [
                    -0.5910369753837585,
                    0.7692651152610779,
                    0.2427062690258026,
                    0.9783803224563599
                ],
                [
                    0.8066444993019104,
                    0.5636487603187561,
                    0.1778334677219391,
                    0.7168697118759155
                ],
                [
                    0.0,
                    0.3008838891983032,
                    -0.9536607265472412,
                    -3.844329595565796
                ],
                [
                    0.0,
                    0.0,
                    0.0,
                    1.0
                ]
            ]
        },
        {
            "file_path": "/data/shapenet_blender/all_50_random/02958343/d05aa55f9e5b4d10afe1d4530f4c6e24/r_35",
            "rotation": 0.12566370614359174,
            "transform_matrix": [
                [
                    0.8249549865722656,
                    0.21147388219833374,
                    0.5241451859474182,
                    2.1128971576690674
                ],
                [
                    0.5651986002922058,
                    -0.308663934469223,
                    -0.765034019947052,
                    -3.083950996398926
                ],
                [
                    1.4901162970204496e-08,
                    0.927364706993103,
                    -0.3741585314273834,
                    -1.5082813501358032
                ],
                [
                    0.0,
                    0.0,
                    0.0,
                    1.0
                ]
            ]
        },
        {
            "file_path": "/data/shapenet_blender/all_50_random/02958343/d05aa55f9e5b4d10afe1d4530f4c6e24/r_36",
            "rotation": 0.12566370614359174,
            "transform_matrix": [
                [
                    -0.24267441034317017,
                    -0.08710499852895737,
                    -0.9661892652511597,
                    -3.89483380317688
                ],
                [
                    -0.9701077938079834,
                    0.021789491176605225,
                    0.24169418215751648,
                    0.9743004441261292
                ],
                [
                    1.862645149230957e-09,
                    0.9959607720375061,
                    -0.08978898078203201,
                    -0.36195099353790283
                ],
                [
                    0.0,
                    0.0,
                    0.0,
                    1.0
                ]
            ]
        },
        {
            "file_path": "/data/shapenet_blender/all_50_random/02958343/d05aa55f9e5b4d10afe1d4530f4c6e24/r_37",
            "rotation": 0.12566370614359174,
            "transform_matrix": [
                [
                    -0.5210072994232178,
                    0.49011221528053284,
                    -0.6988142728805542,
                    -2.8170106410980225
                ],
                [
                    -0.8535523414611816,
                    -0.29916390776634216,
                    0.4265553951263428,
                    1.719499945640564
                ],
                [
                    0.0,
                    0.8187129497528076,
                    0.5742028951644897,
                    2.3146860599517822
                ],
                [
                    0.0,
                    0.0,
                    0.0,
                    1.0
                ]
            ]
        },
        {
            "file_path": "/data/shapenet_blender/all_50_random/02958343/d05aa55f9e5b4d10afe1d4530f4c6e24/r_38",
            "rotation": 0.12566370614359174,
            "transform_matrix": [
                [
                    -0.6804649829864502,
                    -0.0657723993062973,
                    0.7298228740692139,
                    2.9420101642608643
                ],
                [
                    0.7327806353569031,
                    -0.061076682060956955,
                    0.6777183413505554,
                    2.7319700717926025
                ],
                [
                    -3.725290742551124e-09,
                    0.9959635734558105,
                    0.0897572860121727,
                    0.3618232011795044
                ],
                [
                    0.0,
                    0.0,
                    0.0,
                    1.0
                ]
            ]
        },
        {
            "file_path": "/data/shapenet_blender/all_50_random/02958343/d05aa55f9e5b4d10afe1d4530f4c6e24/r_39",
            "rotation": 0.12566370614359174,
            "transform_matrix": [
                [
                    0.7901207804679871,
                    0.08033020794391632,
                    -0.6076645851135254,
                    -2.4495744705200195
                ],
                [
                    -0.6129513382911682,
                    0.10354911535978317,
                    -0.7833059430122375,
                    -3.1576075553894043
                ],
                [
                    0.0,
                    0.9913750290870667,
                    0.1310548037290573,
                    0.5282988548278809
                ],
                [
                    0.0,
                    0.0,
                    0.0,
                    1.0
                ]
            ]
        },
        {
            "file_path": "/data/shapenet_blender/all_50_random/02958343/d05aa55f9e5b4d10afe1d4530f4c6e24/r_40",
            "rotation": 0.12566370614359174,
            "transform_matrix": [
                [
                    -0.3830183744430542,
                    -0.18468065559864044,
                    0.9050910472869873,
                    3.6485390663146973
                ],
                [
                    0.9237407445907593,
                    -0.07657568901777267,
                    0.37528547644615173,
                    1.512824296951294
                ],
                [
                    0.0,
                    0.9798108339309692,
                    0.19992689788341522,
                    0.8059311509132385
                ],
                [
                    0.0,
                    0.0,
                    0.0,
                    1.0
                ]
            ]
        },
        {
            "file_path": "/data/shapenet_blender/all_50_random/02958343/d05aa55f9e5b4d10afe1d4530f4c6e24/r_41",
            "rotation": 0.12566370614359174,
            "transform_matrix": [
                [
                    0.941444456577301,
                    -0.002816626103594899,
                    -0.33715659379959106,
                    -1.3591216802597046
                ],
                [
                    -0.337168425321579,
                    -0.007864606566727161,
                    -0.9414114952087402,
