{
    "class": "02958343",
    "model": "dab0cd8adac9404780575af49bfeda6",
    "remove_doubles": true,
    "edge_split": true,
    "denoise": true,
    "camera_angle_x": 0.6911112070083618,
    "scale_factor": 2.298433114053189,
    "hdri_file": "/data/IndoorHDRDataset2018/AG8A7043-510419a6ba.exr",
    "center_offset": [
        0.0,
        0.0,
        -3.725290298461914e-09
    ],
    "lights": [],
    "frames": [
        {
            "file_path": "/data/shapenet_blender/all_50_random/02958343/dab0cd8adac9404780575af49bfeda6/r_0",
            "rotation": 0.12566370614359174,
            "transform_matrix": [
                [
                    -0.36734646558761597,
                    -0.36657536029815674,
                    -0.8547976613044739,
                    -3.4457995891571045
                ],
                [
                    -0.9300841093063354,
                    0.14478278160095215,
                    0.33761128783226013,
                    1.3609546422958374
                ],
                [
                    0.0,
                    0.9190540909767151,
                    -0.3941313624382019,
                    -1.5887943506240845
                ],
                [
                    0.0,
                    0.0,
                    0.0,
                    1.0
                ]
            ]
        },
        {
            "file_path": "/data/shapenet_blender/all_50_random/02958343/dab0cd8adac9404780575af49bfeda6/r_1",
            "rotation": 0.12566370614359174,
            "transform_matrix": [
                [
                    0.09307754784822464,
                    0.0800454244017601,
                    0.9924359917640686,
                    4.000637531280518
                ],
                [
                    0.9956589341163635,
                    -0.0074829161167144775,
                    -0.09277626127004623,
                    -0.37399306893348694
                ],
                [
                    4.656613428188905e-10,
                    0.9967631101608276,
                    -0.08039442449808121,
                    -0.32408028841018677
                ],
                [
                    0.0,
                    0.0,
                    0.0,
                    1.0
                ]
            ]
        },
        {
            "file_path": "/data/shapenet_blender/all_50_random/02958343/dab0cd8adac9404780575af49bfeda6/r_2",
            "rotation": 0.12566370614359174,
            "transform_matrix": [
                [
                    -0.9188432097434998,
                    0.3517623543739319,
                    -0.17885848879814148,
                    -0.7210016250610352
                ],
                [
                    -0.39462271332740784,
                    -0.8190467357635498,
                    0.4164557456970215,
                    1.6787867546081543
                ],
                [
                    -1.4901160305669237e-08,
                    0.4532391428947449,
                    0.8913888931274414,
                    3.593303680419922
                ],
                [
                    0.0,
                    0.0,
                    0.0,
                    1.0
                ]
            ]
        },
        {
            "file_path": "/data/shapenet_blender/all_50_random/02958343/dab0cd8adac9404780575af49bfeda6/r_3",
            "rotation": 0.12566370614359174,
            "transform_matrix": [
                [
                    0.9994776248931885,
                    -0.030197780579328537,
                    -0.011519177816808224,
                    -0.04643529653549194
                ],
                [
                    -0.03232023864984512,
                    -0.9338423013687134,
                    -0.35622140765190125,
                    -1.4359745979309082
                ],
                [
                    0.0,
                    0.3564075231552124,
                    -0.9343305230140686,
                    -3.766407012939453
                ],
                [
                    0.0,
                    0.0,
                    0.0,
                    1.0
                ]
            ]
        },
        {
            "file_path": "/data/shapenet_blender/all_50_random/02958343/dab0cd8adac9404780575af49bfeda6/r_4",
            "rotation": 0.12566370614359174,
            "transform_matrix": [
                [
                    0.9811798930168152,
                    0.0045878691598773,
                    0.19304144382476807,
                    0.7781749367713928
                ],
                [
                    0.19309595227241516,
                    -0.023312373086810112,
                    -0.980902910232544,
                    -3.954145908355713
                ],
                [
                    0.0,
                    0.9997177124023438,
                    -0.02375952899456024,
                    -0.0957777202129364
                ],
                [
                    0.0,
                    0.0,
                    0.0,
                    1.0
                ]
            ]
        },
        {
            "file_path": "/data/shapenet_blender/all_50_random/02958343/dab0cd8adac9404780575af49bfeda6/r_5",
            "rotation": 0.12566370614359174,
            "transform_matrix": [
                [
                    -0.6442155241966248,
                    0.4599762558937073,
                    -0.6110714077949524,
                    -2.4633076190948486
                ],
                [
                    -0.7648440599441528,
                    -0.3874303996562958,
                    0.5146953463554382,
                    2.074803352355957
                ],
                [
                    0.0,
                    0.7989489436149597,
                    0.601398766040802,
                    2.424315929412842
                ],
                [
                    0.0,
                    0.0,
                    0.0,
                    1.0
                ]
            ]
        },
        {
            "file_path": "/data/shapenet_blender/all_50_random/02958343/dab0cd8adac9404780575af49bfeda6/r_6",
            "rotation": 0.12566370614359174,
            "transform_matrix": [
                [
                    -0.18173860013484955,
                    0.20512421429157257,
                    -0.9617146253585815,
                    -3.876795768737793
                ],
                [
                    -0.9833469390869141,
                    -0.03791031241416931,
                    0.17774060368537903,
                    0.7164952754974365
                ],
                [
                    0.0,
                    0.9780014157295227,
                    0.20859801769256592,
                    0.8408855199813843
                ],
                [
                    0.0,
                    0.0,
                    0.0,
                    1.0
                ]
            ]
        },
        {
            "file_path": "/data/shapenet_blender/all_50_random/02958343/dab0cd8adac9404780575af49bfeda6/r_7",
            "rotation": 0.12566370614359174,
            "transform_matrix": [
                [
                    -0.602932870388031,
                    0.5315343737602234,
                    -0.5949311256408691,
                    -2.3982441425323486
                ],
                [
                    -0.7977920174598694,
                    -0.4017082154750824,
                    0.44962039589881897,
                    1.8124778270721436
                ],
                [
                    -1.4901162970204496e-08,
                    0.7457221150398254,
                    0.6662570238113403,
                    2.685767889022827
                ],
                [
                    0.0,
                    0.0,
                    0.0,
                    1.0
                ]
            ]
        },
        {
            "file_path": "/data/shapenet_blender/all_50_random/02958343/dab0cd8adac9404780575af49bfeda6/r_8",
            "rotation": 0.12566370614359174,
            "transform_matrix": [
                [
                    0.07177359610795975,
                    -0.1594695746898651,
                    -0.9845902323722839,
                    -3.969010353088379
                ],
                [
                    -0.9974209666252136,
                    -0.01147529948502779,
                    -0.07085030525922775,
                    -0.2856067419052124
                ],
                [
                    9.313225746154785e-10,
                    0.9871361255645752,
                    -0.15988188982009888,
                    -0.6445045471191406
                ],
                [
                    0.0,
                    0.0,
                    0.0,
                    1.0
                ]
            ]
        },
        {
            "file_path": "/data/shapenet_blender/all_50_random/02958343/dab0cd8adac9404780575af49bfeda6/r_9",
            "rotation": 0.12566370614359174,
            "transform_matrix": [
                [
                    -0.6681613326072693,
                    0.4153331518173218,
                    -0.6172995567321777,
                    -2.4884142875671387
                ],
                [
                    -0.7440164685249329,
                    -0.3729884624481201,
                    0.5543636679649353,
                    2.2347116470336914
                ],
                [
                    0.0,
                    0.8296854496002197,
                    0.5582311153411865,
                    2.2503018379211426
                ],
                [
                    0.0,
                    0.0,
                    0.0,
                    1.0
                ]
            ]
        },
        {
            "file_path": "/data/shapenet_blender/all_50_random/02958343/dab0cd8adac9404780575af49bfeda6/r_10",
            "rotation": 0.12566370614359174,
            "transform_matrix": [
                [
                    -0.36847394704818726,
                    -0.09217124432325363,
                    -0.9250575304031372,
                    -3.7290260791778564
                ],
                [
                    -0.9296380877494812,
                    0.03653324767947197,
                    0.36665838956832886,
                    1.478047251701355
                ],
                [
                    -3.725290298461914e-09,
                    0.9950727224349976,
                    -0.09914744645357132,
                    -0.3996761441230774
                ],
                [
                    0.0,
                    0.0,
                    0.0,
                    1.0
                ]
            ]
        },
        {
            "file_path": "/data/shapenet_blender/all_50_random/02958343/dab0cd8adac9404780575af49bfeda6/r_11",
            "rotation": 0.12566370614359174,
            "transform_matrix": [
                [
                    -0.9997397661209106,
                    -0.02179821766912937,
                    0.006730792112648487,
                    0.027132689952850342
                ],
                [
                    0.022813720628619194,
                    -0.9552385807037354,
                    0.294955849647522,
                    1.1890050172805786
                ],
                [
                    9.313224635931761e-10,
                    0.2950325906276703,
                    0.9554872512817383,
                    3.8516921997070312
                ],
                [
                    0.0,
                    0.0,
                    0.0,
                    1.0
                ]
            ]
        },
        {
            "file_path": "/data/shapenet_blender/all_50_random/02958343/dab0cd8adac9404780575af49bfeda6/r_12",
            "rotation": 0.12566370614359174,
            "transform_matrix": [
                [
                    0.35042405128479004,
                    -0.002265296410769224,
                    0.9365883469581604,
                    3.7755086421966553
                ],
                [
                    0.9365912079811096,
                    0.0008475569193251431,
                    -0.3504229784011841,
                    -1.4126002788543701
                ],
                [
                    0.0,
                    0.999997079372406,
                    0.00241866079159081,
                    0.009749934077262878
                ],
                [
                    0.0,
                    0.0,
                    0.0,
                    1.0
                ]
            ]
        },
        {
            "file_path": "/data/shapenet_blender/all_50_random/02958343/dab0cd8adac9404780575af49bfeda6/r_13",
            "rotation": 0.12566370614359174,
            "transform_matrix": [
                [
                    -0.9882131814956665,
                    0.05421306937932968,
                    0.14316315948963165,
                    0.5771090984344482
                ],
                [
                    0.15308411419391632,
                    0.3499649167060852,
                    0.9241698384284973,
                    3.725447416305542
                ],
                [
                    0.0,
                    0.9351927638053894,
                    -0.354139119386673,
                    -1.4275802373886108
                ],
                [
                    0.0,
                    0.0,
                    0.0,
                    1.0
                ]
            ]
        },
        {
            "file_path": "/data/shapenet_blender/all_50_random/02958343/dab0cd8adac9404780575af49bfeda6/r_14",
            "rotation": 0.12566370614359174,
            "transform_matrix": [
                [
                    -0.8346932530403137,
                    -0.19414716958999634,
                    -0.5153581500053406,
                    -2.0774753093719482
                ],
                [
                    -0.5507151484489441,
                    0.29425978660583496,
                    0.7811042070388794,
                    3.1487321853637695
                ],
                [
                    0.0,
                    0.9357979893684387,
                    -0.35253646969795227,
                    -1.421120047569275
                ],
                [
                    0.0,
                    0.0,
                    0.0,
                    1.0
                ]
            ]
        },
        {
            "file_path": "/data/shapenet_blender/all_50_random/02958343/dab0cd8adac9404780575af49bfeda6/r_15",
            "rotation": 0.12566370614359174,
            "transform_matrix": [
                [
                    -0.8157735466957092,
                    0.4082779586315155,
                    -0.40966150164604187,
                    -1.6513984203338623
                ],
                [
                    -0.5783714652061462,
                    -0.5758623480796814,
                    0.5778138041496277,
                    2.32924222946167
                ],
                [
                    1.4901162970204496e-08,
                    0.7083017230033875,
                    0.7059096097946167,
                    2.8456130027770996
                ],
                [
                    0.0,
                    0.0,
                    0.0,
                    1.0
                ]
            ]
        },
        {
            "file_path": "/data/shapenet_blender/all_50_random/02958343/dab0cd8adac9404780575af49bfeda6/r_16",
            "rotation": 0.12566370614359174,
            "transform_matrix": [
                [
                    -0.20661687850952148,
                    0.4470056891441345,
                    -0.8703420758247375,
                    -3.5084612369537354
                ],
                [
                    -0.9784219264984131,
                    -0.09439579397439957,
                    0.18379326164722443,
                    0.7408943176269531
                ],
                [
                    0.0,
                    0.8895365595817566,
                    0.4568639397621155,
                    1.8416774272918701
                ],
                [
                    0.0,
                    0.0,
                    0.0,
                    1.0
                ]
            ]
        },
        {
            "file_path": "/data/shapenet_blender/all_50_random/02958343/dab0cd8adac9404780575af49bfeda6/r_17",
            "rotation": 0.12566370614359174,
            "transform_matrix": [
                [
                    0.9987407326698303,
                    0.0031226743012666702,
                    -0.05007278919219971,
                    -0.20184987783432007
                ],
                [
                    -0.05017007142305374,
                    0.062163397669792175,
                    -0.9968041181564331,
                    -4.018246173858643
                ],
                [
                    2.3283064365386963e-10,
                    0.9980611801147461,
                    0.06224176287651062,
                    0.2509045898914337
                ],
                [
                    0.0,
                    0.0,
                    0.0,
                    1.0
                ]
            ]
        },
        {
            "file_path": "/data/shapenet_blender/all_50_random/02958343/dab0cd8adac9404780575af49bfeda6/r_18",
            "rotation": 0.12566370614359174,
            "transform_matrix": [
                [
                    0.3626188039779663,
                    0.9163212776184082,
                    -0.169890895485878,
                    -0.684852123260498
                ],
                [
                    -0.9319376349449158,
                    0.3565424680709839,
                    -0.06610489636659622,
                    -0.2664773464202881
                ],
                [
                    -3.725290298461914e-09,
                    0.1822984367609024,
                    0.9832432270050049,
                    3.9635801315307617
                ],
                [
                    0.0,
                    0.0,
                    0.0,
                    1.0
                ]
            ]
        },
        {
            "file_path": "/data/shapenet_blender/all_50_random/02958343/dab0cd8adac9404780575af49bfeda6/r_19",
            "rotation": 0.12566370614359174,
            "transform_matrix": [
                [
                    0.9618746042251587,
                    0.006909576244652271,
                    0.2734034061431885,
                    1.1021243333816528
                ],
                [
                    0.27349066734313965,
                    -0.024301178753376007,
                    -0.9615676403045654,
                    -3.8762028217315674
                ],
                [
                    4.6566125955216364e-10,
                    0.9996806979179382,
                    -0.025264395400881767,
                    -0.10184402763843536
                ],
                [
                    0.0,
                    0.0,
                    0.0,
                    1.0
                ]
            ]
        },
        {
            "file_path": "/data/shapenet_blender/all_50_random/02958343/dab0cd8adac9404780575af49bfeda6/r_20",
            "rotation": 0.12566370614359174,
            "transform_matrix": [
                [
                    0.6376330852508545,
                    -0.4159298539161682,
                    0.648402988910675,
                    2.613795757293701
                ],
                [
                    0.770340085029602,
                    0.3442773222923279,
                    -0.5367021560668945,
                    -2.163515329360962
                ],
                [
                    0.0,
                    0.8417097926139832,
                    0.5399301052093506,
                    2.176527500152588
                ],
                [
                    0.0,
                    0.0,
                    0.0,
                    1.0
                ]
            ]
        },
        {
            "file_path": "/data/shapenet_blender/all_50_random/02958343/dab0cd8adac9404780575af49bfeda6/r_21",
            "rotation": 0.12566370614359174,
            "transform_matrix": [
                [
                    -0.8219809532165527,
                    -0.09471684694290161,
                    -0.5615835189819336,
                    -2.2638156414031982
                ],
                [
                    -0.5695149898529053,
                    0.13670480251312256,
                    0.8105334043502808,
                    3.267364740371704
                ],
                [
                    -7.450581485102248e-09,
                    0.9860731363296509,
                    -0.16631142795085907,
                    -0.6704227924346924
                ],
                [
                    0.0,
                    0.0,
                    0.0,
                    1.0
                ]
            ]
        },
        {
            "file_path": "/data/shapenet_blender/all_50_random/02958343/dab0cd8adac9404780575af49bfeda6/r_22",
            "rotation": 0.12566370614359174,
            "transform_matrix": [
                [
                    -0.9549643993377686,
                    -0.04086938872933388,
                    0.29389235377311707,
                    1.184718132019043
                ],
                [
                    0.2967205047607422,
                    -0.1315339356660843,
                    0.9458624124526978,
                    3.8128936290740967
                ],
                [
                    3.725290298461914e-09,
                    0.9904688000679016,
                    0.1377369910478592,
                    0.5552356243133545
                ],
                [
                    0.0,
                    0.0,
                    0.0,
                    1.0
                ]
            ]
        },
        {
            "file_path": "/data/shapenet_blender/all_50_random/02958343/dab0cd8adac9404780575af49bfeda6/r_23",
            "rotation": 0.12566370614359174,
            "transform_matrix": [
                [
                    -0.3277275264263153,
                    0.7040972113609314,
                    -0.6299537420272827,
                    -2.5394248962402344
                ],
                [
                    -0.9447723627090454,
                    -0.244240865111351,
                    0.2185215950012207,
                    0.8808887600898743
                ],
                [
                    -1.4901162970204496e-08,
                    0.6667784452438354,
                    0.7452559471130371,
                    3.004223108291626
                ],
                [
                    0.0,
                    0.0,
                    0.0,
                    1.0
                ]
            ]
        },
        {
            "file_path": "/data/shapenet_blender/all_50_random/02958343/dab0cd8adac9404780575af49bfeda6/r_24",
            "rotation": 0.12566370614359174,
            "transform_matrix": [
                [
                    -0.978451132774353,
                    0.14826276898384094,
                    0.14370664954185486,
                    0.579300045967102
                ],
                [
                    0.20647868514060974,
                    0.7025803327560425,
                    0.6809900403022766,
                    2.7451586723327637
                ],
                [
                    7.450580596923828e-09,
                    0.69598788022995,
                    -0.7180535793304443,
                    -2.894566535949707
                ],
                [
                    0.0,
                    0.0,
                    0.0,
                    1.0
                ]
            ]
        },
        {
            "file_path": "/data/shapenet_blender/all_50_random/02958343/dab0cd8adac9404780575af49bfeda6/r_25",
            "rotation": 0.12566370614359174,
            "transform_matrix": [
                [
                    -0.4882785975933075,
                    -0.4260961711406708,
                    -0.7615943551063538,
                    -3.070085287094116
                ],
                [
                    -0.872687816619873,
                    0.23840558528900146,
                    0.4261205792427063,
                    1.7177470922470093
                ],
                [
                    0.0,
                    0.8726996183395386,
                    -0.4882572889328003,
                    -1.9682282209396362
                ],
                [
                    0.0,
                    0.0,
                    0.0,
                    1.0
                ]
            ]
        },
        {
            "file_path": "/data/shapenet_blender/all_50_random/02958343/dab0cd8adac9404780575af49bfeda6/r_26",
            "rotation": 0.12566370614359174,
            "transform_matrix": [
                [
                    -0.8194262981414795,
                    0.38760364055633545,
                    -0.4222606420516968,
                    -1.7021870613098145
                ],
                [
                    -0.5731846690177917,
                    -0.5541191101074219,
                    0.6036649346351624,
                    2.4334511756896973
                ],
                [
                    2.9802322387695312e-08,
                    0.7366920709609985,
                    0.6762282848358154,
                    2.7259633541107178
                ],
                [
                    0.0,
                    0.0,
                    0.0,
                    1.0
                ]
            ]
        },
        {
            "file_path": "/data/shapenet_blender/all_50_random/02958343/dab0cd8adac9404780575af49bfeda6/r_27",
            "rotation": 0.12566370614359174,
            "transform_matrix": [
                [
                    0.9538607597351074,
                    -0.04137280583381653,
                    0.2973851263523102,
                    1.1987979412078857
                ],
                [
                    0.30024927854537964,
                    0.13143709301948547,
                    -0.9447616338729858,
                    -3.8084561824798584
                ],
                [
                    0.0,
                    0.9904606938362122,
                    0.1377948522567749,
                    0.5554688572883606
                ],
                [
                    0.0,
                    0.0,
                    0.0,
                    1.0
                ]
            ]
        },
        {
            "file_path": "/data/shapenet_blender/all_50_random/02958343/dab0cd8adac9404780575af49bfeda6/r_28",
            "rotation": 0.12566370614359174,
            "transform_matrix": [
                [
                    0.8896520733833313,
                    -0.15446075797080994,
                    -0.4297221899032593,
                    -1.7322657108306885
                ],
                [
                    -0.45663920044898987,
                    -0.3009297549724579,
                    -0.8372107148170471,
                    -3.3749046325683594
                ],
                [
                    1.4901162970204496e-08,
                    0.9410541653633118,
                    -0.3382555842399597,
                    -1.3635519742965698
                ],
                [
                    0.0,
                    0.0,
                    0.0,
                    1.0
                ]
            ]
        },
        {
            "file_path": "/data/shapenet_blender/all_50_random/02958343/dab0cd8adac9404780575af49bfeda6/r_29",
            "rotation": 0.12566370614359174,
            "transform_matrix": [
                [
                    0.8662438988685608,
                    -0.03474487364292145,
                    -0.4984115958213806,
                    -2.0091614723205566
                ],
                [
                    -0.49962118268013,
                    -0.06024071201682091,
                    -0.8641467094421387,
                    -3.483487129211426
                ],
                [
                    0.0,
                    0.9975789189338684,
                    -0.06954242289066315,
                    -0.2803345024585724
                ],
                [
                    0.0,
                    0.0,
                    0.0,
                    1.0
                ]
            ]
        },
        {
            "file_path": "/data/shapenet_blender/all_50_random/02958343/dab0cd8adac9404780575af49bfeda6/r_30",
            "rotation": 0.12566370614359174,
            "transform_matrix": [
                [
                    0.8188873529434204,
                    0.32320067286491394,
                    0.4743046164512634,
                    1.9119831323623657
                ],
                [
                    0.5739544034004211,
                    -0.46112537384033203,
                    -0.6767123937606812,
                    -2.727915048599243
                ],
                [
                    -1.4901162970204496e-08,
                    0.8263803720474243,
                    -0.5631121397018433,
                    -2.2699778079986572
                ],
                [
                    0.0,
                    0.0,
                    0.0,
                    1.0
                ]
            ]
        },
        {
            "file_path": "/data/shapenet_blender/all_50_random/02958343/dab0cd8adac9404780575af49bfeda6/r_31",
            "rotation": 0.12566370614359174,
            "transform_matrix": [
                [
                    0.7584394812583923,
                    0.18553195893764496,
                    -0.6247779130935669,
                    -2.5185604095458984
                ],
                [
                    -0.6517435312271118,
                    0.21590515971183777,
                    -0.7270594239234924,
                    -2.930870294570923
                ],
                [
                    1.4901161193847656e-08,
                    0.9586254954338074,
                    0.2846702039241791,
                    1.1475422382354736
                ],
                [
                    0.0,
                    0.0,
                    0.0,
                    1.0
                ]
            ]
        },
        {
            "file_path": "/data/shapenet_blender/all_50_random/02958343/dab0cd8adac9404780575af49bfeda6/r_32",
            "rotation": 0.12566370614359174,
            "transform_matrix": [
                [
                    0.39835914969444275,
                    -0.34265872836112976,
                    -0.8508201837539673,
                    -3.4297659397125244
                ],
                [
                    -0.9172295331954956,
                    -0.14881907403469086,
                    -0.36951711773872375,
                    -1.4895710945129395
                ],
                [
                    0.0,
                    0.9275979399681091,
                    -0.37358012795448303,
                    -1.50594961643219
                ],
                [
                    0.0,
                    0.0,
                    0.0,
                    1.0
                ]
            ]
        },
        {
            "file_path": "/data/shapenet_blender/all_50_random/02958343/dab0cd8adac9404780575af49bfeda6/r_33",
            "rotation": 0.12566370614359174,
            "transform_matrix": [
                [
                    -0.990765392780304,
                    -0.004320528358221054,
                    0.13551786541938782,
                    0.5462899804115295
                ],
                [
                    0.1355867087841034,
                    -0.0315711610019207,
                    0.9902623295783997,
                    3.991874933242798
                ],
                [
                    0.0,
                    0.9994922280311584,
                    0.03186541795730591,
                    0.12845361232757568
                ],
                [
                    0.0,
                    0.0,
                    0.0,
                    1.0
                ]
            ]
        },
        {
            "file_path": "/data/shapenet_blender/all_50_random/02958343/dab0cd8adac9404780575af49bfeda6/r_34",
            "rotation": 0.12566370614359174,
            "transform_matrix": [
                [
                    0.927825391292572,
                    0.011920970864593983,
                    0.37282440066337585,
                    1.5029033422470093
                ],
                [
                    0.3730149567127228,
                    -0.029651835560798645,
                    -0.9273513555526733,
                    -3.7382731437683105
                ],
                [
                    -9.313225746154785e-10,
                    0.9994891285896301,
                    -0.03195842728018761,
                    -0.12882855534553528
                ],
                [
                    0.0,
                    0.0,
                    0.0,
                    1.0
                ]
            ]
        },
        {
            "file_path": "/data/shapenet_blender/all_50_random/02958343/dab0cd8adac9404780575af49bfeda6/r_35",
            "rotation": 0.12566370614359174,
            "transform_matrix": [
                [
                    -0.5451038479804993,
                    -0.5960940718650818,
                    0.5895197987556458,
                    2.3764302730560303
                ],
                [
                    0.8383686542510986,
                    -0.38757798075675964,
                    0.38330337405204773,
                    1.5451452732086182
                ],
                [
                    1.4901162970204496e-08,
                    0.703174889087677,
                    0.711016833782196,
                    2.8662004470825195
                ],
                [
                    0.0,
                    0.0,
                    0.0,
                    1.0
                ]
            ]
        },
        {
            "file_path": "/data/shapenet_blender/all_50_random/02958343/dab0cd8adac9404780575af49bfeda6/r_36",
            "rotation": 0.12566370614359174,
            "transform_matrix": [
                [
                    0.3698658049106598,
                    -0.02291874773800373,
                    -0.928802490234375,
                    -3.7441225051879883
                ],
                [
                    -0.9290851354598999,
                    -0.009123880416154861,
                    -0.36975330114364624,
                    -1.4905232191085815
                ],
                [
                    -9.313225191043273e-10,
                    0.9996955990791321,
                    -0.02466808632016182,
                    -0.09944023936986923
                ],
                [
                    0.0,
                    0.0,
                    0.0,
                    1.0
                ]
            ]
        },
        {
            "file_path": "/data/shapenet_blender/all_50_random/02958343/dab0cd8adac9404780575af49bfeda6/r_37",
            "rotation": 0.12566370614359174,
            "transform_matrix": [
                [
                    0.9986485838890076,
                    -0.02394568920135498,
                    0.04612569883465767,
                    0.18593865633010864
                ],
                [
                    0.051970917731523514,
                    0.460129052400589,
                    -0.8863295912742615,
                    -3.572909116744995
                ],
                [
                    -1.862645149230957e-09,
                    0.8875290751457214,
                    0.4607516825199127,
                    1.8573495149612427
                ],
                [
                    0.0,
                    0.0,
                    0.0,
                    1.0
                ]
            ]
        },
        {
            "file_path": "/data/shapenet_blender/all_50_random/02958343/dab0cd8adac9404780575af49bfeda6/r_38",
            "rotation": 0.12566370614359174,
            "transform_matrix": [
                [
                    -0.37328484654426575,
                    0.15047934651374817,
                    0.9154313206672668,
                    3.6902213096618652
                ],
                [
                    0.9277167320251465,
                    0.060548290610313416,
                    0.3683415651321411,
                    1.4848321676254272
                ],
                [
                    0.0,
                    0.9867571592330933,
                    -0.16220399737358093,
                    -0.6538651585578918
                ],
                [
                    0.0,
                    0.0,
                    0.0,
                    1.0
                ]
            ]
        },
        {
            "file_path": "/data/shapenet_blender/all_50_random/02958343/dab0cd8adac9404780575af49bfeda6/r_39",
            "rotation": 0.12566370614359174,
            "transform_matrix": [
                [
                    -0.9973166584968567,
                    0.020004238933324814,
                    0.07042279839515686,
                    0.28388339281082153
                ],
                [
                    0.07320887595415115,
                    0.27251559495925903,
                    0.9593621492385864,
                    3.867312431335449
                ],
                [
                    -1.862645149230957e-09,
                    0.9619433879852295,
                    -0.2732488214969635,
                    -1.101501226425171
                ],
                [
                    0.0,
                    0.0,
                    0.0,
                    1.0
                ]
            ]
        },
        {
            "file_path": "/data/shapenet_blender/all_50_random/02958343/dab0cd8adac9404780575af49bfeda6/r_40",
            "rotation": 0.12566370614359174,
            "transform_matrix": [
                [
                    -0.3884211480617523,
                    -0.6889317631721497,
                    -0.6119655966758728,
                    -2.466912269592285
                ],
                [
                    -0.9214819073677063,
                    0.29039710760116577,
                    0.257954478263855,
                    1.039847731590271
                ],
                [
                    0.0,
                    0.6641102433204651,
                    -0.7476346492767334,
                    -3.0138115882873535
                ],
                [
                    0.0,
                    0.0,
                    0.0,
                    1.0
                ]
            ]
        },
        {
            "file_path": "/data/shapenet_blender/all_50_random/02958343/dab0cd8adac9404780575af49bfeda6/r_41",
            "rotation": 0.12566370614359174,
            "transform_matrix": [
                [
                    0.9996413588523865,
                    -0.024381928145885468,
                    -0.011077028699219227,
                    -0.04465293139219284
                ],
                [
                    -0.026780201122164726,
                    -0.9101195931434631,
                    -0.413479208946228,
                    -1.6667879819869995
