{
    "class": "02958343",
    "model": "b09376c77d8fe18eeaa60d48e24f18e0",
    "remove_doubles": true,
    "edge_split": true,
    "denoise": true,
    "camera_angle_x": 0.6911112070083618,
    "scale_factor": 2.2109733211292304,
    "hdri_file": "/data/IndoorHDRDataset2018/9C4A1523-bb60563b10.exr",
    "center_offset": [
        0.0,
        0.0,
        -1.862645149230957e-09
    ],
    "lights": [],
    "frames": [
        {
            "file_path": "/data/shapenet_blender/all_50_random/02958343/b09376c77d8fe18eeaa60d48e24f18e0/r_0",
            "rotation": 0.12566370614359174,
            "transform_matrix": [
                [
                    -0.6428549289703369,
                    -0.5501977801322937,
                    -0.5329350829124451,
                    -2.148329973220825
                ],
                [
                    -0.7659879326820374,
                    0.461753249168396,
                    0.44726553559303284,
                    1.8029850721359253
                ],
                [
                    0.0,
                    0.6957485675811768,
                    -0.7182852625846863,
                    -2.895500421524048
                ],
                [
                    0.0,
                    0.0,
                    0.0,
                    1.0
                ]
            ]
        },
        {
            "file_path": "/data/shapenet_blender/all_50_random/02958343/b09376c77d8fe18eeaa60d48e24f18e0/r_1",
            "rotation": 0.12566370614359174,
            "transform_matrix": [
                [
                    -0.2018676996231079,
                    -0.20738334953784943,
                    0.9572049975395203,
                    3.858617067337036
                ],
                [
                    0.9794127941131592,
                    -0.042743980884552,
                    0.19729042053222656,
                    0.7953031659126282
                ],
                [
                    3.725290742551124e-09,
                    0.9773253202438354,
                    0.2117425501346588,
                    0.8535615801811218
                ],
                [
                    0.0,
                    0.0,
                    0.0,
                    1.0
                ]
            ]
        },
        {
            "file_path": "/data/shapenet_blender/all_50_random/02958343/b09376c77d8fe18eeaa60d48e24f18e0/r_2",
            "rotation": 0.12566370614359174,
            "transform_matrix": [
                [
                    0.13976725935935974,
                    -0.8436897397041321,
                    -0.5183172225952148,
                    -2.0894036293029785
                ],
                [
                    -0.990184485912323,
                    -0.11908911913633347,
                    -0.07316189259290695,
                    -0.2949250340461731
                ],
                [
                    0.0,
                    0.5234552025794983,
                    -0.8520531058311462,
                    -3.4347360134124756
                ],
                [
                    0.0,
                    0.0,
                    0.0,
                    1.0
                ]
            ]
        },
        {
            "file_path": "/data/shapenet_blender/all_50_random/02958343/b09376c77d8fe18eeaa60d48e24f18e0/r_3",
            "rotation": 0.12566370614359174,
            "transform_matrix": [
                [
                    0.7698756456375122,
                    0.24287016689777374,
                    0.59017413854599,
                    2.379068374633789
                ],
                [
                    0.6381939053535461,
                    -0.2929827570915222,
                    -0.7119476795196533,
                    -2.869953155517578
                ],
                [
                    0.0,
                    0.9247568249702454,
                    -0.38055849075317383,
                    -1.5340805053710938
                ],
                [
                    0.0,
                    0.0,
                    0.0,
                    1.0
                ]
            ]
        },
        {
            "file_path": "/data/shapenet_blender/all_50_random/02958343/b09376c77d8fe18eeaa60d48e24f18e0/r_4",
            "rotation": 0.12566370614359174,
            "transform_matrix": [
                [
                    0.0787995383143425,
                    -0.014589601196348667,
                    0.9967837333679199,
                    4.018163681030273
                ],
                [
                    0.9968904852867126,
                    0.0011532397475093603,
                    -0.07879110425710678,
                    -0.3176170885562897
                ],
                [
                    1.1641532182693481e-10,
                    0.9998928308486938,
                    0.014635112136602402,
                    0.05899602547287941
                ],
                [
                    0.0,
                    0.0,
                    0.0,
                    1.0
                ]
            ]
        },
        {
            "file_path": "/data/shapenet_blender/all_50_random/02958343/b09376c77d8fe18eeaa60d48e24f18e0/r_5",
            "rotation": 0.12566370614359174,
            "transform_matrix": [
                [
                    0.2494126260280609,
                    0.6137329936027527,
                    0.7490828633308411,
                    3.0196495056152344
                ],
                [
                    0.9683973789215088,
                    -0.15806812047958374,
                    -0.19292773306369781,
                    -0.7777165770530701
                ],
                [
                    0.0,
                    0.7735284566879272,
                    -0.6337615847587585,
                    -2.554774761199951
                ],
                [
                    0.0,
                    0.0,
                    0.0,
                    1.0
                ]
            ]
        },
        {
            "file_path": "/data/shapenet_blender/all_50_random/02958343/b09376c77d8fe18eeaa60d48e24f18e0/r_6",
            "rotation": 0.12566370614359174,
            "transform_matrix": [
                [
                    0.9291260242462158,
                    0.08818905800580978,
                    -0.3590925931930542,
                    -1.4475486278533936
                ],
                [
                    -0.36976319551467896,
                    0.22159792482852936,
                    -0.9023134112358093,
                    -3.6373419761657715
                ],
                [
                    7.450580596923828e-09,
                    0.9711421132087708,
                    0.2385014444589615,
                    0.9614301323890686
                ],
                [
                    0.0,
                    0.0,
                    0.0,
                    1.0
                ]
            ]
        },
        {
            "file_path": "/data/shapenet_blender/all_50_random/02958343/b09376c77d8fe18eeaa60d48e24f18e0/r_7",
            "rotation": 0.12566370614359174,
            "transform_matrix": [
                [
                    -0.36895889043807983,
                    -0.3809124529361725,
                    0.847805917263031,
                    3.4176151752471924
                ],
                [
                    0.9294456839561462,
                    -0.1512095183134079,
                    0.33655065298080444,
                    1.3566792011260986
                ],
                [
                    -1.4901161193847656e-08,
                    0.9121630191802979,
                    0.40982750058174133,
                    1.6520676612854004
                ],
                [
                    0.0,
                    0.0,
                    0.0,
                    1.0
                ]
            ]
        },
        {
            "file_path": "/data/shapenet_blender/all_50_random/02958343/b09376c77d8fe18eeaa60d48e24f18e0/r_8",
            "rotation": 0.12566370614359174,
            "transform_matrix": [
                [
                    0.786255419254303,
                    0.1746423840522766,
                    0.5927076935768127,
                    2.3892812728881836
                ],
                [
                    0.6179016828536987,
                    -0.22222551703453064,
                    -0.7541971206665039,
                    -3.0402660369873047
                ],
                [
                    -1.4901161193847656e-08,
                    0.959226667881012,
                    -0.2826377749443054,
                    -1.1393494606018066
                ],
                [
                    0.0,
                    0.0,
                    0.0,
                    1.0
                ]
            ]
        },
        {
            "file_path": "/data/shapenet_blender/all_50_random/02958343/b09376c77d8fe18eeaa60d48e24f18e0/r_9",
            "rotation": 0.12566370614359174,
            "transform_matrix": [
                [
                    -0.9824063181877136,
                    -0.10675979405641556,
                    -0.1532326340675354,
                    -0.6177005767822266
                ],
                [
                    -0.18675626814365387,
                    0.5615955591201782,
                    0.8060597777366638,
                    3.24933123588562
                ],
                [
                    0.0,
                    0.8204954266548157,
                    -0.5716530084609985,
                    -2.3044071197509766
                ],
                [
                    0.0,
                    0.0,
                    0.0,
                    1.0
                ]
            ]
        },
        {
            "file_path": "/data/shapenet_blender/all_50_random/02958343/b09376c77d8fe18eeaa60d48e24f18e0/r_10",
            "rotation": 0.12566370614359174,
            "transform_matrix": [
                [
                    0.7278019189834595,
                    0.42019757628440857,
                    0.541976273059845,
                    2.1847763061523438
                ],
                [
                    0.6857873201370239,
                    -0.44594085216522217,
                    -0.5751802921295166,
                    -2.3186259269714355
                ],
                [
                    -1.4901161193847656e-08,
                    0.7902978658676147,
                    -0.6127228140830994,
                    -2.4699647426605225
                ],
                [
                    0.0,
                    0.0,
                    0.0,
                    1.0
                ]
            ]
        },
        {
            "file_path": "/data/shapenet_blender/all_50_random/02958343/b09376c77d8fe18eeaa60d48e24f18e0/r_11",
            "rotation": 0.12566370614359174,
            "transform_matrix": [
                [
                    0.9690815806388855,
                    -0.04583369195461273,
                    0.2424461990594864,
                    0.9773318767547607
                ],
                [
                    0.24674052000045776,
                    0.18001332879066467,
                    -0.9522154927253723,
                    -3.838503360748291
                ],
                [
                    3.725290298461914e-09,
                    0.982595682144165,
                    0.185756653547287,
                    0.7488090395927429
                ],
                [
                    0.0,
                    0.0,
                    0.0,
                    1.0
                ]
            ]
        },
        {
            "file_path": "/data/shapenet_blender/all_50_random/02958343/b09376c77d8fe18eeaa60d48e24f18e0/r_12",
            "rotation": 0.12566370614359174,
            "transform_matrix": [
                [
                    0.21214906871318817,
                    0.5819724202156067,
                    0.7850483059883118,
                    3.164630889892578
                ],
                [
                    0.977237343788147,
                    -0.12634076178073883,
                    -0.1704266369342804,
                    -0.68701171875
                ],
                [
                    0.0,
                    0.8033342361450195,
                    -0.595528244972229,
                    -2.400651216506958
                ],
                [
                    0.0,
                    0.0,
                    0.0,
                    1.0
                ]
            ]
        },
        {
            "file_path": "/data/shapenet_blender/all_50_random/02958343/b09376c77d8fe18eeaa60d48e24f18e0/r_13",
            "rotation": 0.12566370614359174,
            "transform_matrix": [
                [
                    -0.7653917074203491,
                    0.3509300649166107,
                    0.5394659638404846,
                    2.174656867980957
                ],
                [
                    0.6435646414756775,
                    0.4173613488674164,
                    0.6415871381759644,
                    2.586320400238037
                ],
                [
                    -1.4901159417490817e-08,
                    0.8382467031478882,
                    -0.5452911257743835,
                    -2.198138952255249
                ],
                [
                    0.0,
                    0.0,
                    0.0,
                    1.0
                ]
            ]
        },
        {
            "file_path": "/data/shapenet_blender/all_50_random/02958343/b09376c77d8fe18eeaa60d48e24f18e0/r_14",
            "rotation": 0.12566370614359174,
            "transform_matrix": [
                [
                    0.5214720964431763,
                    0.06279145181179047,
                    0.8509548306465149,
                    3.4303085803985596
                ],
                [
                    0.8532684445381165,
                    -0.03837478533387184,
                    -0.5200581550598145,
                    -2.096421480178833
                ],
                [
                    3.725290742551124e-09,
                    0.9972885251045227,
                    -0.07358934730291367,
                    -0.29664814472198486
                ],
                [
                    0.0,
                    0.0,
                    0.0,
                    1.0
                ]
            ]
        },
        {
            "file_path": "/data/shapenet_blender/all_50_random/02958343/b09376c77d8fe18eeaa60d48e24f18e0/r_15",
            "rotation": 0.12566370614359174,
            "transform_matrix": [
                [
                    0.11996924877166748,
                    -0.033804457634687424,
                    -0.9922018647193909,
                    -3.9996938705444336
                ],
                [
                    -0.9927777051925659,
                    -0.0040849982760846615,
                    -0.11989966034889221,
                    -0.48333102464675903
                ],
                [
                    0.0,
                    0.9994201064109802,
                    -0.03405037894845009,
                    -0.13726148009300232
                ],
                [
                    0.0,
                    0.0,
                    0.0,
                    1.0
                ]
            ]
        },
        {
            "file_path": "/data/shapenet_blender/all_50_random/02958343/b09376c77d8fe18eeaa60d48e24f18e0/r_16",
            "rotation": 0.12566370614359174,
            "transform_matrix": [
                [
                    0.19567713141441345,
                    -0.07140327244997025,
                    -0.978065550327301,
                    -3.9427077770233154
                ],
                [
                    -0.9806684255599976,
                    -0.014247413724660873,
                    -0.19515778124332428,
                    -0.7867060899734497
                ],
                [
                    -9.313225746154785e-10,
                    0.9973456859588623,
                    -0.0728108361363411,
                    -0.293509840965271
                ],
                [
                    0.0,
                    0.0,
                    0.0,
                    1.0
                ]
            ]
        },
        {
            "file_path": "/data/shapenet_blender/all_50_random/02958343/b09376c77d8fe18eeaa60d48e24f18e0/r_17",
            "rotation": 0.12566370614359174,
            "transform_matrix": [
                [
                    -0.9995120167732239,
                    -0.010945317335426807,
                    0.029257971793413162,
                    0.11794266104698181
                ],
                [
                    0.031238263472914696,
                    -0.3502107262611389,
                    0.9361497759819031,
                    3.773740768432617
                ],
                [
                    0.0,
                    0.9366068840026855,
                    0.3503817319869995,
                    1.4124341011047363
                ],
                [
                    0.0,
                    0.0,
                    0.0,
                    1.0
                ]
            ]
        },
        {
            "file_path": "/data/shapenet_blender/all_50_random/02958343/b09376c77d8fe18eeaa60d48e24f18e0/r_18",
            "rotation": 0.12566370614359174,
            "transform_matrix": [
                [
                    -0.32226768136024475,
                    -0.21459445357322693,
                    -0.9220046997070312,
                    -3.7167201042175293
                ],
                [
                    -0.9466486573219299,
                    0.07305440306663513,
                    0.3138781189918518,
                    1.2652833461761475
                ],
                [
                    -7.450581485102248e-09,
                    0.9739672541618347,
                    -0.22668859362602234,
                    -0.9138110280036926
                ],
                [
                    0.0,
                    0.0,
                    0.0,
                    1.0
                ]
            ]
        },
        {
            "file_path": "/data/shapenet_blender/all_50_random/02958343/b09376c77d8fe18eeaa60d48e24f18e0/r_19",
            "rotation": 0.12566370614359174,
            "transform_matrix": [
                [
                    0.966981828212738,
                    -0.017238901928067207,
                    -0.25426149368286133,
                    -1.0249608755111694
                ],
                [
                    -0.25484520196914673,
                    -0.06541109085083008,
                    -0.9647669792175293,
                    -3.8890998363494873
                ],
                [
                    1.8626448161640496e-09,
                    0.9977095723152161,
                    -0.06764458864927292,
                    -0.2726840674877167
                ],
                [
                    0.0,
                    0.0,
                    0.0,
                    1.0
                ]
            ]
        },
        {
            "file_path": "/data/shapenet_blender/all_50_random/02958343/b09376c77d8fe18eeaa60d48e24f18e0/r_20",
            "rotation": 0.12566370614359174,
            "transform_matrix": [
                [
                    0.880468487739563,
                    -0.37074393033981323,
                    0.29550662636756897,
                    1.191225290298462
                ],
                [
                    0.47410473227500916,
                    0.688515305519104,
                    -0.5487907528877258,
                    -2.2122461795806885
                ],
                [
                    0.0,
                    0.623293936252594,
                    0.7819875478744507,
                    3.1522927284240723
                ],
                [
                    0.0,
                    0.0,
                    0.0,
                    1.0
                ]
            ]
        },
        {
            "file_path": "/data/shapenet_blender/all_50_random/02958343/b09376c77d8fe18eeaa60d48e24f18e0/r_21",
            "rotation": 0.12566370614359174,
            "transform_matrix": [
                [
                    -0.9966267347335815,
                    0.07168924808502197,
                    -0.039945922791957855,
                    -0.16102716326713562
                ],
                [
                    -0.08206720650196075,
                    -0.8705965280532837,
                    0.4851045310497284,
                    1.9555189609527588
                ],
                [
                    0.0,
                    0.48674649000167847,
                    0.8735432624816895,
                    3.5213656425476074
                ],
                [
                    0.0,
                    0.0,
                    0.0,
                    1.0
                ]
            ]
        },
        {
            "file_path": "/data/shapenet_blender/all_50_random/02958343/b09376c77d8fe18eeaa60d48e24f18e0/r_22",
            "rotation": 0.12566370614359174,
            "transform_matrix": [
                [
                    0.7926358580589294,
                    0.04219450429081917,
                    0.6082334518432617,
                    2.4518675804138184
                ],
                [
                    0.6096951961517334,
                    -0.054855071008205414,
                    -0.7907354831695557,
                    -3.187556743621826
                ],
                [
                    0.0,
                    0.9976024031639099,
                    -0.0692058876156807,
                    -0.2789778709411621
                ],
                [
                    0.0,
                    0.0,
                    0.0,
                    1.0
                ]
            ]
        },
        {
            "file_path": "/data/shapenet_blender/all_50_random/02958343/b09376c77d8fe18eeaa60d48e24f18e0/r_23",
            "rotation": 0.12566370614359174,
            "transform_matrix": [
                [
                    0.12188921123743057,
                    0.3998309075832367,
                    0.9084482192993164,
                    3.662071943283081
                ],
                [
                    0.992543637752533,
                    -0.04910119250416756,
                    -0.11156187951564789,
                    -0.4497203230857849
                ],
                [
                    3.725290076417309e-09,
                    0.9152728319168091,
                    -0.40283453464508057,
                    -1.623878002166748
                ],
                [
                    0.0,
                    0.0,
                    0.0,
                    1.0
                ]
            ]
        },
        {
            "file_path": "/data/shapenet_blender/all_50_random/02958343/b09376c77d8fe18eeaa60d48e24f18e0/r_24",
            "rotation": 0.12566370614359174,
            "transform_matrix": [
                [
                    0.294645220041275,
                    0.46226766705513,
                    0.8363568186759949,
                    3.371462106704712
                ],
                [
                    0.9556067585945129,
                    -0.14253242313861847,
                    -0.25787651538848877,
                    -1.0395334959030151
                ],
                [
                    -1.4901162970204496e-08,
                    0.8752102851867676,
                    -0.4837425947189331,
                    -1.9500287771224976
                ],
                [
                    0.0,
                    0.0,
                    0.0,
                    1.0
                ]
            ]
        },
        {
            "file_path": "/data/shapenet_blender/all_50_random/02958343/b09376c77d8fe18eeaa60d48e24f18e0/r_25",
            "rotation": 0.12566370614359174,
            "transform_matrix": [
                [
                    0.41297203302383423,
                    -0.023159580305218697,
                    0.910449206829071,
                    3.670138120651245
                ],
                [
                    0.910743772983551,
                    0.010501591488718987,
                    -0.4128384590148926,
                    -1.6642050743103027
                ],
                [
                    0.0,
                    0.999676525592804,
                    0.02542930655181408,
                    0.10250881314277649
                ],
                [
                    0.0,
                    0.0,
                    0.0,
                    1.0
                ]
            ]
        },
        {
            "file_path": "/data/shapenet_blender/all_50_random/02958343/b09376c77d8fe18eeaa60d48e24f18e0/r_26",
            "rotation": 0.12566370614359174,
            "transform_matrix": [
                [
                    -0.23289833962917328,
                    0.8752286434173584,
                    0.42394953966140747,
                    1.7089953422546387
                ],
                [
                    0.9725011587142944,
                    0.20960314571857452,
                    0.1015290766954422,
                    0.4092768430709839
                ],
                [
                    0.0,
                    0.4359372854232788,
                    -0.899976909160614,
                    -3.6279232501983643
                ],
                [
                    0.0,
                    0.0,
                    0.0,
                    1.0
                ]
            ]
        },
        {
            "file_path": "/data/shapenet_blender/all_50_random/02958343/b09376c77d8fe18eeaa60d48e24f18e0/r_27",
            "rotation": 0.12566370614359174,
            "transform_matrix": [
                [
                    0.7208390235900879,
                    -0.381460964679718,
                    -0.5786869525909424,
                    -2.3327620029449463
                ],
                [
                    -0.6931025981903076,
                    -0.39672619104385376,
                    -0.6018447875976562,
                    -2.426114082336426
                ],
                [
                    1.4901161193847656e-08,
                    0.8349226713180542,
                    -0.5503672361373901,
                    -2.2186014652252197
                ],
                [
                    0.0,
                    0.0,
                    0.0,
                    1.0
                ]
            ]
        },
        {
            "file_path": "/data/shapenet_blender/all_50_random/02958343/b09376c77d8fe18eeaa60d48e24f18e0/r_28",
            "rotation": 0.12566370614359174,
            "transform_matrix": [
                [
                    -0.45867520570755005,
                    0.35006213188171387,
                    -0.8167456388473511,
                    -3.292407274246216
                ],
                [
                    -0.8886041045188904,
                    -0.18069331347942352,
                    0.4215836822986603,
                    1.699458360671997
                ],
                [
                    0.0,
                    0.9191335439682007,
                    0.3939460515975952,
                    1.5880475044250488
                ],
                [
                    0.0,
                    0.0,
                    0.0,
                    1.0
                ]
            ]
        },
        {
            "file_path": "/data/shapenet_blender/all_50_random/02958343/b09376c77d8fe18eeaa60d48e24f18e0/r_29",
            "rotation": 0.12566370614359174,
            "transform_matrix": [
                [
                    -0.9678137302398682,
                    -0.13607154786586761,
                    0.2117103636264801,
                    0.8534318208694458
                ],
                [
                    0.25166794657707214,
                    -0.5232764482498169,
                    0.8141528964042664,
                    3.2819554805755615
                ],
                [
                    7.450580596923828e-09,
                    0.8412289619445801,
                    0.5406789183616638,
                    2.179546594619751
                ],
                [
                    0.0,
                    0.0,
                    0.0,
                    1.0
                ]
            ]
        },
        {
            "file_path": "/data/shapenet_blender/all_50_random/02958343/b09376c77d8fe18eeaa60d48e24f18e0/r_30",
            "rotation": 0.12566370614359174,
            "transform_matrix": [
                [
                    -0.9905813336372375,
                    -0.0767040029168129,
                    -0.11342515051364899,
                    -0.45723140239715576
                ],
                [
                    -0.13692614436149597,
                    0.5549090504646301,
                    0.8205652236938477,
                    3.3078041076660156
                ],
                [
                    7.450580596923828e-09,
                    0.8283673524856567,
                    -0.5601852536201477,
                    -2.258178949356079
                ],
                [
                    0.0,
                    0.0,
                    0.0,
                    1.0
                ]
            ]
        },
        {
            "file_path": "/data/shapenet_blender/all_50_random/02958343/b09376c77d8fe18eeaa60d48e24f18e0/r_31",
            "rotation": 0.12566370614359174,
            "transform_matrix": [
                [
                    0.43166303634643555,
                    0.48825395107269287,
                    0.7584688663482666,
                    3.057486057281494
                ],
                [
                    0.9020349383354187,
                    -0.233650803565979,
                    -0.36296042799949646,
                    -1.4631403684616089
                ],
                [
                    0.0,
                    0.840842068195343,
                    -0.5412804484367371,
                    -2.181971549987793
                ],
                [
                    0.0,
                    0.0,
                    0.0,
                    1.0
                ]
            ]
        },
        {
            "file_path": "/data/shapenet_blender/all_50_random/02958343/b09376c77d8fe18eeaa60d48e24f18e0/r_32",
            "rotation": 0.12566370614359174,
            "transform_matrix": [
                [
                    0.9138704538345337,
                    -0.09067239612340927,
                    0.3957517743110657,
                    1.5953264236450195
                ],
                [
                    0.4060061573982239,
                    0.20409254729747772,
                    -0.8907891511917114,
                    -3.590885877609253
                ],
                [
                    0.0,
                    0.9747433662414551,
                    0.22332769632339478,
                    0.900262713432312
                ],
                [
                    0.0,
                    0.0,
                    0.0,
                    1.0
                ]
            ]
        },
        {
            "file_path": "/data/shapenet_blender/all_50_random/02958343/b09376c77d8fe18eeaa60d48e24f18e0/r_33",
            "rotation": 0.12566370614359174,
            "transform_matrix": [
                [
                    -0.5388992428779602,
                    0.27058252692222595,
                    0.7977296710014343,
                    3.2157511711120605
                ],
                [
                    0.8423700928688049,
                    0.17310291528701782,
                    0.5103409290313721,
                    2.0572500228881836
                ],
                [
                    1.4901158529312397e-08,
                    0.947006106376648,
                    -0.3212156891822815,
                    -1.294861912727356
                ],
                [
                    0.0,
                    0.0,
                    0.0,
                    1.0
                ]
            ]
        },
        {
            "file_path": "/data/shapenet_blender/all_50_random/02958343/b09376c77d8fe18eeaa60d48e24f18e0/r_34",
            "rotation": 0.12566370614359174,
            "transform_matrix": [
                [
                    0.9754804968833923,
                    0.06413194537162781,
                    -0.21053463220596313,
                    -0.8486922979354858
                ],
                [
                    -0.2200857698917389,
                    0.2842503786087036,
                    -0.9331472516059875,
                    -3.7616372108459473
                ],
                [
                    0.0,
                    0.9566026329994202,
                    0.2913952171802521,
                    1.174651861190796
                ],
                [
                    0.0,
                    0.0,
                    0.0,
                    1.0
                ]
            ]
        },
        {
            "file_path": "/data/shapenet_blender/all_50_random/02958343/b09376c77d8fe18eeaa60d48e24f18e0/r_35",
            "rotation": 0.12566370614359174,
            "transform_matrix": [
                [
                    0.3153808116912842,
                    -0.24179121851921082,
                    -0.917644739151001,
                    -3.6991443634033203
                ],
                [
                    -0.9489652514457703,
                    -0.08035732805728912,
                    -0.30497169494628906,
                    -1.2293802499771118
                ],
                [
                    0.0,
                    0.9669951796531677,
                    -0.2547945976257324,
                    -1.0271098613739014
                ],
                [
                    0.0,
                    0.0,
                    0.0,
                    1.0
                ]
            ]
        },
        {
            "file_path": "/data/shapenet_blender/all_50_random/02958343/b09376c77d8fe18eeaa60d48e24f18e0/r_36",
            "rotation": 0.12566370614359174,
            "transform_matrix": [
                [
                    0.9983806014060974,
                    0.022155489772558212,
                    -0.0523955374956131,
                    -0.21121317148208618
                ],
                [
                    -0.05688723549246788,
                    0.38883256912231445,
                    -0.9195504784584045,
                    -3.7068264484405518
                ],
                [
                    0.0,
                    0.9210419654846191,
                    0.38946324586868286,
                    1.569976568222046
                ],
                [
                    0.0,
                    0.0,
                    0.0,
                    1.0
                ]
            ]
        },
        {
            "file_path": "/data/shapenet_blender/all_50_random/02958343/b09376c77d8fe18eeaa60d48e24f18e0/r_37",
            "rotation": 0.12566370614359174,
            "transform_matrix": [
                [
                    0.9972565770149231,
                    -0.015875929966568947,
                    0.07230047136545181,
                    0.2914525270462036
                ],
                [
                    0.07402299344539642,
                    0.21388456225395203,
                    -0.9740502834320068,
                    -3.9265222549438477
                ],
                [
                    0.0,
                    0.9767298698425293,
                    0.21447297930717468,
                    0.8645682334899902
                ],
                [
                    0.0,
                    0.0,
                    0.0,
                    1.0
                ]
            ]
        },
        {
            "file_path": "/data/shapenet_blender/all_50_random/02958343/b09376c77d8fe18eeaa60d48e24f18e0/r_38",
            "rotation": 0.12566370614359174,
            "transform_matrix": [
                [
                    0.25440964102745056,
                    0.7657079100608826,
                    -0.5907344222068787,
                    -2.381326913833618
                ],
                [
                    -0.9670965671539307,
                    0.2014312446117401,
                    -0.1554017812013626,
                    -0.6264446973800659
                ],
                [
                    0.0,
                    0.610832929611206,
                    0.7917594313621521,
                    3.1916844844818115
                ],
                [
                    0.0,
                    0.0,
                    0.0,
                    1.0
                ]
            ]
        },
        {
            "file_path": "/data/shapenet_blender/all_50_random/02958343/b09376c77d8fe18eeaa60d48e24f18e0/r_39",
            "rotation": 0.12566370614359174,
            "transform_matrix": [
                [
                    0.08764591068029404,
                    -0.8948894739151001,
                    0.43759655952453613,
                    1.7640079259872437
                ],
                [
                    0.9961516857147217,
                    0.07873640209436417,
                    -0.038501717150211334,
                    -0.1552053689956665
                ],
                [
                    3.725290076417309e-09,
                    0.4392872154712677,
                    0.8983468413352966,
                    3.621351480484009
                ],
                [
                    0.0,
                    0.0,
                    0.0,
                    1.0
                ]
            ]
        },
        {
            "file_path": "/data/shapenet_blender/all_50_random/02958343/b09376c77d8fe18eeaa60d48e24f18e0/r_40",
            "rotation": 0.12566370614359174,
            "transform_matrix": [
                [
                    0.9839664697647095,
                    0.010642878711223602,
                    -0.17803600430488586,
                    -0.7176861763000488
                ],
                [
                    -0.17835384607315063,
                    0.0587160624563694,
                    -0.9822129011154175,
                    -3.9594271183013916
                ],
                [
                    0.0,
                    0.9982178807258606,
                    0.05967282876372337,
                    0.24054887890815735
                ],
                [
                    0.0,
                    0.0,
                    0.0,
                    1.0
                ]
            ]
        },
        {
            "file_path": "/data/shapenet_blender/all_50_random/02958343/b09376c77d8fe18eeaa60d48e24f18e0/r_41",
            "rotation": 0.12566370614359174,
            "transform_matrix": [
                [
                    -0.6662973165512085,
                    0.02168162725865841,
                    0.7453708648681641,
                    3.0046863555908203
                ],
                [
                    0.7456862330436707,
                    0.01937330886721611,
                    0.6660155057907104,
                    2.6847946643829346
                ],
                [
                    0.0,
