{
    "class": "02958343",
    "model": "479f89af38e88bc9715e04edb8af9c53",
    "remove_doubles": true,
    "edge_split": true,
    "denoise": true,
    "camera_angle_x": 0.6911112070083618,
    "scale_factor": 2.2937909572178015,
    "hdri_file": "/data/IndoorHDRDataset2018/AG8A8976-13ab7ce192.exr",
    "center_offset": [
        0.0,
        3.725290298461914e-09,
        -7.450580596923828e-09
    ],
    "lights": [],
    "frames": [
        {
            "file_path": "/data/shapenet_blender/all_50_random/02958343/479f89af38e88bc9715e04edb8af9c53/r_0",
            "rotation": 0.12566370614359174,
            "transform_matrix": [
                [
                    -0.4877679944038391,
                    -0.6416217088699341,
                    -0.5919492244720459,
                    -2.386223554611206
                ],
                [
                    -0.8729733228683472,
                    0.3585018515586853,
                    0.33074766397476196,
                    1.3332865238189697
                ],
                [
                    0.0,
                    0.6780839562416077,
                    -0.7349843978881836,
                    -2.9628169536590576
                ],
                [
                    0.0,
                    0.0,
                    0.0,
                    1.0
                ]
            ]
        },
        {
            "file_path": "/data/shapenet_blender/all_50_random/02958343/479f89af38e88bc9715e04edb8af9c53/r_1",
            "rotation": 0.12566370614359174,
            "transform_matrix": [
                [
                    0.8315242528915405,
                    0.529365062713623,
                    0.16834482550621033,
                    0.6786197423934937
                ],
                [
                    0.5554884672164917,
                    -0.7924195528030396,
                    -0.25199946761131287,
                    -1.0158424377441406
                ],
                [
                    1.4901161193847656e-08,
                    0.3030572533607483,
                    -0.9529722929000854,
                    -3.8415544033050537
                ],
                [
                    0.0,
                    0.0,
                    0.0,
                    1.0
                ]
            ]
        },
        {
            "file_path": "/data/shapenet_blender/all_50_random/02958343/479f89af38e88bc9715e04edb8af9c53/r_2",
            "rotation": 0.12566370614359174,
            "transform_matrix": [
                [
                    0.7454895377159119,
                    0.6599662899971008,
                    -0.09322009980678558,
                    -0.3757822513580322
                ],
                [
                    -0.6665173768997192,
                    0.7381622195243835,
                    -0.1042652577161789,
                    -0.4203067123889923
                ],
                [
                    0.0,
                    0.13986147940158844,
                    0.9901710748672485,
                    3.9915072917938232
                ],
                [
                    0.0,
                    0.0,
                    0.0,
                    1.0
                ]
            ]
        },
        {
            "file_path": "/data/shapenet_blender/all_50_random/02958343/479f89af38e88bc9715e04edb8af9c53/r_3",
            "rotation": 0.12566370614359174,
            "transform_matrix": [
                [
                    0.5319406986236572,
                    -0.5943391919136047,
                    0.603158175945282,
                    2.431408405303955
                ],
                [
                    0.8467814326286316,
                    0.37335872650146484,
                    -0.3788987100124359,
                    -1.5273895263671875
                ],
                [
                    -1.4901161193847656e-08,
                    0.71229487657547,
                    0.7018802762031555,
                    2.8293697834014893
                ],
                [
                    0.0,
                    0.0,
                    0.0,
                    1.0
                ]
            ]
        },
        {
            "file_path": "/data/shapenet_blender/all_50_random/02958343/479f89af38e88bc9715e04edb8af9c53/r_4",
            "rotation": 0.12566370614359174,
            "transform_matrix": [
                [
                    -0.7589820623397827,
                    0.25296175479888916,
                    0.5999637842178345,
                    2.4185314178466797
                ],
                [
                    0.6511114835739136,
                    0.2948703169822693,
                    0.6993606686592102,
                    2.8192129135131836
                ],
                [
                    -1.4901161193847656e-08,
                    0.9214454889297485,
                    -0.388507604598999,
                    -1.5661242008209229
                ],
                [
                    0.0,
                    0.0,
                    0.0,
                    1.0
                ]
            ]
        },
        {
            "file_path": "/data/shapenet_blender/all_50_random/02958343/479f89af38e88bc9715e04edb8af9c53/r_5",
            "rotation": 0.12566370614359174,
            "transform_matrix": [
                [
                    0.3382343351840973,
                    -0.7104204297065735,
                    0.6171711087226868,
                    2.48789644241333
                ],
                [
                    0.9410619735717773,
                    0.2553376853466034,
                    -0.22182224690914154,
                    -0.8941941261291504
                ],
                [
                    1.4901162970204496e-08,
                    0.6558241844177246,
                    0.7549135684967041,
                    3.043154239654541
                ],
                [
                    0.0,
                    0.0,
                    0.0,
                    1.0
                ]
            ]
        },
        {
            "file_path": "/data/shapenet_blender/all_50_random/02958343/479f89af38e88bc9715e04edb8af9c53/r_6",
            "rotation": 0.12566370614359174,
            "transform_matrix": [
                [
                    -0.833728551864624,
                    -0.1312989443540573,
                    -0.5363368988037109,
                    -2.1620428562164307
                ],
                [
                    -0.55217444896698,
                    0.19824835658073425,
                    0.8098154664039612,
                    3.264470100402832
                ],
                [
                    -7.4505797087454084e-09,
                    0.9713177680969238,
                    -0.23778527975082397,
                    -0.9585430026054382
                ],
                [
                    0.0,
                    0.0,
                    0.0,
                    1.0
                ]
            ]
        },
        {
            "file_path": "/data/shapenet_blender/all_50_random/02958343/479f89af38e88bc9715e04edb8af9c53/r_7",
            "rotation": 0.12566370614359174,
            "transform_matrix": [
                [
                    -0.7527767419815063,
                    0.3383805751800537,
                    0.5646466016769409,
                    2.2761635780334473
                ],
                [
                    0.6582760214805603,
                    0.3869577646255493,
                    0.645706057548523,
                    2.6029245853424072
                ],
                [
                    -1.4901162970204496e-08,
                    0.857765793800354,
                    -0.5140405297279358,
                    -2.0721638202667236
                ],
                [
                    0.0,
                    0.0,
                    0.0,
                    1.0
                ]
            ]
        },
        {
            "file_path": "/data/shapenet_blender/all_50_random/02958343/479f89af38e88bc9715e04edb8af9c53/r_8",
            "rotation": 0.12566370614359174,
            "transform_matrix": [
                [
                    -0.5896219611167908,
                    0.39413681626319885,
                    0.7049837112426758,
                    2.8418805599212646
                ],
                [
                    0.8076793551445007,
                    0.2877276837825775,
                    0.5146520733833313,
                    2.074629068374634
                ],
                [
                    0.0,
                    0.8728510737419128,
                    -0.48798665404319763,
                    -1.9671372175216675
                ],
                [
                    0.0,
                    0.0,
                    0.0,
                    1.0
                ]
            ]
        },
        {
            "file_path": "/data/shapenet_blender/all_50_random/02958343/479f89af38e88bc9715e04edb8af9c53/r_9",
            "rotation": 0.12566370614359174,
            "transform_matrix": [
                [
                    -0.17458662390708923,
                    -0.7914538979530334,
                    0.5857643485069275,
                    2.3612918853759766
                ],
                [
                    0.9846419095993042,
                    -0.14033252000808716,
                    0.1038617491722107,
                    0.4186801314353943
                ],
                [
                    0.0,
                    0.5949009656906128,
                    0.8037989139556885,
                    3.2402172088623047
                ],
                [
                    0.0,
                    0.0,
                    0.0,
                    1.0
                ]
            ]
        },
        {
            "file_path": "/data/shapenet_blender/all_50_random/02958343/479f89af38e88bc9715e04edb8af9c53/r_10",
            "rotation": 0.12566370614359174,
            "transform_matrix": [
                [
                    -0.9856774806976318,
                    -0.014979882165789604,
                    -0.16797451674938202,
                    -0.6771268844604492
                ],
                [
                    -0.16864113509655,
                    0.08755473792552948,
                    0.9817811846733093,
                    3.957686424255371
                ],
                [
                    -9.313225191043273e-10,
                    0.9960470795631409,
                    -0.08882696181535721,
                    -0.3580729365348816
                ],
                [
                    0.0,
                    0.0,
                    0.0,
                    1.0
                ]
            ]
        },
        {
            "file_path": "/data/shapenet_blender/all_50_random/02958343/479f89af38e88bc9715e04edb8af9c53/r_11",
            "rotation": 0.12566370614359174,
            "transform_matrix": [
                [
                    -0.7424043416976929,
                    0.2561504542827606,
                    0.6190497279167175,
                    2.495469570159912
                ],
                [
                    0.6699519753456116,
                    0.2838520109653473,
                    0.6859972476959229,
                    2.76534366607666
                ],
                [
                    -1.4901160305669237e-08,
                    0.9240211248397827,
                    -0.3823414146900177,
                    -1.5412676334381104
                ],
                [
                    0.0,
                    0.0,
                    0.0,
                    1.0
                ]
            ]
        },
        {
            "file_path": "/data/shapenet_blender/all_50_random/02958343/479f89af38e88bc9715e04edb8af9c53/r_12",
            "rotation": 0.12566370614359174,
            "transform_matrix": [
                [
                    -0.06549908965826035,
                    0.6741223931312561,
                    -0.7357098460197449,
                    -2.9657411575317383
                ],
                [
                    -0.9978526830673218,
                    -0.04424942284822464,
                    0.04829202964901924,
                    0.1946713924407959
                ],
                [
                    3.725290298461914e-09,
                    0.737293004989624,
                    0.6755730509757996,
                    2.7233221530914307
                ],
                [
                    0.0,
                    0.0,
                    0.0,
                    1.0
                ]
            ]
        },
        {
            "file_path": "/data/shapenet_blender/all_50_random/02958343/479f89af38e88bc9715e04edb8af9c53/r_13",
            "rotation": 0.12566370614359174,
            "transform_matrix": [
                [
                    -0.8784999847412109,
                    -0.43532276153564453,
                    0.196804016828537,
                    0.7933423519134521
                ],
                [
                    0.4777423143386841,
                    -0.800496518611908,
                    0.36189454793930054,
                    1.4588435888290405
                ],
                [
                    0.0,
                    0.41194599866867065,
                    0.9112082719802856,
                    3.6731979846954346
                ],
                [
                    0.0,
                    0.0,
                    0.0,
                    1.0
                ]
            ]
        },
        {
            "file_path": "/data/shapenet_blender/all_50_random/02958343/479f89af38e88bc9715e04edb8af9c53/r_14",
            "rotation": 0.12566370614359174,
            "transform_matrix": [
                [
                    -0.1735011339187622,
                    0.2509342133998871,
                    0.9523283243179321,
                    3.838958501815796
                ],
                [
                    0.9848336577415466,
                    0.04420783743262291,
                    0.16777455806732178,
                    0.6763209104537964
                ],
                [
                    3.725290298461914e-09,
                    0.9669941663742065,
                    -0.2547985315322876,
                    -1.0271258354187012
                ],
                [
                    0.0,
                    0.0,
                    0.0,
                    1.0
                ]
            ]
        },
        {
            "file_path": "/data/shapenet_blender/all_50_random/02958343/479f89af38e88bc9715e04edb8af9c53/r_15",
            "rotation": 0.12566370614359174,
            "transform_matrix": [
                [
                    0.8906181454658508,
                    -0.2714709937572479,
                    0.3648325502872467,
                    1.4706870317459106
                ],
                [
                    0.4547518789768219,
                    0.531667947769165,
                    -0.7145137786865234,
                    -2.8802971839904785
                ],
                [
                    0.0,
                    0.80226731300354,
                    0.5969650149345398,
                    2.406442880630493
                ],
                [
                    0.0,
                    0.0,
                    0.0,
                    1.0
                ]
            ]
        },
        {
            "file_path": "/data/shapenet_blender/all_50_random/02958343/479f89af38e88bc9715e04edb8af9c53/r_16",
            "rotation": 0.12566370614359174,
            "transform_matrix": [
                [
                    -0.9760107398033142,
                    -0.06003538891673088,
                    0.20928160846233368,
                    0.8436410427093506
                ],
                [
                    0.21772238612174988,
                    -0.2691279947757721,
                    0.9381722807884216,
                    3.781893014907837
                ],
                [
                    0.0,
                    0.9612314701080322,
                    0.27574288845062256,
                    1.1115549802780151
                ],
                [
                    0.0,
                    0.0,
                    0.0,
                    1.0
                ]
            ]
        },
        {
            "file_path": "/data/shapenet_blender/all_50_random/02958343/479f89af38e88bc9715e04edb8af9c53/r_17",
            "rotation": 0.12566370614359174,
            "transform_matrix": [
                [
                    -0.5031411647796631,
                    0.3756859600543976,
                    0.7782731056213379,
                    3.137319326400757
                ],
                [
                    0.8642042279243469,
                    0.21872499585151672,
                    0.4531119167804718,
                    1.8265525102615356
                ],
                [
                    0.0,
                    0.9005661606788635,
                    -0.43471893668174744,
                    -1.7524080276489258
                ],
                [
                    0.0,
                    0.0,
                    0.0,
                    1.0
                ]
            ]
        },
        {
            "file_path": "/data/shapenet_blender/all_50_random/02958343/479f89af38e88bc9715e04edb8af9c53/r_18",
            "rotation": 0.12566370614359174,
            "transform_matrix": [
                [
                    0.7395334839820862,
                    -0.5647277235984802,
                    -0.36629584431648254,
                    -1.476585865020752
                ],
                [
                    -0.6731197237968445,
                    -0.6204469203948975,
                    -0.40243667364120483,
                    -1.6222742795944214
                ],
                [
                    1.4901162970204496e-08,
                    0.5441763401031494,
                    -0.8389707207679749,
                    -3.3819994926452637
                ],
                [
                    0.0,
                    0.0,
                    0.0,
                    1.0
                ]
            ]
        },
        {
            "file_path": "/data/shapenet_blender/all_50_random/02958343/479f89af38e88bc9715e04edb8af9c53/r_19",
            "rotation": 0.12566370614359174,
            "transform_matrix": [
                [
                    -0.7025126218795776,
                    -0.41747525334358215,
                    0.5763595700263977,
                    2.3233799934387207
                ],
                [
                    0.7116712927818298,
                    -0.4121026396751404,
                    0.5689422488212585,
                    2.2934799194335938
                ],
                [
                    -1.4901161193847656e-08,
                    0.809867799282074,
                    0.5866124033927917,
                    2.364710569381714
                ],
                [
                    0.0,
                    0.0,
                    0.0,
                    1.0
                ]
            ]
        },
        {
            "file_path": "/data/shapenet_blender/all_50_random/02958343/479f89af38e88bc9715e04edb8af9c53/r_20",
            "rotation": 0.12566370614359174,
            "transform_matrix": [
                [
                    0.31049537658691406,
                    0.1764863133430481,
                    0.9340477585792542,
                    3.7652668952941895
                ],
                [
                    0.9505749344825745,
                    -0.05764741078019142,
                    -0.30509695410728455,
                    -1.2298851013183594
                ],
                [
                    0.0,
                    0.9826135635375977,
                    -0.18566270172595978,
                    -0.7484303116798401
                ],
                [
                    0.0,
                    0.0,
                    0.0,
                    1.0
                ]
            ]
        },
        {
            "file_path": "/data/shapenet_blender/all_50_random/02958343/479f89af38e88bc9715e04edb8af9c53/r_21",
            "rotation": 0.12566370614359174,
            "transform_matrix": [
                [
                    -0.9991775751113892,
                    -0.007351768668740988,
                    -0.03987498953938484,
                    -0.16074123978614807
                ],
                [
                    -0.04054705426096916,
                    0.18116536736488342,
                    0.9826163053512573,
                    3.9610533714294434
                ],
                [
                    -4.656612873077393e-10,
                    0.9834251403808594,
                    -0.18131446838378906,
                    -0.7309020757675171
                ],
                [
                    0.0,
                    0.0,
                    0.0,
                    1.0
                ]
            ]
        },
        {
            "file_path": "/data/shapenet_blender/all_50_random/02958343/479f89af38e88bc9715e04edb8af9c53/r_22",
            "rotation": 0.12566370614359174,
            "transform_matrix": [
                [
                    -0.9355979561805725,
                    0.18721406161785126,
                    -0.29934483766555786,
                    -1.206697702407837
                ],
                [
                    -0.35306721925735474,
                    -0.4961012601852417,
                    0.7932382225990295,
                    3.197645902633667
                ],
                [
                    0.0,
                    0.8478409647941589,
                    0.5302504301071167,
                    2.1375081539154053
                ],
                [
                    0.0,
                    0.0,
                    0.0,
                    1.0
                ]
            ]
        },
        {
            "file_path": "/data/shapenet_blender/all_50_random/02958343/479f89af38e88bc9715e04edb8af9c53/r_23",
            "rotation": 0.12566370614359174,
            "transform_matrix": [
                [
                    0.9996098279953003,
                    -0.013675415888428688,
                    0.02435883693397045,
                    0.09819361567497253
                ],
                [
                    0.027935106307268143,
                    0.4893513321876526,
                    -0.8716391921043396,
                    -3.5136899948120117
                ],
                [
                    -9.31322685637781e-10,
                    0.8719794750213623,
                    0.4895423948764801,
                    1.9734084606170654
                ],
                [
                    0.0,
                    0.0,
                    0.0,
                    1.0
                ]
            ]
        },
        {
            "file_path": "/data/shapenet_blender/all_50_random/02958343/479f89af38e88bc9715e04edb8af9c53/r_24",
            "rotation": 0.12566370614359174,
            "transform_matrix": [
                [
                    0.703824520111084,
                    0.06803601235151291,
                    0.7071082592010498,
                    2.850444793701172
                ],
                [
                    0.7103738784790039,
                    -0.06740874797105789,
                    -0.7005890011787415,
                    -2.824164867401123
                ],
                [
                    0.0,
                    0.9954030513763428,
                    -0.09577491134405136,
                    -0.3860810399055481
                ],
                [
                    0.0,
                    0.0,
                    0.0,
                    1.0
                ]
            ]
        },
        {
            "file_path": "/data/shapenet_blender/all_50_random/02958343/479f89af38e88bc9715e04edb8af9c53/r_25",
            "rotation": 0.12566370614359174,
            "transform_matrix": [
                [
                    -0.9823287129402161,
                    0.0446750707924366,
                    -0.18175382912158966,
                    -0.7326731085777283
                ],
                [
                    -0.18716387450695038,
                    -0.23447687923908234,
                    0.9539340734481812,
                    3.845431327819824
                ],
                [
                    0.0,
                    0.9710944294929504,
                    0.2386949360370636,
                    0.9622100591659546
                ],
                [
                    0.0,
                    0.0,
                    0.0,
                    1.0
                ]
            ]
        },
        {
            "file_path": "/data/shapenet_blender/all_50_random/02958343/479f89af38e88bc9715e04edb8af9c53/r_26",
            "rotation": 0.12566370614359174,
            "transform_matrix": [
                [
                    -0.9917541742324829,
                    0.08164532482624054,
                    0.09878192096948624,
                    0.39820265769958496
                ],
                [
                    0.12815549969673157,
                    0.6318268775939941,
                    0.7644415497779846,
                    3.0815625190734863
                ],
                [
                    3.725290742551124e-09,
                    0.770797610282898,
                    -0.637080192565918,
                    -2.56815242767334
                ],
                [
                    0.0,
                    0.0,
                    0.0,
                    1.0
                ]
            ]
        },
        {
            "file_path": "/data/shapenet_blender/all_50_random/02958343/479f89af38e88bc9715e04edb8af9c53/r_27",
            "rotation": 0.12566370614359174,
            "transform_matrix": [
                [
                    0.9870173931121826,
                    0.12606023252010345,
                    0.09952633827924728,
                    0.4012035131454468
                ],
                [
                    0.16061341762542725,
                    -0.7746777534484863,
                    -0.6116190552711487,
                    -2.465515375137329
                ],
                [
                    0.0,
                    0.6196638941764832,
                    -0.7848672270774841,
                    -3.1639010906219482
                ],
                [
                    0.0,
                    0.0,
                    0.0,
                    1.0
                ]
            ]
        },
        {
            "file_path": "/data/shapenet_blender/all_50_random/02958343/479f89af38e88bc9715e04edb8af9c53/r_28",
            "rotation": 0.12566370614359174,
            "transform_matrix": [
                [
                    -0.9291819930076599,
                    -0.36916249990463257,
                    -0.01844092831015587,
                    -0.07433776557445526
                ],
                [
                    -0.3696228265762329,
                    0.9280247092247009,
                    0.046358004212379456,
                    0.1868751049041748
                ],
                [
                    1.862645371275562e-09,
                    0.04989154264330864,
                    -0.9987545609474182,
                    -4.026108741760254
                ],
                [
                    0.0,
                    0.0,
                    0.0,
                    1.0
                ]
            ]
        },
        {
            "file_path": "/data/shapenet_blender/all_50_random/02958343/479f89af38e88bc9715e04edb8af9c53/r_29",
            "rotation": 0.12566370614359174,
            "transform_matrix": [
                [
                    -0.857626736164093,
                    -0.20450793206691742,
                    -0.4718610644340515,
                    -1.9021328687667847
                ],
                [
                    -0.5142726898193359,
                    0.34104761481285095,
                    0.7868989706039429,
                    3.172091484069824
                ],
                [
                    1.4901161193847656e-08,
                    0.91753089427948,
                    -0.3976643979549408,
                    -1.603036642074585
                ],
                [
                    0.0,
                    0.0,
                    0.0,
                    1.0
                ]
            ]
        },
        {
            "file_path": "/data/shapenet_blender/all_50_random/02958343/479f89af38e88bc9715e04edb8af9c53/r_30",
            "rotation": 0.12566370614359174,
            "transform_matrix": [
                [
                    0.48354655504226685,
                    0.19622494280338287,
                    0.8530406355857849,
                    3.4387171268463135
                ],
                [
                    0.875318706035614,
                    -0.10839925706386566,
                    -0.4712396562099457,
                    -1.899627923965454
                ],
                [
                    0.0,
                    0.9745488166809082,
                    -0.22417539358139038,
                    -0.9036799669265747
                ],
                [
                    0.0,
                    0.0,
                    0.0,
                    1.0
                ]
            ]
        },
        {
            "file_path": "/data/shapenet_blender/all_50_random/02958343/479f89af38e88bc9715e04edb8af9c53/r_31",
            "rotation": 0.12566370614359174,
            "transform_matrix": [
                [
                    0.6173120737075806,
                    0.5927724838256836,
                    0.5172490477561951,
                    2.0850977897644043
                ],
                [
                    0.7867184281349182,
                    -0.4651290774345398,
                    -0.4058683514595032,
                    -1.6361078023910522
                ],
                [
                    0.0,
                    0.6574768424034119,
                    -0.7534747123718262,
                    -3.037353992462158
                ],
                [
                    0.0,
                    0.0,
                    0.0,
                    1.0
                ]
            ]
        },
        {
            "file_path": "/data/shapenet_blender/all_50_random/02958343/479f89af38e88bc9715e04edb8af9c53/r_32",
            "rotation": 0.12566370614359174,
            "transform_matrix": [
                [
                    0.6232725381851196,
                    -0.6089884042739868,
                    -0.4905756711959839,
                    -1.9775737524032593
                ],
                [
                    -0.782004714012146,
                    -0.4853752851486206,
                    -0.39099809527397156,
                    -1.5761637687683105
                ],
                [
                    0.0,
                    0.6273307800292969,
                    -0.778752863407135,
                    -3.1392531394958496
                ],
                [
                    0.0,
                    0.0,
                    0.0,
                    1.0
                ]
            ]
        },
        {
            "file_path": "/data/shapenet_blender/all_50_random/02958343/479f89af38e88bc9715e04edb8af9c53/r_33",
            "rotation": 0.12566370614359174,
            "transform_matrix": [
                [
                    -0.651344358921051,
                    -0.5739168524742126,
                    -0.49635669589042664,
                    -2.000877857208252
                ],
                [
                    -0.7587823271751404,
                    0.4926545321941376,
                    0.42607632279396057,
                    1.7175686359405518
                ],
                [
                    0.0,
                    0.6541489958763123,
                    -0.7563655972480774,
                    -3.0490071773529053
                ],
                [
                    0.0,
                    0.0,
                    0.0,
                    1.0
                ]
            ]
        },
        {
            "file_path": "/data/shapenet_blender/all_50_random/02958343/479f89af38e88bc9715e04edb8af9c53/r_34",
            "rotation": 0.12566370614359174,
            "transform_matrix": [
                [
                    0.9017119407653809,
                    -0.07473712414503098,
                    -0.42582860589027405,
                    -1.7165701389312744
                ],
                [
                    -0.4323374927043915,
                    -0.1558767557144165,
                    -0.888136625289917,
                    -3.580193519592285
                ],
                [
                    0.0,
                    0.9849450588226318,
                    -0.1728675663471222,
                    -0.6968514919281006
                ],
                [
                    0.0,
                    0.0,
                    0.0,
                    1.0
                ]
            ]
        },
        {
            "file_path": "/data/shapenet_blender/all_50_random/02958343/479f89af38e88bc9715e04edb8af9c53/r_35",
            "rotation": 0.12566370614359174,
            "transform_matrix": [
                [
                    -0.227126345038414,
                    0.21888144314289093,
                    -0.9489491581916809,
                    -3.825336456298828
                ],
                [
                    -0.9738653302192688,
                    -0.051047857850790024,
                    0.22131533920764923,
                    0.8921506404876709
                ],
                [
                    -3.725290298461914e-09,
                    0.9744152426719666,
                    0.22475536167621613,
                    0.9060178399085999
                ],
                [
                    0.0,
                    0.0,
                    0.0,
                    1.0
                ]
            ]
        },
        {
            "file_path": "/data/shapenet_blender/all_50_random/02958343/479f89af38e88bc9715e04edb8af9c53/r_36",
            "rotation": 0.12566370614359174,
            "transform_matrix": [
                [
                    0.7538068294525146,
                    0.11321976780891418,
                    0.6472684741020203,
                    2.609222650527954
                ],
                [
                    0.6570959687232971,
                    -0.12988333404064178,
                    -0.7425328493118286,
                    -2.9932456016540527
                ],
                [
                    -7.450580596923828e-09,
                    0.9850438833236694,
                    -0.1723032146692276,
                    -0.6945765018463135
                ],
                [
                    0.0,
                    0.0,
                    0.0,
                    1.0
                ]
            ]
        },
        {
            "file_path": "/data/shapenet_blender/all_50_random/02958343/479f89af38e88bc9715e04edb8af9c53/r_37",
            "rotation": 0.12566370614359174,
            "transform_matrix": [
                [
                    -0.16519001126289368,
                    0.3931247293949127,
                    0.9045248627662659,
                    3.646256446838379
                ],
                [
                    0.986261785030365,
                    0.06584487110376358,
                    0.15149982273578644,
                    0.6107153296470642
                ],
                [
                    3.725290298461914e-09,
                    0.9171245098114014,
                    -0.3986007869243622,
                    -1.6068111658096313
                ],
                [
                    0.0,
                    0.0,
                    0.0,
                    1.0
                ]
            ]
        },
        {
            "file_path": "/data/shapenet_blender/all_50_random/02958343/479f89af38e88bc9715e04edb8af9c53/r_38",
            "rotation": 0.12566370614359174,
            "transform_matrix": [
                [
                    -0.9819566011428833,
                    -0.017855891957879066,
                    0.18826116621494293,
                    0.7589050531387329
                ],
                [
                    0.1891060471534729,
                    -0.0927189290523529,
                    0.9775694608688354,
                    3.940708637237549
                ],
                [
                    -1.8626450382086546e-09,
                    0.995532214641571,
                    0.09442262351512909,
                    0.3806297779083252
                ],
                [
                    0.0,
                    0.0,
                    0.0,
                    1.0
                ]
            ]
        },
        {
            "file_path": "/data/shapenet_blender/all_50_random/02958343/479f89af38e88bc9715e04edb8af9c53/r_39",
            "rotation": 0.12566370614359174,
            "transform_matrix": [
                [
                    0.7530935406684875,
                    -0.02954368107020855,
                    -0.6572498083114624,
                    -2.649458646774292
                ],
                [
                    -0.6579135060310364,
                    -0.033817749470472336,
                    -0.7523338198661804,
                    -3.03275465965271
                ],
                [
                    0.0,
                    0.9989912509918213,
                    -0.04490511119365692,
                    -0.18101829290390015
                ],
                [
                    0.0,
                    0.0,
                    0.0,
                    1.0
                ]
            ]
        },
        {
            "file_path": "/data/shapenet_blender/all_50_random/02958343/479f89af38e88bc9715e04edb8af9c53/r_40",
            "rotation": 0.12566370614359174,
            "transform_matrix": [
                [
                    -0.023656237870454788,
                    0.8804115056991577,
                    -0.47362005710601807,
                    -1.9092235565185547
                ],
                [
                    -0.9997202157974243,
                    -0.020833050832152367,
                    0.011207202449440956,
                    0.045177679508924484
                ],
                [
                    -9.31322685637781e-10,
                    0.47375258803367615,
                    0.880657970905304,
                    3.5500457286834717
                ],
                [
                    0.0,
                    0.0,
                    0.0,
                    1.0
                ]
            ]
        },
        {
            "file_path": "/data/shapenet_blender/all_50_random/02958343/479f89af38e88bc9715e04edb8af9c53/r_41",
            "rotation": 0.12566370614359174,
            "transform_matrix": [
                [
                    -0.417510986328125,
                    0.7002567052841187,
                    -0.5790725946426392,
                    -2.3343164920806885
                ],
                [
                    -0.9086719751358032,
                    -0.32174959778785706,
                    0.266068696975708,
                    1.0725573301315308
                ],
