{
    "class": "02958343",
    "model": "e308a6e4472658b618e9d35559b7aa",
    "remove_doubles": true,
    "edge_split": true,
    "denoise": true,
    "camera_angle_x": 0.6911112070083618,
    "scale_factor": 2.254720310498822,
    "hdri_file": "/data/IndoorHDRDataset2018/9C4A5379-1f25815c5d.exr",
    "center_offset": [
        0.0,
        -1.862645149230957e-09,
        0.0
    ],
    "lights": [],
    "frames": [
        {
            "file_path": "/data/shapenet_blender/all_50_random/02958343/e308a6e4472658b618e9d35559b7aa/r_0",
            "rotation": 0.12566370614359174,
            "transform_matrix": [
                [
                    0.714158296585083,
                    -0.4191208481788635,
                    -0.5606386065483093,
                    -2.2600064277648926
                ],
                [
                    -0.6999841928482056,
                    -0.4276076853275299,
                    -0.5719910264015198,
                    -2.305769681930542
                ],
                [
                    -1.4901161193847656e-08,
                    0.8009303212165833,
                    -0.5987575650215149,
                    -2.4136688709259033
                ],
                [
                    0.0,
                    0.0,
                    0.0,
                    1.0
                ]
            ]
        },
        {
            "file_path": "/data/shapenet_blender/all_50_random/02958343/e308a6e4472658b618e9d35559b7aa/r_1",
            "rotation": 0.12566370614359174,
            "transform_matrix": [
                [
                    -0.5143666863441467,
                    0.18596169352531433,
                    0.8371649384498596,
                    3.3747198581695557
                ],
                [
                    0.8575703501701355,
                    0.11153896898031235,
                    0.5021276473999023,
                    2.024141311645508
                ],
                [
                    -7.450580596923828e-09,
                    0.9762055277824402,
                    -0.21684718132019043,
                    -0.8741389513015747
                ],
                [
                    0.0,
                    0.0,
                    0.0,
                    1.0
                ]
            ]
        },
        {
            "file_path": "/data/shapenet_blender/all_50_random/02958343/e308a6e4472658b618e9d35559b7aa/r_2",
            "rotation": 0.12566370614359174,
            "transform_matrix": [
                [
                    0.7815243601799011,
                    -0.018649691715836525,
                    0.6235959529876709,
                    2.5137956142425537
                ],
                [
                    0.6238747835159302,
                    0.023362360894680023,
                    -0.7811750173568726,
                    -3.149017333984375
                ],
                [
                    0.0,
                    0.9995531439781189,
                    0.02989332191646099,
                    0.12050383538007736
                ],
                [
                    0.0,
                    0.0,
                    0.0,
                    1.0
                ]
            ]
        },
        {
            "file_path": "/data/shapenet_blender/all_50_random/02958343/e308a6e4472658b618e9d35559b7aa/r_3",
            "rotation": 0.12566370614359174,
            "transform_matrix": [
                [
                    -0.17067450284957886,
                    -0.8151492476463318,
                    0.5535359382629395,
                    2.231374740600586
                ],
                [
                    0.9853274822235107,
                    -0.14119690656661987,
                    0.09588128328323364,
                    0.38650980591773987
                ],
                [
                    0.0,
                    0.5617786049842834,
                    0.8272875547409058,
                    3.334902763366699
                ],
                [
                    0.0,
                    0.0,
                    0.0,
                    1.0
                ]
            ]
        },
        {
            "file_path": "/data/shapenet_blender/all_50_random/02958343/e308a6e4472658b618e9d35559b7aa/r_4",
            "rotation": 0.12566370614359174,
            "transform_matrix": [
                [
                    0.007716905325651169,
                    0.7602761387825012,
                    -0.6495540738105774,
                    -2.618436336517334
                ],
                [
                    -0.9999703168869019,
                    0.005867152940481901,
                    -0.0050126961432397366,
                    -0.02020682394504547
                ],
                [
                    -2.3283067140944524e-10,
                    0.6495733261108398,
                    0.7602988481521606,
                    3.0648627281188965
                ],
                [
                    0.0,
                    0.0,
                    0.0,
                    1.0
                ]
            ]
        },
        {
            "file_path": "/data/shapenet_blender/all_50_random/02958343/e308a6e4472658b618e9d35559b7aa/r_5",
            "rotation": 0.12566370614359174,
            "transform_matrix": [
                [
                    -0.9859638214111328,
                    0.11368020623922348,
                    -0.12227938324213028,
                    -0.4929239749908447
                ],
                [
                    -0.16695937514305115,
                    -0.6713283658027649,
                    0.7221100330352783,
                    2.910918712615967
                ],
                [
                    0.0,
                    0.7323899865150452,
                    0.680885374546051,
                    2.744736671447754
                ],
                [
                    0.0,
                    0.0,
                    0.0,
                    1.0
                ]
            ]
        },
        {
            "file_path": "/data/shapenet_blender/all_50_random/02958343/e308a6e4472658b618e9d35559b7aa/r_6",
            "rotation": 0.12566370614359174,
            "transform_matrix": [
                [
                    -0.6805663704872131,
                    -0.050970885902643204,
                    -0.730911374092102,
                    -2.9463980197906494
                ],
                [
                    -0.732686460018158,
                    0.04734503850340843,
                    0.6789175271987915,
                    2.7368040084838867
                ],
                [
                    0.0,
                    0.9975773096084595,
                    -0.06956711411476135,
                    -0.2804340124130249
                ],
                [
                    0.0,
                    0.0,
                    0.0,
                    1.0
                ]
            ]
        },
        {
            "file_path": "/data/shapenet_blender/all_50_random/02958343/e308a6e4472658b618e9d35559b7aa/r_7",
            "rotation": 0.12566370614359174,
            "transform_matrix": [
                [
                    -0.6072179079055786,
                    -0.6220993995666504,
                    -0.49424564838409424,
                    -1.9923679828643799
                ],
                [
                    -0.794535219669342,
                    0.4754350483417511,
                    0.377723753452301,
                    1.5226531028747559
                ],
                [
                    -1.4901158529312397e-08,
                    0.622056245803833,
                    -0.7829725742340088,
                    -3.1562633514404297
                ],
                [
                    0.0,
                    0.0,
                    0.0,
                    1.0
                ]
            ]
        },
        {
            "file_path": "/data/shapenet_blender/all_50_random/02958343/e308a6e4472658b618e9d35559b7aa/r_8",
            "rotation": 0.12566370614359174,
            "transform_matrix": [
                [
                    0.9918614625930786,
                    0.08478271961212158,
                    0.0949888676404953,
                    0.38291236758232117
                ],
                [
                    0.12732240557670593,
                    -0.6604706048965454,
                    -0.7399781346321106,
                    -2.9829471111297607
                ],
                [
                    0.0,
                    0.7460499405860901,
                    -0.6658899784088135,
                    -2.684288263320923
                ],
                [
                    0.0,
                    0.0,
                    0.0,
                    1.0
                ]
            ]
        },
        {
            "file_path": "/data/shapenet_blender/all_50_random/02958343/e308a6e4472658b618e9d35559b7aa/r_9",
            "rotation": 0.12566370614359174,
            "transform_matrix": [
                [
                    -0.9208385348320007,
                    0.09410855174064636,
                    0.3784177899360657,
                    1.5254509449005127
                ],
                [
                    0.3899441659450531,
                    0.2222338318824768,
                    0.8936194181442261,
                    3.602295160293579
                ],
                [
                    -7.450580596923828e-09,
                    0.9704410433769226,
                    -0.24133853614330292,
                    -0.9728667736053467
                ],
                [
                    0.0,
                    0.0,
                    0.0,
                    1.0
                ]
            ]
        },
        {
            "file_path": "/data/shapenet_blender/all_50_random/02958343/e308a6e4472658b618e9d35559b7aa/r_10",
            "rotation": 0.12566370614359174,
            "transform_matrix": [
                [
                    0.7994606494903564,
                    -0.1460384726524353,
                    0.5826967358589172,
                    2.3489255905151367
                ],
                [
                    0.6007185578346252,
                    0.19435393810272217,
                    -0.7754765152931213,
                    -3.1260457038879395
                ],
                [
                    7.450581485102248e-09,
                    0.9699994921684265,
                    0.24310636520385742,
                    0.9799931049346924
                ],
                [
                    0.0,
                    0.0,
                    0.0,
                    1.0
                ]
            ]
        },
        {
            "file_path": "/data/shapenet_blender/all_50_random/02958343/e308a6e4472658b618e9d35559b7aa/r_11",
            "rotation": 0.12566370614359174,
            "transform_matrix": [
                [
                    -0.9693486094474792,
                    -0.06557587534189224,
                    0.236776202917099,
                    0.9544754028320312
                ],
                [
                    0.24568915367126465,
                    -0.2587248682975769,
                    0.9341832399368286,
                    3.765813112258911
                ],
                [
                    7.450580152834618e-09,
                    0.9637225866317749,
                    0.26690587401390076,
                    1.0759320259094238
                ],
                [
                    0.0,
                    0.0,
                    0.0,
                    1.0
                ]
            ]
        },
        {
            "file_path": "/data/shapenet_blender/all_50_random/02958343/e308a6e4472658b618e9d35559b7aa/r_12",
            "rotation": 0.12566370614359174,
            "transform_matrix": [
                [
                    -0.6266337633132935,
                    0.18741361796855927,
                    0.7564431428909302,
                    3.0493197441101074
                ],
                [
                    0.779313862323761,
                    0.1506962776184082,
                    0.6082437634468079,
                    2.451909065246582
                ],
                [
                    0.0,
                    0.97065269947052,
                    -0.24048541486263275,
                    -0.9694277048110962
                ],
                [
                    0.0,
                    0.0,
                    0.0,
                    1.0
                ]
            ]
        },
        {
            "file_path": "/data/shapenet_blender/all_50_random/02958343/e308a6e4472658b618e9d35559b7aa/r_13",
            "rotation": 0.12566370614359174,
            "transform_matrix": [
                [
                    0.9704760313034058,
                    -0.14793798327445984,
                    -0.19050070643424988,
                    -0.7679328322410583
                ],
                [
                    -0.2411973476409912,
                    -0.5952398180961609,
                    -0.7664942741394043,
                    -3.089836835861206
                ],
                [
                    1.4901161193847656e-08,
                    0.7898125052452087,
                    -0.6133483052253723,
                    -2.4724857807159424
                ],
                [
                    0.0,
                    0.0,
                    0.0,
                    1.0
                ]
            ]
        },
        {
            "file_path": "/data/shapenet_blender/all_50_random/02958343/e308a6e4472658b618e9d35559b7aa/r_14",
            "rotation": 0.12566370614359174,
            "transform_matrix": [
                [
                    -0.9934648275375366,
                    0.05678744986653328,
                    0.09900965541601181,
                    0.3991206884384155
                ],
                [
                    0.11413906514644623,
                    0.49427714943885803,
                    0.8617786169052124,
                    3.47394061088562
                ],
                [
                    0.0,
                    0.8674476146697998,
                    -0.4975285828113556,
                    -2.0056018829345703
                ],
                [
                    0.0,
                    0.0,
                    0.0,
                    1.0
                ]
            ]
        },
        {
            "file_path": "/data/shapenet_blender/all_50_random/02958343/e308a6e4472658b618e9d35559b7aa/r_15",
            "rotation": 0.12566370614359174,
            "transform_matrix": [
                [
                    0.9986871480941772,
                    -0.03767268732190132,
                    -0.034710366278886795,
                    -0.13992196321487427
                ],
                [
                    -0.05122539401054382,
                    -0.7344643473625183,
                    -0.6767111420631409,
                    -2.727909803390503
                ],
                [
                    1.862645149230957e-09,
                    0.6776007413864136,
                    -0.7354299426078796,
                    -2.9646129608154297
                ],
                [
                    0.0,
                    0.0,
                    0.0,
                    1.0
                ]
            ]
        },
        {
            "file_path": "/data/shapenet_blender/all_50_random/02958343/e308a6e4472658b618e9d35559b7aa/r_16",
            "rotation": 0.12566370614359174,
            "transform_matrix": [
                [
                    0.2166540026664734,
                    -0.027233721688389778,
                    0.9758684635162354,
                    3.933851718902588
                ],
                [
                    0.9762484431266785,
                    0.006043845321983099,
                    -0.2165696769952774,
                    -0.8730202913284302
                ],
                [
                    4.656612873077393e-10,
                    0.9996108412742615,
                    0.027896299958229065,
                    0.11245357990264893
                ],
                [
                    0.0,
                    0.0,
                    0.0,
                    1.0
                ]
            ]
        },
        {
            "file_path": "/data/shapenet_blender/all_50_random/02958343/e308a6e4472658b618e9d35559b7aa/r_17",
            "rotation": 0.12566370614359174,
            "transform_matrix": [
                [
                    -0.9996703267097473,
                    0.014375562779605389,
                    0.021271396428346634,
                    0.08574774861335754
                ],
                [
                    0.025673510506749153,
                    0.5597529411315918,
                    0.8282616138458252,
                    3.338829755783081
                ],
                [
                    0.0,
                    0.8285349011421204,
                    -0.5599374175071716,
                    -2.2571802139282227
                ],
                [
                    0.0,
                    0.0,
                    0.0,
                    1.0
                ]
            ]
        },
        {
            "file_path": "/data/shapenet_blender/all_50_random/02958343/e308a6e4472658b618e9d35559b7aa/r_18",
            "rotation": 0.12566370614359174,
            "transform_matrix": [
                [
                    0.5262424349784851,
                    0.32049643993377686,
                    -0.7876235842704773,
                    -3.1750121116638184
                ],
                [
                    -0.8503345847129822,
                    0.19834406673908234,
                    -0.4874327778816223,
                    -1.9649044275283813
                ],
                [
                    0.0,
                    0.9262512922286987,
                    0.37690630555152893,
                    1.5193579196929932
                ],
                [
                    0.0,
                    0.0,
                    0.0,
                    1.0
                ]
            ]
        },
        {
            "file_path": "/data/shapenet_blender/all_50_random/02958343/e308a6e4472658b618e9d35559b7aa/r_19",
            "rotation": 0.12566370614359174,
            "transform_matrix": [
                [
                    0.7338382005691528,
                    0.19393613934516907,
                    0.6510531306266785,
                    2.624479055404663
                ],
                [
                    0.6793241500854492,
                    -0.20949901640415192,
                    -0.7032984495162964,
                    -2.8350868225097656
                ],
                [
                    1.4901160305669237e-08,
                    0.9583834409713745,
                    -0.2854838967323303,
                    -1.150822401046753
                ],
                [
                    0.0,
                    0.0,
                    0.0,
                    1.0
                ]
            ]
        },
        {
            "file_path": "/data/shapenet_blender/all_50_random/02958343/e308a6e4472658b618e9d35559b7aa/r_20",
            "rotation": 0.12566370614359174,
            "transform_matrix": [
                [
                    -0.4186857044696808,
                    -0.0652829259634018,
                    0.905781626701355,
                    3.651322603225708
                ],
                [
                    0.9081311225891113,
                    -0.03009810484945774,
                    0.4176024794578552,
                    1.6834094524383545
                ],
                [
                    -1.8626450382086546e-09,
                    0.9974128007888794,
                    0.07188709825277328,
                    0.289786159992218
                ],
                [
                    0.0,
                    0.0,
                    0.0,
                    1.0
                ]
            ]
        },
        {
            "file_path": "/data/shapenet_blender/all_50_random/02958343/e308a6e4472658b618e9d35559b7aa/r_21",
            "rotation": 0.12566370614359174,
            "transform_matrix": [
                [
                    -0.0063804020173847675,
                    0.15289513766765594,
                    -0.9882218241691589,
                    -3.983649492263794
                ],
                [
                    -0.9999796152114868,
                    -0.0009755524224601686,
                    0.006305381190031767,
                    0.025417804718017578
                ],
                [
                    0.0,
                    0.9882419109344482,
                    0.15289825201034546,
                    0.6163525581359863
                ],
                [
                    0.0,
                    0.0,
                    0.0,
                    1.0
                ]
            ]
        },
        {
            "file_path": "/data/shapenet_blender/all_50_random/02958343/e308a6e4472658b618e9d35559b7aa/r_22",
            "rotation": 0.12566370614359174,
            "transform_matrix": [
                [
                    -0.7785913348197937,
                    0.0946609154343605,
                    -0.6203505992889404,
                    -2.500713586807251
                ],
                [
                    -0.6275314092636108,
                    -0.11744777858257294,
                    0.7696818709373474,
                    3.102687358856201
                ],
                [
                    0.0,
                    0.9885571002960205,
                    0.15084651112556458,
                    0.6080818176269531
                ],
                [
                    0.0,
                    0.0,
                    0.0,
                    1.0
                ]
            ]
        },
        {
            "file_path": "/data/shapenet_blender/all_50_random/02958343/e308a6e4472658b618e9d35559b7aa/r_23",
            "rotation": 0.12566370614359174,
            "transform_matrix": [
                [
                    0.9897367358207703,
                    -0.01814369484782219,
                    -0.14174684882164001,
                    -0.5713998079299927
                ],
                [
                    -0.14290334284305573,
                    -0.1256617307662964,
                    -0.9817269444465637,
                    -3.957467794418335
                ],
                [
                    -1.862645371275562e-09,
                    0.9919071197509766,
                    -0.12696482241153717,
                    -0.5118115544319153
                ],
                [
                    0.0,
                    0.0,
                    0.0,
                    1.0
                ]
            ]
        },
        {
            "file_path": "/data/shapenet_blender/all_50_random/02958343/e308a6e4472658b618e9d35559b7aa/r_24",
            "rotation": 0.12566370614359174,
            "transform_matrix": [
                [
                    0.8767094612121582,
                    0.07189133018255234,
                    -0.4756176471710205,
                    -1.9172760248184204
                ],
                [
                    -0.4810202717781067,
                    0.131029412150383,
                    -0.8668625950813293,
                    -3.4944348335266113
                ],
                [
                    -3.725290298461914e-09,
                    0.9887683987617493,
                    0.14945591986179352,
                    0.6024760603904724
                ],
                [
                    0.0,
                    0.0,
                    0.0,
                    1.0
                ]
            ]
        },
        {
            "file_path": "/data/shapenet_blender/all_50_random/02958343/e308a6e4472658b618e9d35559b7aa/r_25",
            "rotation": 0.12566370614359174,
            "transform_matrix": [
                [
                    0.5079707503318787,
                    0.2666664123535156,
                    0.8190571665763855,
                    3.301725149154663
                ],
                [
                    0.8613743185997009,
                    -0.15725885331630707,
                    -0.4830154478549957,
                    -1.9470975399017334
                ],
                [
                    -1.4901162970204496e-08,
                    0.9508724212646484,
                    -0.30958253145217896,
                    -1.2479671239852905
                ],
                [
                    0.0,
                    0.0,
                    0.0,
                    1.0
                ]
            ]
        },
        {
            "file_path": "/data/shapenet_blender/all_50_random/02958343/e308a6e4472658b618e9d35559b7aa/r_26",
            "rotation": 0.12566370614359174,
            "transform_matrix": [
                [
                    0.8370854258537292,
                    0.4045603573322296,
                    -0.3682648837566376,
                    -1.4845231771469116
                ],
                [
                    -0.5470722913742065,
                    0.6190252304077148,
                    -0.5634889006614685,
                    -2.271496295928955
                ],
                [
                    -1.4901161193847656e-08,
                    0.6731557846069336,
                    0.7395007014274597,
                    2.981022596359253
                ],
                [
                    0.0,
                    0.0,
                    0.0,
                    1.0
                ]
            ]
        },
        {
            "file_path": "/data/shapenet_blender/all_50_random/02958343/e308a6e4472658b618e9d35559b7aa/r_27",
            "rotation": 0.12566370614359174,
            "transform_matrix": [
                [
                    0.7397616505622864,
                    -0.5231075882911682,
                    0.4232150912284851,
                    1.7060346603393555
                ],
                [
                    0.6728689670562744,
                    0.5751118659973145,
                    -0.4652886390686035,
                    -1.875638484954834
                ],
                [
                    0.0,
                    0.6289709806442261,
                    0.7774288058280945,
                    3.133915662765503
                ],
                [
                    0.0,
                    0.0,
                    0.0,
                    1.0
                ]
            ]
        },
        {
            "file_path": "/data/shapenet_blender/all_50_random/02958343/e308a6e4472658b618e9d35559b7aa/r_28",
            "rotation": 0.12566370614359174,
            "transform_matrix": [
                [
                    0.25606751441955566,
                    0.12180625647306442,
                    -0.958953857421875,
                    -3.8656668663024902
                ],
                [
                    -0.966658890247345,
                    0.03226642310619354,
                    -0.2540264427661896,
                    -1.0240135192871094
                ],
                [
                    1.862645149230957e-09,
                    0.9920291900634766,
                    0.12600746750831604,
                    0.5079523921012878
                ],
                [
                    0.0,
                    0.0,
                    0.0,
                    1.0
                ]
            ]
        },
        {
            "file_path": "/data/shapenet_blender/all_50_random/02958343/e308a6e4472658b618e9d35559b7aa/r_29",
            "rotation": 0.12566370614359174,
            "transform_matrix": [
                [
                    0.8990641236305237,
                    -0.18096216022968292,
                    -0.3986681401729584,
                    -1.6070826053619385
                ],
                [
                    -0.4378168284893036,
                    -0.37160879373550415,
                    -0.8186716437339783,
                    -3.3001708984375
                ],
                [
                    0.0,
                    0.9105820655822754,
                    -0.4133284389972687,
                    -1.66618013381958
                ],
                [
                    0.0,
                    0.0,
                    0.0,
                    1.0
                ]
            ]
        },
        {
            "file_path": "/data/shapenet_blender/all_50_random/02958343/e308a6e4472658b618e9d35559b7aa/r_30",
            "rotation": 0.12566370614359174,
            "transform_matrix": [
                [
                    0.10984421521425247,
                    0.8626803755760193,
                    0.4936768412590027,
                    1.9900751113891602
                ],
                [
                    0.993948757648468,
                    -0.09533736109733582,
                    -0.054557688534259796,
                    -0.21992909908294678
                ],
                [
                    0.0,
                    0.496682345867157,
                    -0.8679323196411133,
                    -3.4987473487854004
                ],
                [
                    0.0,
                    0.0,
                    0.0,
                    1.0
                ]
            ]
        },
        {
            "file_path": "/data/shapenet_blender/all_50_random/02958343/e308a6e4472658b618e9d35559b7aa/r_31",
            "rotation": 0.12566370614359174,
            "transform_matrix": [
                [
                    -0.906379222869873,
                    0.13592955470085144,
                    -0.39999982714653015,
                    -1.6124508380889893
                ],
                [
                    -0.422465056180954,
                    -0.2916305661201477,
                    0.8581811189651489,
                    3.4594388008117676
                ],
                [
                    0.0,
                    0.9468234181404114,
                    0.3217533826828003,
                    1.2970293760299683
                ],
                [
                    0.0,
                    0.0,
                    0.0,
                    1.0
                ]
            ]
        },
        {
            "file_path": "/data/shapenet_blender/all_50_random/02958343/e308a6e4472658b618e9d35559b7aa/r_32",
            "rotation": 0.12566370614359174,
            "transform_matrix": [
                [
                    0.6954076886177063,
                    0.202443927526474,
                    -0.6895103454589844,
                    -2.7795050144195557
                ],
                [
                    -0.7186153531074524,
                    0.19590601325035095,
                    -0.6672426462173462,
                    -2.6897411346435547
                ],
                [
                    0.0,
                    0.9594983458518982,
                    0.28171390295028687,
                    1.1356251239776611
                ],
                [
                    0.0,
                    0.0,
                    0.0,
                    1.0
                ]
            ]
        },
        {
            "file_path": "/data/shapenet_blender/all_50_random/02958343/e308a6e4472658b618e9d35559b7aa/r_33",
            "rotation": 0.12566370614359174,
            "transform_matrix": [
                [
                    -0.13573198020458221,
                    -0.7449272871017456,
                    0.6531922221183777,
                    2.6331019401550293
                ],
                [
                    0.9907456636428833,
                    -0.1020549014210701,
                    0.0894872173666954,
                    0.3607344925403595
                ],
                [
                    0.0,
                    0.6592937111854553,
                    0.7518855929374695,
                    3.030947685241699
                ],
                [
                    0.0,
                    0.0,
                    0.0,
                    1.0
                ]
            ]
        },
        {
            "file_path": "/data/shapenet_blender/all_50_random/02958343/e308a6e4472658b618e9d35559b7aa/r_34",
            "rotation": 0.12566370614359174,
            "transform_matrix": [
                [
                    0.3247320353984833,
                    -0.5377317667007446,
                    -0.7780704498291016,
                    -3.136502265930176
                ],
                [
                    -0.945806086063385,
                    -0.18462425470352173,
                    -0.2671418786048889,
                    -1.076883316040039
                ],
                [
                    0.0,
                    0.8226531147956848,
                    -0.5685434341430664,
                    -2.2918717861175537
                ],
                [
                    0.0,
                    0.0,
                    0.0,
                    1.0
                ]
            ]
        },
        {
            "file_path": "/data/shapenet_blender/all_50_random/02958343/e308a6e4472658b618e9d35559b7aa/r_35",
            "rotation": 0.12566370614359174,
            "transform_matrix": [
                [
                    -0.9671040773391724,
                    0.0858292430639267,
                    0.23946413397789001,
                    0.9653106927871704
                ],
                [
                    0.25438106060028076,
                    0.32630500197410583,
                    0.9103929996490479,
                    3.6699111461639404
                ],
                [
                    0.0,
                    0.94135981798172,
                    -0.3374042510986328,
                    -1.3601198196411133
                ],
                [
                    0.0,
                    0.0,
                    0.0,
                    1.0
                ]
            ]
        },
        {
            "file_path": "/data/shapenet_blender/all_50_random/02958343/e308a6e4472658b618e9d35559b7aa/r_36",
            "rotation": 0.12566370614359174,
            "transform_matrix": [
                [
                    0.9333267211914062,
                    -0.08998841047286987,
                    -0.34756752848625183,
                    -1.4010896682739258
                ],
                [
                    -0.35902801156044006,
                    -0.2339332550764084,
                    -0.9035341739654541,
                    -3.6422629356384277
                ],
                [
                    0.0,
                    0.9680792093276978,
                    -0.2506444752216339,
                    -1.0103802680969238
                ],
                [
                    0.0,
                    0.0,
                    0.0,
                    1.0
                ]
            ]
        },
        {
            "file_path": "/data/shapenet_blender/all_50_random/02958343/e308a6e4472658b618e9d35559b7aa/r_37",
            "rotation": 0.12566370614359174,
            "transform_matrix": [
                [
                    -0.9692658185958862,
                    -0.0617079921066761,
                    0.23815090954303741,
                    0.9600170850753784
                ],
                [
                    0.2460157424211502,
                    -0.24312040209770203,
                    0.9382795691490173,
                    3.7823262214660645
                ],
                [
                    -3.725290298461914e-09,
                    0.9680312871932983,
                    0.25082939863204956,
                    1.0111258029937744
                ],
                [
                    0.0,
                    0.0,
                    0.0,
                    1.0
                ]
            ]
        },
        {
            "file_path": "/data/shapenet_blender/all_50_random/02958343/e308a6e4472658b618e9d35559b7aa/r_38",
            "rotation": 0.12566370614359174,
            "transform_matrix": [
                [
                    -0.9930821061134338,
                    0.0692974179983139,
                    0.09479331225156784,
                    0.3821240961551666
                ],
                [
                    0.11742191016674042,
                    0.5860748291015625,
                    0.8017033934593201,
                    3.2317700386047363
                ],
                [
                    3.725290298461914e-09,
                    0.8072881698608398,
                    -0.5901573300361633,
                    -2.379000425338745
                ],
                [
                    0.0,
                    0.0,
                    0.0,
                    1.0
                ]
            ]
        },
        {
            "file_path": "/data/shapenet_blender/all_50_random/02958343/e308a6e4472658b618e9d35559b7aa/r_39",
            "rotation": 0.12566370614359174,
            "transform_matrix": [
                [
                    -0.9870299696922302,
                    0.02381257340312004,
                    -0.15876030921936035,
                    -0.6399831771850586
                ],
                [
                    -0.16053618490695953,
                    -0.14640763401985168,
                    0.9761112332344055,
                    3.9348297119140625
                ],
                [
                    -1.8626447051417472e-09,
                    0.9889377355575562,
                    0.14833150804042816,
                    0.5979433655738831
                ],
                [
                    0.0,
                    0.0,
                    0.0,
                    1.0
                ]
            ]
        },
        {
            "file_path": "/data/shapenet_blender/all_50_random/02958343/e308a6e4472658b618e9d35559b7aa/r_40",
            "rotation": 0.12566370614359174,
            "transform_matrix": [
                [
                    0.5885154008865356,
                    -0.06238227337598801,
                    -0.8060755729675293,
                    -3.2493948936462402
                ],
                [
                    -0.8084859848022461,
                    -0.045409489423036575,
                    -0.5867608785629272,
                    -2.365309000015259
                ],
                [
                    -3.725290298461914e-09,
                    0.9970187544822693,
                    -0.07715936750173569,
                    -0.31103938817977905
                ],
                [
                    0.0,
                    0.0,
                    0.0,
                    1.0
                ]
            ]
        },
        {
            "file_path": "/data/shapenet_blender/all_50_random/02958343/e308a6e4472658b618e9d35559b7aa/r_41",
            "rotation": 0.12566370614359174,
            "transform_matrix": [
                [
                    0.9626147747039795,
                    -0.06033305823802948,
                    0.26406970620155334,
                    1.064499020576477
                ],
                [
                    0.2708743214607239,
                    0.2144075483083725,
                    -0.9384329915046692,
                    -3.782944440841675
                ],
                [
                    -3.725290298461914e-09,
                    0.9748792052268982,
