{
    "class": "02958343",
    "model": "8b8f4f12e5b142c016abce8cb03e7794",
    "remove_doubles": true,
    "edge_split": true,
    "denoise": true,
    "camera_angle_x": 0.6911112070083618,
    "scale_factor": 2.292920710409496,
    "hdri_file": "/data/IndoorHDRDataset2018/AG8A2439-a01e86f2c2.exr",
    "center_offset": [
        0.0,
        0.0,
        0.0
    ],
    "lights": [],
    "frames": [
        {
            "file_path": "/data/shapenet_blender/all_50_random/02958343/8b8f4f12e5b142c016abce8cb03e7794/r_0",
            "rotation": 0.12566370614359174,
            "transform_matrix": [
                [
                    -0.4765971302986145,
                    -0.5677713751792908,
                    -0.671186089515686,
                    -2.7056379318237305
                ],
                [
                    -0.8791218400001526,
                    0.3078051209449768,
                    0.36386919021606445,
                    1.466803789138794
                ],
                [
                    0.0,
                    0.7634734511375427,
                    -0.6458391547203064,
                    -2.6034610271453857
                ],
                [
                    0.0,
                    0.0,
                    0.0,
                    1.0
                ]
            ]
        },
        {
            "file_path": "/data/shapenet_blender/all_50_random/02958343/8b8f4f12e5b142c016abce8cb03e7794/r_1",
            "rotation": 0.12566370614359174,
            "transform_matrix": [
                [
                    0.03383556380867958,
                    0.28902900218963623,
                    0.9567221999168396,
                    3.856670618057251
                ],
                [
                    0.9994274973869324,
                    -0.009785059839487076,
                    -0.03238977864384651,
                    -0.13056737184524536
                ],
                [
                    -1.862645371275562e-09,
                    0.9572703242301941,
                    -0.2891945540904999,
                    -1.1657805442810059
                ],
                [
                    0.0,
                    0.0,
                    0.0,
                    1.0
                ]
            ]
        },
        {
            "file_path": "/data/shapenet_blender/all_50_random/02958343/8b8f4f12e5b142c016abce8cb03e7794/r_2",
            "rotation": 0.12566370614359174,
            "transform_matrix": [
                [
                    -0.6624842882156372,
                    0.3916940689086914,
                    -0.6385063529014587,
                    -2.573901414871216
                ],
                [
                    -0.7490758895874023,
                    -0.34641507267951965,
                    0.5646963715553284,
                    2.2763638496398926
                ],
                [
                    0.0,
                    0.8523921966552734,
                    0.5229030847549438,
                    2.1078896522521973
                ],
                [
                    0.0,
                    0.0,
                    0.0,
                    1.0
                ]
            ]
        },
        {
            "file_path": "/data/shapenet_blender/all_50_random/02958343/8b8f4f12e5b142c016abce8cb03e7794/r_3",
            "rotation": 0.12566370614359174,
            "transform_matrix": [
                [
                    0.6385717391967773,
                    -0.2523047924041748,
                    0.7270271182060242,
                    2.9307401180267334
                ],
                [
                    0.7695624232292175,
                    0.20935888588428497,
                    -0.6032766103744507,
                    -2.4318857192993164
                ],
                [
                    0.0,
                    0.9447280168533325,
                    0.3278549611568451,
                    1.3216255903244019
                ],
                [
                    0.0,
                    0.0,
                    0.0,
                    1.0
                ]
            ]
        },
        {
            "file_path": "/data/shapenet_blender/all_50_random/02958343/8b8f4f12e5b142c016abce8cb03e7794/r_4",
            "rotation": 0.12566370614359174,
            "transform_matrix": [
                [
                    0.9991713166236877,
                    0.024867579340934753,
                    -0.032219983637332916,
                    -0.12988290190696716
                ],
                [
                    -0.040700409561395645,
                    0.6104845404624939,
                    -0.7909817099571228,
                    -3.188549280166626
                ],
                [
                    0.0,
                    0.7916377186775208,
                    0.6109907627105713,
                    2.462982654571533
                ],
                [
                    0.0,
                    0.0,
                    0.0,
                    1.0
                ]
            ]
        },
        {
            "file_path": "/data/shapenet_blender/all_50_random/02958343/8b8f4f12e5b142c016abce8cb03e7794/r_5",
            "rotation": 0.12566370614359174,
            "transform_matrix": [
                [
                    0.010410177521407604,
                    -0.7161009311676025,
                    0.6979191303253174,
                    2.813401937484741
                ],
                [
                    0.9999458193778992,
                    0.007455141749233007,
                    -0.007265856023877859,
                    -0.029289603233337402
                ],
                [
                    4.6566125955216364e-10,
                    0.6979568600654602,
                    0.7161397337913513,
                    2.8868515491485596
                ],
                [
                    0.0,
                    0.0,
                    0.0,
                    1.0
                ]
            ]
        },
        {
            "file_path": "/data/shapenet_blender/all_50_random/02958343/8b8f4f12e5b142c016abce8cb03e7794/r_6",
            "rotation": 0.12566370614359174,
            "transform_matrix": [
                [
                    -0.06655566394329071,
                    -0.44984203577041626,
                    0.8906246423721313,
                    3.5902230739593506
                ],
                [
                    0.9977827072143555,
                    -0.03000607155263424,
                    0.05940784513950348,
                    0.23948070406913757
                ],
                [
                    0.0,
                    0.8926039338111877,
                    0.45084163546562195,
                    1.8174009323120117
                ],
                [
                    0.0,
                    0.0,
                    0.0,
                    1.0
                ]
            ]
        },
        {
            "file_path": "/data/shapenet_blender/all_50_random/02958343/8b8f4f12e5b142c016abce8cb03e7794/r_7",
            "rotation": 0.12566370614359174,
            "transform_matrix": [
                [
                    0.9996621608734131,
                    -0.008200027048587799,
                    -0.024666817858815193,
                    -0.09943512082099915
                ],
                [
                    -0.025994086638092995,
                    -0.31535080075263977,
                    -0.94861900806427,
                    -3.824005603790283
                ],
                [
                    9.31322685637781e-10,
                    0.9489396810531616,
                    -0.31545743346214294,
                    -1.2716495990753174
                ],
                [
                    0.0,
                    0.0,
                    0.0,
                    1.0
                ]
            ]
        },
        {
            "file_path": "/data/shapenet_blender/all_50_random/02958343/8b8f4f12e5b142c016abce8cb03e7794/r_8",
            "rotation": 0.12566370614359174,
            "transform_matrix": [
                [
                    0.6271552443504333,
                    0.3376521170139313,
                    0.7019026279449463,
                    2.8294599056243896
                ],
                [
                    0.778894305229187,
                    -0.27187293767929077,
                    -0.5651625990867615,
                    -2.27824330329895
                ],
                [
                    -1.4901161193847656e-08,
                    0.9011525511741638,
                    -0.4335018992424011,
                    -1.7475019693374634
                ],
                [
                    0.0,
                    0.0,
                    0.0,
                    1.0
                ]
            ]
        },
        {
            "file_path": "/data/shapenet_blender/all_50_random/02958343/8b8f4f12e5b142c016abce8cb03e7794/r_9",
            "rotation": 0.12566370614359174,
            "transform_matrix": [
                [
                    0.8028292059898376,
                    -0.09589970856904984,
                    0.588445782661438,
                    2.372100830078125
                ],
                [
                    0.5962089896202087,
                    0.129134401679039,
                    -0.7923756241798401,
                    -3.1941683292388916
                ],
                [
                    0.0,
                    0.986979067325592,
                    0.16084912419319153,
                    0.6484035849571228
                ],
                [
                    0.0,
                    0.0,
                    0.0,
                    1.0
                ]
            ]
        },
        {
            "file_path": "/data/shapenet_blender/all_50_random/02958343/8b8f4f12e5b142c016abce8cb03e7794/r_10",
            "rotation": 0.12566370614359174,
            "transform_matrix": [
                [
                    -0.8597370386123657,
                    -0.0006093389238230884,
                    -0.5107364654541016,
                    -2.058844566345215
                ],
                [
                    -0.5107367634773254,
                    0.0010257166577503085,
                    0.859736442565918,
                    3.4657084941864014
                ],
                [
                    5.8207657444020455e-11,
                    0.9999992251396179,
                    -0.001193058560602367,
                    -0.0048093730583786964
                ],
                [
                    0.0,
                    0.0,
                    0.0,
                    1.0
                ]
            ]
        },
        {
            "file_path": "/data/shapenet_blender/all_50_random/02958343/8b8f4f12e5b142c016abce8cb03e7794/r_11",
            "rotation": 0.12566370614359174,
            "transform_matrix": [
                [
                    -0.917540967464447,
                    0.03739243745803833,
                    0.3958791494369507,
                    1.5958399772644043
                ],
                [
                    0.3976411819458008,
                    0.08628153800964355,
                    0.9134751558303833,
                    3.6823363304138184
                ],
                [
                    0.0,
                    0.9955688118934631,
                    -0.09403561800718307,
                    -0.3790697455406189
                ],
                [
                    0.0,
                    0.0,
                    0.0,
                    1.0
                ]
            ]
        },
        {
            "file_path": "/data/shapenet_blender/all_50_random/02958343/8b8f4f12e5b142c016abce8cb03e7794/r_12",
            "rotation": 0.12566370614359174,
            "transform_matrix": [
                [
                    0.9916434288024902,
                    -0.0005817568162456155,
                    0.1290077418088913,
                    0.5200468897819519
                ],
                [
                    0.12900908291339874,
                    0.004471742548048496,
                    -0.9916332364082336,
                    -3.997401714324951
                ],
                [
                    -5.820766091346741e-11,
                    0.999989926815033,
                    0.004509424790740013,
                    0.018178075551986694
                ],
                [
                    0.0,
                    0.0,
                    0.0,
                    1.0
                ]
            ]
        },
        {
            "file_path": "/data/shapenet_blender/all_50_random/02958343/8b8f4f12e5b142c016abce8cb03e7794/r_13",
            "rotation": 0.12566370614359174,
            "transform_matrix": [
                [
                    -0.35377946496009827,
                    0.5108677744865417,
                    0.783488392829895,
                    3.1583430767059326
                ],
                [
                    0.9353289604187012,
                    0.1932309865951538,
                    0.29634717106819153,
                    1.1946138143539429
                ],
                [
                    -1.4901162970204496e-08,
                    0.8376609683036804,
                    -0.5461905002593994,
                    -2.2017645835876465
                ],
                [
                    0.0,
                    0.0,
                    0.0,
                    1.0
                ]
            ]
        },
        {
            "file_path": "/data/shapenet_blender/all_50_random/02958343/8b8f4f12e5b142c016abce8cb03e7794/r_14",
            "rotation": 0.12566370614359174,
            "transform_matrix": [
                [
                    0.3585209548473358,
                    -0.5758644938468933,
                    -0.7347397804260254,
                    -2.9618310928344727
                ],
                [
                    -0.933521568775177,
                    -0.22116199135780334,
                    -0.2821783721446991,
                    -1.1374975442886353
                ],
                [
                    0.0,
                    0.787062406539917,
                    -0.6168731451034546,
                    -2.4866955280303955
                ],
                [
                    0.0,
                    0.0,
                    0.0,
                    1.0
                ]
            ]
        },
        {
            "file_path": "/data/shapenet_blender/all_50_random/02958343/8b8f4f12e5b142c016abce8cb03e7794/r_15",
            "rotation": 0.12566370614359174,
            "transform_matrix": [
                [
                    0.9905652403831482,
                    0.02727404609322548,
                    0.1343001276254654,
                    0.5413811802864075
                ],
                [
                    0.1370415985584259,
                    -0.19714249670505524,
                    -0.9707493782043457,
                    -3.9132161140441895
                ],
                [
                    1.8626450382086546e-09,
                    0.9799953699111938,
                    -0.19902020692825317,
                    -0.8022761940956116
                ],
                [
                    0.0,
                    0.0,
                    0.0,
                    1.0
                ]
            ]
        },
        {
            "file_path": "/data/shapenet_blender/all_50_random/02958343/8b8f4f12e5b142c016abce8cb03e7794/r_16",
            "rotation": 0.12566370614359174,
            "transform_matrix": [
                [
                    -0.8928751945495605,
                    -0.25489211082458496,
                    -0.3712195158004761,
                    -1.4964338541030884
                ],
                [
                    -0.4503043293952942,
                    0.5054067373275757,
                    0.7360637784004211,
                    2.9671683311462402
                ],
                [
                    0.0,
                    0.824374794960022,
                    -0.5660441517829895,
                    -2.281797170639038
                ],
                [
                    0.0,
                    0.0,
                    0.0,
                    1.0
                ]
            ]
        },
        {
            "file_path": "/data/shapenet_blender/all_50_random/02958343/8b8f4f12e5b142c016abce8cb03e7794/r_17",
            "rotation": 0.12566370614359174,
            "transform_matrix": [
                [
                    -0.5901196599006653,
                    -0.01921018958091736,
                    -0.8070871233940125,
                    -3.2534725666046143
                ],
                [
                    -0.8073158264160156,
                    0.014041977003216743,
                    0.5899524688720703,
                    2.3781747817993164
                ],
                [
                    0.0,
                    0.9997168779373169,
                    -0.023795131593942642,
                    -0.09592124819755554
                ],
                [
                    0.0,
                    0.0,
                    0.0,
                    1.0
                ]
            ]
        },
        {
            "file_path": "/data/shapenet_blender/all_50_random/02958343/8b8f4f12e5b142c016abce8cb03e7794/r_18",
            "rotation": 0.12566370614359174,
            "transform_matrix": [
                [
                    -0.8755958080291748,
                    0.13849227130413055,
                    -0.46276557445526123,
                    -1.8654677867889404
                ],
                [
                    -0.48304468393325806,
                    -0.25103938579559326,
                    0.838836669921875,
                    3.3814589977264404
                ],
                [
                    7.450581485102248e-09,
                    0.9580182433128357,
                    0.28670698404312134,
                    1.1557528972625732
                ],
                [
                    0.0,
                    0.0,
                    0.0,
                    1.0
                ]
            ]
        },
        {
            "file_path": "/data/shapenet_blender/all_50_random/02958343/8b8f4f12e5b142c016abce8cb03e7794/r_19",
            "rotation": 0.12566370614359174,
            "transform_matrix": [
                [
                    0.3780064880847931,
                    0.7834963202476501,
                    0.4931982755661011,
                    1.9881459474563599
                ],
                [
                    0.9258030652999878,
                    -0.3199024498462677,
                    -0.2013734132051468,
                    -0.811762273311615
                ],
                [
                    0.0,
                    0.5327248573303223,
                    -0.8462883830070496,
                    -3.4114978313446045
                ],
                [
                    0.0,
                    0.0,
                    0.0,
                    1.0
                ]
            ]
        },
        {
            "file_path": "/data/shapenet_blender/all_50_random/02958343/8b8f4f12e5b142c016abce8cb03e7794/r_20",
            "rotation": 0.12566370614359174,
            "transform_matrix": [
                [
                    0.5791836380958557,
                    0.011370953172445297,
                    -0.8151178359985352,
                    -3.2858450412750244
                ],
                [
                    -0.8151971697807312,
                    0.008078867569565773,
                    -0.5791272521018982,
                    -2.334536552429199
                ],
                [
                    4.656612873077393e-10,
                    0.9999027252197266,
                    0.013948715291917324,
                    0.05622906982898712
                ],
                [
                    0.0,
                    0.0,
                    0.0,
                    1.0
                ]
            ]
        },
        {
            "file_path": "/data/shapenet_blender/all_50_random/02958343/8b8f4f12e5b142c016abce8cb03e7794/r_21",
            "rotation": 0.12566370614359174,
            "transform_matrix": [
                [
                    0.25658121705055237,
                    0.018187133595347404,
                    -0.9663515090942383,
                    -3.8954875469207764
                ],
                [
                    -0.9665226936340332,
                    0.004828109871596098,
                    -0.2565357983112335,
                    -1.0341289043426514
                ],
                [
                    4.656612873077393e-10,
                    0.9998229742050171,
                    0.018817080184817314,
                    0.07585407793521881
                ],
                [
                    0.0,
                    0.0,
                    0.0,
                    1.0
                ]
            ]
        },
        {
            "file_path": "/data/shapenet_blender/all_50_random/02958343/8b8f4f12e5b142c016abce8cb03e7794/r_22",
            "rotation": 0.12566370614359174,
            "transform_matrix": [
                [
                    0.2426178753376007,
                    -0.0018126016948372126,
                    -0.9701202511787415,
                    -3.910679817199707
                ],
                [
                    -0.9701219797134399,
                    -0.0004533136961981654,
                    -0.2426174432039261,
                    -0.9780222177505493
                ],
                [
                    0.0,
                    0.9999982714653015,
                    -0.0018684265669435263,
                    -0.007531868293881416
                ],
                [
                    0.0,
                    0.0,
                    0.0,
                    1.0
                ]
            ]
        },
        {
            "file_path": "/data/shapenet_blender/all_50_random/02958343/8b8f4f12e5b142c016abce8cb03e7794/r_23",
            "rotation": 0.12566370614359174,
            "transform_matrix": [
                [
                    -0.39417293667793274,
                    0.7786610126495361,
                    -0.48817482590675354,
                    -1.9678956270217896
                ],
                [
                    -0.9190363883972168,
                    -0.3339661955833435,
                    0.2093772441148758,
                    0.8440266847610474
                ],
                [
                    1.4901164746561335e-08,
                    0.5311811566352844,
                    0.8472582101821899,
                    3.415407180786133
                ],
                [
                    0.0,
                    0.0,
                    0.0,
                    1.0
                ]
            ]
        },
        {
            "file_path": "/data/shapenet_blender/all_50_random/02958343/8b8f4f12e5b142c016abce8cb03e7794/r_24",
            "rotation": 0.12566370614359174,
            "transform_matrix": [
                [
                    0.8430012464523315,
                    -0.536052405834198,
                    0.04468584805727005,
                    0.18013441562652588
                ],
                [
                    0.5379117727279663,
                    0.8400872945785522,
                    -0.07003049552440643,
                    -0.28230196237564087
                ],
                [
                    0.0,
                    0.0830727070569992,
                    0.9965434670448303,
                    4.017195224761963
                ],
                [
                    0.0,
                    0.0,
                    0.0,
                    1.0
                ]
            ]
        },
        {
            "file_path": "/data/shapenet_blender/all_50_random/02958343/8b8f4f12e5b142c016abce8cb03e7794/r_25",
            "rotation": 0.12566370614359174,
            "transform_matrix": [
                [
                    0.22070729732513428,
                    -0.22735518217086792,
                    -0.9484713673591614,
                    -3.8234102725982666
                ],
                [
                    -0.9753401875495911,
                    -0.051447633653879166,
                    -0.2146272212266922,
                    -0.8651900291442871
                ],
                [
                    0.0,
                    0.9724518060684204,
                    -0.23310351371765137,
                    -0.9396703243255615
                ],
                [
                    0.0,
                    0.0,
                    0.0,
                    1.0
                ]
            ]
        },
        {
            "file_path": "/data/shapenet_blender/all_50_random/02958343/8b8f4f12e5b142c016abce8cb03e7794/r_26",
            "rotation": 0.12566370614359174,
            "transform_matrix": [
                [
                    0.21456553041934967,
                    -0.11571500450372696,
                    0.9698307514190674,
                    3.909512758255005
                ],
                [
                    0.9767096042633057,
                    0.025420505553483963,
                    -0.2130543738603592,
                    -0.8588496446609497
                ],
                [
                    0.0,
                    0.9929571747779846,
                    0.1184743121266365,
                    0.47758522629737854
                ],
                [
                    0.0,
                    0.0,
                    0.0,
                    1.0
                ]
            ]
        },
        {
            "file_path": "/data/shapenet_blender/all_50_random/02958343/8b8f4f12e5b142c016abce8cb03e7794/r_27",
            "rotation": 0.12566370614359174,
            "transform_matrix": [
                [
                    -0.7492879629135132,
                    -0.014881693758070469,
                    0.6620771288871765,
                    2.6689181327819824
                ],
                [
                    0.6622443795204163,
                    -0.016837703064084053,
                    0.7490987181663513,
                    3.0197134017944336
                ],
                [
                    9.313224635931761e-10,
                    0.9997474551200867,
                    0.022471608594059944,
                    0.09058594703674316
                ],
                [
                    0.0,
                    0.0,
                    0.0,
                    1.0
                ]
            ]
        },
        {
            "file_path": "/data/shapenet_blender/all_50_random/02958343/8b8f4f12e5b142c016abce8cb03e7794/r_28",
            "rotation": 0.12566370614359174,
            "transform_matrix": [
                [
                    0.6670043468475342,
                    -0.5213326215744019,
                    -0.5322757959365845,
                    -2.145672559738159
                ],
                [
                    -0.7450538873672485,
                    -0.4667194187641144,
                    -0.4765162169933319,
                    -1.9208984375
                ],
                [
                    0.0,
                    0.71441251039505,
                    -0.6997246742248535,
                    -2.820680618286133
                ],
                [
                    0.0,
                    0.0,
                    0.0,
                    1.0
                ]
            ]
        },
        {
            "file_path": "/data/shapenet_blender/all_50_random/02958343/8b8f4f12e5b142c016abce8cb03e7794/r_29",
            "rotation": 0.12566370614359174,
            "transform_matrix": [
                [
                    0.3446801006793976,
                    -0.9204756617546082,
                    0.18417437374591827,
                    0.7424306869506836
                ],
                [
                    0.938720166683197,
                    0.33798107504844666,
                    -0.06762530654668808,
                    -0.27260637283325195
                ],
                [
                    -3.725290076417309e-09,
                    0.19619734585285187,
                    0.9805643558502197,
                    3.9527816772460938
                ],
                [
                    0.0,
                    0.0,
                    0.0,
                    1.0
                ]
            ]
        },
        {
            "file_path": "/data/shapenet_blender/all_50_random/02958343/8b8f4f12e5b142c016abce8cb03e7794/r_30",
            "rotation": 0.12566370614359174,
            "transform_matrix": [
                [
                    0.9173028469085693,
                    0.0665331482887268,
                    0.3925923705101013,
                    1.5825903415679932
                ],
                [
                    0.3981901705265045,
                    -0.15327110886573792,
                    -0.9044073224067688,
                    -3.645782232284546
                ],
                [
                    3.7252898543727042e-09,
                    0.9859417676925659,
                    -0.16708891093730927,
                    -0.673556923866272
                ],
                [
                    0.0,
                    0.0,
                    0.0,
                    1.0
                ]
            ]
        },
        {
            "file_path": "/data/shapenet_blender/all_50_random/02958343/8b8f4f12e5b142c016abce8cb03e7794/r_31",
            "rotation": 0.12566370614359174,
            "transform_matrix": [
                [
                    0.10058389604091644,
                    0.13854481279850006,
                    -0.9852352142333984,
                    -3.971609592437744
                ],
                [
                    -0.9949286580085754,
                    0.014006408862769604,
                    -0.09960392117500305,
                    -0.4015161991119385
                ],
                [
                    0.0,
                    0.9902570843696594,
                    0.13925103843212128,
                    0.5613388419151306
                ],
                [
                    0.0,
                    0.0,
                    0.0,
                    1.0
                ]
            ]
        },
        {
            "file_path": "/data/shapenet_blender/all_50_random/02958343/8b8f4f12e5b142c016abce8cb03e7794/r_32",
            "rotation": 0.12566370614359174,
            "transform_matrix": [
                [
                    -0.08294405788183212,
                    0.23942583799362183,
                    -0.9673652052879333,
                    -3.899574041366577
                ],
                [
                    -0.9965543150901794,
                    -0.0199276152998209,
                    0.08051462471485138,
                    0.3245648741722107
                ],
                [
                    1.862645371275562e-09,
                    0.9707100987434387,
                    0.24025368690490723,
                    0.968493640422821
                ],
                [
                    0.0,
                    0.0,
                    0.0,
                    1.0
                ]
            ]
        },
        {
            "file_path": "/data/shapenet_blender/all_50_random/02958343/8b8f4f12e5b142c016abce8cb03e7794/r_33",
            "rotation": 0.12566370614359174,
            "transform_matrix": [
                [
                    0.7311738133430481,
                    0.5279648900032043,
                    -0.43201613426208496,
                    -1.7415128946304321
                ],
                [
                    -0.6821912527084351,
                    0.5658736824989319,
                    -0.4630356729030609,
                    -1.8665566444396973
                ],
                [
                    -1.4901161193847656e-08,
                    0.633277177810669,
                    0.7739249467849731,
                    3.1197915077209473
                ],
                [
                    0.0,
                    0.0,
                    0.0,
                    1.0
                ]
            ]
        },
        {
            "file_path": "/data/shapenet_blender/all_50_random/02958343/8b8f4f12e5b142c016abce8cb03e7794/r_34",
            "rotation": 0.12566370614359174,
            "transform_matrix": [
                [
                    0.08798907697200775,
                    0.6902506947517395,
                    -0.7182003855705261,
                    -2.895158290863037
                ],
                [
                    -0.9961214661598206,
                    0.06097100302577019,
                    -0.06343984603881836,
                    -0.2557342052459717
                ],
                [
                    0.0,
                    0.7209967374801636,
                    0.6929383277893066,
                    2.7933237552642822
                ],
                [
                    0.0,
                    0.0,
                    0.0,
                    1.0
                ]
            ]
        },
        {
            "file_path": "/data/shapenet_blender/all_50_random/02958343/8b8f4f12e5b142c016abce8cb03e7794/r_35",
            "rotation": 0.12566370614359174,
            "transform_matrix": [
                [
                    -0.9866907000541687,
                    0.1196429580450058,
                    0.11012349277734756,
                    0.4439220428466797
                ],
                [
                    0.1626088172197342,
                    0.7259790301322937,
                    0.6682160496711731,
                    2.6936652660369873
                ],
                [
                    0.0,
                    0.677229642868042,
                    -0.735771656036377,
                    -2.9659905433654785
                ],
                [
                    0.0,
                    0.0,
                    0.0,
                    1.0
                ]
            ]
        },
        {
            "file_path": "/data/shapenet_blender/all_50_random/02958343/8b8f4f12e5b142c016abce8cb03e7794/r_36",
            "rotation": 0.12566370614359174,
            "transform_matrix": [
                [
                    -0.9921570420265198,
                    0.0970689058303833,
                    -0.07875362783670425,
                    -0.31746605038642883
                ],
                [
                    -0.12499803304672241,
                    -0.7704728841781616,
                    0.6250975131988525,
                    2.5198488235473633
                ],
                [
                    -3.725290298461914e-09,
                    0.6300389170646667,
                    0.7765634655952454,
                    3.130427598953247
                ],
                [
                    0.0,
                    0.0,
                    0.0,
                    1.0
                ]
            ]
        },
        {
            "file_path": "/data/shapenet_blender/all_50_random/02958343/8b8f4f12e5b142c016abce8cb03e7794/r_37",
            "rotation": 0.12566370614359174,
            "transform_matrix": [
                [
                    0.26817721128463745,
                    -0.43517524003982544,
                    -0.8594785928726196,
                    -3.4646689891815186
                ],
                [
                    -0.9633695483207703,
                    -0.12114156037569046,
                    -0.23925666511058807,
                    -0.9644744396209717
                ],
                [
                    0.0,
                    0.8921588063240051,
                    -0.4517219662666321,
                    -1.8209494352340698
                ],
                [
                    0.0,
                    0.0,
                    0.0,
                    1.0
                ]
            ]
        },
        {
            "file_path": "/data/shapenet_blender/all_50_random/02958343/8b8f4f12e5b142c016abce8cb03e7794/r_38",
            "rotation": 0.12566370614359174,
            "transform_matrix": [
                [
                    0.8702923655509949,
                    -0.055826928466558456,
                    -0.4893614947795868,
                    -1.9726792573928833
                ],
                [
                    -0.49253562092781067,
                    -0.09864412248134613,
                    -0.8646837472915649,
                    -3.485651731491089
                ],
                [
                    3.725290742551124e-09,
                    0.9935555458068848,
                    -0.11334597319364548,
                    -0.45691221952438354
                ],
                [
                    0.0,
                    0.0,
                    0.0,
                    1.0
                ]
            ]
        },
        {
            "file_path": "/data/shapenet_blender/all_50_random/02958343/8b8f4f12e5b142c016abce8cb03e7794/r_39",
            "rotation": 0.12566370614359174,
            "transform_matrix": [
                [
                    0.8865271806716919,
                    0.15828292071819305,
                    0.43475982546806335,
                    1.7525728940963745
                ],
                [
                    0.4626765847206116,
                    -0.30328336358070374,
                    -0.8330363631248474,
                    -3.358077049255371
                ],
                [
                    -1.4901161193847656e-08,
                    0.9396624565124512,
                    -0.3421027660369873,
                    -1.3790603876113892
                ],
                [
                    0.0,
                    0.0,
                    0.0,
                    1.0
                ]
            ]
        },
        {
            "file_path": "/data/shapenet_blender/all_50_random/02958343/8b8f4f12e5b142c016abce8cb03e7794/r_40",
            "rotation": 0.12566370614359174,
            "transform_matrix": [
                [
                    0.8397907018661499,
                    -0.011857438832521439,
                    0.5427809357643127,
                    2.1880199909210205
                ],
                [
                    0.5429104566574097,
                    0.01834145188331604,
                    -0.839590311050415,
                    -3.3844966888427734
                ],
                [
                    0.0,
                    0.9997613430023193,
                    0.02184050902724266,
                    0.08804190903902054
                ],
                [
                    0.0,
                    0.0,
                    0.0,
                    1.0
                ]
            ]
        },
        {
            "file_path": "/data/shapenet_blender/all_50_random/02958343/8b8f4f12e5b142c016abce8cb03e7794/r_41",
            "rotation": 0.12566370614359174,
            "transform_matrix": [
                [
                    -0.8984635472297668,
                    -0.15633134543895721,
                    0.4102727770805359,
                    1.653862476348877
                ],
                [
                    0.4390481114387512,
                    -0.31991487741470337,
                    0.8395779728889465,
                    3.3844470977783203
                ],
