{
    "class": "02958343",
    "model": "25bd9f423333c691f606d4ef0b8dbe5b",
    "remove_doubles": true,
    "edge_split": true,
    "denoise": true,
    "camera_angle_x": 0.6911112070083618,
    "scale_factor": 2.400257405228823,
    "hdri_file": "/data/IndoorHDRDataset2018/AG8A5192-2a999819ac.exr",
    "center_offset": [
        0.0,
        0.0,
        3.725290298461914e-09
    ],
    "lights": [],
    "frames": [
        {
            "file_path": "/data/shapenet_blender/all_50_random/02958343/25bd9f423333c691f606d4ef0b8dbe5b/r_0",
            "rotation": 0.12566370614359174,
            "transform_matrix": [
                [
                    0.8301739692687988,
                    -0.08067652583122253,
                    0.5516362190246582,
                    2.2237167358398438
                ],
                [
                    0.5575044751167297,
                    0.12013454735279083,
                    -0.8214355707168579,
                    -3.311312675476074
                ],
                [
                    0.0,
                    0.9894740581512451,
                    0.14471009373664856,
                    0.5833450555801392
                ],
                [
                    0.0,
                    0.0,
                    0.0,
                    1.0
                ]
            ]
        },
        {
            "file_path": "/data/shapenet_blender/all_50_random/02958343/25bd9f423333c691f606d4ef0b8dbe5b/r_1",
            "rotation": 0.12566370614359174,
            "transform_matrix": [
                [
                    0.6739057898521423,
                    0.27304667234420776,
                    -0.6865102648735046,
                    -2.767411470413208
                ],
                [
                    -0.7388171553611755,
                    0.24905720353126526,
                    -0.6261945366859436,
                    -2.524271011352539
                ],
                [
                    -1.4901160305669237e-08,
                    0.9292018413543701,
                    0.3695726692676544,
                    1.4897950887680054
                ],
                [
                    0.0,
                    0.0,
                    0.0,
                    1.0
                ]
            ]
        },
        {
            "file_path": "/data/shapenet_blender/all_50_random/02958343/25bd9f423333c691f606d4ef0b8dbe5b/r_2",
            "rotation": 0.12566370614359174,
            "transform_matrix": [
                [
                    0.41660016775131226,
                    0.056627754122018814,
                    -0.9073244333267212,
                    -3.657541513442993
                ],
                [
                    -0.9090898036956787,
                    0.025950279086828232,
                    -0.41579118371009827,
                    -1.6761077642440796
                ],
                [
                    0.0,
                    0.9980579614639282,
                    0.06229060888290405,
                    0.25110146403312683
                ],
                [
                    0.0,
                    0.0,
                    0.0,
                    1.0
                ]
            ]
        },
        {
            "file_path": "/data/shapenet_blender/all_50_random/02958343/25bd9f423333c691f606d4ef0b8dbe5b/r_3",
            "rotation": 0.12566370614359174,
            "transform_matrix": [
                [
                    0.48969706892967224,
                    -0.575091540813446,
                    0.6553369760513306,
                    2.6417479515075684
                ],
                [
                    0.8718926906585693,
                    0.3229992091655731,
                    -0.3680689334869385,
                    -1.4837332963943481
                ],
                [
                    1.4901161193847656e-08,
                    0.7516257762908936,
                    0.6595897674560547,
                    2.658891439437866
                ],
                [
                    0.0,
                    0.0,
                    0.0,
                    1.0
                ]
            ]
        },
        {
            "file_path": "/data/shapenet_blender/all_50_random/02958343/25bd9f423333c691f606d4ef0b8dbe5b/r_4",
            "rotation": 0.12566370614359174,
            "transform_matrix": [
                [
                    -0.9432940483093262,
                    0.07738100737333298,
                    0.32281339168548584,
                    1.3013025522232056
                ],
                [
                    0.3319583237171173,
                    0.2198861539363861,
                    0.9173077940940857,
                    3.697786331176758
                ],
                [
                    0.0,
                    0.9724516868591309,
                    -0.23310454189777374,
                    -0.9396744966506958
                ],
                [
                    0.0,
                    0.0,
                    0.0,
                    1.0
                ]
            ]
        },
        {
            "file_path": "/data/shapenet_blender/all_50_random/02958343/25bd9f423333c691f606d4ef0b8dbe5b/r_5",
            "rotation": 0.12566370614359174,
            "transform_matrix": [
                [
                    0.9970026612281799,
                    0.035133346915245056,
                    0.06893133372068405,
                    0.27787110209465027
                ],
                [
                    0.07736848294734955,
                    -0.4527430236339569,
                    -0.8882780075073242,
                    -3.580763101577759
                ],
                [
                    -1.862645371275562e-09,
                    0.8909485340118408,
                    -0.4541042149066925,
                    -1.8305526971817017
                ],
                [
                    0.0,
                    0.0,
                    0.0,
                    1.0
                ]
            ]
        },
        {
            "file_path": "/data/shapenet_blender/all_50_random/02958343/25bd9f423333c691f606d4ef0b8dbe5b/r_6",
            "rotation": 0.12566370614359174,
            "transform_matrix": [
                [
                    -0.4518350064754486,
                    -0.11412861198186874,
                    -0.8847710490226746,
                    -3.5666260719299316
                ],
                [
                    -0.892101526260376,
                    0.05780429393053055,
                    0.4481222331523895,
                    1.8064384460449219
                ],
                [
                    -3.725290298461914e-09,
                    0.9917829036712646,
                    -0.12793231010437012,
                    -0.5157116651535034
                ],
                [
                    0.0,
                    0.0,
                    0.0,
                    1.0
                ]
            ]
        },
        {
            "file_path": "/data/shapenet_blender/all_50_random/02958343/25bd9f423333c691f606d4ef0b8dbe5b/r_7",
            "rotation": 0.12566370614359174,
            "transform_matrix": [
                [
                    0.9999976754188538,
                    0.0005732049467042089,
                    -0.002092276467010379,
                    -0.0084342360496521
                ],
                [
                    -0.0021693743765354156,
                    0.2642253041267395,
                    -0.9644585251808167,
                    -3.8878567218780518
                ],
                [
                    0.0,
                    0.9644608497619629,
                    0.26422590017318726,
                    1.0651286840438843
                ],
                [
                    0.0,
                    0.0,
                    0.0,
                    1.0
                ]
            ]
        },
        {
            "file_path": "/data/shapenet_blender/all_50_random/02958343/25bd9f423333c691f606d4ef0b8dbe5b/r_8",
            "rotation": 0.12566370614359174,
            "transform_matrix": [
                [
                    -0.9690257906913757,
                    0.12489309161901474,
                    -0.21305090188980103,
                    -0.8588356971740723
                ],
                [
                    -0.24695946276187897,
                    -0.49005869030952454,
                    0.8359745144844055,
                    3.3699212074279785
                ],
                [
                    -7.450580152834618e-09,
                    0.8626958727836609,
                    0.5057229995727539,
                    2.038634777069092
                ],
                [
                    0.0,
                    0.0,
                    0.0,
                    1.0
                ]
            ]
        },
        {
            "file_path": "/data/shapenet_blender/all_50_random/02958343/25bd9f423333c691f606d4ef0b8dbe5b/r_9",
            "rotation": 0.12566370614359174,
            "transform_matrix": [
                [
                    0.9814547300338745,
                    0.027292879298329353,
                    0.1897410750389099,
                    0.7648707628250122
                ],
                [
                    0.19169394671916962,
                    -0.13973692059516907,
                    -0.9714561104774475,
                    -3.916064739227295
                ],
                [
                    0.0,
                    0.9898124933242798,
                    -0.1423773318529129,
                    -0.5739414095878601
                ],
                [
                    0.0,
                    0.0,
                    0.0,
                    1.0
                ]
            ]
        },
        {
            "file_path": "/data/shapenet_blender/all_50_random/02958343/25bd9f423333c691f606d4ef0b8dbe5b/r_10",
            "rotation": 0.12566370614359174,
            "transform_matrix": [
                [
                    -0.2984112501144409,
                    -0.5263597369194031,
                    -0.7961758971214294,
                    -3.2094879150390625
                ],
                [
                    -0.9544373154640198,
                    0.1645699292421341,
                    0.24892976880073547,
                    1.0034680366516113
                ],
                [
                    1.4901160305669237e-08,
                    0.8341835141181946,
                    -0.5514868497848511,
                    -2.2231147289276123
                ],
                [
                    0.0,
                    0.0,
                    0.0,
                    1.0
                ]
            ]
        },
        {
            "file_path": "/data/shapenet_blender/all_50_random/02958343/25bd9f423333c691f606d4ef0b8dbe5b/r_11",
            "rotation": 0.12566370614359174,
            "transform_matrix": [
                [
                    -0.31453514099121094,
                    -0.31916865706443787,
                    0.8939793705940247,
                    3.603745698928833
                ],
                [
                    0.949245810508728,
                    -0.10575738549232483,
                    0.296222448348999,
                    1.1941107511520386
                ],
                [
                    -7.4505797087454084e-09,
                    0.9417784810066223,
                    0.3362339437007904,
                    1.3554022312164307
                ],
                [
                    0.0,
                    0.0,
                    0.0,
                    1.0
                ]
            ]
        },
        {
            "file_path": "/data/shapenet_blender/all_50_random/02958343/25bd9f423333c691f606d4ef0b8dbe5b/r_12",
            "rotation": 0.12566370614359174,
            "transform_matrix": [
                [
                    -0.07256084680557251,
                    0.4009268879890442,
                    0.9132319688796997,
                    3.6813557147979736
                ],
                [
                    0.9973639249801636,
                    0.02916848473250866,
                    0.06644003093242645,
                    0.2678283452987671
                ],
                [
                    1.8626448161640496e-09,
                    0.9156455993652344,
                    -0.4019865095615387,
                    -1.6204594373703003
                ],
                [
                    0.0,
                    0.0,
                    0.0,
                    1.0
                ]
            ]
        },
        {
            "file_path": "/data/shapenet_blender/all_50_random/02958343/25bd9f423333c691f606d4ef0b8dbe5b/r_13",
            "rotation": 0.12566370614359174,
            "transform_matrix": [
                [
                    0.6446384787559509,
                    0.07017508149147034,
                    -0.7612600326538086,
                    -3.068737030029297
                ],
                [
                    -0.764487624168396,
                    0.059173695743083954,
                    -0.6419168710708618,
                    -2.587649345397949
                ],
                [
                    0.0,
                    0.9957781434059143,
                    0.09179362654685974,
                    0.3700318932533264
                ],
                [
                    0.0,
                    0.0,
                    0.0,
                    1.0
                ]
            ]
        },
        {
            "file_path": "/data/shapenet_blender/all_50_random/02958343/25bd9f423333c691f606d4ef0b8dbe5b/r_14",
            "rotation": 0.12566370614359174,
            "transform_matrix": [
                [
                    -0.3799769878387451,
                    -0.05452469363808632,
                    0.9233875274658203,
                    3.722294330596924
                ],
                [
                    0.924996018409729,
                    -0.022398071363568306,
                    0.37931621074676514,
                    1.529072642326355
                ],
                [
                    -1.862645371275562e-09,
                    0.998261034488678,
                    0.058945875614881516,
                    0.23761844635009766
                ],
                [
                    0.0,
                    0.0,
                    0.0,
                    1.0
                ]
            ]
        },
        {
            "file_path": "/data/shapenet_blender/all_50_random/02958343/25bd9f423333c691f606d4ef0b8dbe5b/r_15",
            "rotation": 0.12566370614359174,
            "transform_matrix": [
                [
                    0.6546962857246399,
                    -0.02283267118036747,
                    0.7555471062660217,
                    3.0457077026367188
                ],
                [
                    0.7558920383453369,
                    0.01977592520415783,
                    -0.6543974876403809,
                    -2.63796067237854
                ],
                [
                    0.0,
                    0.9995437264442444,
                    0.030206257477402687,
                    0.12176531553268433
                ],
                [
                    0.0,
                    0.0,
                    0.0,
                    1.0
                ]
            ]
        },
        {
            "file_path": "/data/shapenet_blender/all_50_random/02958343/25bd9f423333c691f606d4ef0b8dbe5b/r_16",
            "rotation": 0.12566370614359174,
            "transform_matrix": [
                [
                    -0.01508287526667118,
                    -0.010317017324268818,
                    -0.9998330473899841,
                    -4.030455589294434
                ],
                [
                    -0.9998862147331238,
                    0.00015562800399493426,
                    0.015082073397934437,
                    0.06079778075218201
                ],
                [
                    0.0,
                    0.9999468326568604,
                    -0.010318189859390259,
                    -0.04159395396709442
                ],
                [
                    0.0,
                    0.0,
                    0.0,
                    1.0
                ]
            ]
        },
        {
            "file_path": "/data/shapenet_blender/all_50_random/02958343/25bd9f423333c691f606d4ef0b8dbe5b/r_17",
            "rotation": 0.12566370614359174,
            "transform_matrix": [
                [
                    0.3298397362232208,
                    -0.25459787249565125,
                    -0.9090576171875,
                    -3.6645283699035645
                ],
                [
                    -0.9440370202064514,
                    -0.08895465731620789,
                    -0.31761816143989563,
                    -1.2803597450256348
                ],
                [
                    0.0,
                    0.9629470705986023,
                    -0.2696905732154846,
                    -1.0871574878692627
                ],
                [
                    0.0,
                    0.0,
                    0.0,
                    1.0
                ]
            ]
        },
        {
            "file_path": "/data/shapenet_blender/all_50_random/02958343/25bd9f423333c691f606d4ef0b8dbe5b/r_18",
            "rotation": 0.12566370614359174,
            "transform_matrix": [
                [
                    0.9689816832542419,
                    -0.0765957310795784,
                    0.23496274650096893,
                    0.9471650719642639
                ],
                [
                    0.2471323311328888,
                    0.30032435059547424,
                    -0.9212659001350403,
                    -3.7137415409088135
                ],
                [
                    0.0,
                    0.9507567286491394,
                    0.30993810296058655,
                    1.2494003772735596
                ],
                [
                    0.0,
                    0.0,
                    0.0,
                    1.0
                ]
            ]
        },
        {
            "file_path": "/data/shapenet_blender/all_50_random/02958343/25bd9f423333c691f606d4ef0b8dbe5b/r_19",
            "rotation": 0.12566370614359174,
            "transform_matrix": [
                [
                    -0.6467121243476868,
                    -0.06124809384346008,
                    -0.7602710127830505,
                    -3.0647504329681396
                ],
                [
                    -0.762734055519104,
                    0.05193145200610161,
                    0.6446237564086914,
                    2.5985615253448486
                ],
                [
                    3.725290076417309e-09,
                    0.9967706799507141,
                    -0.0803007185459137,
                    -0.32370254397392273
                ],
                [
                    0.0,
                    0.0,
                    0.0,
                    1.0
                ]
            ]
        },
        {
            "file_path": "/data/shapenet_blender/all_50_random/02958343/25bd9f423333c691f606d4ef0b8dbe5b/r_20",
            "rotation": 0.12566370614359174,
            "transform_matrix": [
                [
                    0.9897018671035767,
                    0.014257555827498436,
                    0.14243227243423462,
                    0.5741627812385559
                ],
                [
                    0.14314408600330353,
                    -0.0985771119594574,
                    -0.9847804307937622,
                    -3.9697763919830322
                ],
                [
                    0.0,
                    0.9950271844863892,
                    -0.09960285574197769,
                    -0.40151190757751465
                ],
                [
                    0.0,
                    0.0,
                    0.0,
                    1.0
                ]
            ]
        },
        {
            "file_path": "/data/shapenet_blender/all_50_random/02958343/25bd9f423333c691f606d4ef0b8dbe5b/r_21",
            "rotation": 0.12566370614359174,
            "transform_matrix": [
                [
                    -0.03992119058966637,
                    0.5500142574310303,
                    0.8342006206512451,
                    3.3627703189849854
                ],
                [
                    0.9992029070854187,
                    0.02197473868727684,
                    0.03332884982228279,
                    0.1343528926372528
                ],
                [
                    1.862645149230957e-09,
                    0.8348662257194519,
                    -0.5504529476165771,
                    -2.218946695327759
                ],
                [
                    0.0,
                    0.0,
                    0.0,
                    1.0
                ]
            ]
        },
        {
            "file_path": "/data/shapenet_blender/all_50_random/02958343/25bd9f423333c691f606d4ef0b8dbe5b/r_22",
            "rotation": 0.12566370614359174,
            "transform_matrix": [
                [
                    0.9992430210113525,
                    -0.005773823708295822,
                    -0.0384712740778923,
                    -0.15508267283439636
                ],
                [
                    -0.03890213370323181,
                    -0.14830686151981354,
                    -0.9881759285926819,
                    -3.983464479446411
                ],
                [
                    -4.656612873077393e-10,
                    0.988924503326416,
                    -0.14841921627521515,
                    -0.5982969999313354
                ],
                [
                    0.0,
                    0.0,
                    0.0,
                    1.0
                ]
            ]
        },
        {
            "file_path": "/data/shapenet_blender/all_50_random/02958343/25bd9f423333c691f606d4ef0b8dbe5b/r_23",
            "rotation": 0.12566370614359174,
            "transform_matrix": [
                [
                    0.9977601170539856,
                    -0.00938305351883173,
                    0.06623146682977676,
                    0.2669876217842102
                ],
                [
                    0.06689281761646271,
                    0.1399557739496231,
                    -0.9878955483436584,
                    -3.982334613800049
                ],
                [
                    9.313225191043273e-10,
                    0.9901132583618164,
                    0.1402699500322342,
                    0.5654463171958923
                ],
                [
                    0.0,
                    0.0,
                    0.0,
                    1.0
                ]
            ]
        },
        {
            "file_path": "/data/shapenet_blender/all_50_random/02958343/25bd9f423333c691f606d4ef0b8dbe5b/r_24",
            "rotation": 0.12566370614359174,
            "transform_matrix": [
                [
                    0.6476010680198669,
                    -0.03927259519696236,
                    0.7609668374061584,
                    3.0675554275512695
                ],
                [
                    0.7619795799255371,
                    0.033377502113580704,
                    -0.6467403173446655,
                    -2.607093572616577
                ],
                [
                    -1.862645149230957e-09,
                    0.9986709356307983,
                    0.05154021829366684,
                    0.20776526629924774
                ],
                [
                    0.0,
                    0.0,
                    0.0,
                    1.0
                ]
            ]
        },
        {
            "file_path": "/data/shapenet_blender/all_50_random/02958343/25bd9f423333c691f606d4ef0b8dbe5b/r_25",
            "rotation": 0.12566370614359174,
            "transform_matrix": [
                [
                    -0.635777473449707,
                    0.10374338179826736,
                    -0.7648687362670898,
                    -3.083284854888916
                ],
                [
                    -0.7718725204467773,
                    -0.08545156568288803,
                    0.6300086379051208,
                    2.5396463871002197
                ],
                [
                    -7.450581485102248e-09,
                    0.9909264445304871,
                    0.13440482318401337,
                    0.541803240776062
                ],
                [
                    0.0,
                    0.0,
                    0.0,
                    1.0
                ]
            ]
        },
        {
            "file_path": "/data/shapenet_blender/all_50_random/02958343/25bd9f423333c691f606d4ef0b8dbe5b/r_26",
            "rotation": 0.12566370614359174,
            "transform_matrix": [
                [
                    0.8645296692848206,
                    -0.008802535943686962,
                    -0.5025044679641724,
                    -2.025660514831543
                ],
                [
                    -0.5025815963745117,
                    -0.015141927637159824,
                    -0.8643971085548401,
                    -3.4844963550567627
                ],
                [
                    0.0,
                    0.9998465180397034,
                    -0.017514638602733612,
                    -0.07060377299785614
                ],
                [
                    0.0,
                    0.0,
                    0.0,
                    1.0
                ]
            ]
        },
        {
            "file_path": "/data/shapenet_blender/all_50_random/02958343/25bd9f423333c691f606d4ef0b8dbe5b/r_27",
            "rotation": 0.12566370614359174,
            "transform_matrix": [
                [
                    0.9663407206535339,
                    0.011006883345544338,
                    -0.25702986121177673,
                    -1.0361204147338867
                ],
                [
                    -0.2572653591632843,
                    0.04134407266974449,
                    -0.9654560089111328,
                    -3.8918771743774414
                ],
                [
                    0.0,
                    0.9990843534469604,
                    0.042784154415130615,
                    0.1724684238433838
                ],
                [
                    0.0,
                    0.0,
                    0.0,
                    1.0
                ]
            ]
        },
        {
            "file_path": "/data/shapenet_blender/all_50_random/02958343/25bd9f423333c691f606d4ef0b8dbe5b/r_28",
            "rotation": 0.12566370614359174,
            "transform_matrix": [
                [
                    -0.9956576228141785,
                    -0.05659235641360283,
                    -0.07391474395990372,
                    -0.2979598641395569
                ],
                [
                    -0.09309181571006775,
                    0.6052799224853516,
                    0.7905504703521729,
                    3.1868109703063965
                ],
                [
                    0.0,
                    0.7939983606338501,
                    -0.6079198122024536,
                    -2.4506032466888428
                ],
                [
                    0.0,
                    0.0,
                    0.0,
                    1.0
                ]
            ]
        },
        {
            "file_path": "/data/shapenet_blender/all_50_random/02958343/25bd9f423333c691f606d4ef0b8dbe5b/r_29",
            "rotation": 0.12566370614359174,
            "transform_matrix": [
                [
                    -0.6840779781341553,
                    -0.596697211265564,
                    -0.419511079788208,
                    -1.6911033391952515
                ],
                [
                    -0.7294088006019592,
                    0.5596140623092651,
                    0.3934395909309387,
                    1.5860058069229126
                ],
                [
                    -1.4901161193847656e-08,
                    0.575138509273529,
                    -0.8180559277534485,
                    -3.297689199447632
                ],
                [
                    0.0,
                    0.0,
                    0.0,
                    1.0
                ]
            ]
        },
        {
            "file_path": "/data/shapenet_blender/all_50_random/02958343/25bd9f423333c691f606d4ef0b8dbe5b/r_30",
            "rotation": 0.12566370614359174,
            "transform_matrix": [
                [
                    -0.9956318140029907,
                    -0.06951460242271423,
                    -0.062331363558769226,
                    -0.2512657642364502
                ],
                [
                    -0.09336744993925095,
                    0.741274893283844,
                    0.6646758913993835,
                    2.679394245147705
                ],
                [
                    -3.725290742551124e-09,
                    0.6675921678543091,
                    -0.7445271611213684,
                    -3.0012850761413574
                ],
                [
                    0.0,
                    0.0,
                    0.0,
                    1.0
                ]
            ]
        },
        {
            "file_path": "/data/shapenet_blender/all_50_random/02958343/25bd9f423333c691f606d4ef0b8dbe5b/r_31",
            "rotation": 0.12566370614359174,
            "transform_matrix": [
                [
                    -0.3358800709247589,
                    0.6638984680175781,
                    -0.6681491136550903,
                    -2.6933953762054443
                ],
                [
                    -0.9419047832489014,
                    -0.2367439568042755,
                    0.2382597178220749,
                    0.9604557156562805
                ],
                [
                    0.0,
                    0.7093594670295715,
                    0.7048466801643372,
                    2.8413281440734863
                ],
                [
                    0.0,
                    0.0,
                    0.0,
                    1.0
                ]
            ]
        },
        {
            "file_path": "/data/shapenet_blender/all_50_random/02958343/25bd9f423333c691f606d4ef0b8dbe5b/r_32",
            "rotation": 0.12566370614359174,
            "transform_matrix": [
                [
                    0.8084384799003601,
                    0.07556615024805069,
                    -0.5837096571922302,
                    -2.353008985519409
                ],
                [
                    -0.5885807275772095,
                    0.10379304736852646,
                    -0.8017479181289673,
                    -3.2319493293762207
                ],
                [
                    0.0,
                    0.9917241930961609,
                    0.12838704884052277,
                    0.5175447463989258
                ],
                [
                    0.0,
                    0.0,
                    0.0,
                    1.0
                ]
            ]
        },
        {
            "file_path": "/data/shapenet_blender/all_50_random/02958343/25bd9f423333c691f606d4ef0b8dbe5b/r_33",
            "rotation": 0.12566370614359174,
            "transform_matrix": [
                [
                    -0.7682318091392517,
                    0.4607727825641632,
                    0.44441884756088257,
                    1.791509747505188
                ],
                [
                    0.6401715874671936,
                    0.5529460310935974,
                    0.5333206057548523,
                    2.1498844623565674
                ],
                [
                    0.0,
                    0.6942183375358582,
                    -0.7197644114494324,
                    -2.901463270187378
                ],
                [
                    0.0,
                    0.0,
                    0.0,
                    1.0
                ]
            ]
        },
        {
            "file_path": "/data/shapenet_blender/all_50_random/02958343/25bd9f423333c691f606d4ef0b8dbe5b/r_34",
            "rotation": 0.12566370614359174,
            "transform_matrix": [
                [
                    -0.37158605456352234,
                    0.617364764213562,
                    0.6933863162994385,
                    2.7951297760009766
                ],
                [
                    0.9283984899520874,
                    0.24709661304950714,
                    0.27752378582954407,
                    1.1187342405319214
                ],
                [
                    0.0,
                    0.7468628287315369,
                    -0.6649780869483948,
                    -2.680612564086914
                ],
                [
                    0.0,
                    0.0,
                    0.0,
                    1.0
                ]
            ]
        },
        {
            "file_path": "/data/shapenet_blender/all_50_random/02958343/25bd9f423333c691f606d4ef0b8dbe5b/r_35",
            "rotation": 0.12566370614359174,
            "transform_matrix": [
                [
                    -0.9881091713905334,
                    0.05520317330956459,
                    0.14350230991840363,
                    0.5784763097763062
                ],
                [
                    0.15375404059886932,
                    0.3547663390636444,
                    0.922225832939148,
                    3.717611312866211
                ],
                [
                    0.0,
                    0.933323860168457,
                    -0.35903558135032654,
                    -1.44731867313385
                ],
                [
                    0.0,
                    0.0,
                    0.0,
                    1.0
                ]
            ]
        },
        {
            "file_path": "/data/shapenet_blender/all_50_random/02958343/25bd9f423333c691f606d4ef0b8dbe5b/r_36",
            "rotation": 0.12566370614359174,
            "transform_matrix": [
                [
                    0.970268726348877,
                    -0.011914215050637722,
                    -0.2417370229959488,
                    -0.9744731783866882
                ],
                [
                    -0.24203048646450043,
                    -0.04776253551244736,
                    -0.9690922498703003,
                    -3.906536102294922
                ],
                [
                    0.0,
                    0.9987876415252686,
                    -0.04922609031200409,
                    -0.19843673706054688
                ],
                [
                    0.0,
                    0.0,
                    0.0,
                    1.0
                ]
            ]
        },
        {
            "file_path": "/data/shapenet_blender/all_50_random/02958343/25bd9f423333c691f606d4ef0b8dbe5b/r_37",
            "rotation": 0.12566370614359174,
            "transform_matrix": [
                [
                    0.8154420852661133,
                    0.02151864394545555,
                    -0.5784386396408081,
                    -2.3317606449127197
                ],
                [
                    -0.5788387656211853,
                    0.030314499512314796,
                    -0.8148783445358276,
                    -3.284879684448242
                ],
                [
                    0.0,
                    0.9993088245391846,
                    0.03717553988099098,
                    0.14985939860343933
                ],
                [
                    0.0,
                    0.0,
                    0.0,
                    1.0
                ]
            ]
        },
        {
            "file_path": "/data/shapenet_blender/all_50_random/02958343/25bd9f423333c691f606d4ef0b8dbe5b/r_38",
            "rotation": 0.12566370614359174,
            "transform_matrix": [
                [
                    -0.9463222026824951,
                    0.18426743149757385,
                    -0.2655559480190277,
                    -1.0704902410507202
                ],
                [
                    -0.32322508096694946,
                    -0.5394889116287231,
                    0.7774813771247864,
                    3.134127616882324
                ],
                [
                    1.4901161193847656e-08,
                    0.8215821981430054,
                    0.5700901746749878,
                    2.2981069087982178
                ],
                [
                    0.0,
                    0.0,
                    0.0,
                    1.0
                ]
            ]
        },
        {
            "file_path": "/data/shapenet_blender/all_50_random/02958343/25bd9f423333c691f606d4ef0b8dbe5b/r_39",
            "rotation": 0.12566370614359174,
            "transform_matrix": [
                [
                    0.7486767768859863,
                    0.0704437866806984,
                    -0.6591818928718567,
                    -2.657247304916382
                ],
                [
                    -0.662935197353363,
                    0.0795547142624855,
                    -0.7444379925727844,
                    -3.0009255409240723
                ],
                [
                    -3.725290298461914e-09,
                    0.99433833360672,
                    0.10626043379306793,
                    0.4283495247364044
                ],
                [
                    0.0,
                    0.0,
                    0.0,
                    1.0
                ]
            ]
        },
        {
            "file_path": "/data/shapenet_blender/all_50_random/02958343/25bd9f423333c691f606d4ef0b8dbe5b/r_40",
            "rotation": 0.12566370614359174,
            "transform_matrix": [
                [
                    -0.1207776740193367,
                    -0.510236918926239,
                    0.8515110015869141,
                    3.4325509071350098
                ],
                [
                    0.9926795959472656,
                    -0.062079671770334244,
                    0.10360192507505417,
                    0.4176327586174011
                ],
                [
                    -3.725290298461914e-09,
                    0.857790470123291,
                    0.5139994621276855,
                    2.071998357772827
                ],
                [
                    0.0,
                    0.0,
                    0.0,
                    1.0
                ]
            ]
        },
        {
            "file_path": "/data/shapenet_blender/all_50_random/02958343/25bd9f423333c691f606d4ef0b8dbe5b/r_41",
            "rotation": 0.12566370614359174,
            "transform_matrix": [
                [
                    -0.5343549847602844,
                    -0.33142316341400146,
                    0.7775752544403076,
                    3.1345064640045166
                ],
                [
                    0.8452600836753845,
                    -0.20951850712299347,
                    0.49156615138053894,
                    1.9815666675567627
                ],
