{
    "class": "02958343",
    "model": "6188f5bafcd88523215d73d375c978d5",
    "remove_doubles": true,
    "edge_split": true,
    "denoise": true,
    "camera_angle_x": 0.6911112070083618,
    "scale_factor": 2.265044150713884,
    "hdri_file": "/data/IndoorHDRDataset2018/AG8A0209-d6708bef8f.exr",
    "center_offset": [
        0.0,
        0.0,
        3.725290298461914e-09
    ],
    "lights": [],
    "frames": [
        {
            "file_path": "/data/shapenet_blender/all_50_random/02958343/6188f5bafcd88523215d73d375c978d5/r_0",
            "rotation": 0.12566370614359174,
            "transform_matrix": [
                [
                    -0.6448960304260254,
                    -0.2675813138484955,
                    0.7158975005149841,
                    2.8858754634857178
                ],
                [
                    0.7642703056335449,
                    -0.22578679025173187,
                    0.6040787100791931,
                    2.435119390487671
                ],
                [
                    1.4901161193847656e-08,
                    0.9367072582244873,
                    0.35011348128318787,
                    1.4113527536392212
                ],
                [
                    0.0,
                    0.0,
                    0.0,
                    1.0
                ]
            ]
        },
        {
            "file_path": "/data/shapenet_blender/all_50_random/02958343/6188f5bafcd88523215d73d375c978d5/r_1",
            "rotation": 0.12566370614359174,
            "transform_matrix": [
                [
                    -0.9660735130310059,
                    -0.205375075340271,
                    -0.1565985232591629,
                    -0.6312688589096069
                ],
                [
                    -0.258267343044281,
                    0.7682249546051025,
                    0.5857716202735901,
                    2.361320972442627
                ],
                [
                    0.0,
                    0.606342613697052,
                    -0.7952033877372742,
                    -3.2055673599243164
                ],
                [
                    0.0,
                    0.0,
                    0.0,
                    1.0
                ]
            ]
        },
        {
            "file_path": "/data/shapenet_blender/all_50_random/02958343/6188f5bafcd88523215d73d375c978d5/r_2",
            "rotation": 0.12566370614359174,
            "transform_matrix": [
                [
                    0.8162339925765991,
                    0.5295531153678894,
                    0.23094482719898224,
                    0.9309684634208679
                ],
                [
                    0.577721357345581,
                    -0.7481794953346252,
                    -0.3262905180454254,
                    -1.315319299697876
                ],
                [
                    2.9802318834981634e-08,
                    0.39975130558013916,
                    -0.916623592376709,
                    -3.695028066635132
                ],
                [
                    0.0,
                    0.0,
                    0.0,
                    1.0
                ]
            ]
        },
        {
            "file_path": "/data/shapenet_blender/all_50_random/02958343/6188f5bafcd88523215d73d375c978d5/r_3",
            "rotation": 0.12566370614359174,
            "transform_matrix": [
                [
                    -0.9427933692932129,
                    -0.28753918409347534,
                    -0.1687065213918686,
                    -0.6800777316093445
                ],
                [
                    -0.3333776295185089,
                    0.8131619691848755,
                    0.47710272669792175,
                    1.923262596130371
                ],
                [
                    0.0,
                    0.5060523152351379,
                    -0.8625028133392334,
                    -3.4768600463867188
                ],
                [
                    0.0,
                    0.0,
                    0.0,
                    1.0
                ]
            ]
        },
        {
            "file_path": "/data/shapenet_blender/all_50_random/02958343/6188f5bafcd88523215d73d375c978d5/r_4",
            "rotation": 0.12566370614359174,
            "transform_matrix": [
                [
                    0.61202073097229,
                    0.2522652745246887,
                    0.7495283484458923,
                    3.0214457511901855
                ],
                [
                    0.790841817855835,
                    -0.1952243596315384,
                    -0.5800488591194153,
                    -2.338252067565918
                ],
                [
                    0.0,
                    0.9477603435516357,
                    -0.3189832270145416,
                    -1.285862684249878
                ],
                [
                    0.0,
                    0.0,
                    0.0,
                    1.0
                ]
            ]
        },
        {
            "file_path": "/data/shapenet_blender/all_50_random/02958343/6188f5bafcd88523215d73d375c978d5/r_5",
            "rotation": 0.12566370614359174,
            "transform_matrix": [
                [
                    -0.9220590591430664,
                    0.38093647360801697,
                    -0.06851756572723389,
                    -0.2762031853199005
                ],
                [
                    -0.38704949617385864,
                    -0.9074962139129639,
                    0.16322782635688782,
                    0.6579924821853638
                ],
                [
                    0.0,
                    0.17702531814575195,
                    0.9842061996459961,
                    3.9674623012542725
                ],
                [
                    0.0,
                    0.0,
                    0.0,
                    1.0
                ]
            ]
        },
        {
            "file_path": "/data/shapenet_blender/all_50_random/02958343/6188f5bafcd88523215d73d375c978d5/r_6",
            "rotation": 0.12566370614359174,
            "transform_matrix": [
                [
                    0.8121529817581177,
                    -0.15220749378204346,
                    0.5632411241531372,
                    2.2704975605010986
                ],
                [
                    0.5834446549415588,
                    0.21187229454517365,
                    -0.7840296626091003,
                    -3.160524606704712
                ],
                [
                    7.450580596923828e-09,
                    0.9653719067573547,
                    0.2608773410320282,
                    1.0516302585601807
                ],
                [
                    0.0,
                    0.0,
                    0.0,
                    1.0
                ]
            ]
        },
        {
            "file_path": "/data/shapenet_blender/all_50_random/02958343/6188f5bafcd88523215d73d375c978d5/r_7",
            "rotation": 0.12566370614359174,
            "transform_matrix": [
                [
                    -0.999985933303833,
                    -0.0037027427460998297,
                    0.003824821673333645,
                    0.01541835069656372
                ],
                [
                    0.005323492456227541,
                    -0.695537805557251,
                    0.7184696197509766,
                    2.8962438106536865
                ],
                [
                    0.0,
                    0.7184798121452332,
                    0.6955476999282837,
                    2.803842782974243
                ],
                [
                    0.0,
                    0.0,
                    0.0,
                    1.0
                ]
            ]
        },
        {
            "file_path": "/data/shapenet_blender/all_50_random/02958343/6188f5bafcd88523215d73d375c978d5/r_8",
            "rotation": 0.12566370614359174,
            "transform_matrix": [
                [
                    -0.6202898621559143,
                    0.0018425782909616828,
                    -0.7843705415725708,
                    -3.161898374557495
                ],
                [
                    -0.7843726277351379,
                    -0.0014571299543604255,
                    0.6202882528305054,
                    2.5004615783691406
                ],
                [
                    -1.164153010102531e-10,
                    0.9999971985816956,
                    0.002349111018702388,
                    0.009469568729400635
                ],
                [
                    0.0,
                    0.0,
                    0.0,
                    1.0
                ]
            ]
        },
        {
            "file_path": "/data/shapenet_blender/all_50_random/02958343/6188f5bafcd88523215d73d375c978d5/r_9",
            "rotation": 0.12566370614359174,
            "transform_matrix": [
                [
                    0.5583928227424622,
                    -0.1662762314081192,
                    -0.8127420544624329,
                    -3.2762680053710938
                ],
                [
                    -0.8295766711235046,
                    -0.11192148178815842,
                    -0.5470613837242126,
                    -2.205275058746338
                ],
                [
                    7.450580596923828e-09,
                    0.9797070026397705,
                    -0.20043501257896423,
                    -0.8079794049263
                ],
                [
                    0.0,
                    0.0,
                    0.0,
                    1.0
                ]
            ]
        },
        {
            "file_path": "/data/shapenet_blender/all_50_random/02958343/6188f5bafcd88523215d73d375c978d5/r_10",
            "rotation": 0.12566370614359174,
            "transform_matrix": [
                [
                    -0.5984511971473694,
                    -0.3317350447177887,
                    0.7292516231536865,
                    2.9397075176239014
                ],
                [
                    0.8011592626571655,
                    -0.24779997766017914,
                    0.5447375178337097,
                    2.1959073543548584
                ],
                [
                    1.4901161193847656e-08,
                    0.9102455377578735,
                    0.4140687882900238,
                    1.669164776802063
                ],
                [
                    0.0,
                    0.0,
                    0.0,
                    1.0
                ]
            ]
        },
        {
            "file_path": "/data/shapenet_blender/all_50_random/02958343/6188f5bafcd88523215d73d375c978d5/r_11",
            "rotation": 0.12566370614359174,
            "transform_matrix": [
                [
                    -0.9249172806739807,
                    -0.25117790699005127,
                    -0.2853732705116272,
                    -1.1503764390945435
                ],
                [
                    -0.38016873598098755,
                    0.6110938787460327,
                    0.6942881941795349,
                    2.798765182495117
                ],
                [
                    0.0,
                    0.7506489753723145,
                    -0.6607011556625366,
                    -2.6633715629577637
                ],
                [
                    0.0,
                    0.0,
                    0.0,
                    1.0
                ]
            ]
        },
        {
            "file_path": "/data/shapenet_blender/all_50_random/02958343/6188f5bafcd88523215d73d375c978d5/r_12",
            "rotation": 0.12566370614359174,
            "transform_matrix": [
                [
                    -0.6762826442718506,
                    -0.17515809834003448,
                    -0.7155146598815918,
                    -2.8843321800231934
                ],
                [
                    -0.7366421222686768,
                    0.16080588102340698,
                    0.6568863391876221,
                    2.647993803024292
                ],
                [
                    0.0,
                    0.971319317817688,
                    -0.23777903616428375,
                    -0.9585180282592773
                ],
                [
                    0.0,
                    0.0,
                    0.0,
                    1.0
                ]
            ]
        },
        {
            "file_path": "/data/shapenet_blender/all_50_random/02958343/6188f5bafcd88523215d73d375c978d5/r_13",
            "rotation": 0.12566370614359174,
            "transform_matrix": [
                [
                    0.07762584090232849,
                    -0.5940309762954712,
                    0.8006881475448608,
                    3.2276771068573
                ],
                [
                    0.9969826340675354,
                    0.04625171422958374,
                    -0.06234220042824745,
                    -0.25130945444107056
                ],
                [
                    -3.725290298461914e-09,
                    0.8031114935874939,
                    0.5958288311958313,
                    2.401862859725952
                ],
                [
                    0.0,
                    0.0,
                    0.0,
                    1.0
                ]
            ]
        },
        {
            "file_path": "/data/shapenet_blender/all_50_random/02958343/6188f5bafcd88523215d73d375c978d5/r_14",
            "rotation": 0.12566370614359174,
            "transform_matrix": [
                [
                    0.821617841720581,
                    0.03449501469731331,
                    0.5689941644668579,
                    2.2936887741088867
                ],
                [
                    0.5700388550758362,
                    -0.04971892014145851,
                    -0.8201120495796204,
                    -3.3059773445129395
                ],
                [
                    0.0,
                    0.9981673359870911,
                    -0.0605134479701519,
                    -0.24393750727176666
                ],
                [
                    0.0,
                    0.0,
                    0.0,
                    1.0
                ]
            ]
        },
        {
            "file_path": "/data/shapenet_blender/all_50_random/02958343/6188f5bafcd88523215d73d375c978d5/r_15",
            "rotation": 0.12566370614359174,
            "transform_matrix": [
                [
                    0.9677338600158691,
                    -0.07977811992168427,
                    -0.23901167511940002,
                    -0.963486909866333
                ],
                [
                    -0.2519744634628296,
                    -0.30639609694480896,
                    -0.9179489612579346,
                    -3.7003705501556396
                ],
                [
                    0.0,
                    0.9485551714897156,
                    -0.3166119456291199,
                    -1.2763035297393799
                ],
                [
                    0.0,
                    0.0,
                    0.0,
                    1.0
                ]
            ]
        },
        {
            "file_path": "/data/shapenet_blender/all_50_random/02958343/6188f5bafcd88523215d73d375c978d5/r_16",
            "rotation": 0.12566370614359174,
            "transform_matrix": [
                [
                    0.16160590946674347,
                    0.5494425892829895,
                    0.8197537660598755,
                    3.3045334815979004
                ],
                [
                    0.9868553876876831,
                    -0.08997587114572525,
                    -0.13424161076545715,
                    -0.5411453247070312
                ],
                [
                    0.0,
                    0.8306727409362793,
                    -0.5567609071731567,
                    -2.244375228881836
                ],
                [
                    0.0,
                    0.0,
                    0.0,
                    1.0
                ]
            ]
        },
        {
            "file_path": "/data/shapenet_blender/all_50_random/02958343/6188f5bafcd88523215d73d375c978d5/r_17",
            "rotation": 0.12566370614359174,
            "transform_matrix": [
                [
                    0.6160649061203003,
                    -0.24060551822185516,
                    -0.7500486373901367,
                    -3.023542881011963
                ],
                [
                    -0.7876954078674316,
                    -0.1881801187992096,
                    -0.5866209864616394,
                    -2.3647449016571045
                ],
                [
                    1.4901161193847656e-08,
                    0.9522064328193665,
                    -0.3054550290107727,
                    -1.2313286066055298
                ],
                [
                    0.0,
                    0.0,
                    0.0,
                    1.0
                ]
            ]
        },
        {
            "file_path": "/data/shapenet_blender/all_50_random/02958343/6188f5bafcd88523215d73d375c978d5/r_18",
            "rotation": 0.12566370614359174,
            "transform_matrix": [
                [
                    -0.5280890464782715,
                    0.7802720665931702,
                    0.3351079225540161,
                    1.3508632183074951
                ],
                [
                    0.8491891026496887,
                    0.48523133993148804,
                    0.2083950638771057,
                    0.8400673866271973
                ],
                [
                    -2.980232594040899e-08,
                    0.3946211040019989,
                    -0.9188439249992371,
                    -3.7039783000946045
                ],
                [
                    0.0,
                    0.0,
                    0.0,
                    1.0
                ]
            ]
        },
        {
            "file_path": "/data/shapenet_blender/all_50_random/02958343/6188f5bafcd88523215d73d375c978d5/r_19",
            "rotation": 0.12566370614359174,
            "transform_matrix": [
                [
                    0.46419358253479004,
                    -0.4707976281642914,
                    -0.7502492070198059,
                    -3.0243515968322754
                ],
                [
                    -0.8857338428497314,
                    -0.2467346489429474,
                    -0.39318907260894775,
                    -1.584995985031128
                ],
                [
                    0.0,
                    0.8470368981361389,
                    -0.5315338969230652,
                    -2.142681837081909
                ],
                [
                    0.0,
                    0.0,
                    0.0,
                    1.0
                ]
            ]
        },
        {
            "file_path": "/data/shapenet_blender/all_50_random/02958343/6188f5bafcd88523215d73d375c978d5/r_20",
            "rotation": 0.12566370614359174,
            "transform_matrix": [
                [
                    -0.4025552570819855,
                    -0.6479679346084595,
                    -0.646596372127533,
                    -2.606513261795044
                ],
                [
                    -0.9153956770896912,
                    0.28495097160339355,
                    0.2843478322029114,
                    1.1462427377700806
                ],
                [
                    -1.4901160305669237e-08,
                    0.7063573002815247,
                    -0.7078555226325989,
                    -2.853456974029541
                ],
                [
                    0.0,
                    0.0,
                    0.0,
                    1.0
                ]
            ]
        },
        {
            "file_path": "/data/shapenet_blender/all_50_random/02958343/6188f5bafcd88523215d73d375c978d5/r_21",
            "rotation": 0.12566370614359174,
            "transform_matrix": [
                [
                    0.8516798615455627,
                    0.3644294738769531,
                    0.37660661339759827,
                    1.5181498527526855
                ],
                [
                    0.5240623950958252,
                    -0.5922524333000183,
                    -0.6120421290397644,
                    -2.4672207832336426
                ],
                [
                    -1.4901161193847656e-08,
                    0.7186293005943298,
                    -0.6953933238983154,
                    -2.80322003364563
                ],
                [
                    0.0,
                    0.0,
                    0.0,
                    1.0
                ]
            ]
        },
        {
            "file_path": "/data/shapenet_blender/all_50_random/02958343/6188f5bafcd88523215d73d375c978d5/r_22",
            "rotation": 0.12566370614359174,
            "transform_matrix": [
                [
                    -0.9572039246559143,
                    -0.017139282077550888,
                    0.2889063060283661,
                    1.164618730545044
                ],
                [
                    0.28941428661346436,
                    -0.056686174124479294,
                    0.9555239081382751,
                    3.8518402576446533
                ],
                [
                    0.0,
                    0.9982448220252991,
                    0.059220585972070694,
                    0.23872582614421844
                ],
                [
                    0.0,
                    0.0,
                    0.0,
                    1.0
                ]
            ]
        },
        {
            "file_path": "/data/shapenet_blender/all_50_random/02958343/6188f5bafcd88523215d73d375c978d5/r_23",
            "rotation": 0.12566370614359174,
            "transform_matrix": [
                [
                    -0.9440821409225464,
                    -0.1998818963766098,
                    -0.26221415400505066,
                    -1.0570191144943237
                ],
                [
                    -0.32971057295799255,
                    0.5723350644111633,
                    0.7508151531219482,
                    3.026632785797119
                ],
                [
                    -1.4901162970204496e-08,
                    0.7952859997749329,
                    -0.6062344312667847,
                    -2.4438092708587646
                ],
                [
                    0.0,
                    0.0,
                    0.0,
                    1.0
                ]
            ]
        },
        {
            "file_path": "/data/shapenet_blender/all_50_random/02958343/6188f5bafcd88523215d73d375c978d5/r_24",
            "rotation": 0.12566370614359174,
            "transform_matrix": [
                [
                    0.5611768960952759,
                    -0.7195066809654236,
                    -0.4091339409351349,
                    -1.6492717266082764
                ],
                [
                    -0.8276959657669067,
                    -0.4878247082233429,
                    -0.27739232778549194,
                    -1.1182042360305786
                ],
                [
                    -1.4901161193847656e-08,
                    0.4943045973777771,
                    -0.8692887425422668,
                    -3.5042150020599365
                ],
                [
                    0.0,
                    0.0,
                    0.0,
                    1.0
                ]
            ]
        },
        {
            "file_path": "/data/shapenet_blender/all_50_random/02958343/6188f5bafcd88523215d73d375c978d5/r_25",
            "rotation": 0.12566370614359174,
            "transform_matrix": [
                [
                    -0.06436202675104141,
                    0.4633292257785797,
                    -0.8838458061218262,
                    -3.562896728515625
                ],
                [
                    -0.9979267120361328,
                    -0.02988276258111,
                    0.05700429156422615,
                    0.22979167103767395
                ],
                [
                    -1.862645371275562e-09,
                    0.8856821656227112,
                    0.46429187059402466,
                    1.871620535850525
                ],
                [
                    0.0,
                    0.0,
                    0.0,
                    1.0
                ]
            ]
        },
        {
            "file_path": "/data/shapenet_blender/all_50_random/02958343/6188f5bafcd88523215d73d375c978d5/r_26",
            "rotation": 0.12566370614359174,
            "transform_matrix": [
                [
                    0.4540870189666748,
                    -0.34439897537231445,
                    -0.8217020630836487,
                    -3.312386989593506
                ],
                [
                    -0.8909572958946228,
                    -0.17552706599235535,
                    -0.4187902808189392,
                    -1.6881976127624512
                ],
                [
                    0.0,
                    0.9222686886787415,
                    -0.3865493834018707,
                    -1.5582304000854492
                ],
                [
                    0.0,
                    0.0,
                    0.0,
                    1.0
                ]
            ]
        },
        {
            "file_path": "/data/shapenet_blender/all_50_random/02958343/6188f5bafcd88523215d73d375c978d5/r_27",
            "rotation": 0.12566370614359174,
            "transform_matrix": [
                [
                    -0.5377405285835266,
                    -0.16176773607730865,
                    -0.8274456858634949,
                    -3.335540294647217
                ],
                [
                    -0.8431103825569153,
                    0.10317636281251907,
                    0.5277494788169861,
                    2.1274261474609375
                ],
                [
                    0.0,
                    0.9814202189445496,
                    -0.19187018275260925,
                    -0.7734534740447998
                ],
                [
                    0.0,
                    0.0,
                    0.0,
                    1.0
                ]
            ]
        },
        {
            "file_path": "/data/shapenet_blender/all_50_random/02958343/6188f5bafcd88523215d73d375c978d5/r_28",
            "rotation": 0.12566370614359174,
            "transform_matrix": [
                [
                    -0.3515302538871765,
                    -0.10259503871202469,
                    -0.9305379390716553,
                    -3.7511179447174072
                ],
                [
                    -0.9361764788627625,
                    0.038523994386196136,
                    0.3494130074977875,
                    1.4085286855697632
                ],
                [
                    -3.725290076417309e-09,
                    0.9939768314361572,
                    -0.10958943516016006,
                    -0.4417690932750702
                ],
                [
                    0.0,
                    0.0,
                    0.0,
                    1.0
                ]
            ]
        },
        {
            "file_path": "/data/shapenet_blender/all_50_random/02958343/6188f5bafcd88523215d73d375c978d5/r_29",
            "rotation": 0.12566370614359174,
            "transform_matrix": [
                [
                    -0.7687295079231262,
                    0.34247785806655884,
                    0.5401516556739807,
                    2.1774208545684814
                ],
                [
                    0.6395739912986755,
                    0.4116377830505371,
                    0.6492298245429993,
                    2.61712908744812
                ],
                [
                    1.4901161193847656e-08,
                    0.8445490002632141,
                    -0.5354781150817871,
                    -2.158581256866455
                ],
                [
                    0.0,
                    0.0,
                    0.0,
                    1.0
                ]
            ]
        },
        {
            "file_path": "/data/shapenet_blender/all_50_random/02958343/6188f5bafcd88523215d73d375c978d5/r_30",
            "rotation": 0.12566370614359174,
            "transform_matrix": [
                [
                    -0.8856163620948792,
                    0.10418739914894104,
                    0.45257991552352905,
                    1.824407935142517
                ],
                [
                    0.4644174873828888,
                    0.1986791342496872,
                    0.8630428314208984,
                    3.479037046432495
                ],
                [
                    0.0,
                    0.9745109677314758,
                    -0.22433993220329285,
                    -0.9043431878089905
                ],
                [
                    0.0,
                    0.0,
                    0.0,
                    1.0
                ]
            ]
        },
        {
            "file_path": "/data/shapenet_blender/all_50_random/02958343/6188f5bafcd88523215d73d375c978d5/r_31",
            "rotation": 0.12566370614359174,
            "transform_matrix": [
                [
                    -0.6904519200325012,
                    -0.01021503284573555,
                    0.7233061194419861,
                    2.915740489959717
                ],
                [
                    0.7233783602714539,
                    -0.009750068187713623,
                    0.6903829574584961,
                    2.783022880554199
                ],
                [
                    -9.313225746154785e-10,
                    0.9999002814292908,
                    0.014121286571025848,
                    0.0569247305393219
                ],
                [
                    0.0,
                    0.0,
                    0.0,
                    1.0
                ]
            ]
        },
        {
            "file_path": "/data/shapenet_blender/all_50_random/02958343/6188f5bafcd88523215d73d375c978d5/r_32",
            "rotation": 0.12566370614359174,
            "transform_matrix": [
                [
                    -0.5862123966217041,
                    0.05782141909003258,
                    0.808091402053833,
                    3.2575206756591797
                ],
                [
                    0.8101574182510376,
                    0.041838329285383224,
                    0.5847174525260925,
                    2.3570713996887207
                ],
                [
                    0.0,
                    0.9974499344825745,
                    -0.07137059420347214,
                    -0.28770408034324646
                ],
                [
                    0.0,
                    0.0,
                    0.0,
                    1.0
                ]
            ]
        },
        {
            "file_path": "/data/shapenet_blender/all_50_random/02958343/6188f5bafcd88523215d73d375c978d5/r_33",
            "rotation": 0.12566370614359174,
            "transform_matrix": [
                [
                    -0.6731318831443787,
                    0.08722881227731705,
                    0.7343600392341614,
                    2.9602999687194824
                ],
                [
                    0.7395224571228027,
                    0.07939784973859787,
                    0.668432891368866,
                    2.6945390701293945
                ],
                [
                    0.0,
                    0.9930191040039062,
                    -0.11795291304588318,
                    -0.47548338770866394
                ],
                [
                    0.0,
                    0.0,
                    0.0,
                    1.0
                ]
            ]
        },
        {
            "file_path": "/data/shapenet_blender/all_50_random/02958343/6188f5bafcd88523215d73d375c978d5/r_34",
            "rotation": 0.12566370614359174,
            "transform_matrix": [
                [
                    0.25256776809692383,
                    -0.28531354665756226,
                    -0.9245569705963135,
                    -3.727008581161499
                ],
                [
                    -0.9675792455673218,
                    -0.07447556406259537,
                    -0.2413376420736313,
                    -0.9728631973266602
                ],
                [
                    -7.450580596923828e-09,
                    0.9555363059043884,
                    -0.29487356543540955,
                    -1.188673496246338
                ],
                [
                    0.0,
                    0.0,
                    0.0,
                    1.0
                ]
            ]
        },
        {
            "file_path": "/data/shapenet_blender/all_50_random/02958343/6188f5bafcd88523215d73d375c978d5/r_35",
            "rotation": 0.12566370614359174,
            "transform_matrix": [
                [
                    -0.7815660238265991,
                    0.22619712352752686,
                    0.5813685655593872,
                    2.343571662902832
                ],
                [
                    0.6238225698471069,
                    0.2833946645259857,
                    0.7283768653869629,
                    2.93618106842041
                ],
                [
                    0.0,
                    0.9319454431533813,
                    -0.3625985085964203,
                    -1.4616813659667969
                ],
                [
                    0.0,
                    0.0,
                    0.0,
                    1.0
                ]
            ]
        },
        {
            "file_path": "/data/shapenet_blender/all_50_random/02958343/6188f5bafcd88523215d73d375c978d5/r_36",
            "rotation": 0.12566370614359174,
            "transform_matrix": [
                [
                    0.18192744255065918,
                    -0.706292986869812,
                    0.6841436624526978,
                    2.757871389389038
                ],
                [
                    0.9833118915557861,
                    0.1306747943162918,
                    -0.12657684087753296,
                    -0.5102475881576538
                ],
                [
                    0.0,
                    0.6957544088363647,
                    0.7182796597480774,
                    2.8954780101776123
                ],
                [
                    0.0,
                    0.0,
                    0.0,
                    1.0
                ]
            ]
        },
        {
            "file_path": "/data/shapenet_blender/all_50_random/02958343/6188f5bafcd88523215d73d375c978d5/r_37",
            "rotation": 0.12566370614359174,
            "transform_matrix": [
                [
                    0.1776866912841797,
                    0.8038545250892639,
                    -0.5676665902137756,
                    -2.288337230682373
                ],
                [
                    -0.9840871095657349,
                    0.14514391124248505,
                    -0.10249783098697662,
                    -0.41318196058273315
                ],
                [
                    0.0,
                    0.5768458843231201,
                    0.8168529868125916,
                    3.292839765548706
                ],
                [
                    0.0,
                    0.0,
                    0.0,
                    1.0
                ]
            ]
        },
        {
            "file_path": "/data/shapenet_blender/all_50_random/02958343/6188f5bafcd88523215d73d375c978d5/r_38",
            "rotation": 0.12566370614359174,
            "transform_matrix": [
                [
                    0.301578164100647,
                    -0.298189640045166,
                    0.9056122303009033,
                    3.650639772415161
                ],
                [
                    0.9534413814544678,
                    0.09431885182857513,
                    -0.2864495813846588,
                    -1.1547151803970337
                ],
                [
                    -7.450580152834618e-09,
                    0.9498351812362671,
                    0.3127508759498596,
                    1.2607390880584717
                ],
                [
                    0.0,
                    0.0,
                    0.0,
                    1.0
                ]
            ]
        },
        {
            "file_path": "/data/shapenet_blender/all_50_random/02958343/6188f5bafcd88523215d73d375c978d5/r_39",
            "rotation": 0.12566370614359174,
            "transform_matrix": [
                [
                    -0.876154363155365,
                    -0.038016777485609055,
                    0.48052912950515747,
                    1.937074899673462
                ],
                [
                    0.48203060030937195,
                    -0.0691005140542984,
                    0.8734251856803894,
                    3.5208895206451416
                ],
                [
                    -3.725290076417309e-09,
                    0.9968851208686829,
                    0.07886795699596405,
                    0.31792691349983215
                ],
                [
                    0.0,
                    0.0,
                    0.0,
                    1.0
                ]
            ]
        },
        {
            "file_path": "/data/shapenet_blender/all_50_random/02958343/6188f5bafcd88523215d73d375c978d5/r_40",
            "rotation": 0.12566370614359174,
            "transform_matrix": [
                [
                    -0.011502132751047611,
                    -0.6503811478614807,
                    0.7595208883285522,
                    3.0617265701293945
                ],
                [
                    0.9999338984489441,
                    -0.007481265347450972,
                    0.00873668771237135,
                    0.03521871566772461
                ],
                [
                    4.656613428188905e-10,
                    0.7595710158348083,
                    0.6504242420196533,
                    2.621943950653076
                ],
                [
                    0.0,
                    0.0,
                    0.0,
                    1.0
                ]
            ]
        },
        {
            "file_path": "/data/shapenet_blender/all_50_random/02958343/6188f5bafcd88523215d73d375c978d5/r_41",
            "rotation": 0.12566370614359174,
            "transform_matrix": [
                [
                    0.05156762897968292,
                    -0.01591329835355282,
                    0.9985427856445312,
                    4.025254249572754
                ],
                [
                    0.9986695051193237,
                    0.0008217042777687311,
                    -0.051561083644628525,
                    -0.20784935355186462
                ],
                [
