{
    "class": "02958343",
    "model": "7a228c811e7e18ad18e1879dc4ad8784",
    "remove_doubles": true,
    "edge_split": true,
    "denoise": true,
    "camera_angle_x": 0.6911112070083618,
    "scale_factor": 2.2568677065047047,
    "hdri_file": "/data/IndoorHDRDataset2018/AG8A4575-70eec02d8b.exr",
    "center_offset": [
        0.0,
        0.0,
        4.656612873077393e-10
    ],
    "lights": [],
    "frames": [
        {
            "file_path": "/data/shapenet_blender/all_50_random/02958343/7a228c811e7e18ad18e1879dc4ad8784/r_0",
            "rotation": 0.12566370614359174,
            "transform_matrix": [
                [
                    -0.9997314214706421,
                    0.005068852100521326,
                    -0.02261391095817089,
                    -0.09115959703922272
                ],
                [
                    -0.023175036534667015,
                    -0.2186615914106369,
                    0.975525438785553,
                    3.932469129562378
                ],
                [
                    0.0,
                    0.9757875800132751,
                    0.21872033178806305,
                    0.8816899061203003
                ],
                [
                    0.0,
                    0.0,
                    0.0,
                    1.0
                ]
            ]
        },
        {
            "file_path": "/data/shapenet_blender/all_50_random/02958343/7a228c811e7e18ad18e1879dc4ad8784/r_1",
            "rotation": 0.12566370614359174,
            "transform_matrix": [
                [
                    -0.42221519351005554,
                    0.5762955546379089,
                    0.6997268795967102,
                    2.8206892013549805
                ],
                [
                    0.9064955115318298,
                    0.26841914653778076,
                    0.3259093165397644,
                    1.3137824535369873
                ],
                [
                    0.0,
                    0.7719032764434814,
                    -0.6357400417327881,
                    -2.5627501010894775
                ],
                [
                    0.0,
                    0.0,
                    0.0,
                    1.0
                ]
            ]
        },
        {
            "file_path": "/data/shapenet_blender/all_50_random/02958343/7a228c811e7e18ad18e1879dc4ad8784/r_2",
            "rotation": 0.12566370614359174,
            "transform_matrix": [
                [
                    -0.7877717614173889,
                    -0.5066359043121338,
                    0.35033655166625977,
                    1.4122518301010132
                ],
                [
                    0.6159672141075134,
                    -0.6479458808898926,
                    0.4480518102645874,
                    1.8061546087265015
                ],
                [
                    -1.4901161193847656e-08,
                    0.5687582492828369,
                    0.8225045800209045,
                    3.315622091293335
                ],
                [
                    0.0,
                    0.0,
                    0.0,
                    1.0
                ]
            ]
        },
        {
            "file_path": "/data/shapenet_blender/all_50_random/02958343/7a228c811e7e18ad18e1879dc4ad8784/r_3",
            "rotation": 0.12566370614359174,
            "transform_matrix": [
                [
                    0.9389959573745728,
                    0.09080659598112106,
                    0.3317241370677948,
                    1.3372228145599365
                ],
                [
                    0.34392842650413513,
                    -0.24792084097862244,
                    -0.9056757092475891,
                    -3.650895595550537
                ],
                [
                    0.0,
                    0.9645150899887085,
                    -0.2640276253223419,
                    -1.0643293857574463
                ],
                [
                    0.0,
                    0.0,
                    0.0,
                    1.0
                ]
            ]
        },
        {
            "file_path": "/data/shapenet_blender/all_50_random/02958343/7a228c811e7e18ad18e1879dc4ad8784/r_4",
            "rotation": 0.12566370614359174,
            "transform_matrix": [
                [
                    0.7062646150588989,
                    -0.47366806864738464,
                    -0.5261452198028564,
                    -2.120959520339966
                ],
                [
                    -0.7079479694366455,
                    -0.47254180908203125,
                    -0.5248941779136658,
                    -2.1159162521362305
                ],
                [
                    0.0,
                    0.7431976199150085,
                    -0.6690717935562134,
                    -2.697114944458008
                ],
                [
                    0.0,
                    0.0,
                    0.0,
                    1.0
                ]
            ]
        },
        {
            "file_path": "/data/shapenet_blender/all_50_random/02958343/7a228c811e7e18ad18e1879dc4ad8784/r_5",
            "rotation": 0.12566370614359174,
            "transform_matrix": [
                [
                    -0.9836651086807251,
                    0.00838546734303236,
                    0.17981313169002533,
                    0.7248499393463135
                ],
                [
                    0.18000854551792145,
                    0.04582277685403824,
                    0.9825971722602844,
                    3.9609758853912354
                ],
                [
                    0.0,
                    0.9989142417907715,
                    -0.04658372700214386,
                    -0.18778501451015472
                ],
                [
                    0.0,
                    0.0,
                    0.0,
                    1.0
                ]
            ]
        },
        {
            "file_path": "/data/shapenet_blender/all_50_random/02958343/7a228c811e7e18ad18e1879dc4ad8784/r_6",
            "rotation": 0.12566370614359174,
            "transform_matrix": [
                [
                    0.658660352230072,
                    -0.16349993646144867,
                    -0.7344619035720825,
                    -2.9607105255126953
                ],
                [
                    -0.7524402737617493,
                    -0.14312221109867096,
                    -0.6429226398468018,
                    -2.5917041301727295
                ],
                [
                    0.0,
                    0.9761064648628235,
                    -0.2172928899526596,
                    -0.8759356737136841
                ],
                [
                    0.0,
                    0.0,
                    0.0,
                    1.0
                ]
            ]
        },
        {
            "file_path": "/data/shapenet_blender/all_50_random/02958343/7a228c811e7e18ad18e1879dc4ad8784/r_7",
            "rotation": 0.12566370614359174,
            "transform_matrix": [
                [
                    -0.9590486884117126,
                    -0.17990992963314056,
                    0.21876463294029236,
                    0.8818683624267578
                ],
                [
                    0.2832411229610443,
                    -0.6091713309288025,
                    0.7407326102256775,
                    2.9859883785247803
                ],
                [
                    -1.4901160305669237e-08,
                    0.7723615765571594,
                    0.6351829171180725,
                    2.5605039596557617
                ],
                [
                    0.0,
                    0.0,
                    0.0,
                    1.0
                ]
            ]
        },
        {
            "file_path": "/data/shapenet_blender/all_50_random/02958343/7a228c811e7e18ad18e1879dc4ad8784/r_8",
            "rotation": 0.12566370614359174,
            "transform_matrix": [
                [
                    0.38387835025787354,
                    0.3226974308490753,
                    0.865161120891571,
                    3.4875760078430176
                ],
                [
                    0.9233837127685547,
                    -0.1341550201177597,
                    -0.3596734404563904,
                    -1.4498900175094604
                ],
                [
                    1.4901162970204496e-08,
                    0.9369463920593262,
                    -0.3494727909564972,
                    -1.4087698459625244
                ],
                [
                    0.0,
                    0.0,
                    0.0,
                    1.0
                ]
            ]
        },
        {
            "file_path": "/data/shapenet_blender/all_50_random/02958343/7a228c811e7e18ad18e1879dc4ad8784/r_9",
            "rotation": 0.12566370614359174,
            "transform_matrix": [
                [
                    0.4660743176937103,
                    -0.42305460572242737,
                    0.7770453095436096,
                    3.1323699951171875
                ],
                [
                    0.8847455978393555,
                    0.22286055982112885,
                    -0.40933898091316223,
                    -1.6500983238220215
                ],
                [
                    -1.4901161193847656e-08,
                    0.8782699108123779,
                    0.47816523909568787,
                    1.9275459051132202
                ],
                [
                    0.0,
                    0.0,
                    0.0,
                    1.0
                ]
            ]
        },
        {
            "file_path": "/data/shapenet_blender/all_50_random/02958343/7a228c811e7e18ad18e1879dc4ad8784/r_10",
            "rotation": 0.12566370614359174,
            "transform_matrix": [
                [
                    0.4324130415916443,
                    -0.2404077798128128,
                    0.8690357208251953,
                    3.50319504737854
                ],
                [
                    0.9016757011413574,
                    0.11529140174388885,
                    -0.41675999760627747,
                    -1.6800132989883423
                ],
                [
                    0.0,
                    0.9638007879257202,
                    0.2666233479976654,
                    1.0747931003570557
                ],
                [
                    0.0,
                    0.0,
                    0.0,
                    1.0
                ]
            ]
        },
        {
            "file_path": "/data/shapenet_blender/all_50_random/02958343/7a228c811e7e18ad18e1879dc4ad8784/r_11",
            "rotation": 0.12566370614359174,
            "transform_matrix": [
                [
                    0.9985530376434326,
                    -0.02934097871184349,
                    -0.04506829380989075,
                    -0.18167611956596375
                ],
                [
                    -0.05377773940563202,
                    -0.5448076725006104,
                    -0.8368347883224487,
                    -3.37338924407959
                ],
                [
                    0.0,
                    0.8380475044250488,
                    -0.5455971360206604,
                    -2.1993725299835205
                ],
                [
                    0.0,
                    0.0,
                    0.0,
                    1.0
                ]
            ]
        },
        {
            "file_path": "/data/shapenet_blender/all_50_random/02958343/7a228c811e7e18ad18e1879dc4ad8784/r_12",
            "rotation": 0.12566370614359174,
            "transform_matrix": [
                [
                    0.8795043230056763,
                    -0.04990287497639656,
                    -0.4732673764228821,
                    -1.907801866531372
                ],
                [
                    -0.4758911430835724,
                    -0.0922265499830246,
                    -0.8746553063392639,
                    -3.525848388671875
                ],
                [
                    0.0,
                    0.9944865703582764,
                    -0.10486198961734772,
                    -0.42271220684051514
                ],
                [
                    0.0,
                    0.0,
                    0.0,
                    1.0
                ]
            ]
        },
        {
            "file_path": "/data/shapenet_blender/all_50_random/02958343/7a228c811e7e18ad18e1879dc4ad8784/r_13",
            "rotation": 0.12566370614359174,
            "transform_matrix": [
                [
                    0.6479449272155762,
                    -0.3378846049308777,
                    0.682642936706543,
                    2.751821279525757
                ],
                [
                    0.761687159538269,
                    0.28742852807044983,
                    -0.5807043313980103,
                    -2.3408937454223633
                ],
                [
                    0.0,
                    0.8962245583534241,
                    0.4436003267765045,
                    1.7882099151611328
                ],
                [
                    0.0,
                    0.0,
                    0.0,
                    1.0
                ]
            ]
        },
        {
            "file_path": "/data/shapenet_blender/all_50_random/02958343/7a228c811e7e18ad18e1879dc4ad8784/r_14",
            "rotation": 0.12566370614359174,
            "transform_matrix": [
                [
                    0.12983755767345428,
                    0.31725433468818665,
                    0.939410388469696,
                    3.786884307861328
                ],
                [
                    0.9915352463722229,
                    -0.041543181985616684,
                    -0.12301202863454819,
                    -0.49587735533714294
                ],
                [
                    -3.725290076417309e-09,
                    0.9474300742149353,
                    -0.3199627697467804,
                    -1.289811134338379
                ],
                [
                    0.0,
                    0.0,
                    0.0,
                    1.0
                ]
            ]
        },
        {
            "file_path": "/data/shapenet_blender/all_50_random/02958343/7a228c811e7e18ad18e1879dc4ad8784/r_15",
            "rotation": 0.12566370614359174,
            "transform_matrix": [
                [
                    0.999993085861206,
                    0.003100908361375332,
                    -0.0020935924258083105,
                    -0.00843954086303711
                ],
                [
                    -0.0037414920516312122,
                    0.8287835121154785,
                    -0.5595569610595703,
                    -2.255646228790283
                ],
                [
                    0.0,
                    0.5595609545707703,
                    0.828789234161377,
                    3.340956211090088
                ],
                [
                    0.0,
                    0.0,
                    0.0,
                    1.0
                ]
            ]
        },
        {
            "file_path": "/data/shapenet_blender/all_50_random/02958343/7a228c811e7e18ad18e1879dc4ad8784/r_16",
            "rotation": 0.12566370614359174,
            "transform_matrix": [
                [
                    -0.7794081568717957,
                    -0.11620215326547623,
                    0.6156460642814636,
                    2.481748580932617
                ],
                [
                    0.626516580581665,
                    -0.14455947279930115,
                    0.7658848166465759,
                    3.0873804092407227
                ],
                [
                    0.0,
                    0.9826492071151733,
                    0.18547339737415314,
                    0.7476671934127808
                ],
                [
                    0.0,
                    0.0,
                    0.0,
                    1.0
                ]
            ]
        },
        {
            "file_path": "/data/shapenet_blender/all_50_random/02958343/7a228c811e7e18ad18e1879dc4ad8784/r_17",
            "rotation": 0.12566370614359174,
            "transform_matrix": [
                [
                    0.6031293869018555,
                    -0.0005190010997466743,
                    -0.7976431250572205,
                    -3.215402364730835
                ],
                [
                    -0.7976433038711548,
                    -0.0003924371558241546,
                    -0.6031293272972107,
                    -2.4312920570373535
                ],
                [
                    0.0,
                    0.9999998211860657,
                    -0.0006506681093014777,
                    -0.0026229270733892918
                ],
                [
                    0.0,
                    0.0,
                    0.0,
                    1.0
                ]
            ]
        },
        {
            "file_path": "/data/shapenet_blender/all_50_random/02958343/7a228c811e7e18ad18e1879dc4ad8784/r_18",
            "rotation": 0.12566370614359174,
            "transform_matrix": [
                [
                    -0.9924997091293335,
                    -0.061879128217697144,
                    -0.10542895644903183,
                    -0.4249977171421051
                ],
                [
                    -0.12224684655666351,
                    0.5023852586746216,
                    0.8559583425521851,
                    3.4504785537719727
                ],
                [
                    -3.725290298461914e-09,
                    0.8624268770217896,
                    -0.5061817169189453,
                    -2.0404837131500244
                ],
                [
                    0.0,
                    0.0,
                    0.0,
                    1.0
                ]
            ]
        },
        {
            "file_path": "/data/shapenet_blender/all_50_random/02958343/7a228c811e7e18ad18e1879dc4ad8784/r_19",
            "rotation": 0.12566370614359174,
            "transform_matrix": [
                [
                    -0.6456769704818726,
                    0.4333808720111847,
                    0.6287148594856262,
                    2.5344302654266357
                ],
                [
                    0.7636106014251709,
                    0.3664485812187195,
                    0.5316147804260254,
                    2.143007516860962
                ],
                [
                    1.4901159417490817e-08,
                    0.8233447074890137,
                    -0.5675416588783264,
                    -2.2878332138061523
                ],
                [
                    0.0,
                    0.0,
                    0.0,
                    1.0
                ]
            ]
        },
        {
            "file_path": "/data/shapenet_blender/all_50_random/02958343/7a228c811e7e18ad18e1879dc4ad8784/r_20",
            "rotation": 0.12566370614359174,
            "transform_matrix": [
                [
                    0.8761376142501831,
                    0.3591431975364685,
                    -0.3215571939945221,
                    -1.296238660812378
                ],
                [
                    -0.48206114768981934,
                    0.6527364253997803,
                    -0.5844245553016663,
                    -2.355890989303589
                ],
                [
                    0.0,
                    0.6670465469360352,
                    0.7450159192085266,
                    3.0032553672790527
                ],
                [
                    0.0,
                    0.0,
                    0.0,
                    1.0
                ]
            ]
        },
        {
            "file_path": "/data/shapenet_blender/all_50_random/02958343/7a228c811e7e18ad18e1879dc4ad8784/r_21",
            "rotation": 0.12566370614359174,
            "transform_matrix": [
                [
                    0.0024868189357221127,
                    -0.15227355062961578,
                    -0.9883352518081665,
                    -3.9841067790985107
                ],
                [
                    -0.9999969005584717,
                    -0.0003786778834182769,
                    -0.0024578182492405176,
                    -0.009907782077789307
                ],
                [
                    0.0,
                    0.98833829164505,
                    -0.152274027466774,
                    -0.6138362288475037
                ],
                [
                    0.0,
                    0.0,
                    0.0,
                    1.0
                ]
            ]
        },
        {
            "file_path": "/data/shapenet_blender/all_50_random/02958343/7a228c811e7e18ad18e1879dc4ad8784/r_22",
            "rotation": 0.12566370614359174,
            "transform_matrix": [
                [
                    -0.9996502995491028,
                    -0.011991002596914768,
                    -0.023570135235786438,
                    -0.09501425921916962
                ],
                [
                    -0.026444952934980392,
                    0.4532739818096161,
                    0.8909788131713867,
                    3.5916507244110107
                ],
                [
                    -9.313225191043273e-10,
                    0.8912906050682068,
                    -0.45343253016471863,
                    -1.8278450965881348
                ],
                [
                    0.0,
                    0.0,
                    0.0,
                    1.0
                ]
            ]
        },
        {
            "file_path": "/data/shapenet_blender/all_50_random/02958343/7a228c811e7e18ad18e1879dc4ad8784/r_23",
            "rotation": 0.12566370614359174,
            "transform_matrix": [
                [
                    0.9815029501914978,
                    0.09178031980991364,
                    -0.16801297664642334,
                    -0.6772819757461548
                ],
                [
                    -0.19144707918167114,
                    0.4705355167388916,
                    -0.8613619208335876,
                    -3.4722609519958496
                ],
                [
                    0.0,
                    0.8775948286056519,
                    0.4794030785560608,
                    1.9325356483459473
                ],
                [
                    0.0,
                    0.0,
                    0.0,
                    1.0
                ]
            ]
        },
        {
            "file_path": "/data/shapenet_blender/all_50_random/02958343/7a228c811e7e18ad18e1879dc4ad8784/r_24",
            "rotation": 0.12566370614359174,
            "transform_matrix": [
                [
                    0.04339270293712616,
                    0.05068774148821831,
                    -0.9977714419364929,
                    -4.0221452713012695
                ],
                [
                    -0.9990580677986145,
                    0.002201551804319024,
                    -0.04333682358264923,
                    -0.17469632625579834
                ],
                [
                    0.0,
                    0.9987120032310486,
                    0.050735533237457275,
                    0.20452147722244263
                ],
                [
                    0.0,
                    0.0,
                    0.0,
                    1.0
                ]
            ]
        },
        {
            "file_path": "/data/shapenet_blender/all_50_random/02958343/7a228c811e7e18ad18e1879dc4ad8784/r_25",
            "rotation": 0.12566370614359174,
            "transform_matrix": [
                [
                    -0.9504181742668152,
                    0.025408469140529633,
                    0.30993494391441345,
                    1.2493877410888672
                ],
                [
                    0.31097468733787537,
                    0.07765477895736694,
                    0.94724041223526,
                    3.818448305130005
                ],
                [
                    0.0,
                    0.9966564178466797,
                    -0.08170590549707413,
                    -0.3293670415878296
                ],
                [
                    0.0,
                    0.0,
                    0.0,
                    1.0
                ]
            ]
        },
        {
            "file_path": "/data/shapenet_blender/all_50_random/02958343/7a228c811e7e18ad18e1879dc4ad8784/r_26",
            "rotation": 0.12566370614359174,
            "transform_matrix": [
                [
                    0.553433358669281,
                    -0.4212360382080078,
                    0.7185204029083252,
                    2.8964486122131348
                ],
                [
                    0.8328934907913208,
                    0.2798990309238434,
                    -0.477435827255249,
                    -1.9246054887771606
                ],
                [
                    0.0,
                    0.8626797795295715,
                    0.5057502388954163,
                    2.0387446880340576
                ],
                [
                    0.0,
                    0.0,
                    0.0,
                    1.0
                ]
            ]
        },
        {
            "file_path": "/data/shapenet_blender/all_50_random/02958343/7a228c811e7e18ad18e1879dc4ad8784/r_27",
            "rotation": 0.12566370614359174,
            "transform_matrix": [
                [
                    -0.9691755175590515,
                    -0.17982117831707,
                    0.1684136688709259,
                    0.6788972616195679
                ],
                [
                    0.2463713139295578,
                    -0.7073805928230286,
                    0.6625056862831116,
                    2.6706461906433105
                ],
                [
                    7.450580596923828e-09,
                    0.6835766434669495,
                    0.7298786640167236,
                    2.942235231399536
                ],
                [
                    0.0,
                    0.0,
                    0.0,
                    1.0
                ]
            ]
        },
        {
            "file_path": "/data/shapenet_blender/all_50_random/02958343/7a228c811e7e18ad18e1879dc4ad8784/r_28",
            "rotation": 0.12566370614359174,
            "transform_matrix": [
                [
                    0.34838730096817017,
                    -0.03603001683950424,
                    0.9366579651832581,
                    3.7757890224456787
                ],
                [
                    0.9373506903648376,
                    0.013391357846558094,
                    -0.3481298089027405,
                    -1.4033561944961548
                ],
                [
                    9.313225746154785e-10,
                    0.9992609620094299,
                    0.03843814134597778,
                    0.1549490988254547
                ],
                [
                    0.0,
                    0.0,
                    0.0,
                    1.0
                ]
            ]
        },
        {
            "file_path": "/data/shapenet_blender/all_50_random/02958343/7a228c811e7e18ad18e1879dc4ad8784/r_29",
            "rotation": 0.12566370614359174,
            "transform_matrix": [
                [
                    -0.6024198532104492,
                    -0.6429058313369751,
                    0.47303542494773865,
                    1.9068667888641357
                ],
                [
                    0.7981795072555542,
                    -0.48522821068763733,
                    0.35701984167099,
                    1.4391930103302002
                ],
                [
                    -1.4901162970204496e-08,
                    0.5926429629325867,
                    0.8054652810096741,
                    3.246934413909912
                ],
                [
                    0.0,
                    0.0,
                    0.0,
                    1.0
                ]
            ]
        },
        {
            "file_path": "/data/shapenet_blender/all_50_random/02958343/7a228c811e7e18ad18e1879dc4ad8784/r_30",
            "rotation": 0.12566370614359174,
            "transform_matrix": [
                [
                    0.3646186590194702,
                    -0.8568311333656311,
                    -0.36454567313194275,
                    -1.469530701637268
                ],
                [
                    -0.9311569929122925,
                    -0.33551445603370667,
                    -0.14274731278419495,
                    -0.5754328966140747
                ],
                [
                    0.0,
                    0.39149755239486694,
                    -0.9201790690422058,
                    -3.7093605995178223
                ],
                [
                    0.0,
                    0.0,
                    0.0,
                    1.0
                ]
            ]
        },
        {
            "file_path": "/data/shapenet_blender/all_50_random/02958343/7a228c811e7e18ad18e1879dc4ad8784/r_31",
            "rotation": 0.12566370614359174,
            "transform_matrix": [
                [
                    0.8027664422988892,
                    -0.0209670253098011,
                    0.5959247946739197,
                    2.402249574661255
                ],
                [
                    0.5962935090065002,
                    0.028227081522345543,
                    -0.8022700548171997,
                    -3.2340540885925293
                ],
                [
                    -1.8626450382086546e-09,
                    0.9993816614151001,
                    0.03516225144267082,
                    0.14174357056617737
                ],
                [
                    0.0,
                    0.0,
                    0.0,
                    1.0
                ]
            ]
        },
        {
            "file_path": "/data/shapenet_blender/all_50_random/02958343/7a228c811e7e18ad18e1879dc4ad8784/r_32",
            "rotation": 0.12566370614359174,
            "transform_matrix": [
                [
                    -0.9999849200248718,
                    -0.0007786328787915409,
                    -0.005445717368274927,
                    -0.021952390670776367
                ],
                [
                    -0.005501100793480873,
                    0.14153912663459778,
                    0.9899172782897949,
                    3.9904844760894775
                ],
                [
                    -5.820766785236131e-11,
                    0.9899322986602783,
                    -0.1415412724018097,
                    -0.5705711841583252
                ],
                [
                    0.0,
                    0.0,
                    0.0,
                    1.0
                ]
            ]
        },
        {
            "file_path": "/data/shapenet_blender/all_50_random/02958343/7a228c811e7e18ad18e1879dc4ad8784/r_33",
            "rotation": 0.12566370614359174,
            "transform_matrix": [
                [
                    0.7502228021621704,
                    -0.5051801800727844,
                    0.42656615376472473,
                    1.719543218612671
                ],
                [
                    0.6611851453781128,
                    0.5732097029685974,
                    -0.48400914669036865,
                    -1.9511033296585083
                ],
                [
                    -2.9802322387695312e-08,
                    0.645153820514679,
                    0.7640526294708252,
                    3.0799946784973145
                ],
                [
                    0.0,
                    0.0,
                    0.0,
                    1.0
                ]
            ]
        },
        {
            "file_path": "/data/shapenet_blender/all_50_random/02958343/7a228c811e7e18ad18e1879dc4ad8784/r_34",
            "rotation": 0.12566370614359174,
            "transform_matrix": [
                [
                    -0.6684101223945618,
                    -0.3282572627067566,
                    -0.6674391627311707,
                    -2.690533399581909
                ],
                [
                    -0.7437929511070251,
                    0.29498863220214844,
                    0.5997947454452515,
                    2.4178500175476074
                ],
                [
                    -1.4901162970204496e-08,
                    0.8973453640937805,
                    -0.44132885336875916,
                    -1.7790535688400269
                ],
                [
                    0.0,
                    0.0,
                    0.0,
                    1.0
                ]
            ]
        },
        {
            "file_path": "/data/shapenet_blender/all_50_random/02958343/7a228c811e7e18ad18e1879dc4ad8784/r_35",
            "rotation": 0.12566370614359174,
            "transform_matrix": [
                [
                    0.7260139584541321,
                    -0.11708654463291168,
                    -0.6776390075683594,
                    -2.731649875640869
                ],
                [
                    -0.6876800060272217,
                    -0.1236133873462677,
                    -0.7154131531715393,
                    -2.8839223384857178
                ],
                [
                    0.0,
                    0.9853985905647278,
                    -0.1702631115913391,
                    -0.6863524913787842
                ],
                [
                    0.0,
                    0.0,
                    0.0,
                    1.0
                ]
            ]
        },
        {
            "file_path": "/data/shapenet_blender/all_50_random/02958343/7a228c811e7e18ad18e1879dc4ad8784/r_36",
            "rotation": 0.12566370614359174,
            "transform_matrix": [
                [
                    0.9741321206092834,
                    -0.060410331934690475,
                    0.21775498986244202,
                    0.8777984380722046
                ],
                [
                    0.22597931325435638,
                    0.26041164994239807,
                    -0.9386794567108154,
                    -3.783937931060791
                ],
                [
                    -3.725290298461914e-09,
                    0.9636058211326599,
                    0.26732686161994934,
                    1.0776290893554688
                ],
                [
                    0.0,
                    0.0,
                    0.0,
                    1.0
                ]
            ]
        },
        {
            "file_path": "/data/shapenet_blender/all_50_random/02958343/7a228c811e7e18ad18e1879dc4ad8784/r_37",
            "rotation": 0.12566370614359174,
            "transform_matrix": [
                [
                    0.9975932836532593,
                    0.015611328184604645,
                    -0.06755740940570831,
                    -0.27233263850212097
                ],
                [
                    -0.06933771073818207,
                    0.22460731863975525,
                    -0.9719793200492859,
                    -3.9181740283966064
                ],
                [
                    9.31322685637781e-10,
                    0.9743242859840393,
                    0.22514919936656952,
                    0.9076054692268372
                ],
                [
                    0.0,
                    0.0,
                    0.0,
                    1.0
                ]
            ]
        },
        {
            "file_path": "/data/shapenet_blender/all_50_random/02958343/7a228c811e7e18ad18e1879dc4ad8784/r_38",
            "rotation": 0.12566370614359174,
            "transform_matrix": [
                [
                    0.46590763330459595,
                    0.0843755453824997,
                    0.8808012008666992,
                    3.5506234169006348
                ],
                [
                    0.8848333954811096,
                    -0.044427815824747086,
                    -0.46378451585769653,
                    -1.8695752620697021
                ],
                [
                    3.725290298461914e-09,
                    0.9954430460929871,
                    -0.09535755962133408,
                    -0.3843986392021179
                ],
                [
                    0.0,
                    0.0,
                    0.0,
                    1.0
                ]
            ]
        },
        {
            "file_path": "/data/shapenet_blender/all_50_random/02958343/7a228c811e7e18ad18e1879dc4ad8784/r_39",
            "rotation": 0.12566370614359174,
            "transform_matrix": [
                [
                    -0.1937418282032013,
                    0.050012532621622086,
                    -0.979776918888092,
                    -3.9496071338653564
                ],
                [
                    -0.981052577495575,
                    -0.009876657277345657,
                    0.1934899091720581,
                    0.7799827456474304
                ],
                [
                    -9.313225746154785e-10,
                    0.9986997842788696,
                    0.050978437066078186,
                    0.20550064742565155
                ],
                [
                    0.0,
                    0.0,
                    0.0,
                    1.0
                ]
            ]
        },
        {
            "file_path": "/data/shapenet_blender/all_50_random/02958343/7a228c811e7e18ad18e1879dc4ad8784/r_40",
            "rotation": 0.12566370614359174,
            "transform_matrix": [
                [
                    -0.08355233073234558,
                    0.8561540842056274,
                    -0.509920597076416,
                    -2.0555553436279297
                ],
                [
                    -0.9965034127235413,
                    -0.07178467512130737,
                    0.04275455325841904,
                    0.17234909534454346
                ],
                [
                    3.725290298461914e-09,
                    0.5117098093032837,
                    0.8591583967208862,
                    3.4633779525756836
                ],
                [
                    0.0,
                    0.0,
                    0.0,
                    1.0
                ]
            ]
        },
        {
            "file_path": "/data/shapenet_blender/all_50_random/02958343/7a228c811e7e18ad18e1879dc4ad8784/r_41",
            "rotation": 0.12566370614359174,
            "transform_matrix": [
                [
                    -0.7646011114120483,
                    -0.3746565580368042,
                    0.5244212746620178,
                    2.1140100955963135
                ],
                [
                    0.6445038914680481,
                    -0.44447019696235657,
                    0.6221421360969543,
                    2.5079355239868164
