{
    "class": "02958343",
    "model": "468be6b80d1c7dd655ac255cda83e91",
    "remove_doubles": true,
    "edge_split": true,
    "denoise": true,
    "camera_angle_x": 0.6911112070083618,
    "scale_factor": 2.2931230089454155,
    "hdri_file": "/data/IndoorHDRDataset2018/AG8A2342-7d9b329bb5.exr",
    "center_offset": [
        0.0,
        0.0,
        -9.313225746154785e-10
    ],
    "lights": [],
    "frames": [
        {
            "file_path": "/data/shapenet_blender/all_50_random/02958343/468be6b80d1c7dd655ac255cda83e91/r_0",
            "rotation": 0.12566370614359174,
            "transform_matrix": [
                [
                    0.9987631440162659,
                    0.005055725574493408,
                    -0.049464546144008636,
                    -0.1993979811668396
                ],
                [
                    -0.049722254276275635,
                    0.10155356675386429,
                    -0.9935866594314575,
                    -4.005276203155518
                ],
                [
                    0.0,
                    0.9948171377182007,
                    0.10167934000492096,
                    0.4098825454711914
                ],
                [
                    0.0,
                    0.0,
                    0.0,
                    1.0
                ]
            ]
        },
        {
            "file_path": "/data/shapenet_blender/all_50_random/02958343/468be6b80d1c7dd655ac255cda83e91/r_1",
            "rotation": 0.12566370614359174,
            "transform_matrix": [
                [
                    -0.5314832925796509,
                    0.5681479573249817,
                    -0.6282780766487122,
                    -2.532670021057129
                ],
                [
                    -0.8470687866210938,
                    -0.3564777672290802,
                    0.3942056894302368,
                    1.5890939235687256
                ],
                [
                    0.0,
                    0.7417083978652954,
                    0.6707223653793335,
                    2.703768253326416
                ],
                [
                    0.0,
                    0.0,
                    0.0,
                    1.0
                ]
            ]
        },
        {
            "file_path": "/data/shapenet_blender/all_50_random/02958343/468be6b80d1c7dd655ac255cda83e91/r_2",
            "rotation": 0.12566370614359174,
            "transform_matrix": [
                [
                    0.9656007289886475,
                    -0.09283832460641861,
                    -0.24289146065711975,
                    -0.9791268706321716
                ],
                [
                    -0.26002925634384155,
                    -0.34474870562553406,
                    -0.9019606113433838,
                    -3.6359198093414307
                ],
                [
                    -7.450580152834618e-09,
                    0.9340928196907043,
                    -0.3570302426815033,
                    -1.4392350912094116
                ],
                [
                    0.0,
                    0.0,
                    0.0,
                    1.0
                ]
            ]
        },
        {
            "file_path": "/data/shapenet_blender/all_50_random/02958343/468be6b80d1c7dd655ac255cda83e91/r_3",
            "rotation": 0.12566370614359174,
            "transform_matrix": [
                [
                    -0.6910290122032166,
                    -0.19642683863639832,
                    0.6956258416175842,
                    2.8041574954986572
                ],
                [
                    0.7228268980979919,
                    -0.18778583407402039,
                    0.6650245785713196,
                    2.680799722671509
                ],
                [
                    0.0,
                    0.9623683094978333,
                    0.2717480957508087,
                    1.0954515933990479
                ],
                [
                    0.0,
                    0.0,
                    0.0,
                    1.0
                ]
            ]
        },
        {
            "file_path": "/data/shapenet_blender/all_50_random/02958343/468be6b80d1c7dd655ac255cda83e91/r_4",
            "rotation": 0.12566370614359174,
            "transform_matrix": [
                [
                    -0.956270158290863,
                    -0.004734838381409645,
                    0.292446494102478,
                    1.1788896322250366
                ],
                [
                    0.292484849691391,
                    -0.015480408445000648,
                    0.9561448097229004,
                    3.8543431758880615
                ],
                [
                    0.0,
                    0.9998689889907837,
                    0.01618831790983677,
                    0.06525720655918121
                ],
                [
                    0.0,
                    0.0,
                    0.0,
                    1.0
                ]
            ]
        },
        {
            "file_path": "/data/shapenet_blender/all_50_random/02958343/468be6b80d1c7dd655ac255cda83e91/r_5",
            "rotation": 0.12566370614359174,
            "transform_matrix": [
                [
                    -0.9559279084205627,
                    0.03015902265906334,
                    0.2920483946800232,
                    1.1772847175598145
                ],
                [
                    0.29360148310661316,
                    0.09819381684064865,
                    0.9508712291717529,
                    3.8330845832824707
                ],
                [
                    0.0,
                    0.9947102665901184,
                    -0.10272093862295151,
                    -0.414081335067749
                ],
                [
                    0.0,
                    0.0,
                    0.0,
                    1.0
                ]
            ]
        },
        {
            "file_path": "/data/shapenet_blender/all_50_random/02958343/468be6b80d1c7dd655ac255cda83e91/r_6",
            "rotation": 0.12566370614359174,
            "transform_matrix": [
                [
                    -0.22654403746128082,
                    -0.04110703989863396,
                    0.9731331467628479,
                    3.9228248596191406
                ],
                [
                    0.9740009307861328,
                    -0.00956113450229168,
                    0.22634220123291016,
                    0.91241455078125
                ],
                [
                    -9.313224635931761e-10,
                    0.9991089105606079,
                    0.04220431670546532,
                    0.17013104259967804
                ],
                [
                    0.0,
                    0.0,
                    0.0,
                    1.0
                ]
            ]
        },
        {
            "file_path": "/data/shapenet_blender/all_50_random/02958343/468be6b80d1c7dd655ac255cda83e91/r_7",
            "rotation": 0.12566370614359174,
            "transform_matrix": [
                [
                    -0.7016062140464783,
                    -0.4592653512954712,
                    0.5448156595230103,
                    2.1962220668792725
                ],
                [
                    0.7125649452209473,
                    -0.4522022306919098,
                    0.5364367961883545,
                    2.1624457836151123
                ],
                [
                    2.980232594040899e-08,
                    0.7645837664604187,
                    0.6445242762565613,
                    2.5981605052948
                ],
                [
                    0.0,
                    0.0,
                    0.0,
                    1.0
                ]
            ]
        },
        {
            "file_path": "/data/shapenet_blender/all_50_random/02958343/468be6b80d1c7dd655ac255cda83e91/r_8",
            "rotation": 0.12566370614359174,
            "transform_matrix": [
                [
                    -0.8675196170806885,
                    0.19781391322612762,
                    -0.4563765227794647,
                    -1.8397126197814941
                ],
                [
                    -0.49740317463874817,
                    -0.34500670433044434,
                    0.7959650754928589,
                    3.2086379528045654
                ],
                [
                    1.4901162970204496e-08,
                    0.9175183176994324,
                    0.39769336581230164,
                    1.6031532287597656
                ],
                [
                    0.0,
                    0.0,
                    0.0,
                    1.0
                ]
            ]
        },
        {
            "file_path": "/data/shapenet_blender/all_50_random/02958343/468be6b80d1c7dd655ac255cda83e91/r_9",
            "rotation": 0.12566370614359174,
            "transform_matrix": [
                [
                    0.5944232940673828,
                    0.06344404071569443,
                    0.8016456365585327,
                    3.231537103652954
                ],
                [
                    0.8041524291038513,
                    -0.04689735174179077,
                    -0.5925703048706055,
                    -2.3887276649475098
                ],
                [
                    0.0,
                    0.9968828558921814,
                    -0.07889554649591446,
                    -0.3180381655693054
                ],
                [
                    0.0,
                    0.0,
                    0.0,
                    1.0
                ]
            ]
        },
        {
            "file_path": "/data/shapenet_blender/all_50_random/02958343/468be6b80d1c7dd655ac255cda83e91/r_10",
            "rotation": 0.12566370614359174,
            "transform_matrix": [
                [
                    0.9771023988723755,
                    -0.09838137030601501,
                    0.18865874409675598,
                    0.7605078220367432
                ],
                [
                    0.21276991069316864,
                    0.45179635286331177,
                    -0.8663768172264099,
                    -3.4924771785736084
                ],
                [
                    7.450580596923828e-09,
                    0.8866799473762512,
                    0.46238377690315247,
                    1.8639289140701294
                ],
                [
                    0.0,
                    0.0,
                    0.0,
                    1.0
                ]
            ]
        },
        {
            "file_path": "/data/shapenet_blender/all_50_random/02958343/468be6b80d1c7dd655ac255cda83e91/r_11",
            "rotation": 0.12566370614359174,
            "transform_matrix": [
                [
                    0.9541900157928467,
                    0.06363647431135178,
                    -0.29235580563545227,
                    -1.1785237789154053
                ],
                [
                    -0.29920145869255066,
                    0.20294450223445892,
                    -0.9323583841323853,
                    -3.7584564685821533
                ],
                [
                    0.0,
                    0.9771202802658081,
                    0.21268773078918457,
                    0.8573715686798096
                ],
                [
                    0.0,
                    0.0,
                    0.0,
                    1.0
                ]
            ]
        },
        {
            "file_path": "/data/shapenet_blender/all_50_random/02958343/468be6b80d1c7dd655ac255cda83e91/r_12",
            "rotation": 0.12566370614359174,
            "transform_matrix": [
                [
                    -0.07173831015825272,
                    0.050406429916620255,
                    -0.9961490035057068,
                    -4.0156049728393555
                ],
                [
                    -0.9974234700202942,
                    -0.0036254131700843573,
                    0.07164664566516876,
                    0.2888168692588806
                ],
                [
                    0.0,
                    0.9987221956253052,
                    0.05053664743900299,
                    0.20371973514556885
                ],
                [
                    0.0,
                    0.0,
                    0.0,
                    1.0
                ]
            ]
        },
        {
            "file_path": "/data/shapenet_blender/all_50_random/02958343/468be6b80d1c7dd655ac255cda83e91/r_13",
            "rotation": 0.12566370614359174,
            "transform_matrix": [
                [
                    -0.9797176122665405,
                    0.11270156502723694,
                    0.1656857579946518,
                    0.6679006814956665
                ],
                [
                    0.20038317143917084,
                    0.5510228872299194,
                    0.8100742697715759,
                    3.2655138969421387
                ],
                [
                    -7.450580596923828e-09,
                    0.8268447518348694,
                    -0.5624302625656128,
                    -2.267228841781616
                ],
                [
                    0.0,
                    0.0,
                    0.0,
                    1.0
                ]
            ]
        },
        {
            "file_path": "/data/shapenet_blender/all_50_random/02958343/468be6b80d1c7dd655ac255cda83e91/r_14",
            "rotation": 0.12566370614359174,
            "transform_matrix": [
                [
                    0.6532216668128967,
                    0.01931826025247574,
                    0.7569201588630676,
                    3.0512430667877197
                ],
                [
                    0.7571667432785034,
                    -0.016666220501065254,
                    -0.6530089378356934,
                    -2.6323635578155518
                ],
                [
                    9.31322685637781e-10,
                    0.999674379825592,
                    -0.02551387809216976,
                    -0.10284973680973053
                ],
                [
                    0.0,
                    0.0,
                    0.0,
                    1.0
                ]
            ]
        },
        {
            "file_path": "/data/shapenet_blender/all_50_random/02958343/468be6b80d1c7dd655ac255cda83e91/r_15",
            "rotation": 0.12566370614359174,
            "transform_matrix": [
                [
                    -0.5382779240608215,
                    0.7986719608306885,
                    0.26903533935546875,
                    1.084516167640686
                ],
                [
                    0.8427674770355225,
                    0.5101139545440674,
                    0.1718336045742035,
                    0.6926833987236023
                ],
                [
                    0.0,
                    0.3192283511161804,
                    -0.9476777911186218,
                    -3.820211410522461
                ],
                [
                    0.0,
                    0.0,
                    0.0,
                    1.0
                ]
            ]
        },
        {
            "file_path": "/data/shapenet_blender/all_50_random/02958343/468be6b80d1c7dd655ac255cda83e91/r_16",
            "rotation": 0.12566370614359174,
            "transform_matrix": [
                [
                    -0.2274489551782608,
                    0.0007674858206883073,
                    0.9737896919250488,
                    3.925471782684326
                ],
                [
                    0.9737899899482727,
                    0.00017926232249010354,
                    0.22744889557361603,
                    0.9168758392333984
                ],
                [
                    0.0,
                    0.9999997019767761,
                    -0.0007881430792622268,
                    -0.0031771063804626465
                ],
                [
                    0.0,
                    0.0,
                    0.0,
                    1.0
                ]
            ]
        },
        {
            "file_path": "/data/shapenet_blender/all_50_random/02958343/468be6b80d1c7dd655ac255cda83e91/r_17",
            "rotation": 0.12566370614359174,
            "transform_matrix": [
                [
                    -0.3962766230106354,
                    -0.7645078897476196,
                    -0.5084215998649597,
                    -2.049513339996338
                ],
                [
                    -0.9181311130523682,
                    0.32997095584869385,
                    0.2194409966468811,
                    0.8845950365066528
                ],
                [
                    0.0,
                    0.5537571310997009,
                    -0.8326781392097473,
                    -3.356633186340332
                ],
                [
                    0.0,
                    0.0,
                    0.0,
                    1.0
                ]
            ]
        },
        {
            "file_path": "/data/shapenet_blender/all_50_random/02958343/468be6b80d1c7dd655ac255cda83e91/r_18",
            "rotation": 0.12566370614359174,
            "transform_matrix": [
                [
                    -0.6943737268447876,
                    0.32345089316368103,
                    0.6428254842758179,
                    2.5913124084472656
                ],
                [
                    0.719614565372467,
                    0.3121056854724884,
                    0.6202780604362488,
                    2.5004208087921143
                ],
                [
                    0.0,
                    0.8932913541793823,
                    -0.44947800040245056,
                    -1.8119038343429565
                ],
                [
                    0.0,
                    0.0,
                    0.0,
                    1.0
                ]
            ]
        },
        {
            "file_path": "/data/shapenet_blender/all_50_random/02958343/468be6b80d1c7dd655ac255cda83e91/r_19",
            "rotation": 0.12566370614359174,
            "transform_matrix": [
                [
                    0.13607940077781677,
                    -0.17827245593070984,
                    0.9745261669158936,
                    3.928440809249878
                ],
                [
                    0.990697979927063,
                    0.024486985057592392,
                    -0.1338580697774887,
                    -0.5395991802215576
                ],
                [
                    0.0,
                    0.9836763143539429,
                    0.17994633316993713,
                    0.725386917591095
                ],
                [
                    0.0,
                    0.0,
                    0.0,
                    1.0
                ]
            ]
        },
        {
            "file_path": "/data/shapenet_blender/all_50_random/02958343/468be6b80d1c7dd655ac255cda83e91/r_20",
            "rotation": 0.12566370614359174,
            "transform_matrix": [
                [
                    0.8217954039573669,
                    0.3321729302406311,
                    0.4629400074481964,
                    1.866170883178711
                ],
                [
                    0.5697826743125916,
                    -0.4790917634963989,
                    -0.6676965951919556,
                    -2.691570997238159
                ],
                [
                    1.4901161193847656e-08,
                    0.8124851584434509,
                    -0.5829817652702332,
                    -2.3500747680664062
                ],
                [
                    0.0,
                    0.0,
                    0.0,
                    1.0
                ]
            ]
        },
        {
            "file_path": "/data/shapenet_blender/all_50_random/02958343/468be6b80d1c7dd655ac255cda83e91/r_21",
            "rotation": 0.12566370614359174,
            "transform_matrix": [
                [
                    -0.012389048933982849,
                    -0.15231682360172272,
                    0.9882540702819824,
                    3.9837796688079834
                ],
                [
                    0.9999232888221741,
                    -0.0018872052896767855,
                    0.012244466692209244,
                    0.049359023571014404
                ],
                [
                    0.0,
                    0.9883297681808472,
                    0.15232853591442108,
                    0.6140559911727905
                ],
                [
                    0.0,
                    0.0,
                    0.0,
                    1.0
                ]
            ]
        },
        {
            "file_path": "/data/shapenet_blender/all_50_random/02958343/468be6b80d1c7dd655ac255cda83e91/r_22",
            "rotation": 0.12566370614359174,
            "transform_matrix": [
                [
                    -0.87205970287323,
                    0.025873640552163124,
                    0.48871514201164246,
                    1.9700736999511719
                ],
                [
                    0.48939964175224304,
                    0.04610416293144226,
                    0.8708400726318359,
                    3.5104687213897705
                ],
                [
                    1.862645371275562e-09,
                    0.9986014366149902,
                    -0.052868131548166275,
                    -0.21311825513839722
                ],
                [
                    0.0,
                    0.0,
                    0.0,
                    1.0
                ]
            ]
        },
        {
            "file_path": "/data/shapenet_blender/all_50_random/02958343/468be6b80d1c7dd655ac255cda83e91/r_23",
            "rotation": 0.12566370614359174,
            "transform_matrix": [
                [
                    -0.2576729357242584,
                    0.6853854060173035,
                    0.6810663342475891,
                    2.7454662322998047
                ],
                [
                    0.966232180595398,
                    0.1827772706747055,
                    0.18162547051906586,
                    0.7321556806564331
                ],
                [
                    0.0,
                    0.7048681378364563,
                    -0.7093382477760315,
                    -2.859433889389038
                ],
                [
                    0.0,
                    0.0,
                    0.0,
                    1.0
                ]
            ]
        },
        {
            "file_path": "/data/shapenet_blender/all_50_random/02958343/468be6b80d1c7dd655ac255cda83e91/r_24",
            "rotation": 0.12566370614359174,
            "transform_matrix": [
                [
                    0.49074727296829224,
                    -0.22818215191364288,
                    0.8408922553062439,
                    3.3897454738616943
                ],
                [
                    0.8713018894195557,
                    0.12852004170417786,
                    -0.4736195206642151,
                    -1.9092216491699219
                ],
                [
                    7.450580152834618e-09,
                    0.9650986194610596,
                    0.2618864178657532,
                    1.055698037147522
                ],
                [
                    0.0,
                    0.0,
                    0.0,
                    1.0
                ]
            ]
        },
        {
            "file_path": "/data/shapenet_blender/all_50_random/02958343/468be6b80d1c7dd655ac255cda83e91/r_25",
            "rotation": 0.12566370614359174,
            "transform_matrix": [
                [
                    0.6704730987548828,
                    0.04146522283554077,
                    0.7407742142677307,
                    2.986156463623047
                ],
                [
                    0.7419338226318359,
                    -0.037471428513526917,
                    -0.6694251894950867,
                    -2.6985392570495605
                ],
                [
                    3.725290076417309e-09,
                    0.9984371066093445,
                    -0.05588803067803383,
                    -0.22529186308383942
                ],
                [
                    0.0,
                    0.0,
                    0.0,
                    1.0
                ]
            ]
        },
        {
            "file_path": "/data/shapenet_blender/all_50_random/02958343/468be6b80d1c7dd655ac255cda83e91/r_26",
            "rotation": 0.12566370614359174,
            "transform_matrix": [
                [
                    0.16266433894634247,
                    -0.007172784302383661,
                    0.9866553544998169,
                    3.977335214614868
                ],
                [
                    0.9866815209388733,
                    0.0011825052788481116,
                    -0.16266001760959625,
                    -0.6557035446166992
                ],
                [
                    1.1641532182693481e-10,
                    0.9999735355377197,
                    0.007269604131579399,
                    0.029304713010787964
                ],
                [
                    0.0,
                    0.0,
                    0.0,
                    1.0
                ]
            ]
        },
        {
            "file_path": "/data/shapenet_blender/all_50_random/02958343/468be6b80d1c7dd655ac255cda83e91/r_27",
            "rotation": 0.12566370614359174,
            "transform_matrix": [
                [
                    0.08478985726833344,
                    0.90723717212677,
                    0.4119845926761627,
                    1.660763144493103
                ],
                [
                    0.9963988661766052,
                    -0.07720252871513367,
                    -0.03505836799740791,
                    -0.14132481813430786
                ],
                [
                    -3.725290298461914e-09,
                    0.41347357630729675,
                    -0.9105160236358643,
                    -3.670407772064209
                ],
                [
                    0.0,
                    0.0,
                    0.0,
                    1.0
                ]
            ]
        },
        {
            "file_path": "/data/shapenet_blender/all_50_random/02958343/468be6b80d1c7dd655ac255cda83e91/r_28",
            "rotation": 0.12566370614359174,
            "transform_matrix": [
                [
                    0.5482199192047119,
                    0.15612417459487915,
                    -0.8216325044631958,
                    -3.3121068477630615
                ],
                [
                    -0.836334228515625,
                    0.10233993083238602,
                    -0.5385828614234924,
                    -2.1710972785949707
                ],
                [
                    7.450580596923828e-09,
                    0.9824213981628418,
                    0.1866767704486847,
                    0.7525181770324707
                ],
                [
                    0.0,
                    0.0,
                    0.0,
                    1.0
                ]
            ]
        },
        {
            "file_path": "/data/shapenet_blender/all_50_random/02958343/468be6b80d1c7dd655ac255cda83e91/r_29",
            "rotation": 0.12566370614359174,
            "transform_matrix": [
                [
                    0.7665668725967407,
                    -0.1164366751909256,
                    0.6315202116966248,
                    2.5457394123077393
                ],
                [
                    0.6421645879745483,
                    0.13899317383766174,
                    -0.7538604736328125,
                    -3.0389087200164795
                ],
                [
                    0.0,
                    0.9834243059158325,
                    0.18131907284259796,
                    0.7309205532073975
                ],
                [
                    0.0,
                    0.0,
                    0.0,
                    1.0
                ]
            ]
        },
        {
            "file_path": "/data/shapenet_blender/all_50_random/02958343/468be6b80d1c7dd655ac255cda83e91/r_30",
            "rotation": 0.12566370614359174,
            "transform_matrix": [
                [
                    -0.7474156618118286,
                    0.0011016960488632321,
                    0.6643557548522949,
                    2.678103446960449
                ],
                [
                    0.6643565893173218,
                    0.0012394319055601954,
                    0.7474147081375122,
                    3.0129246711730957
                ],
                [
                    1.164153010102531e-10,
                    0.9999986886978149,
                    -0.0016582900425419211,
                    -0.006684780120849609
                ],
                [
                    0.0,
                    0.0,
                    0.0,
                    1.0
                ]
            ]
        },
        {
            "file_path": "/data/shapenet_blender/all_50_random/02958343/468be6b80d1c7dd655ac255cda83e91/r_31",
            "rotation": 0.12566370614359174,
            "transform_matrix": [
                [
                    -0.36182722449302673,
                    0.4923231601715088,
                    -0.7916431427001953,
                    -3.191215991973877
                ],
                [
                    -0.9322452545166016,
                    -0.1910826861858368,
                    0.3072561025619507,
                    1.2385890483856201
                ],
                [
                    0.0,
                    0.8491792678833008,
                    0.5281046628952026,
                    2.1288583278656006
                ],
                [
                    0.0,
                    0.0,
                    0.0,
                    1.0
                ]
            ]
        },
        {
            "file_path": "/data/shapenet_blender/all_50_random/02958343/468be6b80d1c7dd655ac255cda83e91/r_32",
            "rotation": 0.12566370614359174,
            "transform_matrix": [
                [
                    -0.47734925150871277,
                    -0.08871616423130035,
                    0.8742237091064453,
                    3.524108409881592
                ],
                [
                    0.8787136077880859,
                    -0.048193857073783875,
                    0.474910169839859,
                    1.914424180984497
                ],
                [
                    3.7252898543727042e-09,
                    0.9948903918266296,
                    0.10096140950918198,
                    0.4069884717464447
                ],
                [
                    0.0,
                    0.0,
                    0.0,
                    1.0
                ]
            ]
        },
        {
            "file_path": "/data/shapenet_blender/all_50_random/02958343/468be6b80d1c7dd655ac255cda83e91/r_33",
            "rotation": 0.12566370614359174,
            "transform_matrix": [
                [
                    0.21283438801765442,
                    0.9022128582000732,
                    0.37511780858039856,
                    1.5121482610702515
                ],
                [
                    0.9770883917808533,
                    -0.19652462005615234,
                    -0.0817100778222084,
                    -0.32938385009765625
                ],
                [
                    0.0,
                    0.3839138448238373,
                    -0.9233688712120056,
                    -3.7222189903259277
                ],
                [
                    0.0,
                    0.0,
                    0.0,
                    1.0
                ]
            ]
        },
        {
            "file_path": "/data/shapenet_blender/all_50_random/02958343/468be6b80d1c7dd655ac255cda83e91/r_34",
            "rotation": 0.12566370614359174,
            "transform_matrix": [
                [
                    0.6839986443519592,
                    0.32105860114097595,
                    -0.655032217502594,
                    -2.640519618988037
                ],
                [
                    -0.7294833064079285,
                    0.30103999376296997,
                    -0.6141896843910217,
                    -2.4758780002593994
                ],
                [
                    1.4901162970204496e-08,
                    0.8979399800300598,
                    0.44011783599853516,
                    1.7741718292236328
                ],
                [
                    0.0,
                    0.0,
                    0.0,
                    1.0
                ]
            ]
        },
        {
            "file_path": "/data/shapenet_blender/all_50_random/02958343/468be6b80d1c7dd655ac255cda83e91/r_35",
            "rotation": 0.12566370614359174,
            "transform_matrix": [
                [
                    0.16023965179920197,
                    -0.3222237825393677,
                    0.9330031871795654,
                    3.761056423187256
                ],
                [
                    0.9870781898498535,
                    0.052308954298496246,
                    -0.15146125853061676,
                    -0.6105599403381348
                ],
                [
                    0.0,
                    0.9452171921730042,
                    0.32644200325012207,
                    1.315929889678955
                ],
                [
                    0.0,
                    0.0,
                    0.0,
                    1.0
                ]
            ]
        },
        {
            "file_path": "/data/shapenet_blender/all_50_random/02958343/468be6b80d1c7dd655ac255cda83e91/r_36",
            "rotation": 0.12566370614359174,
            "transform_matrix": [
                [
                    0.9557148218154907,
                    0.22853250801563263,
                    -0.18542452156543732,
                    -0.7474701404571533
                ],
                [
                    -0.2942947447299957,
                    0.7421536445617676,
                    -0.6021615266799927,
                    -2.4273908138275146
                ],
                [
                    0.0,
                    0.6300641298294067,
                    0.7765430808067322,
                    3.130345344543457
                ],
                [
                    0.0,
                    0.0,
                    0.0,
                    1.0
                ]
            ]
        },
        {
            "file_path": "/data/shapenet_blender/all_50_random/02958343/468be6b80d1c7dd655ac255cda83e91/r_37",
            "rotation": 0.12566370614359174,
            "transform_matrix": [
                [
                    -0.9987622499465942,
                    -0.023362120613455772,
                    -0.04391185939311981,
                    -0.17701438069343567
                ],
                [
                    -0.04973973333835602,
                    0.4691060185432434,
                    0.8817399144172668,
                    3.554407835006714
                ],
                [
                    1.862645371275562e-09,
                    0.8828327655792236,
                    -0.4696873128414154,
                    -1.8933703899383545
                ],
                [
                    0.0,
                    0.0,
                    0.0,
                    1.0
                ]
            ]
        },
        {
            "file_path": "/data/shapenet_blender/all_50_random/02958343/468be6b80d1c7dd655ac255cda83e91/r_38",
            "rotation": 0.12566370614359174,
            "transform_matrix": [
                [
                    -0.7241221070289612,
                    0.49007150530815125,
                    -0.4852597117424011,
                    -1.9561444520950317
                ],
                [
                    -0.6896716356277466,
                    -0.51455157995224,
                    0.5094993710517883,
                    2.0538575649261475
                ],
                [
                    -2.9802318834981634e-08,
                    0.7036096453666687,
                    0.710586667060852,
                    2.864466428756714
                ],
                [
                    0.0,
                    0.0,
                    0.0,
                    1.0
                ]
            ]
        },
        {
            "file_path": "/data/shapenet_blender/all_50_random/02958343/468be6b80d1c7dd655ac255cda83e91/r_39",
            "rotation": 0.12566370614359174,
            "transform_matrix": [
                [
                    0.3874824643135071,
                    -0.3076132535934448,
                    -0.8690404891967773,
                    -3.5032143592834473
                ],
                [
                    -0.9218770861625671,
                    -0.1292957067489624,
                    -0.36527425050735474,
                    -1.4724676609039307
                ],
                [
                    -7.450580596923828e-09,
                    0.9426858425140381,
                    -0.33368146419525146,
                    -1.3451130390167236
                ],
                [
                    0.0,
                    0.0,
                    0.0,
                    1.0
                ]
            ]
        },
        {
            "file_path": "/data/shapenet_blender/all_50_random/02958343/468be6b80d1c7dd655ac255cda83e91/r_40",
            "rotation": 0.12566370614359174,
            "transform_matrix": [
                [
                    -0.5928957462310791,
                    -0.06322935968637466,
                    -0.802793025970459,
                    -3.2361621856689453
                ],
                [
                    -0.8052791953086853,
                    0.046553317457437515,
                    0.5910652875900269,
                    2.382660388946533
                ],
                [
                    0.0,
                    0.9969125390052795,
                    -0.0785185694694519,
                    -0.31651848554611206
                ],
                [
                    0.0,
                    0.0,
                    0.0,
                    1.0
                ]
            ]
        },
        {
            "file_path": "/data/shapenet_blender/all_50_random/02958343/468be6b80d1c7dd655ac255cda83e91/r_41",
            "rotation": 0.12566370614359174,
            "transform_matrix": [
                [
                    0.8842320442199707,
                    -0.4191848337650299,
                    -0.20595622062683105,
                    -0.8302360773086548
                ],
                [
                    -0.46704810857772827,
                    -0.7936155796051025,
                    -0.389923632144928,
                    -1.5718324184417725
                ],
                [
                    1.4901162970204496e-08,
