{
    "class": "02958343",
    "model": "d224a01422266fc51b3c1c9f0ad4025",
    "remove_doubles": true,
    "edge_split": true,
    "denoise": true,
    "camera_angle_x": 0.6911112070083618,
    "scale_factor": 2.3266420872582865,
    "hdri_file": "/data/IndoorHDRDataset2018/9C4A6226-58e9efe93f.exr",
    "center_offset": [
        0.0,
        0.0,
        3.725290298461914e-09
    ],
    "lights": [],
    "frames": [
        {
            "file_path": "/data/shapenet_blender/all_50_random/02958343/d224a01422266fc51b3c1c9f0ad4025/r_0",
            "rotation": 0.12566370614359174,
            "transform_matrix": [
                [
                    -0.8826267719268799,
                    -0.2752182185649872,
                    -0.38108378648757935,
                    -1.5361977815628052
                ],
                [
                    -0.4700744152069092,
                    0.5167585611343384,
                    0.7155351638793945,
                    2.8844144344329834
                ],
                [
                    0.0,
                    0.8106882572174072,
                    -0.5854780673980713,
                    -2.360137462615967
                ],
                [
                    0.0,
                    0.0,
                    0.0,
                    1.0
                ]
            ]
        },
        {
            "file_path": "/data/shapenet_blender/all_50_random/02958343/d224a01422266fc51b3c1c9f0ad4025/r_1",
            "rotation": 0.12566370614359174,
            "transform_matrix": [
                [
                    -0.9757860898971558,
                    -0.1984976828098297,
                    0.091870978474617,
                    0.37034377455711365
                ],
                [
                    0.2187272310256958,
                    -0.8855379819869995,
                    0.40985482931137085,
                    1.6521776914596558
                ],
                [
                    7.450580596923828e-09,
                    0.42002540826797485,
                    0.907512366771698,
                    3.658299446105957
                ],
                [
                    0.0,
                    0.0,
                    0.0,
                    1.0
                ]
            ]
        },
        {
            "file_path": "/data/shapenet_blender/all_50_random/02958343/d224a01422266fc51b3c1c9f0ad4025/r_2",
            "rotation": 0.12566370614359174,
            "transform_matrix": [
                [
                    -0.8803907632827759,
                    0.05725549906492233,
                    0.4707801640033722,
                    1.897775411605835
                ],
                [
                    0.47424906492233276,
                    0.10628848522901535,
                    0.8739511370658875,
                    3.5230095386505127
                ],
                [
                    0.0,
                    0.9926854372024536,
                    -0.12072877585887909,
                    -0.4866732358932495
                ],
                [
                    0.0,
                    0.0,
                    0.0,
                    1.0
                ]
            ]
        },
        {
            "file_path": "/data/shapenet_blender/all_50_random/02958343/d224a01422266fc51b3c1c9f0ad4025/r_3",
            "rotation": 0.12566370614359174,
            "transform_matrix": [
                [
                    -0.7218875885009766,
                    0.14544576406478882,
                    0.6765528321266174,
                    2.7272720336914062
                ],
                [
                    0.6920103430747986,
                    0.15172533690929413,
                    0.7057627439498901,
                    2.8450207710266113
                ],
                [
                    -7.450580596923828e-09,
                    0.977662980556488,
                    -0.21017861366271973,
                    -0.847257137298584
                ],
                [
                    0.0,
                    0.0,
                    0.0,
                    1.0
                ]
            ]
        },
        {
            "file_path": "/data/shapenet_blender/all_50_random/02958343/d224a01422266fc51b3c1c9f0ad4025/r_4",
            "rotation": 0.12566370614359174,
            "transform_matrix": [
                [
                    -0.7554911375045776,
                    0.005478705279529095,
                    -0.6551358103752136,
                    -2.640937089920044
                ],
                [
                    -0.6551588177680969,
                    -0.006317725870758295,
                    0.7554647326469421,
                    3.0453760623931885
                ],
                [
                    0.0,
                    0.9999650716781616,
                    0.008362406864762306,
                    0.033709943294525146
                ],
                [
                    0.0,
                    0.0,
                    0.0,
                    1.0
                ]
            ]
        },
        {
            "file_path": "/data/shapenet_blender/all_50_random/02958343/d224a01422266fc51b3c1c9f0ad4025/r_5",
            "rotation": 0.12566370614359174,
            "transform_matrix": [
                [
                    -0.9061657786369324,
                    -0.32117950916290283,
                    0.27514949440956116,
                    1.1091630458831787
                ],
                [
                    0.4229225218296051,
                    -0.6881682276725769,
                    0.5895430445671082,
                    2.376523971557617
                ],
                [
                    0.0,
                    0.6505905985832214,
                    0.7594286203384399,
                    3.061354637145996
                ],
                [
                    0.0,
                    0.0,
                    0.0,
                    1.0
                ]
            ]
        },
        {
            "file_path": "/data/shapenet_blender/all_50_random/02958343/d224a01422266fc51b3c1c9f0ad4025/r_6",
            "rotation": 0.12566370614359174,
            "transform_matrix": [
                [
                    0.7203742265701294,
                    -0.5975345969200134,
                    -0.35215526819229126,
                    -1.4195833206176758
                ],
                [
                    -0.6935855150222778,
                    -0.6206134557723999,
                    -0.36575672030448914,
                    -1.474412441253662
                ],
                [
                    0.0,
                    0.507731556892395,
                    -0.8615152835845947,
                    -3.47287917137146
                ],
                [
                    0.0,
                    0.0,
                    0.0,
                    1.0
                ]
            ]
        },
        {
            "file_path": "/data/shapenet_blender/all_50_random/02958343/d224a01422266fc51b3c1c9f0ad4025/r_7",
            "rotation": 0.12566370614359174,
            "transform_matrix": [
                [
                    -0.8178414106369019,
                    0.022129157558083534,
                    0.575018048286438,
                    2.31797194480896
                ],
                [
                    0.5754437446594238,
                    0.03145075589418411,
                    0.8172364234924316,
                    3.2943854331970215
                ],
                [
                    1.862645149230957e-09,
                    0.9992603659629822,
                    -0.03845581039786339,
                    -0.1550203263759613
                ],
                [
                    0.0,
                    0.0,
                    0.0,
                    1.0
                ]
            ]
        },
        {
            "file_path": "/data/shapenet_blender/all_50_random/02958343/d224a01422266fc51b3c1c9f0ad4025/r_8",
            "rotation": 0.12566370614359174,
            "transform_matrix": [
                [
                    -0.9584993720054626,
                    -0.07770925760269165,
                    0.27429962158203125,
                    1.1057370901107788
                ],
                [
                    0.2850947678089142,
                    -0.2612614929676056,
                    0.9222057461738586,
                    3.7175302505493164
                ],
                [
                    7.450580596923828e-09,
                    0.9621349573135376,
                    0.2725735008716583,
                    1.0987789630889893
                ],
                [
                    0.0,
                    0.0,
                    0.0,
                    1.0
                ]
            ]
        },
        {
            "file_path": "/data/shapenet_blender/all_50_random/02958343/d224a01422266fc51b3c1c9f0ad4025/r_9",
            "rotation": 0.12566370614359174,
            "transform_matrix": [
                [
                    -0.14329193532466888,
                    -0.5528783202171326,
                    -0.8208488821983337,
                    -3.308947801589966
                ],
                [
                    -0.9896805286407471,
                    0.080049067735672,
                    0.11884745210409164,
                    0.4790894091129303
                ],
                [
                    0.0,
                    0.8294079303741455,
                    -0.5586433410644531,
                    -2.2519633769989014
                ],
                [
                    0.0,
                    0.0,
                    0.0,
                    1.0
                ]
            ]
        },
        {
            "file_path": "/data/shapenet_blender/all_50_random/02958343/d224a01422266fc51b3c1c9f0ad4025/r_10",
            "rotation": 0.12566370614359174,
            "transform_matrix": [
                [
                    -0.09539452195167542,
                    -0.21205823123455048,
                    0.9725900292396545,
                    3.920635223388672
                ],
                [
                    0.9954395294189453,
                    -0.02032187022268772,
                    0.09320481866598129,
                    0.3757205903530121
                ],
                [
                    0.0,
                    0.9770456552505493,
                    0.21302978694438934,
                    0.8587504625320435
                ],
                [
                    0.0,
                    0.0,
                    0.0,
                    1.0
                ]
            ]
        },
        {
            "file_path": "/data/shapenet_blender/all_50_random/02958343/d224a01422266fc51b3c1c9f0ad4025/r_11",
            "rotation": 0.12566370614359174,
            "transform_matrix": [
                [
                    -0.9922174215316772,
                    0.11540590971708298,
                    0.04675527662038803,
                    0.1884765475988388
                ],
                [
                    0.12451738864183426,
                    0.9196125268936157,
                    0.37256962060928345,
                    1.5018762350082397
                ],
                [
                    -3.725290298461914e-09,
                    0.3754918873310089,
                    -0.9268256425857544,
                    -3.7361536026000977
                ],
                [
                    0.0,
                    0.0,
                    0.0,
                    1.0
                ]
            ]
        },
        {
            "file_path": "/data/shapenet_blender/all_50_random/02958343/d224a01422266fc51b3c1c9f0ad4025/r_12",
            "rotation": 0.12566370614359174,
            "transform_matrix": [
                [
                    0.5517284274101257,
                    -0.7566472291946411,
                    0.3508285880088806,
                    1.414235234260559
                ],
                [
                    0.8340237736701965,
                    0.5005418062210083,
                    -0.23208224773406982,
                    -0.9355534911155701
                ],
                [
                    1.4901159417490817e-08,
                    0.4206458628177643,
                    0.9072250127792358,
                    3.6571409702301025
                ],
                [
                    0.0,
                    0.0,
                    0.0,
                    1.0
                ]
            ]
        },
        {
            "file_path": "/data/shapenet_blender/all_50_random/02958343/d224a01422266fc51b3c1c9f0ad4025/r_13",
            "rotation": 0.12566370614359174,
            "transform_matrix": [
                [
                    -0.7690019011497498,
                    -0.0009383501601405442,
                    0.639245867729187,
                    2.5768821239471436
                ],
                [
                    0.6392464637756348,
                    -0.001128818024881184,
                    0.7690011262893677,
                    3.099942207336426
                ],
                [
                    -5.8207657444020455e-11,
                    0.9999988675117493,
                    0.0014679005835205317,
                    0.005917295813560486
                ],
                [
                    0.0,
                    0.0,
                    0.0,
                    1.0
                ]
            ]
        },
        {
            "file_path": "/data/shapenet_blender/all_50_random/02958343/d224a01422266fc51b3c1c9f0ad4025/r_14",
            "rotation": 0.12566370614359174,
            "transform_matrix": [
                [
                    0.3977055847644806,
                    0.1161789819598198,
                    -0.9101278185844421,
                    -3.6688427925109863
                ],
                [
                    -0.9175131320953369,
                    0.050358980894088745,
                    -0.3945043385028839,
                    -1.5902979373931885
                ],
                [
                    -3.725290298461914e-09,
                    0.9919506907463074,
                    0.12662377953529358,
                    0.5104368329048157
                ],
                [
                    0.0,
                    0.0,
                    0.0,
                    1.0
                ]
            ]
        },
        {
            "file_path": "/data/shapenet_blender/all_50_random/02958343/d224a01422266fc51b3c1c9f0ad4025/r_15",
            "rotation": 0.12566370614359174,
            "transform_matrix": [
                [
                    -0.9987331628799438,
                    0.013783441856503487,
                    0.04839435964822769,
                    0.19508391618728638
                ],
                [
                    0.05031896010041237,
                    0.2735744118690491,
                    0.9605336785316467,
                    3.872035264968872
                ],
                [
                    9.313225191043273e-10,
                    0.9617520570755005,
                    -0.273921400308609,
                    -1.1042126417160034
                ],
                [
                    0.0,
                    0.0,
                    0.0,
                    1.0
                ]
            ]
        },
        {
            "file_path": "/data/shapenet_blender/all_50_random/02958343/d224a01422266fc51b3c1c9f0ad4025/r_16",
            "rotation": 0.12566370614359174,
            "transform_matrix": [
                [
                    0.8653131723403931,
                    -0.00014192187518347055,
                    0.5012314915657043,
                    2.02052903175354
                ],
                [
                    0.5012316107749939,
                    0.0002450102474540472,
                    -0.8653130531311035,
                    -3.4881887435913086
                ],
                [
                    -1.4551915228366852e-11,
                    1.0,
                    0.000283146247966215,
                    0.0011413991451263428
                ],
                [
                    0.0,
                    0.0,
                    0.0,
                    1.0
                ]
            ]
        },
        {
            "file_path": "/data/shapenet_blender/all_50_random/02958343/d224a01422266fc51b3c1c9f0ad4025/r_17",
            "rotation": 0.12566370614359174,
            "transform_matrix": [
                [
                    0.21301336586475372,
                    0.299206018447876,
                    -0.9301080703735352,
                    -3.7493855953216553
                ],
                [
                    -0.9770492911338806,
                    0.06523200869560242,
                    -0.2027793973684311,
                    -0.8174299001693726
                ],
                [
                    0.0,
                    0.9519560933113098,
                    0.30623432993888855,
                    1.2344701290130615
                ],
                [
                    0.0,
                    0.0,
                    0.0,
                    1.0
                ]
            ]
        },
        {
            "file_path": "/data/shapenet_blender/all_50_random/02958343/d224a01422266fc51b3c1c9f0ad4025/r_18",
            "rotation": 0.12566370614359174,
            "transform_matrix": [
                [
                    0.026924218982458115,
                    -0.6667657494544983,
                    -0.7447807788848877,
                    -3.002307653427124
                ],
                [
                    -0.9996374845504761,
                    -0.017958655953407288,
                    -0.020059913396835327,
                    -0.08086410164833069
                ],
                [
                    1.862645149230957e-09,
                    0.7450509071350098,
                    -0.6670075058937073,
                    -2.688793420791626
                ],
                [
                    0.0,
                    0.0,
                    0.0,
                    1.0
                ]
            ]
        },
        {
            "file_path": "/data/shapenet_blender/all_50_random/02958343/d224a01422266fc51b3c1c9f0ad4025/r_19",
            "rotation": 0.12566370614359174,
            "transform_matrix": [
                [
                    -0.9895809292793274,
                    0.000798553170170635,
                    -0.14397501945495605,
                    -0.5803818106651306
                ],
                [
                    -0.14397719502449036,
                    -0.005488597322255373,
                    0.9895658493041992,
                    3.9890670776367188
                ],
                [
                    0.0,
                    0.9999845623970032,
                    0.005546386819332838,
                    0.02235819771885872
                ],
                [
                    0.0,
                    0.0,
                    0.0,
                    1.0
                ]
            ]
        },
        {
            "file_path": "/data/shapenet_blender/all_50_random/02958343/d224a01422266fc51b3c1c9f0ad4025/r_20",
            "rotation": 0.12566370614359174,
            "transform_matrix": [
                [
                    0.3696366250514984,
                    0.31070929765701294,
                    0.8756874799728394,
                    3.5300090312957764
                ],
                [
                    0.929176390171051,
                    -0.12360358983278275,
                    -0.348358154296875,
                    -1.4042766094207764
                ],
                [
                    0.0,
                    0.9424340724945068,
                    -0.33439213037490845,
                    -1.3479777574539185
                ],
                [
                    0.0,
                    0.0,
                    0.0,
                    1.0
                ]
            ]
        },
        {
            "file_path": "/data/shapenet_blender/all_50_random/02958343/d224a01422266fc51b3c1c9f0ad4025/r_21",
            "rotation": 0.12566370614359174,
            "transform_matrix": [
                [
                    0.8648396134376526,
                    0.04624452441930771,
                    -0.4999139904975891,
                    -2.0152177810668945
                ],
                [
                    -0.5020483732223511,
                    0.07966183125972748,
                    -0.8611628413200378,
                    -3.4714584350585938
                ],
                [
                    0.0,
                    0.9957486987113953,
                    0.09211169183254242,
                    0.3713141083717346
                ],
                [
                    0.0,
                    0.0,
                    0.0,
                    1.0
                ]
            ]
        },
        {
            "file_path": "/data/shapenet_blender/all_50_random/02958343/d224a01422266fc51b3c1c9f0ad4025/r_22",
            "rotation": 0.12566370614359174,
            "transform_matrix": [
                [
                    -0.9999382495880127,
                    -0.005276084877550602,
                    0.009774412959814072,
                    0.03940191864967346
                ],
                [
                    0.011107484810054302,
                    -0.4749733507633209,
                    0.8799300193786621,
                    3.5471112728118896
                ],
                [
                    4.656612873077393e-10,
                    0.8799843192100525,
                    0.4750026762485504,
                    1.914797067642212
                ],
                [
                    0.0,
                    0.0,
                    0.0,
                    1.0
                ]
            ]
        },
        {
            "file_path": "/data/shapenet_blender/all_50_random/02958343/d224a01422266fc51b3c1c9f0ad4025/r_23",
            "rotation": 0.12566370614359174,
            "transform_matrix": [
                [
                    -0.7362791895866394,
                    0.0829726830124855,
                    0.6715716123580933,
                    2.7071917057037354
                ],
                [
                    0.6766777634620667,
                    0.09028086066246033,
                    0.7307232618331909,
                    2.9456396102905273
                ],
                [
                    7.450580152834618e-09,
                    0.992453932762146,
                    -0.122617706656456,
                    -0.49428778886795044
                ],
                [
                    0.0,
                    0.0,
                    0.0,
                    1.0
                ]
            ]
        },
        {
            "file_path": "/data/shapenet_blender/all_50_random/02958343/d224a01422266fc51b3c1c9f0ad4025/r_24",
            "rotation": 0.12566370614359174,
            "transform_matrix": [
                [
                    0.7077954411506653,
                    -0.016196606680750847,
                    -0.7062317132949829,
                    -2.8469111919403076
                ],
                [
                    -0.7064175009727478,
                    -0.01622820273041725,
                    -0.7076093554496765,
                    -2.852464437484741
                ],
                [
                    -9.31322685637781e-10,
                    0.9997370839118958,
                    -0.022927816957235336,
                    -0.09242498874664307
                ],
                [
                    0.0,
                    0.0,
                    0.0,
                    1.0
                ]
            ]
        },
        {
            "file_path": "/data/shapenet_blender/all_50_random/02958343/d224a01422266fc51b3c1c9f0ad4025/r_25",
            "rotation": 0.12566370614359174,
            "transform_matrix": [
                [
                    -0.994896650314331,
                    -0.08540166914463043,
                    0.053733114153146744,
                    0.21660512685775757
                ],
                [
                    0.10089942067861557,
                    -0.8420844674110413,
                    0.5298236012458801,
                    2.1357874870300293
                ],
                [
                    -3.725290298461914e-09,
                    0.5325413942337036,
                    0.8464038968086243,
                    3.41196346282959
                ],
                [
                    0.0,
                    0.0,
                    0.0,
                    1.0
                ]
            ]
        },
        {
            "file_path": "/data/shapenet_blender/all_50_random/02958343/d224a01422266fc51b3c1c9f0ad4025/r_26",
            "rotation": 0.12566370614359174,
            "transform_matrix": [
                [
                    -0.936455249786377,
                    -0.035661481320858,
                    0.34896939992904663,
                    1.4067405462265015
                ],
                [
                    0.3507867753505707,
                    -0.09520137310028076,
                    0.9316036701202393,
                    3.7554142475128174
                ],
                [
                    0.0,
                    0.9948190450668335,
                    0.10166142135858536,
                    0.40981027483940125
                ],
                [
                    0.0,
                    0.0,
                    0.0,
                    1.0
                ]
            ]
        },
        {
            "file_path": "/data/shapenet_blender/all_50_random/02958343/d224a01422266fc51b3c1c9f0ad4025/r_27",
            "rotation": 0.12566370614359174,
            "transform_matrix": [
                [
                    0.7931375503540039,
                    -0.19285690784454346,
                    0.5777013897895813,
                    2.3287885189056396
                ],
                [
                    0.6090423464775085,
                    0.25115177035331726,
                    -0.7523232102394104,
                    -3.0327115058898926
                ],
                [
                    0.0,
                    0.9485405087471008,
                    0.3166559636592865,
                    1.2764809131622314
                ],
                [
                    0.0,
                    0.0,
                    0.0,
                    1.0
                ]
            ]
        },
        {
            "file_path": "/data/shapenet_blender/all_50_random/02958343/d224a01422266fc51b3c1c9f0ad4025/r_28",
            "rotation": 0.12566370614359174,
            "transform_matrix": [
                [
                    0.32081982493400574,
                    0.27906662225723267,
                    -0.9050947427749634,
                    -3.6485536098480225
                ],
                [
                    -0.9471402168273926,
                    0.09452677518129349,
                    -0.30657798051834106,
                    -1.2358553409576416
                ],
                [
                    7.450580152834618e-09,
                    0.9556079506874084,
                    0.29464128613471985,
                    1.187736988067627
                ],
                [
                    0.0,
                    0.0,
                    0.0,
                    1.0
                ]
            ]
        },
        {
            "file_path": "/data/shapenet_blender/all_50_random/02958343/d224a01422266fc51b3c1c9f0ad4025/r_29",
            "rotation": 0.12566370614359174,
            "transform_matrix": [
                [
                    -0.7312132120132446,
                    -0.5436083674430847,
                    0.41208887100219727,
                    1.6611833572387695
                ],
                [
                    0.6821490526199341,
                    -0.5827078819274902,
                    0.44172871112823486,
                    1.780665397644043
                ],
                [
                    0.0,
                    0.6041037440299988,
                    0.7969056367874146,
                    3.2124292850494385
                ],
                [
                    0.0,
                    0.0,
                    0.0,
                    1.0
                ]
            ]
        },
        {
            "file_path": "/data/shapenet_blender/all_50_random/02958343/d224a01422266fc51b3c1c9f0ad4025/r_30",
            "rotation": 0.12566370614359174,
            "transform_matrix": [
                [
                    -0.5764592885971069,
                    0.5910192728042603,
                    0.5642611980438232,
                    2.2746098041534424
                ],
                [
                    0.8171258568763733,
                    0.41694751381874084,
                    0.39807039499282837,
                    1.6046733856201172
                ],
                [
                    0.0,
                    0.6905438303947449,
                    -0.7232904434204102,
                    -2.915677309036255
                ],
                [
                    0.0,
                    0.0,
                    0.0,
                    1.0
                ]
            ]
        },
        {
            "file_path": "/data/shapenet_blender/all_50_random/02958343/d224a01422266fc51b3c1c9f0ad4025/r_31",
            "rotation": 0.12566370614359174,
            "transform_matrix": [
                [
                    0.5312587022781372,
                    -0.3995547890663147,
                    -0.7470744252204895,
                    -3.0115532875061035
                ],
                [
                    -0.8472096920013428,
                    -0.2505483031272888,
                    -0.46846699714660645,
                    -1.8884508609771729
                ],
                [
                    1.4901161193847656e-08,
                    0.8818058967590332,
                    -0.4716126024723053,
                    -1.9011311531066895
                ],
                [
                    0.0,
                    0.0,
                    0.0,
                    1.0
                ]
            ]
        },
        {
            "file_path": "/data/shapenet_blender/all_50_random/02958343/d224a01422266fc51b3c1c9f0ad4025/r_32",
            "rotation": 0.12566370614359174,
            "transform_matrix": [
                [
                    0.49410998821258545,
                    0.06481456756591797,
                    -0.8669801354408264,
                    -3.494908332824707
                ],
                [
                    -0.8693994879722595,
                    0.036836374551057816,
                    -0.49273496866226196,
                    -1.9862779378890991
                ],
                [
                    0.0,
                    0.9972171783447266,
                    0.07455098628997803,
                    0.30052459239959717
                ],
                [
                    0.0,
                    0.0,
                    0.0,
                    1.0
                ]
            ]
        },
        {
            "file_path": "/data/shapenet_blender/all_50_random/02958343/d224a01422266fc51b3c1c9f0ad4025/r_33",
            "rotation": 0.12566370614359174,
            "transform_matrix": [
                [
                    0.5734471678733826,
                    0.13376213610172272,
                    0.8082486391067505,
                    3.2581546306610107
                ],
                [
                    0.8192424178123474,
                    -0.09362981468439102,
                    -0.5657517910003662,
                    -2.280618667602539
                ],
                [
                    0.0,
                    0.9865805506706238,
                    -0.163275346159935,
                    -0.6581840515136719
                ],
                [
                    0.0,
                    0.0,
                    0.0,
                    1.0
                ]
            ]
        },
        {
            "file_path": "/data/shapenet_blender/all_50_random/02958343/d224a01422266fc51b3c1c9f0ad4025/r_34",
            "rotation": 0.12566370614359174,
            "transform_matrix": [
                [
                    -0.8984061479568481,
                    0.2241600602865219,
                    -0.3776489198207855,
                    -1.5223515033721924
                ],
                [
                    -0.4391656517982483,
                    -0.4585667848587036,
                    0.7725606560707092,
                    3.1142916679382324
                ],
                [
                    0.0,
                    0.8599235415458679,
                    0.5104226469993591,
                    2.057579517364502
                ],
                [
                    0.0,
                    0.0,
                    0.0,
                    1.0
                ]
            ]
        },
        {
            "file_path": "/data/shapenet_blender/all_50_random/02958343/d224a01422266fc51b3c1c9f0ad4025/r_35",
            "rotation": 0.12566370614359174,
            "transform_matrix": [
                [
                    -0.8776837587356567,
                    -0.23904117941856384,
                    -0.41536810994148254,
                    -1.6744023561477661
                ],
                [
                    -0.47924038767814636,
                    0.4377814531326294,
                    0.7607076168060303,
                    3.0665104389190674
                ],
                [
                    0.0,
                    0.8667217493057251,
                    -0.4987918436527252,
                    -2.0106942653656006
                ],
                [
                    0.0,
                    0.0,
                    0.0,
                    1.0
                ]
            ]
        },
        {
            "file_path": "/data/shapenet_blender/all_50_random/02958343/d224a01422266fc51b3c1c9f0ad4025/r_36",
            "rotation": 0.12566370614359174,
            "transform_matrix": [
                [
                    0.5290629863739014,
                    -0.12974189221858978,
                    0.8386055827140808,
                    3.3805272579193115
                ],
                [
                    0.8485825657844543,
                    0.0808897539973259,
                    -0.5228427052497864,
                    -2.1076464653015137
                ],
                [
                    0.0,
                    0.9882428646087646,
                    0.15289247035980225,
                    0.6163292527198792
                ],
                [
                    0.0,
                    0.0,
                    0.0,
                    1.0
                ]
            ]
        },
        {
            "file_path": "/data/shapenet_blender/all_50_random/02958343/d224a01422266fc51b3c1c9f0ad4025/r_37",
            "rotation": 0.12566370614359174,
            "transform_matrix": [
                [
                    0.6274795532226562,
                    0.15102505683898926,
                    -0.763846218585968,
                    -3.079162120819092
                ],
                [
                    -0.7786331176757812,
                    0.12170704454183578,
                    -0.615563154220581,
                    -2.4814140796661377
                ],
                [
                    0.0,
                    0.9810089468955994,
                    0.19396182894706726,
                    0.781885027885437
                ],
                [
                    0.0,
                    0.0,
                    0.0,
                    1.0
                ]
            ]
        },
        {
            "file_path": "/data/shapenet_blender/all_50_random/02958343/d224a01422266fc51b3c1c9f0ad4025/r_38",
            "rotation": 0.12566370614359174,
            "transform_matrix": [
                [
                    -0.10565764456987381,
                    0.03632337227463722,
                    0.9937389492988586,
                    4.005889892578125
                ],
                [
                    0.9944026470184326,
                    0.00385944452136755,
                    0.10558711737394333,
                    0.42563527822494507
                ],
                [
                    0.0,
                    0.9993325471878052,
                    -0.0365278385579586,
                    -0.14724843204021454
                ],
                [
                    0.0,
                    0.0,
                    0.0,
                    1.0
                ]
            ]
        },
        {
            "file_path": "/data/shapenet_blender/all_50_random/02958343/d224a01422266fc51b3c1c9f0ad4025/r_39",
            "rotation": 0.12566370614359174,
            "transform_matrix": [
                [
                    -0.7424266338348389,
                    -0.18379443883895874,
                    0.6442222595214844,
                    2.596942901611328
                ],
                [
                    0.6699274182319641,
                    -0.20368456840515137,
                    0.7139396667480469,
                    2.8779828548431396
                ],
                [
                    -1.4901161193847656e-08,
                    0.9616299271583557,
                    0.27434977889060974,
                    1.1059393882751465
                ],
                [
                    0.0,
                    0.0,
                    0.0,
                    1.0
                ]
            ]
        },
        {
            "file_path": "/data/shapenet_blender/all_50_random/02958343/d224a01422266fc51b3c1c9f0ad4025/r_40",
            "rotation": 0.12566370614359174,
            "transform_matrix": [
                [
                    0.8340840339660645,
                    -0.34937310218811035,
                    0.4268985390663147,
                    1.7208830118179321
                ],
                [
                    0.5516375303268433,
                    0.5282572507858276,
                    -0.6454768776893616,
                    -2.6020004749298096
                ],
                [
                    1.4901161193847656e-08,
                    0.7738751769065857,
                    0.633338212966919,
                    2.553067922592163
                ],
                [
                    0.0,
                    0.0,
                    0.0,
                    1.0
                ]
            ]
        },
        {
            "file_path": "/data/shapenet_blender/all_50_random/02958343/d224a01422266fc51b3c1c9f0ad4025/r_41",
            "rotation": 0.12566370614359174,
            "transform_matrix": [
                [
                    0.619228720664978,
                    0.3777525722980499,
                    -0.6883739829063416,
                    -2.7749245166778564
                ],
                [
                    -0.7852107882499695,
                    0.2979012131690979,
                    -0.542861819267273,
                    -2.1883461475372314
                ],
                [
                    0.0,
                    0.8766741752624512,
