{
    "class": "02958343",
    "model": "4270f4f3372a1b24546b7395fb17f97e",
    "remove_doubles": true,
    "edge_split": true,
    "denoise": true,
    "camera_angle_x": 0.6911112070083618,
    "scale_factor": 2.3469715755282996,
    "hdri_file": "/data/IndoorHDRDataset2018/AG8A7211-a11083ce9b.exr",
    "center_offset": [
        0.0,
        0.0,
        1.862645149230957e-09
    ],
    "lights": [],
    "frames": [
        {
            "file_path": "/data/shapenet_blender/all_50_random/02958343/4270f4f3372a1b24546b7395fb17f97e/r_0",
            "rotation": 0.12566370614359174,
            "transform_matrix": [
                [
                    -0.9965890645980835,
                    0.054879024624824524,
                    -0.06163348630070686,
                    -0.2484525442123413
                ],
                [
                    -0.08252511918544769,
                    -0.6627295017242432,
                    0.7442976832389832,
                    3.0003602504730225
                ],
                [
                    0.0,
                    0.7468453049659729,
                    0.6649977564811707,
                    2.680691957473755
                ],
                [
                    0.0,
                    0.0,
                    0.0,
                    1.0
                ]
            ]
        },
        {
            "file_path": "/data/shapenet_blender/all_50_random/02958343/4270f4f3372a1b24546b7395fb17f97e/r_1",
            "rotation": 0.12566370614359174,
            "transform_matrix": [
                [
                    -0.2545691430568695,
                    0.2564454674720764,
                    -0.9324324727058411,
                    -3.7587554454803467
                ],
                [
                    -0.9670546054840088,
                    -0.06750714778900146,
                    0.24545516073703766,
                    0.9894614219665527
                ],
                [
                    7.450580596923828e-09,
                    0.9641982913017273,
                    0.2651820480823517,
                    1.0689830780029297
                ],
                [
                    0.0,
                    0.0,
                    0.0,
                    1.0
                ]
            ]
        },
        {
            "file_path": "/data/shapenet_blender/all_50_random/02958343/4270f4f3372a1b24546b7395fb17f97e/r_2",
            "rotation": 0.12566370614359174,
            "transform_matrix": [
                [
                    0.7138367891311646,
                    -0.3194165825843811,
                    0.6232255697250366,
                    2.512302875518799
                ],
                [
                    0.7003121972084045,
                    0.3255852162837982,
                    -0.6352614164352417,
                    -2.5608208179473877
                ],
                [
                    0.0,
                    0.8899253606796265,
                    0.4561059772968292,
                    1.8386220932006836
                ],
                [
                    0.0,
                    0.0,
                    0.0,
                    1.0
                ]
            ]
        },
        {
            "file_path": "/data/shapenet_blender/all_50_random/02958343/4270f4f3372a1b24546b7395fb17f97e/r_3",
            "rotation": 0.12566370614359174,
            "transform_matrix": [
                [
                    -0.9380462169647217,
                    -0.2625623047351837,
                    -0.22612036764621735,
                    -0.9115203619003296
                ],
                [
                    -0.34651029109954834,
                    0.7107886075973511,
                    0.6121357679367065,
                    2.4675981998443604
                ],
                [
                    0.0,
                    0.6525646448135376,
                    -0.7577330470085144,
                    -3.0545196533203125
                ],
                [
                    0.0,
                    0.0,
                    0.0,
                    1.0
                ]
            ]
        },
        {
            "file_path": "/data/shapenet_blender/all_50_random/02958343/4270f4f3372a1b24546b7395fb17f97e/r_4",
            "rotation": 0.12566370614359174,
            "transform_matrix": [
                [
                    0.49237555265426636,
                    0.13225136697292328,
                    0.8602766394615173,
                    3.467885971069336
                ],
                [
                    0.8703828454017639,
                    -0.07481459528207779,
                    -0.4866584837436676,
                    -1.9617829322814941
                ],
                [
                    0.0,
                    0.9883887767791748,
                    -0.15194620192050934,
                    -0.6125147342681885
                ],
                [
                    0.0,
                    0.0,
                    0.0,
                    1.0
                ]
            ]
        },
        {
            "file_path": "/data/shapenet_blender/all_50_random/02958343/4270f4f3372a1b24546b7395fb17f97e/r_5",
            "rotation": 0.12566370614359174,
            "transform_matrix": [
                [
                    -0.8921018838882446,
                    0.21801075339317322,
                    -0.39575934410095215,
                    -1.5953569412231445
                ],
                [
                    -0.45183414220809937,
                    -0.4304406940937042,
                    0.7813876867294312,
                    3.149874448776245
                ],
                [
                    0.0,
                    0.8758950233459473,
                    0.48250165581703186,
                    1.9450263977050781
                ],
                [
                    0.0,
                    0.0,
                    0.0,
                    1.0
                ]
            ]
        },
        {
            "file_path": "/data/shapenet_blender/all_50_random/02958343/4270f4f3372a1b24546b7395fb17f97e/r_6",
            "rotation": 0.12566370614359174,
            "transform_matrix": [
                [
                    0.9593725800514221,
                    -0.05921248346567154,
                    -0.27585890889167786,
                    -1.112022876739502
                ],
                [
                    -0.2821422517299652,
                    -0.20134109258651733,
                    -0.9380071759223938,
                    -3.7812278270721436
                ],
                [
                    0.0,
                    0.9777297973632812,
                    -0.2098674774169922,
                    -0.8460028767585754
                ],
                [
                    0.0,
                    0.0,
                    0.0,
                    1.0
                ]
            ]
        },
        {
            "file_path": "/data/shapenet_blender/all_50_random/02958343/4270f4f3372a1b24546b7395fb17f97e/r_7",
            "rotation": 0.12566370614359174,
            "transform_matrix": [
                [
                    -0.9999573230743408,
                    0.006981316953897476,
                    -0.0060427505522966385,
                    -0.02435910701751709
                ],
                [
                    -0.009233287535607815,
                    -0.7560706734657288,
                    0.654424786567688,
                    2.638070583343506
                ],
                [
                    4.6566125955216364e-10,
                    0.6544526219367981,
                    0.756102979183197,
                    3.0479485988616943
                ],
                [
                    0.0,
                    0.0,
                    0.0,
                    1.0
                ]
            ]
        },
        {
            "file_path": "/data/shapenet_blender/all_50_random/02958343/4270f4f3372a1b24546b7395fb17f97e/r_8",
            "rotation": 0.12566370614359174,
            "transform_matrix": [
                [
                    -0.8727388381958008,
                    0.12891894578933716,
                    0.4708575904369354,
                    1.8980876207351685
                ],
                [
                    0.48818743228912354,
                    0.23047003149986267,
                    0.8417580723762512,
                    3.393235206604004
                ],
                [
                    7.450580596923828e-09,
                    0.9645015597343445,
                    -0.26407676935195923,
                    -1.0645275115966797
                ],
                [
                    0.0,
                    0.0,
                    0.0,
                    1.0
                ]
            ]
        },
        {
            "file_path": "/data/shapenet_blender/all_50_random/02958343/4270f4f3372a1b24546b7395fb17f97e/r_9",
            "rotation": 0.12566370614359174,
            "transform_matrix": [
                [
                    0.6059572100639343,
                    -0.5649818778038025,
                    -0.5600100755691528,
                    -2.2574727535247803
                ],
                [
                    -0.7954972386360168,
                    -0.43036583065986633,
                    -0.42657867074012756,
                    -1.7195936441421509
                ],
                [
                    2.9802322387695312e-08,
                    0.7039748430252075,
                    -0.7102248072624207,
                    -2.8630077838897705
                ],
                [
                    0.0,
                    0.0,
                    0.0,
                    1.0
                ]
            ]
        },
        {
            "file_path": "/data/shapenet_blender/all_50_random/02958343/4270f4f3372a1b24546b7395fb17f97e/r_10",
            "rotation": 0.12566370614359174,
            "transform_matrix": [
                [
                    0.4297538995742798,
                    -0.48002609610557556,
                    -0.764778733253479,
                    -3.0829217433929443
                ],
                [
                    -0.9029461145401001,
                    -0.22846664488315582,
                    -0.3639936149120331,
                    -1.4673051834106445
                ],
                [
                    0.0,
                    0.8469815850257874,
                    -0.5316221117973328,
                    -2.1430373191833496
                ],
                [
                    0.0,
                    0.0,
                    0.0,
                    1.0
                ]
            ]
        },
        {
            "file_path": "/data/shapenet_blender/all_50_random/02958343/4270f4f3372a1b24546b7395fb17f97e/r_11",
            "rotation": 0.12566370614359174,
            "transform_matrix": [
                [
                    0.9258447289466858,
                    -0.2226887047290802,
                    0.30532148480415344,
                    1.230790376663208
                ],
                [
                    0.37790408730506897,
                    0.5455753803253174,
                    -0.7480213046073914,
                    -3.0153706073760986
                ],
                [
                    0.0,
                    0.8079339265823364,
                    0.5892730355262756,
                    2.3754358291625977
                ],
                [
                    0.0,
                    0.0,
                    0.0,
                    1.0
                ]
            ]
        },
        {
            "file_path": "/data/shapenet_blender/all_50_random/02958343/4270f4f3372a1b24546b7395fb17f97e/r_12",
            "rotation": 0.12566370614359174,
            "transform_matrix": [
                [
                    0.9988579154014587,
                    -0.014031494967639446,
                    -0.045672446489334106,
                    -0.18411153554916382
                ],
                [
                    -0.04777923971414566,
                    -0.2933380603790283,
                    -0.9548139572143555,
                    -3.8489785194396973
                ],
                [
                    0.0,
                    0.9559057950973511,
                    -0.29367342591285706,
                    -1.183835506439209
                ],
                [
                    0.0,
                    0.0,
                    0.0,
                    1.0
                ]
            ]
        },
        {
            "file_path": "/data/shapenet_blender/all_50_random/02958343/4270f4f3372a1b24546b7395fb17f97e/r_13",
            "rotation": 0.12566370614359174,
            "transform_matrix": [
                [
                    0.07539824396371841,
                    -0.535027801990509,
                    0.8414631485939026,
                    3.3920466899871826
                ],
                [
                    0.9971535801887512,
                    0.04045531153678894,
                    -0.06362594664096832,
                    -0.25648441910743713
                ],
                [
                    -3.725290742551124e-09,
                    0.8438652753829956,
                    0.5365549921989441,
                    2.1629226207733154
                ],
                [
                    0.0,
                    0.0,
                    0.0,
                    1.0
                ]
            ]
        },
        {
            "file_path": "/data/shapenet_blender/all_50_random/02958343/4270f4f3372a1b24546b7395fb17f97e/r_14",
            "rotation": 0.12566370614359174,
            "transform_matrix": [
                [
                    -0.9851467609405518,
                    0.03791337460279465,
                    0.16747678816318512,
                    0.6751205921173096
                ],
                [
                    0.17171461880207062,
                    0.21751345694065094,
                    0.9608339071273804,
                    3.8732457160949707
                ],
                [
                    0.0,
                    0.9753207564353943,
                    -0.22079290449619293,
                    -0.8900447487831116
                ],
                [
                    0.0,
                    0.0,
                    0.0,
                    1.0
                ]
            ]
        },
        {
            "file_path": "/data/shapenet_blender/all_50_random/02958343/4270f4f3372a1b24546b7395fb17f97e/r_15",
            "rotation": 0.12566370614359174,
            "transform_matrix": [
                [
                    0.0424724705517292,
                    0.7954668998718262,
                    0.6045069098472595,
                    2.436845064163208
                ],
                [
                    0.9990976452827454,
                    -0.033815957605838776,
                    -0.025698091834783554,
                    -0.10359230637550354
                ],
                [
                    -1.862645149230957e-09,
                    0.6050527691841125,
                    -0.796185314655304,
                    -3.2095253467559814
                ],
                [
                    0.0,
                    0.0,
                    0.0,
                    1.0
                ]
            ]
        },
        {
            "file_path": "/data/shapenet_blender/all_50_random/02958343/4270f4f3372a1b24546b7395fb17f97e/r_16",
            "rotation": 0.12566370614359174,
            "transform_matrix": [
                [
                    0.9163346886634827,
                    0.1412152498960495,
                    -0.37468528747558594,
                    -1.5104048252105713
                ],
                [
                    -0.4004133641719818,
                    0.3231671452522278,
                    -0.8574567437171936,
                    -3.4565188884735107
                ],
                [
                    7.450581485102248e-09,
                    0.9357463121414185,
                    0.3526737093925476,
                    1.42167329788208
                ],
                [
                    0.0,
                    0.0,
                    0.0,
                    1.0
                ]
            ]
        },
        {
            "file_path": "/data/shapenet_blender/all_50_random/02958343/4270f4f3372a1b24546b7395fb17f97e/r_17",
            "rotation": 0.12566370614359174,
            "transform_matrix": [
                [
                    -0.9413607716560364,
                    -0.04613827168941498,
                    -0.3342323899269104,
                    -1.3473336696624756
                ],
                [
                    -0.3374018967151642,
                    0.12872707843780518,
                    0.9325177669525146,
                    3.759099006652832
                ],
                [
                    0.0,
                    0.9906062483787537,
                    -0.13674575090408325,
                    -0.5512396693229675
                ],
                [
                    0.0,
                    0.0,
                    0.0,
                    1.0
                ]
            ]
        },
        {
            "file_path": "/data/shapenet_blender/all_50_random/02958343/4270f4f3372a1b24546b7395fb17f97e/r_18",
            "rotation": 0.12566370614359174,
            "transform_matrix": [
                [
                    0.7929036021232605,
                    0.4282436668872833,
                    0.4334874451160431,
                    1.7474439144134521
                ],
                [
                    0.6093472838401794,
                    -0.5572453141212463,
                    -0.5640686750411987,
                    -2.273833751678467
                ],
                [
                    1.4901162970204496e-08,
                    0.7113963961601257,
                    -0.7027908563613892,
                    -2.833040714263916
                ],
                [
                    0.0,
                    0.0,
                    0.0,
                    1.0
                ]
            ]
        },
        {
            "file_path": "/data/shapenet_blender/all_50_random/02958343/4270f4f3372a1b24546b7395fb17f97e/r_19",
            "rotation": 0.12566370614359174,
            "transform_matrix": [
                [
                    0.9997431039810181,
                    0.004427745006978512,
                    0.022228848189115524,
                    0.0896073579788208
                ],
                [
                    0.022665539756417274,
                    -0.19530120491981506,
                    -0.9804812669754028,
                    -3.952446699142456
                ],
                [
                    0.0,
                    0.9807332754135132,
                    -0.19535137712955475,
                    -0.7874866724014282
                ],
                [
                    0.0,
                    0.0,
                    0.0,
                    1.0
                ]
            ]
        },
        {
            "file_path": "/data/shapenet_blender/all_50_random/02958343/4270f4f3372a1b24546b7395fb17f97e/r_20",
            "rotation": 0.12566370614359174,
            "transform_matrix": [
                [
                    0.7125757336616516,
                    0.07663324475288391,
                    0.6973974108695984,
                    2.8112988471984863
                ],
                [
                    0.7015951871871948,
                    -0.07783263176679611,
                    -0.7083123326301575,
                    -2.8552982807159424
                ],
                [
                    3.7252898543727042e-09,
                    0.9940168261528015,
                    -0.10922716557979584,
                    -0.4403087794780731
                ],
                [
                    0.0,
                    0.0,
                    0.0,
                    1.0
                ]
            ]
        },
        {
            "file_path": "/data/shapenet_blender/all_50_random/02958343/4270f4f3372a1b24546b7395fb17f97e/r_21",
            "rotation": 0.12566370614359174,
            "transform_matrix": [
                [
                    -0.583918035030365,
                    0.012570926919579506,
                    0.811715304851532,
                    3.2721290588378906
                ],
                [
                    0.811812698841095,
                    0.009041975252330303,
                    0.5838479995727539,
                    2.3535666465759277
                ],
                [
                    9.313225746154785e-10,
                    0.9998801350593567,
                    -0.015485009178519249,
                    -0.06242206692695618
                ],
                [
                    0.0,
                    0.0,
                    0.0,
                    1.0
                ]
            ]
        },
        {
            "file_path": "/data/shapenet_blender/all_50_random/02958343/4270f4f3372a1b24546b7395fb17f97e/r_22",
            "rotation": 0.12566370614359174,
            "transform_matrix": [
                [
                    0.9971292614936829,
                    -0.01334625855088234,
                    -0.07453283667564392,
                    -0.30045148730278015
                ],
                [
                    -0.07571833580732346,
                    -0.17575590312480927,
                    -0.981517493724823,
                    -3.9566235542297363
                ],
                [
                    9.313225746154785e-10,
                    0.9843432903289795,
                    -0.17626191675662994,
                    -0.7105345129966736
                ],
                [
                    0.0,
                    0.0,
                    0.0,
                    1.0
                ]
            ]
        },
        {
            "file_path": "/data/shapenet_blender/all_50_random/02958343/4270f4f3372a1b24546b7395fb17f97e/r_23",
            "rotation": 0.12566370614359174,
            "transform_matrix": [
                [
                    -0.7850711941719055,
                    -0.12634114921092987,
                    0.6063835620880127,
                    2.4444103240966797
                ],
                [
                    0.6194053888320923,
                    -0.1601322740316391,
                    0.7685665488243103,
                    3.0981907844543457
                ],
                [
                    -7.450580152834618e-09,
                    0.9789766669273376,
                    0.20397165417671204,
                    0.8222360610961914
                ],
                [
                    0.0,
                    0.0,
                    0.0,
                    1.0
                ]
            ]
        },
        {
            "file_path": "/data/shapenet_blender/all_50_random/02958343/4270f4f3372a1b24546b7395fb17f97e/r_24",
            "rotation": 0.12566370614359174,
            "transform_matrix": [
                [
                    -0.3548069894313812,
                    0.39717960357666016,
                    -0.8463806509971619,
                    -3.411869764328003
                ],
                [
                    -0.9349396228790283,
                    -0.15072856843471527,
                    0.32119911909103394,
                    1.2947951555252075
                ],
                [
                    0.0,
                    0.9052784442901611,
                    0.4248184859752655,
                    1.7124981880187988
                ],
                [
                    0.0,
                    0.0,
                    0.0,
                    1.0
                ]
            ]
        },
        {
            "file_path": "/data/shapenet_blender/all_50_random/02958343/4270f4f3372a1b24546b7395fb17f97e/r_25",
            "rotation": 0.12566370614359174,
            "transform_matrix": [
                [
                    -0.9864528179168701,
                    0.06924164295196533,
                    -0.14871607720851898,
                    -0.5994937419891357
                ],
                [
                    -0.16404536366462708,
                    -0.4163702726364136,
                    0.8942732810974121,
                    3.604931354522705
                ],
                [
                    3.7252898543727042e-09,
                    0.9065546989440918,
                    0.4220883846282959,
                    1.7014929056167603
                ],
                [
                    0.0,
                    0.0,
                    0.0,
                    1.0
                ]
            ]
        },
        {
            "file_path": "/data/shapenet_blender/all_50_random/02958343/4270f4f3372a1b24546b7395fb17f97e/r_26",
            "rotation": 0.12566370614359174,
            "transform_matrix": [
                [
                    0.341823935508728,
                    -0.763643205165863,
                    -0.5477272868156433,
                    -2.2079594135284424
                ],
                [
                    -0.9397639632225037,
                    -0.27776286005973816,
                    -0.19922694563865662,
                    -0.8031095266342163
                ],
                [
                    1.4901161193847656e-08,
                    0.5828348994255066,
                    -0.8125905394554138,
                    -3.2756571769714355
                ],
                [
                    0.0,
                    0.0,
                    0.0,
                    1.0
                ]
            ]
        },
        {
            "file_path": "/data/shapenet_blender/all_50_random/02958343/4270f4f3372a1b24546b7395fb17f97e/r_27",
            "rotation": 0.12566370614359174,
            "transform_matrix": [
                [
                    0.8519583940505981,
                    -0.012771233916282654,
                    -0.5234537124633789,
                    -2.110109567642212
                ],
                [
                    -0.5236095786094666,
                    -0.020779909566044807,
                    -0.8517048358917236,
                    -3.4333322048187256
                ],
                [
                    0.0,
                    0.9997023940086365,
                    -0.02439075894653797,
                    -0.0983223021030426
                ],
                [
                    0.0,
                    0.0,
                    0.0,
                    1.0
                ]
            ]
        },
        {
            "file_path": "/data/shapenet_blender/all_50_random/02958343/4270f4f3372a1b24546b7395fb17f97e/r_28",
            "rotation": 0.12566370614359174,
            "transform_matrix": [
                [
                    0.49826809763908386,
                    0.3028815686702728,
                    0.8123986721038818,
                    3.27488374710083
                ],
                [
                    0.8670229911804199,
                    -0.17406253516674042,
                    -0.4668761193752289,
                    -1.882037878036499
                ],
                [
                    0.0,
                    0.9369978904724121,
                    -0.34933507442474365,
                    -1.4082146883010864
                ],
                [
                    0.0,
                    0.0,
                    0.0,
                    1.0
                ]
            ]
        },
        {
            "file_path": "/data/shapenet_blender/all_50_random/02958343/4270f4f3372a1b24546b7395fb17f97e/r_29",
            "rotation": 0.12566370614359174,
            "transform_matrix": [
                [
                    0.4655151665210724,
                    -0.01451331190764904,
                    -0.8849208950996399,
                    -3.567230224609375
                ],
                [
                    -0.8850399851799011,
                    -0.007633741945028305,
                    -0.46545255184173584,
                    -1.876299262046814
                ],
                [
                    4.656612873077393e-10,
                    0.9998655319213867,
                    -0.016398482024669647,
                    -0.06610439717769623
                ],
                [
                    0.0,
                    0.0,
                    0.0,
                    1.0
                ]
            ]
        },
        {
            "file_path": "/data/shapenet_blender/all_50_random/02958343/4270f4f3372a1b24546b7395fb17f97e/r_30",
            "rotation": 0.12566370614359174,
            "transform_matrix": [
                [
                    -1.0,
                    -8.22905440145405e-06,
                    -0.00017746270168572664,
                    -0.0007153749465942383
                ],
                [
                    -0.00017765337543096393,
                    0.0463208444416523,
                    0.9989266395568848,
                    4.026801586151123
                ],
                [
                    9.094947017729282e-13,
                    0.9989265203475952,
                    -0.046320848166942596,
                    -0.18672528862953186
                ],
                [
                    0.0,
                    0.0,
                    0.0,
                    1.0
                ]
            ]
        },
        {
            "file_path": "/data/shapenet_blender/all_50_random/02958343/4270f4f3372a1b24546b7395fb17f97e/r_31",
            "rotation": 0.12566370614359174,
            "transform_matrix": [
                [
                    -0.41270244121551514,
                    0.697668731212616,
                    0.5856063365936279,
                    2.360654830932617
                ],
                [
                    0.910865843296051,
                    0.3161053955554962,
                    0.2653312385082245,
                    1.069584608078003
                ],
                [
                    -1.4901160305669237e-08,
                    0.6429117321968079,
                    -0.7659401893615723,
                    -3.087603807449341
                ],
                [
                    0.0,
                    0.0,
                    0.0,
                    1.0
                ]
            ]
        },
        {
            "file_path": "/data/shapenet_blender/all_50_random/02958343/4270f4f3372a1b24546b7395fb17f97e/r_32",
            "rotation": 0.12566370614359174,
            "transform_matrix": [
                [
                    -0.9955590963363647,
                    -0.03687583655118942,
                    -0.08661632239818573,
                    -0.3491615951061249
                ],
                [
                    -0.09413935244083405,
                    0.389975905418396,
                    0.916000247001648,
                    3.6925153732299805
                ],
                [
                    3.725290742551124e-09,
                    0.9200863838195801,
                    -0.391715407371521,
                    -1.5790554285049438
                ],
                [
                    0.0,
                    0.0,
                    0.0,
                    1.0
                ]
            ]
        },
        {
            "file_path": "/data/shapenet_blender/all_50_random/02958343/4270f4f3372a1b24546b7395fb17f97e/r_33",
            "rotation": 0.12566370614359174,
            "transform_matrix": [
                [
                    -0.7955399751663208,
                    -0.5606380701065063,
                    0.2297850400209427,
                    0.926293134689331
                ],
                [
                    0.6059011816978455,
                    -0.7361101508140564,
                    0.30170464515686035,
                    1.2162103652954102
                ],
                [
                    0.0,
                    0.3792451024055481,
                    0.9252962470054626,
                    3.7299885749816895
                ],
                [
                    0.0,
                    0.0,
                    0.0,
                    1.0
                ]
            ]
        },
        {
            "file_path": "/data/shapenet_blender/all_50_random/02958343/4270f4f3372a1b24546b7395fb17f97e/r_34",
            "rotation": 0.12566370614359174,
            "transform_matrix": [
                [
                    0.18742278218269348,
                    0.6445985436439514,
                    0.7411918044090271,
                    2.987839937210083
                ],
                [
                    0.982279360294342,
                    -0.12299195677042007,
                    -0.1414223313331604,
                    -0.570091724395752
                ],
                [
                    0.0,
                    0.7545632719993591,
                    -0.6562272310256958,
                    -2.645336866378784
                ],
                [
                    0.0,
                    0.0,
                    0.0,
                    1.0
                ]
            ]
        },
        {
            "file_path": "/data/shapenet_blender/all_50_random/02958343/4270f4f3372a1b24546b7395fb17f97e/r_35",
            "rotation": 0.12566370614359174,
            "transform_matrix": [
                [
                    -0.9996562004089355,
                    0.010346518829464912,
                    0.024094972759485245,
                    0.0971299484372139
                ],
                [
                    0.026222478598356247,
                    0.39443111419677734,
                    0.9185512065887451,
                    3.70279860496521
                ],
                [
                    0.0,
                    0.9188671708106995,
                    -0.39456677436828613,
                    -1.5905497074127197
                ],
                [
                    0.0,
                    0.0,
                    0.0,
                    1.0
                ]
            ]
        },
        {
            "file_path": "/data/shapenet_blender/all_50_random/02958343/4270f4f3372a1b24546b7395fb17f97e/r_36",
            "rotation": 0.12566370614359174,
            "transform_matrix": [
                [
                    -0.7959470748901367,
                    -0.2501937448978424,
                    -0.5512452721595764,
                    -2.2221410274505615
                ],
                [
                    -0.6053663492202759,
                    0.32895949482917786,
                    0.724787712097168,
                    2.921712875366211
                ],
                [
                    1.4901162970204496e-08,
                    0.9105979204177856,
                    -0.41329315304756165,
                    -1.666038155555725
                ],
                [
                    0.0,
                    0.0,
                    0.0,
                    1.0
                ]
            ]
        },
        {
            "file_path": "/data/shapenet_blender/all_50_random/02958343/4270f4f3372a1b24546b7395fb17f97e/r_37",
            "rotation": 0.12566370614359174,
            "transform_matrix": [
                [
                    0.8388335108757019,
                    -0.24051044881343842,
                    -0.48837795853614807,
                    -1.9687144756317139
                ],
                [
                    -0.5443879961967468,
                    -0.37059640884399414,
                    -0.7525290846824646,
                    -3.033541679382324
                ],
                [
                    0.0,
                    0.8971137404441833,
                    -0.44179973006248474,
                    -1.7809516191482544
                ],
                [
                    0.0,
                    0.0,
                    0.0,
                    1.0
                ]
            ]
        },
        {
            "file_path": "/data/shapenet_blender/all_50_random/02958343/4270f4f3372a1b24546b7395fb17f97e/r_38",
            "rotation": 0.12566370614359174,
            "transform_matrix": [
                [
                    -0.17626917362213135,
                    0.28425344824790955,
                    0.9424059391021729,
                    3.7989602088928223
                ],
                [
                    0.9843420386314392,
                    0.050902146846055984,
                    0.1687595397233963,
                    0.6802915334701538
                ],
                [
                    -3.725290742551124e-09,
                    0.9573968648910522,
                    -0.28877508640289307,
                    -1.1640896797180176
                ],
                [
                    0.0,
                    0.0,
                    0.0,
                    1.0
                ]
            ]
        },
        {
            "file_path": "/data/shapenet_blender/all_50_random/02958343/4270f4f3372a1b24546b7395fb17f97e/r_39",
            "rotation": 0.12566370614359174,
            "transform_matrix": [
                [
                    -0.9780386090278625,
                    -0.1832873672246933,
                    -0.09922880679368973,
                    -0.4000040888786316
                ],
                [
                    -0.2084241509437561,
                    0.8600832223892212,
                    0.4656350910663605,
                    1.8770350217819214
                ],
                [
                    0.0,
                    0.47609081864356995,
                    -0.8793961405754089,
                    -3.54495906829834
                ],
                [
                    0.0,
                    0.0,
                    0.0,
                    1.0
                ]
            ]
        },
        {
            "file_path": "/data/shapenet_blender/all_50_random/02958343/4270f4f3372a1b24546b7395fb17f97e/r_40",
            "rotation": 0.12566370614359174,
            "transform_matrix": [
                [
                    -0.8854202032089233,
                    -0.027713891118764877,
                    0.4639645516872406,
                    1.8703010082244873
                ],
                [
                    0.4647916257381439,
                    -0.05279449000954628,
                    0.8838446140289307,
                    3.562891960144043
                ],
                [
                    -1.862645371275562e-09,
                    0.9982207417488098,
                    0.05962648242712021,
                    0.2403620481491089
                ],
                [
                    0.0,
                    0.0,
                    0.0,
                    1.0
                ]
            ]
        },
        {
            "file_path": "/data/shapenet_blender/all_50_random/02958343/4270f4f3372a1b24546b7395fb17f97e/r_41",
            "rotation": 0.12566370614359174,
            "transform_matrix": [
                [
                    0.997916042804718,
                    0.04507381469011307,
                    -0.04617469012737274,
                    -0.1861361265182495
                ],
                [
                    -0.06452714651823044,
                    0.6970691680908203,
                    -0.7140942811965942,
                    -2.878606081008911
