{
    "class": "02958343",
    "model": "36d0b6beaffc68ceafe1d4530f4c6e24",
    "remove_doubles": true,
    "edge_split": true,
    "denoise": true,
    "camera_angle_x": 0.6911112070083618,
    "scale_factor": 2.3270399897027345,
    "hdri_file": "/data/IndoorHDRDataset2018/9C4A0288-4c4f5603d4.exr",
    "center_offset": [
        0.0,
        0.0,
        3.725290298461914e-09
    ],
    "lights": [],
    "frames": [
        {
            "file_path": "/data/shapenet_blender/all_50_random/02958343/36d0b6beaffc68ceafe1d4530f4c6e24/r_0",
            "rotation": 0.12566370614359174,
            "transform_matrix": [
                [
                    0.8438739776611328,
                    -0.5238840579986572,
                    0.11585377901792526,
                    0.46702152490615845
                ],
                [
                    0.5365413427352905,
                    0.8239665627479553,
                    -0.18221519887447357,
                    -0.7345329523086548
                ],
                [
                    0.0,
                    0.21592703461647034,
                    0.9764094948768616,
                    3.93603253364563
                ],
                [
                    0.0,
                    0.0,
                    0.0,
                    1.0
                ]
            ]
        },
        {
            "file_path": "/data/shapenet_blender/all_50_random/02958343/36d0b6beaffc68ceafe1d4530f4c6e24/r_1",
            "rotation": 0.12566370614359174,
            "transform_matrix": [
                [
                    -0.9667221307754517,
                    0.18014438450336456,
                    -0.18164925277233124,
                    -0.7322516441345215
                ],
                [
                    -0.25582900643348694,
                    -0.6807264089584351,
                    0.686413049697876,
                    2.767019748687744
                ],
                [
                    1.4901162970204496e-08,
                    0.7100417017936707,
                    0.7041594386100769,
                    2.838557720184326
                ],
                [
                    0.0,
                    0.0,
                    0.0,
                    1.0
                ]
            ]
        },
        {
            "file_path": "/data/shapenet_blender/all_50_random/02958343/36d0b6beaffc68ceafe1d4530f4c6e24/r_2",
            "rotation": 0.12566370614359174,
            "transform_matrix": [
                [
                    0.34403228759765625,
                    -0.39400985836982727,
                    0.8522899150848389,
                    3.43569016456604
                ],
                [
                    0.9389578104019165,
                    0.14436443150043488,
                    -0.31227734684944153,
                    -1.2588300704956055
                ],
                [
                    0.0,
                    0.9076976776123047,
                    0.4196247458457947,
                    1.691561222076416
                ],
                [
                    0.0,
                    0.0,
                    0.0,
                    1.0
                ]
            ]
        },
        {
            "file_path": "/data/shapenet_blender/all_50_random/02958343/36d0b6beaffc68ceafe1d4530f4c6e24/r_3",
            "rotation": 0.12566370614359174,
            "transform_matrix": [
                [
                    -0.9784329533576965,
                    0.09515498578548431,
                    0.18334199488162994,
                    0.7390753030776978
                ],
                [
                    0.20656414330005646,
                    0.4507208466529846,
                    0.8684364557266235,
                    3.500779628753662
                ],
                [
                    0.0,
                    0.8875789046287537,
                    -0.46065571904182434,
                    -1.8569626808166504
                ],
                [
                    0.0,
                    0.0,
                    0.0,
                    1.0
                ]
            ]
        },
        {
            "file_path": "/data/shapenet_blender/all_50_random/02958343/36d0b6beaffc68ceafe1d4530f4c6e24/r_4",
            "rotation": 0.12566370614359174,
            "transform_matrix": [
                [
                    0.08242768049240112,
                    -0.8008067607879639,
                    0.5932235717773438,
                    2.3913607597351074
                ],
                [
                    0.9965971112251282,
                    0.0662340298295021,
                    -0.0490650050342083,
                    -0.1977873593568802
                ],
                [
                    0.0,
                    0.5952490568161011,
                    0.8035411238670349,
                    3.239177942276001
                ],
                [
                    0.0,
                    0.0,
                    0.0,
                    1.0
                ]
            ]
        },
        {
            "file_path": "/data/shapenet_blender/all_50_random/02958343/36d0b6beaffc68ceafe1d4530f4c6e24/r_5",
            "rotation": 0.12566370614359174,
            "transform_matrix": [
                [
                    -0.6645169854164124,
                    0.3640327453613281,
                    -0.6526080965995789,
                    -2.6307475566864014
                ],
                [
                    -0.7472732067108154,
                    -0.32371819019317627,
                    0.5803354978561401,
                    2.339407444000244
                ],
                [
                    1.4901161193847656e-08,
                    0.8733193874359131,
                    0.48714807629585266,
                    1.963756799697876
                ],
                [
                    0.0,
                    0.0,
                    0.0,
                    1.0
                ]
            ]
        },
        {
            "file_path": "/data/shapenet_blender/all_50_random/02958343/36d0b6beaffc68ceafe1d4530f4c6e24/r_6",
            "rotation": 0.12566370614359174,
            "transform_matrix": [
                [
                    -0.7531547546386719,
                    -0.38933229446411133,
                    -0.5302624106407166,
                    -2.137556314468384
                ],
                [
                    -0.6578433513641357,
                    0.4457405209541321,
                    0.6070892214775085,
                    2.4472551345825195
                ],
                [
                    1.4901161193847656e-08,
                    0.8060618042945862,
                    -0.5918313264846802,
                    -2.3857486248016357
                ],
                [
                    0.0,
                    0.0,
                    0.0,
                    1.0
                ]
            ]
        },
        {
            "file_path": "/data/shapenet_blender/all_50_random/02958343/36d0b6beaffc68ceafe1d4530f4c6e24/r_7",
            "rotation": 0.12566370614359174,
            "transform_matrix": [
                [
                    0.9424717426300049,
                    -0.27973484992980957,
                    0.18301790952682495,
                    0.7377687692642212
                ],
                [
                    0.33428600430488586,
                    0.7886725068092346,
                    -0.5159928798675537,
                    -2.080033779144287
                ],
                [
                    -1.4901161193847656e-08,
                    0.5474889874458313,
                    0.8368128538131714,
                    3.373300552368164
                ],
                [
                    0.0,
                    0.0,
                    0.0,
                    1.0
                ]
            ]
        },
        {
            "file_path": "/data/shapenet_blender/all_50_random/02958343/36d0b6beaffc68ceafe1d4530f4c6e24/r_8",
            "rotation": 0.12566370614359174,
            "transform_matrix": [
                [
                    -0.927619218826294,
                    -0.05844797194004059,
                    0.36892610788345337,
                    1.4871885776519775
                ],
                [
                    0.37352728843688965,
                    -0.14514993131160736,
                    0.9161926507949829,
                    3.6932902336120605
                ],
                [
                    -3.725290298461914e-09,
                    0.9876817464828491,
                    0.15647579729557037,
                    0.6307740211486816
                ],
                [
                    0.0,
                    0.0,
                    0.0,
                    1.0
                ]
            ]
        },
        {
            "file_path": "/data/shapenet_blender/all_50_random/02958343/36d0b6beaffc68ceafe1d4530f4c6e24/r_9",
            "rotation": 0.12566370614359174,
            "transform_matrix": [
                [
                    0.8242297172546387,
                    -0.17392610013484955,
                    -0.5388832092285156,
                    -2.1723077297210693
                ],
                [
                    -0.5662556290626526,
                    -0.2531631290912628,
                    -0.7843869924545288,
                    -3.1619651317596436
                ],
                [
                    0.0,
                    0.951660692691803,
                    -0.307151198387146,
                    -1.238166093826294
                ],
                [
                    0.0,
                    0.0,
                    0.0,
                    1.0
                ]
            ]
        },
        {
            "file_path": "/data/shapenet_blender/all_50_random/02958343/36d0b6beaffc68ceafe1d4530f4c6e24/r_10",
            "rotation": 0.12566370614359174,
            "transform_matrix": [
                [
                    0.4367305636405945,
                    0.20922577381134033,
                    -0.8749233484268188,
                    -3.5269291400909424
                ],
                [
                    -0.899592399597168,
                    0.10157410800457001,
                    -0.4247543215751648,
                    -1.7122395038604736
                ],
                [
                    7.450580596923828e-09,
                    0.9725776314735413,
                    0.23257841169834137,
                    0.9375536441802979
                ],
                [
                    0.0,
                    0.0,
                    0.0,
                    1.0
                ]
            ]
        },
        {
            "file_path": "/data/shapenet_blender/all_50_random/02958343/36d0b6beaffc68ceafe1d4530f4c6e24/r_11",
            "rotation": 0.12566370614359174,
            "transform_matrix": [
                [
                    0.9424378275871277,
                    -0.07705023884773254,
                    0.32538309693336487,
                    1.3116612434387207
                ],
                [
                    0.3343813419342041,
                    0.21716241538524628,
                    -0.9170766472816467,
                    -3.6968541145324707
                ],
                [
                    -7.450580152834618e-09,
                    0.9730897545814514,
                    0.23042625188827515,
                    0.9288779497146606
                ],
                [
                    0.0,
                    0.0,
                    0.0,
                    1.0
                ]
            ]
        },
        {
            "file_path": "/data/shapenet_blender/all_50_random/02958343/36d0b6beaffc68ceafe1d4530f4c6e24/r_12",
            "rotation": 0.12566370614359174,
            "transform_matrix": [
                [
                    0.9473329782485962,
                    -0.1398567259311676,
                    0.2880980372428894,
                    1.1613603830337524
                ],
                [
                    0.3202505111694336,
                    0.4137101173400879,
                    -0.8522226810455322,
                    -3.4354195594787598
                ],
                [
                    0.0,
                    0.8996021151542664,
                    0.436710387468338,
                    1.760435938835144
                ],
                [
                    0.0,
                    0.0,
                    0.0,
                    1.0
                ]
            ]
        },
        {
            "file_path": "/data/shapenet_blender/all_50_random/02958343/36d0b6beaffc68ceafe1d4530f4c6e24/r_13",
            "rotation": 0.12566370614359174,
            "transform_matrix": [
                [
                    -0.3062470257282257,
                    0.31020763516426086,
                    0.8999910354614258,
                    3.6279802322387695
                ],
                [
                    0.9519521594047546,
                    0.09979510307312012,
                    0.2895309031009674,
                    1.167136549949646
                ],
                [
                    7.450581485102248e-09,
                    0.9454163312911987,
                    -0.3258647322654724,
                    -1.3136029243469238
                ],
                [
                    0.0,
                    0.0,
                    0.0,
                    1.0
                ]
            ]
        },
        {
            "file_path": "/data/shapenet_blender/all_50_random/02958343/36d0b6beaffc68ceafe1d4530f4c6e24/r_14",
            "rotation": 0.12566370614359174,
            "transform_matrix": [
                [
                    -0.9120559096336365,
                    -0.033164601773023605,
                    -0.40872257947921753,
                    -1.6476134061813354
                ],
                [
                    -0.4100659191608429,
                    0.07376368343830109,
                    0.9090681076049805,
                    3.6645708084106445
                ],
                [
                    1.862645149230957e-09,
                    0.9967240691184998,
                    -0.08087628334760666,
                    -0.3260227143764496
                ],
                [
                    0.0,
                    0.0,
                    0.0,
                    1.0
                ]
            ]
        },
        {
            "file_path": "/data/shapenet_blender/all_50_random/02958343/36d0b6beaffc68ceafe1d4530f4c6e24/r_15",
            "rotation": 0.12566370614359174,
            "transform_matrix": [
                [
                    -0.9304185509681702,
                    0.001875221380032599,
                    -0.3664937913417816,
                    -1.4773838520050049
                ],
                [
                    -0.36649858951568604,
                    -0.004760566167533398,
                    0.9304063320159912,
                    3.7505881786346436
                ],
                [
                    -1.1641531488804091e-10,
                    0.9999869465827942,
                    0.005116584245115519,
                    0.020625611767172813
                ],
                [
                    0.0,
                    0.0,
                    0.0,
                    1.0
                ]
            ]
        },
        {
            "file_path": "/data/shapenet_blender/all_50_random/02958343/36d0b6beaffc68ceafe1d4530f4c6e24/r_16",
            "rotation": 0.12566370614359174,
            "transform_matrix": [
                [
                    -0.8752060532569885,
                    -0.15684153139591217,
                    0.4576190114021301,
                    1.8447210788726807
                ],
                [
                    0.4837504029273987,
                    -0.2837592661380768,
                    0.827928900718689,
                    3.3374879360198975
                ],
                [
                    -1.4901161193847656e-08,
                    0.9459816813468933,
                    0.3242200016975403,
                    1.306972622871399
                ],
                [
                    0.0,
                    0.0,
                    0.0,
                    1.0
                ]
            ]
        },
        {
            "file_path": "/data/shapenet_blender/all_50_random/02958343/36d0b6beaffc68ceafe1d4530f4c6e24/r_17",
            "rotation": 0.12566370614359174,
            "transform_matrix": [
                [
                    0.7542911767959595,
                    -0.41180095076560974,
                    -0.5113362669944763,
                    -2.061262607574463
                ],
                [
                    -0.656540036201477,
                    -0.4731132388114929,
                    -0.5874682068824768,
                    -2.3681602478027344
                ],
                [
                    1.4901161193847656e-08,
                    0.7788349390029907,
                    -0.627228856086731,
                    -2.5284407138824463
                ],
                [
                    0.0,
                    0.0,
                    0.0,
                    1.0
                ]
            ]
        },
        {
            "file_path": "/data/shapenet_blender/all_50_random/02958343/36d0b6beaffc68ceafe1d4530f4c6e24/r_18",
            "rotation": 0.12566370614359174,
            "transform_matrix": [
                [
                    0.07217542827129364,
                    -0.1996823251247406,
                    -0.9771988391876221,
                    -3.9392147064208984
                ],
                [
                    -0.9973919987678528,
                    -0.01444984134286642,
                    -0.07071416079998016,
                    -0.285057932138443
                ],
                [
                    0.0,
                    0.9797541499137878,
                    -0.20020443201065063,
                    -0.8070499300956726
                ],
                [
                    0.0,
                    0.0,
                    0.0,
                    1.0
                ]
            ]
        },
        {
            "file_path": "/data/shapenet_blender/all_50_random/02958343/36d0b6beaffc68ceafe1d4530f4c6e24/r_19",
            "rotation": 0.12566370614359174,
            "transform_matrix": [
                [
                    0.9971044659614563,
                    -0.012865235097706318,
                    0.07494794577360153,
                    0.30212482810020447
                ],
                [
                    0.07604412734508514,
                    0.16869130730628967,
                    -0.9827311038970947,
                    -3.9615159034729004
                ],
                [
                    -9.313225746154785e-10,
                    0.9855850338935852,
                    0.16918116807937622,
                    0.6819911003112793
                ],
                [
                    0.0,
                    0.0,
                    0.0,
                    1.0
                ]
            ]
        },
        {
            "file_path": "/data/shapenet_blender/all_50_random/02958343/36d0b6beaffc68ceafe1d4530f4c6e24/r_20",
            "rotation": 0.12566370614359174,
            "transform_matrix": [
                [
                    0.8028255105018616,
                    0.1823333501815796,
                    0.567649245262146,
                    2.2882676124572754
                ],
                [
                    0.5962139964103699,
                    -0.2455189973115921,
                    -0.7643619179725647,
                    -3.0812416076660156
                ],
                [
                    0.0,
                    0.9520898461341858,
                    -0.3058185577392578,
                    -1.232794165611267
                ],
                [
                    0.0,
                    0.0,
                    0.0,
                    1.0
                ]
            ]
        },
        {
            "file_path": "/data/shapenet_blender/all_50_random/02958343/36d0b6beaffc68ceafe1d4530f4c6e24/r_21",
            "rotation": 0.12566370614359174,
            "transform_matrix": [
                [
                    0.39728036522865295,
                    0.3111707866191864,
                    -0.8633313179016113,
                    -3.4801998138427734
                ],
                [
                    -0.9176972508430481,
                    0.134708970785141,
                    -0.37374481558799744,
                    -1.5066134929656982
                ],
                [
                    7.450580596923828e-09,
                    0.9407581686973572,
                    0.3390778601169586,
                    1.3668665885925293
                ],
                [
                    0.0,
                    0.0,
                    0.0,
                    1.0
                ]
            ]
        },
        {
            "file_path": "/data/shapenet_blender/all_50_random/02958343/36d0b6beaffc68ceafe1d4530f4c6e24/r_22",
            "rotation": 0.12566370614359174,
            "transform_matrix": [
                [
                    -0.5813474655151367,
                    -0.021250508725643158,
                    0.8133779764175415,
                    3.2788310050964355
                ],
                [
                    0.813655436038971,
                    -0.015183242969214916,
                    0.581149160861969,
                    2.342686891555786
                ],
                [
                    0.0,
                    0.9996587634086609,
                    0.026117336004972458,
                    0.10528233647346497
                ],
                [
                    0.0,
                    0.0,
                    0.0,
                    1.0
                ]
            ]
        },
        {
            "file_path": "/data/shapenet_blender/all_50_random/02958343/36d0b6beaffc68ceafe1d4530f4c6e24/r_23",
            "rotation": 0.12566370614359174,
            "transform_matrix": [
                [
                    -0.9925941824913025,
                    0.03954004496335983,
                    -0.11486180871725082,
                    -0.46302273869514465
                ],
                [
                    -0.12147694081068039,
                    -0.32308366894721985,
                    0.93854159116745,
                    3.783381938934326
                ],
                [
                    0.0,
                    0.9455440640449524,
                    0.3254941999912262,
                    1.3121089935302734
                ],
                [
                    0.0,
                    0.0,
                    0.0,
                    1.0
                ]
            ]
        },
        {
            "file_path": "/data/shapenet_blender/all_50_random/02958343/36d0b6beaffc68ceafe1d4530f4c6e24/r_24",
            "rotation": 0.12566370614359174,
            "transform_matrix": [
                [
                    0.8413597345352173,
                    -0.173661470413208,
                    -0.5118159651756287,
                    -2.0631961822509766
                ],
                [
                    -0.540475606918335,
                    -0.2703391909599304,
                    -0.7967451214790344,
                    -3.211782217025757
                ],
                [
                    1.4901161193847656e-08,
                    0.9469732642173767,
                    -0.3213123083114624,
                    -1.2952513694763184
                ],
                [
                    0.0,
                    0.0,
                    0.0,
                    1.0
                ]
            ]
        },
        {
            "file_path": "/data/shapenet_blender/all_50_random/02958343/36d0b6beaffc68ceafe1d4530f4c6e24/r_25",
            "rotation": 0.12566370614359174,
            "transform_matrix": [
                [
                    -0.7837269306182861,
                    -0.43224963545799255,
                    0.4460183382034302,
                    1.797957420349121
                ],
                [
                    0.6211055517196655,
                    -0.545423686504364,
                    0.5627974271774292,
                    2.2687089443206787
                ],
                [
                    -1.4901161193847656e-08,
                    0.7181039452552795,
                    0.695935845375061,
                    2.8054070472717285
                ],
                [
                    0.0,
                    0.0,
                    0.0,
                    1.0
                ]
            ]
        },
        {
            "file_path": "/data/shapenet_blender/all_50_random/02958343/36d0b6beaffc68ceafe1d4530f4c6e24/r_26",
            "rotation": 0.12566370614359174,
            "transform_matrix": [
                [
                    -0.983095645904541,
                    -0.13277146220207214,
                    0.12607485055923462,
                    0.5082239508628845
                ],
                [
                    0.18309323489665985,
                    -0.7128992676734924,
                    0.6769427061080933,
                    2.7288434505462646
                ],
                [
                    0.0,
                    0.6885828971862793,
                    0.725157618522644,
                    2.923203945159912
                ],
                [
                    0.0,
                    0.0,
                    0.0,
                    1.0
                ]
            ]
        },
        {
            "file_path": "/data/shapenet_blender/all_50_random/02958343/36d0b6beaffc68ceafe1d4530f4c6e24/r_27",
            "rotation": 0.12566370614359174,
            "transform_matrix": [
                [
                    0.8552509546279907,
                    0.10602465271949768,
                    0.5072520971298218,
                    2.0447986125946045
                ],
                [
                    0.5182141661643982,
                    -0.17498108744621277,
                    -0.8371593356132507,
                    -3.374697208404541
                ],
                [
                    0.0,
                    0.9788464903831482,
                    -0.20459622144699097,
                    -0.8247537612915039
                ],
                [
                    0.0,
                    0.0,
                    0.0,
                    1.0
                ]
            ]
        },
        {
            "file_path": "/data/shapenet_blender/all_50_random/02958343/36d0b6beaffc68ceafe1d4530f4c6e24/r_28",
            "rotation": 0.12566370614359174,
            "transform_matrix": [
                [
                    0.35770609974861145,
                    -0.019245408475399017,
                    0.9336358308792114,
                    3.763606548309326
                ],
                [
                    0.9338343143463135,
                    0.007371971849352121,
                    -0.35763007402420044,
                    -1.4416530132293701
                ],
                [
                    0.0,
                    0.9997875690460205,
                    0.020609019324183464,
                    0.08307762444019318
                ],
                [
                    0.0,
                    0.0,
                    0.0,
                    1.0
                ]
            ]
        },
        {
            "file_path": "/data/shapenet_blender/all_50_random/02958343/36d0b6beaffc68ceafe1d4530f4c6e24/r_29",
            "rotation": 0.12566370614359174,
            "transform_matrix": [
                [
                    -0.89040207862854,
                    -0.09232094138860703,
                    -0.44571399688720703,
                    -1.7967305183410645
                ],
                [
                    -0.45517483353614807,
                    0.1805960088968277,
                    0.8718950152397156,
                    3.514721155166626
                ],
                [
                    0.0,
                    0.9792149066925049,
                    -0.20282524824142456,
                    -0.8176146745681763
                ],
                [
                    0.0,
                    0.0,
                    0.0,
                    1.0
                ]
            ]
        },
        {
            "file_path": "/data/shapenet_blender/all_50_random/02958343/36d0b6beaffc68ceafe1d4530f4c6e24/r_30",
            "rotation": 0.12566370614359174,
            "transform_matrix": [
                [
                    -0.9977887272834778,
                    0.015772046521306038,
                    -0.06456638127565384,
                    -0.26027539372444153
                ],
                [
                    -0.06646483391523361,
                    -0.23677439987659454,
                    0.9692885875701904,
                    3.907327175140381
                ],
                [
                    -9.313225191043273e-10,
                    0.9714365601539612,
                    0.2372991293668747,
                    0.9565833806991577
                ],
                [
                    0.0,
                    0.0,
                    0.0,
                    1.0
                ]
            ]
        },
        {
            "file_path": "/data/shapenet_blender/all_50_random/02958343/36d0b6beaffc68ceafe1d4530f4c6e24/r_31",
            "rotation": 0.12566370614359174,
            "transform_matrix": [
                [
                    0.6479551196098328,
                    0.23551781475543976,
                    0.7243517637252808,
                    2.9199554920196533
                ],
                [
                    0.7616786360740662,
                    -0.2003534883260727,
                    -0.6162014007568359,
                    -2.48398756980896
                ],
                [
                    0.0,
                    0.9509940147399902,
                    -0.3092089295387268,
                    -1.2464611530303955
                ],
                [
                    0.0,
                    0.0,
                    0.0,
                    1.0
                ]
            ]
        },
        {
            "file_path": "/data/shapenet_blender/all_50_random/02958343/36d0b6beaffc68ceafe1d4530f4c6e24/r_32",
            "rotation": 0.12566370614359174,
            "transform_matrix": [
                [
                    0.46133720874786377,
                    -0.29652541875839233,
                    0.8362060189247131,
                    3.370854616165161
                ],
                [
                    0.8872249722480774,
                    0.15418662130832672,
                    -0.4348084628582001,
                    -1.752769112586975
                ],
                [
                    -1.4901164746561335e-08,
                    0.942496120929718,
                    0.33421674370765686,
                    1.3472709655761719
                ],
                [
                    0.0,
                    0.0,
                    0.0,
                    1.0
                ]
            ]
        },
        {
            "file_path": "/data/shapenet_blender/all_50_random/02958343/36d0b6beaffc68ceafe1d4530f4c6e24/r_33",
            "rotation": 0.12566370614359174,
            "transform_matrix": [
                [
                    -0.7852450013160706,
                    -0.36773139238357544,
                    -0.4981604218482971,
                    -2.0081489086151123
                ],
                [
                    -0.6191850304603577,
                    0.4663536846637726,
                    0.6317626237869263,
                    2.5467166900634766
                ],
                [
                    0.0,
                    0.8045420050621033,
                    -0.5938957333564758,
                    -2.3940703868865967
                ],
                [
                    0.0,
                    0.0,
                    0.0,
                    1.0
                ]
            ]
        },
        {
            "file_path": "/data/shapenet_blender/all_50_random/02958343/36d0b6beaffc68ceafe1d4530f4c6e24/r_34",
            "rotation": 0.12566370614359174,
            "transform_matrix": [
                [
                    -0.8970861434936523,
                    -0.03389662504196167,
                    -0.44055381417274475,
                    -1.77592933177948
                ],
                [
                    -0.4418559670448303,
                    0.06881923228502274,
                    0.8944423794746399,
                    3.6056127548217773
                ],
                [
                    -3.725290742551124e-09,
                    0.9970530867576599,
                    -0.07671418786048889,
                    -0.3092448115348816
                ],
                [
                    0.0,
                    0.0,
                    0.0,
                    1.0
                ]
            ]
        },
        {
            "file_path": "/data/shapenet_blender/all_50_random/02958343/36d0b6beaffc68ceafe1d4530f4c6e24/r_35",
            "rotation": 0.12566370614359174,
            "transform_matrix": [
                [
                    0.06470239907503128,
                    0.059077952057123184,
                    -0.9961543083190918,
                    -4.015626430511475
                ],
                [
                    -0.9979045391082764,
                    0.0038305120542645454,
                    -0.06458891928195953,
                    -0.2603662610054016
                ],
                [
                    0.0,
                    0.9982460141181946,
                    0.059202004224061966,
                    0.23865091800689697
                ],
                [
                    0.0,
                    0.0,
                    0.0,
                    1.0
                ]
            ]
        },
        {
            "file_path": "/data/shapenet_blender/all_50_random/02958343/36d0b6beaffc68ceafe1d4530f4c6e24/r_36",
            "rotation": 0.12566370614359174,
            "transform_matrix": [
                [
                    -0.7776476740837097,
                    -0.008613374084234238,
                    0.6286413073539734,
                    2.5341341495513916
                ],
                [
                    0.6287003755569458,
                    -0.010653995908796787,
                    0.7775746583938599,
                    3.1345036029815674
                ],
                [
                    4.6566123179658803e-10,
                    0.9999061822891235,
                    0.01370028592646122,
                    0.0552276149392128
                ],
                [
                    0.0,
                    0.0,
                    0.0,
                    1.0
                ]
            ]
        },
        {
            "file_path": "/data/shapenet_blender/all_50_random/02958343/36d0b6beaffc68ceafe1d4530f4c6e24/r_37",
            "rotation": 0.12566370614359174,
            "transform_matrix": [
                [
                    -0.999298095703125,
                    0.023203758522868156,
                    0.02941049635410309,
                    0.11855751276016235
                ],
                [
                    0.03746186941862106,
                    0.6189619302749634,
                    0.784527063369751,
                    3.162529945373535
                ],
                [
                    -1.862645149230957e-09,
                    0.7850781679153442,
                    -0.6193966269493103,
                    -2.4968678951263428
                ],
                [
                    0.0,
                    0.0,
                    0.0,
                    1.0
                ]
            ]
        },
        {
            "file_path": "/data/shapenet_blender/all_50_random/02958343/36d0b6beaffc68ceafe1d4530f4c6e24/r_38",
            "rotation": 0.12566370614359174,
            "transform_matrix": [
                [
                    0.49067923426628113,
                    -0.1024642363190651,
                    -0.8652946949005127,
                    -3.488114595413208
                ],
                [
                    -0.871340274810791,
                    -0.05770084261894226,
                    -0.48727473616600037,
                    -1.9642672538757324
                ],
                [
                    0.0,
                    0.9930618405342102,
                    -0.11759380251169205,
                    -0.47403576970100403
                ],
                [
                    0.0,
                    0.0,
                    0.0,
                    1.0
                ]
            ]
        },
        {
            "file_path": "/data/shapenet_blender/all_50_random/02958343/36d0b6beaffc68ceafe1d4530f4c6e24/r_39",
            "rotation": 0.12566370614359174,
            "transform_matrix": [
                [
                    -0.8385113477706909,
                    -0.22934141755104065,
                    0.4942684471607208,
                    1.9924598932266235
                ],
                [
                    0.5448842644691467,
                    -0.35292884707450867,
                    0.7606196999549866,
                    3.0661561489105225
                ],
                [
                    0.0,
                    0.9071072936058044,
                    0.4208993911743164,
                    1.6966997385025024
                ],
                [
                    0.0,
                    0.0,
                    0.0,
                    1.0
                ]
            ]
        },
        {
            "file_path": "/data/shapenet_blender/all_50_random/02958343/36d0b6beaffc68ceafe1d4530f4c6e24/r_40",
            "rotation": 0.12566370614359174,
            "transform_matrix": [
                [
                    -0.1643110066652298,
                    -0.22991593182086945,
                    0.9592396020889282,
                    3.866818428039551
                ],
                [
                    0.9864086508750916,
                    -0.038298241794109344,
                    0.15978531539440155,
                    0.6441152095794678
                ],
                [
                    0.0,
                    0.972456693649292,
                    0.23308385908603668,
                    0.939591109752655
                ],
                [
                    0.0,
                    0.0,
                    0.0,
                    1.0
                ]
            ]
        },
        {
            "file_path": "/data/shapenet_blender/all_50_random/02958343/36d0b6beaffc68ceafe1d4530f4c6e24/r_41",
            "rotation": 0.12566370614359174,
            "transform_matrix": [
                [
                    -0.9464405179023743,
                    0.27444159984588623,
                    0.17009474337100983,
                    0.6856738328933716
                ],
                [
                    0.322878360748291,
                    0.8044597506523132,
                    0.49859192967414856,
                    2.0098884105682373
                ],
                [
