{
    "class": "02958343",
    "model": "2262d8b1d5fc79b67211919686015200",
    "remove_doubles": true,
    "edge_split": true,
    "denoise": true,
    "camera_angle_x": 0.6911112070083618,
    "scale_factor": 2.2490559066918574,
    "hdri_file": "/data/IndoorHDRDataset2018/9C4A9529-5fb98484b9.exr",
    "center_offset": [
        0.0,
        -1.862645149230957e-09,
        -1.862645149230957e-09
    ],
    "lights": [],
    "frames": [
        {
            "file_path": "/data/shapenet_blender/all_50_random/02958343/2262d8b1d5fc79b67211919686015200/r_0",
            "rotation": 0.12566370614359174,
            "transform_matrix": [
                [
                    -0.6365178823471069,
                    0.2785143256187439,
                    0.7192181944847107,
                    2.899260997772217
                ],
                [
                    0.7712618708610535,
                    0.22985625267028809,
                    0.5935665369033813,
                    2.392742872238159
                ],
                [
                    0.0,
                    0.9325212836265564,
                    -0.36111512780189514,
                    -1.455701470375061
                ],
                [
                    0.0,
                    0.0,
                    0.0,
                    1.0
                ]
            ]
        },
        {
            "file_path": "/data/shapenet_blender/all_50_random/02958343/2262d8b1d5fc79b67211919686015200/r_1",
            "rotation": 0.12566370614359174,
            "transform_matrix": [
                [
                    -0.7241402864456177,
                    0.23105782270431519,
                    0.6497946381568909,
                    2.61940598487854
                ],
                [
                    0.689652681350708,
                    0.24261239171028137,
                    0.6822890639305115,
                    2.7503952980041504
                ],
                [
                    -1.4901161193847656e-08,
                    0.9422056674957275,
                    -0.3350350558757782,
                    -1.350569486618042
                ],
                [
                    0.0,
                    0.0,
                    0.0,
                    1.0
                ]
            ]
        },
        {
            "file_path": "/data/shapenet_blender/all_50_random/02958343/2262d8b1d5fc79b67211919686015200/r_2",
            "rotation": 0.12566370614359174,
            "transform_matrix": [
                [
                    0.1634388417005539,
                    0.6325565576553345,
                    0.7570732235908508,
                    3.0518600940704346
                ],
                [
                    0.9865535497665405,
                    -0.10479341447353363,
                    -0.1254216432571411,
                    -0.5055908560752869
                ],
                [
                    0.0,
                    0.7673920392990112,
                    -0.6411780714988708,
                    -2.58467173576355
                ],
                [
                    0.0,
                    0.0,
                    0.0,
                    1.0
                ]
            ]
        },
        {
            "file_path": "/data/shapenet_blender/all_50_random/02958343/2262d8b1d5fc79b67211919686015200/r_3",
            "rotation": 0.12566370614359174,
            "transform_matrix": [
                [
                    0.9403421878814697,
                    0.2880731225013733,
                    -0.18102645874023438,
                    -0.7297409772872925
                ],
                [
                    -0.34023037552833557,
                    0.7961878776550293,
                    -0.5003280639648438,
                    -2.0168869495391846
                ],
                [
                    1.4901162970204496e-08,
                    0.5320702791213989,
                    0.8467001914978027,
                    3.4131577014923096
                ],
                [
                    0.0,
                    0.0,
                    0.0,
                    1.0
                ]
            ]
        },
        {
            "file_path": "/data/shapenet_blender/all_50_random/02958343/2262d8b1d5fc79b67211919686015200/r_4",
            "rotation": 0.12566370614359174,
            "transform_matrix": [
                [
                    -0.8496307134628296,
                    -0.30950474739074707,
                    0.42700645327568054,
                    1.721318244934082
                ],
                [
                    0.5273782014846802,
                    -0.4986264705657959,
                    0.6879271268844604,
                    2.773123264312744
                ],
                [
                    0.0,
                    0.8096778988838196,
                    0.5868743658065796,
                    2.3657665252685547
                ],
                [
                    0.0,
                    0.0,
                    0.0,
                    1.0
                ]
            ]
        },
        {
            "file_path": "/data/shapenet_blender/all_50_random/02958343/2262d8b1d5fc79b67211919686015200/r_5",
            "rotation": 0.12566370614359174,
            "transform_matrix": [
                [
                    -0.01486939750611782,
                    -0.2678602635860443,
                    0.9633429646492004,
                    3.883359909057617
                ],
                [
                    0.9998894333839417,
                    -0.003983361646533012,
                    0.014325914904475212,
                    0.057749614119529724
                ],
                [
                    0.0,
                    0.9634495377540588,
                    0.2678898572921753,
                    1.079898715019226
                ],
                [
                    0.0,
                    0.0,
                    0.0,
                    1.0
                ]
            ]
        },
        {
            "file_path": "/data/shapenet_blender/all_50_random/02958343/2262d8b1d5fc79b67211919686015200/r_6",
            "rotation": 0.12566370614359174,
            "transform_matrix": [
                [
                    -0.933350145816803,
                    -0.14851528406143188,
                    -0.3268035650253296,
                    -1.317387342453003
                ],
                [
                    -0.35896703600883484,
                    0.38615456223487854,
                    0.8497218489646912,
                    3.4253382682800293
                ],
                [
                    0.0,
                    0.910399854183197,
                    -0.41372954845428467,
                    -1.6677972078323364
                ],
                [
                    0.0,
                    0.0,
                    0.0,
                    1.0
                ]
            ]
        },
        {
            "file_path": "/data/shapenet_blender/all_50_random/02958343/2262d8b1d5fc79b67211919686015200/r_7",
            "rotation": 0.12566370614359174,
            "transform_matrix": [
                [
                    0.9842637777328491,
                    0.06373468041419983,
                    -0.1648113876581192,
                    -0.6643759608268738
                ],
                [
                    -0.17670570313930511,
                    0.3550068736076355,
                    -0.9180115461349487,
                    -3.700622797012329
                ],
                [
                    3.725290742551124e-09,
                    0.9326885938644409,
                    0.3606826364994049,
                    1.45395827293396
                ],
                [
                    0.0,
                    0.0,
                    0.0,
                    1.0
                ]
            ]
        },
        {
            "file_path": "/data/shapenet_blender/all_50_random/02958343/2262d8b1d5fc79b67211919686015200/r_8",
            "rotation": 0.12566370614359174,
            "transform_matrix": [
                [
                    -0.2005835622549057,
                    0.10939867049455643,
                    0.9735491871833801,
                    3.9245026111602783
                ],
                [
                    0.9796766638755798,
                    0.022398794069886208,
                    0.19932898879051208,
                    0.803520917892456
                ],
                [
                    -1.862645371275562e-09,
                    0.9937455058097839,
                    -0.11166813969612122,
                    -0.45014870166778564
                ],
                [
                    0.0,
                    0.0,
                    0.0,
                    1.0
                ]
            ]
        },
        {
            "file_path": "/data/shapenet_blender/all_50_random/02958343/2262d8b1d5fc79b67211919686015200/r_9",
            "rotation": 0.12566370614359174,
            "transform_matrix": [
                [
                    -0.7959178686141968,
                    -0.34168919920921326,
                    -0.49976325035095215,
                    -2.0146100521087646
                ],
                [
                    -0.6054047346115112,
                    0.44921445846557617,
                    0.6570323705673218,
                    2.6485822200775146
                ],
                [
                    1.4901161193847656e-08,
                    0.8255027532577515,
                    -0.5643980503082275,
                    -2.2751612663269043
                ],
                [
                    0.0,
                    0.0,
                    0.0,
                    1.0
                ]
            ]
        },
        {
            "file_path": "/data/shapenet_blender/all_50_random/02958343/2262d8b1d5fc79b67211919686015200/r_10",
            "rotation": 0.12566370614359174,
            "transform_matrix": [
                [
                    -0.9996806383132935,
                    -0.0026469663716852665,
                    0.02512991800904274,
                    0.10130193829536438
                ],
                [
                    0.025268934667110443,
                    -0.10471833497285843,
                    0.9941808581352234,
                    4.007670879364014
                ],
                [
                    -2.328306020205062e-10,
                    0.9944983720779419,
                    0.10475179553031921,
                    0.42226797342300415
                ],
                [
                    0.0,
                    0.0,
                    0.0,
                    1.0
                ]
            ]
        },
        {
            "file_path": "/data/shapenet_blender/all_50_random/02958343/2262d8b1d5fc79b67211919686015200/r_11",
            "rotation": 0.12566370614359174,
            "transform_matrix": [
                [
                    -0.991706371307373,
                    -0.09130735695362091,
                    -0.09045202285051346,
                    -0.3646237850189209
                ],
                [
                    -0.12852472066879272,
                    0.7045343518257141,
                    0.6979345679283142,
                    2.813464403152466
                ],
                [
                    -7.450580596923828e-09,
                    0.7037714123725891,
                    -0.710426390171051,
                    -2.8638205528259277
                ],
                [
                    0.0,
                    0.0,
                    0.0,
                    1.0
                ]
            ]
        },
        {
            "file_path": "/data/shapenet_blender/all_50_random/02958343/2262d8b1d5fc79b67211919686015200/r_12",
            "rotation": 0.12566370614359174,
            "transform_matrix": [
                [
                    0.5692389011383057,
                    -0.05052893981337547,
                    0.8206180334091187,
                    3.3080170154571533
                ],
                [
                    0.8221721649169922,
                    0.034984201192855835,
                    -0.5681628584861755,
                    -2.2903378009796143
                ],
                [
                    0.0,
                    0.998109757900238,
                    0.06145785003900528,
                    0.24774451553821564
                ],
                [
                    0.0,
                    0.0,
                    0.0,
                    1.0
                ]
            ]
        },
        {
            "file_path": "/data/shapenet_blender/all_50_random/02958343/2262d8b1d5fc79b67211919686015200/r_13",
            "rotation": 0.12566370614359174,
            "transform_matrix": [
                [
                    0.8803027272224426,
                    -0.05347562953829765,
                    0.4713888466358185,
                    1.9002293348312378
                ],
                [
                    0.4744124412536621,
                    0.09922746568918228,
                    -0.8746922612190247,
                    -3.5259976387023926
                ],
                [
                    0.0,
                    0.9936268329620361,
                    0.11271969228982925,
                    0.4543876349925995
                ],
                [
                    0.0,
                    0.0,
                    0.0,
                    1.0
                ]
            ]
        },
        {
            "file_path": "/data/shapenet_blender/all_50_random/02958343/2262d8b1d5fc79b67211919686015200/r_14",
            "rotation": 0.12566370614359174,
            "transform_matrix": [
                [
                    0.7695742249488831,
                    0.11823238432407379,
                    0.6275161504745483,
                    2.5295984745025635
                ],
                [
                    0.6385573148727417,
                    -0.14249089360237122,
                    -0.7562677264213562,
                    -3.048612594604492
                ],
                [
                    7.4505797087454084e-09,
                    0.9827092289924622,
                    -0.1851554661989212,
                    -0.7463855147361755
                ],
                [
                    0.0,
                    0.0,
                    0.0,
                    1.0
                ]
            ]
        },
        {
            "file_path": "/data/shapenet_blender/all_50_random/02958343/2262d8b1d5fc79b67211919686015200/r_15",
            "rotation": 0.12566370614359174,
            "transform_matrix": [
                [
                    -0.8331974744796753,
                    -0.05200139060616493,
                    -0.5505249500274658,
                    -2.2192373275756836
                ],
                [
                    -0.5529754757881165,
                    0.07835324853658676,
                    0.8295050859451294,
                    3.3438422679901123
                ],
                [
                    3.725290298461914e-09,
                    0.9955684542655945,
                    -0.09403922408819199,
                    -0.3790842592716217
                ],
                [
                    0.0,
                    0.0,
                    0.0,
                    1.0
                ]
            ]
        },
        {
            "file_path": "/data/shapenet_blender/all_50_random/02958343/2262d8b1d5fc79b67211919686015200/r_16",
            "rotation": 0.12566370614359174,
            "transform_matrix": [
                [
                    0.9226797819137573,
                    0.1334478259086609,
                    -0.36173680424690247,
                    -1.4582077264785767
                ],
                [
                    -0.3855668306350708,
                    0.31934696435928345,
                    -0.8656533360481262,
                    -3.489560127258301
                ],
                [
                    0.0,
                    0.9381946921348572,
                    0.346108078956604,
                    1.395206332206726
                ],
                [
                    0.0,
                    0.0,
                    0.0,
                    1.0
                ]
            ]
        },
        {
            "file_path": "/data/shapenet_blender/all_50_random/02958343/2262d8b1d5fc79b67211919686015200/r_17",
            "rotation": 0.12566370614359174,
            "transform_matrix": [
                [
                    -0.9572492241859436,
                    0.09610827267169952,
                    0.272831529378891,
                    1.0998191833496094
                ],
                [
                    0.2892643213272095,
                    0.3180467188358307,
                    0.902868926525116,
                    3.6395812034606934
                ],
                [
                    0.0,
                    0.9431910514831543,
                    -0.3322506546974182,
                    -1.3393453359603882
                ],
                [
                    0.0,
                    0.0,
                    0.0,
                    1.0
                ]
            ]
        },
        {
            "file_path": "/data/shapenet_blender/all_50_random/02958343/2262d8b1d5fc79b67211919686015200/r_18",
            "rotation": 0.12566370614359174,
            "transform_matrix": [
                [
                    0.9271557331085205,
                    0.04007192328572273,
                    -0.37252727150917053,
                    -1.5017054080963135
                ],
                [
                    -0.37467631697654724,
                    0.09916003048419952,
                    -0.9218378067016602,
                    -3.7160470485687256
                ],
                [
                    0.0,
                    0.9942643046379089,
                    0.1069507896900177,
                    0.431132435798645
                ],
                [
                    0.0,
                    0.0,
                    0.0,
                    1.0
                ]
            ]
        },
        {
            "file_path": "/data/shapenet_blender/all_50_random/02958343/2262d8b1d5fc79b67211919686015200/r_19",
            "rotation": 0.12566370614359174,
            "transform_matrix": [
                [
                    0.6296576261520386,
                    -0.10522419214248657,
                    0.7697137594223022,
                    3.1028151512145996
                ],
                [
                    0.7768728137016296,
                    0.08528450131416321,
                    -0.6238551735877991,
                    -2.5148403644561768
                ],
                [
                    0.0,
                    0.9907846450805664,
                    0.13544586300849915,
                    0.5459996461868286
                ],
                [
                    0.0,
                    0.0,
                    0.0,
                    1.0
                ]
            ]
        },
        {
            "file_path": "/data/shapenet_blender/all_50_random/02958343/2262d8b1d5fc79b67211919686015200/r_20",
            "rotation": 0.12566370614359174,
            "transform_matrix": [
                [
                    -0.9929777383804321,
                    -0.029628735035657883,
                    -0.1145315021276474,
                    -0.4616912603378296
                ],
                [
                    -0.11830185353755951,
                    0.24869157373905182,
                    0.9613309502601624,
                    3.875248908996582
                ],
                [
                    0.0,
                    0.9681295156478882,
                    -0.25045034289360046,
                    -1.009597659111023
                ],
                [
                    0.0,
                    0.0,
                    0.0,
                    1.0
                ]
            ]
        },
        {
            "file_path": "/data/shapenet_blender/all_50_random/02958343/2262d8b1d5fc79b67211919686015200/r_21",
            "rotation": 0.12566370614359174,
            "transform_matrix": [
                [
                    -0.9621971845626831,
                    0.03184043988585472,
                    0.27048614621162415,
                    1.0903645753860474
                ],
                [
                    0.27235376834869385,
                    0.11248892545700073,
                    0.9555991291999817,
                    3.8521432876586914
                ],
                [
                    1.862645149230957e-09,
                    0.9931426048278809,
                    -0.11690840125083923,
                    -0.4712728261947632
                ],
                [
                    0.0,
                    0.0,
                    0.0,
                    1.0
                ]
            ]
        },
        {
            "file_path": "/data/shapenet_blender/all_50_random/02958343/2262d8b1d5fc79b67211919686015200/r_22",
            "rotation": 0.12566370614359174,
            "transform_matrix": [
                [
                    -0.9020895957946777,
                    0.38435429334640503,
                    0.19622984528541565,
                    0.7910277843475342
                ],
                [
                    0.4315488338470459,
                    0.8034363389015198,
                    0.4101897180080414,
                    1.6535276174545288
                ],
                [
                    0.0,
                    0.4547104835510254,
                    -0.8906391859054565,
                    -3.5902814865112305
                ],
                [
                    0.0,
                    0.0,
                    0.0,
                    1.0
                ]
            ]
        },
        {
            "file_path": "/data/shapenet_blender/all_50_random/02958343/2262d8b1d5fc79b67211919686015200/r_23",
            "rotation": 0.12566370614359174,
            "transform_matrix": [
                [
                    0.5208777785301208,
                    -0.14272288978099823,
                    -0.8416153788566589,
                    -3.392660140991211
                ],
                [
                    -0.8536312580108643,
                    -0.08708816766738892,
                    -0.5135458111763,
                    -2.070169448852539
                ],
                [
                    7.450580596923828e-09,
                    0.9859237670898438,
                    -0.16719502210617065,
                    -0.673984706401825
                ],
                [
                    0.0,
                    0.0,
                    0.0,
                    1.0
                ]
            ]
        },
        {
            "file_path": "/data/shapenet_blender/all_50_random/02958343/2262d8b1d5fc79b67211919686015200/r_24",
            "rotation": 0.12566370614359174,
            "transform_matrix": [
                [
                    -0.5566614866256714,
                    -0.21706603467464447,
                    -0.8018792271614075,
                    -3.232478618621826
                ],
                [
                    -0.8307394981384277,
                    0.14545148611068726,
                    0.5373228192329407,
                    2.166017532348633
                ],
                [
                    0.0,
                    0.9652596712112427,
                    -0.26129254698753357,
                    -1.0533039569854736
                ],
                [
                    0.0,
                    0.0,
                    0.0,
                    1.0
                ]
            ]
        },
        {
            "file_path": "/data/shapenet_blender/all_50_random/02958343/2262d8b1d5fc79b67211919686015200/r_25",
            "rotation": 0.12566370614359174,
            "transform_matrix": [
                [
                    -0.967966616153717,
                    0.04429338499903679,
                    -0.24714122712612152,
                    -0.9962581992149353
                ],
                [
                    -0.25107908248901367,
                    -0.17076101899147034,
                    0.952785313129425,
                    3.8408007621765137
                ],
                [
                    0.0,
                    0.9843164682388306,
                    0.17641206085681915,
                    0.7111397981643677
                ],
                [
                    0.0,
                    0.0,
                    0.0,
                    1.0
                ]
            ]
        },
        {
            "file_path": "/data/shapenet_blender/all_50_random/02958343/2262d8b1d5fc79b67211919686015200/r_26",
            "rotation": 0.12566370614359174,
            "transform_matrix": [
                [
                    -0.28278303146362305,
                    0.285868763923645,
                    -0.915594220161438,
                    -3.690878391265869
                ],
                [
                    -0.9591839909553528,
                    -0.08427875488996506,
                    0.2699320614337921,
                    1.0881309509277344
                ],
                [
                    0.0,
                    0.9545554518699646,
                    0.29803332686424255,
                    1.2014107704162598
                ],
                [
                    0.0,
                    0.0,
                    0.0,
                    1.0
                ]
            ]
        },
        {
            "file_path": "/data/shapenet_blender/all_50_random/02958343/2262d8b1d5fc79b67211919686015200/r_27",
            "rotation": 0.12566370614359174,
            "transform_matrix": [
                [
                    -0.27851516008377075,
                    -0.871487021446228,
                    -0.4036576747894287,
                    -1.6271963119506836
                ],
                [
                    -0.9604319334030151,
                    0.2527220547199249,
                    0.1170564740896225,
                    0.4718697667121887
                ],
                [
                    7.450581485102248e-09,
                    0.42028769850730896,
                    -0.907390832901001,
                    -3.6578097343444824
                ],
                [
                    0.0,
                    0.0,
                    0.0,
                    1.0
                ]
            ]
        },
        {
            "file_path": "/data/shapenet_blender/all_50_random/02958343/2262d8b1d5fc79b67211919686015200/r_28",
            "rotation": 0.12566370614359174,
            "transform_matrix": [
                [
                    -0.27619367837905884,
                    0.06698708236217499,
                    0.9587647318840027,
                    3.8649041652679443
                ],
                [
                    0.9611020088195801,
                    0.019250202924013138,
                    0.27552202343940735,
                    1.1106648445129395
                ],
                [
                    0.0,
                    0.9975680708885193,
                    -0.06969821453094482,
                    -0.2809624969959259
                ],
                [
                    0.0,
                    0.0,
                    0.0,
                    1.0
                ]
            ]
        },
        {
            "file_path": "/data/shapenet_blender/all_50_random/02958343/2262d8b1d5fc79b67211919686015200/r_29",
            "rotation": 0.12566370614359174,
            "transform_matrix": [
                [
                    0.5508807301521301,
                    -0.5942215323448181,
                    -0.5860299468040466,
                    -2.3623626232147217
                ],
                [
                    -0.8345839977264404,
                    -0.39222556352615356,
                    -0.3868185877799988,
                    -1.5593156814575195
                ],
                [
                    0.0,
                    0.7021821141242981,
                    -0.7119972705841064,
                    -2.8701529502868652
                ],
                [
                    0.0,
                    0.0,
                    0.0,
                    1.0
                ]
            ]
        },
        {
            "file_path": "/data/shapenet_blender/all_50_random/02958343/2262d8b1d5fc79b67211919686015200/r_30",
            "rotation": 0.12566370614359174,
            "transform_matrix": [
                [
                    0.977825939655304,
                    -0.09649696946144104,
                    -0.18586236238479614,
                    -0.7492351531982422
                ],
                [
                    -0.20941941440105438,
                    -0.4505658745765686,
                    -0.8678328394889832,
                    -3.4983460903167725
                ],
                [
                    0.0,
                    0.8875126242637634,
                    -0.46078333258628845,
                    -1.857477068901062
                ],
                [
                    0.0,
                    0.0,
                    0.0,
                    1.0
                ]
            ]
        },
        {
            "file_path": "/data/shapenet_blender/all_50_random/02958343/2262d8b1d5fc79b67211919686015200/r_31",
            "rotation": 0.12566370614359174,
            "transform_matrix": [
                [
                    -0.5752426385879517,
                    -0.329712837934494,
                    0.7485889196395874,
                    3.0176584720611572
                ],
                [
                    0.8179829120635986,
                    -0.23186901211738586,
                    0.5264416337013245,
                    2.1221539974212646
                ],
                [
                    0.0,
                    0.9151644706726074,
                    0.40308043360710144,
                    1.6248692274093628
                ],
                [
                    0.0,
                    0.0,
                    0.0,
                    1.0
                ]
            ]
        },
        {
            "file_path": "/data/shapenet_blender/all_50_random/02958343/2262d8b1d5fc79b67211919686015200/r_32",
            "rotation": 0.12566370614359174,
            "transform_matrix": [
                [
                    -0.8717987537384033,
                    0.10652343928813934,
                    0.47814178466796875,
                    1.9274511337280273
                ],
                [
                    0.4898640513420105,
                    0.18957708775997162,
                    0.8509369492530823,
                    3.430236577987671
                ],
                [
                    7.450580152834618e-09,
                    0.9760703444480896,
                    -0.21745507419109344,
                    -0.8765894174575806
                ],
                [
                    0.0,
                    0.0,
                    0.0,
                    1.0
                ]
            ]
        },
        {
            "file_path": "/data/shapenet_blender/all_50_random/02958343/2262d8b1d5fc79b67211919686015200/r_33",
            "rotation": 0.12566370614359174,
            "transform_matrix": [
                [
                    0.9509735703468323,
                    0.20276032388210297,
                    -0.2335328310728073,
                    -0.9414010047912598
                ],
                [
                    -0.30927228927612305,
                    0.6234626173973083,
                    -0.7180842161178589,
                    -2.8946902751922607
                ],
                [
                    -1.4901161193847656e-08,
                    0.7551044225692749,
                    0.6556044816970825,
                    2.642826557159424
                ],
                [
                    0.0,
                    0.0,
                    0.0,
                    1.0
                ]
            ]
        },
        {
            "file_path": "/data/shapenet_blender/all_50_random/02958343/2262d8b1d5fc79b67211919686015200/r_34",
            "rotation": 0.12566370614359174,
            "transform_matrix": [
                [
                    -0.7462855577468872,
                    0.003876393660902977,
                    -0.6656145453453064,
                    -2.683177947998047
                ],
                [
                    -0.6656257510185242,
                    -0.004346130415797234,
                    0.7462729811668396,
                    3.0083224773406982
                ],
                [
                    2.328305742649306e-10,
                    0.9999830722808838,
                    0.005823682993650436,
                    0.023476015776395798
                ],
                [
                    0.0,
                    0.0,
                    0.0,
                    1.0
                ]
            ]
        },
        {
            "file_path": "/data/shapenet_blender/all_50_random/02958343/2262d8b1d5fc79b67211919686015200/r_35",
            "rotation": 0.12566370614359174,
            "transform_matrix": [
                [
                    0.32745352387428284,
                    -0.43542832136154175,
                    -0.8385561108589172,
                    -3.3803277015686035
                ],
                [
                    -0.9448673725128174,
                    -0.1509021818637848,
                    -0.29061028361320496,
                    -1.17148756980896
                ],
                [
                    0.0,
                    0.8874855637550354,
                    -0.4608354866504669,
                    -1.85768723487854
                ],
                [
                    0.0,
                    0.0,
                    0.0,
                    1.0
                ]
            ]
        },
        {
            "file_path": "/data/shapenet_blender/all_50_random/02958343/2262d8b1d5fc79b67211919686015200/r_36",
            "rotation": 0.12566370614359174,
            "transform_matrix": [
                [
                    -0.4564796984195709,
                    -0.7124156355857849,
                    0.5330011248588562,
                    2.1485962867736816
                ],
                [
                    0.8897338509559631,
                    -0.36550626158714294,
                    0.27345728874206543,
                    1.1023415327072144
                ],
                [
                    0.0,
                    0.5990567207336426,
                    0.8007064461708069,
                    3.2277510166168213
                ],
                [
                    0.0,
                    0.0,
                    0.0,
                    1.0
                ]
            ]
        },
        {
            "file_path": "/data/shapenet_blender/all_50_random/02958343/2262d8b1d5fc79b67211919686015200/r_37",
            "rotation": 0.12566370614359174,
            "transform_matrix": [
                [
                    -0.9672954082489014,
                    0.12788766622543335,
                    -0.2190530002117157,
                    -0.8830309510231018
                ],
                [
                    -0.25365227460861206,
                    -0.4876958131790161,
                    0.8353521227836609,
                    3.3674123287200928
                ],
                [
                    0.0,
                    0.863595724105835,
                    0.5041848421096802,
                    2.0324344635009766
                ],
                [
                    0.0,
                    0.0,
                    0.0,
                    1.0
                ]
            ]
        },
        {
            "file_path": "/data/shapenet_blender/all_50_random/02958343/2262d8b1d5fc79b67211919686015200/r_38",
            "rotation": 0.12566370614359174,
            "transform_matrix": [
                [
                    -0.5865057706832886,
                    -0.15106959640979767,
                    0.7957316040992737,
                    3.2076969146728516
                ],
                [
                    0.8099450469017029,
                    -0.10939408838748932,
                    0.5762134194374084,
                    2.3227908611297607
                ],
                [
                    0.0,
                    0.9824514389038086,
                    0.1865183413028717,
                    0.7518795728683472
                ],
                [
                    0.0,
                    0.0,
                    0.0,
                    1.0
                ]
            ]
        },
        {
            "file_path": "/data/shapenet_blender/all_50_random/02958343/2262d8b1d5fc79b67211919686015200/r_39",
            "rotation": 0.12566370614359174,
            "transform_matrix": [
                [
                    0.7516952157020569,
                    0.5095803737640381,
                    0.4186672568321228,
                    1.68770170211792
                ],
                [
                    0.6595107913017273,
                    -0.5808079242706299,
                    -0.47718727588653564,
                    -1.9236034154891968
                ],
                [
                    -1.4901162970204496e-08,
                    0.6348149180412292,
                    -0.7726642489433289,
                    -3.1147091388702393
                ],
                [
                    0.0,
                    0.0,
                    0.0,
                    1.0
                ]
            ]
        },
        {
            "file_path": "/data/shapenet_blender/all_50_random/02958343/2262d8b1d5fc79b67211919686015200/r_40",
            "rotation": 0.12566370614359174,
            "transform_matrix": [
                [
                    0.4951089024543762,
                    0.0963304191827774,
                    0.8634740710258484,
                    3.4807755947113037
                ],
                [
                    0.8688308596611023,
                    -0.05489451438188553,
                    -0.49205631017684937,
                    -1.983542561531067
                ],
                [
                    0.0,
                    0.9938344955444336,
                    -0.11087360233068466,
                    -0.44694581627845764
                ],
                [
                    0.0,
                    0.0,
                    0.0,
                    1.0
                ]
            ]
        },
        {
            "file_path": "/data/shapenet_blender/all_50_random/02958343/2262d8b1d5fc79b67211919686015200/r_41",
            "rotation": 0.12566370614359174,
            "transform_matrix": [
                [
                    -0.5906311273574829,
                    0.5436407327651978,
                    -0.5963300466537476,
                    -2.403883457183838
                ],
                [
                    -0.80694180727005,
                    -0.3979111611843109,
                    0.4364764988422394,
                    1.759493112564087
                ],
                [
                    2.980232594040899e-08,
                    0.739000141620636,
