{
    "class": "02958343",
    "model": "6782126a676ca77d7a04ba129c539b64",
    "remove_doubles": true,
    "edge_split": true,
    "denoise": true,
    "camera_angle_x": 0.6911112070083618,
    "scale_factor": 2.2037450836869206,
    "hdri_file": "/data/IndoorHDRDataset2018/AG8A0504-24e9fdcaa1.exr",
    "center_offset": [
        0.0,
        0.0,
        -1.862645149230957e-09
    ],
    "lights": [],
    "frames": [
        {
            "file_path": "/data/shapenet_blender/all_50_random/02958343/6782126a676ca77d7a04ba129c539b64/r_0",
            "rotation": 0.12566370614359174,
            "transform_matrix": [
                [
                    0.6193512082099915,
                    -0.7726389765739441,
                    -0.13940180838108063,
                    -0.56194669008255
                ],
                [
                    -0.7851141095161438,
                    -0.609510064125061,
                    -0.1099696159362793,
                    -0.4433017075061798
                ],
                [
                    0.0,
                    0.17755626142024994,
                    -0.9841106534004211,
                    -3.9670770168304443
                ],
                [
                    0.0,
                    0.0,
                    0.0,
                    1.0
                ]
            ]
        },
        {
            "file_path": "/data/shapenet_blender/all_50_random/02958343/6782126a676ca77d7a04ba129c539b64/r_1",
            "rotation": 0.12566370614359174,
            "transform_matrix": [
                [
                    -0.9742926955223083,
                    -0.07689588516950607,
                    0.21175616979599,
                    0.8536162972450256
                ],
                [
                    0.22528569400310516,
                    -0.3325515389442444,
                    0.9157816171646118,
                    3.6916332244873047
                ],
                [
                    0.0,
                    0.939944863319397,
                    0.34132611751556396,
                    1.3759294748306274
                ],
                [
                    0.0,
                    0.0,
                    0.0,
                    1.0
                ]
            ]
        },
        {
            "file_path": "/data/shapenet_blender/all_50_random/02958343/6782126a676ca77d7a04ba129c539b64/r_2",
            "rotation": 0.12566370614359174,
            "transform_matrix": [
                [
                    0.8978821635246277,
                    -0.15540102124214172,
                    -0.411895751953125,
                    -1.660404920578003
                ],
                [
                    -0.44023585319519043,
                    -0.3169478178024292,
                    -0.8400811553001404,
                    -3.3864755630493164
                ],
                [
                    0.0,
                    0.9356251955032349,
                    -0.3529949188232422,
                    -1.4229680299758911
                ],
                [
                    0.0,
                    0.0,
                    0.0,
                    1.0
                ]
            ]
        },
        {
            "file_path": "/data/shapenet_blender/all_50_random/02958343/6782126a676ca77d7a04ba129c539b64/r_3",
            "rotation": 0.12566370614359174,
            "transform_matrix": [
                [
                    -0.8649294376373291,
                    0.1488051414489746,
                    0.4793268144130707,
                    1.9322282075881958
                ],
                [
                    0.5018935799598694,
                    0.2564406991004944,
                    0.8260393738746643,
                    3.32987117767334
                ],
                [
                    0.0,
                    0.9550366997718811,
                    -0.2964874505996704,
                    -1.1951791048049927
                ],
                [
                    0.0,
                    0.0,
                    0.0,
                    1.0
                ]
            ]
        },
        {
            "file_path": "/data/shapenet_blender/all_50_random/02958343/6782126a676ca77d7a04ba129c539b64/r_4",
            "rotation": 0.12566370614359174,
            "transform_matrix": [
                [
                    0.16165617108345032,
                    -0.6434285640716553,
                    -0.7482425570487976,
                    -3.0162622928619385
                ],
                [
                    -0.9868471026420593,
                    -0.10540052503347397,
                    -0.12257018685340881,
                    -0.49409621953964233
                ],
                [
                    7.450580152834618e-09,
                    0.7582153081893921,
                    -0.6520042419433594,
                    -2.6283130645751953
                ],
                [
                    0.0,
                    0.0,
                    0.0,
                    1.0
                ]
            ]
        },
        {
            "file_path": "/data/shapenet_blender/all_50_random/02958343/6782126a676ca77d7a04ba129c539b64/r_5",
            "rotation": 0.12566370614359174,
            "transform_matrix": [
                [
                    0.3053739070892334,
                    0.14371034502983093,
                    -0.9413257241249084,
                    -3.794605255126953
                ],
                [
                    -0.9522324204444885,
                    0.04608684778213501,
                    -0.3018762171268463,
                    -1.2169018983840942
                ],
                [
                    -3.7252898543727042e-09,
                    0.9885460138320923,
                    0.15091939270496368,
                    0.6083755493164062
                ],
                [
                    0.0,
                    0.0,
                    0.0,
                    1.0
                ]
            ]
        },
        {
            "file_path": "/data/shapenet_blender/all_50_random/02958343/6782126a676ca77d7a04ba129c539b64/r_6",
            "rotation": 0.12566370614359174,
            "transform_matrix": [
                [
                    -0.8207126259803772,
                    -0.002710921922698617,
                    0.5713347792625427,
                    2.30312442779541
                ],
                [
                    0.571341335773468,
                    -0.0038941483944654465,
                    0.8207032680511475,
                    3.3083608150482178
                ],
                [
                    0.0,
                    0.9999887347221375,
                    0.0047448379918932915,
                    0.019127056002616882
                ],
                [
                    0.0,
                    0.0,
                    0.0,
                    1.0
                ]
            ]
        },
        {
            "file_path": "/data/shapenet_blender/all_50_random/02958343/6782126a676ca77d7a04ba129c539b64/r_7",
            "rotation": 0.12566370614359174,
            "transform_matrix": [
                [
                    -0.14009541273117065,
                    0.683564305305481,
                    -0.71631920337677,
                    -2.887575149536133
                ],
                [
                    -0.990138053894043,
                    -0.09671805053949356,
                    0.10135257244110107,
                    0.4085652828216553
                ],
                [
                    7.450580596923828e-09,
                    0.723453938961029,
                    0.69037264585495,
                    2.7829811573028564
                ],
                [
                    0.0,
                    0.0,
                    0.0,
                    1.0
                ]
            ]
        },
        {
            "file_path": "/data/shapenet_blender/all_50_random/02958343/6782126a676ca77d7a04ba129c539b64/r_8",
            "rotation": 0.12566370614359174,
            "transform_matrix": [
                [
                    0.0015269863652065396,
                    -0.9746878743171692,
                    -0.22356513142585754,
                    -0.9012198448181152
                ],
                [
                    -0.9999988079071045,
                    -0.0014883368276059628,
                    -0.0003413812955841422,
                    -0.0013761520385742188
                ],
                [
                    0.0,
                    0.22356535494327545,
                    -0.9746888875961304,
                    -3.9290966987609863
                ],
                [
                    0.0,
                    0.0,
                    0.0,
                    1.0
                ]
            ]
        },
        {
            "file_path": "/data/shapenet_blender/all_50_random/02958343/6782126a676ca77d7a04ba129c539b64/r_9",
            "rotation": 0.12566370614359174,
            "transform_matrix": [
                [
                    -0.2455345094203949,
                    0.9476197957992554,
                    -0.20427776873111725,
                    -0.8234699964523315
                ],
                [
                    -0.969387948513031,
                    -0.24002090096473694,
                    0.05174114555120468,
                    0.20857523381710052
                ],
                [
                    0.0,
                    0.21072852611541748,
                    0.9775446057319641,
                    3.940608263015747
                ],
                [
                    0.0,
                    0.0,
                    0.0,
                    1.0
                ]
            ]
        },
        {
            "file_path": "/data/shapenet_blender/all_50_random/02958343/6782126a676ca77d7a04ba129c539b64/r_10",
            "rotation": 0.12566370614359174,
            "transform_matrix": [
                [
                    -0.2564629912376404,
                    0.6485031247138977,
                    0.7167080640792847,
                    2.8891425132751465
                ],
                [
                    0.9665539860725403,
                    0.17207218706607819,
                    0.1901695281267166,
                    0.7665978670120239
                ],
                [
                    7.450580152834618e-09,
                    0.7415085434913635,
                    -0.6709434390068054,
                    -2.7046594619750977
                ],
                [
                    0.0,
                    0.0,
                    0.0,
                    1.0
                ]
            ]
        },
        {
            "file_path": "/data/shapenet_blender/all_50_random/02958343/6782126a676ca77d7a04ba129c539b64/r_11",
            "rotation": 0.12566370614359174,
            "transform_matrix": [
                [
                    -0.9420955777168274,
                    -0.05670114606618881,
                    -0.33051615953445435,
                    -1.3323532342910767
                ],
                [
                    -0.3353445529937744,
                    0.15929259359836578,
                    0.9285310506820679,
                    3.743028163909912
                ],
                [
                    3.725290298461914e-09,
                    0.9856017231941223,
                    -0.16908325254917145,
                    -0.6815963983535767
                ],
                [
                    0.0,
                    0.0,
                    0.0,
                    1.0
                ]
            ]
        },
        {
            "file_path": "/data/shapenet_blender/all_50_random/02958343/6782126a676ca77d7a04ba129c539b64/r_12",
            "rotation": 0.12566370614359174,
            "transform_matrix": [
                [
                    -0.7582525014877319,
                    -0.19217631220817566,
                    0.6229937672615051,
                    2.5113685131073
                ],
                [
                    0.6519609093666077,
                    -0.22350753843784332,
                    0.7245627641677856,
                    2.9208061695098877
                ],
                [
                    0.0,
                    0.955569326877594,
                    0.29476654529571533,
                    1.1882420778274536
                ],
                [
                    0.0,
                    0.0,
                    0.0,
                    1.0
                ]
            ]
        },
        {
            "file_path": "/data/shapenet_blender/all_50_random/02958343/6782126a676ca77d7a04ba129c539b64/r_13",
            "rotation": 0.12566370614359174,
            "transform_matrix": [
                [
                    0.3741864860057831,
                    -0.0005244061467237771,
                    0.9273532629013062,
                    3.738280773162842
                ],
                [
                    0.9273533821105957,
                    0.00021159753669053316,
                    -0.3741864264011383,
                    -1.5083938837051392
                ],
                [
                    0.0,
                    0.9999999403953552,
                    0.000565486669074744,
                    0.0022795498371124268
                ],
                [
                    0.0,
                    0.0,
                    0.0,
                    1.0
                ]
            ]
        },
        {
            "file_path": "/data/shapenet_blender/all_50_random/02958343/6782126a676ca77d7a04ba129c539b64/r_14",
            "rotation": 0.12566370614359174,
            "transform_matrix": [
                [
                    0.4443134069442749,
                    0.20796774327754974,
                    -0.8713983297348022,
                    -3.512718915939331
                ],
                [
                    -0.8958714604377747,
                    0.10314298421144485,
                    -0.43217578530311584,
                    -1.7421562671661377
                ],
                [
                    7.450580596923828e-09,
                    0.9726822972297668,
                    0.2321401834487915,
                    0.9357870221138
                ],
                [
                    0.0,
                    0.0,
                    0.0,
                    1.0
                ]
            ]
        },
        {
            "file_path": "/data/shapenet_blender/all_50_random/02958343/6782126a676ca77d7a04ba129c539b64/r_15",
            "rotation": 0.12566370614359174,
            "transform_matrix": [
                [
                    -0.27628254890441895,
                    0.5103359818458557,
                    -0.8143863677978516,
                    -3.2828965187072754
                ],
                [
                    -0.961076557636261,
                    -0.14670726656913757,
                    0.23411323130130768,
                    0.9437406063079834
                ],
                [
                    7.450581485102248e-09,
                    0.8473689556121826,
                    0.5310045480728149,
                    2.140547752380371
                ],
                [
                    0.0,
                    0.0,
                    0.0,
                    1.0
                ]
            ]
        },
        {
            "file_path": "/data/shapenet_blender/all_50_random/02958343/6782126a676ca77d7a04ba129c539b64/r_16",
            "rotation": 0.12566370614359174,
            "transform_matrix": [
                [
                    0.2784249782562256,
                    -0.13708791136741638,
                    -0.9506241083145142,
                    -3.8320887088775635
                ],
                [
                    -0.9604580402374268,
                    -0.03974010422825813,
                    -0.2755742371082306,
                    -1.1108753681182861
                ],
                [
                    -3.725290742551124e-09,
                    0.9897612929344177,
                    -0.14273181557655334,
                    -0.5753704309463501
                ],
                [
                    0.0,
                    0.0,
                    0.0,
                    1.0
                ]
            ]
        },
        {
            "file_path": "/data/shapenet_blender/all_50_random/02958343/6782126a676ca77d7a04ba129c539b64/r_17",
            "rotation": 0.12566370614359174,
            "transform_matrix": [
                [
                    0.8828890919685364,
                    -0.3533962070941925,
                    0.3092213273048401,
                    1.2465109825134277
                ],
                [
                    0.46958139538764954,
                    0.6644421219825745,
                    -0.5813862085342407,
                    -2.3436427116394043
                ],
                [
                    1.4901160305669237e-08,
                    0.6585041880607605,
                    0.7525770664215088,
                    3.0337352752685547
                ],
                [
                    0.0,
                    0.0,
                    0.0,
                    1.0
                ]
            ]
        },
        {
            "file_path": "/data/shapenet_blender/all_50_random/02958343/6782126a676ca77d7a04ba129c539b64/r_18",
            "rotation": 0.12566370614359174,
            "transform_matrix": [
                [
                    0.8397302627563477,
                    0.5051843523979187,
                    -0.1991024762392044,
                    -0.8026077747344971
                ],
                [
                    -0.5430037975311279,
                    0.7812442779541016,
                    -0.3079027533531189,
                    -1.2411956787109375
                ],
                [
                    0.0,
                    0.3666684329509735,
                    0.9303516149520874,
                    3.7503674030303955
                ],
                [
                    0.0,
                    0.0,
                    0.0,
                    1.0
                ]
            ]
        },
        {
            "file_path": "/data/shapenet_blender/all_50_random/02958343/6782126a676ca77d7a04ba129c539b64/r_19",
            "rotation": 0.12566370614359174,
            "transform_matrix": [
                [
                    -0.1277770847082138,
                    -0.14057087898254395,
                    0.9817905426025391,
                    3.9577245712280273
                ],
                [
                    0.9918029308319092,
                    -0.018110189586877823,
                    0.12648716568946838,
                    0.5098861455917358
                ],
                [
                    0.0,
                    0.9899049401283264,
                    0.14173266291618347,
                    0.5713427066802979
                ],
                [
                    0.0,
                    0.0,
                    0.0,
                    1.0
                ]
            ]
        },
        {
            "file_path": "/data/shapenet_blender/all_50_random/02958343/6782126a676ca77d7a04ba129c539b64/r_20",
            "rotation": 0.12566370614359174,
            "transform_matrix": [
                [
                    0.2013501524925232,
                    0.5012118220329285,
                    0.8415728211402893,
                    3.392488479614258
                ],
                [
                    0.9795193076133728,
                    -0.10302918404340744,
                    -0.17299385368824005,
                    -0.6973605155944824
                ],
                [
                    -7.450580152834618e-09,
                    0.8591691851615906,
                    -0.5116916298866272,
                    -2.062695026397705
                ],
                [
                    0.0,
                    0.0,
                    0.0,
                    1.0
                ]
            ]
        },
        {
            "file_path": "/data/shapenet_blender/all_50_random/02958343/6782126a676ca77d7a04ba129c539b64/r_21",
            "rotation": 0.12566370614359174,
            "transform_matrix": [
                [
                    0.9721819162368774,
                    0.2159223109483719,
                    0.09077391773462296,
                    0.36592140793800354
                ],
                [
                    0.23422715067863464,
                    -0.8962059617042542,
                    -0.37676572799682617,
                    -1.5187913179397583
                ],
                [
                    0.0,
                    0.38754644989967346,
                    -0.9218500256538391,
                    -3.7160966396331787
                ],
                [
                    0.0,
                    0.0,
                    0.0,
                    1.0
                ]
            ]
        },
        {
            "file_path": "/data/shapenet_blender/all_50_random/02958343/6782126a676ca77d7a04ba129c539b64/r_22",
            "rotation": 0.12566370614359174,
            "transform_matrix": [
                [
                    -0.7530643939971924,
                    0.36657533049583435,
                    0.5463666915893555,
                    2.202474594116211
                ],
                [
                    0.6579468250274658,
                    0.41957011818885803,
                    0.6253533959388733,
                    2.5208802223205566
                ],
                [
                    0.0,
                    0.8304115533828735,
                    -0.5571503639221191,
                    -2.2459449768066406
                ],
                [
                    0.0,
                    0.0,
                    0.0,
                    1.0
                ]
            ]
        },
        {
            "file_path": "/data/shapenet_blender/all_50_random/02958343/6782126a676ca77d7a04ba129c539b64/r_23",
            "rotation": 0.12566370614359174,
            "transform_matrix": [
                [
                    0.8517593741416931,
                    0.4966423511505127,
                    -0.16689026355743408,
                    -0.6727561950683594
                ],
                [
                    -0.5239331722259521,
                    0.8073925375938416,
                    -0.27131387591362,
                    -1.0937012434005737
                ],
                [
                    0.0,
                    0.31853339076042175,
                    0.9479116201400757,
                    3.8211538791656494
                ],
                [
                    0.0,
                    0.0,
                    0.0,
                    1.0
                ]
            ]
        },
        {
            "file_path": "/data/shapenet_blender/all_50_random/02958343/6782126a676ca77d7a04ba129c539b64/r_24",
            "rotation": 0.12566370614359174,
            "transform_matrix": [
                [
                    0.8777489066123962,
                    -0.061954207718372345,
                    -0.4750984013080597,
                    -1.9151830673217773
                ],
                [
                    -0.4791209101676941,
                    -0.11350002884864807,
                    -0.8703796863555908,
                    -3.508612871170044
                ],
                [
                    0.0,
                    0.9916043281555176,
                    -0.1293080896139145,
                    -0.5212576389312744
                ],
                [
                    0.0,
                    0.0,
                    0.0,
                    1.0
                ]
            ]
        },
        {
            "file_path": "/data/shapenet_blender/all_50_random/02958343/6782126a676ca77d7a04ba129c539b64/r_25",
            "rotation": 0.12566370614359174,
            "transform_matrix": [
                [
                    0.3722549378871918,
                    0.8190335631370544,
                    0.4365893304347992,
                    1.7599478960037231
                ],
                [
                    0.9281306266784668,
                    -0.3284982442855835,
                    -0.17510738968849182,
                    -0.7058804631233215
                ],
                [
                    1.4901162970204496e-08,
                    0.47039639949798584,
                    -0.8824551701545715,
                    -3.557290554046631
                ],
                [
                    0.0,
                    0.0,
                    0.0,
                    1.0
                ]
            ]
        },
        {
            "file_path": "/data/shapenet_blender/all_50_random/02958343/6782126a676ca77d7a04ba129c539b64/r_26",
            "rotation": 0.12566370614359174,
            "transform_matrix": [
                [
                    -0.17194657027721405,
                    -0.2689688205718994,
                    0.9476761817932129,
                    3.820204973220825
                ],
                [
                    0.985106348991394,
                    -0.04694749042391777,
                    0.1654132902622223,
                    0.6668022871017456
                ],
                [
                    0.0,
                    0.9620038866996765,
                    0.2730353772640228,
                    1.1006407737731934
                ],
                [
                    0.0,
                    0.0,
                    0.0,
                    1.0
                ]
            ]
        },
        {
            "file_path": "/data/shapenet_blender/all_50_random/02958343/6782126a676ca77d7a04ba129c539b64/r_27",
            "rotation": 0.12566370614359174,
            "transform_matrix": [
                [
                    -0.9112842082977295,
                    0.15759308636188507,
                    -0.3804279565811157,
                    -1.533554196357727
                ],
                [
                    -0.4117778539657593,
                    -0.34876108169555664,
                    0.8419053554534912,
                    3.393829107284546
                ],
                [
                    0.0,
                    0.9238669276237488,
                    0.38271382451057434,
                    1.5427687168121338
                ],
                [
                    0.0,
                    0.0,
                    0.0,
                    1.0
                ]
            ]
        },
        {
            "file_path": "/data/shapenet_blender/all_50_random/02958343/6782126a676ca77d7a04ba129c539b64/r_28",
            "rotation": 0.12566370614359174,
            "transform_matrix": [
                [
                    0.5272513628005981,
                    0.31577301025390625,
                    -0.788855791091919,
                    -3.1799793243408203
                ],
                [
                    -0.8497094511985779,
                    0.19593961536884308,
                    -0.48949122428894043,
                    -1.9732022285461426
                ],
                [
                    -1.4901161193847656e-08,
                    0.9283831119537354,
                    0.3716246783733368,
                    1.498067021369934
                ],
                [
                    0.0,
                    0.0,
                    0.0,
                    1.0
                ]
            ]
        },
        {
            "file_path": "/data/shapenet_blender/all_50_random/02958343/6782126a676ca77d7a04ba129c539b64/r_29",
            "rotation": 0.12566370614359174,
            "transform_matrix": [
                [
                    0.6797970533370972,
                    0.050537675619125366,
                    -0.7316570281982422,
                    -2.949403762817383
                ],
                [
                    -0.7334003448486328,
                    0.046843938529491425,
                    -0.6781811118125916,
                    -2.733835458755493
                ],
                [
                    0.0,
                    0.9976229667663574,
                    0.06890872120857239,
                    0.2777799367904663
                ],
                [
                    0.0,
                    0.0,
                    0.0,
                    1.0
                ]
            ]
        },
        {
            "file_path": "/data/shapenet_blender/all_50_random/02958343/6782126a676ca77d7a04ba129c539b64/r_30",
            "rotation": 0.12566370614359174,
            "transform_matrix": [
                [
                    -0.643580436706543,
                    0.06632420420646667,
                    0.7624993324279785,
                    3.07373309135437
                ],
                [
                    0.7653785347938538,
                    0.05576974153518677,
                    0.6411594748497009,
                    2.584596633911133
                ],
                [
                    3.725290742551124e-09,
                    0.9962382912635803,
                    -0.08665543049573898,
                    -0.3493192195892334
                ],
                [
                    0.0,
                    0.0,
                    0.0,
                    1.0
                ]
            ]
        },
        {
            "file_path": "/data/shapenet_blender/all_50_random/02958343/6782126a676ca77d7a04ba129c539b64/r_31",
            "rotation": 0.12566370614359174,
            "transform_matrix": [
                [
                    0.7527043223381042,
                    0.034859079867601395,
                    0.6574351787567139,
                    2.6502058506011963
                ],
                [
                    0.6583586931228638,
                    -0.039854537695646286,
                    -0.751648485660553,
                    -3.029991865158081
                ],
                [
                    0.0,
                    0.998597264289856,
                    -0.05294845998287201,
                    -0.21344205737113953
                ],
                [
                    0.0,
                    0.0,
                    0.0,
                    1.0
                ]
            ]
        },
        {
            "file_path": "/data/shapenet_blender/all_50_random/02958343/6782126a676ca77d7a04ba129c539b64/r_32",
            "rotation": 0.12566370614359174,
            "transform_matrix": [
                [
                    -0.819002091884613,
                    -0.00043912738328799605,
                    0.5737903118133545,
                    2.3130226135253906
                ],
                [
                    0.5737904906272888,
                    -0.0006267902790568769,
                    0.8190019130706787,
                    3.301502227783203
                ],
                [
                    2.9103826987286752e-11,
                    0.9999997019767761,
                    0.0007653096690773964,
                    0.0030850619077682495
                ],
                [
                    0.0,
                    0.0,
                    0.0,
                    1.0
                ]
            ]
        },
        {
            "file_path": "/data/shapenet_blender/all_50_random/02958343/6782126a676ca77d7a04ba129c539b64/r_33",
            "rotation": 0.12566370614359174,
            "transform_matrix": [
                [
                    0.7407324314117432,
                    -0.17452064156532288,
                    0.6487356424331665,
                    2.6151371002197266
                ],
                [
                    0.6718001365661621,
                    0.19242790341377258,
                    -0.7153013348579407,
                    -2.883471965789795
                ],
                [
                    7.450580596923828e-09,
                    0.9656676650047302,
                    0.2597805857658386,
                    1.0472090244293213
                ],
                [
                    0.0,
                    0.0,
                    0.0,
                    1.0
                ]
            ]
        },
        {
            "file_path": "/data/shapenet_blender/all_50_random/02958343/6782126a676ca77d7a04ba129c539b64/r_34",
            "rotation": 0.12566370614359174,
            "transform_matrix": [
                [
                    -0.7796483039855957,
                    -0.047252971678972244,
                    0.6244323253631592,
                    2.517167329788208
                ],
                [
                    0.6262176632881165,
                    -0.05883049592375755,
                    0.7774254679679871,
                    3.1339023113250732
                ],
                [
                    0.0,
                    0.9971489906311035,
                    0.07545773684978485,
                    0.3041798770427704
                ],
                [
                    0.0,
                    0.0,
                    0.0,
                    1.0
                ]
            ]
        },
        {
            "file_path": "/data/shapenet_blender/all_50_random/02958343/6782126a676ca77d7a04ba129c539b64/r_35",
            "rotation": 0.12566370614359174,
            "transform_matrix": [
                [
                    -0.680399477481842,
                    0.6228911876678467,
                    0.3860868513584137,
                    1.556365966796875
                ],
                [
                    0.732841432094574,
                    0.5783172845840454,
                    0.358458548784256,
                    1.4449927806854248
                ],
                [
                    -2.980232594040899e-08,
                    0.5268353819847107,
                    -0.8499672412872314,
                    -3.426327705383301
                ],
                [
                    0.0,
                    0.0,
                    0.0,
                    1.0
                ]
            ]
        },
        {
            "file_path": "/data/shapenet_blender/all_50_random/02958343/6782126a676ca77d7a04ba129c539b64/r_36",
            "rotation": 0.12566370614359174,
            "transform_matrix": [
                [
                    -0.8384134769439697,
                    -0.0894499123096466,
                    0.5376444458961487,
                    2.167314052581787
                ],
                [
                    0.5450347065925598,
                    -0.13759858906269073,
                    0.827045202255249,
                    3.33392596244812
                ],
                [
                    -7.450580596923828e-09,
                    0.9864407181739807,
                    0.16411781311035156,
                    0.6615800857543945
                ],
                [
                    0.0,
                    0.0,
                    0.0,
                    1.0
                ]
            ]
        },
        {
            "file_path": "/data/shapenet_blender/all_50_random/02958343/6782126a676ca77d7a04ba129c539b64/r_37",
            "rotation": 0.12566370614359174,
            "transform_matrix": [
                [
                    0.75462806224823,
                    -0.053837165236473083,
                    0.6539404988288879,
                    2.6361184120178223
                ],
                [
                    0.6561529040336609,
                    0.0619170181453228,
                    -0.7520835399627686,
                    -3.031745672225952
                ],
                [
                    0.0,
                    0.9966282248497009,
                    0.08204972743988037,
                    0.33075302839279175
                ],
                [
                    0.0,
                    0.0,
                    0.0,
                    1.0
                ]
            ]
        },
        {
            "file_path": "/data/shapenet_blender/all_50_random/02958343/6782126a676ca77d7a04ba129c539b64/r_38",
            "rotation": 0.12566370614359174,
            "transform_matrix": [
                [
                    0.5779891610145569,
                    -0.15546675026416779,
                    -0.8010983467102051,
                    -3.2293307781219482
                ],
                [
                    -0.8160445094108582,
                    -0.1101142093539238,
                    -0.5674030780792236,
                    -2.2872750759124756
                ],
                [
                    0.0,
                    0.9816847443580627,
                    -0.19051258265972137,
                    -0.7679808139801025
                ],
                [
                    0.0,
                    0.0,
                    0.0,
                    1.0
                ]
            ]
        },
        {
            "file_path": "/data/shapenet_blender/all_50_random/02958343/6782126a676ca77d7a04ba129c539b64/r_39",
            "rotation": 0.12566370614359174,
            "transform_matrix": [
                [
                    0.7388509511947632,
                    0.5348268747329712,
                    0.4099505841732025,
                    1.6525636911392212
                ],
                [
                    0.6738688945770264,
                    -0.5864009261131287,
                    -0.4494827091693878,
                    -1.8119227886199951
                ],
                [
                    -2.9802322387695312e-08,
                    0.6083536744117737,
                    -0.7936660647392273,
                    -3.1993701457977295
                ],
                [
                    0.0,
                    0.0,
                    0.0,
                    1.0
                ]
            ]
        },
        {
            "file_path": "/data/shapenet_blender/all_50_random/02958343/6782126a676ca77d7a04ba129c539b64/r_40",
            "rotation": 0.12566370614359174,
            "transform_matrix": [
                [
                    -0.20159092545509338,
                    -0.07112333923578262,
                    -0.976884126663208,
                    -3.93794584274292
                ],
                [
                    -0.979469895362854,
                    0.01463834848254919,
                    0.2010587453842163,
                    0.8104937076568604
                ],
                [
                    0.0,
                    0.997360110282898,
                    -0.07261413335800171,
                    -0.292716920375824
                ],
                [
                    0.0,
                    0.0,
                    0.0,
                    1.0
                ]
            ]
        },
        {
            "file_path": "/data/shapenet_blender/all_50_random/02958343/6782126a676ca77d7a04ba129c539b64/r_41",
            "rotation": 0.12566370614359174,
            "transform_matrix": [
                [
                    0.22613565623760223,
                    -0.16615872085094452,
                    -0.9598196744918823,
                    -3.869157075881958
                ],
                [
                    -0.9740958213806152,
                    -0.03857363015413284,
                    -0.2228214591741562,
                    -0.8982220888137817
                ],
                [
                    0.0,
