{
    "class": "02958343",
    "model": "81bb9f249771d31ac675ce607c2b4b5f",
    "remove_doubles": true,
    "edge_split": true,
    "denoise": true,
    "camera_angle_x": 0.6911112070083618,
    "scale_factor": 2.3731746031858294,
    "hdri_file": "/data/IndoorHDRDataset2018/9C4A7149-796e57659b.exr",
    "center_offset": [
        0.0,
        -1.862645149230957e-09,
        0.0
    ],
    "lights": [],
    "frames": [
        {
            "file_path": "/data/shapenet_blender/all_50_random/02958343/81bb9f249771d31ac675ce607c2b4b5f/r_0",
            "rotation": 0.12566370614359174,
            "transform_matrix": [
                [
                    -0.9587385058403015,
                    0.05301283672451973,
                    -0.2793031930923462,
                    -1.1259071826934814
                ],
                [
                    -0.28428971767425537,
                    -0.1787804514169693,
                    0.9419219493865967,
                    3.797008752822876
                ],
                [
                    3.725290742551124e-09,
                    0.9824597239494324,
                    0.18647471070289612,
                    0.7517036199569702
                ],
                [
                    0.0,
                    0.0,
                    0.0,
                    1.0
                ]
            ]
        },
        {
            "file_path": "/data/shapenet_blender/all_50_random/02958343/81bb9f249771d31ac675ce607c2b4b5f/r_1",
            "rotation": 0.12566370614359174,
            "transform_matrix": [
                [
                    0.9252068996429443,
                    0.2198924422264099,
                    -0.3092566132545471,
                    -1.2466533184051514
                ],
                [
                    -0.3794632852077484,
                    0.5361415147781372,
                    -0.7540290951728821,
                    -3.039588451385498
                ],
                [
                    1.4901162970204496e-08,
                    0.8149843811988831,
                    0.579482913017273,
                    2.335970401763916
                ],
                [
                    0.0,
                    0.0,
                    0.0,
                    1.0
                ]
            ]
        },
        {
            "file_path": "/data/shapenet_blender/all_50_random/02958343/81bb9f249771d31ac675ce607c2b4b5f/r_2",
            "rotation": 0.12566370614359174,
            "transform_matrix": [
                [
                    -0.27680182456970215,
                    -0.4516454041004181,
                    0.8481728434562683,
                    3.4190940856933594
                ],
                [
                    0.9609270691871643,
                    -0.13009963929653168,
                    0.24432218074798584,
                    0.9848942160606384
                ],
                [
                    -7.450580596923828e-09,
                    0.8826611042022705,
                    0.47001007199287415,
                    1.8946712017059326
                ],
                [
                    0.0,
                    0.0,
                    0.0,
                    1.0
                ]
            ]
        },
        {
            "file_path": "/data/shapenet_blender/all_50_random/02958343/81bb9f249771d31ac675ce607c2b4b5f/r_3",
            "rotation": 0.12566370614359174,
            "transform_matrix": [
                [
                    0.023512400686740875,
                    -0.057197753340005875,
                    0.9980859160423279,
                    4.023413181304932
                ],
                [
                    0.999723494052887,
                    0.00134522863663733,
                    -0.023473888635635376,
                    -0.0946262776851654
                ],
                [
                    -1.1641531488804091e-10,
                    0.9983618855476379,
                    0.057213570922613144,
                    0.23063530027866364
                ],
                [
                    0.0,
                    0.0,
                    0.0,
                    1.0
                ]
            ]
        },
        {
            "file_path": "/data/shapenet_blender/all_50_random/02958343/81bb9f249771d31ac675ce607c2b4b5f/r_4",
            "rotation": 0.12566370614359174,
            "transform_matrix": [
                [
                    0.09119478613138199,
                    -0.7269027829170227,
                    -0.6806584000587463,
                    -2.743821859359741
                ],
                [
                    -0.995833158493042,
                    -0.06656711548566818,
                    -0.06233222782611847,
                    -0.25126925110816956
                ],
                [
                    3.725290742551124e-09,
                    0.6835065484046936,
                    -0.7299443483352661,
                    -2.942499876022339
                ],
                [
                    0.0,
                    0.0,
                    0.0,
                    1.0
                ]
            ]
        },
        {
            "file_path": "/data/shapenet_blender/all_50_random/02958343/81bb9f249771d31ac675ce607c2b4b5f/r_5",
            "rotation": 0.12566370614359174,
            "transform_matrix": [
                [
                    -0.97137850522995,
                    0.0046542938798666,
                    0.23749147355556488,
                    0.9573588371276855
                ],
                [
                    0.23753710091114044,
                    0.019033158197999,
                    0.9711918830871582,
                    3.9149999618530273
                ],
                [
                    -4.656612873077393e-10,
                    0.9998080134391785,
                    -0.019593965262174606,
                    -0.07898581027984619
                ],
                [
                    0.0,
                    0.0,
                    0.0,
                    1.0
                ]
            ]
        },
        {
            "file_path": "/data/shapenet_blender/all_50_random/02958343/81bb9f249771d31ac675ce607c2b4b5f/r_6",
            "rotation": 0.12566370614359174,
            "transform_matrix": [
                [
                    -0.9988049268722534,
                    -0.012246808037161827,
                    0.04731389135122299,
                    0.19072839617729187
                ],
                [
                    0.0488731823861599,
                    -0.2502839267253876,
                    0.9669381380081177,
                    3.8978524208068848
                ],
                [
                    1.8626450382086546e-09,
                    0.9680949449539185,
                    0.25058338046073914,
                    1.0101338624954224
                ],
                [
                    0.0,
                    0.0,
                    0.0,
                    1.0
                ]
            ]
        },
        {
            "file_path": "/data/shapenet_blender/all_50_random/02958343/81bb9f249771d31ac675ce607c2b4b5f/r_7",
            "rotation": 0.12566370614359174,
            "transform_matrix": [
                [
                    -0.9836425185203552,
                    -0.1731267124414444,
                    0.04974493384361267,
                    0.20052826404571533
                ],
                [
                    0.1801316738128662,
                    -0.9453905820846558,
                    0.27164143323898315,
                    1.0950217247009277
                ],
                [
                    3.725290298461914e-09,
                    0.27615877985954285,
                    0.9611119627952576,
                    3.874366521835327
                ],
                [
                    0.0,
                    0.0,
                    0.0,
                    1.0
                ]
            ]
        },
        {
            "file_path": "/data/shapenet_blender/all_50_random/02958343/81bb9f249771d31ac675ce607c2b4b5f/r_8",
            "rotation": 0.12566370614359174,
            "transform_matrix": [
                [
                    0.338401198387146,
                    0.23106685280799866,
                    -0.9121911525726318,
                    -3.6771602630615234
                ],
                [
                    -0.9410018920898438,
                    0.08309578895568848,
                    -0.32804033160209656,
                    -1.3223729133605957
                ],
                [
                    0.0,
                    0.9693828821182251,
                    0.24555405974388123,
                    0.9898600578308105
                ],
                [
                    0.0,
                    0.0,
                    0.0,
                    1.0
                ]
            ]
        },
        {
            "file_path": "/data/shapenet_blender/all_50_random/02958343/81bb9f249771d31ac675ce607c2b4b5f/r_9",
            "rotation": 0.12566370614359174,
            "transform_matrix": [
                [
                    0.9464856386184692,
                    0.2960086464881897,
                    0.12862223386764526,
                    0.5184928178787231
                ],
                [
                    0.3227457106113434,
                    -0.8680764436721802,
                    -0.3771982491016388,
                    -1.5205347537994385
                ],
                [
                    -1.4901160305669237e-08,
                    0.3985249996185303,
                    -0.9171574711799622,
                    -3.6971800327301025
                ],
                [
                    0.0,
                    0.0,
                    0.0,
                    1.0
                ]
            ]
        },
        {
            "file_path": "/data/shapenet_blender/all_50_random/02958343/81bb9f249771d31ac675ce607c2b4b5f/r_10",
            "rotation": 0.12566370614359174,
            "transform_matrix": [
                [
                    0.07451348006725311,
                    0.7868105173110962,
                    0.6126800179481506,
                    2.469792127609253
                ],
                [
                    0.9972200393676758,
                    -0.05879142880439758,
                    -0.04578018561005592,
                    -0.1845458298921585
                ],
                [
                    3.725290742551124e-09,
                    0.6143879890441895,
                    -0.7890040278434753,
                    -3.180577039718628
                ],
                [
                    0.0,
                    0.0,
                    0.0,
                    1.0
                ]
            ]
        },
        {
            "file_path": "/data/shapenet_blender/all_50_random/02958343/81bb9f249771d31ac675ce607c2b4b5f/r_11",
            "rotation": 0.12566370614359174,
            "transform_matrix": [
                [
                    -0.8117374181747437,
                    -0.1936526894569397,
                    0.5509818196296692,
                    2.221078872680664
                ],
                [
                    0.5840224623680115,
                    -0.26915934681892395,
                    0.7658138871192932,
                    3.08709454536438
                ],
                [
                    -1.4901160305669237e-08,
                    0.9434256553649902,
                    0.33158421516418457,
                    1.3366587162017822
                ],
                [
                    0.0,
                    0.0,
                    0.0,
                    1.0
                ]
            ]
        },
        {
            "file_path": "/data/shapenet_blender/all_50_random/02958343/81bb9f249771d31ac675ce607c2b4b5f/r_12",
            "rotation": 0.12566370614359174,
            "transform_matrix": [
                [
                    0.9169296026229858,
                    -0.02660149708390236,
                    -0.398161381483078,
                    -1.6050398349761963
                ],
                [
                    -0.3990490734577179,
                    -0.061124566942453384,
                    -0.914889931678772,
                    -3.6880393028259277
                ],
                [
                    0.0,
                    0.9977756142616272,
                    -0.06666222214698792,
                    -0.2687240242958069
                ],
                [
                    0.0,
                    0.0,
                    0.0,
                    1.0
                ]
            ]
        },
        {
            "file_path": "/data/shapenet_blender/all_50_random/02958343/81bb9f249771d31ac675ce607c2b4b5f/r_13",
            "rotation": 0.12566370614359174,
            "transform_matrix": [
                [
                    0.9634979367256165,
                    -0.008664879016578197,
                    -0.267575204372406,
                    -1.0786303281784058
                ],
                [
                    -0.2677154541015625,
                    -0.031184576451778412,
                    -0.9629931449890137,
                    -3.8819496631622314
                ],
                [
                    0.0,
                    0.9994760155677795,
                    -0.03236599639058113,
                    -0.13047151267528534
                ],
                [
                    0.0,
                    0.0,
                    0.0,
                    1.0
                ]
            ]
        },
        {
            "file_path": "/data/shapenet_blender/all_50_random/02958343/81bb9f249771d31ac675ce607c2b4b5f/r_14",
            "rotation": 0.12566370614359174,
            "transform_matrix": [
                [
                    -0.7872904539108276,
                    0.016574116423726082,
                    -0.6163595914840698,
                    -2.4846246242523193
                ],
                [
                    -0.6165823936462402,
                    -0.0211628545075655,
                    0.7870060205459595,
                    3.1725223064422607
                ],
                [
                    1.8626449271863521e-09,
                    0.9996387362480164,
                    0.026880620047450066,
                    0.10835923254489899
                ],
                [
                    0.0,
                    0.0,
                    0.0,
                    1.0
                ]
            ]
        },
        {
            "file_path": "/data/shapenet_blender/all_50_random/02958343/81bb9f249771d31ac675ce607c2b4b5f/r_15",
            "rotation": 0.12566370614359174,
            "transform_matrix": [
                [
                    0.909024715423584,
                    0.20871679484844208,
                    0.3607097864151001,
                    1.4540677070617676
                ],
                [
                    0.4167424738407135,
                    -0.4552660882472992,
                    -0.7868027091026306,
                    -3.1717031002044678
                ],
                [
                    0.0,
                    0.8655461072921753,
                    -0.5008292198181152,
                    -2.018907070159912
                ],
                [
                    0.0,
                    0.0,
                    0.0,
                    1.0
                ]
            ]
        },
        {
            "file_path": "/data/shapenet_blender/all_50_random/02958343/81bb9f249771d31ac675ce607c2b4b5f/r_16",
            "rotation": 0.12566370614359174,
            "transform_matrix": [
                [
                    0.8746548295021057,
                    -0.3093580901622772,
                    -0.3731975257396698,
                    -1.5044074058532715
                ],
                [
                    -0.48474612832069397,
                    -0.5581923127174377,
                    -0.6733813881874084,
                    -2.714487314224243
                ],
                [
                    0.0,
                    0.7698824405670166,
                    -0.6381857395172119,
                    -2.5726089477539062
                ],
                [
                    0.0,
                    0.0,
                    0.0,
                    1.0
                ]
            ]
        },
        {
            "file_path": "/data/shapenet_blender/all_50_random/02958343/81bb9f249771d31ac675ce607c2b4b5f/r_17",
            "rotation": 0.12566370614359174,
            "transform_matrix": [
                [
                    0.2074216902256012,
                    -0.41593652963638306,
                    0.8854224681854248,
                    3.5692522525787354
                ],
                [
                    0.9782516360282898,
                    0.08819229900836945,
                    -0.18773885071277618,
                    -0.7567995190620422
                ],
                [
                    7.450580596923828e-09,
                    0.9051071405410767,
                    0.4251835346221924,
                    1.7139697074890137
                ],
                [
                    0.0,
                    0.0,
                    0.0,
                    1.0
                ]
            ]
        },
        {
            "file_path": "/data/shapenet_blender/all_50_random/02958343/81bb9f249771d31ac675ce607c2b4b5f/r_18",
            "rotation": 0.12566370614359174,
            "transform_matrix": [
                [
                    -0.8769089579582214,
                    0.1308530569076538,
                    -0.4625021517276764,
                    -1.8644057512283325
                ],
                [
                    -0.48065662384033203,
                    -0.23872803151607513,
                    0.8437879681587219,
                    3.4014182090759277
                ],
                [
                    7.450580596923828e-09,
                    0.9622299671173096,
                    0.2722381055355072,
                    1.0974268913269043
                ],
                [
                    0.0,
                    0.0,
                    0.0,
                    1.0
                ]
            ]
        },
        {
            "file_path": "/data/shapenet_blender/all_50_random/02958343/81bb9f249771d31ac675ce607c2b4b5f/r_19",
            "rotation": 0.12566370614359174,
            "transform_matrix": [
                [
                    -0.07200098037719727,
                    -0.42282795906066895,
                    0.903344988822937,
                    3.641500473022461
                ],
                [
                    0.9974046349525452,
                    -0.03052324615418911,
                    0.0652109682559967,
                    0.2628738582134247
                ],
                [
                    0.0,
                    0.9056956768035889,
                    0.42392823100090027,
                    1.708909511566162
                ],
                [
                    0.0,
                    0.0,
                    0.0,
                    1.0
                ]
            ]
        },
        {
            "file_path": "/data/shapenet_blender/all_50_random/02958343/81bb9f249771d31ac675ce607c2b4b5f/r_20",
            "rotation": 0.12566370614359174,
            "transform_matrix": [
                [
                    -0.37446823716163635,
                    0.6915978193283081,
                    0.61762934923172,
                    2.48974347114563
                ],
                [
                    0.9272397756576538,
                    0.2793036103248596,
                    0.24943126738071442,
                    1.0054895877838135
                ],
                [
                    1.4901161193847656e-08,
                    0.6660946011543274,
                    -0.7458672523498535,
                    -3.0066871643066406
                ],
                [
                    0.0,
                    0.0,
                    0.0,
                    1.0
                ]
            ]
        },
        {
            "file_path": "/data/shapenet_blender/all_50_random/02958343/81bb9f249771d31ac675ce607c2b4b5f/r_21",
            "rotation": 0.12566370614359174,
            "transform_matrix": [
                [
                    0.9759669899940491,
                    -0.07100415974855423,
                    -0.20602646470069885,
                    -0.8305193185806274
                ],
                [
                    -0.21791858971118927,
                    -0.3179982006549835,
                    -0.9227071404457092,
                    -3.7195518016815186
                ],
                [
                    0.0,
                    0.945428729057312,
                    -0.32582879066467285,
                    -1.31345796585083
                ],
                [
                    0.0,
                    0.0,
                    0.0,
                    1.0
                ]
            ]
        },
        {
            "file_path": "/data/shapenet_blender/all_50_random/02958343/81bb9f249771d31ac675ce607c2b4b5f/r_22",
            "rotation": 0.12566370614359174,
            "transform_matrix": [
                [
                    0.4396999478340149,
                    -0.5964388847351074,
                    0.6715092062950134,
                    2.706940174102783
                ],
                [
                    0.8981447219848633,
                    0.29199543595314026,
                    -0.3287472128868103,
                    -1.325222373008728
                ],
                [
                    -1.4901161193847656e-08,
                    0.7476625442504883,
                    0.6640788316726685,
                    2.676987409591675
                ],
                [
                    0.0,
                    0.0,
                    0.0,
                    1.0
                ]
            ]
        },
        {
            "file_path": "/data/shapenet_blender/all_50_random/02958343/81bb9f249771d31ac675ce607c2b4b5f/r_23",
            "rotation": 0.12566370614359174,
            "transform_matrix": [
                [
                    -0.8760305047035217,
                    0.2545193135738373,
                    -0.40962252020835876,
                    -1.6512411832809448
                ],
                [
                    -0.48225587606430054,
                    -0.4623410105705261,
                    0.7440900802612305,
                    2.999523162841797
                ],
                [
                    0.0,
                    0.8493884205818176,
                    0.5277681946754456,
                    2.1275017261505127
                ],
                [
                    0.0,
                    0.0,
                    0.0,
                    1.0
                ]
            ]
        },
        {
            "file_path": "/data/shapenet_blender/all_50_random/02958343/81bb9f249771d31ac675ce607c2b4b5f/r_24",
            "rotation": 0.12566370614359174,
            "transform_matrix": [
                [
                    0.5291967988014221,
                    -0.7253330945968628,
                    0.4402754306793213,
                    1.7748069763183594
                ],
                [
                    0.848499059677124,
                    0.4523800015449524,
                    -0.2745935618877411,
                    -1.1069220304489136
                ],
                [
                    0.0,
                    0.5188872218132019,
                    0.8548426032066345,
                    3.4459807872772217
                ],
                [
                    0.0,
                    0.0,
                    0.0,
                    1.0
                ]
            ]
        },
        {
            "file_path": "/data/shapenet_blender/all_50_random/02958343/81bb9f249771d31ac675ce607c2b4b5f/r_25",
            "rotation": 0.12566370614359174,
            "transform_matrix": [
                [
                    0.19212590157985687,
                    0.19476108253002167,
                    -0.9618501663208008,
                    -3.8773419857025146
                ],
                [
                    -0.9813702702522278,
                    0.03812897577881813,
                    -0.1883043795824051,
                    -0.7590792179107666
                ],
                [
                    -3.725290298461914e-09,
                    0.9801093339920044,
                    0.19845829904079437,
                    0.8000109791755676
                ],
                [
                    0.0,
                    0.0,
                    0.0,
                    1.0
                ]
            ]
        },
        {
            "file_path": "/data/shapenet_blender/all_50_random/02958343/81bb9f249771d31ac675ce607c2b4b5f/r_26",
            "rotation": 0.12566370614359174,
            "transform_matrix": [
                [
                    -0.11403170973062515,
                    0.9617272615432739,
                    0.24915346503257751,
                    1.0043697357177734
                ],
                [
                    0.9934771656990051,
                    0.11038744449615479,
                    0.028597936034202576,
                    0.11528196930885315
                ],
                [
                    0.0,
                    0.2507893443107605,
                    -0.9680416584014893,
                    -3.9023008346557617
                ],
                [
                    0.0,
                    0.0,
                    0.0,
                    1.0
                ]
            ]
        },
        {
            "file_path": "/data/shapenet_blender/all_50_random/02958343/81bb9f249771d31ac675ce607c2b4b5f/r_27",
            "rotation": 0.12566370614359174,
            "transform_matrix": [
                [
                    0.9443555474281311,
                    -0.19757406413555145,
                    0.26297733187675476,
                    1.0600955486297607
                ],
                [
                    0.3289264142513275,
                    0.5672398209571838,
                    -0.7550141215324402,
                    -3.0435593128204346
                ],
                [
                    -1.4901161193847656e-08,
                    0.799501895904541,
                    0.600663423538208,
                    2.421351671218872
                ],
                [
                    0.0,
                    0.0,
                    0.0,
                    1.0
                ]
            ]
        },
        {
            "file_path": "/data/shapenet_blender/all_50_random/02958343/81bb9f249771d31ac675ce607c2b4b5f/r_28",
            "rotation": 0.12566370614359174,
            "transform_matrix": [
                [
                    0.7055239081382751,
                    -0.20677994191646576,
                    0.6778479814529419,
                    2.7324929237365723
                ],
                [
                    0.7086860537528992,
                    0.2058573067188263,
                    -0.6748234629631042,
                    -2.7203006744384766
                ],
                [
                    -1.4901161193847656e-08,
                    0.9564855694770813,
                    0.2917793095111847,
                    1.1762001514434814
                ],
                [
                    0.0,
                    0.0,
                    0.0,
                    1.0
                ]
            ]
        },
        {
            "file_path": "/data/shapenet_blender/all_50_random/02958343/81bb9f249771d31ac675ce607c2b4b5f/r_29",
            "rotation": 0.12566370614359174,
            "transform_matrix": [
                [
                    0.9934757947921753,
                    0.0037121735513210297,
                    -0.11398325115442276,
                    -0.4594811797142029
                ],
                [
                    -0.1140436977148056,
                    0.032338082790374756,
                    -0.9929492473602295,
                    -4.002706527709961
                ],
                [
                    0.0,
                    0.999470055103302,
                    0.032550450414419174,
                    0.13121506571769714
                ],
                [
                    0.0,
                    0.0,
                    0.0,
                    1.0
                ]
            ]
        },
        {
            "file_path": "/data/shapenet_blender/all_50_random/02958343/81bb9f249771d31ac675ce607c2b4b5f/r_30",
            "rotation": 0.12566370614359174,
            "transform_matrix": [
                [
                    0.9999920129776001,
                    0.0010401996551081538,
                    0.0038581425324082375,
                    0.015552669763565063
                ],
                [
                    0.003995907958596945,
                    -0.2603141665458679,
                    -0.965515673160553,
                    -3.892118215560913
                ],
                [
                    1.1641532182693481e-10,
                    0.9655234813690186,
                    -0.2603161931037903,
                    -1.049368143081665
                ],
                [
                    0.0,
                    0.0,
                    0.0,
                    1.0
                ]
            ]
        },
        {
            "file_path": "/data/shapenet_blender/all_50_random/02958343/81bb9f249771d31ac675ce607c2b4b5f/r_31",
            "rotation": 0.12566370614359174,
            "transform_matrix": [
                [
                    -0.8121683597564697,
                    -0.3884262144565582,
                    -0.4353247582912445,
                    -1.7548502683639526
                ],
                [
                    -0.5834231376647949,
                    0.540718138217926,
                    0.6060043573379517,
                    2.4428815841674805
                ],
                [
                    1.4901161193847656e-08,
                    0.7461561560630798,
                    -0.6657710075378418,
                    -2.6838088035583496
                ],
                [
                    0.0,
                    0.0,
                    0.0,
                    1.0
                ]
            ]
        },
        {
            "file_path": "/data/shapenet_blender/all_50_random/02958343/81bb9f249771d31ac675ce607c2b4b5f/r_32",
            "rotation": 0.12566370614359174,
            "transform_matrix": [
                [
                    -0.681627094745636,
                    -0.3188025951385498,
                    -0.6585965156555176,
                    -2.6548876762390137
                ],
                [
                    -0.7316998243331909,
                    0.29698580503463745,
                    0.613526463508606,
                    2.4732046127319336
                ],
                [
                    -1.4901164746561335e-08,
                    0.9000911712646484,
                    -0.4357013702392578,
                    -1.7563685178756714
                ],
                [
                    0.0,
                    0.0,
                    0.0,
                    1.0
                ]
            ]
        },
        {
            "file_path": "/data/shapenet_blender/all_50_random/02958343/81bb9f249771d31ac675ce607c2b4b5f/r_33",
            "rotation": 0.12566370614359174,
            "transform_matrix": [
                [
                    0.010488824918866158,
                    0.8280196189880371,
                    0.5606010556221008,
                    2.259855031967163
                ],
                [
                    0.9999450445175171,
                    -0.008685430511832237,
                    -0.005880369804799557,
                    -0.02370452880859375
                ],
                [
                    0.0,
                    0.5606318712234497,
                    -0.8280651569366455,
                    -3.3380374908447266
                ],
                [
                    0.0,
                    0.0,
                    0.0,
                    1.0
                ]
            ]
        },
        {
            "file_path": "/data/shapenet_blender/all_50_random/02958343/81bb9f249771d31ac675ce607c2b4b5f/r_34",
            "rotation": 0.12566370614359174,
            "transform_matrix": [
                [
                    0.6742309927940369,
                    -0.23278409242630005,
                    -0.7008737921714783,
                    -2.825312614440918
                ],
                [
                    -0.7385205626487732,
                    -0.2125198394060135,
                    -0.639861524105072,
                    -2.57936429977417
                ],
                [
                    0.0,
                    0.9490241408348083,
                    -0.3152032792568207,
                    -1.270625114440918
                ],
                [
                    0.0,
                    0.0,
                    0.0,
                    1.0
                ]
            ]
        },
        {
            "file_path": "/data/shapenet_blender/all_50_random/02958343/81bb9f249771d31ac675ce607c2b4b5f/r_35",
            "rotation": 0.12566370614359174,
            "transform_matrix": [
                [
                    0.10074851661920547,
                    0.013513395562767982,
                    0.9948201179504395,
                    4.010248184204102
                ],
                [
                    0.9949120283126831,
                    -0.001368416822515428,
                    -0.10073920339345932,
                    -0.40609273314476013
                ],
                [
                    -1.1641533570472262e-10,
                    0.9999077320098877,
                    -0.013582504354417324,
                    -0.05475282669067383
                ],
                [
                    0.0,
                    0.0,
                    0.0,
                    1.0
                ]
            ]
        },
        {
            "file_path": "/data/shapenet_blender/all_50_random/02958343/81bb9f249771d31ac675ce607c2b4b5f/r_36",
            "rotation": 0.12566370614359174,
            "transform_matrix": [
                [
                    -0.9219674468040466,
                    0.15813596546649933,
                    -0.3535095751285553,
                    -1.4250426292419434
                ],
                [
                    -0.3872673511505127,
                    -0.3764743208885193,
                    0.8416002988815308,
                    3.39259934425354
                ],
                [
                    0.0,
                    0.9128307700157166,
                    0.4083379805088043,
                    1.6460630893707275
                ],
                [
                    0.0,
                    0.0,
                    0.0,
                    1.0
                ]
            ]
        },
        {
            "file_path": "/data/shapenet_blender/all_50_random/02958343/81bb9f249771d31ac675ce607c2b4b5f/r_37",
            "rotation": 0.12566370614359174,
            "transform_matrix": [
                [
                    0.854716956615448,
                    0.19321495294570923,
                    0.48179563879966736,
                    1.9421803951263428
                ],
                [
                    0.5190945267677307,
                    -0.3181387782096863,
                    -0.7933023571968079,
                    -3.197904109954834
                ],
                [
                    0.0,
                    0.9281463623046875,
                    -0.3722153902053833,
                    -1.500448226928711
                ],
                [
                    0.0,
                    0.0,
                    0.0,
                    1.0
                ]
            ]
        },
        {
            "file_path": "/data/shapenet_blender/all_50_random/02958343/81bb9f249771d31ac675ce607c2b4b5f/r_38",
            "rotation": 0.12566370614359174,
            "transform_matrix": [
                [
                    0.40357765555381775,
                    -0.09000391513109207,
                    -0.9105077981948853,
                    -3.6703741550445557
                ],
                [
                    -0.9149454236030579,
                    -0.03970025107264519,
                    -0.40162020921707153,
                    -1.6189827919006348
                ],
                [
                    3.725290298461914e-09,
                    0.9951497316360474,
                    -0.09837082028388977,
                    -0.3965454399585724
                ],
                [
                    0.0,
                    0.0,
                    0.0,
                    1.0
                ]
            ]
        },
        {
            "file_path": "/data/shapenet_blender/all_50_random/02958343/81bb9f249771d31ac675ce607c2b4b5f/r_39",
            "rotation": 0.12566370614359174,
            "transform_matrix": [
                [
                    -0.1350967139005661,
                    -0.4765454828739166,
                    0.8687077760696411,
                    3.501873016357422
                ],
                [
                    0.9908324480056763,
                    -0.06497538834810257,
                    0.11844541877508163,
                    0.4774687588214874
                ],
                [
                    -3.725290742551124e-09,
                    0.8767454028129578,
                    0.48095470666885376,
                    1.9387904405593872
                ],
                [
                    0.0,
                    0.0,
                    0.0,
                    1.0
                ]
            ]
        },
        {
            "file_path": "/data/shapenet_blender/all_50_random/02958343/81bb9f249771d31ac675ce607c2b4b5f/r_40",
            "rotation": 0.12566370614359174,
            "transform_matrix": [
                [
                    0.4856621325016022,
                    0.01765034906566143,
                    0.8739684224128723,
                    3.5230793952941895
                ],
                [
                    0.8741466999053955,
                    -0.00980625580996275,
                    -0.4855630695819855,
                    -1.9573673009872437
                ],
                [
                    9.31322685637781e-10,
                    0.9997960329055786,
                    -0.020191524177789688,
                    -0.08139463514089584
                ],
                [
                    0.0,
                    0.0,
                    0.0,
                    1.0
                ]
            ]
        },
        {
            "file_path": "/data/shapenet_blender/all_50_random/02958343/81bb9f249771d31ac675ce607c2b4b5f/r_41",
            "rotation": 0.12566370614359174,
            "transform_matrix": [
                [
                    -0.7484627366065979,
                    -0.005513342563062906,
                    -0.6631538271903992,
                    -2.6732587814331055
                ],
                [
                    -0.6631768345832825,
                    0.006222370080649853,
