{
    "class": "02958343",
    "model": "e84eb770bb6cedf3bda733a39f84326d",
    "remove_doubles": true,
    "edge_split": true,
    "denoise": true,
    "camera_angle_x": 0.6911112070083618,
    "scale_factor": 2.3231798282403333,
    "hdri_file": "/data/IndoorHDRDataset2018/9C4A1230-3c340e2ba1.exr",
    "center_offset": [
        0.0,
        0.0,
        0.0
    ],
    "lights": [],
    "frames": [
        {
            "file_path": "/data/shapenet_blender/all_50_random/02958343/e84eb770bb6cedf3bda733a39f84326d/r_0",
            "rotation": 0.12566370614359174,
            "transform_matrix": [
                [
                    0.8356602191925049,
                    0.017810052260756493,
                    0.5489579439163208,
                    2.2129201889038086
                ],
                [
                    0.5492467284202576,
                    -0.027097385376691818,
                    -0.8352207541465759,
                    -3.366882562637329
                ],
                [
                    -9.313225191043273e-10,
                    0.9994741082191467,
                    -0.032426320016384125,
                    -0.13071466982364655
                ],
                [
                    0.0,
                    0.0,
                    0.0,
                    1.0
                ]
            ]
        },
        {
            "file_path": "/data/shapenet_blender/all_50_random/02958343/e84eb770bb6cedf3bda733a39f84326d/r_1",
            "rotation": 0.12566370614359174,
            "transform_matrix": [
                [
                    -0.08388601988554001,
                    0.1705857515335083,
                    0.9817655682563782,
                    3.9576234817504883
                ],
                [
                    0.9964753985404968,
                    0.014360375702381134,
                    0.08264771103858948,
                    0.3331635892391205
                ],
                [
                    0.0,
                    0.9852380752563477,
                    -0.17118914425373077,
                    -0.6900855302810669
                ],
                [
                    0.0,
                    0.0,
                    0.0,
                    1.0
                ]
            ]
        },
        {
            "file_path": "/data/shapenet_blender/all_50_random/02958343/e84eb770bb6cedf3bda733a39f84326d/r_2",
            "rotation": 0.12566370614359174,
            "transform_matrix": [
                [
                    0.9888920783996582,
                    -0.07635464519262314,
                    -0.12752456963062286,
                    -0.514068067073822
                ],
                [
                    -0.1486356407403946,
                    -0.5079972743988037,
                    -0.8484374284744263,
                    -3.420161008834839
                ],
                [
                    0.0,
                    0.8579676747322083,
                    -0.513703465461731,
                    -2.070805072784424
                ],
                [
                    0.0,
                    0.0,
                    0.0,
                    1.0
                ]
            ]
        },
        {
            "file_path": "/data/shapenet_blender/all_50_random/02958343/e84eb770bb6cedf3bda733a39f84326d/r_3",
            "rotation": 0.12566370614359174,
            "transform_matrix": [
                [
                    -0.024209771305322647,
                    -0.8479964733123779,
                    0.5294485092163086,
                    2.134275197982788
                ],
                [
                    0.9997069835662842,
                    -0.020535815507173538,
                    0.012821583077311516,
                    0.051685452461242676
                ],
                [
                    0.0,
                    0.5296037793159485,
                    0.8482451438903809,
                    3.4193854331970215
                ],
                [
                    0.0,
                    0.0,
                    0.0,
                    1.0
                ]
            ]
        },
        {
            "file_path": "/data/shapenet_blender/all_50_random/02958343/e84eb770bb6cedf3bda733a39f84326d/r_4",
            "rotation": 0.12566370614359174,
            "transform_matrix": [
                [
                    0.36800453066825867,
                    0.31166335940361023,
                    -0.8760356307029724,
                    -3.5314130783081055
                ],
                [
                    -0.9298241138458252,
                    0.12334971129894257,
                    -0.3467162549495697,
                    -1.3976579904556274
                ],
                [
                    -7.450581485102248e-09,
                    0.942152202129364,
                    0.33518528938293457,
                    1.3511751890182495
                ],
                [
                    0.0,
                    0.0,
                    0.0,
                    1.0
                ]
            ]
        },
        {
            "file_path": "/data/shapenet_blender/all_50_random/02958343/e84eb770bb6cedf3bda733a39f84326d/r_5",
            "rotation": 0.12566370614359174,
            "transform_matrix": [
                [
                    0.999746561050415,
                    0.01496477797627449,
                    -0.016822032630443573,
                    -0.06781178712844849
                ],
                [
                    -0.022515006363391876,
                    0.6644895076751709,
                    -0.7469582557678223,
                    -3.011085271835327
                ],
                [
                    0.0,
                    0.7471477389335632,
                    0.6646579504013062,
                    2.6793222427368164
                ],
                [
                    0.0,
                    0.0,
                    0.0,
                    1.0
                ]
            ]
        },
        {
            "file_path": "/data/shapenet_blender/all_50_random/02958343/e84eb770bb6cedf3bda733a39f84326d/r_6",
            "rotation": 0.12566370614359174,
            "transform_matrix": [
                [
                    -0.8880115151405334,
                    0.17746186256408691,
                    0.42419663071632385,
                    1.709991455078125
                ],
                [
                    0.4598211944103241,
                    0.3427162170410156,
                    0.8192129731178284,
                    3.3023533821105957
                ],
                [
                    0.0,
                    0.9225252270698547,
                    -0.3859366476535797,
                    -1.5557605028152466
                ],
                [
                    0.0,
                    0.0,
                    0.0,
                    1.0
                ]
            ]
        },
        {
            "file_path": "/data/shapenet_blender/all_50_random/02958343/e84eb770bb6cedf3bda733a39f84326d/r_7",
            "rotation": 0.12566370614359174,
            "transform_matrix": [
                [
                    -0.9515976309776306,
                    0.291277140378952,
                    -0.09807965904474258,
                    -0.3953717052936554
                ],
                [
                    -0.3073467016220093,
                    -0.9018434882164001,
                    0.303671270608902,
                    1.2241379022598267
                ],
                [
                    -7.450580596923828e-09,
                    0.3191172778606415,
                    0.9477152824401855,
                    3.820362091064453
                ],
                [
                    0.0,
                    0.0,
                    0.0,
                    1.0
                ]
            ]
        },
        {
            "file_path": "/data/shapenet_blender/all_50_random/02958343/e84eb770bb6cedf3bda733a39f84326d/r_8",
            "rotation": 0.12566370614359174,
            "transform_matrix": [
                [
                    -0.32629528641700745,
                    -0.08962593227624893,
                    0.9410093426704407,
                    3.793329954147339
                ],
                [
                    0.9452678561210632,
                    -0.030937813222408295,
                    0.32482531666755676,
                    1.3094127178192139
                ],
                [
                    0.0,
                    0.9954949021339417,
                    0.09481537342071533,
                    0.3822129964828491
                ],
                [
                    0.0,
                    0.0,
                    0.0,
                    1.0
                ]
            ]
        },
        {
            "file_path": "/data/shapenet_blender/all_50_random/02958343/e84eb770bb6cedf3bda733a39f84326d/r_9",
            "rotation": 0.12566370614359174,
            "transform_matrix": [
                [
                    0.8453328013420105,
                    0.015716729685664177,
                    0.5340088605880737,
                    2.152658462524414
                ],
                [
                    0.5342400670051575,
                    -0.024868721142411232,
                    -0.8449669480323792,
                    -3.406170606613159
                ],
                [
                    0.0,
                    0.9995670914649963,
                    -0.029418859630823135,
                    -0.11859121918678284
                ],
                [
                    0.0,
                    0.0,
                    0.0,
                    1.0
                ]
            ]
        },
        {
            "file_path": "/data/shapenet_blender/all_50_random/02958343/e84eb770bb6cedf3bda733a39f84326d/r_10",
            "rotation": 0.12566370614359174,
            "transform_matrix": [
                [
                    0.4854411482810974,
                    -0.811409592628479,
                    0.3255169689655304,
                    1.3122010231018066
                ],
                [
                    0.8742694854736328,
                    0.4505379796028137,
                    -0.18074442446231842,
                    -0.7286041378974915
                ],
                [
                    0.0,
                    0.3723302185535431,
                    0.9281002283096313,
                    3.7412919998168945
                ],
                [
                    0.0,
                    0.0,
                    0.0,
                    1.0
                ]
            ]
        },
        {
            "file_path": "/data/shapenet_blender/all_50_random/02958343/e84eb770bb6cedf3bda733a39f84326d/r_11",
            "rotation": 0.12566370614359174,
            "transform_matrix": [
                [
                    0.4800368845462799,
                    0.2184755653142929,
                    -0.849607527256012,
                    -3.424877405166626
                ],
                [
                    -0.8772481679916382,
                    0.11955148726701736,
                    -0.46491169929504395,
                    -1.8741189241409302
                ],
                [
                    0.0,
                    0.9684914946556091,
                    0.2490464597940445,
                    1.0039383172988892
                ],
                [
                    0.0,
                    0.0,
                    0.0,
                    1.0
                ]
            ]
        },
        {
            "file_path": "/data/shapenet_blender/all_50_random/02958343/e84eb770bb6cedf3bda733a39f84326d/r_12",
            "rotation": 0.12566370614359174,
            "transform_matrix": [
                [
                    -0.7708632946014404,
                    0.5296823382377625,
                    0.3538453280925751,
                    1.4263962507247925
                ],
                [
                    0.6370006799697876,
                    0.6409924626350403,
                    0.42820417881011963,
                    1.7261464595794678
                ],
                [
                    1.4901161193847656e-08,
                    0.5554865002632141,
                    -0.8315253853797913,
                    -3.3519864082336426
                ],
                [
                    0.0,
                    0.0,
                    0.0,
                    1.0
                ]
            ]
        },
        {
            "file_path": "/data/shapenet_blender/all_50_random/02958343/e84eb770bb6cedf3bda733a39f84326d/r_13",
            "rotation": 0.12566370614359174,
            "transform_matrix": [
                [
                    -0.3241168260574341,
                    -0.13705602288246155,
                    0.936036229133606,
                    3.773282766342163
                ],
                [
                    0.9460170269012451,
                    -0.04695704206824303,
                    0.32069727778434753,
                    1.2927720546722412
                ],
                [
                    0.0,
                    0.9894496202468872,
                    0.14487691223621368,
                    0.5840175151824951
                ],
                [
                    0.0,
                    0.0,
                    0.0,
                    1.0
                ]
            ]
        },
        {
            "file_path": "/data/shapenet_blender/all_50_random/02958343/e84eb770bb6cedf3bda733a39f84326d/r_14",
            "rotation": 0.12566370614359174,
            "transform_matrix": [
                [
                    -0.9995794296264648,
                    0.010525102727115154,
                    0.027024464681744576,
                    0.10893911123275757
                ],
                [
                    0.029001720249652863,
                    0.36276042461395264,
                    0.9314309358596802,
                    3.754718542098999
                ],
                [
                    0.0,
                    0.9318229556083679,
                    -0.3629130721092224,
                    -1.462949514389038
                ],
                [
                    0.0,
                    0.0,
                    0.0,
                    1.0
                ]
            ]
        },
        {
            "file_path": "/data/shapenet_blender/all_50_random/02958343/e84eb770bb6cedf3bda733a39f84326d/r_15",
            "rotation": 0.12566370614359174,
            "transform_matrix": [
                [
                    -0.986087441444397,
                    0.0322260819375515,
                    0.16307367384433746,
                    0.6573710441589355
                ],
                [
                    0.16622740030288696,
                    0.19117026031017303,
                    0.9673790335655212,
                    3.899629831314087
                ],
                [
                    -1.862645149230957e-09,
                    0.9810277223587036,
                    -0.19386741518974304,
                    -0.7815046310424805
                ],
                [
                    0.0,
                    0.0,
                    0.0,
                    1.0
                ]
            ]
        },
        {
            "file_path": "/data/shapenet_blender/all_50_random/02958343/e84eb770bb6cedf3bda733a39f84326d/r_16",
            "rotation": 0.12566370614359174,
            "transform_matrix": [
                [
                    0.1947050392627716,
                    -0.09580974280834198,
                    0.9761713147163391,
                    3.935072422027588
                ],
                [
                    0.9808619022369385,
                    0.019018620252609253,
                    -0.19377392530441284,
                    -0.7811276912689209
                ],
                [
                    -1.862645371275562e-09,
                    0.9952179193496704,
                    0.09767914563417435,
                    0.3937572240829468
                ],
                [
                    0.0,
                    0.0,
                    0.0,
                    1.0
                ]
            ]
        },
        {
            "file_path": "/data/shapenet_blender/all_50_random/02958343/e84eb770bb6cedf3bda733a39f84326d/r_17",
            "rotation": 0.12566370614359174,
            "transform_matrix": [
                [
                    0.253863126039505,
                    0.7658191323280334,
                    -0.5908253788948059,
                    -2.3816933631896973
                ],
                [
                    -0.9672402143478394,
                    0.20099788904190063,
                    -0.15506881475448608,
                    -0.6251024007797241
                ],
                [
                    -7.450580596923828e-09,
                    0.6108362674713135,
                    0.7917569279670715,
                    3.19167423248291
                ],
                [
                    0.0,
                    0.0,
                    0.0,
                    1.0
                ]
            ]
        },
        {
            "file_path": "/data/shapenet_blender/all_50_random/02958343/e84eb770bb6cedf3bda733a39f84326d/r_18",
            "rotation": 0.12566370614359174,
            "transform_matrix": [
                [
                    -0.8915672302246094,
                    0.0556032732129097,
                    0.4494621455669403,
                    1.8118399381637573
                ],
                [
                    0.45288848876953125,
                    0.1094619482755661,
                    0.8848220109939575,
                    3.5668318271636963
                ],
                [
                    0.0,
                    0.9924344420433044,
                    -0.12277476489543915,
                    -0.494920939207077
                ],
                [
                    0.0,
                    0.0,
                    0.0,
                    1.0
                ]
            ]
        },
        {
            "file_path": "/data/shapenet_blender/all_50_random/02958343/e84eb770bb6cedf3bda733a39f84326d/r_19",
            "rotation": 0.12566370614359174,
            "transform_matrix": [
                [
                    -0.7649078369140625,
                    -0.3936408758163452,
                    -0.5098653435707092,
                    -2.055333137512207
                ],
                [
                    -0.6441395878791809,
                    0.46744370460510254,
                    0.6054588556289673,
                    2.440682888031006
                ],
                [
                    0.0,
                    0.7915448546409607,
                    -0.6111109852790833,
                    -2.4634673595428467
                ],
                [
                    0.0,
                    0.0,
                    0.0,
                    1.0
                ]
            ]
        },
        {
            "file_path": "/data/shapenet_blender/all_50_random/02958343/e84eb770bb6cedf3bda733a39f84326d/r_20",
            "rotation": 0.12566370614359174,
            "transform_matrix": [
                [
                    0.3591880202293396,
                    -0.1598106324672699,
                    -0.919480562210083,
                    -3.7065446376800537
                ],
                [
                    -0.933265209197998,
                    -0.06150670722126961,
                    -0.35388270020484924,
                    -1.4265468120574951
                ],
                [
                    0.0,
                    0.9852296113967896,
                    -0.17123819887638092,
                    -0.6902832388877869
                ],
                [
                    0.0,
                    0.0,
                    0.0,
                    1.0
                ]
            ]
        },
        {
            "file_path": "/data/shapenet_blender/all_50_random/02958343/e84eb770bb6cedf3bda733a39f84326d/r_21",
            "rotation": 0.12566370614359174,
            "transform_matrix": [
                [
                    -0.3931847810745239,
                    -0.47588595747947693,
                    -0.7867262363433838,
                    -3.1713950634002686
                ],
                [
                    -0.919459342956543,
                    0.20350122451782227,
                    0.3364246189594269,
                    1.3561711311340332
                ],
                [
                    0.0,
                    0.8556399345397949,
                    -0.5175713896751404,
                    -2.086397171020508
                ],
                [
                    0.0,
                    0.0,
                    0.0,
                    1.0
                ]
            ]
        },
        {
            "file_path": "/data/shapenet_blender/all_50_random/02958343/e84eb770bb6cedf3bda733a39f84326d/r_22",
            "rotation": 0.12566370614359174,
            "transform_matrix": [
                [
                    0.1308441162109375,
                    0.9200610518455505,
                    -0.3692794740200043,
                    -1.4886131286621094
                ],
                [
                    -0.9914029836654663,
                    0.12142849713563919,
                    -0.04873703792691231,
                    -0.19646528363227844
                ],
                [
                    0.0,
                    0.3724818825721741,
                    0.92803955078125,
                    3.7410471439361572
                ],
                [
                    0.0,
                    0.0,
                    0.0,
                    1.0
                ]
            ]
        },
        {
            "file_path": "/data/shapenet_blender/all_50_random/02958343/e84eb770bb6cedf3bda733a39f84326d/r_23",
            "rotation": 0.12566370614359174,
            "transform_matrix": [
                [
                    -0.1402868777513504,
                    0.49248450994491577,
                    -0.8589403033256531,
                    -3.4624993801116943
                ],
                [
                    -0.9901109933853149,
                    -0.0697791650891304,
                    0.12170156836509705,
                    0.490594744682312
                ],
                [
                    -3.725290742551124e-09,
                    0.8675192594528198,
                    0.49740341305732727,
                    2.0050973892211914
                ],
                [
                    0.0,
                    0.0,
                    0.0,
                    1.0
                ]
            ]
        },
        {
            "file_path": "/data/shapenet_blender/all_50_random/02958343/e84eb770bb6cedf3bda733a39f84326d/r_24",
            "rotation": 0.12566370614359174,
            "transform_matrix": [
                [
                    -0.9574664235115051,
                    0.1317577213048935,
                    -0.2567059099674225,
                    -1.0348145961761475
                ],
                [
                    -0.2885446846485138,
                    -0.437206506729126,
                    0.8518171310424805,
                    3.4337847232818604
                ],
                [
                    -7.450581485102248e-09,
                    0.8896572589874268,
                    0.45662859082221985,
                    1.840728759765625
                ],
                [
                    0.0,
                    0.0,
                    0.0,
                    1.0
                ]
            ]
        },
        {
            "file_path": "/data/shapenet_blender/all_50_random/02958343/e84eb770bb6cedf3bda733a39f84326d/r_25",
            "rotation": 0.12566370614359174,
            "transform_matrix": [
                [
                    -0.44933557510375977,
                    0.4159777760505676,
                    0.7906073927879333,
                    3.187040328979492
                ],
                [
                    0.8933631181716919,
                    0.20922468602657318,
                    0.3976524770259857,
                    1.602988362312317
                ],
                [
                    0.0,
                    0.8849788904190063,
                    -0.4656312167644501,
                    -1.8770195245742798
                ],
                [
                    0.0,
                    0.0,
                    0.0,
                    1.0
                ]
            ]
        },
        {
            "file_path": "/data/shapenet_blender/all_50_random/02958343/e84eb770bb6cedf3bda733a39f84326d/r_26",
            "rotation": 0.12566370614359174,
            "transform_matrix": [
                [
                    0.6288443207740784,
                    -0.17043861746788025,
                    -0.7586207985877991,
                    -3.0580978393554688
                ],
                [
                    -0.777531087398529,
                    -0.13784575462341309,
                    -0.6135502457618713,
                    -2.473299741744995
                ],
                [
                    0.0,
                    0.9756788611412048,
                    -0.2192048728466034,
                    -0.8836429715156555
                ],
                [
                    0.0,
                    0.0,
                    0.0,
                    1.0
                ]
            ]
        },
        {
            "file_path": "/data/shapenet_blender/all_50_random/02958343/e84eb770bb6cedf3bda733a39f84326d/r_27",
            "rotation": 0.12566370614359174,
            "transform_matrix": [
                [
                    0.42726412415504456,
                    -0.14456965029239655,
                    -0.8924936652183533,
                    -3.59775710105896
                ],
                [
                    -0.9041269421577454,
                    -0.0683194175362587,
                    -0.42176657915115356,
                    -1.7001954317092896
                ],
                [
                    0.0,
                    0.987133264541626,
                    -0.1598997265100479,
                    -0.6445764303207397
                ],
                [
                    0.0,
                    0.0,
                    0.0,
                    1.0
                ]
            ]
        },
        {
            "file_path": "/data/shapenet_blender/all_50_random/02958343/e84eb770bb6cedf3bda733a39f84326d/r_28",
            "rotation": 0.12566370614359174,
            "transform_matrix": [
                [
                    -0.9591683149337769,
                    0.16987942159175873,
                    0.22613467276096344,
                    0.9115780591964722
                ],
                [
                    0.2828354835510254,
                    0.5761050581932068,
                    0.7668812274932861,
                    3.091397285461426
                ],
                [
                    1.4901159417490817e-08,
                    0.7995272278785706,
                    -0.6006297469139099,
                    -2.4212162494659424
                ],
                [
                    0.0,
                    0.0,
                    0.0,
                    1.0
                ]
            ]
        },
        {
            "file_path": "/data/shapenet_blender/all_50_random/02958343/e84eb770bb6cedf3bda733a39f84326d/r_29",
            "rotation": 0.12566370614359174,
            "transform_matrix": [
                [
                    -0.8711059093475342,
                    -0.016905171796679497,
                    0.49080416560173035,
                    1.9784948825836182
                ],
                [
                    0.4910952150821686,
                    -0.029986437410116196,
                    0.8705896139144897,
                    3.5094590187072754
                ],
                [
                    0.0,
                    0.999407172203064,
                    0.03442341834306717,
                    0.13876523077487946
                ],
                [
                    0.0,
                    0.0,
                    0.0,
                    1.0
                ]
            ]
        },
        {
            "file_path": "/data/shapenet_blender/all_50_random/02958343/e84eb770bb6cedf3bda733a39f84326d/r_30",
            "rotation": 0.12566370614359174,
            "transform_matrix": [
                [
                    -0.4074040651321411,
                    0.27571937441825867,
                    -0.8706324100494385,
                    -3.509631395339966
                ],
                [
                    -0.9132480621337891,
                    -0.1229996606707573,
                    0.3883930444717407,
                    1.5656623840332031
                ],
                [
                    -7.450580596923828e-09,
                    0.953336238861084,
                    0.30191072821617126,
                    1.217041015625
                ],
                [
                    0.0,
                    0.0,
                    0.0,
                    1.0
                ]
            ]
        },
        {
            "file_path": "/data/shapenet_blender/all_50_random/02958343/e84eb770bb6cedf3bda733a39f84326d/r_31",
            "rotation": 0.12566370614359174,
            "transform_matrix": [
                [
                    0.11646868288516998,
                    -0.2975303530693054,
                    -0.9475815296173096,
                    -3.8198232650756836
                ],
                [
                    -0.9931943416595459,
                    -0.03489042446017265,
                    -0.1111198216676712,
                    -0.44793832302093506
                ],
                [
                    -3.7252898543727042e-09,
                    0.9540746808052063,
                    -0.29956912994384766,
                    -1.20760178565979
                ],
                [
                    0.0,
                    0.0,
                    0.0,
                    1.0
                ]
            ]
        },
        {
            "file_path": "/data/shapenet_blender/all_50_random/02958343/e84eb770bb6cedf3bda733a39f84326d/r_32",
            "rotation": 0.12566370614359174,
            "transform_matrix": [
                [
                    0.22294698655605316,
                    -0.3741213083267212,
                    0.9001821279525757,
                    3.6287503242492676
                ],
                [
                    0.9748306274414062,
                    0.08556278795003891,
                    -0.20587463676929474,
                    -0.8299071788787842
                ],
                [
                    0.0,
                    0.923424243927002,
                    0.3837808668613434,
                    1.5470701456069946
                ],
                [
                    0.0,
                    0.0,
                    0.0,
                    1.0
                ]
            ]
        },
        {
            "file_path": "/data/shapenet_blender/all_50_random/02958343/e84eb770bb6cedf3bda733a39f84326d/r_33",
            "rotation": 0.12566370614359174,
            "transform_matrix": [
                [
                    0.006259813904762268,
                    0.33308282494544983,
                    0.9428768157958984,
                    3.8008580207824707
                ],
                [
                    0.9999803900718689,
                    -0.002085077576339245,
                    -0.005902349483221769,
                    -0.023793131113052368
                ],
                [
                    0.0,
                    0.9428952932357788,
                    -0.33308932185173035,
                    -1.3427259922027588
                ],
                [
                    0.0,
                    0.0,
                    0.0,
                    1.0
                ]
            ]
        },
        {
            "file_path": "/data/shapenet_blender/all_50_random/02958343/e84eb770bb6cedf3bda733a39f84326d/r_34",
            "rotation": 0.12566370614359174,
            "transform_matrix": [
                [
                    -0.5496461987495422,
                    -0.4972952902317047,
                    -0.6712573170661926,
                    -2.7059247493743896
                ],
                [
                    -0.8353975415229797,
                    0.32719331979751587,
                    0.4416508972644806,
                    1.7803517580032349
                ],
                [
                    0.0,
                    0.8035184741020203,
                    -0.5952798128128052,
                    -2.3996496200561523
                ],
                [
                    0.0,
                    0.0,
                    0.0,
                    1.0
                ]
            ]
        },
        {
            "file_path": "/data/shapenet_blender/all_50_random/02958343/e84eb770bb6cedf3bda733a39f84326d/r_35",
            "rotation": 0.12566370614359174,
            "transform_matrix": [
                [
                    0.991107702255249,
                    0.08826176077127457,
                    -0.09957598894834518,
                    -0.4014036953449249
                ],
                [
                    -0.13306209444999695,
                    0.6574141979217529,
                    -0.7416878342628479,
                    -2.989839553833008
                ],
                [
                    -7.450581485102248e-09,
                    0.7483422756195068,
                    0.663312554359436,
                    2.673898696899414
                ],
                [
                    0.0,
                    0.0,
                    0.0,
                    1.0
                ]
            ]
        },
        {
            "file_path": "/data/shapenet_blender/all_50_random/02958343/e84eb770bb6cedf3bda733a39f84326d/r_36",
            "rotation": 0.12566370614359174,
            "transform_matrix": [
                [
                    0.9983007311820984,
                    0.046509210020303726,
                    -0.03510662913322449,
                    -0.14151936769485474
                ],
                [
                    -0.058271624147892,
                    0.79678875207901,
                    -0.601441502571106,
                    -2.4244885444641113
                ],
                [
                    -1.8626450382086546e-09,
                    0.6024652719497681,
                    0.7981449961662292,
                    3.217425584793091
                ],
                [
                    0.0,
                    0.0,
                    0.0,
                    1.0
                ]
            ]
        },
        {
            "file_path": "/data/shapenet_blender/all_50_random/02958343/e84eb770bb6cedf3bda733a39f84326d/r_37",
            "rotation": 0.12566370614359174,
            "transform_matrix": [
                [
                    0.998586118221283,
                    -0.01946130208671093,
                    -0.04946786165237427,
                    -0.1994113326072693
                ],
                [
                    -0.05315836891531944,
                    -0.36558282375335693,
                    -0.9292595386505127,
                    -3.745965003967285
                ],
                [
                    0.0,
                    0.9305752515792847,
                    -0.3661004900932312,
                    -1.47579824924469
                ],
                [
                    0.0,
                    0.0,
                    0.0,
                    1.0
                ]
            ]
        },
        {
            "file_path": "/data/shapenet_blender/all_50_random/02958343/e84eb770bb6cedf3bda733a39f84326d/r_38",
            "rotation": 0.12566370614359174,
            "transform_matrix": [
                [
                    0.31228479743003845,
                    0.2912501394748688,
                    -0.9042408466339111,
                    -3.645111560821533
                ],
                [
                    -0.9499885439872742,
                    0.0957411453127861,
                    -0.29724639654159546,
                    -1.1982386112213135
                ],
                [
                    0.0,
                    0.9518438577651978,
                    0.30658283829689026,
                    1.2358750104904175
                ],
                [
                    0.0,
                    0.0,
                    0.0,
                    1.0
                ]
            ]
        },
        {
            "file_path": "/data/shapenet_blender/all_50_random/02958343/e84eb770bb6cedf3bda733a39f84326d/r_39",
            "rotation": 0.12566370614359174,
            "transform_matrix": [
                [
                    -0.1063232570886612,
                    -0.42995914816856384,
                    0.8965659737586975,
                    3.61417293548584
                ],
                [
                    0.9943317174911499,
                    -0.045975252985954285,
                    0.09586922079324722,
                    0.38646119832992554
                ],
                [
                    0.0,
                    0.9016769528388977,
                    0.43241026997566223,
                    1.7431015968322754
                ],
                [
                    0.0,
                    0.0,
                    0.0,
                    1.0
                ]
            ]
        },
        {
            "file_path": "/data/shapenet_blender/all_50_random/02958343/e84eb770bb6cedf3bda733a39f84326d/r_40",
            "rotation": 0.12566370614359174,
            "transform_matrix": [
                [
                    -0.7240208983421326,
                    0.5268800854682922,
                    0.445186585187912,
                    1.7946046590805054
                ],
                [
                    0.6897779703140259,
                    0.5530361533164978,
                    0.4672871530056,
                    1.8836948871612549
                ],
                [
                    2.9802320611338473e-08,
                    0.6454057097434998,
                    -0.7638399004936218,
                    -3.0791373252868652
                ],
                [
                    0.0,
                    0.0,
                    0.0,
                    1.0
                ]
            ]
        },
        {
            "file_path": "/data/shapenet_blender/all_50_random/02958343/e84eb770bb6cedf3bda733a39f84326d/r_41",
            "rotation": 0.12566370614359174,
            "transform_matrix": [
                [
                    -0.526717483997345,
                    0.590624213218689,
                    0.6113359928131104,
                    2.464374303817749
                ],
                [
                    0.8500404357910156,
                    0.3659732937812805,
                    0.37880709767341614,
                    1.5270202159881592
                ],
                [
                    0.0,
                    0.7191846370697021,
                    -0.6948189735412598,
                    -2.8009049892425537
