{
    "class": "02958343",
    "model": "15fcfe91d44c0e15e5c9256f048d92d2",
    "remove_doubles": true,
    "edge_split": true,
    "denoise": true,
    "camera_angle_x": 0.6911112070083618,
    "scale_factor": 2.3083600164226206,
    "hdri_file": "/data/IndoorHDRDataset2018/9C4A6519-e2541d62cd.exr",
    "center_offset": [
        0.0,
        0.0,
        -1.862645149230957e-09
    ],
    "lights": [],
    "frames": [
        {
            "file_path": "/data/shapenet_blender/all_50_random/02958343/15fcfe91d44c0e15e5c9256f048d92d2/r_0",
            "rotation": 0.12566370614359174,
            "transform_matrix": [
                [
                    -0.648520290851593,
                    -0.34296664595603943,
                    -0.6795551776885986,
                    -2.7393741607666016
                ],
                [
                    -0.7611973285675049,
                    0.29219865798950195,
                    0.5789633393287659,
                    2.3338756561279297
                ],
                [
                    0.0,
                    0.8927449584007263,
                    -0.45056217908859253,
                    -1.8162740468978882
                ],
                [
                    0.0,
                    0.0,
                    0.0,
                    1.0
                ]
            ]
        },
        {
            "file_path": "/data/shapenet_blender/all_50_random/02958343/15fcfe91d44c0e15e5c9256f048d92d2/r_1",
            "rotation": 0.12566370614359174,
            "transform_matrix": [
                [
                    -0.9068278074264526,
                    -0.10458391159772873,
                    -0.4083203673362732,
                    -1.6459921598434448
                ],
                [
                    -0.4215012788772583,
                    0.22500427067279816,
                    0.8784700036048889,
                    3.5412261486053467
                ],
                [
                    0.0,
                    0.9687286615371704,
                    -0.24812237918376923,
                    -1.000213384628296
                ],
                [
                    0.0,
                    0.0,
                    0.0,
                    1.0
                ]
            ]
        },
        {
            "file_path": "/data/shapenet_blender/all_50_random/02958343/15fcfe91d44c0e15e5c9256f048d92d2/r_2",
            "rotation": 0.12566370614359174,
            "transform_matrix": [
                [
                    0.8810439109802246,
                    -0.07225024700164795,
                    0.4674842655658722,
                    1.8844892978668213
                ],
                [
                    0.47303450107574463,
                    0.1345687210559845,
                    -0.8707064390182495,
                    -3.509929895401001
                ],
                [
                    -7.450580596923828e-09,
                    0.9882667064666748,
                    0.1527378261089325,
                    0.6157058477401733
                ],
                [
                    0.0,
                    0.0,
                    0.0,
                    1.0
                ]
            ]
        },
        {
            "file_path": "/data/shapenet_blender/all_50_random/02958343/15fcfe91d44c0e15e5c9256f048d92d2/r_3",
            "rotation": 0.12566370614359174,
            "transform_matrix": [
                [
                    -0.8332938551902771,
                    -0.5517956018447876,
                    0.03380658105015755,
                    0.1362786889076233
                ],
                [
                    0.552830159664154,
                    -0.8317344188690186,
                    0.05095744878053665,
                    0.20541605353355408
                ],
                [
                    0.0,
                    0.0611516535282135,
                    0.9981284141540527,
                    4.023584365844727
                ],
                [
                    0.0,
                    0.0,
                    0.0,
                    1.0
                ]
            ]
        },
        {
            "file_path": "/data/shapenet_blender/all_50_random/02958343/15fcfe91d44c0e15e5c9256f048d92d2/r_4",
            "rotation": 0.12566370614359174,
            "transform_matrix": [
                [
                    -0.7234882116317749,
                    0.1914200484752655,
                    -0.6632669568061829,
                    -2.6737146377563477
                ],
                [
                    -0.6903365850448608,
                    -0.20061248540878296,
                    0.6951186060905457,
                    2.8021128177642822
                ],
                [
                    1.4901160305669237e-08,
                    0.9607875943183899,
                    0.27728506922721863,
                    1.117771863937378
                ],
                [
                    0.0,
                    0.0,
                    0.0,
                    1.0
                ]
            ]
        },
        {
            "file_path": "/data/shapenet_blender/all_50_random/02958343/15fcfe91d44c0e15e5c9256f048d92d2/r_5",
            "rotation": 0.12566370614359174,
            "transform_matrix": [
                [
                    0.634681224822998,
                    0.10030580312013626,
                    -0.7662365436553955,
                    -3.0887982845306396
                ],
                [
                    -0.7727740406990051,
                    0.08238141238689423,
                    -0.6293120384216309,
                    -2.5368380546569824
                ],
                [
                    0.0,
                    0.9915401339530945,
                    0.12979966402053833,
                    0.5232391953468323
                ],
                [
                    0.0,
                    0.0,
                    0.0,
                    1.0
                ]
            ]
        },
        {
            "file_path": "/data/shapenet_blender/all_50_random/02958343/15fcfe91d44c0e15e5c9256f048d92d2/r_6",
            "rotation": 0.12566370614359174,
            "transform_matrix": [
                [
                    0.6313917636871338,
                    -0.5773062109947205,
                    0.5177468061447144,
                    2.087104082107544
                ],
                [
                    0.775463879108429,
                    0.47004953026771545,
                    -0.4215555191040039,
                    -1.6993446350097656
                ],
                [
                    -1.4901160305669237e-08,
                    0.6676607131958008,
                    0.7444656491279602,
                    3.001037120819092
                ],
                [
                    0.0,
                    0.0,
                    0.0,
                    1.0
                ]
            ]
        },
        {
            "file_path": "/data/shapenet_blender/all_50_random/02958343/15fcfe91d44c0e15e5c9256f048d92d2/r_7",
            "rotation": 0.12566370614359174,
            "transform_matrix": [
                [
                    -0.022967487573623657,
                    0.04922526702284813,
                    0.9985236525535583,
                    4.025177478790283
                ],
                [
                    0.9997361898422241,
                    0.0011308789253234863,
                    0.022939631715416908,
                    0.0924726128578186
                ],
                [
                    1.1641531488804091e-10,
                    0.998786985874176,
                    -0.04923826456069946,
                    -0.19848579168319702
                ],
                [
                    0.0,
                    0.0,
                    0.0,
                    1.0
                ]
            ]
        },
        {
            "file_path": "/data/shapenet_blender/all_50_random/02958343/15fcfe91d44c0e15e5c9256f048d92d2/r_8",
            "rotation": 0.12566370614359174,
            "transform_matrix": [
                [
                    0.9354215860366821,
                    -0.15028494596481323,
                    0.32000139355659485,
                    1.2899668216705322
                ],
                [
                    0.3535342514514923,
                    0.3976411819458008,
                    -0.8466964960098267,
                    -3.413142681121826
                ],
                [
                    1.4901161193847656e-08,
                    0.9051496386528015,
                    0.42509305477142334,
                    1.7136049270629883
                ],
                [
                    0.0,
                    0.0,
                    0.0,
                    1.0
                ]
            ]
        },
        {
            "file_path": "/data/shapenet_blender/all_50_random/02958343/15fcfe91d44c0e15e5c9256f048d92d2/r_9",
            "rotation": 0.12566370614359174,
            "transform_matrix": [
                [
                    0.41703110933303833,
                    -0.431277334690094,
                    -0.8000530004501343,
                    -3.2251169681549072
                ],
                [
                    -0.9088922142982483,
                    -0.1978849172592163,
                    -0.36709192395210266,
                    -1.479794979095459
                ],
                [
                    1.4901161193847656e-08,
                    0.8802508115768433,
                    -0.47450873255729675,
                    -1.9128060340881348
                ],
                [
                    0.0,
                    0.0,
                    0.0,
                    1.0
                ]
            ]
        },
        {
            "file_path": "/data/shapenet_blender/all_50_random/02958343/15fcfe91d44c0e15e5c9256f048d92d2/r_10",
            "rotation": 0.12566370614359174,
            "transform_matrix": [
                [
                    0.23535680770874023,
                    0.6262562870979309,
                    -0.7432430982589722,
                    -2.996108293533325
                ],
                [
                    -0.9719090461730957,
                    0.15165378153324127,
                    -0.1799832284450531,
                    -0.72553551197052
                ],
                [
                    -7.450580152834618e-09,
                    0.7647249102592468,
                    0.644356906414032,
                    2.5974855422973633
                ],
                [
                    0.0,
                    0.0,
                    0.0,
                    1.0
                ]
            ]
        },
        {
            "file_path": "/data/shapenet_blender/all_50_random/02958343/15fcfe91d44c0e15e5c9256f048d92d2/r_11",
            "rotation": 0.12566370614359174,
            "transform_matrix": [
                [
                    0.08642328530550003,
                    0.03632492572069168,
                    -0.9955961108207703,
                    -4.013376235961914
                ],
                [
                    -0.9962584972381592,
                    0.0031511092092841864,
                    -0.08636581897735596,
                    -0.3481517434120178
                ],
                [
                    0.0,
                    0.9993351101875305,
                    0.036461345851421356,
                    0.1469803899526596
                ],
                [
                    0.0,
                    0.0,
                    0.0,
                    1.0
                ]
            ]
        },
        {
            "file_path": "/data/shapenet_blender/all_50_random/02958343/15fcfe91d44c0e15e5c9256f048d92d2/r_12",
            "rotation": 0.12566370614359174,
            "transform_matrix": [
                [
                    0.994412362575531,
                    0.011726543307304382,
                    -0.1049124225974083,
                    -0.4229154884815216
                ],
                [
                    -0.10556575655937195,
                    0.11046215146780014,
                    -0.9882580637931824,
                    -3.983795642852783
                ],
                [
                    9.313225746154785e-10,
                    0.9938110709190369,
                    0.11108285188674927,
                    0.4477893114089966
                ],
                [
                    0.0,
                    0.0,
                    0.0,
                    1.0
                ]
            ]
        },
        {
            "file_path": "/data/shapenet_blender/all_50_random/02958343/15fcfe91d44c0e15e5c9256f048d92d2/r_13",
            "rotation": 0.12566370614359174,
            "transform_matrix": [
                [
                    0.997477650642395,
                    0.0546630434691906,
                    -0.04528185352683067,
                    -0.1825369894504547
                ],
                [
                    -0.07098235934972763,
                    0.7681509256362915,
                    -0.6363219618797302,
                    -2.565095901489258
                ],
                [
                    0.0,
                    0.6379310488700867,
                    0.7700934410095215,
                    3.1043460369110107
                ],
                [
                    0.0,
                    0.0,
                    0.0,
                    1.0
                ]
            ]
        },
        {
            "file_path": "/data/shapenet_blender/all_50_random/02958343/15fcfe91d44c0e15e5c9256f048d92d2/r_14",
            "rotation": 0.12566370614359174,
            "transform_matrix": [
                [
                    -0.2862618863582611,
                    -0.05899679288268089,
                    0.9563332796096802,
                    3.855103015899658
                ],
                [
                    0.9581514596939087,
                    -0.017626162618398666,
                    0.2857186794281006,
                    1.1517689228057861
                ],
                [
                    0.0,
                    0.9981025457382202,
                    0.06157355010509491,
                    0.24821093678474426
                ],
                [
                    0.0,
                    0.0,
                    0.0,
                    1.0
                ]
            ]
        },
        {
            "file_path": "/data/shapenet_blender/all_50_random/02958343/15fcfe91d44c0e15e5c9256f048d92d2/r_15",
            "rotation": 0.12566370614359174,
            "transform_matrix": [
                [
                    -0.7734408974647522,
                    -0.44270026683807373,
                    0.45365801453590393,
                    1.82875394821167
                ],
                [
                    0.6338682770729065,
                    -0.5401791334152222,
                    0.5535497665405273,
                    2.2314305305480957
                ],
                [
                    -2.9802320611338473e-08,
                    0.7156974077224731,
                    0.6984103918075562,
                    2.815382242202759
                ],
                [
                    0.0,
                    0.0,
                    0.0,
                    1.0
                ]
            ]
        },
        {
            "file_path": "/data/shapenet_blender/all_50_random/02958343/15fcfe91d44c0e15e5c9256f048d92d2/r_16",
            "rotation": 0.12566370614359174,
            "transform_matrix": [
                [
                    0.9717791080474854,
                    -0.13487066328525543,
                    -0.19353389739990234,
                    -0.7801600694656372
                ],
                [
                    -0.23589293658733368,
                    -0.5556101202964783,
                    -0.7972778081893921,
                    -3.2139296531677246
                ],
                [
                    -7.450581485102248e-09,
                    0.820431113243103,
                    -0.5717453360557556,
                    -2.304779052734375
                ],
                [
                    0.0,
                    0.0,
                    0.0,
                    1.0
                ]
            ]
        },
        {
            "file_path": "/data/shapenet_blender/all_50_random/02958343/15fcfe91d44c0e15e5c9256f048d92d2/r_17",
            "rotation": 0.12566370614359174,
            "transform_matrix": [
                [
                    -0.23908720910549164,
                    0.6587163805961609,
                    -0.7133932709693909,
                    -2.8757803440093994
                ],
                [
                    -0.9709981083869934,
                    -0.16219459474086761,
                    0.17565760016441345,
                    0.7080984115600586
                ],
                [
                    7.450580596923828e-09,
                    0.7347010374069214,
                    0.6783910393714905,
                    2.7346818447113037
                ],
                [
                    0.0,
                    0.0,
                    0.0,
                    1.0
                ]
            ]
        },
        {
            "file_path": "/data/shapenet_blender/all_50_random/02958343/15fcfe91d44c0e15e5c9256f048d92d2/r_18",
            "rotation": 0.12566370614359174,
            "transform_matrix": [
                [
                    -0.7622230052947998,
                    -0.5598902702331543,
                    -0.3248675763607025,
                    -1.3095829486846924
                ],
                [
                    -0.6473145484924316,
                    0.6592795848846436,
                    0.3825366795063019,
                    1.542054533958435
                ],
                [
                    0.0,
                    0.501869797706604,
                    -0.864943265914917,
                    -3.4866974353790283
                ],
                [
                    0.0,
                    0.0,
                    0.0,
                    1.0
                ]
            ]
        },
        {
            "file_path": "/data/shapenet_blender/all_50_random/02958343/15fcfe91d44c0e15e5c9256f048d92d2/r_19",
            "rotation": 0.12566370614359174,
            "transform_matrix": [
                [
                    -0.19096678495407104,
                    0.37761515378952026,
                    0.9060564637184143,
                    3.652430772781372
                ],
                [
                    0.9815965294837952,
                    0.07346393913030624,
                    0.17627066373825073,
                    0.7105698585510254
                ],
                [
                    0.0,
                    0.9230437874794006,
                    -0.38469481468200684,
                    -1.5507545471191406
                ],
                [
                    0.0,
                    0.0,
                    0.0,
                    1.0
                ]
            ]
        },
        {
            "file_path": "/data/shapenet_blender/all_50_random/02958343/15fcfe91d44c0e15e5c9256f048d92d2/r_20",
            "rotation": 0.12566370614359174,
            "transform_matrix": [
                [
                    0.6638771891593933,
                    0.584750235080719,
                    -0.4661911725997925,
                    -1.8792767524719238
                ],
                [
                    -0.7478415966033936,
                    0.5190970301628113,
                    -0.41384926438331604,
                    -1.668279767036438
                ],
                [
                    0.0,
                    0.6233821511268616,
                    0.7819172739982605,
                    3.1520092487335205
                ],
                [
                    0.0,
                    0.0,
                    0.0,
                    1.0
                ]
            ]
        },
        {
            "file_path": "/data/shapenet_blender/all_50_random/02958343/15fcfe91d44c0e15e5c9256f048d92d2/r_21",
            "rotation": 0.12566370614359174,
            "transform_matrix": [
                [
                    0.8673912286758423,
                    -0.22104990482330322,
                    -0.44583556056022644,
                    -1.7972207069396973
                ],
                [
                    -0.49762678146362305,
                    -0.3853023052215576,
                    -0.7771162390708923,
                    -3.1326560974121094
                ],
                [
                    0.0,
                    0.8959236741065979,
                    -0.44420814514160156,
                    -1.7906603813171387
                ],
                [
                    0.0,
                    0.0,
                    0.0,
                    1.0
                ]
            ]
        },
        {
            "file_path": "/data/shapenet_blender/all_50_random/02958343/15fcfe91d44c0e15e5c9256f048d92d2/r_22",
            "rotation": 0.12566370614359174,
            "transform_matrix": [
                [
                    -0.852108359336853,
                    -0.2254769653081894,
                    0.47230440378189087,
                    1.9039199352264404
                ],
                [
                    0.523365318775177,
                    -0.36710646748542786,
                    0.7689743041992188,
                    3.099834680557251
                ],
                [
                    1.4901160305669237e-08,
                    0.9024373292922974,
                    0.4308212697505951,
                    1.7366961240768433
                ],
                [
                    0.0,
                    0.0,
                    0.0,
                    1.0
                ]
            ]
        },
        {
            "file_path": "/data/shapenet_blender/all_50_random/02958343/15fcfe91d44c0e15e5c9256f048d92d2/r_23",
            "rotation": 0.12566370614359174,
            "transform_matrix": [
                [
                    -0.31794771552085876,
                    0.04517887160181999,
                    -0.9470312595367432,
                    -3.8176047801971436
                ],
                [
                    -0.9481081962585449,
                    -0.015150717459619045,
                    0.3175865709781647,
                    1.2802324295043945
                ],
                [
                    0.0,
                    0.998863935470581,
                    0.04765160009264946,
                    0.1920897364616394
                ],
                [
                    0.0,
                    0.0,
                    0.0,
                    1.0
                ]
            ]
        },
        {
            "file_path": "/data/shapenet_blender/all_50_random/02958343/15fcfe91d44c0e15e5c9256f048d92d2/r_24",
            "rotation": 0.12566370614359174,
            "transform_matrix": [
                [
                    -0.748487651348114,
                    0.06888899952173233,
                    -0.6595609188079834,
                    -2.6587748527526855
                ],
                [
                    -0.6631487011909485,
                    -0.07775415480136871,
                    0.7444381713867188,
                    3.0009257793426514
                ],
                [
                    0.0,
                    0.994589626789093,
                    0.10388168692588806,
                    0.41876041889190674
                ],
                [
                    0.0,
                    0.0,
                    0.0,
                    1.0
                ]
            ]
        },
        {
            "file_path": "/data/shapenet_blender/all_50_random/02958343/15fcfe91d44c0e15e5c9256f048d92d2/r_25",
            "rotation": 0.12566370614359174,
            "transform_matrix": [
                [
                    -0.7889605164527893,
                    0.27106353640556335,
                    0.5514216423034668,
                    2.2228517532348633
                ],
                [
                    0.6144438982009888,
                    0.3480519950389862,
                    0.7080384492874146,
                    2.854194402694702
                ],
                [
                    0.0,
                    0.8974321484565735,
                    -0.44115257263183594,
                    -1.778342843055725
                ],
                [
                    0.0,
                    0.0,
                    0.0,
                    1.0
                ]
            ]
        },
        {
            "file_path": "/data/shapenet_blender/all_50_random/02958343/15fcfe91d44c0e15e5c9256f048d92d2/r_26",
            "rotation": 0.12566370614359174,
            "transform_matrix": [
                [
                    0.9770479202270508,
                    -0.21052822470664978,
                    0.03248558193445206,
                    0.1309535801410675
                ],
                [
                    0.21301986277103424,
                    0.9656196236610413,
                    -0.14900006353855133,
                    -0.6006385087966919
                ],
                [
                    3.725290298461914e-09,
                    0.1525004357099533,
                    0.9883033633232117,
                    3.983978509902954
                ],
                [
                    0.0,
                    0.0,
                    0.0,
                    1.0
                ]
            ]
        },
        {
            "file_path": "/data/shapenet_blender/all_50_random/02958343/15fcfe91d44c0e15e5c9256f048d92d2/r_27",
            "rotation": 0.12566370614359174,
            "transform_matrix": [
                [
                    -0.9637558460235596,
                    0.04389307275414467,
                    -0.26315051317214966,
                    -1.0607936382293701
                ],
                [
                    -0.2667860686779022,
                    -0.15856227278709412,
                    0.95062255859375,
                    3.8320817947387695
                ],
                [
                    0.0,
                    0.9863728284835815,
                    0.1645253598690033,
                    0.6632229089736938
                ],
                [
                    0.0,
                    0.0,
                    0.0,
                    1.0
                ]
            ]
        },
        {
            "file_path": "/data/shapenet_blender/all_50_random/02958343/15fcfe91d44c0e15e5c9256f048d92d2/r_28",
            "rotation": 0.12566370614359174,
            "transform_matrix": [
                [
                    -0.9841209053993225,
                    -0.05359697341918945,
                    -0.16921421885490417,
                    -0.6821243762969971
                ],
                [
                    -0.17749954760074615,
                    0.29716071486473083,
                    0.9381840229034424,
                    3.7819409370422363
                ],
                [
                    -3.725290076417309e-09,
                    0.9533219933509827,
                    -0.30195552110671997,
                    -1.217221736907959
                ],
                [
                    0.0,
                    0.0,
                    0.0,
                    1.0
                ]
            ]
        },
        {
            "file_path": "/data/shapenet_blender/all_50_random/02958343/15fcfe91d44c0e15e5c9256f048d92d2/r_29",
            "rotation": 0.12566370614359174,
            "transform_matrix": [
                [
                    0.9842085242271423,
                    -0.12298980355262756,
                    -0.12730683386325836,
                    -0.5131902694702148
                ],
                [
                    -0.17701277136802673,
                    -0.6838354468345642,
                    -0.7078385949134827,
                    -2.853388547897339
                ],
                [
                    0.0,
                    0.7191957831382751,
                    -0.6948074698448181,
                    -2.800858497619629
                ],
                [
                    0.0,
                    0.0,
                    0.0,
                    1.0
                ]
            ]
        },
        {
            "file_path": "/data/shapenet_blender/all_50_random/02958343/15fcfe91d44c0e15e5c9256f048d92d2/r_30",
            "rotation": 0.12566370614359174,
            "transform_matrix": [
                [
                    0.8145584464073181,
                    0.3326462209224701,
                    -0.4752272963523865,
                    -1.91570246219635
                ],
                [
                    -0.5800814032554626,
                    0.46710649132728577,
                    -0.6673208475112915,
                    -2.690056324005127
                ],
                [
                    -1.4901159417490817e-08,
                    0.8192424178123474,
                    0.5734474062919617,
                    2.311640501022339
                ],
                [
                    0.0,
                    0.0,
                    0.0,
                    1.0
                ]
            ]
        },
        {
            "file_path": "/data/shapenet_blender/all_50_random/02958343/15fcfe91d44c0e15e5c9256f048d92d2/r_31",
            "rotation": 0.12566370614359174,
            "transform_matrix": [
                [
                    -0.3991614580154419,
                    0.5272433161735535,
                    -0.7501230239868164,
                    -3.0238425731658936
                ],
                [
                    -0.9168806672096252,
                    -0.22953391075134277,
                    0.3265639543533325,
                    1.316421389579773
                ],
                [
                    0.0,
                    0.8181250095367432,
                    0.575040340423584,
                    2.3180618286132812
                ],
                [
                    0.0,
                    0.0,
                    0.0,
                    1.0
                ]
            ]
        },
        {
            "file_path": "/data/shapenet_blender/all_50_random/02958343/15fcfe91d44c0e15e5c9256f048d92d2/r_32",
            "rotation": 0.12566370614359174,
            "transform_matrix": [
                [
                    -0.46524250507354736,
                    -0.012152177281677723,
                    -0.8850998282432556,
                    -3.5679514408111572
                ],
                [
                    -0.8851832747459412,
                    0.00638705026358366,
                    0.46519866585731506,
                    1.8752758502960205
                ],
                [
                    4.6566125955216364e-10,
                    0.9999057650566101,
                    -0.013728432357311249,
                    -0.05534107983112335
                ],
                [
                    0.0,
                    0.0,
                    0.0,
                    1.0
                ]
            ]
        },
        {
            "file_path": "/data/shapenet_blender/all_50_random/02958343/15fcfe91d44c0e15e5c9256f048d92d2/r_33",
            "rotation": 0.12566370614359174,
            "transform_matrix": [
                [
                    0.6386374831199646,
                    -0.5351560115814209,
                    -0.5529469847679138,
                    -2.2290005683898926
                ],
                [
                    -0.7695078253746033,
                    -0.4441418945789337,
                    -0.45890718698501587,
                    -1.8499140739440918
                ],
                [
                    2.9802322387695312e-08,
                    0.7185722589492798,
                    -0.6954522728919983,
                    -2.803457736968994
                ],
                [
                    0.0,
                    0.0,
                    0.0,
                    1.0
                ]
            ]
        },
        {
            "file_path": "/data/shapenet_blender/all_50_random/02958343/15fcfe91d44c0e15e5c9256f048d92d2/r_34",
            "rotation": 0.12566370614359174,
            "transform_matrix": [
                [
                    0.5344992876052856,
                    -0.5175057649612427,
                    -0.668205201625824,
                    -2.6936216354370117
                ],
                [
                    -0.8451688885688782,
                    -0.3272794783115387,
                    -0.4225843846797943,
                    -1.703492283821106
                ],
                [
                    0.0,
                    0.7906174063682556,
                    -0.6123104095458984,
                    -2.4683024883270264
                ],
                [
                    0.0,
                    0.0,
                    0.0,
                    1.0
                ]
            ]
        },
        {
            "file_path": "/data/shapenet_blender/all_50_random/02958343/15fcfe91d44c0e15e5c9256f048d92d2/r_35",
            "rotation": 0.12566370614359174,
            "transform_matrix": [
                [
                    0.6893327236175537,
                    0.314866840839386,
                    -0.6524410247802734,
                    -2.6300740242004395
                ],
                [
                    -0.7244449257850647,
                    0.29960593581199646,
                    -0.6208186745643616,
                    -2.5026004314422607
                ],
                [
                    -1.4901161193847656e-08,
                    0.900608241558075,
                    0.4346317946910858,
                    1.7520569562911987
                ],
                [
                    0.0,
                    0.0,
                    0.0,
                    1.0
                ]
            ]
        },
        {
            "file_path": "/data/shapenet_blender/all_50_random/02958343/15fcfe91d44c0e15e5c9256f048d92d2/r_36",
            "rotation": 0.12566370614359174,
            "transform_matrix": [
                [
                    0.45496970415115356,
                    -0.0898609310388565,
                    0.8859614729881287,
                    3.5714244842529297
                ],
                [
                    0.8905069828033447,
                    0.045910924673080444,
                    -0.4526473581790924,
                    -1.8246796131134033
                ],
                [
                    3.725290298461914e-09,
                    0.9948955178260803,
                    0.10090987384319305,
                    0.4067806601524353
                ],
                [
                    0.0,
                    0.0,
                    0.0,
                    1.0
                ]
            ]
        },
        {
            "file_path": "/data/shapenet_blender/all_50_random/02958343/15fcfe91d44c0e15e5c9256f048d92d2/r_37",
            "rotation": 0.12566370614359174,
            "transform_matrix": [
                [
                    -0.12107174843549728,
                    0.04802830517292023,
                    0.9914810657501221,
                    3.996788263320923
                ],
                [
                    0.9926437735557556,
                    0.005857963114976883,
                    0.12092992663383484,
                    0.4874841570854187
                ],
                [
                    -4.656612873077393e-10,
                    0.9988288283348083,
                    -0.048384226858615875,
                    -0.19504307210445404
                ],
                [
                    0.0,
                    0.0,
                    0.0,
                    1.0
                ]
            ]
        },
        {
            "file_path": "/data/shapenet_blender/all_50_random/02958343/15fcfe91d44c0e15e5c9256f048d92d2/r_38",
            "rotation": 0.12566370614359174,
            "transform_matrix": [
                [
                    -0.51755690574646,
                    -0.21167995035648346,
                    -0.8290515542030334,
                    -3.3420135974884033
                ],
                [
                    -0.8556487560272217,
                    0.12803900241851807,
                    0.5014690160751343,
                    2.021486282348633
                ],
                [
                    -7.450580596923828e-09,
                    0.9689156413078308,
                    -0.24739116430282593,
                    -0.9972656965255737
                ],
                [
                    0.0,
                    0.0,
                    0.0,
                    1.0
                ]
            ]
        },
        {
            "file_path": "/data/shapenet_blender/all_50_random/02958343/15fcfe91d44c0e15e5c9256f048d92d2/r_39",
            "rotation": 0.12566370614359174,
            "transform_matrix": [
                [
                    -0.5484446287155151,
                    -0.33462125062942505,
                    0.766313910484314,
                    3.0891101360321045
                ],
                [
                    0.8361868262290955,
                    -0.2194739729166031,
                    0.5026158690452576,
                    2.026109457015991
                ],
                [
                    1.4901161193847656e-08,
                    0.9164385795593262,
                    0.4001752436161041,
                    1.6131579875946045
                ],
                [
                    0.0,
                    0.0,
                    0.0,
                    1.0
                ]
            ]
        },
        {
            "file_path": "/data/shapenet_blender/all_50_random/02958343/15fcfe91d44c0e15e5c9256f048d92d2/r_40",
            "rotation": 0.12566370614359174,
            "transform_matrix": [
                [
                    0.08236182481050491,
                    0.7761353850364685,
                    -0.625164270401001,
                    -2.5201175212860107
                ],
                [
                    -0.996602475643158,
                    0.06414184719324112,
                    -0.051665205508470535,
                    -0.20826907455921173
                ],
                [
                    0.0,
                    0.6272955536842346,
                    0.7787814140319824,
                    3.1393678188323975
                ],
                [
                    0.0,
                    0.0,
                    0.0,
                    1.0
                ]
            ]
        },
        {
            "file_path": "/data/shapenet_blender/all_50_random/02958343/15fcfe91d44c0e15e5c9256f048d92d2/r_41",
            "rotation": 0.12566370614359174,
            "transform_matrix": [
                [
                    -0.5172868371009827,
                    -0.8095752596855164,
                    -0.27749261260032654,
                    -1.1186084747314453
                ],
                [
                    -0.855812132358551,
                    0.4893394708633423,
                    0.16772757470607758,
                    0.6761314868927002
