{
    "class": "02958343",
    "model": "c314a4de4aeffc0854ae303007921fb6",
    "remove_doubles": true,
    "edge_split": true,
    "denoise": true,
    "camera_angle_x": 0.6911112070083618,
    "scale_factor": 2.2928102526124507,
    "hdri_file": "/data/IndoorHDRDataset2018/9C4A2411-486ac485ca.exr",
    "center_offset": [
        0.0,
        0.0,
        1.3969838619232178e-09
    ],
    "lights": [],
    "frames": [
        {
            "file_path": "/data/shapenet_blender/all_50_random/02958343/c314a4de4aeffc0854ae303007921fb6/r_0",
            "rotation": 0.12566370614359174,
            "transform_matrix": [
                [
                    -0.3163120448589325,
                    0.19131803512573242,
                    -0.9291631579399109,
                    -3.7455763816833496
                ],
                [
                    -0.9486552476882935,
                    -0.06379156559705734,
                    0.3098127543926239,
                    1.2488951683044434
                ],
                [
                    -7.450580596923828e-09,
                    0.9794528484344482,
                    0.20167294144630432,
                    0.8129696249961853
                ],
                [
                    0.0,
                    0.0,
                    0.0,
                    1.0
                ]
            ]
        },
        {
            "file_path": "/data/shapenet_blender/all_50_random/02958343/c314a4de4aeffc0854ae303007921fb6/r_1",
            "rotation": 0.12566370614359174,
            "transform_matrix": [
                [
                    -0.6029787063598633,
                    0.08208847790956497,
                    -0.7935225963592529,
                    -3.1987922191619873
                ],
                [
                    -0.7977572679519653,
                    -0.06204593926668167,
                    0.59977787733078,
                    2.4177823066711426
                ],
                [
                    0.0,
                    0.994691789150238,
                    0.10289905220270157,
                    0.41479936242103577
                ],
                [
                    0.0,
                    0.0,
                    0.0,
                    1.0
                ]
            ]
        },
        {
            "file_path": "/data/shapenet_blender/all_50_random/02958343/c314a4de4aeffc0854ae303007921fb6/r_2",
            "rotation": 0.12566370614359174,
            "transform_matrix": [
                [
                    0.9995962381362915,
                    0.000290820054942742,
                    0.028415346518158913,
                    0.11454591155052185
                ],
                [
                    0.028416838496923447,
                    -0.010229943320155144,
                    -0.9995438456535339,
                    -4.029289722442627
                ],
                [
                    -2.9103830456733704e-11,
                    0.9999476671218872,
                    -0.010234076529741287,
                    -0.04125487804412842
                ],
                [
                    0.0,
                    0.0,
                    0.0,
                    1.0
                ]
            ]
        },
        {
            "file_path": "/data/shapenet_blender/all_50_random/02958343/c314a4de4aeffc0854ae303007921fb6/r_3",
            "rotation": 0.12566370614359174,
            "transform_matrix": [
                [
                    0.39923498034477234,
                    0.3928215503692627,
                    -0.8284338116645813,
                    -3.3395237922668457
                ],
                [
                    -0.9168486595153809,
                    0.1710512489080429,
                    -0.36073538661003113,
                    -1.4541709423065186
                ],
                [
                    0.0,
                    0.9035666584968567,
                    0.4284474551677704,
                    1.7271270751953125
                ],
                [
                    0.0,
                    0.0,
                    0.0,
                    1.0
                ]
            ]
        },
        {
            "file_path": "/data/shapenet_blender/all_50_random/02958343/c314a4de4aeffc0854ae303007921fb6/r_4",
            "rotation": 0.12566370614359174,
            "transform_matrix": [
                [
                    0.8889921307563782,
                    -0.36579427123069763,
                    0.2754768431186676,
                    1.1104826927185059
                ],
                [
                    0.45792239904403687,
                    0.7101383209228516,
                    -0.5347996950149536,
                    -2.15584659576416
                ],
                [
                    0.0,
                    0.6015797853469849,
                    0.798812747001648,
                    3.2201170921325684
                ],
                [
                    0.0,
                    0.0,
                    0.0,
                    1.0
                ]
            ]
        },
        {
            "file_path": "/data/shapenet_blender/all_50_random/02958343/c314a4de4aeffc0854ae303007921fb6/r_5",
            "rotation": 0.12566370614359174,
            "transform_matrix": [
                [
                    0.24708478152751923,
                    0.15405923128128052,
                    0.9566686153411865,
                    3.856454610824585
                ],
                [
                    0.9689939022064209,
                    -0.03928373008966446,
                    -0.24394194781780243,
                    -0.9833614230155945
                ],
                [
                    3.725290742551124e-09,
                    0.9872803092002869,
                    -0.1589888632297516,
                    -0.6409046053886414
                ],
                [
                    0.0,
                    0.0,
                    0.0,
                    1.0
                ]
            ]
        },
        {
            "file_path": "/data/shapenet_blender/all_50_random/02958343/c314a4de4aeffc0854ae303007921fb6/r_6",
            "rotation": 0.12566370614359174,
            "transform_matrix": [
                [
                    0.8981744647026062,
                    0.09423952549695969,
                    -0.42942020297050476,
                    -1.7310482263565063
                ],
                [
                    -0.43963944911956787,
                    0.19252943992614746,
                    -0.8772967457771301,
                    -3.53649640083313
                ],
                [
                    0.0,
                    0.9767554998397827,
                    0.2143564075231552,
                    0.864098310470581
                ],
                [
                    0.0,
                    0.0,
                    0.0,
                    1.0
                ]
            ]
        },
        {
            "file_path": "/data/shapenet_blender/all_50_random/02958343/c314a4de4aeffc0854ae303007921fb6/r_7",
            "rotation": 0.12566370614359174,
            "transform_matrix": [
                [
                    0.3398725688457489,
                    -0.1490345299243927,
                    -0.9285878539085388,
                    -3.7432572841644287
                ],
                [
                    -0.9404715299606323,
                    -0.05385889112949371,
                    -0.33557799458503723,
                    -1.3527581691741943
                ],
                [
                    0.0,
                    0.9873640537261963,
                    -0.15846791863441467,
                    -0.6388046145439148
                ],
                [
                    0.0,
                    0.0,
                    0.0,
                    1.0
                ]
            ]
        },
        {
            "file_path": "/data/shapenet_blender/all_50_random/02958343/c314a4de4aeffc0854ae303007921fb6/r_8",
            "rotation": 0.12566370614359174,
            "transform_matrix": [
                [
                    -0.9952513575553894,
                    0.0651295855641365,
                    -0.07234012335538864,
                    -0.2916123569011688
                ],
                [
                    -0.09733940660953522,
                    -0.6659204959869385,
                    0.7396450042724609,
                    2.9816043376922607
                ],
                [
                    3.725290742551124e-09,
                    0.7431740760803223,
                    0.6690980792045593,
                    2.69722056388855
                ],
                [
                    0.0,
                    0.0,
                    0.0,
                    1.0
                ]
            ]
        },
        {
            "file_path": "/data/shapenet_blender/all_50_random/02958343/c314a4de4aeffc0854ae303007921fb6/r_9",
            "rotation": 0.12566370614359174,
            "transform_matrix": [
                [
                    0.5163871049880981,
                    -0.01264413632452488,
                    0.8562619686126709,
                    3.451702356338501
                ],
                [
                    0.8563553690910339,
                    0.007624485529959202,
                    -0.5163307785987854,
                    -2.0813958644866943
                ],
                [
                    0.0,
                    0.9998910427093506,
                    0.0147650595754385,
                    0.05951985716819763
                ],
                [
                    0.0,
                    0.0,
                    0.0,
                    1.0
                ]
            ]
        },
        {
            "file_path": "/data/shapenet_blender/all_50_random/02958343/c314a4de4aeffc0854ae303007921fb6/r_10",
            "rotation": 0.12566370614359174,
            "transform_matrix": [
                [
                    0.15017889440059662,
                    -0.9603925943374634,
                    0.23471806943416595,
                    0.9461787939071655
                ],
                [
                    0.9886588454246521,
                    0.14588521420955658,
                    -0.035654060542583466,
                    -0.14372611045837402
                ],
                [
                    0.0,
                    0.2374105006456375,
                    0.9714093804359436,
                    3.9158763885498047
                ],
                [
                    0.0,
                    0.0,
                    0.0,
                    1.0
                ]
            ]
        },
        {
            "file_path": "/data/shapenet_blender/all_50_random/02958343/c314a4de4aeffc0854ae303007921fb6/r_11",
            "rotation": 0.12566370614359174,
            "transform_matrix": [
                [
                    -0.9809026718139648,
                    0.0006509572267532349,
                    -0.1944982260465622,
                    -0.7840474247932434
                ],
                [
                    -0.19449931383132935,
                    -0.003282919991761446,
                    0.9808971881866455,
                    3.954123020172119
                ],
                [
                    0.0,
                    0.9999943971633911,
                    0.003346835495904088,
                    0.013491525314748287
                ],
                [
                    0.0,
                    0.0,
                    0.0,
                    1.0
                ]
            ]
        },
        {
            "file_path": "/data/shapenet_blender/all_50_random/02958343/c314a4de4aeffc0854ae303007921fb6/r_12",
            "rotation": 0.12566370614359174,
            "transform_matrix": [
                [
                    0.6349011659622192,
                    0.6318662166595459,
                    -0.4445735812187195,
                    -1.7921334505081177
                ],
                [
                    -0.7725934982299805,
                    0.5192544460296631,
                    -0.36534127593040466,
                    -1.4727377891540527
                ],
                [
                    0.0,
                    0.575430154800415,
                    0.8178508877754211,
                    3.2968623638153076
                ],
                [
                    0.0,
                    0.0,
                    0.0,
                    1.0
                ]
            ]
        },
        {
            "file_path": "/data/shapenet_blender/all_50_random/02958343/c314a4de4aeffc0854ae303007921fb6/r_13",
            "rotation": 0.12566370614359174,
            "transform_matrix": [
                [
                    0.9518100619316101,
                    0.06713613122701645,
                    0.29924991726875305,
                    1.2063151597976685
                ],
                [
                    0.30668845772743225,
                    -0.20835751295089722,
                    -0.9287245273590088,
                    -3.7438085079193115
                ],
                [
                    -3.725290742551124e-09,
                    0.9757457971572876,
                    -0.21890662610530853,
                    -0.8824409246444702
                ],
                [
                    0.0,
                    0.0,
                    0.0,
                    1.0
                ]
            ]
        },
        {
            "file_path": "/data/shapenet_blender/all_50_random/02958343/c314a4de4aeffc0854ae303007921fb6/r_14",
            "rotation": 0.12566370614359174,
            "transform_matrix": [
                [
                    -0.7228275537490845,
                    0.051795825362205505,
                    -0.689084529876709,
                    -2.7777886390686035
                ],
                [
                    -0.6910284757614136,
                    -0.054179321974515915,
                    0.7207942008972168,
                    2.9056143760681152
                ],
                [
                    -3.725290742551124e-09,
                    0.9971868395805359,
                    0.07495470345020294,
                    0.3021520674228668
                ],
                [
                    0.0,
                    0.0,
                    0.0,
                    1.0
                ]
            ]
        },
        {
            "file_path": "/data/shapenet_blender/all_50_random/02958343/c314a4de4aeffc0854ae303007921fb6/r_15",
            "rotation": 0.12566370614359174,
            "transform_matrix": [
                [
                    -0.9891610145568848,
                    -0.02695263735949993,
                    0.14434021711349487,
                    0.5818540453910828
                ],
                [
                    0.1468350887298584,
                    -0.18156759440898895,
                    0.9723541140556335,
                    3.919684886932373
                ],
                [
                    -1.862645371275562e-09,
                    0.9830089211463928,
                    0.1835571974515915,
                    0.739942729473114
                ],
                [
                    0.0,
                    0.0,
                    0.0,
                    1.0
                ]
            ]
        },
        {
            "file_path": "/data/shapenet_blender/all_50_random/02958343/c314a4de4aeffc0854ae303007921fb6/r_16",
            "rotation": 0.12566370614359174,
            "transform_matrix": [
                [
                    -0.20095747709274292,
                    -0.12136873602867126,
                    -0.972052276134491,
                    -3.9184682369232178
                ],
                [
                    -0.9796000123023987,
                    0.024897871538996696,
                    0.1994091123342514,
                    0.8038439154624939
                ],
                [
                    0.0,
                    0.9922950267791748,
                    -0.12389623373746872,
                    -0.4994417130947113
                ],
                [
                    0.0,
                    0.0,
                    0.0,
                    1.0
                ]
            ]
        },
        {
            "file_path": "/data/shapenet_blender/all_50_random/02958343/c314a4de4aeffc0854ae303007921fb6/r_17",
            "rotation": 0.12566370614359174,
            "transform_matrix": [
                [
                    -0.5470545291900635,
                    0.23468875885009766,
                    0.8035250902175903,
                    3.2391133308410645
                ],
                [
                    0.8370970487594604,
                    0.1533723771572113,
                    0.5251148343086243,
                    2.1168055534362793
                ],
                [
                    -7.450580596923828e-09,
                    0.9598948955535889,
                    -0.28036028146743774,
                    -1.1301684379577637
                ],
                [
                    0.0,
                    0.0,
                    0.0,
                    1.0
                ]
            ]
        },
        {
            "file_path": "/data/shapenet_blender/all_50_random/02958343/c314a4de4aeffc0854ae303007921fb6/r_18",
            "rotation": 0.12566370614359174,
            "transform_matrix": [
                [
                    0.7825348377227783,
                    0.18289580941200256,
                    -0.5951371788978577,
                    -2.3990750312805176
                ],
                [
                    -0.6226067543029785,
                    0.22987598180770874,
                    -0.7480091452598572,
                    -3.0153214931488037
                ],
                [
                    1.4901161193847656e-08,
                    0.9558796882629395,
                    0.2937581241130829,
                    1.184177041053772
                ],
                [
                    0.0,
                    0.0,
                    0.0,
                    1.0
                ]
            ]
        },
        {
            "file_path": "/data/shapenet_blender/all_50_random/02958343/c314a4de4aeffc0854ae303007921fb6/r_19",
            "rotation": 0.12566370614359174,
            "transform_matrix": [
                [
                    0.7576858997344971,
                    -0.14068405330181122,
                    -0.6372755765914917,
                    -2.5689399242401123
                ],
                [
                    -0.6526195406913757,
                    -0.16333302855491638,
                    -0.7398716807365417,
                    -2.982518196105957
                ],
                [
                    0.0,
                    0.9764887094497681,
                    -0.21556830406188965,
                    -0.8689836263656616
                ],
                [
                    0.0,
                    0.0,
                    0.0,
                    1.0
                ]
            ]
        },
        {
            "file_path": "/data/shapenet_blender/all_50_random/02958343/c314a4de4aeffc0854ae303007921fb6/r_20",
            "rotation": 0.12566370614359174,
            "transform_matrix": [
                [
                    -0.14627811312675476,
                    0.045366499572992325,
                    -0.9882026314735413,
                    -3.983572483062744
                ],
                [
                    -0.9892435669898987,
                    -0.00670828390866518,
                    0.1461241990327835,
                    0.589045524597168
                ],
                [
                    0.0,
                    0.99894779920578,
                    0.045859791338443756,
                    0.1848667412996292
                ],
                [
                    0.0,
                    0.0,
                    0.0,
                    1.0
                ]
            ]
        },
        {
            "file_path": "/data/shapenet_blender/all_50_random/02958343/c314a4de4aeffc0854ae303007921fb6/r_21",
            "rotation": 0.12566370614359174,
            "transform_matrix": [
                [
                    0.9537988901138306,
                    -0.18415430188179016,
                    0.23739191889762878,
                    0.9569575786590576
                ],
                [
                    0.30044591426849365,
                    0.5846182107925415,
                    -0.7536269426345825,
                    -3.0379679203033447
                ],
                [
                    0.0,
                    0.7901320457458496,
                    0.6129364967346191,
                    2.4708263874053955
                ],
                [
                    0.0,
                    0.0,
                    0.0,
                    1.0
                ]
            ]
        },
        {
            "file_path": "/data/shapenet_blender/all_50_random/02958343/c314a4de4aeffc0854ae303007921fb6/r_22",
            "rotation": 0.12566370614359174,
            "transform_matrix": [
                [
                    0.43821409344673157,
                    -0.7228320837020874,
                    -0.5343052744865417,
                    -2.15385365486145
                ],
                [
                    -0.8988707065582275,
                    -0.35239240527153015,
                    -0.260482519865036,
                    -1.0500386953353882
                ],
                [
                    0.0,
                    0.594418466091156,
                    -0.8041557669639587,
                    -3.2416558265686035
                ],
                [
                    0.0,
                    0.0,
                    0.0,
                    1.0
                ]
            ]
        },
        {
            "file_path": "/data/shapenet_blender/all_50_random/02958343/c314a4de4aeffc0854ae303007921fb6/r_23",
            "rotation": 0.12566370614359174,
            "transform_matrix": [
                [
                    -0.8988548517227173,
                    -0.13836102187633514,
                    -0.41583189368247986,
                    -1.6762721538543701
                ],
                [
                    -0.4382464587688446,
                    0.283782035112381,
                    0.8528819680213928,
                    3.438077449798584
                ],
                [
                    0.0,
                    0.9488539695739746,
                    -0.31571507453918457,
                    -1.2726882696151733
                ],
                [
                    0.0,
                    0.0,
                    0.0,
                    1.0
                ]
            ]
        },
        {
            "file_path": "/data/shapenet_blender/all_50_random/02958343/c314a4de4aeffc0854ae303007921fb6/r_24",
            "rotation": 0.12566370614359174,
            "transform_matrix": [
                [
                    0.996479332447052,
                    -0.0007901148055680096,
                    0.08383512496948242,
                    0.337950199842453
                ],
                [
                    0.08383885025978088,
                    0.009391027502715588,
                    -0.9964350461959839,
                    -4.016757965087891
                ],
                [
                    1.1641530794914701e-10,
                    0.9999556541442871,
                    0.009424206800758839,
                    0.03799019008874893
                ],
                [
                    0.0,
                    0.0,
                    0.0,
                    1.0
                ]
            ]
        },
        {
            "file_path": "/data/shapenet_blender/all_50_random/02958343/c314a4de4aeffc0854ae303007921fb6/r_25",
            "rotation": 0.12566370614359174,
            "transform_matrix": [
                [
                    0.46908047795295715,
                    -0.1847044974565506,
                    -0.8636247515678406,
                    -3.4813826084136963
                ],
                [
                    -0.883155345916748,
                    -0.09810423105955124,
                    -0.45870697498321533,
                    -1.8491069078445435
                ],
                [
                    0.0,
                    0.977885365486145,
                    -0.2091415524482727,
                    -0.8430765271186829
                ],
                [
                    0.0,
                    0.0,
                    0.0,
                    1.0
                ]
            ]
        },
        {
            "file_path": "/data/shapenet_blender/all_50_random/02958343/c314a4de4aeffc0854ae303007921fb6/r_26",
            "rotation": 0.12566370614359174,
            "transform_matrix": [
                [
                    -0.6268193125724792,
                    0.3006918430328369,
                    -0.7188058495521545,
                    -2.897599220275879
                ],
                [
                    -0.7791646718978882,
                    -0.24189938604831696,
                    0.5782620906829834,
                    2.3310492038726807
                ],
                [
                    0.0,
                    0.9225339293479919,
                    0.3859156370162964,
                    1.555675983428955
                ],
                [
                    0.0,
                    0.0,
                    0.0,
                    1.0
                ]
            ]
        },
        {
            "file_path": "/data/shapenet_blender/all_50_random/02958343/c314a4de4aeffc0854ae303007921fb6/r_27",
            "rotation": 0.12566370614359174,
            "transform_matrix": [
                [
                    0.7773925065994263,
                    -0.5805738568305969,
                    0.242063969373703,
                    0.9757910966873169
                ],
                [
                    0.6290158629417419,
                    0.7175236344337463,
                    -0.29916369915008545,
                    -1.2059674263000488
                ],
                [
                    0.0,
                    0.38482967019081116,
                    0.9229875802993774,
                    3.72068190574646
                ],
                [
                    0.0,
                    0.0,
                    0.0,
                    1.0
                ]
            ]
        },
        {
            "file_path": "/data/shapenet_blender/all_50_random/02958343/c314a4de4aeffc0854ae303007921fb6/r_28",
            "rotation": 0.12566370614359174,
            "transform_matrix": [
                [
                    -0.7844569683074951,
                    -0.5385055541992188,
                    0.3076346814632416,
                    1.2401150465011597
                ],
                [
                    0.6201834082603455,
                    -0.6811443567276001,
                    0.3891206681728363,
                    1.5685955286026
                ],
                [
                    -1.4901162970204496e-08,
                    0.49603813886642456,
                    0.8683006763458252,
                    3.500231981277466
                ],
                [
                    0.0,
                    0.0,
                    0.0,
                    1.0
                ]
            ]
        },
        {
            "file_path": "/data/shapenet_blender/all_50_random/02958343/c314a4de4aeffc0854ae303007921fb6/r_29",
            "rotation": 0.12566370614359174,
            "transform_matrix": [
                [
                    -0.5177445411682129,
                    0.1212797686457634,
                    0.8468953967094421,
                    3.4139444828033447
                ],
                [
                    0.8555352687835693,
                    0.07339491695165634,
                    0.5125159621238708,
                    2.0660178661346436
                ],
                [
                    0.0,
                    0.9899011850357056,
                    -0.14175893366336823,
                    -0.571448564529419
                ],
                [
                    0.0,
                    0.0,
                    0.0,
                    1.0
                ]
            ]
        },
        {
            "file_path": "/data/shapenet_blender/all_50_random/02958343/c314a4de4aeffc0854ae303007921fb6/r_30",
            "rotation": 0.12566370614359174,
            "transform_matrix": [
                [
                    0.9742482900619507,
                    0.05247795581817627,
                    0.21928630769252777,
                    0.8839713931083679
                ],
                [
                    0.22547821700572968,
                    -0.22674719989299774,
                    -0.9474942088127136,
                    -3.8194713592529297
                ],
                [
                    -3.725290298461914e-09,
                    0.9725388884544373,
                    -0.23274067044258118,
                    -0.9382076263427734
                ],
                [
                    0.0,
                    0.0,
                    0.0,
                    1.0
                ]
            ]
        },
        {
            "file_path": "/data/shapenet_blender/all_50_random/02958343/c314a4de4aeffc0854ae303007921fb6/r_31",
            "rotation": 0.12566370614359174,
            "transform_matrix": [
                [
                    -0.978257417678833,
                    -0.07204625010490417,
                    -0.19447816908359528,
                    -0.783966600894928
                ],
                [
                    -0.20739437639713287,
                    0.3398345708847046,
                    0.9173330664634705,
                    3.697887897491455
                ],
                [
                    0.0,
                    0.9377214908599854,
                    -0.34738773107528687,
                    -1.4003647565841675
                ],
                [
                    0.0,
                    0.0,
                    0.0,
                    1.0
                ]
            ]
        },
        {
            "file_path": "/data/shapenet_blender/all_50_random/02958343/c314a4de4aeffc0854ae303007921fb6/r_32",
            "rotation": 0.12566370614359174,
            "transform_matrix": [
                [
                    -0.21557611227035522,
                    -0.9164560437202454,
                    0.33709821105003357,
                    1.3588863611221313
                ],
                [
                    0.9764871597290039,
                    -0.20232322812080383,
                    0.07442015409469604,
                    0.2999972403049469
                ],
                [
                    0.0,
                    0.3452152609825134,
                    0.9385234713554382,
                    3.7833092212677
                ],
                [
                    0.0,
                    0.0,
                    0.0,
                    1.0
                ]
            ]
        },
        {
            "file_path": "/data/shapenet_blender/all_50_random/02958343/c314a4de4aeffc0854ae303007921fb6/r_33",
            "rotation": 0.12566370614359174,
            "transform_matrix": [
                [
                    -0.2247958481311798,
                    0.7929431200027466,
                    -0.5663109421730042,
                    -2.282872200012207
                ],
                [
                    -0.9744058847427368,
                    -0.1829323172569275,
                    0.1306481659412384,
                    0.5266595482826233
                ],
                [
                    -1.4901159417490817e-08,
                    0.5811859369277954,
                    0.8137708902359009,
                    3.2804150581359863
                ],
                [
                    0.0,
                    0.0,
                    0.0,
                    1.0
                ]
            ]
        },
        {
            "file_path": "/data/shapenet_blender/all_50_random/02958343/c314a4de4aeffc0854ae303007921fb6/r_34",
            "rotation": 0.12566370614359174,
            "transform_matrix": [
                [
                    0.7607201337814331,
                    -0.25388482213020325,
                    -0.5973670482635498,
                    -2.4080638885498047
                ],
                [
                    -0.6490800976753235,
                    -0.29755228757858276,
                    -0.700112521648407,
                    -2.822244167327881
                ],
                [
                    1.4901161193847656e-08,
                    0.9203288555145264,
                    -0.3911455571651459,
                    -1.5767582654953003
                ],
                [
                    0.0,
                    0.0,
                    0.0,
                    1.0
                ]
            ]
        },
        {
            "file_path": "/data/shapenet_blender/all_50_random/02958343/c314a4de4aeffc0854ae303007921fb6/r_35",
            "rotation": 0.12566370614359174,
            "transform_matrix": [
                [
                    -0.6545533537864685,
                    0.056810587644577026,
                    0.7538782358169556,
                    3.038980484008789
                ],
                [
                    0.7560158371925354,
                    0.04918622598052025,
                    0.6527026891708374,
                    2.6311287879943848
                ],
                [
                    -3.725290298461914e-09,
                    0.9971726536750793,
                    -0.0751447081565857,
                    -0.302918016910553
                ],
                [
                    0.0,
                    0.0,
                    0.0,
                    1.0
                ]
            ]
        },
        {
            "file_path": "/data/shapenet_blender/all_50_random/02958343/c314a4de4aeffc0854ae303007921fb6/r_36",
            "rotation": 0.12566370614359174,
            "transform_matrix": [
                [
                    -0.9991350769996643,
                    -0.00779959000647068,
                    -0.04084393009543419,
                    -0.1646471619606018
                ],
                [
                    -0.041581977158784866,
                    0.1874091774225235,
                    0.9814013242721558,
                    3.95615553855896
                ],
                [
                    -4.656612873077393e-10,
                    0.9822509288787842,
                    -0.18757139146327972,
                    -0.7561244964599609
                ],
                [
                    0.0,
                    0.0,
                    0.0,
                    1.0
                ]
            ]
        },
        {
            "file_path": "/data/shapenet_blender/all_50_random/02958343/c314a4de4aeffc0854ae303007921fb6/r_37",
            "rotation": 0.12566370614359174,
            "transform_matrix": [
                [
                    0.6425522565841675,
                    -0.04366408661007881,
                    0.7649967074394226,
                    3.0838005542755127
                ],
                [
                    0.7662419676780701,
                    0.03661566227674484,
                    -0.6415080428123474,
                    -2.5860018730163574
                ],
                [
                    1.862645371275562e-09,
                    0.9983749985694885,
                    0.05698472261428833,
                    0.22971278429031372
                ],
                [
                    0.0,
                    0.0,
                    0.0,
                    1.0
                ]
            ]
        },
        {
            "file_path": "/data/shapenet_blender/all_50_random/02958343/c314a4de4aeffc0854ae303007921fb6/r_38",
            "rotation": 0.12566370614359174,
            "transform_matrix": [
                [
                    0.23839443922042847,
                    -0.9697431921958923,
                    0.05259650945663452,
                    0.2120233178138733
                ],
                [
                    0.9711683988571167,
                    0.23804457485675812,
                    -0.01291095744818449,
                    -0.052045732736587524
                ],
                [
                    -9.313225191043273e-10,
                    0.054157961159944534,
                    0.9985323548316956,
                    4.02521276473999
                ],
                [
                    0.0,
                    0.0,
                    0.0,
                    1.0
                ]
            ]
        },
        {
            "file_path": "/data/shapenet_blender/all_50_random/02958343/c314a4de4aeffc0854ae303007921fb6/r_39",
            "rotation": 0.12566370614359174,
            "transform_matrix": [
                [
                    0.42334461212158203,
                    0.021213922649621964,
                    -0.9057203531265259,
                    -3.6510753631591797
                ],
                [
                    -0.9059687256813049,
                    0.009912925772368908,
                    -0.42322856187820435,
                    -1.7060887813568115
                ],
                [
                    0.0,
                    0.9997257590293884,
                    0.023415736854076385,
                    0.0943918526172638
                ],
                [
                    0.0,
                    0.0,
                    0.0,
                    1.0
                ]
            ]
        },
        {
            "file_path": "/data/shapenet_blender/all_50_random/02958343/c314a4de4aeffc0854ae303007921fb6/r_40",
            "rotation": 0.12566370614359174,
            "transform_matrix": [
                [
                    0.932891309261322,
                    -0.04988177493214607,
                    -0.35668709874153137,
                    -1.4378516674041748
                ],
                [
                    -0.36015814542770386,
                    -0.1292051076889038,
                    -0.9239005446434021,
                    -3.7243621349334717
                ],
                [
                    0.0,
                    0.9903624057769775,
                    -0.1384996771812439,
                    -0.5583100318908691
                ],
                [
                    0.0,
                    0.0,
                    0.0,
                    1.0
                ]
            ]
        },
        {
            "file_path": "/data/shapenet_blender/all_50_random/02958343/c314a4de4aeffc0854ae303007921fb6/r_41",
            "rotation": 0.12566370614359174,
            "transform_matrix": [
                [
                    0.7097455859184265,
                    0.35477370023727417,
                    -0.6086023449897766,
                    -2.453354597091675
                ],
                [
                    -0.7044580578804016,
                    0.35743656754493713,
                    -0.6131703853607178,
                    -2.471768856048584
                ],
                [
                    0.0,
