{
    "class": "02958343",
    "model": "25d92177ec6bd745deadc9ca0263db5a",
    "remove_doubles": true,
    "edge_split": true,
    "denoise": true,
    "camera_angle_x": 0.6911112070083618,
    "scale_factor": 2.330931621513929,
    "hdri_file": "/data/IndoorHDRDataset2018/AG8A0823-6496e4d214.exr",
    "center_offset": [
        0.0,
        0.0,
        -1.862645149230957e-09
    ],
    "lights": [],
    "frames": [
        {
            "file_path": "/data/shapenet_blender/all_50_random/02958343/25d92177ec6bd745deadc9ca0263db5a/r_0",
            "rotation": 0.12566370614359174,
            "transform_matrix": [
                [
                    0.14553287625312805,
                    0.12699411809444427,
                    0.9811689853668213,
                    3.95521879196167
                ],
                [
                    0.9893534779548645,
                    -0.01868070475757122,
                    -0.14432895183563232,
                    -0.5818086266517639
                ],
                [
                    0.0,
                    0.9917274713516235,
                    -0.12836073338985443,
                    -0.5174386501312256
                ],
                [
                    0.0,
                    0.0,
                    0.0,
                    1.0
                ]
            ]
        },
        {
            "file_path": "/data/shapenet_blender/all_50_random/02958343/25d92177ec6bd745deadc9ca0263db5a/r_1",
            "rotation": 0.12566370614359174,
            "transform_matrix": [
                [
                    0.9382075071334839,
                    0.2310333102941513,
                    0.2576630115509033,
                    1.0386728048324585
                ],
                [
                    0.3460731506347656,
                    -0.626333475112915,
                    -0.6985268592834473,
                    -2.815851926803589
                ],
                [
                    0.0,
                    0.7445334196090698,
                    -0.6675851941108704,
                    -2.691122055053711
                ],
                [
                    0.0,
                    0.0,
                    0.0,
                    1.0
                ]
            ]
        },
        {
            "file_path": "/data/shapenet_blender/all_50_random/02958343/25d92177ec6bd745deadc9ca0263db5a/r_2",
            "rotation": 0.12566370614359174,
            "transform_matrix": [
                [
                    -0.7619553208351135,
                    -0.6336302757263184,
                    0.13392867147922516,
                    0.5398837327957153
                ],
                [
                    0.6476297378540039,
                    -0.7454845309257507,
                    0.1575710028409958,
                    0.6351890563964844
                ],
                [
                    -7.450581485102248e-09,
                    0.20679816603660583,
                    0.9783836007118225,
                    3.943990468978882
                ],
                [
                    0.0,
                    0.0,
                    0.0,
                    1.0
                ]
            ]
        },
        {
            "file_path": "/data/shapenet_blender/all_50_random/02958343/25d92177ec6bd745deadc9ca0263db5a/r_3",
            "rotation": 0.12566370614359174,
            "transform_matrix": [
                [
                    0.7442367076873779,
                    -0.10928725451231003,
                    -0.6589142084121704,
                    -2.6561684608459473
                ],
                [
                    -0.667915940284729,
                    -0.12177519500255585,
                    -0.7342063784599304,
                    -2.9596807956695557
                ],
                [
                    -7.450580596923828e-09,
                    0.9865227341651917,
                    -0.16362425684928894,
                    -0.6595905423164368
                ],
                [
                    0.0,
                    0.0,
                    0.0,
                    1.0
                ]
            ]
        },
        {
            "file_path": "/data/shapenet_blender/all_50_random/02958343/25d92177ec6bd745deadc9ca0263db5a/r_4",
            "rotation": 0.12566370614359174,
            "transform_matrix": [
                [
                    0.7545674443244934,
                    -0.47020411491394043,
                    -0.4577510356903076,
                    -1.8452534675598145
                ],
                [
                    -0.656222403049469,
                    -0.5406714081764221,
                    -0.526352047920227,
                    -2.121793031692505
                ],
                [
                    0.0,
                    0.6975547075271606,
                    -0.7165315747261047,
                    -2.8884310722351074
                ],
                [
                    0.0,
                    0.0,
                    0.0,
                    1.0
                ]
            ]
        },
        {
            "file_path": "/data/shapenet_blender/all_50_random/02958343/25d92177ec6bd745deadc9ca0263db5a/r_5",
            "rotation": 0.12566370614359174,
            "transform_matrix": [
                [
                    -0.8093217611312866,
                    -0.31394752860069275,
                    -0.4964224398136139,
                    -2.001142978668213
                ],
                [
                    -0.5873656272888184,
                    0.4325833022594452,
                    0.6840125322341919,
                    2.757343053817749
                ],
                [
                    1.4901162970204496e-08,
                    0.8451676964759827,
                    -0.5345010161399841,
                    -2.1546428203582764
                ],
                [
                    0.0,
                    0.0,
                    0.0,
                    1.0
                ]
            ]
        },
        {
            "file_path": "/data/shapenet_blender/all_50_random/02958343/25d92177ec6bd745deadc9ca0263db5a/r_6",
            "rotation": 0.12566370614359174,
            "transform_matrix": [
                [
                    -0.904998242855072,
                    0.24975116550922394,
                    -0.34438708424568176,
                    -1.3882687091827393
                ],
                [
                    -0.42541518807411194,
                    -0.5313029885292053,
                    0.7326247692108154,
                    2.9533047676086426
                ],
                [
                    0.0,
                    0.8095316886901855,
                    0.5870761871337891,
                    2.36657977104187
                ],
                [
                    0.0,
                    0.0,
                    0.0,
                    1.0
                ]
            ]
        },
        {
            "file_path": "/data/shapenet_blender/all_50_random/02958343/25d92177ec6bd745deadc9ca0263db5a/r_7",
            "rotation": 0.12566370614359174,
            "transform_matrix": [
                [
                    0.7226312160491943,
                    -0.6743037700653076,
                    0.15204815566539764,
                    0.6129257082939148
                ],
                [
                    0.6912338733673096,
                    0.7049321532249451,
                    -0.15895451605319977,
                    -0.6407661437988281
                ],
                [
                    -7.450580596923828e-09,
                    0.21996615827083588,
                    0.9755074977874756,
                    3.932396411895752
                ],
                [
                    0.0,
                    0.0,
                    0.0,
                    1.0
                ]
            ]
        },
        {
            "file_path": "/data/shapenet_blender/all_50_random/02958343/25d92177ec6bd745deadc9ca0263db5a/r_8",
            "rotation": 0.12566370614359174,
            "transform_matrix": [
                [
                    0.9010718464851379,
                    -0.03474203124642372,
                    0.43227583169937134,
                    1.7425596714019775
                ],
                [
                    0.43366968631744385,
                    0.0721864327788353,
                    -0.8981757164001465,
                    -3.620662212371826
                ],
                [
                    -1.8626450382086546e-09,
                    0.9967859387397766,
                    0.08011172711849213,
                    0.3229407072067261
                ],
                [
                    0.0,
                    0.0,
                    0.0,
                    1.0
                ]
            ]
        },
        {
            "file_path": "/data/shapenet_blender/all_50_random/02958343/25d92177ec6bd745deadc9ca0263db5a/r_9",
            "rotation": 0.12566370614359174,
            "transform_matrix": [
                [
                    -0.739281415939331,
                    -0.24288541078567505,
                    -0.6280682682991028,
                    -2.5318241119384766
                ],
                [
                    -0.673396646976471,
                    0.26664915680885315,
                    0.6895180940628052,
                    2.779536247253418
                ],
                [
                    0.0,
                    0.9326868057250977,
                    -0.3606870174407959,
                    -1.4539759159088135
                ],
                [
                    0.0,
                    0.0,
                    0.0,
                    1.0
                ]
            ]
        },
        {
            "file_path": "/data/shapenet_blender/all_50_random/02958343/25d92177ec6bd745deadc9ca0263db5a/r_10",
            "rotation": 0.12566370614359174,
            "transform_matrix": [
                [
                    -0.574809730052948,
                    -0.0694490298628807,
                    0.8153345584869385,
                    3.2867190837860107
                ],
                [
                    0.818287193775177,
                    -0.048784803599119186,
                    0.5727356672286987,
                    2.3087716102600098
                ],
                [
                    -3.725290742551124e-09,
                    0.9963918924331665,
                    0.08487121760845184,
                    0.34212684631347656
                ],
                [
                    0.0,
                    0.0,
                    0.0,
                    1.0
                ]
            ]
        },
        {
            "file_path": "/data/shapenet_blender/all_50_random/02958343/25d92177ec6bd745deadc9ca0263db5a/r_11",
            "rotation": 0.12566370614359174,
            "transform_matrix": [
                [
                    0.979539155960083,
                    0.15435923635959625,
                    0.12913648784160614,
                    0.5205658674240112
                ],
                [
                    0.20125359296798706,
                    -0.7512954473495483,
                    -0.6285316348075867,
                    -2.5336923599243164
                ],
                [
                    -7.450580152834618e-09,
                    0.6416605710983276,
                    -0.7669886350631714,
                    -3.091830253601074
                ],
                [
                    0.0,
                    0.0,
                    0.0,
                    1.0
                ]
            ]
        },
        {
            "file_path": "/data/shapenet_blender/all_50_random/02958343/25d92177ec6bd745deadc9ca0263db5a/r_12",
            "rotation": 0.12566370614359174,
            "transform_matrix": [
                [
                    0.3567730486392975,
                    -0.6798239350318909,
                    0.640743613243103,
                    2.5829203128814697
                ],
                [
                    0.934191107749939,
                    0.2596287429332733,
                    -0.2447037398815155,
                    -0.9864323735237122
                ],
                [
                    0.0,
                    0.6858806610107422,
                    0.727713942527771,
                    2.93350887298584
                ],
                [
                    0.0,
                    0.0,
                    0.0,
                    1.0
                ]
            ]
        },
        {
            "file_path": "/data/shapenet_blender/all_50_random/02958343/25d92177ec6bd745deadc9ca0263db5a/r_13",
            "rotation": 0.12566370614359174,
            "transform_matrix": [
                [
                    -0.43087226152420044,
                    0.11806131899356842,
                    -0.8946566581726074,
                    -3.606476306915283
                ],
                [
                    -0.9024128317832947,
                    -0.05637037754058838,
                    0.42716896533966064,
                    1.721973180770874
                ],
                [
                    -3.725290076417309e-09,
                    0.9914050102233887,
                    0.13082848489284515,
                    0.527386486530304
                ],
                [
                    0.0,
                    0.0,
                    0.0,
                    1.0
                ]
            ]
        },
        {
            "file_path": "/data/shapenet_blender/all_50_random/02958343/25d92177ec6bd745deadc9ca0263db5a/r_14",
            "rotation": 0.12566370614359174,
            "transform_matrix": [
                [
                    0.7420070171356201,
                    0.13805682957172394,
                    0.6560227870941162,
                    2.64451265335083
                ],
                [
                    0.6703921556472778,
                    -0.15280479192733765,
                    -0.7261025905609131,
                    -2.927013397216797
                ],
                [
                    7.450581485102248e-09,
                    0.9785656929016113,
                    -0.20593443512916565,
                    -0.8301483392715454
                ],
                [
                    0.0,
                    0.0,
                    0.0,
                    1.0
                ]
            ]
        },
        {
            "file_path": "/data/shapenet_blender/all_50_random/02958343/25d92177ec6bd745deadc9ca0263db5a/r_15",
            "rotation": 0.12566370614359174,
            "transform_matrix": [
                [
                    0.5788959860801697,
                    0.003538476536050439,
                    0.8153937458992004,
                    3.286957263946533
                ],
                [
                    0.8154013752937317,
                    -0.0025121490471065044,
                    -0.5788905024528503,
                    -2.3335821628570557
                ],
                [
                    0.0,
                    0.9999905228614807,
                    -0.00433955155313015,
                    -0.017493290826678276
                ],
                [
                    0.0,
                    0.0,
                    0.0,
                    1.0
                ]
            ]
        },
        {
            "file_path": "/data/shapenet_blender/all_50_random/02958343/25d92177ec6bd745deadc9ca0263db5a/r_16",
            "rotation": 0.12566370614359174,
            "transform_matrix": [
                [
                    -0.9919351935386658,
                    0.07047352194786072,
                    0.10534671694040298,
                    0.4246661961078644
                ],
                [
                    0.12674559652805328,
                    0.5515391826629639,
                    0.824463427066803,
                    3.3235182762145996
                ],
                [
                    -3.725290076417309e-09,
                    0.8311665654182434,
                    -0.5560234189033508,
                    -2.2414021492004395
                ],
                [
                    0.0,
                    0.0,
                    0.0,
                    1.0
                ]
            ]
        },
        {
            "file_path": "/data/shapenet_blender/all_50_random/02958343/25d92177ec6bd745deadc9ca0263db5a/r_17",
            "rotation": 0.12566370614359174,
            "transform_matrix": [
                [
                    0.9957430958747864,
                    -0.05109156668186188,
                    0.07671675831079483,
                    0.3092551827430725
                ],
                [
                    0.09217272698879242,
                    0.551942765712738,
                    -0.8287720680236816,
                    -3.3408873081207275
                ],
                [
                    0.0,
                    0.83231520652771,
                    0.554302453994751,
                    2.2344648838043213
                ],
                [
                    0.0,
                    0.0,
                    0.0,
                    1.0
                ]
            ]
        },
        {
            "file_path": "/data/shapenet_blender/all_50_random/02958343/25d92177ec6bd745deadc9ca0263db5a/r_18",
            "rotation": 0.12566370614359174,
            "transform_matrix": [
                [
                    -0.07207821309566498,
                    0.1824982911348343,
                    0.9805606007575989,
                    3.952766180038452
                ],
                [
                    0.9973989725112915,
                    0.013188454322516918,
                    0.07086136937141418,
                    0.2856513261795044
                ],
                [
                    0.0,
                    0.9831176400184631,
                    -0.1829742193222046,
                    -0.7375926971435547
                ],
                [
                    0.0,
                    0.0,
                    0.0,
                    1.0
                ]
            ]
        },
        {
            "file_path": "/data/shapenet_blender/all_50_random/02958343/25d92177ec6bd745deadc9ca0263db5a/r_19",
            "rotation": 0.12566370614359174,
            "transform_matrix": [
                [
                    0.49518251419067383,
                    0.581192672252655,
                    0.6457626223564148,
                    2.603152275085449
                ],
                [
                    0.86878901720047,
                    -0.33126160502433777,
                    -0.3680644631385803,
                    -1.483715295791626
                ],
                [
                    -1.4901161193847656e-08,
                    0.7432905435562134,
                    -0.6689687371253967,
                    -2.6966991424560547
                ],
                [
                    0.0,
                    0.0,
                    0.0,
                    1.0
                ]
            ]
        },
        {
            "file_path": "/data/shapenet_blender/all_50_random/02958343/25d92177ec6bd745deadc9ca0263db5a/r_20",
            "rotation": 0.12566370614359174,
            "transform_matrix": [
                [
                    -0.7154896259307861,
                    -0.09300555288791656,
                    -0.6924049258232117,
                    -2.7911734580993652
                ],
                [
                    -0.6986234188079834,
                    0.09525088965892792,
                    0.7091209888458252,
                    2.858558177947998
                ],
                [
                    -7.450580596923828e-09,
                    0.9910990595817566,
                    -0.1331268548965454,
                    -0.5366514921188354
                ],
                [
                    0.0,
                    0.0,
                    0.0,
                    1.0
                ]
            ]
        },
        {
            "file_path": "/data/shapenet_blender/all_50_random/02958343/25d92177ec6bd745deadc9ca0263db5a/r_21",
            "rotation": 0.12566370614359174,
            "transform_matrix": [
                [
                    0.9773402214050293,
                    0.04016450047492981,
                    0.20782916247844696,
                    0.8377861976623535
                ],
                [
                    0.21167464554309845,
                    -0.18544679880142212,
                    -0.9595849514007568,
                    -3.868210792541504
                ],
                [
                    3.725290298461914e-09,
                    0.9818331599235535,
                    -0.18974637985229492,
                    -0.7648921608924866
                ],
                [
                    0.0,
                    0.0,
                    0.0,
                    1.0
                ]
            ]
        },
        {
            "file_path": "/data/shapenet_blender/all_50_random/02958343/25d92177ec6bd745deadc9ca0263db5a/r_22",
            "rotation": 0.12566370614359174,
            "transform_matrix": [
                [
                    -0.9931537508964539,
                    0.08684838563203812,
                    0.07812109589576721,
                    0.3149162530899048
                ],
                [
                    0.11681416630744934,
                    0.7383847832679749,
                    0.6641854047775269,
                    2.677417278289795
                ],
                [
                    3.725290076417309e-09,
                    0.6687639355659485,
                    -0.7434747219085693,
                    -2.997042655944824
                ],
                [
                    0.0,
                    0.0,
                    0.0,
                    1.0
                ]
            ]
        },
        {
            "file_path": "/data/shapenet_blender/all_50_random/02958343/25d92177ec6bd745deadc9ca0263db5a/r_23",
            "rotation": 0.12566370614359174,
            "transform_matrix": [
                [
                    0.7381632328033447,
                    -0.19692520797252655,
                    -0.6452406644821167,
                    -2.601048231124878
                ],
                [
                    -0.6746221780776978,
                    -0.21547313034534454,
                    -0.7060143947601318,
                    -2.8460350036621094
                ],
                [
                    1.4901161193847656e-08,
                    0.9564474821090698,
                    -0.2919044494628906,
                    -1.1767045259475708
                ],
                [
                    0.0,
                    0.0,
                    0.0,
                    1.0
                ]
            ]
        },
        {
            "file_path": "/data/shapenet_blender/all_50_random/02958343/25d92177ec6bd745deadc9ca0263db5a/r_24",
            "rotation": 0.12566370614359174,
            "transform_matrix": [
                [
                    0.8980512022972107,
                    0.24559083580970764,
                    0.36495089530944824,
                    1.4711642265319824
                ],
                [
                    0.43989092111587524,
                    -0.5013814568519592,
                    -0.7450587749481201,
                    -3.0034282207489014
                ],
                [
                    0.0,
                    0.8296396136283875,
                    -0.5582993030548096,
                    -2.2505767345428467
                ],
                [
                    0.0,
                    0.0,
                    0.0,
                    1.0
                ]
            ]
        },
        {
            "file_path": "/data/shapenet_blender/all_50_random/02958343/25d92177ec6bd745deadc9ca0263db5a/r_25",
            "rotation": 0.12566370614359174,
            "transform_matrix": [
                [
                    -0.08781859278678894,
                    -0.031419701874256134,
                    -0.9956408739089966,
                    -4.013556480407715
                ],
                [
                    -0.996136486530304,
                    0.002769935643300414,
                    0.08777489513158798,
                    0.3538319170475006
                ],
                [
                    0.0,
                    0.999502420425415,
                    -0.03154156729578972,
                    -0.1271481215953827
                ],
                [
                    0.0,
                    0.0,
                    0.0,
                    1.0
                ]
            ]
        },
        {
            "file_path": "/data/shapenet_blender/all_50_random/02958343/25d92177ec6bd745deadc9ca0263db5a/r_26",
            "rotation": 0.12566370614359174,
            "transform_matrix": [
                [
                    0.5480350255966187,
                    0.13488039374351501,
                    -0.8255088925361633,
                    -3.327732801437378
                ],
                [
                    -0.8364554643630981,
                    0.08837192505598068,
                    -0.5408629775047302,
                    -2.180288314819336
                ],
                [
                    0.0,
                    0.98691326379776,
                    0.16125233471393585,
                    0.6500289440155029
                ],
                [
                    0.0,
                    0.0,
                    0.0,
                    1.0
                ]
            ]
        },
        {
            "file_path": "/data/shapenet_blender/all_50_random/02958343/25d92177ec6bd745deadc9ca0263db5a/r_27",
            "rotation": 0.12566370614359174,
            "transform_matrix": [
                [
                    -0.508888840675354,
                    -0.5877854824066162,
                    -0.6289198398590088,
                    -2.53525710105896
                ],
                [
                    -0.8608322143554688,
                    0.3474747836589813,
                    0.3717917203903198,
                    1.4987404346466064
                ],
                [
                    1.4901161193847656e-08,
                    0.7305951714515686,
                    -0.6828107833862305,
                    -2.7524986267089844
                ],
                [
                    0.0,
                    0.0,
                    0.0,
                    1.0
                ]
            ]
        },
        {
            "file_path": "/data/shapenet_blender/all_50_random/02958343/25d92177ec6bd745deadc9ca0263db5a/r_28",
            "rotation": 0.12566370614359174,
            "transform_matrix": [
                [
                    0.8575061559677124,
                    -0.04594188928604126,
                    0.512418270111084,
                    2.0656237602233887
                ],
                [
                    0.5144734978675842,
                    0.07657428830862045,
                    -0.8540804386138916,
                    -3.4429080486297607
                ],
                [
                    3.7252896323280993e-09,
                    0.9960048198699951,
                    0.08929882943630219,
                    0.35997503995895386
                ],
                [
                    0.0,
                    0.0,
                    0.0,
                    1.0
                ]
            ]
        },
        {
            "file_path": "/data/shapenet_blender/all_50_random/02958343/25d92177ec6bd745deadc9ca0263db5a/r_29",
            "rotation": 0.12566370614359174,
            "transform_matrix": [
                [
                    -0.34862127900123596,
                    0.025231920182704926,
                    0.9369239211082458,
                    3.7768614292144775
                ],
                [
                    0.9372637271881104,
                    0.00938517414033413,
                    0.34849485754966736,
                    1.4048278331756592
                ],
                [
                    0.0,
                    0.9996376633644104,
                    -0.026920828968286514,
                    -0.10852134227752686
                ],
                [
                    0.0,
                    0.0,
                    0.0,
                    1.0
                ]
            ]
        },
        {
            "file_path": "/data/shapenet_blender/all_50_random/02958343/25d92177ec6bd745deadc9ca0263db5a/r_30",
            "rotation": 0.12566370614359174,
            "transform_matrix": [
                [
                    -0.9960118532180786,
                    0.013432883657515049,
                    -0.08820407092571259,
                    -0.3555619716644287
                ],
                [
                    -0.08922107517719269,
                    -0.1499568521976471,
                    0.9846585988998413,
                    3.969285726547241
                ],
                [
                    -9.313225746154785e-10,
                    0.9886012673377991,
                    0.15055729448795319,
                    0.6069158911705017
                ],
                [
                    0.0,
                    0.0,
                    0.0,
                    1.0
                ]
            ]
        },
        {
            "file_path": "/data/shapenet_blender/all_50_random/02958343/25d92177ec6bd745deadc9ca0263db5a/r_31",
            "rotation": 0.12566370614359174,
            "transform_matrix": [
                [
                    0.8794482946395874,
                    0.14509885013103485,
                    0.45333990454673767,
                    1.8274716138839722
                ],
                [
                    0.4759945273399353,
                    -0.26808491349220276,
                    -0.8375915884971619,
                    -3.3764398097991943
                ],
                [
                    1.4901161193847656e-08,
                    0.9524058699607849,
                    -0.3048330247402191,
                    -1.2288212776184082
                ],
                [
                    0.0,
                    0.0,
                    0.0,
                    1.0
                ]
            ]
        },
        {
            "file_path": "/data/shapenet_blender/all_50_random/02958343/25d92177ec6bd745deadc9ca0263db5a/r_32",
            "rotation": 0.12566370614359174,
            "transform_matrix": [
                [
                    -0.9883174896240234,
                    -0.08082494884729385,
                    0.12921282649040222,
                    0.5208736062049866
                ],
                [
                    0.15240943431854248,
                    -0.5241191983222961,
                    0.8378962874412537,
                    3.3776683807373047
                ],
                [
                    0.0,
                    0.8478008508682251,
                    0.5303146243095398,
                    2.1377668380737305
                ],
                [
                    0.0,
                    0.0,
                    0.0,
                    1.0
                ]
            ]
        },
        {
            "file_path": "/data/shapenet_blender/all_50_random/02958343/25d92177ec6bd745deadc9ca0263db5a/r_33",
            "rotation": 0.12566370614359174,
            "transform_matrix": [
                [
                    -0.9789023995399475,
                    -0.13759562373161316,
                    0.151054248213768,
                    0.6089191436767578
                ],
                [
                    0.2043280154466629,
                    -0.6591983437538147,
                    0.7236764430999756,
                    2.9172329902648926
                ],
                [
                    -7.450580152834618e-09,
                    0.7392733097076416,
                    0.6734054684638977,
                    2.7145843505859375
                ],
                [
                    0.0,
                    0.0,
                    0.0,
                    1.0
                ]
            ]
        },
        {
            "file_path": "/data/shapenet_blender/all_50_random/02958343/25d92177ec6bd745deadc9ca0263db5a/r_34",
            "rotation": 0.12566370614359174,
            "transform_matrix": [
                [
                    0.7450904846191406,
                    0.07143537700176239,
                    0.6631267666816711,
                    2.673149585723877
                ],
                [
                    0.6669633984565735,
                    -0.0798032134771347,
                    -0.7408044338226318,
                    -2.9862782955169678
                ],
                [
                    3.725290742551124e-09,
                    0.9942476749420166,
                    -0.10710539668798447,
                    -0.4317556619644165
                ],
                [
                    0.0,
                    0.0,
                    0.0,
                    1.0
                ]
            ]
        },
        {
            "file_path": "/data/shapenet_blender/all_50_random/02958343/25d92177ec6bd745deadc9ca0263db5a/r_35",
            "rotation": 0.12566370614359174,
            "transform_matrix": [
                [
                    0.35832634568214417,
                    -0.32088276743888855,
                    0.876719057559967,
                    3.534167766571045
                ],
                [
                    0.9335964322090149,
                    0.12315894663333893,
                    -0.3364960849285126,
                    -1.3564592599868774
                ],
                [
                    0.0,
                    0.9390772581100464,
                    0.34370604157447815,
                    1.3855234384536743
                ],
                [
                    0.0,
                    0.0,
                    0.0,
                    1.0
                ]
            ]
        },
        {
            "file_path": "/data/shapenet_blender/all_50_random/02958343/25d92177ec6bd745deadc9ca0263db5a/r_36",
            "rotation": 0.12566370614359174,
            "transform_matrix": [
                [
                    -0.9177564382553101,
                    0.045465897768735886,
                    -0.39453262090682983,
                    -1.5904120206832886
                ],
                [
                    -0.39714378118515015,
                    -0.10506678372621536,
                    0.9117223620414734,
                    3.6752705574035645
                ],
                [
                    0.0,
                    0.9934253692626953,
                    0.11448219418525696,
                    0.46149250864982605
                ],
                [
                    0.0,
                    0.0,
                    0.0,
                    1.0
                ]
            ]
        },
        {
            "file_path": "/data/shapenet_blender/all_50_random/02958343/25d92177ec6bd745deadc9ca0263db5a/r_37",
            "rotation": 0.12566370614359174,
            "transform_matrix": [
                [
                    -0.44410011172294617,
                    0.8485702276229858,
                    -0.28758254647254944,
                    -1.1592824459075928
                ],
                [
                    -0.8959771990776062,
                    -0.42060238122940063,
                    0.14254319667816162,
                    0.5746100544929504
                ],
                [
                    7.450580596923828e-09,
                    0.3209707736968994,
                    0.9470889568328857,
                    3.817837953567505
                ],
                [
                    0.0,
                    0.0,
                    0.0,
                    1.0
                ]
            ]
        },
        {
            "file_path": "/data/shapenet_blender/all_50_random/02958343/25d92177ec6bd745deadc9ca0263db5a/r_38",
            "rotation": 0.12566370614359174,
            "transform_matrix": [
                [
                    0.2747263014316559,
                    -0.6884196400642395,
                    0.6712703108787537,
                    2.705977439880371
                ],
                [
                    0.9615224599838257,
                    0.19669532775878906,
                    -0.19179542362689972,
                    -0.7731521725654602
                ],
                [
                    0.0,
                    0.6981328725814819,
                    0.7159681916236877,
                    2.886160373687744
                ],
                [
                    0.0,
                    0.0,
                    0.0,
                    1.0
                ]
            ]
        },
        {
            "file_path": "/data/shapenet_blender/all_50_random/02958343/25d92177ec6bd745deadc9ca0263db5a/r_39",
            "rotation": 0.12566370614359174,
            "transform_matrix": [
                [
                    0.4655782878398895,
                    -0.1211012452840805,
                    0.8766819834709167,
                    3.534018039703369
                ],
                [
                    0.8850066065788269,
                    0.0637081190943718,
                    -0.4611988961696625,
                    -1.8591521978378296
                ],
                [
                    0.0,
                    0.990593671798706,
                    0.13683652877807617,
                    0.5516057014465332
                ],
                [
                    0.0,
                    0.0,
                    0.0,
                    1.0
                ]
            ]
        },
        {
            "file_path": "/data/shapenet_blender/all_50_random/02958343/25d92177ec6bd745deadc9ca0263db5a/r_40",
            "rotation": 0.12566370614359174,
            "transform_matrix": [
                [
                    -0.874750018119812,
                    -0.24635864794254303,
                    0.41727665066719055,
                    1.682096004486084
                ],
                [
                    0.48457443714141846,
                    -0.4447247385978699,
                    0.7532646059989929,
                    3.0365066528320312
                ],
                [
                    0.0,
                    0.8611198663711548,
                    0.5084020495414734,
                    2.049434185028076
                ],
                [
                    0.0,
                    0.0,
                    0.0,
                    1.0
                ]
            ]
        },
        {
            "file_path": "/data/shapenet_blender/all_50_random/02958343/25d92177ec6bd745deadc9ca0263db5a/r_41",
            "rotation": 0.12566370614359174,
            "transform_matrix": [
                [
                    0.656862199306488,
                    0.23416279256343842,
                    0.7167285680770874,
                    2.8892252445220947
                ],
                [
                    0.7540107369422913,
                    -0.20399272441864014,
                    -0.6243836283683777,
                    -2.5169708728790283
                ],
                [
