{
    "class": "02958343",
    "model": "82fdfc4ecc49072c3ffe0e5069bf1eb5",
    "remove_doubles": true,
    "edge_split": true,
    "denoise": true,
    "camera_angle_x": 0.6911112070083618,
    "scale_factor": 2.239694261706714,
    "hdri_file": "/data/IndoorHDRDataset2018/9C4A9907-9db3143476.exr",
    "center_offset": [
        0.0,
        -9.313225746154785e-10,
        -3.725290298461914e-09
    ],
    "lights": [],
    "frames": [
        {
            "file_path": "/data/shapenet_blender/all_50_random/02958343/82fdfc4ecc49072c3ffe0e5069bf1eb5/r_0",
            "rotation": 0.12566370614359174,
            "transform_matrix": [
                [
                    0.6615650057792664,
                    -0.3327276408672333,
                    0.6720297336578369,
                    2.709038496017456
                ],
                [
                    0.7498877048492432,
                    0.29353857040405273,
                    -0.592877209186554,
                    -2.3899645805358887
                ],
                [
                    -1.4901161193847656e-08,
                    0.8961737155914307,
                    0.44370323419570923,
                    1.7886250019073486
                ],
                [
                    0.0,
                    0.0,
                    0.0,
                    1.0
                ]
            ]
        },
        {
            "file_path": "/data/shapenet_blender/all_50_random/02958343/82fdfc4ecc49072c3ffe0e5069bf1eb5/r_1",
            "rotation": 0.12566370614359174,
            "transform_matrix": [
                [
                    0.9795116186141968,
                    -0.16153304278850555,
                    0.1202671080827713,
                    0.4848122298717499
                ],
                [
                    0.2013879418373108,
                    0.7856651544570923,
                    -0.5849556922912598,
                    -2.358031749725342
                ],
                [
                    -7.450580596923828e-09,
                    0.5971911549568176,
                    0.8020989298820496,
                    3.2333641052246094
                ],
                [
                    0.0,
                    0.0,
                    0.0,
                    1.0
                ]
            ]
        },
        {
            "file_path": "/data/shapenet_blender/all_50_random/02958343/82fdfc4ecc49072c3ffe0e5069bf1eb5/r_2",
            "rotation": 0.12566370614359174,
            "transform_matrix": [
                [
                    0.22913122177124023,
                    0.08503344655036926,
                    0.969674289226532,
                    3.9088821411132812
                ],
                [
                    0.973395586013794,
                    -0.020016340538859367,
                    -0.2282552421092987,
                    -0.9201263189315796
                ],
                [
                    0.0,
                    0.996177077293396,
                    -0.0873575434088707,
                    -0.35214951634407043
                ],
                [
                    0.0,
                    0.0,
                    0.0,
                    1.0
                ]
            ]
        },
        {
            "file_path": "/data/shapenet_blender/all_50_random/02958343/82fdfc4ecc49072c3ffe0e5069bf1eb5/r_3",
            "rotation": 0.12566370614359174,
            "transform_matrix": [
                [
                    0.9993650317192078,
                    0.0018712827004492283,
                    -0.03558388724923134,
                    -0.1434432566165924
                ],
                [
                    -0.03563305735588074,
                    0.0524820014834404,
                    -0.9979858994483948,
                    -4.02301025390625
                ],
                [
                    -1.1641533570472262e-10,
                    0.9986200928688049,
                    0.05251535400748253,
                    0.21169619262218475
                ],
                [
                    0.0,
                    0.0,
                    0.0,
                    1.0
                ]
            ]
        },
        {
            "file_path": "/data/shapenet_blender/all_50_random/02958343/82fdfc4ecc49072c3ffe0e5069bf1eb5/r_4",
            "rotation": 0.12566370614359174,
            "transform_matrix": [
                [
                    0.9999294877052307,
                    -0.005618591792881489,
                    -0.010463481768965721,
                    -0.042179644107818604
                ],
                [
                    -0.011876573786139488,
                    -0.47304850816726685,
                    -0.8809563517570496,
                    -3.551248550415039
                ],
                [
                    0.0,
                    0.881018340587616,
                    -0.47308191657066345,
                    -1.9070541858673096
                ],
                [
                    0.0,
                    0.0,
                    0.0,
                    1.0
                ]
            ]
        },
        {
            "file_path": "/data/shapenet_blender/all_50_random/02958343/82fdfc4ecc49072c3ffe0e5069bf1eb5/r_5",
            "rotation": 0.12566370614359174,
            "transform_matrix": [
                [
                    -0.6058971285820007,
                    0.5490454435348511,
                    0.5757061839103699,
                    2.3207454681396484
                ],
                [
                    0.7955428957939148,
                    0.4181610643863678,
                    0.43846631050109863,
                    1.7675139904022217
                ],
                [
                    2.9802320611338473e-08,
                    0.723664402961731,
                    -0.6901520490646362,
                    -2.7820916175842285
                ],
                [
                    0.0,
                    0.0,
                    0.0,
                    1.0
                ]
            ]
        },
        {
            "file_path": "/data/shapenet_blender/all_50_random/02958343/82fdfc4ecc49072c3ffe0e5069bf1eb5/r_6",
            "rotation": 0.12566370614359174,
            "transform_matrix": [
                [
                    0.7323976159095764,
                    0.044675592333078384,
                    0.6794098615646362,
                    2.7387890815734863
                ],
                [
                    0.6808772087097168,
                    -0.048056092113256454,
                    -0.7308192253112793,
                    -2.9460268020629883
                ],
                [
                    0.0,
                    0.9978449940681458,
                    -0.0656147450208664,
                    -0.26450154185295105
                ],
                [
                    0.0,
                    0.0,
                    0.0,
                    1.0
                ]
            ]
        },
        {
            "file_path": "/data/shapenet_blender/all_50_random/02958343/82fdfc4ecc49072c3ffe0e5069bf1eb5/r_7",
            "rotation": 0.12566370614359174,
            "transform_matrix": [
                [
                    0.8471930027008057,
                    0.04924539104104042,
                    0.5289979577064514,
                    2.1324591636657715
                ],
                [
                    0.5312852263450623,
                    -0.07852721214294434,
                    -0.84354567527771,
                    -3.4004416465759277
                ],
                [
                    0.0,
                    0.9956949353218079,
                    -0.09269104897975922,
                    -0.37364959716796875
                ],
                [
                    0.0,
                    0.0,
                    0.0,
                    1.0
                ]
            ]
        },
        {
            "file_path": "/data/shapenet_blender/all_50_random/02958343/82fdfc4ecc49072c3ffe0e5069bf1eb5/r_8",
            "rotation": 0.12566370614359174,
            "transform_matrix": [
                [
                    0.6654072403907776,
                    -0.5522770881652832,
                    0.5022183656692505,
                    2.0245070457458496
                ],
                [
                    0.7464805841445923,
                    0.49229568243026733,
                    -0.4476736783981323,
                    -1.8046302795410156
                ],
                [
                    -1.4901162970204496e-08,
                    0.6727814674377441,
                    0.7398411631584167,
                    2.9823951721191406
                ],
                [
                    0.0,
                    0.0,
                    0.0,
                    1.0
                ]
            ]
        },
        {
            "file_path": "/data/shapenet_blender/all_50_random/02958343/82fdfc4ecc49072c3ffe0e5069bf1eb5/r_9",
            "rotation": 0.12566370614359174,
            "transform_matrix": [
                [
                    0.8200385570526123,
                    0.31361183524131775,
                    0.47873198986053467,
                    1.929830551147461
                ],
                [
                    0.5723082423210144,
                    -0.4493623971939087,
                    -0.6859566569328308,
                    -2.7651798725128174
                ],
                [
                    1.4901161193847656e-08,
                    0.836493194103241,
                    -0.5479771494865417,
                    -2.2089667320251465
                ],
                [
                    0.0,
                    0.0,
                    0.0,
                    1.0
                ]
            ]
        },
        {
            "file_path": "/data/shapenet_blender/all_50_random/02958343/82fdfc4ecc49072c3ffe0e5069bf1eb5/r_10",
            "rotation": 0.12566370614359174,
            "transform_matrix": [
                [
                    0.027806205675005913,
                    -0.023685093969106674,
                    -0.9993326663970947,
                    -4.028439044952393
                ],
                [
                    -0.9996132850646973,
                    -0.0006588473916053772,
                    -0.027798399329185486,
                    -0.11205893754959106
                ],
                [
                    0.0,
                    0.9997192621231079,
                    -0.02369425632059574,
                    -0.09551461040973663
                ],
                [
                    0.0,
                    0.0,
                    0.0,
                    1.0
                ]
            ]
        },
        {
            "file_path": "/data/shapenet_blender/all_50_random/02958343/82fdfc4ecc49072c3ffe0e5069bf1eb5/r_11",
            "rotation": 0.12566370614359174,
            "transform_matrix": [
                [
                    0.876007080078125,
                    -0.05365217849612236,
                    0.47930464148521423,
                    1.9321388006210327
                ],
                [
                    0.4822981059551239,
                    0.09744946658611298,
                    -0.8705700039863586,
                    -3.5093798637390137
                ],
                [
                    -3.725290076417309e-09,
                    0.9937931895256042,
                    0.11124277859926224,
                    0.4484339952468872
                ],
                [
                    0.0,
                    0.0,
                    0.0,
                    1.0
                ]
            ]
        },
        {
            "file_path": "/data/shapenet_blender/all_50_random/02958343/82fdfc4ecc49072c3ffe0e5069bf1eb5/r_12",
            "rotation": 0.12566370614359174,
            "transform_matrix": [
                [
                    -0.03081369958817959,
                    -0.959666907787323,
                    0.279445618391037,
                    1.126481294631958
                ],
                [
                    0.9995251893997192,
                    -0.029584934934973717,
                    0.008614842779934406,
                    0.034727543592453
                ],
                [
                    9.31322685637781e-10,
                    0.27957823872566223,
                    0.96012282371521,
                    3.8703789710998535
                ],
                [
                    0.0,
                    0.0,
                    0.0,
                    1.0
                ]
            ]
        },
        {
            "file_path": "/data/shapenet_blender/all_50_random/02958343/82fdfc4ecc49072c3ffe0e5069bf1eb5/r_13",
            "rotation": 0.12566370614359174,
            "transform_matrix": [
                [
                    0.9440114498138428,
                    -0.01922013983130455,
                    0.32935237884521484,
                    1.3276618719100952
                ],
                [
                    0.3299127221107483,
                    0.05499646067619324,
                    -0.9424080848693848,
                    -3.798968553543091
                ],
                [
                    0.0,
                    0.9983015060424805,
                    0.058258261531591415,
                    0.2348465621471405
                ],
                [
                    0.0,
                    0.0,
                    0.0,
                    1.0
                ]
            ]
        },
        {
            "file_path": "/data/shapenet_blender/all_50_random/02958343/82fdfc4ecc49072c3ffe0e5069bf1eb5/r_14",
            "rotation": 0.12566370614359174,
            "transform_matrix": [
                [
                    -0.7161440253257751,
                    0.684310257434845,
                    0.13732178509235382,
                    0.553561806678772
                ],
                [
                    0.6979525685310364,
                    0.7021461129188538,
                    0.14090093970298767,
                    0.5679898262023926
                ],
                [
                    0.0,
                    0.1967494934797287,
                    -0.9804537892341614,
                    -3.9523355960845947
                ],
                [
                    0.0,
                    0.0,
                    0.0,
                    1.0
                ]
            ]
        },
        {
            "file_path": "/data/shapenet_blender/all_50_random/02958343/82fdfc4ecc49072c3ffe0e5069bf1eb5/r_15",
            "rotation": 0.12566370614359174,
            "transform_matrix": [
                [
                    0.2581073045730591,
                    0.4288738965988159,
                    -0.8657065629959106,
                    -3.489774465560913
                ],
                [
                    -0.9661163091659546,
                    0.11457780003547668,
                    -0.23128186166286469,
                    -0.9323269128799438
                ],
                [
                    0.0,
                    0.8960685729980469,
                    0.4439154863357544,
                    1.7894803285598755
                ],
                [
                    0.0,
                    0.0,
                    0.0,
                    1.0
                ]
            ]
        },
        {
            "file_path": "/data/shapenet_blender/all_50_random/02958343/82fdfc4ecc49072c3ffe0e5069bf1eb5/r_16",
            "rotation": 0.12566370614359174,
            "transform_matrix": [
                [
                    0.8680551648139954,
                    0.4094006419181824,
                    -0.28084054589271545,
                    -1.1321043968200684
                ],
                [
                    -0.49646782875061035,
                    0.7158214449882507,
                    -0.4910390377044678,
                    -1.9794416427612305
                ],
                [
                    -1.4901161193847656e-08,
                    0.5656772255897522,
                    0.8246266841888428,
                    3.324176549911499
                ],
                [
                    0.0,
                    0.0,
                    0.0,
                    1.0
                ]
            ]
        },
        {
            "file_path": "/data/shapenet_blender/all_50_random/02958343/82fdfc4ecc49072c3ffe0e5069bf1eb5/r_17",
            "rotation": 0.12566370614359174,
            "transform_matrix": [
                [
                    -0.902192234992981,
                    0.07590892910957336,
                    0.42460209131240845,
                    1.7116259336471558
                ],
                [
                    0.43133413791656494,
                    0.1587735414505005,
                    0.8881112933158875,
                    3.5800914764404297
                ],
                [
                    0.0,
                    0.9843925833702087,
                    -0.17598634958267212,
                    -0.7094237208366394
                ],
                [
                    0.0,
                    0.0,
                    0.0,
                    1.0
                ]
            ]
        },
        {
            "file_path": "/data/shapenet_blender/all_50_random/02958343/82fdfc4ecc49072c3ffe0e5069bf1eb5/r_18",
            "rotation": 0.12566370614359174,
            "transform_matrix": [
                [
                    -0.9993463754653931,
                    -0.02891465649008751,
                    0.021697888150811195,
                    0.08746699243783951
                ],
                [
                    0.03615046292543411,
                    -0.7993191480636597,
                    0.599818229675293,
                    2.41794490814209
                ],
                [
                    0.0,
                    0.6002106070518494,
                    0.7998418211936951,
                    3.2242660522460938
                ],
                [
                    0.0,
                    0.0,
                    0.0,
                    1.0
                ]
            ]
        },
        {
            "file_path": "/data/shapenet_blender/all_50_random/02958343/82fdfc4ecc49072c3ffe0e5069bf1eb5/r_19",
            "rotation": 0.12566370614359174,
            "transform_matrix": [
                [
                    -0.5468649864196777,
                    0.13869428634643555,
                    -0.8256527781486511,
                    -3.328313112258911
                ],
                [
                    -0.8372209072113037,
                    -0.0905938372015953,
                    0.5393087863922119,
                    2.174023389816284
                ],
                [
                    -7.450581485102248e-09,
                    0.9861828088760376,
                    0.1656603366136551,
                    0.6677982211112976
                ],
                [
                    0.0,
                    0.0,
                    0.0,
                    1.0
                ]
            ]
        },
        {
            "file_path": "/data/shapenet_blender/all_50_random/02958343/82fdfc4ecc49072c3ffe0e5069bf1eb5/r_20",
            "rotation": 0.12566370614359174,
            "transform_matrix": [
                [
                    -0.4319050908088684,
                    0.055968835949897766,
                    -0.9001808166503906,
                    -3.6287448406219482
                ],
                [
                    -0.9019191265106201,
                    -0.02680198661983013,
                    0.4310726821422577,
                    1.7377095222473145
                ],
                [
                    1.862645149230957e-09,
                    0.9980726838111877,
                    0.06205527111887932,
                    0.2501527965068817
                ],
                [
                    0.0,
                    0.0,
                    0.0,
                    1.0
                ]
            ]
        },
        {
            "file_path": "/data/shapenet_blender/all_50_random/02958343/82fdfc4ecc49072c3ffe0e5069bf1eb5/r_21",
            "rotation": 0.12566370614359174,
            "transform_matrix": [
                [
                    0.754360556602478,
                    -0.33842581510543823,
                    -0.5625016689300537,
                    -2.26751708984375
                ],
                [
                    -0.6564604043960571,
                    -0.3888963758945465,
                    -0.646389365196228,
                    -2.6056790351867676
                ],
                [
                    -1.4901162970204496e-08,
                    0.856870710849762,
                    -0.5155311226844788,
                    -2.0781726837158203
                ],
                [
                    0.0,
                    0.0,
                    0.0,
                    1.0
                ]
            ]
        },
        {
            "file_path": "/data/shapenet_blender/all_50_random/02958343/82fdfc4ecc49072c3ffe0e5069bf1eb5/r_22",
            "rotation": 0.12566370614359174,
            "transform_matrix": [
                [
                    0.39837971329689026,
                    -0.196529820561409,
                    -0.8959183096885681,
                    -3.6115622520446777
                ],
                [
                    -0.9172205924987793,
                    -0.08535950630903244,
                    -0.3891274034976959,
                    -1.5686227083206177
                ],
                [
                    -7.450580596923828e-09,
                    0.9767751693725586,
                    -0.21426670253276825,
                    -0.8637366890907288
                ],
                [
                    0.0,
                    0.0,
                    0.0,
                    1.0
                ]
            ]
        },
        {
            "file_path": "/data/shapenet_blender/all_50_random/02958343/82fdfc4ecc49072c3ffe0e5069bf1eb5/r_23",
            "rotation": 0.12566370614359174,
            "transform_matrix": [
                [
                    0.8082996010780334,
                    -0.09925395995378494,
                    0.5803451538085938,
                    2.3394463062286377
                ],
                [
                    0.5887715816497803,
                    0.13626155257225037,
                    -0.7967312932014465,
                    -3.2117269039154053
                ],
                [
                    0.0,
                    0.9856882095336914,
                    0.16857804358005524,
                    0.6795598864555359
                ],
                [
                    0.0,
                    0.0,
                    0.0,
                    1.0
                ]
            ]
        },
        {
            "file_path": "/data/shapenet_blender/all_50_random/02958343/82fdfc4ecc49072c3ffe0e5069bf1eb5/r_24",
            "rotation": 0.12566370614359174,
            "transform_matrix": [
                [
                    -0.5518411993980408,
                    -0.2595652937889099,
                    -0.7925257682800293,
                    -3.1947736740112305
                ],
                [
                    -0.8339491486549377,
                    0.1717596799135208,
                    0.524430513381958,
                    2.114047050476074
                ],
                [
                    1.4901160305669237e-08,
                    0.9503286480903625,
                    -0.3112483024597168,
                    -1.2546820640563965
                ],
                [
                    0.0,
                    0.0,
                    0.0,
                    1.0
                ]
            ]
        },
        {
            "file_path": "/data/shapenet_blender/all_50_random/02958343/82fdfc4ecc49072c3ffe0e5069bf1eb5/r_25",
            "rotation": 0.12566370614359174,
            "transform_matrix": [
                [
                    -0.66953444480896,
                    0.2966100871562958,
                    -0.6809889674186707,
                    -2.74515438079834
                ],
                [
                    -0.7427809238433838,
                    -0.267361044883728,
                    0.6138359308242798,
                    2.474451780319214
                ],
                [
                    0.0,
                    0.9168099164962769,
                    0.39932379126548767,
                    1.6097257137298584
                ],
                [
                    0.0,
                    0.0,
                    0.0,
                    1.0
                ]
            ]
        },
        {
            "file_path": "/data/shapenet_blender/all_50_random/02958343/82fdfc4ecc49072c3ffe0e5069bf1eb5/r_26",
            "rotation": 0.12566370614359174,
            "transform_matrix": [
                [
                    -0.39236709475517273,
                    -0.5529853105545044,
                    0.7350205183029175,
                    2.9629623889923096
                ],
                [
                    0.9198086857795715,
                    -0.23588956892490387,
                    0.3135411739349365,
                    1.2639249563217163
                ],
                [
                    0.0,
                    0.7991015315055847,
                    0.6011960506439209,
                    2.4234988689422607
                ],
                [
                    0.0,
                    0.0,
                    0.0,
                    1.0
                ]
            ]
        },
        {
            "file_path": "/data/shapenet_blender/all_50_random/02958343/82fdfc4ecc49072c3ffe0e5069bf1eb5/r_27",
            "rotation": 0.12566370614359174,
            "transform_matrix": [
                [
                    -0.46826815605163574,
                    -0.18898536264896393,
                    0.8631393313407898,
                    3.4794259071350098
                ],
                [
                    0.8835865259170532,
                    -0.10015524923801422,
                    0.4574319124221802,
                    1.8439669609069824
                ],
                [
                    0.0,
                    0.976858913898468,
                    0.2138844132423401,
                    0.8621956706047058
                ],
                [
                    0.0,
                    0.0,
                    0.0,
                    1.0
                ]
            ]
        },
        {
            "file_path": "/data/shapenet_blender/all_50_random/02958343/82fdfc4ecc49072c3ffe0e5069bf1eb5/r_28",
            "rotation": 0.12566370614359174,
            "transform_matrix": [
                [
                    0.9450429677963257,
                    0.30763569474220276,
                    -0.110697902739048,
                    -0.4462375044822693
                ],
                [
                    -0.32694610953330994,
                    0.8892259001731873,
                    -0.31997406482696533,
                    -1.2898566722869873
                ],
                [
                    -7.450580596923828e-09,
                    0.33858147263526917,
                    0.9409370422363281,
                    3.7930386066436768
                ],
                [
                    0.0,
                    0.0,
                    0.0,
                    1.0
                ]
            ]
        },
        {
            "file_path": "/data/shapenet_blender/all_50_random/02958343/82fdfc4ecc49072c3ffe0e5069bf1eb5/r_29",
            "rotation": 0.12566370614359174,
            "transform_matrix": [
                [
                    -0.8261096477508545,
                    0.10937202721834183,
                    -0.5527933835983276,
                    -2.228381633758545
                ],
                [
                    -0.5635094046592712,
                    -0.1603403389453888,
                    0.8103998899459839,
                    3.266826629638672
                ],
                [
                    0.0,
                    0.9809834957122803,
                    0.1940908581018448,
                    0.7824053168296814
                ],
                [
                    0.0,
                    0.0,
                    0.0,
                    1.0
                ]
            ]
        },
        {
            "file_path": "/data/shapenet_blender/all_50_random/02958343/82fdfc4ecc49072c3ffe0e5069bf1eb5/r_30",
            "rotation": 0.12566370614359174,
            "transform_matrix": [
                [
                    0.42239993810653687,
                    -0.6938205361366272,
                    -0.5832592844963074,
                    -2.35119366645813
                ],
                [
                    -0.9064096212387085,
                    -0.3233303725719452,
                    -0.2718072533607483,
                    -1.0956902503967285
                ],
                [
                    1.4901161193847656e-08,
                    0.6434831619262695,
                    -0.765460193157196,
                    -3.0856690406799316
                ],
                [
                    0.0,
                    0.0,
                    0.0,
                    1.0
                ]
            ]
        },
        {
            "file_path": "/data/shapenet_blender/all_50_random/02958343/82fdfc4ecc49072c3ffe0e5069bf1eb5/r_31",
            "rotation": 0.12566370614359174,
            "transform_matrix": [
                [
                    -0.11823014914989471,
                    0.42754366993904114,
                    -0.8962298035621643,
                    -3.6128182411193848
                ],
                [
                    -0.9929863214492798,
                    -0.050905585289001465,
                    0.1067098081111908,
                    0.4301610291004181
                ],
                [
                    0.0,
                    0.9025601744651794,
                    0.4305635690689087,
                    1.7356573343276978
                ],
                [
                    0.0,
                    0.0,
                    0.0,
                    1.0
                ]
            ]
        },
        {
            "file_path": "/data/shapenet_blender/all_50_random/02958343/82fdfc4ecc49072c3ffe0e5069bf1eb5/r_32",
            "rotation": 0.12566370614359174,
            "transform_matrix": [
                [
                    -0.2114599347114563,
                    -0.00014757204917259514,
                    0.9773866534233093,
                    3.939971685409546
                ],
                [
                    0.9773867726325989,
                    -3.1927560485200956e-05,
                    0.2114599049091339,
                    0.8524221181869507
                ],
                [
                    0.0,
                    1.0,
                    0.0001509863359387964,
                    0.0006086453795433044
                ],
                [
                    0.0,
                    0.0,
                    0.0,
                    1.0
                ]
            ]
        },
        {
            "file_path": "/data/shapenet_blender/all_50_random/02958343/82fdfc4ecc49072c3ffe0e5069bf1eb5/r_33",
            "rotation": 0.12566370614359174,
            "transform_matrix": [
                [
                    -0.25045475363731384,
                    0.2808966040611267,
                    -0.9264823198318481,
                    -3.734769582748413
                ],
                [
                    -0.9681282639503479,
                    -0.07266794890165329,
                    0.2396809607744217,
                    0.9661847949028015
                ],
                [
                    -7.450580152834618e-09,
                    0.9569829702377319,
                    0.2901439666748047,
                    1.1696077585220337
                ],
                [
                    0.0,
                    0.0,
                    0.0,
                    1.0
                ]
            ]
        },
        {
            "file_path": "/data/shapenet_blender/all_50_random/02958343/82fdfc4ecc49072c3ffe0e5069bf1eb5/r_34",
            "rotation": 0.12566370614359174,
            "transform_matrix": [
                [
                    -0.9245018362998962,
                    -0.024050340056419373,
                    -0.38041800260543823,
                    -1.5335137844085693
                ],
                [
                    -0.38117745518684387,
                    0.05833131819963455,
                    0.9226598739624023,
                    3.719360589981079
                ],
                [
                    0.0,
                    0.9980075359344482,
                    -0.06309486925601959,
                    -0.25434350967407227
                ],
                [
                    0.0,
                    0.0,
                    0.0,
                    1.0
                ]
            ]
        },
        {
            "file_path": "/data/shapenet_blender/all_50_random/02958343/82fdfc4ecc49072c3ffe0e5069bf1eb5/r_35",
            "rotation": 0.12566370614359174,
            "transform_matrix": [
                [
                    0.9996620416641235,
                    0.0032286501955240965,
                    -0.025797797366976738,
                    -0.10399425029754639
                ],
                [
                    -0.025999052450060844,
                    0.12414140999317169,
                    -0.9919238090515137,
                    -3.998572826385498
                ],
                [
                    -2.3283061589829401e-10,
                    0.9922593235969543,
                    0.12418337911367416,
                    0.500599205493927
                ],
                [
                    0.0,
                    0.0,
                    0.0,
                    1.0
                ]
            ]
        },
        {
            "file_path": "/data/shapenet_blender/all_50_random/02958343/82fdfc4ecc49072c3ffe0e5069bf1eb5/r_36",
            "rotation": 0.12566370614359174,
            "transform_matrix": [
                [
                    -0.984657347202301,
                    -0.09438709169626236,
                    -0.1467684656381607,
                    -0.5916426777839661
                ],
                [
                    -0.1744990348815918,
                    0.5326042771339417,
                    0.8281802535057068,
                    3.3385016918182373
                ],
                [
                    -1.4901161193847656e-08,
                    0.8410849571228027,
                    -0.5409030914306641,
                    -2.180450439453125
                ],
                [
                    0.0,
                    0.0,
                    0.0,
                    1.0
                ]
            ]
        },
        {
            "file_path": "/data/shapenet_blender/all_50_random/02958343/82fdfc4ecc49072c3ffe0e5069bf1eb5/r_37",
            "rotation": 0.12566370614359174,
            "transform_matrix": [
                [
                    0.13440591096878052,
                    -0.6849520802497864,
                    -0.7160835266113281,
                    -2.886625051498413
                ],
                [
                    -0.9909263849258423,
                    -0.09290459007024765,
                    -0.09712715446949005,
                    -0.3915320932865143
                ],
                [
                    0.0,
                    0.7226404547691345,
                    -0.6912240386009216,
                    -2.7864131927490234
                ],
                [
                    0.0,
                    0.0,
                    0.0,
                    1.0
                ]
            ]
        },
        {
            "file_path": "/data/shapenet_blender/all_50_random/02958343/82fdfc4ecc49072c3ffe0e5069bf1eb5/r_38",
            "rotation": 0.12566370614359174,
            "transform_matrix": [
                [
                    0.3011467456817627,
                    -0.023302316665649414,
                    -0.953292965888977,
                    -3.8428471088409424
                ],
                [
                    -0.9535778760910034,
                    -0.007359039969742298,
                    -0.30105677247047424,
                    -1.2135988473892212
                ],
                [
                    -4.656613428188905e-10,
                    0.9997013211250305,
                    -0.024436721578240395,
                    -0.0985075831413269
                ],
                [
                    0.0,
                    0.0,
                    0.0,
                    1.0
                ]
            ]
        },
        {
            "file_path": "/data/shapenet_blender/all_50_random/02958343/82fdfc4ecc49072c3ffe0e5069bf1eb5/r_39",
            "rotation": 0.12566370614359174,
            "transform_matrix": [
                [
                    -0.7259834408760071,
                    -0.48356708884239197,
                    0.48898953199386597,
                    1.9711799621582031
                ],
                [
                    0.6877121329307556,
                    -0.5104777216911316,
                    0.516201913356781,
                    2.0808768272399902
                ],
                [
                    -1.4901162970204496e-08,
                    0.7110381722450256,
                    0.7031533122062683,
                    2.8345019817352295
                ],
                [
                    0.0,
                    0.0,
                    0.0,
                    1.0
                ]
            ]
        },
        {
            "file_path": "/data/shapenet_blender/all_50_random/02958343/82fdfc4ecc49072c3ffe0e5069bf1eb5/r_40",
            "rotation": 0.12566370614359174,
            "transform_matrix": [
                [
                    0.5543524026870728,
                    -0.40106436610221863,
                    0.7292740941047668,
                    2.93979811668396
                ],
                [
                    0.8322820067405701,
                    0.2671342194080353,
                    -0.4857426583766937,
                    -1.958091378211975
                ],
                [
                    0.0,
                    0.8762343525886536,
                    0.4818851351737976,
                    1.942541241645813
                ],
                [
                    0.0,
                    0.0,
                    0.0,
                    1.0
                ]
            ]
        },
        {
            "file_path": "/data/shapenet_blender/all_50_random/02958343/82fdfc4ecc49072c3ffe0e5069bf1eb5/r_41",
            "rotation": 0.12566370614359174,
            "transform_matrix": [
                [
                    -0.924397349357605,
                    0.3514653742313385,
                    -0.14819453656673431,
                    -0.5973913073539734
                ],
                [
                    -0.381430983543396,
                    -0.8517758250236511,
                    0.3591492474079132,
                    1.4477769136428833
