{
    "class": "02958343",
    "model": "8df7178ab0f02bd7a795ba688a0bfdb4",
    "remove_doubles": true,
    "edge_split": true,
    "denoise": true,
    "camera_angle_x": 0.6911112070083618,
    "scale_factor": 2.225773614527825,
    "hdri_file": "/data/IndoorHDRDataset2018/9C4A7485-41d0302617.exr",
    "center_offset": [
        0.0,
        0.0,
        3.725290298461914e-09
    ],
    "lights": [],
    "frames": [
        {
            "file_path": "/data/shapenet_blender/all_50_random/02958343/8df7178ab0f02bd7a795ba688a0bfdb4/r_0",
            "rotation": 0.12566370614359174,
            "transform_matrix": [
                [
                    0.02881968952715397,
                    0.4497937560081482,
                    -0.8926673531532288,
                    -3.598457098007202
                ],
                [
                    -0.9995845556259155,
                    0.012968303635716438,
                    -0.025737086310982704,
                    -0.10374951362609863
                ],
                [
                    9.313225191043273e-10,
                    0.8930383324623108,
                    0.4499806761741638,
                    1.8139301538467407
                ],
                [
                    0.0,
                    0.0,
                    0.0,
                    1.0
                ]
            ]
        },
        {
            "file_path": "/data/shapenet_blender/all_50_random/02958343/8df7178ab0f02bd7a795ba688a0bfdb4/r_1",
            "rotation": 0.12566370614359174,
            "transform_matrix": [
                [
                    0.2680771052837372,
                    -0.055824216455221176,
                    0.9617787003517151,
                    3.87705397605896
                ],
                [
                    0.9633973836898804,
                    0.015533771365880966,
                    -0.26762667298316956,
                    -1.0788376331329346
                ],
                [
                    -9.313225191043273e-10,
                    0.9983198046684265,
                    0.05794515460729599,
                    0.23358438909053802
                ],
                [
                    0.0,
                    0.0,
                    0.0,
                    1.0
                ]
            ]
        },
        {
            "file_path": "/data/shapenet_blender/all_50_random/02958343/8df7178ab0f02bd7a795ba688a0bfdb4/r_2",
            "rotation": 0.12566370614359174,
            "transform_matrix": [
                [
                    0.9977220296859741,
                    0.06133390963077545,
                    -0.02809000015258789,
                    -0.11323441565036774
                ],
                [
                    -0.06746033579111099,
                    0.9071136713027954,
                    -0.4154443144798279,
                    -1.6747095584869385
                ],
                [
                    0.0,
                    0.41639283299446106,
                    0.9091848134994507,
                    3.665041208267212
                ],
                [
                    0.0,
                    0.0,
                    0.0,
                    1.0
                ]
            ]
        },
        {
            "file_path": "/data/shapenet_blender/all_50_random/02958343/8df7178ab0f02bd7a795ba688a0bfdb4/r_3",
            "rotation": 0.12566370614359174,
            "transform_matrix": [
                [
                    0.06818054616451263,
                    -0.03407050296664238,
                    -0.9970911741256714,
                    -4.019402503967285
                ],
                [
                    -0.9976729154586792,
                    -0.0023283634800463915,
                    -0.06814078986644745,
                    -0.27468428015708923
                ],
                [
                    2.328306020205062e-10,
                    0.9994167685508728,
                    -0.03414996713399887,
                    -0.13766290247440338
                ],
                [
                    0.0,
                    0.0,
                    0.0,
                    1.0
                ]
            ]
        },
        {
            "file_path": "/data/shapenet_blender/all_50_random/02958343/8df7178ab0f02bd7a795ba688a0bfdb4/r_4",
            "rotation": 0.12566370614359174,
            "transform_matrix": [
                [
                    0.5933000445365906,
                    -0.26891404390335083,
                    0.7587360143661499,
                    3.058562755584717
                ],
                [
                    0.8049814701080322,
                    0.19819922745227814,
                    -0.5592154860496521,
                    -2.25426983833313
                ],
                [
                    0.0,
                    0.9425510168075562,
                    0.334062397480011,
                    1.3466485738754272
                ],
                [
                    0.0,
                    0.0,
                    0.0,
                    1.0
                ]
            ]
        },
        {
            "file_path": "/data/shapenet_blender/all_50_random/02958343/8df7178ab0f02bd7a795ba688a0bfdb4/r_5",
            "rotation": 0.12566370614359174,
            "transform_matrix": [
                [
                    -0.21007351577281952,
                    -0.0817696675658226,
                    0.9742600321769714,
                    3.9273681640625
                ],
                [
                    0.9776855707168579,
                    -0.01756970025599003,
                    0.20933745801448822,
                    0.8438663482666016
                ],
                [
                    1.862645149230957e-09,
                    0.996496319770813,
                    0.08363595604896545,
                    0.3371473550796509
                ],
                [
                    0.0,
                    0.0,
                    0.0,
                    1.0
                ]
            ]
        },
        {
            "file_path": "/data/shapenet_blender/all_50_random/02958343/8df7178ab0f02bd7a795ba688a0bfdb4/r_6",
            "rotation": 0.12566370614359174,
            "transform_matrix": [
                [
                    0.7606621980667114,
                    0.5063173174858093,
                    -0.4062459468841553,
                    -1.637629747390747
                ],
                [
                    -0.6491480469703674,
                    0.5932952165603638,
                    -0.476033091545105,
                    -1.9189507961273193
                ],
                [
                    -2.980232594040899e-08,
                    0.6258140206336975,
                    0.7799723148345947,
                    3.1441688537597656
                ],
                [
                    0.0,
                    0.0,
                    0.0,
                    1.0
                ]
            ]
        },
        {
            "file_path": "/data/shapenet_blender/all_50_random/02958343/8df7178ab0f02bd7a795ba688a0bfdb4/r_7",
            "rotation": 0.12566370614359174,
            "transform_matrix": [
                [
                    0.22866074740886688,
                    -0.4203872084617615,
                    0.8780596852302551,
                    3.539571762084961
                ],
                [
                    0.9735062122344971,
                    0.09874210506677628,
                    -0.2062419056892395,
                    -0.8313876986503601
                ],
                [
                    0.0,
                    0.9019560217857361,
                    0.43182793259620667,
                    1.7407541275024414
                ],
                [
                    0.0,
                    0.0,
                    0.0,
                    1.0
                ]
            ]
        },
        {
            "file_path": "/data/shapenet_blender/all_50_random/02958343/8df7178ab0f02bd7a795ba688a0bfdb4/r_8",
            "rotation": 0.12566370614359174,
            "transform_matrix": [
                [
                    -0.39553797245025635,
                    0.09811080247163773,
                    -0.9131942987442017,
                    -3.681204319000244
                ],
                [
                    -0.9184496402740479,
                    -0.042252227663993835,
                    0.3932746946811676,
                    1.5853410959243774
                ],
                [
                    3.725290742551124e-09,
                    0.994278073310852,
                    0.1068221777677536,
                    0.43061399459838867
                ],
                [
                    0.0,
                    0.0,
                    0.0,
                    1.0
                ]
            ]
        },
        {
            "file_path": "/data/shapenet_blender/all_50_random/02958343/8df7178ab0f02bd7a795ba688a0bfdb4/r_9",
            "rotation": 0.12566370614359174,
            "transform_matrix": [
                [
                    -0.12982025742530823,
                    -0.402731716632843,
                    0.9060649871826172,
                    3.6524651050567627
                ],
                [
                    0.9915375709533691,
                    -0.05272894725203514,
                    0.11862947791814804,
                    0.4782107472419739
                ],
                [
                    0.0,
                    0.9137980937957764,
                    0.40616878867149353,
                    1.6373188495635986
                ],
                [
                    0.0,
                    0.0,
                    0.0,
                    1.0
                ]
            ]
        },
        {
            "file_path": "/data/shapenet_blender/all_50_random/02958343/8df7178ab0f02bd7a795ba688a0bfdb4/r_10",
            "rotation": 0.12566370614359174,
            "transform_matrix": [
                [
                    0.8216935396194458,
                    0.20572735369205475,
                    -0.5315034985542297,
                    -2.142559051513672
                ],
                [
                    -0.5699295997619629,
                    0.29660654067993164,
                    -0.766292929649353,
                    -3.0890254974365234
                ],
                [
                    0.0,
                    0.9325775504112244,
                    0.36096978187561035,
                    1.4551156759262085
                ],
                [
                    0.0,
                    0.0,
                    0.0,
                    1.0
                ]
            ]
        },
        {
            "file_path": "/data/shapenet_blender/all_50_random/02958343/8df7178ab0f02bd7a795ba688a0bfdb4/r_11",
            "rotation": 0.12566370614359174,
            "transform_matrix": [
                [
                    -0.9984224438667297,
                    0.0455748476088047,
                    -0.03279842063784599,
                    -0.13221466541290283
                ],
                [
                    -0.056149836629629135,
                    -0.8103843927383423,
                    0.5832017064094543,
                    2.350961208343506
                ],
                [
                    1.862645371275562e-09,
                    0.5841231346130371,
                    0.8116649985313416,
                    3.271926164627075
                ],
                [
                    0.0,
                    0.0,
                    0.0,
                    1.0
                ]
            ]
        },
        {
            "file_path": "/data/shapenet_blender/all_50_random/02958343/8df7178ab0f02bd7a795ba688a0bfdb4/r_12",
            "rotation": 0.12566370614359174,
            "transform_matrix": [
                [
                    0.8777483105659485,
                    0.325383722782135,
                    0.3516864478588104,
                    1.4176934957504272
                ],
                [
                    0.4791220426559448,
                    -0.5961007475852966,
                    -0.644287109375,
                    -2.5972046852111816
                ],
                [
                    1.4901160305669237e-08,
                    0.7340226769447327,
                    -0.6791248321533203,
                    -2.737639904022217
                ],
                [
                    0.0,
                    0.0,
                    0.0,
                    1.0
                ]
            ]
        },
        {
            "file_path": "/data/shapenet_blender/all_50_random/02958343/8df7178ab0f02bd7a795ba688a0bfdb4/r_13",
            "rotation": 0.12566370614359174,
            "transform_matrix": [
                [
                    0.5319250822067261,
                    0.062338415533304214,
                    -0.8444938063621521,
                    -3.4042630195617676
                ],
                [
                    -0.8467914462089539,
                    0.03915883228182793,
                    -0.53048175573349,
                    -2.1384401321411133
                ],
                [
                    0.0,
                    0.9972865581512451,
                    0.07361721247434616,
                    0.2967604398727417
                ],
                [
                    0.0,
                    0.0,
                    0.0,
                    1.0
                ]
            ]
        },
        {
            "file_path": "/data/shapenet_blender/all_50_random/02958343/8df7178ab0f02bd7a795ba688a0bfdb4/r_14",
            "rotation": 0.12566370614359174,
            "transform_matrix": [
                [
                    -0.26994356513023376,
                    -0.0709528923034668,
                    -0.9602583050727844,
                    -3.870925188064575
                ],
                [
                    -0.9628760814666748,
                    0.019891735166311264,
                    0.2692096531391144,
                    1.085218906402588
                ],
                [
                    -1.8626450382086546e-09,
                    0.9972812533378601,
                    -0.07368849962949753,
                    -0.297047883272171
                ],
                [
                    0.0,
                    0.0,
                    0.0,
                    1.0
                ]
            ]
        },
        {
            "file_path": "/data/shapenet_blender/all_50_random/02958343/8df7178ab0f02bd7a795ba688a0bfdb4/r_15",
            "rotation": 0.12566370614359174,
            "transform_matrix": [
                [
                    -0.17635004222393036,
                    0.7078739404678345,
                    0.683970034122467,
                    2.757171630859375
                ],
                [
                    0.984327495098114,
                    0.12682120501995087,
                    0.12253864109516144,
                    0.4939690828323364
                ],
                [
                    7.450580596923828e-09,
                    0.6948603391647339,
                    -0.7191446423530579,
                    -2.8989651203155518
                ],
                [
                    0.0,
                    0.0,
                    0.0,
                    1.0
                ]
            ]
        },
        {
            "file_path": "/data/shapenet_blender/all_50_random/02958343/8df7178ab0f02bd7a795ba688a0bfdb4/r_16",
            "rotation": 0.12566370614359174,
            "transform_matrix": [
                [
                    -0.987311601638794,
                    -0.02199721708893776,
                    -0.15726441144943237,
                    -0.6339530944824219
                ],
                [
                    -0.15879540145397186,
                    0.13676786422729492,
                    0.9777926802635193,
                    3.941608428955078
                ],
                [
                    0.0,
                    0.9903587698936462,
                    -0.1385255604982376,
                    -0.5584143996238708
                ],
                [
                    0.0,
                    0.0,
                    0.0,
                    1.0
                ]
            ]
        },
        {
            "file_path": "/data/shapenet_blender/all_50_random/02958343/8df7178ab0f02bd7a795ba688a0bfdb4/r_17",
            "rotation": 0.12566370614359174,
            "transform_matrix": [
                [
                    0.8581510782241821,
                    -0.3634588420391083,
                    0.3625939190387726,
                    1.461663007736206
                ],
                [
                    0.5133972764015198,
                    0.6075267791748047,
                    -0.6060810685157776,
                    -2.4431912899017334
                ],
                [
                    1.4901162970204496e-08,
                    0.7062639594078064,
                    0.7079485058784485,
                    2.8538320064544678
                ],
                [
                    0.0,
                    0.0,
                    0.0,
                    1.0
                ]
            ]
        },
        {
            "file_path": "/data/shapenet_blender/all_50_random/02958343/8df7178ab0f02bd7a795ba688a0bfdb4/r_18",
            "rotation": 0.12566370614359174,
            "transform_matrix": [
                [
                    0.8455021977424622,
                    -0.023603469133377075,
                    0.5334499478340149,
                    2.1504054069519043
                ],
                [
                    0.533971905708313,
                    0.03737422451376915,
                    -0.8446757793426514,
                    -3.404996871948242
                ],
                [
                    0.0,
                    0.9990226030349731,
                    0.04420357197523117,
                    0.17819029092788696
                ],
                [
                    0.0,
                    0.0,
                    0.0,
                    1.0
                ]
            ]
        },
        {
            "file_path": "/data/shapenet_blender/all_50_random/02958343/8df7178ab0f02bd7a795ba688a0bfdb4/r_19",
            "rotation": 0.12566370614359174,
            "transform_matrix": [
                [
                    0.9854803681373596,
                    0.015492032282054424,
                    0.16908107697963715,
                    0.6815876364707947
                ],
                [
                    0.16978932917118073,
                    -0.0899178683757782,
                    -0.9813696146011353,
                    -3.9560275077819824
                ],
                [
                    0.0,
                    0.9958286881446838,
                    -0.09124267101287842,
                    -0.3678109645843506
                ],
                [
                    0.0,
                    0.0,
                    0.0,
                    1.0
                ]
            ]
        },
        {
            "file_path": "/data/shapenet_blender/all_50_random/02958343/8df7178ab0f02bd7a795ba688a0bfdb4/r_20",
            "rotation": 0.12566370614359174,
            "transform_matrix": [
                [
                    -0.8037927746772766,
                    0.519657552242279,
                    0.2896086275577545,
                    1.1674498319625854
                ],
                [
                    0.5949093699455261,
                    0.7021186947822571,
                    0.391295462846756,
                    1.5773625373840332
                ],
                [
                    1.4901161193847656e-08,
                    0.4868113696575165,
                    -0.873507022857666,
                    -3.5212197303771973
                ],
                [
                    0.0,
                    0.0,
                    0.0,
                    1.0
                ]
            ]
        },
        {
            "file_path": "/data/shapenet_blender/all_50_random/02958343/8df7178ab0f02bd7a795ba688a0bfdb4/r_21",
            "rotation": 0.12566370614359174,
            "transform_matrix": [
                [
                    -0.03128010779619217,
                    -0.6665898561477661,
                    -0.7447680830955505,
                    -3.002256155014038
                ],
                [
                    -0.999510645866394,
                    0.02086121216416359,
                    0.023307831957936287,
                    0.09395687282085419
                ],
                [
                    0.0,
                    0.7451326847076416,
                    -0.6669162511825562,
                    -2.688425302505493
                ],
                [
                    0.0,
                    0.0,
                    0.0,
                    1.0
                ]
            ]
        },
        {
            "file_path": "/data/shapenet_blender/all_50_random/02958343/8df7178ab0f02bd7a795ba688a0bfdb4/r_22",
            "rotation": 0.12566370614359174,
            "transform_matrix": [
                [
                    0.984059751033783,
                    -0.005060769151896238,
                    -0.17776615917682648,
                    -0.7165982127189636
                ],
                [
                    -0.17783817648887634,
                    -0.028003543615341187,
                    -0.9836612939834595,
                    -3.9652650356292725
                ],
                [
                    0.0,
                    0.9995949268341064,
                    -0.028457164764404297,
                    -0.11471448838710785
                ],
                [
                    0.0,
                    0.0,
                    0.0,
                    1.0
                ]
            ]
        },
        {
            "file_path": "/data/shapenet_blender/all_50_random/02958343/8df7178ab0f02bd7a795ba688a0bfdb4/r_23",
            "rotation": 0.12566370614359174,
            "transform_matrix": [
                [
                    0.7069835662841797,
                    -0.14721915125846863,
                    -0.6917374730110168,
                    -2.788482904434204
                ],
                [
                    -0.7072299718856812,
                    -0.1471678614616394,
                    -0.6914964914321899,
                    -2.7875115871429443
                ],
                [
                    7.450580596923828e-09,
                    0.9780941009521484,
                    -0.2081630676984787,
                    -0.8391321897506714
                ],
                [
                    0.0,
                    0.0,
                    0.0,
                    1.0
                ]
            ]
        },
        {
            "file_path": "/data/shapenet_blender/all_50_random/02958343/8df7178ab0f02bd7a795ba688a0bfdb4/r_24",
            "rotation": 0.12566370614359174,
            "transform_matrix": [
                [
                    -0.6328107714653015,
                    0.15661850571632385,
                    -0.7583014369010925,
                    -3.0568108558654785
                ],
                [
                    -0.7743064761161804,
                    -0.1279982626438141,
                    0.619730532169342,
                    2.498213529586792
                ],
                [
                    7.450580596923828e-09,
                    0.9793298244476318,
                    0.20226940512657166,
                    0.8153740167617798
                ],
                [
                    0.0,
                    0.0,
                    0.0,
                    1.0
                ]
            ]
        },
        {
            "file_path": "/data/shapenet_blender/all_50_random/02958343/8df7178ab0f02bd7a795ba688a0bfdb4/r_25",
            "rotation": 0.12566370614359174,
            "transform_matrix": [
                [
                    -0.309786856174469,
                    0.41065168380737305,
                    0.8575530052185059,
                    3.456906795501709
                ],
                [
                    0.9508060216903687,
                    0.13379648327827454,
                    0.2794036567211151,
                    1.1263121366500854
                ],
                [
                    0.0,
                    0.9019221663475037,
                    -0.4318985044956207,
                    -1.7410385608673096
                ],
                [
                    0.0,
                    0.0,
                    0.0,
                    1.0
                ]
            ]
        },
        {
            "file_path": "/data/shapenet_blender/all_50_random/02958343/8df7178ab0f02bd7a795ba688a0bfdb4/r_26",
            "rotation": 0.12566370614359174,
            "transform_matrix": [
                [
                    -0.17178821563720703,
                    -0.47378137707710266,
                    -0.863724410533905,
                    -3.4817848205566406
                ],
                [
                    -0.9851338863372803,
                    0.08261827379465103,
                    0.15061676502227783,
                    0.6071556806564331
                ],
                [
                    0.0,
                    0.8767584562301636,
                    -0.480930894613266,
                    -1.9386945962905884
                ],
                [
                    0.0,
                    0.0,
                    0.0,
                    1.0
                ]
            ]
        },
        {
            "file_path": "/data/shapenet_blender/all_50_random/02958343/8df7178ab0f02bd7a795ba688a0bfdb4/r_27",
            "rotation": 0.12566370614359174,
            "transform_matrix": [
                [
                    0.9302012920379639,
                    0.10578709095716476,
                    -0.35147491097450256,
                    -1.4168407917022705
                ],
                [
                    -0.36704978346824646,
                    0.26809248328208923,
                    -0.8907304406166077,
                    -3.5906496047973633
                ],
                [
                    0.0,
                    0.9575675129890442,
                    0.28820905089378357,
                    1.1618080139160156
                ],
                [
                    0.0,
                    0.0,
                    0.0,
                    1.0
                ]
            ]
        },
        {
            "file_path": "/data/shapenet_blender/all_50_random/02958343/8df7178ab0f02bd7a795ba688a0bfdb4/r_28",
            "rotation": 0.12566370614359174,
            "transform_matrix": [
                [
                    -0.9753844738006592,
                    -0.07775048911571503,
                    -0.20634904503822327,
                    -0.8318195343017578
                ],
                [
                    -0.22051091492176056,
                    0.3439132273197174,
                    0.9127423763275146,
                    3.679381847381592
                ],
                [
                    -7.450580152834618e-09,
                    0.9357768893241882,
                    -0.3525925278663635,
                    -1.421345829963684
                ],
                [
                    0.0,
                    0.0,
                    0.0,
                    1.0
                ]
            ]
        },
        {
            "file_path": "/data/shapenet_blender/all_50_random/02958343/8df7178ab0f02bd7a795ba688a0bfdb4/r_29",
            "rotation": 0.12566370614359174,
            "transform_matrix": [
                [
                    0.9411717057228088,
                    0.026264933869242668,
                    -0.33690643310546875,
                    -1.3581132888793945
                ],
                [
                    -0.3379286825656891,
                    0.07315097004175186,
                    -0.9383246302604675,
                    -3.7825076580047607
                ],
                [
                    -1.862645149230957e-09,
                    0.9969749450683594,
                    0.07772330194711685,
                    0.3133126497268677
                ],
                [
                    0.0,
                    0.0,
                    0.0,
                    1.0
                ]
            ]
        },
        {
            "file_path": "/data/shapenet_blender/all_50_random/02958343/8df7178ab0f02bd7a795ba688a0bfdb4/r_30",
            "rotation": 0.12566370614359174,
            "transform_matrix": [
                [
                    0.7462087273597717,
                    0.38647186756134033,
                    0.5420442223548889,
                    2.1850502490997314
                ],
                [
                    0.6657119989395142,
                    -0.43320339918136597,
                    -0.6075872778892517,
                    -2.4492626190185547
                ],
                [
                    1.4901161193847656e-08,
                    0.8142322301864624,
                    -0.5805391669273376,
                    -2.340228319168091
                ],
                [
                    0.0,
                    0.0,
                    0.0,
                    1.0
                ]
            ]
        },
        {
            "file_path": "/data/shapenet_blender/all_50_random/02958343/8df7178ab0f02bd7a795ba688a0bfdb4/r_31",
            "rotation": 0.12566370614359174,
            "transform_matrix": [
                [
                    0.6674838066101074,
                    -0.08569157123565674,
                    0.7396771311759949,
                    2.981733798980713
                ],
                [
                    0.7446243166923523,
                    0.07681421935558319,
                    -0.6630491614341736,
                    -2.6728367805480957
                ],
                [
                    3.725290742551124e-09,
                    0.9933561682701111,
                    0.11508027464151382,
                    0.46390342712402344
                ],
                [
                    0.0,
                    0.0,
                    0.0,
                    1.0
                ]
            ]
        },
        {
            "file_path": "/data/shapenet_blender/all_50_random/02958343/8df7178ab0f02bd7a795ba688a0bfdb4/r_32",
            "rotation": 0.12566370614359174,
            "transform_matrix": [
                [
                    0.8573417067527771,
                    0.48969733715057373,
                    0.1586245894432068,
                    0.6394362449645996
                ],
                [
                    0.514747679233551,
                    -0.8156188726425171,
                    -0.26419830322265625,
                    -1.065017580986023
                ],
                [
                    0.0,
                    0.3081597685813904,
                    -0.951334536075592,
                    -3.8349523544311523
                ],
                [
                    0.0,
                    0.0,
                    0.0,
                    1.0
                ]
            ]
        },
        {
            "file_path": "/data/shapenet_blender/all_50_random/02958343/8df7178ab0f02bd7a795ba688a0bfdb4/r_33",
            "rotation": 0.12566370614359174,
            "transform_matrix": [
                [
                    -0.1477789729833603,
                    -0.10819736123085022,
                    -0.9830843210220337,
                    -3.9629392623901367
                ],
                [
                    -0.9890204071998596,
                    0.016166800633072853,
                    0.1468920111656189,
                    0.5921405553817749
                ],
                [
                    1.8626449271863521e-09,
                    0.9939979910850525,
                    -0.10939852893352509,
                    -0.4409995377063751
                ],
                [
                    0.0,
                    0.0,
                    0.0,
                    1.0
                ]
            ]
        },
        {
            "file_path": "/data/shapenet_blender/all_50_random/02958343/8df7178ab0f02bd7a795ba688a0bfdb4/r_34",
            "rotation": 0.12566370614359174,
            "transform_matrix": [
                [
                    -0.9987555146217346,
                    0.015738174319267273,
                    0.047326259315013885,
                    0.19077825546264648
                ],
                [
                    0.04987449198961258,
                    0.31516286730766296,
                    0.9477261900901794,
                    3.820406436920166
                ],
                [
                    9.313225746154785e-10,
                    0.9489070177078247,
                    -0.315555602312088,
                    -1.272045373916626
                ],
                [
                    0.0,
                    0.0,
                    0.0,
                    1.0
                ]
            ]
        },
        {
            "file_path": "/data/shapenet_blender/all_50_random/02958343/8df7178ab0f02bd7a795ba688a0bfdb4/r_35",
            "rotation": 0.12566370614359174,
            "transform_matrix": [
                [
                    -0.9024845361709595,
                    0.1904911994934082,
                    0.38630905747413635,
                    1.5572617053985596
                ],
                [
                    0.430722177028656,
                    0.3991328179836273,
                    0.809426486492157,
                    3.2629027366638184
                ],
                [
                    0.0,
                    0.896886944770813,
                    -0.4422599673271179,
                    -1.7828069925308228
                ],
                [
                    0.0,
                    0.0,
                    0.0,
                    1.0
                ]
            ]
        },
        {
            "file_path": "/data/shapenet_blender/all_50_random/02958343/8df7178ab0f02bd7a795ba688a0bfdb4/r_36",
            "rotation": 0.12566370614359174,
            "transform_matrix": [
                [
                    0.9818615317344666,
                    0.068363256752491,
                    0.17684528231620789,
                    0.7128862142562866
                ],
                [
                    0.18959902226924896,
                    -0.3540274500846863,
                    -0.9158147573471069,
                    -3.691767692565918
                ],
                [
                    7.450580152834618e-09,
                    0.9327331185340881,
                    -0.36056753993034363,
                    -1.4534943103790283
                ],
                [
                    0.0,
                    0.0,
                    0.0,
                    1.0
                ]
            ]
        },
        {
            "file_path": "/data/shapenet_blender/all_50_random/02958343/8df7178ab0f02bd7a795ba688a0bfdb4/r_37",
            "rotation": 0.12566370614359174,
            "transform_matrix": [
                [
                    -0.9462255835533142,
                    0.2608099579811096,
                    -0.19140376150608063,
                    -0.7715733051300049
                ],
                [
                    -0.32350772619247437,
                    -0.7628412842750549,
                    0.5598355531692505,
                    2.2567696571350098
                ],
                [
                    0.0,
                    0.5916513204574585,
                    0.8061938285827637,
                    3.2498714923858643
                ],
                [
                    0.0,
                    0.0,
                    0.0,
                    1.0
                ]
            ]
        },
        {
            "file_path": "/data/shapenet_blender/all_50_random/02958343/8df7178ab0f02bd7a795ba688a0bfdb4/r_38",
            "rotation": 0.12566370614359174,
            "transform_matrix": [
                [
                    0.6783455610275269,
                    -0.6362720727920532,
                    -0.3674304485321045,
                    -1.4811596870422363
                ],
                [
                    -0.7347429990768433,
                    -0.5874330401420593,
                    -0.33922722935676575,
                    -1.3674688339233398
                ],
                [
                    2.9802322387695312e-08,
                    0.5000802874565125,
                    -0.8659789562225342,
                    -3.490873098373413
                ],
                [
                    0.0,
                    0.0,
                    0.0,
                    1.0
                ]
            ]
        },
        {
            "file_path": "/data/shapenet_blender/all_50_random/02958343/8df7178ab0f02bd7a795ba688a0bfdb4/r_39",
            "rotation": 0.12566370614359174,
            "transform_matrix": [
                [
                    -0.9996871948242188,
                    -0.019318638369441032,
                    -0.01588507555425167,
                    -0.06403478980064392
                ],
                [
                    -0.025010906159877777,
                    0.7721669673919678,
                    0.6349272727966309,
                    2.559473752975464
                ],
                [
                    0.0,
                    0.6351259350776672,
                    -0.7724085450172424,
                    -3.113678455352783
                ],
                [
                    0.0,
                    0.0,
                    0.0,
                    1.0
                ]
            ]
        },
        {
            "file_path": "/data/shapenet_blender/all_50_random/02958343/8df7178ab0f02bd7a795ba688a0bfdb4/r_40",
            "rotation": 0.12566370614359174,
            "transform_matrix": [
                [
                    -0.521988570690155,
                    -0.6579666137695312,
                    -0.5427778959274292,
                    -2.1880075931549072
                ],
                [
                    -0.8529524803161621,
                    0.40266141295433044,
                    0.33216843008995056,
                    1.3390138149261475
                ],
                [
                    -1.4901161193847656e-08,
                    0.6363518834114075,
                    -0.7713989019393921,
                    -3.1096084117889404
                ],
                [
                    0.0,
                    0.0,
                    0.0,
                    1.0
                ]
            ]
        },
        {
            "file_path": "/data/shapenet_blender/all_50_random/02958343/8df7178ab0f02bd7a795ba688a0bfdb4/r_41",
            "rotation": 0.12566370614359174,
            "transform_matrix": [
                [
                    -0.299355685710907,
                    0.40054094791412354,
                    -0.8659982681274414,
                    -3.4909508228302
                ],
                [
                    -0.9541416168212891,
                    -0.12566709518432617,
                    0.27170127630233765,
                    1.0952630043029785
