{
    "class": "02958343",
    "model": "c1ac2aee4851937c8e30bdcd3135786b",
    "remove_doubles": true,
    "edge_split": true,
    "denoise": true,
    "camera_angle_x": 0.6911112070083618,
    "scale_factor": 2.241795594087225,
    "hdri_file": "/data/IndoorHDRDataset2018/9C4A6521-23df32af52.exr",
    "center_offset": [
        0.0,
        -1.862645149230957e-09,
        -3.725290298461914e-09
    ],
    "lights": [],
    "frames": [
        {
            "file_path": "/data/shapenet_blender/all_50_random/02958343/c1ac2aee4851937c8e30bdcd3135786b/r_0",
            "rotation": 0.12566370614359174,
            "transform_matrix": [
                [
                    -0.4410366714000702,
                    0.2737210988998413,
                    -0.8547300696372986,
                    -3.4455270767211914
                ],
                [
                    -0.8974891304969788,
                    -0.13450975716114044,
                    0.4200243651866913,
                    1.6931723356246948
                ],
                [
                    0.0,
                    0.9523569345474243,
                    0.3049854636192322,
                    1.229435682296753
                ],
                [
                    0.0,
                    0.0,
                    0.0,
                    1.0
                ]
            ]
        },
        {
            "file_path": "/data/shapenet_blender/all_50_random/02958343/c1ac2aee4851937c8e30bdcd3135786b/r_1",
            "rotation": 0.12566370614359174,
            "transform_matrix": [
                [
                    -0.5766714811325073,
                    0.33256593346595764,
                    -0.7462238073348999,
                    -3.008124351501465
                ],
                [
                    -0.8169761300086975,
                    -0.23474527895450592,
                    0.5267301797866821,
                    2.123317241668701
                ],
                [
                    -1.4901159417490817e-08,
                    0.9133973121643066,
                    0.4070693552494049,
                    1.640949010848999
                ],
                [
                    0.0,
                    0.0,
                    0.0,
                    1.0
                ]
            ]
        },
        {
            "file_path": "/data/shapenet_blender/all_50_random/02958343/c1ac2aee4851937c8e30bdcd3135786b/r_2",
            "rotation": 0.12566370614359174,
            "transform_matrix": [
                [
                    -0.9106405973434448,
                    -0.01438852958381176,
                    -0.41294875741004944,
                    -1.6646496057510376
                ],
                [
                    -0.4131993353366852,
                    0.03171055018901825,
                    0.910088300704956,
                    3.6686830520629883
                ],
                [
                    0.0,
                    0.9993935823440552,
                    -0.034822240471839905,
                    -0.14037293195724487
                ],
                [
                    0.0,
                    0.0,
                    0.0,
                    1.0
                ]
            ]
        },
        {
            "file_path": "/data/shapenet_blender/all_50_random/02958343/c1ac2aee4851937c8e30bdcd3135786b/r_3",
            "rotation": 0.12566370614359174,
            "transform_matrix": [
                [
                    -0.9795497059822083,
                    0.018619535490870476,
                    -0.20033928751945496,
                    -0.807593584060669
                ],
                [
                    -0.20120270550251007,
                    -0.09064868092536926,
                    0.9753462076187134,
                    3.931746482849121
                ],
                [
                    0.0,
                    0.9957088232040405,
                    0.0925411805510521,
                    0.3730454742908478
                ],
                [
                    0.0,
                    0.0,
                    0.0,
                    1.0
                ]
            ]
        },
        {
            "file_path": "/data/shapenet_blender/all_50_random/02958343/c1ac2aee4851937c8e30bdcd3135786b/r_4",
            "rotation": 0.12566370614359174,
            "transform_matrix": [
                [
                    -0.40098676085472107,
                    0.12436146289110184,
                    0.9076032638549805,
                    3.6586661338806152
                ],
                [
                    0.9160838723182678,
                    0.05443529784679413,
                    0.39727461338043213,
                    1.6014653444290161
                ],
                [
                    0.0,
                    0.9907426834106445,
                    -0.135753333568573,
                    -0.5472392439842224
                ],
                [
                    0.0,
                    0.0,
                    0.0,
                    1.0
                ]
            ]
        },
        {
            "file_path": "/data/shapenet_blender/all_50_random/02958343/c1ac2aee4851937c8e30bdcd3135786b/r_5",
            "rotation": 0.12566370614359174,
            "transform_matrix": [
                [
                    0.8281069993972778,
                    0.24406303465366364,
                    0.5046504735946655,
                    2.034311056137085
                ],
                [
                    0.5605701804161072,
                    -0.3605441451072693,
                    -0.7454991340637207,
                    -3.0052032470703125
                ],
                [
                    0.0,
                    0.9002450108528137,
                    -0.4353836178779602,
                    -1.7550874948501587
                ],
                [
                    0.0,
                    0.0,
                    0.0,
                    1.0
                ]
            ]
        },
        {
            "file_path": "/data/shapenet_blender/all_50_random/02958343/c1ac2aee4851937c8e30bdcd3135786b/r_6",
            "rotation": 0.12566370614359174,
            "transform_matrix": [
                [
                    0.4774610698223114,
                    -0.08103024959564209,
                    -0.8749085068702698,
                    -3.526869297027588
                ],
                [
                    -0.878652811050415,
                    -0.04403194412589073,
                    -0.47542640566825867,
                    -1.916505217552185
                ],
                [
                    0.0,
                    0.9957384467124939,
                    -0.09222101420164108,
                    -0.37175482511520386
                ],
                [
                    0.0,
                    0.0,
                    0.0,
                    1.0
                ]
            ]
        },
        {
            "file_path": "/data/shapenet_blender/all_50_random/02958343/c1ac2aee4851937c8e30bdcd3135786b/r_7",
            "rotation": 0.12566370614359174,
            "transform_matrix": [
                [
                    -0.9997897744178772,
                    0.0013103614328429103,
                    -0.020462222397327423,
                    -0.0824858546257019
                ],
                [
                    -0.020504137501120567,
                    -0.06389373540878296,
                    0.9977460503578186,
                    4.022042751312256
                ],
                [
                    0.0,
                    0.9979559183120728,
                    0.06390716880559921,
                    0.2576180398464203
                ],
                [
                    0.0,
                    0.0,
                    0.0,
                    1.0
                ]
            ]
        },
        {
            "file_path": "/data/shapenet_blender/all_50_random/02958343/c1ac2aee4851937c8e30bdcd3135786b/r_8",
            "rotation": 0.12566370614359174,
            "transform_matrix": [
                [
                    0.09898268431425095,
                    -0.3280922472476959,
                    -0.9394454956054688,
                    -3.7870259284973145
                ],
                [
                    -0.9950892329216003,
                    -0.03263571858406067,
                    -0.0934477373957634,
                    -0.37669986486434937
                ],
                [
                    0.0,
                    0.9440816640853882,
                    -0.3297114372253418,
                    -1.3291093111038208
                ],
                [
                    0.0,
                    0.0,
                    0.0,
                    1.0
                ]
            ]
        },
        {
            "file_path": "/data/shapenet_blender/all_50_random/02958343/c1ac2aee4851937c8e30bdcd3135786b/r_9",
            "rotation": 0.12566370614359174,
            "transform_matrix": [
                [
                    -0.5969178676605225,
                    -0.3274231553077698,
                    -0.732450008392334,
                    -2.9526007175445557
                ],
                [
                    -0.802302360534668,
                    0.243604838848114,
                    0.5449472665786743,
                    2.1967530250549316
                ],
                [
                    1.4901161193847656e-08,
                    0.9129352569580078,
                    -0.40810438990592957,
                    -1.6451215744018555
                ],
                [
                    0.0,
                    0.0,
                    0.0,
                    1.0
                ]
            ]
        },
        {
            "file_path": "/data/shapenet_blender/all_50_random/02958343/c1ac2aee4851937c8e30bdcd3135786b/r_10",
            "rotation": 0.12566370614359174,
            "transform_matrix": [
                [
                    0.9862208366394043,
                    0.10616571456193924,
                    -0.12687575817108154,
                    -0.5114525556564331
                ],
                [
                    -0.16543465852737427,
                    0.6328954100608826,
                    -0.7563561797142029,
                    -3.048969268798828
                ],
                [
                    -7.450580596923828e-09,
                    0.7669237852096558,
                    0.6417381167411804,
                    2.5869290828704834
                ],
                [
                    0.0,
                    0.0,
                    0.0,
                    1.0
                ]
            ]
        },
        {
            "file_path": "/data/shapenet_blender/all_50_random/02958343/c1ac2aee4851937c8e30bdcd3135786b/r_11",
            "rotation": 0.12566370614359174,
            "transform_matrix": [
                [
                    0.4856400191783905,
                    0.45568037033081055,
                    0.7459953427314758,
                    3.0072035789489746
                ],
                [
                    0.8741587996482849,
                    -0.2531537711620331,
                    -0.4144386351108551,
                    -1.6706557273864746
                ],
                [
                    -1.4901160305669237e-08,
                    0.8533864617347717,
                    -0.5212786793708801,
                    -2.101341724395752
                ],
                [
                    0.0,
                    0.0,
                    0.0,
                    1.0
                ]
            ]
        },
        {
            "file_path": "/data/shapenet_blender/all_50_random/02958343/c1ac2aee4851937c8e30bdcd3135786b/r_12",
            "rotation": 0.12566370614359174,
            "transform_matrix": [
                [
                    0.4815532863140106,
                    0.7218088507652283,
                    0.4970899224281311,
                    2.003833532333374
                ],
                [
                    0.8764168620109558,
                    -0.3966028690338135,
                    -0.27312949299812317,
                    -1.1010202169418335
                ],
                [
                    1.4901161193847656e-08,
                    0.5671842098236084,
                    -0.8235908150672913,
                    -3.3200008869171143
                ],
                [
                    0.0,
                    0.0,
                    0.0,
                    1.0
                ]
            ]
        },
        {
            "file_path": "/data/shapenet_blender/all_50_random/02958343/c1ac2aee4851937c8e30bdcd3135786b/r_13",
            "rotation": 0.12566370614359174,
            "transform_matrix": [
                [
                    0.5445689558982849,
                    -0.013935140334069729,
                    0.838600218296051,
                    3.3805058002471924
                ],
                [
                    0.8387160897254944,
                    0.00904793106019497,
                    -0.5444937348365784,
                    -2.1949245929718018
                ],
                [
                    0.0,
                    0.9998618960380554,
                    0.016614846885204315,
                    0.06697659939527512
                ],
                [
                    0.0,
                    0.0,
                    0.0,
                    1.0
                ]
            ]
        },
        {
            "file_path": "/data/shapenet_blender/all_50_random/02958343/c1ac2aee4851937c8e30bdcd3135786b/r_14",
            "rotation": 0.12566370614359174,
            "transform_matrix": [
                [
                    0.35637837648391724,
                    0.14575296640396118,
                    -0.9229032397270203,
                    -3.7203421592712402
                ],
                [
                    -0.9343417286872864,
                    0.055593375116586685,
                    -0.35201549530029297,
                    -1.4190199375152588
                ],
                [
                    0.0,
                    0.9877577424049377,
                    0.15599535405635834,
                    0.6288374662399292
                ],
                [
                    0.0,
                    0.0,
                    0.0,
                    1.0
                ]
            ]
        },
        {
            "file_path": "/data/shapenet_blender/all_50_random/02958343/c1ac2aee4851937c8e30bdcd3135786b/r_15",
            "rotation": 0.12566370614359174,
            "transform_matrix": [
                [
                    -0.9764554500579834,
                    0.18541254103183746,
                    0.1102588102221489,
                    0.4444675147533417
                ],
                [
                    0.2157193124294281,
                    0.839271605014801,
                    0.49908754229545593,
                    2.0118863582611084
                ],
                [
                    0.0,
                    0.5111217498779297,
                    -0.8595082759857178,
                    -3.4647889137268066
                ],
                [
                    0.0,
                    0.0,
                    0.0,
                    1.0
                ]
            ]
        },
        {
            "file_path": "/data/shapenet_blender/all_50_random/02958343/c1ac2aee4851937c8e30bdcd3135786b/r_16",
            "rotation": 0.12566370614359174,
            "transform_matrix": [
                [
                    -0.8371350765228271,
                    -0.06770098209381104,
                    -0.5427903532981873,
                    -2.1880578994750977
                ],
                [
                    -0.5469961166381836,
                    0.10361108183860779,
                    0.8306984305381775,
                    3.3486526012420654
                ],
                [
                    -7.450580152834618e-09,
                    0.9923110604286194,
                    -0.12376865744590759,
                    -0.49892741441726685
                ],
                [
                    0.0,
                    0.0,
                    0.0,
                    1.0
                ]
            ]
        },
        {
            "file_path": "/data/shapenet_blender/all_50_random/02958343/c1ac2aee4851937c8e30bdcd3135786b/r_17",
            "rotation": 0.12566370614359174,
            "transform_matrix": [
                [
                    0.9995875954627991,
                    -0.0051071601919829845,
                    -0.028257321566343307,
                    -0.11390891671180725
                ],
                [
                    -0.028715142980217934,
                    -0.17778265476226807,
                    -0.9836506247520447,
                    -3.9652228355407715
                ],
                [
                    -4.656612873077393e-10,
                    0.9840563535690308,
                    -0.17785599827766418,
                    -0.7169605493545532
                ],
                [
                    0.0,
                    0.0,
                    0.0,
                    1.0
                ]
            ]
        },
        {
            "file_path": "/data/shapenet_blender/all_50_random/02958343/c1ac2aee4851937c8e30bdcd3135786b/r_18",
            "rotation": 0.12566370614359174,
            "transform_matrix": [
                [
                    -0.8498316407203674,
                    0.20559367537498474,
                    -0.4853012263774872,
                    -1.956311821937561
                ],
                [
                    -0.5270540714263916,
                    -0.3315029740333557,
                    0.7825085520744324,
                    3.154392957687378
                ],
                [
                    1.4901160305669237e-08,
                    0.920780599117279,
                    0.3900807797908783,
                    1.5724658966064453
                ],
                [
                    0.0,
                    0.0,
                    0.0,
                    1.0
                ]
            ]
        },
        {
            "file_path": "/data/shapenet_blender/all_50_random/02958343/c1ac2aee4851937c8e30bdcd3135786b/r_19",
            "rotation": 0.12566370614359174,
            "transform_matrix": [
                [
                    -0.8492433428764343,
                    0.312523752450943,
                    0.4255756139755249,
                    1.715550184249878
                ],
                [
                    0.5280015468597412,
                    0.5026664733886719,
                    0.6845002770423889,
                    2.7593088150024414
                ],
                [
                    0.0,
                    0.8060119152069092,
                    -0.5918992161750793,
                    -2.3860220909118652
                ],
                [
                    0.0,
                    0.0,
                    0.0,
                    1.0
                ]
            ]
        },
        {
            "file_path": "/data/shapenet_blender/all_50_random/02958343/c1ac2aee4851937c8e30bdcd3135786b/r_20",
            "rotation": 0.12566370614359174,
            "transform_matrix": [
                [
                    -0.9944506883621216,
                    -0.00030075223185122013,
                    0.10520324856042862,
                    0.4240878224372864
                ],
                [
                    0.10520367324352264,
                    -0.002842897782102227,
                    0.9944466948509216,
                    4.008742332458496
                ],
                [
                    2.9103826987286752e-11,
                    0.9999959468841553,
                    0.0028587619308382273,
                    0.011524036526679993
                ],
                [
                    0.0,
                    0.0,
                    0.0,
                    1.0
                ]
            ]
        },
        {
            "file_path": "/data/shapenet_blender/all_50_random/02958343/c1ac2aee4851937c8e30bdcd3135786b/r_21",
            "rotation": 0.12566370614359174,
            "transform_matrix": [
                [
                    -0.8521664142608643,
                    0.20516377687454224,
                    0.4813733398914337,
                    1.9404780864715576
                ],
                [
                    0.5232709646224976,
                    0.3341169059276581,
                    0.7839345335960388,
                    3.1601414680480957
                ],
                [
                    0.0,
                    0.9199314117431641,
                    -0.3920793831348419,
                    -1.5805226564407349
                ],
                [
                    0.0,
                    0.0,
                    0.0,
                    1.0
                ]
            ]
        },
        {
            "file_path": "/data/shapenet_blender/all_50_random/02958343/c1ac2aee4851937c8e30bdcd3135786b/r_22",
            "rotation": 0.12566370614359174,
            "transform_matrix": [
                [
                    -0.9674866199493408,
                    -0.23651786148548126,
                    0.08960448950529099,
                    0.3612072467803955
                ],
                [
                    0.2529222369194031,
                    -0.9047360420227051,
                    0.34275808930397034,
                    1.3817020654678345
                ],
                [
                    0.0,
                    0.3542768061161041,
                    0.9351406097412109,
                    3.769672393798828
                ],
                [
                    0.0,
                    0.0,
                    0.0,
                    1.0
                ]
            ]
        },
        {
            "file_path": "/data/shapenet_blender/all_50_random/02958343/c1ac2aee4851937c8e30bdcd3135786b/r_23",
            "rotation": 0.12566370614359174,
            "transform_matrix": [
                [
                    0.5455530881881714,
                    0.287887305021286,
                    0.7870786190032959,
                    3.1728153228759766
                ],
                [
                    0.8380762934684753,
                    -0.18740275502204895,
                    -0.5123556852340698,
                    -2.0653717517852783
                ],
                [
                    1.4901161193847656e-08,
                    0.9391491413116455,
                    -0.3435096740722656,
                    -1.3847317695617676
                ],
                [
                    0.0,
                    0.0,
                    0.0,
                    1.0
                ]
            ]
        },
        {
            "file_path": "/data/shapenet_blender/all_50_random/02958343/c1ac2aee4851937c8e30bdcd3135786b/r_24",
            "rotation": 0.12566370614359174,
            "transform_matrix": [
                [
                    0.9424951076507568,
                    0.16316640377044678,
                    0.29168426990509033,
                    1.1758170127868652
                ],
                [
                    0.3342199921607971,
                    -0.4601266384124756,
                    -0.8225449919700623,
                    -3.3157851696014404
                ],
                [
                    -1.4901161193847656e-08,
                    0.8727313876152039,
                    -0.4882005751132965,
                    -1.9679995775222778
                ],
                [
                    0.0,
                    0.0,
                    0.0,
                    1.0
                ]
            ]
        },
        {
            "file_path": "/data/shapenet_blender/all_50_random/02958343/c1ac2aee4851937c8e30bdcd3135786b/r_25",
            "rotation": 0.12566370614359174,
            "transform_matrix": [
                [
                    0.04594132676720619,
                    0.954953134059906,
                    -0.2931789755821228,
                    -1.1818422079086304
                ],
                [
                    -0.9989441633224487,
                    0.0439181886613369,
                    -0.013483270071446896,
                    -0.05435280129313469
                ],
                [
                    -1.862645149230957e-09,
                    0.2934889495372772,
                    0.9559624195098877,
                    3.8536078929901123
                ],
                [
                    0.0,
                    0.0,
                    0.0,
                    1.0
                ]
            ]
        },
        {
            "file_path": "/data/shapenet_blender/all_50_random/02958343/c1ac2aee4851937c8e30bdcd3135786b/r_26",
            "rotation": 0.12566370614359174,
            "transform_matrix": [
                [
                    0.939089298248291,
                    0.13617713749408722,
                    0.31554266810417175,
                    1.2719931602478027
                ],
                [
                    0.3436734080314636,
                    -0.3721047043800354,
                    -0.8622219562530518,
                    -3.4757277965545654
                ],
                [
                    -7.450580596923828e-09,
                    0.9181470274925232,
                    -0.3962399661540985,
                    -1.5972944498062134
                ],
                [
                    0.0,
                    0.0,
                    0.0,
                    1.0
                ]
            ]
        },
        {
            "file_path": "/data/shapenet_blender/all_50_random/02958343/c1ac2aee4851937c8e30bdcd3135786b/r_27",
            "rotation": 0.12566370614359174,
            "transform_matrix": [
                [
                    0.9781359434127808,
                    -0.15454459190368652,
                    -0.1391618251800537,
                    -0.5609792470932007
                ],
                [
                    -0.20796643197536469,
                    -0.7268750667572021,
                    -0.6545247435569763,
                    -2.6384737491607666
                ],
                [
                    0.0,
                    0.6691551804542542,
                    -0.7431226968765259,
                    -2.9956233501434326
                ],
                [
                    0.0,
                    0.0,
                    0.0,
                    1.0
                ]
            ]
        },
        {
            "file_path": "/data/shapenet_blender/all_50_random/02958343/c1ac2aee4851937c8e30bdcd3135786b/r_28",
            "rotation": 0.12566370614359174,
            "transform_matrix": [
                [
                    -0.9433067440986633,
                    0.3193260431289673,
                    -0.09057141095399857,
                    -0.3651050329208374
                ],
                [
                    -0.33192214369773865,
                    -0.9075093269348145,
                    0.25739961862564087,
                    1.0376110076904297
                ],
                [
                    7.4505797087454084e-09,
                    0.2728693187236786,
                    0.9620510935783386,
                    3.8781518936157227
                ],
                [
                    0.0,
                    0.0,
                    0.0,
                    1.0
                ]
            ]
        },
        {
            "file_path": "/data/shapenet_blender/all_50_random/02958343/c1ac2aee4851937c8e30bdcd3135786b/r_29",
            "rotation": 0.12566370614359174,
            "transform_matrix": [
                [
                    -0.9818040728569031,
                    -0.035020262002944946,
                    -0.18663984537124634,
                    -0.7523692846298218
                ],
                [
                    -0.18989697098731995,
                    0.1810615211725235,
                    0.9649641513824463,
                    3.889894962310791
                ],
                [
                    -3.725290742551124e-09,
                    0.9828479886054993,
                    -0.18441718816757202,
                    -0.7434094548225403
                ],
                [
                    0.0,
                    0.0,
                    0.0,
                    1.0
                ]
            ]
        },
        {
            "file_path": "/data/shapenet_blender/all_50_random/02958343/c1ac2aee4851937c8e30bdcd3135786b/r_30",
            "rotation": 0.12566370614359174,
            "transform_matrix": [
                [
                    -0.14810694754123688,
                    -0.5049982070922852,
                    -0.850318193435669,
                    -3.4277424812316895
                ],
                [
                    -0.9889712929725647,
                    0.07562782615423203,
                    0.12734246253967285,
                    0.5133339166641235
                ],
                [
                    0.0,
                    0.8598006367683411,
                    -0.5106297135353088,
                    -2.0584144592285156
                ],
                [
                    0.0,
                    0.0,
                    0.0,
                    1.0
                ]
            ]
        },
        {
            "file_path": "/data/shapenet_blender/all_50_random/02958343/c1ac2aee4851937c8e30bdcd3135786b/r_31",
            "rotation": 0.12566370614359174,
            "transform_matrix": [
                [
                    0.5309639573097229,
                    -0.2046760767698288,
                    0.8223046660423279,
                    3.3148162364959717
                ],
                [
                    0.8473943471908569,
                    0.12824681401252747,
                    -0.5152431726455688,
                    -2.0770115852355957
                ],
                [
                    0.0,
                    0.9703919291496277,
                    0.24153578281402588,
                    0.9736618995666504
                ],
                [
                    0.0,
                    0.0,
                    0.0,
                    1.0
                ]
            ]
        },
        {
            "file_path": "/data/shapenet_blender/all_50_random/02958343/c1ac2aee4851937c8e30bdcd3135786b/r_32",
            "rotation": 0.12566370614359174,
            "transform_matrix": [
                [
                    0.9693131446838379,
                    -0.12492266297340393,
                    0.21172255277633667,
                    0.8534809947013855
                ],
                [
                    0.24582946300506592,
                    0.4925738573074341,
                    -0.8348284959793091,
                    -3.3653016090393066
                ],
                [
                    0.0,
                    0.8612578511238098,
                    0.5081679224967957,
                    2.0484907627105713
                ],
                [
                    0.0,
                    0.0,
                    0.0,
                    1.0
                ]
            ]
        },
        {
            "file_path": "/data/shapenet_blender/all_50_random/02958343/c1ac2aee4851937c8e30bdcd3135786b/r_33",
            "rotation": 0.12566370614359174,
            "transform_matrix": [
                [
                    0.9523032903671265,
                    0.297389954328537,
                    -0.0683942660689354,
                    -0.27570611238479614
                ],
                [
                    -0.30515336990356445,
                    0.9280757308006287,
                    -0.21344047784805298,
                    -0.8604061007499695
                ],
                [
                    0.0,
                    0.2241307944059372,
                    0.9745590686798096,
                    3.9285733699798584
                ],
                [
                    0.0,
                    0.0,
                    0.0,
                    1.0
                ]
            ]
        },
        {
            "file_path": "/data/shapenet_blender/all_50_random/02958343/c1ac2aee4851937c8e30bdcd3135786b/r_34",
            "rotation": 0.12566370614359174,
            "transform_matrix": [
                [
                    -0.061725154519081116,
                    0.2901173233985901,
                    -0.9549983739852905,
                    -3.8497214317321777
                ],
                [
                    -0.9980931282043457,
                    -0.017941750586032867,
                    0.05906004458665848,
                    0.23807863891124725
                ],
                [
                    -1.8626450382086546e-09,
                    0.9568227529525757,
                    0.29067158699035645,
                    1.1717345714569092
                ],
                [
                    0.0,
                    0.0,
                    0.0,
                    1.0
                ]
            ]
        },
        {
            "file_path": "/data/shapenet_blender/all_50_random/02958343/c1ac2aee4851937c8e30bdcd3135786b/r_35",
            "rotation": 0.12566370614359174,
            "transform_matrix": [
                [
                    0.2960077226161957,
                    -0.748044490814209,
                    0.5939770340919495,
                    2.3943982124328613
                ],
                [
                    0.9551854729652405,
                    0.23181568086147308,
                    -0.18407085537910461,
                    -0.7420133948326111
                ],
                [
                    0.0,
                    0.6218446493148804,
                    0.7831404805183411,
                    3.156940460205078
                ],
                [
                    0.0,
                    0.0,
                    0.0,
                    1.0
                ]
            ]
        },
        {
            "file_path": "/data/shapenet_blender/all_50_random/02958343/c1ac2aee4851937c8e30bdcd3135786b/r_36",
            "rotation": 0.12566370614359174,
            "transform_matrix": [
                [
                    -0.28767019510269165,
                    -0.7194357514381409,
                    0.632185161113739,
                    2.548419952392578
                ],
                [
                    0.9577295184135437,
                    -0.21609464287757874,
                    0.18988746404647827,
                    0.7654608488082886
                ],
                [
                    -1.4901161193847656e-08,
                    0.6600872874259949,
                    0.7511888146400452,
                    3.0281388759613037
                ],
                [
                    0.0,
                    0.0,
                    0.0,
                    1.0
                ]
            ]
        },
        {
            "file_path": "/data/shapenet_blender/all_50_random/02958343/c1ac2aee4851937c8e30bdcd3135786b/r_37",
            "rotation": 0.12566370614359174,
            "transform_matrix": [
                [
                    0.5209360122680664,
                    0.27317455410957336,
                    0.8087034225463867,
                    3.2599880695343018
                ],
                [
                    0.8535957336425781,
                    -0.1667141169309616,
                    -0.4935389757156372,
                    -1.9895193576812744
                ],
                [
                    0.0,
                    0.9474080801010132,
                    -0.3200279772281647,
                    -1.290074110031128
                ],
                [
                    0.0,
                    0.0,
                    0.0,
                    1.0
                ]
            ]
        },
        {
            "file_path": "/data/shapenet_blender/all_50_random/02958343/c1ac2aee4851937c8e30bdcd3135786b/r_38",
            "rotation": 0.12566370614359174,
            "transform_matrix": [
                [
                    -0.7061851024627686,
                    -0.3747779130935669,
                    0.6007031202316284,
                    2.421511650085449
                ],
                [
                    0.7080273628234863,
                    -0.37380272150039673,
                    0.5991401076316833,
                    2.4152109622955322
                ],
                [
                    -1.4901161193847656e-08,
                    0.8484179377555847,
                    0.5293269157409668,
                    2.1337850093841553
                ],
                [
                    0.0,
                    0.0,
                    0.0,
                    1.0
                ]
            ]
        },
        {
            "file_path": "/data/shapenet_blender/all_50_random/02958343/c1ac2aee4851937c8e30bdcd3135786b/r_39",
            "rotation": 0.12566370614359174,
            "transform_matrix": [
                [
                    0.9956132173538208,
                    -0.005691810976713896,
                    0.09339221566915512,
                    0.3764760494232178
                ],
                [
                    0.09356550127267838,
                    0.060565508902072906,
                    -0.9937692284584045,
                    -4.006011962890625
                ],
                [
                    -4.656613428188905e-10,
                    0.9981479048728943,
                    0.06083237752318382,
                    0.24522316455841064
                ],
                [
                    0.0,
                    0.0,
                    0.0,
                    1.0
                ]
            ]
        },
        {
            "file_path": "/data/shapenet_blender/all_50_random/02958343/c1ac2aee4851937c8e30bdcd3135786b/r_40",
            "rotation": 0.12566370614359174,
            "transform_matrix": [
                [
                    0.4569573402404785,
                    -0.6559084057807922,
                    0.600811243057251,
                    2.421947479248047
                ],
                [
                    0.8894886374473572,
                    0.3369600772857666,
                    -0.3086549937725067,
                    -1.2442281246185303
                ],
                [
                    0.0,
                    0.6754567623138428,
                    0.7373995184898376,
                    2.972552537918091
                ],
                [
                    0.0,
                    0.0,
                    0.0,
                    1.0
                ]
            ]
        },
        {
            "file_path": "/data/shapenet_blender/all_50_random/02958343/c1ac2aee4851937c8e30bdcd3135786b/r_41",
            "rotation": 0.12566370614359174,
            "transform_matrix": [
                [
                    -0.2967478334903717,
                    -0.7822648882865906,
                    -0.5477248430252075,
                    -2.20794939994812
                ],
                [
                    -0.9549559354782104,
                    0.24308493733406067,
                    0.17020279169082642,
                    0.6861094236373901
                ],
