{
    "class": "02958343",
    "model": "1feeeaeb8b56e46d2dfaf88f42097063",
    "remove_doubles": true,
    "edge_split": true,
    "denoise": true,
    "camera_angle_x": 0.6911112070083618,
    "scale_factor": 2.3028448353189286,
    "hdri_file": "/data/IndoorHDRDataset2018/9C4A9643-9178148dea.exr",
    "center_offset": [
        0.0,
        -3.725290298461914e-09,
        -3.725290298461914e-09
    ],
    "lights": [],
    "frames": [
        {
            "file_path": "/data/shapenet_blender/all_50_random/02958343/1feeeaeb8b56e46d2dfaf88f42097063/r_0",
            "rotation": 0.12566370614359174,
            "transform_matrix": [
                [
                    -0.902425229549408,
                    -0.07391833513975143,
                    -0.4244580864906311,
                    -1.711045265197754
                ],
                [
                    -0.43084636330604553,
                    0.15482497215270996,
                    0.8890447616577148,
                    3.5838539600372314
                ],
                [
                    7.450580152834618e-09,
                    0.985172688961029,
                    -0.17156542837619781,
                    -0.691602349281311
                ],
                [
                    0.0,
                    0.0,
                    0.0,
                    1.0
                ]
            ]
        },
        {
            "file_path": "/data/shapenet_blender/all_50_random/02958343/1feeeaeb8b56e46d2dfaf88f42097063/r_1",
            "rotation": 0.12566370614359174,
            "transform_matrix": [
                [
                    0.8112184405326843,
                    -0.13544437289237976,
                    0.5688404440879822,
                    2.2930691242218018
                ],
                [
                    0.5847432613372803,
                    0.18790294229984283,
                    -0.7891563773155212,
                    -3.1811912059783936
                ],
                [
                    0.0,
                    0.9728037714958191,
                    0.23163051903247833,
                    0.9337325096130371
                ],
                [
                    0.0,
                    0.0,
                    0.0,
                    1.0
                ]
            ]
        },
        {
            "file_path": "/data/shapenet_blender/all_50_random/02958343/1feeeaeb8b56e46d2dfaf88f42097063/r_2",
            "rotation": 0.12566370614359174,
            "transform_matrix": [
                [
                    -0.7612964510917664,
                    0.30166366696357727,
                    -0.5739570260047913,
                    -2.313694953918457
                ],
                [
                    -0.6484040021896362,
                    -0.3541857898235321,
                    0.6738876700401306,
                    2.7165284156799316
                ],
                [
                    0.0,
                    0.8851844072341919,
                    0.4652402698993683,
                    1.8754435777664185
                ],
                [
                    0.0,
                    0.0,
                    0.0,
                    1.0
                ]
            ]
        },
        {
            "file_path": "/data/shapenet_blender/all_50_random/02958343/1feeeaeb8b56e46d2dfaf88f42097063/r_3",
            "rotation": 0.12566370614359174,
            "transform_matrix": [
                [
                    -0.9968124032020569,
                    0.0003117501037195325,
                    0.07978108525276184,
                    0.3216078281402588
                ],
                [
                    0.07978169620037079,
                    0.0038950834423303604,
                    0.9968047738075256,
                    4.018248558044434
                ],
                [
                    2.9103830456733704e-11,
                    0.999992311000824,
                    -0.003907539416104555,
                    -0.0157517958432436
                ],
                [
                    0.0,
                    0.0,
                    0.0,
                    1.0
                ]
            ]
        },
        {
            "file_path": "/data/shapenet_blender/all_50_random/02958343/1feeeaeb8b56e46d2dfaf88f42097063/r_4",
            "rotation": 0.12566370614359174,
            "transform_matrix": [
                [
                    0.08934271335601807,
                    -0.17342297732830048,
                    -0.9807865023612976,
                    -3.953677177429199
                ],
                [
                    -0.9960009455680847,
                    -0.015556292608380318,
                    -0.08797796070575714,
                    -0.3546505272388458
                ],
                [
                    -9.313225746154785e-10,
                    0.9847244620323181,
                    -0.17411929368972778,
                    -0.701897382736206
                ],
                [
                    0.0,
                    0.0,
                    0.0,
                    1.0
                ]
            ]
        },
        {
            "file_path": "/data/shapenet_blender/all_50_random/02958343/1feeeaeb8b56e46d2dfaf88f42097063/r_5",
            "rotation": 0.12566370614359174,
            "transform_matrix": [
                [
                    0.48296818137168884,
                    0.6811766028404236,
                    -0.5502182841300964,
                    -2.218000888824463
                ],
                [
                    -0.8756378293037415,
                    0.3757108151912689,
                    -0.30347925424575806,
                    -1.223363995552063
                ],
                [
                    -1.4901160305669237e-08,
                    0.6283628940582275,
                    0.7779203653335571,
                    3.135897397994995
                ],
                [
                    0.0,
                    0.0,
                    0.0,
                    1.0
                ]
            ]
        },
        {
            "file_path": "/data/shapenet_blender/all_50_random/02958343/1feeeaeb8b56e46d2dfaf88f42097063/r_6",
            "rotation": 0.12566370614359174,
            "transform_matrix": [
                [
                    -0.5984143018722534,
                    0.037726812064647675,
                    -0.8002980351448059,
                    -3.226104736328125
                ],
                [
                    -0.8011868596076965,
                    -0.02817852422595024,
                    0.5977503657341003,
                    2.409609079360962
                ],
                [
                    -1.862645149230957e-09,
                    0.99889075756073,
                    0.04708864912390709,
                    0.18982043862342834
                ],
                [
                    0.0,
                    0.0,
                    0.0,
                    1.0
                ]
            ]
        },
        {
            "file_path": "/data/shapenet_blender/all_50_random/02958343/1feeeaeb8b56e46d2dfaf88f42097063/r_7",
            "rotation": 0.12566370614359174,
            "transform_matrix": [
                [
                    0.9283564686775208,
                    0.13487567007541656,
                    0.34635651111602783,
                    1.3962078094482422
                ],
                [
                    0.37169110774993896,
                    -0.33687299489974976,
                    -0.8650793433189392,
                    -3.48724627494812
                ],
                [
                    -7.450580596923828e-09,
                    0.9318395256996155,
                    -0.36287033557891846,
                    -1.4627771377563477
                ],
                [
                    0.0,
                    0.0,
                    0.0,
                    1.0
                ]
            ]
        },
        {
            "file_path": "/data/shapenet_blender/all_50_random/02958343/1feeeaeb8b56e46d2dfaf88f42097063/r_8",
            "rotation": 0.12566370614359174,
            "transform_matrix": [
                [
                    0.9575783014297485,
                    -0.06802110373973846,
                    0.28003019094467163,
                    1.1288378238677979
                ],
                [
                    0.28817319869995117,
                    0.22602912783622742,
                    -0.9305197596549988,
                    -3.7510452270507812
                ],
                [
                    0.0,
                    0.9717426896095276,
                    0.23604245483875275,
                    0.9515175819396973
                ],
                [
                    0.0,
                    0.0,
                    0.0,
                    1.0
                ]
            ]
        },
        {
            "file_path": "/data/shapenet_blender/all_50_random/02958343/1feeeaeb8b56e46d2dfaf88f42097063/r_9",
            "rotation": 0.12566370614359174,
            "transform_matrix": [
                [
                    0.022739211097359657,
                    0.3211950659751892,
                    0.9467399716377258,
                    3.8164310455322266
                ],
                [
                    0.9997414350509644,
                    -0.007305610924959183,
                    -0.02153368666768074,
                    -0.0868050754070282
                ],
                [
                    -4.6566123179658803e-10,
                    0.9469850063323975,
                    -0.32127809524536133,
                    -1.2951135635375977
                ],
                [
                    0.0,
                    0.0,
                    0.0,
                    1.0
                ]
            ]
        },
        {
            "file_path": "/data/shapenet_blender/all_50_random/02958343/1feeeaeb8b56e46d2dfaf88f42097063/r_10",
            "rotation": 0.12566370614359174,
            "transform_matrix": [
                [
                    -0.7778528332710266,
                    -0.15570543706417084,
                    0.6088520288467407,
                    2.4543609619140625
                ],
                [
                    0.6284464597702026,
                    -0.19272270798683167,
                    0.7536000609397888,
                    3.0378589630126953
                ],
                [
                    -1.4901161193847656e-08,
                    0.9688207507133484,
                    0.24776247143745422,
                    0.9987624883651733
                ],
                [
                    0.0,
                    0.0,
                    0.0,
                    1.0
                ]
            ]
        },
        {
            "file_path": "/data/shapenet_blender/all_50_random/02958343/1feeeaeb8b56e46d2dfaf88f42097063/r_11",
            "rotation": 0.12566370614359174,
            "transform_matrix": [
                [
                    -0.9660493731498718,
                    0.05283080041408539,
                    -0.25289833545684814,
                    -1.0194658041000366
                ],
                [
                    -0.25835761427879333,
                    -0.1975446343421936,
                    0.9456360340118408,
                    3.811980724334717
                ],
                [
                    0.0,
                    0.9788692593574524,
                    0.20448710024356842,
                    0.8243138790130615
                ],
                [
                    0.0,
                    0.0,
                    0.0,
                    1.0
                ]
            ]
        },
        {
            "file_path": "/data/shapenet_blender/all_50_random/02958343/1feeeaeb8b56e46d2dfaf88f42097063/r_12",
            "rotation": 0.12566370614359174,
            "transform_matrix": [
                [
                    0.9632406234741211,
                    0.1421489715576172,
                    0.22794993221759796,
                    0.9188954830169678
                ],
                [
                    0.26864010095596313,
                    -0.5096918344497681,
                    -0.8173412680625916,
                    -3.2948076725006104
                ],
                [
                    0.0,
                    0.8485327959060669,
                    -0.5291428565979004,
                    -2.133042812347412
                ],
                [
                    0.0,
                    0.0,
                    0.0,
                    1.0
                ]
            ]
        },
        {
            "file_path": "/data/shapenet_blender/all_50_random/02958343/1feeeaeb8b56e46d2dfaf88f42097063/r_13",
            "rotation": 0.12566370614359174,
            "transform_matrix": [
                [
                    -0.31254127621650696,
                    -0.5190011262893677,
                    0.7955851554870605,
                    3.207106351852417
                ],
                [
                    0.9499041438102722,
                    -0.17076385021209717,
                    0.261766642332077,
                    1.0552151203155518
                ],
                [
                    0.0,
                    0.8375425338745117,
                    0.54637211561203,
                    2.2024965286254883
                ],
                [
                    0.0,
                    0.0,
                    0.0,
                    1.0
                ]
            ]
        },
        {
            "file_path": "/data/shapenet_blender/all_50_random/02958343/1feeeaeb8b56e46d2dfaf88f42097063/r_14",
            "rotation": 0.12566370614359174,
            "transform_matrix": [
                [
                    -0.007229529321193695,
                    0.0797320008277893,
                    0.9967901706695557,
                    4.018189430236816
                ],
                [
                    0.9999738335609436,
                    0.0005764398956671357,
                    0.007206512615084648,
                    0.029050379991531372
                ],
                [
                    5.820765050512655e-11,
                    0.9968161582946777,
                    -0.07973408699035645,
                    -0.3214183747768402
                ],
                [
                    0.0,
                    0.0,
                    0.0,
                    1.0
                ]
            ]
        },
        {
            "file_path": "/data/shapenet_blender/all_50_random/02958343/1feeeaeb8b56e46d2dfaf88f42097063/r_15",
            "rotation": 0.12566370614359174,
            "transform_matrix": [
                [
                    -0.9601404070854187,
                    0.03270731866359711,
                    -0.27759799361228943,
                    -1.1190333366394043
                ],
                [
                    -0.27951815724372864,
                    -0.11234910041093826,
                    0.953544557094574,
                    3.8438611030578613
                ],
                [
                    3.725290298461914e-09,
                    0.9931302666664124,
                    0.11701320856809616,
                    0.47169533371925354
                ],
                [
                    0.0,
                    0.0,
                    0.0,
                    1.0
                ]
            ]
        },
        {
            "file_path": "/data/shapenet_blender/all_50_random/02958343/1feeeaeb8b56e46d2dfaf88f42097063/r_16",
            "rotation": 0.12566370614359174,
            "transform_matrix": [
                [
                    0.9755270481109619,
                    0.20129457116127014,
                    -0.08847332745790482,
                    -0.35664743185043335
                ],
                [
                    -0.21987959742546082,
                    0.8930719494819641,
                    -0.39252445101737976,
                    -1.5823167562484741
                ],
                [
                    7.450580596923828e-09,
                    0.40237176418304443,
                    0.9154763221740723,
                    3.6904032230377197
                ],
                [
                    0.0,
                    0.0,
                    0.0,
                    1.0
                ]
            ]
        },
        {
            "file_path": "/data/shapenet_blender/all_50_random/02958343/1feeeaeb8b56e46d2dfaf88f42097063/r_17",
            "rotation": 0.12566370614359174,
            "transform_matrix": [
                [
                    -0.9143378138542175,
                    -0.07532963156700134,
                    0.39788416028022766,
                    1.6039223670959473
                ],
                [
                    0.4049523174762726,
                    -0.17008604109287262,
                    0.8983787298202515,
                    3.6214804649353027
                ],
                [
                    0.0,
                    0.9825457334518433,
                    0.18602100014686584,
                    0.7498746514320374
                ],
                [
                    0.0,
                    0.0,
                    0.0,
                    1.0
                ]
            ]
        },
        {
            "file_path": "/data/shapenet_blender/all_50_random/02958343/1feeeaeb8b56e46d2dfaf88f42097063/r_18",
            "rotation": 0.12566370614359174,
            "transform_matrix": [
                [
                    0.929989755153656,
                    0.3465765118598938,
                    0.12249048054218292,
                    0.493774950504303
                ],
                [
                    0.367585688829422,
                    -0.8768366575241089,
                    -0.3099002242088318,
                    -1.2492479085922241
                ],
                [
                    0.0,
                    0.3332297205924988,
                    -0.9428455829620361,
                    -3.800732374191284
                ],
                [
                    0.0,
                    0.0,
                    0.0,
                    1.0
                ]
            ]
        },
        {
            "file_path": "/data/shapenet_blender/all_50_random/02958343/1feeeaeb8b56e46d2dfaf88f42097063/r_19",
            "rotation": 0.12566370614359174,
            "transform_matrix": [
                [
                    0.8238024115562439,
                    0.14381560683250427,
                    -0.5483307838439941,
                    -2.2103922367095947
                ],
                [
                    -0.5668771266937256,
                    0.20899707078933716,
                    -0.7968503832817078,
                    -3.2122068405151367
                ],
                [
                    7.450580596923828e-09,
                    0.9672834873199463,
                    0.25369805097579956,
                    1.022689700126648
                ],
                [
                    0.0,
                    0.0,
                    0.0,
                    1.0
                ]
            ]
        },
        {
            "file_path": "/data/shapenet_blender/all_50_random/02958343/1feeeaeb8b56e46d2dfaf88f42097063/r_20",
            "rotation": 0.12566370614359174,
            "transform_matrix": [
                [
                    0.9797863364219666,
                    -0.031698234379291534,
                    -0.1975199282169342,
                    -0.7962283492088318
                ],
                [
                    -0.20004728436470032,
                    -0.15525077283382416,
                    -0.9674079418182373,
                    -3.8997464179992676
                ],
                [
                    1.862645371275562e-09,
                    0.9873663783073425,
                    -0.15845370292663574,
                    -0.6387473940849304
                ],
                [
                    0.0,
                    0.0,
                    0.0,
                    1.0
                ]
            ]
        },
        {
            "file_path": "/data/shapenet_blender/all_50_random/02958343/1feeeaeb8b56e46d2dfaf88f42097063/r_21",
            "rotation": 0.12566370614359174,
            "transform_matrix": [
                [
                    -0.89371258020401,
                    -0.1558755338191986,
                    0.42069071531295776,
                    1.6958584785461426
                ],
                [
                    0.44864004850387573,
                    -0.31051158905029297,
                    0.8380361795425415,
                    3.378232002258301
                ],
                [
                    1.4901161193847656e-08,
                    0.9377021789550781,
                    0.34744009375572205,
                    1.4005757570266724
                ],
                [
                    0.0,
                    0.0,
                    0.0,
                    1.0
                ]
            ]
        },
        {
            "file_path": "/data/shapenet_blender/all_50_random/02958343/1feeeaeb8b56e46d2dfaf88f42097063/r_22",
            "rotation": 0.12566370614359174,
            "transform_matrix": [
                [
                    0.9495755434036255,
                    0.1812364161014557,
                    -0.2558511197566986,
                    -1.0313687324523926
                ],
                [
                    -0.3135386109352112,
                    0.5488883256912231,
                    -0.774864673614502,
                    -3.1235790252685547
                ],
                [
                    0.0,
                    0.8160117268562317,
                    0.5780354738235474,
                    2.3301353454589844
                ],
                [
                    0.0,
                    0.0,
                    0.0,
                    1.0
                ]
            ]
        },
        {
            "file_path": "/data/shapenet_blender/all_50_random/02958343/1feeeaeb8b56e46d2dfaf88f42097063/r_23",
            "rotation": 0.12566370614359174,
            "transform_matrix": [
                [
                    0.4788834750652313,
                    0.6555222272872925,
                    -0.5839187502861023,
                    -2.3538520336151123
                ],
                [
                    -0.8778785467147827,
                    0.35758793354034424,
                    -0.3185281753540039,
                    -1.2840282917022705
                ],
                [
                    0.0,
                    0.6651476621627808,
                    0.746711790561676,
                    3.010091781616211
                ],
                [
                    0.0,
                    0.0,
                    0.0,
                    1.0
                ]
            ]
        },
        {
            "file_path": "/data/shapenet_blender/all_50_random/02958343/1feeeaeb8b56e46d2dfaf88f42097063/r_24",
            "rotation": 0.12566370614359174,
            "transform_matrix": [
                [
                    -0.7333003282546997,
                    0.004762808792293072,
                    -0.6798881888389587,
                    -2.7407171726226807
                ],
                [
                    -0.6799049377441406,
                    -0.005136849358677864,
                    0.7332822680473328,
                    2.9559555053710938
                ],
                [
                    0.0,
                    0.9999755024909973,
                    0.0070051103830337524,
                    0.028238505125045776
                ],
                [
                    0.0,
                    0.0,
                    0.0,
                    1.0
                ]
            ]
        },
        {
            "file_path": "/data/shapenet_blender/all_50_random/02958343/1feeeaeb8b56e46d2dfaf88f42097063/r_25",
            "rotation": 0.12566370614359174,
            "transform_matrix": [
                [
                    0.3123878240585327,
                    0.6839669346809387,
                    -0.6592442989349365,
                    -2.657498836517334
                ],
                [
                    -0.9499546885490417,
                    0.22491911053657532,
                    -0.21678918600082397,
                    -0.8739051818847656
                ],
                [
                    1.4901161193847656e-08,
                    0.6939744353294373,
                    0.7199995517730713,
                    2.9024109840393066
                ],
                [
                    0.0,
                    0.0,
                    0.0,
                    1.0
                ]
            ]
        },
        {
            "file_path": "/data/shapenet_blender/all_50_random/02958343/1feeeaeb8b56e46d2dfaf88f42097063/r_26",
            "rotation": 0.12566370614359174,
            "transform_matrix": [
                [
                    0.47209614515304565,
                    -0.3546065092086792,
                    0.8070808053016663,
                    3.253446578979492
                ],
                [
                    0.8815470933914185,
                    0.18990293145179749,
                    -0.4322171211242676,
                    -1.7423228025436401
                ],
                [
                    -1.4901159417490817e-08,
                    0.9155278205871582,
                    0.4022548198699951,
                    1.6215410232543945
                ],
                [
                    0.0,
                    0.0,
                    0.0,
                    1.0
                ]
            ]
        },
        {
            "file_path": "/data/shapenet_blender/all_50_random/02958343/1feeeaeb8b56e46d2dfaf88f42097063/r_27",
            "rotation": 0.12566370614359174,
            "transform_matrix": [
                [
                    0.8248189091682434,
                    -0.5050033926963806,
                    -0.2542543113231659,
                    -1.0249319076538086
                ],
                [
                    -0.5653969049453735,
                    -0.7367148995399475,
                    -0.3709142506122589,
                    -1.4952031373977661
                ],
                [
                    1.4901161193847656e-08,
                    0.4496917128562927,
                    -0.8931838274002075,
                    -3.600539207458496
                ],
                [
                    0.0,
                    0.0,
                    0.0,
                    1.0
                ]
            ]
        },
        {
            "file_path": "/data/shapenet_blender/all_50_random/02958343/1feeeaeb8b56e46d2dfaf88f42097063/r_28",
            "rotation": 0.12566370614359174,
            "transform_matrix": [
                [
                    -0.9942038655281067,
                    0.07390911877155304,
                    -0.07807791978120804,
                    -0.31474217772483826
                ],
                [
                    -0.107511505484581,
                    -0.6834685802459717,
                    0.7220191955566406,
                    2.910552740097046
                ],
                [
                    -3.725290742551124e-09,
                    0.7262285351753235,
                    0.6874532103538513,
                    2.7712128162384033
                ],
                [
                    0.0,
                    0.0,
                    0.0,
                    1.0
                ]
            ]
        },
        {
            "file_path": "/data/shapenet_blender/all_50_random/02958343/1feeeaeb8b56e46d2dfaf88f42097063/r_29",
            "rotation": 0.12566370614359174,
            "transform_matrix": [
                [
                    0.9806554913520813,
                    0.02411346323788166,
                    0.1942506581544876,
                    0.7830493450164795
                ],
                [
                    0.19574157893657684,
                    -0.1208072379231453,
                    -0.9731860160827637,
                    -3.9230377674102783
                ],
                [
                    0.0,
                    0.9923830032348633,
                    -0.12319031357765198,
                    -0.49659597873687744
                ],
                [
                    0.0,
                    0.0,
                    0.0,
                    1.0
                ]
            ]
        },
        {
            "file_path": "/data/shapenet_blender/all_50_random/02958343/1feeeaeb8b56e46d2dfaf88f42097063/r_30",
            "rotation": 0.12566370614359174,
            "transform_matrix": [
                [
                    0.2376246601343155,
                    -0.375562459230423,
                    0.8958165645599365,
                    3.611152172088623
                ],
                [
                    0.9713571667671204,
                    0.09187445044517517,
                    -0.2191450297832489,
                    -0.8834018707275391
                ],
                [
                    -7.450582373280668e-09,
                    0.9222319722175598,
                    0.3866368532180786,
                    1.5585830211639404
                ],
                [
                    0.0,
                    0.0,
                    0.0,
                    1.0
                ]
            ]
        },
        {
            "file_path": "/data/shapenet_blender/all_50_random/02958343/1feeeaeb8b56e46d2dfaf88f42097063/r_31",
            "rotation": 0.12566370614359174,
            "transform_matrix": [
                [
                    0.4501938819885254,
                    -0.4251698851585388,
                    0.7852107882499695,
                    3.165286064147949
                ],
                [
                    0.8929308652877808,
                    0.21436023712158203,
                    -0.39588403701782227,
                    -1.5958597660064697
                ],
                [
                    0.0,
                    0.8793635368347168,
                    0.4761509299278259,
                    1.9194259643554688
                ],
                [
                    0.0,
                    0.0,
                    0.0,
                    1.0
                ]
            ]
        },
        {
            "file_path": "/data/shapenet_blender/all_50_random/02958343/1feeeaeb8b56e46d2dfaf88f42097063/r_32",
            "rotation": 0.12566370614359174,
            "transform_matrix": [
                [
                    -0.4361961781978607,
                    -0.4957418143749237,
                    0.7509812712669373,
                    3.0273025035858154
                ],
                [
                    0.8998516201972961,
                    -0.2403070479631424,
                    0.36403241753578186,
                    1.4674617052078247
                ],
                [
                    0.0,
                    0.834561288356781,
                    0.550915002822876,
                    2.2208096981048584
                ],
                [
                    0.0,
                    0.0,
                    0.0,
                    1.0
                ]
            ]
        },
        {
            "file_path": "/data/shapenet_blender/all_50_random/02958343/1feeeaeb8b56e46d2dfaf88f42097063/r_33",
            "rotation": 0.12566370614359174,
            "transform_matrix": [
                [
                    -0.9989399909973145,
                    0.004457009490579367,
                    -0.04581311345100403,
                    -0.1846785843372345
                ],
                [
                    -0.04602940380573273,
                    -0.09672696888446808,
                    0.9942460060119629,
                    4.007934093475342
                ],
                [
                    4.656612040410124e-10,
                    0.9953009486198425,
                    0.09682959318161011,
                    0.3903326094150543
                ],
                [
                    0.0,
                    0.0,
                    0.0,
                    1.0
                ]
            ]
        },
        {
            "file_path": "/data/shapenet_blender/all_50_random/02958343/1feeeaeb8b56e46d2dfaf88f42097063/r_34",
            "rotation": 0.12566370614359174,
            "transform_matrix": [
                [
                    0.008143634535372257,
                    0.41373440623283386,
                    0.910361111164093,
                    3.669783353805542
                ],
                [
                    0.9999668598175049,
                    -0.0033694133162498474,
                    -0.007413893938064575,
                    -0.029886364936828613
                ],
                [
                    -2.3283067140944524e-10,
                    0.9103913307189941,
                    -0.4137480556964874,
                    -1.6678718328475952
                ],
                [
                    0.0,
                    0.0,
                    0.0,
                    1.0
                ]
            ]
        },
        {
            "file_path": "/data/shapenet_blender/all_50_random/02958343/1feeeaeb8b56e46d2dfaf88f42097063/r_35",
            "rotation": 0.12566370614359174,
            "transform_matrix": [
                [
                    -0.728641152381897,
                    0.3027646243572235,
                    -0.6143416166305542,
                    -2.4764904975891113
                ],
                [
                    -0.6848956942558289,
                    -0.32210269570350647,
                    0.6535806655883789,
                    2.6346681118011475
                ],
                [
                    1.4901161193847656e-08,
                    0.8969857692718506,
                    0.44205939769744873,
                    1.7819985151290894
                ],
                [
                    0.0,
                    0.0,
                    0.0,
                    1.0
                ]
            ]
        },
        {
            "file_path": "/data/shapenet_blender/all_50_random/02958343/1feeeaeb8b56e46d2dfaf88f42097063/r_36",
            "rotation": 0.12566370614359174,
            "transform_matrix": [
                [
                    0.9937713146209717,
                    -0.004771988373249769,
                    -0.11133626103401184,
                    -0.4488108456134796
                ],
                [
                    -0.11143849045038223,
                    -0.042555004358291626,
                    -0.9928596615791321,
                    -4.002345561981201
                ],
                [
                    -4.6566125955216364e-10,
                    0.9990828037261963,
                    -0.04282171651721001,
                    -0.17261987924575806
                ],
                [
                    0.0,
                    0.0,
                    0.0,
                    1.0
                ]
            ]
        },
        {
            "file_path": "/data/shapenet_blender/all_50_random/02958343/1feeeaeb8b56e46d2dfaf88f42097063/r_37",
            "rotation": 0.12566370614359174,
            "transform_matrix": [
                [
                    -0.3734396994113922,
                    -0.5898441672325134,
                    -0.7159793972969055,
                    -2.8862054347991943
                ],
                [
                    -0.9276545643806458,
                    0.23744964599609375,
                    0.28822705149650574,
                    1.1618804931640625
                ],
                [
                    0.0,
                    0.7718169093132019,
                    -0.6358447074890137,
                    -2.5631723403930664
                ],
                [
                    0.0,
                    0.0,
                    0.0,
                    1.0
                ]
            ]
        },
        {
            "file_path": "/data/shapenet_blender/all_50_random/02958343/1feeeaeb8b56e46d2dfaf88f42097063/r_38",
            "rotation": 0.12566370614359174,
            "transform_matrix": [
                [
                    -0.3714735209941864,
                    0.34080660343170166,
                    -0.8636308908462524,
                    -3.481407403945923
                ],
                [
                    -0.9284435510635376,
                    -0.13635790348052979,
                    0.34554174542427063,
                    1.392923355102539
                ],
                [
                    7.450580152834618e-09,
                    0.9301921129226685,
                    0.36707302927970886,
                    1.4797186851501465
                ],
                [
                    0.0,
                    0.0,
                    0.0,
                    1.0
                ]
            ]
        },
        {
            "file_path": "/data/shapenet_blender/all_50_random/02958343/1feeeaeb8b56e46d2dfaf88f42097063/r_39",
            "rotation": 0.12566370614359174,
            "transform_matrix": [
                [
                    -0.6499986052513123,
                    -0.5838485360145569,
                    -0.48643872141838074,
                    -1.9608972072601318
                ],
                [
                    -0.7599353790283203,
                    0.4993855655193329,
                    0.41606760025024414,
                    1.6772221326828003
                ],
                [
                    1.4901161193847656e-08,
                    0.6401053667068481,
                    -0.7682871222496033,
                    -3.09706449508667
                ],
                [
                    0.0,
                    0.0,
                    0.0,
                    1.0
                ]
            ]
        },
        {
            "file_path": "/data/shapenet_blender/all_50_random/02958343/1feeeaeb8b56e46d2dfaf88f42097063/r_40",
            "rotation": 0.12566370614359174,
            "transform_matrix": [
                [
                    0.3768102824687958,
                    -0.8358336091041565,
                    -0.3992442488670349,
                    -1.6094048023223877
                ],
                [
                    -0.9262904524803162,
                    -0.34001290798187256,
                    -0.16241054236888885,
                    -0.6546977758407593
                ],
                [
                    -1.4901160305669237e-08,
                    0.43101418018341064,
                    -0.9023452997207642,
                    -3.63746976852417
                ],
                [
                    0.0,
                    0.0,
                    0.0,
                    1.0
                ]
            ]
        },
        {
            "file_path": "/data/shapenet_blender/all_50_random/02958343/1feeeaeb8b56e46d2dfaf88f42097063/r_41",
            "rotation": 0.12566370614359174,
            "transform_matrix": [
                [
                    -0.2748696208000183,
                    0.1743629276752472,
                    -0.945539116859436,
                    -3.8115901947021484
                ],
                [
                    -0.9614815711975098,
