{
    "class": "02958343",
    "model": "d1f100f660eae4548acb0ff76f4aec7d",
    "remove_doubles": true,
    "edge_split": true,
    "denoise": true,
    "camera_angle_x": 0.6911112070083618,
    "scale_factor": 2.262748109084715,
    "hdri_file": "/data/IndoorHDRDataset2018/9C4A0442-721b8f15a6.exr",
    "center_offset": [
        0.0,
        0.0,
        -1.862645149230957e-09
    ],
    "lights": [],
    "frames": [
        {
            "file_path": "/data/shapenet_blender/all_50_random/02958343/d1f100f660eae4548acb0ff76f4aec7d/r_0",
            "rotation": 0.12566370614359174,
            "transform_matrix": [
                [
                    0.4394889175891876,
                    0.6884827017784119,
                    -0.576923668384552,
                    -2.325653553009033
                ],
                [
                    -0.8982478976249695,
                    0.3368563652038574,
                    -0.2822735011577606,
                    -1.1378809213638306
                ],
                [
                    -1.4901158529312397e-08,
                    0.6422765851020813,
                    0.7664729356765747,
                    3.0897510051727295
                ],
                [
                    0.0,
                    0.0,
                    0.0,
                    1.0
                ]
            ]
        },
        {
            "file_path": "/data/shapenet_blender/all_50_random/02958343/d1f100f660eae4548acb0ff76f4aec7d/r_1",
            "rotation": 0.12566370614359174,
            "transform_matrix": [
                [
                    0.4868335723876953,
                    0.5122158527374268,
                    0.7075507044792175,
                    2.8522281646728516
                ],
                [
                    0.8734947443008423,
                    -0.2854783833026886,
                    -0.39434632658958435,
                    -1.589660882949829
                ],
                [
                    -1.4901161193847656e-08,
                    0.8100228309631348,
                    -0.5863983035087585,
                    -2.363847255706787
                ],
                [
                    0.0,
                    0.0,
                    0.0,
                    1.0
                ]
            ]
        },
        {
            "file_path": "/data/shapenet_blender/all_50_random/02958343/d1f100f660eae4548acb0ff76f4aec7d/r_2",
            "rotation": 0.12566370614359174,
            "transform_matrix": [
                [
                    0.9668989181518555,
                    0.06983505189418793,
                    0.24541737139225006,
                    0.9893090724945068
                ],
                [
                    0.25516000390052795,
                    -0.2646317481994629,
                    -0.9299803376197815,
                    -3.748870611190796
                ],
                [
                    7.450581485102248e-09,
                    0.9618175029754639,
                    -0.2736912667751312,
                    -1.1032848358154297
                ],
                [
                    0.0,
                    0.0,
                    0.0,
                    1.0
                ]
            ]
        },
        {
            "file_path": "/data/shapenet_blender/all_50_random/02958343/d1f100f660eae4548acb0ff76f4aec7d/r_3",
            "rotation": 0.12566370614359174,
            "transform_matrix": [
                [
                    0.7833263874053955,
                    0.06357583403587341,
                    -0.6183510422706604,
                    -2.492652416229248
                ],
                [
                    -0.621610701084137,
                    0.08011546730995178,
                    -0.7792186737060547,
                    -3.1411306858062744
                ],
                [
                    3.725290298461914e-09,
                    0.9947559833526611,
                    0.10227599740028381,
                    0.4122876822948456
                ],
                [
                    0.0,
                    0.0,
                    0.0,
                    1.0
                ]
            ]
        },
        {
            "file_path": "/data/shapenet_blender/all_50_random/02958343/d1f100f660eae4548acb0ff76f4aec7d/r_4",
            "rotation": 0.12566370614359174,
            "transform_matrix": [
                [
                    0.8378025889396667,
                    -0.0018351682228967547,
                    0.5459702610969543,
                    2.200876474380493
                ],
                [
                    0.5459733605384827,
                    0.0028160871006548405,
                    -0.8377978205680847,
                    -3.3772709369659424
                ],
                [
                    1.1641532182693481e-10,
                    0.9999943375587463,
                    0.0033612779807299376,
                    0.013549745082855225
                ],
                [
                    0.0,
                    0.0,
                    0.0,
                    1.0
                ]
            ]
        },
        {
            "file_path": "/data/shapenet_blender/all_50_random/02958343/d1f100f660eae4548acb0ff76f4aec7d/r_5",
            "rotation": 0.12566370614359174,
            "transform_matrix": [
                [
                    -0.7653929591178894,
                    0.6341428756713867,
                    0.10971049219369888,
                    0.4422571361064911
                ],
                [
                    0.6435632705688477,
                    0.7541893124580383,
                    0.13047923147678375,
                    0.5259786248207092
                ],
                [
                    -7.450580596923828e-09,
                    0.1704733669757843,
                    -0.9853622317314148,
                    -3.9721221923828125
                ],
                [
                    0.0,
                    0.0,
                    0.0,
                    1.0
                ]
            ]
        },
        {
            "file_path": "/data/shapenet_blender/all_50_random/02958343/d1f100f660eae4548acb0ff76f4aec7d/r_6",
            "rotation": 0.12566370614359174,
            "transform_matrix": [
                [
                    -0.9936516880989075,
                    -0.09748239070177078,
                    -0.05615651234984398,
                    -0.22637414932250977
                ],
                [
                    -0.11250053346157074,
                    0.8610051870346069,
                    0.49599775671958923,
                    1.9994308948516846
                ],
                [
                    3.725290298461914e-09,
                    0.4991666376590729,
                    -0.8665059804916382,
                    -3.492997407913208
                ],
                [
                    0.0,
                    0.0,
                    0.0,
                    1.0
                ]
            ]
        },
        {
            "file_path": "/data/shapenet_blender/all_50_random/02958343/d1f100f660eae4548acb0ff76f4aec7d/r_7",
            "rotation": 0.12566370614359174,
            "transform_matrix": [
                [
                    0.32539302110671997,
                    0.3986281454563141,
                    -0.8574467301368713,
                    -3.4564781188964844
                ],
                [
                    -0.9455788731575012,
                    0.13717609643936157,
                    -0.2950649559497833,
                    -1.189444899559021
                ],
                [
                    0.0,
                    0.9067955017089844,
                    0.4215705990791321,
                    1.699405312538147
                ],
                [
                    0.0,
                    0.0,
                    0.0,
                    1.0
                ]
            ]
        },
        {
            "file_path": "/data/shapenet_blender/all_50_random/02958343/d1f100f660eae4548acb0ff76f4aec7d/r_8",
            "rotation": 0.12566370614359174,
            "transform_matrix": [
                [
                    0.9431132078170776,
                    0.0010367260547354817,
                    0.3324700891971588,
                    1.3402297496795654
                ],
                [
                    0.33247166872024536,
                    -0.0029408521950244904,
                    -0.9431086778640747,
                    -3.801792621612549
                ],
                [
                    1.1641530794914701e-10,
                    0.9999951124191284,
                    -0.0031182391103357077,
                    -0.012570023536682129
                ],
                [
                    0.0,
                    0.0,
                    0.0,
                    1.0
                ]
            ]
        },
        {
            "file_path": "/data/shapenet_blender/all_50_random/02958343/d1f100f660eae4548acb0ff76f4aec7d/r_9",
            "rotation": 0.12566370614359174,
            "transform_matrix": [
                [
                    -0.615810215473175,
                    -0.012648984789848328,
                    -0.787792980670929,
                    -3.1756951808929443
                ],
                [
                    -0.7878945469856262,
                    0.009886316955089569,
                    0.615730881690979,
                    2.482090473175049
                ],
                [
                    9.313225746154785e-10,
                    0.9998710751533508,
                    -0.01605416275560856,
                    -0.0647163987159729
                ],
                [
                    0.0,
                    0.0,
                    0.0,
                    1.0
                ]
            ]
        },
        {
            "file_path": "/data/shapenet_blender/all_50_random/02958343/d1f100f660eae4548acb0ff76f4aec7d/r_10",
            "rotation": 0.12566370614359174,
            "transform_matrix": [
                [
                    0.4315817356109619,
                    -0.13233424723148346,
                    0.8923143148422241,
                    3.597033977508545
                ],
                [
                    0.9020737409591675,
                    0.0633130595088005,
                    -0.42691248655319214,
                    -1.7209392786026
                ],
                [
                    -7.450580152834618e-09,
                    0.9891810417175293,
                    0.14670002460479736,
                    0.591366708278656
                ],
                [
                    0.0,
                    0.0,
                    0.0,
                    1.0
                ]
            ]
        },
        {
            "file_path": "/data/shapenet_blender/all_50_random/02958343/d1f100f660eae4548acb0ff76f4aec7d/r_11",
            "rotation": 0.12566370614359174,
            "transform_matrix": [
                [
                    0.10761924833059311,
                    -0.029135193675756454,
                    0.9937651753425598,
                    4.005995273590088
                ],
                [
                    0.9941921830177307,
                    0.003153824945911765,
                    -0.10757303237915039,
                    -0.4336407482624054
                ],
                [
                    -4.656612040410124e-10,
                    0.9995706081390381,
                    0.029305392876267433,
                    0.11813381314277649
                ],
                [
                    0.0,
                    0.0,
                    0.0,
                    1.0
                ]
            ]
        },
        {
            "file_path": "/data/shapenet_blender/all_50_random/02958343/d1f100f660eae4548acb0ff76f4aec7d/r_12",
            "rotation": 0.12566370614359174,
            "transform_matrix": [
                [
                    -0.9995004534721375,
                    0.030318107455968857,
                    -0.008915896527469158,
                    -0.035941123962402344
                ],
                [
                    -0.031601905822753906,
                    -0.9588965773582458,
                    0.281990647315979,
                    1.1367405652999878
                ],
                [
                    0.0,
                    0.28213146328926086,
                    0.95937579870224,
                    3.8673670291900635
                ],
                [
                    0.0,
                    0.0,
                    0.0,
                    1.0
                ]
            ]
        },
        {
            "file_path": "/data/shapenet_blender/all_50_random/02958343/d1f100f660eae4548acb0ff76f4aec7d/r_13",
            "rotation": 0.12566370614359174,
            "transform_matrix": [
                [
                    0.9045944809913635,
                    0.31749576330184937,
                    0.2844383418560028,
                    1.146607756614685
                ],
                [
                    0.42627307772636414,
                    -0.6737580299377441,
                    -0.6036068201065063,
                    -2.4332170486450195
                ],
                [
                    1.4901160305669237e-08,
                    0.6672678589820862,
                    -0.7448177337646484,
                    -3.0024566650390625
                ],
                [
                    0.0,
                    0.0,
                    0.0,
                    1.0
                ]
            ]
        },
        {
            "file_path": "/data/shapenet_blender/all_50_random/02958343/d1f100f660eae4548acb0ff76f4aec7d/r_14",
            "rotation": 0.12566370614359174,
            "transform_matrix": [
                [
                    -0.635819137096405,
                    -0.5387563109397888,
                    -0.5526984930038452,
                    -2.227998971939087
                ],
                [
                    -0.7718381881713867,
                    0.4438127279281616,
                    0.45529791712760925,
                    1.835364580154419
                ],
                [
                    0.0,
                    0.7160808444023132,
                    -0.6980172991752625,
                    -2.81379771232605
                ],
                [
                    0.0,
                    0.0,
                    0.0,
                    1.0
                ]
            ]
        },
        {
            "file_path": "/data/shapenet_blender/all_50_random/02958343/d1f100f660eae4548acb0ff76f4aec7d/r_15",
            "rotation": 0.12566370614359174,
            "transform_matrix": [
                [
                    -0.9996816515922546,
                    -0.0020376082975417376,
                    0.025148943066596985,
                    0.10137862712144852
                ],
                [
                    0.02523135580122471,
                    -0.08073128759860992,
                    0.9964165091514587,
                    4.016683101654053
                ],
                [
                    0.0,
                    0.9967337250709534,
                    0.08075699955224991,
                    0.3255418539047241
                ],
                [
                    0.0,
                    0.0,
                    0.0,
                    1.0
                ]
            ]
        },
        {
            "file_path": "/data/shapenet_blender/all_50_random/02958343/d1f100f660eae4548acb0ff76f4aec7d/r_16",
            "rotation": 0.12566370614359174,
            "transform_matrix": [
                [
                    0.6720629334449768,
                    0.09090656042098999,
                    -0.7348926067352295,
                    -2.962447166442871
                ],
                [
                    -0.740493893623352,
                    0.08250565081834793,
                    -0.6669793128967285,
                    -2.6886799335479736
                ],
                [
                    0.0,
                    0.9924358129501343,
                    0.12276473641395569,
                    0.4948804974555969
                ],
                [
                    0.0,
                    0.0,
                    0.0,
                    1.0
                ]
            ]
        },
        {
            "file_path": "/data/shapenet_blender/all_50_random/02958343/d1f100f660eae4548acb0ff76f4aec7d/r_17",
            "rotation": 0.12566370614359174,
            "transform_matrix": [
                [
                    -0.8280120491981506,
                    0.08663404732942581,
                    0.5539769530296326,
                    2.2331528663635254
                ],
                [
                    0.5607102513313293,
                    0.12793421745300293,
                    0.8180688619613647,
                    3.297741413116455
                ],
                [
                    7.450580596923828e-09,
                    0.9879915714263916,
                    -0.15450766682624817,
                    -0.622840404510498
                ],
                [
                    0.0,
                    0.0,
                    0.0,
                    1.0
                ]
            ]
        },
        {
            "file_path": "/data/shapenet_blender/all_50_random/02958343/d1f100f660eae4548acb0ff76f4aec7d/r_18",
            "rotation": 0.12566370614359174,
            "transform_matrix": [
                [
                    -0.527755856513977,
                    -0.10036712139844894,
                    0.843445360660553,
                    3.4000372886657715
                ],
                [
                    0.8493961691856384,
                    -0.06236116588115692,
                    0.5240584015846252,
                    2.1125471591949463
                ],
                [
                    0.0,
                    0.9929941892623901,
                    0.11816290020942688,
                    0.4763299226760864
                ],
                [
                    0.0,
                    0.0,
                    0.0,
                    1.0
                ]
            ]
        },
        {
            "file_path": "/data/shapenet_blender/all_50_random/02958343/d1f100f660eae4548acb0ff76f4aec7d/r_19",
            "rotation": 0.12566370614359174,
            "transform_matrix": [
                [
                    0.9980819225311279,
                    0.04449573904275894,
                    0.043042611330747604,
                    0.17351031303405762
                ],
                [
                    0.06190749257802963,
                    -0.7173670530319214,
                    -0.6939395070075989,
                    -2.7973597049713135
                ],
                [
                    0.0,
                    0.6952731609344482,
                    -0.7187456488609314,
                    -2.8973562717437744
                ],
                [
                    0.0,
                    0.0,
                    0.0,
                    1.0
                ]
            ]
        },
        {
            "file_path": "/data/shapenet_blender/all_50_random/02958343/d1f100f660eae4548acb0ff76f4aec7d/r_20",
            "rotation": 0.12566370614359174,
            "transform_matrix": [
                [
                    0.5031595230102539,
                    0.1813610941171646,
                    -0.8449488878250122,
                    -3.406097888946533
                ],
                [
                    -0.8641934990882874,
                    0.10559390485286713,
                    -0.4919547736644745,
                    -1.98313307762146
                ],
                [
                    0.0,
                    0.9777311086654663,
                    0.2098616510629654,
                    0.8459793925285339
                ],
                [
                    0.0,
                    0.0,
                    0.0,
                    1.0
                ]
            ]
        },
        {
            "file_path": "/data/shapenet_blender/all_50_random/02958343/d1f100f660eae4548acb0ff76f4aec7d/r_21",
            "rotation": 0.12566370614359174,
            "transform_matrix": [
                [
                    -0.3765908479690552,
                    -0.6800287365913391,
                    0.6290788650512695,
                    2.535897970199585
                ],
                [
                    0.9263797998428345,
                    -0.2764444947242737,
                    0.2557324171066284,
                    1.0308903455734253
                ],
                [
                    0.0,
                    0.6790722608566284,
                    0.7340713143348694,
                    2.9591360092163086
                ],
                [
                    0.0,
                    0.0,
                    0.0,
                    1.0
                ]
            ]
        },
        {
            "file_path": "/data/shapenet_blender/all_50_random/02958343/d1f100f660eae4548acb0ff76f4aec7d/r_22",
            "rotation": 0.12566370614359174,
            "transform_matrix": [
                [
                    -0.9397719502449036,
                    0.17562609910964966,
                    0.29323041439056396,
                    1.1820495128631592
                ],
                [
                    0.3418019413948059,
                    0.4828774929046631,
                    0.8062262535095215,
                    3.2500016689300537
                ],
                [
                    0.0,
                    0.85789555311203,
                    -0.5138241648674011,
                    -2.071291208267212
                ],
                [
                    0.0,
                    0.0,
                    0.0,
                    1.0
                ]
            ]
        },
        {
            "file_path": "/data/shapenet_blender/all_50_random/02958343/d1f100f660eae4548acb0ff76f4aec7d/r_23",
            "rotation": 0.12566370614359174,
            "transform_matrix": [
                [
                    0.5543643832206726,
                    -0.5195656418800354,
                    -0.650178074836731,
                    -2.6209516525268555
                ],
                [
                    -0.8322739601135254,
                    -0.3460744023323059,
                    -0.4330732524394989,
                    -1.7457741498947144
                ],
                [
                    0.0,
                    0.7812066674232483,
                    -0.6242724061012268,
                    -2.5165226459503174
                ],
                [
                    0.0,
                    0.0,
                    0.0,
                    1.0
                ]
            ]
        },
        {
            "file_path": "/data/shapenet_blender/all_50_random/02958343/d1f100f660eae4548acb0ff76f4aec7d/r_24",
            "rotation": 0.12566370614359174,
            "transform_matrix": [
                [
                    0.35213157534599304,
                    -0.7432469725608826,
                    -0.5688473582267761,
                    -2.2930970191955566
                ],
                [
                    -0.9359505772590637,
                    -0.2796309292316437,
                    -0.21401676535606384,
                    -0.8627291917800903
                ],
                [
                    0.0,
                    0.6077749133110046,
                    -0.7941092848777771,
                    -3.2011568546295166
                ],
                [
                    0.0,
                    0.0,
                    0.0,
                    1.0
                ]
            ]
        },
        {
            "file_path": "/data/shapenet_blender/all_50_random/02958343/d1f100f660eae4548acb0ff76f4aec7d/r_25",
            "rotation": 0.12566370614359174,
            "transform_matrix": [
                [
                    -0.6732755899429321,
                    0.6164346933364868,
                    -0.4082993268966675,
                    -1.6459072828292847
                ],
                [
                    -0.7393916845321655,
                    -0.5613133311271667,
                    0.3717893660068512,
                    1.4987308979034424
                ],
                [
                    1.4901162970204496e-08,
                    0.552209734916687,
                    0.8337051868438721,
                    3.3607730865478516
                ],
                [
                    0.0,
                    0.0,
                    0.0,
                    1.0
                ]
            ]
        },
        {
            "file_path": "/data/shapenet_blender/all_50_random/02958343/d1f100f660eae4548acb0ff76f4aec7d/r_26",
            "rotation": 0.12566370614359174,
            "transform_matrix": [
                [
                    0.426115483045578,
                    -0.2020014077425003,
                    -0.8818281888961792,
                    -3.5547633171081543
                ],
                [
                    -0.9046688675880432,
                    -0.09514633566141129,
                    -0.4153571128845215,
                    -1.6743582487106323
                ],
                [
                    0.0,
                    0.9747525453567505,
                    -0.2232876867055893,
                    -0.9001015424728394
                ],
                [
                    0.0,
                    0.0,
                    0.0,
                    1.0
                ]
            ]
        },
        {
            "file_path": "/data/shapenet_blender/all_50_random/02958343/d1f100f660eae4548acb0ff76f4aec7d/r_27",
            "rotation": 0.12566370614359174,
            "transform_matrix": [
                [
                    0.8423518538475037,
                    0.28687581419944763,
                    -0.45622989535331726,
                    -1.8391215801239014
                ],
                [
                    -0.5389280319213867,
                    0.44839075207710266,
                    -0.7130934596061707,
                    -2.8745718002319336
                ],
                [
                    0.0,
                    0.8465506434440613,
                    0.5323081612586975,
                    2.1458027362823486
                ],
                [
                    0.0,
                    0.0,
                    0.0,
                    1.0
                ]
            ]
        },
        {
            "file_path": "/data/shapenet_blender/all_50_random/02958343/d1f100f660eae4548acb0ff76f4aec7d/r_28",
            "rotation": 0.12566370614359174,
            "transform_matrix": [
                [
                    -0.0596390999853611,
                    0.399820476770401,
                    -0.9146512150764465,
                    -3.6870765686035156
                ],
                [
                    -0.9982199668884277,
                    -0.023887453600764275,
                    0.05464624613523483,
                    0.2202860414981842
                ],
                [
                    0.0,
                    0.9162821173667908,
                    0.4005334675312042,
                    1.6146018505096436
                ],
                [
                    0.0,
                    0.0,
                    0.0,
                    1.0
                ]
            ]
        },
        {
            "file_path": "/data/shapenet_blender/all_50_random/02958343/d1f100f660eae4548acb0ff76f4aec7d/r_29",
            "rotation": 0.12566370614359174,
            "transform_matrix": [
                [
                    -0.16366618871688843,
                    -0.7372682094573975,
                    0.6554762721061707,
                    2.6423089504241943
                ],
                [
                    0.9865157604217529,
                    -0.12231519818305969,
                    0.10874564945697784,
                    0.43836769461631775
                ],
                [
                    0.0,
                    0.6644355654716492,
                    0.7473455667495728,
                    3.012645959854126
                ],
                [
                    0.0,
                    0.0,
                    0.0,
                    1.0
                ]
            ]
        },
        {
            "file_path": "/data/shapenet_blender/all_50_random/02958343/d1f100f660eae4548acb0ff76f4aec7d/r_30",
            "rotation": 0.12566370614359174,
            "transform_matrix": [
                [
                    -0.1687057465314865,
                    -0.4794476628303528,
                    -0.8612015843391418,
                    -3.4716148376464844
                ],
                [
                    -0.9856665134429932,
                    0.08206181228160858,
                    0.14740245044231415,
                    0.5941983461380005
                ],
                [
                    0.0,
                    0.873725175857544,
                    -0.48641979694366455,
                    -1.9608210325241089
                ],
                [
                    0.0,
                    0.0,
                    0.0,
                    1.0
                ]
            ]
        },
        {
            "file_path": "/data/shapenet_blender/all_50_random/02958343/d1f100f660eae4548acb0ff76f4aec7d/r_31",
            "rotation": 0.12566370614359174,
            "transform_matrix": [
                [
                    0.9253607392311096,
                    0.1536301076412201,
                    0.3465622067451477,
                    1.3970369100570679
                ],
                [
                    0.3790878355503082,
                    -0.3750140368938446,
                    -0.8459650278091431,
                    -3.410193920135498
                ],
                [
                    -1.4901161193847656e-08,
                    0.9142002463340759,
                    -0.40526261925697327,
                    -1.6336658000946045
                ],
                [
                    0.0,
                    0.0,
                    0.0,
                    1.0
                ]
            ]
        },
        {
            "file_path": "/data/shapenet_blender/all_50_random/02958343/d1f100f660eae4548acb0ff76f4aec7d/r_32",
            "rotation": 0.12566370614359174,
            "transform_matrix": [
                [
                    0.9932609796524048,
                    -0.06961730867624283,
                    -0.09266100823879242,
                    -0.37352848052978516
                ],
                [
                    -0.1158992350101471,
                    -0.5966230630874634,
                    -0.794108510017395,
                    -3.2011537551879883
                ],
                [
                    0.0,
                    0.7994963526725769,
                    -0.6006709337234497,
                    -2.421381950378418
                ],
                [
                    0.0,
                    0.0,
                    0.0,
                    1.0
                ]
            ]
        },
        {
            "file_path": "/data/shapenet_blender/all_50_random/02958343/d1f100f660eae4548acb0ff76f4aec7d/r_33",
            "rotation": 0.12566370614359174,
            "transform_matrix": [
                [
                    -0.7643890976905823,
                    0.5918400883674622,
                    -0.2558020055294037,
                    -1.0311709642410278
                ],
                [
                    -0.6447552442550659,
                    -0.7016554474830627,
                    0.30326583981513977,
                    1.2225037813186646
                ],
                [
                    1.4901161193847656e-08,
                    0.39674270153045654,
                    0.9179297089576721,
                    3.7002933025360107
                ],
                [
                    0.0,
                    0.0,
                    0.0,
                    1.0
                ]
            ]
        },
        {
            "file_path": "/data/shapenet_blender/all_50_random/02958343/d1f100f660eae4548acb0ff76f4aec7d/r_34",
            "rotation": 0.12566370614359174,
            "transform_matrix": [
                [
                    0.8697713613510132,
                    -0.32293450832366943,
                    -0.3731100857257843,
                    -1.5040549039840698
                ],
                [
                    -0.49345505237579346,
                    -0.5692092776298523,
                    -0.6576495170593262,
                    -2.6510701179504395
                ],
                [
                    0.0,
                    0.7561177611351013,
                    -0.6544355750083923,
                    -2.6381142139434814
                ],
                [
                    0.0,
                    0.0,
                    0.0,
                    1.0
                ]
            ]
        },
        {
            "file_path": "/data/shapenet_blender/all_50_random/02958343/d1f100f660eae4548acb0ff76f4aec7d/r_35",
            "rotation": 0.12566370614359174,
            "transform_matrix": [
                [
                    -0.18120348453521729,
                    0.463809609413147,
                    -0.8672057390213013,
                    -3.4958183765411377
                ],
                [
                    -0.9834455847740173,
                    -0.08545863628387451,
                    0.15978586673736572,
                    0.6441174745559692
                ],
                [
                    0.0,
                    0.8818035125732422,
                    0.47161686420440674,
                    1.9011485576629639
                ],
                [
                    0.0,
                    0.0,
                    0.0,
                    1.0
                ]
            ]
        },
        {
            "file_path": "/data/shapenet_blender/all_50_random/02958343/d1f100f660eae4548acb0ff76f4aec7d/r_36",
            "rotation": 0.12566370614359174,
            "transform_matrix": [
                [
                    -0.9912909269332886,
                    -0.05246046930551529,
                    -0.1207900121808052,
                    -0.4869201183319092
                ],
                [
                    -0.13169027864933014,
                    0.3948931097984314,
                    0.9092398285865784,
                    3.6652629375457764
                ],
                [
                    -3.725290298461914e-09,
                    0.9172279834747314,
                    -0.39836251735687256,
                    -1.6058506965637207
                ],
                [
                    0.0,
                    0.0,
                    0.0,
                    1.0
                ]
            ]
        },
        {
            "file_path": "/data/shapenet_blender/all_50_random/02958343/d1f100f660eae4548acb0ff76f4aec7d/r_37",
            "rotation": 0.12566370614359174,
            "transform_matrix": [
                [
                    0.5575928092002869,
                    -0.4360547363758087,
                    -0.7063614130020142,
                    -2.8474342823028564
                ],
                [
                    -0.8301145434379578,
                    -0.2929005026817322,
                    -0.47446709871292114,
                    -1.9126381874084473
                ],
                [
                    0.0,
                    0.8509204387664795,
                    -0.5252945423126221,
                    -2.117530345916748
                ],
                [
                    0.0,
                    0.0,
                    0.0,
                    1.0
                ]
            ]
        },
        {
            "file_path": "/data/shapenet_blender/all_50_random/02958343/d1f100f660eae4548acb0ff76f4aec7d/r_38",
            "rotation": 0.12566370614359174,
            "transform_matrix": [
                [
                    0.8140463829040527,
                    0.44544947147369385,
                    -0.3726973235607147,
                    -1.50239098072052
                ],
                [
                    -0.58079993724823,
                    0.6243398189544678,
                    -0.5223707556724548,
                    -2.105743885040283
                ],
                [
                    0.0,
                    0.6416966319084167,
                    0.7669585943222046,
                    3.0917088985443115
                ],
                [
                    0.0,
                    0.0,
                    0.0,
                    1.0
                ]
            ]
        },
        {
            "file_path": "/data/shapenet_blender/all_50_random/02958343/d1f100f660eae4548acb0ff76f4aec7d/r_39",
            "rotation": 0.12566370614359174,
            "transform_matrix": [
                [
                    -0.7585605382919312,
                    0.5605818033218384,
                    0.3321656882762909,
                    1.3390027284622192
                ],
                [
                    0.6516026258468628,
                    0.6525989770889282,
                    0.38668930530548096,
                    1.5587944984436035
                ],
                [
                    0.0,
                    0.5097672939300537,
                    -0.8603123426437378,
                    -3.4680299758911133
                ],
                [
                    0.0,
                    0.0,
                    0.0,
                    1.0
                ]
            ]
        },
        {
            "file_path": "/data/shapenet_blender/all_50_random/02958343/d1f100f660eae4548acb0ff76f4aec7d/r_40",
            "rotation": 0.12566370614359174,
            "transform_matrix": [
                [
                    -0.5502411127090454,
                    0.3395954370498657,
                    -0.7628299593925476,
                    -3.075066089630127
                ],
                [
                    -0.8350058197975159,
                    -0.22378210723400116,
                    0.5026795864105225,
                    2.0263664722442627
                ],
                [
                    0.0,
                    0.9135623574256897,
                    0.4066983461380005,
                    1.639453649520874
                ],
                [
                    0.0,
                    0.0,
                    0.0,
                    1.0
                ]
            ]
        },
        {
            "file_path": "/data/shapenet_blender/all_50_random/02958343/d1f100f660eae4548acb0ff76f4aec7d/r_41",
            "rotation": 0.12566370614359174,
            "transform_matrix": [
                [
                    0.7662530541419983,
                    0.6420731544494629,
                    0.024459602311253548,
                    0.09859980642795563
                ],
                [
                    0.6425389051437378,
                    -0.7656976580619812,
                    -0.02916904352605343,
                    -0.11758416891098022
                ],
                [
                    0.0,
                    0.03806561976671219,
