{
    "class": "02958343",
    "model": "8202d2165aaff4c05fb2da48d9c8120d",
    "remove_doubles": true,
    "edge_split": true,
    "denoise": true,
    "camera_angle_x": 0.6911112070083618,
    "scale_factor": 2.2516893827978355,
    "hdri_file": "/data/IndoorHDRDataset2018/9C4A9669-480f7bc8b3.exr",
    "center_offset": [
        0.0,
        -4.656612873077393e-10,
        -3.725290298461914e-09
    ],
    "lights": [],
    "frames": [
        {
            "file_path": "/data/shapenet_blender/all_50_random/02958343/8202d2165aaff4c05fb2da48d9c8120d/r_0",
            "rotation": 0.12566370614359174,
            "transform_matrix": [
                [
                    0.10180933773517609,
                    0.519365668296814,
                    0.8484656810760498,
                    3.4202747344970703
                ],
                [
                    0.9948038458824158,
                    -0.05315247178077698,
                    -0.0868329331278801,
                    -0.35003477334976196
                ],
                [
                    0.0,
                    0.8528974652290344,
                    -0.5220783948898315,
                    -2.1045656204223633
                ],
                [
                    0.0,
                    0.0,
                    0.0,
                    1.0
                ]
            ]
        },
        {
            "file_path": "/data/shapenet_blender/all_50_random/02958343/8202d2165aaff4c05fb2da48d9c8120d/r_1",
            "rotation": 0.12566370614359174,
            "transform_matrix": [
                [
                    -0.11647965013980865,
                    0.6806560158729553,
                    -0.7232840657234192,
                    -2.915651321411133
                ],
                [
                    -0.9931931495666504,
                    -0.07982593774795532,
                    0.08482526987791061,
                    0.34194159507751465
                ],
                [
                    3.725290298461914e-09,
                    0.7282411456108093,
                    0.6853209733963013,
                    2.7626171112060547
                ],
                [
                    0.0,
                    0.0,
                    0.0,
                    1.0
                ]
            ]
        },
        {
            "file_path": "/data/shapenet_blender/all_50_random/02958343/8202d2165aaff4c05fb2da48d9c8120d/r_2",
            "rotation": 0.12566370614359174,
            "transform_matrix": [
                [
                    0.8813249468803406,
                    -0.42790836095809937,
                    0.20040194690227509,
                    0.8078460693359375
                ],
                [
                    0.4725108742713928,
                    0.7981325387954712,
                    -0.3737887442111969,
                    -1.5067906379699707
                ],
                [
                    1.4901162970204496e-08,
                    0.4241213798522949,
                    0.9056053161621094,
                    3.6506118774414062
                ],
                [
                    0.0,
                    0.0,
                    0.0,
                    1.0
                ]
            ]
        },
        {
            "file_path": "/data/shapenet_blender/all_50_random/02958343/8202d2165aaff4c05fb2da48d9c8120d/r_3",
            "rotation": 0.12566370614359174,
            "transform_matrix": [
                [
                    0.06775309890508652,
                    -0.20244555175304413,
                    0.976947009563446,
                    3.9381988048553467
                ],
                [
                    0.9977021217346191,
                    0.01374790444970131,
                    -0.06634363532066345,
                    -0.26743972301483154
                ],
                [
                    -9.313224635931761e-10,
                    0.979197084903717,
                    0.20291182398796082,
                    0.8179636001586914
                ],
                [
                    0.0,
                    0.0,
                    0.0,
                    1.0
                ]
            ]
        },
        {
            "file_path": "/data/shapenet_blender/all_50_random/02958343/8202d2165aaff4c05fb2da48d9c8120d/r_4",
            "rotation": 0.12566370614359174,
            "transform_matrix": [
                [
                    -0.36991047859191895,
                    -0.01947091706097126,
                    -0.9288632869720459,
                    -3.744367837905884
                ],
                [
                    -0.9290674924850464,
                    0.007752392906695604,
                    0.3698291778564453,
                    1.4908292293548584
                ],
                [
                    -4.656613428188905e-10,
                    0.9997803568840027,
                    -0.02095748297870159,
                    -0.08448232710361481
                ],
                [
                    0.0,
                    0.0,
                    0.0,
                    1.0
                ]
            ]
        },
        {
            "file_path": "/data/shapenet_blender/all_50_random/02958343/8202d2165aaff4c05fb2da48d9c8120d/r_5",
            "rotation": 0.12566370614359174,
            "transform_matrix": [
                [
                    0.6708385944366455,
                    -0.5104314684867859,
                    0.5379918813705444,
                    2.168714761734009
                ],
                [
                    0.7416033148765564,
                    0.4617254137992859,
                    -0.4866560101509094,
                    -1.961773157119751
                ],
                [
                    2.9802322387695312e-08,
                    0.7254442572593689,
                    0.6882808804512024,
                    2.7745490074157715
                ],
                [
                    0.0,
                    0.0,
                    0.0,
                    1.0
                ]
            ]
        },
        {
            "file_path": "/data/shapenet_blender/all_50_random/02958343/8202d2165aaff4c05fb2da48d9c8120d/r_6",
            "rotation": 0.12566370614359174,
            "transform_matrix": [
                [
                    -0.21576188504695892,
                    0.026636842638254166,
                    0.9760825634002686,
                    3.9347147941589355
                ],
                [
                    0.9764460921287537,
                    0.0058858501724898815,
                    0.2156815528869629,
                    0.8694401979446411
                ],
                [
                    0.0,
                    0.9996277689933777,
                    -0.027279380708932877,
                    -0.1099667102098465
                ],
                [
                    0.0,
                    0.0,
                    0.0,
                    1.0
                ]
            ]
        },
        {
            "file_path": "/data/shapenet_blender/all_50_random/02958343/8202d2165aaff4c05fb2da48d9c8120d/r_7",
            "rotation": 0.12566370614359174,
            "transform_matrix": [
                [
                    0.899131178855896,
                    -0.3597288131713867,
                    -0.24931558966636658,
                    -1.0050233602523804
                ],
                [
                    -0.4376791715621948,
                    -0.7389965057373047,
                    -0.5121728777885437,
                    -2.0646350383758545
                ],
                [
                    0.0,
                    0.5696309804916382,
                    -0.8219005465507507,
                    -3.31318736076355
                ],
                [
                    0.0,
                    0.0,
                    0.0,
                    1.0
                ]
            ]
        },
        {
            "file_path": "/data/shapenet_blender/all_50_random/02958343/8202d2165aaff4c05fb2da48d9c8120d/r_8",
            "rotation": 0.12566370614359174,
            "transform_matrix": [
                [
                    -0.14450836181640625,
                    -0.012873658910393715,
                    -0.9894198179244995,
                    -3.988478899002075
                ],
                [
                    -0.9895035028457642,
                    0.0018800856778398156,
                    0.1444961428642273,
                    0.5824825763702393
                ],
                [
                    0.0,
                    0.9999154210090637,
                    -0.013010218739509583,
                    -0.05244586989283562
                ],
                [
                    0.0,
                    0.0,
                    0.0,
                    1.0
                ]
            ]
        },
        {
            "file_path": "/data/shapenet_blender/all_50_random/02958343/8202d2165aaff4c05fb2da48d9c8120d/r_9",
            "rotation": 0.12566370614359174,
            "transform_matrix": [
                [
                    0.9128919243812561,
                    -0.3326197564601898,
                    -0.23662731051445007,
                    -0.9538751840591431
                ],
                [
                    -0.4082013964653015,
                    -0.7438629269599915,
                    -0.5291876792907715,
                    -2.13322377204895
                ],
                [
                    0.0,
                    0.5796826481819153,
                    -0.8148422837257385,
                    -3.2847342491149902
                ],
                [
                    0.0,
                    0.0,
                    0.0,
                    1.0
                ]
            ]
        },
        {
            "file_path": "/data/shapenet_blender/all_50_random/02958343/8202d2165aaff4c05fb2da48d9c8120d/r_10",
            "rotation": 0.12566370614359174,
            "transform_matrix": [
                [
                    -0.7503768801689148,
                    0.02631831169128418,
                    0.660486102104187,
                    2.6625046730041504
                ],
                [
                    0.6610102653503418,
                    0.02987646870315075,
                    0.7497818470001221,
                    3.0224673748016357
                ],
                [
                    0.0,
                    0.999207079410553,
                    -0.03981528431177139,
                    -0.16050054132938385
                ],
                [
                    0.0,
                    0.0,
                    0.0,
                    1.0
                ]
            ]
        },
        {
            "file_path": "/data/shapenet_blender/all_50_random/02958343/8202d2165aaff4c05fb2da48d9c8120d/r_11",
            "rotation": 0.12566370614359174,
            "transform_matrix": [
                [
                    0.8856330513954163,
                    0.18964636325836182,
                    0.4238966107368469,
                    1.7087819576263428
                ],
                [
                    0.4643857479095459,
                    -0.36167585849761963,
                    -0.808415949344635,
                    -3.258829116821289
                ],
                [
                    1.4901161193847656e-08,
                    0.9128113389015198,
                    -0.4083811640739441,
                    -1.6462372541427612
                ],
                [
                    0.0,
                    0.0,
                    0.0,
                    1.0
                ]
            ]
        },
        {
            "file_path": "/data/shapenet_blender/all_50_random/02958343/8202d2165aaff4c05fb2da48d9c8120d/r_12",
            "rotation": 0.12566370614359174,
            "transform_matrix": [
                [
                    -0.31726738810539246,
                    -0.9155959486961365,
                    -0.24703349173069,
                    -0.995823860168457
                ],
                [
                    -0.948336124420166,
                    0.306314080953598,
                    0.08264544606208801,
                    0.33315443992614746
                ],
                [
                    7.450580596923828e-09,
                    0.2604915499687195,
                    -0.9654760956764221,
                    -3.891958713531494
                ],
                [
                    0.0,
                    0.0,
                    0.0,
                    1.0
                ]
            ]
        },
        {
            "file_path": "/data/shapenet_blender/all_50_random/02958343/8202d2165aaff4c05fb2da48d9c8120d/r_13",
            "rotation": 0.12566370614359174,
            "transform_matrix": [
                [
                    -0.15873219072818756,
                    -0.19199791550636292,
                    -0.968473494052887,
                    -3.9040415287017822
                ],
                [
                    -0.9873217344284058,
                    0.030867598950862885,
                    0.15570195019245148,
                    0.6276546120643616
                ],
                [
                    0.0,
                    0.9809097647666931,
                    -0.19446340203285217,
                    -0.7839070558547974
                ],
                [
                    0.0,
                    0.0,
                    0.0,
                    1.0
                ]
            ]
        },
        {
            "file_path": "/data/shapenet_blender/all_50_random/02958343/8202d2165aaff4c05fb2da48d9c8120d/r_14",
            "rotation": 0.12566370614359174,
            "transform_matrix": [
                [
                    -0.43611496686935425,
                    -0.014807090163230896,
                    -0.8997689485549927,
                    -3.6270852088928223
                ],
                [
                    -0.8998909592628479,
                    0.007175974082201719,
                    0.43605586886405945,
                    1.7577977180480957
                ],
                [
                    4.656612873077393e-10,
                    0.9998646378517151,
                    -0.016454312950372696,
                    -0.0663294643163681
                ],
                [
                    0.0,
                    0.0,
                    0.0,
                    1.0
                ]
            ]
        },
        {
            "file_path": "/data/shapenet_blender/all_50_random/02958343/8202d2165aaff4c05fb2da48d9c8120d/r_15",
            "rotation": 0.12566370614359174,
            "transform_matrix": [
                [
                    -0.7656505107879639,
                    -0.10521069169044495,
                    0.6345942616462708,
                    2.558130979537964
                ],
                [
                    0.6432566046714783,
                    -0.1252293884754181,
                    0.755340039730072,
                    3.044872760772705
                ],
                [
                    7.4505792646561986e-09,
                    0.986533522605896,
                    0.1635594218969345,
                    0.6593290567398071
                ],
                [
                    0.0,
                    0.0,
                    0.0,
                    1.0
                ]
            ]
        },
        {
            "file_path": "/data/shapenet_blender/all_50_random/02958343/8202d2165aaff4c05fb2da48d9c8120d/r_16",
            "rotation": 0.12566370614359174,
            "transform_matrix": [
                [
                    0.9921964406967163,
                    0.0313066765666008,
                    0.12069008499383926,
                    0.4865172803401947
                ],
                [
                    0.1246844157576561,
                    -0.24912793934345245,
                    -0.9604108929634094,
                    -3.871540069580078
                ],
                [
                    0.0,
                    0.9679644703865051,
                    -0.2510873079299927,
                    -1.0121653079986572
                ],
                [
                    0.0,
                    0.0,
                    0.0,
                    1.0
                ]
            ]
        },
        {
            "file_path": "/data/shapenet_blender/all_50_random/02958343/8202d2165aaff4c05fb2da48d9c8120d/r_17",
            "rotation": 0.12566370614359174,
            "transform_matrix": [
                [
                    0.9794016480445862,
                    -0.06114684045314789,
                    -0.19244113564491272,
                    -0.7757550477981567
                ],
                [
                    -0.20192211866378784,
                    -0.2965862452983856,
                    -0.9334152340888977,
                    -3.7627172470092773
                ],
                [
                    0.0,
                    0.9530465006828308,
                    -0.302823930978775,
                    -1.2207223176956177
                ],
                [
                    0.0,
                    0.0,
                    0.0,
                    1.0
                ]
            ]
        },
        {
            "file_path": "/data/shapenet_blender/all_50_random/02958343/8202d2165aaff4c05fb2da48d9c8120d/r_18",
            "rotation": 0.12566370614359174,
            "transform_matrix": [
                [
                    0.044565971940755844,
                    0.09494087100028992,
                    0.9944849014282227,
                    4.008896827697754
                ],
                [
                    0.999006450176239,
                    -0.004235340282320976,
                    -0.044364266097545624,
                    -0.1788380742073059
                ],
                [
                    0.0,
                    0.9954738020896912,
                    -0.09503531455993652,
                    -0.38309961557388306
                ],
                [
                    0.0,
                    0.0,
                    0.0,
                    1.0
                ]
            ]
        },
        {
            "file_path": "/data/shapenet_blender/all_50_random/02958343/8202d2165aaff4c05fb2da48d9c8120d/r_19",
            "rotation": 0.12566370614359174,
            "transform_matrix": [
                [
                    0.6097031831741333,
                    0.30429208278656006,
                    -0.7318936586380005,
                    -2.950357675552368
                ],
                [
                    -0.7926298975944519,
                    0.23406623303890228,
                    -0.5629839897155762,
                    -2.269461154937744
                ],
                [
                    1.4901162970204496e-08,
                    0.923373818397522,
                    0.3839019238948822,
                    1.5475581884384155
                ],
                [
                    0.0,
                    0.0,
                    0.0,
                    1.0
                ]
            ]
        },
        {
            "file_path": "/data/shapenet_blender/all_50_random/02958343/8202d2165aaff4c05fb2da48d9c8120d/r_20",
            "rotation": 0.12566370614359174,
            "transform_matrix": [
                [
                    0.7314416766166687,
                    0.37076476216316223,
                    -0.5722993612289429,
                    -2.3070125579833984
                ],
                [
                    -0.6819040179252625,
                    0.39769938588142395,
                    -0.6138746738433838,
                    -2.4746079444885254
                ],
                [
                    1.4901161193847656e-08,
                    0.8392667770385742,
                    0.5437198877334595,
                    2.191804885864258
                ],
                [
                    0.0,
                    0.0,
                    0.0,
                    1.0
                ]
            ]
        },
        {
            "file_path": "/data/shapenet_blender/all_50_random/02958343/8202d2165aaff4c05fb2da48d9c8120d/r_21",
            "rotation": 0.12566370614359174,
            "transform_matrix": [
                [
                    0.9263592958450317,
                    0.20559298992156982,
                    -0.3155786991119385,
                    -1.2721385955810547
                ],
                [
                    -0.3766409754753113,
                    0.5056618452072144,
                    -0.7761749029159546,
                    -3.128861427307129
                ],
                [
                    0.0,
                    0.8378767967224121,
                    0.5458592772483826,
                    2.2004294395446777
                ],
                [
                    0.0,
                    0.0,
                    0.0,
                    1.0
                ]
            ]
        },
        {
            "file_path": "/data/shapenet_blender/all_50_random/02958343/8202d2165aaff4c05fb2da48d9c8120d/r_22",
            "rotation": 0.12566370614359174,
            "transform_matrix": [
                [
                    -0.066628098487854,
                    0.018650544807314873,
                    -0.9976035952568054,
                    -4.021468162536621
                ],
                [
                    -0.9977779388427734,
                    -0.0012454175157472491,
                    0.06661645323038101,
                    0.2685394883155823
                ],
                [
                    1.1641532182693481e-10,
                    0.9998252987861633,
                    0.018692078068852425,
                    0.07535016536712646
                ],
                [
                    0.0,
                    0.0,
                    0.0,
                    1.0
                ]
            ]
        },
        {
            "file_path": "/data/shapenet_blender/all_50_random/02958343/8202d2165aaff4c05fb2da48d9c8120d/r_23",
            "rotation": 0.12566370614359174,
            "transform_matrix": [
                [
                    -0.8386079668998718,
                    -0.11221245676279068,
                    -0.5330526828765869,
                    -2.148804187774658
                ],
                [
                    -0.5447356104850769,
                    0.17274850606918335,
                    0.8206223845481873,
                    3.308034658432007
                ],
                [
                    7.450581485102248e-09,
                    0.9785531163215637,
                    -0.2059943825006485,
                    -0.8303899168968201
                ],
                [
                    0.0,
                    0.0,
                    0.0,
                    1.0
                ]
            ]
        },
        {
            "file_path": "/data/shapenet_blender/all_50_random/02958343/8202d2165aaff4c05fb2da48d9c8120d/r_24",
            "rotation": 0.12566370614359174,
            "transform_matrix": [
                [
                    -0.9999298453330994,
                    -0.0006578252068720758,
                    0.011824910528957844,
                    0.047667741775512695
                ],
                [
                    0.01184319518506527,
                    -0.055540673434734344,
                    0.9983860850334167,
                    4.024623394012451
                ],
                [
                    0.0,
                    0.9984561204910278,
                    0.055544570088386536,
                    0.22390733659267426
                ],
                [
                    0.0,
                    0.0,
                    0.0,
                    1.0
                ]
            ]
        },
        {
            "file_path": "/data/shapenet_blender/all_50_random/02958343/8202d2165aaff4c05fb2da48d9c8120d/r_25",
            "rotation": 0.12566370614359174,
            "transform_matrix": [
                [
                    0.9816603064537048,
                    0.007223865482956171,
                    -0.19050152599811554,
                    -0.7679362297058105
                ],
                [
                    -0.1906384527683258,
                    0.03719807043671608,
                    -0.9809553027153015,
                    -3.954357385635376
                ],
                [
                    0.0,
                    0.9992818236351013,
                    0.03789301589131355,
                    0.1527516394853592
                ],
                [
                    0.0,
                    0.0,
                    0.0,
                    1.0
                ]
            ]
        },
        {
            "file_path": "/data/shapenet_blender/all_50_random/02958343/8202d2165aaff4c05fb2da48d9c8120d/r_26",
            "rotation": 0.12566370614359174,
            "transform_matrix": [
                [
                    0.07337410748004913,
                    0.12599223852157593,
                    0.9893140196800232,
                    3.9880523681640625
                ],
                [
                    0.9973045587539673,
                    -0.009269554167985916,
                    -0.07278622686862946,
                    -0.29341065883636475
                ],
                [
                    0.0,
                    0.9919878840446472,
                    -0.12633277475833893,
                    -0.5092636942863464
                ],
                [
                    0.0,
                    0.0,
                    0.0,
                    1.0
                ]
            ]
        },
        {
            "file_path": "/data/shapenet_blender/all_50_random/02958343/8202d2165aaff4c05fb2da48d9c8120d/r_27",
            "rotation": 0.12566370614359174,
            "transform_matrix": [
                [
                    -0.9452741742134094,
                    -0.18602605164051056,
                    -0.2680506706237793,
                    -1.0805468559265137
                ],
                [
                    -0.3262772560119629,
                    0.5389453768730164,
                    0.7765829563140869,
                    3.1305060386657715
                ],
                [
                    1.4901161193847656e-08,
                    0.8215426206588745,
                    -0.5701470971107483,
                    -2.2983365058898926
                ],
                [
                    0.0,
                    0.0,
                    0.0,
                    1.0
                ]
            ]
        },
        {
            "file_path": "/data/shapenet_blender/all_50_random/02958343/8202d2165aaff4c05fb2da48d9c8120d/r_28",
            "rotation": 0.12566370614359174,
            "transform_matrix": [
                [
                    0.40002769231796265,
                    0.08009546995162964,
                    0.9129964709281921,
                    3.6804065704345703
                ],
                [
                    0.9165031313896179,
                    -0.03495940566062927,
                    -0.3984971344470978,
                    -1.6063933372497559
                ],
                [
                    0.0,
                    0.9961739182472229,
                    -0.08739247173070908,
                    -0.3522903323173523
                ],
                [
                    0.0,
                    0.0,
                    0.0,
                    1.0
                ]
            ]
        },
        {
            "file_path": "/data/shapenet_blender/all_50_random/02958343/8202d2165aaff4c05fb2da48d9c8120d/r_29",
            "rotation": 0.12566370614359174,
            "transform_matrix": [
                [
                    0.9994500279426575,
                    -0.005905653350055218,
                    -0.032629918307065964,
                    -0.13153541088104248
                ],
                [
                    -0.03316003829240799,
                    -0.17799752950668335,
                    -0.9834721088409424,
                    -3.9645028114318848
                ],
                [
                    4.6566123179658803e-10,
                    0.9840132594108582,
                    -0.1780954748392105,
                    -0.7179258465766907
                ],
                [
                    0.0,
                    0.0,
                    0.0,
                    1.0
                ]
            ]
        },
        {
            "file_path": "/data/shapenet_blender/all_50_random/02958343/8202d2165aaff4c05fb2da48d9c8120d/r_30",
            "rotation": 0.12566370614359174,
            "transform_matrix": [
                [
                    -0.9083067774772644,
                    -0.11957275867462158,
                    -0.4008505344390869,
                    -1.6158801317214966
                ],
                [
                    -0.4183046817779541,
                    0.25964027643203735,
                    0.8704068660736084,
                    3.5087220668792725
                ],
                [
                    0.0,
                    0.9582740068435669,
                    -0.2858508825302124,
                    -1.1523017883300781
                ],
                [
                    0.0,
                    0.0,
                    0.0,
                    1.0
                ]
            ]
        },
        {
            "file_path": "/data/shapenet_blender/all_50_random/02958343/8202d2165aaff4c05fb2da48d9c8120d/r_31",
            "rotation": 0.12566370614359174,
            "transform_matrix": [
                [
                    -0.9891022443771362,
                    0.052490394562482834,
                    -0.13755540549755096,
                    -0.5545035600662231
                ],
                [
                    -0.14723017811775208,
                    -0.3526339828968048,
                    0.9241063594818115,
                    3.725191831588745
                ],
                [
                    -3.725290076417309e-09,
                    0.934287965297699,
                    0.3565192222595215,
                    1.437174916267395
                ],
                [
                    0.0,
                    0.0,
                    0.0,
                    1.0
                ]
            ]
        },
        {
            "file_path": "/data/shapenet_blender/all_50_random/02958343/8202d2165aaff4c05fb2da48d9c8120d/r_32",
            "rotation": 0.12566370614359174,
            "transform_matrix": [
                [
                    -0.7718320488929749,
                    -0.0026812611613422632,
                    0.6358208060264587,
                    2.5630757808685303
                ],
                [
                    0.635826587677002,
                    -0.0032547921873629093,
                    0.7718250751495361,
                    3.1113266944885254
                ],
                [
                    2.3283064365386963e-10,
                    0.9999911785125732,
                    0.004216969013214111,
                    0.016999147832393646
                ],
                [
                    0.0,
                    0.0,
                    0.0,
                    1.0
                ]
            ]
        },
        {
            "file_path": "/data/shapenet_blender/all_50_random/02958343/8202d2165aaff4c05fb2da48d9c8120d/r_33",
            "rotation": 0.12566370614359174,
            "transform_matrix": [
                [
                    0.4840732514858246,
                    0.8096687197685242,
                    -0.3318278193473816,
                    -1.3376407623291016
                ],
                [
                    -0.8750275373458862,
                    0.4479161202907562,
                    -0.18357019126415253,
                    -0.7399951219558716
                ],
                [
                    0.0,
                    0.37921983003616333,
                    0.9253065586090088,
                    3.730030059814453
                ],
                [
                    0.0,
                    0.0,
                    0.0,
                    1.0
                ]
            ]
        },
        {
            "file_path": "/data/shapenet_blender/all_50_random/02958343/8202d2165aaff4c05fb2da48d9c8120d/r_34",
            "rotation": 0.12566370614359174,
            "transform_matrix": [
                [
                    -0.7755218148231506,
                    0.5598295331001282,
                    0.29181617498397827,
                    1.1763486862182617
                ],
                [
                    0.6313207149505615,
                    0.6877011656761169,
                    0.3584704101085663,
                    1.4450404644012451
                ],
                [
                    0.0,
                    0.46223121881484985,
                    -0.8867594003677368,
                    -3.574641466140747
                ],
                [
                    0.0,
                    0.0,
                    0.0,
                    1.0
                ]
            ]
        },
        {
            "file_path": "/data/shapenet_blender/all_50_random/02958343/8202d2165aaff4c05fb2da48d9c8120d/r_35",
            "rotation": 0.12566370614359174,
            "transform_matrix": [
                [
                    0.8996660709381104,
                    0.18819108605384827,
                    0.3939353823661804,
                    1.5880043506622314
                ],
                [
                    0.4365787208080292,
                    -0.3878089487552643,
                    -0.8117901086807251,
                    -3.272430658340454
                ],
                [
                    0.0,
                    0.902323842048645,
                    -0.431058794260025,
                    -1.7376536130905151
                ],
                [
                    0.0,
                    0.0,
                    0.0,
                    1.0
                ]
            ]
        },
        {
            "file_path": "/data/shapenet_blender/all_50_random/02958343/8202d2165aaff4c05fb2da48d9c8120d/r_36",
            "rotation": 0.12566370614359174,
            "transform_matrix": [
                [
                    0.9999430179595947,
                    0.0014853826723992825,
                    0.010572291910648346,
                    0.0426182746887207
                ],
                [
                    0.010676129721105099,
                    -0.13912326097488403,
                    -0.9902174472808838,
                    -3.991694450378418
                ],
                [
                    -1.1641533570472262e-10,
                    0.9902738928794861,
                    -0.13913118839263916,
                    -0.5608558058738708
                ],
                [
                    0.0,
                    0.0,
                    0.0,
                    1.0
                ]
            ]
        },
        {
            "file_path": "/data/shapenet_blender/all_50_random/02958343/8202d2165aaff4c05fb2da48d9c8120d/r_37",
            "rotation": 0.12566370614359174,
            "transform_matrix": [
                [
                    0.21930855512619019,
                    0.0036669629625976086,
                    0.9756487011909485,
                    3.9329652786254883
                ],
                [
                    0.9756555557250977,
                    -0.0008242625626735389,
                    -0.21930702030658722,
                    -0.8840547800064087
                ],
                [
                    0.0,
                    0.9999930262565613,
                    -0.0037584605161100626,
                    -0.01515083760023117
                ],
                [
                    0.0,
                    0.0,
                    0.0,
                    1.0
                ]
            ]
        },
        {
            "file_path": "/data/shapenet_blender/all_50_random/02958343/8202d2165aaff4c05fb2da48d9c8120d/r_38",
            "rotation": 0.12566370614359174,
            "transform_matrix": [
                [
                    -0.9019073843955994,
                    -0.03563232347369194,
                    -0.43045729398727417,
                    -1.7352288961410522
                ],
                [
                    -0.4319295883178711,
                    0.07440346479415894,
                    0.898833155632019,
                    3.62331223487854
                ],
                [
                    0.0,
                    0.9965913891792297,
                    -0.08249568194150925,
                    -0.3325507342815399
                ],
                [
                    0.0,
                    0.0,
                    0.0,
                    1.0
                ]
            ]
        },
        {
            "file_path": "/data/shapenet_blender/all_50_random/02958343/8202d2165aaff4c05fb2da48d9c8120d/r_39",
            "rotation": 0.12566370614359174,
            "transform_matrix": [
                [
                    -0.1964399665594101,
                    -0.36558467149734497,
                    -0.9098127484321594,
                    -3.667572498321533
                ],
                [
                    -0.9805159568786621,
                    0.07324249297380447,
                    0.18227502703666687,
                    0.734774112701416
                ],
                [
                    0.0,
                    0.9278918504714966,
                    -0.37284931540489197,
                    -1.503003716468811
                ],
                [
                    0.0,
                    0.0,
                    0.0,
                    1.0
                ]
            ]
        },
        {
            "file_path": "/data/shapenet_blender/all_50_random/02958343/8202d2165aaff4c05fb2da48d9c8120d/r_40",
            "rotation": 0.12566370614359174,
            "transform_matrix": [
                [
                    -0.9853414297103882,
                    0.06474518775939941,
                    0.15783008933067322,
                    0.6362334489822388
                ],
                [
                    0.17059390246868134,
                    0.3739648163318634,
                    0.9116183519363403,
                    3.674851179122925
                ],
                [
                    0.0,
                    0.925180196762085,
                    -0.37952813506126404,
                    -1.5299268960952759
                ],
                [
                    0.0,
                    0.0,
                    0.0,
                    1.0
                ]
            ]
        },
        {
            "file_path": "/data/shapenet_blender/all_50_random/02958343/8202d2165aaff4c05fb2da48d9c8120d/r_41",
            "rotation": 0.12566370614359174,
            "transform_matrix": [
                [
                    -0.13245396316051483,
                    -0.010352831333875656,
                    -0.9911351799964905,
                    -3.9953932762145996
                ],
                [
                    -0.9911891222000122,
                    0.001383463037200272,
                    0.132446750998497,
                    0.5339098572731018
