{
    "class": "02958343",
    "model": "e999dfb757ddca4830e7f6cd6fb3f1b9",
    "remove_doubles": true,
    "edge_split": true,
    "denoise": true,
    "camera_angle_x": 0.6911112070083618,
    "scale_factor": 2.270864167268372,
    "hdri_file": "/data/IndoorHDRDataset2018/AG8A5080-595609bea4.exr",
    "center_offset": [
        0.0,
        0.0,
        -1.862645149230957e-09
    ],
    "lights": [],
    "frames": [
        {
            "file_path": "/data/shapenet_blender/all_50_random/02958343/e999dfb757ddca4830e7f6cd6fb3f1b9/r_0",
            "rotation": 0.12566370614359174,
            "transform_matrix": [
                [
                    0.5452278852462769,
                    -0.06790314614772797,
                    0.8355330228805542,
                    3.3681416511535645
                ],
                [
                    0.8382877707481384,
                    0.044164661318063736,
                    -0.5434362292289734,
                    -2.190661668777466
                ],
                [
                    0.0,
                    0.9967138767242432,
                    0.08100218325853348,
                    0.3265302777290344
                ],
                [
                    0.0,
                    0.0,
                    0.0,
                    1.0
                ]
            ]
        },
        {
            "file_path": "/data/shapenet_blender/all_50_random/02958343/e999dfb757ddca4830e7f6cd6fb3f1b9/r_1",
            "rotation": 0.12566370614359174,
            "transform_matrix": [
                [
                    -0.7542963624000549,
                    -0.09309527277946472,
                    0.6499000787734985,
                    2.6198313236236572
                ],
                [
                    0.6565340161323547,
                    -0.1069578006863594,
                    0.746674656867981,
                    3.009942054748535
                ],
                [
                    7.450580152834618e-09,
                    0.9898955821990967,
                    0.14179809391498566,
                    0.571606457233429
                ],
                [
                    0.0,
                    0.0,
                    0.0,
                    1.0
                ]
            ]
        },
        {
            "file_path": "/data/shapenet_blender/all_50_random/02958343/e999dfb757ddca4830e7f6cd6fb3f1b9/r_2",
            "rotation": 0.12566370614359174,
            "transform_matrix": [
                [
                    -0.6019605994224548,
                    -0.36871281266212463,
                    -0.7083039283752441,
                    -2.855264186859131
                ],
                [
                    -0.798525869846344,
                    0.27795037627220154,
                    0.5339476466178894,
                    2.152411460876465
                ],
                [
                    1.4901159417490817e-08,
                    0.8870143890380859,
                    -0.46174195408821106,
                    -1.861341118812561
                ],
                [
                    0.0,
                    0.0,
                    0.0,
                    1.0
                ]
            ]
        },
        {
            "file_path": "/data/shapenet_blender/all_50_random/02958343/e999dfb757ddca4830e7f6cd6fb3f1b9/r_3",
            "rotation": 0.12566370614359174,
            "transform_matrix": [
                [
                    0.8040297031402588,
                    0.4434775114059448,
                    0.3960604965686798,
                    1.5965709686279297
                ],
                [
                    0.594589114189148,
                    -0.5996898412704468,
                    -0.535570502281189,
                    -2.1589536666870117
                ],
                [
                    0.0,
                    0.6661077737808228,
                    -0.745855450630188,
                    -3.0066394805908203
                ],
                [
                    0.0,
                    0.0,
                    0.0,
                    1.0
                ]
            ]
        },
        {
            "file_path": "/data/shapenet_blender/all_50_random/02958343/e999dfb757ddca4830e7f6cd6fb3f1b9/r_4",
            "rotation": 0.12566370614359174,
            "transform_matrix": [
                [
                    0.366481214761734,
                    0.2889324724674225,
                    0.8844261169433594,
                    3.5652356147766113
                ],
                [
                    0.9304253458976746,
                    -0.11380635201931,
                    -0.3483627736568451,
                    -1.4042952060699463
                ],
                [
                    -7.4505792646561986e-09,
                    0.950560986995697,
                    -0.31053799390792847,
                    -1.2518186569213867
                ],
                [
                    0.0,
                    0.0,
                    0.0,
                    1.0
                ]
            ]
        },
        {
            "file_path": "/data/shapenet_blender/all_50_random/02958343/e999dfb757ddca4830e7f6cd6fb3f1b9/r_5",
            "rotation": 0.12566370614359174,
            "transform_matrix": [
                [
                    -0.9480556845664978,
                    -0.20452678203582764,
                    0.2436373084783554,
                    0.9821333885192871
                ],
                [
                    0.31810426712036133,
                    -0.6095572710037231,
                    0.7261195778846741,
                    2.92708158493042
                ],
                [
                    -1.4901160305669237e-08,
                    0.7659037709236145,
                    0.6429551243782043,
                    2.5918350219726562
                ],
                [
                    0.0,
                    0.0,
                    0.0,
                    1.0
                ]
            ]
        },
        {
            "file_path": "/data/shapenet_blender/all_50_random/02958343/e999dfb757ddca4830e7f6cd6fb3f1b9/r_6",
            "rotation": 0.12566370614359174,
            "transform_matrix": [
                [
                    0.3929958939552307,
                    0.10304069519042969,
                    -0.9137487411499023,
                    -3.683439016342163
                ],
                [
                    -0.9195402264595032,
                    0.044037848711013794,
                    -0.39052075147628784,
                    -1.5742394924163818
                ],
                [
                    -3.725290298461914e-09,
                    0.9937018156051636,
                    0.11205675452947617,
                    0.45171523094177246
                ],
                [
                    0.0,
                    0.0,
                    0.0,
                    1.0
                ]
            ]
        },
        {
            "file_path": "/data/shapenet_blender/all_50_random/02958343/e999dfb757ddca4830e7f6cd6fb3f1b9/r_7",
            "rotation": 0.12566370614359174,
            "transform_matrix": [
                [
                    0.5110279321670532,
                    0.4934472441673279,
                    0.7038183212280273,
                    2.8371822834014893
                ],
                [
                    0.8595641255378723,
                    -0.29336416721343994,
                    -0.4184339642524719,
                    -1.6867612600326538
                ],
                [
                    0.0,
                    0.818808376789093,
                    -0.5740668773651123,
                    -2.3141376972198486
                ],
                [
                    0.0,
                    0.0,
                    0.0,
                    1.0
                ]
            ]
        },
        {
            "file_path": "/data/shapenet_blender/all_50_random/02958343/e999dfb757ddca4830e7f6cd6fb3f1b9/r_8",
            "rotation": 0.12566370614359174,
            "transform_matrix": [
                [
                    0.7368918061256409,
                    -0.19520016014575958,
                    0.6472150087356567,
                    2.6090071201324463
                ],
                [
                    0.6760105490684509,
                    0.21277980506420135,
                    -0.7055029273033142,
                    -2.843973159790039
                ],
                [
                    0.0,
                    0.9574036002159119,
                    0.28875309228897095,
                    1.1640009880065918
                ],
                [
                    0.0,
                    0.0,
                    0.0,
                    1.0
                ]
            ]
        },
        {
            "file_path": "/data/shapenet_blender/all_50_random/02958343/e999dfb757ddca4830e7f6cd6fb3f1b9/r_9",
            "rotation": 0.12566370614359174,
            "transform_matrix": [
                [
                    0.8510738015174866,
                    0.020770035684108734,
                    0.5246351361274719,
                    2.1148719787597656
                ],
                [
                    0.525046169757843,
                    -0.033667195588350296,
                    -0.850407600402832,
                    -3.428102493286133
                ],
                [
                    0.0,
                    0.99921715259552,
                    -0.039558496326208115,
                    -0.15946540236473083
                ],
                [
                    0.0,
                    0.0,
                    0.0,
                    1.0
                ]
            ]
        },
        {
            "file_path": "/data/shapenet_blender/all_50_random/02958343/e999dfb757ddca4830e7f6cd6fb3f1b9/r_10",
            "rotation": 0.12566370614359174,
            "transform_matrix": [
                [
                    0.5781805515289307,
                    0.022665992379188538,
                    0.815593957901001,
                    3.287764310836792
                ],
                [
                    0.8159088492393494,
                    -0.01606188714504242,
                    -0.5779573917388916,
                    -2.3298208713531494
                ],
                [
                    0.0,
                    0.9996140599250793,
                    -0.02778005413711071,
                    -0.111984983086586
                ],
                [
                    0.0,
                    0.0,
                    0.0,
                    1.0
                ]
            ]
        },
        {
            "file_path": "/data/shapenet_blender/all_50_random/02958343/e999dfb757ddca4830e7f6cd6fb3f1b9/r_11",
            "rotation": 0.12566370614359174,
            "transform_matrix": [
                [
                    0.12248243391513824,
                    0.2872028350830078,
                    -0.9500066041946411,
                    -3.829599142074585
                ],
                [
                    -0.9924707412719727,
                    0.035444170236587524,
                    -0.11724186688661575,
                    -0.47261708974838257
                ],
                [
                    0.0,
                    0.9572136998176575,
                    0.2893817126750946,
                    1.1665350198745728
                ],
                [
                    0.0,
                    0.0,
                    0.0,
                    1.0
                ]
            ]
        },
        {
            "file_path": "/data/shapenet_blender/all_50_random/02958343/e999dfb757ddca4830e7f6cd6fb3f1b9/r_12",
            "rotation": 0.12566370614359174,
            "transform_matrix": [
                [
                    -0.9796336889266968,
                    -0.0019623262342065573,
                    0.20078320801258087,
                    0.8093830347061157
                ],
                [
                    0.2007928043603897,
                    -0.009573852643370628,
                    0.9795868396759033,
                    3.948841094970703
                ],
                [
                    -2.3283062977608182e-10,
                    0.9999522566795349,
                    0.009772889316082,
                    0.0393957793712616
                ],
                [
                    0.0,
                    0.0,
                    0.0,
                    1.0
                ]
            ]
        },
        {
            "file_path": "/data/shapenet_blender/all_50_random/02958343/e999dfb757ddca4830e7f6cd6fb3f1b9/r_13",
            "rotation": 0.12566370614359174,
            "transform_matrix": [
                [
                    0.7892144918441772,
                    -0.10332360863685608,
                    -0.6053631901741028,
                    -2.4402971267700195
                ],
                [
                    -0.6141175031661987,
                    -0.1327832043170929,
                    -0.777964174747467,
                    -3.1360738277435303
                ],
                [
                    0.0,
                    0.9857447743415833,
                    -0.1682472825050354,
                    -0.6782264709472656
                ],
                [
                    0.0,
                    0.0,
                    0.0,
                    1.0
                ]
            ]
        },
        {
            "file_path": "/data/shapenet_blender/all_50_random/02958343/e999dfb757ddca4830e7f6cd6fb3f1b9/r_14",
            "rotation": 0.12566370614359174,
            "transform_matrix": [
                [
                    -0.9812082052230835,
                    -0.136996790766716,
                    -0.13587625324726105,
                    -0.5477346777915955
                ],
                [
                    -0.1929520070552826,
                    0.6966622471809387,
                    0.6909640431404114,
                    2.785365104675293
                ],
                [
                    0.0,
                    0.704197108745575,
                    -0.7100045084953308,
                    -2.862119674682617
                ],
                [
                    0.0,
                    0.0,
                    0.0,
                    1.0
                ]
            ]
        },
        {
            "file_path": "/data/shapenet_blender/all_50_random/02958343/e999dfb757ddca4830e7f6cd6fb3f1b9/r_15",
            "rotation": 0.12566370614359174,
            "transform_matrix": [
                [
                    -0.9996789693832397,
                    -0.011564511805772781,
                    0.02254592999815941,
                    0.09088554978370667
                ],
                [
                    0.02533884532749653,
                    -0.45624807476997375,
                    0.8894917368888855,
                    3.585655927658081
                ],
                [
                    -9.31322685637781e-10,
                    0.889777421951294,
                    0.45639467239379883,
                    1.8397858142852783
                ],
                [
                    0.0,
                    0.0,
                    0.0,
                    1.0
                ]
            ]
        },
        {
            "file_path": "/data/shapenet_blender/all_50_random/02958343/e999dfb757ddca4830e7f6cd6fb3f1b9/r_16",
            "rotation": 0.12566370614359174,
            "transform_matrix": [
                [
                    0.4841960072517395,
                    0.013762807473540306,
                    0.8748512864112854,
                    3.5266382694244385
                ],
                [
                    0.8749595284461975,
                    -0.007616234477609396,
                    -0.48413610458374023,
                    -1.9516150951385498
                ],
                [
                    4.656612873077393e-10,
                    0.9998762607574463,
                    -0.015729648992419243,
                    -0.06340824067592621
                ],
                [
                    0.0,
                    0.0,
                    0.0,
                    1.0
                ]
            ]
        },
        {
            "file_path": "/data/shapenet_blender/all_50_random/02958343/e999dfb757ddca4830e7f6cd6fb3f1b9/r_17",
            "rotation": 0.12566370614359174,
            "transform_matrix": [
                [
                    0.29920652508735657,
                    0.7810905575752258,
                    0.548062801361084,
                    2.2093117237091064
                ],
                [
                    0.954188346862793,
                    -0.24492795765399933,
                    -0.17185702919960022,
                    -0.6927778720855713
                ],
                [
                    -1.4901160305669237e-08,
                    0.5743759274482727,
                    -0.8185916543006897,
                    -3.2998485565185547
                ],
                [
                    0.0,
                    0.0,
                    0.0,
                    1.0
                ]
            ]
        },
        {
            "file_path": "/data/shapenet_blender/all_50_random/02958343/e999dfb757ddca4830e7f6cd6fb3f1b9/r_18",
            "rotation": 0.12566370614359174,
            "transform_matrix": [
                [
                    0.1968322992324829,
                    -0.945597231388092,
                    0.25904208421707153,
                    1.0442320108413696
                ],
                [
                    0.980437159538269,
                    0.18983782827854156,
                    -0.052005212754011154,
                    -0.20963971316814423
                ],
                [
                    0.0,
                    0.2642107903957367,
                    0.9644649028778076,
                    3.8878824710845947
                ],
                [
                    0.0,
                    0.0,
                    0.0,
                    1.0
                ]
            ]
        },
        {
            "file_path": "/data/shapenet_blender/all_50_random/02958343/e999dfb757ddca4830e7f6cd6fb3f1b9/r_19",
            "rotation": 0.12566370614359174,
            "transform_matrix": [
                [
                    0.6893762350082397,
                    0.12439713627099991,
                    -0.7136426568031311,
                    -2.8767855167388916
                ],
                [
                    -0.7244035601615906,
                    0.11838211119174957,
                    -0.6791356205940247,
                    -2.7376832962036133
                ],
                [
                    -7.450581485102248e-09,
                    0.9851451516151428,
                    0.17172354459762573,
                    0.6922397613525391
                ],
                [
                    0.0,
                    0.0,
                    0.0,
                    1.0
                ]
            ]
        },
        {
            "file_path": "/data/shapenet_blender/all_50_random/02958343/e999dfb757ddca4830e7f6cd6fb3f1b9/r_20",
            "rotation": 0.12566370614359174,
            "transform_matrix": [
                [
                    0.8110556602478027,
                    0.31638848781585693,
                    0.4920232892036438,
                    1.9834094047546387
                ],
                [
                    0.5849688649177551,
                    -0.43867066502571106,
                    -0.6821871995925903,
                    -2.7499847412109375
                ],
                [
                    0.0,
                    0.8411102294921875,
                    -0.5408636927604675,
                    -2.1802914142608643
                ],
                [
                    0.0,
                    0.0,
                    0.0,
                    1.0
                ]
            ]
        },
        {
            "file_path": "/data/shapenet_blender/all_50_random/02958343/e999dfb757ddca4830e7f6cd6fb3f1b9/r_21",
            "rotation": 0.12566370614359174,
            "transform_matrix": [
                [
                    -0.999773383140564,
                    -0.01367710530757904,
                    0.01631331630051136,
                    0.06576108932495117
                ],
                [
                    0.021288201212882996,
                    -0.6423279047012329,
                    0.7661342024803162,
                    3.088386058807373
                ],
                [
                    0.0,
                    0.7663080096244812,
                    0.6424733400344849,
                    2.589893102645874
                ],
                [
                    0.0,
                    0.0,
                    0.0,
                    1.0
                ]
            ]
        },
        {
            "file_path": "/data/shapenet_blender/all_50_random/02958343/e999dfb757ddca4830e7f6cd6fb3f1b9/r_22",
            "rotation": 0.12566370614359174,
            "transform_matrix": [
                [
                    -0.8613370656967163,
                    0.06352686136960983,
                    -0.5040463209152222,
                    -2.0318756103515625
                ],
                [
                    -0.5080337524414062,
                    -0.1077055111527443,
                    0.854576587677002,
                    3.444908380508423
                ],
                [
                    3.725290076417309e-09,
                    0.992151141166687,
                    0.1250445395708084,
                    0.5040706396102905
                ],
                [
                    0.0,
                    0.0,
                    0.0,
                    1.0
                ]
            ]
        },
        {
            "file_path": "/data/shapenet_blender/all_50_random/02958343/e999dfb757ddca4830e7f6cd6fb3f1b9/r_23",
            "rotation": 0.12566370614359174,
            "transform_matrix": [
                [
                    0.9908418655395508,
                    0.006908711977303028,
                    0.13485100865364075,
                    0.5436017513275146
                ],
                [
                    0.13502787053585052,
                    -0.05069650709629059,
                    -0.9895440936088562,
                    -3.9889793395996094
                ],
                [
                    0.0,
                    0.9986901879310608,
                    -0.05116508901119232,
                    -0.2062530517578125
                ],
                [
                    0.0,
                    0.0,
                    0.0,
                    1.0
                ]
            ]
        },
        {
            "file_path": "/data/shapenet_blender/all_50_random/02958343/e999dfb757ddca4830e7f6cd6fb3f1b9/r_24",
            "rotation": 0.12566370614359174,
            "transform_matrix": [
                [
                    0.7299771308898926,
                    -0.07782769948244095,
                    -0.6790258884429932,
                    -2.737240791320801
                ],
                [
                    -0.6834715008735657,
                    -0.0831233486533165,
                    -0.725229024887085,
                    -2.9234917163848877
                ],
                [
                    3.725290076417309e-09,
                    0.993495523929596,
                    -0.11387117952108383,
                    -0.4590294063091278
                ],
                [
                    0.0,
                    0.0,
                    0.0,
                    1.0
                ]
            ]
        },
        {
            "file_path": "/data/shapenet_blender/all_50_random/02958343/e999dfb757ddca4830e7f6cd6fb3f1b9/r_25",
            "rotation": 0.12566370614359174,
            "transform_matrix": [
                [
                    0.9696027040481567,
                    0.04543711990118027,
                    0.24042890965938568,
                    0.9691999554634094
                ],
                [
                    0.24468468129634857,
                    -0.18005195260047913,
                    -0.9527384638786316,
                    -3.840611696243286
                ],
                [
                    3.725290298461914e-09,
                    0.9826071858406067,
                    -0.18569661676883698,
                    -0.7485669851303101
                ],
                [
                    0.0,
                    0.0,
                    0.0,
                    1.0
                ]
            ]
        },
        {
            "file_path": "/data/shapenet_blender/all_50_random/02958343/e999dfb757ddca4830e7f6cd6fb3f1b9/r_26",
            "rotation": 0.12566370614359174,
            "transform_matrix": [
                [
                    0.9996052980422974,
                    -0.024384913966059685,
                    -0.013957369141280651,
                    -0.05626395344734192
                ],
                [
                    -0.028096839785575867,
                    -0.8675455451011658,
                    -0.4965633451938629,
                    -2.001710891723633
                ],
                [
                    9.31322685637781e-10,
                    0.49675944447517395,
                    -0.8678882718086243,
                    -3.4985694885253906
                ],
                [
                    0.0,
                    0.0,
                    0.0,
                    1.0
                ]
            ]
        },
        {
            "file_path": "/data/shapenet_blender/all_50_random/02958343/e999dfb757ddca4830e7f6cd6fb3f1b9/r_27",
            "rotation": 0.12566370614359174,
            "transform_matrix": [
                [
                    0.1357998549938202,
                    0.3531422019004822,
                    0.9256613254547119,
                    3.7314603328704834
                ],
                [
                    0.9907363653182983,
                    -0.04840506613254547,
                    -0.12688003480434418,
                    -0.511469841003418
                ],
                [
                    0.0,
                    0.9343165755271912,
                    -0.35644418001174927,
                    -1.4368726015090942
                ],
                [
                    0.0,
                    0.0,
                    0.0,
                    1.0
                ]
            ]
        },
        {
            "file_path": "/data/shapenet_blender/all_50_random/02958343/e999dfb757ddca4830e7f6cd6fb3f1b9/r_28",
            "rotation": 0.12566370614359174,
            "transform_matrix": [
                [
                    -0.4765854477882385,
                    -0.21139460802078247,
                    -0.8533338308334351,
                    -3.439898729324341
                ],
                [
                    -0.879128098487854,
                    0.11459944397211075,
                    0.46260204911231995,
                    1.8648085594177246
                ],
                [
                    7.450580152834618e-09,
                    0.9706591963768005,
                    -0.2404593825340271,
                    -0.9693228006362915
                ],
                [
                    0.0,
                    0.0,
                    0.0,
                    1.0
                ]
            ]
        },
        {
            "file_path": "/data/shapenet_blender/all_50_random/02958343/e999dfb757ddca4830e7f6cd6fb3f1b9/r_29",
            "rotation": 0.12566370614359174,
            "transform_matrix": [
                [
                    -0.9994642734527588,
                    -0.0006556693115271628,
                    -0.03272256255149841,
                    -0.1319088637828827
                ],
                [
                    -0.0327291339635849,
                    0.020022468641400337,
                    0.9992636442184448,
                    4.028160572052002
                ],
                [
                    0.0,
                    0.999799370765686,
                    -0.020033199340105057,
                    -0.08075641095638275
                ],
                [
                    0.0,
                    0.0,
                    0.0,
                    1.0
                ]
            ]
        },
        {
            "file_path": "/data/shapenet_blender/all_50_random/02958343/e999dfb757ddca4830e7f6cd6fb3f1b9/r_30",
            "rotation": 0.12566370614359174,
            "transform_matrix": [
                [
                    -0.2847658395767212,
                    0.669252336025238,
                    -0.6863014698028564,
                    -2.7665698528289795
                ],
                [
                    -0.9585971832275391,
                    -0.19881156086921692,
                    0.20387627184391022,
                    0.8218516111373901
                ],
                [
                    1.4901161193847656e-08,
                    0.7159435749053955,
                    0.6981580853462219,
                    2.8143653869628906
                ],
                [
                    0.0,
                    0.0,
                    0.0,
                    1.0
                ]
            ]
        },
        {
            "file_path": "/data/shapenet_blender/all_50_random/02958343/e999dfb757ddca4830e7f6cd6fb3f1b9/r_31",
            "rotation": 0.12566370614359174,
            "transform_matrix": [
                [
                    -0.27168282866477966,
                    0.3469897210597992,
                    -0.8976562023162842,
                    -3.61856746673584
                ],
                [
                    -0.9623868465423584,
                    -0.09795556962490082,
                    0.25340932607650757,
                    1.021525502204895
                ],
                [
                    7.450580152834618e-09,
                    0.9327394366264343,
                    0.36055123805999756,
                    1.4534283876419067
                ],
                [
                    0.0,
                    0.0,
                    0.0,
                    1.0
                ]
            ]
        },
        {
            "file_path": "/data/shapenet_blender/all_50_random/02958343/e999dfb757ddca4830e7f6cd6fb3f1b9/r_32",
            "rotation": 0.12566370614359174,
            "transform_matrix": [
                [
                    -0.43866315484046936,
                    -0.006766801699995995,
                    0.8986261487007141,
                    3.6224775314331055
                ],
                [
                    0.8986515402793884,
                    -0.0033031117636710405,
                    0.4386507570743561,
                    1.76825749874115
                ],
                [
                    0.0,
                    0.9999716877937317,
                    0.007529951632022858,
                    0.030354201793670654
                ],
                [
                    0.0,
                    0.0,
                    0.0,
                    1.0
                ]
            ]
        },
        {
            "file_path": "/data/shapenet_blender/all_50_random/02958343/e999dfb757ddca4830e7f6cd6fb3f1b9/r_33",
            "rotation": 0.12566370614359174,
            "transform_matrix": [
                [
                    0.5991186499595642,
                    -0.7279040813446045,
                    -0.33348533511161804,
                    -1.3443224430084229
                ],
                [
                    -0.8006601929664612,
                    -0.544676661491394,
                    -0.24954068660736084,
                    -1.0059306621551514
                ],
                [
                    0.0,
                    0.4165129065513611,
                    -0.909129798412323,
                    -3.6648194789886475
                ],
                [
                    0.0,
                    0.0,
                    0.0,
                    1.0
                ]
            ]
        },
        {
            "file_path": "/data/shapenet_blender/all_50_random/02958343/e999dfb757ddca4830e7f6cd6fb3f1b9/r_34",
            "rotation": 0.12566370614359174,
            "transform_matrix": [
                [
                    0.605963408946991,
                    0.7144575715065002,
                    0.34979793429374695,
                    1.4100806713104248
                ],
                [
                    0.7954924702644348,
                    -0.544235348701477,
                    -0.2664572596549988,
                    -1.074123740196228
                ],
                [
                    0.0,
                    0.43972504138946533,
                    -0.8981323838233948,
                    -3.620487689971924
                ],
                [
                    0.0,
                    0.0,
                    0.0,
                    1.0
                ]
            ]
        },
        {
            "file_path": "/data/shapenet_blender/all_50_random/02958343/e999dfb757ddca4830e7f6cd6fb3f1b9/r_35",
            "rotation": 0.12566370614359174,
            "transform_matrix": [
                [
                    0.19702424108982086,
                    -0.21382977068424225,
                    -0.9567959308624268,
                    -3.8569672107696533
                ],
                [
                    -0.9803986549377441,
                    -0.04297195374965668,
                    -0.19228094816207886,
                    -0.7751091718673706
                ],
                [
                    0.0,
                    0.9759251475334167,
                    -0.2181049883365631,
                    -0.8792092204093933
                ],
                [
                    0.0,
                    0.0,
                    0.0,
                    1.0
                ]
            ]
        },
        {
            "file_path": "/data/shapenet_blender/all_50_random/02958343/e999dfb757ddca4830e7f6cd6fb3f1b9/r_36",
            "rotation": 0.12566370614359174,
            "transform_matrix": [
                [
                    -0.6801870465278625,
                    -0.1340443193912506,
                    -0.7206785678863525,
                    -2.9051482677459717
                ],
                [
                    -0.7330384850502014,
                    0.12437983602285385,
                    0.6687182784080505,
                    2.6956896781921387
                ],
                [
                    0.0,
                    0.9831387400627136,
                    -0.18286120891571045,
                    -0.7371371388435364
                ],
                [
                    0.0,
                    0.0,
                    0.0,
                    1.0
                ]
            ]
        },
        {
            "file_path": "/data/shapenet_blender/all_50_random/02958343/e999dfb757ddca4830e7f6cd6fb3f1b9/r_37",
            "rotation": 0.12566370614359174,
            "transform_matrix": [
                [
                    0.5565254092216492,
                    0.09963496774435043,
                    0.8248347043991089,
                    3.325015068054199
                ],
                [
                    0.8308305740356445,
                    -0.06673971563577652,
                    -0.5525091290473938,
                    -2.2272355556488037
                ],
                [
                    3.725290298461914e-09,
                    0.9927833080291748,
                    -0.11992211639881134,
                    -0.4834215044975281
                ],
                [
                    0.0,
                    0.0,
                    0.0,
                    1.0
                ]
            ]
        },
        {
            "file_path": "/data/shapenet_blender/all_50_random/02958343/e999dfb757ddca4830e7f6cd6fb3f1b9/r_38",
            "rotation": 0.12566370614359174,
            "transform_matrix": [
                [
                    -0.630519449710846,
                    0.30884411931037903,
                    -0.7120818495750427,
                    -2.8704936504364014
                ],
                [
                    -0.7761735916137695,
                    -0.2508874833583832,
                    0.5784550309181213,
                    2.33182692527771
                ],
                [
                    1.4901162970204496e-08,
                    0.9174261689186096,
                    0.39790603518486023,
                    1.6040105819702148
                ],
                [
                    0.0,
                    0.0,
                    0.0,
                    1.0
                ]
            ]
        },
        {
            "file_path": "/data/shapenet_blender/all_50_random/02958343/e999dfb757ddca4830e7f6cd6fb3f1b9/r_39",
            "rotation": 0.12566370614359174,
            "transform_matrix": [
                [
                    -0.4921853840351105,
                    0.2674562633037567,
                    -0.8283843994140625,
                    -3.3393242359161377
                ],
                [
                    -0.8704904913902283,
                    -0.15122286975383759,
                    0.46837812662124634,
                    1.8880926370620728
                ],
                [
                    0.0,
                    0.9516294002532959,
                    0.3072478473186493,
                    1.238555669784546
                ],
                [
                    0.0,
                    0.0,
                    0.0,
                    1.0
                ]
            ]
        },
        {
            "file_path": "/data/shapenet_blender/all_50_random/02958343/e999dfb757ddca4830e7f6cd6fb3f1b9/r_40",
            "rotation": 0.12566370614359174,
            "transform_matrix": [
                [
                    0.9482645392417908,
                    -0.3009874224662781,
                    -0.10100015997886658,
                    -0.4071446657180786
                ],
                [
                    -0.3174814283847809,
                    -0.8989996314048767,
                    -0.30167073011398315,
                    -1.2160736322402954
                ],
                [
                    -7.450580596923828e-09,
                    0.31812921166419983,
                    -0.9480472803115845,
                    -3.8217008113861084
                ],
                [
                    0.0,
                    0.0,
                    0.0,
                    1.0
                ]
            ]
        },
        {
            "file_path": "/data/shapenet_blender/all_50_random/02958343/e999dfb757ddca4830e7f6cd6fb3f1b9/r_41",
            "rotation": 0.12566370614359174,
            "transform_matrix": [
                [
                    0.8040269017219543,
                    -0.5032681822776794,
                    0.31664150953292847,
                    1.2764227390289307
                ],
                [
                    0.5945929288864136,
                    0.6805347800254822,
                    -0.42817243933677673,
                    -1.7260183095932007
                ],
                [
