{
    "class": "02958343",
    "model": "48f5446e6ac9c1b51f1446551412bde4",
    "remove_doubles": true,
    "edge_split": true,
    "denoise": true,
    "camera_angle_x": 0.6911112070083618,
    "scale_factor": 2.1927588915738014,
    "hdri_file": "/data/IndoorHDRDataset2018/9C4A2537-490a013587.exr",
    "center_offset": [
        0.0,
        -3.725290298461914e-09,
        0.0
    ],
    "lights": [],
    "frames": [
        {
            "file_path": "/data/shapenet_blender/all_50_random/02958343/48f5446e6ac9c1b51f1446551412bde4/r_0",
            "rotation": 0.12566370614359174,
            "transform_matrix": [
                [
                    0.9963681697845459,
                    0.011503074318170547,
                    0.08436932414770126,
                    0.3401036262512207
                ],
                [
                    0.08514989167451859,
                    -0.134601429104805,
                    -0.9872344732284546,
                    -3.9796693325042725
                ],
                [
                    9.313225746154785e-10,
                    0.9908329844474792,
                    -0.13509204983711243,
                    -0.5445734858512878
                ],
                [
                    0.0,
                    0.0,
                    0.0,
                    1.0
                ]
            ]
        },
        {
            "file_path": "/data/shapenet_blender/all_50_random/02958343/48f5446e6ac9c1b51f1446551412bde4/r_1",
            "rotation": 0.12566370614359174,
            "transform_matrix": [
                [
                    0.4009901285171509,
                    -0.741544246673584,
                    0.5378837585449219,
                    2.168278932571411
                ],
                [
                    0.9160823822021484,
                    0.324590802192688,
                    -0.23544397950172424,
                    -0.9491050839424133
                ],
                [
                    0.0,
                    0.5871565341949463,
                    0.8094733357429504,
                    3.263091564178467
                ],
                [
                    0.0,
                    0.0,
                    0.0,
                    1.0
                ]
            ]
        },
        {
            "file_path": "/data/shapenet_blender/all_50_random/02958343/48f5446e6ac9c1b51f1446551412bde4/r_2",
            "rotation": 0.12566370614359174,
            "transform_matrix": [
                [
                    -0.2409905344247818,
                    -0.3196831941604614,
                    -0.9163657426834106,
                    -3.693988561630249
                ],
                [
                    -0.9705274701118469,
                    0.07938016206026077,
                    0.2275417000055313,
                    0.9172499179840088
                ],
                [
                    7.450580596923828e-09,
                    0.9441934823989868,
                    -0.329391211271286,
                    -1.3278183937072754
                ],
                [
                    0.0,
                    0.0,
                    0.0,
                    1.0
                ]
            ]
        },
        {
            "file_path": "/data/shapenet_blender/all_50_random/02958343/48f5446e6ac9c1b51f1446551412bde4/r_3",
            "rotation": 0.12566370614359174,
            "transform_matrix": [
                [
                    0.6804537177085876,
                    -0.33983591198921204,
                    -0.6492258310317993,
                    -2.6171133518218994
                ],
                [
                    -0.7327910661697388,
                    -0.3155641555786133,
                    -0.6028568744659424,
                    -2.430194139480591
                ],
                [
                    1.4901162970204496e-08,
                    0.8859632015228271,
                    -0.46375545859336853,
                    -1.8694581985473633
                ],
                [
                    0.0,
                    0.0,
                    0.0,
                    1.0
                ]
            ]
        },
        {
            "file_path": "/data/shapenet_blender/all_50_random/02958343/48f5446e6ac9c1b51f1446551412bde4/r_4",
            "rotation": 0.12566370614359174,
            "transform_matrix": [
                [
                    -0.997419536113739,
                    0.031189989298582077,
                    0.06466460973024368,
                    0.26067137718200684
                ],
                [
                    0.07179364562034607,
                    0.4333183467388153,
                    0.8983767628669739,
                    3.6214725971221924
                ],
                [
                    0.0,
                    0.9007009863853455,
                    -0.43443942070007324,
                    -1.7512813806533813
                ],
                [
                    0.0,
                    0.0,
                    0.0,
                    1.0
                ]
            ]
        },
        {
            "file_path": "/data/shapenet_blender/all_50_random/02958343/48f5446e6ac9c1b51f1446551412bde4/r_5",
            "rotation": 0.12566370614359174,
            "transform_matrix": [
                [
                    0.962670087814331,
                    0.09758753329515457,
                    -0.25247371196746826,
                    -1.017754077911377
                ],
                [
                    -0.27067747712135315,
                    0.3470720946788788,
                    -0.8979279398918152,
                    -3.6196632385253906
                ],
                [
                    7.4505792646561986e-09,
                    0.9327473640441895,
                    0.36053070425987244,
                    1.4533456563949585
                ],
                [
                    0.0,
                    0.0,
                    0.0,
                    1.0
                ]
            ]
        },
        {
            "file_path": "/data/shapenet_blender/all_50_random/02958343/48f5446e6ac9c1b51f1446551412bde4/r_6",
            "rotation": 0.12566370614359174,
            "transform_matrix": [
                [
                    0.36986616253852844,
                    -0.6343600749969482,
                    0.6788123250007629,
                    2.7363803386688232
                ],
                [
                    0.9290850162506104,
                    0.25253698229789734,
                    -0.27023330330848694,
                    -1.0893454551696777
                ],
                [
                    0.0,
                    0.7306246757507324,
                    0.6827792525291443,
                    2.7523715496063232
                ],
                [
                    0.0,
                    0.0,
                    0.0,
                    1.0
                ]
            ]
        },
        {
            "file_path": "/data/shapenet_blender/all_50_random/02958343/48f5446e6ac9c1b51f1446551412bde4/r_7",
            "rotation": 0.12566370614359174,
            "transform_matrix": [
                [
                    -0.012794396840035915,
                    -0.7265982627868652,
                    -0.6869434118270874,
                    -2.7691574096679688
                ],
                [
                    -0.9999181628227234,
                    0.009297147393226624,
                    0.008789746090769768,
                    0.0354325994849205
                ],
                [
                    -4.656612873077393e-10,
                    0.6869996786117554,
                    -0.7266577482223511,
                    -2.929251194000244
                ],
                [
                    0.0,
                    0.0,
                    0.0,
                    1.0
                ]
            ]
        },
        {
            "file_path": "/data/shapenet_blender/all_50_random/02958343/48f5446e6ac9c1b51f1446551412bde4/r_8",
            "rotation": 0.12566370614359174,
            "transform_matrix": [
                [
                    0.848121166229248,
                    0.15236611664295197,
                    0.5074198246002197,
                    2.0454750061035156
                ],
                [
                    0.529802143573761,
                    -0.24391166865825653,
                    -0.8122909665107727,
                    -3.2744498252868652
                ],
                [
                    0.0,
                    0.9577534794807434,
                    -0.28759050369262695,
                    -1.159314513206482
                ],
                [
                    0.0,
                    0.0,
                    0.0,
                    1.0
                ]
            ]
        },
        {
            "file_path": "/data/shapenet_blender/all_50_random/02958343/48f5446e6ac9c1b51f1446551412bde4/r_9",
            "rotation": 0.12566370614359174,
            "transform_matrix": [
                [
                    0.9990615248680115,
                    0.008358323015272617,
                    -0.0424978993833065,
                    -0.17131450772285461
                ],
                [
                    -0.04331204295158386,
                    0.19279809296131134,
                    -0.9802820682525635,
                    -3.951643466949463
                ],
                [
                    0.0,
                    0.9812029004096985,
                    0.19297917187213898,
                    0.7779239416122437
                ],
                [
                    0.0,
                    0.0,
                    0.0,
                    1.0
                ]
            ]
        },
        {
            "file_path": "/data/shapenet_blender/all_50_random/02958343/48f5446e6ac9c1b51f1446551412bde4/r_10",
            "rotation": 0.12566370614359174,
            "transform_matrix": [
                [
                    -0.716632068157196,
                    0.6669456958770752,
                    -0.2040143609046936,
                    -0.8224080801010132
                ],
                [
                    -0.6974514126777649,
                    -0.685287356376648,
                    0.20962496101856232,
                    0.8450251221656799
                ],
                [
                    0.0,
                    0.2925141155719757,
                    0.9562612771987915,
                    3.8548121452331543
                ],
                [
                    0.0,
                    0.0,
                    0.0,
                    1.0
                ]
            ]
        },
        {
            "file_path": "/data/shapenet_blender/all_50_random/02958343/48f5446e6ac9c1b51f1446551412bde4/r_11",
            "rotation": 0.12566370614359174,
            "transform_matrix": [
                [
                    -0.5098860859870911,
                    -0.0006559418980032206,
                    -0.8602416515350342,
                    -3.467744827270508
                ],
                [
                    -0.8602418303489685,
                    0.0003887925995513797,
                    0.5098859667778015,
                    2.0554161071777344
                ],
                [
                    0.0,
                    0.9999997019767761,
                    -0.0007625086582265794,
                    -0.0030737705528736115
                ],
                [
                    0.0,
                    0.0,
                    0.0,
                    1.0
                ]
            ]
        },
        {
            "file_path": "/data/shapenet_blender/all_50_random/02958343/48f5446e6ac9c1b51f1446551412bde4/r_12",
            "rotation": 0.12566370614359174,
            "transform_matrix": [
                [
                    -0.5657168626785278,
                    0.16849718987941742,
                    -0.8072007894515991,
                    -3.2539305686950684
                ],
                [
                    -0.82459956407547,
                    -0.11559755355119705,
                    0.5537803769111633,
                    2.2323601245880127
                ],
                [
                    0.0,
                    0.9789003133773804,
                    0.2043381780385971,
                    0.8237135410308838
                ],
                [
                    0.0,
                    0.0,
                    0.0,
                    1.0
                ]
            ]
        },
        {
            "file_path": "/data/shapenet_blender/all_50_random/02958343/48f5446e6ac9c1b51f1446551412bde4/r_13",
            "rotation": 0.12566370614359174,
            "transform_matrix": [
                [
                    -0.9861684441566467,
                    0.0535372830927372,
                    -0.15686145424842834,
                    -0.6323287487030029
                ],
                [
                    -0.1657460480928421,
                    -0.31854018568992615,
                    0.9333061575889587,
                    3.762277364730835
                ],
                [
                    -3.725290298461914e-09,
                    0.9463962316513062,
                    0.32300788164138794,
                    1.3020864725112915
                ],
                [
                    0.0,
                    0.0,
                    0.0,
                    1.0
                ]
            ]
        },
        {
            "file_path": "/data/shapenet_blender/all_50_random/02958343/48f5446e6ac9c1b51f1446551412bde4/r_14",
            "rotation": 0.12566370614359174,
            "transform_matrix": [
                [
                    0.6649333834648132,
                    -0.009115960448980331,
                    0.7468470931053162,
                    3.010636568069458
                ],
                [
                    0.7469027042388916,
                    0.008115523494780064,
                    -0.6648838520050049,
                    -2.680232286453247
                ],
                [
                    0.0,
                    0.9999254941940308,
                    0.012205020524561405,
                    0.04920000582933426
                ],
                [
                    0.0,
                    0.0,
                    0.0,
                    1.0
                ]
            ]
        },
        {
            "file_path": "/data/shapenet_blender/all_50_random/02958343/48f5446e6ac9c1b51f1446551412bde4/r_15",
            "rotation": 0.12566370614359174,
            "transform_matrix": [
                [
                    -0.6758295297622681,
                    0.0005922882701270282,
                    -0.7370576858520508,
                    -2.971174716949463
                ],
                [
                    -0.7370579838752747,
                    -0.0005430859746411443,
                    0.6758292317390442,
                    2.7243549823760986
                ],
                [
                    2.9103830456733704e-11,
                    0.9999996423721313,
                    0.0008035843493416905,
                    0.0032393522560596466
                ],
                [
                    0.0,
                    0.0,
                    0.0,
                    1.0
                ]
            ]
        },
        {
            "file_path": "/data/shapenet_blender/all_50_random/02958343/48f5446e6ac9c1b51f1446551412bde4/r_16",
            "rotation": 0.12566370614359174,
            "transform_matrix": [
                [
                    -0.9505103826522827,
                    -0.012490876019001007,
                    0.310441792011261,
                    1.251430869102478
                ],
                [
                    0.31069299578666687,
                    -0.03821362927556038,
                    0.9497418403625488,
                    3.8285317420959473
                ],
                [
                    0.0,
                    0.9991914629936218,
                    0.0402032732963562,
                    0.1620645821094513
                ],
                [
                    0.0,
                    0.0,
                    0.0,
                    1.0
                ]
            ]
        },
        {
            "file_path": "/data/shapenet_blender/all_50_random/02958343/48f5446e6ac9c1b51f1446551412bde4/r_17",
            "rotation": 0.12566370614359174,
            "transform_matrix": [
                [
                    -0.3616885840892792,
                    -0.3420560956001282,
                    0.8672825694084167,
                    3.4961276054382324
                ],
                [
                    0.9322989583015442,
                    -0.1327018290758133,
                    0.3364652097225189,
                    1.3563345670700073
                ],
                [
                    7.4505797087454084e-09,
                    0.9302622675895691,
                    0.36689528822898865,
                    1.4790021181106567
                ],
                [
                    0.0,
                    0.0,
                    0.0,
                    1.0
                ]
            ]
        },
        {
            "file_path": "/data/shapenet_blender/all_50_random/02958343/48f5446e6ac9c1b51f1446551412bde4/r_18",
            "rotation": 0.12566370614359174,
            "transform_matrix": [
                [
                    0.26155877113342285,
                    0.9344488382339478,
                    -0.24164466559886932,
                    -0.9741008281707764
                ],
                [
                    -0.9651876091957092,
                    0.2532287836074829,
                    -0.0654839351773262,
                    -0.2639741897583008
                ],
                [
                    0.0,
                    0.2503603398799896,
                    0.9681527018547058,
                    3.9027483463287354
                ],
                [
                    0.0,
                    0.0,
                    0.0,
                    1.0
                ]
            ]
        },
        {
            "file_path": "/data/shapenet_blender/all_50_random/02958343/48f5446e6ac9c1b51f1446551412bde4/r_19",
            "rotation": 0.12566370614359174,
            "transform_matrix": [
                [
                    0.9949741959571838,
                    0.06318452954292297,
                    -0.07768037170171738,
                    -0.3131396174430847
                ],
                [
                    -0.10013255476951599,
                    0.6278375387191772,
                    -0.7718765139579773,
                    -3.1115338802337646
                ],
                [
                    0.0,
                    0.7757755517959595,
                    0.6310088634490967,
                    2.5436782836914062
                ],
                [
                    0.0,
                    0.0,
                    0.0,
                    1.0
                ]
            ]
        },
        {
            "file_path": "/data/shapenet_blender/all_50_random/02958343/48f5446e6ac9c1b51f1446551412bde4/r_20",
            "rotation": 0.12566370614359174,
            "transform_matrix": [
                [
                    -0.9969887733459473,
                    0.012445325031876564,
                    -0.0765402615070343,
                    -0.3085436522960663
                ],
                [
                    -0.07754545658826828,
                    -0.16000743210315704,
                    0.9840651750564575,
                    3.9668936729431152
                ],
                [
                    0.0,
                    0.9870373606681824,
                    0.1604907065629959,
                    0.6469587087631226
                ],
                [
                    0.0,
                    0.0,
                    0.0,
                    1.0
                ]
            ]
        },
        {
            "file_path": "/data/shapenet_blender/all_50_random/02958343/48f5446e6ac9c1b51f1446551412bde4/r_21",
            "rotation": 0.12566370614359174,
            "transform_matrix": [
                [
                    -0.9617761373519897,
                    0.10718865692615509,
                    -0.2519865334033966,
                    -1.0157902240753174
                ],
                [
                    -0.2738368511199951,
                    -0.37647050619125366,
                    0.8850329518318176,
                    3.5676820278167725
                ],
                [
                    -7.450580596923828e-09,
                    0.9202067852020264,
                    0.391432523727417,
                    1.5779149532318115
                ],
                [
                    0.0,
                    0.0,
                    0.0,
                    1.0
                ]
            ]
        },
        {
            "file_path": "/data/shapenet_blender/all_50_random/02958343/48f5446e6ac9c1b51f1446551412bde4/r_22",
            "rotation": 0.12566370614359174,
            "transform_matrix": [
                [
                    -0.9853401780128479,
                    0.16116385161876678,
                    -0.05595346540212631,
                    -0.2255556285381317
                ],
                [
                    -0.17060063779354095,
                    -0.9308360815048218,
                    0.32317113876342773,
                    1.3027445077896118
                ],
                [
                    3.725290076417309e-09,
                    0.32797932624816895,
                    0.9446849226951599,
                    3.8081467151641846
                ],
                [
                    0.0,
                    0.0,
                    0.0,
                    1.0
                ]
            ]
        },
        {
            "file_path": "/data/shapenet_blender/all_50_random/02958343/48f5446e6ac9c1b51f1446551412bde4/r_23",
            "rotation": 0.12566370614359174,
            "transform_matrix": [
                [
                    -0.7857381105422974,
                    -0.4471540153026581,
                    0.42739787697792053,
                    1.7228959798812866
                ],
                [
                    0.6185593605041504,
                    -0.5680068731307983,
                    0.5429112315177917,
                    2.1885452270507812
                ],
                [
                    0.0,
                    0.6909569501876831,
                    0.7228958606719971,
                    2.91408634185791
                ],
                [
                    0.0,
                    0.0,
                    0.0,
                    1.0
                ]
            ]
        },
        {
            "file_path": "/data/shapenet_blender/all_50_random/02958343/48f5446e6ac9c1b51f1446551412bde4/r_24",
            "rotation": 0.12566370614359174,
            "transform_matrix": [
                [
                    -0.12621177732944489,
                    -0.20776699483394623,
                    -0.9700016975402832,
                    -3.9102022647857666
                ],
                [
                    -0.992003321647644,
                    0.026434022933244705,
                    0.12341251969337463,
                    0.4974918067455292
                ],
                [
                    -1.862645371275562e-09,
                    0.9778209924697876,
                    -0.20944184064865112,
                    -0.844287097454071
                ],
                [
                    0.0,
                    0.0,
                    0.0,
                    1.0
                ]
            ]
        },
        {
            "file_path": "/data/shapenet_blender/all_50_random/02958343/48f5446e6ac9c1b51f1446551412bde4/r_25",
            "rotation": 0.12566370614359174,
            "transform_matrix": [
                [
                    -0.06644779443740845,
                    0.0845995843410492,
                    0.9941969513893127,
                    4.0077362060546875
                ],
                [
                    0.9977899193763733,
                    0.00563390739262104,
                    0.06620852649211884,
                    0.2668951153755188
                ],
                [
                    0.0,
                    0.9963990449905396,
                    -0.08478697389364243,
                    -0.3417872190475464
                ],
                [
                    0.0,
                    0.0,
                    0.0,
                    1.0
                ]
            ]
        },
        {
            "file_path": "/data/shapenet_blender/all_50_random/02958343/48f5446e6ac9c1b51f1446551412bde4/r_26",
            "rotation": 0.12566370614359174,
            "transform_matrix": [
                [
                    -0.9715445637702942,
                    -0.02916971780359745,
                    0.23505403101444244,
                    0.9475331902503967
                ],
                [
                    0.2368570864200592,
                    -0.11964884400367737,
                    0.9641487002372742,
                    3.8866078853607178
                ],
                [
                    -1.862645149230957e-09,
                    0.9923877120018005,
                    0.1231532171368599,
                    0.49644652009010315
                ],
                [
                    0.0,
                    0.0,
                    0.0,
                    1.0
                ]
            ]
        },
        {
            "file_path": "/data/shapenet_blender/all_50_random/02958343/48f5446e6ac9c1b51f1446551412bde4/r_27",
            "rotation": 0.12566370614359174,
            "transform_matrix": [
                [
                    -0.8607547283172607,
                    0.18167056143283844,
                    -0.4754965305328369,
                    -1.91678786277771
                ],
                [
                    -0.5090197324752808,
                    -0.3072057366371155,
                    0.8040668368339539,
                    3.2412970066070557
                ],
                [
                    0.0,
                    0.9341413974761963,
                    0.3569028079509735,
                    1.4387211799621582
                ],
                [
                    0.0,
                    0.0,
                    0.0,
                    1.0
                ]
            ]
        },
        {
            "file_path": "/data/shapenet_blender/all_50_random/02958343/48f5446e6ac9c1b51f1446551412bde4/r_28",
            "rotation": 0.12566370614359174,
            "transform_matrix": [
                [
                    0.9585158228874207,
                    -0.2680976390838623,
                    -0.09680476039648056,
                    -0.39023250341415405
                ],
                [
                    -0.285039484500885,
                    -0.9015446901321411,
                    -0.32552996277809143,
                    -1.3122533559799194
                ],
                [
                    0.0,
                    0.33961886167526245,
                    -0.9405630826950073,
                    -3.7915313243865967
                ],
                [
                    0.0,
                    0.0,
                    0.0,
                    1.0
                ]
            ]
        },
        {
            "file_path": "/data/shapenet_blender/all_50_random/02958343/48f5446e6ac9c1b51f1446551412bde4/r_29",
            "rotation": 0.12566370614359174,
            "transform_matrix": [
                [
                    -0.7971699833869934,
                    0.3767142593860626,
                    0.47181183099746704,
                    1.9019343852996826
                ],
                [
                    0.6037549376487732,
                    0.49739596247673035,
                    0.6229583621025085,
                    2.511225461959839
                ],
                [
                    0.0,
                    0.7814624309539795,
                    -0.6239522099494934,
                    -2.5152318477630615
                ],
                [
                    0.0,
                    0.0,
                    0.0,
                    1.0
                ]
            ]
        },
        {
            "file_path": "/data/shapenet_blender/all_50_random/02958343/48f5446e6ac9c1b51f1446551412bde4/r_30",
            "rotation": 0.12566370614359174,
            "transform_matrix": [
                [
                    -0.9998868107795715,
                    0.0010717519326135516,
                    -0.015006227418780327,
                    -0.06049203872680664
                ],
                [
                    -0.015044450759887695,
                    -0.07123096287250519,
                    0.9973464012145996,
                    4.020431995391846
                ],
                [
                    -1.1641532182693481e-10,
                    0.9974591732025146,
                    0.07123903185129166,
                    0.28717371821403503
                ],
                [
                    0.0,
                    0.0,
                    0.0,
                    1.0
                ]
            ]
        },
        {
            "file_path": "/data/shapenet_blender/all_50_random/02958343/48f5446e6ac9c1b51f1446551412bde4/r_31",
            "rotation": 0.12566370614359174,
            "transform_matrix": [
                [
                    -0.7052644491195679,
                    -0.5640730857849121,
                    0.42944571375846863,
                    1.7311511039733887
                ],
                [
                    0.7089443802833557,
                    -0.5611451268196106,
                    0.4272165596485138,
                    1.7221649885177612
                ],
                [
                    0.0,
                    0.6057537794113159,
                    0.7956521511077881,
                    3.207376480102539
                ],
                [
                    0.0,
                    0.0,
                    0.0,
                    1.0
                ]
            ]
        },
        {
            "file_path": "/data/shapenet_blender/all_50_random/02958343/48f5446e6ac9c1b51f1446551412bde4/r_32",
            "rotation": 0.12566370614359174,
            "transform_matrix": [
                [
                    -0.7098845839500427,
                    -0.04945585876703262,
                    -0.7025794386863708,
                    -2.832188367843628
                ],
                [
                    -0.7043178677558899,
                    0.04984674230217934,
                    0.7081323862075806,
                    2.8545730113983154
                ],
                [
                    0.0,
                    0.9975315928459167,
                    -0.07021808624267578,
                    -0.28305816650390625
                ],
                [
                    0.0,
                    0.0,
                    0.0,
                    1.0
                ]
            ]
        },
        {
            "file_path": "/data/shapenet_blender/all_50_random/02958343/48f5446e6ac9c1b51f1446551412bde4/r_33",
            "rotation": 0.12566370614359174,
            "transform_matrix": [
                [
                    -0.17484760284423828,
                    -0.012617145664989948,
                    -0.9845146536827087,
                    -3.968705415725708
                ],
                [
                    -0.984595537185669,
                    0.0022405926138162613,
                    0.1748332381248474,
                    0.704775333404541
                ],
                [
                    -2.3283064365386963e-10,
                    0.9999179244041443,
                    -0.012814546003937721,
                    -0.05165708810091019
                ],
                [
                    0.0,
                    0.0,
                    0.0,
                    1.0
                ]
            ]
        },
        {
            "file_path": "/data/shapenet_blender/all_50_random/02958343/48f5446e6ac9c1b51f1446551412bde4/r_34",
            "rotation": 0.12566370614359174,
            "transform_matrix": [
                [
                    0.2708870470523834,
                    -0.2907162606716156,
                    0.9176624417304993,
                    3.6992151737213135
                ],
                [
                    0.962611198425293,
                    0.08181005716323853,
                    -0.2582380771636963,
                    -1.0409908294677734
                ],
                [
                    -7.450580596923828e-09,
                    0.9533053040504456,
                    0.30200809240341187,
                    1.2174334526062012
                ],
                [
                    0.0,
                    0.0,
                    0.0,
                    1.0
                ]
            ]
        },
        {
            "file_path": "/data/shapenet_blender/all_50_random/02958343/48f5446e6ac9c1b51f1446551412bde4/r_35",
            "rotation": 0.12566370614359174,
            "transform_matrix": [
                [
                    0.250112920999527,
                    0.18427518010139465,
                    0.9505188465118408,
                    3.8316643238067627
                ],
                [
                    0.9682166576385498,
                    -0.0476025752723217,
                    -0.24554117023944855,
                    -0.989808201789856
                ],
                [
                    3.725290298461914e-09,
                    0.9817212224006653,
                    -0.1903243213891983,
                    -0.7672219276428223
                ],
                [
                    0.0,
                    0.0,
                    0.0,
                    1.0
                ]
            ]
        },
        {
            "file_path": "/data/shapenet_blender/all_50_random/02958343/48f5446e6ac9c1b51f1446551412bde4/r_36",
            "rotation": 0.12566370614359174,
            "transform_matrix": [
                [
                    0.4439684748649597,
                    -0.00424491660669446,
                    -0.8960322737693787,
                    -3.6120219230651855
                ],
                [
                    -0.8960424065589905,
                    -0.0021032586228102446,
                    -0.4439634382724762,
                    -1.7896740436553955
                ],
                [
                    2.3283064365386963e-10,
                    0.9999887943267822,
                    -0.004737405572086573,
                    -0.019097095355391502
                ],
                [
                    0.0,
                    0.0,
                    0.0,
                    1.0
                ]
            ]
        },
        {
            "file_path": "/data/shapenet_blender/all_50_random/02958343/48f5446e6ac9c1b51f1446551412bde4/r_37",
            "rotation": 0.12566370614359174,
            "transform_matrix": [
                [
                    0.988105058670044,
                    -0.0047579677775502205,
                    0.1537066102027893,
                    0.6196111440658569
                ],
                [
                    0.15378022193908691,
                    0.030572017654776573,
                    -0.9876320362091064,
                    -3.981271982192993
                ],
                [
                    0.0,
                    0.9995211958885193,
                    0.030940046533942223,
                    0.12472331523895264
                ],
                [
                    0.0,
                    0.0,
                    0.0,
                    1.0
                ]
            ]
        },
        {
            "file_path": "/data/shapenet_blender/all_50_random/02958343/48f5446e6ac9c1b51f1446551412bde4/r_38",
            "rotation": 0.12566370614359174,
            "transform_matrix": [
                [
                    -0.7672809362411499,
                    0.4068225026130676,
                    -0.49575743079185486,
                    -1.9984620809555054
                ],
                [
                    -0.6413111090660095,
                    -0.4867328107357025,
                    0.5931367874145508,
                    2.3910107612609863
                ],
                [
                    -1.4901159417490817e-08,
                    0.7730374336242676,
                    0.6343605518341064,
                    2.5571892261505127
                ],
                [
                    0.0,
                    0.0,
                    0.0,
                    1.0
                ]
            ]
        },
        {
            "file_path": "/data/shapenet_blender/all_50_random/02958343/48f5446e6ac9c1b51f1446551412bde4/r_39",
            "rotation": 0.12566370614359174,
            "transform_matrix": [
                [
                    0.7487426400184631,
                    0.2398976981639862,
                    -0.617926836013794,
                    -2.4909427165985107
                ],
                [
                    -0.6628608703613281,
                    0.2709793746471405,
                    -0.6979868412017822,
                    -2.8136749267578125
                ],
                [
                    -1.4901161193847656e-08,
                    0.9322121143341064,
                    0.3619125485420227,
                    1.458916187286377
                ],
                [
                    0.0,
                    0.0,
                    0.0,
                    1.0
                ]
            ]
        },
        {
            "file_path": "/data/shapenet_blender/all_50_random/02958343/48f5446e6ac9c1b51f1446551412bde4/r_40",
            "rotation": 0.12566370614359174,
            "transform_matrix": [
                [
                    0.8481584787368774,
                    0.005235355347394943,
                    0.5297166109085083,
                    2.1353561878204346
                ],
                [
                    0.5297425389289856,
                    -0.008382206782698631,
                    -0.8481169939041138,
                    -3.4188692569732666
                ],
                [
                    4.656612873077393e-10,
                    0.999951183795929,
                    -0.00988282822072506,
                    -0.03983895853161812
                ],
                [
                    0.0,
                    0.0,
                    0.0,
                    1.0
                ]
            ]
        },
        {
            "file_path": "/data/shapenet_blender/all_50_random/02958343/48f5446e6ac9c1b51f1446551412bde4/r_41",
            "rotation": 0.12566370614359174,
            "transform_matrix": [
                [
                    -0.3927885890007019,
                    0.12469848990440369,
                    0.9111352562904358,
                    3.6729037761688232
                ],
                [
                    0.919628918170929,
                    0.053260769695043564,
                    0.38916081190109253,
                    1.56875741481781
