{
    "class": "02958343",
    "model": "dfc08488e2ec687d1c64dffb0265c4d6",
    "remove_doubles": true,
    "edge_split": true,
    "denoise": true,
    "camera_angle_x": 0.6911112070083618,
    "scale_factor": 2.2529321177477253,
    "hdri_file": "/data/IndoorHDRDataset2018/AG8A6729-3357cdc00a.exr",
    "center_offset": [
        0.0,
        -5.238689482212067e-10,
        -3.725290298461914e-09
    ],
    "lights": [],
    "frames": [
        {
            "file_path": "/data/shapenet_blender/all_50_random/02958343/dfc08488e2ec687d1c64dffb0265c4d6/r_0",
            "rotation": 0.12566370614359174,
            "transform_matrix": [
                [
                    -0.5738486051559448,
                    0.16983576118946075,
                    -0.8011577129364014,
                    -3.229569911956787
                ],
                [
                    -0.818961501121521,
                    -0.11900439113378525,
                    0.5613734126091003,
                    2.2629685401916504
                ],
                [
                    -7.450580596923828e-09,
                    0.9782605767250061,
                    0.20737943053245544,
                    0.8359732031822205
                ],
                [
                    0.0,
                    0.0,
                    0.0,
                    1.0
                ]
            ]
        },
        {
            "file_path": "/data/shapenet_blender/all_50_random/02958343/dfc08488e2ec687d1c64dffb0265c4d6/r_1",
            "rotation": 0.12566370614359174,
            "transform_matrix": [
                [
                    0.42427417635917664,
                    0.012815667316317558,
                    0.905443012714386,
                    3.6499576568603516
                ],
                [
                    0.9055337309837341,
                    -0.00600458774715662,
                    -0.4242316782474518,
                    -1.7101327180862427
                ],
                [
                    0.0,
                    0.9998998045921326,
                    -0.014152610674500465,
                    -0.057051002979278564
                ],
                [
                    0.0,
                    0.0,
                    0.0,
                    1.0
                ]
            ]
        },
        {
            "file_path": "/data/shapenet_blender/all_50_random/02958343/dfc08488e2ec687d1c64dffb0265c4d6/r_2",
            "rotation": 0.12566370614359174,
            "transform_matrix": [
                [
                    0.6360623836517334,
                    0.04882199689745903,
                    -0.7700915932655334,
                    -3.1043384075164795
                ],
                [
                    -0.7716377377510071,
                    0.04024406522512436,
                    -0.634787917137146,
                    -2.5589120388031006
                ],
                [
                    1.862645371275562e-09,
                    0.9979963898658752,
                    0.06327062100172043,
                    0.25505203008651733
                ],
                [
                    0.0,
                    0.0,
                    0.0,
                    1.0
                ]
            ]
        },
        {
            "file_path": "/data/shapenet_blender/all_50_random/02958343/dfc08488e2ec687d1c64dffb0265c4d6/r_3",
            "rotation": 0.12566370614359174,
            "transform_matrix": [
                [
                    -0.7604683041572571,
                    0.014121190644800663,
                    0.6492214202880859,
                    2.617095470428467
                ],
                [
                    0.6493750214576721,
                    0.016537005081772804,
                    0.7602884769439697,
                    3.0648210048675537
                ],
                [
                    0.0,
                    0.9997634291648865,
                    -0.021745817735791206,
                    -0.08766020089387894
                ],
                [
                    0.0,
                    0.0,
                    0.0,
                    1.0
                ]
            ]
        },
        {
            "file_path": "/data/shapenet_blender/all_50_random/02958343/dfc08488e2ec687d1c64dffb0265c4d6/r_4",
            "rotation": 0.12566370614359174,
            "transform_matrix": [
                [
                    0.965878427028656,
                    0.12856975197792053,
                    0.22483035922050476,
                    0.9063201546669006
                ],
                [
                    0.2589958608150482,
                    -0.4794777035713196,
                    -0.8384642601013184,
                    -3.379957437515259
                ],
                [
                    0.0,
                    0.8680846095085144,
                    -0.49641621112823486,
                    -2.001117706298828
                ],
                [
                    0.0,
                    0.0,
                    0.0,
                    1.0
                ]
            ]
        },
        {
            "file_path": "/data/shapenet_blender/all_50_random/02958343/dfc08488e2ec687d1c64dffb0265c4d6/r_5",
            "rotation": 0.12566370614359174,
            "transform_matrix": [
                [
                    0.6141960620880127,
                    -0.05910539627075195,
                    -0.78693687915802,
                    -3.1722443103790283
                ],
                [
                    -0.789153516292572,
                    -0.04600157216191292,
                    -0.6124708652496338,
                    -2.468949317932129
                ],
                [
                    0.0,
                    0.9971912503242493,
                    -0.07489719986915588,
                    -0.3019202947616577
                ],
                [
                    0.0,
                    0.0,
                    0.0,
                    1.0
                ]
            ]
        },
        {
            "file_path": "/data/shapenet_blender/all_50_random/02958343/dfc08488e2ec687d1c64dffb0265c4d6/r_6",
            "rotation": 0.12566370614359174,
            "transform_matrix": [
                [
                    -0.9998712539672852,
                    0.010223840363323689,
                    -0.012374266050755978,
                    -0.04988226294517517
                ],
                [
                    -0.016051461920142174,
                    -0.6368593573570251,
                    0.7708128094673157,
                    3.107245922088623
                ],
                [
                    0.0,
                    0.7709121108055115,
                    0.6369414329528809,
                    2.5675930976867676
                ],
                [
                    0.0,
                    0.0,
                    0.0,
                    1.0
                ]
            ]
        },
        {
            "file_path": "/data/shapenet_blender/all_50_random/02958343/dfc08488e2ec687d1c64dffb0265c4d6/r_7",
            "rotation": 0.12566370614359174,
            "transform_matrix": [
                [
                    -0.8869327902793884,
                    -0.10095379501581192,
                    -0.4507311284542084,
                    -1.8169552087783813
                ],
                [
                    -0.46189844608306885,
                    0.19385045766830444,
                    0.8654893636703491,
                    3.488898992538452
                ],
                [
                    0.0,
                    0.9758227467536926,
                    -0.2185627818107605,
                    -0.881054699420929
                ],
                [
                    0.0,
                    0.0,
                    0.0,
                    1.0
                ]
            ]
        },
        {
            "file_path": "/data/shapenet_blender/all_50_random/02958343/dfc08488e2ec687d1c64dffb0265c4d6/r_8",
            "rotation": 0.12566370614359174,
            "transform_matrix": [
                [
                    -0.7001153826713562,
                    0.18344762921333313,
                    -0.6900618672370911,
                    -2.781728506088257
                ],
                [
                    -0.7140297889709473,
                    -0.1798727661371231,
                    0.67661452293396,
                    2.727520704269409
                ],
                [
                    -7.450580596923828e-09,
                    0.966433048248291,
                    0.25691866874694824,
                    1.0356724262237549
                ],
                [
                    0.0,
                    0.0,
                    0.0,
                    1.0
                ]
            ]
        },
        {
            "file_path": "/data/shapenet_blender/all_50_random/02958343/dfc08488e2ec687d1c64dffb0265c4d6/r_9",
            "rotation": 0.12566370614359174,
            "transform_matrix": [
                [
                    0.9987369179725647,
                    0.003920063376426697,
                    -0.05009353160858154,
                    -0.20193347334861755
                ],
                [
                    -0.05024668201804161,
                    0.07791782170534134,
                    -0.995692789554596,
                    -4.013765811920166
                ],
                [
                    2.3283064365386963e-10,
                    0.9969521164894104,
                    0.07801636308431625,
                    0.3144940137863159
                ],
                [
                    0.0,
                    0.0,
                    0.0,
                    1.0
                ]
            ]
        },
        {
            "file_path": "/data/shapenet_blender/all_50_random/02958343/dfc08488e2ec687d1c64dffb0265c4d6/r_10",
            "rotation": 0.12566370614359174,
            "transform_matrix": [
                [
                    0.9934368133544922,
                    -0.057836953550577164,
                    0.09868276864290237,
                    0.39780300855636597
                ],
                [
                    0.11438272148370743,
                    0.5023254752159119,
                    -0.8570796251296997,
                    -3.454998731613159
                ],
                [
                    3.725290742551124e-09,
                    0.862742006778717,
                    0.5056441426277161,
                    2.0383169651031494
                ],
                [
                    0.0,
                    0.0,
                    0.0,
                    1.0
                ]
            ]
        },
        {
            "file_path": "/data/shapenet_blender/all_50_random/02958343/dfc08488e2ec687d1c64dffb0265c4d6/r_11",
            "rotation": 0.12566370614359174,
            "transform_matrix": [
                [
                    0.029505858197808266,
                    0.04772781953215599,
                    -0.9984244108200073,
                    -4.024777889251709
                ],
                [
                    -0.9995645880699158,
                    0.001408863696269691,
                    -0.029472200199961662,
                    -0.11880624294281006
                ],
                [
                    1.1641532182693481e-10,
                    0.9988593459129333,
                    0.04774860665202141,
                    0.19248080253601074
                ],
                [
                    0.0,
                    0.0,
                    0.0,
                    1.0
                ]
            ]
        },
        {
            "file_path": "/data/shapenet_blender/all_50_random/02958343/dfc08488e2ec687d1c64dffb0265c4d6/r_12",
            "rotation": 0.12566370614359174,
            "transform_matrix": [
                [
                    0.048627618700265884,
                    -0.1656472384929657,
                    -0.9849853515625,
                    -3.9706032276153564
                ],
                [
                    -0.9988170266151428,
                    -0.008064569905400276,
                    -0.04795421287417412,
                    -0.19330963492393494
                ],
                [
                    0.0,
                    0.9861521124839783,
                    -0.1658434122800827,
                    -0.6685362458229065
                ],
                [
                    0.0,
                    0.0,
                    0.0,
                    1.0
                ]
            ]
        },
        {
            "file_path": "/data/shapenet_blender/all_50_random/02958343/dfc08488e2ec687d1c64dffb0265c4d6/r_13",
            "rotation": 0.12566370614359174,
            "transform_matrix": [
                [
                    0.17779308557510376,
                    -0.4515396058559418,
                    0.8743577599525452,
                    3.524649143218994
                ],
                [
                    0.9840679168701172,
                    0.08158037066459656,
                    -0.1579715758562088,
                    -0.6368038654327393
                ],
                [
                    -7.450580596923828e-09,
                    0.8885136842727661,
                    0.4588499963283539,
                    1.8496836423873901
                ],
                [
                    0.0,
                    0.0,
                    0.0,
                    1.0
                ]
            ]
        },
        {
            "file_path": "/data/shapenet_blender/all_50_random/02958343/dfc08488e2ec687d1c64dffb0265c4d6/r_14",
            "rotation": 0.12566370614359174,
            "transform_matrix": [
                [
                    -0.8918458223342896,
                    -0.018499692901968956,
                    -0.4519609808921814,
                    -1.8219131231307983
                ],
                [
                    -0.4523394703865051,
                    0.03647454082965851,
                    0.8910995721817017,
                    3.592137575149536
                ],
                [
                    1.862645149230957e-09,
                    0.9991632699966431,
                    -0.040897808969020844,
                    -0.16486436128616333
                ],
                [
                    0.0,
                    0.0,
                    0.0,
                    1.0
                ]
            ]
        },
        {
            "file_path": "/data/shapenet_blender/all_50_random/02958343/dfc08488e2ec687d1c64dffb0265c4d6/r_15",
            "rotation": 0.12566370614359174,
            "transform_matrix": [
                [
                    -0.9419768452644348,
                    -0.22347469627857208,
                    -0.2504770755767822,
                    -1.0097055435180664
                ],
                [
                    -0.33567801117897034,
                    0.6271128058433533,
                    0.702886700630188,
                    2.8334271907806396
                ],
                [
                    0.0,
                    0.7461826205253601,
                    -0.6657411456108093,
                    -2.6836886405944824
                ],
                [
                    0.0,
                    0.0,
                    0.0,
                    1.0
                ]
            ]
        },
        {
            "file_path": "/data/shapenet_blender/all_50_random/02958343/dfc08488e2ec687d1c64dffb0265c4d6/r_16",
            "rotation": 0.12566370614359174,
            "transform_matrix": [
                [
                    -0.9944590926170349,
                    0.01832844316959381,
                    -0.10351499915122986,
                    -0.4172823429107666
                ],
                [
                    -0.10512511432170868,
                    -0.17338280379772186,
                    0.9792277812957764,
                    3.9473936557769775
                ],
                [
                    0.0,
                    0.9846839308738708,
                    0.1743488609790802,
                    0.7028228044509888
                ],
                [
                    0.0,
                    0.0,
                    0.0,
                    1.0
                ]
            ]
        },
        {
            "file_path": "/data/shapenet_blender/all_50_random/02958343/dfc08488e2ec687d1c64dffb0265c4d6/r_17",
            "rotation": 0.12566370614359174,
            "transform_matrix": [
                [
                    -0.30664703249931335,
                    0.3401001989841461,
                    0.8889878988265991,
                    3.583624839782715
                ],
                [
                    0.9518232941627502,
                    0.10956941545009613,
                    0.28640347719192505,
                    1.154529333114624
                ],
                [
                    0.0,
                    0.9339840412139893,
                    -0.35731446743011475,
                    -1.4403806924819946
                ],
                [
                    0.0,
                    0.0,
                    0.0,
                    1.0
                ]
            ]
        },
        {
            "file_path": "/data/shapenet_blender/all_50_random/02958343/dfc08488e2ec687d1c64dffb0265c4d6/r_18",
            "rotation": 0.12566370614359174,
            "transform_matrix": [
                [
                    0.8603254556655884,
                    0.1487993448972702,
                    0.4875437617301941,
                    1.9653518199920654
                ],
                [
                    0.5097452402114868,
                    -0.2511369585990906,
                    -0.8228548169136047,
                    -3.3170337677001953
                ],
                [
                    0.0,
                    0.9564459919929504,
                    -0.29190927743911743,
                    -1.1767239570617676
                ],
                [
                    0.0,
                    0.0,
                    0.0,
                    1.0
                ]
            ]
        },
        {
            "file_path": "/data/shapenet_blender/all_50_random/02958343/dfc08488e2ec687d1c64dffb0265c4d6/r_19",
            "rotation": 0.12566370614359174,
            "transform_matrix": [
                [
                    -0.9841421842575073,
                    0.11204851418733597,
                    0.13751158118247986,
                    0.5543268918991089
                ],
                [
                    0.17738182842731476,
                    0.6216626763343811,
                    0.7629358172416687,
                    3.0754926204681396
                ],
                [
                    7.450581485102248e-09,
                    0.775229275226593,
                    -0.6316798329353333,
                    -2.5463829040527344
                ],
                [
                    0.0,
                    0.0,
                    0.0,
                    1.0
                ]
            ]
        },
        {
            "file_path": "/data/shapenet_blender/all_50_random/02958343/dfc08488e2ec687d1c64dffb0265c4d6/r_20",
            "rotation": 0.12566370614359174,
            "transform_matrix": [
                [
                    0.006335509940981865,
                    -0.5191051363945007,
                    -0.8546868562698364,
                    -3.4453530311584473
                ],
                [
                    -0.9999799728393555,
                    -0.003288861596956849,
                    -0.005414985120296478,
                    -0.021828502416610718
                ],
                [
                    0.0,
                    0.854703962802887,
                    -0.5191155672073364,
                    -2.0926218032836914
                ],
                [
                    0.0,
                    0.0,
                    0.0,
                    1.0
                ]
            ]
        },
        {
            "file_path": "/data/shapenet_blender/all_50_random/02958343/dfc08488e2ec687d1c64dffb0265c4d6/r_21",
            "rotation": 0.12566370614359174,
            "transform_matrix": [
                [
                    0.8756901025772095,
                    -0.23451028764247894,
                    0.4221040606498718,
                    1.7015559673309326
                ],
                [
                    0.4828736484050751,
                    0.4252837896347046,
                    -0.7654845714569092,
                    -3.0857672691345215
                ],
                [
                    0.0,
                    0.8741501569747925,
                    0.48565560579299927,
                    1.9577405452728271
                ],
                [
                    0.0,
                    0.0,
                    0.0,
                    1.0
                ]
            ]
        },
        {
            "file_path": "/data/shapenet_blender/all_50_random/02958343/dfc08488e2ec687d1c64dffb0265c4d6/r_22",
            "rotation": 0.12566370614359174,
            "transform_matrix": [
                [
                    -0.49117979407310486,
                    0.17048408091068268,
                    -0.854211688041687,
                    -3.443437337875366
                ],
                [
                    -0.8710582256317139,
                    -0.09613402932882309,
                    0.4816802144050598,
                    1.9417150020599365
                ],
                [
                    0.0,
                    0.9806596636772156,
                    0.19572065770626068,
                    0.788975179195404
                ],
                [
                    0.0,
                    0.0,
                    0.0,
                    1.0
                ]
            ]
        },
        {
            "file_path": "/data/shapenet_blender/all_50_random/02958343/dfc08488e2ec687d1c64dffb0265c4d6/r_23",
            "rotation": 0.12566370614359174,
            "transform_matrix": [
                [
                    0.9875661730766296,
                    0.13066811859607697,
                    0.08740141242742538,
                    0.352326363325119
                ],
                [
                    0.15720421075820923,
                    -0.8208648562431335,
                    -0.5490608215332031,
                    -2.2133350372314453
                ],
                [
                    0.0,
                    0.5559738278388977,
                    -0.8311998248100281,
                    -3.3506736755371094
                ],
                [
                    0.0,
                    0.0,
                    0.0,
                    1.0
                ]
            ]
        },
        {
            "file_path": "/data/shapenet_blender/all_50_random/02958343/dfc08488e2ec687d1c64dffb0265c4d6/r_24",
            "rotation": 0.12566370614359174,
            "transform_matrix": [
                [
                    0.8845067024230957,
                    0.03821532428264618,
                    -0.4649595320224762,
                    -1.8743118047714233
                ],
                [
                    -0.4665273129940033,
                    0.07245387136936188,
                    -0.8815342783927917,
                    -3.5535783767700195
                ],
                [
                    0.0,
                    0.9966393709182739,
                    0.08191443234682083,
                    0.3302076458930969
                ],
                [
                    0.0,
                    0.0,
                    0.0,
                    1.0
                ]
            ]
        },
        {
            "file_path": "/data/shapenet_blender/all_50_random/02958343/dfc08488e2ec687d1c64dffb0265c4d6/r_25",
            "rotation": 0.12566370614359174,
            "transform_matrix": [
                [
                    0.9542850255966187,
                    0.2513340711593628,
                    0.16177479922771454,
                    0.6521351337432861
                ],
                [
                    0.29889777302742004,
                    -0.8024293184280396,
                    -0.5164951682090759,
                    -2.082058906555176
                ],
                [
                    0.0,
                    0.5412378311157227,
                    -0.8408694863319397,
                    -3.389653444290161
                ],
                [
                    0.0,
                    0.0,
                    0.0,
                    1.0
                ]
            ]
        },
        {
            "file_path": "/data/shapenet_blender/all_50_random/02958343/dfc08488e2ec687d1c64dffb0265c4d6/r_26",
            "rotation": 0.12566370614359174,
            "transform_matrix": [
                [
                    0.999605655670166,
                    0.027915071696043015,
                    0.003070605918765068,
                    0.012378007173538208
                ],
                [
                    0.028083449229598045,
                    -0.9936124086380005,
                    -0.10929550975561142,
                    -0.4405842423439026
                ],
                [
                    0.0,
                    0.10933887958526611,
                    -0.9940046668052673,
                    -4.006960391998291
                ],
                [
                    0.0,
                    0.0,
                    0.0,
                    1.0
                ]
            ]
        },
        {
            "file_path": "/data/shapenet_blender/all_50_random/02958343/dfc08488e2ec687d1c64dffb0265c4d6/r_27",
            "rotation": 0.12566370614359174,
            "transform_matrix": [
                [
                    -0.6945072412490845,
                    0.39509817957878113,
                    -0.6012963056564331,
                    -2.423902988433838
                ],
                [
                    -0.7194858193397522,
                    -0.38138142228126526,
                    0.5804209113121033,
                    2.3397514820098877
                ],
                [
                    0.0,
                    0.8357306718826294,
                    0.5491396188735962,
                    2.2136526107788086
                ],
                [
                    0.0,
                    0.0,
                    0.0,
                    1.0
                ]
            ]
        },
        {
            "file_path": "/data/shapenet_blender/all_50_random/02958343/dfc08488e2ec687d1c64dffb0265c4d6/r_28",
            "rotation": 0.12566370614359174,
            "transform_matrix": [
                [
                    0.3848603069782257,
                    0.37915706634521484,
                    0.8415001034736633,
                    3.392195463180542
                ],
                [
                    0.9229749441146851,
                    -0.1581001728773117,
                    -0.3508870601654053,
                    -1.4144710302352905
                ],
                [
                    0.0,
                    0.9117259383201599,
                    -0.41079893708229065,
                    -1.6559834480285645
                ],
                [
                    0.0,
                    0.0,
                    0.0,
                    1.0
                ]
            ]
        },
        {
            "file_path": "/data/shapenet_blender/all_50_random/02958343/dfc08488e2ec687d1c64dffb0265c4d6/r_29",
            "rotation": 0.12566370614359174,
            "transform_matrix": [
                [
                    -0.03362812474370003,
                    -0.03851644694805145,
                    0.998691976070404,
                    4.025856018066406
                ],
                [
                    0.9994344711303711,
                    -0.0012959687737748027,
                    0.03360313922166824,
                    0.1354585886001587
                ],
                [
                    1.1641533570472262e-10,
                    0.9992570281028748,
                    0.03853825107216835,
                    0.1553526520729065
                ],
                [
                    0.0,
                    0.0,
                    0.0,
                    1.0
                ]
            ]
        },
        {
            "file_path": "/data/shapenet_blender/all_50_random/02958343/dfc08488e2ec687d1c64dffb0265c4d6/r_30",
            "rotation": 0.12566370614359174,
            "transform_matrix": [
                [
                    -0.8562706112861633,
                    -0.20966702699661255,
                    0.47205981612205505,
                    1.9029340744018555
                ],
                [
                    0.5165275931358337,
                    -0.34757426381111145,
                    0.7825543284416199,
                    3.1545777320861816
                ],
                [
                    0.0,
                    0.9139102697372437,
                    0.40591633319854736,
                    1.6363011598587036
                ],
                [
                    0.0,
                    0.0,
                    0.0,
                    1.0
                ]
            ]
        },
        {
            "file_path": "/data/shapenet_blender/all_50_random/02958343/dfc08488e2ec687d1c64dffb0265c4d6/r_31",
            "rotation": 0.12566370614359174,
            "transform_matrix": [
                [
                    -0.09243116527795792,
                    -0.44626304507255554,
                    0.8901156187057495,
                    3.5881707668304443
                ],
                [
                    0.9957191944122314,
                    -0.041425950825214386,
                    0.08262813836336136,
                    0.33308467268943787
                ],
                [
                    0.0,
                    0.8939424753189087,
                    0.4481816589832306,
                    1.806678056716919
                ],
                [
                    0.0,
                    0.0,
                    0.0,
                    1.0
                ]
            ]
        },
        {
            "file_path": "/data/shapenet_blender/all_50_random/02958343/dfc08488e2ec687d1c64dffb0265c4d6/r_32",
            "rotation": 0.12566370614359174,
            "transform_matrix": [
                [
                    0.487491250038147,
                    0.7721472978591919,
                    -0.40760353207588196,
                    -1.6431024074554443
                ],
                [
                    -0.8731278777122498,
                    0.43111100792884827,
                    -0.22757622599601746,
                    -0.9173890948295593
                ],
                [
                    0.0,
                    0.4668314754962921,
                    0.8843463659286499,
                    3.5649142265319824
                ],
                [
                    0.0,
                    0.0,
                    0.0,
                    1.0
                ]
            ]
        },
        {
            "file_path": "/data/shapenet_blender/all_50_random/02958343/dfc08488e2ec687d1c64dffb0265c4d6/r_33",
            "rotation": 0.12566370614359174,
            "transform_matrix": [
                [
                    -0.9668233394622803,
                    0.18463002145290375,
                    0.17653416097164154,
                    0.7116320133209229
                ],
                [
                    0.25544577836990356,
                    0.6987964510917664,
                    0.668154776096344,
                    2.693418264389038
                ],
                [
                    -1.4901160305669237e-08,
                    0.6910826563835144,
                    -0.7227756381034851,
                    -2.913602113723755
                ],
                [
                    0.0,
                    0.0,
                    0.0,
                    1.0
                ]
            ]
        },
        {
            "file_path": "/data/shapenet_blender/all_50_random/02958343/dfc08488e2ec687d1c64dffb0265c4d6/r_34",
            "rotation": 0.12566370614359174,
            "transform_matrix": [
                [
                    -0.9473124742507935,
                    -0.19208134710788727,
                    -0.2563275098800659,
                    -1.0332891941070557
                ],
                [
                    -0.3203108310699463,
                    0.5680764317512512,
                    0.7580831050872803,
                    3.0559308528900146
                ],
                [
                    -1.4901161193847656e-08,
                    0.8002460598945618,
                    -0.5996716618537903,
                    -2.417353868484497
                ],
                [
                    0.0,
                    0.0,
                    0.0,
                    1.0
                ]
            ]
        },
        {
            "file_path": "/data/shapenet_blender/all_50_random/02958343/dfc08488e2ec687d1c64dffb0265c4d6/r_35",
            "rotation": 0.12566370614359174,
            "transform_matrix": [
                [
                    -0.07652091979980469,
                    0.0984756350517273,
                    -0.9921930432319641,
                    -3.9996581077575684
                ],
                [
                    -0.9970680475234985,
                    -0.0075576044619083405,
                    0.07614678144454956,
                    0.306957483291626
                ],
                [
                    4.656612873077393e-10,
                    0.995110809803009,
                    0.09876520931720734,
                    0.39813530445098877
                ],
                [
                    0.0,
                    0.0,
                    0.0,
                    1.0
                ]
            ]
        },
        {
            "file_path": "/data/shapenet_blender/all_50_random/02958343/dfc08488e2ec687d1c64dffb0265c4d6/r_36",
            "rotation": 0.12566370614359174,
            "transform_matrix": [
                [
                    -0.7778490781784058,
                    -0.4335317611694336,
                    -0.45497366786003113,
                    -1.8340575695037842
                ],
                [
                    -0.6284511685371399,
                    0.5365926027297974,
                    0.5631318092346191,
                    2.270056962966919
                ],
                [
                    -2.980232594040899e-08,
                    0.723960280418396,
                    -0.6898415684700012,
                    -2.7808403968811035
                ],
                [
                    0.0,
                    0.0,
                    0.0,
                    1.0
                ]
            ]
        },
        {
            "file_path": "/data/shapenet_blender/all_50_random/02958343/dfc08488e2ec687d1c64dffb0265c4d6/r_37",
            "rotation": 0.12566370614359174,
            "transform_matrix": [
                [
                    -0.11519917845726013,
                    -0.8254737854003906,
                    0.5525596737861633,
                    2.2274394035339355
                ],
                [
                    0.993342399597168,
                    -0.09573124349117279,
                    0.06408104300498962,
                    0.2583189606666565
                ],
                [
                    3.725290298461914e-09,
                    0.5562630295753479,
                    0.8310062289237976,
                    3.34989333152771
                ],
                [
                    0.0,
                    0.0,
                    0.0,
                    1.0
                ]
            ]
        },
        {
            "file_path": "/data/shapenet_blender/all_50_random/02958343/dfc08488e2ec687d1c64dffb0265c4d6/r_38",
            "rotation": 0.12566370614359174,
            "transform_matrix": [
                [
                    0.7783471941947937,
                    -0.18388576805591583,
                    0.6003013253211975,
                    2.4198920726776123
                ],
                [
                    0.6278340816497803,
                    0.22796940803527832,
                    -0.7442138195037842,
                    -3.0000219345092773
                ],
                [
                    0.0,
                    0.9561462998390198,
                    0.2928891181945801,
                    1.1806738376617432
                ],
                [
                    0.0,
                    0.0,
                    0.0,
                    1.0
                ]
            ]
        },
        {
            "file_path": "/data/shapenet_blender/all_50_random/02958343/dfc08488e2ec687d1c64dffb0265c4d6/r_39",
            "rotation": 0.12566370614359174,
            "transform_matrix": [
                [
                    -0.1251550018787384,
                    -0.42416688799858093,
                    -0.8968938589096069,
                    -3.615494728088379
                ],
                [
                    -0.9921371936798096,
                    0.053507331758737564,
                    0.11314036697149277,
                    0.45608341693878174
                ],
                [
                    0.0,
                    0.9040018320083618,
                    -0.4275285005569458,
                    -1.7234225273132324
                ],
                [
                    0.0,
                    0.0,
                    0.0,
                    1.0
                ]
            ]
        },
        {
            "file_path": "/data/shapenet_blender/all_50_random/02958343/dfc08488e2ec687d1c64dffb0265c4d6/r_40",
            "rotation": 0.12566370614359174,
            "transform_matrix": [
                [
                    0.8353880047798157,
                    -0.09971504658460617,
                    0.5405401587486267,
                    2.1789872646331787
                ],
                [
                    0.5496606230735779,
                    0.15154941380023956,
                    -0.8215265274047852,
                    -3.3116796016693115
                ],
                [
                    7.450580152834618e-09,
                    0.983407199382782,
                    0.1814119964838028,
                    0.7312952280044556
                ],
                [
                    0.0,
                    0.0,
                    0.0,
                    1.0
                ]
            ]
        },
        {
            "file_path": "/data/shapenet_blender/all_50_random/02958343/dfc08488e2ec687d1c64dffb0265c4d6/r_41",
            "rotation": 0.12566370614359174,
            "transform_matrix": [
                [
                    -0.047710269689559937,
                    0.5781862139701843,
                    -0.8145086765289307,
                    -3.2833895683288574
                ],
                [
                    -0.9988612532615662,
                    -0.027616871520876884,
                    0.03890473395586014,
                    0.15682999789714813
                ],
                [
                    0.0,
