{
    "class": "02958343",
    "model": "949f6240e1a760992dc53e2d2dfd58d0",
    "remove_doubles": true,
    "edge_split": true,
    "denoise": true,
    "camera_angle_x": 0.6911112070083618,
    "scale_factor": 2.2328979613239954,
    "hdri_file": "/data/IndoorHDRDataset2018/9C4A3279-40c54fd0d6.exr",
    "center_offset": [
        0.0,
        -3.725290298461914e-09,
        0.0
    ],
    "lights": [],
    "frames": [
        {
            "file_path": "/data/shapenet_blender/all_50_random/02958343/949f6240e1a760992dc53e2d2dfd58d0/r_0",
            "rotation": 0.12566370614359174,
            "transform_matrix": [
                [
                    -0.05235298350453377,
                    0.11121619492769241,
                    0.9924163818359375,
                    4.000557899475098
                ],
                [
                    0.9986286759376526,
                    0.005830495152622461,
                    0.05202730372548103,
                    0.20972874760627747
                ],
                [
                    0.0,
                    0.9937791228294373,
                    -0.11136893182992935,
                    -0.44894248247146606
                ],
                [
                    0.0,
                    0.0,
                    0.0,
                    1.0
                ]
            ]
        },
        {
            "file_path": "/data/shapenet_blender/all_50_random/02958343/949f6240e1a760992dc53e2d2dfd58d0/r_1",
            "rotation": 0.12566370614359174,
            "transform_matrix": [
                [
                    0.9999609589576721,
                    -0.003187959548085928,
                    0.008235757239162922,
                    0.03319939970970154
                ],
                [
                    0.008831238374114037,
                    0.3609725534915924,
                    -0.9325345754623413,
                    -3.759167194366455
                ],
                [
                    2.3283064365386963e-10,
                    0.9325709342956543,
                    0.3609866499900818,
                    1.455183744430542
                ],
                [
                    0.0,
                    0.0,
                    0.0,
                    1.0
                ]
            ]
        },
        {
            "file_path": "/data/shapenet_blender/all_50_random/02958343/949f6240e1a760992dc53e2d2dfd58d0/r_2",
            "rotation": 0.12566370614359174,
            "transform_matrix": [
                [
                    -0.7453896403312683,
                    0.6138566732406616,
                    0.2599503993988037,
                    1.0478935241699219
                ],
                [
                    0.6666290760040283,
                    0.6863823533058167,
                    0.2906629145145416,
                    1.1716996431350708
                ],
                [
                    0.0,
                    0.3899475932121277,
                    -0.9208370447158813,
                    -3.712012767791748
                ],
                [
                    0.0,
                    0.0,
                    0.0,
                    1.0
                ]
            ]
        },
        {
            "file_path": "/data/shapenet_blender/all_50_random/02958343/949f6240e1a760992dc53e2d2dfd58d0/r_3",
            "rotation": 0.12566370614359174,
            "transform_matrix": [
                [
                    -0.9064341187477112,
                    0.057807423174381256,
                    -0.4183723032474518,
                    -1.6865124702453613
                ],
                [
                    -0.4223470091819763,
                    -0.12406531721353531,
                    0.8979036211967468,
                    3.6195647716522217
                ],
                [
                    3.7252896323280993e-09,
                    0.9905886650085449,
                    0.13687185943126678,
                    0.5517480373382568
                ],
                [
                    0.0,
                    0.0,
                    0.0,
                    1.0
                ]
            ]
        },
        {
            "file_path": "/data/shapenet_blender/all_50_random/02958343/949f6240e1a760992dc53e2d2dfd58d0/r_4",
            "rotation": 0.12566370614359174,
            "transform_matrix": [
                [
                    0.5870507955551147,
                    -0.03613991290330887,
                    -0.8087429404258728,
                    -3.2601473331451416
                ],
                [
                    -0.8095501065254211,
                    -0.026207106187939644,
                    -0.5864654779434204,
                    -2.3641180992126465
                ],
                [
                    0.0,
                    0.9990030527114868,
                    -0.04464196786284447,
                    -0.1799575388431549
                ],
                [
                    0.0,
                    0.0,
                    0.0,
                    1.0
                ]
            ]
        },
        {
            "file_path": "/data/shapenet_blender/all_50_random/02958343/949f6240e1a760992dc53e2d2dfd58d0/r_5",
            "rotation": 0.12566370614359174,
            "transform_matrix": [
                [
                    0.6480513215065002,
                    0.7088090777397156,
                    -0.2786020040512085,
                    -1.1230806112289429
                ],
                [
                    -0.7615967988967896,
                    0.6031337380409241,
                    -0.2370656430721283,
                    -0.9556421041488647
                ],
                [
                    0.0,
                    0.36581289768218994,
                    0.9306883215904236,
                    3.7517244815826416
                ],
                [
                    0.0,
                    0.0,
                    0.0,
                    1.0
                ]
            ]
        },
        {
            "file_path": "/data/shapenet_blender/all_50_random/02958343/949f6240e1a760992dc53e2d2dfd58d0/r_6",
            "rotation": 0.12566370614359174,
            "transform_matrix": [
                [
                    -0.8407430052757263,
                    -0.4357193112373352,
                    -0.3214028477668762,
                    -1.2956163883209229
                ],
                [
                    -0.5414342880249023,
                    0.6765879392623901,
                    0.49907660484313965,
                    2.0118422508239746
                ],
                [
                    -1.4901161193847656e-08,
                    0.5936136245727539,
                    -0.8047499656677246,
                    -3.244051218032837
                ],
                [
                    0.0,
                    0.0,
                    0.0,
                    1.0
                ]
            ]
        },
        {
            "file_path": "/data/shapenet_blender/all_50_random/02958343/949f6240e1a760992dc53e2d2dfd58d0/r_7",
            "rotation": 0.12566370614359174,
            "transform_matrix": [
                [
                    -0.8929979801177979,
                    0.37476226687431335,
                    0.24921484291553497,
                    1.0046172142028809
                ],
                [
                    0.4500609040260315,
                    0.7435925602912903,
                    0.49448493123054504,
                    1.9933326244354248
                ],
                [
                    -1.4901162970204496e-08,
                    0.5537357926368713,
                    -0.8326922655105591,
                    -3.3566901683807373
                ],
                [
                    0.0,
                    0.0,
                    0.0,
                    1.0
                ]
            ]
        },
        {
            "file_path": "/data/shapenet_blender/all_50_random/02958343/949f6240e1a760992dc53e2d2dfd58d0/r_8",
            "rotation": 0.12566370614359174,
            "transform_matrix": [
                [
                    -0.8084717392921448,
                    -0.15653647482395172,
                    -0.5673355460166931,
                    -2.2870030403137207
                ],
                [
                    -0.5885348916053772,
                    0.21503452956676483,
                    0.7793501615524292,
                    3.1416611671447754
                ],
                [
                    7.450580152834618e-09,
                    0.9639794826507568,
                    -0.2659764885902405,
                    -1.0721856355667114
                ],
                [
                    0.0,
                    0.0,
                    0.0,
                    1.0
                ]
            ]
        },
        {
            "file_path": "/data/shapenet_blender/all_50_random/02958343/949f6240e1a760992dc53e2d2dfd58d0/r_9",
            "rotation": 0.12566370614359174,
            "transform_matrix": [
                [
                    0.8265485763549805,
                    0.37919506430625916,
                    0.4159671366214752,
                    1.6768171787261963
                ],
                [
                    0.5628655552864075,
                    -0.5568347573280334,
                    -0.6108332872390747,
                    -2.4623477458953857
                ],
                [
                    0.0,
                    0.7390168905258179,
                    -0.6736868619918823,
                    -2.7157185077667236
                ],
                [
                    0.0,
                    0.0,
                    0.0,
                    1.0
                ]
            ]
        },
        {
            "file_path": "/data/shapenet_blender/all_50_random/02958343/949f6240e1a760992dc53e2d2dfd58d0/r_10",
            "rotation": 0.12566370614359174,
            "transform_matrix": [
                [
                    0.6172312498092651,
                    0.36110615730285645,
                    0.6990192532539368,
                    2.8178367614746094
                ],
                [
                    0.7867817282676697,
                    -0.28328821063041687,
                    -0.548381507396698,
                    -2.2105965614318848
                ],
                [
                    -2.9802320611338473e-08,
                    0.8884538412094116,
                    -0.4589660167694092,
                    -1.8501511812210083
                ],
                [
                    0.0,
                    0.0,
                    0.0,
                    1.0
                ]
            ]
        },
        {
            "file_path": "/data/shapenet_blender/all_50_random/02958343/949f6240e1a760992dc53e2d2dfd58d0/r_11",
            "rotation": 0.12566370614359174,
            "transform_matrix": [
                [
                    -0.493049681186676,
                    0.8293396234512329,
                    -0.26286450028419495,
                    -1.059640645980835
                ],
                [
                    -0.8700011372566223,
                    -0.4700058698654175,
                    0.14897136390209198,
                    0.6005227565765381
                ],
                [
                    -7.450580596923828e-09,
                    0.30214279890060425,
                    0.9532626867294312,
                    3.8427248001098633
                ],
                [
                    0.0,
                    0.0,
                    0.0,
                    1.0
                ]
            ]
        },
        {
            "file_path": "/data/shapenet_blender/all_50_random/02958343/949f6240e1a760992dc53e2d2dfd58d0/r_12",
            "rotation": 0.12566370614359174,
            "transform_matrix": [
                [
                    0.633864164352417,
                    0.03619846701622009,
                    -0.7725968360900879,
                    -3.1144375801086426
                ],
                [
                    -0.7734443545341492,
                    0.029665883630514145,
                    -0.6331695914268494,
                    -2.5523881912231445
                ],
                [
                    0.0,
                    0.998904287815094,
                    0.04680163785815239,
                    0.18866343796253204
                ],
                [
                    0.0,
                    0.0,
                    0.0,
                    1.0
                ]
            ]
        },
        {
            "file_path": "/data/shapenet_blender/all_50_random/02958343/949f6240e1a760992dc53e2d2dfd58d0/r_13",
            "rotation": 0.12566370614359174,
            "transform_matrix": [
                [
                    0.9825922250747681,
                    0.047728825360536575,
                    0.17953982949256897,
                    0.7237482070922852
                ],
                [
                    0.18577566742897034,
                    -0.25244414806365967,
                    -0.9496101140975952,
                    -3.828000783920288
                ],
                [
                    3.725290298461914e-09,
                    0.9664336442947388,
                    -0.25691649317741394,
                    -1.0356634855270386
                ],
                [
                    0.0,
                    0.0,
                    0.0,
                    1.0
                ]
            ]
        },
        {
            "file_path": "/data/shapenet_blender/all_50_random/02958343/949f6240e1a760992dc53e2d2dfd58d0/r_14",
            "rotation": 0.12566370614359174,
            "transform_matrix": [
                [
                    -0.9928765892982483,
                    0.012761646881699562,
                    0.11846249550580978,
                    0.4775375723838806
                ],
                [
                    0.1191479042172432,
                    0.10634464025497437,
                    0.9871649742126465,
                    3.979388952255249
                ],
                [
                    -9.313225746154785e-10,
                    0.9942473769187927,
                    -0.10710762441158295,
                    -0.4317646324634552
                ],
                [
                    0.0,
                    0.0,
                    0.0,
                    1.0
                ]
            ]
        },
        {
            "file_path": "/data/shapenet_blender/all_50_random/02958343/949f6240e1a760992dc53e2d2dfd58d0/r_15",
            "rotation": 0.12566370614359174,
            "transform_matrix": [
                [
                    -0.6631189584732056,
                    -0.23533858358860016,
                    -0.7105553150177002,
                    -2.864340305328369
                ],
                [
                    -0.74851393699646,
                    0.20848974585533142,
                    0.629490852355957,
                    2.5375590324401855
                ],
                [
                    0.0,
                    0.9492879509925842,
                    -0.31440770626068115,
                    -1.2674181461334229
                ],
                [
                    0.0,
                    0.0,
                    0.0,
                    1.0
                ]
            ]
        },
        {
            "file_path": "/data/shapenet_blender/all_50_random/02958343/949f6240e1a760992dc53e2d2dfd58d0/r_16",
            "rotation": 0.12566370614359174,
            "transform_matrix": [
                [
                    0.20764178037643433,
                    -0.847415566444397,
                    -0.48864275217056274,
                    -1.9697819948196411
                ],
                [
                    -0.9782049655914307,
                    -0.1798793375492096,
                    -0.10372329503297806,
                    -0.41812196373939514
                ],
                [
                    0.0,
                    0.4995298981666565,
                    -0.8662965893745422,
                    -3.4921531677246094
                ],
                [
                    0.0,
                    0.0,
                    0.0,
                    1.0
                ]
            ]
        },
        {
            "file_path": "/data/shapenet_blender/all_50_random/02958343/949f6240e1a760992dc53e2d2dfd58d0/r_17",
            "rotation": 0.12566370614359174,
            "transform_matrix": [
                [
                    0.823107898235321,
                    0.14748215675354004,
                    0.548399806022644,
                    2.2106704711914062
                ],
                [
                    0.5678850412368774,
                    -0.21376463770866394,
                    -0.7948654890060425,
                    -3.2042057514190674
                ],
                [
                    0.0,
                    0.9656881093978882,
                    -0.2597042918205261,
                    -1.0469015836715698
                ],
                [
                    0.0,
                    0.0,
                    0.0,
                    1.0
                ]
            ]
        },
        {
            "file_path": "/data/shapenet_blender/all_50_random/02958343/949f6240e1a760992dc53e2d2dfd58d0/r_18",
            "rotation": 0.12566370614359174,
            "transform_matrix": [
                [
                    0.951897919178009,
                    0.058839451521635056,
                    0.3007129728794098,
                    1.2122128009796143
                ],
                [
                    0.3064153492450714,
                    -0.18278831243515015,
                    -0.9341830611228943,
                    -3.765812397003174
                ],
                [
                    0.0,
                    0.9813899993896484,
                    -0.19202512502670288,
                    -0.7740780115127563
                ],
                [
                    0.0,
                    0.0,
                    0.0,
                    1.0
                ]
            ]
        },
        {
            "file_path": "/data/shapenet_blender/all_50_random/02958343/949f6240e1a760992dc53e2d2dfd58d0/r_19",
            "rotation": 0.12566370614359174,
            "transform_matrix": [
                [
                    0.14314153790473938,
                    0.018886128440499306,
                    -0.9895220994949341,
                    -3.9888906478881836
                ],
                [
                    -0.9897022247314453,
                    0.002731517655774951,
                    -0.14311547577381134,
                    -0.5769168734550476
                ],
                [
                    0.0,
                    0.999817967414856,
                    0.01908263750374317,
                    0.07692456245422363
                ],
                [
                    0.0,
                    0.0,
                    0.0,
                    1.0
                ]
            ]
        },
        {
            "file_path": "/data/shapenet_blender/all_50_random/02958343/949f6240e1a760992dc53e2d2dfd58d0/r_20",
            "rotation": 0.12566370614359174,
            "transform_matrix": [
                [
                    0.5568880438804626,
                    0.3680669963359833,
                    0.744581937789917,
                    3.0015060901641846
                ],
                [
                    0.8305875658988953,
                    -0.2467796951532364,
                    -0.4992234408855438,
                    -2.012434244155884
                ],
                [
                    1.4901161193847656e-08,
                    0.8964520692825317,
                    -0.4431404769420624,
                    -1.7863566875457764
                ],
                [
                    0.0,
                    0.0,
                    0.0,
                    1.0
                ]
            ]
        },
        {
            "file_path": "/data/shapenet_blender/all_50_random/02958343/949f6240e1a760992dc53e2d2dfd58d0/r_21",
            "rotation": 0.12566370614359174,
            "transform_matrix": [
                [
                    0.16819342970848083,
                    0.01779884845018387,
                    -0.985593318939209,
                    -3.9730536937713623
                ],
                [
                    -0.9857540130615234,
                    0.0030369132291525602,
                    -0.16816601157188416,
                    -0.6778988838195801
                ],
                [
                    0.0,
                    0.9998369812965393,
                    0.018056074157357216,
                    0.0727863609790802
                ],
                [
                    0.0,
                    0.0,
                    0.0,
                    1.0
                ]
            ]
        },
        {
            "file_path": "/data/shapenet_blender/all_50_random/02958343/949f6240e1a760992dc53e2d2dfd58d0/r_22",
            "rotation": 0.12566370614359174,
            "transform_matrix": [
                [
                    0.013670748099684715,
                    -0.09148675948381424,
                    -0.995712399482727,
                    -4.013845443725586
                ],
                [
                    -0.999906599521637,
                    -0.0012508092913776636,
                    -0.013613405637443066,
                    -0.054877400398254395
                ],
                [
                    1.1641533570472262e-10,
                    0.9958054423332214,
                    -0.09149530529975891,
                    -0.3688294291496277
                ],
                [
                    0.0,
                    0.0,
                    0.0,
                    1.0
                ]
            ]
        },
        {
            "file_path": "/data/shapenet_blender/all_50_random/02958343/949f6240e1a760992dc53e2d2dfd58d0/r_23",
            "rotation": 0.12566370614359174,
            "transform_matrix": [
                [
                    -0.9087967872619629,
                    -0.27289867401123047,
                    -0.3156181275844574,
                    -1.2722973823547363
                ],
                [
                    -0.4172391891479492,
                    0.5944059491157532,
                    0.6874539852142334,
                    2.7712156772613525
                ],
                [
                    1.4901162970204496e-08,
                    0.7564441561698914,
                    -0.6540582180023193,
                    -2.6365931034088135
                ],
                [
                    0.0,
                    0.0,
                    0.0,
                    1.0
                ]
            ]
        },
        {
            "file_path": "/data/shapenet_blender/all_50_random/02958343/949f6240e1a760992dc53e2d2dfd58d0/r_24",
            "rotation": 0.12566370614359174,
            "transform_matrix": [
                [
                    -0.9823859930038452,
                    0.10952403396368027,
                    0.1514013260602951,
                    0.6103183031082153
                ],
                [
                    0.1868632733821869,
                    0.5757945775985718,
                    0.7959538698196411,
                    3.2085928916931152
                ],
                [
                    1.4901161193847656e-08,
                    0.8102251887321472,
                    -0.5861185789108276,
                    -2.362719774246216
                ],
                [
                    0.0,
                    0.0,
                    0.0,
                    1.0
                ]
            ]
        },
        {
            "file_path": "/data/shapenet_blender/all_50_random/02958343/949f6240e1a760992dc53e2d2dfd58d0/r_25",
            "rotation": 0.12566370614359174,
            "transform_matrix": [
                [
                    -0.3056011199951172,
                    0.20037037134170532,
                    0.9308381676673889,
                    3.752328634262085
                ],
                [
                    0.9521597027778625,
                    0.06431001424789429,
                    0.2987578511238098,
                    1.204331398010254
                ],
                [
                    3.725290298461914e-09,
                    0.977607250213623,
                    -0.21043778955936432,
                    -0.848301887512207
                ],
                [
                    0.0,
                    0.0,
                    0.0,
                    1.0
                ]
            ]
        },
        {
            "file_path": "/data/shapenet_blender/all_50_random/02958343/949f6240e1a760992dc53e2d2dfd58d0/r_26",
            "rotation": 0.12566370614359174,
            "transform_matrix": [
                [
                    -0.7576847076416016,
                    0.3475613594055176,
                    0.5523721575737,
                    2.2266836166381836
                ],
                [
                    0.6526208519935608,
                    0.40351438522338867,
                    0.6412972211837769,
                    2.5851519107818604
                ],
                [
                    1.4901161193847656e-08,
                    0.8463907241821289,
                    -0.5325623750686646,
                    -2.1468279361724854
                ],
                [
                    0.0,
                    0.0,
                    0.0,
                    1.0
                ]
            ]
        },
        {
            "file_path": "/data/shapenet_blender/all_50_random/02958343/949f6240e1a760992dc53e2d2dfd58d0/r_27",
            "rotation": 0.12566370614359174,
            "transform_matrix": [
                [
                    0.3984210789203644,
                    0.3043214976787567,
                    0.8652451038360596,
                    3.487914562225342
                ],
                [
                    0.9172026515007019,
                    -0.13219335675239563,
                    -0.3758513629436493,
                    -1.5151052474975586
                ],
                [
                    0.0,
                    0.943352222442627,
                    -0.3317930996417999,
                    -1.337500810623169
                ],
                [
                    0.0,
                    0.0,
                    0.0,
                    1.0
                ]
            ]
        },
        {
            "file_path": "/data/shapenet_blender/all_50_random/02958343/949f6240e1a760992dc53e2d2dfd58d0/r_28",
            "rotation": 0.12566370614359174,
            "transform_matrix": [
                [
                    -0.8001061677932739,
                    -0.45632022619247437,
                    -0.38936102390289307,
                    -1.5695645809173584
                ],
                [
                    -0.5998585224151611,
                    0.6086512207984924,
                    0.519339382648468,
                    2.093524217605591
                ],
                [
                    0.0,
                    0.6490881443023682,
                    -0.7607131004333496,
                    -3.066532850265503
                ],
                [
                    0.0,
                    0.0,
                    0.0,
                    1.0
                ]
            ]
        },
        {
            "file_path": "/data/shapenet_blender/all_50_random/02958343/949f6240e1a760992dc53e2d2dfd58d0/r_29",
            "rotation": 0.12566370614359174,
            "transform_matrix": [
                [
                    0.6405048370361328,
                    -0.20439721643924713,
                    -0.7402534484863281,
                    -2.9840571880340576
                ],
                [
                    -0.7679539322853088,
                    -0.17047558724880219,
                    -0.6174014806747437,
                    -2.4888250827789307
                ],
                [
                    0.0,
                    0.9639294147491455,
                    -0.2661581039428711,
                    -1.0729175806045532
                ],
                [
                    0.0,
                    0.0,
                    0.0,
                    1.0
                ]
            ]
        },
        {
            "file_path": "/data/shapenet_blender/all_50_random/02958343/949f6240e1a760992dc53e2d2dfd58d0/r_30",
            "rotation": 0.12566370614359174,
            "transform_matrix": [
                [
                    -0.42014846205711365,
                    0.20252251625061035,
                    -0.8845676779747009,
                    -3.5658059120178223
                ],
                [
                    -0.907455325126648,
                    -0.09376717358827591,
                    0.40955156087875366,
                    1.6509549617767334
                ],
                [
                    0.0,
                    0.9747780561447144,
                    0.22317630052566528,
                    0.899652361869812
                ],
                [
                    0.0,
                    0.0,
                    0.0,
                    1.0
                ]
            ]
        },
        {
            "file_path": "/data/shapenet_blender/all_50_random/02958343/949f6240e1a760992dc53e2d2dfd58d0/r_31",
            "rotation": 0.12566370614359174,
            "transform_matrix": [
                [
                    0.9998683929443359,
                    -0.009911792352795601,
                    -0.012850700877606869,
                    -0.05180283635854721
                ],
                [
                    -0.016229117289185524,
                    -0.6106609106063843,
                    -0.791725754737854,
                    -3.1915488243103027
                ],
                [
                    9.31322685637781e-10,
                    0.7918300032615662,
                    -0.610741376876831,
                    -2.461977481842041
                ],
                [
                    0.0,
                    0.0,
                    0.0,
                    1.0
                ]
            ]
        },
        {
            "file_path": "/data/shapenet_blender/all_50_random/02958343/949f6240e1a760992dc53e2d2dfd58d0/r_32",
            "rotation": 0.12566370614359174,
            "transform_matrix": [
                [
                    -0.9387311935424805,
                    -0.1849086582660675,
                    0.2908481955528259,
                    1.172446608543396
                ],
                [
                    0.34465041756629944,
                    -0.5036394000053406,
                    0.7921890020370483,
                    3.193416118621826
                ],
                [
                    1.4901162970204496e-08,
                    0.8438933491706848,
                    0.5365108251571655,
                    2.1627442836761475
                ],
                [
                    0.0,
                    0.0,
                    0.0,
                    1.0
                ]
            ]
        },
        {
            "file_path": "/data/shapenet_blender/all_50_random/02958343/949f6240e1a760992dc53e2d2dfd58d0/r_33",
            "rotation": 0.12566370614359174,
            "transform_matrix": [
                [
                    -0.5822590589523315,
                    -0.04693404957652092,
                    -0.8116474151611328,
                    -3.271855592727661
                ],
                [
                    -0.8130033016204834,
                    0.03361336141824722,
                    0.5812879204750061,
                    2.3432466983795166
                ],
                [
                    1.862645149230957e-09,
                    0.9983322620391846,
                    -0.057729218155145645,
                    -0.23271393775939941
                ],
                [
                    0.0,
                    0.0,
                    0.0,
                    1.0
                ]
            ]
        },
        {
            "file_path": "/data/shapenet_blender/all_50_random/02958343/949f6240e1a760992dc53e2d2dfd58d0/r_34",
            "rotation": 0.12566370614359174,
            "transform_matrix": [
                [
                    -0.935746967792511,
                    -0.035407815128564835,
                    -0.3508901000022888,
                    -1.4144831895828247
                ],
                [
                    -0.3526720404624939,
                    0.09394778311252594,
                    0.9310188889503479,
                    3.7530572414398193
                ],
                [
                    3.725290076417309e-09,
                    0.9949472546577454,
                    -0.1003987044095993,
                    -0.40472012758255005
                ],
                [
                    0.0,
                    0.0,
                    0.0,
                    1.0
                ]
            ]
        },
        {
            "file_path": "/data/shapenet_blender/all_50_random/02958343/949f6240e1a760992dc53e2d2dfd58d0/r_35",
            "rotation": 0.12566370614359174,
            "transform_matrix": [
                [
                    -0.8319751024246216,
                    -0.040596671402454376,
                    -0.5533258318901062,
                    -2.230527877807617
                ],
                [
                    -0.5548131465911865,
                    0.060877107083797455,
                    0.8297447562217712,
                    3.3448081016540527
                ],
                [
                    0.0,
                    0.9973192811012268,
                    -0.07317180186510086,
                    -0.2949649691581726
                ],
                [
                    0.0,
                    0.0,
                    0.0,
                    1.0
                ]
            ]
        },
        {
            "file_path": "/data/shapenet_blender/all_50_random/02958343/949f6240e1a760992dc53e2d2dfd58d0/r_36",
            "rotation": 0.12566370614359174,
            "transform_matrix": [
                [
                    0.9882604479789734,
                    -0.1468992978334427,
                    -0.041975170373916626,
                    -0.16920733451843262
                ],
                [
                    -0.15277867019176483,
                    -0.9502292275428772,
                    -0.2715195417404175,
                    -1.0945303440093994
                ],
                [
                    0.0,
                    0.2747449576854706,
                    -0.9615170359611511,
                    -3.8759994506835938
                ],
                [
                    0.0,
                    0.0,
                    0.0,
                    1.0
                ]
            ]
        },
        {
            "file_path": "/data/shapenet_blender/all_50_random/02958343/949f6240e1a760992dc53e2d2dfd58d0/r_37",
            "rotation": 0.12566370614359174,
            "transform_matrix": [
                [
                    0.8569353818893433,
                    -0.3486359119415283,
                    0.3796245753765106,
                    1.5303157567977905
                ],
                [
                    0.5154239535331726,
                    0.57963627576828,
                    -0.6311575174331665,
                    -2.5442776679992676
                ],
                [
                    0.0,
                    0.7365288138389587,
                    0.6764060258865356,
                    2.726680040359497
                ],
                [
                    0.0,
                    0.0,
                    0.0,
                    1.0
                ]
            ]
        },
        {
            "file_path": "/data/shapenet_blender/all_50_random/02958343/949f6240e1a760992dc53e2d2dfd58d0/r_38",
            "rotation": 0.12566370614359174,
            "transform_matrix": [
                [
                    -0.41493701934814453,
                    -0.1138620525598526,
                    -0.9026974439620972,
                    -3.638889789581299
                ],
                [
                    -0.9098501205444336,
                    0.05192676931619644,
                    0.41167503595352173,
                    1.659515142440796
                ],
                [
                    -3.725290076417309e-09,
                    0.992138683795929,
                    -0.12514372169971466,
                    -0.5044704675674438
                ],
                [
                    0.0,
                    0.0,
                    0.0,
                    1.0
                ]
            ]
        },
        {
            "file_path": "/data/shapenet_blender/all_50_random/02958343/949f6240e1a760992dc53e2d2dfd58d0/r_39",
            "rotation": 0.12566370614359174,
            "transform_matrix": [
                [
                    0.5351926684379578,
                    0.2926509380340576,
                    0.7924165725708008,
                    3.194333553314209
                ],
                [
                    0.8447299599647522,
                    -0.1854138821363449,
                    -0.502048671245575,
                    -2.0238232612609863
                ],
                [
                    1.4901161193847656e-08,
                    0.9380708932876587,
                    -0.34644320607185364,
                    -1.396557331085205
                ],
                [
                    0.0,
                    0.0,
                    0.0,
                    1.0
                ]
            ]
        },
        {
            "file_path": "/data/shapenet_blender/all_50_random/02958343/949f6240e1a760992dc53e2d2dfd58d0/r_40",
            "rotation": 0.12566370614359174,
            "transform_matrix": [
                [
                    0.6971940994262695,
                    0.6940621137619019,
                    -0.1794385462999344,
                    -0.7233399152755737
                ],
                [
                    -0.7168825268745422,
                    0.6750004291534424,
                    -0.17451046407222748,
                    -0.7034741640090942
                ],
                [
                    -7.450580596923828e-09,
                    0.25030380487442017,
                    0.9681673049926758,
                    3.9028069972991943
                ],
                [
                    0.0,
                    0.0,
                    0.0,
                    1.0
                ]
            ]
        },
        {
            "file_path": "/data/shapenet_blender/all_50_random/02958343/949f6240e1a760992dc53e2d2dfd58d0/r_41",
            "rotation": 0.12566370614359174,
            "transform_matrix": [
                [
                    0.998592734336853,
                    0.005237717647105455,
                    0.05277271196246147,
                    0.21273362636566162
                ],
                [
                    0.05303199589252472,
                    -0.09862624853849411,
                    -0.9937103986740112,
