{
    "class": "02958343",
    "model": "5a2d4ea15ef5c18abab6b34711b43bed",
    "remove_doubles": true,
    "edge_split": true,
    "denoise": true,
    "camera_angle_x": 0.6911112070083618,
    "scale_factor": 2.23650856939546,
    "hdri_file": "/data/IndoorHDRDataset2018/9C4A4903-5827dd45e5.exr",
    "center_offset": [
        0.0,
        -1.862645149230957e-09,
        -3.725290298461914e-09
    ],
    "lights": [],
    "frames": [
        {
            "file_path": "/data/shapenet_blender/all_50_random/02958343/5a2d4ea15ef5c18abab6b34711b43bed/r_0",
            "rotation": 0.12566370614359174,
            "transform_matrix": [
                [
                    -0.42932844161987305,
                    0.5533778071403503,
                    0.7137576937675476,
                    2.877249240875244
                ],
                [
                    0.903148353099823,
                    0.26305848360061646,
                    0.3392980694770813,
                    1.3677542209625244
                ],
                [
                    1.4901160305669237e-08,
                    0.7902993559837341,
                    -0.6127208471298218,
                    -2.469956636428833
                ],
                [
                    0.0,
                    0.0,
                    0.0,
                    1.0
                ]
            ]
        },
        {
            "file_path": "/data/shapenet_blender/all_50_random/02958343/5a2d4ea15ef5c18abab6b34711b43bed/r_1",
            "rotation": 0.12566370614359174,
            "transform_matrix": [
                [
                    0.6573790311813354,
                    -0.018958747386932373,
                    0.7533214688301086,
                    3.036736249923706
                ],
                [
                    0.7535601854324341,
                    0.016538934782147408,
                    -0.657170832157135,
                    -2.6491405963897705
                ],
                [
                    9.31322685637781e-10,
                    0.9996834397315979,
                    0.025158904492855072,
                    0.10141879320144653
                ],
                [
                    0.0,
                    0.0,
                    0.0,
                    1.0
                ]
            ]
        },
        {
            "file_path": "/data/shapenet_blender/all_50_random/02958343/5a2d4ea15ef5c18abab6b34711b43bed/r_2",
            "rotation": 0.12566370614359174,
            "transform_matrix": [
                [
                    -0.4471433758735657,
                    0.011904100887477398,
                    -0.8943830132484436,
                    -3.6053733825683594
                ],
                [
                    -0.8944622874259949,
                    -0.005950882565230131,
                    0.4471037685871124,
                    1.802333116531372
                ],
                [
                    0.0,
                    0.9999114274978638,
                    0.013308665715157986,
                    0.05364895239472389
                ],
                [
                    0.0,
                    0.0,
                    0.0,
                    1.0
                ]
            ]
        },
        {
            "file_path": "/data/shapenet_blender/all_50_random/02958343/5a2d4ea15ef5c18abab6b34711b43bed/r_3",
            "rotation": 0.12566370614359174,
            "transform_matrix": [
                [
                    0.03901805728673935,
                    -0.5139103531837463,
                    -0.8569560647010803,
                    -3.454500436782837
                ],
                [
                    -0.9992384910583496,
                    -0.020067065954208374,
                    -0.033462245017290115,
                    -0.1348906308412552
                ],
                [
                    0.0,
                    0.8576091527938843,
                    -0.5143019556999207,
                    -2.0732173919677734
                ],
                [
                    0.0,
                    0.0,
                    0.0,
                    1.0
                ]
            ]
        },
        {
            "file_path": "/data/shapenet_blender/all_50_random/02958343/5a2d4ea15ef5c18abab6b34711b43bed/r_4",
            "rotation": 0.12566370614359174,
            "transform_matrix": [
                [
                    0.03693196177482605,
                    -0.43955209851264954,
                    -0.897457480430603,
                    -3.617766857147217
                ],
                [
                    -0.9993177056312561,
                    -0.01624460518360138,
                    -0.03316749632358551,
                    -0.13370245695114136
                ],
                [
                    0.0,
                    0.8980701565742493,
                    -0.43985217809677124,
                    -1.7731008529663086
                ],
                [
                    0.0,
                    0.0,
                    0.0,
                    1.0
                ]
            ]
        },
        {
            "file_path": "/data/shapenet_blender/all_50_random/02958343/5a2d4ea15ef5c18abab6b34711b43bed/r_5",
            "rotation": 0.12566370614359174,
            "transform_matrix": [
                [
                    0.9189457893371582,
                    0.2956584692001343,
                    -0.26100704073905945,
                    -1.0521529912948608
                ],
                [
                    -0.39438384771347046,
                    0.68890780210495,
                    -0.6081672310829163,
                    -2.4516005516052246
                ],
                [
                    0.0,
                    0.6618096232414246,
                    0.7496719360351562,
                    3.022024154663086
                ],
                [
                    0.0,
                    0.0,
                    0.0,
                    1.0
                ]
            ]
        },
        {
            "file_path": "/data/shapenet_blender/all_50_random/02958343/5a2d4ea15ef5c18abab6b34711b43bed/r_6",
            "rotation": 0.12566370614359174,
            "transform_matrix": [
                [
                    0.9969158172607422,
                    0.040540460497140884,
                    -0.067197285592556,
                    -0.27088093757629395
                ],
                [
                    -0.0784793272614479,
                    0.5149818062782288,
                    -0.8536010384559631,
                    -3.4409759044647217
                ],
                [
                    0.0,
                    0.8562418222427368,
                    0.516575038433075,
                    2.082380533218384
                ],
                [
                    0.0,
                    0.0,
                    0.0,
                    1.0
                ]
            ]
        },
        {
            "file_path": "/data/shapenet_blender/all_50_random/02958343/5a2d4ea15ef5c18abab6b34711b43bed/r_7",
            "rotation": 0.12566370614359174,
            "transform_matrix": [
                [
                    -0.856021523475647,
                    0.25789448618888855,
                    0.448015034198761,
                    1.8060063123703003
                ],
                [
                    0.5169400572776794,
                    0.4270577132701874,
                    0.7418858408927917,
                    2.9906375408172607
                ],
                [
                    0.0,
                    0.8666672110557556,
                    -0.4988866448402405,
                    -2.0110764503479004
                ],
                [
                    0.0,
                    0.0,
                    0.0,
                    1.0
                ]
            ]
        },
        {
            "file_path": "/data/shapenet_blender/all_50_random/02958343/5a2d4ea15ef5c18abab6b34711b43bed/r_8",
            "rotation": 0.12566370614359174,
            "transform_matrix": [
                [
                    -0.9983164668083191,
                    -0.033225301653146744,
                    -0.04754294082522392,
                    -0.19165173172950745
                ],
                [
                    -0.058002177625894547,
                    0.5718641877174377,
                    0.8182951807975769,
                    3.2986533641815186
                ],
                [
                    0.0,
                    0.819675087928772,
                    -0.5728286504745483,
                    -2.3091461658477783
                ],
                [
                    0.0,
                    0.0,
                    0.0,
                    1.0
                ]
            ]
        },
        {
            "file_path": "/data/shapenet_blender/all_50_random/02958343/5a2d4ea15ef5c18abab6b34711b43bed/r_9",
            "rotation": 0.12566370614359174,
            "transform_matrix": [
                [
                    -0.11696193367242813,
                    0.0002313119766768068,
                    -0.9931364059448242,
                    -4.00346040725708
                ],
                [
                    -0.9931364059448242,
                    -2.7241670977673493e-05,
                    0.11696193367242813,
                    0.4714885652065277
                ],
                [
                    0.0,
                    1.0,
                    0.0002329105482203886,
                    0.0009388923645019531
                ],
                [
                    0.0,
                    0.0,
                    0.0,
                    1.0
                ]
            ]
        },
        {
            "file_path": "/data/shapenet_blender/all_50_random/02958343/5a2d4ea15ef5c18abab6b34711b43bed/r_10",
            "rotation": 0.12566370614359174,
            "transform_matrix": [
                [
                    -0.10183853656053543,
                    0.7508912682533264,
                    0.6525266766548157,
                    2.6304194927215576
                ],
                [
                    0.9948010444641113,
                    0.07686930894851685,
                    0.06679964810609818,
                    0.26927801966667175
                ],
                [
                    3.725290742551124e-09,
                    0.6559369564056396,
                    -0.7548155188560486,
                    -3.0427589416503906
                ],
                [
                    0.0,
                    0.0,
                    0.0,
                    1.0
                ]
            ]
        },
        {
            "file_path": "/data/shapenet_blender/all_50_random/02958343/5a2d4ea15ef5c18abab6b34711b43bed/r_11",
            "rotation": 0.12566370614359174,
            "transform_matrix": [
                [
                    0.9981178045272827,
                    0.0014394380850717425,
                    -0.061307910829782486,
                    -0.24714010953903198
                ],
                [
                    -0.06132480874657631,
                    0.023428181186318398,
                    -0.9978427886962891,
                    -4.022433280944824
                ],
                [
                    -1.1641531488804091e-10,
                    0.9997243881225586,
                    0.023472357541322708,
                    0.09462010860443115
                ],
                [
                    0.0,
                    0.0,
                    0.0,
                    1.0
                ]
            ]
        },
        {
            "file_path": "/data/shapenet_blender/all_50_random/02958343/5a2d4ea15ef5c18abab6b34711b43bed/r_12",
            "rotation": 0.12566370614359174,
            "transform_matrix": [
                [
                    0.260245144367218,
                    -0.16873711347579956,
                    -0.950684130191803,
                    -3.8323302268981934
                ],
                [
                    -0.9655425548553467,
                    -0.045480143278837204,
                    -0.2562403082847595,
                    -1.03293776512146
                ],
                [
                    0.0,
                    0.9846112728118896,
                    -0.17475886642932892,
                    -0.7044755220413208
                ],
                [
                    0.0,
                    0.0,
                    0.0,
                    1.0
                ]
            ]
        },
        {
            "file_path": "/data/shapenet_blender/all_50_random/02958343/5a2d4ea15ef5c18abab6b34711b43bed/r_13",
            "rotation": 0.12566370614359174,
            "transform_matrix": [
                [
                    0.5254886150360107,
                    -0.13777092099189758,
                    0.8395718336105347,
                    3.3844220638275146
                ],
                [
                    0.8508005142211914,
                    0.08509286493062973,
                    -0.5185533165931702,
                    -2.090355157852173
                ],
                [
                    0.0,
                    0.9868021011352539,
                    0.1619309037923813,
                    0.6527643203735352
                ],
                [
                    0.0,
                    0.0,
                    0.0,
                    1.0
                ]
            ]
        },
        {
            "file_path": "/data/shapenet_blender/all_50_random/02958343/5a2d4ea15ef5c18abab6b34711b43bed/r_14",
            "rotation": 0.12566370614359174,
            "transform_matrix": [
                [
                    -0.9920058250427246,
                    -0.024557527154684067,
                    -0.12377911806106567,
                    -0.4989696145057678
                ],
                [
                    -0.12619169056415558,
                    0.19304923713207245,
                    0.9730403423309326,
                    3.9224512577056885
                ],
                [
                    -1.8626450382086546e-09,
                    0.9808817505836487,
                    -0.19460490345954895,
                    -0.7844775319099426
                ],
                [
                    0.0,
                    0.0,
                    0.0,
                    1.0
                ]
            ]
        },
        {
            "file_path": "/data/shapenet_blender/all_50_random/02958343/5a2d4ea15ef5c18abab6b34711b43bed/r_15",
            "rotation": 0.12566370614359174,
            "transform_matrix": [
                [
                    0.9017800092697144,
                    -0.16803784668445587,
                    0.39819103479385376,
                    1.6051594018936157
                ],
                [
                    0.43219536542892456,
                    0.3506126403808594,
                    -0.8308296203613281,
                    -3.3491814136505127
                ],
                [
                    0.0,
                    0.9213218688964844,
                    0.388800710439682,
                    1.5673058032989502
                ],
                [
                    0.0,
                    0.0,
                    0.0,
                    1.0
                ]
            ]
        },
        {
            "file_path": "/data/shapenet_blender/all_50_random/02958343/5a2d4ea15ef5c18abab6b34711b43bed/r_16",
            "rotation": 0.12566370614359174,
            "transform_matrix": [
                [
                    -0.999073326587677,
                    0.00045709958067163825,
                    0.04304018244147301,
                    0.17350053787231445
                ],
                [
                    0.0430426187813282,
                    0.010609855875372887,
                    0.9990168213844299,
                    4.02716588973999
                ],
                [
                    2.9103833926180656e-11,
                    0.9999436140060425,
                    -0.010619696229696274,
                    -0.042809367179870605
                ],
                [
                    0.0,
                    0.0,
                    0.0,
                    1.0
                ]
            ]
        },
        {
            "file_path": "/data/shapenet_blender/all_50_random/02958343/5a2d4ea15ef5c18abab6b34711b43bed/r_17",
            "rotation": 0.12566370614359174,
            "transform_matrix": [
                [
                    0.6805940270423889,
                    -0.44054079055786133,
                    0.5854191184043884,
                    2.3598999977111816
                ],
                [
                    0.732660710811615,
                    0.4092336595058441,
                    -0.5438161492347717,
                    -2.192193031311035
                ],
                [
                    -1.4901162970204496e-08,
                    0.7990316152572632,
                    0.601288914680481,
                    2.42387318611145
                ],
                [
                    0.0,
                    0.0,
                    0.0,
                    1.0
                ]
            ]
        },
        {
            "file_path": "/data/shapenet_blender/all_50_random/02958343/5a2d4ea15ef5c18abab6b34711b43bed/r_18",
            "rotation": 0.12566370614359174,
            "transform_matrix": [
                [
                    -0.998832643032074,
                    -0.004722482059150934,
                    -0.04807467386126518,
                    -0.19379520416259766
                ],
                [
                    -0.04830607399344444,
                    0.09764754772186279,
                    0.9940480589866638,
                    4.00713586807251
                ],
                [
                    -4.656613428188905e-10,
                    0.995209813117981,
                    -0.09776167571544647,
                    -0.3940899074077606
                ],
                [
                    0.0,
                    0.0,
                    0.0,
                    1.0
                ]
            ]
        },
        {
            "file_path": "/data/shapenet_blender/all_50_random/02958343/5a2d4ea15ef5c18abab6b34711b43bed/r_19",
            "rotation": 0.12566370614359174,
            "transform_matrix": [
                [
                    0.9654067158699036,
                    -0.031299784779548645,
                    -0.25886327028274536,
                    -1.0435113906860352
                ],
                [
                    -0.2607487142086029,
                    -0.11588562279939651,
                    -0.9584260582923889,
                    -3.863539218902588
                ],
                [
                    -1.862645149230957e-09,
                    0.9927692413330078,
                    -0.12003812938928604,
                    -0.4838891923427582
                ],
                [
                    0.0,
                    0.0,
                    0.0,
                    1.0
                ]
            ]
        },
        {
            "file_path": "/data/shapenet_blender/all_50_random/02958343/5a2d4ea15ef5c18abab6b34711b43bed/r_20",
            "rotation": 0.12566370614359174,
            "transform_matrix": [
                [
                    0.7335876226425171,
                    -0.08712177723646164,
                    0.6739873290061951,
                    2.7169299125671387
                ],
                [
                    0.6795948147773743,
                    0.09404347091913223,
                    -0.7275346517562866,
                    -2.932785987854004
                ],
                [
                    0.0,
                    0.9917487502098083,
                    0.1281966269016266,
                    0.5167771577835083
                ],
                [
                    0.0,
                    0.0,
                    0.0,
                    1.0
                ]
            ]
        },
        {
            "file_path": "/data/shapenet_blender/all_50_random/02958343/5a2d4ea15ef5c18abab6b34711b43bed/r_21",
            "rotation": 0.12566370614359174,
            "transform_matrix": [
                [
                    -0.7761737108230591,
                    -0.5584407448768616,
                    0.292743057012558,
                    1.1800850629806519
                ],
                [
                    0.6305192708969116,
                    -0.6874444484710693,
                    0.3603687584400177,
                    1.452692985534668
                ],
                [
                    0.0,
                    0.4642888009548187,
                    0.8856837749481201,
                    3.570305585861206
                ],
                [
                    0.0,
                    0.0,
                    0.0,
                    1.0
                ]
            ]
        },
        {
            "file_path": "/data/shapenet_blender/all_50_random/02958343/5a2d4ea15ef5c18abab6b34711b43bed/r_22",
            "rotation": 0.12566370614359174,
            "transform_matrix": [
                [
                    0.806553304195404,
                    0.3415512442588806,
                    0.4825085997581482,
                    1.945054531097412
                ],
                [
                    0.5911614894866943,
                    -0.4659966826438904,
                    -0.6583123207092285,
                    -2.6537420749664307
                ],
                [
                    1.4901162970204496e-08,
                    0.8162044882774353,
                    -0.577763020992279,
                    -2.3290374279022217
                ],
                [
                    0.0,
                    0.0,
                    0.0,
                    1.0
                ]
            ]
        },
        {
            "file_path": "/data/shapenet_blender/all_50_random/02958343/5a2d4ea15ef5c18abab6b34711b43bed/r_23",
            "rotation": 0.12566370614359174,
            "transform_matrix": [
                [
                    -0.9620357155799866,
                    -0.021085523068904877,
                    0.2721078097820282,
                    1.096901774406433
                ],
                [
                    0.2729235589504242,
                    -0.07432493567466736,
                    0.9591602683067322,
                    3.8664989471435547
                ],
                [
                    0.0,
                    0.997011125087738,
                    0.07725797593593597,
                    0.31143689155578613
                ],
                [
                    0.0,
                    0.0,
                    0.0,
                    1.0
                ]
            ]
        },
        {
            "file_path": "/data/shapenet_blender/all_50_random/02958343/5a2d4ea15ef5c18abab6b34711b43bed/r_24",
            "rotation": 0.12566370614359174,
            "transform_matrix": [
                [
                    0.5809118747711182,
                    0.5031840205192566,
                    -0.6398025155067444,
                    -2.5791263580322266
                ],
                [
                    -0.8139665126800537,
                    0.35911256074905396,
                    -0.4566144645214081,
                    -1.8406717777252197
                ],
                [
                    1.4901161193847656e-08,
                    0.7860304713249207,
                    0.6181877255439758,
                    2.4919943809509277
                ],
                [
                    0.0,
                    0.0,
                    0.0,
                    1.0
                ]
            ]
        },
        {
            "file_path": "/data/shapenet_blender/all_50_random/02958343/5a2d4ea15ef5c18abab6b34711b43bed/r_25",
            "rotation": 0.12566370614359174,
            "transform_matrix": [
                [
                    -0.06893110275268555,
                    -0.20516164600849152,
                    0.9762976765632629,
                    3.935581684112549
                ],
                [
                    0.9976213574409485,
                    -0.014175738207995892,
                    0.06745772808790207,
                    0.2719307839870453
                ],
                [
                    9.313224080820248e-10,
                    0.9786254167556763,
                    0.20565080642700195,
                    0.8290048837661743
                ],
                [
                    0.0,
                    0.0,
                    0.0,
                    1.0
                ]
            ]
        },
        {
            "file_path": "/data/shapenet_blender/all_50_random/02958343/5a2d4ea15ef5c18abab6b34711b43bed/r_26",
            "rotation": 0.12566370614359174,
            "transform_matrix": [
                [
                    -0.5052838921546936,
                    0.09803678840398788,
                    -0.8573662638664246,
                    -3.4561538696289062
                ],
                [
                    -0.8629531264305115,
                    -0.05740336328744888,
                    0.5020126700401306,
                    2.0236778259277344
                ],
                [
                    3.725290076417309e-09,
                    0.9935258626937866,
                    0.11360614746809006,
                    0.4579610228538513
                ],
                [
                    0.0,
                    0.0,
                    0.0,
                    1.0
                ]
            ]
        },
        {
            "file_path": "/data/shapenet_blender/all_50_random/02958343/5a2d4ea15ef5c18abab6b34711b43bed/r_27",
            "rotation": 0.12566370614359174,
            "transform_matrix": [
                [
                    0.5723203420639038,
                    0.7693300843238831,
                    -0.2838675081729889,
                    -1.1443065404891968
                ],
                [
                    -0.8200302124023438,
                    0.5369353890419006,
                    -0.19811849296092987,
                    -0.7986412048339844
                ],
                [
                    -1.4901161193847656e-08,
                    0.34616711735725403,
                    0.9381728768348694,
                    3.781895875930786
                ],
                [
                    0.0,
                    0.0,
                    0.0,
                    1.0
                ]
            ]
        },
        {
            "file_path": "/data/shapenet_blender/all_50_random/02958343/5a2d4ea15ef5c18abab6b34711b43bed/r_28",
            "rotation": 0.12566370614359174,
            "transform_matrix": [
                [
                    0.5849490761756897,
                    -0.7226375341415405,
                    -0.36827895045280457,
                    -1.4845799207687378
                ],
                [
                    -0.811069905757904,
                    -0.5211710333824158,
                    -0.26560524106025696,
                    -1.0706889629364014
                ],
                [
                    -1.4901160305669237e-08,
                    0.45406559109687805,
                    -0.8909682631492615,
                    -3.5916080474853516
                ],
                [
                    0.0,
                    0.0,
                    0.0,
                    1.0
                ]
            ]
        },
        {
            "file_path": "/data/shapenet_blender/all_50_random/02958343/5a2d4ea15ef5c18abab6b34711b43bed/r_29",
            "rotation": 0.12566370614359174,
            "transform_matrix": [
                [
                    -0.9352606534957886,
                    -0.07885067164897919,
                    -0.34506532549858093,
                    -1.3910027742385864
                ],
                [
                    -0.3539597690105438,
                    0.20834553241729736,
                    0.911759078502655,
                    3.6754183769226074
                ],
                [
                    7.450580596923828e-09,
                    0.9748715758323669,
                    -0.22276735305786133,
                    -0.8980039358139038
                ],
                [
                    0.0,
                    0.0,
                    0.0,
                    1.0
                ]
            ]
        },
        {
            "file_path": "/data/shapenet_blender/all_50_random/02958343/5a2d4ea15ef5c18abab6b34711b43bed/r_30",
            "rotation": 0.12566370614359174,
            "transform_matrix": [
                [
                    -0.5775982141494751,
                    -0.16610150039196014,
                    0.7992438077926636,
                    3.2218549251556396
                ],
                [
                    0.8163213133811951,
                    -0.11752716451883316,
                    0.5655148029327393,
                    2.2796630859375
                ],
                [
                    0.0,
                    0.9790799021720886,
                    0.203475683927536,
                    0.8202367424964905
                ],
                [
                    0.0,
                    0.0,
                    0.0,
                    1.0
                ]
            ]
        },
        {
            "file_path": "/data/shapenet_blender/all_50_random/02958343/5a2d4ea15ef5c18abab6b34711b43bed/r_31",
            "rotation": 0.12566370614359174,
            "transform_matrix": [
                [
                    0.1335289627313614,
                    -0.9361932277679443,
                    0.32513412833213806,
                    1.3106576204299927
                ],
                [
                    0.9910449385643005,
                    0.12613847851753235,
                    -0.04380711540579796,
                    -0.1765921264886856
                ],
                [
                    0.0,
                    0.32807204127311707,
                    0.9446526765823364,
                    3.808016777038574
                ],
                [
                    0.0,
                    0.0,
                    0.0,
                    1.0
                ]
            ]
        },
        {
            "file_path": "/data/shapenet_blender/all_50_random/02958343/5a2d4ea15ef5c18abab6b34711b43bed/r_32",
            "rotation": 0.12566370614359174,
            "transform_matrix": [
                [
                    0.8407300114631653,
                    -0.05645132064819336,
                    -0.5385037064552307,
                    -2.1707777976989746
                ],
                [
                    -0.5414544939994812,
                    -0.08765338361263275,
                    -0.836148202419281,
                    -3.3706212043762207
                ],
                [
                    0.0,
                    0.9945502877235413,
                    -0.10425864905118942,
                    -0.4202800691127777
                ],
                [
                    0.0,
                    0.0,
                    0.0,
                    1.0
                ]
            ]
        },
        {
            "file_path": "/data/shapenet_blender/all_50_random/02958343/5a2d4ea15ef5c18abab6b34711b43bed/r_33",
            "rotation": 0.12566370614359174,
            "transform_matrix": [
                [
                    -0.15206079185009003,
                    0.4527496099472046,
                    0.8785756826400757,
                    3.541651964187622
                ],
                [
                    0.9883711338043213,
                    0.06965547800064087,
                    0.13516877591609955,
                    0.5448827743530273
                ],
                [
                    0.0,
                    0.8889127373695374,
                    -0.45807647705078125,
                    -1.8465653657913208
                ],
                [
                    0.0,
                    0.0,
                    0.0,
                    1.0
                ]
            ]
        },
        {
            "file_path": "/data/shapenet_blender/all_50_random/02958343/5a2d4ea15ef5c18abab6b34711b43bed/r_34",
            "rotation": 0.12566370614359174,
            "transform_matrix": [
                [
                    -0.5587241649627686,
                    0.1551133245229721,
                    -0.8147189617156982,
                    -3.2842373847961426
                ],
                [
                    -0.8293535113334656,
                    -0.10449773818254471,
                    0.5488650798797607,
                    2.2125461101531982
                ],
                [
                    0.0,
                    0.9823542833328247,
                    0.1870291829109192,
                    0.7539387941360474
                ],
                [
                    0.0,
                    0.0,
                    0.0,
                    1.0
                ]
            ]
        },
        {
            "file_path": "/data/shapenet_blender/all_50_random/02958343/5a2d4ea15ef5c18abab6b34711b43bed/r_35",
            "rotation": 0.12566370614359174,
            "transform_matrix": [
                [
                    0.8175730109214783,
                    -0.17671868205070496,
                    0.5480373501777649,
                    2.2092092037200928
                ],
                [
                    0.575825035572052,
                    0.25091028213500977,
                    -0.7781192064285278,
                    -3.1366989612579346
                ],
                [
                    -1.4901162970204496e-08,
                    0.9517427682876587,
                    0.3068965673446655,
                    1.2371395826339722
                ],
                [
                    0.0,
                    0.0,
                    0.0,
                    1.0
                ]
            ]
        },
        {
            "file_path": "/data/shapenet_blender/all_50_random/02958343/5a2d4ea15ef5c18abab6b34711b43bed/r_36",
            "rotation": 0.12566370614359174,
            "transform_matrix": [
                [
                    -0.8809750080108643,
                    -0.03898071497678757,
                    -0.4715545177459717,
                    -1.9008970260620117
                ],
                [
                    -0.473162978887558,
                    0.07257760316133499,
                    0.8779802322387695,
                    3.5392515659332275
                ],
                [
                    0.0,
                    0.9966005682945251,
                    -0.08238328248262405,
                    -0.3320976197719574
                ],
                [
                    0.0,
                    0.0,
                    0.0,
                    1.0
                ]
            ]
        },
        {
            "file_path": "/data/shapenet_blender/all_50_random/02958343/5a2d4ea15ef5c18abab6b34711b43bed/r_37",
            "rotation": 0.12566370614359174,
            "transform_matrix": [
                [
                    -0.874352753162384,
                    0.02684684842824936,
                    0.48454776406288147,
                    1.9532744884490967
                ],
                [
                    0.4852909445762634,
                    0.04837018996477127,
                    0.8730137348175049,
                    3.519230842590332
                ],
                [
                    0.0,
                    0.9984685778617859,
                    -0.055321142077445984,
                    -0.22300665080547333
                ],
                [
                    0.0,
                    0.0,
                    0.0,
                    1.0
                ]
            ]
        },
        {
            "file_path": "/data/shapenet_blender/all_50_random/02958343/5a2d4ea15ef5c18abab6b34711b43bed/r_38",
            "rotation": 0.12566370614359174,
            "transform_matrix": [
                [
                    0.9585729837417603,
                    0.10589733719825745,
                    -0.2644306421279907,
                    -1.0659539699554443
                ],
                [
                    -0.2848469614982605,
                    0.35636791586875916,
                    -0.8898674249649048,
                    -3.587170362472534
                ],
                [
                    7.450580152834618e-09,
                    0.9283251762390137,
                    0.3717691898345947,
                    1.4986495971679688
                ],
                [
                    0.0,
                    0.0,
                    0.0,
                    1.0
                ]
            ]
        },
        {
            "file_path": "/data/shapenet_blender/all_50_random/02958343/5a2d4ea15ef5c18abab6b34711b43bed/r_39",
            "rotation": 0.12566370614359174,
            "transform_matrix": [
                [
                    0.9648886322975159,
                    -0.04153444617986679,
                    0.25935468077659607,
                    1.045492172241211
                ],
                [
                    0.2626594305038452,
                    0.15257824957370758,
                    -0.9527485966682434,
                    -3.8406524658203125
                ],
                [
                    0.0,
                    0.9874181151390076,
                    0.1581304371356964,
                    0.6374441981315613
                ],
                [
                    0.0,
                    0.0,
                    0.0,
                    1.0
                ]
            ]
        },
        {
            "file_path": "/data/shapenet_blender/all_50_random/02958343/5a2d4ea15ef5c18abab6b34711b43bed/r_40",
            "rotation": 0.12566370614359174,
            "transform_matrix": [
                [
                    0.8760027289390564,
                    -0.0866938903927803,
                    0.4744506776332855,
                    1.9125720262527466
                ],
                [
                    0.48230627179145813,
                    0.1574602872133255,
                    -0.8617347478866577,
                    -3.473764181137085
                ],
                [
                    0.0,
                    0.9837124943733215,
                    0.17974862456321716,
                    0.7245899438858032
                ],
                [
                    0.0,
                    0.0,
                    0.0,
                    1.0
                ]
            ]
        },
        {
            "file_path": "/data/shapenet_blender/all_50_random/02958343/5a2d4ea15ef5c18abab6b34711b43bed/r_41",
            "rotation": 0.12566370614359174,
            "transform_matrix": [
                [
                    0.9862810373306274,
                    0.017494508996605873,
                    -0.16414505243301392,
                    -0.6616898775100708
                ],
                [
                    -0.16507470607757568,
                    0.10452542454004288,
                    -0.9807266592979431,
                    -3.9534356594085693
                ],
                [
                    0.0,
