{
    "class": "02958343",
    "model": "dd184b3f41891cd317c40808ff7018fc",
    "remove_doubles": true,
    "edge_split": true,
    "denoise": true,
    "camera_angle_x": 0.6911112070083618,
    "scale_factor": 2.3010192889095715,
    "hdri_file": "/data/IndoorHDRDataset2018/9C4A6730-7762c53f2a.exr",
    "center_offset": [
        0.0,
        -1.862645149230957e-09,
        -3.725290298461914e-09
    ],
    "lights": [],
    "frames": [
        {
            "file_path": "/data/shapenet_blender/all_50_random/02958343/dd184b3f41891cd317c40808ff7018fc/r_0",
            "rotation": 0.12566370614359174,
            "transform_matrix": [
                [
                    -0.9282819628715515,
                    0.2066856026649475,
                    -0.3091498911380768,
                    -1.2462230920791626
                ],
                [
                    -0.37187716364860535,
                    -0.5159298181533813,
                    0.7717018127441406,
                    3.1108295917510986
                ],
                [
                    0.0,
                    0.8313225507736206,
                    0.5557900667190552,
                    2.2404613494873047
                ],
                [
                    0.0,
                    0.0,
                    0.0,
                    1.0
                ]
            ]
        },
        {
            "file_path": "/data/shapenet_blender/all_50_random/02958343/dd184b3f41891cd317c40808ff7018fc/r_1",
            "rotation": 0.12566370614359174,
            "transform_matrix": [
                [
                    -0.7137743830680847,
                    0.03841042518615723,
                    -0.6993216872215271,
                    -2.8190557956695557
                ],
                [
                    -0.7003757357597351,
                    -0.03914524242281914,
                    0.7127001881599426,
                    2.872986316680908
                ],
                [
                    1.8626449271863521e-09,
                    0.9984949827194214,
                    0.05484260618686676,
                    0.22107762098312378
                ],
                [
                    0.0,
                    0.0,
                    0.0,
                    1.0
                ]
            ]
        },
        {
            "file_path": "/data/shapenet_blender/all_50_random/02958343/dd184b3f41891cd317c40808ff7018fc/r_2",
            "rotation": 0.12566370614359174,
            "transform_matrix": [
                [
                    0.9923799633979797,
                    0.003932438790798187,
                    0.12315250188112259,
                    0.49644365906715393
                ],
                [
                    0.12321528047323227,
                    -0.03167199715971947,
                    -0.9918743371963501,
                    -3.998373508453369
                ],
                [
                    4.656612873077393e-10,
                    0.9994905591011047,
                    -0.03191518411040306,
                    -0.12865424156188965
                ],
                [
                    0.0,
                    0.0,
                    0.0,
                    1.0
                ]
            ]
        },
        {
            "file_path": "/data/shapenet_blender/all_50_random/02958343/dd184b3f41891cd317c40808ff7018fc/r_3",
            "rotation": 0.12566370614359174,
            "transform_matrix": [
                [
                    -0.9995501041412354,
                    0.01146424375474453,
                    -0.027717197313904762,
                    -0.11173159629106522
                ],
                [
                    -0.029994534328579903,
                    -0.3820391595363617,
                    0.9236592054367065,
                    3.7233893871307373
                ],
                [
                    -9.313225746154785e-10,
                    0.9240749478340149,
                    0.3822111487388611,
                    1.5407423973083496
                ],
                [
                    0.0,
                    0.0,
                    0.0,
                    1.0
                ]
            ]
        },
        {
            "file_path": "/data/shapenet_blender/all_50_random/02958343/dd184b3f41891cd317c40808ff7018fc/r_4",
            "rotation": 0.12566370614359174,
            "transform_matrix": [
                [
                    0.22104553878307343,
                    0.761143684387207,
                    -0.6097531914710999,
                    -2.457993984222412
                ],
                [
                    -0.9752634167671204,
                    0.17251484096050262,
                    -0.13820186257362366,
                    -0.5571095943450928
                ],
                [
                    0.0,
                    0.6252189874649048,
                    0.7804492712020874,
                    3.146091938018799
                ],
                [
                    0.0,
                    0.0,
                    0.0,
                    1.0
                ]
            ]
        },
        {
            "file_path": "/data/shapenet_blender/all_50_random/02958343/dd184b3f41891cd317c40808ff7018fc/r_5",
            "rotation": 0.12566370614359174,
            "transform_matrix": [
                [
                    0.5901154279708862,
                    -0.012125486508011818,
                    0.8072278499603271,
                    3.2540395259857178
                ],
                [
                    0.8073189854621887,
                    0.008863208815455437,
                    -0.5900488495826721,
                    -2.3785629272460938
                ],
                [
                    4.656612873077393e-10,
                    0.9998872876167297,
                    0.015019449405372143,
                    0.060545336455106735
                ],
                [
                    0.0,
                    0.0,
                    0.0,
                    1.0
                ]
            ]
        },
        {
            "file_path": "/data/shapenet_blender/all_50_random/02958343/dd184b3f41891cd317c40808ff7018fc/r_6",
            "rotation": 0.12566370614359174,
            "transform_matrix": [
                [
                    -0.5809298753738403,
                    -0.09816718846559525,
                    -0.8080121874809265,
                    -3.2572009563446045
                ],
                [
                    -0.8139535188674927,
                    0.0700632855296135,
                    0.5766894817352295,
                    2.324709415435791
                ],
                [
                    3.7252896323280993e-09,
                    0.9927005767822266,
                    -0.12060539424419403,
                    -0.4861758351325989
                ],
                [
                    0.0,
                    0.0,
                    0.0,
                    1.0
                ]
            ]
        },
        {
            "file_path": "/data/shapenet_blender/all_50_random/02958343/dd184b3f41891cd317c40808ff7018fc/r_7",
            "rotation": 0.12566370614359174,
            "transform_matrix": [
                [
                    0.951328456401825,
                    0.03422733396291733,
                    0.3062722682952881,
                    1.2346230745315552
                ],
                [
                    0.30817893147468567,
                    -0.10565758496522903,
                    -0.945442795753479,
                    -3.811202049255371
                ],
                [
                    3.725290298461914e-09,
                    0.9938133955001831,
                    -0.11106318980455399,
                    -0.4477100670337677
                ],
                [
                    0.0,
                    0.0,
                    0.0,
                    1.0
                ]
            ]
        },
        {
            "file_path": "/data/shapenet_blender/all_50_random/02958343/dd184b3f41891cd317c40808ff7018fc/r_8",
            "rotation": 0.12566370614359174,
            "transform_matrix": [
                [
                    -0.18783600628376007,
                    0.7145639657974243,
                    -0.6738811731338501,
                    -2.7165019512176514
                ],
                [
                    -0.9822005033493042,
                    -0.13665318489074707,
                    0.12887302041053772,
                    0.5195037722587585
                ],
                [
                    0.0,
                    0.6860933899879456,
                    0.7275134325027466,
                    2.9327003955841064
                ],
                [
                    0.0,
                    0.0,
                    0.0,
                    1.0
                ]
            ]
        },
        {
            "file_path": "/data/shapenet_blender/all_50_random/02958343/dd184b3f41891cd317c40808ff7018fc/r_9",
            "rotation": 0.12566370614359174,
            "transform_matrix": [
                [
                    0.9873042702674866,
                    -0.06353166699409485,
                    0.14558197557926178,
                    0.5868597030639648
                ],
                [
                    0.15884077548980713,
                    0.3948928713798523,
                    -0.9048917889595032,
                    -3.647735595703125
                ],
                [
                    3.725290742551124e-09,
                    0.9165278077125549,
                    0.3999708592891693,
                    1.612334132194519
                ],
                [
                    0.0,
                    0.0,
                    0.0,
                    1.0
                ]
            ]
        },
        {
            "file_path": "/data/shapenet_blender/all_50_random/02958343/dd184b3f41891cd317c40808ff7018fc/r_10",
            "rotation": 0.12566370614359174,
            "transform_matrix": [
                [
                    -0.6417115926742554,
                    -0.6312000751495361,
                    -0.4356520473957062,
                    -1.7561695575714111
                ],
                [
                    -0.7669460773468018,
                    0.5281315445899963,
                    0.3645144999027252,
                    1.469404935836792
                ],
                [
                    1.4901161193847656e-08,
                    0.568034827709198,
                    -0.8230045437812805,
                    -3.3176374435424805
                ],
                [
                    0.0,
                    0.0,
                    0.0,
                    1.0
                ]
            ]
        },
        {
            "file_path": "/data/shapenet_blender/all_50_random/02958343/dd184b3f41891cd317c40808ff7018fc/r_11",
            "rotation": 0.12566370614359174,
            "transform_matrix": [
                [
                    -0.6669826507568359,
                    -0.15499882400035858,
                    -0.7287725210189819,
                    -2.9377763271331787
                ],
                [
                    -0.7450733184814453,
                    0.1387535035610199,
                    0.6523903608322144,
                    2.6298699378967285
                ],
                [
                    0.0,
                    0.9781221151351929,
                    -0.20803162455558777,
                    -0.8386023640632629
                ],
                [
                    0.0,
                    0.0,
                    0.0,
                    1.0
                ]
            ]
        },
        {
            "file_path": "/data/shapenet_blender/all_50_random/02958343/dd184b3f41891cd317c40808ff7018fc/r_12",
            "rotation": 0.12566370614359174,
            "transform_matrix": [
                [
                    -0.3615640699863434,
                    0.05612212046980858,
                    -0.9306566715240479,
                    -3.7515969276428223
                ],
                [
                    -0.9323472380638123,
                    -0.02176414616405964,
                    0.3609084486961365,
                    1.4548684358596802
                ],
                [
                    0.0,
                    0.9981867074966431,
                    0.06019444391131401,
                    0.24265156686306
                ],
                [
                    0.0,
                    0.0,
                    0.0,
                    1.0
                ]
            ]
        },
        {
            "file_path": "/data/shapenet_blender/all_50_random/02958343/dd184b3f41891cd317c40808ff7018fc/r_13",
            "rotation": 0.12566370614359174,
            "transform_matrix": [
                [
                    -0.5815288424491882,
                    0.31332698464393616,
                    -0.7507665157318115,
                    -3.0264365673065186
                ],
                [
                    -0.8135257363319397,
                    -0.2239740788936615,
                    0.5366669297218323,
                    2.1633734703063965
                ],
                [
                    -1.4901159417490817e-08,
                    0.9228551983833313,
                    0.3851470351219177,
                    1.552577257156372
                ],
                [
                    0.0,
                    0.0,
                    0.0,
                    1.0
                ]
            ]
        },
        {
            "file_path": "/data/shapenet_blender/all_50_random/02958343/dd184b3f41891cd317c40808ff7018fc/r_14",
            "rotation": 0.12566370614359174,
            "transform_matrix": [
                [
                    -0.9866670966148376,
                    0.038622379302978516,
                    0.1581025868654251,
                    0.6373319625854492
                ],
                [
                    0.1627517193555832,
                    0.23414455354213715,
                    0.9584821462631226,
                    3.8637654781341553
                ],
                [
                    0.0,
                    0.9714341759681702,
                    -0.2373085916042328,
                    -0.9566215872764587
                ],
                [
                    0.0,
                    0.0,
                    0.0,
                    1.0
                ]
            ]
        },
        {
            "file_path": "/data/shapenet_blender/all_50_random/02958343/dd184b3f41891cd317c40808ff7018fc/r_15",
            "rotation": 0.12566370614359174,
            "transform_matrix": [
                [
                    0.9860374927520752,
                    0.07982658594846725,
                    0.1461426317691803,
                    0.5891198515892029
                ],
                [
                    0.16652314364910126,
                    -0.47267910838127136,
                    -0.8653579354286194,
                    -3.4883697032928467
                ],
                [
                    7.450580596923828e-09,
                    0.8776115775108337,
                    -0.4793722927570343,
                    -1.9324116706848145
                ],
                [
                    0.0,
                    0.0,
                    0.0,
                    1.0
                ]
            ]
        },
        {
            "file_path": "/data/shapenet_blender/all_50_random/02958343/dd184b3f41891cd317c40808ff7018fc/r_16",
            "rotation": 0.12566370614359174,
            "transform_matrix": [
                [
                    0.9948000311851501,
                    0.0004935611505061388,
                    -0.10184686630964279,
                    -0.4105578660964966
                ],
                [
                    -0.1018480733036995,
                    0.0048208534717559814,
                    -0.9947882294654846,
                    -4.010119915008545
                ],
                [
                    0.0,
                    0.9999882578849792,
                    0.00484605273231864,
                    0.019535064697265625
                ],
                [
                    0.0,
                    0.0,
                    0.0,
                    1.0
                ]
            ]
        },
        {
            "file_path": "/data/shapenet_blender/all_50_random/02958343/dd184b3f41891cd317c40808ff7018fc/r_17",
            "rotation": 0.12566370614359174,
            "transform_matrix": [
                [
                    -0.6737398505210876,
                    -0.24663963913917542,
                    -0.6965942978858948,
                    -2.808061122894287
                ],
                [
                    -0.7389686703681946,
                    0.2248687446117401,
                    0.6351058483123779,
                    2.5601933002471924
                ],
                [
                    1.4901161193847656e-08,
                    0.9426573514938354,
                    -0.3337620496749878,
                    -1.3454376459121704
                ],
                [
                    0.0,
                    0.0,
                    0.0,
                    1.0
                ]
            ]
        },
        {
            "file_path": "/data/shapenet_blender/all_50_random/02958343/dd184b3f41891cd317c40808ff7018fc/r_18",
            "rotation": 0.12566370614359174,
            "transform_matrix": [
                [
                    -0.3752308487892151,
                    0.15034037828445435,
                    -0.9146581888198853,
                    -3.687105178833008
                ],
                [
                    -0.9269314408302307,
                    -0.06085924804210663,
                    0.3702625036239624,
                    1.4925758838653564
                ],
                [
                    -3.725290298461914e-09,
                    0.9867591857910156,
                    0.1621915102005005,
                    0.6538149118423462
                ],
                [
                    0.0,
                    0.0,
                    0.0,
                    1.0
                ]
            ]
        },
        {
            "file_path": "/data/shapenet_blender/all_50_random/02958343/dd184b3f41891cd317c40808ff7018fc/r_19",
            "rotation": 0.12566370614359174,
            "transform_matrix": [
                [
                    -0.3568152189254761,
                    -0.46870696544647217,
                    -0.8080819845199585,
                    -3.2574830055236816
                ],
                [
                    -0.9341750741004944,
                    0.17902617156505585,
                    0.3086530268192291,
                    1.24422025680542
                ],
                [
                    0.0,
                    0.8650220632553101,
                    -0.5017335414886475,
                    -2.022552728652954
                ],
                [
                    0.0,
                    0.0,
                    0.0,
                    1.0
                ]
            ]
        },
        {
            "file_path": "/data/shapenet_blender/all_50_random/02958343/dd184b3f41891cd317c40808ff7018fc/r_20",
            "rotation": 0.12566370614359174,
            "transform_matrix": [
                [
                    -0.9843745827674866,
                    -0.03833679109811783,
                    0.1718631386756897,
                    0.6928024888038635
                ],
                [
                    0.17608703672885895,
                    -0.21431311964988708,
                    0.9607617855072021,
                    3.8729546070098877
                ],
                [
                    3.725290298461914e-09,
                    0.9760123491287231,
                    0.21771501004695892,
                    0.8776372671127319
                ],
                [
                    0.0,
                    0.0,
                    0.0,
                    1.0
                ]
            ]
        },
        {
            "file_path": "/data/shapenet_blender/all_50_random/02958343/dd184b3f41891cd317c40808ff7018fc/r_21",
            "rotation": 0.12566370614359174,
            "transform_matrix": [
                [
                    0.5979087948799133,
                    0.09096851199865341,
                    -0.7963854670524597,
                    -3.2103323936462402
                ],
                [
                    -0.80156409740448,
                    0.06785593181848526,
                    -0.5940459370613098,
                    -2.3946757316589355
                ],
                [
                    3.725290076417309e-09,
                    0.9935393333435059,
                    0.11348876357078552,
                    0.4574878513813019
                ],
                [
                    0.0,
                    0.0,
                    0.0,
                    1.0
                ]
            ]
        },
        {
            "file_path": "/data/shapenet_blender/all_50_random/02958343/dd184b3f41891cd317c40808ff7018fc/r_22",
            "rotation": 0.12566370614359174,
            "transform_matrix": [
                [
                    -0.9033446907997131,
                    0.03585713729262352,
                    -0.42741382122039795,
                    -1.7229599952697754
                ],
                [
                    -0.42891523241996765,
                    -0.07551924884319305,
                    0.9001825451850891,
                    3.628751516342163
                ],
                [
                    -3.725290076417309e-09,
                    0.9964994192123413,
                    0.08359958976507187,
                    0.33700069785118103
                ],
                [
                    0.0,
                    0.0,
                    0.0,
                    1.0
                ]
            ]
        },
        {
            "file_path": "/data/shapenet_blender/all_50_random/02958343/dd184b3f41891cd317c40808ff7018fc/r_23",
            "rotation": 0.12566370614359174,
            "transform_matrix": [
                [
                    0.518408477306366,
                    -0.6302117109298706,
                    0.5780016183853149,
                    2.3299989700317383
                ],
                [
                    0.8551331162452698,
                    0.38205409049987793,
                    -0.35040271282196045,
                    -1.4125185012817383
                ],
                [
                    1.4901161193847656e-08,
                    0.6759200692176819,
                    0.7369748950004578,
                    2.9708409309387207
                ],
                [
                    0.0,
                    0.0,
                    0.0,
                    1.0
                ]
            ]
        },
        {
            "file_path": "/data/shapenet_blender/all_50_random/02958343/dd184b3f41891cd317c40808ff7018fc/r_24",
            "rotation": 0.12566370614359174,
            "transform_matrix": [
                [
                    0.3135540187358856,
                    -0.15956155955791473,
                    -0.9360683560371399,
                    -3.7734122276306152
                ],
                [
                    -0.9495704174041748,
                    -0.05268821492791176,
                    -0.309095561504364,
                    -1.2460041046142578
                ],
                [
                    0.0,
                    0.9857808947563171,
                    -0.16803553700447083,
                    -0.677372932434082
                ],
                [
                    0.0,
                    0.0,
                    0.0,
                    1.0
                ]
            ]
        },
        {
            "file_path": "/data/shapenet_blender/all_50_random/02958343/dd184b3f41891cd317c40808ff7018fc/r_25",
            "rotation": 0.12566370614359174,
            "transform_matrix": [
                [
                    -0.9151448011398315,
                    0.27751365303993225,
                    -0.2923972010612488,
                    -1.1786909103393555
                ],
                [
                    -0.40312522649765015,
                    -0.6299907565116882,
                    0.6637782454490662,
                    2.6757760047912598
                ],
                [
                    -1.4901161193847656e-08,
                    0.7253259420394897,
                    0.6884055137634277,
                    2.7750515937805176
                ],
                [
                    0.0,
                    0.0,
                    0.0,
                    1.0
                ]
            ]
        },
        {
            "file_path": "/data/shapenet_blender/all_50_random/02958343/dd184b3f41891cd317c40808ff7018fc/r_26",
            "rotation": 0.12566370614359174,
            "transform_matrix": [
                [
                    0.7893412113189697,
                    -0.4727839231491089,
                    0.39168334007263184,
                    1.5789260864257812
                ],
                [
                    0.6139547824859619,
                    0.6078425645828247,
                    -0.5035742521286011,
                    -2.029972791671753
                ],
                [
                    0.0,
                    0.6379677653312683,
                    0.770063042640686,
                    3.1042234897613525
                ],
                [
                    0.0,
                    0.0,
                    0.0,
                    1.0
                ]
            ]
        },
        {
            "file_path": "/data/shapenet_blender/all_50_random/02958343/dd184b3f41891cd317c40808ff7018fc/r_27",
            "rotation": 0.12566370614359174,
            "transform_matrix": [
                [
                    -0.43241557478904724,
                    0.22225528955459595,
                    0.8738530874252319,
                    3.5226147174835205
                ],
                [
                    0.9016744494438171,
                    0.10658687353134155,
                    0.41907331347465515,
                    1.6893386840820312
                ],
                [
                    -7.450580596923828e-09,
                    0.969144880771637,
                    -0.2464917153120041,
                    -0.9936399459838867
                ],
                [
                    0.0,
                    0.0,
                    0.0,
                    1.0
                ]
            ]
        },
        {
            "file_path": "/data/shapenet_blender/all_50_random/02958343/dd184b3f41891cd317c40808ff7018fc/r_28",
            "rotation": 0.12566370614359174,
            "transform_matrix": [
                [
                    -0.7718263268470764,
                    0.00786987692117691,
                    0.6357846856117249,
                    2.56292986869812
                ],
                [
                    0.6358334422111511,
                    0.009553096257150173,
                    0.7717671990394592,
                    3.111093044281006
                ],
                [
                    4.6566123179658803e-10,
                    0.9999234676361084,
                    -0.012377261184155941,
                    -0.04989433288574219
                ],
                [
                    0.0,
                    0.0,
                    0.0,
                    1.0
                ]
            ]
        },
        {
            "file_path": "/data/shapenet_blender/all_50_random/02958343/dd184b3f41891cd317c40808ff7018fc/r_29",
            "rotation": 0.12566370614359174,
            "transform_matrix": [
                [
                    0.8113059997558594,
                    0.07468772679567337,
                    0.5798311829566956,
                    2.337374210357666
                ],
                [
                    0.5846215486526489,
                    -0.10364755988121033,
                    -0.8046581149101257,
                    -3.243680715560913
                ],
                [
                    0.0,
                    0.991805911064148,
                    -0.12775395810604095,
                    -0.5149926543235779
                ],
                [
                    0.0,
                    0.0,
                    0.0,
                    1.0
                ]
            ]
        },
        {
            "file_path": "/data/shapenet_blender/all_50_random/02958343/dd184b3f41891cd317c40808ff7018fc/r_30",
            "rotation": 0.12566370614359174,
            "transform_matrix": [
                [
                    -0.9944507479667664,
                    0.09235379099845886,
                    0.05038479343056679,
                    0.20310759544372559
                ],
                [
                    0.10520386695861816,
                    0.8729841113090515,
                    0.47626763582229614,
                    1.9198962450027466
                ],
                [
                    -3.725290742551124e-09,
                    0.4789253771305084,
                    -0.8778555989265442,
                    -3.5387492179870605
                ],
                [
                    0.0,
                    0.0,
                    0.0,
                    1.0
                ]
            ]
        },
        {
            "file_path": "/data/shapenet_blender/all_50_random/02958343/dd184b3f41891cd317c40808ff7018fc/r_31",
            "rotation": 0.12566370614359174,
            "transform_matrix": [
                [
                    -0.9509114623069763,
                    0.11113326996564865,
                    0.28881940245628357,
                    1.164268136024475
                ],
                [
                    0.3094627857208252,
                    0.34148821234703064,
                    0.8874788284301758,
                    3.5775411128997803
                ],
                [
                    0.0,
                    0.9332926273345947,
                    -0.35911673307418823,
                    -1.447645664215088
                ],
                [
                    0.0,
                    0.0,
                    0.0,
                    1.0
                ]
            ]
        },
        {
            "file_path": "/data/shapenet_blender/all_50_random/02958343/dd184b3f41891cd317c40808ff7018fc/r_32",
            "rotation": 0.12566370614359174,
            "transform_matrix": [
                [
                    -0.964120090007782,
                    -0.006342634093016386,
                    -0.2653909921646118,
                    -1.069825291633606
                ],
                [
                    -0.2654668092727661,
                    0.023035123944282532,
                    0.9638447761535645,
                    3.885382652282715
                ],
                [
                    0.0,
                    0.9997144937515259,
                    -0.02389238215982914,
                    -0.09631327539682388
                ],
                [
                    0.0,
                    0.0,
                    0.0,
                    1.0
                ]
            ]
        },
        {
            "file_path": "/data/shapenet_blender/all_50_random/02958343/dd184b3f41891cd317c40808ff7018fc/r_33",
            "rotation": 0.12566370614359174,
            "transform_matrix": [
                [
                    0.9967501759529114,
                    -0.024852996692061424,
                    -0.07662446051836014,
                    -0.30888310074806213
                ],
                [
                    -0.08055419474840164,
                    -0.3075224757194519,
                    -0.948124885559082,
                    -3.8220138549804688
                ],
                [
                    0.0,
                    0.9512161016464233,
                    -0.30852511525154114,
                    -1.2437046766281128
                ],
                [
                    0.0,
                    0.0,
                    0.0,
                    1.0
                ]
            ]
        },
        {
            "file_path": "/data/shapenet_blender/all_50_random/02958343/dd184b3f41891cd317c40808ff7018fc/r_34",
            "rotation": 0.12566370614359174,
            "transform_matrix": [
                [
                    0.11875717341899872,
                    0.16022451221942902,
                    -0.979910671710968,
                    -3.950146198272705
                ],
                [
                    -0.992923378944397,
                    0.019163422286510468,
                    -0.1172008067369461,
                    -0.4724515676498413
                ],
                [
                    0.0,
                    0.9868944883346558,
                    0.16136647760868073,
                    0.650489091873169
                ],
                [
                    0.0,
                    0.0,
                    0.0,
                    1.0
                ]
            ]
        },
        {
            "file_path": "/data/shapenet_blender/all_50_random/02958343/dd184b3f41891cd317c40808ff7018fc/r_35",
            "rotation": 0.12566370614359174,
            "transform_matrix": [
                [
                    0.9945951700210571,
                    -0.01940300688147545,
                    -0.10200053453445435,
                    -0.41117730736732483
                ],
                [
                    -0.10382959991693497,
                    -0.18586352467536926,
                    -0.9770742654800415,
                    -3.9387123584747314
                ],
                [
                    0.0,
                    0.9823840260505676,
                    -0.18687354028224945,
                    -0.7533113360404968
                ],
                [
                    0.0,
                    0.0,
                    0.0,
                    1.0
                ]
            ]
        },
        {
            "file_path": "/data/shapenet_blender/all_50_random/02958343/dd184b3f41891cd317c40808ff7018fc/r_36",
            "rotation": 0.12566370614359174,
            "transform_matrix": [
                [
                    0.7734981775283813,
                    -0.1293986737728119,
                    -0.6204485893249512,
                    -2.501108407974243
                ],
                [
                    -0.6337984800338745,
                    -0.15792028605937958,
                    -0.7572057843208313,
                    -3.052394390106201
                ],
                [
                    0.0,
                    0.9789367318153381,
                    -0.20416375994682312,
                    -0.8230105042457581
                ],
                [
                    0.0,
                    0.0,
                    0.0,
                    1.0
                ]
            ]
        },
        {
            "file_path": "/data/shapenet_blender/all_50_random/02958343/dd184b3f41891cd317c40808ff7018fc/r_37",
            "rotation": 0.12566370614359174,
            "transform_matrix": [
                [
                    -0.6491326093673706,
                    -0.5055657029151917,
                    0.5683572888374329,
                    2.2911217212677
                ],
                [
                    0.7606752514839172,
                    -0.43143144249916077,
                    0.48501548171043396,
                    1.9551600217819214
                ],
                [
                    2.9802322387695312e-08,
                    0.7471747994422913,
                    0.6646274924278259,
                    2.679199457168579
                ],
                [
                    0.0,
                    0.0,
                    0.0,
                    1.0
                ]
            ]
        },
        {
            "file_path": "/data/shapenet_blender/all_50_random/02958343/dd184b3f41891cd317c40808ff7018fc/r_38",
            "rotation": 0.12566370614359174,
            "transform_matrix": [
                [
                    -0.9795449376106262,
                    0.18786141276359558,
                    0.07210996747016907,
                    0.2906845510005951
                ],
                [
                    0.2012256234884262,
                    0.9144893288612366,
                    0.3510236442089081,
                    1.4150214195251465
                ],
                [
                    7.450580152834618e-09,
                    0.3583536148071289,
                    -0.9335859417915344,
                    -3.7634048461914062
                ],
                [
                    0.0,
                    0.0,
                    0.0,
                    1.0
                ]
            ]
        },
        {
            "file_path": "/data/shapenet_blender/all_50_random/02958343/dd184b3f41891cd317c40808ff7018fc/r_39",
            "rotation": 0.12566370614359174,
            "transform_matrix": [
                [
                    -0.5369803309440613,
                    0.038316164165735245,
                    0.8427241444587708,
                    3.397129774093628
                ],
                [
                    0.8435947895050049,
                    0.02438970096409321,
                    0.5364261269569397,
                    2.162402868270874
                ],
                [
                    1.862645149230957e-09,
                    0.9989679455757141,
                    -0.04542010277509689,
                    -0.18309429287910461
                ],
                [
                    0.0,
                    0.0,
                    0.0,
                    1.0
                ]
            ]
        },
        {
            "file_path": "/data/shapenet_blender/all_50_random/02958343/dd184b3f41891cd317c40808ff7018fc/r_40",
            "rotation": 0.12566370614359174,
            "transform_matrix": [
                [
                    0.9976500272750854,
                    0.024905534461140633,
                    0.06382925063371658,
                    0.25730395317077637
                ],
                [
                    0.06851612776517868,
                    -0.36264467239379883,
                    -0.9294053912162781,
                    -3.7465529441833496
                ],
                [
                    0.0,
                    0.9315945506095886,
                    -0.3634989261627197,
                    -1.465311050415039
                ],
                [
                    0.0,
                    0.0,
                    0.0,
                    1.0
                ]
            ]
        },
        {
            "file_path": "/data/shapenet_blender/all_50_random/02958343/dd184b3f41891cd317c40808ff7018fc/r_41",
            "rotation": 0.12566370614359174,
            "transform_matrix": [
                [
                    -0.4020114541053772,
                    -0.5241049528121948,
                    -0.7508000135421753,
                    -3.026571750640869
                ],
                [
                    -0.9156345129013062,
                    0.23010951280593872,
                    0.3296405076980591,
