{
    "class": "02958343",
    "model": "ba0fa0e807fd275e0445fc6d980dd5c",
    "remove_doubles": true,
    "edge_split": true,
    "denoise": true,
    "camera_angle_x": 0.6911112070083618,
    "scale_factor": 2.3124353999157847,
    "hdri_file": "/data/IndoorHDRDataset2018/9C4A3695-cb51bf21c7.exr",
    "center_offset": [
        0.0,
        -9.313225746154785e-10,
        0.0
    ],
    "lights": [],
    "frames": [
        {
            "file_path": "/data/shapenet_blender/all_50_random/02958343/ba0fa0e807fd275e0445fc6d980dd5c/r_0",
            "rotation": 0.12566370614359174,
            "transform_matrix": [
                [
                    -0.8214460015296936,
                    -0.379477322101593,
                    0.42570340633392334,
                    1.7160652875900269
                ],
                [
                    0.5702862739562988,
                    -0.5466028451919556,
                    0.613187313079834,
                    2.471837043762207
                ],
                [
                    1.4901160305669237e-08,
                    0.7464730739593506,
                    0.6654155850410461,
                    2.682375907897949
                ],
                [
                    0.0,
                    0.0,
                    0.0,
                    1.0
                ]
            ]
        },
        {
            "file_path": "/data/shapenet_blender/all_50_random/02958343/ba0fa0e807fd275e0445fc6d980dd5c/r_1",
            "rotation": 0.12566370614359174,
            "transform_matrix": [
                [
                    0.09387486428022385,
                    0.2383187711238861,
                    -0.9666392803192139,
                    -3.8966479301452637
                ],
                [
                    -0.9955840110778809,
                    0.02247137762606144,
                    -0.09114563465118408,
                    -0.3674198389053345
                ],
                [
                    0.0,
                    0.9709269404411316,
                    0.23937584459781647,
                    0.9649549722671509
                ],
                [
                    0.0,
                    0.0,
                    0.0,
                    1.0
                ]
            ]
        },
        {
            "file_path": "/data/shapenet_blender/all_50_random/02958343/ba0fa0e807fd275e0445fc6d980dd5c/r_2",
            "rotation": 0.12566370614359174,
            "transform_matrix": [
                [
                    -0.495082825422287,
                    0.42614665627479553,
                    -0.757160484790802,
                    -3.052211284637451
                ],
                [
                    -0.8688457012176514,
                    -0.2428254932165146,
                    0.4314427077770233,
                    1.7392009496688843
                ],
                [
                    0.0,
                    0.8714554309844971,
                    0.49047455191612244,
                    1.977165937423706
                ],
                [
                    0.0,
                    0.0,
                    0.0,
                    1.0
                ]
            ]
        },
        {
            "file_path": "/data/shapenet_blender/all_50_random/02958343/ba0fa0e807fd275e0445fc6d980dd5c/r_3",
            "rotation": 0.12566370614359174,
            "transform_matrix": [
                [
                    0.5659359097480774,
                    0.8179805874824524,
                    0.10307435691356659,
                    0.4155060648918152
                ],
                [
                    0.824449360370636,
                    -0.5614954829216003,
                    -0.07075446844100952,
                    -0.2852204144001007
                ],
                [
                    3.725290742551124e-09,
                    0.1250222623348236,
                    -0.9921538829803467,
                    -3.9995005130767822
                ],
                [
                    0.0,
                    0.0,
                    0.0,
                    1.0
                ]
            ]
        },
        {
            "file_path": "/data/shapenet_blender/all_50_random/02958343/ba0fa0e807fd275e0445fc6d980dd5c/r_4",
            "rotation": 0.12566370614359174,
            "transform_matrix": [
                [
                    -0.5951420068740845,
                    0.7957661747932434,
                    -0.1120816096663475,
                    -0.4518154263496399
                ],
                [
                    -0.8036206364631653,
                    -0.5893251299858093,
                    0.08300492912530899,
                    0.33460357785224915
                ],
                [
                    0.0,
                    0.13947072625160217,
                    0.990226149559021,
                    3.991729259490967
                ],
                [
                    0.0,
                    0.0,
                    0.0,
                    1.0
                ]
            ]
        },
        {
            "file_path": "/data/shapenet_blender/all_50_random/02958343/ba0fa0e807fd275e0445fc6d980dd5c/r_5",
            "rotation": 0.12566370614359174,
            "transform_matrix": [
                [
                    0.6079796552658081,
                    -0.25281962752342224,
                    -0.7526240348815918,
                    -3.0339245796203613
                ],
                [
                    -0.7939527034759521,
                    -0.19359995424747467,
                    -0.5763317346572876,
                    -2.3232674598693848
                ],
                [
                    0.0,
                    0.947945773601532,
                    -0.3184316158294678,
                    -1.2836389541625977
                ],
                [
                    0.0,
                    0.0,
                    0.0,
                    1.0
                ]
            ]
        },
        {
            "file_path": "/data/shapenet_blender/all_50_random/02958343/ba0fa0e807fd275e0445fc6d980dd5c/r_6",
            "rotation": 0.12566370614359174,
            "transform_matrix": [
                [
                    0.3272840082645416,
                    0.296684205532074,
                    0.8971419334411621,
                    3.61649489402771
                ],
                [
                    0.9449259638786316,
                    -0.10275937616825104,
                    -0.3107335567474365,
                    -1.252606987953186
                ],
                [
                    7.450580152834618e-09,
                    0.9494308829307556,
                    -0.31397613883018494,
                    -1.2656782865524292
                ],
                [
                    0.0,
                    0.0,
                    0.0,
                    1.0
                ]
            ]
        },
        {
            "file_path": "/data/shapenet_blender/all_50_random/02958343/ba0fa0e807fd275e0445fc6d980dd5c/r_7",
            "rotation": 0.12566370614359174,
            "transform_matrix": [
                [
                    0.9084884524345398,
                    0.15403586626052856,
                    -0.38848626613616943,
                    -1.5660382509231567
                ],
                [
                    -0.4179098308086395,
                    0.33485648036003113,
                    -0.8445249795913696,
                    -3.4043891429901123
                ],
                [
                    0.0,
                    0.9295934438705444,
                    0.3685864210128784,
                    1.4858193397521973
                ],
                [
                    0.0,
                    0.0,
                    0.0,
                    1.0
                ]
            ]
        },
        {
            "file_path": "/data/shapenet_blender/all_50_random/02958343/ba0fa0e807fd275e0445fc6d980dd5c/r_8",
            "rotation": 0.12566370614359174,
            "transform_matrix": [
                [
                    -0.9600194692611694,
                    -0.013299573212862015,
                    0.2796171307563782,
                    1.1271727085113525
                ],
                [
                    0.27993327379226685,
                    -0.04561033472418785,
                    0.9589353799819946,
                    3.8655920028686523
                ],
                [
                    9.313225746154785e-10,
                    0.9988706707954407,
                    0.0475098080933094,
                    0.1915181577205658
                ],
                [
                    0.0,
                    0.0,
                    0.0,
                    1.0
                ]
            ]
        },
        {
            "file_path": "/data/shapenet_blender/all_50_random/02958343/ba0fa0e807fd275e0445fc6d980dd5c/r_9",
            "rotation": 0.12566370614359174,
            "transform_matrix": [
                [
                    0.5132255554199219,
                    0.0011424972908571362,
                    0.8582529425621033,
                    3.459728479385376
                ],
                [
                    0.8582538366317749,
                    -0.0006831997889094055,
                    -0.5132250189781189,
                    -2.0688765048980713
                ],
                [
                    0.0,
                    0.9999991655349731,
                    -0.001331188017502427,
                    -0.005366190802305937
                ],
                [
                    0.0,
                    0.0,
                    0.0,
                    1.0
                ]
            ]
        },
        {
            "file_path": "/data/shapenet_blender/all_50_random/02958343/ba0fa0e807fd275e0445fc6d980dd5c/r_10",
            "rotation": 0.12566370614359174,
            "transform_matrix": [
                [
                    0.8258892297744751,
                    0.5067337155342102,
                    -0.24724048376083374,
                    -0.9966582655906677
                ],
                [
                    -0.5638324022293091,
                    0.7422523498535156,
                    -0.3621523976325989,
                    -1.4598829746246338
                ],
                [
                    0.0,
                    0.4384998679161072,
                    0.8987312316894531,
                    3.622901439666748
                ],
                [
                    0.0,
                    0.0,
                    0.0,
                    1.0
                ]
            ]
        },
        {
            "file_path": "/data/shapenet_blender/all_50_random/02958343/ba0fa0e807fd275e0445fc6d980dd5c/r_11",
            "rotation": 0.12566370614359174,
            "transform_matrix": [
                [
                    0.8151465058326721,
                    0.195707768201828,
                    -0.5451922416687012,
                    -2.197740316390991
                ],
                [
                    -0.5792547464370728,
                    0.27540645003318787,
                    -0.7672125697135925,
                    -3.0927329063415527
                ],
                [
                    0.0,
                    0.9411959648132324,
                    0.33786123991012573,
                    1.3619621992111206
                ],
                [
                    0.0,
                    0.0,
                    0.0,
                    1.0
                ]
            ]
        },
        {
            "file_path": "/data/shapenet_blender/all_50_random/02958343/ba0fa0e807fd275e0445fc6d980dd5c/r_12",
            "rotation": 0.12566370614359174,
            "transform_matrix": [
                [
                    -0.9328646063804626,
                    0.04279518499970436,
                    -0.3576762080192566,
                    -1.4418389797210693
                ],
                [
                    -0.3602273464202881,
                    -0.11082477867603302,
                    0.9262580871582031,
                    3.733865976333618
                ],
                [
                    0.0,
                    0.9929181337356567,
                    0.11880049854516983,
                    0.47890016436576843
                ],
                [
                    0.0,
                    0.0,
                    0.0,
                    1.0
                ]
            ]
        },
        {
            "file_path": "/data/shapenet_blender/all_50_random/02958343/ba0fa0e807fd275e0445fc6d980dd5c/r_13",
            "rotation": 0.12566370614359174,
            "transform_matrix": [
                [
                    0.4543107748031616,
                    -0.054188039153814316,
                    0.8891936540603638,
                    3.584454298019409
                ],
                [
                    0.8908433318138123,
                    0.027634723111987114,
                    -0.453469455242157,
                    -1.8279938697814941
                ],
                [
                    0.0,
                    0.9981482028961182,
                    0.06082780286669731,
                    0.24520471692085266
                ],
                [
                    0.0,
                    0.0,
                    0.0,
                    1.0
                ]
            ]
        },
        {
            "file_path": "/data/shapenet_blender/all_50_random/02958343/ba0fa0e807fd275e0445fc6d980dd5c/r_14",
            "rotation": 0.12566370614359174,
            "transform_matrix": [
                [
                    -0.9859415292739868,
                    0.03652091324329376,
                    -0.16305112838745117,
                    -0.6572802066802979
                ],
                [
                    -0.16709116101264954,
                    -0.2154960334300995,
                    0.9621028304100037,
                    3.8783607482910156
                ],
                [
                    0.0,
                    0.9758214354515076,
                    0.2185688018798828,
                    0.8810790777206421
                ],
                [
                    0.0,
                    0.0,
                    0.0,
                    1.0
                ]
            ]
        },
        {
            "file_path": "/data/shapenet_blender/all_50_random/02958343/ba0fa0e807fd275e0445fc6d980dd5c/r_15",
            "rotation": 0.12566370614359174,
            "transform_matrix": [
                [
                    -0.6492965221405029,
                    -0.6769712567329407,
                    -0.34658896923065186,
                    -1.3971449136734009
                ],
                [
                    -0.7605352997779846,
                    0.577954888343811,
                    0.2958955764770508,
                    1.192793369293213
                ],
                [
                    -1.4901160305669237e-08,
                    0.45571717619895935,
                    -0.8901245594024658,
                    -3.5882070064544678
                ],
                [
                    0.0,
                    0.0,
                    0.0,
                    1.0
                ]
            ]
        },
        {
            "file_path": "/data/shapenet_blender/all_50_random/02958343/ba0fa0e807fd275e0445fc6d980dd5c/r_16",
            "rotation": 0.12566370614359174,
            "transform_matrix": [
                [
                    -0.9629665613174438,
                    -0.021468590945005417,
                    -0.268764853477478,
                    -1.083425760269165
                ],
                [
                    -0.2696209251880646,
                    0.07667630165815353,
                    0.9599089622497559,
                    3.8695168495178223
                ],
                [
                    1.862645149230957e-09,
                    0.9968249201774597,
                    -0.07962508499622345,
                    -0.3209789991378784
                ],
                [
                    0.0,
                    0.0,
                    0.0,
                    1.0
                ]
            ]
        },
        {
            "file_path": "/data/shapenet_blender/all_50_random/02958343/ba0fa0e807fd275e0445fc6d980dd5c/r_17",
            "rotation": 0.12566370614359174,
            "transform_matrix": [
                [
                    -0.5120660066604614,
                    0.17769984900951385,
                    -0.8403637409210205,
                    -3.3876144886016846
                ],
                [
                    -0.8589462041854858,
                    -0.10593684017658234,
                    0.5009879469871521,
                    2.0195469856262207
                ],
                [
                    0.0,
                    0.9783660173416138,
                    0.20688126981258392,
                    0.8339650630950928
                ],
                [
                    0.0,
                    0.0,
                    0.0,
                    1.0
                ]
            ]
        },
        {
            "file_path": "/data/shapenet_blender/all_50_random/02958343/ba0fa0e807fd275e0445fc6d980dd5c/r_18",
            "rotation": 0.12566370614359174,
            "transform_matrix": [
                [
                    0.9953383803367615,
                    0.04986505210399628,
                    0.08255325257778168,
                    0.3327828049659729
                ],
                [
                    0.09644462168216705,
                    -0.5146228075027466,
                    -0.8519752025604248,
                    -3.4344217777252197
                ],
                [
                    0.0,
                    0.8559653162956238,
                    -0.5170331001281738,
                    -2.0842270851135254
                ],
                [
                    0.0,
                    0.0,
                    0.0,
                    1.0
                ]
            ]
        },
        {
            "file_path": "/data/shapenet_blender/all_50_random/02958343/ba0fa0e807fd275e0445fc6d980dd5c/r_19",
            "rotation": 0.12566370614359174,
            "transform_matrix": [
                [
                    0.591629683971405,
                    0.3774113953113556,
                    -0.7124149203300476,
                    -2.8718364238739014
                ],
                [
                    -0.806209921836853,
                    0.2769598662853241,
                    -0.5227990746498108,
                    -2.1074705123901367
                ],
                [
                    1.4901161193847656e-08,
                    0.8836594223976135,
                    0.468130499124527,
                    1.8870943784713745
                ],
                [
                    0.0,
                    0.0,
                    0.0,
                    1.0
                ]
            ]
        },
        {
            "file_path": "/data/shapenet_blender/all_50_random/02958343/ba0fa0e807fd275e0445fc6d980dd5c/r_20",
            "rotation": 0.12566370614359174,
            "transform_matrix": [
                [
                    -0.07249562442302704,
                    -0.04637063294649124,
                    0.9962902069091797,
                    4.01617431640625
                ],
                [
                    0.9973688125610352,
                    -0.0033705364912748337,
                    0.07241722196340561,
                    0.2919231653213501
                ],
                [
                    0.0,
                    0.9989185333251953,
                    0.04649297520518303,
                    0.18741917610168457
                ],
                [
                    0.0,
                    0.0,
                    0.0,
                    1.0
                ]
            ]
        },
        {
            "file_path": "/data/shapenet_blender/all_50_random/02958343/ba0fa0e807fd275e0445fc6d980dd5c/r_21",
            "rotation": 0.12566370614359174,
            "transform_matrix": [
                [
                    -0.9992967844009399,
                    0.006700057070702314,
                    0.036893393844366074,
                    0.14872202277183533
                ],
                [
                    0.03749684616923332,
                    0.17855755984783173,
                    0.9832146763801575,
                    3.9634652137756348
                ],
                [
                    0.0,
                    0.9839065670967102,
                    -0.17868323624134064,
                    -0.7202951908111572
                ],
                [
                    0.0,
                    0.0,
                    0.0,
                    1.0
                ]
            ]
        },
        {
            "file_path": "/data/shapenet_blender/all_50_random/02958343/ba0fa0e807fd275e0445fc6d980dd5c/r_22",
            "rotation": 0.12566370614359174,
            "transform_matrix": [
                [
                    0.8885572552680969,
                    0.09946803003549576,
                    -0.4478529095649719,
                    -1.805352807044983
                ],
                [
                    -0.4587658941745758,
                    0.19265389442443848,
                    -0.867420494556427,
                    -3.4966838359832764
                ],
                [
                    0.0,
                    0.9762123227119446,
                    0.21681654453277588,
                    0.8740154504776001
                ],
                [
                    0.0,
                    0.0,
                    0.0,
                    1.0
                ]
            ]
        },
        {
            "file_path": "/data/shapenet_blender/all_50_random/02958343/ba0fa0e807fd275e0445fc6d980dd5c/r_23",
            "rotation": 0.12566370614359174,
            "transform_matrix": [
                [
                    -0.9251718521118164,
                    0.21021580696105957,
                    0.3160164952278137,
                    1.273903250694275
                ],
                [
                    0.3795485496520996,
                    0.5124133229255676,
                    0.7703086733818054,
                    3.1052136421203613
                ],
                [
                    -1.4901161193847656e-08,
                    0.8326115608215332,
                    -0.5538573861122131,
                    -2.232670545578003
                ],
                [
                    0.0,
                    0.0,
                    0.0,
                    1.0
                ]
            ]
        },
        {
            "file_path": "/data/shapenet_blender/all_50_random/02958343/ba0fa0e807fd275e0445fc6d980dd5c/r_24",
            "rotation": 0.12566370614359174,
            "transform_matrix": [
                [
                    0.898745596408844,
                    -0.07513034343719482,
                    -0.43198591470718384,
                    -1.7413909435272217
                ],
                [
                    -0.4384705722332001,
                    -0.1539968103170395,
                    -0.8854538798332214,
                    -3.5693788528442383
                ],
                [
                    0.0,
                    0.9852107763290405,
                    -0.17134641110897064,
                    -0.690719485282898
                ],
                [
                    0.0,
                    0.0,
                    0.0,
                    1.0
                ]
            ]
        },
        {
            "file_path": "/data/shapenet_blender/all_50_random/02958343/ba0fa0e807fd275e0445fc6d980dd5c/r_25",
            "rotation": 0.12566370614359174,
            "transform_matrix": [
                [
                    0.5715917944908142,
                    -0.04784033074975014,
                    0.8191422820091248,
                    3.3020682334899902
                ],
                [
                    0.8205381035804749,
                    0.03332586586475372,
                    -0.5706194639205933,
                    -2.3002405166625977
                ],
                [
                    -1.862645149230957e-09,
                    0.9982988834381104,
                    0.05830360949039459,
                    0.23502936959266663
                ],
                [
                    0.0,
                    0.0,
                    0.0,
                    1.0
                ]
            ]
        },
        {
            "file_path": "/data/shapenet_blender/all_50_random/02958343/ba0fa0e807fd275e0445fc6d980dd5c/r_26",
            "rotation": 0.12566370614359174,
            "transform_matrix": [
                [
                    -0.154806450009346,
                    0.37608298659324646,
                    -0.913562536239624,
                    -3.6826884746551514
                ],
                [
                    -0.9879447817802429,
                    -0.058930497616529465,
                    0.14315110445022583,
                    0.5770605802536011
                ],
                [
                    0.0,
                    0.9247100949287415,
                    0.38067206740379333,
                    1.5345381498336792
                ],
                [
                    0.0,
                    0.0,
                    0.0,
                    1.0
                ]
            ]
        },
        {
            "file_path": "/data/shapenet_blender/all_50_random/02958343/ba0fa0e807fd275e0445fc6d980dd5c/r_27",
            "rotation": 0.12566370614359174,
            "transform_matrix": [
                [
                    -0.9855029582977295,
                    0.007028557825833559,
                    -0.1695130467414856,
                    -0.6833289861679077
                ],
                [
                    -0.16965873539447784,
                    -0.04082704707980156,
                    0.9846567511558533,
                    3.969278573989868
                ],
                [
                    -4.656613428188905e-10,
                    0.9991415143013,
                    0.041427623480558395,
                    0.16700010001659393
                ],
                [
                    0.0,
                    0.0,
                    0.0,
                    1.0
                ]
            ]
        },
        {
            "file_path": "/data/shapenet_blender/all_50_random/02958343/ba0fa0e807fd275e0445fc6d980dd5c/r_28",
            "rotation": 0.12566370614359174,
            "transform_matrix": [
                [
                    0.73714679479599,
                    -0.5080628991127014,
                    0.4455183148384094,
                    1.795941948890686
                ],
                [
                    0.6757325530052185,
                    0.5542383790016174,
                    -0.4860094487667084,
                    -1.9591668844223022
                ],
                [
                    2.9802320611338473e-08,
                    0.6593115329742432,
                    0.7518697381019592,
                    3.030884027481079
                ],
                [
                    0.0,
                    0.0,
                    0.0,
                    1.0
                ]
            ]
        },
        {
            "file_path": "/data/shapenet_blender/all_50_random/02958343/ba0fa0e807fd275e0445fc6d980dd5c/r_29",
            "rotation": 0.12566370614359174,
            "transform_matrix": [
                [
                    0.6336069703102112,
                    0.7331828474998474,
                    0.24695134162902832,
                    0.995492696762085
                ],
                [
                    0.7736551761627197,
                    -0.6004610061645508,
                    -0.20224787294864655,
                    -0.8152872323989868
                ],
                [
                    -2.980232594040899e-08,
                    0.3192008435726166,
                    -0.9476870894432068,
                    -3.82024884223938
                ],
                [
                    0.0,
                    0.0,
                    0.0,
                    1.0
                ]
            ]
        },
        {
            "file_path": "/data/shapenet_blender/all_50_random/02958343/ba0fa0e807fd275e0445fc6d980dd5c/r_30",
            "rotation": 0.12566370614359174,
            "transform_matrix": [
                [
                    -0.3237724006175995,
                    -0.054089006036520004,
                    -0.9445876479148865,
                    -3.8077545166015625
                ],
                [
                    -0.9461351037025452,
                    0.01850954070687294,
                    0.32324284315109253,
                    1.3030335903167725
                ],
                [
                    -1.862645371275562e-09,
                    0.9983645677566528,
                    -0.0571683794260025,
                    -0.23045310378074646
                ],
                [
                    0.0,
                    0.0,
                    0.0,
                    1.0
                ]
            ]
        },
        {
            "file_path": "/data/shapenet_blender/all_50_random/02958343/ba0fa0e807fd275e0445fc6d980dd5c/r_31",
            "rotation": 0.12566370614359174,
            "transform_matrix": [
                [
                    -0.618263304233551,
                    -0.7475470304489136,
                    0.2427426427602768,
                    0.9785268902778625
                ],
                [
                    0.7859710454940796,
                    -0.5880380272865295,
                    0.19094707071781158,
                    0.7697322368621826
                ],
                [
                    -1.4901161193847656e-08,
                    0.30884426832199097,
                    0.9511126279830933,
                    3.834057569503784
                ],
                [
                    0.0,
                    0.0,
                    0.0,
                    1.0
                ]
            ]
        },
        {
            "file_path": "/data/shapenet_blender/all_50_random/02958343/ba0fa0e807fd275e0445fc6d980dd5c/r_32",
            "rotation": 0.12566370614359174,
            "transform_matrix": [
                [
                    0.5556554794311523,
                    0.0807437002658844,
                    -0.8274825215339661,
                    -3.335688829421997
                ],
                [
                    -0.831412672996521,
                    0.05396319925785065,
                    -0.55302894115448,
                    -2.2293310165405273
                ],
                [
                    3.725290742551124e-09,
                    0.9952729940414429,
                    0.09711626917123795,
                    0.3914881944656372
                ],
                [
                    0.0,
                    0.0,
                    0.0,
                    1.0
                ]
            ]
        },
        {
            "file_path": "/data/shapenet_blender/all_50_random/02958343/ba0fa0e807fd275e0445fc6d980dd5c/r_33",
            "rotation": 0.12566370614359174,
            "transform_matrix": [
                [
                    0.9991526007652283,
                    -0.035283252596855164,
                    -0.021195901557803154,
                    -0.0854434072971344
                ],
                [
                    -0.041160352528095245,
                    -0.8564881682395935,
                    -0.5145227909088135,
                    -2.0741076469421387
                ],
                [
                    0.0,
                    0.5149592757225037,
                    -0.8572146892547607,
                    -3.455542802810669
                ],
                [
                    0.0,
                    0.0,
                    0.0,
                    1.0
                ]
            ]
        },
        {
            "file_path": "/data/shapenet_blender/all_50_random/02958343/ba0fa0e807fd275e0445fc6d980dd5c/r_34",
            "rotation": 0.12566370614359174,
            "transform_matrix": [
                [
                    -0.9461746215820312,
                    0.06635250896215439,
                    0.3167821764945984,
                    1.2769899368286133
                ],
                [
                    0.3236566483974457,
                    0.19397427141666412,
                    0.9260778427124023,
                    3.7331395149230957
                ],
                [
                    -3.725290742551124e-09,
                    0.9787599444389343,
                    -0.20500896871089935,
                    -0.8264176249504089
                ],
                [
                    0.0,
                    0.0,
                    0.0,
                    1.0
                ]
            ]
        },
        {
            "file_path": "/data/shapenet_blender/all_50_random/02958343/ba0fa0e807fd275e0445fc6d980dd5c/r_35",
            "rotation": 0.12566370614359174,
            "transform_matrix": [
                [
                    -0.015967143699526787,
                    0.2758548855781555,
                    0.9610666036605835,
                    3.8741836547851562
                ],
                [
                    0.9998725652694702,
                    0.004405176732689142,
                    0.015347445383667946,
                    0.06186753511428833
                ],
                [
                    -4.656612873077393e-10,
                    0.9611891508102417,
                    -0.275890052318573,
                    -1.1121485233306885
                ],
                [
                    0.0,
                    0.0,
                    0.0,
                    1.0
                ]
            ]
        },
        {
            "file_path": "/data/shapenet_blender/all_50_random/02958343/ba0fa0e807fd275e0445fc6d980dd5c/r_36",
            "rotation": 0.12566370614359174,
            "transform_matrix": [
                [
                    -0.9845712780952454,
                    -0.05449535697698593,
                    -0.16628216207027435,
                    -0.6703048944473267
                ],
                [
                    -0.17498430609703064,
                    0.30662500858306885,
                    0.9356075525283813,
                    3.771554946899414
                ],
                [
                    3.725290298461914e-09,
                    0.9502691030502319,
                    -0.3114299476146698,
                    -1.255414366722107
                ],
                [
                    0.0,
                    0.0,
                    0.0,
                    1.0
                ]
            ]
        },
        {
            "file_path": "/data/shapenet_blender/all_50_random/02958343/ba0fa0e807fd275e0445fc6d980dd5c/r_37",
            "rotation": 0.12566370614359174,
            "transform_matrix": [
                [
                    0.3987550139427185,
                    0.00228107045404613,
                    0.9170546531677246,
                    3.696765661239624
                ],
                [
                    0.9170575737953186,
                    -0.0009918550495058298,
                    -0.39875370264053345,
                    -1.6074275970458984
                ],
                [
                    0.0,
                    0.9999969005584717,
                    -0.002487379824742675,
                    -0.010026948526501656
                ],
                [
                    0.0,
                    0.0,
                    0.0,
                    1.0
                ]
            ]
        },
        {
            "file_path": "/data/shapenet_blender/all_50_random/02958343/ba0fa0e807fd275e0445fc6d980dd5c/r_38",
            "rotation": 0.12566370614359174,
            "transform_matrix": [
                [
                    -0.38046178221702576,
                    -0.08281870931386948,
                    -0.9210808277130127,
                    -3.7129955291748047
                ],
                [
                    -0.9247967004776001,
                    0.034071654081344604,
                    0.3789331018924713,
                    1.527528166770935
                ],
                [
                    -3.725290298461914e-09,
                    0.9959819316864014,
                    -0.08955343812704086,
                    -0.36100146174430847
                ],
                [
                    0.0,
                    0.0,
                    0.0,
                    1.0
                ]
            ]
        },
        {
            "file_path": "/data/shapenet_blender/all_50_random/02958343/ba0fa0e807fd275e0445fc6d980dd5c/r_39",
            "rotation": 0.12566370614359174,
            "transform_matrix": [
                [
                    -0.34016916155815125,
                    0.7861536145210266,
                    0.5159916877746582,
                    2.080029010772705
                ],
                [
                    0.9403643608093262,
                    0.28438466787338257,
                    0.18665578961372375,
                    0.7524335384368896
                ],
                [
                    0.0,
                    0.5487146973609924,
                    -0.836009681224823,
                    -3.370062828063965
                ],
                [
                    0.0,
                    0.0,
                    0.0,
                    1.0
                ]
            ]
        },
        {
            "file_path": "/data/shapenet_blender/all_50_random/02958343/ba0fa0e807fd275e0445fc6d980dd5c/r_40",
            "rotation": 0.12566370614359174,
            "transform_matrix": [
                [
                    0.4987359941005707,
                    0.7754534482955933,
                    -0.3872135579586029,
                    -1.5609077215194702
                ],
                [
                    -0.8667539954185486,
                    0.44620105624198914,
                    -0.2228052318096161,
                    -0.8981566429138184
                ],
                [
                    1.4901161193847656e-08,
                    0.4467400014400482,
                    0.89466392993927,
                    3.6065056324005127
                ],
                [
                    0.0,
                    0.0,
                    0.0,
                    1.0
                ]
            ]
        },
        {
            "file_path": "/data/shapenet_blender/all_50_random/02958343/ba0fa0e807fd275e0445fc6d980dd5c/r_41",
            "rotation": 0.12566370614359174,
            "transform_matrix": [
                [
                    -0.9467379450798035,
                    -0.07448763400316238,
                    -0.3132711946964264,
                    -1.2628366947174072
                ],
                [
                    -0.3220050632953644,
                    0.2190035879611969,
                    0.9210591912269592,
                    3.7129085063934326
                ],
                [
                    0.0,
