{
    "class": "02958343",
    "model": "7bd15f738bf2a402d4fdf31cc2d78fd0",
    "remove_doubles": true,
    "edge_split": true,
    "denoise": true,
    "camera_angle_x": 0.6911112070083618,
    "scale_factor": 2.354395289417651,
    "hdri_file": "/data/IndoorHDRDataset2018/AG8A9591-325e4dc778.exr",
    "center_offset": [
        0.0,
        -3.725290298461914e-09,
        0.0
    ],
    "lights": [],
    "frames": [
        {
            "file_path": "/data/shapenet_blender/all_50_random/02958343/7bd15f738bf2a402d4fdf31cc2d78fd0/r_0",
            "rotation": 0.12566370614359174,
            "transform_matrix": [
                [
                    -0.9915869832038879,
                    -0.032932668924331665,
                    -0.12518325448036194,
                    -0.504629909992218
                ],
                [
                    -0.1294427216053009,
                    0.2522784471511841,
                    0.9589577317237854,
                    3.865682601928711
                ],
                [
                    0.0,
                    0.9670940637588501,
                    -0.25441887974739075,
                    -1.0255954265594482
                ],
                [
                    0.0,
                    0.0,
                    0.0,
                    1.0
                ]
            ]
        },
        {
            "file_path": "/data/shapenet_blender/all_50_random/02958343/7bd15f738bf2a402d4fdf31cc2d78fd0/r_1",
            "rotation": 0.12566370614359174,
            "transform_matrix": [
                [
                    0.9400915503501892,
                    0.20653614401817322,
                    -0.2712394595146179,
                    -1.0934011936187744
                ],
                [
                    -0.3409223258495331,
                    0.5695223212242126,
                    -0.7479413151741028,
                    -3.015047788619995
                ],
                [
                    1.4901162970204496e-08,
                    0.7956048846244812,
                    0.6058158874511719,
                    2.442121982574463
                ],
                [
                    0.0,
                    0.0,
                    0.0,
                    1.0
                ]
            ]
        },
        {
            "file_path": "/data/shapenet_blender/all_50_random/02958343/7bd15f738bf2a402d4fdf31cc2d78fd0/r_2",
            "rotation": 0.12566370614359174,
            "transform_matrix": [
                [
                    0.1367466151714325,
                    0.22823481261730194,
                    -0.9639549851417542,
                    -3.885826587677002
                ],
                [
                    -0.9906060695648193,
                    0.03150630742311478,
                    -0.13306760787963867,
                    -0.5364126563072205
                ],
                [
                    0.0,
                    0.9730961918830872,
                    0.23039917647838593,
                    0.9287687540054321
                ],
                [
                    0.0,
                    0.0,
                    0.0,
                    1.0
                ]
            ]
        },
        {
            "file_path": "/data/shapenet_blender/all_50_random/02958343/7bd15f738bf2a402d4fdf31cc2d78fd0/r_3",
            "rotation": 0.12566370614359174,
            "transform_matrix": [
                [
                    -0.5503366589546204,
                    0.47250694036483765,
                    0.6883797645568848,
                    2.7749478816986084
                ],
                [
                    0.8349428176879883,
                    0.311443954706192,
                    0.453732430934906,
                    1.8290539979934692
                ],
                [
                    0.0,
                    0.824463427066803,
                    -0.5659152269363403,
                    -2.2812774181365967
                ],
                [
                    0.0,
                    0.0,
                    0.0,
                    1.0
                ]
            ]
        },
        {
            "file_path": "/data/shapenet_blender/all_50_random/02958343/7bd15f738bf2a402d4fdf31cc2d78fd0/r_4",
            "rotation": 0.12566370614359174,
            "transform_matrix": [
                [
                    0.3605973720550537,
                    -0.6254807710647583,
                    -0.6919127106666565,
                    -2.789189338684082
                ],
                [
                    -0.9327215552330017,
                    -0.2418157160282135,
                    -0.26749882102012634,
                    -1.078322172164917
                ],
                [
                    1.4901161193847656e-08,
                    0.7418212890625,
                    -0.6705975532531738,
                    -2.7032651901245117
                ],
                [
                    0.0,
                    0.0,
                    0.0,
                    1.0
                ]
            ]
        },
        {
            "file_path": "/data/shapenet_blender/all_50_random/02958343/7bd15f738bf2a402d4fdf31cc2d78fd0/r_5",
            "rotation": 0.12566370614359174,
            "transform_matrix": [
                [
                    -0.6728290319442749,
                    0.07364345341920853,
                    0.7361235022544861,
                    2.9674084186553955
                ],
                [
                    0.7397980690002441,
                    0.06697700172662735,
                    0.6694871187210083,
                    2.698788642883301
                ],
                [
                    0.0,
                    0.9950329661369324,
                    -0.09954536706209183,
                    -0.40128016471862793
                ],
                [
                    0.0,
                    0.0,
                    0.0,
                    1.0
                ]
            ]
        },
        {
            "file_path": "/data/shapenet_blender/all_50_random/02958343/7bd15f738bf2a402d4fdf31cc2d78fd0/r_6",
            "rotation": 0.12566370614359174,
            "transform_matrix": [
                [
                    -0.9127166867256165,
                    -0.1567866951227188,
                    0.37731435894966125,
                    1.5210028886795044
                ],
                [
                    0.40859293937683105,
                    -0.35023078322410583,
                    0.8428464531898499,
                    3.39762282371521
                ],
                [
                    0.0,
                    0.9234480261802673,
                    0.3837234079837799,
                    1.5468385219573975
                ],
                [
                    0.0,
                    0.0,
                    0.0,
                    1.0
                ]
            ]
        },
        {
            "file_path": "/data/shapenet_blender/all_50_random/02958343/7bd15f738bf2a402d4fdf31cc2d78fd0/r_7",
            "rotation": 0.12566370614359174,
            "transform_matrix": [
                [
                    -0.7221742272377014,
                    0.0002949894987978041,
                    -0.6917110085487366,
                    -2.788376569747925
                ],
                [
                    -0.6917111277580261,
                    -0.00030798089574091136,
                    0.7221741080284119,
                    2.911177158355713
                ],
                [
                    0.0,
                    0.9999998807907104,
                    0.00042646340443752706,
                    0.0017191290389746428
                ],
                [
                    0.0,
                    0.0,
                    0.0,
                    1.0
                ]
            ]
        },
        {
            "file_path": "/data/shapenet_blender/all_50_random/02958343/7bd15f738bf2a402d4fdf31cc2d78fd0/r_8",
            "rotation": 0.12566370614359174,
            "transform_matrix": [
                [
                    -0.9960030913352966,
                    0.029212573543190956,
                    -0.0844077318906784,
                    -0.3402584493160248
                ],
                [
                    -0.08931988477706909,
                    -0.325748473405838,
                    0.9412278532981873,
                    3.794210910797119
                ],
                [
                    -1.862645371275562e-09,
                    0.9450050592422485,
                    0.3270556926727295,
                    1.318403720855713
                ],
                [
                    0.0,
                    0.0,
                    0.0,
                    1.0
                ]
            ]
        },
        {
            "file_path": "/data/shapenet_blender/all_50_random/02958343/7bd15f738bf2a402d4fdf31cc2d78fd0/r_9",
            "rotation": 0.12566370614359174,
            "transform_matrix": [
                [
                    -0.9134435653686523,
                    0.3207928538322449,
                    0.25042542815208435,
                    1.0094971656799316
                ],
                [
                    0.40696555376052856,
                    0.7200269103050232,
                    0.5620856285095215,
                    2.2658395767211914
                ],
                [
                    0.0,
                    0.6153481602668762,
                    -0.7882555723190308,
                    -3.1775596141815186
                ],
                [
                    0.0,
                    0.0,
                    0.0,
                    1.0
                ]
            ]
        },
        {
            "file_path": "/data/shapenet_blender/all_50_random/02958343/7bd15f738bf2a402d4fdf31cc2d78fd0/r_10",
            "rotation": 0.12566370614359174,
            "transform_matrix": [
                [
                    -0.8961326479911804,
                    0.051042862236499786,
                    0.4408411383628845,
                    1.7770874500274658
                ],
                [
                    0.4437863230705261,
                    0.10307026654481888,
                    0.8901854753494263,
                    3.5884523391723633
                ],
                [
                    3.725290298461914e-09,
                    0.9933634400367737,
                    -0.11501676589250565,
                    -0.46364742517471313
                ],
                [
                    0.0,
                    0.0,
                    0.0,
                    1.0
                ]
            ]
        },
        {
            "file_path": "/data/shapenet_blender/all_50_random/02958343/7bd15f738bf2a402d4fdf31cc2d78fd0/r_11",
            "rotation": 0.12566370614359174,
            "transform_matrix": [
                [
                    0.8229653835296631,
                    -0.46019288897514343,
                    -0.33309251070022583,
                    -1.3427388668060303
                ],
                [
                    -0.5680916905403137,
                    -0.6666578650474548,
                    -0.4825340807437897,
                    -1.9451570510864258
                ],
                [
                    1.4901162970204496e-08,
                    0.5863358378410339,
                    -0.8100680112838745,
                    -3.265488624572754
                ],
                [
                    0.0,
                    0.0,
                    0.0,
                    1.0
                ]
            ]
        },
        {
            "file_path": "/data/shapenet_blender/all_50_random/02958343/7bd15f738bf2a402d4fdf31cc2d78fd0/r_12",
            "rotation": 0.12566370614359174,
            "transform_matrix": [
                [
                    -0.6547031998634338,
                    -0.300825834274292,
                    -0.6934460401535034,
                    -2.795370578765869
                ],
                [
                    -0.7558860182762146,
                    0.2605573236942291,
                    0.6006214618682861,
                    2.421182870864868
                ],
                [
                    -1.4901161193847656e-08,
                    0.9173949360847473,
                    -0.3979777693748474,
                    -1.604299783706665
                ],
                [
                    0.0,
                    0.0,
                    0.0,
                    1.0
                ]
            ]
        },
        {
            "file_path": "/data/shapenet_blender/all_50_random/02958343/7bd15f738bf2a402d4fdf31cc2d78fd0/r_13",
            "rotation": 0.12566370614359174,
            "transform_matrix": [
                [
                    0.2868445813655853,
                    -0.8315631747245789,
                    0.47562891244888306,
                    1.9173214435577393
                ],
                [
                    0.9579771161079407,
                    0.24899280071258545,
                    -0.1424163281917572,
                    -0.5740985870361328
                ],
                [
                    0.0,
                    0.4964929223060608,
                    0.8680407404899597,
                    3.4991841316223145
                ],
                [
                    0.0,
                    0.0,
                    0.0,
                    1.0
                ]
            ]
        },
        {
            "file_path": "/data/shapenet_blender/all_50_random/02958343/7bd15f738bf2a402d4fdf31cc2d78fd0/r_14",
            "rotation": 0.12566370614359174,
            "transform_matrix": [
                [
                    -0.852462649345398,
                    -0.2849451005458832,
                    0.43830785155296326,
                    1.7668755054473877
                ],
                [
                    0.5227881669998169,
                    -0.4646337926387787,
                    0.7147083282470703,
                    2.8810813426971436
                ],
                [
                    0.0,
                    0.8384042978286743,
                    0.5450488328933716,
                    2.19716215133667
                ],
                [
                    0.0,
                    0.0,
                    0.0,
                    1.0
                ]
            ]
        },
        {
            "file_path": "/data/shapenet_blender/all_50_random/02958343/7bd15f738bf2a402d4fdf31cc2d78fd0/r_15",
            "rotation": 0.12566370614359174,
            "transform_matrix": [
                [
                    0.09379035234451294,
                    0.25159814953804016,
                    0.9632765054702759,
                    3.883091926574707
                ],
                [
                    0.9955919981002808,
                    -0.023701956495642662,
                    -0.09074604511260986,
                    -0.36580905318260193
                ],
                [
                    0.0,
                    0.9675415754318237,
                    -0.25271207094192505,
                    -1.0187150239944458
                ],
                [
                    0.0,
                    0.0,
                    0.0,
                    1.0
                ]
            ]
        },
        {
            "file_path": "/data/shapenet_blender/all_50_random/02958343/7bd15f738bf2a402d4fdf31cc2d78fd0/r_16",
            "rotation": 0.12566370614359174,
            "transform_matrix": [
                [
                    0.44837528467178345,
                    0.13467872142791748,
                    0.8836408853530884,
                    3.562070369720459
                ],
                [
                    0.8938454389572144,
                    -0.06755822896957397,
                    -0.4432564377784729,
                    -1.7868238687515259
                ],
                [
                    0.0,
                    0.9885834455490112,
                    -0.15067341923713684,
                    -0.6073839664459229
                ],
                [
                    0.0,
                    0.0,
                    0.0,
                    1.0
                ]
            ]
        },
        {
            "file_path": "/data/shapenet_blender/all_50_random/02958343/7bd15f738bf2a402d4fdf31cc2d78fd0/r_17",
            "rotation": 0.12566370614359174,
            "transform_matrix": [
                [
                    -0.7018987536430359,
                    -0.10496415197849274,
                    0.7045001983642578,
                    2.8399314880371094
                ],
                [
                    0.7122766971588135,
                    -0.10343480855226517,
                    0.6942355632781982,
                    2.798553228378296
                ],
                [
                    -7.450581485102248e-09,
                    0.9890821576118469,
                    0.1473642736673355,
                    0.5940444469451904
                ],
                [
                    0.0,
                    0.0,
                    0.0,
                    1.0
                ]
            ]
        },
        {
            "file_path": "/data/shapenet_blender/all_50_random/02958343/7bd15f738bf2a402d4fdf31cc2d78fd0/r_18",
            "rotation": 0.12566370614359174,
            "transform_matrix": [
                [
                    -0.9459583163261414,
                    0.06838849186897278,
                    -0.3169953227043152,
                    -1.2778491973876953
                ],
                [
                    -0.32428857684135437,
                    -0.19949105381965637,
                    0.9246838092803955,
                    3.727519989013672
                ],
                [
                    0.0,
                    0.9775101542472839,
                    0.21088780462741852,
                    0.8501160144805908
                ],
                [
                    0.0,
                    0.0,
                    0.0,
                    1.0
                ]
            ]
        },
        {
            "file_path": "/data/shapenet_blender/all_50_random/02958343/7bd15f738bf2a402d4fdf31cc2d78fd0/r_19",
            "rotation": 0.12566370614359174,
            "transform_matrix": [
                [
                    0.6428621411323547,
                    -0.5070710778236389,
                    0.5741142630577087,
                    2.314328670501709
                ],
                [
                    0.765981912612915,
                    0.42556723952293396,
                    -0.4818342626094818,
                    -1.942336082458496
                ],
                [
                    0.0,
                    0.7495141625404358,
                    0.6619883179664612,
                    2.668560266494751
                ],
                [
                    0.0,
                    0.0,
                    0.0,
                    1.0
                ]
            ]
        },
        {
            "file_path": "/data/shapenet_blender/all_50_random/02958343/7bd15f738bf2a402d4fdf31cc2d78fd0/r_20",
            "rotation": 0.12566370614359174,
            "transform_matrix": [
                [
                    0.9999828934669495,
                    -0.0006649508723057806,
                    0.005825538653880358,
                    0.023483499884605408
                ],
                [
                    0.005863367114216089,
                    0.113405741751194,
                    -0.9935314059257507,
                    -4.005053520202637
                ],
                [
                    5.820766785236131e-11,
                    0.9935484528541565,
                    0.1134076938033104,
                    0.4571610689163208
                ],
                [
                    0.0,
                    0.0,
                    0.0,
                    1.0
                ]
            ]
        },
        {
            "file_path": "/data/shapenet_blender/all_50_random/02958343/7bd15f738bf2a402d4fdf31cc2d78fd0/r_21",
            "rotation": 0.12566370614359174,
            "transform_matrix": [
                [
                    0.5753408074378967,
                    -0.2739991545677185,
                    0.7706539034843445,
                    3.106605291366577
                ],
                [
                    0.8179137706756592,
                    0.19273777306079865,
                    -0.5420970320701599,
                    -2.18526291847229
                ],
                [
                    1.4901159417490817e-08,
                    0.942219078540802,
                    0.3349975347518921,
                    1.350418210029602
                ],
                [
                    0.0,
                    0.0,
                    0.0,
                    1.0
                ]
            ]
        },
        {
            "file_path": "/data/shapenet_blender/all_50_random/02958343/7bd15f738bf2a402d4fdf31cc2d78fd0/r_22",
            "rotation": 0.12566370614359174,
            "transform_matrix": [
                [
                    0.9342155456542969,
                    0.2411564290523529,
                    0.2628403604030609,
                    1.0595433712005615
                ],
                [
                    0.3567092716693878,
                    -0.6315845847129822,
                    -0.6883744597434998,
                    -2.77492618560791
                ],
                [
                    0.0,
                    0.7368476390838623,
                    -0.676058828830719,
                    -2.725280284881592
                ],
                [
                    0.0,
                    0.0,
                    0.0,
                    1.0
                ]
            ]
        },
        {
            "file_path": "/data/shapenet_blender/all_50_random/02958343/7bd15f738bf2a402d4fdf31cc2d78fd0/r_23",
            "rotation": 0.12566370614359174,
            "transform_matrix": [
                [
                    -0.18562285602092743,
                    0.32534217834472656,
                    0.9271982908248901,
                    3.7376558780670166
                ],
                [
                    0.9826211333274841,
                    0.06145903095602989,
                    0.17515315115451813,
                    0.7060649394989014
                ],
                [
                    0.0,
                    0.9435970187187195,
                    -0.33109626173973083,
                    -1.3346917629241943
                ],
                [
                    0.0,
                    0.0,
                    0.0,
                    1.0
                ]
            ]
        },
        {
            "file_path": "/data/shapenet_blender/all_50_random/02958343/7bd15f738bf2a402d4fdf31cc2d78fd0/r_24",
            "rotation": 0.12566370614359174,
            "transform_matrix": [
                [
                    -0.7570985555648804,
                    -0.23127514123916626,
                    0.6109939217567444,
                    2.4629955291748047
                ],
                [
                    0.6533007621765137,
                    -0.2680206000804901,
                    0.708069920539856,
                    2.8543214797973633
                ],
                [
                    0.0,
                    0.9352414608001709,
                    0.3540101945400238,
                    1.427060842514038
                ],
                [
                    0.0,
                    0.0,
                    0.0,
                    1.0
                ]
            ]
        },
        {
            "file_path": "/data/shapenet_blender/all_50_random/02958343/7bd15f738bf2a402d4fdf31cc2d78fd0/r_25",
            "rotation": 0.12566370614359174,
            "transform_matrix": [
                [
                    0.8962433934211731,
                    -0.13905228674411774,
                    0.42120328545570374,
                    1.6979247331619263
                ],
                [
                    0.44356250762939453,
                    0.28096306324005127,
                    -0.8510652184486389,
                    -3.430753707885742
                ],
                [
                    0.0,
                    0.9495916962623596,
                    0.3134896457195282,
                    1.2637171745300293
                ],
                [
                    0.0,
                    0.0,
                    0.0,
                    1.0
                ]
            ]
        },
        {
            "file_path": "/data/shapenet_blender/all_50_random/02958343/7bd15f738bf2a402d4fdf31cc2d78fd0/r_26",
            "rotation": 0.12566370614359174,
            "transform_matrix": [
                [
                    0.07300637662410736,
                    -0.3380706012248993,
                    -0.9382848143577576,
                    -3.7823469638824463
                ],
                [
                    -0.9973315000534058,
                    -0.024747347459197044,
                    -0.06868405640125275,
                    -0.27687427401542664
                ],
                [
                    0.0,
                    0.9407953023910522,
                    -0.338975191116333,
                    -1.366452693939209
                ],
                [
                    0.0,
                    0.0,
                    0.0,
                    1.0
                ]
            ]
        },
        {
            "file_path": "/data/shapenet_blender/all_50_random/02958343/7bd15f738bf2a402d4fdf31cc2d78fd0/r_27",
            "rotation": 0.12566370614359174,
            "transform_matrix": [
                [
                    -0.9997323155403137,
                    -0.002573742065578699,
                    0.022996235638856888,
                    0.0927007794380188
                ],
                [
                    0.023139813914895058,
                    -0.11119592934846878,
                    0.9935291409492493,
                    4.0050435066223145
                ],
                [
                    0.0,
                    0.9937951564788818,
                    0.11122571676969528,
                    0.44836515188217163
                ],
                [
                    0.0,
                    0.0,
                    0.0,
                    1.0
                ]
            ]
        },
        {
            "file_path": "/data/shapenet_blender/all_50_random/02958343/7bd15f738bf2a402d4fdf31cc2d78fd0/r_28",
            "rotation": 0.12566370614359174,
            "transform_matrix": [
                [
                    0.9796091318130493,
                    0.04781065136194229,
                    0.19514119625091553,
                    0.7866393327713013
                ],
                [
                    0.20091278851032257,
                    -0.2331148386001587,
                    -0.9514680504798889,
                    -3.8354904651641846
                ],
                [
                    3.725290742551124e-09,
                    0.9712731242179871,
                    -0.23796717822551727,
                    -0.9592763781547546
                ],
                [
                    0.0,
                    0.0,
                    0.0,
                    1.0
                ]
            ]
        },
        {
            "file_path": "/data/shapenet_blender/all_50_random/02958343/7bd15f738bf2a402d4fdf31cc2d78fd0/r_29",
            "rotation": 0.12566370614359174,
            "transform_matrix": [
                [
                    -0.8074479699134827,
                    0.008575891144573689,
                    -0.5898763537406921,
                    -2.3778679370880127
                ],
                [
                    -0.589938759803772,
                    -0.011737805791199207,
                    0.8073625564575195,
                    3.2545828819274902
                ],
                [
                    -9.313225746154785e-10,
                    0.9998943209648132,
                    0.01453691627830267,
                    0.05860018730163574
                ],
                [
                    0.0,
                    0.0,
                    0.0,
                    1.0
                ]
            ]
        },
        {
            "file_path": "/data/shapenet_blender/all_50_random/02958343/7bd15f738bf2a402d4fdf31cc2d78fd0/r_30",
            "rotation": 0.12566370614359174,
            "transform_matrix": [
                [
                    -0.3902948796749115,
                    -0.5406460762023926,
                    -0.7452325820922852,
                    -3.0041284561157227
                ],
                [
                    -0.9206899404525757,
                    0.22918835282325745,
                    0.3159157633781433,
                    1.2734971046447754
                ],
                [
                    0.0,
                    0.8094283938407898,
                    -0.5872184634208679,
                    -2.3671534061431885
                ],
                [
                    0.0,
                    0.0,
                    0.0,
                    1.0
                ]
            ]
        },
        {
            "file_path": "/data/shapenet_blender/all_50_random/02958343/7bd15f738bf2a402d4fdf31cc2d78fd0/r_31",
            "rotation": 0.12566370614359174,
            "transform_matrix": [
                [
                    -0.9971606135368347,
                    -0.011345498263835907,
                    0.0744454562664032,
                    0.3000992238521576
                ],
                [
                    0.0753050297498703,
                    -0.15023277699947357,
                    0.9857785105705261,
                    3.9738001823425293
                ],
                [
                    -9.31322685637781e-10,
                    0.9885854721069336,
                    0.15066057443618774,
                    0.6073322296142578
                ],
                [
                    0.0,
                    0.0,
                    0.0,
                    1.0
                ]
            ]
        },
        {
            "file_path": "/data/shapenet_blender/all_50_random/02958343/7bd15f738bf2a402d4fdf31cc2d78fd0/r_32",
            "rotation": 0.12566370614359174,
            "transform_matrix": [
                [
                    0.8816125988960266,
                    -0.4152362644672394,
                    -0.2243615984916687,
                    -0.9044305086135864
                ],
                [
                    -0.47197386622428894,
                    -0.7756308913230896,
                    -0.41909104585647583,
                    -1.6894100904464722
                ],
                [
                    1.4901162970204496e-08,
                    0.47536858916282654,
                    -0.8797866106033325,
                    -3.5465333461761475
                ],
                [
                    0.0,
                    0.0,
                    0.0,
                    1.0
                ]
            ]
        },
        {
            "file_path": "/data/shapenet_blender/all_50_random/02958343/7bd15f738bf2a402d4fdf31cc2d78fd0/r_33",
            "rotation": 0.12566370614359174,
            "transform_matrix": [
                [
                    0.24714051187038422,
                    0.20012861490249634,
                    0.9480876922607422,
                    3.8218631744384766
                ],
                [
                    0.9689797163009644,
                    -0.05104326456785202,
                    -0.24181196093559265,
                    -0.9747750759124756
                ],
                [
                    0.0,
                    0.9784391522407532,
                    -0.2065354436635971,
                    -0.8325709104537964
                ],
                [
                    0.0,
                    0.0,
                    0.0,
                    1.0
                ]
            ]
        },
        {
            "file_path": "/data/shapenet_blender/all_50_random/02958343/7bd15f738bf2a402d4fdf31cc2d78fd0/r_34",
            "rotation": 0.12566370614359174,
            "transform_matrix": [
                [
                    -0.36667299270629883,
                    -0.10294374078512192,
                    -0.924636960029602,
                    -3.7273306846618652
                ],
                [
                    -0.9303498864173889,
                    0.040572572499513626,
                    0.36442136764526367,
                    1.469029426574707
                ],
                [
                    0.0,
                    0.9938594102859497,
                    -0.11065056174993515,
                    -0.4460466504096985
                ],
                [
                    0.0,
                    0.0,
                    0.0,
                    1.0
                ]
            ]
        },
        {
            "file_path": "/data/shapenet_blender/all_50_random/02958343/7bd15f738bf2a402d4fdf31cc2d78fd0/r_35",
            "rotation": 0.12566370614359174,
            "transform_matrix": [
                [
                    0.650627613067627,
                    0.08270604908466339,
                    0.7548798322677612,
                    3.043017864227295
                ],
                [
                    0.759397029876709,
                    -0.07085994631052017,
                    -0.6467573642730713,
                    -2.6071622371673584
                ],
                [
                    0.0,
                    0.9940515756607056,
                    -0.10891017317771912,
                    -0.4390309453010559
                ],
                [
                    0.0,
                    0.0,
                    0.0,
                    1.0
                ]
            ]
        },
        {
            "file_path": "/data/shapenet_blender/all_50_random/02958343/7bd15f738bf2a402d4fdf31cc2d78fd0/r_36",
            "rotation": 0.12566370614359174,
            "transform_matrix": [
                [
                    0.9819276332855225,
                    0.0954907163977623,
                    0.1634005308151245,
                    0.6586886048316956
                ],
                [
                    0.18925699591636658,
                    -0.49543726444244385,
                    -0.8477757573127747,
                    -3.4174931049346924
                ],
                [
                    0.0,
                    0.8633790612220764,
                    -0.5045557618141174,
                    -2.0339293479919434
                ],
                [
                    0.0,
                    0.0,
                    0.0,
                    1.0
                ]
            ]
        },
        {
            "file_path": "/data/shapenet_blender/all_50_random/02958343/7bd15f738bf2a402d4fdf31cc2d78fd0/r_37",
            "rotation": 0.12566370614359174,
            "transform_matrix": [
                [
                    0.7780563235282898,
                    -0.41342419385910034,
                    0.4729786515235901,
                    1.9066379070281982
                ],
                [
                    0.6281945109367371,
                    0.5120505094528198,
                    -0.5858122110366821,
                    -2.3614845275878906
                ],
                [
                    -1.4901160305669237e-08,
                    0.7529175281524658,
                    0.6581149101257324,
                    2.6529459953308105
                ],
                [
                    0.0,
                    0.0,
                    0.0,
                    1.0
                ]
            ]
        },
        {
            "file_path": "/data/shapenet_blender/all_50_random/02958343/7bd15f738bf2a402d4fdf31cc2d78fd0/r_38",
            "rotation": 0.12566370614359174,
            "transform_matrix": [
                [
                    -0.9739638566970825,
                    -0.1532970815896988,
                    0.16701583564281464,
                    0.673262357711792
                ],
                [
                    0.22670306265354156,
                    -0.658596396446228,
                    0.7175350189208984,
                    2.8924760818481445
                ],
                [
                    7.450580152834618e-09,
                    0.7367162704467773,
                    0.6762019991874695,
                    2.7258574962615967
                ],
                [
                    0.0,
                    0.0,
                    0.0,
                    1.0
                ]
            ]
        },
        {
            "file_path": "/data/shapenet_blender/all_50_random/02958343/7bd15f738bf2a402d4fdf31cc2d78fd0/r_39",
            "rotation": 0.12566370614359174,
            "transform_matrix": [
                [
                    -0.34243977069854736,
                    0.5635443329811096,
                    0.7517663836479187,
                    3.0304675102233887
                ],
                [
                    0.9395397901535034,
                    0.20539842545986176,
                    0.2740008533000946,
                    1.1045328378677368
                ],
                [
                    0.0,
                    0.800143301486969,
                    -0.5998088121414185,
                    -2.4179069995880127
                ],
                [
                    0.0,
                    0.0,
                    0.0,
                    1.0
                ]
            ]
        },
        {
            "file_path": "/data/shapenet_blender/all_50_random/02958343/7bd15f738bf2a402d4fdf31cc2d78fd0/r_40",
            "rotation": 0.12566370614359174,
            "transform_matrix": [
                [
                    -0.09829670935869217,
                    -0.01024549175053835,
                    -0.9951044917106628,
                    -4.011394023895264
                ],
                [
                    -0.9951571822166443,
                    0.0010119990911334753,
                    0.09829150885343552,
                    0.3962256908416748
                ],
                [
                    0.0,
                    0.9999470710754395,
                    -0.010295350104570389,
                    -0.04150187969207764
                ],
                [
                    0.0,
                    0.0,
                    0.0,
                    1.0
                ]
            ]
        },
        {
            "file_path": "/data/shapenet_blender/all_50_random/02958343/7bd15f738bf2a402d4fdf31cc2d78fd0/r_41",
            "rotation": 0.12566370614359174,
            "transform_matrix": [
                [
                    0.5218708515167236,
                    -0.14958061277866364,
                    0.839807391166687,
                    3.385371685028076
                ],
                [
                    0.8530245423316956,
                    0.09151174128055573,
                    -0.5137847065925598,
                    -2.0711324214935303
                ],
                [
                    0.0,
                    0.9845055341720581,
                    0.17535322904586792,
