{
    "class": "02958343",
    "model": "1a0bc9ab92c915167ae33d942430658c",
    "remove_doubles": true,
    "edge_split": true,
    "denoise": true,
    "camera_angle_x": 0.6911112070083618,
    "scale_factor": 2.326709524242082,
    "hdri_file": "/data/IndoorHDRDataset2018/9C4A0736-308c00e42e.exr",
    "center_offset": [
        0.0,
        0.0,
        -1.862645149230957e-09
    ],
    "lights": [],
    "frames": [
        {
            "file_path": "/data/shapenet_blender/all_50_random/02958343/1a0bc9ab92c915167ae33d942430658c/r_0",
            "rotation": 0.12566370614359174,
            "transform_matrix": [
                [
                    -0.3433037996292114,
                    0.019287368282675743,
                    0.9390263557434082,
                    3.7853362560272217
                ],
                [
                    0.9392244219779968,
                    0.007049888372421265,
                    0.3432314097881317,
                    1.3836100101470947
                ],
                [
                    -4.656612873077393e-10,
                    0.9997891187667847,
                    -0.02053542248904705,
                    -0.08278093487024307
                ],
                [
                    0.0,
                    0.0,
                    0.0,
                    1.0
                ]
            ]
        },
        {
            "file_path": "/data/shapenet_blender/all_50_random/02958343/1a0bc9ab92c915167ae33d942430658c/r_1",
            "rotation": 0.12566370614359174,
            "transform_matrix": [
                [
                    0.03331836313009262,
                    -0.004224670119583607,
                    -0.9994357824325562,
                    -4.028854846954346
                ],
                [
                    -0.9994447827339172,
                    -0.0001408372918376699,
                    -0.033318061381578445,
                    -0.13430941104888916
                ],
                [
                    0.0,
                    0.9999910593032837,
                    -0.004227016121149063,
                    -0.017039649188518524
                ],
                [
                    0.0,
                    0.0,
                    0.0,
                    1.0
                ]
            ]
        },
        {
            "file_path": "/data/shapenet_blender/all_50_random/02958343/1a0bc9ab92c915167ae33d942430658c/r_2",
            "rotation": 0.12566370614359174,
            "transform_matrix": [
                [
                    -0.32014885544776917,
                    -0.8201597332954407,
                    0.47417595982551575,
                    1.9114644527435303
                ],
                [
                    0.9473673701286316,
                    -0.2771609127521515,
                    0.1602407842874527,
                    0.6459512710571289
                ],
                [
                    0.0,
                    0.5005196332931519,
                    0.8657251000404358,
                    3.48984956741333
                ],
                [
                    0.0,
                    0.0,
                    0.0,
                    1.0
                ]
            ]
        },
        {
            "file_path": "/data/shapenet_blender/all_50_random/02958343/1a0bc9ab92c915167ae33d942430658c/r_3",
            "rotation": 0.12566370614359174,
            "transform_matrix": [
                [
                    -0.5997264981269836,
                    0.23295213282108307,
                    -0.7655465006828308,
                    -3.0860166549682617
                ],
                [
                    -0.8002051711082458,
                    -0.17458969354629517,
                    0.5737510323524475,
                    2.312864303588867
                ],
                [
                    -1.4901162970204496e-08,
                    0.9566878080368042,
                    0.29111555218696594,
                    1.1735243797302246
                ],
                [
                    0.0,
                    0.0,
                    0.0,
                    1.0
                ]
            ]
        },
        {
            "file_path": "/data/shapenet_blender/all_50_random/02958343/1a0bc9ab92c915167ae33d942430658c/r_4",
            "rotation": 0.12566370614359174,
            "transform_matrix": [
                [
                    -0.25189661979675293,
                    0.26142531633377075,
                    0.9317750930786133,
                    3.756105661392212
                ],
                [
                    0.9677541255950928,
                    0.06804637610912323,
                    0.2425316572189331,
                    0.9776763916015625
                ],
                [
                    -7.450580152834618e-09,
                    0.9628220796585083,
                    -0.2701360881328583,
                    -1.0889533758163452
                ],
                [
                    0.0,
                    0.0,
                    0.0,
                    1.0
                ]
            ]
        },
        {
            "file_path": "/data/shapenet_blender/all_50_random/02958343/1a0bc9ab92c915167ae33d942430658c/r_5",
            "rotation": 0.12566370614359174,
            "transform_matrix": [
                [
                    0.7205657362937927,
                    -0.5169865489006042,
                    -0.4620712995529175,
                    -1.8626689910888672
                ],
                [
                    -0.6933866143226624,
                    -0.5372511744499207,
                    -0.4801833927631378,
                    -1.9356812238693237
                ],
                [
                    1.4901160305669237e-08,
                    0.6663978099822998,
                    -0.7455964088439941,
                    -3.0055952072143555
                ],
                [
                    0.0,
                    0.0,
                    0.0,
                    1.0
                ]
            ]
        },
        {
            "file_path": "/data/shapenet_blender/all_50_random/02958343/1a0bc9ab92c915167ae33d942430658c/r_6",
            "rotation": 0.12566370614359174,
            "transform_matrix": [
                [
                    0.9811187386512756,
                    -0.07035288959741592,
                    0.1801566630601883,
                    0.7262347340583801
                ],
                [
                    0.19340617954730988,
                    0.3568890690803528,
                    -0.9139060974121094,
                    -3.6840732097625732
                ],
                [
                    -7.450580152834618e-09,
                    0.9314938187599182,
                    0.3637571930885315,
                    1.466352105140686
                ],
                [
                    0.0,
                    0.0,
                    0.0,
                    1.0
                ]
            ]
        },
        {
            "file_path": "/data/shapenet_blender/all_50_random/02958343/1a0bc9ab92c915167ae33d942430658c/r_7",
            "rotation": 0.12566370614359174,
            "transform_matrix": [
                [
                    0.9208168387413025,
                    0.011612415313720703,
                    0.38982248306274414,
                    1.5714247226715088
                ],
                [
                    0.38999542593955994,
                    -0.02741803228855133,
                    -0.9204084873199463,
                    -3.710285186767578
                ],
                [
                    0.0,
                    0.9995566606521606,
                    -0.029775770381093025,
                    -0.12002997100353241
                ],
                [
                    0.0,
                    0.0,
                    0.0,
                    1.0
                ]
            ]
        },
        {
            "file_path": "/data/shapenet_blender/all_50_random/02958343/1a0bc9ab92c915167ae33d942430658c/r_8",
            "rotation": 0.12566370614359174,
            "transform_matrix": [
                [
                    -0.22450800240039825,
                    0.578219473361969,
                    -0.7843840718269348,
                    -3.1619534492492676
                ],
                [
                    -0.9744722843170166,
                    -0.13321559131145477,
                    0.1807137131690979,
                    0.7284802794456482
                ],
                [
                    0.0,
                    0.8049322366714478,
                    0.5933667421340942,
                    2.391937732696533
                ],
                [
                    0.0,
                    0.0,
                    0.0,
                    1.0
                ]
            ]
        },
        {
            "file_path": "/data/shapenet_blender/all_50_random/02958343/1a0bc9ab92c915167ae33d942430658c/r_9",
            "rotation": 0.12566370614359174,
            "transform_matrix": [
                [
                    -0.6581315398216248,
                    0.04849456250667572,
                    -0.7513396143913269,
                    -3.0287468433380127
                ],
                [
                    -0.7529029846191406,
                    -0.04239032045006752,
                    0.6567649245262146,
                    2.6475040912628174
                ],
                [
                    0.0,
                    0.9979234933853149,
                    0.06441010534763336,
                    0.2596454322338104
                ],
                [
                    0.0,
                    0.0,
                    0.0,
                    1.0
                ]
            ]
        },
        {
            "file_path": "/data/shapenet_blender/all_50_random/02958343/1a0bc9ab92c915167ae33d942430658c/r_10",
            "rotation": 0.12566370614359174,
            "transform_matrix": [
                [
                    0.7804057598114014,
                    -0.022292600944638252,
                    0.6248759627342224,
                    2.5189552307128906
                ],
                [
                    0.6252734065055847,
                    0.027823466807603836,
                    -0.7799096703529358,
                    -3.143916130065918
                ],
                [
                    0.0,
                    0.9993641376495361,
                    0.03565256670117378,
                    0.14372007548809052
                ],
                [
                    0.0,
                    0.0,
                    0.0,
                    1.0
                ]
            ]
        },
        {
            "file_path": "/data/shapenet_blender/all_50_random/02958343/1a0bc9ab92c915167ae33d942430658c/r_11",
            "rotation": 0.12566370614359174,
            "transform_matrix": [
                [
                    0.06989993900060654,
                    -0.8354583382606506,
                    0.5450901389122009,
                    2.197328805923462
                ],
                [
                    0.9975540637969971,
                    0.0585416816174984,
                    -0.03819519281387329,
                    -0.15396976470947266
                ],
                [
                    -3.725290742551124e-09,
                    0.5464265942573547,
                    0.837506890296936,
                    3.376098394393921
                ],
                [
                    0.0,
                    0.0,
                    0.0,
                    1.0
                ]
            ]
        },
        {
            "file_path": "/data/shapenet_blender/all_50_random/02958343/1a0bc9ab92c915167ae33d942430658c/r_12",
            "rotation": 0.12566370614359174,
            "transform_matrix": [
                [
                    -0.8481319546699524,
                    0.09667955338954926,
                    -0.5208886861801147,
                    -2.099769353866577
                ],
                [
                    -0.5297847986221313,
                    -0.15477421879768372,
                    0.8338902592658997,
                    3.3615190982818604
                ],
                [
                    -7.4505792646561986e-09,
                    0.9832079410552979,
                    0.1824883669614792,
                    0.7356340885162354
                ],
                [
                    0.0,
                    0.0,
                    0.0,
                    1.0
                ]
            ]
        },
        {
            "file_path": "/data/shapenet_blender/all_50_random/02958343/1a0bc9ab92c915167ae33d942430658c/r_13",
            "rotation": 0.12566370614359174,
            "transform_matrix": [
                [
                    -0.6355621814727783,
                    0.30530932545661926,
                    -0.7091169357299805,
                    -2.85854172706604
                ],
                [
                    -0.772049605846405,
                    -0.2513349652290344,
                    0.5837551355361938,
                    2.3531923294067383
                ],
                [
                    0.0,
                    0.9184861779212952,
                    0.39545297622680664,
                    1.5941219329833984
                ],
                [
                    0.0,
                    0.0,
                    0.0,
                    1.0
                ]
            ]
        },
        {
            "file_path": "/data/shapenet_blender/all_50_random/02958343/1a0bc9ab92c915167ae33d942430658c/r_14",
            "rotation": 0.12566370614359174,
            "transform_matrix": [
                [
                    0.9271557331085205,
                    -0.003729958785697818,
                    0.3746575713157654,
                    1.510292887687683
                ],
                [
                    0.3746761381626129,
                    0.009229977615177631,
                    -0.9271097779273987,
                    -3.7372989654541016
                ],
                [
                    2.3283061589829401e-10,
                    0.9999504089355469,
                    0.009955152869224548,
                    0.040130503475666046
                ],
                [
                    0.0,
                    0.0,
                    0.0,
                    1.0
                ]
            ]
        },
        {
            "file_path": "/data/shapenet_blender/all_50_random/02958343/1a0bc9ab92c915167ae33d942430658c/r_15",
            "rotation": 0.12566370614359174,
            "transform_matrix": [
                [
                    -0.980347216129303,
                    0.15576773881912231,
                    -0.12106149643659592,
                    -0.48801448941230774
                ],
                [
                    -0.19728024303913116,
                    -0.7740586400032043,
                    0.601592481136322,
                    2.4250967502593994
                ],
                [
                    7.450581485102248e-09,
                    0.6136524081230164,
                    0.7895762920379639,
                    3.1828837394714355
                ],
                [
                    0.0,
                    0.0,
                    0.0,
                    1.0
                ]
            ]
        },
        {
            "file_path": "/data/shapenet_blender/all_50_random/02958343/1a0bc9ab92c915167ae33d942430658c/r_16",
            "rotation": 0.12566370614359174,
            "transform_matrix": [
                [
                    -0.9140714406967163,
                    0.3014083802700043,
                    -0.27134189009666443,
                    -1.0938141345977783
                ],
                [
                    -0.4055532217025757,
                    -0.6793406009674072,
                    0.611574113368988,
                    2.465334177017212
                ],
                [
                    0.0,
                    0.6690660715103149,
                    0.7432029247283936,
                    2.9959468841552734
                ],
                [
                    0.0,
                    0.0,
                    0.0,
                    1.0
                ]
            ]
        },
        {
            "file_path": "/data/shapenet_blender/all_50_random/02958343/1a0bc9ab92c915167ae33d942430658c/r_17",
            "rotation": 0.12566370614359174,
            "transform_matrix": [
                [
                    0.6610586047172546,
                    0.14331044256687164,
                    0.7365212440490723,
                    2.9690122604370117
                ],
                [
                    0.7503343820571899,
                    -0.12625917792320251,
                    -0.6488890051841736,
                    -2.615755558013916
                ],
                [
                    0.0,
                    0.9815908670425415,
                    -0.190995454788208,
                    -0.7699273824691772
                ],
                [
                    0.0,
                    0.0,
                    0.0,
                    1.0
                ]
            ]
        },
        {
            "file_path": "/data/shapenet_blender/all_50_random/02958343/1a0bc9ab92c915167ae33d942430658c/r_18",
            "rotation": 0.12566370614359174,
            "transform_matrix": [
                [
                    -0.38705307245254517,
                    0.3269684314727783,
                    -0.8621377944946289,
                    -3.475388526916504
                ],
                [
                    -0.9220574498176575,
                    -0.13725189864635468,
                    0.36190053820610046,
                    1.4588677883148193
                ],
                [
                    7.450580152834618e-09,
                    0.9350153207778931,
                    0.3546074628829956,
                    1.4294683933258057
                ],
                [
                    0.0,
                    0.0,
                    0.0,
                    1.0
                ]
            ]
        },
        {
            "file_path": "/data/shapenet_blender/all_50_random/02958343/1a0bc9ab92c915167ae33d942430658c/r_19",
            "rotation": 0.12566370614359174,
            "transform_matrix": [
                [
                    0.1645742803812027,
                    -0.608853280544281,
                    0.7760237455368042,
                    3.128251791000366
                ],
                [
                    0.9863647222518921,
                    0.10158675909042358,
                    -0.1294790357351303,
                    -0.5219466686248779
                ],
                [
                    0.0,
                    0.7867512702941895,
                    0.6172699928283691,
                    2.488294839859009
                ],
                [
                    0.0,
                    0.0,
                    0.0,
                    1.0
                ]
            ]
        },
        {
            "file_path": "/data/shapenet_blender/all_50_random/02958343/1a0bc9ab92c915167ae33d942430658c/r_20",
            "rotation": 0.12566370614359174,
            "transform_matrix": [
                [
                    0.20500057935714722,
                    0.46648070216178894,
                    -0.8604478240013123,
                    -3.468576431274414
                ],
                [
                    -0.9787619113922119,
                    0.09770385175943375,
                    -0.180219829082489,
                    -0.7264894247055054
                ],
                [
                    -7.450580596923828e-09,
                    0.8791187405586243,
                    0.47660282254219055,
                    1.9212476015090942
                ],
                [
                    0.0,
                    0.0,
                    0.0,
                    1.0
                ]
            ]
        },
        {
            "file_path": "/data/shapenet_blender/all_50_random/02958343/1a0bc9ab92c915167ae33d942430658c/r_21",
            "rotation": 0.12566370614359174,
            "transform_matrix": [
                [
                    -0.9620459079742432,
                    0.01167061273008585,
                    -0.27263814210891724,
                    -1.0990396738052368
                ],
                [
                    -0.2728878855705261,
                    -0.04114387929439545,
                    0.9611655473709106,
                    3.874582529067993
                ],
                [
                    -9.31322685637781e-10,
                    0.9990850687026978,
                    0.042767059057950974,
                    0.17239955067634583
                ],
                [
                    0.0,
                    0.0,
                    0.0,
                    1.0
                ]
            ]
        },
        {
            "file_path": "/data/shapenet_blender/all_50_random/02958343/1a0bc9ab92c915167ae33d942430658c/r_22",
            "rotation": 0.12566370614359174,
            "transform_matrix": [
                [
                    -0.9903407692909241,
                    -0.08630350977182388,
                    -0.10852090269327164,
                    -0.437461793422699
                ],
                [
                    -0.13865454494953156,
                    0.6164232492446899,
                    0.7751110792160034,
                    3.124572992324829
                ],
                [
                    0.0,
                    0.7826711535453796,
                    -0.6224353909492493,
                    -2.509117603302002
                ],
                [
                    0.0,
                    0.0,
                    0.0,
                    1.0
                ]
            ]
        },
        {
            "file_path": "/data/shapenet_blender/all_50_random/02958343/1a0bc9ab92c915167ae33d942430658c/r_23",
            "rotation": 0.12566370614359174,
            "transform_matrix": [
                [
                    0.8695810437202454,
                    0.2767367959022522,
                    0.40895646810531616,
                    1.6485563516616821
                ],
                [
                    0.4937901198863983,
                    -0.48734283447265625,
                    -0.720186173915863,
                    -2.9031636714935303
                ],
                [
                    -1.4901161193847656e-08,
                    0.828199028968811,
                    -0.5604339241981506,
                    -2.2591817378997803
                ],
                [
                    0.0,
                    0.0,
                    0.0,
                    1.0
                ]
            ]
        },
        {
            "file_path": "/data/shapenet_blender/all_50_random/02958343/1a0bc9ab92c915167ae33d942430658c/r_24",
            "rotation": 0.12566370614359174,
            "transform_matrix": [
                [
                    0.5310314893722534,
                    -0.013134610839188099,
                    -0.8472502827644348,
                    -3.415375232696533
                ],
                [
                    -0.847352147102356,
                    -0.008231397718191147,
                    -0.530967652797699,
                    -2.1403989791870117
                ],
                [
                    -4.656612873077393e-10,
                    0.9998798966407776,
                    -0.015500770881772041,
                    -0.06248560547828674
                ],
                [
                    0.0,
                    0.0,
                    0.0,
                    1.0
                ]
            ]
        },
        {
            "file_path": "/data/shapenet_blender/all_50_random/02958343/1a0bc9ab92c915167ae33d942430658c/r_25",
            "rotation": 0.12566370614359174,
            "transform_matrix": [
                [
                    0.5720083713531494,
                    0.17755787074565887,
                    -0.8007993102073669,
                    -3.2281253337860107
                ],
                [
                    -0.8202476501464844,
                    0.12382185459136963,
                    -0.5584458708763123,
                    -2.2511672973632812
                ],
                [
                    -7.450580152834618e-09,
                    0.9762895703315735,
                    0.21646857261657715,
                    0.872612714767456
                ],
                [
                    0.0,
                    0.0,
                    0.0,
                    1.0
                ]
            ]
        },
        {
            "file_path": "/data/shapenet_blender/all_50_random/02958343/1a0bc9ab92c915167ae33d942430658c/r_26",
            "rotation": 0.12566370614359174,
            "transform_matrix": [
                [
                    0.9988046884536743,
                    -0.0007929559797048569,
                    0.048874665051698685,
                    0.1970200538635254
                ],
                [
                    0.04888109490275383,
                    0.01620274782180786,
                    -0.9986732602119446,
                    -4.025780200958252
                ],
                [
                    0.0,
                    0.9998683333396912,
                    0.016222143545746803,
                    0.06539354473352432
                ],
                [
                    0.0,
                    0.0,
                    0.0,
                    1.0
                ]
            ]
        },
        {
            "file_path": "/data/shapenet_blender/all_50_random/02958343/1a0bc9ab92c915167ae33d942430658c/r_27",
            "rotation": 0.12566370614359174,
            "transform_matrix": [
                [
                    0.718243420124054,
                    -0.29914605617523193,
                    -0.6282021999359131,
                    -2.5323641300201416
                ],
                [
                    -0.6957919001579285,
                    -0.30879876017570496,
                    -0.6484727263450623,
                    -2.614077091217041
                ],
                [
                    0.0,
                    0.9028592109680176,
                    -0.42993614077568054,
                    -1.7331280708312988
                ],
                [
                    0.0,
                    0.0,
                    0.0,
                    1.0
                ]
            ]
        },
        {
            "file_path": "/data/shapenet_blender/all_50_random/02958343/1a0bc9ab92c915167ae33d942430658c/r_28",
            "rotation": 0.12566370614359174,
            "transform_matrix": [
                [
                    -0.3311366140842438,
                    0.27916640043258667,
                    0.9013403654098511,
                    3.6334195137023926
                ],
                [
                    0.9435828328132629,
                    0.09796938300132751,
                    0.3163122534751892,
                    1.2750955820083618
                ],
                [
                    0.0,
                    0.9552319049835205,
                    -0.29585787653923035,
                    -1.1926413774490356
                ],
                [
                    0.0,
                    0.0,
                    0.0,
                    1.0
                ]
            ]
        },
        {
            "file_path": "/data/shapenet_blender/all_50_random/02958343/1a0bc9ab92c915167ae33d942430658c/r_29",
            "rotation": 0.12566370614359174,
            "transform_matrix": [
                [
                    0.3373042643070221,
                    0.5752536058425903,
                    0.7451906204223633,
                    3.0039594173431396
                ],
                [
                    0.9413957595825195,
                    -0.20611472427845,
                    -0.26700353622436523,
                    -1.0763256549835205
                ],
                [
                    1.4901162970204496e-08,
                    0.7915806174278259,
                    -0.6110646724700928,
                    -2.463280439376831
                ],
                [
                    0.0,
                    0.0,
                    0.0,
                    1.0
                ]
            ]
        },
        {
            "file_path": "/data/shapenet_blender/all_50_random/02958343/1a0bc9ab92c915167ae33d942430658c/r_30",
            "rotation": 0.12566370614359174,
            "transform_matrix": [
                [
                    0.9999244809150696,
                    0.007968728430569172,
                    0.009357023052871227,
                    0.03771936893463135
                ],
                [
                    0.01229042373597622,
                    -0.6483199000358582,
                    -0.7612687945365906,
                    -3.068772792816162
                ],
                [
                    0.0,
                    0.7613261938095093,
                    -0.6483688354492188,
                    -2.6136586666107178
                ],
                [
                    0.0,
                    0.0,
                    0.0,
                    1.0
                ]
            ]
        },
        {
            "file_path": "/data/shapenet_blender/all_50_random/02958343/1a0bc9ab92c915167ae33d942430658c/r_31",
            "rotation": 0.12566370614359174,
            "transform_matrix": [
                [
                    0.7727711200714111,
                    0.08294790238142014,
                    0.6292411684989929,
                    2.5365524291992188
                ],
                [
                    0.6346849203109741,
                    -0.10099459439516068,
                    -0.7661430239677429,
                    -3.088421583175659
                ],
                [
                    0.0,
                    0.9914230704307556,
                    -0.13069146871566772,
                    -0.52683424949646
                ],
                [
                    0.0,
                    0.0,
                    0.0,
                    1.0
                ]
            ]
        },
        {
            "file_path": "/data/shapenet_blender/all_50_random/02958343/1a0bc9ab92c915167ae33d942430658c/r_32",
            "rotation": 0.12566370614359174,
            "transform_matrix": [
                [
                    -0.17024333775043488,
                    -0.584317147731781,
                    0.7934674620628357,
                    3.1985697746276855
                ],
                [
                    0.9854021072387695,
                    -0.10094975680112839,
                    0.13708367943763733,
                    0.5526020526885986
                ],
                [
                    0.0,
                    0.8052220940589905,
                    0.5929732918739319,
                    2.3903520107269287
                ],
                [
                    0.0,
                    0.0,
                    0.0,
                    1.0
                ]
            ]
        },
        {
            "file_path": "/data/shapenet_blender/all_50_random/02958343/1a0bc9ab92c915167ae33d942430658c/r_33",
            "rotation": 0.12566370614359174,
            "transform_matrix": [
                [
                    0.9657021760940552,
                    0.14191503822803497,
                    0.2174382507801056,
                    0.8765215277671814
                ],
                [
                    0.25965219736099243,
                    -0.5278124213218689,
                    -0.8086994886398315,
                    -3.2599716186523438
                ],
                [
                    -7.4505797087454084e-09,
                    0.837421178817749,
                    -0.5465582013130188,
                    -2.2032463550567627
                ],
                [
                    0.0,
                    0.0,
                    0.0,
                    1.0
                ]
            ]
        },
        {
            "file_path": "/data/shapenet_blender/all_50_random/02958343/1a0bc9ab92c915167ae33d942430658c/r_34",
            "rotation": 0.12566370614359174,
            "transform_matrix": [
                [
                    -0.13071100413799286,
                    -0.12291409820318222,
                    0.9837716817855835,
                    3.965710401535034
                ],
                [
                    0.9914205074310303,
                    -0.016205256804823875,
                    0.12970256805419922,
                    0.5228477716445923
                ],
                [
                    -1.862645149230957e-09,
                    0.992284893989563,
                    0.12397776544094086,
                    0.4997703731060028
                ],
                [
                    0.0,
                    0.0,
                    0.0,
                    1.0
                ]
            ]
        },
        {
            "file_path": "/data/shapenet_blender/all_50_random/02958343/1a0bc9ab92c915167ae33d942430658c/r_35",
            "rotation": 0.12566370614359174,
            "transform_matrix": [
                [
                    -0.7025244832038879,
                    0.24126967787742615,
                    0.6695133447647095,
                    2.69889497756958
                ],
                [
                    0.7116594910621643,
                    0.238172709941864,
                    0.6609193682670593,
                    2.6642513275146484
                ],
                [
                    0.0,
                    0.9407777190208435,
                    -0.33902400732040405,
                    -1.3666496276855469
                ],
                [
                    0.0,
                    0.0,
                    0.0,
                    1.0
                ]
            ]
        },
        {
            "file_path": "/data/shapenet_blender/all_50_random/02958343/1a0bc9ab92c915167ae33d942430658c/r_36",
            "rotation": 0.12566370614359174,
            "transform_matrix": [
                [
                    0.4496462047100067,
                    -0.574683666229248,
                    0.6837813258171082,
                    2.756410837173462
                ],
                [
                    0.893206775188446,
                    0.28929954767227173,
                    -0.34422004222869873,
                    -1.387595534324646
                ],
                [
                    1.4901161193847656e-08,
                    0.7655353546142578,
                    0.6433936953544617,
                    2.5936031341552734
                ],
                [
                    0.0,
                    0.0,
                    0.0,
                    1.0
                ]
            ]
        },
        {
            "file_path": "/data/shapenet_blender/all_50_random/02958343/1a0bc9ab92c915167ae33d942430658c/r_37",
            "rotation": 0.12566370614359174,
            "transform_matrix": [
                [
                    0.35042768716812134,
                    0.7264247536659241,
                    -0.5911915302276611,
                    -2.383169412612915
                ],
                [
                    -0.9365898370742798,
                    0.27179381251335144,
                    -0.22119592130184174,
                    -0.8916693925857544
                ],
                [
                    0.0,
                    0.6312171220779419,
                    0.7756060361862183,
                    3.12656831741333
                ],
                [
                    0.0,
                    0.0,
                    0.0,
                    1.0
                ]
            ]
        },
        {
            "file_path": "/data/shapenet_blender/all_50_random/02958343/1a0bc9ab92c915167ae33d942430658c/r_38",
            "rotation": 0.12566370614359174,
            "transform_matrix": [
                [
                    -0.4660761058330536,
                    -0.42615872621536255,
                    -0.7753462195396423,
                    -3.1255204677581787
                ],
                [
                    -0.8847447037696838,
                    0.22449685633182526,
                    0.40844592452049255,
                    1.646498203277588
                ],
                [
                    0.0,
                    0.8763502836227417,
                    -0.48167428374290466,
                    -1.9416911602020264
                ],
                [
                    0.0,
                    0.0,
                    0.0,
                    1.0
                ]
            ]
        },
        {
            "file_path": "/data/shapenet_blender/all_50_random/02958343/1a0bc9ab92c915167ae33d942430658c/r_39",
            "rotation": 0.12566370614359174,
            "transform_matrix": [
                [
                    0.9380555748939514,
                    -0.34576448798179626,
                    -0.022332288324832916,
                    -0.09002433717250824
                ],
                [
                    -0.3464849293231964,
                    -0.9361050724983215,
                    -0.060461290180683136,
                    -0.24372725188732147
                ],
                [
                    -1.862645149230957e-09,
                    0.06445332616567612,
                    -0.9979206919670105,
                    -4.022747039794922
                ],
                [
                    0.0,
                    0.0,
                    0.0,
                    1.0
                ]
            ]
        },
        {
            "file_path": "/data/shapenet_blender/all_50_random/02958343/1a0bc9ab92c915167ae33d942430658c/r_40",
            "rotation": 0.12566370614359174,
            "transform_matrix": [
                [
                    -0.16238868236541748,
                    0.198536217212677,
                    -0.9665470719337463,
                    -3.896275758743286
                ],
                [
                    -0.9867268204689026,
                    -0.03267371654510498,
                    0.15906763076782227,
                    0.6412221193313599
                ],
                [
                    0.0,
                    0.9795486927032471,
                    0.20120687782764435,
                    0.8110908269882202
                ],
                [
                    0.0,
                    0.0,
                    0.0,
                    1.0
                ]
            ]
        },
        {
            "file_path": "/data/shapenet_blender/all_50_random/02958343/1a0bc9ab92c915167ae33d942430658c/r_41",
            "rotation": 0.12566370614359174,
            "transform_matrix": [
                [
                    -0.6563193798065186,
                    -0.7143405079841614,
                    -0.24282203614711761,
                    -0.9788469076156616
                ],
                [
                    -0.7544832229614258,
                    0.6213995218276978,
                    0.2112290859222412,
                    0.8514916896820068
                ],
                [
