{
    "class": "02958343",
    "model": "c8a69b3e40337ba8c44c06ae133f875a",
    "remove_doubles": true,
    "edge_split": true,
    "denoise": true,
    "camera_angle_x": 0.6911112070083618,
    "scale_factor": 2.322400137872132,
    "hdri_file": "/data/IndoorHDRDataset2018/9C4A0120-0fd27f2a38.exr",
    "center_offset": [
        0.0,
        -1.862645149230957e-09,
        0.0
    ],
    "lights": [],
    "frames": [
        {
            "file_path": "/data/shapenet_blender/all_50_random/02958343/c8a69b3e40337ba8c44c06ae133f875a/r_0",
            "rotation": 0.12566370614359174,
            "transform_matrix": [
                [
                    0.951077938079834,
                    -0.11133676022291183,
                    -0.2881925702095032,
                    -1.1617413759231567
                ],
                [
                    -0.308951199054718,
                    -0.3427400290966034,
                    -0.8871744275093079,
                    -3.5763144493103027
                ],
                [
                    -7.450580596923828e-09,
                    0.9328094720840454,
                    -0.36037003993988037,
                    -1.4526981115341187
                ],
                [
                    0.0,
                    0.0,
                    0.0,
                    1.0
                ]
            ]
        },
        {
            "file_path": "/data/shapenet_blender/all_50_random/02958343/c8a69b3e40337ba8c44c06ae133f875a/r_1",
            "rotation": 0.12566370614359174,
            "transform_matrix": [
                [
                    0.9924851655960083,
                    -0.051311831921339035,
                    -0.11108720302581787,
                    -0.44780686497688293
                ],
                [
                    -0.12236533313989639,
                    -0.41618186235427856,
                    -0.9010100960731506,
                    -3.6320881843566895
                ],
                [
                    0.0,
                    0.9078324437141418,
                    -0.4193330705165863,
                    -1.6903858184814453
                ],
                [
                    0.0,
                    0.0,
                    0.0,
                    1.0
                ]
            ]
        },
        {
            "file_path": "/data/shapenet_blender/all_50_random/02958343/c8a69b3e40337ba8c44c06ae133f875a/r_2",
            "rotation": 0.12566370614359174,
            "transform_matrix": [
                [
                    0.6538199782371521,
                    0.2156418412923813,
                    0.7252710461616516,
                    2.92366099357605
                ],
                [
                    0.7566501498222351,
                    -0.1863357126712799,
                    -0.6267053484916687,
                    -2.52632999420166
                ],
                [
                    0.0,
                    0.9585288166999817,
                    -0.2849954664707184,
                    -1.1488534212112427
                ],
                [
                    0.0,
                    0.0,
                    0.0,
                    1.0
                ]
            ]
        },
        {
            "file_path": "/data/shapenet_blender/all_50_random/02958343/c8a69b3e40337ba8c44c06ae133f875a/r_3",
            "rotation": 0.12566370614359174,
            "transform_matrix": [
                [
                    0.9775495529174805,
                    0.05424240604043007,
                    -0.20360401272773743,
                    -0.8207540512084961
                ],
                [
                    -0.21070553362369537,
                    0.2516527771949768,
                    -0.9446026086807251,
                    -3.807814836502075
                ],
                [
                    -3.7252898543727042e-09,
                    0.966296374797821,
                    0.2574322819709778,
                    1.0377427339553833
                ],
                [
                    0.0,
                    0.0,
                    0.0,
                    1.0
                ]
            ]
        },
        {
            "file_path": "/data/shapenet_blender/all_50_random/02958343/c8a69b3e40337ba8c44c06ae133f875a/r_4",
            "rotation": 0.12566370614359174,
            "transform_matrix": [
                [
                    -0.9587607979774475,
                    0.2636452615261078,
                    -0.10615508258342743,
                    -0.4279248118400574
                ],
                [
                    -0.28421422839164734,
                    -0.8893739581108093,
                    0.3581007122993469,
                    1.4435501098632812
                ],
                [
                    -7.450580152834618e-09,
                    0.3735036849975586,
                    0.9276286959648132,
                    3.7393906116485596
                ],
                [
                    0.0,
                    0.0,
                    0.0,
                    1.0
                ]
            ]
        },
        {
            "file_path": "/data/shapenet_blender/all_50_random/02958343/c8a69b3e40337ba8c44c06ae133f875a/r_5",
            "rotation": 0.12566370614359174,
            "transform_matrix": [
                [
                    0.8137009739875793,
                    -0.3774246871471405,
                    0.4420873820781708,
                    1.7821112871170044
                ],
                [
                    0.5812836289405823,
                    0.5283321142196655,
                    -0.6188491582870483,
                    -2.4946608543395996
                ],
                [
                    0.0,
                    0.760536253452301,
                    0.6492952704429626,
                    2.6173930168151855
                ],
                [
                    0.0,
                    0.0,
                    0.0,
                    1.0
                ]
            ]
        },
        {
            "file_path": "/data/shapenet_blender/all_50_random/02958343/c8a69b3e40337ba8c44c06ae133f875a/r_6",
            "rotation": 0.12566370614359174,
            "transform_matrix": [
                [
                    0.9353458881378174,
                    0.25480136275291443,
                    0.24536606669425964,
                    0.9891022443771362
                ],
                [
                    0.35373470187187195,
                    -0.6737461090087891,
                    -0.6487972736358643,
                    -2.6153855323791504
                ],
                [
                    0.0,
                    0.6936443448066711,
                    -0.7203176021575928,
                    -2.903693199157715
                ],
                [
                    0.0,
                    0.0,
                    0.0,
                    1.0
                ]
            ]
        },
        {
            "file_path": "/data/shapenet_blender/all_50_random/02958343/c8a69b3e40337ba8c44c06ae133f875a/r_7",
            "rotation": 0.12566370614359174,
            "transform_matrix": [
                [
                    -0.9110952019691467,
                    -0.02017866261303425,
                    0.41170164942741394,
                    1.6596221923828125
                ],
                [
                    0.41219577193260193,
                    -0.04460182413458824,
                    0.9100030064582825,
                    3.6683390140533447
                ],
                [
                    1.8626448161640496e-09,
                    0.9988009929656982,
                    0.048954080790281296,
                    0.197340190410614
                ],
                [
                    0.0,
                    0.0,
                    0.0,
                    1.0
                ]
            ]
        },
        {
            "file_path": "/data/shapenet_blender/all_50_random/02958343/c8a69b3e40337ba8c44c06ae133f875a/r_8",
            "rotation": 0.12566370614359174,
            "transform_matrix": [
                [
                    0.20022346079349518,
                    0.16239438951015472,
                    -0.9661980271339417,
                    -3.894868850708008
                ],
                [
                    -0.9797502756118774,
                    0.03318719193339348,
                    -0.19745388627052307,
                    -0.7959620952606201
                ],
                [
                    -3.725290298461914e-09,
                    0.9861677289009094,
                    0.16575078666210175,
                    0.6681627631187439
                ],
                [
                    0.0,
                    0.0,
                    0.0,
                    1.0
                ]
            ]
        },
        {
            "file_path": "/data/shapenet_blender/all_50_random/02958343/c8a69b3e40337ba8c44c06ae133f875a/r_9",
            "rotation": 0.12566370614359174,
            "transform_matrix": [
                [
                    0.9981213808059692,
                    0.05172628164291382,
                    -0.032836612313985825,
                    -0.13236862421035767
                ],
                [
                    -0.06126869469881058,
                    0.8426671028137207,
                    -0.5349375605583191,
                    -2.156402349472046
                ],
                [
                    1.862645371275562e-09,
                    0.535944402217865,
                    0.8442532420158386,
                    3.4032936096191406
                ],
                [
                    0.0,
                    0.0,
                    0.0,
                    1.0
                ]
            ]
        },
        {
            "file_path": "/data/shapenet_blender/all_50_random/02958343/c8a69b3e40337ba8c44c06ae133f875a/r_10",
            "rotation": 0.12566370614359174,
            "transform_matrix": [
                [
                    -0.9880918860435486,
                    -0.03299848362803459,
                    -0.1502852439880371,
                    -0.6058192253112793
                ],
                [
                    -0.15386538207530975,
                    0.2119094729423523,
                    0.9651009440422058,
                    3.890446424484253
                ],
                [
                    0.0,
                    0.9767320156097412,
                    -0.21446335315704346,
                    -0.8645294308662415
                ],
                [
                    0.0,
                    0.0,
                    0.0,
                    1.0
                ]
            ]
        },
        {
            "file_path": "/data/shapenet_blender/all_50_random/02958343/c8a69b3e40337ba8c44c06ae133f875a/r_11",
            "rotation": 0.12566370614359174,
            "transform_matrix": [
                [
                    0.46323493123054504,
                    -0.1514725685119629,
                    0.8731948733329773,
                    3.519961357116699
                ],
                [
                    0.8862355351448059,
                    0.07917464524507523,
                    -0.45641857385635376,
                    -1.839882254600525
                ],
                [
                    0.0,
                    0.9852854013442993,
                    0.1709168255329132,
                    0.6889878511428833
                ],
                [
                    0.0,
                    0.0,
                    0.0,
                    1.0
                ]
            ]
        },
        {
            "file_path": "/data/shapenet_blender/all_50_random/02958343/c8a69b3e40337ba8c44c06ae133f875a/r_12",
            "rotation": 0.12566370614359174,
            "transform_matrix": [
                [
                    0.4879544675350189,
                    0.08019883185625076,
                    0.8691769242286682,
                    3.5037643909454346
                ],
                [
                    0.872869074344635,
                    -0.044833045452833176,
                    -0.4858904480934143,
                    -1.95868718624115
                ],
                [
                    3.725290076417309e-09,
                    0.9957701563835144,
                    -0.09187955409288406,
                    -0.3703783452510834
                ],
                [
                    0.0,
                    0.0,
                    0.0,
                    1.0
                ]
            ]
        },
        {
            "file_path": "/data/shapenet_blender/all_50_random/02958343/c8a69b3e40337ba8c44c06ae133f875a/r_13",
            "rotation": 0.12566370614359174,
            "transform_matrix": [
                [
                    0.5727134346961975,
                    0.2951483130455017,
                    -0.7647788524627686,
                    -3.0829224586486816
                ],
                [
                    -0.8197557926177979,
                    0.2062021642923355,
                    -0.5343044400215149,
                    -2.1538503170013428
                ],
                [
                    -1.4901162970204496e-08,
                    0.9329351186752319,
                    0.3600442707538605,
                    1.4513850212097168
                ],
                [
                    0.0,
                    0.0,
                    0.0,
                    1.0
                ]
            ]
        },
        {
            "file_path": "/data/shapenet_blender/all_50_random/02958343/c8a69b3e40337ba8c44c06ae133f875a/r_14",
            "rotation": 0.12566370614359174,
            "transform_matrix": [
                [
                    0.9189039468765259,
                    -0.07250253111124039,
                    0.3877614438533783,
                    1.5631165504455566
                ],
                [
                    0.3944813907146454,
                    0.1688872128725052,
                    -0.903250515460968,
                    -3.6411194801330566
                ],
                [
                    0.0,
                    0.9829651713371277,
                    0.18379202485084534,
                    0.7408894300460815
                ],
                [
                    0.0,
                    0.0,
                    0.0,
                    1.0
                ]
            ]
        },
        {
            "file_path": "/data/shapenet_blender/all_50_random/02958343/c8a69b3e40337ba8c44c06ae133f875a/r_15",
            "rotation": 0.12566370614359174,
            "transform_matrix": [
                [
                    -0.9773429036140442,
                    0.0052369749173521996,
                    0.21159738302230835,
                    0.8529764413833618
                ],
                [
                    0.21166223287582397,
                    0.02418155036866665,
                    0.9770435094833374,
                    3.938588857650757
                ],
                [
                    -4.656612873077393e-10,
                    0.9996938109397888,
                    -0.024742132052779198,
                    -0.09973873943090439
                ],
                [
                    0.0,
                    0.0,
                    0.0,
                    1.0
                ]
            ]
        },
        {
            "file_path": "/data/shapenet_blender/all_50_random/02958343/c8a69b3e40337ba8c44c06ae133f875a/r_16",
            "rotation": 0.12566370614359174,
            "transform_matrix": [
                [
                    0.5428425669670105,
                    0.4131695628166199,
                    -0.7311722636222839,
                    -2.9474496841430664
                ],
                [
                    -0.8398345708847046,
                    0.2670597434043884,
                    -0.4726066589355469,
                    -1.905138373374939
                ],
                [
                    -1.4901162970204496e-08,
                    0.8706147074699402,
                    0.4919654428958893,
                    1.9831761121749878
                ],
                [
                    0.0,
                    0.0,
                    0.0,
                    1.0
                ]
            ]
        },
        {
            "file_path": "/data/shapenet_blender/all_50_random/02958343/c8a69b3e40337ba8c44c06ae133f875a/r_17",
            "rotation": 0.12566370614359174,
            "transform_matrix": [
                [
                    0.44339534640312195,
                    0.44396474957466125,
                    -0.7786499857902527,
                    -3.138838529586792
                ],
                [
                    -0.8963261246681213,
                    0.21962083876132965,
                    -0.385183185338974,
                    -1.5527230501174927
                ],
                [
                    1.4901161193847656e-08,
                    0.8687127828598022,
                    0.49531611800193787,
                    1.996683120727539
                ],
                [
                    0.0,
                    0.0,
                    0.0,
                    1.0
                ]
            ]
        },
        {
            "file_path": "/data/shapenet_blender/all_50_random/02958343/c8a69b3e40337ba8c44c06ae133f875a/r_18",
            "rotation": 0.12566370614359174,
            "transform_matrix": [
                [
                    0.9648759365081787,
                    -0.14765839278697968,
                    -0.2172822803258896,
                    -0.8758929371833801
                ],
                [
                    -0.26270630955696106,
                    -0.5423243045806885,
                    -0.7980411052703857,
                    -3.2170069217681885
                ],
                [
                    7.450581485102248e-09,
                    0.8270920515060425,
                    -0.562066376209259,
                    -2.2657623291015625
                ],
                [
                    0.0,
                    0.0,
                    0.0,
                    1.0
                ]
            ]
        },
        {
            "file_path": "/data/shapenet_blender/all_50_random/02958343/c8a69b3e40337ba8c44c06ae133f875a/r_19",
            "rotation": 0.12566370614359174,
            "transform_matrix": [
                [
                    0.261690616607666,
                    0.8423244953155518,
                    0.4711765646934509,
                    1.8993736505508423
                ],
                [
                    0.965151846408844,
                    -0.22838731110095978,
                    -0.12775449454784393,
                    -0.5149949193000793
                ],
                [
                    0.0,
                    0.4881890118122101,
                    -0.8727378249168396,
                    -3.5181188583374023
                ],
                [
                    0.0,
                    0.0,
                    0.0,
                    1.0
                ]
            ]
        },
        {
            "file_path": "/data/shapenet_blender/all_50_random/02958343/c8a69b3e40337ba8c44c06ae133f875a/r_20",
            "rotation": 0.12566370614359174,
            "transform_matrix": [
                [
                    -0.8913969397544861,
                    -0.06978298723697662,
                    0.4478190243244171,
                    1.8052161931991577
                ],
                [
                    0.4532235264778137,
                    -0.1372487097978592,
                    0.8807674050331116,
                    3.5504870414733887
                ],
                [
                    0.0,
                    0.9880753755569458,
                    0.1539703756570816,
                    0.6206744313240051
                ],
                [
                    0.0,
                    0.0,
                    0.0,
                    1.0
                ]
            ]
        },
        {
            "file_path": "/data/shapenet_blender/all_50_random/02958343/c8a69b3e40337ba8c44c06ae133f875a/r_21",
            "rotation": 0.12566370614359174,
            "transform_matrix": [
                [
                    0.15065740048885345,
                    -0.07067485898733139,
                    -0.9860564470291138,
                    -3.9749207496643066
                ],
                [
                    -0.9885859489440918,
                    -0.010770628228783607,
                    -0.1502719223499298,
                    -0.6057655215263367
                ],
                [
                    -9.313225191043273e-10,
                    0.9974412322044373,
                    -0.07149085402488708,
                    -0.2881888449192047
                ],
                [
                    0.0,
                    0.0,
                    0.0,
                    1.0
                ]
            ]
        },
        {
            "file_path": "/data/shapenet_blender/all_50_random/02958343/c8a69b3e40337ba8c44c06ae133f875a/r_22",
            "rotation": 0.12566370614359174,
            "transform_matrix": [
                [
                    0.9995786547660828,
                    0.008888441137969494,
                    0.02763267792761326,
                    0.11139088869094849
                ],
                [
                    0.029027046635746956,
                    -0.3060833513736725,
                    -0.9515620470046997,
                    -3.835869312286377
                ],
                [
                    0.0,
                    0.9519631862640381,
                    -0.3062123954296112,
                    -1.2343816757202148
                ],
                [
                    0.0,
                    0.0,
                    0.0,
                    1.0
                ]
            ]
        },
        {
            "file_path": "/data/shapenet_blender/all_50_random/02958343/c8a69b3e40337ba8c44c06ae133f875a/r_23",
            "rotation": 0.12566370614359174,
            "transform_matrix": [
                [
                    -0.8677641749382019,
                    -0.42707085609436035,
                    0.25415709614753723,
                    1.0245401859283447
                ],
                [
                    0.49697622656822205,
                    -0.7457032203674316,
                    0.4437806308269501,
                    1.7889370918273926
                ],
                [
                    0.0,
                    0.5114070177078247,
                    0.8593385219573975,
                    3.464104652404785
                ],
                [
                    0.0,
                    0.0,
                    0.0,
                    1.0
                ]
            ]
        },
        {
            "file_path": "/data/shapenet_blender/all_50_random/02958343/c8a69b3e40337ba8c44c06ae133f875a/r_24",
            "rotation": 0.12566370614359174,
            "transform_matrix": [
                [
                    0.002845535520464182,
                    0.11151066422462463,
                    0.9937591552734375,
                    4.005971431732178
                ],
                [
                    0.9999959468841553,
                    -0.0003173088189214468,
                    -0.0028277882374823093,
                    -0.011399179697036743
                ],
                [
                    0.0,
                    0.9937631487846375,
                    -0.11151111871004105,
                    -0.4495157301425934
                ],
                [
                    0.0,
                    0.0,
                    0.0,
                    1.0
                ]
            ]
        },
        {
            "file_path": "/data/shapenet_blender/all_50_random/02958343/c8a69b3e40337ba8c44c06ae133f875a/r_25",
            "rotation": 0.12566370614359174,
            "transform_matrix": [
                [
                    -0.8173630833625793,
                    -0.02255983091890812,
                    0.5756809115409851,
                    2.320643901824951
                ],
                [
                    0.5761227607727051,
                    -0.03200632706284523,
                    0.8167362213134766,
                    3.2923691272735596
                ],
                [
                    0.0,
                    0.9992329478263855,
                    0.03915802761912346,
                    0.15785105526447296
                ],
                [
                    0.0,
                    0.0,
                    0.0,
                    1.0
                ]
            ]
        },
        {
            "file_path": "/data/shapenet_blender/all_50_random/02958343/c8a69b3e40337ba8c44c06ae133f875a/r_26",
            "rotation": 0.12566370614359174,
            "transform_matrix": [
                [
                    -0.7576596736907959,
                    -0.015283891931176186,
                    -0.6524709463119507,
                    -2.6301944255828857
                ],
                [
                    -0.6526499390602112,
                    0.017743030562996864,
                    0.7574518322944641,
                    3.0533859729766846
                ],
                [
                    0.0,
                    0.9997256994247437,
                    -0.023418208584189415,
                    -0.09440182149410248
                ],
                [
                    0.0,
                    0.0,
                    0.0,
                    1.0
                ]
            ]
        },
        {
            "file_path": "/data/shapenet_blender/all_50_random/02958343/c8a69b3e40337ba8c44c06ae133f875a/r_27",
            "rotation": 0.12566370614359174,
            "transform_matrix": [
                [
                    0.8972728252410889,
                    -0.053814880549907684,
                    0.4381844401359558,
                    1.7663779258728027
                ],
                [
                    0.4414767324924469,
                    0.10937526077032089,
                    -0.890581488609314,
                    -3.5900487899780273
                ],
                [
                    0.0,
                    0.9925426840782166,
                    0.12189745903015137,
                    0.4913843870162964
                ],
                [
                    0.0,
                    0.0,
                    0.0,
                    1.0
                ]
            ]
        },
        {
            "file_path": "/data/shapenet_blender/all_50_random/02958343/c8a69b3e40337ba8c44c06ae133f875a/r_28",
            "rotation": 0.12566370614359174,
            "transform_matrix": [
                [
                    -0.9020301103591919,
                    -0.07052253931760788,
                    -0.42587363719940186,
                    -1.7167515754699707
                ],
                [
                    -0.4316732883453369,
                    0.1473648101091385,
                    0.8899110555648804,
                    3.587346315383911
                ],
                [
                    0.0,
                    0.9865647554397583,
                    -0.16337019205093384,
                    -0.6585662961006165
                ],
                [
                    0.0,
                    0.0,
                    0.0,
                    1.0
                ]
            ]
        },
        {
            "file_path": "/data/shapenet_blender/all_50_random/02958343/c8a69b3e40337ba8c44c06ae133f875a/r_29",
            "rotation": 0.12566370614359174,
            "transform_matrix": [
                [
                    0.9412012100219727,
                    -0.25021860003471375,
                    0.22700467705726624,
                    0.9150851368904114
                ],
                [
                    0.3378468453884125,
                    0.6970792412757874,
                    -0.6324080228805542,
                    -2.549318313598633
                ],
                [
                    1.4901162970204496e-08,
                    0.6719158887863159,
                    0.7406274080276489,
                    2.9855644702911377
                ],
                [
                    0.0,
                    0.0,
                    0.0,
                    1.0
                ]
            ]
        },
        {
            "file_path": "/data/shapenet_blender/all_50_random/02958343/c8a69b3e40337ba8c44c06ae133f875a/r_30",
            "rotation": 0.12566370614359174,
            "transform_matrix": [
                [
                    -0.9431912302970886,
                    0.02538183145225048,
                    -0.331279456615448,
                    -1.3354301452636719
                ],
                [
                    -0.3322503864765167,
                    -0.07205384969711304,
                    0.940434992313385,
                    3.7910146713256836
                ],
                [
                    3.725290298461914e-09,
                    0.9970777630805969,
                    0.07639367878437042,
                    0.30795276165008545
                ],
                [
                    0.0,
                    0.0,
                    0.0,
                    1.0
                ]
            ]
        },
        {
            "file_path": "/data/shapenet_blender/all_50_random/02958343/c8a69b3e40337ba8c44c06ae133f875a/r_31",
            "rotation": 0.12566370614359174,
            "transform_matrix": [
                [
                    -0.5798931121826172,
                    0.19816520810127258,
                    -0.7902243137359619,
                    -3.1854960918426514
                ],
                [
                    -0.814692497253418,
                    -0.14105276763439178,
                    0.5624768137931824,
                    2.267416477203369
                ],
                [
                    7.450580152834618e-09,
                    0.9699662923812866,
                    0.24323926866054535,
                    0.9805288314819336
                ],
                [
                    0.0,
                    0.0,
                    0.0,
                    1.0
                ]
            ]
        },
        {
            "file_path": "/data/shapenet_blender/all_50_random/02958343/c8a69b3e40337ba8c44c06ae133f875a/r_32",
            "rotation": 0.12566370614359174,
            "transform_matrix": [
                [
                    -0.10899213701486588,
                    0.17388424277305603,
                    -0.9787160158157349,
                    -3.9453303813934326
                ],
                [
                    -0.994042694568634,
                    -0.019065596163272858,
                    0.10731164366006851,
                    0.4325870871543884
                ],
                [
                    0.0,
                    0.984581470489502,
                    0.17492635548114777,
                    0.7051506638526917
                ],
                [
                    0.0,
                    0.0,
                    0.0,
                    1.0
                ]
            ]
        },
        {
            "file_path": "/data/shapenet_blender/all_50_random/02958343/c8a69b3e40337ba8c44c06ae133f875a/r_33",
            "rotation": 0.12566370614359174,
            "transform_matrix": [
                [
                    0.8310152888298035,
                    -0.43119317293167114,
                    -0.3514058291912079,
                    -1.4165623188018799
                ],
                [
                    -0.5562495589256287,
                    -0.6441858410835266,
                    -0.5249866247177124,
                    -2.116288900375366
                ],
                [
                    0.0,
                    0.6317413449287415,
                    -0.7751792073249817,
                    -3.124847650527954
                ],
                [
                    0.0,
                    0.0,
                    0.0,
                    1.0
                ]
            ]
        },
        {
            "file_path": "/data/shapenet_blender/all_50_random/02958343/c8a69b3e40337ba8c44c06ae133f875a/r_34",
            "rotation": 0.12566370614359174,
            "transform_matrix": [
                [
                    0.9569405317306519,
                    0.09196807444095612,
                    -0.27533021569252014,
                    -1.109891653060913
                ],
                [
                    -0.29028409719467163,
                    0.3031787574291229,
                    -0.9076440334320068,
                    -3.658830165863037
                ],
                [
                    0.0,
                    0.9484853148460388,
                    0.3168209195137024,
                    1.2771459817886353
                ],
                [
                    0.0,
                    0.0,
                    0.0,
                    1.0
                ]
            ]
        },
        {
            "file_path": "/data/shapenet_blender/all_50_random/02958343/c8a69b3e40337ba8c44c06ae133f875a/r_35",
            "rotation": 0.12566370614359174,
            "transform_matrix": [
                [
                    0.46301186084747314,
                    -0.3477555811405182,
                    -0.8152827024459839,
                    -3.2865099906921387
                ],
                [
                    -0.886352002620697,
                    -0.18166029453277588,
                    -0.42588675022125244,
                    -1.7168045043945312
                ],
                [
                    0.0,
                    0.919818103313446,
                    -0.39234477281570435,
                    -1.5815924406051636
                ],
                [
                    0.0,
                    0.0,
                    0.0,
                    1.0
                ]
            ]
        },
        {
            "file_path": "/data/shapenet_blender/all_50_random/02958343/c8a69b3e40337ba8c44c06ae133f875a/r_36",
            "rotation": 0.12566370614359174,
            "transform_matrix": [
                [
                    0.29946303367614746,
                    0.3597985506057739,
                    0.8836667537689209,
                    3.5621743202209473
                ],
                [
                    0.954107940196991,
                    -0.11292890459299088,
                    -0.27735385298728943,
                    -1.118049144744873
                ],
                [
                    0.0,
                    0.9261705875396729,
                    -0.3771046996116638,
                    -1.5201575756072998
                ],
                [
                    0.0,
                    0.0,
                    0.0,
                    1.0
                ]
            ]
        },
        {
            "file_path": "/data/shapenet_blender/all_50_random/02958343/c8a69b3e40337ba8c44c06ae133f875a/r_37",
            "rotation": 0.12566370614359174,
            "transform_matrix": [
                [
                    -0.9119526743888855,
                    -0.3741984963417053,
                    -0.16827885806560516,
                    -0.6783537864685059
                ],
                [
                    -0.4102954566478729,
                    0.8317209482192993,
                    0.37402892112731934,
                    1.5077588558197021
                ],
                [
                    0.0,
                    0.4101408123970032,
                    -0.9120222926139832,
                    -3.6764793395996094
                ],
                [
                    0.0,
                    0.0,
                    0.0,
                    1.0
                ]
            ]
        },
        {
            "file_path": "/data/shapenet_blender/all_50_random/02958343/c8a69b3e40337ba8c44c06ae133f875a/r_38",
            "rotation": 0.12566370614359174,
            "transform_matrix": [
                [
                    -0.9606626033782959,
                    -0.25196054577827454,
                    -0.11680444329977036,
                    -0.4708537757396698
                ],
                [
                    -0.2777182161808014,
                    0.8715635538101196,
                    0.4040414094924927,
                    1.628743052482605
                ],
                [
                    7.450581485102248e-09,
                    0.4205861985683441,
                    -0.9072525501251221,
                    -3.657252073287964
                ],
                [
                    0.0,
                    0.0,
                    0.0,
                    1.0
                ]
            ]
        },
        {
            "file_path": "/data/shapenet_blender/all_50_random/02958343/c8a69b3e40337ba8c44c06ae133f875a/r_39",
            "rotation": 0.12566370614359174,
            "transform_matrix": [
                [
                    -0.45620787143707275,
                    -0.14682580530643463,
                    -0.877676784992218,
                    -3.5380282402038574
                ],
                [
                    -0.8898732662200928,
                    0.07527261972427368,
                    0.44995516538619995,
                    1.8138272762298584
                ],
                [
                    0.0,
                    0.986294150352478,
                    -0.16499631106853485,
                    -0.6651213765144348
                ],
                [
                    0.0,
                    0.0,
                    0.0,
                    1.0
                ]
            ]
        },
        {
            "file_path": "/data/shapenet_blender/all_50_random/02958343/c8a69b3e40337ba8c44c06ae133f875a/r_40",
            "rotation": 0.12566370614359174,
            "transform_matrix": [
                [
                    0.975579023361206,
                    0.21188297867774963,
                    -0.057888325303792953,
                    -0.23335528373718262
                ],
                [
                    -0.21964845061302185,
                    0.9410883188247681,
                    -0.2571137249469757,
                    -1.0364586114883423
                ],
                [
                    3.7252896323280993e-09,
                    0.26354968547821045,
                    0.9646458029747009,
                    3.888611316680908
                ],
                [
                    0.0,
                    0.0,
                    0.0,
                    1.0
                ]
            ]
        },
        {
            "file_path": "/data/shapenet_blender/all_50_random/02958343/c8a69b3e40337ba8c44c06ae133f875a/r_41",
            "rotation": 0.12566370614359174,
            "transform_matrix": [
                [
                    0.7945282459259033,
                    -0.02154143899679184,
                    0.6068449020385742,
                    2.446270227432251
                ],
                [
                    0.6072271466255188,
                    0.02818595990538597,
                    -0.7940280437469482,
                    -3.2008297443389893
                ],
                [
