{
    "class": "02958343",
    "model": "d8b50ce6cbfb56a4786993ccbbbff425",
    "remove_doubles": true,
    "edge_split": true,
    "denoise": true,
    "camera_angle_x": 0.6911112070083618,
    "scale_factor": 2.2736833317725704,
    "hdri_file": "/data/IndoorHDRDataset2018/AG8A0613-8d463c4e06.exr",
    "center_offset": [
        0.0,
        0.0,
        9.313225746154785e-10
    ],
    "lights": [],
    "frames": [
        {
            "file_path": "/data/shapenet_blender/all_50_random/02958343/d8b50ce6cbfb56a4786993ccbbbff425/r_0",
            "rotation": 0.12566370614359174,
            "transform_matrix": [
                [
                    -0.9045499563217163,
                    -0.2399110049009323,
                    -0.3524656891822815,
                    -1.4208347797393799
                ],
                [
                    -0.4263676106929779,
                    0.5089773535728455,
                    0.747765064239502,
                    3.0143375396728516
                ],
                [
                    -1.4901160305669237e-08,
                    0.8266709446907043,
                    -0.5626856684684753,
                    -2.268258810043335
                ],
                [
                    0.0,
                    0.0,
                    0.0,
                    1.0
                ]
            ]
        },
        {
            "file_path": "/data/shapenet_blender/all_50_random/02958343/d8b50ce6cbfb56a4786993ccbbbff425/r_1",
            "rotation": 0.12566370614359174,
            "transform_matrix": [
                [
                    -0.3922049105167389,
                    0.009069623425602913,
                    -0.9198331832885742,
                    -3.7079660892486572
                ],
                [
                    -0.9198778867721558,
                    -0.0038669814821332693,
                    0.39218583703041077,
                    1.5809516906738281
                ],
                [
                    0.0,
                    0.9999513626098633,
                    0.009859595447778702,
                    0.03974530100822449
                ],
                [
                    0.0,
                    0.0,
                    0.0,
                    1.0
                ]
            ]
        },
        {
            "file_path": "/data/shapenet_blender/all_50_random/02958343/d8b50ce6cbfb56a4786993ccbbbff425/r_2",
            "rotation": 0.12566370614359174,
            "transform_matrix": [
                [
                    -0.046729929745197296,
                    -0.7605239152908325,
                    -0.6476262211799622,
                    -2.6106648445129395
                ],
                [
                    -0.9989075660705566,
                    0.03557809442281723,
                    0.030296625569462776,
                    0.12212960422039032
                ],
                [
                    -1.862645149230957e-09,
                    0.6483345031738281,
                    -0.7613556385040283,
                    -3.069122791290283
                ],
                [
                    0.0,
                    0.0,
                    0.0,
                    1.0
                ]
            ]
        },
        {
            "file_path": "/data/shapenet_blender/all_50_random/02958343/d8b50ce6cbfb56a4786993ccbbbff425/r_3",
            "rotation": 0.12566370614359174,
            "transform_matrix": [
                [
                    0.9362365007400513,
                    0.14808417856693268,
                    0.31864118576049805,
                    1.2844836711883545
                ],
                [
                    0.35137033462524414,
                    -0.3945745527744293,
                    -0.8490287065505981,
                    -3.422544240951538
                ],
                [
                    -1.4901160305669237e-08,
                    0.9068527221679688,
                    -0.4214475750923157,
                    -1.6989095211029053
                ],
                [
                    0.0,
                    0.0,
                    0.0,
                    1.0
                ]
            ]
        },
        {
            "file_path": "/data/shapenet_blender/all_50_random/02958343/d8b50ce6cbfb56a4786993ccbbbff425/r_4",
            "rotation": 0.12566370614359174,
            "transform_matrix": [
                [
                    0.7978439331054688,
                    -0.09283220022916794,
                    -0.5956737399101257,
                    -2.4012372493743896
                ],
                [
                    -0.6028639674186707,
                    -0.1228562593460083,
                    -0.7883282899856567,
                    -3.1778526306152344
                ],
                [
                    0.0,
                    0.9880730509757996,
                    -0.15398532152175903,
                    -0.6207346320152283
                ],
                [
                    0.0,
                    0.0,
                    0.0,
                    1.0
                ]
            ]
        },
        {
            "file_path": "/data/shapenet_blender/all_50_random/02958343/d8b50ce6cbfb56a4786993ccbbbff425/r_5",
            "rotation": 0.12566370614359174,
            "transform_matrix": [
                [
                    -0.38562291860580444,
                    0.27328068017959595,
                    -0.8812562227249146,
                    -3.552457571029663
                ],
                [
                    -0.9226565361022949,
                    -0.11421725898981094,
                    0.36831972002983093,
                    1.4847443103790283
                ],
                [
                    0.0,
                    0.9551292657852173,
                    0.29618898034095764,
                    1.1939759254455566
                ],
                [
                    0.0,
                    0.0,
                    0.0,
                    1.0
                ]
            ]
        },
        {
            "file_path": "/data/shapenet_blender/all_50_random/02958343/d8b50ce6cbfb56a4786993ccbbbff425/r_6",
            "rotation": 0.12566370614359174,
            "transform_matrix": [
                [
                    0.9311701655387878,
                    0.0039590937085449696,
                    0.3645632266998291,
                    1.4696013927459717
                ],
                [
                    0.364584743976593,
                    -0.010111751966178417,
                    -0.9311153292655945,
                    -3.753445863723755
                ],
                [
                    0.0,
                    0.9999411106109619,
                    -0.010859186761081219,
                    -0.04377478361129761
                ],
                [
                    0.0,
                    0.0,
                    0.0,
                    1.0
                ]
            ]
        },
        {
            "file_path": "/data/shapenet_blender/all_50_random/02958343/d8b50ce6cbfb56a4786993ccbbbff425/r_7",
            "rotation": 0.12566370614359174,
            "transform_matrix": [
                [
                    -0.917648434638977,
                    -0.1000058576464653,
                    0.38460397720336914,
                    1.5503883361816406
                ],
                [
                    0.39739328622817993,
                    -0.23093046247959137,
                    0.8881157636642456,
                    3.5801093578338623
                ],
                [
                    0.0,
                    0.9678171277046204,
                    0.25165459513664246,
                    1.0144522190093994
                ],
                [
                    0.0,
                    0.0,
                    0.0,
                    1.0
                ]
            ]
        },
        {
            "file_path": "/data/shapenet_blender/all_50_random/02958343/d8b50ce6cbfb56a4786993ccbbbff425/r_8",
            "rotation": 0.12566370614359174,
            "transform_matrix": [
                [
                    0.3703724443912506,
                    0.6513410806655884,
                    -0.6622529029846191,
                    -2.6696269512176514
                ],
                [
                    -0.92888343334198,
                    0.25970837473869324,
                    -0.2640592157840729,
                    -1.0644567012786865
                ],
                [
                    1.4901162970204496e-08,
                    0.712955892086029,
                    0.701208770275116,
                    2.826663017272949
                ],
                [
                    0.0,
                    0.0,
                    0.0,
                    1.0
                ]
            ]
        },
        {
            "file_path": "/data/shapenet_blender/all_50_random/02958343/d8b50ce6cbfb56a4786993ccbbbff425/r_9",
            "rotation": 0.12566370614359174,
            "transform_matrix": [
                [
                    -0.350430965423584,
                    0.6893022656440735,
                    -0.6340823769569397,
                    -2.556067705154419
                ],
                [
                    -0.9365885853767395,
                    -0.25790712237358093,
                    0.23724623024463654,
                    0.9563701152801514
                ],
                [
                    0.0,
                    0.6770126223564148,
                    0.7359713315963745,
                    2.9667954444885254
                ],
                [
                    0.0,
                    0.0,
                    0.0,
                    1.0
                ]
            ]
        },
        {
            "file_path": "/data/shapenet_blender/all_50_random/02958343/d8b50ce6cbfb56a4786993ccbbbff425/r_10",
            "rotation": 0.12566370614359174,
            "transform_matrix": [
                [
                    0.9997729659080505,
                    0.01036086492240429,
                    0.018617797642946243,
                    0.07505074143409729
                ],
                [
                    0.021306566894054413,
                    -0.48616525530815125,
                    -0.8736070990562439,
                    -3.521622896194458
                ],
                [
                    1.862645149230957e-09,
                    0.8738054037094116,
                    -0.4862756133079529,
                    -1.9602396488189697
                ],
                [
                    0.0,
                    0.0,
                    0.0,
                    1.0
                ]
            ]
        },
        {
            "file_path": "/data/shapenet_blender/all_50_random/02958343/d8b50ce6cbfb56a4786993ccbbbff425/r_11",
            "rotation": 0.12566370614359174,
            "transform_matrix": [
                [
                    -0.45579442381858826,
                    -0.1584751009941101,
                    0.8758636116981506,
                    3.530719041824341
                ],
                [
                    0.8900850415229797,
                    -0.08115188032388687,
                    0.44851192831993103,
                    1.808009386062622
                ],
                [
                    7.450580152834618e-09,
                    0.984022319316864,
                    0.1780448853969574,
                    0.7177218794822693
                ],
                [
                    0.0,
                    0.0,
                    0.0,
                    1.0
                ]
            ]
        },
        {
            "file_path": "/data/shapenet_blender/all_50_random/02958343/d8b50ce6cbfb56a4786993ccbbbff425/r_12",
            "rotation": 0.12566370614359174,
            "transform_matrix": [
                [
                    0.13278837502002716,
                    -0.3809604346752167,
                    0.915006160736084,
                    3.6885080337524414
                ],
                [
                    0.9911443591117859,
                    0.05103909969329834,
                    -0.12258777767419815,
                    -0.49416717886924744
                ],
                [
                    3.725290076417309e-09,
                    0.9231815934181213,
                    0.38436415791511536,
                    1.5494215488433838
                ],
                [
                    0.0,
                    0.0,
                    0.0,
                    1.0
                ]
            ]
        },
        {
            "file_path": "/data/shapenet_blender/all_50_random/02958343/d8b50ce6cbfb56a4786993ccbbbff425/r_13",
            "rotation": 0.12566370614359174,
            "transform_matrix": [
                [
                    -0.845579981803894,
                    0.2998223602771759,
                    -0.4417024254798889,
                    -1.7805594205856323
                ],
                [
                    -0.533848762512207,
                    -0.47489815950393677,
                    0.6996265053749084,
                    2.820284605026245
                ],
                [
                    0.0,
                    0.8273924589157104,
                    0.5616241097450256,
                    2.263979196548462
                ],
                [
                    0.0,
                    0.0,
                    0.0,
                    1.0
                ]
            ]
        },
        {
            "file_path": "/data/shapenet_blender/all_50_random/02958343/d8b50ce6cbfb56a4786993ccbbbff425/r_14",
            "rotation": 0.12566370614359174,
            "transform_matrix": [
                [
                    0.9998207092285156,
                    -0.0018709104042500257,
                    -0.018841775134205818,
                    -0.07595363259315491
                ],
                [
                    -0.01893443614244461,
                    -0.09879221767187119,
                    -0.9949278235435486,
                    -4.010682582855225
                ],
                [
                    0.0,
                    0.9951062202453613,
                    -0.09880992770195007,
                    -0.39831557869911194
                ],
                [
                    0.0,
                    0.0,
                    0.0,
                    1.0
                ]
            ]
        },
        {
            "file_path": "/data/shapenet_blender/all_50_random/02958343/d8b50ce6cbfb56a4786993ccbbbff425/r_15",
            "rotation": 0.12566370614359174,
            "transform_matrix": [
                [
                    -0.36016446352005005,
                    0.1547366827726364,
                    0.9199662804603577,
                    3.708503007888794
                ],
                [
                    0.932888925075531,
                    0.059739869087934494,
                    0.3551754057407379,
                    1.431757926940918
                ],
                [
                    3.725290742551124e-09,
                    0.9861478209495544,
                    -0.16586829721927643,
                    -0.6686365604400635
                ],
                [
                    0.0,
                    0.0,
                    0.0,
                    1.0
                ]
            ]
        },
        {
            "file_path": "/data/shapenet_blender/all_50_random/02958343/d8b50ce6cbfb56a4786993ccbbbff425/r_16",
            "rotation": 0.12566370614359174,
            "transform_matrix": [
                [
                    0.9632568359375,
                    0.1488347351551056,
                    -0.22357237339019775,
                    -0.9012490510940552
                ],
                [
                    -0.26858216524124146,
                    0.5337885022163391,
                    -0.8018313646316528,
                    -3.232285499572754
                ],
                [
                    0.0,
                    0.8324170708656311,
                    0.5541496872901917,
                    2.233848810195923
                ],
                [
                    0.0,
                    0.0,
                    0.0,
                    1.0
                ]
            ]
        },
        {
            "file_path": "/data/shapenet_blender/all_50_random/02958343/d8b50ce6cbfb56a4786993ccbbbff425/r_17",
            "rotation": 0.12566370614359174,
            "transform_matrix": [
                [
                    0.9282910227775574,
                    -0.12243005633354187,
                    -0.3511219918727875,
                    -1.4154179096221924
                ],
                [
                    -0.3718544840812683,
                    -0.30563226342201233,
                    -0.8765348196029663,
                    -3.5334243774414062
                ],
                [
                    -7.4505797087454084e-09,
                    0.9442455768585205,
                    -0.32924193143844604,
                    -1.3272165060043335
                ],
                [
                    0.0,
                    0.0,
                    0.0,
                    1.0
                ]
            ]
        },
        {
            "file_path": "/data/shapenet_blender/all_50_random/02958343/d8b50ce6cbfb56a4786993ccbbbff425/r_18",
            "rotation": 0.12566370614359174,
            "transform_matrix": [
                [
                    0.4912896752357483,
                    0.07755865156650543,
                    0.8675362467765808,
                    3.497150421142578
                ],
                [
                    0.8709962964057922,
                    -0.04374733194708824,
                    -0.4893380105495453,
                    -1.97258460521698
                ],
                [
                    0.0,
                    0.9960274696350098,
                    -0.08904591202735901,
                    -0.3589555621147156
                ],
                [
                    0.0,
                    0.0,
                    0.0,
                    1.0
                ]
            ]
        },
        {
            "file_path": "/data/shapenet_blender/all_50_random/02958343/d8b50ce6cbfb56a4786993ccbbbff425/r_19",
            "rotation": 0.12566370614359174,
            "transform_matrix": [
                [
                    -0.3743268847465515,
                    0.0986933708190918,
                    -0.9220298528671265,
                    -3.7168211936950684
                ],
                [
                    -0.9272968173027039,
                    -0.039840079843997955,
                    0.37220072746276855,
                    1.5003890991210938
                ],
                [
                    0.0,
                    0.9943199753761292,
                    0.1064312681555748,
                    0.4290381669998169
                ],
                [
                    0.0,
                    0.0,
                    0.0,
                    1.0
                ]
            ]
        },
        {
            "file_path": "/data/shapenet_blender/all_50_random/02958343/d8b50ce6cbfb56a4786993ccbbbff425/r_20",
            "rotation": 0.12566370614359174,
            "transform_matrix": [
                [
                    -0.15631790459156036,
                    -0.515800416469574,
                    -0.8423268795013428,
                    -3.3955283164978027
                ],
                [
                    -0.9877068400382996,
                    0.08163236826658249,
                    0.13330957293510437,
                    0.5373880863189697
                ],
                [
                    7.450580596923828e-09,
                    0.8528106212615967,
                    -0.5222201943397522,
                    -2.1051368713378906
                ],
                [
                    0.0,
                    0.0,
                    0.0,
                    1.0
                ]
            ]
        },
        {
            "file_path": "/data/shapenet_blender/all_50_random/02958343/d8b50ce6cbfb56a4786993ccbbbff425/r_21",
            "rotation": 0.12566370614359174,
            "transform_matrix": [
                [
                    0.9045255780220032,
                    0.18773378431797028,
                    -0.3828698992729187,
                    -1.5433979034423828
                ],
                [
                    -0.426419198513031,
                    0.3982231914997101,
                    -0.8121483325958252,
                    -3.2738747596740723
                ],
                [
                    -1.4901160305669237e-08,
                    0.8978720307350159,
                    0.44025641679763794,
                    1.7747303247451782
                ],
                [
                    0.0,
                    0.0,
                    0.0,
                    1.0
                ]
            ]
        },
        {
            "file_path": "/data/shapenet_blender/all_50_random/02958343/d8b50ce6cbfb56a4786993ccbbbff425/r_22",
            "rotation": 0.12566370614359174,
            "transform_matrix": [
                [
                    0.9475328922271729,
                    -0.24013486504554749,
                    0.21099011600017548,
                    0.850528359413147
                ],
                [
                    0.3196585774421692,
                    0.7118085026741028,
                    -0.6254175305366516,
                    -2.5211386680603027
                ],
                [
                    0.0,
                    0.6600485444068909,
                    0.7512230277061462,
                    3.0282769203186035
                ],
                [
                    0.0,
                    0.0,
                    0.0,
                    1.0
                ]
            ]
        },
        {
            "file_path": "/data/shapenet_blender/all_50_random/02958343/d8b50ce6cbfb56a4786993ccbbbff425/r_23",
            "rotation": 0.12566370614359174,
            "transform_matrix": [
                [
                    0.9165875315666199,
                    0.1773652583360672,
                    -0.358341783285141,
                    -1.4445219039916992
                ],
                [
                    -0.3998340368270874,
                    0.4065956473350525,
                    -0.821469783782959,
                    -3.311450719833374
                ],
                [
                    0.0,
                    0.8962263464927673,
                    0.44359713792800903,
                    1.7881972789764404
                ],
                [
                    0.0,
                    0.0,
                    0.0,
                    1.0
                ]
            ]
        },
        {
            "file_path": "/data/shapenet_blender/all_50_random/02958343/d8b50ce6cbfb56a4786993ccbbbff425/r_24",
            "rotation": 0.12566370614359174,
            "transform_matrix": [
                [
                    -0.6628555059432983,
                    0.5962257385253906,
                    0.4529210925102234,
                    1.825783371925354
                ],
                [
                    0.7487474083900452,
                    0.5278302431106567,
                    0.4009646773338318,
                    1.6163402795791626
                ],
                [
                    0.0,
                    0.6049050688743591,
                    -0.796297550201416,
                    -3.2099781036376953
                ],
                [
                    0.0,
                    0.0,
                    0.0,
                    1.0
                ]
            ]
        },
        {
            "file_path": "/data/shapenet_blender/all_50_random/02958343/d8b50ce6cbfb56a4786993ccbbbff425/r_25",
            "rotation": 0.12566370614359174,
            "transform_matrix": [
                [
                    -0.13529706001281738,
                    -0.15651196241378784,
                    -0.9783653020858765,
                    -3.9439167976379395
                ],
                [
                    -0.9908051490783691,
                    0.021372120827436447,
                    0.13359835743904114,
                    0.5385522246360779
                ],
                [
                    0.0,
                    0.9874448180198669,
                    -0.15796442329883575,
                    -0.6367749571800232
                ],
                [
                    0.0,
                    0.0,
                    0.0,
                    1.0
                ]
            ]
        },
        {
            "file_path": "/data/shapenet_blender/all_50_random/02958343/d8b50ce6cbfb56a4786993ccbbbff425/r_26",
            "rotation": 0.12566370614359174,
            "transform_matrix": [
                [
                    -0.12026731669902802,
                    -0.014363845810294151,
                    -0.992637574672699,
                    -4.001450061798096
                ],
                [
                    -0.9927416443824768,
                    0.0017401316436007619,
                    0.12025471031665802,
                    0.4847622513771057
                ],
                [
                    -1.1641533570472262e-10,
                    0.9998953342437744,
                    -0.014468866400420666,
                    -0.058325864374637604
                ],
                [
                    0.0,
                    0.0,
                    0.0,
                    1.0
                ]
            ]
        },
        {
            "file_path": "/data/shapenet_blender/all_50_random/02958343/d8b50ce6cbfb56a4786993ccbbbff425/r_27",
            "rotation": 0.12566370614359174,
            "transform_matrix": [
                [
                    -0.24200372397899628,
                    -0.7265982627868652,
                    -0.6430312395095825,
                    -2.59214186668396
                ],
                [
                    -0.9702752828598022,
                    0.18122638761997223,
                    0.16038329899311066,
                    0.6465257406234741
                ],
                [
                    0.0,
                    0.6627306938171387,
                    -0.7488577365875244,
                    -3.018742084503174
                ],
                [
                    0.0,
                    0.0,
                    0.0,
                    1.0
                ]
            ]
        },
        {
            "file_path": "/data/shapenet_blender/all_50_random/02958343/d8b50ce6cbfb56a4786993ccbbbff425/r_28",
            "rotation": 0.12566370614359174,
            "transform_matrix": [
                [
                    0.731173038482666,
                    -0.3361746072769165,
                    -0.5936098098754883,
                    -2.3929173946380615
                ],
                [
                    -0.6821919679641724,
                    -0.3603117763996124,
                    -0.6362307071685791,
                    -2.564727783203125
                ],
                [
                    0.0,
                    0.870150625705719,
                    -0.4927859306335449,
                    -1.9864833354949951
                ],
                [
                    0.0,
                    0.0,
                    0.0,
                    1.0
                ]
            ]
        },
        {
            "file_path": "/data/shapenet_blender/all_50_random/02958343/d8b50ce6cbfb56a4786993ccbbbff425/r_29",
            "rotation": 0.12566370614359174,
            "transform_matrix": [
                [
                    -0.8818494081497192,
                    0.4404621720314026,
                    -0.168329119682312,
                    -0.6785564422607422
                ],
                [
                    -0.47153106331825256,
                    -0.8237448334693909,
                    0.3148062527179718,
                    1.2690247297286987
                ],
                [
                    0.0,
                    0.35698407888412476,
                    0.9341104030609131,
                    3.765519618988037
                ],
                [
                    0.0,
                    0.0,
                    0.0,
                    1.0
                ]
            ]
        },
        {
            "file_path": "/data/shapenet_blender/all_50_random/02958343/d8b50ce6cbfb56a4786993ccbbbff425/r_30",
            "rotation": 0.12566370614359174,
            "transform_matrix": [
                [
                    -0.8728533387184143,
                    0.4807392656803131,
                    -0.08376655727624893,
                    -0.33767378330230713
                ],
                [
                    -0.48798272013664246,
                    -0.8598970174789429,
                    0.14983302354812622,
                    0.603996217250824
                ],
                [
                    0.0,
                    0.17165909707546234,
                    0.9851564764976501,
                    3.971292734146118
                ],
                [
                    0.0,
                    0.0,
                    0.0,
                    1.0
                ]
            ]
        },
        {
            "file_path": "/data/shapenet_blender/all_50_random/02958343/d8b50ce6cbfb56a4786993ccbbbff425/r_31",
            "rotation": 0.12566370614359174,
            "transform_matrix": [
                [
                    0.7100536823272705,
                    0.356173574924469,
                    -0.6074241995811462,
                    -2.4486052989959717
                ],
                [
                    -0.7041476368904114,
                    0.35916098952293396,
                    -0.6125190258026123,
                    -2.4691431522369385
                ],
                [
                    -1.4901162970204496e-08,
                    0.8626376390457153,
                    0.5058223605155945,
                    2.0390350818634033
                ],
                [
                    0.0,
                    0.0,
                    0.0,
                    1.0
                ]
            ]
        },
        {
            "file_path": "/data/shapenet_blender/all_50_random/02958343/d8b50ce6cbfb56a4786993ccbbbff425/r_32",
            "rotation": 0.12566370614359174,
            "transform_matrix": [
                [
                    -0.027660423889756203,
                    -0.5650320649147034,
                    -0.8246051073074341,
                    -3.324089765548706
                ],
                [
                    -0.9996174573898315,
                    0.01563500612974167,
                    0.02281765639781952,
                    0.09198091924190521
                ],
                [
                    -9.31322685637781e-10,
                    0.8249207735061646,
                    -0.5652482509613037,
                    -2.2785887718200684
                ],
                [
                    0.0,
                    0.0,
                    0.0,
                    1.0
                ]
            ]
        },
        {
            "file_path": "/data/shapenet_blender/all_50_random/02958343/d8b50ce6cbfb56a4786993ccbbbff425/r_33",
            "rotation": 0.12566370614359174,
            "transform_matrix": [
                [
                    0.6453584432601929,
                    -0.12081955373287201,
                    0.7542644739151001,
                    3.0405375957489014
                ],
                [
                    0.7638797760009766,
                    0.1020735576748848,
                    -0.6372350454330444,
                    -2.568776845932007
                ],
                [
                    0.0,
                    0.9874126315116882,
                    0.15816563367843628,
                    0.6375861167907715
                ],
                [
                    0.0,
                    0.0,
                    0.0,
                    1.0
                ]
            ]
        },
        {
            "file_path": "/data/shapenet_blender/all_50_random/02958343/d8b50ce6cbfb56a4786993ccbbbff425/r_34",
            "rotation": 0.12566370614359174,
            "transform_matrix": [
                [
                    0.2004837840795517,
                    0.3730456829071045,
                    0.9058936238288879,
                    3.6517739295959473
                ],
                [
                    0.9796969890594482,
                    -0.07633952796459198,
                    -0.18538077175617218,
                    -0.7472937703132629
                ],
                [
                    -7.4505797087454084e-09,
                    0.9246671199798584,
                    -0.3807765543460846,
                    -1.5349594354629517
                ],
                [
                    0.0,
                    0.0,
                    0.0,
                    1.0
                ]
            ]
        },
        {
            "file_path": "/data/shapenet_blender/all_50_random/02958343/d8b50ce6cbfb56a4786993ccbbbff425/r_35",
            "rotation": 0.12566370614359174,
            "transform_matrix": [
                [
                    0.6166456937789917,
                    -0.1766488254070282,
                    -0.7671657204627991,
                    -3.0925440788269043
                ],
                [
                    -0.7872409224510193,
                    -0.13836900889873505,
                    -0.6009207963943481,
                    -2.422389507293701
                ],
                [
                    -7.450581485102248e-09,
                    0.9744994044303894,
                    -0.22438982129096985,
                    -0.9045443534851074
                ],
                [
                    0.0,
                    0.0,
                    0.0,
                    1.0
                ]
            ]
        },
        {
            "file_path": "/data/shapenet_blender/all_50_random/02958343/d8b50ce6cbfb56a4786993ccbbbff425/r_36",
            "rotation": 0.12566370614359174,
            "transform_matrix": [
                [
                    0.8272265195846558,
                    0.06574341654777527,
                    0.5580089092254639,
                    2.249406099319458
                ],
                [
                    0.56186842918396,
                    -0.09679258614778519,
                    -0.8215442299842834,
                    -3.311750888824463
                ],
                [
                    0.0,
                    0.9931308627128601,
                    -0.11700855195522308,
                    -0.4716765880584717
                ],
                [
                    0.0,
                    0.0,
                    0.0,
                    1.0
                ]
            ]
        },
        {
            "file_path": "/data/shapenet_blender/all_50_random/02958343/d8b50ce6cbfb56a4786993ccbbbff425/r_37",
            "rotation": 0.12566370614359174,
            "transform_matrix": [
                [
                    -0.18804232776165009,
                    0.08516830950975418,
                    -0.9784612059593201,
                    -3.944303274154663
                ],
                [
                    -0.9821609258651733,
                    -0.016306133940815926,
                    0.18733400106430054,
                    0.7551674842834473
                ],
                [
                    0.0,
                    0.9962331056594849,
                    0.0867152288556099,
                    0.3495602607727051
                ],
                [
                    0.0,
                    0.0,
                    0.0,
                    1.0
                ]
            ]
        },
        {
            "file_path": "/data/shapenet_blender/all_50_random/02958343/d8b50ce6cbfb56a4786993ccbbbff425/r_38",
            "rotation": 0.12566370614359174,
            "transform_matrix": [
                [
                    -0.9543836116790771,
                    0.21386896073818207,
                    0.20835593342781067,
                    0.8399096131324768
                ],
                [
                    0.2985835373401642,
                    0.68360435962677,
                    0.665982723236084,
                    2.684662342071533
                ],
                [
                    1.4901162970204496e-08,
                    0.6978145241737366,
                    -0.7162784337997437,
                    -2.8874106407165527
                ],
                [
                    0.0,
                    0.0,
                    0.0,
                    1.0
                ]
            ]
        },
        {
            "file_path": "/data/shapenet_blender/all_50_random/02958343/d8b50ce6cbfb56a4786993ccbbbff425/r_39",
            "rotation": 0.12566370614359174,
            "transform_matrix": [
                [
                    0.5369524955749512,
                    -0.12027717381715775,
                    -0.8349943161010742,
                    -3.36596941947937
                ],
                [
                    -0.8436124920845032,
                    -0.07655544579029083,
                    -0.531467080116272,
                    -2.1424121856689453
                ],
                [
                    -7.450580596923828e-09,
                    0.9897840619087219,
                    -0.1425739824771881,
                    -0.5747340321540833
                ],
                [
                    0.0,
                    0.0,
                    0.0,
                    1.0
                ]
            ]
        },
        {
            "file_path": "/data/shapenet_blender/all_50_random/02958343/d8b50ce6cbfb56a4786993ccbbbff425/r_40",
            "rotation": 0.12566370614359174,
            "transform_matrix": [
                [
                    0.9846203923225403,
                    -0.1507965326309204,
                    -0.08822295814752579,
                    -0.3556381165981293
                ],
                [
                    -0.1747080236673355,
                    -0.8498599529266357,
                    -0.4972074329853058,
                    -2.004307270050049
                ],
                [
                    0.0,
                    0.5049737095832825,
                    -0.8631346225738525,
                    -3.4794070720672607
                ],
                [
                    0.0,
                    0.0,
                    0.0,
                    1.0
                ]
            ]
        },
        {
            "file_path": "/data/shapenet_blender/all_50_random/02958343/d8b50ce6cbfb56a4786993ccbbbff425/r_41",
            "rotation": 0.12566370614359174,
            "transform_matrix": [
                [
                    0.46588632464408875,
                    0.28403761982917786,
                    0.8380170464515686,
                    3.378154754638672
                ],
                [
                    0.8848446607589722,
                    -0.14955081045627594,
                    -0.44123074412345886,
                    -1.7786580324172974
                ],
                [
                    0.0,
