{
    "class": "02958343",
    "model": "85952ffb35de9bb951a95aaa6caba1d3",
    "remove_doubles": true,
    "edge_split": true,
    "denoise": true,
    "camera_angle_x": 0.6911112070083618,
    "scale_factor": 2.227970342095349,
    "hdri_file": "/data/IndoorHDRDataset2018/9C4A1145-a6e5b95e44.exr",
    "center_offset": [
        0.0,
        -1.3969838619232178e-09,
        -3.725290298461914e-09
    ],
    "lights": [],
    "frames": [
        {
            "file_path": "/data/shapenet_blender/all_50_random/02958343/85952ffb35de9bb951a95aaa6caba1d3/r_0",
            "rotation": 0.12566370614359174,
            "transform_matrix": [
                [
                    -0.24634376168251038,
                    -0.03944890946149826,
                    0.9683793187141418,
                    3.9036619663238525
                ],
                [
                    0.9691824913024902,
                    -0.010027000680565834,
                    0.24613961577415466,
                    0.9922205209732056
                ],
                [
                    9.313225191043273e-10,
                    0.9991713166236877,
                    0.04070328176021576,
                    0.1640801727771759
                ],
                [
                    0.0,
                    0.0,
                    0.0,
                    1.0
                ]
            ]
        },
        {
            "file_path": "/data/shapenet_blender/all_50_random/02958343/85952ffb35de9bb951a95aaa6caba1d3/r_1",
            "rotation": 0.12566370614359174,
            "transform_matrix": [
                [
                    -0.9986135959625244,
                    -0.0288821030408144,
                    -0.044010408222675323,
                    -0.17741163074970245
                ],
                [
                    -0.052641164511442184,
                    0.5478993654251099,
                    0.834886372089386,
                    3.365534543991089
                ],
                [
                    0.0,
                    0.8360454440116882,
                    -0.5486600995063782,
                    -2.211719512939453
                ],
                [
                    0.0,
                    0.0,
                    0.0,
                    1.0
                ]
            ]
        },
        {
            "file_path": "/data/shapenet_blender/all_50_random/02958343/85952ffb35de9bb951a95aaa6caba1d3/r_2",
            "rotation": 0.12566370614359174,
            "transform_matrix": [
                [
                    0.6702203750610352,
                    -0.22148363292217255,
                    0.7083429098129272,
                    2.855421543121338
                ],
                [
                    0.7421622276306152,
                    0.20001402497291565,
                    -0.6396793723106384,
                    -2.578629970550537
                ],
                [
                    0.0,
                    0.954431414604187,
                    0.29843026399612427,
                    1.2030109167099
                ],
                [
                    0.0,
                    0.0,
                    0.0,
                    1.0
                ]
            ]
        },
        {
            "file_path": "/data/shapenet_blender/all_50_random/02958343/85952ffb35de9bb951a95aaa6caba1d3/r_3",
            "rotation": 0.12566370614359174,
            "transform_matrix": [
                [
                    -0.15499645471572876,
                    -0.926862359046936,
                    0.34190917015075684,
                    1.3782800436019897
                ],
                [
                    0.9879150986671448,
                    -0.1454177349805832,
                    0.053642984479665756,
                    0.21624180674552917
                ],
                [
                    -3.725290742551124e-09,
                    0.3460918366909027,
                    0.9382006525993347,
                    3.782007932662964
                ],
                [
                    0.0,
                    0.0,
                    0.0,
                    1.0
                ]
            ]
        },
        {
            "file_path": "/data/shapenet_blender/all_50_random/02958343/85952ffb35de9bb951a95aaa6caba1d3/r_4",
            "rotation": 0.12566370614359174,
            "transform_matrix": [
                [
                    0.899527907371521,
                    -0.007185065653175116,
                    0.4368041753768921,
                    1.7608140707015991
                ],
                [
                    0.4368633031845093,
                    0.014794484712183475,
                    -0.8994061946868896,
                    -3.625622510910034
                ],
                [
                    -4.656612873077393e-10,
                    0.9998646974563599,
                    0.01644694246351719,
                    0.06629975140094757
                ],
                [
                    0.0,
                    0.0,
                    0.0,
                    1.0
                ]
            ]
        },
        {
            "file_path": "/data/shapenet_blender/all_50_random/02958343/85952ffb35de9bb951a95aaa6caba1d3/r_5",
            "rotation": 0.12566370614359174,
            "transform_matrix": [
                [
                    0.4061521589756012,
                    0.006679641082882881,
                    0.9137809872627258,
                    3.6835691928863525
                ],
                [
                    0.9138054847717285,
                    -0.0029688491486012936,
                    -0.4061412811279297,
                    -1.6372079849243164
                ],
                [
                    0.0,
                    0.9999732971191406,
                    -0.007309696637094021,
                    -0.029466331005096436
                ],
                [
                    0.0,
                    0.0,
                    0.0,
                    1.0
                ]
            ]
        },
        {
            "file_path": "/data/shapenet_blender/all_50_random/02958343/85952ffb35de9bb951a95aaa6caba1d3/r_6",
            "rotation": 0.12566370614359174,
            "transform_matrix": [
                [
                    0.9824918508529663,
                    -0.02004598267376423,
                    0.18522436916828156,
                    0.7466633319854736
                ],
                [
                    0.186305969953537,
                    0.10571327060461044,
                    -0.9767879247665405,
                    -3.937558174133301
                ],
                [
                    0.0,
                    0.9941945672035217,
                    0.10759710520505905,
                    0.4337378144264221
                ],
                [
                    0.0,
                    0.0,
                    0.0,
                    1.0
                ]
            ]
        },
        {
            "file_path": "/data/shapenet_blender/all_50_random/02958343/85952ffb35de9bb951a95aaa6caba1d3/r_7",
            "rotation": 0.12566370614359174,
            "transform_matrix": [
                [
                    -0.6352009177207947,
                    0.6864648461341858,
                    0.35395729541778564,
                    1.4268474578857422
                ],
                [
                    0.7723469138145447,
                    0.5645689368247986,
                    0.2911049425601959,
                    1.1734815835952759
                ],
                [
                    1.4901161193847656e-08,
                    0.4582878649234772,
                    -0.8888037800788879,
                    -3.5828826427459717
                ],
                [
                    0.0,
                    0.0,
                    0.0,
                    1.0
                ]
            ]
        },
        {
            "file_path": "/data/shapenet_blender/all_50_random/02958343/85952ffb35de9bb951a95aaa6caba1d3/r_8",
            "rotation": 0.12566370614359174,
            "transform_matrix": [
                [
                    0.7156955003738403,
                    -0.6284359693527222,
                    0.30471017956733704,
                    1.2283260822296143
                ],
                [
                    0.6984125375747681,
                    0.6439872980117798,
                    -0.312250554561615,
                    -1.2587223052978516
                ],
                [
                    -1.4901162970204496e-08,
                    0.43628963828086853,
                    0.8998062014579773,
                    3.627234935760498
                ],
                [
                    0.0,
                    0.0,
                    0.0,
                    1.0
                ]
            ]
        },
        {
            "file_path": "/data/shapenet_blender/all_50_random/02958343/85952ffb35de9bb951a95aaa6caba1d3/r_9",
            "rotation": 0.12566370614359174,
            "transform_matrix": [
                [
                    0.4547005295753479,
                    0.2769588828086853,
                    0.8464875817298889,
                    3.4123003482818604
                ],
                [
                    0.890644371509552,
                    -0.14139577746391296,
                    -0.43215715885162354,
                    -1.7420811653137207
                ],
                [
                    7.4505797087454084e-09,
                    0.9504215121269226,
                    -0.3109646141529083,
                    -1.2535383701324463
                ],
                [
                    0.0,
                    0.0,
                    0.0,
                    1.0
                ]
            ]
        },
        {
            "file_path": "/data/shapenet_blender/all_50_random/02958343/85952ffb35de9bb951a95aaa6caba1d3/r_10",
            "rotation": 0.12566370614359174,
            "transform_matrix": [
                [
                    -0.602489709854126,
                    -0.13569705188274384,
                    0.7865063548088074,
                    3.170508861541748
                ],
                [
                    0.7981265783309937,
                    -0.10243498533964157,
                    0.5937178730964661,
                    2.3933534622192383
                ],
                [
                    0.0,
                    0.9854406714439392,
                    0.17001944780349731,
                    0.6853703856468201
                ],
                [
                    0.0,
                    0.0,
                    0.0,
                    1.0
                ]
            ]
        },
        {
            "file_path": "/data/shapenet_blender/all_50_random/02958343/85952ffb35de9bb951a95aaa6caba1d3/r_11",
            "rotation": 0.12566370614359174,
            "transform_matrix": [
                [
                    -0.5238173604011536,
                    0.5299858450889587,
                    0.6668811440467834,
                    2.6882834434509277
                ],
                [
                    0.8518306016921997,
                    0.325904905796051,
                    0.41008612513542175,
                    1.6531097888946533
                ],
                [
                    0.0,
                    0.7828798890113831,
                    -0.6221728920936584,
                    -2.508058786392212
                ],
                [
                    0.0,
                    0.0,
                    0.0,
                    1.0
                ]
            ]
        },
        {
            "file_path": "/data/shapenet_blender/all_50_random/02958343/85952ffb35de9bb951a95aaa6caba1d3/r_12",
            "rotation": 0.12566370614359174,
            "transform_matrix": [
                [
                    0.9499784708023071,
                    -0.21396709978580475,
                    0.2275063842535019,
                    0.9171075820922852
                ],
                [
                    0.3123156726360321,
                    0.6508290767669678,
                    -0.6920118927955627,
                    -2.7895891666412354
                ],
                [
                    0.0,
                    0.7284501194953918,
                    0.6850988268852234,
                    2.761721611022949
                ],
                [
                    0.0,
                    0.0,
                    0.0,
                    1.0
                ]
            ]
        },
        {
            "file_path": "/data/shapenet_blender/all_50_random/02958343/85952ffb35de9bb951a95aaa6caba1d3/r_13",
            "rotation": 0.12566370614359174,
            "transform_matrix": [
                [
                    -0.8239395618438721,
                    0.0766899362206459,
                    -0.5614643692970276,
                    -2.2633352279663086
                ],
                [
                    -0.5666776895523071,
                    -0.11150584369897842,
                    0.8163595199584961,
                    3.2908504009246826
                ],
                [
                    0.0,
                    0.9908002018928528,
                    0.13533255457878113,
                    0.5455429553985596
                ],
                [
                    0.0,
                    0.0,
                    0.0,
                    1.0
                ]
            ]
        },
        {
            "file_path": "/data/shapenet_blender/all_50_random/02958343/85952ffb35de9bb951a95aaa6caba1d3/r_14",
            "rotation": 0.12566370614359174,
            "transform_matrix": [
                [
                    -0.33630651235580444,
                    0.7376241087913513,
                    -0.5854986310005188,
                    -2.360220432281494
                ],
                [
                    -0.9417526721954346,
                    -0.2634107768535614,
                    0.20908570289611816,
                    0.8428514003753662
                ],
                [
                    1.4901162970204496e-08,
                    0.6217116713523865,
                    0.7832460999488831,
                    3.1573660373687744
                ],
                [
                    0.0,
                    0.0,
                    0.0,
                    1.0
                ]
            ]
        },
        {
            "file_path": "/data/shapenet_blender/all_50_random/02958343/85952ffb35de9bb951a95aaa6caba1d3/r_15",
            "rotation": 0.12566370614359174,
            "transform_matrix": [
                [
                    0.8689305186271667,
                    -0.09231599420309067,
                    0.4862481951713562,
                    1.9601292610168457
                ],
                [
                    0.4949338436126709,
                    0.16207455098628998,
                    -0.8536815643310547,
                    -3.441300630569458
                ],
                [
                    0.0,
                    0.9824507832527161,
                    0.18652187287807465,
                    0.7518937587738037
                ],
                [
                    0.0,
                    0.0,
                    0.0,
                    1.0
                ]
            ]
        },
        {
            "file_path": "/data/shapenet_blender/all_50_random/02958343/85952ffb35de9bb951a95aaa6caba1d3/r_16",
            "rotation": 0.12566370614359174,
            "transform_matrix": [
                [
                    -0.5970582962036133,
                    0.2312147319316864,
                    -0.7681544423103333,
                    -3.096529483795166
                ],
                [
                    -0.8021979331970215,
                    -0.17208804190158844,
                    0.5717204809188843,
                    2.3046789169311523
                ],
                [
                    0.0,
                    0.957562267780304,
                    0.28822657465934753,
                    1.1618784666061401
                ],
                [
                    0.0,
                    0.0,
                    0.0,
                    1.0
                ]
            ]
        },
        {
            "file_path": "/data/shapenet_blender/all_50_random/02958343/85952ffb35de9bb951a95aaa6caba1d3/r_17",
            "rotation": 0.12566370614359174,
            "transform_matrix": [
                [
                    0.660570502281189,
                    0.04400721937417984,
                    0.7494730949401855,
                    3.0212228298187256
                ],
                [
                    0.7507641315460205,
                    -0.038720376789569855,
                    -0.6594345569610596,
                    -2.658266067504883
                ],
                [
                    -1.862645371275562e-09,
                    0.9982805252075195,
                    -0.058616574853658676,
                    -0.23629099130630493
                ],
                [
                    0.0,
                    0.0,
                    0.0,
                    1.0
                ]
            ]
        },
        {
            "file_path": "/data/shapenet_blender/all_50_random/02958343/85952ffb35de9bb951a95aaa6caba1d3/r_18",
            "rotation": 0.12566370614359174,
            "transform_matrix": [
                [
                    0.9343257546424866,
                    -0.09456116706132889,
                    -0.34364748001098633,
                    -1.3852872848510742
                ],
                [
                    -0.35642024874687195,
                    -0.247884139418602,
                    -0.9008429646492004,
                    -3.6314139366149902
                ],
                [
                    0.0,
                    0.964163601398468,
                    -0.26530805230140686,
                    -1.069490909576416
                ],
                [
                    0.0,
                    0.0,
                    0.0,
                    1.0
                ]
            ]
        },
        {
            "file_path": "/data/shapenet_blender/all_50_random/02958343/85952ffb35de9bb951a95aaa6caba1d3/r_19",
            "rotation": 0.12566370614359174,
            "transform_matrix": [
                [
                    -0.020428454503417015,
                    -0.3066117763519287,
                    0.9516153931617737,
                    3.8360843658447266
                ],
                [
                    0.9997912645339966,
                    -0.0062649124301970005,
                    0.019444089382886887,
                    0.07838162779808044
                ],
                [
                    0.0,
                    0.9518139958381653,
                    0.3066757917404175,
                    1.2362496852874756
                ],
                [
                    0.0,
                    0.0,
                    0.0,
                    1.0
                ]
            ]
        },
        {
            "file_path": "/data/shapenet_blender/all_50_random/02958343/85952ffb35de9bb951a95aaa6caba1d3/r_20",
            "rotation": 0.12566370614359174,
            "transform_matrix": [
                [
                    -0.4157008230686188,
                    -0.4826718866825104,
                    -0.7708570957183838,
                    -3.107424259185791
                ],
                [
                    -0.9095013737678528,
                    0.22061219811439514,
                    0.3523314297199249,
                    1.4202934503555298
                ],
                [
                    1.4901160305669237e-08,
                    0.8475601077079773,
                    -0.5306994318962097,
                    -2.139317750930786
                ],
                [
                    0.0,
                    0.0,
                    0.0,
                    1.0
                ]
            ]
        },
        {
            "file_path": "/data/shapenet_blender/all_50_random/02958343/85952ffb35de9bb951a95aaa6caba1d3/r_21",
            "rotation": 0.12566370614359174,
            "transform_matrix": [
                [
                    0.9692891836166382,
                    0.05547228455543518,
                    0.23958595097064972,
                    0.9658018350601196
                ],
                [
                    0.24592401087284088,
                    -0.21863944828510284,
                    -0.9443082809448242,
                    -3.806628465652466
                ],
                [
                    0.0,
                    0.9742277264595032,
                    -0.2255667895078659,
                    -0.9092888236045837
                ],
                [
                    0.0,
                    0.0,
                    0.0,
                    1.0
                ]
            ]
        },
        {
            "file_path": "/data/shapenet_blender/all_50_random/02958343/85952ffb35de9bb951a95aaa6caba1d3/r_22",
            "rotation": 0.12566370614359174,
            "transform_matrix": [
                [
                    -0.3923071324825287,
                    0.13278405368328094,
                    -0.9101996421813965,
                    -3.6691324710845947
                ],
                [
                    -0.919834315776825,
                    -0.05663208290934563,
                    0.38819795846939087,
                    1.5648761987686157
                ],
                [
                    -3.725290298461914e-09,
                    0.9895256757736206,
                    0.14435648918151855,
                    0.5819196701049805
                ],
                [
                    0.0,
                    0.0,
                    0.0,
                    1.0
                ]
            ]
        },
        {
            "file_path": "/data/shapenet_blender/all_50_random/02958343/85952ffb35de9bb951a95aaa6caba1d3/r_23",
            "rotation": 0.12566370614359174,
            "transform_matrix": [
                [
                    0.6542390584945679,
                    -0.22579003870487213,
                    0.721796452999115,
                    2.909654378890991
                ],
                [
                    0.7562877535820007,
                    0.19532333314418793,
                    -0.6244017481803894,
                    -2.5170438289642334
                ],
                [
                    0.0,
                    0.954393744468689,
                    0.29855045676231384,
                    1.2034953832626343
                ],
                [
                    0.0,
                    0.0,
                    0.0,
                    1.0
                ]
            ]
        },
        {
            "file_path": "/data/shapenet_blender/all_50_random/02958343/85952ffb35de9bb951a95aaa6caba1d3/r_24",
            "rotation": 0.12566370614359174,
            "transform_matrix": [
                [
                    -0.05811379849910736,
                    -0.2898849844932556,
                    0.9552955031394958,
                    3.850919246673584
                ],
                [
                    0.9983099102973938,
                    -0.01687483675777912,
                    0.05560983717441559,
                    0.22417041659355164
                ],
                [
                    0.0,
                    0.9569126963615417,
                    0.2903757095336914,
                    1.1705418825149536
                ],
                [
                    0.0,
                    0.0,
                    0.0,
                    1.0
                ]
            ]
        },
        {
            "file_path": "/data/shapenet_blender/all_50_random/02958343/85952ffb35de9bb951a95aaa6caba1d3/r_25",
            "rotation": 0.12566370614359174,
            "transform_matrix": [
                [
                    -0.97904372215271,
                    0.0050239404663443565,
                    -0.20358838140964508,
                    -0.8206909894943237
                ],
                [
                    -0.2036503702402115,
                    -0.02415246143937111,
                    0.978745698928833,
                    3.9454500675201416
                ],
                [
                    -4.656612873077393e-10,
                    0.9996957182884216,
                    0.02466943860054016,
                    0.09944568574428558
                ],
                [
                    0.0,
                    0.0,
                    0.0,
                    1.0
                ]
            ]
        },
        {
            "file_path": "/data/shapenet_blender/all_50_random/02958343/85952ffb35de9bb951a95aaa6caba1d3/r_26",
            "rotation": 0.12566370614359174,
            "transform_matrix": [
                [
                    0.6177648305892944,
                    0.17777128517627716,
                    -0.7660051584243774,
                    -3.0878658294677734
                ],
                [
                    -0.7863630056381226,
                    0.1396566927433014,
                    -0.6017717719078064,
                    -2.4258198738098145
                ],
                [
                    0.0,
                    0.9741116762161255,
                    0.2260677069425583,
                    0.9113081097602844
                ],
                [
                    0.0,
                    0.0,
                    0.0,
                    1.0
                ]
            ]
        },
        {
            "file_path": "/data/shapenet_blender/all_50_random/02958343/85952ffb35de9bb951a95aaa6caba1d3/r_27",
            "rotation": 0.12566370614359174,
            "transform_matrix": [
                [
                    0.6242421865463257,
                    -0.6809858083724976,
                    -0.38285744190216064,
                    -1.5433478355407715
                ],
                [
                    -0.7812308073043823,
                    -0.5441414713859558,
                    -0.30592212080955505,
                    -1.233211636543274
                ],
                [
                    1.4901161193847656e-08,
                    0.49006956815719604,
                    -0.8716832399368286,
                    -3.5138678550720215
                ],
                [
                    0.0,
                    0.0,
                    0.0,
                    1.0
                ]
            ]
        },
        {
            "file_path": "/data/shapenet_blender/all_50_random/02958343/85952ffb35de9bb951a95aaa6caba1d3/r_28",
            "rotation": 0.12566370614359174,
            "transform_matrix": [
                [
                    0.5770671367645264,
                    0.049348730593919754,
                    -0.8152043223381042,
                    -3.28619384765625
                ],
                [
                    -0.8166967034339905,
                    0.03486916422843933,
                    -0.5760126709938049,
                    -2.321981430053711
                ],
                [
                    0.0,
                    0.9981727600097656,
                    0.060424793511629105,
                    0.24358013272285461
                ],
                [
                    0.0,
                    0.0,
                    0.0,
                    1.0
                ]
            ]
        },
        {
            "file_path": "/data/shapenet_blender/all_50_random/02958343/85952ffb35de9bb951a95aaa6caba1d3/r_29",
            "rotation": 0.12566370614359174,
            "transform_matrix": [
                [
                    0.8759135007858276,
                    0.4576512575149536,
                    -0.15274427831172943,
                    -0.6157318949699402
                ],
                [
                    -0.4824681282043457,
                    0.8308588266372681,
                    -0.27730488777160645,
                    -1.117851734161377
                ],
                [
                    0.0,
                    0.3165894150733948,
                    0.9485626816749573,
                    3.8237783908843994
                ],
                [
                    0.0,
                    0.0,
                    0.0,
                    1.0
                ]
            ]
        },
        {
            "file_path": "/data/shapenet_blender/all_50_random/02958343/85952ffb35de9bb951a95aaa6caba1d3/r_30",
            "rotation": 0.12566370614359174,
            "transform_matrix": [
                [
                    0.6441550850868225,
                    0.11649209260940552,
                    0.7559720277786255,
                    3.0474209785461426
                ],
                [
                    0.764894962310791,
                    -0.09810363501310349,
                    -0.6366406679153442,
                    -2.5663809776306152
                ],
                [
                    0.0,
                    0.988334596157074,
                    -0.15229813754558563,
                    -0.6139335036277771
                ],
                [
                    0.0,
                    0.0,
                    0.0,
                    1.0
                ]
            ]
        },
        {
            "file_path": "/data/shapenet_blender/all_50_random/02958343/85952ffb35de9bb951a95aaa6caba1d3/r_31",
            "rotation": 0.12566370614359174,
            "transform_matrix": [
                [
                    0.8070877194404602,
                    -0.4389556348323822,
                    -0.3948763310909271,
                    -1.5917973518371582
                ],
                [
                    -0.5904314517974854,
                    -0.6000284552574158,
                    -0.539774477481842,
                    -2.175900459289551
                ],
                [
                    1.4901160305669237e-08,
                    0.6687927842140198,
                    -0.7434488534927368,
                    -2.9969382286071777
                ],
                [
                    0.0,
                    0.0,
                    0.0,
                    1.0
                ]
            ]
        },
        {
            "file_path": "/data/shapenet_blender/all_50_random/02958343/85952ffb35de9bb951a95aaa6caba1d3/r_32",
            "rotation": 0.12566370614359174,
            "transform_matrix": [
                [
                    -0.8138546347618103,
                    -0.03643322363495827,
                    -0.5799252986907959,
                    -2.3377535343170166
                ],
                [
                    -0.5810686349868774,
                    0.05102900043129921,
                    0.8122532963752747,
                    3.2742977142333984
                ],
                [
                    1.862645149230957e-09,
                    0.9980323314666748,
                    -0.06270039826631546,
                    -0.2527533769607544
                ],
                [
                    0.0,
                    0.0,
                    0.0,
                    1.0
                ]
            ]
        },
        {
            "file_path": "/data/shapenet_blender/all_50_random/02958343/85952ffb35de9bb951a95aaa6caba1d3/r_33",
            "rotation": 0.12566370614359174,
            "transform_matrix": [
                [
                    -0.13595256209373474,
                    -0.006712659727782011,
                    -0.9906925559043884,
                    -3.993609666824341
                ],
                [
                    -0.9907153248786926,
                    0.0009211559081450105,
                    0.13594943284988403,
                    0.5480297803878784
                ],
                [
                    -5.8207653974573503e-11,
                    0.9999771118164062,
                    -0.0067755673080682755,
                    -0.02731318771839142
                ],
                [
                    0.0,
                    0.0,
                    0.0,
                    1.0
                ]
            ]
        },
        {
            "file_path": "/data/shapenet_blender/all_50_random/02958343/85952ffb35de9bb951a95aaa6caba1d3/r_34",
            "rotation": 0.12566370614359174,
            "transform_matrix": [
                [
                    -0.8388155102729797,
                    0.08627134561538696,
                    -0.5375368595123291,
                    -2.1668803691864014
                ],
                [
                    -0.5444158315658569,
                    -0.13292363286018372,
                    0.8282166123390198,
                    3.3386478424072266
                ],
                [
                    7.450580596923828e-09,
                    0.9873643517494202,
                    0.1584659218788147,
                    0.6387965679168701
                ],
                [
                    0.0,
                    0.0,
                    0.0,
                    1.0
                ]
            ]
        },
        {
            "file_path": "/data/shapenet_blender/all_50_random/02958343/85952ffb35de9bb951a95aaa6caba1d3/r_35",
            "rotation": 0.12566370614359174,
            "transform_matrix": [
                [
                    -0.0955912321805954,
                    -0.5766649842262268,
                    0.8113691210746765,
                    3.270733594894409
                ],
                [
                    0.9954206943511963,
                    -0.055377718061208725,
                    0.07791658490896225,
                    0.3140918016433716
                ],
                [
                    3.7252898543727042e-09,
                    0.8151017427444458,
                    0.5793178081512451,
                    2.3353047370910645
                ],
                [
                    0.0,
                    0.0,
                    0.0,
                    1.0
                ]
            ]
        },
        {
            "file_path": "/data/shapenet_blender/all_50_random/02958343/85952ffb35de9bb951a95aaa6caba1d3/r_36",
            "rotation": 0.12566370614359174,
            "transform_matrix": [
                [
                    0.5593729019165039,
                    0.0011398510541766882,
                    0.8289152979850769,
                    3.3414645195007324
                ],
                [
                    0.8289161324501038,
                    -0.0007691995124332607,
                    -0.5593723654747009,
                    -2.2549021244049072
                ],
                [
                    5.820766091346741e-11,
                    0.9999990463256836,
                    -0.0013751102378591895,
                    -0.005543246865272522
                ],
                [
                    0.0,
                    0.0,
                    0.0,
                    1.0
                ]
            ]
        },
        {
            "file_path": "/data/shapenet_blender/all_50_random/02958343/85952ffb35de9bb951a95aaa6caba1d3/r_37",
            "rotation": 0.12566370614359174,
            "transform_matrix": [
                [
                    0.2299738973379135,
                    -0.34704962372779846,
                    0.909213125705719,
                    3.6651554107666016
                ],
                [
                    0.973196804523468,
                    0.08201050013303757,
                    -0.21485407650470734,
                    -0.8661044836044312
                ],
                [
                    0.0,
                    0.9342542290687561,
                    0.3566078245639801,
                    1.4375320672988892
                ],
                [
                    0.0,
                    0.0,
                    0.0,
                    1.0
                ]
            ]
        },
        {
            "file_path": "/data/shapenet_blender/all_50_random/02958343/85952ffb35de9bb951a95aaa6caba1d3/r_38",
            "rotation": 0.12566370614359174,
            "transform_matrix": [
                [
                    0.47315043210983276,
                    -0.01893889345228672,
                    -0.8807781338691711,
                    -3.550529718399048
                ],
                [
                    -0.8809816241264343,
                    -0.010171547532081604,
                    -0.4730411469936371,
                    -1.9068896770477295
                ],
                [
                    0.0,
                    0.9997687339782715,
                    -0.02149749919772148,
                    -0.08665917813777924
                ],
                [
                    0.0,
                    0.0,
                    0.0,
                    1.0
                ]
            ]
        },
        {
            "file_path": "/data/shapenet_blender/all_50_random/02958343/85952ffb35de9bb951a95aaa6caba1d3/r_39",
            "rotation": 0.12566370614359174,
            "transform_matrix": [
                [
                    -0.6680543422698975,
                    -0.3241889774799347,
                    0.6697797775268555,
                    2.6999685764312744
                ],
                [
                    0.744112491607666,
                    -0.29105255007743835,
                    0.6013193726539612,
                    2.4239959716796875
                ],
                [
                    0.0,
                    0.9001054763793945,
                    0.4356720447540283,
                    1.7562501430511475
                ],
                [
                    0.0,
                    0.0,
                    0.0,
                    1.0
                ]
            ]
        },
        {
            "file_path": "/data/shapenet_blender/all_50_random/02958343/85952ffb35de9bb951a95aaa6caba1d3/r_40",
            "rotation": 0.12566370614359174,
            "transform_matrix": [
                [
                    -0.21326853334903717,
                    0.43870654702186584,
                    0.8729564547538757,
                    3.5190000534057617
                ],
                [
                    0.9769935607910156,
                    0.09576553851366043,
                    0.19055822491645813,
                    0.7681647539138794
                ],
                [
                    0.0,
                    0.8935129046440125,
                    -0.4490372836589813,
                    -1.8101271390914917
                ],
                [
                    0.0,
                    0.0,
                    0.0,
                    1.0
                ]
            ]
        },
        {
            "file_path": "/data/shapenet_blender/all_50_random/02958343/85952ffb35de9bb951a95aaa6caba1d3/r_41",
            "rotation": 0.12566370614359174,
            "transform_matrix": [
                [
                    0.42677685618400574,
                    -0.009503203444182873,
                    0.9043070673942566,
                    3.645378351211548
                ],
                [
                    0.9043569564819336,
                    0.004484675824642181,
                    -0.42675331234931946,
                    -1.7202975749969482
                ],
                [
