{
    "class": "02958343",
    "model": "ec07cd8db8f2bea851f021b9ed69c58",
    "remove_doubles": true,
    "edge_split": true,
    "denoise": true,
    "camera_angle_x": 0.6911112070083618,
    "scale_factor": 2.3053878902255396,
    "hdri_file": "/data/IndoorHDRDataset2018/9C4A1984-9309a49031.exr",
    "center_offset": [
        0.0,
        -2.7939677238464355e-09,
        0.0
    ],
    "lights": [],
    "frames": [
        {
            "file_path": "/data/shapenet_blender/all_50_random/02958343/ec07cd8db8f2bea851f021b9ed69c58/r_0",
            "rotation": 0.12566370614359174,
            "transform_matrix": [
                [
                    0.15585480630397797,
                    -0.07887671142816544,
                    0.9846256375312805,
                    3.9691531658172607
                ],
                [
                    0.9877800345420837,
                    0.01244539674371481,
                    -0.15535707771778107,
                    -0.6262644529342651
                ],
                [
                    -9.313225746154785e-10,
                    0.9968066811561584,
                    0.07985250651836395,
                    0.3218957781791687
                ],
                [
                    0.0,
                    0.0,
                    0.0,
                    1.0
                ]
            ]
        },
        {
            "file_path": "/data/shapenet_blender/all_50_random/02958343/ec07cd8db8f2bea851f021b9ed69c58/r_1",
            "rotation": 0.12566370614359174,
            "transform_matrix": [
                [
                    -0.6213685870170593,
                    0.7326779365539551,
                    0.27764004468917847,
                    1.119202971458435
                ],
                [
                    0.7835183143615723,
                    0.5810496807098389,
                    0.22018222510814667,
                    0.8875830173492432
                ],
                [
                    -1.4901160305669237e-08,
                    0.35435038805007935,
                    -0.9351126551628113,
                    -3.769559860229492
                ],
                [
                    0.0,
                    0.0,
                    0.0,
                    1.0
                ]
            ]
        },
        {
            "file_path": "/data/shapenet_blender/all_50_random/02958343/ec07cd8db8f2bea851f021b9ed69c58/r_2",
            "rotation": 0.12566370614359174,
            "transform_matrix": [
                [
                    -0.37231752276420593,
                    0.3567814826965332,
                    -0.8567885160446167,
                    -3.453824996948242
                ],
                [
                    -0.9281054139137268,
                    -0.143125981092453,
                    0.3437081575393677,
                    1.3855319023132324
                ],
                [
                    7.450580596923828e-09,
                    0.923158586025238,
                    0.38441914319992065,
                    1.5496431589126587
                ],
                [
                    0.0,
                    0.0,
                    0.0,
                    1.0
                ]
            ]
        },
        {
            "file_path": "/data/shapenet_blender/all_50_random/02958343/ec07cd8db8f2bea851f021b9ed69c58/r_3",
            "rotation": 0.12566370614359174,
            "transform_matrix": [
                [
                    -0.1583346426486969,
                    0.21979479491710663,
                    -0.9626111388206482,
                    -3.8804099559783936
                ],
                [
                    -0.9873855113983154,
                    -0.035245735198259354,
                    0.15436187386512756,
                    0.6222527027130127
                ],
                [
                    0.0,
                    0.974909245967865,
                    0.22260278463363647,
                    0.8973405957221985
                ],
                [
                    0.0,
                    0.0,
                    0.0,
                    1.0
                ]
            ]
        },
        {
            "file_path": "/data/shapenet_blender/all_50_random/02958343/ec07cd8db8f2bea851f021b9ed69c58/r_4",
            "rotation": 0.12566370614359174,
            "transform_matrix": [
                [
                    0.7823523283004761,
                    -0.19973331689834595,
                    -0.5899419784545898,
                    -2.3781321048736572
                ],
                [
                    -0.6228362321853638,
                    -0.25088751316070557,
                    -0.7410334348678589,
                    -2.98720121383667
                ],
                [
                    -1.4901162970204496e-08,
                    0.9471863508224487,
                    -0.3206835687160492,
                    -1.2927168607711792
                ],
                [
                    0.0,
                    0.0,
                    0.0,
                    1.0
                ]
            ]
        },
        {
            "file_path": "/data/shapenet_blender/all_50_random/02958343/ec07cd8db8f2bea851f021b9ed69c58/r_5",
            "rotation": 0.12566370614359174,
            "transform_matrix": [
                [
                    0.7859805822372437,
                    -0.1286199986934662,
                    0.6047241687774658,
                    2.4377212524414062
                ],
                [
                    0.6182511448860168,
                    0.1635141521692276,
                    -0.7687838077545166,
                    -3.099066972732544
                ],
                [
                    7.450580596923828e-09,
                    0.9781206846237183,
                    0.20803838968276978,
                    0.8386296033859253
                ],
                [
                    0.0,
                    0.0,
                    0.0,
                    1.0
                ]
            ]
        },
        {
            "file_path": "/data/shapenet_blender/all_50_random/02958343/ec07cd8db8f2bea851f021b9ed69c58/r_6",
            "rotation": 0.12566370614359174,
            "transform_matrix": [
                [
                    -0.6074758172035217,
                    0.633681058883667,
                    -0.4789794981479645,
                    -1.9308282136917114
                ],
                [
                    -0.7943382263183594,
                    -0.4846121370792389,
                    0.3663029968738556,
                    1.4766147136688232
                ],
                [
                    0.0,
                    0.6029919385910034,
                    0.7977471947669983,
                    3.2158219814300537
                ],
                [
                    0.0,
                    0.0,
                    0.0,
                    1.0
                ]
            ]
        },
        {
            "file_path": "/data/shapenet_blender/all_50_random/02958343/ec07cd8db8f2bea851f021b9ed69c58/r_7",
            "rotation": 0.12566370614359174,
            "transform_matrix": [
                [
                    0.960911214351654,
                    0.11323676258325577,
                    0.2526399791240692,
                    1.0184242725372314
                ],
                [
                    0.2768564820289612,
                    -0.39302119612693787,
                    -0.8768607378005981,
                    -3.534738779067993
                ],
                [
                    0.0,
                    0.9125303626060486,
                    -0.40900886058807373,
                    -1.6487674713134766
                ],
                [
                    0.0,
                    0.0,
                    0.0,
                    1.0
                ]
            ]
        },
        {
            "file_path": "/data/shapenet_blender/all_50_random/02958343/ec07cd8db8f2bea851f021b9ed69c58/r_8",
            "rotation": 0.12566370614359174,
            "transform_matrix": [
                [
                    -0.5415911674499512,
                    -0.38982683420181274,
                    0.7447912096977234,
                    3.002349376678467
                ],
                [
                    0.8406419157981873,
                    -0.2511494755744934,
                    0.4798385202884674,
                    1.934290885925293
                ],
                [
                    -1.4901160305669237e-08,
                    0.8859790563583374,
                    0.46372517943382263,
                    1.8693360090255737
                ],
                [
                    0.0,
                    0.0,
                    0.0,
                    1.0
                ]
            ]
        },
        {
            "file_path": "/data/shapenet_blender/all_50_random/02958343/ec07cd8db8f2bea851f021b9ed69c58/r_9",
            "rotation": 0.12566370614359174,
            "transform_matrix": [
                [
                    -0.6813672780990601,
                    -0.00849844142794609,
                    -0.7318923473358154,
                    -2.950352430343628
                ],
                [
                    -0.7319416403770447,
                    0.007911231368780136,
                    0.681321382522583,
                    2.7464942932128906
                ],
                [
                    0.0,
                    0.9999326467514038,
                    -0.011610816232860088,
                    -0.04680469632148743
                ],
                [
                    0.0,
                    0.0,
                    0.0,
                    1.0
                ]
            ]
        },
        {
            "file_path": "/data/shapenet_blender/all_50_random/02958343/ec07cd8db8f2bea851f021b9ed69c58/r_10",
            "rotation": 0.12566370614359174,
            "transform_matrix": [
                [
                    -0.9999967813491821,
                    0.0010421003680676222,
                    0.002304693451151252,
                    0.009290516376495361
                ],
                [
                    0.002529344754293561,
                    0.4120027720928192,
                    0.9111790657043457,
                    3.6730802059173584
                ],
                [
                    -5.8207657444020455e-11,
                    0.9111819863319397,
                    -0.4120040833950043,
                    -1.6608415842056274
                ],
                [
                    0.0,
                    0.0,
                    0.0,
                    1.0
                ]
            ]
        },
        {
            "file_path": "/data/shapenet_blender/all_50_random/02958343/ec07cd8db8f2bea851f021b9ed69c58/r_11",
            "rotation": 0.12566370614359174,
            "transform_matrix": [
                [
                    -0.002464663004502654,
                    -0.8804464340209961,
                    0.47413912415504456,
                    1.91131591796875
                ],
                [
                    0.9999969601631165,
                    -0.0021700102370232344,
                    0.0011685966746881604,
                    0.004710763692855835
                ],
                [
                    0.0,
                    0.47414055466651917,
                    0.880449116230011,
                    3.549203872680664
                ],
                [
                    0.0,
                    0.0,
                    0.0,
                    1.0
                ]
            ]
        },
        {
            "file_path": "/data/shapenet_blender/all_50_random/02958343/ec07cd8db8f2bea851f021b9ed69c58/r_12",
            "rotation": 0.12566370614359174,
            "transform_matrix": [
                [
                    0.690616250038147,
                    0.24590471386909485,
                    0.6801323890686035,
                    2.741701364517212
                ],
                [
                    0.7232214212417603,
                    -0.2348185032606125,
                    -0.6494697332382202,
                    -2.618096351623535
                ],
                [
                    0.0,
                    0.9404206275939941,
                    -0.3400130271911621,
                    -1.3706363439559937
                ],
                [
                    0.0,
                    0.0,
                    0.0,
                    1.0
                ]
            ]
        },
        {
            "file_path": "/data/shapenet_blender/all_50_random/02958343/ec07cd8db8f2bea851f021b9ed69c58/r_13",
            "rotation": 0.12566370614359174,
            "transform_matrix": [
                [
                    -0.5434338450431824,
                    -0.7134265899658203,
                    -0.4423823952674866,
                    -1.783300518989563
                ],
                [
                    -0.8394520878791809,
                    0.46184906363487244,
                    0.28638389706611633,
                    1.1544504165649414
                ],
                [
                    0.0,
                    0.5269893407821655,
                    -0.8498717546463013,
                    -3.4259426593780518
                ],
                [
                    0.0,
                    0.0,
                    0.0,
                    1.0
                ]
            ]
        },
        {
            "file_path": "/data/shapenet_blender/all_50_random/02958343/ec07cd8db8f2bea851f021b9ed69c58/r_14",
            "rotation": 0.12566370614359174,
            "transform_matrix": [
                [
                    -0.7906851768493652,
                    0.3988535702228546,
                    -0.4644705057144165,
                    -1.8723405599594116
                ],
                [
                    -0.6122230887413025,
                    -0.5151187181472778,
                    0.5998628735542297,
                    2.4181249141693115
                ],
                [
                    -1.4901162970204496e-08,
                    0.7586621642112732,
                    0.6514840722084045,
                    2.6262166500091553
                ],
                [
                    0.0,
                    0.0,
                    0.0,
                    1.0
                ]
            ]
        },
        {
            "file_path": "/data/shapenet_blender/all_50_random/02958343/ec07cd8db8f2bea851f021b9ed69c58/r_15",
            "rotation": 0.12566370614359174,
            "transform_matrix": [
                [
                    -0.2982463240623474,
                    -0.006359569262713194,
                    -0.9544676542282104,
                    -3.8475825786590576
                ],
                [
                    -0.9544888734817505,
                    0.001987155992537737,
                    0.29823970794677734,
                    1.2022428512573242
                ],
                [
                    1.164153010102531e-10,
                    0.9999778866767883,
                    -0.006662799045443535,
                    -0.026858605444431305
                ],
                [
                    0.0,
                    0.0,
                    0.0,
                    1.0
                ]
            ]
        },
        {
            "file_path": "/data/shapenet_blender/all_50_random/02958343/ec07cd8db8f2bea851f021b9ed69c58/r_16",
            "rotation": 0.12566370614359174,
            "transform_matrix": [
                [
                    -0.25900697708129883,
                    0.5702579021453857,
                    0.7795647978782654,
                    3.142526388168335
                ],
                [
                    0.965875506401062,
                    0.15291905403137207,
                    0.20904630422592163,
                    0.8426926732063293
                ],
                [
                    -7.450580596923828e-09,
                    0.8071069121360779,
                    -0.5904051661491394,
                    -2.3799996376037598
                ],
                [
                    0.0,
                    0.0,
                    0.0,
                    1.0
                ]
            ]
        },
        {
            "file_path": "/data/shapenet_blender/all_50_random/02958343/ec07cd8db8f2bea851f021b9ed69c58/r_17",
            "rotation": 0.12566370614359174,
            "transform_matrix": [
                [
                    0.844488263130188,
                    -0.013405809178948402,
                    0.5354061722755432,
                    2.1582915782928467
                ],
                [
                    0.5355740189552307,
                    0.021138157695531845,
                    -0.8442236185073853,
                    -3.40317440032959
                ],
                [
                    0.0,
                    0.999686598777771,
                    0.025030730292201042,
                    0.10090211033821106
                ],
                [
                    0.0,
                    0.0,
                    0.0,
                    1.0
                ]
            ]
        },
        {
            "file_path": "/data/shapenet_blender/all_50_random/02958343/ec07cd8db8f2bea851f021b9ed69c58/r_18",
            "rotation": 0.12566370614359174,
            "transform_matrix": [
                [
                    -0.5049183368682861,
                    0.6343451738357544,
                    -0.5853748321533203,
                    -2.3597214221954346
                ],
                [
                    -0.8631672263145447,
                    -0.3710665702819824,
                    0.34242087602615356,
                    1.380342721939087
                ],
                [
                    0.0,
                    0.6781708598136902,
                    0.7349042296409607,
                    2.962493658065796
                ],
                [
                    0.0,
                    0.0,
                    0.0,
                    1.0
                ]
            ]
        },
        {
            "file_path": "/data/shapenet_blender/all_50_random/02958343/ec07cd8db8f2bea851f021b9ed69c58/r_19",
            "rotation": 0.12566370614359174,
            "transform_matrix": [
                [
                    -0.21718306839466095,
                    -0.06794960796833038,
                    -0.9737629890441895,
                    -3.9253640174865723
                ],
                [
                    -0.9761309623718262,
                    0.015118365176022053,
                    0.21665620803833008,
                    0.873369038105011
                ],
                [
                    -9.31322685637781e-10,
                    0.9975740313529968,
                    -0.06961116939783096,
                    -0.2806116044521332
                ],
                [
                    0.0,
                    0.0,
                    0.0,
                    1.0
                ]
            ]
        },
        {
            "file_path": "/data/shapenet_blender/all_50_random/02958343/ec07cd8db8f2bea851f021b9ed69c58/r_20",
            "rotation": 0.12566370614359174,
            "transform_matrix": [
                [
                    0.7567414045333862,
                    0.4592791795730591,
                    -0.4651935398578644,
                    -1.8752551078796387
                ],
                [
                    -0.6537144184112549,
                    0.5316627621650696,
                    -0.53850919008255,
                    -2.170799970626831
                ],
                [
                    1.4901161193847656e-08,
                    0.7116159200668335,
                    0.7025687098503113,
                    2.8321449756622314
                ],
                [
                    0.0,
                    0.0,
                    0.0,
                    1.0
                ]
            ]
        },
        {
            "file_path": "/data/shapenet_blender/all_50_random/02958343/ec07cd8db8f2bea851f021b9ed69c58/r_21",
            "rotation": 0.12566370614359174,
            "transform_matrix": [
                [
                    -0.6972636580467224,
                    0.48972848057746887,
                    0.5234400629997253,
                    2.1100544929504395
                ],
                [
                    0.7168148159980774,
                    0.47637104988098145,
                    0.5091631412506104,
                    2.052502155303955
                ],
                [
                    0.0,
                    0.7302305102348328,
                    -0.6832008361816406,
                    -2.75407075881958
                ],
                [
                    0.0,
                    0.0,
                    0.0,
                    1.0
                ]
            ]
        },
        {
            "file_path": "/data/shapenet_blender/all_50_random/02958343/ec07cd8db8f2bea851f021b9ed69c58/r_22",
            "rotation": 0.12566370614359174,
            "transform_matrix": [
                [
                    0.16205494105815887,
                    -0.15644517540931702,
                    -0.9743013381958008,
                    -3.9275341033935547
                ],
                [
                    -0.9867817163467407,
                    -0.025692319497466087,
                    -0.1600053310394287,
                    -0.6450021266937256
                ],
                [
                    3.7252898543727042e-09,
                    0.9873524308204651,
                    -0.15854080021381378,
                    -0.6390984058380127
                ],
                [
                    0.0,
                    0.0,
                    0.0,
                    1.0
                ]
            ]
        },
        {
            "file_path": "/data/shapenet_blender/all_50_random/02958343/ec07cd8db8f2bea851f021b9ed69c58/r_23",
            "rotation": 0.12566370614359174,
            "transform_matrix": [
                [
                    0.7916330695152283,
                    -0.2416492998600006,
                    -0.5611796975135803,
                    -2.262187957763672
                ],
                [
                    -0.6109968423843384,
                    -0.3130909502506256,
                    -0.7270879149436951,
                    -2.930985450744629
                ],
                [
                    0.0,
                    0.9184659719467163,
                    -0.3955000638961792,
                    -1.5943118333816528
                ],
                [
                    0.0,
                    0.0,
                    0.0,
                    1.0
                ]
            ]
        },
        {
            "file_path": "/data/shapenet_blender/all_50_random/02958343/ec07cd8db8f2bea851f021b9ed69c58/r_24",
            "rotation": 0.12566370614359174,
            "transform_matrix": [
                [
                    -0.8572141528129578,
                    -0.22764529287815094,
                    0.4619107246398926,
                    1.8620216846466064
                ],
                [
                    0.5149601101875305,
                    -0.37894344329833984,
                    0.7689069509506226,
                    3.0995631217956543
                ],
                [
                    -1.4901161193847656e-08,
                    0.8969835638999939,
                    0.4420638978481293,
                    1.7820165157318115
                ],
                [
                    0.0,
                    0.0,
                    0.0,
                    1.0
                ]
            ]
        },
        {
            "file_path": "/data/shapenet_blender/all_50_random/02958343/ec07cd8db8f2bea851f021b9ed69c58/r_25",
            "rotation": 0.12566370614359174,
            "transform_matrix": [
                [
                    0.9997696876525879,
                    -0.019740786403417587,
                    0.008427717722952366,
                    0.03397321701049805
                ],
                [
                    0.021464506164193153,
                    0.9194825291633606,
                    -0.39254462718963623,
                    -1.5823980569839478
                ],
                [
                    4.656612873077393e-10,
                    0.3926350474357605,
                    0.9196943640708923,
                    3.707406520843506
                ],
                [
                    0.0,
                    0.0,
                    0.0,
                    1.0
                ]
            ]
        },
        {
            "file_path": "/data/shapenet_blender/all_50_random/02958343/ec07cd8db8f2bea851f021b9ed69c58/r_26",
            "rotation": 0.12566370614359174,
            "transform_matrix": [
                [
                    0.9999688863754272,
                    -0.0007445915834978223,
                    0.007854852825403214,
                    0.0316639244556427
                ],
                [
                    0.00789006520062685,
                    0.09436783194541931,
                    -0.9955061078071594,
                    -4.0130133628845215
                ],
                [
                    0.0,
                    0.9955370426177979,
                    0.0943707749247551,
                    0.3804207742214203
                ],
                [
                    0.0,
                    0.0,
                    0.0,
                    1.0
                ]
            ]
        },
        {
            "file_path": "/data/shapenet_blender/all_50_random/02958343/ec07cd8db8f2bea851f021b9ed69c58/r_27",
            "rotation": 0.12566370614359174,
            "transform_matrix": [
                [
                    0.16268615424633026,
                    0.47331663966178894,
                    -0.8657392263412476,
                    -3.4899067878723145
                ],
                [
                    -0.9866779446601868,
                    0.07804173976182938,
                    -0.14274545013904572,
                    -0.575425386428833
                ],
                [
                    0.0,
                    0.8774285316467285,
                    0.4797073304653168,
                    1.9337621927261353
                ],
                [
                    0.0,
                    0.0,
                    0.0,
                    1.0
                ]
            ]
        },
        {
            "file_path": "/data/shapenet_blender/all_50_random/02958343/ec07cd8db8f2bea851f021b9ed69c58/r_28",
            "rotation": 0.12566370614359174,
            "transform_matrix": [
                [
                    -0.8426847457885742,
                    -0.26425254344940186,
                    -0.4690980911254883,
                    -1.890994906425476
                ],
                [
                    -0.5384073257446289,
                    0.4135931730270386,
                    0.7342058420181274,
                    2.9596784114837646
                ],
                [
                    1.4901161193847656e-08,
                    0.8712698817253113,
                    -0.49080416560173035,
                    -1.9784948825836182
                ],
                [
                    0.0,
                    0.0,
                    0.0,
                    1.0
                ]
            ]
        },
        {
            "file_path": "/data/shapenet_blender/all_50_random/02958343/ec07cd8db8f2bea851f021b9ed69c58/r_29",
            "rotation": 0.12566370614359174,
            "transform_matrix": [
                [
                    0.3245448172092438,
                    0.5890414714813232,
                    -0.7400680780410767,
                    -2.983309745788574
                ],
                [
                    -0.9458703398704529,
                    0.20211055874824524,
                    -0.2539304494857788,
                    -1.0236263275146484
                ],
                [
                    1.4901160305669237e-08,
                    0.7824202179908752,
                    0.6227508187294006,
                    2.5103888511657715
                ],
                [
                    0.0,
                    0.0,
                    0.0,
                    1.0
                ]
            ]
        },
        {
            "file_path": "/data/shapenet_blender/all_50_random/02958343/ec07cd8db8f2bea851f021b9ed69c58/r_30",
            "rotation": 0.12566370614359174,
            "transform_matrix": [
                [
                    -0.9999598264694214,
                    0.0006013491074554622,
                    0.008951692841947079,
                    0.036085426807403564
                ],
                [
                    0.008971869014203548,
                    0.0670233741402626,
                    0.9977110624313354,
                    4.021901607513428
                ],
                [
                    -5.820766091346741e-11,
                    0.9977512359619141,
                    -0.0670260637998581,
                    -0.2701907157897949
                ],
                [
                    0.0,
                    0.0,
                    0.0,
                    1.0
                ]
            ]
        },
        {
            "file_path": "/data/shapenet_blender/all_50_random/02958343/ec07cd8db8f2bea851f021b9ed69c58/r_31",
            "rotation": 0.12566370614359174,
            "transform_matrix": [
                [
                    -0.008850599639117718,
                    -0.09967450797557831,
                    -0.9949807524681091,
                    -4.010895729064941
                ],
                [
                    -0.9999608397483826,
                    0.0008822137024253607,
                    0.008806521072983742,
                    0.03550022095441818
                ],
                [
                    0.0,
                    0.9950197339057922,
                    -0.0996784120798111,
                    -0.4018165171146393
                ],
                [
                    0.0,
                    0.0,
                    0.0,
                    1.0
                ]
            ]
        },
        {
            "file_path": "/data/shapenet_blender/all_50_random/02958343/ec07cd8db8f2bea851f021b9ed69c58/r_32",
            "rotation": 0.12566370614359174,
            "transform_matrix": [
                [
                    -0.9831721782684326,
                    -0.06231411173939705,
                    -0.1717253178358078,
                    -0.6922469139099121
                ],
                [
                    -0.18268179893493652,
                    0.3353672921657562,
                    0.9242056608200073,
                    3.7255921363830566
                ],
                [
                    0.0,
                    0.9400242567062378,
                    -0.34110742807388306,
                    -1.375048041343689
                ],
                [
                    0.0,
                    0.0,
                    0.0,
                    1.0
                ]
            ]
        },
        {
            "file_path": "/data/shapenet_blender/all_50_random/02958343/ec07cd8db8f2bea851f021b9ed69c58/r_33",
            "rotation": 0.12566370614359174,
            "transform_matrix": [
                [
                    -0.7953070998191833,
                    -0.3289121091365814,
                    -0.5092183947563171,
                    -2.052725315093994
                ],
                [
                    -0.6062067151069641,
                    0.43151310086250305,
                    0.6680641770362854,
                    2.6930530071258545
                ],
                [
                    1.4901161193847656e-08,
                    0.8400077223777771,
                    -0.5425741672515869,
                    -2.1871867179870605
                ],
                [
                    0.0,
                    0.0,
                    0.0,
                    1.0
                ]
            ]
        },
        {
            "file_path": "/data/shapenet_blender/all_50_random/02958343/ec07cd8db8f2bea851f021b9ed69c58/r_34",
            "rotation": 0.12566370614359174,
            "transform_matrix": [
                [
                    0.3935527503490448,
                    -0.7916612029075623,
                    0.4673205614089966,
                    1.8838294744491577
                ],
                [
                    0.9193020462989807,
                    0.338909775018692,
                    -0.2000596970319748,
                    -0.8064664602279663
                ],
                [
                    0.0,
                    0.5083427429199219,
                    0.8611547946929932,
                    3.471426010131836
                ],
                [
                    0.0,
                    0.0,
                    0.0,
                    1.0
                ]
            ]
        },
        {
            "file_path": "/data/shapenet_blender/all_50_random/02958343/ec07cd8db8f2bea851f021b9ed69c58/r_35",
            "rotation": 0.12566370614359174,
            "transform_matrix": [
                [
                    -0.4447615146636963,
                    0.2704600989818573,
                    0.8538375496864319,
                    3.441929340362549
                ],
                [
                    0.8956490755081177,
                    0.13430510461330414,
                    0.42399874329566956,
                    1.7091935873031616
                ],
                [
                    0.0,
                    0.9533171057701111,
                    -0.30197104811668396,
                    -1.2172842025756836
                ],
                [
                    0.0,
                    0.0,
                    0.0,
                    1.0
                ]
            ]
        },
        {
            "file_path": "/data/shapenet_blender/all_50_random/02958343/ec07cd8db8f2bea851f021b9ed69c58/r_36",
            "rotation": 0.12566370614359174,
            "transform_matrix": [
                [
                    -0.7595056295394897,
                    0.44027242064476013,
                    0.4788645803928375,
                    1.9303650856018066
                ],
                [
                    0.6505006551742554,
                    0.5140491724014282,
                    0.559108316898346,
                    2.253838062286377
                ],
                [
                    1.4901161193847656e-08,
                    0.7361476421356201,
                    -0.6768207550048828,
                    -2.7283520698547363
                ],
                [
                    0.0,
                    0.0,
                    0.0,
                    1.0
                ]
            ]
        },
        {
            "file_path": "/data/shapenet_blender/all_50_random/02958343/ec07cd8db8f2bea851f021b9ed69c58/r_37",
            "rotation": 0.12566370614359174,
            "transform_matrix": [
                [
                    0.8912261724472046,
                    0.006755054462701082,
                    0.4535089135169983,
                    1.8281528949737549
                ],
                [
                    0.4535592198371887,
                    -0.013273418880999088,
                    -0.8911272883415222,
                    -3.5922489166259766
                ],
                [
                    4.656612873077393e-10,
                    0.9998890161514282,
                    -0.014893436804413795,
                    -0.060037363320589066
                ],
                [
                    0.0,
                    0.0,
                    0.0,
                    1.0
                ]
            ]
        },
        {
            "file_path": "/data/shapenet_blender/all_50_random/02958343/ec07cd8db8f2bea851f021b9ed69c58/r_38",
            "rotation": 0.12566370614359174,
            "transform_matrix": [
                [
                    -0.3289572298526764,
                    0.840786874294281,
                    0.4299587309360504,
                    1.7332191467285156
                ],
                [
                    0.9443449378013611,
                    0.29288336634635925,
                    0.1497737020254135,
                    0.6037571430206299
                ],
                [
                    0.0,
                    0.45529839396476746,
                    -0.8903388381004333,
                    -3.5890707969665527
                ],
                [
                    0.0,
                    0.0,
                    0.0,
                    1.0
                ]
            ]
        },
        {
            "file_path": "/data/shapenet_blender/all_50_random/02958343/ec07cd8db8f2bea851f021b9ed69c58/r_39",
            "rotation": 0.12566370614359174,
            "transform_matrix": [
                [
                    0.0014994301600381732,
                    -0.3554159998893738,
                    0.9347070455551147,
                    3.7679245471954346
                ],
                [
                    0.999998927116394,
                    0.0005329219857230783,
                    -0.0014015292981639504,
                    -0.005649745464324951
                ],
                [
                    0.0,
                    0.9347079992294312,
                    0.3554163873195648,
                    1.4327292442321777
                ],
                [
                    0.0,
                    0.0,
                    0.0,
                    1.0
                ]
            ]
        },
        {
            "file_path": "/data/shapenet_blender/all_50_random/02958343/ec07cd8db8f2bea851f021b9ed69c58/r_40",
            "rotation": 0.12566370614359174,
            "transform_matrix": [
                [
                    0.18600599467754364,
                    0.24081119894981384,
                    0.952581524848938,
                    3.8399791717529297
                ],
                [
                    0.9825485944747925,
                    -0.04558790102601051,
                    -0.1803329437971115,
                    -0.7269454002380371
                ],
                [
                    0.0,
                    0.969500720500946,
                    -0.2450883388519287,
                    -0.9879827499389648
                ],
                [
                    0.0,
                    0.0,
                    0.0,
                    1.0
                ]
            ]
        },
        {
            "file_path": "/data/shapenet_blender/all_50_random/02958343/ec07cd8db8f2bea851f021b9ed69c58/r_41",
            "rotation": 0.12566370614359174,
            "transform_matrix": [
                [
                    -0.3704019784927368,
                    -0.003029571147635579,
                    -0.9288665652275085,
                    -3.7443811893463135
                ],
                [
                    -0.9288715720176697,
                    0.001208088593557477,
                    0.37039998173713684,
                    1.4931302070617676
                ],
                [
