{
    "class": "02958343",
    "model": "6333b9c777384ad14362be10a3fc8255",
    "remove_doubles": true,
    "edge_split": true,
    "denoise": true,
    "camera_angle_x": 0.6911112070083618,
    "scale_factor": 2.2460403288705844,
    "hdri_file": "/data/IndoorHDRDataset2018/AG8A8029-ec477a261d.exr",
    "center_offset": [
        0.0,
        0.0,
        0.0
    ],
    "lights": [],
    "frames": [
        {
            "file_path": "/data/shapenet_blender/all_50_random/02958343/6333b9c777384ad14362be10a3fc8255/r_0",
            "rotation": 0.12566370614359174,
            "transform_matrix": [
                [
                    0.7642651796340942,
                    -0.6444374918937683,
                    0.024471614509820938,
                    0.09864823520183563
                ],
                [
                    0.6449019312858582,
                    0.7637148499488831,
                    -0.029001004993915558,
                    -0.1169067919254303
                ],
                [
                    -1.8626450382086546e-09,
                    0.037946537137031555,
                    0.9992797374725342,
                    4.028225421905518
                ],
                [
                    0.0,
                    0.0,
                    0.0,
                    1.0
                ]
            ]
        },
        {
            "file_path": "/data/shapenet_blender/all_50_random/02958343/6333b9c777384ad14362be10a3fc8255/r_1",
            "rotation": 0.12566370614359174,
            "transform_matrix": [
                [
                    0.8570178151130676,
                    -0.07867361605167389,
                    -0.5092455744743347,
                    -2.0528345108032227
                ],
                [
                    -0.515286922454834,
                    -0.13084882497787476,
                    -0.8469699025154114,
                    -3.4142448902130127
                ],
                [
                    0.0,
                    0.9882758259773254,
                    -0.1526792347431183,
                    -0.6154696941375732
                ],
                [
                    0.0,
                    0.0,
                    0.0,
                    1.0
                ]
            ]
        },
        {
            "file_path": "/data/shapenet_blender/all_50_random/02958343/6333b9c777384ad14362be10a3fc8255/r_2",
            "rotation": 0.12566370614359174,
            "transform_matrix": [
                [
                    -0.9366361498832703,
                    0.2970643937587738,
                    -0.18564915657043457,
                    -0.7483757138252258
                ],
                [
                    -0.3503040075302124,
                    -0.7942850589752197,
                    0.4963851571083069,
                    2.0009925365448
                ],
                [
                    0.0,
                    0.5299656987190247,
                    0.848019003868103,
                    3.418473958969116
                ],
                [
                    0.0,
                    0.0,
                    0.0,
                    1.0
                ]
            ]
        },
        {
            "file_path": "/data/shapenet_blender/all_50_random/02958343/6333b9c777384ad14362be10a3fc8255/r_3",
            "rotation": 0.12566370614359174,
            "transform_matrix": [
                [
                    -0.9794828295707703,
                    -0.19923926889896393,
                    0.030283035710453987,
                    0.12207482755184174
                ],
                [
                    0.20152756571769714,
                    -0.9683611392974854,
                    0.14718440175056458,
                    0.5933193564414978
                ],
                [
                    1.862645371275562e-09,
                    0.15026752650737762,
                    0.9886452555656433,
                    3.9853568077087402
                ],
                [
                    0.0,
                    0.0,
                    0.0,
                    1.0
                ]
            ]
        },
        {
            "file_path": "/data/shapenet_blender/all_50_random/02958343/6333b9c777384ad14362be10a3fc8255/r_4",
            "rotation": 0.12566370614359174,
            "transform_matrix": [
                [
                    0.9867242574691772,
                    -0.1336291879415512,
                    -0.09229640662670135,
                    -0.3720587193965912
                ],
                [
                    -0.16240501403808594,
                    -0.8118909597396851,
                    -0.5607653260231018,
                    -2.2605173587799072
                ],
                [
                    0.0,
                    0.568310022354126,
                    -0.822814404964447,
                    -3.316870927810669
                ],
                [
                    0.0,
                    0.0,
                    0.0,
                    1.0
                ]
            ]
        },
        {
            "file_path": "/data/shapenet_blender/all_50_random/02958343/6333b9c777384ad14362be10a3fc8255/r_5",
            "rotation": 0.12566370614359174,
            "transform_matrix": [
                [
                    -0.7693889141082764,
                    0.33717310428619385,
                    0.5425450205802917,
                    2.1870689392089844
                ],
                [
                    0.6387807130813599,
                    0.4061130881309509,
                    0.653476357460022,
                    2.6342475414276123
                ],
                [
                    1.4901162970204496e-08,
                    0.8493446707725525,
                    -0.5278385281562805,
                    -2.1277852058410645
                ],
                [
                    0.0,
                    0.0,
                    0.0,
                    1.0
                ]
            ]
        },
        {
            "file_path": "/data/shapenet_blender/all_50_random/02958343/6333b9c777384ad14362be10a3fc8255/r_6",
            "rotation": 0.12566370614359174,
            "transform_matrix": [
                [
                    0.46907392144203186,
                    0.3684545159339905,
                    -0.8026275038719177,
                    -3.235495090484619
                ],
                [
                    -0.8831589818000793,
                    0.19569796323776245,
                    -0.42630109190940857,
                    -1.7184747457504272
                ],
                [
                    0.0,
                    0.9088144302368164,
                    0.41720062494277954,
                    1.6817896366119385
                ],
                [
                    0.0,
                    0.0,
                    0.0,
                    1.0
                ]
            ]
        },
        {
            "file_path": "/data/shapenet_blender/all_50_random/02958343/6333b9c777384ad14362be10a3fc8255/r_7",
            "rotation": 0.12566370614359174,
            "transform_matrix": [
                [
                    0.9739166498184204,
                    -0.023559674620628357,
                    0.22567975521087646,
                    0.9097442030906677
                ],
                [
                    0.2269061803817749,
                    0.10112179070711136,
                    -0.9686526656150818,
                    -3.904763698577881
                ],
                [
                    0.0,
                    0.9945949912071228,
                    0.10383003205060959,
                    0.4185522496700287
                ],
                [
                    0.0,
                    0.0,
                    0.0,
                    1.0
                ]
            ]
        },
        {
            "file_path": "/data/shapenet_blender/all_50_random/02958343/6333b9c777384ad14362be10a3fc8255/r_8",
            "rotation": 0.12566370614359174,
            "transform_matrix": [
                [
                    0.9546639323234558,
                    0.24362269043922424,
                    0.17106957733631134,
                    0.6896035075187683
                ],
                [
                    0.29768574237823486,
                    -0.7812862992286682,
                    -0.5486119389533997,
                    -2.2115254402160645
                ],
                [
                    0.0,
                    0.5746649503707886,
                    -0.8183887004852295,
                    -3.299030303955078
                ],
                [
                    0.0,
                    0.0,
                    0.0,
                    1.0
                ]
            ]
        },
        {
            "file_path": "/data/shapenet_blender/all_50_random/02958343/6333b9c777384ad14362be10a3fc8255/r_9",
            "rotation": 0.12566370614359174,
            "transform_matrix": [
                [
                    0.46256422996520996,
                    0.8349903225898743,
                    -0.2980360984802246,
                    -1.2014219760894775
                ],
                [
                    -0.8865857124328613,
                    0.43564504384994507,
                    -0.15549634397029877,
                    -0.6268258094787598
                ],
                [
                    0.0,
                    0.33616143465042114,
                    0.9418043494224548,
                    3.796534776687622
                ],
                [
                    0.0,
                    0.0,
                    0.0,
                    1.0
                ]
            ]
        },
        {
            "file_path": "/data/shapenet_blender/all_50_random/02958343/6333b9c777384ad14362be10a3fc8255/r_10",
            "rotation": 0.12566370614359174,
            "transform_matrix": [
                [
                    -0.14980337023735046,
                    -0.2591857314109802,
                    -0.954139232635498,
                    -3.8462581634521484
                ],
                [
                    -0.9887158274650574,
                    0.03927002474665642,
                    0.14456456899642944,
                    0.5827584266662598
                ],
                [
                    -3.725290742551124e-09,
                    0.965028703212738,
                    -0.2621438503265381,
                    -1.056735634803772
                ],
                [
                    0.0,
                    0.0,
                    0.0,
                    1.0
                ]
            ]
        },
        {
            "file_path": "/data/shapenet_blender/all_50_random/02958343/6333b9c777384ad14362be10a3fc8255/r_11",
            "rotation": 0.12566370614359174,
            "transform_matrix": [
                [
                    -0.933443009853363,
                    0.3059288263320923,
                    -0.18732747435569763,
                    -0.7551412582397461
                ],
                [
                    -0.35872557759284973,
                    -0.7960601449012756,
                    0.48744648694992065,
                    1.964959740638733
                ],
                [
                    -1.4901160305669237e-08,
                    0.522202730178833,
                    0.8528212904930115,
                    3.437832832336426
                ],
                [
                    0.0,
                    0.0,
                    0.0,
                    1.0
                ]
            ]
        },
        {
            "file_path": "/data/shapenet_blender/all_50_random/02958343/6333b9c777384ad14362be10a3fc8255/r_12",
            "rotation": 0.12566370614359174,
            "transform_matrix": [
                [
                    -0.01685902662575245,
                    -0.11025725305080414,
                    0.9937601089477539,
                    4.005975246429443
                ],
                [
                    0.9998579621315002,
                    -0.0018590937834233046,
                    0.01675620675086975,
                    0.06754642724990845
                ],
                [
                    -1.1641533570472262e-10,
                    0.9939013123512268,
                    0.11027292162179947,
                    0.4445243775844574
                ],
                [
                    0.0,
                    0.0,
                    0.0,
                    1.0
                ]
            ]
        },
        {
            "file_path": "/data/shapenet_blender/all_50_random/02958343/6333b9c777384ad14362be10a3fc8255/r_13",
            "rotation": 0.12566370614359174,
            "transform_matrix": [
                [
                    -0.9097416996955872,
                    -0.06658361107110977,
                    -0.4098009467124939,
                    -1.6519606113433838
                ],
                [
                    -0.4151749610900879,
                    0.14589965343475342,
                    0.8979660272598267,
                    3.619817018508911
                ],
                [
                    -3.725290742551124e-09,
                    0.9870561361312866,
                    -0.16037482023239136,
                    -0.6464916467666626
                ],
                [
                    0.0,
                    0.0,
                    0.0,
                    1.0
                ]
            ]
        },
        {
            "file_path": "/data/shapenet_blender/all_50_random/02958343/6333b9c777384ad14362be10a3fc8255/r_14",
            "rotation": 0.12566370614359174,
            "transform_matrix": [
                [
                    -0.9712839722633362,
                    -0.029141725972294807,
                    0.23613204061985016,
                    0.9518787264823914
                ],
                [
                    0.2379234880208969,
                    -0.11896636337041855,
                    0.9639706611633301,
                    3.885890007019043
                ],
                [
                    0.0,
                    0.9924704432487488,
                    0.12248361855745316,
                    0.4937472641468048
                ],
                [
                    0.0,
                    0.0,
                    0.0,
                    1.0
                ]
            ]
        },
        {
            "file_path": "/data/shapenet_blender/all_50_random/02958343/6333b9c777384ad14362be10a3fc8255/r_15",
            "rotation": 0.12566370614359174,
            "transform_matrix": [
                [
                    -0.7261053323745728,
                    0.6676742434501648,
                    -0.16426263749599457,
                    -0.6621638536453247
                ],
                [
                    -0.6875835061073303,
                    -0.7050806879997253,
                    0.17346546053886414,
                    0.6992616653442383
                ],
                [
                    7.450580596923828e-09,
                    0.2388983964920044,
                    0.9710445404052734,
                    3.9144058227539062
                ],
                [
                    0.0,
                    0.0,
                    0.0,
                    1.0
                ]
            ]
        },
        {
            "file_path": "/data/shapenet_blender/all_50_random/02958343/6333b9c777384ad14362be10a3fc8255/r_16",
            "rotation": 0.12566370614359174,
            "transform_matrix": [
                [
                    -0.5303053259849548,
                    0.8371366858482361,
                    0.13408371806144714,
                    0.5405088067054749
                ],
                [
                    0.8478068113327026,
                    0.5236311554908752,
                    0.08386971801519394,
                    0.3380896747112274
                ],
                [
                    7.450581485102248e-09,
                    0.1581534743309021,
                    -0.9874144196510315,
                    -3.9803950786590576
                ],
                [
                    0.0,
                    0.0,
                    0.0,
                    1.0
                ]
            ]
        },
        {
            "file_path": "/data/shapenet_blender/all_50_random/02958343/6333b9c777384ad14362be10a3fc8255/r_17",
            "rotation": 0.12566370614359174,
            "transform_matrix": [
                [
                    0.4546431005001068,
                    0.04791177436709404,
                    -0.8893840312957764,
                    -3.585222005844116
                ],
                [
                    -0.8906737565994263,
                    0.02445649355649948,
                    -0.4539847671985626,
                    -1.830071210861206
                ],
                [
                    -1.862645149230957e-09,
                    0.9985522031784058,
                    0.05379272252321243,
                    0.21684542298316956
                ],
                [
                    0.0,
                    0.0,
                    0.0,
                    1.0
                ]
            ]
        },
        {
            "file_path": "/data/shapenet_blender/all_50_random/02958343/6333b9c777384ad14362be10a3fc8255/r_18",
            "rotation": 0.12566370614359174,
            "transform_matrix": [
                [
                    -0.8652235865592957,
                    -0.009009357541799545,
                    0.5013054609298706,
                    2.020827054977417
                ],
                [
                    0.5013864636421204,
                    -0.015547106973826885,
                    0.8650837540626526,
                    3.4872641563415527
                ],
                [
                    9.31322685637781e-10,
                    0.9998385906219482,
                    0.017968889325857162,
                    0.0724349096417427
                ],
                [
                    0.0,
                    0.0,
                    0.0,
                    1.0
                ]
            ]
        },
        {
            "file_path": "/data/shapenet_blender/all_50_random/02958343/6333b9c777384ad14362be10a3fc8255/r_19",
            "rotation": 0.12566370614359174,
            "transform_matrix": [
                [
                    0.9764382839202881,
                    0.0022448180243372917,
                    -0.2157852053642273,
                    -0.8698580265045166
                ],
                [
                    -0.21579690277576447,
                    0.010157356970012188,
                    -0.9763853549957275,
                    -3.9359354972839355
                ],
                [
                    0.0,
                    0.9999459385871887,
                    0.010402454994618893,
                    0.04193364083766937
                ],
                [
                    0.0,
                    0.0,
                    0.0,
                    1.0
                ]
            ]
        },
        {
            "file_path": "/data/shapenet_blender/all_50_random/02958343/6333b9c777384ad14362be10a3fc8255/r_20",
            "rotation": 0.12566370614359174,
            "transform_matrix": [
                [
                    -0.6779201030731201,
                    0.3574313819408417,
                    -0.6423917412757874,
                    -2.5895638465881348
                ],
                [
                    -0.735135555267334,
                    -0.3296125531196594,
                    0.5923944711685181,
                    2.3880186080932617
                ],
                [
                    -1.4901161193847656e-08,
                    0.8738411068916321,
                    0.48621150851249695,
                    1.9599813222885132
                ],
                [
                    0.0,
                    0.0,
                    0.0,
                    1.0
                ]
            ]
        },
        {
            "file_path": "/data/shapenet_blender/all_50_random/02958343/6333b9c777384ad14362be10a3fc8255/r_21",
            "rotation": 0.12566370614359174,
            "transform_matrix": [
                [
                    -0.1716165840625763,
                    -0.029307685792446136,
                    -0.9847277998924255,
                    -3.96956467628479
                ],
                [
                    -0.9851638674736023,
                    0.005105429328978062,
                    0.17154061794281006,
                    0.6915023326873779
                ],
                [
                    -4.656612873077393e-10,
                    0.9995574355125427,
                    -0.02974904514849186,
                    -0.11992223560810089
                ],
                [
                    0.0,
                    0.0,
                    0.0,
                    1.0
                ]
            ]
        },
        {
            "file_path": "/data/shapenet_blender/all_50_random/02958343/6333b9c777384ad14362be10a3fc8255/r_22",
            "rotation": 0.12566370614359174,
            "transform_matrix": [
                [
                    0.4251452088356018,
                    0.327046275138855,
                    0.8439740538597107,
                    3.4021682739257812
                ],
                [
                    0.9051251411437988,
                    -0.1536165028810501,
                    -0.39642199873924255,
                    -1.5980281829833984
                ],
                [
                    1.4901161193847656e-08,
                    0.9324390888214111,
                    -0.3613271415233612,
                    -1.4565563201904297
                ],
                [
                    0.0,
                    0.0,
                    0.0,
                    1.0
                ]
            ]
        },
        {
            "file_path": "/data/shapenet_blender/all_50_random/02958343/6333b9c777384ad14362be10a3fc8255/r_23",
            "rotation": 0.12566370614359174,
            "transform_matrix": [
                [
                    0.9861652851104736,
                    0.0005044372519478202,
                    -0.1657644808292389,
                    -0.6682180762290955
                ],
                [
                    -0.16576527059078217,
                    0.003000981640070677,
                    -0.9861605763435364,
                    -3.9753406047821045
                ],
                [
                    0.0,
                    0.9999953508377075,
                    0.003043081611394882,
                    0.012267054989933968
                ],
                [
                    0.0,
                    0.0,
                    0.0,
                    1.0
                ]
            ]
        },
        {
            "file_path": "/data/shapenet_blender/all_50_random/02958343/6333b9c777384ad14362be10a3fc8255/r_24",
            "rotation": 0.12566370614359174,
            "transform_matrix": [
                [
                    -0.8868685960769653,
                    -0.31962060928344727,
                    -0.3336264491081238,
                    -1.3448913097381592
                ],
                [
                    -0.4620216190814972,
                    0.6135242581367493,
                    0.6404090523719788,
                    2.5815718173980713
                ],
                [
                    -1.4901161193847656e-08,
                    0.7221013307571411,
                    -0.69178706407547,
                    -2.7886831760406494
                ],
                [
                    0.0,
                    0.0,
                    0.0,
                    1.0
                ]
            ]
        },
        {
            "file_path": "/data/shapenet_blender/all_50_random/02958343/6333b9c777384ad14362be10a3fc8255/r_25",
            "rotation": 0.12566370614359174,
            "transform_matrix": [
                [
                    0.826314389705658,
                    -0.01966756023466587,
                    0.5628654360771179,
                    2.2689833641052246
                ],
                [
                    0.5632089376449585,
                    0.028855346143245697,
                    -0.8258104920387268,
                    -3.328948736190796
                ],
                [
                    0.0,
                    0.999390184879303,
                    0.034920528531074524,
                    0.14076916873455048
                ],
                [
                    0.0,
                    0.0,
                    0.0,
                    1.0
                ]
            ]
        },
        {
            "file_path": "/data/shapenet_blender/all_50_random/02958343/6333b9c777384ad14362be10a3fc8255/r_26",
            "rotation": 0.12566370614359174,
            "transform_matrix": [
                [
                    -0.49301838874816895,
                    -0.3693769872188568,
                    -0.7877141237258911,
                    -3.175377130508423
                ],
                [
                    -0.8700189590454102,
                    0.20931686460971832,
                    0.44637826085090637,
                    1.7994083166122437
                ],
                [
                    0.0,
                    0.9053989052772522,
                    -0.424562007188797,
                    -1.7114641666412354
                ],
                [
                    0.0,
                    0.0,
                    0.0,
                    1.0
                ]
            ]
        },
        {
            "file_path": "/data/shapenet_blender/all_50_random/02958343/6333b9c777384ad14362be10a3fc8255/r_27",
            "rotation": 0.12566370614359174,
            "transform_matrix": [
                [
                    0.5724277496337891,
                    0.12986047565937042,
                    0.8096065521240234,
                    3.2636282444000244
                ],
                [
                    0.8199551105499268,
                    -0.09065830707550049,
                    -0.5652031302452087,
                    -2.2784066200256348
                ],
                [
                    7.4505792646561986e-09,
                    0.9873790740966797,
                    -0.1583751142024994,
                    -0.6384304761886597
                ],
                [
                    0.0,
                    0.0,
                    0.0,
                    1.0
                ]
            ]
        },
        {
            "file_path": "/data/shapenet_blender/all_50_random/02958343/6333b9c777384ad14362be10a3fc8255/r_28",
            "rotation": 0.12566370614359174,
            "transform_matrix": [
                [
                    0.6062411069869995,
                    0.5606166124343872,
                    -0.5640749931335449,
                    -2.2738590240478516
                ],
                [
                    -0.7952808737754822,
                    0.4273569881916046,
                    -0.42999333143234253,
                    -1.73335862159729
                ],
                [
                    -2.9802322387695312e-08,
                    0.7092776298522949,
                    0.7049291133880615,
                    2.841660261154175
                ],
                [
                    0.0,
                    0.0,
                    0.0,
                    1.0
                ]
            ]
        },
        {
            "file_path": "/data/shapenet_blender/all_50_random/02958343/6333b9c777384ad14362be10a3fc8255/r_29",
            "rotation": 0.12566370614359174,
            "transform_matrix": [
                [
                    0.5193713903427124,
                    -0.7876328825950623,
                    0.33149343729019165,
                    1.3362927436828613
                ],
                [
                    0.8545486927032471,
                    0.47870180010795593,
                    -0.2014726847410202,
                    -0.8121623992919922
                ],
                [
                    1.4901161193847656e-08,
                    0.3879162669181824,
                    0.9216945767402649,
                    3.7154695987701416
                ],
                [
                    0.0,
                    0.0,
                    0.0,
                    1.0
                ]
            ]
        },
        {
            "file_path": "/data/shapenet_blender/all_50_random/02958343/6333b9c777384ad14362be10a3fc8255/r_30",
            "rotation": 0.12566370614359174,
            "transform_matrix": [
                [
                    0.8781988620758057,
                    0.11961502581834793,
                    0.4630972146987915,
                    1.866804599761963
                ],
                [
                    0.4782957136631012,
                    -0.21962517499923706,
                    -0.8502928614616394,
                    -3.427640199661255
                ],
                [
                    7.450580596923828e-09,
                    0.9682236909866333,
                    -0.25008589029312134,
                    -1.0081285238265991
                ],
                [
                    0.0,
                    0.0,
                    0.0,
                    1.0
                ]
            ]
        },
        {
            "file_path": "/data/shapenet_blender/all_50_random/02958343/6333b9c777384ad14362be10a3fc8255/r_31",
            "rotation": 0.12566370614359174,
            "transform_matrix": [
                [
                    -0.0675286129117012,
                    0.05392058193683624,
                    -0.9962591528892517,
                    -4.016049385070801
                ],
                [
                    -0.9977173209190369,
                    -0.0036495134700089693,
                    0.06742992252111435,
                    0.27181875705718994
                ],
                [
                    -4.656612873077393e-10,
                    0.9985384941101074,
                    0.05404394865036011,
                    0.21785813570022583
                ],
                [
                    0.0,
                    0.0,
                    0.0,
                    1.0
                ]
            ]
        },
        {
            "file_path": "/data/shapenet_blender/all_50_random/02958343/6333b9c777384ad14362be10a3fc8255/r_32",
            "rotation": 0.12566370614359174,
            "transform_matrix": [
                [
                    0.07897201180458069,
                    0.3251228630542755,
                    0.9423685669898987,
                    3.798809289932251
                ],
                [
                    0.9968768954277039,
                    -0.025756048038601875,
                    -0.07465390115976334,
                    -0.30093950033187866
                ],
                [
                    0.0,
                    0.9453210234642029,
                    -0.32614144682884216,
                    -1.314718246459961
                ],
                [
                    0.0,
                    0.0,
                    0.0,
                    1.0
                ]
            ]
        },
        {
            "file_path": "/data/shapenet_blender/all_50_random/02958343/6333b9c777384ad14362be10a3fc8255/r_33",
            "rotation": 0.12566370614359174,
            "transform_matrix": [
                [
                    -0.7223007082939148,
                    0.01395716518163681,
                    -0.6914382576942444,
                    -2.7872767448425293
                ],
                [
                    -0.6915791034698486,
                    -0.014577175490558147,
                    0.7221536040306091,
                    2.9110941886901855
                ],
                [
                    0.0,
                    0.9997962713241577,
                    0.02018158882856369,
                    0.08135458827018738
                ],
                [
                    0.0,
                    0.0,
                    0.0,
                    1.0
                ]
            ]
        },
        {
            "file_path": "/data/shapenet_blender/all_50_random/02958343/6333b9c777384ad14362be10a3fc8255/r_34",
            "rotation": 0.12566370614359174,
            "transform_matrix": [
                [
                    0.1932787150144577,
                    0.20962479710578918,
                    -0.9584888815879822,
                    -3.8637917041778564
                ],
                [
                    -0.9811438918113708,
                    0.04129466414451599,
                    -0.18881581723690033,
                    -0.7611408233642578
                ],
                [
                    0.0,
                    0.9769093990325928,
                    0.21365350484848022,
                    0.861264705657959
                ],
                [
                    0.0,
                    0.0,
                    0.0,
                    1.0
                ]
            ]
        },
        {
            "file_path": "/data/shapenet_blender/all_50_random/02958343/6333b9c777384ad14362be10a3fc8255/r_35",
            "rotation": 0.12566370614359174,
            "transform_matrix": [
                [
                    -0.7857445478439331,
                    0.09515134245157242,
                    -0.6111888885498047,
                    -2.4637811183929443
                ],
                [
                    -0.6185512542724609,
                    -0.12087056785821915,
                    0.7763921022415161,
                    3.1297366619110107
                ],
                [
                    7.450581485102248e-09,
                    0.9880973100662231,
                    0.15382938086986542,
                    0.620106041431427
                ],
                [
                    0.0,
                    0.0,
                    0.0,
                    1.0
                ]
            ]
        },
        {
            "file_path": "/data/shapenet_blender/all_50_random/02958343/6333b9c777384ad14362be10a3fc8255/r_36",
            "rotation": 0.12566370614359174,
            "transform_matrix": [
                [
                    0.15764132142066956,
                    0.19810998439788818,
                    -0.9674200415611267,
                    -3.8997950553894043
                ],
                [
                    -0.9874964356422424,
                    0.03162575513124466,
                    -0.1544363796710968,
                    -0.6225529909133911
                ],
                [
                    0.0,
                    0.979669451713562,
                    0.2006184160709381,
                    0.808718740940094
                ],
                [
                    0.0,
                    0.0,
                    0.0,
                    1.0
                ]
            ]
        },
        {
            "file_path": "/data/shapenet_blender/all_50_random/02958343/6333b9c777384ad14362be10a3fc8255/r_37",
            "rotation": 0.12566370614359174,
            "transform_matrix": [
                [
                    0.9278375506401062,
                    -0.011608613654971123,
                    0.3728039562702179,
                    1.5028209686279297
                ],
                [
                    0.37298470735549927,
                    0.028877612203359604,
                    -0.9273878931999207,
                    -3.7384204864501953
                ],
                [
                    0.0,
                    0.9995154738426208,
                    0.031123565509915352,
                    0.1254631131887436
                ],
                [
                    0.0,
                    0.0,
                    0.0,
                    1.0
                ]
            ]
        },
        {
            "file_path": "/data/shapenet_blender/all_50_random/02958343/6333b9c777384ad14362be10a3fc8255/r_38",
            "rotation": 0.12566370614359174,
            "transform_matrix": [
                [
                    0.024393778294324875,
                    0.09612544625997543,
                    -0.9950702786445618,
                    -4.011256217956543
                ],
                [
                    -0.9997024536132812,
                    0.0023455608170479536,
                    -0.024280747398734093,
                    -0.09787881374359131
                ],
                [
                    0.0,
                    0.9953663349151611,
                    0.09615407139062881,
                    0.38760942220687866
                ],
                [
                    0.0,
                    0.0,
                    0.0,
                    1.0
                ]
            ]
        },
        {
            "file_path": "/data/shapenet_blender/all_50_random/02958343/6333b9c777384ad14362be10a3fc8255/r_39",
            "rotation": 0.12566370614359174,
            "transform_matrix": [
                [
                    -0.6653063893318176,
                    -0.12505298852920532,
                    -0.7360225319862366,
                    -2.9670016765594482
                ],
                [
                    -0.7465704679489136,
                    0.1114409938454628,
                    0.655906617641449,
                    2.6440441608428955
                ],
                [
                    0.0,
                    0.9858713746070862,
                    -0.16750329732894897,
                    -0.6752274036407471
                ],
                [
                    0.0,
                    0.0,
                    0.0,
                    1.0
                ]
            ]
        },
        {
            "file_path": "/data/shapenet_blender/all_50_random/02958343/6333b9c777384ad14362be10a3fc8255/r_40",
            "rotation": 0.12566370614359174,
            "transform_matrix": [
                [
                    -0.044515177607536316,
                    0.05036228150129318,
                    -0.9977384209632874,
                    -4.022012233734131
                ],
                [
                    -0.9990087747573853,
                    -0.0022441104520112276,
                    0.04445857182145119,
                    0.17921823263168335
                ],
                [
                    0.0,
                    0.9987285137176514,
                    0.05041225254535675,
                    0.20321829617023468
                ],
                [
                    0.0,
                    0.0,
                    0.0,
                    1.0
                ]
            ]
        },
        {
            "file_path": "/data/shapenet_blender/all_50_random/02958343/6333b9c777384ad14362be10a3fc8255/r_41",
            "rotation": 0.12566370614359174,
            "transform_matrix": [
                [
                    0.025831805542111397,
                    -0.5445955991744995,
                    0.838300883769989,
                    3.3792989253997803
                ],
                [
                    0.9996662735939026,
                    0.014072583988308907,
                    -0.02166205458343029,
                    -0.08732253313064575
