{
    "class": "02958343",
    "model": "bac6953b6866ec02300856337cd5b2e",
    "remove_doubles": true,
    "edge_split": true,
    "denoise": true,
    "camera_angle_x": 0.6911112070083618,
    "scale_factor": 2.3078751356170417,
    "hdri_file": "/data/IndoorHDRDataset2018/9C4A0221-feaaa06d6f.exr",
    "center_offset": [
        0.0,
        -3.725290298461914e-09,
        0.0
    ],
    "lights": [],
    "frames": [
        {
            "file_path": "/data/shapenet_blender/all_50_random/02958343/bac6953b6866ec02300856337cd5b2e/r_0",
            "rotation": 0.12566370614359174,
            "transform_matrix": [
                [
                    -0.18941695988178253,
                    0.48176810145378113,
                    -0.8555821180343628,
                    -3.4489614963531494
                ],
                [
                    -0.981896698474884,
                    -0.09293753653764725,
                    0.1650497168302536,
                    0.6653366088867188
                ],
                [
                    -7.450580152834618e-09,
                    0.8713564276695251,
                    0.4906505346298218,
                    1.9778753519058228
                ],
                [
                    0.0,
                    0.0,
                    0.0,
                    1.0
                ]
            ]
        },
        {
            "file_path": "/data/shapenet_blender/all_50_random/02958343/bac6953b6866ec02300856337cd5b2e/r_1",
            "rotation": 0.12566370614359174,
            "transform_matrix": [
                [
                    -0.995273768901825,
                    0.015232772566378117,
                    -0.0959072858095169,
                    -0.3866146206855774
                ],
                [
                    -0.09710945188999176,
                    -0.15612052381038666,
                    0.9829527735710144,
                    3.962409257888794
                ],
                [
                    0.0,
                    0.9876205921173096,
                    0.15686190128326416,
                    0.6323305368423462
                ],
                [
                    0.0,
                    0.0,
                    0.0,
                    1.0
                ]
            ]
        },
        {
            "file_path": "/data/shapenet_blender/all_50_random/02958343/bac6953b6866ec02300856337cd5b2e/r_2",
            "rotation": 0.12566370614359174,
            "transform_matrix": [
                [
                    0.3964799642562866,
                    -0.7632474303245544,
                    -0.5101539492607117,
                    -2.0564963817596436
                ],
                [
                    -0.918043315410614,
                    -0.32962748408317566,
                    -0.22032272815704346,
                    -0.8881493210792542
                ],
                [
                    -1.4901160305669237e-08,
                    0.5556970238685608,
                    -0.8313848972320557,
                    -3.351419687271118
                ],
                [
                    0.0,
                    0.0,
                    0.0,
                    1.0
                ]
            ]
        },
        {
            "file_path": "/data/shapenet_blender/all_50_random/02958343/bac6953b6866ec02300856337cd5b2e/r_3",
            "rotation": 0.12566370614359174,
            "transform_matrix": [
                [
                    0.7297012805938721,
                    0.4838491380214691,
                    -0.48314177989959717,
                    -1.9476068019866943
                ],
                [
                    -0.6837659478187561,
                    0.5163540840148926,
                    -0.5155991911888123,
                    -2.078446865081787
                ],
                [
                    0.0,
                    0.70658940076828,
                    0.7076237797737122,
                    2.852522611618042
                ],
                [
                    0.0,
                    0.0,
                    0.0,
                    1.0
                ]
            ]
        },
        {
            "file_path": "/data/shapenet_blender/all_50_random/02958343/bac6953b6866ec02300856337cd5b2e/r_4",
            "rotation": 0.12566370614359174,
            "transform_matrix": [
                [
                    -0.996955156326294,
                    0.04846145957708359,
                    -0.0610896535217762,
                    -0.24626027047634125
                ],
                [
                    -0.07797729969024658,
                    -0.6195893287658691,
                    0.7810432314872742,
                    3.1484858989715576
                ],
                [
                    -3.725290298461914e-09,
                    0.7834285497665405,
                    0.621481716632843,
                    2.50527286529541
                ],
                [
                    0.0,
                    0.0,
                    0.0,
                    1.0
                ]
            ]
        },
        {
            "file_path": "/data/shapenet_blender/all_50_random/02958343/bac6953b6866ec02300856337cd5b2e/r_5",
            "rotation": 0.12566370614359174,
            "transform_matrix": [
                [
                    -0.8702490329742432,
                    0.042871467769145966,
                    -0.49074310064315796,
                    -1.9782488346099854
                ],
                [
                    -0.49261224269866943,
                    -0.07573676109313965,
                    0.8669469952583313,
                    3.4947752952575684
                ],
                [
                    -3.725290742551124e-09,
                    0.996205747127533,
                    0.08702883869409561,
                    0.3508245050907135
                ],
                [
                    0.0,
                    0.0,
                    0.0,
                    1.0
                ]
            ]
        },
        {
            "file_path": "/data/shapenet_blender/all_50_random/02958343/bac6953b6866ec02300856337cd5b2e/r_6",
            "rotation": 0.12566370614359174,
            "transform_matrix": [
                [
                    -0.29832807183265686,
                    0.3672563433647156,
                    -0.8809784650802612,
                    -3.551337957382202
                ],
                [
                    -0.9544634819030762,
                    -0.11479001492261887,
                    0.27535951137542725,
                    1.110009789466858
                ],
                [
                    0.0,
                    0.9230091571807861,
                    0.38477781414985657,
                    1.5510890483856201
                ],
                [
                    0.0,
                    0.0,
                    0.0,
                    1.0
                ]
            ]
        },
        {
            "file_path": "/data/shapenet_blender/all_50_random/02958343/bac6953b6866ec02300856337cd5b2e/r_7",
            "rotation": 0.12566370614359174,
            "transform_matrix": [
                [
                    0.40525370836257935,
                    0.485973060131073,
                    0.7743381857872009,
                    3.121457099914551
                ],
                [
                    0.9142042994499207,
                    -0.21542489528656006,
                    -0.3432530462741852,
                    -1.383697271347046
                ],
                [
                    -1.4901161193847656e-08,
                    0.8470077514648438,
                    -0.53158038854599,
                    -2.142868995666504
                ],
                [
                    0.0,
                    0.0,
                    0.0,
                    1.0
                ]
            ]
        },
        {
            "file_path": "/data/shapenet_blender/all_50_random/02958343/bac6953b6866ec02300856337cd5b2e/r_8",
            "rotation": 0.12566370614359174,
            "transform_matrix": [
                [
                    -0.253741979598999,
                    -0.48071473836898804,
                    0.8393619060516357,
                    3.383575677871704
                ],
                [
                    0.9672719240188599,
                    -0.1261046677827835,
                    0.22018766403198242,
                    0.8876047730445862
                ],
                [
                    7.450580596923828e-09,
                    0.8677619099617004,
                    0.4969799518585205,
                    2.003390073776245
                ],
                [
                    0.0,
                    0.0,
                    0.0,
                    1.0
                ]
            ]
        },
        {
            "file_path": "/data/shapenet_blender/all_50_random/02958343/bac6953b6866ec02300856337cd5b2e/r_9",
            "rotation": 0.12566370614359174,
            "transform_matrix": [
                [
                    0.696918785572052,
                    0.3126162886619568,
                    -0.6454263925552368,
                    -2.601797103881836
                ],
                [
                    -0.7171500325202942,
                    0.30379718542099,
                    -0.62721848487854,
                    -2.5283985137939453
                ],
                [
                    1.4901162970204496e-08,
                    0.8999877572059631,
                    0.4359148144721985,
                    1.7572288513183594
                ],
                [
                    0.0,
                    0.0,
                    0.0,
                    1.0
                ]
            ]
        },
        {
            "file_path": "/data/shapenet_blender/all_50_random/02958343/bac6953b6866ec02300856337cd5b2e/r_10",
            "rotation": 0.12566370614359174,
            "transform_matrix": [
                [
                    0.9277886748313904,
                    0.12773799896240234,
                    -0.35055840015411377,
                    -1.4131461381912231
                ],
                [
                    -0.37310612201690674,
                    0.31764116883277893,
                    -0.8717200756072998,
                    -3.5140159130096436
                ],
                [
                    0.0,
                    0.9395673871040344,
                    0.34236374497413635,
                    1.3801124095916748
                ],
                [
                    0.0,
                    0.0,
                    0.0,
                    1.0
                ]
            ]
        },
        {
            "file_path": "/data/shapenet_blender/all_50_random/02958343/bac6953b6866ec02300856337cd5b2e/r_11",
            "rotation": 0.12566370614359174,
            "transform_matrix": [
                [
                    0.9281041026115417,
                    0.1092047169804573,
                    0.35594552755355835,
                    1.4348623752593994
                ],
                [
                    0.3723209798336029,
                    -0.27222034335136414,
                    -0.8872841596603394,
                    -3.5767569541931152
                ],
                [
                    7.450580596923828e-09,
                    0.9560180306434631,
                    -0.29330798983573914,
                    -1.1823623180389404
                ],
                [
                    0.0,
                    0.0,
                    0.0,
                    1.0
                ]
            ]
        },
        {
            "file_path": "/data/shapenet_blender/all_50_random/02958343/bac6953b6866ec02300856337cd5b2e/r_12",
            "rotation": 0.12566370614359174,
            "transform_matrix": [
                [
                    -0.7196289896965027,
                    -0.04839316010475159,
                    0.6926704049110413,
                    2.792243719100952
                ],
                [
                    0.6943588256835938,
                    -0.05015435814857483,
                    0.7178791165351868,
                    2.8938632011413574
                ],
                [
                    0.0,
                    0.9975683689117432,
                    0.06969474256038666,
                    0.2809484899044037
                ],
                [
                    0.0,
                    0.0,
                    0.0,
                    1.0
                ]
            ]
        },
        {
            "file_path": "/data/shapenet_blender/all_50_random/02958343/bac6953b6866ec02300856337cd5b2e/r_13",
            "rotation": 0.12566370614359174,
            "transform_matrix": [
                [
                    0.6982742547988892,
                    0.1056719571352005,
                    -0.7079876065254211,
                    -2.853989362716675
                ],
                [
                    -0.7158303260803223,
                    0.10308030247688293,
                    -0.6906238794326782,
                    -2.78399395942688
                ],
                [
                    0.0,
                    0.9890438914299011,
                    0.1476215124130249,
                    0.5950813293457031
                ],
                [
                    0.0,
                    0.0,
                    0.0,
                    1.0
                ]
            ]
        },
        {
            "file_path": "/data/shapenet_blender/all_50_random/02958343/bac6953b6866ec02300856337cd5b2e/r_14",
            "rotation": 0.12566370614359174,
            "transform_matrix": [
                [
                    0.979939877986908,
                    0.10918048024177551,
                    -0.1667252480983734,
                    -0.6720909476280212
                ],
                [
                    -0.19929294288158417,
                    0.5368494391441345,
                    -0.8198018074035645,
                    -3.3047266006469727
                ],
                [
                    7.4505792646561986e-09,
                    0.8365837335586548,
                    0.5478391051292419,
                    2.2084100246429443
                ],
                [
                    0.0,
                    0.0,
                    0.0,
                    1.0
                ]
            ]
        },
        {
            "file_path": "/data/shapenet_blender/all_50_random/02958343/bac6953b6866ec02300856337cd5b2e/r_15",
            "rotation": 0.12566370614359174,
            "transform_matrix": [
                [
                    0.9988083243370056,
                    0.015424922108650208,
                    0.04630520939826965,
                    0.18666228652000427
                ],
                [
                    0.04880677908658981,
                    -0.3156639635562897,
                    -0.9476149082183838,
                    -3.819958209991455
                ],
                [
                    9.31322685637781e-10,
                    0.948745608329773,
                    -0.316040575504303,
                    -1.2740004062652588
                ],
                [
                    0.0,
                    0.0,
                    0.0,
                    1.0
                ]
            ]
        },
        {
            "file_path": "/data/shapenet_blender/all_50_random/02958343/bac6953b6866ec02300856337cd5b2e/r_16",
            "rotation": 0.12566370614359174,
            "transform_matrix": [
                [
                    0.9802953600883484,
                    0.05481480434536934,
                    0.18977995216846466,
                    0.7650275230407715
                ],
                [
                    0.1975376009941101,
                    -0.27202263474464417,
                    -0.9417974352836609,
                    -3.7965071201324463
                ],
                [
                    0.0,
                    0.9607283473014832,
                    -0.2774904668331146,
                    -1.1186000108718872
                ],
                [
                    0.0,
                    0.0,
                    0.0,
                    1.0
                ]
            ]
        },
        {
            "file_path": "/data/shapenet_blender/all_50_random/02958343/bac6953b6866ec02300856337cd5b2e/r_17",
            "rotation": 0.12566370614359174,
            "transform_matrix": [
                [
                    0.29640379548072815,
                    -0.23692741990089417,
                    -0.9252082705497742,
                    -3.729633331298828
                ],
                [
                    -0.955062747001648,
                    -0.07353043556213379,
                    -0.2871384620666504,
                    -1.1574920415878296
                ],
                [
                    0.0,
                    0.9687407612800598,
                    -0.24807526171207428,
                    -1.0000232458114624
                ],
                [
                    0.0,
                    0.0,
                    0.0,
                    1.0
                ]
            ]
        },
        {
            "file_path": "/data/shapenet_blender/all_50_random/02958343/bac6953b6866ec02300856337cd5b2e/r_18",
            "rotation": 0.12566370614359174,
            "transform_matrix": [
                [
                    -0.998727560043335,
                    0.016184531152248383,
                    -0.04776456952095032,
                    -0.19254516065120697
                ],
                [
                    -0.05043207108974457,
                    -0.3205091059207916,
                    0.9459018707275391,
                    3.8130526542663574
                ],
                [
                    -1.862645371275562e-09,
                    0.9471071362495422,
                    0.32091742753982544,
                    1.2936596870422363
                ],
                [
                    0.0,
                    0.0,
                    0.0,
                    1.0
                ]
            ]
        },
        {
            "file_path": "/data/shapenet_blender/all_50_random/02958343/bac6953b6866ec02300856337cd5b2e/r_19",
            "rotation": 0.12566370614359174,
            "transform_matrix": [
                [
                    -0.8080427050590515,
                    0.2383267879486084,
                    -0.5387646555900574,
                    -2.1718297004699707
                ],
                [
                    -0.5891239643096924,
                    -0.32688912749290466,
                    0.7389698624610901,
                    2.9788827896118164
                ],
                [
                    0.0,
                    0.9145182967185974,
                    0.4045444130897522,
                    1.6307706832885742
                ],
                [
                    0.0,
                    0.0,
                    0.0,
                    1.0
                ]
            ]
        },
        {
            "file_path": "/data/shapenet_blender/all_50_random/02958343/bac6953b6866ec02300856337cd5b2e/r_20",
            "rotation": 0.12566370614359174,
            "transform_matrix": [
                [
                    -0.8310396075248718,
                    0.053151145577430725,
                    -0.5536679029464722,
                    -2.2319066524505615
                ],
                [
                    -0.5562133193016052,
                    -0.07941325753927231,
                    0.827236533164978,
                    3.3346972465515137
                ],
                [
                    -3.725290742551124e-09,
                    0.9954237341880798,
                    0.09555893391370773,
                    0.38521039485931396
                ],
                [
                    0.0,
                    0.0,
                    0.0,
                    1.0
                ]
            ]
        },
        {
            "file_path": "/data/shapenet_blender/all_50_random/02958343/bac6953b6866ec02300856337cd5b2e/r_21",
            "rotation": 0.12566370614359174,
            "transform_matrix": [
                [
                    -0.9803749322891235,
                    0.010979860089719296,
                    0.19683632254600525,
                    0.7934726476669312
                ],
                [
                    0.1971423476934433,
                    0.054602064192295074,
                    0.9788531064987183,
                    3.945883274078369
                ],
                [
                    9.313225746154785e-10,
                    0.9984477758407593,
                    -0.05569508671760559,
                    -0.22451409697532654
                ],
                [
                    0.0,
                    0.0,
                    0.0,
                    1.0
                ]
            ]
        },
        {
            "file_path": "/data/shapenet_blender/all_50_random/02958343/bac6953b6866ec02300856337cd5b2e/r_22",
            "rotation": 0.12566370614359174,
            "transform_matrix": [
                [
                    0.9501142501831055,
                    -0.15055504441261292,
                    0.273159384727478,
                    1.1011407375335693
                ],
                [
                    0.3119020164012909,
                    0.45861998200416565,
                    -0.8320966362953186,
                    -3.3542888164520264
                ],
                [
                    -1.4901161193847656e-08,
                    0.8757858276367188,
                    0.4826998710632324,
                    1.945825457572937
                ],
                [
                    0.0,
                    0.0,
                    0.0,
                    1.0
                ]
            ]
        },
        {
            "file_path": "/data/shapenet_blender/all_50_random/02958343/bac6953b6866ec02300856337cd5b2e/r_23",
            "rotation": 0.12566370614359174,
            "transform_matrix": [
                [
                    -0.3714246451854706,
                    -0.7829294800758362,
                    0.4990641474723816,
                    2.011791944503784
                ],
                [
                    0.9284631609916687,
                    -0.3132050037384033,
                    0.19964681565761566,
                    0.8048020601272583
                ],
                [
                    0.0,
                    0.5375164747238159,
                    0.8432532548904419,
                    3.3992626667022705
                ],
                [
                    0.0,
                    0.0,
                    0.0,
                    1.0
                ]
            ]
        },
        {
            "file_path": "/data/shapenet_blender/all_50_random/02958343/bac6953b6866ec02300856337cd5b2e/r_24",
            "rotation": 0.12566370614359174,
            "transform_matrix": [
                [
                    0.13651849329471588,
                    -0.021400902420282364,
                    -0.9904062151908875,
                    -3.99245548248291
                ],
                [
                    -0.9906375408172607,
                    -0.002949231304228306,
                    -0.13648661971092224,
                    -0.5501952171325684
                ],
                [
                    0.0,
                    0.9997665882110596,
                    -0.021603159606456757,
                    -0.08708512783050537
                ],
                [
                    0.0,
                    0.0,
                    0.0,
                    1.0
                ]
            ]
        },
        {
            "file_path": "/data/shapenet_blender/all_50_random/02958343/bac6953b6866ec02300856337cd5b2e/r_25",
            "rotation": 0.12566370614359174,
            "transform_matrix": [
                [
                    -0.1126040369272232,
                    0.11618757992982864,
                    0.986823558807373,
                    3.978013038635254
                ],
                [
                    0.9936399459838867,
                    0.013166933320462704,
                    0.11183157563209534,
                    0.45080751180648804
                ],
                [
                    0.0,
                    0.9931398630142212,
                    -0.11693128198385239,
                    -0.4713650643825531
                ],
                [
                    0.0,
                    0.0,
                    0.0,
                    1.0
                ]
            ]
        },
        {
            "file_path": "/data/shapenet_blender/all_50_random/02958343/bac6953b6866ec02300856337cd5b2e/r_26",
            "rotation": 0.12566370614359174,
            "transform_matrix": [
                [
                    0.18992282450199127,
                    -0.48933112621307373,
                    -0.8511664867401123,
                    -3.431161880493164
                ],
                [
                    -0.9817991256713867,
                    -0.0946580022573471,
                    -0.1646527647972107,
                    -0.6637365221977234
                ],
                [
                    0.0,
                    0.8669456243515015,
                    -0.49840256571769714,
                    -2.009124994277954
                ],
                [
                    0.0,
                    0.0,
                    0.0,
                    1.0
                ]
            ]
        },
        {
            "file_path": "/data/shapenet_blender/all_50_random/02958343/bac6953b6866ec02300856337cd5b2e/r_27",
            "rotation": 0.12566370614359174,
            "transform_matrix": [
                [
                    0.6777321696281433,
                    0.4375961422920227,
                    -0.590921938419342,
                    -2.382082462310791
                ],
                [
                    -0.7353088855743408,
                    0.4033311605453491,
                    -0.5446511507034302,
                    -2.195559024810791
                ],
                [
                    -1.4901161193847656e-08,
                    0.8036377429962158,
                    0.5951188206672668,
                    2.399000644683838
                ],
                [
                    0.0,
                    0.0,
                    0.0,
                    1.0
                ]
            ]
        },
        {
            "file_path": "/data/shapenet_blender/all_50_random/02958343/bac6953b6866ec02300856337cd5b2e/r_28",
            "rotation": 0.12566370614359174,
            "transform_matrix": [
                [
                    0.24174565076828003,
                    0.09718538820743561,
                    -0.965460479259491,
                    -3.8918957710266113
                ],
                [
                    -0.9703396558761597,
                    0.024212289601564407,
                    -0.2405300736427307,
                    -0.9696077108383179
                ],
                [
                    0.0,
                    0.9949716329574585,
                    0.10015605390071869,
                    0.4037419557571411
                ],
                [
                    0.0,
                    0.0,
                    0.0,
                    1.0
                ]
            ]
        },
        {
            "file_path": "/data/shapenet_blender/all_50_random/02958343/bac6953b6866ec02300856337cd5b2e/r_29",
            "rotation": 0.12566370614359174,
            "transform_matrix": [
                [
                    -0.579647958278656,
                    0.182414248585701,
                    -0.7941871881484985,
                    -3.2014708518981934
                ],
                [
                    -0.8148670792579651,
                    -0.12975862622261047,
                    0.5649375319480896,
                    2.2773361206054688
                ],
                [
                    7.450581485102248e-09,
                    0.9746217131614685,
                    0.22385771572589874,
                    0.9023993015289307
                ],
                [
                    0.0,
                    0.0,
                    0.0,
                    1.0
                ]
            ]
        },
        {
            "file_path": "/data/shapenet_blender/all_50_random/02958343/bac6953b6866ec02300856337cd5b2e/r_30",
            "rotation": 0.12566370614359174,
            "transform_matrix": [
                [
                    0.7768259048461914,
                    -0.3125632107257843,
                    0.5466678738594055,
                    2.203688621520996
                ],
                [
                    0.6297154426574707,
                    0.3855823874473572,
                    -0.6743772029876709,
                    -2.718501329421997
                ],
                [
                    0.0,
                    0.8681187629699707,
                    0.4963563084602356,
                    2.0008761882781982
                ],
                [
                    0.0,
                    0.0,
                    0.0,
                    1.0
                ]
            ]
        },
        {
            "file_path": "/data/shapenet_blender/all_50_random/02958343/bac6953b6866ec02300856337cd5b2e/r_31",
            "rotation": 0.12566370614359174,
            "transform_matrix": [
                [
                    -0.9775437116622925,
                    -0.008288168348371983,
                    -0.21057000756263733,
                    -0.8488348722457886
                ],
                [
                    -0.2107330709695816,
                    0.03844697028398514,
                    0.9767873287200928,
                    3.9375555515289307
                ],
                [
                    9.313225746154785e-10,
                    0.9992262721061707,
                    -0.03933018445968628,
                    -0.15854504704475403
                ],
                [
                    0.0,
                    0.0,
                    0.0,
                    1.0
                ]
            ]
        },
        {
            "file_path": "/data/shapenet_blender/all_50_random/02958343/bac6953b6866ec02300856337cd5b2e/r_32",
            "rotation": 0.12566370614359174,
            "transform_matrix": [
                [
                    -0.2954975962638855,
                    -0.7382611036300659,
                    -0.6063429117202759,
                    -2.444246530532837
                ],
                [
                    -0.95534348487854,
                    0.22835177183151245,
                    0.18754810094833374,
                    0.7560305595397949
                ],
                [
                    0.0,
                    0.634685754776001,
                    -0.7727702856063843,
                    -3.1151366233825684
                ],
                [
                    0.0,
                    0.0,
                    0.0,
                    1.0
                ]
            ]
        },
        {
            "file_path": "/data/shapenet_blender/all_50_random/02958343/bac6953b6866ec02300856337cd5b2e/r_33",
            "rotation": 0.12566370614359174,
            "transform_matrix": [
                [
                    -0.8791253566741943,
                    -0.314577579498291,
                    0.35802167654037476,
                    1.4432315826416016
                ],
                [
                    0.4765905439853668,
                    -0.5802739858627319,
                    0.6604115962982178,
                    2.6622042655944824
                ],
                [
                    -1.4901161193847656e-08,
                    0.751214325428009,
                    0.660058319568634,
                    2.660780191421509
                ],
                [
                    0.0,
                    0.0,
                    0.0,
                    1.0
                ]
            ]
        },
        {
            "file_path": "/data/shapenet_blender/all_50_random/02958343/bac6953b6866ec02300856337cd5b2e/r_34",
            "rotation": 0.12566370614359174,
            "transform_matrix": [
                [
                    0.8352842330932617,
                    -0.08391737937927246,
                    -0.543376624584198,
                    -2.1904215812683105
                ],
                [
                    -0.5498185157775879,
                    -0.12748725712299347,
                    -0.8254977464675903,
                    -3.327687978744507
                ],
                [
                    7.450580596923828e-09,
                    0.9882838129997253,
                    -0.15262740850448608,
                    -0.6152608394622803
                ],
                [
                    0.0,
                    0.0,
                    0.0,
                    1.0
                ]
            ]
        },
        {
            "file_path": "/data/shapenet_blender/all_50_random/02958343/bac6953b6866ec02300856337cd5b2e/r_35",
            "rotation": 0.12566370614359174,
            "transform_matrix": [
                [
                    -0.9155268669128418,
                    -0.004979228600859642,
                    -0.4022262394428253,
                    -1.6214256286621094
                ],
                [
                    -0.4022570550441742,
                    0.011332598514854908,
                    0.9154567122459412,
                    3.6903235912323
                ],
                [
                    4.656612873077393e-10,
                    0.9999233484268188,
                    -0.012378227896988392,
                    -0.04989822581410408
                ],
                [
                    0.0,
                    0.0,
                    0.0,
                    1.0
                ]
            ]
        },
        {
            "file_path": "/data/shapenet_blender/all_50_random/02958343/bac6953b6866ec02300856337cd5b2e/r_36",
            "rotation": 0.12566370614359174,
            "transform_matrix": [
                [
                    -0.06463611125946045,
                    -0.4005054235458374,
                    0.9140117168426514,
                    3.6844992637634277
                ],
                [
                    0.997908890247345,
                    -0.025941360741853714,
                    0.05920196324586868,
                    0.23865076899528503
                ],
                [
                    0.0,
                    0.915926992893219,
                    0.4013446867465973,
                    1.6178723573684692
                ],
                [
                    0.0,
                    0.0,
                    0.0,
                    1.0
                ]
            ]
        },
        {
            "file_path": "/data/shapenet_blender/all_50_random/02958343/bac6953b6866ec02300856337cd5b2e/r_37",
            "rotation": 0.12566370614359174,
            "transform_matrix": [
                [
                    0.2890787720680237,
                    -0.17307168245315552,
                    -0.9415305256843567,
                    -3.795430898666382
                ],
                [
                    -0.957305371761322,
                    -0.05226268619298935,
                    -0.28431522846221924,
                    -1.1461113691329956
                ],
                [
                    3.725290298461914e-09,
                    0.983521580696106,
                    -0.1807904839515686,
                    -0.728789746761322
                ],
                [
                    0.0,
                    0.0,
                    0.0,
                    1.0
                ]
            ]
        },
        {
            "file_path": "/data/shapenet_blender/all_50_random/02958343/bac6953b6866ec02300856337cd5b2e/r_38",
            "rotation": 0.12566370614359174,
            "transform_matrix": [
                [
                    -0.48683226108551025,
                    0.01612865924835205,
                    -0.8733464479446411,
                    -3.5205724239349365
                ],
                [
                    -0.8734953999519348,
                    -0.008989115245640278,
                    0.48674923181533813,
                    1.9621490240097046
                ],
                [
                    9.313225746154785e-10,
                    0.9998294711112976,
                    0.018464500084519386,
                    0.07443279027938843
                ],
                [
                    0.0,
                    0.0,
                    0.0,
                    1.0
                ]
            ]
        },
        {
            "file_path": "/data/shapenet_blender/all_50_random/02958343/bac6953b6866ec02300856337cd5b2e/r_39",
            "rotation": 0.12566370614359174,
            "transform_matrix": [
                [
                    -0.4389074146747589,
                    -0.8642526865005493,
                    -0.24582016468048096,
                    -0.9909327626228333
                ],
                [
                    -0.8985323905944824,
                    0.4221627712249756,
                    0.12007613480091095,
                    0.48404237627983093
                ],
                [
                    0.0,
                    0.2735797166824341,
                    -0.9618493318557739,
                    -3.8773386478424072
                ],
                [
                    0.0,
                    0.0,
                    0.0,
                    1.0
                ]
            ]
        },
        {
            "file_path": "/data/shapenet_blender/all_50_random/02958343/bac6953b6866ec02300856337cd5b2e/r_40",
            "rotation": 0.12566370614359174,
            "transform_matrix": [
                [
                    -0.25439581274986267,
                    0.5525521039962769,
                    -0.7937057614326477,
                    -3.199530601501465
                ],
                [
                    -0.9671002626419067,
                    -0.14534887671470642,
                    0.20878435671329498,
                    0.8416367173194885
                ],
                [
                    0.0,
                    0.8207069635391235,
                    0.5713492631912231,
                    2.30318284034729
                ],
                [
                    0.0,
                    0.0,
                    0.0,
                    1.0
                ]
            ]
        },
        {
            "file_path": "/data/shapenet_blender/all_50_random/02958343/bac6953b6866ec02300856337cd5b2e/r_41",
            "rotation": 0.12566370614359174,
            "transform_matrix": [
                [
                    0.6327362060546875,
                    0.680884063243866,
                    -0.3688385784626007,
                    -1.4868359565734863
                ],
                [
                    -0.7743674516677856,
                    0.556350827217102,
                    -0.3013782203197479,
                    -1.2148945331573486
                ],
                [
