{
    "class": "02958343",
    "model": "cf39999d7c9e2b4788ea3c115b90ce56",
    "remove_doubles": true,
    "edge_split": true,
    "denoise": true,
    "camera_angle_x": 0.6911112070083618,
    "scale_factor": 2.2959870626072316,
    "hdri_file": "/data/IndoorHDRDataset2018/9C4A8819-15f7ba6f62.exr",
    "center_offset": [
        0.0,
        0.0,
        -3.259629011154175e-09
    ],
    "lights": [],
    "frames": [
        {
            "file_path": "/data/shapenet_blender/all_50_random/02958343/cf39999d7c9e2b4788ea3c115b90ce56/r_0",
            "rotation": 0.12566370614359174,
            "transform_matrix": [
                [
                    -0.5508564710617065,
                    0.781262218952179,
                    0.29357537627220154,
                    1.1834403276443481
                ],
                [
                    0.8345999717712402,
                    0.5156522393226624,
                    0.19376695156097412,
                    0.7810996174812317
                ],
                [
                    -1.4901161193847656e-08,
                    0.3517557978630066,
                    -0.9360917210578918,
                    -3.7735066413879395
                ],
                [
                    0.0,
                    0.0,
                    0.0,
                    1.0
                ]
            ]
        },
        {
            "file_path": "/data/shapenet_blender/all_50_random/02958343/cf39999d7c9e2b4788ea3c115b90ce56/r_1",
            "rotation": 0.12566370614359174,
            "transform_matrix": [
                [
                    -0.36093586683273315,
                    -0.2714919447898865,
                    -0.8921980857849121,
                    -3.5965654850006104
                ],
                [
                    -0.932590663433075,
                    0.10507415980100632,
                    0.345302939414978,
                    1.391960620880127
                ],
                [
                    0.0,
                    0.9566878080368042,
                    -0.2911158800125122,
                    -1.1735256910324097
                ],
                [
                    0.0,
                    0.0,
                    0.0,
                    1.0
                ]
            ]
        },
        {
            "file_path": "/data/shapenet_blender/all_50_random/02958343/cf39999d7c9e2b4788ea3c115b90ce56/r_2",
            "rotation": 0.12566370614359174,
            "transform_matrix": [
                [
                    0.18696413934230804,
                    -0.45320358872413635,
                    0.8715795278549194,
                    3.513449192047119
                ],
                [
                    0.9823668003082275,
                    0.08625374734401703,
                    -0.16587908565998077,
                    -0.66867995262146
                ],
                [
                    -7.4505797087454084e-09,
                    0.8872242569923401,
                    0.4613385498523712,
                    1.8597151041030884
                ],
                [
                    0.0,
                    0.0,
                    0.0,
                    1.0
                ]
            ]
        },
        {
            "file_path": "/data/shapenet_blender/all_50_random/02958343/cf39999d7c9e2b4788ea3c115b90ce56/r_3",
            "rotation": 0.12566370614359174,
            "transform_matrix": [
                [
                    0.939639151096344,
                    0.04904267191886902,
                    0.3386341631412506,
                    1.3650779724121094
                ],
                [
                    0.3421670198440552,
                    -0.13467811048030853,
                    -0.9299373626708984,
                    -3.748697519302368
                ],
                [
                    -3.725290298461914e-09,
                    0.989674985408783,
                    -0.14332962036132812,
                    -0.5777801871299744
                ],
                [
                    0.0,
                    0.0,
                    0.0,
                    1.0
                ]
            ]
        },
        {
            "file_path": "/data/shapenet_blender/all_50_random/02958343/cf39999d7c9e2b4788ea3c115b90ce56/r_4",
            "rotation": 0.12566370614359174,
            "transform_matrix": [
                [
                    0.11551710218191147,
                    -0.8835204243659973,
                    -0.45392435789108276,
                    -1.8298276662826538
                ],
                [
                    -0.9933055639266968,
                    -0.10274957120418549,
                    -0.05278942361474037,
                    -0.2128009796142578
                ],
                [
                    0.0,
                    0.456983745098114,
                    -0.8894750475883484,
                    -3.5855886936187744
                ],
                [
                    0.0,
                    0.0,
                    0.0,
                    1.0
                ]
            ]
        },
        {
            "file_path": "/data/shapenet_blender/all_50_random/02958343/cf39999d7c9e2b4788ea3c115b90ce56/r_5",
            "rotation": 0.12566370614359174,
            "transform_matrix": [
                [
                    0.44156596064567566,
                    0.2249300479888916,
                    0.8685769438743591,
                    3.501345634460449
                ],
                [
                    0.8972287774085999,
                    -0.11069802939891815,
                    -0.42746514081954956,
                    -1.723167061805725
                ],
                [
                    0.0,
                    0.968066394329071,
                    -0.2506941556930542,
                    -1.0105804204940796
                ],
                [
                    0.0,
                    0.0,
                    0.0,
                    1.0
                ]
            ]
        },
        {
            "file_path": "/data/shapenet_blender/all_50_random/02958343/cf39999d7c9e2b4788ea3c115b90ce56/r_6",
            "rotation": 0.12566370614359174,
            "transform_matrix": [
                [
                    -0.7914000749588013,
                    -0.37028932571411133,
                    -0.48638656735420227,
                    -1.9606869220733643
                ],
                [
                    -0.6112987399101257,
                    0.47938430309295654,
                    0.629686176776886,
                    2.5383460521698
                ],
                [
                    1.4901162970204496e-08,
                    0.7956610321998596,
                    -0.6057420969009399,
                    -2.441824436187744
                ],
                [
                    0.0,
                    0.0,
                    0.0,
                    1.0
                ]
            ]
        },
        {
            "file_path": "/data/shapenet_blender/all_50_random/02958343/cf39999d7c9e2b4788ea3c115b90ce56/r_7",
            "rotation": 0.12566370614359174,
            "transform_matrix": [
                [
                    -0.5985234975814819,
                    -0.7658647894859314,
                    0.23499061167240143,
                    0.9472773671150208
                ],
                [
                    0.8011052012443542,
                    -0.5721946358680725,
                    0.17556670308113098,
                    0.7077319622039795
                ],
                [
                    1.4901160305669237e-08,
                    0.2933329939842224,
                    0.9560104012489319,
                    3.8538007736206055
                ],
                [
                    0.0,
                    0.0,
                    0.0,
                    1.0
                ]
            ]
        },
        {
            "file_path": "/data/shapenet_blender/all_50_random/02958343/cf39999d7c9e2b4788ea3c115b90ce56/r_8",
            "rotation": 0.12566370614359174,
            "transform_matrix": [
                [
                    -0.9393987655639648,
                    -0.0030533981043845415,
                    -0.34281298518180847,
                    -1.3819234371185303
                ],
                [
                    -0.3428266644477844,
                    0.008366789668798447,
                    0.9393613338470459,
                    3.786686897277832
                ],
                [
                    2.3283067140944524e-10,
                    0.9999603629112244,
                    -0.008906534872949123,
                    -0.03590339422225952
                ],
                [
                    0.0,
                    0.0,
                    0.0,
                    1.0
                ]
            ]
        },
        {
            "file_path": "/data/shapenet_blender/all_50_random/02958343/cf39999d7c9e2b4788ea3c115b90ce56/r_9",
            "rotation": 0.12566370614359174,
            "transform_matrix": [
                [
                    0.46989503502845764,
                    0.8501564860343933,
                    0.23755499720573425,
                    0.9576148390769958
                ],
                [
                    0.8827223777770996,
                    -0.4525594115257263,
                    -0.12645642459392548,
                    -0.509762167930603
                ],
                [
                    0.0,
                    0.26911643147468567,
                    -0.9631076455116272,
                    -3.882411003112793
                ],
                [
                    0.0,
                    0.0,
                    0.0,
                    1.0
                ]
            ]
        },
        {
            "file_path": "/data/shapenet_blender/all_50_random/02958343/cf39999d7c9e2b4788ea3c115b90ce56/r_10",
            "rotation": 0.12566370614359174,
            "transform_matrix": [
                [
                    -0.12434011697769165,
                    -0.0717790499329567,
                    -0.989639937877655,
                    -3.989366292953491
                ],
                [
                    -0.9922395944595337,
                    0.008994818665087223,
                    0.12401434034109116,
                    0.49991780519485474
                ],
                [
                    0.0,
                    0.9973799586296082,
                    -0.07234043627977371,
                    -0.2916136384010315
                ],
                [
                    0.0,
                    0.0,
                    0.0,
                    1.0
                ]
            ]
        },
        {
            "file_path": "/data/shapenet_blender/all_50_random/02958343/cf39999d7c9e2b4788ea3c115b90ce56/r_11",
            "rotation": 0.12566370614359174,
            "transform_matrix": [
                [
                    0.721133828163147,
                    -0.03351666033267975,
                    0.6919846534729004,
                    2.7894792556762695
                ],
                [
                    0.6927958726882935,
                    0.03488761559128761,
                    -0.720289409160614,
                    -2.9035794734954834
                ],
                [
                    1.862645149230957e-09,
                    0.9988290071487427,
                    0.048378851264715195,
                    0.195021390914917
                ],
                [
                    0.0,
                    0.0,
                    0.0,
                    1.0
                ]
            ]
        },
        {
            "file_path": "/data/shapenet_blender/all_50_random/02958343/cf39999d7c9e2b4788ea3c115b90ce56/r_12",
            "rotation": 0.12566370614359174,
            "transform_matrix": [
                [
                    0.10279057174921036,
                    -0.2720436155796051,
                    0.9567791223526001,
                    3.856900215148926
                ],
                [
                    0.9947031140327454,
                    0.02811242826282978,
                    -0.09887158125638962,
                    -0.3985641300678253
                ],
                [
                    0.0,
                    0.9618740677833557,
                    0.27349230647087097,
                    1.1024829149246216
                ],
                [
                    0.0,
                    0.0,
                    0.0,
                    1.0
                ]
            ]
        },
        {
            "file_path": "/data/shapenet_blender/all_50_random/02958343/cf39999d7c9e2b4788ea3c115b90ce56/r_13",
            "rotation": 0.12566370614359174,
            "transform_matrix": [
                [
                    0.8497306108474731,
                    -0.04153338447213173,
                    -0.5255787372589111,
                    -2.118675708770752
                ],
                [
                    -0.5272173285484314,
                    -0.06694049388170242,
                    -0.8470896482467651,
                    -3.4147276878356934
                ],
                [
                    0.0,
                    0.9968921542167664,
                    -0.07877849042415619,
                    -0.31756624579429626
                ],
                [
                    0.0,
                    0.0,
                    0.0,
                    1.0
                ]
            ]
        },
        {
            "file_path": "/data/shapenet_blender/all_50_random/02958343/cf39999d7c9e2b4788ea3c115b90ce56/r_14",
            "rotation": 0.12566370614359174,
            "transform_matrix": [
                [
                    0.9596155881881714,
                    -0.27713048458099365,
                    -0.048338547348976135,
                    -0.19485890865325928
                ],
                [
                    -0.2813146412372589,
                    -0.9453427195549011,
                    -0.16489160060882568,
                    -0.6646992564201355
                ],
                [
                    -3.7252898543727042e-09,
                    0.1718306541442871,
                    -0.9851264953613281,
                    -3.9711716175079346
                ],
                [
                    0.0,
                    0.0,
                    0.0,
                    1.0
                ]
            ]
        },
        {
            "file_path": "/data/shapenet_blender/all_50_random/02958343/cf39999d7c9e2b4788ea3c115b90ce56/r_15",
            "rotation": 0.12566370614359174,
            "transform_matrix": [
                [
                    0.9491473436355591,
                    -0.001399368979036808,
                    0.314829021692276,
                    1.2691164016723633
                ],
                [
                    0.3148321211338043,
                    0.004218779969960451,
                    -0.9491380453109741,
                    -3.8260977268218994
                ],
                [
                    -1.1641530794914701e-10,
                    0.9999901652336121,
                    0.0044448100961744785,
                    0.017917603254318237
                ],
                [
                    0.0,
                    0.0,
                    0.0,
                    1.0
                ]
            ]
        },
        {
            "file_path": "/data/shapenet_blender/all_50_random/02958343/cf39999d7c9e2b4788ea3c115b90ce56/r_16",
            "rotation": 0.12566370614359174,
            "transform_matrix": [
                [
                    -0.851137638092041,
                    -0.3505527377128601,
                    -0.3907397985458374,
                    -1.5751224756240845
                ],
                [
                    -0.5249426960945129,
                    0.5683832764625549,
                    0.6335422396659851,
                    2.5538904666900635
                ],
                [
                    0.0,
                    0.7443475723266602,
                    -0.6677923798561096,
                    -2.6919572353363037
                ],
                [
                    0.0,
                    0.0,
                    0.0,
                    1.0
                ]
            ]
        },
        {
            "file_path": "/data/shapenet_blender/all_50_random/02958343/cf39999d7c9e2b4788ea3c115b90ce56/r_17",
            "rotation": 0.12566370614359174,
            "transform_matrix": [
                [
                    0.2925931215286255,
                    0.832571268081665,
                    -0.47033414244651794,
                    -1.8959777355194092
                ],
                [
                    -0.9562370181083679,
                    0.25475338101387024,
                    -0.14391466975212097,
                    -0.580138623714447
                ],
                [
                    -7.450580596923828e-09,
                    0.4918593466281891,
                    0.8706745505332947,
                    3.5098016262054443
                ],
                [
                    0.0,
                    0.0,
                    0.0,
                    1.0
                ]
            ]
        },
        {
            "file_path": "/data/shapenet_blender/all_50_random/02958343/cf39999d7c9e2b4788ea3c115b90ce56/r_18",
            "rotation": 0.12566370614359174,
            "transform_matrix": [
                [
                    0.4419878423213959,
                    -0.5248608589172363,
                    -0.7274391651153564,
                    -2.932401418685913
                ],
                [
                    -0.8970211148262024,
                    -0.2586138844490051,
                    -0.3584299683570862,
                    -1.4448775053024292
                ],
                [
                    -1.4901162970204496e-08,
                    0.8109498620033264,
                    -0.585115373134613,
                    -2.358675718307495
                ],
                [
                    0.0,
                    0.0,
                    0.0,
                    1.0
                ]
            ]
        },
        {
            "file_path": "/data/shapenet_blender/all_50_random/02958343/cf39999d7c9e2b4788ea3c115b90ce56/r_19",
            "rotation": 0.12566370614359174,
            "transform_matrix": [
                [
                    0.9186723232269287,
                    -0.03692186623811722,
                    0.39329129457473755,
                    1.5854079723358154
                ],
                [
                    0.39502060413360596,
                    0.08586665242910385,
                    -0.914650559425354,
                    -3.6870744228363037
                ],
                [
                    0.0,
                    0.9956223368644714,
                    0.09346820414066315,
                    0.3767823874950409
                ],
                [
                    0.0,
                    0.0,
                    0.0,
                    1.0
                ]
            ]
        },
        {
            "file_path": "/data/shapenet_blender/all_50_random/02958343/cf39999d7c9e2b4788ea3c115b90ce56/r_20",
            "rotation": 0.12566370614359174,
            "transform_matrix": [
                [
                    -0.11120850592851639,
                    0.731689453125,
                    -0.6725051999092102,
                    -2.7109553813934326
                ],
                [
                    -0.9937970638275146,
                    -0.08187797665596008,
                    0.07525510340929031,
                    0.30336305499076843
                ],
                [
                    0.0,
                    0.6767027974128723,
                    0.7362562417984009,
                    2.9679441452026367
                ],
                [
                    0.0,
                    0.0,
                    0.0,
                    1.0
                ]
            ]
        },
        {
            "file_path": "/data/shapenet_blender/all_50_random/02958343/cf39999d7c9e2b4788ea3c115b90ce56/r_21",
            "rotation": 0.12566370614359174,
            "transform_matrix": [
                [
                    -0.9950546622276306,
                    -0.029693372547626495,
                    0.09478737413883209,
                    0.3821001350879669
                ],
                [
                    0.09932946413755417,
                    -0.29745984077453613,
                    0.9495532512664795,
                    3.8277716636657715
                ],
                [
                    -1.862645149230957e-09,
                    0.9542725086212158,
                    0.29893818497657776,
                    1.2050583362579346
                ],
                [
                    0.0,
                    0.0,
                    0.0,
                    1.0
                ]
            ]
        },
        {
            "file_path": "/data/shapenet_blender/all_50_random/02958343/cf39999d7c9e2b4788ea3c115b90ce56/r_22",
            "rotation": 0.12566370614359174,
            "transform_matrix": [
                [
                    -0.09811418503522873,
                    0.2647797167301178,
                    -0.9593045711517334,
                    -3.8670804500579834
                ],
                [
                    -0.9951751828193665,
                    -0.026104599237442017,
                    0.09457771480083466,
                    0.38125497102737427
                ],
                [
                    -1.862645149230957e-09,
                    0.9639555215835571,
                    0.2660634219646454,
                    1.0725359916687012
                ],
                [
                    0.0,
                    0.0,
                    0.0,
                    1.0
                ]
            ]
        },
        {
            "file_path": "/data/shapenet_blender/all_50_random/02958343/cf39999d7c9e2b4788ea3c115b90ce56/r_23",
            "rotation": 0.12566370614359174,
            "transform_matrix": [
                [
                    0.9357842206954956,
                    -0.04154754802584648,
                    0.35011664032936096,
                    1.411365270614624
                ],
                [
                    0.3525731861591339,
                    0.11027365922927856,
                    -0.9292641282081604,
                    -3.745983600616455
                ],
                [
                    0.0,
                    0.9930325150489807,
                    0.11784090101718903,
                    0.47503185272216797
                ],
                [
                    0.0,
                    0.0,
                    0.0,
                    1.0
                ]
            ]
        },
        {
            "file_path": "/data/shapenet_blender/all_50_random/02958343/cf39999d7c9e2b4788ea3c115b90ce56/r_24",
            "rotation": 0.12566370614359174,
            "transform_matrix": [
                [
                    0.7495121955871582,
                    -0.04176939278841019,
                    0.6606714725494385,
                    2.6632516384124756
                ],
                [
                    0.6619905233383179,
                    0.047291725873947144,
                    -0.7480188012123108,
                    -3.015359878540039
                ],
                [
                    -1.8626450382086546e-09,
                    0.9980073571205139,
                    0.06309667974710464,
                    0.25435081124305725
                ],
                [
                    0.0,
                    0.0,
                    0.0,
                    1.0
                ]
            ]
        },
        {
            "file_path": "/data/shapenet_blender/all_50_random/02958343/cf39999d7c9e2b4788ea3c115b90ce56/r_25",
            "rotation": 0.12566370614359174,
            "transform_matrix": [
                [
                    0.9916673302650452,
                    -0.03931155055761337,
                    -0.12268110364675522,
                    -0.4945433735847473
                ],
                [
                    -0.12882567942142487,
                    -0.3026103377342224,
                    -0.9443679451942444,
                    -3.8068692684173584
                ],
                [
                    -3.725290298461914e-09,
                    0.9523032903671265,
                    -0.3051530718803406,
                    -1.2301114797592163
                ],
                [
                    0.0,
                    0.0,
                    0.0,
                    1.0
                ]
            ]
        },
        {
            "file_path": "/data/shapenet_blender/all_50_random/02958343/cf39999d7c9e2b4788ea3c115b90ce56/r_26",
            "rotation": 0.12566370614359174,
            "transform_matrix": [
                [
                    -0.3573790490627289,
                    0.0432877317070961,
                    0.9329556822776794,
                    3.760864734649658
                ],
                [
                    0.9339593648910522,
                    0.016564028337597847,
                    0.35699501633644104,
                    1.439092993736267
                ],
                [
                    0.0,
                    0.9989253282546997,
                    -0.04634862393140793,
                    -0.18683728575706482
                ],
                [
                    0.0,
                    0.0,
                    0.0,
                    1.0
                ]
            ]
        },
        {
            "file_path": "/data/shapenet_blender/all_50_random/02958343/cf39999d7c9e2b4788ea3c115b90ce56/r_27",
            "rotation": 0.12566370614359174,
            "transform_matrix": [
                [
                    -0.9248346090316772,
                    0.18627528846263885,
                    -0.3316361606121063,
                    -1.3368680477142334
                ],
                [
                    -0.3803696036338806,
                    -0.4529116451740265,
                    0.8063436150550842,
                    3.2504749298095703
                ],
                [
                    1.4901161193847656e-08,
                    0.8718787431716919,
                    0.48972180485725403,
                    1.9741315841674805
                ],
                [
                    0.0,
                    0.0,
                    0.0,
                    1.0
                ]
            ]
        },
        {
            "file_path": "/data/shapenet_blender/all_50_random/02958343/cf39999d7c9e2b4788ea3c115b90ce56/r_28",
            "rotation": 0.12566370614359174,
            "transform_matrix": [
                [
                    -0.9089652299880981,
                    -0.1338992863893509,
                    0.39478248357772827,
                    1.5914192199707031
                ],
                [
                    0.41687196493148804,
                    -0.29195961356163025,
                    0.8608003258705139,
                    3.4699974060058594
                ],
                [
                    -7.450580596923828e-09,
                    0.9470112919807434,
                    0.32120001316070557,
                    1.294798731803894
                ],
                [
                    0.0,
                    0.0,
                    0.0,
                    1.0
                ]
            ]
        },
        {
            "file_path": "/data/shapenet_blender/all_50_random/02958343/cf39999d7c9e2b4788ea3c115b90ce56/r_29",
            "rotation": 0.12566370614359174,
            "transform_matrix": [
                [
                    0.10129211097955704,
                    -0.7156050801277161,
                    0.6911217570304871,
                    2.786000967025757
                ],
                [
                    0.9948566555976868,
                    0.07285989820957184,
                    -0.07036710530519485,
                    -0.28365886211395264
                ],
                [
                    -3.725290076417309e-09,
                    0.6946947574615479,
                    0.719304621219635,
                    2.8996095657348633
                ],
                [
                    0.0,
                    0.0,
                    0.0,
                    1.0
                ]
            ]
        },
        {
            "file_path": "/data/shapenet_blender/all_50_random/02958343/cf39999d7c9e2b4788ea3c115b90ce56/r_30",
            "rotation": 0.12566370614359174,
            "transform_matrix": [
                [
                    0.2886846959590912,
                    0.2505963444709778,
                    0.9240468740463257,
                    3.724951982498169
                ],
                [
                    0.9574241638183594,
                    -0.07556037604808807,
                    -0.2786206901073456,
                    -1.123155951499939
                ],
                [
                    0.0,
                    0.9651384353637695,
                    -0.261740118265152,
                    -1.0551081895828247
                ],
                [
                    0.0,
                    0.0,
                    0.0,
                    1.0
                ]
            ]
        },
        {
            "file_path": "/data/shapenet_blender/all_50_random/02958343/cf39999d7c9e2b4788ea3c115b90ce56/r_31",
            "rotation": 0.12566370614359174,
            "transform_matrix": [
                [
                    0.8236581087112427,
                    0.23601040244102478,
                    -0.5156418085098267,
                    -2.0786185264587402
                ],
                [
                    -0.5670866966247559,
                    0.3427903652191162,
                    -0.7489374876022339,
                    -3.0190634727478027
                ],
                [
                    0.0,
                    0.9092820286750793,
                    0.41618043184280396,
                    1.677677035331726
                ],
                [
                    0.0,
                    0.0,
                    0.0,
                    1.0
                ]
            ]
        },
        {
            "file_path": "/data/shapenet_blender/all_50_random/02958343/cf39999d7c9e2b4788ea3c115b90ce56/r_32",
            "rotation": 0.12566370614359174,
            "transform_matrix": [
                [
                    -0.9499537348747253,
                    -0.03569141775369644,
                    0.3103448152542114,
                    1.251039981842041
                ],
                [
                    0.31239041686058044,
                    -0.10853467881679535,
                    0.9437332153320312,
                    3.8043103218078613
                ],
                [
                    -3.725290076417309e-09,
                    0.993451714515686,
                    0.11425258219242096,
                    0.4605668783187866
                ],
                [
                    0.0,
                    0.0,
                    0.0,
                    1.0
                ]
            ]
        },
        {
            "file_path": "/data/shapenet_blender/all_50_random/02958343/cf39999d7c9e2b4788ea3c115b90ce56/r_33",
            "rotation": 0.12566370614359174,
            "transform_matrix": [
                [
                    -0.3480503261089325,
                    0.11674874275922775,
                    0.9301778078079224,
                    3.749666690826416
                ],
                [
                    0.9374758005142212,
                    0.04334452003240585,
                    0.3453408479690552,
                    1.392113447189331
                ],
                [
                    0.0,
                    0.9922152161598206,
                    -0.1245352104306221,
                    -0.5020174980163574
                ],
                [
                    0.0,
                    0.0,
                    0.0,
                    1.0
                ]
            ]
        },
        {
            "file_path": "/data/shapenet_blender/all_50_random/02958343/cf39999d7c9e2b4788ea3c115b90ce56/r_34",
            "rotation": 0.12566370614359174,
            "transform_matrix": [
                [
                    0.7226495742797852,
                    -0.6510874629020691,
                    -0.23208343982696533,
                    -0.9355583190917969
                ],
                [
                    -0.6912145614624023,
                    -0.6806975603103638,
                    -0.24263811111450195,
                    -0.9781055450439453
                ],
                [
                    0.0,
                    0.33576178550720215,
                    -0.9419468641281128,
                    -3.797109603881836
                ],
                [
                    0.0,
                    0.0,
                    0.0,
                    1.0
                ]
            ]
        },
        {
            "file_path": "/data/shapenet_blender/all_50_random/02958343/cf39999d7c9e2b4788ea3c115b90ce56/r_35",
            "rotation": 0.12566370614359174,
            "transform_matrix": [
                [
                    -0.9354774951934814,
                    0.18459941446781158,
                    0.3013387620449066,
                    1.2147353887557983
                ],
                [
                    0.35338646173477173,
                    0.4886677861213684,
                    0.7976977825164795,
                    3.215622663497925
                ],
                [
                    0.0,
                    0.8527172803878784,
                    -0.5223726034164429,
                    -2.1057512760162354
                ],
                [
                    0.0,
                    0.0,
                    0.0,
                    1.0
                ]
            ]
        },
        {
            "file_path": "/data/shapenet_blender/all_50_random/02958343/cf39999d7c9e2b4788ea3c115b90ce56/r_36",
            "rotation": 0.12566370614359174,
            "transform_matrix": [
                [
                    -0.1646357923746109,
                    0.07060524821281433,
                    0.9838241934776306,
                    3.9659221172332764
                ],
                [
                    0.986354410648346,
                    0.011784963309764862,
                    0.16421346366405487,
                    0.6619656682014465
                ],
                [
                    9.313225746154785e-10,
                    0.997434675693512,
                    -0.07158203423023224,
                    -0.28855639696121216
                ],
                [
                    0.0,
                    0.0,
                    0.0,
                    1.0
                ]
            ]
        },
        {
            "file_path": "/data/shapenet_blender/all_50_random/02958343/cf39999d7c9e2b4788ea3c115b90ce56/r_37",
            "rotation": 0.12566370614359174,
            "transform_matrix": [
                [
                    -0.4939976632595062,
                    0.27979597449302673,
                    -0.823213517665863,
                    -3.3184797763824463
                ],
                [
                    -0.8694632649421692,
                    -0.1589699685573578,
                    0.46772024035453796,
                    1.8854405879974365
                ],
                [
                    1.4901162970204496e-08,
                    0.9468065500259399,
                    0.32180309295654297,
                    1.2972297668457031
                ],
                [
                    0.0,
                    0.0,
                    0.0,
                    1.0
                ]
            ]
        },
        {
            "file_path": "/data/shapenet_blender/all_50_random/02958343/cf39999d7c9e2b4788ea3c115b90ce56/r_38",
            "rotation": 0.12566370614359174,
            "transform_matrix": [
                [
                    -0.18662022054195404,
                    -0.28715670108795166,
                    0.9395285844802856,
                    3.787360906600952
                ],
                [
                    0.9824321866035461,
                    -0.05454752594232559,
                    0.17847037315368652,
                    0.7194370627403259
                ],
                [
                    -3.725290298461914e-09,
                    0.9563292860984802,
                    0.2922916114330292,
                    1.1782652139663696
                ],
                [
                    0.0,
                    0.0,
                    0.0,
                    1.0
                ]
            ]
        },
        {
            "file_path": "/data/shapenet_blender/all_50_random/02958343/cf39999d7c9e2b4788ea3c115b90ce56/r_39",
            "rotation": 0.12566370614359174,
            "transform_matrix": [
                [
                    0.9997519254684448,
                    -0.00516301766037941,
                    0.021670378744602203,
                    0.0873560905456543
                ],
                [
                    0.022276941686868668,
                    0.2317076027393341,
                    -0.9725303649902344,
                    -3.9203953742980957
                ],
                [
                    4.656613428188905e-10,
                    0.9727716445922852,
                    0.23176513612270355,
                    0.9342751502990723
                ],
                [
                    0.0,
                    0.0,
                    0.0,
                    1.0
                ]
            ]
        },
        {
            "file_path": "/data/shapenet_blender/all_50_random/02958343/cf39999d7c9e2b4788ea3c115b90ce56/r_40",
            "rotation": 0.12566370614359174,
            "transform_matrix": [
                [
                    0.6102272868156433,
                    0.6578681468963623,
                    0.44139808416366577,
                    1.7793323993682861
                ],
                [
                    0.7922263741493225,
                    -0.5067353248596191,
                    -0.33999520540237427,
                    -1.370564341545105
                ],
                [
                    -1.4901159417490817e-08,
                    0.5571614503860474,
                    -0.8304042220115662,
                    -3.347465991973877
                ],
                [
                    0.0,
                    0.0,
                    0.0,
                    1.0
                ]
            ]
        },
        {
            "file_path": "/data/shapenet_blender/all_50_random/02958343/cf39999d7c9e2b4788ea3c115b90ce56/r_41",
            "rotation": 0.12566370614359174,
            "transform_matrix": [
                [
                    0.5105850100517273,
                    -0.40194401144981384,
                    -0.7600945830345154,
                    -3.064039468765259
                ],
                [
                    -0.8598272800445557,
                    -0.2386835217475891,
                    -0.4513615071773529,
