{
    "class": "02958343",
    "model": "baa1e44e6e086c233e320a6703976361",
    "remove_doubles": true,
    "edge_split": true,
    "denoise": true,
    "camera_angle_x": 0.6911112070083618,
    "scale_factor": 2.368576508363359,
    "hdri_file": "/data/IndoorHDRDataset2018/9C4A8378-559a5a622e.exr",
    "center_offset": [
        0.0,
        -3.725290298461914e-09,
        0.0
    ],
    "lights": [],
    "frames": [
        {
            "file_path": "/data/shapenet_blender/all_50_random/02958343/baa1e44e6e086c233e320a6703976361/r_0",
            "rotation": 0.12566370614359174,
            "transform_matrix": [
                [
                    -0.3610976040363312,
                    -0.3273037374019623,
                    -0.8732014298439026,
                    -3.5199878215789795
                ],
                [
                    -0.9325280785560608,
                    0.1267399936914444,
                    0.3381248712539673,
                    1.3630250692367554
                ],
                [
                    7.450580596923828e-09,
                    0.936380922794342,
                    -0.3509853780269623,
                    -1.4148674011230469
                ],
                [
                    0.0,
                    0.0,
                    0.0,
                    1.0
                ]
            ]
        },
        {
            "file_path": "/data/shapenet_blender/all_50_random/02958343/baa1e44e6e086c233e320a6703976361/r_1",
            "rotation": 0.12566370614359174,
            "transform_matrix": [
                [
                    -0.2758529484272003,
                    0.15450650453567505,
                    -0.9487006068229675,
                    -3.8243346214294434
                ],
                [
                    -0.961199939250946,
                    -0.04434153065085411,
                    0.272265762090683,
                    1.0975384712219238
                ],
                [
                    -3.725290298461914e-09,
                    0.9869962930679321,
                    0.1607433557510376,
                    0.6479772329330444
                ],
                [
                    0.0,
                    0.0,
                    0.0,
                    1.0
                ]
            ]
        },
        {
            "file_path": "/data/shapenet_blender/all_50_random/02958343/baa1e44e6e086c233e320a6703976361/r_2",
            "rotation": 0.12566370614359174,
            "transform_matrix": [
                [
                    -0.8715182542800903,
                    0.4650574326515198,
                    -0.1554914116859436,
                    -0.6268059611320496
                ],
                [
                    -0.4903632402420044,
                    -0.8265424966812134,
                    0.27635353803634644,
                    1.1140168905258179
                ],
                [
                    1.4901162970204496e-08,
                    0.3170945942401886,
                    0.9483939409255981,
                    3.8230984210968018
                ],
                [
                    0.0,
                    0.0,
                    0.0,
                    1.0
                ]
            ]
        },
        {
            "file_path": "/data/shapenet_blender/all_50_random/02958343/baa1e44e6e086c233e320a6703976361/r_3",
            "rotation": 0.12566370614359174,
            "transform_matrix": [
                [
                    0.2366020232439041,
                    -0.3756067454814911,
                    0.8960685729980469,
                    3.612168312072754
                ],
                [
                    0.9716066718101501,
                    0.09146634489297867,
                    -0.2182072550058365,
                    -0.8796216249465942
                ],
                [
                    0.0,
                    0.9222545027732849,
                    0.3865831196308136,
                    1.5583665370941162
                ],
                [
                    0.0,
                    0.0,
                    0.0,
                    1.0
                ]
            ]
        },
        {
            "file_path": "/data/shapenet_blender/all_50_random/02958343/baa1e44e6e086c233e320a6703976361/r_4",
            "rotation": 0.12566370614359174,
            "transform_matrix": [
                [
                    0.907777726650238,
                    0.015880780294537544,
                    0.4191509485244751,
                    1.6896514892578125
                ],
                [
                    0.4194517135620117,
                    -0.034369196742773056,
                    -0.9071268439292908,
                    -3.656745195388794
                ],
                [
                    -9.313225746154785e-10,
                    0.9992830753326416,
                    -0.03786081075668335,
                    -0.1526218056678772
                ],
                [
                    0.0,
                    0.0,
                    0.0,
                    1.0
                ]
            ]
        },
        {
            "file_path": "/data/shapenet_blender/all_50_random/02958343/baa1e44e6e086c233e320a6703976361/r_5",
            "rotation": 0.12566370614359174,
            "transform_matrix": [
                [
                    -0.9930275678634644,
                    -0.08146968483924866,
                    -0.08519993722438812,
                    -0.34345194697380066
                ],
                [
                    -0.11788274347782135,
                    0.6862891316413879,
                    0.7177122235298157,
                    2.893190622329712
                ],
                [
                    0.0,
                    0.7227514982223511,
                    -0.6911078691482544,
                    -2.785944938659668
                ],
                [
                    0.0,
                    0.0,
                    0.0,
                    1.0
                ]
            ]
        },
        {
            "file_path": "/data/shapenet_blender/all_50_random/02958343/baa1e44e6e086c233e320a6703976361/r_6",
            "rotation": 0.12566370614359174,
            "transform_matrix": [
                [
                    -0.5571392178535461,
                    0.12378775328397751,
                    -0.8211408853530884,
                    -3.3101251125335693
                ],
                [
                    -0.8304190635681152,
                    -0.08305085450410843,
                    0.5509143471717834,
                    2.2208070755004883
                ],
                [
                    -7.4505797087454084e-09,
                    0.9888272285461426,
                    0.14906658232212067,
                    0.6009066700935364
                ],
                [
                    0.0,
                    0.0,
                    0.0,
                    1.0
                ]
            ]
        },
        {
            "file_path": "/data/shapenet_blender/all_50_random/02958343/baa1e44e6e086c233e320a6703976361/r_7",
            "rotation": 0.12566370614359174,
            "transform_matrix": [
                [
                    0.23839743435382843,
                    -0.6654093861579895,
                    -0.7073874473571777,
                    -2.851569890975952
                ],
                [
                    -0.9711676239967346,
                    -0.16334141790866852,
                    -0.1736459732055664,
                    -0.6999893188476562
                ],
                [
                    -7.450580152834618e-09,
                    0.7283886671066284,
                    -0.685164213180542,
                    -2.7619853019714355
                ],
                [
                    0.0,
                    0.0,
                    0.0,
                    1.0
                ]
            ]
        },
        {
            "file_path": "/data/shapenet_blender/all_50_random/02958343/baa1e44e6e086c233e320a6703976361/r_8",
            "rotation": 0.12566370614359174,
            "transform_matrix": [
                [
                    0.4228448271751404,
                    -0.4800335764884949,
                    0.7686155438423157,
                    3.098388671875
                ],
                [
                    0.9062020778656006,
                    0.22398947179317474,
                    -0.3586452901363373,
                    -1.4457454681396484
                ],
                [
                    -1.4901161193847656e-08,
                    0.8481723666191101,
                    0.5297201871871948,
                    2.1353707313537598
                ],
                [
                    0.0,
                    0.0,
                    0.0,
                    1.0
                ]
            ]
        },
        {
            "file_path": "/data/shapenet_blender/all_50_random/02958343/baa1e44e6e086c233e320a6703976361/r_9",
            "rotation": 0.12566370614359174,
            "transform_matrix": [
                [
                    -0.05635175108909607,
                    0.8650189638137817,
                    0.49856460094451904,
                    2.0097782611846924
                ],
                [
                    0.9984110593795776,
                    0.04882290959358215,
                    0.02813970111310482,
                    0.11343476921319962
                ],
                [
                    0.0,
                    0.49935799837112427,
                    -0.8663956522941589,
                    -3.4925527572631836
                ],
                [
                    0.0,
                    0.0,
                    0.0,
                    1.0
                ]
            ]
        },
        {
            "file_path": "/data/shapenet_blender/all_50_random/02958343/baa1e44e6e086c233e320a6703976361/r_10",
            "rotation": 0.12566370614359174,
            "transform_matrix": [
                [
                    -0.6834632754325867,
                    0.023398417979478836,
                    -0.7296097874641418,
                    -2.9411511421203613
                ],
                [
                    -0.7299848794937134,
                    -0.021907249465584755,
                    0.6831120848655701,
                    2.7537128925323486
                ],
                [
                    -1.8626450382086546e-09,
                    0.9994862079620361,
                    0.03205328807234764,
                    0.1292109340429306
                ],
                [
                    0.0,
                    0.0,
                    0.0,
                    1.0
                ]
            ]
        },
        {
            "file_path": "/data/shapenet_blender/all_50_random/02958343/baa1e44e6e086c233e320a6703976361/r_11",
            "rotation": 0.12566370614359174,
            "transform_matrix": [
                [
                    -0.7424548864364624,
                    0.47709375619888306,
                    -0.47025758028030396,
                    -1.8956689834594727
                ],
                [
                    -0.6698960065841675,
                    -0.5287694931030273,
                    0.5211929082870483,
                    2.1009957790374756
                ],
                [
                    0.0,
                    0.7019858360290527,
                    0.7121908068656921,
                    2.8709330558776855
                ],
                [
                    0.0,
                    0.0,
                    0.0,
                    1.0
                ]
            ]
        },
        {
            "file_path": "/data/shapenet_blender/all_50_random/02958343/baa1e44e6e086c233e320a6703976361/r_12",
            "rotation": 0.12566370614359174,
            "transform_matrix": [
                [
                    -0.999966561794281,
                    -0.0033120091538876295,
                    -0.007480356376618147,
                    -0.0301542766392231
                ],
                [
                    -0.008180778473615646,
                    0.40483900904655457,
                    0.9143514037132263,
                    3.68586802482605
                ],
                [
                    -2.3283064365386963e-10,
                    0.9143818616867065,
                    -0.40485265851020813,
                    -1.6320130825042725
                ],
                [
                    0.0,
                    0.0,
                    0.0,
                    1.0
                ]
            ]
        },
        {
            "file_path": "/data/shapenet_blender/all_50_random/02958343/baa1e44e6e086c233e320a6703976361/r_13",
            "rotation": 0.12566370614359174,
            "transform_matrix": [
                [
                    0.6845477819442749,
                    -0.1761583834886551,
                    -0.7073630690574646,
                    -2.8514716625213623
                ],
                [
                    -0.7289679646492004,
                    -0.16542404890060425,
                    -0.6642593741416931,
                    -2.677715301513672
                ],
                [
                    0.0,
                    0.9703622460365295,
                    -0.24165451526641846,
                    -0.9741405248641968
                ],
                [
                    0.0,
                    0.0,
                    0.0,
                    1.0
                ]
            ]
        },
        {
            "file_path": "/data/shapenet_blender/all_50_random/02958343/baa1e44e6e086c233e320a6703976361/r_14",
            "rotation": 0.12566370614359174,
            "transform_matrix": [
                [
                    0.030010458081960678,
                    0.6103110313415527,
                    0.7915931344032288,
                    3.191014051437378
                ],
                [
                    0.9995496273040771,
                    -0.01832396723330021,
                    -0.02376677840948105,
                    -0.09580694884061813
                ],
                [
                    -9.31322685637781e-10,
                    0.7919498682022095,
                    -0.6105860471725464,
                    -2.461351156234741
                ],
                [
                    0.0,
                    0.0,
                    0.0,
                    1.0
                ]
            ]
        },
        {
            "file_path": "/data/shapenet_blender/all_50_random/02958343/baa1e44e6e086c233e320a6703976361/r_15",
            "rotation": 0.12566370614359174,
            "transform_matrix": [
                [
                    -0.9835574626922607,
                    -0.1680709272623062,
                    0.06608293205499649,
                    0.26638883352279663
                ],
                [
                    0.18059566617012024,
                    -0.9153453707695007,
                    0.3598998785018921,
                    1.4508028030395508
                ],
                [
                    0.0,
                    0.3659164011478424,
                    0.9306476712226868,
                    3.751560688018799
                ],
                [
                    0.0,
                    0.0,
                    0.0,
                    1.0
                ]
            ]
        },
        {
            "file_path": "/data/shapenet_blender/all_50_random/02958343/baa1e44e6e086c233e320a6703976361/r_16",
            "rotation": 0.12566370614359174,
            "transform_matrix": [
                [
                    -0.811454713344574,
                    1.1220905662412406e-06,
                    0.5844153165817261,
                    2.35585355758667
                ],
                [
                    0.5844153165817261,
                    1.5580112631141674e-06,
                    0.811454713344574,
                    3.271078586578369
                ],
                [
                    0.0,
                    1.0,
                    -1.9200224414817058e-06,
                    -7.739858119748533e-06
                ],
                [
                    0.0,
                    0.0,
                    0.0,
                    1.0
                ]
            ]
        },
        {
            "file_path": "/data/shapenet_blender/all_50_random/02958343/baa1e44e6e086c233e320a6703976361/r_17",
            "rotation": 0.12566370614359174,
            "transform_matrix": [
                [
                    0.14382430911064148,
                    0.28025686740875244,
                    -0.9490893483161926,
                    -3.825901508331299
                ],
                [
                    -0.9896031618118286,
                    0.04073122888803482,
                    -0.13793621957302094,
                    -0.5560386776924133
                ],
                [
                    3.725290298461914e-09,
                    0.9590604901313782,
                    0.2832012474536896,
                    1.1416207551956177
                ],
                [
                    0.0,
                    0.0,
                    0.0,
                    1.0
                ]
            ]
        },
        {
            "file_path": "/data/shapenet_blender/all_50_random/02958343/baa1e44e6e086c233e320a6703976361/r_18",
            "rotation": 0.12566370614359174,
            "transform_matrix": [
                [
                    0.42309442162513733,
                    0.2455754578113556,
                    0.8721718788146973,
                    3.5158371925354004
                ],
                [
                    0.9060856699943542,
                    -0.11467084288597107,
                    -0.4072584807872772,
                    -1.6417114734649658
                ],
                [
                    -7.450581485102248e-09,
                    0.9625711441040039,
                    -0.27102896571159363,
                    -1.092552661895752
                ],
                [
                    0.0,
                    0.0,
                    0.0,
                    1.0
                ]
            ]
        },
        {
            "file_path": "/data/shapenet_blender/all_50_random/02958343/baa1e44e6e086c233e320a6703976361/r_19",
            "rotation": 0.12566370614359174,
            "transform_matrix": [
                [
                    -0.5290390849113464,
                    -0.313153475522995,
                    0.7887030839920044,
                    3.17936372756958
                ],
                [
                    0.8485974669456482,
                    -0.19522853195667267,
                    0.4916992783546448,
                    1.9821032285690308
                ],
                [
                    1.4901161193847656e-08,
                    0.9294195771217346,
                    0.36902475357055664,
                    1.4875863790512085
                ],
                [
                    0.0,
                    0.0,
                    0.0,
                    1.0
                ]
            ]
        },
        {
            "file_path": "/data/shapenet_blender/all_50_random/02958343/baa1e44e6e086c233e320a6703976361/r_20",
            "rotation": 0.12566370614359174,
            "transform_matrix": [
                [
                    -0.3431958556175232,
                    0.464273065328598,
                    0.8164968490600586,
                    3.2914040088653564
                ],
                [
                    0.9392638802528381,
                    0.16963985562324524,
                    0.29833823442459106,
                    1.2026399374008179
                ],
                [
                    0.0,
                    0.8692944645881653,
                    -0.49429458379745483,
                    -1.9925651550292969
                ],
                [
                    0.0,
                    0.0,
                    0.0,
                    1.0
                ]
            ]
        },
        {
            "file_path": "/data/shapenet_blender/all_50_random/02958343/baa1e44e6e086c233e320a6703976361/r_21",
            "rotation": 0.12566370614359174,
            "transform_matrix": [
                [
                    -0.638789176940918,
                    0.42943304777145386,
                    0.6383852958679199,
                    2.573413372039795
                ],
                [
                    0.7693819999694824,
                    0.3565422594547272,
                    0.5300275087356567,
                    2.1366093158721924
                ],
                [
                    0.0,
                    0.8297378420829773,
                    -0.5581533312797546,
                    -2.249988079071045
                ],
                [
                    0.0,
                    0.0,
                    0.0,
                    1.0
                ]
            ]
        },
        {
            "file_path": "/data/shapenet_blender/all_50_random/02958343/baa1e44e6e086c233e320a6703976361/r_22",
            "rotation": 0.12566370614359174,
            "transform_matrix": [
                [
                    0.9877338409423828,
                    -0.1071990504860878,
                    -0.11353540420532227,
                    -0.45767584443092346
                ],
                [
                    -0.15614712238311768,
                    -0.6781048774719238,
                    -0.7181864976882935,
                    -2.8951022624969482
                ],
                [
                    -7.450580596923828e-09,
                    0.7271053194999695,
                    -0.6865258812904358,
                    -2.767474412918091
                ],
                [
                    0.0,
                    0.0,
                    0.0,
                    1.0
                ]
            ]
        },
        {
            "file_path": "/data/shapenet_blender/all_50_random/02958343/baa1e44e6e086c233e320a6703976361/r_23",
            "rotation": 0.12566370614359174,
            "transform_matrix": [
                [
                    -0.8248798251152039,
                    -0.21807074546813965,
                    0.5215541124343872,
                    2.102452039718628
                ],
                [
                    0.5653085112571716,
                    -0.3182016909122467,
                    0.7610347867012024,
                    3.0678296089172363
                ],
                [
                    -1.4901164746561335e-08,
                    0.9226011037826538,
                    0.385755330324173,
                    1.5550296306610107
                ],
                [
                    0.0,
                    0.0,
                    0.0,
                    1.0
                ]
            ]
        },
        {
            "file_path": "/data/shapenet_blender/all_50_random/02958343/baa1e44e6e086c233e320a6703976361/r_24",
            "rotation": 0.12566370614359174,
            "transform_matrix": [
                [
                    0.35097193717956543,
                    -0.004280988126993179,
                    0.93637615442276,
                    3.774653196334839
                ],
                [
                    0.9363859295845032,
                    0.0016045809024944901,
                    -0.35096827149391174,
                    -1.4147984981536865
                ],
                [
                    -2.3283062977608182e-10,
                    0.9999895095825195,
                    0.004571820143610239,
                    0.018429597839713097
                ],
                [
                    0.0,
                    0.0,
                    0.0,
                    1.0
                ]
            ]
        },
        {
            "file_path": "/data/shapenet_blender/all_50_random/02958343/baa1e44e6e086c233e320a6703976361/r_25",
            "rotation": 0.12566370614359174,
            "transform_matrix": [
                [
                    0.6878383159637451,
                    0.4260556101799011,
                    0.5876691937446594,
                    2.3689703941345215
                ],
                [
                    0.7258638739585876,
                    -0.4037359654903412,
                    -0.5568831562995911,
                    -2.2448678016662598
                ],
                [
                    0.0,
                    0.8096133470535278,
                    -0.5869634747505188,
                    -2.3661253452301025
                ],
                [
                    0.0,
                    0.0,
                    0.0,
                    1.0
                ]
            ]
        },
        {
            "file_path": "/data/shapenet_blender/all_50_random/02958343/baa1e44e6e086c233e320a6703976361/r_26",
            "rotation": 0.12566370614359174,
            "transform_matrix": [
                [
                    0.8724877238273621,
                    -0.10249807685613632,
                    0.4777648150920868,
                    1.9259315729141235
                ],
                [
                    0.4886358976364136,
                    0.18301627039909363,
                    -0.8530768156051636,
                    -3.4388625621795654
                ],
                [
                    0.0,
                    0.9777522087097168,
                    0.20976367592811584,
                    0.8455844521522522
                ],
                [
                    0.0,
                    0.0,
                    0.0,
                    1.0
                ]
            ]
        },
        {
            "file_path": "/data/shapenet_blender/all_50_random/02958343/baa1e44e6e086c233e320a6703976361/r_27",
            "rotation": 0.12566370614359174,
            "transform_matrix": [
                [
                    -0.6616864204406738,
                    0.27315688133239746,
                    -0.6982523798942566,
                    -2.8147456645965576
                ],
                [
                    -0.7497807741165161,
                    -0.24106274545192719,
                    0.6162122488021851,
                    2.4840312004089355
                ],
                [
                    -1.4901162970204496e-08,
                    0.9312755465507507,
                    0.3643156588077545,
                    1.468603491783142
                ],
                [
                    0.0,
                    0.0,
                    0.0,
                    1.0
                ]
            ]
        },
        {
            "file_path": "/data/shapenet_blender/all_50_random/02958343/baa1e44e6e086c233e320a6703976361/r_28",
            "rotation": 0.12566370614359174,
            "transform_matrix": [
                [
                    0.2901710867881775,
                    0.22451843321323395,
                    0.9302646517753601,
                    3.750016689300537
                ],
                [
                    0.9569748044013977,
                    -0.06807781010866165,
                    -0.2820720970630646,
                    -1.1370689868927002
                ],
                [
                    0.0,
                    0.9720889925956726,
                    -0.23461268842220306,
                    -0.9457539916038513
                ],
                [
                    0.0,
                    0.0,
                    0.0,
                    1.0
                ]
            ]
        },
        {
            "file_path": "/data/shapenet_blender/all_50_random/02958343/baa1e44e6e086c233e320a6703976361/r_29",
            "rotation": 0.12566370614359174,
            "transform_matrix": [
                [
                    0.6153640747070312,
                    -0.6738209128379822,
                    -0.409013956785202,
                    -1.6487879753112793
                ],
                [
                    -0.7882429957389832,
                    -0.5260372757911682,
                    -0.31930825114250183,
                    -1.2871726751327515
                ],
                [
                    -1.4901161193847656e-08,
                    0.5188931822776794,
                    -0.8548390865325928,
                    -3.4459664821624756
                ],
                [
                    0.0,
                    0.0,
                    0.0,
                    1.0
                ]
            ]
        },
        {
            "file_path": "/data/shapenet_blender/all_50_random/02958343/baa1e44e6e086c233e320a6703976361/r_30",
            "rotation": 0.12566370614359174,
            "transform_matrix": [
                [
                    0.999363362789154,
                    -0.0031720963306725025,
                    0.035533517599105835,
                    0.14324018359184265
                ],
                [
                    0.035674821585416794,
                    0.08886034041643143,
                    -0.9954049587249756,
                    -4.012605667114258
                ],
                [
                    0.0,
                    0.996039092540741,
                    0.08891693502664566,
                    0.35843563079833984
                ],
                [
                    0.0,
                    0.0,
                    0.0,
                    1.0
                ]
            ]
        },
        {
            "file_path": "/data/shapenet_blender/all_50_random/02958343/baa1e44e6e086c233e320a6703976361/r_31",
            "rotation": 0.12566370614359174,
            "transform_matrix": [
                [
                    0.5434595346450806,
                    -0.24822363257408142,
                    -0.8018956780433655,
                    -3.2325448989868164
                ],
                [
                    -0.8394352793693542,
                    -0.1607026904821396,
                    -0.5191560387611389,
                    -2.092784881591797
                ],
                [
                    0.0,
                    0.9552798867225647,
                    -0.29570308327674866,
                    -1.1920171976089478
                ],
                [
                    0.0,
                    0.0,
                    0.0,
                    1.0
                ]
            ]
        },
        {
            "file_path": "/data/shapenet_blender/all_50_random/02958343/baa1e44e6e086c233e320a6703976361/r_32",
            "rotation": 0.12566370614359174,
            "transform_matrix": [
                [
                    0.9433025121688843,
                    0.0032399282790720463,
                    0.3319186270236969,
                    1.3380067348480225
                ],
                [
                    0.33193445205688477,
                    -0.009207336232066154,
                    -0.9432575106620789,
                    -3.8023927211761475
                ],
                [
                    -2.3283064365386963e-10,
                    0.9999524354934692,
                    -0.009760746732354164,
                    -0.03934682905673981
                ],
                [
                    0.0,
                    0.0,
                    0.0,
                    1.0
                ]
            ]
        },
        {
            "file_path": "/data/shapenet_blender/all_50_random/02958343/baa1e44e6e086c233e320a6703976361/r_33",
            "rotation": 0.12566370614359174,
            "transform_matrix": [
                [
                    -0.9638696908950806,
                    -0.12282425910234451,
                    0.23636727035045624,
                    0.952826976776123
                ],
                [
                    0.2663743495941162,
                    -0.44443684816360474,
                    0.8552896976470947,
                    3.4477832317352295
                ],
                [
                    0.0,
                    0.8873499035835266,
                    0.4610964357852936,
                    1.8587392568588257
                ],
                [
                    0.0,
                    0.0,
                    0.0,
                    1.0
                ]
            ]
        },
        {
            "file_path": "/data/shapenet_blender/all_50_random/02958343/baa1e44e6e086c233e320a6703976361/r_34",
            "rotation": 0.12566370614359174,
            "transform_matrix": [
                [
                    -0.7898510694503784,
                    -0.06907905638217926,
                    -0.6093958616256714,
                    -2.4565534591674805
                ],
                [
                    -0.6132987141609192,
                    0.08896507322788239,
                    0.7848246693611145,
                    3.163729667663574
                ],
                [
                    0.0,
                    0.9936363697052002,
                    -0.11263525485992432,
                    -0.4540472626686096
                ],
                [
                    0.0,
                    0.0,
                    0.0,
                    1.0
                ]
            ]
        },
        {
            "file_path": "/data/shapenet_blender/all_50_random/02958343/baa1e44e6e086c233e320a6703976361/r_35",
            "rotation": 0.12566370614359174,
            "transform_matrix": [
                [
                    0.7904843688011169,
                    -0.13053075969219208,
                    0.5984113812446594,
                    2.412273645401001
                ],
                [
                    0.6124823689460754,
                    0.16846613585948944,
                    -0.7723240852355957,
                    -3.1133382320404053
                ],
                [
                    0.0,
                    0.9770264625549316,
                    0.21311762928962708,
                    0.8591046929359436
                ],
                [
                    0.0,
                    0.0,
                    0.0,
                    1.0
                ]
            ]
        },
        {
            "file_path": "/data/shapenet_blender/all_50_random/02958343/baa1e44e6e086c233e320a6703976361/r_36",
            "rotation": 0.12566370614359174,
            "transform_matrix": [
                [
                    0.8166158199310303,
                    0.2363407462835312,
                    0.5265753269195557,
                    2.1226933002471924
                ],
                [
                    0.5771815776824951,
                    -0.3343828022480011,
                    -0.7450163960456848,
                    -3.0032575130462646
                ],
                [
                    1.4901161193847656e-08,
                    0.9123218655586243,
                    -0.4094737470149994,
                    -1.6506415605545044
                ],
                [
                    0.0,
                    0.0,
                    0.0,
                    1.0
                ]
            ]
        },
        {
            "file_path": "/data/shapenet_blender/all_50_random/02958343/baa1e44e6e086c233e320a6703976361/r_37",
            "rotation": 0.12566370614359174,
            "transform_matrix": [
                [
                    -0.16080886125564575,
                    -0.28208354115486145,
                    0.9458167552947998,
                    3.812709331512451
                ],
                [
                    0.9869856238365173,
                    -0.04595967009663582,
                    0.15410125255584717,
                    0.6212019920349121
                ],
                [
                    0.0,
                    0.958288311958313,
                    0.2858031094074249,
                    1.152109146118164
                ],
                [
                    0.0,
                    0.0,
                    0.0,
                    1.0
                ]
            ]
        },
        {
            "file_path": "/data/shapenet_blender/all_50_random/02958343/baa1e44e6e086c233e320a6703976361/r_38",
            "rotation": 0.12566370614359174,
            "transform_matrix": [
                [
                    -0.9971162676811218,
                    -0.01906871609389782,
                    -0.07345481216907501,
                    -0.29610586166381836
                ],
                [
                    -0.07588957995176315,
                    0.25054463744163513,
                    0.9651258587837219,
                    3.890547037124634
                ],
                [
                    -1.862645371275562e-09,
                    0.9679171442985535,
                    -0.25126922130584717,
                    -1.0128988027572632
                ],
                [
                    0.0,
                    0.0,
                    0.0,
                    1.0
                ]
            ]
        },
        {
            "file_path": "/data/shapenet_blender/all_50_random/02958343/baa1e44e6e086c233e320a6703976361/r_39",
            "rotation": 0.12566370614359174,
            "transform_matrix": [
                [
                    0.30711129307746887,
                    0.3216981291770935,
                    -0.8956522941589355,
                    -3.610489845275879
                ],
                [
                    -0.9516736268997192,
                    0.10381408780813217,
                    -0.28903284668922424,
                    -1.1651287078857422
                ],
                [
                    0.0,
                    0.9411338567733765,
                    0.33803412318229675,
                    1.3626590967178345
                ],
                [
                    0.0,
                    0.0,
                    0.0,
                    1.0
                ]
            ]
        },
        {
            "file_path": "/data/shapenet_blender/all_50_random/02958343/baa1e44e6e086c233e320a6703976361/r_40",
            "rotation": 0.12566370614359174,
            "transform_matrix": [
                [
                    -0.9708117842674255,
                    -0.11218791455030441,
                    -0.2119864523410797,
                    -0.8545446991920471
                ],
                [
                    -0.23984239995479584,
                    0.4541037976741791,
                    0.8580590486526489,
                    3.458946704864502
                ],
                [
                    0.0,
                    0.8838573098182678,
                    -0.4677566885948181,
                    -1.8855875730514526
                ],
                [
                    0.0,
                    0.0,
                    0.0,
                    1.0
                ]
            ]
        },
        {
            "file_path": "/data/shapenet_blender/all_50_random/02958343/baa1e44e6e086c233e320a6703976361/r_41",
            "rotation": 0.12566370614359174,
            "transform_matrix": [
                [
                    -0.7190135717391968,
                    0.1924738585948944,
                    0.6678122878074646,
                    2.692037343978882
                ],
                [
                    0.6949959397315979,
                    0.19912536442279816,
                    0.6908904910087585,
                    2.7850687503814697
                ],
