{
    "class": "02958343",
    "model": "b25bd03ac3b1ce39d5238b9ecc7822b0",
    "remove_doubles": true,
    "edge_split": true,
    "denoise": true,
    "camera_angle_x": 0.6911112070083618,
    "scale_factor": 2.2910137144293703,
    "hdri_file": "/data/IndoorHDRDataset2018/AG8A0680-38e426ed5a.exr",
    "center_offset": [
        0.0,
        0.0,
        1.862645149230957e-09
    ],
    "lights": [],
    "frames": [
        {
            "file_path": "/data/shapenet_blender/all_50_random/02958343/b25bd03ac3b1ce39d5238b9ecc7822b0/r_0",
            "rotation": 0.12566370614359174,
            "transform_matrix": [
                [
                    -0.04124527424573898,
                    -0.6656803488731384,
                    0.7450963258743286,
                    3.0035793781280518
                ],
                [
                    0.9991491436958313,
                    -0.02747954986989498,
                    0.030757874250411987,
                    0.12398895621299744
                ],
                [
                    -1.862645149230957e-09,
                    0.7457308173179626,
                    0.6662473082542419,
                    2.6857287883758545
                ],
                [
                    0.0,
                    0.0,
                    0.0,
                    1.0
                ]
            ]
        },
        {
            "file_path": "/data/shapenet_blender/all_50_random/02958343/b25bd03ac3b1ce39d5238b9ecc7822b0/r_1",
            "rotation": 0.12566370614359174,
            "transform_matrix": [
                [
                    0.46977224946022034,
                    0.018356647342443466,
                    0.8825967311859131,
                    3.557861328125
                ],
                [
                    0.8827876448631287,
                    -0.009768422693014145,
                    -0.4696706533432007,
                    -1.8933029174804688
                ],
                [
                    0.0,
                    0.9997836351394653,
                    -0.020793955773115158,
                    -0.08382311463356018
                ],
                [
                    0.0,
                    0.0,
                    0.0,
                    1.0
                ]
            ]
        },
        {
            "file_path": "/data/shapenet_blender/all_50_random/02958343/b25bd03ac3b1ce39d5238b9ecc7822b0/r_2",
            "rotation": 0.12566370614359174,
            "transform_matrix": [
                [
                    0.012825410813093185,
                    -0.6694669723510742,
                    0.7427310347557068,
                    2.994044542312622
                ],
                [
                    0.9999178051948547,
                    0.008586893789470196,
                    -0.009526613168418407,
                    -0.03840300440788269
                ],
                [
                    0.0,
                    0.7427920699119568,
                    0.6695220470428467,
                    2.698929786682129
                ],
                [
                    0.0,
                    0.0,
                    0.0,
                    1.0
                ]
            ]
        },
        {
            "file_path": "/data/shapenet_blender/all_50_random/02958343/b25bd03ac3b1ce39d5238b9ecc7822b0/r_3",
            "rotation": 0.12566370614359174,
            "transform_matrix": [
                [
                    -0.9463444352149963,
                    0.07644037157297134,
                    -0.3139887750148773,
                    -1.2657291889190674
                ],
                [
                    -0.32315948605537415,
                    -0.22384898364543915,
                    0.919488787651062,
                    3.706577777862549
                ],
                [
                    0.0,
                    0.971621572971344,
                    0.23654071986675262,
                    0.9535261392593384
                ],
                [
                    0.0,
                    0.0,
                    0.0,
                    1.0
                ]
            ]
        },
        {
            "file_path": "/data/shapenet_blender/all_50_random/02958343/b25bd03ac3b1ce39d5238b9ecc7822b0/r_4",
            "rotation": 0.12566370614359174,
            "transform_matrix": [
                [
                    -0.978295087814331,
                    0.07812924683094025,
                    0.19192352890968323,
                    0.7736684679985046
                ],
                [
                    0.20721685886383057,
                    0.36885735392570496,
                    0.9060935378074646,
                    3.6525797843933105
                ],
                [
                    0.0,
                    0.9261966347694397,
                    -0.3770410418510437,
                    -1.5199010372161865
                ],
                [
                    0.0,
                    0.0,
                    0.0,
                    1.0
                ]
            ]
        },
        {
            "file_path": "/data/shapenet_blender/all_50_random/02958343/b25bd03ac3b1ce39d5238b9ecc7822b0/r_5",
            "rotation": 0.12566370614359174,
            "transform_matrix": [
                [
                    0.31999215483665466,
                    -0.12496896088123322,
                    0.9391420483589172,
                    3.7858026027679443
                ],
                [
                    0.9474201202392578,
                    0.04220839962363243,
                    -0.31719622015953064,
                    -1.2786588668823242
                ],
                [
                    0.0,
                    0.9912623763084412,
                    0.1319044977426529,
                    0.5317240357398987
                ],
                [
                    0.0,
                    0.0,
                    0.0,
                    1.0
                ]
            ]
        },
        {
            "file_path": "/data/shapenet_blender/all_50_random/02958343/b25bd03ac3b1ce39d5238b9ecc7822b0/r_6",
            "rotation": 0.12566370614359174,
            "transform_matrix": [
                [
                    -0.5386411547660828,
                    -0.06949721276760101,
                    0.839664101600647,
                    3.384794235229492
                ],
                [
                    0.8425353765487671,
                    -0.04443025588989258,
                    0.5368055701255798,
                    2.1639325618743896
                ],
                [
                    0.0,
                    0.9965921640396118,
                    0.08248582482337952,
                    0.3325110077857971
                ],
                [
                    0.0,
                    0.0,
                    0.0,
                    1.0
                ]
            ]
        },
        {
            "file_path": "/data/shapenet_blender/all_50_random/02958343/b25bd03ac3b1ce39d5238b9ecc7822b0/r_7",
            "rotation": 0.12566370614359174,
            "transform_matrix": [
                [
                    0.9751449227333069,
                    0.009972804225981236,
                    -0.22134339809417725,
                    -0.8922637104988098
                ],
                [
                    -0.22156795859336853,
                    0.043891407549381256,
                    -0.9741566777229309,
                    -3.9269509315490723
                ],
                [
                    -9.313225191043273e-10,
                    0.9989864826202393,
                    0.045010149478912354,
                    0.18144170939922333
                ],
                [
                    0.0,
                    0.0,
                    0.0,
                    1.0
                ]
            ]
        },
        {
            "file_path": "/data/shapenet_blender/all_50_random/02958343/b25bd03ac3b1ce39d5238b9ecc7822b0/r_8",
            "rotation": 0.12566370614359174,
            "transform_matrix": [
                [
                    0.9952212572097778,
                    0.00613066554069519,
                    0.0974532887339592,
                    0.3928467631340027
                ],
                [
                    0.09764594584703445,
                    -0.06248461455106735,
                    -0.9932577610015869,
                    -4.003950119018555
                ],
                [
                    0.0,
                    0.998026967048645,
                    -0.06278466433286667,
                    -0.25309306383132935
                ],
                [
                    0.0,
                    0.0,
                    0.0,
                    1.0
                ]
            ]
        },
        {
            "file_path": "/data/shapenet_blender/all_50_random/02958343/b25bd03ac3b1ce39d5238b9ecc7822b0/r_9",
            "rotation": 0.12566370614359174,
            "transform_matrix": [
                [
                    -0.8889943361282349,
                    -0.23830801248550415,
                    0.39102232456207275,
                    1.5762614011764526
                ],
                [
                    0.45791831612586975,
                    -0.46264687180519104,
                    0.759123682975769,
                    3.0601253509521484
                ],
                [
                    0.0,
                    0.8539128303527832,
                    0.5204160213470459,
                    2.0978641510009766
                ],
                [
                    0.0,
                    0.0,
                    0.0,
                    1.0
                ]
            ]
        },
        {
            "file_path": "/data/shapenet_blender/all_50_random/02958343/b25bd03ac3b1ce39d5238b9ecc7822b0/r_10",
            "rotation": 0.12566370614359174,
            "transform_matrix": [
                [
                    0.9961750507354736,
                    -0.03463064506649971,
                    0.08022414892911911,
                    0.32339391112327576
                ],
                [
                    0.08737961202859879,
                    0.39480820298194885,
                    -0.9145988821983337,
                    -3.686866283416748
                ],
                [
                    0.0,
                    0.9181106686592102,
                    0.3963240683078766,
                    1.5976336002349854
                ],
                [
                    0.0,
                    0.0,
                    0.0,
                    1.0
                ]
            ]
        },
        {
            "file_path": "/data/shapenet_blender/all_50_random/02958343/b25bd03ac3b1ce39d5238b9ecc7822b0/r_11",
            "rotation": 0.12566370614359174,
            "transform_matrix": [
                [
                    -0.7557137608528137,
                    -0.6457366943359375,
                    -0.10918289422988892,
                    -0.440130352973938
                ],
                [
                    -0.6549022197723389,
                    0.7451373934745789,
                    0.12598982453346252,
                    0.5078812837600708
                ],
                [
                    0.0,
                    0.16671645641326904,
                    -0.9860048294067383,
                    -3.97471284866333
                ],
                [
                    0.0,
                    0.0,
                    0.0,
                    1.0
                ]
            ]
        },
        {
            "file_path": "/data/shapenet_blender/all_50_random/02958343/b25bd03ac3b1ce39d5238b9ecc7822b0/r_12",
            "rotation": 0.12566370614359174,
            "transform_matrix": [
                [
                    0.9647132754325867,
                    -0.04131978750228882,
                    -0.2600400149822235,
                    -1.0482548475265503
                ],
                [
                    -0.2633022964000702,
                    -0.15139153599739075,
                    -0.9527604579925537,
                    -3.840700149536133
                ],
                [
                    0.0,
                    0.9876099228858948,
                    -0.15692903101444244,
                    -0.6326011419296265
                ],
                [
                    0.0,
                    0.0,
                    0.0,
                    1.0
                ]
            ]
        },
        {
            "file_path": "/data/shapenet_blender/all_50_random/02958343/b25bd03ac3b1ce39d5238b9ecc7822b0/r_13",
            "rotation": 0.12566370614359174,
            "transform_matrix": [
                [
                    -0.8593357801437378,
                    -0.40096428990364075,
                    0.3174421787261963,
                    1.279650330543518
                ],
                [
                    0.5114116668701172,
                    -0.6737487316131592,
                    0.5334047675132751,
                    2.15022349357605
                ],
                [
                    0.0,
                    0.620717465877533,
                    0.7840343117713928,
                    3.160543441772461
                ],
                [
                    0.0,
                    0.0,
                    0.0,
                    1.0
                ]
            ]
        },
        {
            "file_path": "/data/shapenet_blender/all_50_random/02958343/b25bd03ac3b1ce39d5238b9ecc7822b0/r_14",
            "rotation": 0.12566370614359174,
            "transform_matrix": [
                [
                    0.056321509182453156,
                    0.877694845199585,
                    -0.4758988618850708,
                    -1.9184097051620483
                ],
                [
                    -0.9984127283096313,
                    0.049511685967445374,
                    -0.02684595435857773,
                    -0.10821950435638428
                ],
                [
                    -1.862645149230957e-09,
                    0.476655513048172,
                    0.8790901899337769,
                    3.5437259674072266
                ],
                [
                    0.0,
                    0.0,
                    0.0,
                    1.0
                ]
            ]
        },
        {
            "file_path": "/data/shapenet_blender/all_50_random/02958343/b25bd03ac3b1ce39d5238b9ecc7822b0/r_15",
            "rotation": 0.12566370614359174,
            "transform_matrix": [
                [
                    0.9382615089416504,
                    -0.11529631912708282,
                    0.3261473774909973,
                    1.314742088317871
                ],
                [
                    0.34592679142951965,
                    0.3127196133136749,
                    -0.8846135139465332,
                    -3.565991163253784
                ],
                [
                    0.0,
                    0.9428219795227051,
                    0.33329686522483826,
                    1.3435626029968262
                ],
                [
                    0.0,
                    0.0,
                    0.0,
                    1.0
                ]
            ]
        },
        {
            "file_path": "/data/shapenet_blender/all_50_random/02958343/b25bd03ac3b1ce39d5238b9ecc7822b0/r_16",
            "rotation": 0.12566370614359174,
            "transform_matrix": [
                [
                    0.4653187096118927,
                    0.021001335233449936,
                    0.8848940134048462,
                    3.567121982574463
                ],
                [
                    0.8851432800292969,
                    -0.01104037556797266,
                    -0.465187668800354,
                    -1.8752315044403076
                ],
                [
                    0.0,
                    0.9997185468673706,
                    -0.023726480081677437,
                    -0.0956445038318634
                ],
                [
                    0.0,
                    0.0,
                    0.0,
                    1.0
                ]
            ]
        },
        {
            "file_path": "/data/shapenet_blender/all_50_random/02958343/b25bd03ac3b1ce39d5238b9ecc7822b0/r_17",
            "rotation": 0.12566370614359174,
            "transform_matrix": [
                [
                    0.307664692401886,
                    0.024180490523576736,
                    0.9511875510215759,
                    3.834359645843506
                ],
                [
                    0.9514948725700378,
                    -0.007818731479346752,
                    -0.3075653314590454,
                    -1.239835500717163
                ],
                [
                    0.0,
                    0.9996769428253174,
                    -0.025413161143660545,
                    -0.10244373232126236
                ],
                [
                    0.0,
                    0.0,
                    0.0,
                    1.0
                ]
            ]
        },
        {
            "file_path": "/data/shapenet_blender/all_50_random/02958343/b25bd03ac3b1ce39d5238b9ecc7822b0/r_18",
            "rotation": 0.12566370614359174,
            "transform_matrix": [
                [
                    -0.3673115074634552,
                    -0.4807542860507965,
                    0.7962144613265991,
                    3.2096431255340576
                ],
                [
                    0.9300979375839233,
                    -0.189858078956604,
                    0.31443867087364197,
                    1.267542839050293
                ],
                [
                    1.4901161193847656e-08,
                    0.856054425239563,
                    0.5168856382369995,
                    2.083632707595825
                ],
                [
                    0.0,
                    0.0,
                    0.0,
                    1.0
                ]
            ]
        },
        {
            "file_path": "/data/shapenet_blender/all_50_random/02958343/b25bd03ac3b1ce39d5238b9ecc7822b0/r_19",
            "rotation": 0.12566370614359174,
            "transform_matrix": [
                [
                    0.18563522398471832,
                    -0.6638782620429993,
                    -0.7244343161582947,
                    -2.920288324356079
                ],
                [
                    -0.9826188087463379,
                    -0.12541912496089935,
                    -0.13685929775238037,
                    -0.5516975522041321
                ],
                [
                    0.0,
                    0.7372487187385559,
                    -0.6756213903427124,
                    -2.7235171794891357
                ],
                [
                    0.0,
                    0.0,
                    0.0,
                    1.0
                ]
            ]
        },
        {
            "file_path": "/data/shapenet_blender/all_50_random/02958343/b25bd03ac3b1ce39d5238b9ecc7822b0/r_20",
            "rotation": 0.12566370614359174,
            "transform_matrix": [
                [
                    0.6601741909980774,
                    0.2838619351387024,
                    0.6954079270362854,
                    2.803279161453247
                ],
                [
                    0.7511124014854431,
                    -0.24949441850185394,
                    -0.6112139821052551,
                    -2.4638826847076416
                ],
                [
                    0.0,
                    0.9258373975753784,
                    -0.3779219686985016,
                    -1.5234522819519043
                ],
                [
                    0.0,
                    0.0,
                    0.0,
                    1.0
                ]
            ]
        },
        {
            "file_path": "/data/shapenet_blender/all_50_random/02958343/b25bd03ac3b1ce39d5238b9ecc7822b0/r_21",
            "rotation": 0.12566370614359174,
            "transform_matrix": [
                [
                    0.9597223401069641,
                    -0.024453118443489075,
                    -0.2798842489719391,
                    -1.1282496452331543
                ],
                [
                    -0.28095048666000366,
                    -0.083531454205513,
                    -0.9560801386833191,
                    -3.8540825843811035
                ],
                [
                    0.0,
                    0.9962049722671509,
                    -0.0870371162891388,
                    -0.35085785388946533
                ],
                [
                    0.0,
                    0.0,
                    0.0,
                    1.0
                ]
            ]
        },
        {
            "file_path": "/data/shapenet_blender/all_50_random/02958343/b25bd03ac3b1ce39d5238b9ecc7822b0/r_22",
            "rotation": 0.12566370614359174,
            "transform_matrix": [
                [
                    -0.6075198650360107,
                    -0.16946178674697876,
                    0.776016891002655,
                    3.1282241344451904
                ],
                [
                    0.7943044900894165,
                    -0.1296120434999466,
                    0.5935328006744385,
                    2.3926072120666504
                ],
                [
                    0.0,
                    0.9769766330718994,
                    0.21334615349769592,
                    0.8600258827209473
                ],
                [
                    0.0,
                    0.0,
                    0.0,
                    1.0
                ]
            ]
        },
        {
            "file_path": "/data/shapenet_blender/all_50_random/02958343/b25bd03ac3b1ce39d5238b9ecc7822b0/r_23",
            "rotation": 0.12566370614359174,
            "transform_matrix": [
                [
                    0.9027717113494873,
                    0.0963071659207344,
                    0.41919955611228943,
                    1.689847469329834
                ],
                [
                    0.43012017011642456,
                    -0.20213744044303894,
                    -0.8798506259918213,
                    -3.5467913150787354
                ],
                [
                    0.0,
                    0.9746103882789612,
                    -0.22390760481357574,
                    -0.9026004076004028
                ],
                [
                    0.0,
                    0.0,
                    0.0,
                    1.0
                ]
            ]
        },
        {
            "file_path": "/data/shapenet_blender/all_50_random/02958343/b25bd03ac3b1ce39d5238b9ecc7822b0/r_24",
            "rotation": 0.12566370614359174,
            "transform_matrix": [
                [
                    -0.6650149822235107,
                    -0.07929199188947678,
                    -0.7426087260246277,
                    -2.993551731109619
                ],
                [
                    -0.7468299865722656,
                    0.07060558348894119,
                    0.6612561941146851,
                    2.665609121322632
                ],
                [
                    3.725290298461914e-09,
                    0.9943478107452393,
                    -0.10617141425609589,
                    -0.42799073457717896
                ],
                [
                    0.0,
                    0.0,
                    0.0,
                    1.0
                ]
            ]
        },
        {
            "file_path": "/data/shapenet_blender/all_50_random/02958343/b25bd03ac3b1ce39d5238b9ecc7822b0/r_25",
            "rotation": 0.12566370614359174,
            "transform_matrix": [
                [
                    -0.8712513446807861,
                    -0.3339061141014099,
                    -0.35976076126098633,
                    -1.450242042541504
                ],
                [
                    -0.49083712697029114,
                    0.5926938652992249,
                    0.6385866403579712,
                    2.5742251873016357
                ],
                [
                    1.4901161193847656e-08,
                    0.7329534292221069,
                    -0.6802787780761719,
                    -2.7422914505004883
                ],
                [
                    0.0,
                    0.0,
                    0.0,
                    1.0
                ]
            ]
        },
        {
            "file_path": "/data/shapenet_blender/all_50_random/02958343/b25bd03ac3b1ce39d5238b9ecc7822b0/r_26",
            "rotation": 0.12566370614359174,
            "transform_matrix": [
                [
                    0.8358011841773987,
                    0.41233736276626587,
                    -0.3625110983848572,
                    -1.4613289833068848
                ],
                [
                    -0.5490322113037109,
                    0.6277082562446594,
                    -0.5518568754196167,
                    -2.2246062755584717
                ],
                [
                    0.0,
                    0.6602728962898254,
                    0.7510257363319397,
                    3.0274815559387207
                ],
                [
                    0.0,
                    0.0,
                    0.0,
                    1.0
                ]
            ]
        },
        {
            "file_path": "/data/shapenet_blender/all_50_random/02958343/b25bd03ac3b1ce39d5238b9ecc7822b0/r_27",
            "rotation": 0.12566370614359174,
            "transform_matrix": [
                [
                    -0.9968724250793457,
                    -0.0008506126469001174,
                    -0.07902288436889648,
                    -0.3185514211654663
                ],
                [
                    -0.079027459025383,
                    0.010729843750596046,
                    0.9968147277832031,
                    4.018288612365723
                ],
                [
                    0.0,
                    0.9999421238899231,
                    -0.010763506405055523,
                    -0.043389081954956055
                ],
                [
                    0.0,
                    0.0,
                    0.0,
                    1.0
                ]
            ]
        },
        {
            "file_path": "/data/shapenet_blender/all_50_random/02958343/b25bd03ac3b1ce39d5238b9ecc7822b0/r_28",
            "rotation": 0.12566370614359174,
            "transform_matrix": [
                [
                    -0.9950354695320129,
                    0.004019354470074177,
                    0.09943974763154984,
                    0.4008544385433197
                ],
                [
                    0.09952095150947571,
                    0.04018651321530342,
                    0.9942235946655273,
                    4.007843494415283
                ],
                [
                    4.656612873077393e-10,
                    0.9991841316223145,
                    -0.04038701206445694,
                    -0.16280525922775269
                ],
                [
                    0.0,
                    0.0,
                    0.0,
                    1.0
                ]
            ]
        },
        {
            "file_path": "/data/shapenet_blender/all_50_random/02958343/b25bd03ac3b1ce39d5238b9ecc7822b0/r_29",
            "rotation": 0.12566370614359174,
            "transform_matrix": [
                [
                    -0.9992871284484863,
                    -0.02828354947268963,
                    0.025003861635923386,
                    0.10079379379749298
                ],
                [
                    0.03775118663907051,
                    -0.7486754655838013,
                    0.6618609428405762,
                    2.668046712875366
                ],
                [
                    0.0,
                    0.6623331308364868,
                    0.7492095232009888,
                    3.02016019821167
                ],
                [
                    0.0,
                    0.0,
                    0.0,
                    1.0
                ]
            ]
        },
        {
            "file_path": "/data/shapenet_blender/all_50_random/02958343/b25bd03ac3b1ce39d5238b9ecc7822b0/r_30",
            "rotation": 0.12566370614359174,
            "transform_matrix": [
                [
                    0.016095038503408432,
                    0.6724953651428223,
                    0.7399262189865112,
                    2.9827382564544678
                ],
                [
                    0.9998705387115479,
                    -0.01082524098455906,
                    -0.011910684406757355,
                    -0.048013508319854736
                ],
                [
                    -9.313225746154785e-10,
                    0.7400221824645996,
                    -0.6725824475288391,
                    -2.7112667560577393
                ],
                [
                    0.0,
                    0.0,
                    0.0,
                    1.0
                ]
            ]
        },
        {
            "file_path": "/data/shapenet_blender/all_50_random/02958343/b25bd03ac3b1ce39d5238b9ecc7822b0/r_31",
            "rotation": 0.12566370614359174,
            "transform_matrix": [
                [
                    -0.15229050815105438,
                    -0.4613455832004547,
                    0.8740524649620056,
                    3.523418426513672
                ],
                [
                    0.9883358478546143,
                    -0.07108774036169052,
                    0.134680837392807,
                    0.5429158806800842
                ],
                [
                    3.725290742551124e-09,
                    0.8843680024147034,
                    0.4667902886867523,
                    1.8816919326782227
                ],
                [
                    0.0,
                    0.0,
                    0.0,
                    1.0
                ]
            ]
        },
        {
            "file_path": "/data/shapenet_blender/all_50_random/02958343/b25bd03ac3b1ce39d5238b9ecc7822b0/r_32",
            "rotation": 0.12566370614359174,
            "transform_matrix": [
                [
                    -0.5597646236419678,
                    -0.42018312215805054,
                    0.7142195701599121,
                    2.8791112899780273
                ],
                [
                    0.8286515474319458,
                    -0.28383901715278625,
                    0.48246440291404724,
                    1.9448761940002441
                ],
                [
                    -1.4901160305669237e-08,
                    0.8619056940078735,
                    0.5070684552192688,
                    2.044058322906494
                ],
                [
                    0.0,
                    0.0,
                    0.0,
                    1.0
                ]
            ]
        },
        {
            "file_path": "/data/shapenet_blender/all_50_random/02958343/b25bd03ac3b1ce39d5238b9ecc7822b0/r_33",
            "rotation": 0.12566370614359174,
            "transform_matrix": [
                [
                    0.9152005910873413,
                    -0.3647954761981964,
                    0.1712663173675537,
                    0.6903966665267944
                ],
                [
                    0.4029987156391144,
                    0.8284419775009155,
                    -0.38894179463386536,
                    -1.5678746700286865
                ],
                [
                    0.0,
                    0.4249798655509949,
                    0.9052026867866516,
                    3.648988962173462
                ],
                [
                    0.0,
                    0.0,
                    0.0,
                    1.0
                ]
            ]
        },
        {
            "file_path": "/data/shapenet_blender/all_50_random/02958343/b25bd03ac3b1ce39d5238b9ecc7822b0/r_34",
            "rotation": 0.12566370614359174,
            "transform_matrix": [
                [
                    0.9899445176124573,
                    0.01228503417223692,
                    -0.14092159271240234,
                    -0.5680731534957886
                ],
                [
                    -0.14145606756210327,
                    0.08597370237112045,
                    -0.9862041473388672,
                    -3.9755163192749023
                ],
                [
                    0.0,
                    0.9962216019630432,
                    0.0868469849228859,
                    0.35009142756462097
                ],
                [
                    0.0,
                    0.0,
                    0.0,
                    1.0
                ]
            ]
        },
        {
            "file_path": "/data/shapenet_blender/all_50_random/02958343/b25bd03ac3b1ce39d5238b9ecc7822b0/r_35",
            "rotation": 0.12566370614359174,
            "transform_matrix": [
                [
                    0.9115250110626221,
                    -0.156652569770813,
                    0.3802396059036255,
                    1.5327948331832886
                ],
                [
                    0.4112447202205658,
                    0.34722086787223816,
                    -0.8428021669387817,
                    -3.397444248199463
                ],
                [
                    0.0,
                    0.9246068596839905,
                    0.38092294335365295,
                    1.535549521446228
                ],
                [
                    0.0,
                    0.0,
                    0.0,
                    1.0
                ]
            ]
        },
        {
            "file_path": "/data/shapenet_blender/all_50_random/02958343/b25bd03ac3b1ce39d5238b9ecc7822b0/r_36",
            "rotation": 0.12566370614359174,
            "transform_matrix": [
                [
                    0.41612908244132996,
                    -0.8149920105934143,
                    -0.40326744318008423,
                    -1.6256232261657715
                ],
                [
                    -0.9093054533004761,
                    -0.37296804785728455,
                    -0.18454888463020325,
                    -0.7439404129981995
                ],
                [
                    0.0,
                    0.4434894621372223,
                    -0.8962794542312622,
                    -3.613018274307251
                ],
                [
                    0.0,
                    0.0,
                    0.0,
                    1.0
                ]
            ]
        },
        {
            "file_path": "/data/shapenet_blender/all_50_random/02958343/b25bd03ac3b1ce39d5238b9ecc7822b0/r_37",
            "rotation": 0.12566370614359174,
            "transform_matrix": [
                [
                    -0.7612706422805786,
                    0.04752818122506142,
                    -0.6466901898384094,
                    -2.60689115524292
                ],
                [
                    -0.6484343409538269,
                    -0.0557987242937088,
                    0.7592229843139648,
                    3.060525417327881
                ],
                [
                    0.0,
                    0.997310221195221,
                    0.07329683005809784,
                    0.29546892642974854
                ],
                [
                    0.0,
                    0.0,
                    0.0,
                    1.0
                ]
            ]
        },
        {
            "file_path": "/data/shapenet_blender/all_50_random/02958343/b25bd03ac3b1ce39d5238b9ecc7822b0/r_38",
            "rotation": 0.12566370614359174,
            "transform_matrix": [
                [
                    0.9377164244651794,
                    0.1195952370762825,
                    0.32616716623306274,
                    1.3148219585418701
                ],
                [
                    0.34740185737609863,
                    -0.3228146433830261,
                    -0.8803991079330444,
                    -3.5490024089813232
                ],
                [
                    0.0,
                    0.938875675201416,
                    -0.344256192445755,
                    -1.3877410888671875
                ],
                [
                    0.0,
                    0.0,
                    0.0,
                    1.0
                ]
            ]
        },
        {
            "file_path": "/data/shapenet_blender/all_50_random/02958343/b25bd03ac3b1ce39d5238b9ecc7822b0/r_39",
            "rotation": 0.12566370614359174,
            "transform_matrix": [
                [
                    -0.9715322256088257,
                    -0.16028617322444916,
                    -0.17445173859596252,
                    -0.7032375335693359
                ],
                [
                    -0.23690731823444366,
                    0.6573169231414795,
                    0.715408444404602,
                    2.883903980255127
                ],
                [
                    -7.450580152834618e-09,
                    0.7363713383674622,
                    -0.6765775084495544,
                    -2.7273714542388916
                ],
                [
                    0.0,
                    0.0,
                    0.0,
                    1.0
                ]
            ]
        },
        {
            "file_path": "/data/shapenet_blender/all_50_random/02958343/b25bd03ac3b1ce39d5238b9ecc7822b0/r_40",
            "rotation": 0.12566370614359174,
            "transform_matrix": [
                [
                    0.7487360835075378,
                    -0.20089896023273468,
                    -0.6316912770271301,
                    -2.546428918838501
                ],
                [
                    -0.6628682017326355,
                    -0.226923406124115,
                    -0.7135205268859863,
                    -2.876293182373047
                ],
                [
                    0.0,
                    0.952966570854187,
                    -0.30307531356811523,
                    -1.2217357158660889
                ],
                [
                    0.0,
                    0.0,
                    0.0,
                    1.0
                ]
            ]
        },
        {
            "file_path": "/data/shapenet_blender/all_50_random/02958343/b25bd03ac3b1ce39d5238b9ecc7822b0/r_41",
            "rotation": 0.12566370614359174,
            "transform_matrix": [
                [
                    0.8623576164245605,
                    0.043466635048389435,
                    -0.50443035364151,
                    -2.033424139022827
                ],
                [
                    -0.5062997341156006,
                    0.07403476536273956,
                    -0.8591736555099487,
                    -3.46343994140625
                ],
                [
                    -3.725290298461914e-09,
                    0.9963079690933228,
                    0.08585157990455627,
                    0.3460788130760193
