{
    "class": "02958343",
    "model": "2205a3f2c102f180a134736201a79843",
    "remove_doubles": true,
    "edge_split": true,
    "denoise": true,
    "camera_angle_x": 0.6911112070083618,
    "scale_factor": 2.269498419170028,
    "hdri_file": "/data/IndoorHDRDataset2018/9C4A7619-6bcf4cf499.exr",
    "center_offset": [
        0.0,
        0.0,
        -9.313225746154785e-10
    ],
    "lights": [],
    "frames": [
        {
            "file_path": "/data/shapenet_blender/all_50_random/02958343/2205a3f2c102f180a134736201a79843/r_0",
            "rotation": 0.12566370614359174,
            "transform_matrix": [
                [
                    -0.45341190695762634,
                    -0.03813609480857849,
                    0.8904848694801331,
                    3.5896592140197754
                ],
                [
                    0.891301155090332,
                    -0.019400130957365036,
                    0.4529966711997986,
                    1.8260879516601562
                ],
                [
                    0.0,
                    0.9990842342376709,
                    0.04278699308633804,
                    0.17247988283634186
                ],
                [
                    0.0,
                    0.0,
                    0.0,
                    1.0
                ]
            ]
        },
        {
            "file_path": "/data/shapenet_blender/all_50_random/02958343/2205a3f2c102f180a134736201a79843/r_1",
            "rotation": 0.12566370614359174,
            "transform_matrix": [
                [
                    0.6756873726844788,
                    0.14715798199176788,
                    -0.7223510146141052,
                    -2.9118900299072266
                ],
                [
                    -0.7371881604194641,
                    0.1348811537027359,
                    -0.6620880365371704,
                    -2.668962240219116
                ],
                [
                    0.0,
                    0.9798731803894043,
                    0.19962066411972046,
                    0.8046966195106506
                ],
                [
                    0.0,
                    0.0,
                    0.0,
                    1.0
                ]
            ]
        },
        {
            "file_path": "/data/shapenet_blender/all_50_random/02958343/2205a3f2c102f180a134736201a79843/r_2",
            "rotation": 0.12566370614359174,
            "transform_matrix": [
                [
                    -0.44197431206703186,
                    -0.8577892184257507,
                    -0.26240473985671997,
                    -1.057787299156189
                ],
                [
                    -0.8970276713371277,
                    0.42264115810394287,
                    0.1292893886566162,
                    0.5211821794509888
                ],
                [
                    0.0,
                    0.2925269305706024,
                    -0.9562572836875916,
                    -3.8547964096069336
                ],
                [
                    0.0,
                    0.0,
                    0.0,
                    1.0
                ]
            ]
        },
        {
            "file_path": "/data/shapenet_blender/all_50_random/02958343/2205a3f2c102f180a134736201a79843/r_3",
            "rotation": 0.12566370614359174,
            "transform_matrix": [
                [
                    0.9172744154930115,
                    -0.15462321043014526,
                    -0.36701399087905884,
                    -1.4794808626174927
                ],
                [
                    -0.39825573563575745,
                    -0.35613277554512024,
                    -0.845317542552948,
                    -3.4075841903686523
                ],
                [
                    -1.4901161193847656e-08,
                    0.9215536117553711,
                    -0.38825103640556335,
                    -1.5650900602340698
                ],
                [
                    0.0,
                    0.0,
                    0.0,
                    1.0
                ]
            ]
        },
        {
            "file_path": "/data/shapenet_blender/all_50_random/02958343/2205a3f2c102f180a134736201a79843/r_4",
            "rotation": 0.12566370614359174,
            "transform_matrix": [
                [
                    0.8641421794891357,
                    -0.34315574169158936,
                    0.36810651421546936,
                    1.4838848114013672
                ],
                [
                    0.5032477378845215,
                    0.5892432928085327,
                    -0.6320870518684387,
                    -2.5480244159698486
                ],
                [
                    1.4901161193847656e-08,
                    0.731461763381958,
                    0.6818823218345642,
                    2.74875545501709
                ],
                [
                    0.0,
                    0.0,
                    0.0,
                    1.0
                ]
            ]
        },
        {
            "file_path": "/data/shapenet_blender/all_50_random/02958343/2205a3f2c102f180a134736201a79843/r_5",
            "rotation": 0.12566370614359174,
            "transform_matrix": [
                [
                    0.9154751896858215,
                    -0.21208849549293518,
                    0.34194108843803406,
                    1.3784085512161255
                ],
                [
                    0.4023745357990265,
                    0.4825398921966553,
                    -0.7779781222343445,
                    -3.1361300945281982
                ],
                [
                    -1.4901161193847656e-08,
                    0.8498079776763916,
                    0.5270922780036926,
                    2.124776840209961
                ],
                [
                    0.0,
                    0.0,
                    0.0,
                    1.0
                ]
            ]
        },
        {
            "file_path": "/data/shapenet_blender/all_50_random/02958343/2205a3f2c102f180a134736201a79843/r_6",
            "rotation": 0.12566370614359174,
            "transform_matrix": [
                [
                    -0.992004930973053,
                    -0.008881197310984135,
                    0.12588638067245483,
                    0.5074642300605774
                ],
                [
                    0.12619927525520325,
                    -0.06981174647808075,
                    0.9895454049110413,
                    3.988985061645508
                ],
                [
                    0.0,
                    0.9975205659866333,
                    0.07037441432476044,
                    0.28368833661079407
                ],
                [
                    0.0,
                    0.0,
                    0.0,
                    1.0
                ]
            ]
        },
        {
            "file_path": "/data/shapenet_blender/all_50_random/02958343/2205a3f2c102f180a134736201a79843/r_7",
            "rotation": 0.12566370614359174,
            "transform_matrix": [
                [
                    -0.10223320126533508,
                    0.5842989087104797,
                    -0.8050734400749207,
                    -3.2453548908233643
                ],
                [
                    -0.9947604537010193,
                    -0.060049377381801605,
                    0.08273874968290329,
                    0.33353057503700256
                ],
                [
                    3.725290298461914e-09,
                    0.8093137741088867,
                    0.5873764753341675,
                    2.3677902221679688
                ],
                [
                    0.0,
                    0.0,
                    0.0,
                    1.0
                ]
            ]
        },
        {
            "file_path": "/data/shapenet_blender/all_50_random/02958343/2205a3f2c102f180a134736201a79843/r_8",
            "rotation": 0.12566370614359174,
            "transform_matrix": [
                [
                    0.6642788052558899,
                    0.18415358662605286,
                    0.7244454026222229,
                    2.920332908630371
                ],
                [
                    0.7474849224090576,
                    -0.16365456581115723,
                    -0.6438038945198059,
                    -2.5952565670013428
                ],
                [
                    0.0,
                    0.96917724609375,
                    -0.2463642805814743,
                    -0.9931261539459229
                ],
                [
                    0.0,
                    0.0,
                    0.0,
                    1.0
                ]
            ]
        },
        {
            "file_path": "/data/shapenet_blender/all_50_random/02958343/2205a3f2c102f180a134736201a79843/r_9",
            "rotation": 0.12566370614359174,
            "transform_matrix": [
                [
                    -0.5766956210136414,
                    -0.20258140563964844,
                    0.7914435267448425,
                    3.190410852432251
                ],
                [
                    0.8169590830802917,
                    -0.14300328493118286,
                    0.5586841106414795,
                    2.2521276473999023
                ],
                [
                    7.450580596923828e-09,
                    0.9687676429748535,
                    0.2479700893163681,
                    0.9995993971824646
                ],
                [
                    0.0,
                    0.0,
                    0.0,
                    1.0
                ]
            ]
        },
        {
            "file_path": "/data/shapenet_blender/all_50_random/02958343/2205a3f2c102f180a134736201a79843/r_10",
            "rotation": 0.12566370614359174,
            "transform_matrix": [
                [
                    -0.9747115969657898,
                    -0.008591094985604286,
                    0.22330130636692047,
                    0.9001563787460327
                ],
                [
                    0.22346650063991547,
                    -0.03747246414422989,
                    0.9739910364151001,
                    3.926283359527588
                ],
                [
                    9.313225191043273e-10,
                    0.999260663986206,
                    0.03844467177987099,
                    0.15497542917728424
                ],
                [
                    0.0,
                    0.0,
                    0.0,
                    1.0
                ]
            ]
        },
        {
            "file_path": "/data/shapenet_blender/all_50_random/02958343/2205a3f2c102f180a134736201a79843/r_11",
            "rotation": 0.12566370614359174,
            "transform_matrix": [
                [
                    0.470618337392807,
                    0.8791464567184448,
                    -0.07496610283851624,
                    -0.30219805240631104
                ],
                [
                    -0.8823368549346924,
                    0.468916654586792,
                    -0.039985209703445435,
                    -0.16118554770946503
                ],
                [
                    -3.7252898543727042e-09,
                    0.08496364951133728,
                    0.9963840842247009,
                    4.016552925109863
                ],
                [
                    0.0,
                    0.0,
                    0.0,
                    1.0
                ]
            ]
        },
        {
            "file_path": "/data/shapenet_blender/all_50_random/02958343/2205a3f2c102f180a134736201a79843/r_12",
            "rotation": 0.12566370614359174,
            "transform_matrix": [
                [
                    0.10622108727693558,
                    -0.4631567597389221,
                    -0.8798879981040955,
                    -3.5469419956207275
                ],
                [
                    -0.9943426251411438,
                    -0.04947692155838013,
                    -0.09399441629648209,
                    -0.3789035975933075
                ],
                [
                    0.0,
                    0.8848941326141357,
                    -0.4657920002937317,
                    -1.8776676654815674
                ],
                [
                    0.0,
                    0.0,
                    0.0,
                    1.0
                ]
            ]
        },
        {
            "file_path": "/data/shapenet_blender/all_50_random/02958343/2205a3f2c102f180a134736201a79843/r_13",
            "rotation": 0.12566370614359174,
            "transform_matrix": [
                [
                    -0.15793775022029877,
                    0.30930179357528687,
                    -0.9377568960189819,
                    -3.780219078063965
                ],
                [
                    -0.9874491691589355,
                    -0.04947134107351303,
                    0.14998970925807953,
                    0.6046278476715088
                ],
                [
                    -3.725290742551124e-09,
                    0.9496762156486511,
                    0.3132331967353821,
                    1.262683391571045
                ],
                [
                    0.0,
                    0.0,
                    0.0,
                    1.0
                ]
            ]
        },
        {
            "file_path": "/data/shapenet_blender/all_50_random/02958343/2205a3f2c102f180a134736201a79843/r_14",
            "rotation": 0.12566370614359174,
            "transform_matrix": [
                [
                    0.5371623635292053,
                    -0.4394300878047943,
                    -0.7199706435203552,
                    -2.902294635772705
                ],
                [
                    -0.8434789180755615,
                    -0.27984732389450073,
                    -0.4585071802139282,
                    -1.848301649093628
                ],
                [
                    -1.4901161193847656e-08,
                    0.8535729050636292,
                    -0.5209733843803406,
                    -2.1001110076904297
                ],
                [
                    0.0,
                    0.0,
                    0.0,
                    1.0
                ]
            ]
        },
        {
            "file_path": "/data/shapenet_blender/all_50_random/02958343/2205a3f2c102f180a134736201a79843/r_15",
            "rotation": 0.12566370614359174,
            "transform_matrix": [
                [
                    -0.9821990728378296,
                    0.151026651263237,
                    0.11169616132974625,
                    0.450261652469635
                ],
                [
                    0.18784326314926147,
                    0.7896915674209595,
                    0.5840393900871277,
                    2.3543384075164795
                ],
                [
                    0.0,
                    0.5946243405342102,
                    -0.8040035367012024,
                    -3.241042137145996
                ],
                [
                    0.0,
                    0.0,
                    0.0,
                    1.0
                ]
            ]
        },
        {
            "file_path": "/data/shapenet_blender/all_50_random/02958343/2205a3f2c102f180a134736201a79843/r_16",
            "rotation": 0.12566370614359174,
            "transform_matrix": [
                [
                    -0.9806082844734192,
                    0.11670307070016861,
                    0.15744172036647797,
                    0.6346678733825684
                ],
                [
                    0.1959783285856247,
                    0.5839421153068542,
                    0.7877843379974365,
                    3.1756601333618164
                ],
                [
                    0.0,
                    0.8033629655838013,
                    -0.5954897403717041,
                    -2.400496006011963
                ],
                [
                    0.0,
                    0.0,
                    0.0,
                    1.0
                ]
            ]
        },
        {
            "file_path": "/data/shapenet_blender/all_50_random/02958343/2205a3f2c102f180a134736201a79843/r_17",
            "rotation": 0.12566370614359174,
            "transform_matrix": [
                [
                    -0.9203276634216309,
                    -0.09744100272655487,
                    0.3788169026374817,
                    1.52705979347229
                ],
                [
                    0.39114832878112793,
                    -0.2292676419019699,
                    0.8913132548332214,
                    3.592998743057251
                ],
                [
                    0.0,
                    0.9684737920761108,
                    0.2491152584552765,
                    1.0042157173156738
                ],
                [
                    0.0,
                    0.0,
                    0.0,
                    1.0
                ]
            ]
        },
        {
            "file_path": "/data/shapenet_blender/all_50_random/02958343/2205a3f2c102f180a134736201a79843/r_18",
            "rotation": 0.12566370614359174,
            "transform_matrix": [
                [
                    0.9996654987335205,
                    0.004647216759622097,
                    0.025444965809583664,
                    0.10257193446159363
                ],
                [
                    0.025865869596600533,
                    -0.17960591614246368,
                    -0.9833984971046448,
                    -3.9642062187194824
                ],
                [
                    4.656613428188905e-10,
                    0.9837276935577393,
                    -0.17966601252555847,
                    -0.7242568731307983
                ],
                [
                    0.0,
                    0.0,
                    0.0,
                    1.0
                ]
            ]
        },
        {
            "file_path": "/data/shapenet_blender/all_50_random/02958343/2205a3f2c102f180a134736201a79843/r_19",
            "rotation": 0.12566370614359174,
            "transform_matrix": [
                [
                    -0.9636774063110352,
                    0.18488623201847076,
                    0.19272464513778687,
                    0.7768979072570801
                ],
                [
                    0.2670687139034271,
                    0.6671342849731445,
                    0.6954180002212524,
                    2.8033196926116943
                ],
                [
                    -1.4901160305669237e-08,
                    0.7216293811798096,
                    -0.692279577255249,
                    -2.790668249130249
                ],
                [
                    0.0,
                    0.0,
                    0.0,
                    1.0
                ]
            ]
        },
        {
            "file_path": "/data/shapenet_blender/all_50_random/02958343/2205a3f2c102f180a134736201a79843/r_20",
            "rotation": 0.12566370614359174,
            "transform_matrix": [
                [
                    0.9773826003074646,
                    -0.12719061970710754,
                    -0.16895513236522675,
                    -0.6810798645019531
                ],
                [
                    -0.2114788293838501,
                    -0.587831437587738,
                    -0.7808526754379272,
                    -3.1477174758911133
                ],
                [
                    0.0,
                    0.7989221811294556,
                    -0.6014344096183777,
                    -2.424459457397461
                ],
                [
                    0.0,
                    0.0,
                    0.0,
                    1.0
                ]
            ]
        },
        {
            "file_path": "/data/shapenet_blender/all_50_random/02958343/2205a3f2c102f180a134736201a79843/r_21",
            "rotation": 0.12566370614359174,
            "transform_matrix": [
                [
                    -0.6742071509361267,
                    0.12868480384349823,
                    -0.7272447943687439,
                    -2.931617498397827
                ],
                [
                    -0.738542377948761,
                    -0.11747493594884872,
                    0.6638936996459961,
                    2.676241159439087
                ],
                [
                    0.0,
                    0.9847028851509094,
                    0.17424161732196808,
                    0.7023904323577881
                ],
                [
                    0.0,
                    0.0,
                    0.0,
                    1.0
                ]
            ]
        },
        {
            "file_path": "/data/shapenet_blender/all_50_random/02958343/2205a3f2c102f180a134736201a79843/r_22",
            "rotation": 0.12566370614359174,
            "transform_matrix": [
                [
                    -0.997477114200592,
                    -0.06414922326803207,
                    0.0304038655012846,
                    0.12256190180778503
                ],
                [
                    0.07098957151174545,
                    -0.9013631343841553,
                    0.4272058308124542,
                    1.7221218347549438
                ],
                [
                    0.0,
                    0.42828625440597534,
                    0.9036430716514587,
                    3.6427016258239746
                ],
                [
                    0.0,
                    0.0,
                    0.0,
                    1.0
                ]
            ]
        },
        {
            "file_path": "/data/shapenet_blender/all_50_random/02958343/2205a3f2c102f180a134736201a79843/r_23",
            "rotation": 0.12566370614359174,
            "transform_matrix": [
                [
                    0.04432428255677223,
                    -0.14222370088100433,
                    0.9888416528701782,
                    3.9861481189727783
                ],
                [
                    0.9990172386169434,
                    0.006310163997113705,
                    -0.043872810900211334,
                    -0.17685696482658386
                ],
                [
                    4.656612873077393e-10,
                    0.9898144602775574,
                    0.14236360788345337,
                    0.5738860368728638
                ],
                [
                    0.0,
                    0.0,
                    0.0,
                    1.0
                ]
            ]
        },
        {
            "file_path": "/data/shapenet_blender/all_50_random/02958343/2205a3f2c102f180a134736201a79843/r_24",
            "rotation": 0.12566370614359174,
            "transform_matrix": [
                [
                    -0.18784867227077484,
                    0.01400220301002264,
                    0.9820982217788696,
                    3.9589641094207764
                ],
                [
                    0.9821979999542236,
                    0.00267796847037971,
                    0.18782959878444672,
                    0.757165253162384
                ],
                [
                    0.0,
                    0.9998984336853027,
                    -0.014255988411605358,
                    -0.05746772140264511
                ],
                [
                    0.0,
                    0.0,
                    0.0,
                    1.0
                ]
            ]
        },
        {
            "file_path": "/data/shapenet_blender/all_50_random/02958343/2205a3f2c102f180a134736201a79843/r_25",
            "rotation": 0.12566370614359174,
            "transform_matrix": [
                [
                    0.737165629863739,
                    -0.1346081644296646,
                    0.6621688008308411,
                    2.66928768157959
                ],
                [
                    0.6757121682167053,
                    0.14685025811195374,
                    -0.7223905324935913,
                    -2.9120492935180664
                ],
                [
                    0.0,
                    0.9799569249153137,
                    0.19920936226844788,
                    0.8030385971069336
                ],
                [
                    0.0,
                    0.0,
                    0.0,
                    1.0
                ]
            ]
        },
        {
            "file_path": "/data/shapenet_blender/all_50_random/02958343/2205a3f2c102f180a134736201a79843/r_26",
            "rotation": 0.12566370614359174,
            "transform_matrix": [
                [
                    -0.6525101661682129,
                    -0.3243992328643799,
                    -0.6848325133323669,
                    -2.760648488998413
                ],
                [
                    -0.7577800154685974,
                    0.27933409810066223,
                    0.5896964073181152,
                    2.3771424293518066
                ],
                [
                    0.0,
                    0.9037353992462158,
                    -0.42809152603149414,
                    -1.7256922721862793
                ],
                [
                    0.0,
                    0.0,
                    0.0,
                    1.0
                ]
            ]
        },
        {
            "file_path": "/data/shapenet_blender/all_50_random/02958343/2205a3f2c102f180a134736201a79843/r_27",
            "rotation": 0.12566370614359174,
            "transform_matrix": [
                [
                    -0.8993607759475708,
                    0.09337179362773895,
                    0.4271204471588135,
                    1.7217775583267212
                ],
                [
                    0.4372072219848633,
                    0.19207122921943665,
                    0.87861168384552,
                    3.541796922683716
                ],
                [
                    0.0,
                    0.9769288897514343,
                    -0.2135641872882843,
                    -0.8609047532081604
                ],
                [
                    0.0,
                    0.0,
                    0.0,
                    1.0
                ]
            ]
        },
        {
            "file_path": "/data/shapenet_blender/all_50_random/02958343/2205a3f2c102f180a134736201a79843/r_28",
            "rotation": 0.12566370614359174,
            "transform_matrix": [
                [
                    0.23121878504753113,
                    0.25864893198013306,
                    0.9378905296325684,
                    3.7807576656341553
                ],
                [
                    0.9729018807411194,
                    -0.06147021800279617,
                    -0.22289802134037018,
                    -0.8985306620597839
                ],
                [
                    0.0,
                    0.9640135169029236,
                    -0.26585307717323303,
                    -1.0716880559921265
                ],
                [
                    0.0,
                    0.0,
                    0.0,
                    1.0
                ]
            ]
        },
        {
            "file_path": "/data/shapenet_blender/all_50_random/02958343/2205a3f2c102f180a134736201a79843/r_29",
            "rotation": 0.12566370614359174,
            "transform_matrix": [
                [
                    -0.9976895451545715,
                    0.05957973375916481,
                    0.03264663368463516,
                    0.13160279393196106
                ],
                [
                    0.06793782114982605,
                    0.874948263168335,
                    0.4794267416000366,
                    1.932631015777588
                ],
                [
                    1.862645149230957e-09,
                    0.48053696751594543,
                    -0.8769744634628296,
                    -3.5351970195770264
                ],
                [
                    0.0,
                    0.0,
                    0.0,
                    1.0
                ]
            ]
        },
        {
            "file_path": "/data/shapenet_blender/all_50_random/02958343/2205a3f2c102f180a134736201a79843/r_30",
            "rotation": 0.12566370614359174,
            "transform_matrix": [
                [
                    0.9961473345756531,
                    0.014989239163696766,
                    -0.08640526980161667,
                    -0.34831082820892334
                ],
                [
                    -0.08769577741622925,
                    0.17026464641094208,
                    -0.9814882874488831,
                    -3.9565060138702393
                ],
                [
                    0.0,
                    0.9852843880653381,
                    0.1709231287240982,
                    0.6890132427215576
                ],
                [
                    0.0,
                    0.0,
                    0.0,
                    1.0
                ]
            ]
        },
        {
            "file_path": "/data/shapenet_blender/all_50_random/02958343/2205a3f2c102f180a134736201a79843/r_31",
            "rotation": 0.12566370614359174,
            "transform_matrix": [
                [
                    0.41916751861572266,
                    0.3605215549468994,
                    0.8332602977752686,
                    3.3589797019958496
                ],
                [
                    0.9079089164733887,
                    -0.1664472371339798,
                    -0.3847034275531769,
                    -1.5507891178131104
                ],
                [
                    0.0,
                    0.9177795648574829,
                    -0.39709004759788513,
                    -1.6007212400436401
                ],
                [
                    0.0,
                    0.0,
                    0.0,
                    1.0
                ]
            ]
        },
        {
            "file_path": "/data/shapenet_blender/all_50_random/02958343/2205a3f2c102f180a134736201a79843/r_32",
            "rotation": 0.12566370614359174,
            "transform_matrix": [
                [
                    0.8084576725959778,
                    -0.46907103061676025,
                    0.35548344254493713,
                    1.4329997301101685
                ],
                [
                    0.5885542035102844,
                    0.6443315744400024,
                    -0.48830389976501465,
                    -1.9684160947799683
                ],
                [
                    0.0,
                    0.6039943695068359,
                    0.7969884872436523,
                    3.212763547897339
                ],
                [
                    0.0,
                    0.0,
                    0.0,
                    1.0
                ]
            ]
        },
        {
            "file_path": "/data/shapenet_blender/all_50_random/02958343/2205a3f2c102f180a134736201a79843/r_33",
            "rotation": 0.12566370614359174,
            "transform_matrix": [
                [
                    -0.9974821209907532,
                    0.06992276757955551,
                    -0.011837208643555641,
                    -0.047717317938804626
                ],
                [
                    -0.07091764360666275,
                    -0.9834887385368347,
                    0.16649457812309265,
                    0.6711611747741699
                ],
                [
                    9.313225746154785e-10,
                    0.1669149100780487,
                    0.985971212387085,
                    3.9745774269104004
                ],
                [
                    0.0,
                    0.0,
                    0.0,
                    1.0
                ]
            ]
        },
        {
            "file_path": "/data/shapenet_blender/all_50_random/02958343/2205a3f2c102f180a134736201a79843/r_34",
            "rotation": 0.12566370614359174,
            "transform_matrix": [
                [
                    0.8719402551651001,
                    0.03135256841778755,
                    -0.48860740661621094,
                    -1.969639539718628
                ],
                [
                    -0.48961231112480164,
                    0.05583512783050537,
                    -0.870150625705719,
                    -3.5076897144317627
                ],
                [
                    0.0,
                    0.9979475736618042,
                    0.06403549760580063,
                    0.2581353783607483
                ],
                [
                    0.0,
                    0.0,
                    0.0,
                    1.0
                ]
            ]
        },
        {
            "file_path": "/data/shapenet_blender/all_50_random/02958343/2205a3f2c102f180a134736201a79843/r_35",
            "rotation": 0.12566370614359174,
            "transform_matrix": [
                [
                    -0.9999905228614807,
                    0.002676366362720728,
                    0.0034553322475403547,
                    0.013928890228271484
                ],
                [
                    0.004370613489300013,
                    0.6123490929603577,
                    0.790575385093689,
                    3.1869113445281982
                ],
                [
                    0.0,
                    0.7905828356742859,
                    -0.6123549342155457,
                    -2.4684817790985107
                ],
                [
                    0.0,
                    0.0,
                    0.0,
                    1.0
                ]
            ]
        },
        {
            "file_path": "/data/shapenet_blender/all_50_random/02958343/2205a3f2c102f180a134736201a79843/r_36",
            "rotation": 0.12566370614359174,
            "transform_matrix": [
                [
                    -0.890598714351654,
                    -0.0071207270957529545,
                    0.45473408699035645,
                    1.8330918550491333
                ],
                [
                    0.4547898471355438,
                    -0.013944264501333237,
                    0.8904895186424255,
                    3.5896782875061035
                ],
                [
                    -4.6566125955216364e-10,
                    0.9998774528503418,
                    0.015657175332307816,
                    0.06311610341072083
                ],
                [
                    0.0,
                    0.0,
                    0.0,
                    1.0
                ]
            ]
        },
        {
            "file_path": "/data/shapenet_blender/all_50_random/02958343/2205a3f2c102f180a134736201a79843/r_37",
            "rotation": 0.12566370614359174,
            "transform_matrix": [
                [
                    0.4445558786392212,
                    0.00011557564721442759,
                    -0.8957511186599731,
                    -3.6108880043029785
                ],
                [
                    -0.8957510590553284,
                    5.7359502534382045e-05,
                    -0.4445559084415436,
                    -1.7920620441436768
                ],
                [
                    0.0,
                    0.9999999403953552,
                    0.00012902653543278575,
                    0.0005201225867494941
                ],
                [
                    0.0,
                    0.0,
                    0.0,
                    1.0
                ]
            ]
        },
        {
            "file_path": "/data/shapenet_blender/all_50_random/02958343/2205a3f2c102f180a134736201a79843/r_38",
            "rotation": 0.12566370614359174,
            "transform_matrix": [
                [
                    -0.09785444289445877,
                    -0.005907753482460976,
                    -0.9951832294464111,
                    -4.011711597442627
                ],
                [
                    -0.9952008128166199,
                    0.0005808876594528556,
                    0.09785270690917969,
                    0.3944568634033203
                ],
                [
                    0.0,
                    0.9999823570251465,
                    -0.0059362431056797504,
                    -0.023929759860038757
                ],
                [
                    0.0,
                    0.0,
                    0.0,
                    1.0
                ]
            ]
        },
        {
            "file_path": "/data/shapenet_blender/all_50_random/02958343/2205a3f2c102f180a134736201a79843/r_39",
            "rotation": 0.12566370614359174,
            "transform_matrix": [
                [
                    0.08227727562189102,
                    0.22535686194896698,
                    0.9707959294319153,
                    3.9134035110473633
                ],
                [
                    0.9966093897819519,
                    -0.018604829907417297,
                    -0.0801461860537529,
                    -0.3230796158313751
                ],
                [
                    0.0,
                    0.9740986824035645,
                    -0.22612354159355164,
                    -0.9115331768989563
                ],
                [
                    0.0,
                    0.0,
                    0.0,
                    1.0
                ]
            ]
        },
        {
            "file_path": "/data/shapenet_blender/all_50_random/02958343/2205a3f2c102f180a134736201a79843/r_40",
            "rotation": 0.12566370614359174,
            "transform_matrix": [
                [
                    -0.9988809823989868,
                    -0.003957450855523348,
                    -0.047128140926361084,
                    -0.18997961282730103
                ],
                [
                    -0.047294002026319504,
                    0.0835840031504631,
                    0.9953778386116028,
                    4.012496471405029
                ],
                [
                    0.0,
                    0.996492862701416,
                    -0.08367764204740524,
                    -0.3373153507709503
                ],
                [
                    0.0,
                    0.0,
                    0.0,
                    1.0
                ]
            ]
        },
        {
            "file_path": "/data/shapenet_blender/all_50_random/02958343/2205a3f2c102f180a134736201a79843/r_41",
            "rotation": 0.12566370614359174,
            "transform_matrix": [
                [
                    0.9034764766693115,
                    0.060689736157655716,
                    0.4243195056915283,
                    1.710486650466919
                ],
                [
                    0.42863771319389343,
                    -0.1279209554195404,
                    -0.8943746089935303,
                    -3.605339288711548
                ],
                [
                    3.725290298461914e-09,
