{
    "class": "02958343",
    "model": "6cc0924f1ad64faf8c2e7159929c406f",
    "remove_doubles": true,
    "edge_split": true,
    "denoise": true,
    "camera_angle_x": 0.6911112070083618,
    "scale_factor": 2.442521484798677,
    "hdri_file": "/data/IndoorHDRDataset2018/9C4A4433-1eaf200d56.exr",
    "center_offset": [
        0.0,
        -2.7939677238464355e-09,
        7.450580596923828e-09
    ],
    "lights": [],
    "frames": [
        {
            "file_path": "/data/shapenet_blender/all_50_random/02958343/6cc0924f1ad64faf8c2e7159929c406f/r_0",
            "rotation": 0.12566370614359174,
            "transform_matrix": [
                [
                    -0.18423032760620117,
                    -0.8495066165924072,
                    -0.49436596035957336,
                    -1.9928529262542725
                ],
                [
                    -0.9828830361366272,
                    0.15923042595386505,
                    0.09266331791877747,
                    0.3735377788543701
                ],
                [
                    0.0,
                    0.5029754042625427,
                    -0.8643007278442383,
                    -3.484107732772827
                ],
                [
                    0.0,
                    0.0,
                    0.0,
                    1.0
                ]
            ]
        },
        {
            "file_path": "/data/shapenet_blender/all_50_random/02958343/6cc0924f1ad64faf8c2e7159929c406f/r_1",
            "rotation": 0.12566370614359174,
            "transform_matrix": [
                [
                    -0.886151134967804,
                    0.21932432055473328,
                    -0.40820690989494324,
                    -1.645534634590149
                ],
                [
                    -0.46339619159698486,
                    -0.4194132685661316,
                    0.7806128859519958,
                    3.1467511653900146
                ],
                [
                    0.0,
                    0.8809025883674622,
                    0.4732976257801056,
                    1.907923698425293
                ],
                [
                    0.0,
                    0.0,
                    0.0,
                    1.0
                ]
            ]
        },
        {
            "file_path": "/data/shapenet_blender/all_50_random/02958343/6cc0924f1ad64faf8c2e7159929c406f/r_2",
            "rotation": 0.12566370614359174,
            "transform_matrix": [
                [
                    0.6945520639419556,
                    -0.19723597168922424,
                    -0.691878080368042,
                    -2.7890498638153076
                ],
                [
                    -0.7194423675537109,
                    -0.19041228294372559,
                    -0.6679414510726929,
                    -2.6925580501556396
                ],
                [
                    -1.4901161193847656e-08,
                    0.9616865515708923,
                    -0.27415117621421814,
                    -1.1051387786865234
                ],
                [
                    0.0,
                    0.0,
                    0.0,
                    1.0
                ]
            ]
        },
        {
            "file_path": "/data/shapenet_blender/all_50_random/02958343/6cc0924f1ad64faf8c2e7159929c406f/r_3",
            "rotation": 0.12566370614359174,
            "transform_matrix": [
                [
                    0.8215484619140625,
                    -0.15482112765312195,
                    -0.5487154722213745,
                    -2.2119429111480713
                ],
                [
                    -0.5701388716697693,
                    -0.22309137880802155,
                    -0.7906781435012817,
                    -3.1873254776000977
                ],
                [
                    -7.450581485102248e-09,
                    0.9624243378639221,
                    -0.27154988050460815,
                    -1.094652533531189
                ],
                [
                    0.0,
                    0.0,
                    0.0,
                    1.0
                ]
            ]
        },
        {
            "file_path": "/data/shapenet_blender/all_50_random/02958343/6cc0924f1ad64faf8c2e7159929c406f/r_4",
            "rotation": 0.12566370614359174,
            "transform_matrix": [
                [
                    0.30380645394325256,
                    -0.7956031560897827,
                    -0.5241348147392273,
                    -2.1128551959991455
                ],
                [
                    -0.9527337551116943,
                    -0.253700852394104,
                    -0.16713540256023407,
                    -0.6737444400787354
                ],
                [
                    0.0,
                    0.5501377582550049,
                    -0.8350737690925598,
                    -3.366290330886841
                ],
                [
                    0.0,
                    0.0,
                    0.0,
                    1.0
                ]
            ]
        },
        {
            "file_path": "/data/shapenet_blender/all_50_random/02958343/6cc0924f1ad64faf8c2e7159929c406f/r_5",
            "rotation": 0.12566370614359174,
            "transform_matrix": [
                [
                    -0.9936749339103699,
                    -0.02478875406086445,
                    -0.1095246896147728,
                    -0.44150814414024353
                ],
                [
                    -0.11229488253593445,
                    0.21935072541236877,
                    0.9691620469093323,
                    3.9068171977996826
                ],
                [
                    1.862645149230957e-09,
                    0.9753310680389404,
                    -0.2207469791173935,
                    -0.8898595571517944
                ],
                [
                    0.0,
                    0.0,
                    0.0,
                    1.0
                ]
            ]
        },
        {
            "file_path": "/data/shapenet_blender/all_50_random/02958343/6cc0924f1ad64faf8c2e7159929c406f/r_6",
            "rotation": 0.12566370614359174,
            "transform_matrix": [
                [
                    0.8943102359771729,
                    0.18412932753562927,
                    -0.40780577063560486,
                    -1.6439177989959717
                ],
                [
                    -0.44744738936424255,
                    0.36801809072494507,
                    -0.8150787353515625,
                    -3.2856876850128174
                ],
                [
                    0.0,
                    0.9114049673080444,
                    0.41151052713394165,
                    1.6588521003723145
                ],
                [
                    0.0,
                    0.0,
                    0.0,
                    1.0
                ]
            ]
        },
        {
            "file_path": "/data/shapenet_blender/all_50_random/02958343/6cc0924f1ad64faf8c2e7159929c406f/r_7",
            "rotation": 0.12566370614359174,
            "transform_matrix": [
                [
                    0.9344775676727295,
                    -0.13611455261707306,
                    0.32897505164146423,
                    1.3261408805847168
                ],
                [
                    0.3560221493244171,
                    0.35726988315582275,
                    -0.8634850382804871,
                    -3.4808194637298584
                ],
                [
                    7.450580596923828e-09,
                    0.9240297675132751,
                    0.38232043385505676,
                    1.5411829948425293
                ],
                [
                    0.0,
                    0.0,
                    0.0,
                    1.0
                ]
            ]
        },
        {
            "file_path": "/data/shapenet_blender/all_50_random/02958343/6cc0924f1ad64faf8c2e7159929c406f/r_8",
            "rotation": 0.12566370614359174,
            "transform_matrix": [
                [
                    0.9676973819732666,
                    -0.0373474545776844,
                    0.24933305382728577,
                    1.0050935745239258
                ],
                [
                    0.2521146535873413,
                    0.14335156977176666,
                    -0.9570206999778748,
                    -3.8578734397888184
                ],
                [
                    3.725290076417309e-09,
                    0.9889668226242065,
                    0.14813680946826935,
                    0.5971584916114807
                ],
                [
                    0.0,
                    0.0,
                    0.0,
                    1.0
                ]
            ]
        },
        {
            "file_path": "/data/shapenet_blender/all_50_random/02958343/6cc0924f1ad64faf8c2e7159929c406f/r_9",
            "rotation": 0.12566370614359174,
            "transform_matrix": [
                [
                    -0.6804899573326111,
                    0.14402484893798828,
                    0.7184637784957886,
                    2.8962204456329346
                ],
                [
                    0.7327575087547302,
                    0.13375157117843628,
                    0.6672157645225525,
                    2.6896331310272217
                ],
                [
                    -7.450582373280668e-09,
                    0.9804933667182922,
                    -0.1965518593788147,
                    -0.7923259735107422
                ],
                [
                    0.0,
                    0.0,
                    0.0,
                    1.0
                ]
            ]
        },
        {
            "file_path": "/data/shapenet_blender/all_50_random/02958343/6cc0924f1ad64faf8c2e7159929c406f/r_10",
            "rotation": 0.12566370614359174,
            "transform_matrix": [
                [
                    -0.8150846362113953,
                    0.05927642434835434,
                    -0.5763015151023865,
                    -2.3231453895568848
                ],
                [
                    -0.5793419480323792,
                    -0.08339685946702957,
                    0.8108069896697998,
                    3.2684671878814697
                ],
                [
                    3.725290298461914e-09,
                    0.9947518110275269,
                    0.10231683403253555,
                    0.4124523103237152
                ],
                [
                    0.0,
                    0.0,
                    0.0,
                    1.0
                ]
            ]
        },
        {
            "file_path": "/data/shapenet_blender/all_50_random/02958343/6cc0924f1ad64faf8c2e7159929c406f/r_11",
            "rotation": 0.12566370614359174,
            "transform_matrix": [
                [
                    0.22842878103256226,
                    -0.08379384130239487,
                    0.9699479341506958,
                    3.909984827041626
                ],
                [
                    0.9735606908798218,
                    0.019660741090774536,
                    -0.22758111357688904,
                    -0.9174087047576904
                ],
                [
                    0.0,
                    0.9962891340255737,
                    0.08606946468353271,
                    0.3469570577144623
                ],
                [
                    0.0,
                    0.0,
                    0.0,
                    1.0
                ]
            ]
        },
        {
            "file_path": "/data/shapenet_blender/all_50_random/02958343/6cc0924f1ad64faf8c2e7159929c406f/r_12",
            "rotation": 0.12566370614359174,
            "transform_matrix": [
                [
                    -0.8021497130393982,
                    -0.023700205609202385,
                    -0.5966523289680481,
                    -2.405182123184204
                ],
                [
                    -0.5971227288246155,
                    0.031837865710258484,
                    0.8015178442001343,
                    3.2310214042663574
                ],
                [
                    -1.8626448161640496e-09,
                    0.9992119669914246,
                    -0.03969068080186844,
                    -0.15999823808670044
                ],
                [
                    0.0,
                    0.0,
                    0.0,
                    1.0
                ]
            ]
        },
        {
            "file_path": "/data/shapenet_blender/all_50_random/02958343/6cc0924f1ad64faf8c2e7159929c406f/r_13",
            "rotation": 0.12566370614359174,
            "transform_matrix": [
                [
                    0.9798122048377991,
                    0.13987722992897034,
                    0.14283700287342072,
                    0.5757944583892822
                ],
                [
                    0.19992010295391083,
                    -0.6855409145355225,
                    -0.7000468373298645,
                    -2.821979284286499
                ],
                [
                    0.0,
                    0.7144704461097717,
                    -0.6996655464172363,
                    -2.8204421997070312
                ],
                [
                    0.0,
                    0.0,
                    0.0,
                    1.0
                ]
            ]
        },
        {
            "file_path": "/data/shapenet_blender/all_50_random/02958343/6cc0924f1ad64faf8c2e7159929c406f/r_14",
            "rotation": 0.12566370614359174,
            "transform_matrix": [
                [
                    -0.9944494962692261,
                    0.09107019007205963,
                    0.05269359052181244,
                    0.21241465210914612
                ],
                [
                    0.10521595925092697,
                    0.860750675201416,
                    0.49803391098976135,
                    2.007638931274414
                ],
                [
                    0.0,
                    0.5008136630058289,
                    -0.8655550479888916,
                    -3.489164113998413
                ],
                [
                    0.0,
                    0.0,
                    0.0,
                    1.0
                ]
            ]
        },
        {
            "file_path": "/data/shapenet_blender/all_50_random/02958343/6cc0924f1ad64faf8c2e7159929c406f/r_15",
            "rotation": 0.12566370614359174,
            "transform_matrix": [
                [
                    0.9999473690986633,
                    -0.0017613752279430628,
                    -0.010113050229847431,
                    -0.040767014026641846
                ],
                [
                    -0.010265293531119823,
                    -0.17157642543315887,
                    -0.9851172566413879,
                    -3.971134901046753
                ],
                [
                    1.1641533570472262e-10,
                    0.9851691722869873,
                    -0.17158547043800354,
                    -0.6916832327842712
                ],
                [
                    0.0,
                    0.0,
                    0.0,
                    1.0
                ]
            ]
        },
        {
            "file_path": "/data/shapenet_blender/all_50_random/02958343/6cc0924f1ad64faf8c2e7159929c406f/r_16",
            "rotation": 0.12566370614359174,
            "transform_matrix": [
                [
                    0.25375431776046753,
                    -0.3794679045677185,
                    -0.8897262811660767,
                    -3.5866012573242188
                ],
                [
                    -0.967268705368042,
                    -0.0995500236749649,
                    -0.2334117740392685,
                    -0.9409129619598389
                ],
                [
                    7.450580152834618e-09,
                    0.9198336005210876,
                    -0.39230865240097046,
                    -1.5814467668533325
                ],
                [
                    0.0,
                    0.0,
                    0.0,
                    1.0
                ]
            ]
        },
        {
            "file_path": "/data/shapenet_blender/all_50_random/02958343/6cc0924f1ad64faf8c2e7159929c406f/r_17",
            "rotation": 0.12566370614359174,
            "transform_matrix": [
                [
                    -0.4151424765586853,
                    0.9088053703308105,
                    0.04158904403448105,
                    0.16765080392360687
                ],
                [
                    0.9097563624382019,
                    0.41470852494239807,
                    0.018978023901581764,
                    0.07650285959243774
                ],
                [
                    0.0,
                    0.04571414738893509,
                    -0.9989545345306396,
                    -4.026914596557617
                ],
                [
                    0.0,
                    0.0,
                    0.0,
                    1.0
                ]
            ]
        },
        {
            "file_path": "/data/shapenet_blender/all_50_random/02958343/6cc0924f1ad64faf8c2e7159929c406f/r_18",
            "rotation": 0.12566370614359174,
            "transform_matrix": [
                [
                    0.9993800520896912,
                    0.003934225998818874,
                    0.03498704358935356,
                    0.14103728532791138
                ],
                [
                    0.03520754724740982,
                    -0.11167453974485397,
                    -0.9931209087371826,
                    -4.003398418426514
                ],
                [
                    -4.656612873077393e-10,
                    0.9937371015548706,
                    -0.11174381524324417,
                    -0.4504537284374237
                ],
                [
                    0.0,
                    0.0,
                    0.0,
                    1.0
                ]
            ]
        },
        {
            "file_path": "/data/shapenet_blender/all_50_random/02958343/6cc0924f1ad64faf8c2e7159929c406f/r_19",
            "rotation": 0.12566370614359174,
            "transform_matrix": [
                [
                    0.8384051322937012,
                    -0.2193596512079239,
                    0.4989570081233978,
                    2.0113601684570312
                ],
                [
                    0.5450474619865417,
                    0.33742424845695496,
                    -0.7675076127052307,
                    -3.0939223766326904
                ],
                [
                    1.4901161193847656e-08,
                    0.9154375791549683,
                    0.40245965123176575,
                    1.6223669052124023
                ],
                [
                    0.0,
                    0.0,
                    0.0,
                    1.0
                ]
            ]
        },
        {
            "file_path": "/data/shapenet_blender/all_50_random/02958343/6cc0924f1ad64faf8c2e7159929c406f/r_20",
            "rotation": 0.12566370614359174,
            "transform_matrix": [
                [
                    0.7549752593040466,
                    -0.0114029161632061,
                    -0.6556540131568909,
                    -2.643026113510132
                ],
                [
                    -0.6557531952857971,
                    -0.013128291815519333,
                    -0.754861056804657,
                    -3.042942523956299
                ],
                [
                    0.0,
                    0.9998486638069153,
                    -0.01738903485238552,
                    -0.07009744644165039
                ],
                [
                    0.0,
                    0.0,
                    0.0,
                    1.0
                ]
            ]
        },
        {
            "file_path": "/data/shapenet_blender/all_50_random/02958343/6cc0924f1ad64faf8c2e7159929c406f/r_21",
            "rotation": 0.12566370614359174,
            "transform_matrix": [
                [
                    -0.8821449875831604,
                    0.02961668372154236,
                    -0.470045804977417,
                    -1.8948153257369995
                ],
                [
                    -0.4709779918193817,
                    -0.055472251027822495,
                    0.8803989887237549,
                    3.549002170562744
                ],
                [
                    0.0,
                    0.9980208277702332,
                    0.06288336217403412,
                    0.25349098443984985
                ],
                [
                    0.0,
                    0.0,
                    0.0,
                    1.0
                ]
            ]
        },
        {
            "file_path": "/data/shapenet_blender/all_50_random/02958343/6cc0924f1ad64faf8c2e7159929c406f/r_22",
            "rotation": 0.12566370614359174,
            "transform_matrix": [
                [
                    -0.8618588447570801,
                    0.11432488262653351,
                    -0.49409425258636475,
                    -1.9917576313018799
                ],
                [
                    -0.5071481466293335,
                    -0.19428622722625732,
                    0.839674711227417,
                    3.3848369121551514
                ],
                [
                    0.0,
                    0.9742600917816162,
                    0.22542698681354523,
                    0.9087252616882324
                ],
                [
                    0.0,
                    0.0,
                    0.0,
                    1.0
                ]
            ]
        },
        {
            "file_path": "/data/shapenet_blender/all_50_random/02958343/6cc0924f1ad64faf8c2e7159929c406f/r_23",
            "rotation": 0.12566370614359174,
            "transform_matrix": [
                [
                    -0.10669488459825516,
                    -0.004903753288090229,
                    -0.9942797422409058,
                    -4.0080695152282715
                ],
                [
                    -0.9942917227745056,
                    0.0005262091872282326,
                    0.10669360309839249,
                    0.4300956428050995
                ],
                [
                    0.0,
                    0.9999878406524658,
                    -0.00493190623819828,
                    -0.019881149753928185
                ],
                [
                    0.0,
                    0.0,
                    0.0,
                    1.0
                ]
            ]
        },
        {
            "file_path": "/data/shapenet_blender/all_50_random/02958343/6cc0924f1ad64faf8c2e7159929c406f/r_24",
            "rotation": 0.12566370614359174,
            "transform_matrix": [
                [
                    0.859703779220581,
                    -0.057059962302446365,
                    -0.5075957179069519,
                    -2.0461840629577637
                ],
                [
                    -0.5107927918434143,
                    -0.09603632241487503,
                    -0.8543228507041931,
                    -3.4438858032226562
                ],
                [
                    0.0,
                    0.9937409162521362,
                    -0.1117086112499237,
                    -0.4503118395805359
                ],
                [
                    0.0,
                    0.0,
                    0.0,
                    1.0
                ]
            ]
        },
        {
            "file_path": "/data/shapenet_blender/all_50_random/02958343/6cc0924f1ad64faf8c2e7159929c406f/r_25",
            "rotation": 0.12566370614359174,
            "transform_matrix": [
                [
                    0.9511160254478455,
                    0.28485921025276184,
                    -0.11930429190397263,
                    -0.48093098402023315
                ],
                [
                    -0.3088337481021881,
                    0.8772816061973572,
                    -0.3674217164516449,
                    -1.4811242818832397
                ],
                [
                    0.0,
                    0.3863058090209961,
                    0.9223706722259521,
                    3.7181951999664307
                ],
                [
                    0.0,
                    0.0,
                    0.0,
                    1.0
                ]
            ]
        },
        {
            "file_path": "/data/shapenet_blender/all_50_random/02958343/6cc0924f1ad64faf8c2e7159929c406f/r_26",
            "rotation": 0.12566370614359174,
            "transform_matrix": [
                [
                    0.5864382982254028,
                    -0.4722757935523987,
                    -0.6580620408058167,
                    -2.652733087539673
                ],
                [
                    -0.8099939227104187,
                    -0.34192922711372375,
                    -0.47643908858299255,
                    -1.9205875396728516
                ],
                [
                    0.0,
                    0.8124284744262695,
                    -0.5830608010292053,
                    -2.350393533706665
                ],
                [
                    0.0,
                    0.0,
                    0.0,
                    1.0
                ]
            ]
        },
        {
            "file_path": "/data/shapenet_blender/all_50_random/02958343/6cc0924f1ad64faf8c2e7159929c406f/r_27",
            "rotation": 0.12566370614359174,
            "transform_matrix": [
                [
                    -0.41388946771621704,
                    -0.5489612221717834,
                    -0.7261797189712524,
                    -2.927324056625366
                ],
                [
                    -0.9103271961212158,
                    0.24959078431129456,
                    0.33016493916511536,
                    1.330937385559082
                ],
                [
                    0.0,
                    0.7977128028869629,
                    -0.603037416934967,
                    -2.4309215545654297
                ],
                [
                    0.0,
                    0.0,
                    0.0,
                    1.0
                ]
            ]
        },
        {
            "file_path": "/data/shapenet_blender/all_50_random/02958343/6cc0924f1ad64faf8c2e7159929c406f/r_28",
            "rotation": 0.12566370614359174,
            "transform_matrix": [
                [
                    0.5429092645645142,
                    -0.018171513453125954,
                    -0.8395947217941284,
                    -3.384514570236206
                ],
                [
                    -0.8397914171218872,
                    -0.011747540906071663,
                    -0.5427821278572083,
                    -2.1880247592926025
                ],
                [
                    -9.31322685637781e-10,
                    0.9997657537460327,
                    -0.021638130769133568,
                    -0.08722609281539917
                ],
                [
                    0.0,
                    0.0,
                    0.0,
                    1.0
                ]
            ]
        },
        {
            "file_path": "/data/shapenet_blender/all_50_random/02958343/6cc0924f1ad64faf8c2e7159929c406f/r_29",
            "rotation": 0.12566370614359174,
            "transform_matrix": [
                [
                    0.6072611212730408,
                    -0.006884302012622356,
                    -0.7944724559783936,
                    -3.2026209831237793
                ],
                [
                    -0.7945023775100708,
                    -0.0052618710324168205,
                    -0.6072382926940918,
                    -2.4478559494018555
                ],
                [
                    4.656613428188905e-10,
                    0.9999623894691467,
                    -0.008664923720061779,
                    -0.03492942452430725
                ],
                [
                    0.0,
                    0.0,
                    0.0,
                    1.0
                ]
            ]
        },
        {
            "file_path": "/data/shapenet_blender/all_50_random/02958343/6cc0924f1ad64faf8c2e7159929c406f/r_30",
            "rotation": 0.12566370614359174,
            "transform_matrix": [
                [
                    0.21939143538475037,
                    -0.6568475961685181,
                    -0.7214004397392273,
                    -2.9080581665039062
                ],
                [
                    -0.9756369590759277,
                    -0.14770527184009552,
                    -0.1622212678194046,
                    -0.6539348363876343
                ],
                [
                    0.0,
                    0.7394148111343384,
                    -0.6732500791549683,
                    -2.7139577865600586
                ],
                [
                    0.0,
                    0.0,
                    0.0,
                    1.0
                ]
            ]
        },
        {
            "file_path": "/data/shapenet_blender/all_50_random/02958343/6cc0924f1ad64faf8c2e7159929c406f/r_31",
            "rotation": 0.12566370614359174,
            "transform_matrix": [
                [
                    0.9846535921096802,
                    -0.06144484132528305,
                    -0.163346067070961,
                    -0.6584690809249878
                ],
                [
                    -0.17452049255371094,
                    -0.34667491912841797,
                    -0.9216067790985107,
                    -3.715115785598755
                ],
                [
                    -3.725290298461914e-09,
                    0.935970664024353,
                    -0.35207805037498474,
                    -1.4192720651626587
                ],
                [
                    0.0,
                    0.0,
                    0.0,
                    1.0
                ]
            ]
        },
        {
            "file_path": "/data/shapenet_blender/all_50_random/02958343/6cc0924f1ad64faf8c2e7159929c406f/r_32",
            "rotation": 0.12566370614359174,
            "transform_matrix": [
                [
                    -0.9462419152259827,
                    0.15243229269981384,
                    -0.28529036045074463,
                    -1.1500422954559326
                ],
                [
                    -0.32345977425575256,
                    -0.44592198729515076,
                    0.8345820307731628,
                    3.3643081188201904
                ],
                [
                    1.4901162970204496e-08,
                    0.8819964528083801,
                    0.4712557792663574,
                    1.8996928930282593
                ],
                [
                    0.0,
                    0.0,
                    0.0,
                    1.0
                ]
            ]
        },
        {
            "file_path": "/data/shapenet_blender/all_50_random/02958343/6cc0924f1ad64faf8c2e7159929c406f/r_33",
            "rotation": 0.12566370614359174,
            "transform_matrix": [
                [
                    0.6060527563095093,
                    -0.6420816779136658,
                    0.46950072050094604,
                    1.8926180601119995
                ],
                [
                    0.7954244017601013,
                    0.4892173409461975,
                    -0.35772377252578735,
                    -1.4420307874679565
                ],
                [
                    -1.4901161193847656e-08,
                    0.5902518033981323,
                    0.8072190284729004,
                    3.2540042400360107
                ],
                [
                    0.0,
                    0.0,
                    0.0,
                    1.0
                ]
            ]
        },
        {
            "file_path": "/data/shapenet_blender/all_50_random/02958343/6cc0924f1ad64faf8c2e7159929c406f/r_34",
            "rotation": 0.12566370614359174,
            "transform_matrix": [
                [
                    0.6909452080726624,
                    0.29203829169273376,
                    -0.6612929105758667,
                    -2.665756940841675
                ],
                [
                    -0.7229071259498596,
                    0.2791264057159424,
                    -0.6320551633834839,
                    -2.547895908355713
                ],
                [
                    1.4901161193847656e-08,
                    0.9147689342498779,
                    0.40397757291793823,
                    1.6284856796264648
                ],
                [
                    0.0,
                    0.0,
                    0.0,
                    1.0
                ]
            ]
        },
        {
            "file_path": "/data/shapenet_blender/all_50_random/02958343/6cc0924f1ad64faf8c2e7159929c406f/r_35",
            "rotation": 0.12566370614359174,
            "transform_matrix": [
                [
                    0.20504795014858246,
                    0.38060706853866577,
                    0.9017171263694763,
                    3.6349375247955322
                ],
                [
                    0.9787519574165344,
                    -0.07973695546388626,
                    -0.18890920281410217,
                    -0.7615172863006592
                ],
                [
                    0.0,
                    0.921292781829834,
                    -0.3888698220252991,
                    -1.5675841569900513
                ],
                [
                    0.0,
                    0.0,
                    0.0,
                    1.0
                ]
            ]
        },
        {
            "file_path": "/data/shapenet_blender/all_50_random/02958343/6cc0924f1ad64faf8c2e7159929c406f/r_36",
            "rotation": 0.12566370614359174,
            "transform_matrix": [
                [
                    -0.986132800579071,
                    -0.15657451748847961,
                    0.055014681071043015,
                    0.2217712700366974
                ],
                [
                    0.16595840454101562,
                    -0.9303733110427856,
                    0.32689985632896423,
                    1.3177754878997803
                ],
                [
                    3.725290298461914e-09,
                    0.3314967155456543,
                    0.9434562921524048,
                    3.803194046020508
                ],
                [
                    0.0,
                    0.0,
                    0.0,
                    1.0
                ]
            ]
        },
        {
            "file_path": "/data/shapenet_blender/all_50_random/02958343/6cc0924f1ad64faf8c2e7159929c406f/r_37",
            "rotation": 0.12566370614359174,
            "transform_matrix": [
                [
                    -0.9489868879318237,
                    0.1889013946056366,
                    0.2524680197238922,
                    1.0177313089370728
                ],
                [
                    0.31531548500061035,
                    0.5685256719589233,
                    0.7598385214805603,
                    3.063007354736328
                ],
                [
                    0.0,
                    0.8006839752197266,
                    -0.5990868806838989,
                    -2.41499662399292
                ],
                [
                    0.0,
                    0.0,
                    0.0,
                    1.0
                ]
            ]
        },
        {
            "file_path": "/data/shapenet_blender/all_50_random/02958343/6cc0924f1ad64faf8c2e7159929c406f/r_38",
            "rotation": 0.12566370614359174,
            "transform_matrix": [
                [
                    0.8958571553230286,
                    -0.0024283325765281916,
                    0.44433531165122986,
                    1.791172981262207
                ],
                [
                    0.44434189796447754,
                    0.0048958673141896725,
                    -0.8958438634872437,
                    -3.611262083053589
                ],
                [
                    0.0,
                    0.9999850988388062,
                    0.005465008318424225,
                    0.02203015238046646
                ],
                [
                    0.0,
                    0.0,
                    0.0,
                    1.0
                ]
            ]
        },
        {
            "file_path": "/data/shapenet_blender/all_50_random/02958343/6cc0924f1ad64faf8c2e7159929c406f/r_39",
            "rotation": 0.12566370614359174,
            "transform_matrix": [
                [
                    -0.6415560245513916,
                    -0.038783568888902664,
                    0.7660950422286987,
                    3.0882277488708496
                ],
                [
                    0.7670760750770569,
                    -0.032437246292829514,
                    0.6407355666160583,
                    2.582887649536133
                ],
                [
                    1.8626450382086546e-09,
                    0.9987208843231201,
                    0.050560273230075836,
                    0.20381496846675873
                ],
                [
                    0.0,
                    0.0,
                    0.0,
                    1.0
                ]
            ]
        },
        {
            "file_path": "/data/shapenet_blender/all_50_random/02958343/6cc0924f1ad64faf8c2e7159929c406f/r_40",
            "rotation": 0.12566370614359174,
            "transform_matrix": [
                [
                    -0.16206936538219452,
                    -0.25120267271995544,
                    -0.9542697668075562,
                    -3.8467843532562256
                ],
                [
                    -0.9867794513702393,
                    0.04125771299004555,
                    0.15672995150089264,
                    0.6317986249923706
                ],
                [
                    3.725290742551124e-09,
                    0.9670547842979431,
                    -0.2545682489871979,
                    -1.0261974334716797
                ],
                [
                    0.0,
                    0.0,
                    0.0,
                    1.0
                ]
            ]
        },
        {
            "file_path": "/data/shapenet_blender/all_50_random/02958343/6cc0924f1ad64faf8c2e7159929c406f/r_41",
            "rotation": 0.12566370614359174,
            "transform_matrix": [
                [
                    -0.6783074140548706,
                    -0.004840687848627567,
                    -0.7347621917724609,
                    -2.961921215057373
                ],
                [
                    -0.734778106212616,
                    0.004468661267310381,
