{
    "class": "02958343",
    "model": "60963ce07aa742382a9eb0f146e94477",
    "remove_doubles": true,
    "edge_split": true,
    "denoise": true,
    "camera_angle_x": 0.6911112070083618,
    "scale_factor": 2.2449965269038166,
    "hdri_file": "/data/IndoorHDRDataset2018/9C4A1548-a9724e2b8c.exr",
    "center_offset": [
        0.0,
        0.0,
        -1.862645149230957e-09
    ],
    "lights": [],
    "frames": [
        {
            "file_path": "/data/shapenet_blender/all_50_random/02958343/60963ce07aa742382a9eb0f146e94477/r_0",
            "rotation": 0.12566370614359174,
            "transform_matrix": [
                [
                    -0.745286762714386,
                    0.15899406373500824,
                    -0.6475095152854919,
                    -2.610194444656372
                ],
                [
                    -0.6667441129684448,
                    -0.17772360146045685,
                    0.7237862944602966,
                    2.9176759719848633
                ],
                [
                    0.0,
                    0.9711515307426453,
                    0.2384633719921112,
                    0.9612765908241272
                ],
                [
                    0.0,
                    0.0,
                    0.0,
                    1.0
                ]
            ]
        },
        {
            "file_path": "/data/shapenet_blender/all_50_random/02958343/60963ce07aa742382a9eb0f146e94477/r_1",
            "rotation": 0.12566370614359174,
            "transform_matrix": [
                [
                    0.8610209226608276,
                    0.35521796345710754,
                    -0.3639548718929291,
                    -1.4671491384506226
                ],
                [
                    -0.508569598197937,
                    0.6013928055763245,
                    -0.6161845922470093,
                    -2.483919858932495
                ],
                [
                    0.0,
                    0.7156442403793335,
                    0.6984648108482361,
                    2.8156020641326904
                ],
                [
                    0.0,
                    0.0,
                    0.0,
                    1.0
                ]
            ]
        },
        {
            "file_path": "/data/shapenet_blender/all_50_random/02958343/60963ce07aa742382a9eb0f146e94477/r_2",
            "rotation": 0.12566370614359174,
            "transform_matrix": [
                [
                    -0.6762417554855347,
                    0.053994759917259216,
                    -0.7346983551979065,
                    -2.9616637229919434
                ],
                [
                    -0.7366797924041748,
                    -0.049564965069293976,
                    0.6744228601455688,
                    2.7186856269836426
                ],
                [
                    3.725290742551124e-09,
                    0.9973102807998657,
                    0.0732947513461113,
                    0.29546058177948
                ],
                [
                    0.0,
                    0.0,
                    0.0,
                    1.0
                ]
            ]
        },
        {
            "file_path": "/data/shapenet_blender/all_50_random/02958343/60963ce07aa742382a9eb0f146e94477/r_3",
            "rotation": 0.12566370614359174,
            "transform_matrix": [
                [
                    -0.9904525876045227,
                    -0.010018865577876568,
                    -0.13748995959758759,
                    -0.5542397499084473
                ],
                [
                    -0.13785451650619507,
                    0.0719832107424736,
                    0.9878332614898682,
                    3.982083320617676
                ],
                [
                    0.0,
                    0.9973554015159607,
                    -0.07267710566520691,
                    -0.29297077655792236
                ],
                [
                    0.0,
                    0.0,
                    0.0,
                    1.0
                ]
            ]
        },
        {
            "file_path": "/data/shapenet_blender/all_50_random/02958343/60963ce07aa742382a9eb0f146e94477/r_4",
            "rotation": 0.12566370614359174,
            "transform_matrix": [
                [
                    0.946304202079773,
                    -0.05677889287471771,
                    -0.31825244426727295,
                    -1.2829166650772095
                ],
                [
                    -0.32327768206596375,
                    -0.16620418429374695,
                    -0.93159419298172,
                    -3.7553763389587402
                ],
                [
                    -3.725290298461914e-09,
                    0.9844552874565125,
                    -0.17563508450984955,
                    -0.7080076932907104
                ],
                [
                    0.0,
                    0.0,
                    0.0,
                    1.0
                ]
            ]
        },
        {
            "file_path": "/data/shapenet_blender/all_50_random/02958343/60963ce07aa742382a9eb0f146e94477/r_5",
            "rotation": 0.12566370614359174,
            "transform_matrix": [
                [
                    0.9969369173049927,
                    0.05208243057131767,
                    0.05834602937102318,
                    0.23520034551620483
                ],
                [
                    0.07821021974086761,
                    -0.6638889312744141,
                    -0.7437303066253662,
                    -2.998072385787964
                ],
                [
                    0.0,
                    0.7460153102874756,
                    -0.6659287810325623,
                    -2.6844444274902344
                ],
                [
                    0.0,
                    0.0,
                    0.0,
                    1.0
                ]
            ]
        },
        {
            "file_path": "/data/shapenet_blender/all_50_random/02958343/60963ce07aa742382a9eb0f146e94477/r_6",
            "rotation": 0.12566370614359174,
            "transform_matrix": [
                [
                    0.3725377023220062,
                    0.8582907319068909,
                    -0.35291987657546997,
                    -1.4226654767990112
                ],
                [
                    -0.9280170202255249,
                    0.34454718232154846,
                    -0.14167407155036926,
                    -0.5711064338684082
                ],
                [
                    7.4505797087454084e-09,
                    0.3802947700023651,
                    0.9248654246330261,
                    3.7282514572143555
                ],
                [
                    0.0,
                    0.0,
                    0.0,
                    1.0
                ]
            ]
        },
        {
            "file_path": "/data/shapenet_blender/all_50_random/02958343/60963ce07aa742382a9eb0f146e94477/r_7",
            "rotation": 0.12566370614359174,
            "transform_matrix": [
                [
                    0.7042841911315918,
                    -0.08605203032493591,
                    0.7046835422515869,
                    2.840670108795166
                ],
                [
                    0.7099182605743408,
                    0.08536910265684128,
                    -0.6990910172462463,
                    -2.8181259632110596
                ],
                [
                    0.0,
                    0.992626428604126,
                    0.12121400237083435,
                    0.4886292517185211
                ],
                [
                    0.0,
                    0.0,
                    0.0,
                    1.0
                ]
            ]
        },
        {
            "file_path": "/data/shapenet_blender/all_50_random/02958343/60963ce07aa742382a9eb0f146e94477/r_8",
            "rotation": 0.12566370614359174,
            "transform_matrix": [
                [
                    -0.9632140398025513,
                    -0.23100340366363525,
                    0.13731826841831207,
                    0.5535476207733154
                ],
                [
                    0.26873573660850525,
                    -0.8279721736907959,
                    0.4921819269657135,
                    1.984048843383789
                ],
                [
                    0.0,
                    0.5109788775444031,
                    0.8595933318138123,
                    3.4651315212249756
                ],
                [
                    0.0,
                    0.0,
                    0.0,
                    1.0
                ]
            ]
        },
        {
            "file_path": "/data/shapenet_blender/all_50_random/02958343/60963ce07aa742382a9eb0f146e94477/r_9",
            "rotation": 0.12566370614359174,
            "transform_matrix": [
                [
                    0.9528535008430481,
                    -0.20143544673919678,
                    -0.22692324221134186,
                    -0.9147568941116333
                ],
                [
                    -0.30343109369277954,
                    -0.6325602531433105,
                    -0.7125986814498901,
                    -2.872577428817749
                ],
                [
                    1.4901162970204496e-08,
                    0.7478576898574829,
                    -0.663858950138092,
                    -2.6761012077331543
                ],
                [
                    0.0,
                    0.0,
                    0.0,
                    1.0
                ]
            ]
        },
        {
            "file_path": "/data/shapenet_blender/all_50_random/02958343/60963ce07aa742382a9eb0f146e94477/r_10",
            "rotation": 0.12566370614359174,
            "transform_matrix": [
                [
                    -0.7873123288154602,
                    0.0401717945933342,
                    -0.6152442097663879,
                    -2.4801290035247803
                ],
                [
                    -0.6165543794631958,
                    -0.05129758268594742,
                    0.7856392860412598,
                    3.16701340675354
                ],
                [
                    0.0,
                    0.9978750348091125,
                    0.06515530496835709,
                    0.2626494765281677
                ],
                [
                    0.0,
                    0.0,
                    0.0,
                    1.0
                ]
            ]
        },
        {
            "file_path": "/data/shapenet_blender/all_50_random/02958343/60963ce07aa742382a9eb0f146e94477/r_11",
            "rotation": 0.12566370614359174,
            "transform_matrix": [
                [
                    0.1950351595878601,
                    -0.49623221158981323,
                    -0.8459993004798889,
                    -3.410332202911377
                ],
                [
                    -0.9807963371276855,
                    -0.09867770224809647,
                    -0.16823023557662964,
                    -0.6781577467918396
                ],
                [
                    -7.450581485102248e-09,
                    0.8625637888908386,
                    -0.5059483647346497,
                    -2.0395431518554688
                ],
                [
                    0.0,
                    0.0,
                    0.0,
                    1.0
                ]
            ]
        },
        {
            "file_path": "/data/shapenet_blender/all_50_random/02958343/60963ce07aa742382a9eb0f146e94477/r_12",
            "rotation": 0.12566370614359174,
            "transform_matrix": [
                [
                    0.5665523409843445,
                    0.3538649082183838,
                    0.7441760301589966,
                    2.9998698234558105
                ],
                [
                    0.8240258097648621,
                    -0.24329698085784912,
                    -0.5116522312164307,
                    -2.0625362396240234
                ],
                [
                    1.4901161193847656e-08,
                    0.9030981063842773,
                    -0.42943426966667175,
                    -1.731105089187622
                ],
                [
                    0.0,
                    0.0,
                    0.0,
                    1.0
                ]
            ]
        },
        {
            "file_path": "/data/shapenet_blender/all_50_random/02958343/60963ce07aa742382a9eb0f146e94477/r_13",
            "rotation": 0.12566370614359174,
            "transform_matrix": [
                [
                    -0.8564085364341736,
                    -0.020933257415890694,
                    0.5158741474151611,
                    2.0795552730560303
                ],
                [
                    0.5162986516952515,
                    -0.03472296521067619,
                    0.8557043671607971,
                    3.4494545459747314
                ],
                [
                    0.0,
                    0.9991776943206787,
                    0.04054486006498337,
                    0.16344155371189117
                ],
                [
                    0.0,
                    0.0,
                    0.0,
                    1.0
                ]
            ]
        },
        {
            "file_path": "/data/shapenet_blender/all_50_random/02958343/60963ce07aa742382a9eb0f146e94477/r_14",
            "rotation": 0.12566370614359174,
            "transform_matrix": [
                [
                    -0.7106288075447083,
                    0.04703511297702789,
                    0.7019931674003601,
                    2.829824924468994
                ],
                [
                    0.7035670876502991,
                    0.04750720411539078,
                    0.709039032459259,
                    2.8582277297973633
                ],
                [
                    0.0,
                    0.9977627992630005,
                    -0.06685234606266022,
                    -0.26949042081832886
                ],
                [
                    0.0,
                    0.0,
                    0.0,
                    1.0
                ]
            ]
        },
        {
            "file_path": "/data/shapenet_blender/all_50_random/02958343/60963ce07aa742382a9eb0f146e94477/r_15",
            "rotation": 0.12566370614359174,
            "transform_matrix": [
                [
                    -0.8336130976676941,
                    -0.4942353665828705,
                    -0.24661831557750702,
                    -0.9941502809524536
                ],
                [
                    -0.5523488521575928,
                    0.7459073662757874,
                    0.37220004200935364,
                    1.5003864765167236
                ],
                [
                    0.0,
                    0.446490079164505,
                    -0.8947885036468506,
                    -3.6070079803466797
                ],
                [
                    0.0,
                    0.0,
                    0.0,
                    1.0
                ]
            ]
        },
        {
            "file_path": "/data/shapenet_blender/all_50_random/02958343/60963ce07aa742382a9eb0f146e94477/r_16",
            "rotation": 0.12566370614359174,
            "transform_matrix": [
                [
                    -0.6650186777114868,
                    0.4282130300998688,
                    0.6118690967559814,
                    2.4665231704711914
                ],
                [
                    0.746826708316803,
                    0.3813062310218811,
                    0.5448444485664368,
                    2.196338176727295
                ],
                [
                    0.0,
                    0.8192919492721558,
                    -0.5733766555786133,
                    -2.3113551139831543
                ],
                [
                    0.0,
                    0.0,
                    0.0,
                    1.0
                ]
            ]
        },
        {
            "file_path": "/data/shapenet_blender/all_50_random/02958343/60963ce07aa742382a9eb0f146e94477/r_17",
            "rotation": 0.12566370614359174,
            "transform_matrix": [
                [
                    -0.9567111134529114,
                    -0.15090857446193695,
                    -0.24885830283164978,
                    -1.003179907798767
                ],
                [
                    -0.29103922843933105,
                    0.4960702359676361,
                    0.8180528879165649,
                    3.2976765632629395
                ],
                [
                    0.0,
                    0.8550679087638855,
                    -0.5185162425041199,
                    -2.0902059078216553
                ],
                [
                    0.0,
                    0.0,
                    0.0,
                    1.0
                ]
            ]
        },
        {
            "file_path": "/data/shapenet_blender/all_50_random/02958343/60963ce07aa742382a9eb0f146e94477/r_18",
            "rotation": 0.12566370614359174,
            "transform_matrix": [
                [
                    -0.514878511428833,
                    0.07311373203992844,
                    0.8541395664215088,
                    3.4431469440460205
                ],
                [
                    0.8572632074356079,
                    0.04391263425350189,
                    0.5130023956298828,
                    2.067979097366333
                ],
                [
                    0.0,
                    0.9963563680648804,
                    -0.08528736978769302,
                    -0.34380441904067993
                ],
                [
                    0.0,
                    0.0,
                    0.0,
                    1.0
                ]
            ]
        },
        {
            "file_path": "/data/shapenet_blender/all_50_random/02958343/60963ce07aa742382a9eb0f146e94477/r_19",
            "rotation": 0.12566370614359174,
            "transform_matrix": [
                [
                    0.992993950843811,
                    -0.00896836631000042,
                    0.11782446503639221,
                    0.4749656021595001
                ],
                [
                    0.11816529929637909,
                    0.07536504417657852,
                    -0.9901297688484192,
                    -3.9913408756256104
                ],
                [
                    9.31322685637781e-10,
                    0.9971156120300293,
                    0.07589677721261978,
                    0.30594968795776367
                ],
                [
                    0.0,
                    0.0,
                    0.0,
                    1.0
                ]
            ]
        },
        {
            "file_path": "/data/shapenet_blender/all_50_random/02958343/60963ce07aa742382a9eb0f146e94477/r_20",
            "rotation": 0.12566370614359174,
            "transform_matrix": [
                [
                    0.9957475066184998,
                    -0.027823958545923233,
                    -0.0878223329782486,
                    -0.35402318835258484
                ],
                [
                    -0.0921245664358139,
                    -0.3007409870624542,
                    -0.9492458701133728,
                    -3.8265328407287598
                ],
                [
                    1.862645149230957e-09,
                    0.9532998204231262,
                    -0.30202537775039673,
                    -1.217503309249878
                ],
                [
                    0.0,
                    0.0,
                    0.0,
                    1.0
                ]
            ]
        },
        {
            "file_path": "/data/shapenet_blender/all_50_random/02958343/60963ce07aa742382a9eb0f146e94477/r_21",
            "rotation": 0.12566370614359174,
            "transform_matrix": [
                [
                    0.23666319251060486,
                    -0.5151081085205078,
                    0.8238046765327454,
                    3.3208627700805664
                ],
                [
                    0.9715917110443115,
                    0.1254715621471405,
                    -0.20066477358341217,
                    -0.8089056015014648
                ],
                [
                    -7.450580596923828e-09,
                    0.8478918075561523,
                    0.5301693081855774,
                    2.137180805206299
                ],
                [
                    0.0,
                    0.0,
                    0.0,
                    1.0
                ]
            ]
        },
        {
            "file_path": "/data/shapenet_blender/all_50_random/02958343/60963ce07aa742382a9eb0f146e94477/r_22",
            "rotation": 0.12566370614359174,
            "transform_matrix": [
                [
                    0.332049161195755,
                    0.3623492419719696,
                    -0.8708882927894592,
                    -3.5106630325317383
                ],
                [
                    -0.9432621002197266,
                    0.12755495309829712,
                    -0.30657196044921875,
                    -1.2358311414718628
                ],
                [
                    0.0,
                    0.9232727885246277,
                    0.3841448128223419,
                    1.548537254333496
                ],
                [
                    0.0,
                    0.0,
                    0.0,
                    1.0
                ]
            ]
        },
        {
            "file_path": "/data/shapenet_blender/all_50_random/02958343/60963ce07aa742382a9eb0f146e94477/r_23",
            "rotation": 0.12566370614359174,
            "transform_matrix": [
                [
                    0.42701539397239685,
                    -0.5780714750289917,
                    0.6953352689743042,
                    2.8029863834381104
                ],
                [
                    0.9042443037033081,
                    0.2729853093624115,
                    -0.32836130261421204,
                    -1.3236668109893799
                ],
                [
                    0.0,
                    0.7689684629440308,
                    0.6392866969108582,
                    2.577047348022461
                ],
                [
                    0.0,
                    0.0,
                    0.0,
                    1.0
                ]
            ]
        },
        {
            "file_path": "/data/shapenet_blender/all_50_random/02958343/60963ce07aa742382a9eb0f146e94477/r_24",
            "rotation": 0.12566370614359174,
            "transform_matrix": [
                [
                    0.8832980990409851,
                    0.4363645911216736,
                    -0.17137831449508667,
                    -0.690848171710968
                ],
                [
                    -0.468811959028244,
                    0.8221633434295654,
                    -0.322897344827652,
                    -1.3016409873962402
                ],
                [
                    0.0,
                    0.36555880308151245,
                    0.9307881593704224,
                    3.7521274089813232
                ],
                [
                    0.0,
                    0.0,
                    0.0,
                    1.0
                ]
            ]
        },
        {
            "file_path": "/data/shapenet_blender/all_50_random/02958343/60963ce07aa742382a9eb0f146e94477/r_25",
            "rotation": 0.12566370614359174,
            "transform_matrix": [
                [
                    -0.06110319495201111,
                    -0.6377546787261963,
                    0.7678118944168091,
                    3.095149040222168
                ],
                [
                    0.998131513595581,
                    -0.03904179856181145,
                    0.04700358584523201,
                    0.18947753310203552
                ],
                [
                    0.0,
                    0.7692492604255676,
                    0.6389486193656921,
                    2.5756845474243164
                ],
                [
                    0.0,
                    0.0,
                    0.0,
                    1.0
                ]
            ]
        },
        {
            "file_path": "/data/shapenet_blender/all_50_random/02958343/60963ce07aa742382a9eb0f146e94477/r_26",
            "rotation": 0.12566370614359174,
            "transform_matrix": [
                [
                    0.7583195567131042,
                    -0.33372440934181213,
                    -0.559981644153595,
                    -2.2573583126068115
                ],
                [
                    -0.6518830060958862,
                    -0.38821345567703247,
                    -0.6514129638671875,
                    -2.625929594039917
                ],
                [
                    0.0,
                    0.8590216636657715,
                    -0.5119391083717346,
                    -2.063692569732666
                ],
                [
                    0.0,
                    0.0,
                    0.0,
                    1.0
                ]
            ]
        },
        {
            "file_path": "/data/shapenet_blender/all_50_random/02958343/60963ce07aa742382a9eb0f146e94477/r_27",
            "rotation": 0.12566370614359174,
            "transform_matrix": [
                [
                    -0.4785444140434265,
                    -0.08019325137138367,
                    -0.8743936419487,
                    -3.5247936248779297
                ],
                [
                    -0.8780633807182312,
                    0.04370531067252159,
                    0.47654440999031067,
                    1.9210119247436523
                ],
                [
                    0.0,
                    0.9958207607269287,
                    -0.0913296788930893,
                    -0.36816170811653137
                ],
                [
                    0.0,
                    0.0,
                    0.0,
                    1.0
                ]
            ]
        },
        {
            "file_path": "/data/shapenet_blender/all_50_random/02958343/60963ce07aa742382a9eb0f146e94477/r_28",
            "rotation": 0.12566370614359174,
            "transform_matrix": [
                [
                    0.9746881723403931,
                    0.012560213916003704,
                    0.2232155203819275,
                    0.8998104929924011
                ],
                [
                    0.2235686033964157,
                    -0.05475854501128197,
                    -0.9731488227844238,
                    -3.9228880405426025
                ],
                [
                    0.0,
                    0.9984205365180969,
                    -0.05618058890104294,
                    -0.2264711856842041
                ],
                [
                    0.0,
                    0.0,
                    0.0,
                    1.0
                ]
            ]
        },
        {
            "file_path": "/data/shapenet_blender/all_50_random/02958343/60963ce07aa742382a9eb0f146e94477/r_29",
            "rotation": 0.12566370614359174,
            "transform_matrix": [
                [
                    0.862697184085846,
                    -0.18476347625255585,
                    -0.47076115012168884,
                    -1.8976988792419434
                ],
                [
                    -0.505720853805542,
                    -0.3151836097240448,
                    -0.8030602335929871,
                    -3.237239360809326
                ],
                [
                    0.0,
                    0.9308715462684631,
                    -0.365346759557724,
                    -1.4727598428726196
                ],
                [
                    0.0,
                    0.0,
                    0.0,
                    1.0
                ]
            ]
        },
        {
            "file_path": "/data/shapenet_blender/all_50_random/02958343/60963ce07aa742382a9eb0f146e94477/r_30",
            "rotation": 0.12566370614359174,
            "transform_matrix": [
                [
                    0.6368221044540405,
                    -0.1729521006345749,
                    -0.7513622045516968,
                    -3.0288379192352295
                ],
                [
                    -0.7710108160972595,
                    -0.1428510695695877,
                    -0.6205931901931763,
                    -2.5016911029815674
                ],
                [
                    0.0,
                    0.9745157957077026,
                    -0.22431865334510803,
                    -0.9042574167251587
                ],
                [
                    0.0,
                    0.0,
                    0.0,
                    1.0
                ]
            ]
        },
        {
            "file_path": "/data/shapenet_blender/all_50_random/02958343/60963ce07aa742382a9eb0f146e94477/r_31",
            "rotation": 0.12566370614359174,
            "transform_matrix": [
                [
                    -0.7633834481239319,
                    -0.1290603131055832,
                    -0.6329211592674255,
                    -2.551386594772339
                ],
                [
                    -0.6459456086158752,
                    0.15252447128295898,
                    0.7479910850524902,
                    3.0152480602264404
                ],
                [
                    0.0,
                    0.9798364639282227,
                    -0.19980065524578094,
                    -0.8054221272468567
                ],
                [
                    0.0,
                    0.0,
                    0.0,
                    1.0
                ]
            ]
        },
        {
            "file_path": "/data/shapenet_blender/all_50_random/02958343/60963ce07aa742382a9eb0f146e94477/r_32",
            "rotation": 0.12566370614359174,
            "transform_matrix": [
                [
                    -0.21255293488502502,
                    0.21849557757377625,
                    0.952407956123352,
                    3.8392791748046875
                ],
                [
                    0.9771496653556824,
                    0.04752790927886963,
                    0.20717103779315948,
                    0.8351331949234009
                ],
                [
                    -3.725290742551124e-09,
                    0.9746798276901245,
                    -0.22360502183437347,
                    -0.9013806581497192
                ],
                [
                    0.0,
                    0.0,
                    0.0,
                    1.0
                ]
            ]
        },
        {
            "file_path": "/data/shapenet_blender/all_50_random/02958343/60963ce07aa742382a9eb0f146e94477/r_33",
            "rotation": 0.12566370614359174,
            "transform_matrix": [
                [
                    0.9757330417633057,
                    0.10569605231285095,
                    0.19176402688026428,
                    0.7730255126953125
                ],
                [
                    0.21896369755268097,
                    -0.4709964692592621,
                    -0.854527473449707,
                    -3.4447104930877686
                ],
                [
                    0.0,
                    0.8757799863815308,
                    -0.48271042108535767,
                    -1.945867896080017
                ],
                [
                    0.0,
                    0.0,
                    0.0,
                    1.0
                ]
            ]
        },
        {
            "file_path": "/data/shapenet_blender/all_50_random/02958343/60963ce07aa742382a9eb0f146e94477/r_34",
            "rotation": 0.12566370614359174,
            "transform_matrix": [
                [
                    -0.9094516634941101,
                    -0.2966341972351074,
                    -0.2913857102394104,
                    -1.1746134757995605
                ],
                [
                    -0.41580939292907715,
                    0.6487935781478882,
                    0.6373142004013062,
                    2.5690958499908447
                ],
                [
                    0.0,
                    0.7007675766944885,
                    -0.7133896946907043,
                    -2.8757660388946533
                ],
                [
                    0.0,
                    0.0,
                    0.0,
                    1.0
                ]
            ]
        },
        {
            "file_path": "/data/shapenet_blender/all_50_random/02958343/60963ce07aa742382a9eb0f146e94477/r_35",
            "rotation": 0.12566370614359174,
            "transform_matrix": [
                [
                    0.9442225098609924,
                    -0.017127258703112602,
                    0.328862726688385,
                    1.325688123703003
                ],
                [
                    0.32930848002433777,
                    0.04910879582166672,
                    -0.9429444074630737,
                    -3.801130771636963
                ],
                [
                    0.0,
                    0.9986464977264404,
                    0.05200977623462677,
                    0.20965813100337982
                ],
                [
                    0.0,
                    0.0,
                    0.0,
                    1.0
                ]
            ]
        },
        {
            "file_path": "/data/shapenet_blender/all_50_random/02958343/60963ce07aa742382a9eb0f146e94477/r_36",
            "rotation": 0.12566370614359174,
            "transform_matrix": [
                [
                    0.9823338985443115,
                    0.021555481478571892,
                    -0.1858910769224167,
                    -0.7493509650230408
                ],
                [
                    -0.1871366798877716,
                    0.11315087974071503,
                    -0.9757953882217407,
                    -3.9335572719573975
                ],
                [
                    -1.862645149230957e-09,
                    0.9933439493179321,
                    0.11518575996160507,
                    0.46432867646217346
                ],
                [
                    0.0,
                    0.0,
                    0.0,
                    1.0
                ]
            ]
        },
        {
            "file_path": "/data/shapenet_blender/all_50_random/02958343/60963ce07aa742382a9eb0f146e94477/r_37",
            "rotation": 0.12566370614359174,
            "transform_matrix": [
                [
                    -0.19583898782730103,
                    -0.4665239155292511,
                    0.862555742263794,
                    3.4770736694335938
                ],
                [
                    0.9806360006332397,
                    -0.09316767752170563,
                    0.17225764691829681,
                    0.6943928599357605
                ],
                [
                    0.0,
                    0.8795880675315857,
                    0.47573602199554443,
                    1.9177533388137817
                ],
                [
                    0.0,
                    0.0,
                    0.0,
                    1.0
                ]
            ]
        },
        {
            "file_path": "/data/shapenet_blender/all_50_random/02958343/60963ce07aa742382a9eb0f146e94477/r_38",
            "rotation": 0.12566370614359174,
            "transform_matrix": [
                [
                    0.6709051132202148,
                    0.5123477578163147,
                    0.5360839366912842,
                    2.1610236167907715
                ],
                [
                    0.741543173789978,
                    -0.4635424315929413,
                    -0.4850175082683563,
                    -1.9551682472229004
                ],
                [
                    1.4901161193847656e-08,
                    0.7229301333427429,
                    -0.6909210085868835,
                    -2.7851920127868652
                ],
                [
                    0.0,
                    0.0,
                    0.0,
                    1.0
                ]
            ]
        },
        {
            "file_path": "/data/shapenet_blender/all_50_random/02958343/60963ce07aa742382a9eb0f146e94477/r_39",
            "rotation": 0.12566370614359174,
            "transform_matrix": [
                [
                    -0.938866376876831,
                    -0.05111141875386238,
                    0.3404666483402252,
                    1.3724650144577026
                ],
                [
                    0.34428173303604126,
                    -0.13938233256340027,
                    0.9284625053405762,
                    3.7427520751953125
                ],
                [
                    0.0,
                    0.9889187812805176,
                    0.1484581083059311,
                    0.5984537601470947
                ],
                [
                    0.0,
                    0.0,
                    0.0,
                    1.0
                ]
            ]
        },
        {
            "file_path": "/data/shapenet_blender/all_50_random/02958343/60963ce07aa742382a9eb0f146e94477/r_40",
            "rotation": 0.12566370614359174,
            "transform_matrix": [
                [
                    0.8210954070091248,
                    -0.5606389045715332,
                    -0.10717503726482391,
                    -0.4320363998413086
                ],
                [
                    -0.5707911252975464,
                    -0.8064911961555481,
                    -0.1541736125946045,
                    -0.6214936971664429
                ],
                [
                    7.450581485102248e-09,
                    0.18776565790176392,
                    -0.9822138547897339,
                    -3.959430694580078
                ],
                [
                    0.0,
                    0.0,
                    0.0,
                    1.0
                ]
            ]
        },
        {
            "file_path": "/data/shapenet_blender/all_50_random/02958343/60963ce07aa742382a9eb0f146e94477/r_41",
            "rotation": 0.12566370614359174,
            "transform_matrix": [
                [
                    -0.7928690314292908,
                    0.05498200282454491,
                    0.6069067120552063,
                    2.446519136428833
                ],
                [
                    0.6093921661376953,
                    0.07153607904911041,
                    0.7896352410316467,
                    3.1831214427948
                ],
                [
                    0.0,
                    0.9959215521812439,
                    -0.09022433310747147,
                    -0.36370593309402466
