{
    "class": "02958343",
    "model": "227ab69792241382acfaf62fe6ca656",
    "remove_doubles": true,
    "edge_split": true,
    "denoise": true,
    "camera_angle_x": 0.6911112070083618,
    "scale_factor": 2.2438429525420687,
    "hdri_file": "/data/IndoorHDRDataset2018/9C4A1948-d05cab6f1f.exr",
    "center_offset": [
        0.0,
        0.0,
        3.259629011154175e-09
    ],
    "lights": [],
    "frames": [
        {
            "file_path": "/data/shapenet_blender/all_50_random/02958343/227ab69792241382acfaf62fe6ca656/r_0",
            "rotation": 0.12566370614359174,
            "transform_matrix": [
                [
                    -0.7830826640129089,
                    0.4471854567527771,
                    -0.43221136927604675,
                    -1.7422997951507568
                ],
                [
                    -0.6219175457954407,
                    -0.5630700588226318,
                    0.5442155599594116,
                    2.193803071975708
                ],
                [
                    0.0,
                    0.6949656009674072,
                    0.719042956829071,
                    2.898554801940918
                ],
                [
                    0.0,
                    0.0,
                    0.0,
                    1.0
                ]
            ]
        },
        {
            "file_path": "/data/shapenet_blender/all_50_random/02958343/227ab69792241382acfaf62fe6ca656/r_1",
            "rotation": 0.12566370614359174,
            "transform_matrix": [
                [
                    0.17873600125312805,
                    0.5659887790679932,
                    0.8048043847084045,
                    3.2442703247070312
                ],
                [
                    0.9838970303535461,
                    -0.10281825810670853,
                    -0.14620180428028107,
                    -0.5893583297729492
                ],
                [
                    7.450580152834618e-09,
                    0.8179762959480286,
                    -0.5752519965171814,
                    -2.3189148902893066
                ],
                [
                    0.0,
                    0.0,
                    0.0,
                    1.0
                ]
            ]
        },
        {
            "file_path": "/data/shapenet_blender/all_50_random/02958343/227ab69792241382acfaf62fe6ca656/r_2",
            "rotation": 0.12566370614359174,
            "transform_matrix": [
                [
                    -0.6657949090003967,
                    0.3044816553592682,
                    0.6811813712120056,
                    2.7459299564361572
                ],
                [
                    0.7461348176002502,
                    0.27169665694236755,
                    0.6078352928161621,
                    2.4502625465393066
                ],
                [
                    0.0,
                    0.9129467606544495,
                    -0.4080785810947418,
                    -1.645017385482788
                ],
                [
                    0.0,
                    0.0,
                    0.0,
                    1.0
                ]
            ]
        },
        {
            "file_path": "/data/shapenet_blender/all_50_random/02958343/227ab69792241382acfaf62fe6ca656/r_3",
            "rotation": 0.12566370614359174,
            "transform_matrix": [
                [
                    0.9765849709510803,
                    0.15416724979877472,
                    0.15004810690879822,
                    0.6048632860183716
                ],
                [
                    0.21513250470161438,
                    -0.6998357772827148,
                    -0.6811371445655823,
                    -2.7457516193389893
                ],
                [
                    -7.450581485102248e-09,
                    0.6974684000015259,
                    -0.7166154980659485,
                    -2.8887693881988525
                ],
                [
                    0.0,
                    0.0,
                    0.0,
                    1.0
                ]
            ]
        },
        {
            "file_path": "/data/shapenet_blender/all_50_random/02958343/227ab69792241382acfaf62fe6ca656/r_4",
            "rotation": 0.12566370614359174,
            "transform_matrix": [
                [
                    0.20443585515022278,
                    -0.5441688895225525,
                    -0.8136866688728333,
                    -3.280076026916504
                ],
                [
                    -0.9788799285888672,
                    -0.11364789307117462,
                    -0.16993579268455505,
                    -0.6850331425666809
                ],
                [
                    0.0,
                    0.8312426209449768,
                    -0.5559096932411194,
                    -2.2409439086914062
                ],
                [
                    0.0,
                    0.0,
                    0.0,
                    1.0
                ]
            ]
        },
        {
            "file_path": "/data/shapenet_blender/all_50_random/02958343/227ab69792241382acfaf62fe6ca656/r_5",
            "rotation": 0.12566370614359174,
            "transform_matrix": [
                [
                    -0.36848199367523193,
                    -0.030233224853873253,
                    0.9291431307792664,
                    3.7454957962036133
                ],
                [
                    0.9296349287033081,
                    -0.011983627453446388,
                    0.368287056684494,
                    1.4846125841140747
                ],
                [
                    0.0,
                    0.9994710683822632,
                    0.03252160921692848,
                    0.13109880685806274
                ],
                [
                    0.0,
                    0.0,
                    0.0,
                    1.0
                ]
            ]
        },
        {
            "file_path": "/data/shapenet_blender/all_50_random/02958343/227ab69792241382acfaf62fe6ca656/r_6",
            "rotation": 0.12566370614359174,
            "transform_matrix": [
                [
                    0.021132618188858032,
                    0.17467421293258667,
                    0.9843994379043579,
                    3.9682412147521973
                ],
                [
                    0.9997767210006714,
                    -0.0036921482533216476,
                    -0.020807582885026932,
                    -0.0838780552148819
                ],
                [
                    4.656612873077393e-10,
                    0.9846193194389343,
                    -0.17471322417259216,
                    -0.704291582107544
                ],
                [
                    0.0,
                    0.0,
                    0.0,
                    1.0
                ]
            ]
        },
        {
            "file_path": "/data/shapenet_blender/all_50_random/02958343/227ab69792241382acfaf62fe6ca656/r_7",
            "rotation": 0.12566370614359174,
            "transform_matrix": [
                [
                    0.7852630019187927,
                    -0.22556693851947784,
                    0.5766122937202454,
                    2.3243985176086426
                ],
                [
                    0.6191624999046326,
                    0.28607892990112305,
                    -0.7312979102134705,
                    -2.947956085205078
                ],
                [
                    0.0,
                    0.9312778115272522,
                    0.36430975794792175,
                    1.468579649925232
                ],
                [
                    0.0,
                    0.0,
                    0.0,
                    1.0
                ]
            ]
        },
        {
            "file_path": "/data/shapenet_blender/all_50_random/02958343/227ab69792241382acfaf62fe6ca656/r_8",
            "rotation": 0.12566370614359174,
            "transform_matrix": [
                [
                    0.041683465242385864,
                    0.13508640229701996,
                    0.9899566173553467,
                    3.990642786026001
                ],
                [
                    0.9991308450698853,
                    -0.0056357672438025475,
                    -0.04130072146654129,
                    -0.16648852825164795
                ],
                [
                    -4.6566125955216364e-10,
                    0.9908178448677063,
                    -0.13520388305187225,
                    -0.5450242757797241
                ],
                [
                    0.0,
                    0.0,
                    0.0,
                    1.0
                ]
            ]
        },
        {
            "file_path": "/data/shapenet_blender/all_50_random/02958343/227ab69792241382acfaf62fe6ca656/r_9",
            "rotation": 0.12566370614359174,
            "transform_matrix": [
                [
                    0.14704084396362305,
                    0.44238731265068054,
                    0.8846876621246338,
                    3.5662903785705566
                ],
                [
                    0.9891304969787598,
                    -0.06576382368803024,
                    -0.13151471316814423,
                    -0.5301527976989746
                ],
                [
                    3.725290742551124e-09,
                    0.8944095373153687,
                    -0.4472486972808838,
                    -1.802917242050171
                ],
                [
                    0.0,
                    0.0,
                    0.0,
                    1.0
                ]
            ]
        },
        {
            "file_path": "/data/shapenet_blender/all_50_random/02958343/227ab69792241382acfaf62fe6ca656/r_10",
            "rotation": 0.12566370614359174,
            "transform_matrix": [
                [
                    0.032066211104393005,
                    0.15278027951717377,
                    0.9877398014068604,
                    3.9817066192626953
                ],
                [
                    0.9994858503341675,
                    -0.004901605192571878,
                    -0.0316893644630909,
                    -0.1277439296245575
                ],
                [
                    0.0,
                    0.9882479310035706,
                    -0.1528588980436325,
                    -0.6161940097808838
                ],
                [
                    0.0,
                    0.0,
                    0.0,
                    1.0
                ]
            ]
        },
        {
            "file_path": "/data/shapenet_blender/all_50_random/02958343/227ab69792241382acfaf62fe6ca656/r_11",
            "rotation": 0.12566370614359174,
            "transform_matrix": [
                [
                    -0.9145877361297607,
                    -0.3165982961654663,
                    0.2515847086906433,
                    1.0141704082489014
                ],
                [
                    0.40438759326934814,
                    -0.7160380482673645,
                    0.5689993500709534,
                    2.2937097549438477
                ],
                [
                    0.0,
                    0.6221374869346619,
                    0.7829079031944275,
                    3.1560027599334717
                ],
                [
                    0.0,
                    0.0,
                    0.0,
                    1.0
                ]
            ]
        },
        {
            "file_path": "/data/shapenet_blender/all_50_random/02958343/227ab69792241382acfaf62fe6ca656/r_12",
            "rotation": 0.12566370614359174,
            "transform_matrix": [
                [
                    0.22251062095165253,
                    0.7928016781806946,
                    0.5674102902412415,
                    2.287304401397705
                ],
                [
                    0.9749302268028259,
                    -0.18094299733638763,
                    -0.12950138747692108,
                    -0.5220368504524231
                ],
                [
                    0.0,
                    0.5820010304450989,
                    -0.8131880164146423,
                    -3.2780659198760986
                ],
                [
                    0.0,
                    0.0,
                    0.0,
                    1.0
                ]
            ]
        },
        {
            "file_path": "/data/shapenet_blender/all_50_random/02958343/227ab69792241382acfaf62fe6ca656/r_13",
            "rotation": 0.12566370614359174,
            "transform_matrix": [
                [
                    0.5032265782356262,
                    0.24295632541179657,
                    0.8292980194091797,
                    3.3430073261260986
                ],
                [
                    0.8641545176506042,
                    -0.14148174226284027,
                    -0.48292845487594604,
                    -1.946746826171875
                ],
                [
                    7.450580596923828e-09,
                    0.9596641063690186,
                    -0.28114914894104004,
                    -1.1333484649658203
                ],
                [
                    0.0,
                    0.0,
                    0.0,
                    1.0
                ]
            ]
        },
        {
            "file_path": "/data/shapenet_blender/all_50_random/02958343/227ab69792241382acfaf62fe6ca656/r_14",
            "rotation": 0.12566370614359174,
            "transform_matrix": [
                [
                    -0.14192484319210052,
                    0.6943418979644775,
                    0.7055115699768066,
                    2.844008207321167
                ],
                [
                    0.9898775219917297,
                    0.09955207258462906,
                    0.10115353763103485,
                    0.40776294469833374
                ],
                [
                    7.450581485102248e-09,
                    0.7127261757850647,
                    -0.701442301273346,
                    -2.827604293823242
                ],
                [
                    0.0,
                    0.0,
                    0.0,
                    1.0
                ]
            ]
        },
        {
            "file_path": "/data/shapenet_blender/all_50_random/02958343/227ab69792241382acfaf62fe6ca656/r_15",
            "rotation": 0.12566370614359174,
            "transform_matrix": [
                [
                    0.7399362325668335,
                    0.6166887879371643,
                    0.2686806321144104,
                    1.0830862522125244
                ],
                [
                    0.6726769804954529,
                    -0.6783499121665955,
                    -0.2955453097820282,
                    -1.1913812160491943
                ],
                [
                    0.0,
                    0.3994199335575104,
                    -0.9167680740356445,
                    -3.6956100463867188
                ],
                [
                    0.0,
                    0.0,
                    0.0,
                    1.0
                ]
            ]
        },
        {
            "file_path": "/data/shapenet_blender/all_50_random/02958343/227ab69792241382acfaf62fe6ca656/r_16",
            "rotation": 0.12566370614359174,
            "transform_matrix": [
                [
                    0.8302896618843079,
                    0.1770123541355133,
                    -0.528474748134613,
                    -2.13034987449646
                ],
                [
                    -0.557331919670105,
                    0.2637055516242981,
                    -0.7872994542121887,
                    -3.173705577850342
                ],
                [
                    0.0,
                    0.9482226371765137,
                    0.3176066279411316,
                    1.28031325340271
                ],
                [
                    0.0,
                    0.0,
                    0.0,
                    1.0
                ]
            ]
        },
        {
            "file_path": "/data/shapenet_blender/all_50_random/02958343/227ab69792241382acfaf62fe6ca656/r_17",
            "rotation": 0.12566370614359174,
            "transform_matrix": [
                [
                    0.23902693390846252,
                    -0.0037543214857578278,
                    0.9710056781768799,
                    3.9142489433288574
                ],
                [
                    0.9710128903388977,
                    0.0009241731022484601,
                    -0.23902517557144165,
                    -0.9635412693023682
                ],
                [
                    0.0,
                    0.9999924898147583,
                    0.003866397077217698,
                    0.015585944056510925
                ],
                [
                    0.0,
                    0.0,
                    0.0,
                    1.0
                ]
            ]
        },
        {
            "file_path": "/data/shapenet_blender/all_50_random/02958343/227ab69792241382acfaf62fe6ca656/r_18",
            "rotation": 0.12566370614359174,
            "transform_matrix": [
                [
                    0.427872896194458,
                    0.12641765177249908,
                    -0.8949543833732605,
                    -3.6076765060424805
                ],
                [
                    -0.9038389921188354,
                    0.059845492243766785,
                    -0.42366698384284973,
                    -1.707856297492981
                ],
                [
                    0.0,
                    0.9901702404022217,
                    0.13986746966838837,
                    0.5638238191604614
                ],
                [
                    0.0,
                    0.0,
                    0.0,
                    1.0
                ]
            ]
        },
        {
            "file_path": "/data/shapenet_blender/all_50_random/02958343/227ab69792241382acfaf62fe6ca656/r_19",
            "rotation": 0.12566370614359174,
            "transform_matrix": [
                [
                    0.2960430383682251,
                    -0.06018847972154617,
                    -0.9532763957977295,
                    -3.842780113220215
                ],
                [
                    -0.9551746249198914,
                    -0.018654579296708107,
                    -0.2954547107219696,
                    -1.1910160779953003
                ],
                [
                    0.0,
                    0.9980126619338989,
                    -0.06301306933164597,
                    -0.2540138065814972
                ],
                [
                    0.0,
                    0.0,
                    0.0,
                    1.0
                ]
            ]
        },
        {
            "file_path": "/data/shapenet_blender/all_50_random/02958343/227ab69792241382acfaf62fe6ca656/r_20",
            "rotation": 0.12566370614359174,
            "transform_matrix": [
                [
                    -0.8553858995437622,
                    0.06997773051261902,
                    -0.513242781162262,
                    -2.0689475536346436
                ],
                [
                    -0.517991304397583,
                    -0.11555784940719604,
                    0.8475443720817566,
                    3.416560173034668
                ],
                [
                    0.0,
                    0.9908326268196106,
                    0.13509443402290344,
                    0.5445830225944519
                ],
                [
                    0.0,
                    0.0,
                    0.0,
                    1.0
                ]
            ]
        },
        {
            "file_path": "/data/shapenet_blender/all_50_random/02958343/227ab69792241382acfaf62fe6ca656/r_21",
            "rotation": 0.12566370614359174,
            "transform_matrix": [
                [
                    -0.6244360208511353,
                    0.6600657105445862,
                    0.41760390996932983,
                    1.683415174484253
                ],
                [
                    0.7810760140419006,
                    0.5276935696601868,
                    0.3338559865951538,
                    1.3458164930343628
                ],
                [
                    0.0,
                    0.5346521139144897,
                    -0.8450722694396973,
                    -3.406595230102539
                ],
                [
                    0.0,
                    0.0,
                    0.0,
                    1.0
                ]
            ]
        },
        {
            "file_path": "/data/shapenet_blender/all_50_random/02958343/227ab69792241382acfaf62fe6ca656/r_22",
            "rotation": 0.12566370614359174,
            "transform_matrix": [
                [
                    0.9832725524902344,
                    -0.03142261505126953,
                    -0.17940959334373474,
                    -0.7232232093811035
                ],
                [
                    -0.18214057385921478,
                    -0.169632688164711,
                    -0.9685295820236206,
                    -3.9042675495147705
                ],
                [
                    1.862645371275562e-09,
                    0.9850062727928162,
                    -0.17251849174499512,
                    -0.6954442858695984
                ],
                [
                    0.0,
                    0.0,
                    0.0,
                    1.0
                ]
            ]
        },
        {
            "file_path": "/data/shapenet_blender/all_50_random/02958343/227ab69792241382acfaf62fe6ca656/r_23",
            "rotation": 0.12566370614359174,
            "transform_matrix": [
                [
                    0.6749791502952576,
                    -0.35859206318855286,
                    -0.6448370814323425,
                    -2.599421501159668
                ],
                [
                    -0.7378367781639099,
                    -0.32804298400878906,
                    -0.5899022817611694,
                    -2.37797212600708
                ],
                [
                    0.0,
                    0.8739562630653381,
                    -0.4860045313835144,
                    -1.9591469764709473
                ],
                [
                    0.0,
                    0.0,
                    0.0,
                    1.0
                ]
            ]
        },
        {
            "file_path": "/data/shapenet_blender/all_50_random/02958343/227ab69792241382acfaf62fe6ca656/r_24",
            "rotation": 0.12566370614359174,
            "transform_matrix": [
                [
                    -0.933352530002594,
                    -0.2503887712955475,
                    -0.2572133243083954,
                    -1.0368601083755493
                ],
                [
                    -0.3589613437652588,
                    0.6510478258132935,
                    0.6687926054000854,
                    2.6959891319274902
                ],
                [
                    1.4901161193847656e-08,
                    0.7165488004684448,
                    -0.6975369453430176,
                    -2.811861276626587
                ],
                [
                    0.0,
                    0.0,
                    0.0,
                    1.0
                ]
            ]
        },
        {
            "file_path": "/data/shapenet_blender/all_50_random/02958343/227ab69792241382acfaf62fe6ca656/r_25",
            "rotation": 0.12566370614359174,
            "transform_matrix": [
                [
                    0.33695024251937866,
                    -0.322675883769989,
                    -0.8845025300979614,
                    -3.5655438899993896
                ],
                [
                    -0.941522479057312,
                    -0.11547861248254776,
                    -0.3165440261363983,
                    -1.2760299444198608
                ],
                [
                    0.0,
                    0.9394386410713196,
                    -0.34271708130836487,
                    -1.381536841392517
                ],
                [
                    0.0,
                    0.0,
                    0.0,
                    1.0
                ]
            ]
        },
        {
            "file_path": "/data/shapenet_blender/all_50_random/02958343/227ab69792241382acfaf62fe6ca656/r_26",
            "rotation": 0.12566370614359174,
            "transform_matrix": [
                [
                    -0.2747819423675537,
                    -0.7468019723892212,
                    0.6056249737739563,
                    2.441352367401123
                ],
                [
                    0.9615065455436707,
                    -0.21342308819293976,
                    0.17307715117931366,
                    0.697696328163147
                ],
                [
                    0.0,
                    0.6298708915710449,
                    0.7766998410224915,
                    3.130977153778076
                ],
                [
                    0.0,
                    0.0,
                    0.0,
                    1.0
                ]
            ]
        },
        {
            "file_path": "/data/shapenet_blender/all_50_random/02958343/227ab69792241382acfaf62fe6ca656/r_27",
            "rotation": 0.12566370614359174,
            "transform_matrix": [
                [
                    -0.9168830513954163,
                    0.12423370778560638,
                    0.3793303072452545,
                    1.5291295051574707
                ],
                [
                    0.3991560637950897,
                    0.2853715419769287,
                    0.8713423013687134,
                    3.512493371963501
                ],
                [
                    0.0,
                    0.9503309726715088,
                    -0.3112409710884094,
                    -1.2546526193618774
                ],
                [
                    0.0,
                    0.0,
                    0.0,
                    1.0
                ]
            ]
        },
        {
            "file_path": "/data/shapenet_blender/all_50_random/02958343/227ab69792241382acfaf62fe6ca656/r_28",
            "rotation": 0.12566370614359174,
            "transform_matrix": [
                [
                    -0.5522674322128296,
                    0.1959596872329712,
                    0.8103088140487671,
                    3.2664594650268555
                ],
                [
                    0.8336670398712158,
                    0.12981460988521576,
                    0.5367936491966248,
                    2.1638846397399902
                ],
                [
                    0.0,
                    0.9719815254211426,
                    -0.23505747318267822,
                    -0.9475470185279846
                ],
                [
                    0.0,
                    0.0,
                    0.0,
                    1.0
                ]
            ]
        },
        {
            "file_path": "/data/shapenet_blender/all_50_random/02958343/227ab69792241382acfaf62fe6ca656/r_29",
            "rotation": 0.12566370614359174,
            "transform_matrix": [
                [
                    -0.7000365853309631,
                    -0.052098870277404785,
                    -0.7122039198875427,
                    -2.870985507965088
                ],
                [
                    -0.7141068577766418,
                    0.05107235535979271,
                    0.6981711983680725,
                    2.814417839050293
                ],
                [
                    0.0,
                    0.9973351359367371,
                    -0.07295668125152588,
                    -0.29409775137901306
                ],
                [
                    0.0,
                    0.0,
                    0.0,
                    1.0
                ]
            ]
        },
        {
            "file_path": "/data/shapenet_blender/all_50_random/02958343/227ab69792241382acfaf62fe6ca656/r_30",
            "rotation": 0.12566370614359174,
            "transform_matrix": [
                [
                    -0.3265896439552307,
                    -0.00909853633493185,
                    0.9451225399971008,
                    3.809910297393799
                ],
                [
                    0.9451661705970764,
                    -0.003143878420814872,
                    0.32657456398010254,
                    1.3164640665054321
                ],
                [
                    0.0,
                    0.9999536871910095,
                    0.009626387618482113,
                    0.03880520537495613
                ],
                [
                    0.0,
                    0.0,
                    0.0,
                    1.0
                ]
            ]
        },
        {
            "file_path": "/data/shapenet_blender/all_50_random/02958343/227ab69792241382acfaf62fe6ca656/r_31",
            "rotation": 0.12566370614359174,
            "transform_matrix": [
                [
                    -0.6423942446708679,
                    0.4722254276275635,
                    -0.6035998463630676,
                    -2.4331886768341064
                ],
                [
                    -0.7663743495941162,
                    -0.39583122730255127,
                    0.5059525370597839,
                    2.039559841156006
                ],
                [
                    -1.4901159417490817e-08,
                    0.7876045107841492,
                    0.6161811351776123,
                    2.483905553817749
                ],
                [
                    0.0,
                    0.0,
                    0.0,
                    1.0
                ]
            ]
        },
        {
            "file_path": "/data/shapenet_blender/all_50_random/02958343/227ab69792241382acfaf62fe6ca656/r_32",
            "rotation": 0.12566370614359174,
            "transform_matrix": [
                [
                    0.4382983446121216,
                    0.2706633508205414,
                    -0.8571089506149292,
                    -3.4551169872283936
                ],
                [
                    -0.8988295793533325,
                    0.13198420405387878,
                    -0.4179540276527405,
                    -1.6848267316818237
                ],
                [
                    7.450580596923828e-09,
                    0.9535834789276123,
                    0.30112865567207336,
                    1.2138885259628296
                ],
                [
                    0.0,
                    0.0,
                    0.0,
                    1.0
                ]
            ]
        },
        {
            "file_path": "/data/shapenet_blender/all_50_random/02958343/227ab69792241382acfaf62fe6ca656/r_33",
            "rotation": 0.12566370614359174,
            "transform_matrix": [
                [
                    -0.92636638879776,
                    -0.21341824531555176,
                    0.31031909584999084,
                    1.2509362697601318
                ],
                [
                    0.3766235411167145,
                    -0.5249366164207458,
                    0.763279914855957,
                    3.0768797397613525
                ],
                [
                    0.0,
                    0.8239503502845764,
                    0.5666620135307312,
                    2.284287691116333
                ],
                [
                    0.0,
                    0.0,
                    0.0,
                    1.0
                ]
            ]
        },
        {
            "file_path": "/data/shapenet_blender/all_50_random/02958343/227ab69792241382acfaf62fe6ca656/r_34",
            "rotation": 0.12566370614359174,
            "transform_matrix": [
                [
                    -0.9064139127731323,
                    -0.3868902921676636,
                    0.16949878633022308,
                    0.6832715272903442
                ],
                [
                    0.42239078879356384,
                    -0.8302329182624817,
                    0.36372965574264526,
                    1.4662412405014038
                ],
                [
                    0.0,
                    0.40128442645072937,
                    0.9159534573554993,
                    3.692326784133911
                ],
                [
                    0.0,
                    0.0,
                    0.0,
                    1.0
                ]
            ]
        },
        {
            "file_path": "/data/shapenet_blender/all_50_random/02958343/227ab69792241382acfaf62fe6ca656/r_35",
            "rotation": 0.12566370614359174,
            "transform_matrix": [
                [
                    0.7656753063201904,
                    -0.028232887387275696,
                    -0.6426073312759399,
                    -2.590433120727539
                ],
                [
                    -0.6432272791862488,
                    -0.033607445657253265,
                    -0.7649374008178711,
                    -3.0835611820220947
                ],
                [
                    0.0,
                    0.9990361928939819,
                    -0.04389255866408348,
                    -0.1769365668296814
                ],
                [
                    0.0,
                    0.0,
                    0.0,
                    1.0
                ]
            ]
        },
        {
            "file_path": "/data/shapenet_blender/all_50_random/02958343/227ab69792241382acfaf62fe6ca656/r_36",
            "rotation": 0.12566370614359174,
            "transform_matrix": [
                [
                    0.5075471997261047,
                    0.6523627042770386,
                    -0.5628665685653687,
                    -2.2689876556396484
                ],
                [
                    -0.861624002456665,
                    0.3842799961566925,
                    -0.33156150579452515,
                    -1.3365671634674072
                ],
                [
                    0.0,
                    0.6532623767852783,
                    0.7571315765380859,
                    3.0520949363708496
                ],
                [
                    0.0,
                    0.0,
                    0.0,
                    1.0
                ]
            ]
        },
        {
            "file_path": "/data/shapenet_blender/all_50_random/02958343/227ab69792241382acfaf62fe6ca656/r_37",
            "rotation": 0.12566370614359174,
            "transform_matrix": [
                [
                    -0.9622151255607605,
                    -0.13464580476284027,
                    0.23666991293430328,
                    0.9540469646453857
                ],
                [
                    0.27229055762290955,
                    -0.4758087694644928,
                    0.8363395929336548,
                    3.3713927268981934
                ],
                [
                    0.0,
                    0.8691815733909607,
                    0.49449312686920166,
                    1.9933655261993408
                ],
                [
                    0.0,
                    0.0,
                    0.0,
                    1.0
                ]
            ]
        },
        {
            "file_path": "/data/shapenet_blender/all_50_random/02958343/227ab69792241382acfaf62fe6ca656/r_38",
            "rotation": 0.12566370614359174,
            "transform_matrix": [
                [
                    0.06913580745458603,
                    0.18824632465839386,
                    0.979685366153717,
                    3.9492383003234863
                ],
                [
                    0.9976072907447815,
                    -0.01304577849805355,
                    -0.06789379566907883,
                    -0.2736886739730835
                ],
                [
                    9.313225746154785e-10,
                    0.9820351004600525,
                    -0.18869784474372864,
                    -0.7606654167175293
                ],
                [
                    0.0,
                    0.0,
                    0.0,
                    1.0
                ]
            ]
        },
        {
            "file_path": "/data/shapenet_blender/all_50_random/02958343/227ab69792241382acfaf62fe6ca656/r_39",
            "rotation": 0.12566370614359174,
            "transform_matrix": [
                [
                    0.8554617166519165,
                    0.4531613290309906,
                    0.25065913796424866,
                    1.010439395904541
                ],
                [
                    0.5178660750389099,
                    -0.7485761046409607,
                    -0.4140632748603821,
                    -1.6691426038742065
                ],
                [
                    -1.4901162970204496e-08,
                    0.4840231239795685,
                    -0.8750550746917725,
                    -3.5274600982666016
                ],
                [
                    0.0,
                    0.0,
                    0.0,
                    1.0
                ]
            ]
        },
        {
            "file_path": "/data/shapenet_blender/all_50_random/02958343/227ab69792241382acfaf62fe6ca656/r_40",
            "rotation": 0.12566370614359174,
            "transform_matrix": [
                [
                    0.3141181468963623,
                    -0.41333603858947754,
                    0.8546830415725708,
                    3.4453375339508057
                ],
                [
                    0.9493839740753174,
                    0.13675853610038757,
                    -0.28278490900993347,
                    -1.1399424076080322
                ],
                [
                    -7.450581485102248e-09,
                    0.9002501368522644,
                    0.4353729486465454,
                    1.7550444602966309
                ],
                [
                    0.0,
                    0.0,
                    0.0,
                    1.0
                ]
            ]
        },
        {
            "file_path": "/data/shapenet_blender/all_50_random/02958343/227ab69792241382acfaf62fe6ca656/r_41",
            "rotation": 0.12566370614359174,
            "transform_matrix": [
                [
                    -0.6717798709869385,
                    0.6937856674194336,
                    0.25956347584724426,
                    1.04633367061615
                ],
                [
                    0.7407507300376892,
                    0.6291877031326294,
                    0.23539568483829498,
                    0.9489102363586426
                ],
                [
                    0.0,
                    0.3504059314727783,
                    -0.936598002910614,
                    -3.7755467891693115
                ],
