{
    "class": "02958343",
    "model": "b5367bf3cb07b8ea593fee7ac9114e04",
    "remove_doubles": true,
    "edge_split": true,
    "denoise": true,
    "camera_angle_x": 0.6911112070083618,
    "scale_factor": 2.266165758226446,
    "hdri_file": "/data/IndoorHDRDataset2018/9C4A5421-ab2d11d5bb.exr",
    "center_offset": [
        0.0,
        0.0,
        -1.862645149230957e-09
    ],
    "lights": [],
    "frames": [
        {
            "file_path": "/data/shapenet_blender/all_50_random/02958343/b5367bf3cb07b8ea593fee7ac9114e04/r_0",
            "rotation": 0.12566370614359174,
            "transform_matrix": [
                [
                    -0.9177476763725281,
                    0.14739888906478882,
                    0.3687991797924042,
                    1.486676812171936
                ],
                [
                    0.3971640467643738,
                    0.340602308511734,
                    0.8522035479545593,
                    3.4353420734405518
                ],
                [
                    0.0,
                    0.9285814762115479,
                    -0.37112852931022644,
                    -1.4960668087005615
                ],
                [
                    0.0,
                    0.0,
                    0.0,
                    1.0
                ]
            ]
        },
        {
            "file_path": "/data/shapenet_blender/all_50_random/02958343/b5367bf3cb07b8ea593fee7ac9114e04/r_1",
            "rotation": 0.12566370614359174,
            "transform_matrix": [
                [
                    0.12036573886871338,
                    0.03888505697250366,
                    -0.9919676184654236,
                    -3.9987497329711914
                ],
                [
                    -0.992729663848877,
                    0.004714705981314182,
                    -0.12027333676815033,
                    -0.4848373532295227
                ],
                [
                    4.656613428188905e-10,
                    0.9992325305938721,
                    0.039169829338788986,
                    0.1578986495733261
                ],
                [
                    0.0,
                    0.0,
                    0.0,
                    1.0
                ]
            ]
        },
        {
            "file_path": "/data/shapenet_blender/all_50_random/02958343/b5367bf3cb07b8ea593fee7ac9114e04/r_2",
            "rotation": 0.12566370614359174,
            "transform_matrix": [
                [
                    0.12659494578838348,
                    0.3483627736568451,
                    0.9287717938423157,
                    3.7439990043640137
                ],
                [
                    0.991954505443573,
                    -0.04445866495370865,
                    -0.1185314729809761,
                    -0.4778156876564026
                ],
                [
                    0.0,
                    0.9363049268722534,
                    -0.35118821263313293,
                    -1.4156850576400757
                ],
                [
                    0.0,
                    0.0,
                    0.0,
                    1.0
                ]
            ]
        },
        {
            "file_path": "/data/shapenet_blender/all_50_random/02958343/b5367bf3cb07b8ea593fee7ac9114e04/r_3",
            "rotation": 0.12566370614359174,
            "transform_matrix": [
                [
                    -0.9493036866188049,
                    -0.30660533905029297,
                    -0.0693950206041336,
                    -0.27974027395248413
                ],
                [
                    -0.31436049938201904,
                    0.9258846640586853,
                    0.2095586210489273,
                    0.8447577953338623
                ],
                [
                    0.0,
                    0.22074982523918152,
                    -0.9753304719924927,
                    -3.931682825088501
                ],
                [
                    0.0,
                    0.0,
                    0.0,
                    1.0
                ]
            ]
        },
        {
            "file_path": "/data/shapenet_blender/all_50_random/02958343/b5367bf3cb07b8ea593fee7ac9114e04/r_4",
            "rotation": 0.12566370614359174,
            "transform_matrix": [
                [
                    0.9372623562812805,
                    -0.00979137234389782,
                    0.34848737716674805,
                    1.4047976732254028
                ],
                [
                    0.34862491488456726,
                    0.026323659345507622,
                    -0.9368925094604492,
                    -3.7767348289489746
                ],
                [
                    9.313225746154785e-10,
                    0.9996054172515869,
                    0.02808569185435772,
                    0.1132170557975769
                ],
                [
                    0.0,
                    0.0,
                    0.0,
                    1.0
                ]
            ]
        },
        {
            "file_path": "/data/shapenet_blender/all_50_random/02958343/b5367bf3cb07b8ea593fee7ac9114e04/r_5",
            "rotation": 0.12566370614359174,
            "transform_matrix": [
                [
                    0.5162853598594666,
                    0.7709307670593262,
                    0.37298154830932617,
                    1.5035368204116821
                ],
                [
                    0.856416642665863,
                    -0.4647507071495056,
                    -0.22484955191612244,
                    -0.9063975811004639
                ],
                [
                    0.0,
                    0.4355141818523407,
                    -0.9001818299293518,
                    -3.628749370574951
                ],
                [
                    0.0,
                    0.0,
                    0.0,
                    1.0
                ]
            ]
        },
        {
            "file_path": "/data/shapenet_blender/all_50_random/02958343/b5367bf3cb07b8ea593fee7ac9114e04/r_6",
            "rotation": 0.12566370614359174,
            "transform_matrix": [
                [
                    -0.37762755155563354,
                    0.21011891961097717,
                    0.9018023610115051,
                    3.635281562805176
                ],
                [
                    0.9259576797485352,
                    0.08569148182868958,
                    0.36777639389038086,
                    1.4825540781021118
                ],
                [
                    -7.450581485102248e-09,
                    0.9739131927490234,
                    -0.22692067921161652,
                    -0.9147465229034424
                ],
                [
                    0.0,
                    0.0,
                    0.0,
                    1.0
                ]
            ]
        },
        {
            "file_path": "/data/shapenet_blender/all_50_random/02958343/b5367bf3cb07b8ea593fee7ac9114e04/r_7",
            "rotation": 0.12566370614359174,
            "transform_matrix": [
                [
                    0.9618155360221863,
                    -0.14934039115905762,
                    0.2293650507926941,
                    0.9246001243591309
                ],
                [
                    0.27369850873947144,
                    0.5248033404350281,
                    -0.8060213923454285,
                    -3.249176263809204
                ],
                [
                    7.4505792646561986e-09,
                    0.838020920753479,
                    0.5456382036209106,
                    2.199537992477417
                ],
                [
                    0.0,
                    0.0,
                    0.0,
                    1.0
                ]
            ]
        },
        {
            "file_path": "/data/shapenet_blender/all_50_random/02958343/b5367bf3cb07b8ea593fee7ac9114e04/r_8",
            "rotation": 0.12566370614359174,
            "transform_matrix": [
                [
                    0.9223095774650574,
                    -0.16843988001346588,
                    0.34781166911125183,
                    1.402073860168457
                ],
                [
                    0.38645175099372864,
                    0.4020002782344818,
                    -0.8300907611846924,
                    -3.346203088760376
                ],
                [
                    0.0,
                    0.900013267993927,
                    0.43586257100105286,
                    1.7570183277130127
                ],
                [
                    0.0,
                    0.0,
                    0.0,
                    1.0
                ]
            ]
        },
        {
            "file_path": "/data/shapenet_blender/all_50_random/02958343/b5367bf3cb07b8ea593fee7ac9114e04/r_9",
            "rotation": 0.12566370614359174,
            "transform_matrix": [
                [
                    0.9734405279159546,
                    0.06455915421247482,
                    -0.219649076461792,
                    -0.8854337334632874
                ],
                [
                    -0.22894015908241272,
                    0.27450183033943176,
                    -0.933935284614563,
                    -3.7648136615753174
                ],
                [
                    0.0,
                    0.9594168663024902,
                    0.2819913923740387,
                    1.1367436647415161
                ],
                [
                    0.0,
                    0.0,
                    0.0,
                    1.0
                ]
            ]
        },
        {
            "file_path": "/data/shapenet_blender/all_50_random/02958343/b5367bf3cb07b8ea593fee7ac9114e04/r_10",
            "rotation": 0.12566370614359174,
            "transform_matrix": [
                [
                    0.9272074699401855,
                    0.04010821878910065,
                    -0.3723945617675781,
                    -1.5011705160140991
                ],
                [
                    -0.3745482265949249,
                    0.09928932040929794,
                    -0.9218759536743164,
                    -3.716200828552246
                ],
                [
                    0.0,
                    0.9942498803138733,
                    0.10708427429199219,
                    0.43167051672935486
                ],
                [
                    0.0,
                    0.0,
                    0.0,
                    1.0
                ]
            ]
        },
        {
            "file_path": "/data/shapenet_blender/all_50_random/02958343/b5367bf3cb07b8ea593fee7ac9114e04/r_11",
            "rotation": 0.12566370614359174,
            "transform_matrix": [
                [
                    -0.8142392635345459,
                    -0.14160163700580597,
                    0.5629949569702148,
                    2.269505500793457
                ],
                [
                    0.5805294513702393,
                    -0.1986076831817627,
                    0.7896457314491272,
                    3.183164119720459
                ],
                [
                    0.0,
                    0.9697957634925842,
                    0.24391807615756989,
                    0.9832652807235718
                ],
                [
                    0.0,
                    0.0,
                    0.0,
                    1.0
                ]
            ]
        },
        {
            "file_path": "/data/shapenet_blender/all_50_random/02958343/b5367bf3cb07b8ea593fee7ac9114e04/r_12",
            "rotation": 0.12566370614359174,
            "transform_matrix": [
                [
                    0.9965859055519104,
                    0.007624916732311249,
                    -0.08221007138490677,
                    -0.33139944076538086
                ],
                [
                    -0.08256292343139648,
                    0.09203749150037766,
                    -0.9923267960548401,
                    -4.000197410583496
                ],
                [
                    0.0,
                    0.9957263469696045,
                    0.09235279262065887,
                    0.3722860515117645
                ],
                [
                    0.0,
                    0.0,
                    0.0,
                    1.0
                ]
            ]
        },
        {
            "file_path": "/data/shapenet_blender/all_50_random/02958343/b5367bf3cb07b8ea593fee7ac9114e04/r_13",
            "rotation": 0.12566370614359174,
            "transform_matrix": [
                [
                    -0.8819964528083801,
                    0.3012189269065857,
                    0.3624216318130493,
                    1.4609683752059937
                ],
                [
                    0.4712561070919037,
                    0.5637571811676025,
                    0.6783033609390259,
                    2.734328269958496
                ],
                [
                    1.4901161193847656e-08,
                    0.7690544128417969,
                    -0.6391831636428833,
                    -2.576629638671875
                ],
                [
                    0.0,
                    0.0,
                    0.0,
                    1.0
                ]
            ]
        },
        {
            "file_path": "/data/shapenet_blender/all_50_random/02958343/b5367bf3cb07b8ea593fee7ac9114e04/r_14",
            "rotation": 0.12566370614359174,
            "transform_matrix": [
                [
                    0.39148199558258057,
                    0.2326233834028244,
                    0.8902966976165771,
                    3.5889008045196533
                ],
                [
                    0.9201858043670654,
                    -0.0989668220281601,
                    -0.3787660300731659,
                    -1.5268547534942627
                ],
                [
                    0.0,
                    0.9675183892250061,
                    -0.25280046463012695,
                    -1.0190712213516235
                ],
                [
                    0.0,
                    0.0,
                    0.0,
                    1.0
                ]
            ]
        },
        {
            "file_path": "/data/shapenet_blender/all_50_random/02958343/b5367bf3cb07b8ea593fee7ac9114e04/r_15",
            "rotation": 0.12566370614359174,
            "transform_matrix": [
                [
                    -0.03982559219002724,
                    0.3842158019542694,
                    0.9223839044570923,
                    3.7182486057281494
                ],
                [
                    0.9992066025733948,
                    0.015313770622015,
                    0.03676364943385124,
                    0.14819902181625366
                ],
                [
                    0.0,
                    0.9231163263320923,
                    -0.38452088832855225,
                    -1.550053358078003
                ],
                [
                    0.0,
                    0.0,
                    0.0,
                    1.0
                ]
            ]
        },
        {
            "file_path": "/data/shapenet_blender/all_50_random/02958343/b5367bf3cb07b8ea593fee7ac9114e04/r_16",
            "rotation": 0.12566370614359174,
            "transform_matrix": [
                [
                    -0.9905480742454529,
                    -0.08929020911455154,
                    0.10412443429231644,
                    0.4197390079498291
                ],
                [
                    0.13716648519039154,
                    -0.6448094844818115,
                    0.751934826374054,
                    3.031146287918091
                ],
                [
                    7.450581485102248e-09,
                    0.7591097950935364,
                    0.6509624719619751,
                    2.6241135597229004
                ],
                [
                    0.0,
                    0.0,
                    0.0,
                    1.0
                ]
            ]
        },
        {
            "file_path": "/data/shapenet_blender/all_50_random/02958343/b5367bf3cb07b8ea593fee7ac9114e04/r_17",
            "rotation": 0.12566370614359174,
            "transform_matrix": [
                [
                    0.9418491721153259,
                    -0.13314227759838104,
                    -0.30853426456451416,
                    -1.2437413930892944
                ],
                [
                    -0.3360361158847809,
                    -0.3731740117073059,
                    -0.8647663593292236,
                    -3.4859848022460938
                ],
                [
                    0.0,
                    0.9181581139564514,
                    -0.39621418714523315,
                    -1.597190499305725
                ],
                [
                    0.0,
                    0.0,
                    0.0,
                    1.0
                ]
            ]
        },
        {
            "file_path": "/data/shapenet_blender/all_50_random/02958343/b5367bf3cb07b8ea593fee7ac9114e04/r_18",
            "rotation": 0.12566370614359174,
            "transform_matrix": [
                [
                    -0.9999583959579468,
                    -0.00623480137437582,
                    0.006647475529462099,
                    0.02679683268070221
                ],
                [
                    0.009113817475736141,
                    -0.6840757727622986,
                    0.7293539047241211,
                    2.940119981765747
                ],
                [
                    0.0,
                    0.7293843626976013,
                    0.6841040849685669,
                    2.7577121257781982
                ],
                [
                    0.0,
                    0.0,
                    0.0,
                    1.0
                ]
            ]
        },
        {
            "file_path": "/data/shapenet_blender/all_50_random/02958343/b5367bf3cb07b8ea593fee7ac9114e04/r_19",
            "rotation": 0.12566370614359174,
            "transform_matrix": [
                [
                    0.3949136435985565,
                    -0.3573375940322876,
                    -0.8463764190673828,
                    -3.4118523597717285
                ],
                [
                    -0.918718159198761,
                    -0.15360260009765625,
                    -0.36381733417510986,
                    -1.4665945768356323
                ],
                [
                    0.0,
                    0.9212577939033508,
                    -0.3889524042606354,
                    -1.5679173469543457
                ],
                [
                    0.0,
                    0.0,
                    0.0,
                    1.0
                ]
            ]
        },
        {
            "file_path": "/data/shapenet_blender/all_50_random/02958343/b5367bf3cb07b8ea593fee7ac9114e04/r_20",
            "rotation": 0.12566370614359174,
            "transform_matrix": [
                [
                    0.6717227101325989,
                    0.2022819221019745,
                    0.7126502990722656,
                    2.8727855682373047
                ],
                [
                    0.740802526473999,
                    -0.1834191381931305,
                    -0.646195650100708,
                    -2.60489821434021
                ],
                [
                    1.4901160305669237e-08,
                    0.9619975090026855,
                    -0.27305781841278076,
                    -1.100731372833252
                ],
                [
                    0.0,
                    0.0,
                    0.0,
                    1.0
                ]
            ]
        },
        {
            "file_path": "/data/shapenet_blender/all_50_random/02958343/b5367bf3cb07b8ea593fee7ac9114e04/r_21",
            "rotation": 0.12566370614359174,
            "transform_matrix": [
                [
                    0.5828051567077637,
                    0.2112223505973816,
                    0.7846802473068237,
                    3.163147449493408
                ],
                [
                    0.8126118779182434,
                    -0.15148866176605225,
                    -0.5627726316452026,
                    -2.2686092853546143
                ],
                [
                    0.0,
                    0.9656274318695068,
                    -0.2599301338195801,
                    -1.0478119850158691
                ],
                [
                    0.0,
                    0.0,
                    0.0,
                    1.0
                ]
            ]
        },
        {
            "file_path": "/data/shapenet_blender/all_50_random/02958343/b5367bf3cb07b8ea593fee7ac9114e04/r_22",
            "rotation": 0.12566370614359174,
            "transform_matrix": [
                [
                    0.8310922980308533,
                    -0.37000226974487305,
                    0.41519129276275635,
                    1.673689603805542
                ],
                [
                    0.5561344623565674,
                    0.5529347062110901,
                    -0.6204656362533569,
                    -2.5011770725250244
                ],
                [
                    1.4901161193847656e-08,
                    0.7465664744377136,
                    0.6653108596801758,
                    2.6819539070129395
                ],
                [
                    0.0,
                    0.0,
                    0.0,
                    1.0
                ]
            ]
        },
        {
            "file_path": "/data/shapenet_blender/all_50_random/02958343/b5367bf3cb07b8ea593fee7ac9114e04/r_23",
            "rotation": 0.12566370614359174,
            "transform_matrix": [
                [
                    -0.8255369067192078,
                    -0.5584660172462463,
                    0.08126797527074814,
                    0.32760173082351685
                ],
                [
                    0.5643481612205505,
                    -0.8169324398040771,
                    0.1188800111413002,
                    0.4792206883430481
                ],
                [
                    7.450580596923828e-09,
                    0.14400362968444824,
                    0.9895771741867065,
                    3.9891133308410645
                ],
                [
                    0.0,
                    0.0,
                    0.0,
                    1.0
                ]
            ]
        },
        {
            "file_path": "/data/shapenet_blender/all_50_random/02958343/b5367bf3cb07b8ea593fee7ac9114e04/r_24",
            "rotation": 0.12566370614359174,
            "transform_matrix": [
                [
                    -0.9468944072723389,
                    0.030538294464349747,
                    -0.32009151577949524,
                    -1.290330171585083
                ],
                [
                    -0.32154497504234314,
                    -0.0899299904704094,
                    0.9426141381263733,
                    3.7997992038726807
                ],
                [
                    1.862645371275562e-09,
                    0.9954797625541687,
                    0.09497363865375519,
                    0.3828509747982025
                ],
                [
                    0.0,
                    0.0,
                    0.0,
                    1.0
                ]
            ]
        },
        {
            "file_path": "/data/shapenet_blender/all_50_random/02958343/b5367bf3cb07b8ea593fee7ac9114e04/r_25",
            "rotation": 0.12566370614359174,
            "transform_matrix": [
                [
                    0.3768981993198395,
                    -0.030117196962237358,
                    -0.9257649183273315,
                    -3.7318778038024902
                ],
                [
                    -0.9262547492980957,
                    -0.01225485373288393,
                    -0.37669888138771057,
                    -1.518521785736084
                ],
                [
                    9.31322685637781e-10,
                    0.9994711875915527,
                    -0.0325150266289711,
                    -0.1310722678899765
                ],
                [
                    0.0,
                    0.0,
                    0.0,
                    1.0
                ]
            ]
        },
        {
            "file_path": "/data/shapenet_blender/all_50_random/02958343/b5367bf3cb07b8ea593fee7ac9114e04/r_26",
            "rotation": 0.12566370614359174,
            "transform_matrix": [
                [
                    0.9998853802680969,
                    0.004449008498340845,
                    0.014476796612143517,
                    0.058357834815979004
                ],
                [
                    0.015145010314881802,
                    -0.29372701048851013,
                    -0.9557693600654602,
                    -3.8528294563293457
                ],
                [
                    0.0,
                    0.9558790326118469,
                    -0.2937606871128082,
                    -1.1841871738433838
                ],
                [
                    0.0,
                    0.0,
                    0.0,
                    1.0
                ]
            ]
        },
        {
            "file_path": "/data/shapenet_blender/all_50_random/02958343/b5367bf3cb07b8ea593fee7ac9114e04/r_27",
            "rotation": 0.12566370614359174,
            "transform_matrix": [
                [
                    0.47499847412109375,
                    -0.810226559638977,
                    -0.343379408121109,
                    -1.3842066526412964
                ],
                [
                    -0.879986584186554,
                    -0.4373434782028198,
                    -0.18534907698631287,
                    -0.7471660375595093
                ],
                [
                    0.0,
                    0.390209823846817,
                    -0.92072594165802,
                    -3.7115650177001953
                ],
                [
                    0.0,
                    0.0,
                    0.0,
                    1.0
                ]
            ]
        },
        {
            "file_path": "/data/shapenet_blender/all_50_random/02958343/b5367bf3cb07b8ea593fee7ac9114e04/r_28",
            "rotation": 0.12566370614359174,
            "transform_matrix": [
                [
                    -0.7783677577972412,
                    -0.11682747304439545,
                    -0.6168428659439087,
                    -2.4865732192993164
                ],
                [
                    -0.6278087496757507,
                    0.1448446363210678,
                    0.7647719979286194,
                    3.0828945636749268
                ],
                [
                    0.0,
                    0.9825330376625061,
                    -0.1860876977443695,
                    -0.7501435279846191
                ],
                [
                    0.0,
                    0.0,
                    0.0,
                    1.0
                ]
            ]
        },
        {
            "file_path": "/data/shapenet_blender/all_50_random/02958343/b5367bf3cb07b8ea593fee7ac9114e04/r_29",
            "rotation": 0.12566370614359174,
            "transform_matrix": [
                [
                    -0.1662876009941101,
                    -0.41505855321884155,
                    0.8944690227508545,
                    3.605720043182373
                ],
                [
                    0.9860773086547852,
                    -0.06999358534812927,
                    0.1508391946554184,
                    0.6080522537231445
                ],
                [
                    0.0,
                    0.9070982336997986,
                    0.42091888189315796,
                    1.6967782974243164
                ],
                [
                    0.0,
                    0.0,
                    0.0,
                    1.0
                ]
            ]
        },
        {
            "file_path": "/data/shapenet_blender/all_50_random/02958343/b5367bf3cb07b8ea593fee7ac9114e04/r_30",
            "rotation": 0.12566370614359174,
            "transform_matrix": [
                [
                    -0.7890695333480835,
                    0.05879192799329758,
                    -0.611484169960022,
                    -2.4649715423583984
                ],
                [
                    -0.6143040060997009,
                    -0.07551785558462143,
                    0.7854474782943726,
                    3.1662399768829346
                ],
                [
                    0.0,
                    0.9954097867012024,
                    0.09570495039224625,
                    0.38579899072647095
                ],
                [
                    0.0,
                    0.0,
                    0.0,
                    1.0
                ]
            ]
        },
        {
            "file_path": "/data/shapenet_blender/all_50_random/02958343/b5367bf3cb07b8ea593fee7ac9114e04/r_31",
            "rotation": 0.12566370614359174,
            "transform_matrix": [
                [
                    -0.7690890431404114,
                    0.1678887903690338,
                    0.6166971325874329,
                    2.48598575592041
                ],
                [
                    0.6391416192054749,
                    0.2020231932401657,
                    0.7420812249183655,
                    2.991425037384033
                ],
                [
                    0.0,
                    0.9648833870887756,
                    -0.2626785337924957,
                    -1.0588910579681396
                ],
                [
                    0.0,
                    0.0,
                    0.0,
                    1.0
                ]
            ]
        },
        {
            "file_path": "/data/shapenet_blender/all_50_random/02958343/b5367bf3cb07b8ea593fee7ac9114e04/r_32",
            "rotation": 0.12566370614359174,
            "transform_matrix": [
                [
                    -0.8301658034324646,
                    -0.12772560119628906,
                    0.5426887273788452,
                    2.187648296356201
                ],
                [
                    0.5575167536735535,
                    -0.19018876552581787,
                    0.8080862164497375,
                    3.2574996948242188
                ],
                [
                    0.0,
                    0.9734033942222595,
                    0.229097381234169,
                    0.923521101474762
                ],
                [
                    0.0,
                    0.0,
                    0.0,
                    1.0
                ]
            ]
        },
        {
            "file_path": "/data/shapenet_blender/all_50_random/02958343/b5367bf3cb07b8ea593fee7ac9114e04/r_33",
            "rotation": 0.12566370614359174,
            "transform_matrix": [
                [
                    -0.9565636515617371,
                    -0.1779269427061081,
                    -0.23092874884605408,
                    -0.930903434753418
                ],
                [
                    -0.2915237545967102,
                    0.5838236212730408,
                    0.757736086845398,
                    3.0545315742492676
                ],
                [
                    -1.4901161193847656e-08,
                    0.7921439409255981,
                    -0.6103343367576599,
                    -2.460336208343506
                ],
                [
                    0.0,
                    0.0,
                    0.0,
                    1.0
                ]
            ]
        },
        {
            "file_path": "/data/shapenet_blender/all_50_random/02958343/b5367bf3cb07b8ea593fee7ac9114e04/r_34",
            "rotation": 0.12566370614359174,
            "transform_matrix": [
                [
                    -0.4880281984806061,
                    -0.11404934525489807,
                    0.8653445839881897,
                    3.4883155822753906
                ],
                [
                    0.8728278279304504,
                    -0.06376892328262329,
                    0.4838440418243408,
                    1.9504376649856567
                ],
                [
                    0.0,
                    0.9914263486862183,
                    0.13066647946834564,
                    0.5267333984375
                ],
                [
                    0.0,
                    0.0,
                    0.0,
                    1.0
                ]
            ]
        },
        {
            "file_path": "/data/shapenet_blender/all_50_random/02958343/b5367bf3cb07b8ea593fee7ac9114e04/r_35",
            "rotation": 0.12566370614359174,
            "transform_matrix": [
                [
                    -0.530925989151001,
                    -0.4558146595954895,
                    -0.7143881916999817,
                    -2.879790782928467
                ],
                [
                    -0.8474181890487671,
                    0.28557783365249634,
                    0.44757983088493347,
                    1.8042519092559814
                ],
                [
                    -1.4901161193847656e-08,
                    0.8430172204971313,
                    -0.537886381149292,
                    -2.1682894229888916
                ],
                [
                    0.0,
                    0.0,
                    0.0,
                    1.0
                ]
            ]
        },
        {
            "file_path": "/data/shapenet_blender/all_50_random/02958343/b5367bf3cb07b8ea593fee7ac9114e04/r_36",
            "rotation": 0.12566370614359174,
            "transform_matrix": [
                [
                    0.9961526393890381,
                    -0.020307160913944244,
                    0.08525016158819199,
                    0.34365442395210266
                ],
                [
                    0.08763545006513596,
                    0.23083160817623138,
                    -0.9690390229225159,
                    -3.9063215255737305
                ],
                [
                    -1.862645371275562e-09,
                    0.9727817177772522,
                    0.2317231148481369,
                    0.9341058135032654
                ],
                [
                    0.0,
                    0.0,
                    0.0,
                    1.0
                ]
            ]
        },
        {
            "file_path": "/data/shapenet_blender/all_50_random/02958343/b5367bf3cb07b8ea593fee7ac9114e04/r_37",
            "rotation": 0.12566370614359174,
            "transform_matrix": [
                [
                    -0.7852975130081177,
                    0.18969056010246277,
                    -0.5893431305885315,
                    -2.375718116760254
                ],
                [
                    -0.6191186308860779,
                    -0.24060580134391785,
                    0.747529923915863,
                    3.0133895874023438
                ],
                [
                    0.0,
                    0.9519067406654358,
                    0.3063880503177643,
                    1.2350897789001465
                ],
                [
                    0.0,
                    0.0,
                    0.0,
                    1.0
                ]
            ]
        },
        {
            "file_path": "/data/shapenet_blender/all_50_random/02958343/b5367bf3cb07b8ea593fee7ac9114e04/r_38",
            "rotation": 0.12566370614359174,
            "transform_matrix": [
                [
                    0.19542178511619568,
                    -0.7189501523971558,
                    0.6670239567756653,
                    2.688859462738037
                ],
                [
                    0.980719268321991,
                    0.14326068758964539,
                    -0.13291367888450623,
                    -0.5357921719551086
                ],
                [
                    0.0,
                    0.6801374554634094,
                    0.7330845594406128,
                    2.9551584720611572
                ],
                [
                    0.0,
                    0.0,
                    0.0,
                    1.0
                ]
            ]
        },
        {
            "file_path": "/data/shapenet_blender/all_50_random/02958343/b5367bf3cb07b8ea593fee7ac9114e04/r_39",
            "rotation": 0.12566370614359174,
            "transform_matrix": [
                [
                    -0.9733081459999084,
                    0.13060107827186584,
                    0.18871793150901794,
                    0.7607463598251343
                ],
                [
                    0.2295018434524536,
                    0.5538739562034607,
                    0.8003451824188232,
                    3.226294755935669
                ],
                [
                    -7.450580152834618e-09,
                    0.8222936391830444,
                    -0.5690632462501526,
                    -2.2939674854278564
                ],
                [
                    0.0,
                    0.0,
                    0.0,
                    1.0
                ]
            ]
        },
        {
            "file_path": "/data/shapenet_blender/all_50_random/02958343/b5367bf3cb07b8ea593fee7ac9114e04/r_40",
            "rotation": 0.12566370614359174,
            "transform_matrix": [
                [
                    -0.22251513600349426,
                    0.08964977413415909,
                    -0.9707986116409302,
                    -3.913414239883423
                ],
                [
                    -0.9749292135238647,
                    -0.020461414009332657,
                    0.2215723693370819,
                    0.8931867480278015
                ],
                [
                    1.8626449271863521e-09,
                    0.9957631826400757,
                    0.09195514768362045,
                    0.37068304419517517
                ],
                [
                    0.0,
                    0.0,
                    0.0,
                    1.0
                ]
            ]
        },
        {
            "file_path": "/data/shapenet_blender/all_50_random/02958343/b5367bf3cb07b8ea593fee7ac9114e04/r_41",
            "rotation": 0.12566370614359174,
            "transform_matrix": [
                [
                    0.38637471199035645,
                    -0.6058002710342407,
                    -0.6955003142356873,
                    -2.8036513328552246
                ],
                [
                    -0.9223420023918152,
                    -0.25377345085144043,
                    -0.2913493514060974,
                    -1.174466848373413
                ],
                [
                    0.0,
                    0.7540590167045593,
                    -0.6568065881729126,
