{
    "class": "02958343",
    "model": "cd24768b45ef5efcb1bb46d2556ba67d",
    "remove_doubles": true,
    "edge_split": true,
    "denoise": true,
    "camera_angle_x": 0.6911112070083618,
    "scale_factor": 2.239696952625619,
    "hdri_file": "/data/IndoorHDRDataset2018/9C4A1523-bb60563b10.exr",
    "center_offset": [
        0.0,
        -1.3969838619232178e-09,
        -3.725290298461914e-09
    ],
    "lights": [],
    "frames": [
        {
            "file_path": "/data/shapenet_blender/all_50_random/02958343/cd24768b45ef5efcb1bb46d2556ba67d/r_0",
            "rotation": 0.12566370614359174,
            "transform_matrix": [
                [
                    0.43195101618766785,
                    -0.5781553387641907,
                    -0.6922100186347961,
                    -2.7903878688812256
                ],
                [
                    -0.9018970131874084,
                    -0.27689942717552185,
                    -0.3315243422985077,
                    -1.336417317390442
                ],
                [
                    0.0,
                    0.7675044536590576,
                    -0.6410436034202576,
                    -2.5841293334960938
                ],
                [
                    0.0,
                    0.0,
                    0.0,
                    1.0
                ]
            ]
        },
        {
            "file_path": "/data/shapenet_blender/all_50_random/02958343/cd24768b45ef5efcb1bb46d2556ba67d/r_1",
            "rotation": 0.12566370614359174,
            "transform_matrix": [
                [
                    -0.6432824730873108,
                    0.12138891220092773,
                    -0.7559446096420288,
                    -3.0473103523254395
                ],
                [
                    -0.7656288743019104,
                    -0.10199113190174103,
                    0.6351457238197327,
                    2.560354471206665
                ],
                [
                    7.450580152834618e-09,
                    0.9873512983322144,
                    0.15854793787002563,
                    0.639127254486084
                ],
                [
                    0.0,
                    0.0,
                    0.0,
                    1.0
                ]
            ]
        },
        {
            "file_path": "/data/shapenet_blender/all_50_random/02958343/cd24768b45ef5efcb1bb46d2556ba67d/r_2",
            "rotation": 0.12566370614359174,
            "transform_matrix": [
                [
                    -0.6493674516677856,
                    -0.31648239493370056,
                    -0.6914916634559631,
                    -2.787492275238037
                ],
                [
                    -0.7604747414588928,
                    0.27024349570274353,
                    0.5904629230499268,
                    2.380232334136963
                ],
                [
                    0.0,
                    0.909289538860321,
                    -0.4161641597747803,
                    -1.6776114702224731
                ],
                [
                    0.0,
                    0.0,
                    0.0,
                    1.0
                ]
            ]
        },
        {
            "file_path": "/data/shapenet_blender/all_50_random/02958343/cd24768b45ef5efcb1bb46d2556ba67d/r_3",
            "rotation": 0.12566370614359174,
            "transform_matrix": [
                [
                    0.774689793586731,
                    0.4232645034790039,
                    -0.46979019045829773,
                    -1.893784999847412
                ],
                [
                    -0.6323413848876953,
                    0.5185468792915344,
                    -0.5755460858345032,
                    -2.320100784301758
                ],
                [
                    0.0,
                    0.7429376244544983,
                    0.6693605184555054,
                    2.6982789039611816
                ],
                [
                    0.0,
                    0.0,
                    0.0,
                    1.0
                ]
            ]
        },
        {
            "file_path": "/data/shapenet_blender/all_50_random/02958343/cd24768b45ef5efcb1bb46d2556ba67d/r_4",
            "rotation": 0.12566370614359174,
            "transform_matrix": [
                [
                    0.4922192692756653,
                    0.759467601776123,
                    -0.4253576695919037,
                    -1.7146717309951782
                ],
                [
                    -0.8704712986946106,
                    0.4294508099555969,
                    -0.240524023771286,
                    -0.9695833921432495
                ],
                [
                    -1.4901162970204496e-08,
                    0.48865216970443726,
                    0.8724785447120667,
                    3.5170738697052
                ],
                [
                    0.0,
                    0.0,
                    0.0,
                    1.0
                ]
            ]
        },
        {
            "file_path": "/data/shapenet_blender/all_50_random/02958343/cd24768b45ef5efcb1bb46d2556ba67d/r_5",
            "rotation": 0.12566370614359174,
            "transform_matrix": [
                [
                    -0.1925855576992035,
                    0.7511205673217773,
                    0.6314496994018555,
                    2.54545521736145
                ],
                [
                    0.9812802076339722,
                    0.14741455018520355,
                    0.123928003013134,
                    0.49956977367401123
                ],
                [
                    0.0,
                    0.6434958577156067,
                    -0.765449583530426,
                    -3.0856258869171143
                ],
                [
                    0.0,
                    0.0,
                    0.0,
                    1.0
                ]
            ]
        },
        {
            "file_path": "/data/shapenet_blender/all_50_random/02958343/cd24768b45ef5efcb1bb46d2556ba67d/r_6",
            "rotation": 0.12566370614359174,
            "transform_matrix": [
                [
                    0.1973675936460495,
                    -0.7912561297416687,
                    0.5787569880485535,
                    2.3330440521240234
                ],
                [
                    0.9803295135498047,
                    0.15930184721946716,
                    -0.11651986837387085,
                    -0.46970662474632263
                ],
                [
                    0.0,
                    0.5903697609901428,
                    0.8071327805519104,
                    3.2536563873291016
                ],
                [
                    0.0,
                    0.0,
                    0.0,
                    1.0
                ]
            ]
        },
        {
            "file_path": "/data/shapenet_blender/all_50_random/02958343/cd24768b45ef5efcb1bb46d2556ba67d/r_7",
            "rotation": 0.12566370614359174,
            "transform_matrix": [
                [
                    0.5551885366439819,
                    0.1330893486738205,
                    -0.821007251739502,
                    -3.3095860481262207
                ],
                [
                    -0.8317246437072754,
                    0.08883912116289139,
                    -0.5480345487594604,
                    -2.209197998046875
                ],
                [
                    0.0,
                    0.9871143698692322,
                    0.16001613438129425,
                    0.6450456976890564
                ],
                [
                    0.0,
                    0.0,
                    0.0,
                    1.0
                ]
            ]
        },
        {
            "file_path": "/data/shapenet_blender/all_50_random/02958343/cd24768b45ef5efcb1bb46d2556ba67d/r_8",
            "rotation": 0.12566370614359174,
            "transform_matrix": [
                [
                    -0.23155967891216278,
                    0.5458401441574097,
                    -0.805256724357605,
                    -3.246094226837158
                ],
                [
                    -0.9728207588195801,
                    -0.12992584705352783,
                    0.19167454540729523,
                    0.7726649045944214
                ],
                [
                    0.0,
                    0.827754557132721,
                    0.5610901713371277,
                    2.261826992034912
                ],
                [
                    0.0,
                    0.0,
                    0.0,
                    1.0
                ]
            ]
        },
        {
            "file_path": "/data/shapenet_blender/all_50_random/02958343/cd24768b45ef5efcb1bb46d2556ba67d/r_9",
            "rotation": 0.12566370614359174,
            "transform_matrix": [
                [
                    0.7713865041732788,
                    -0.4922470152378082,
                    0.4033060371875763,
                    1.6257786750793457
                ],
                [
                    0.6363669633865356,
                    0.5966882705688477,
                    -0.48887646198272705,
                    -1.970724105834961
                ],
                [
                    -1.4901161193847656e-08,
                    0.633763313293457,
                    0.7735269665718079,
                    3.1181869506835938
                ],
                [
                    0.0,
                    0.0,
                    0.0,
                    1.0
                ]
            ]
        },
        {
            "file_path": "/data/shapenet_blender/all_50_random/02958343/cd24768b45ef5efcb1bb46d2556ba67d/r_10",
            "rotation": 0.12566370614359174,
            "transform_matrix": [
                [
                    0.7413727045059204,
                    -0.28437793254852295,
                    -0.6078615784645081,
                    -2.4503684043884277
                ],
                [
                    -0.6710935235023499,
                    -0.31415894627571106,
                    -0.671518862247467,
                    -2.7069790363311768
                ],
                [
                    -1.4901161193847656e-08,
                    0.9057776927947998,
                    -0.4237530827522278,
                    -1.7082033157348633
                ],
                [
                    0.0,
                    0.0,
                    0.0,
                    1.0
                ]
            ]
        },
        {
            "file_path": "/data/shapenet_blender/all_50_random/02958343/cd24768b45ef5efcb1bb46d2556ba67d/r_11",
            "rotation": 0.12566370614359174,
            "transform_matrix": [
                [
                    -0.4134162366390228,
                    0.6255751252174377,
                    0.6616212129592896,
                    2.6670806407928467
                ],
                [
                    0.9105422496795654,
                    0.2840317487716675,
                    0.3003978729248047,
                    1.2109426259994507
                ],
                [
                    1.4901162970204496e-08,
                    0.7266232967376709,
                    -0.6870359182357788,
                    -2.7695305347442627
                ],
                [
                    0.0,
                    0.0,
                    0.0,
                    1.0
                ]
            ]
        },
        {
            "file_path": "/data/shapenet_blender/all_50_random/02958343/cd24768b45ef5efcb1bb46d2556ba67d/r_12",
            "rotation": 0.12566370614359174,
            "transform_matrix": [
                [
                    0.9675288796424866,
                    0.05113356560468674,
                    -0.2475343495607376,
                    -0.9978429079055786
                ],
                [
                    -0.25276052951812744,
                    0.1957314908504486,
                    -0.9475237727165222,
                    -3.8195905685424805
                ],
                [
                    0.0,
                    0.9793235063552856,
                    0.20230041444301605,
                    0.8154990673065186
                ],
                [
                    0.0,
                    0.0,
                    0.0,
                    1.0
                ]
            ]
        },
        {
            "file_path": "/data/shapenet_blender/all_50_random/02958343/cd24768b45ef5efcb1bb46d2556ba67d/r_13",
            "rotation": 0.12566370614359174,
            "transform_matrix": [
                [
                    -0.7670835256576538,
                    0.49405065178871155,
                    -0.409263551235199,
                    -1.649794101715088
                ],
                [
                    -0.6415470838546753,
                    -0.590725302696228,
                    0.4893472492694855,
                    1.9726219177246094
                ],
                [
                    -1.4901161193847656e-08,
                    0.6379320621490479,
                    0.7700925469398499,
                    3.104342460632324
                ],
                [
                    0.0,
                    0.0,
                    0.0,
                    1.0
                ]
            ]
        },
        {
            "file_path": "/data/shapenet_blender/all_50_random/02958343/cd24768b45ef5efcb1bb46d2556ba67d/r_14",
            "rotation": 0.12566370614359174,
            "transform_matrix": [
                [
                    -0.9221751689910889,
                    0.336000919342041,
                    -0.19156281650066376,
                    -0.7722142934799194
                ],
                [
                    -0.38677239418029785,
                    -0.8011215329170227,
                    0.4567401111125946,
                    1.841178059577942
                ],
                [
                    0.0,
                    0.4952854812145233,
                    0.8687303066253662,
                    3.5019633769989014
                ],
                [
                    0.0,
                    0.0,
                    0.0,
                    1.0
                ]
            ]
        },
        {
            "file_path": "/data/shapenet_blender/all_50_random/02958343/cd24768b45ef5efcb1bb46d2556ba67d/r_15",
            "rotation": 0.12566370614359174,
            "transform_matrix": [
                [
                    0.7576370239257812,
                    0.23126943409442902,
                    0.6103283166885376,
                    2.4603121280670166
                ],
                [
                    0.6526761651039124,
                    -0.2684612572193146,
                    -0.7084789276123047,
                    -2.8559699058532715
                ],
                [
                    -1.4901161193847656e-08,
                    0.9351165890693665,
                    -0.35434022545814514,
                    -1.4283910989761353
                ],
                [
                    0.0,
                    0.0,
                    0.0,
                    1.0
                ]
            ]
        },
        {
            "file_path": "/data/shapenet_blender/all_50_random/02958343/cd24768b45ef5efcb1bb46d2556ba67d/r_16",
            "rotation": 0.12566370614359174,
            "transform_matrix": [
                [
                    -0.981863260269165,
                    -0.033192697912454605,
                    0.18666265904903412,
                    0.7524612545967102
                ],
                [
                    0.1895909160375595,
                    -0.17190007865428925,
                    0.9666983485221863,
                    3.896885633468628
                ],
                [
                    0.0,
                    0.9845550060272217,
                    0.17507541179656982,
                    0.7057515382766724
                ],
                [
                    0.0,
                    0.0,
                    0.0,
                    1.0
                ]
            ]
        },
        {
            "file_path": "/data/shapenet_blender/all_50_random/02958343/cd24768b45ef5efcb1bb46d2556ba67d/r_17",
            "rotation": 0.12566370614359174,
            "transform_matrix": [
                [
                    0.6259263753890991,
                    0.6735410690307617,
                    0.3931393623352051,
                    1.5847954750061035
                ],
                [
                    0.7798820734024048,
                    -0.5405780673027039,
                    -0.3155301511287689,
                    -1.2719427347183228
                ],
                [
                    0.0,
                    0.5041009187698364,
                    -0.8636447191238403,
                    -3.4814631938934326
                ],
                [
                    0.0,
                    0.0,
                    0.0,
                    1.0
                ]
            ]
        },
        {
            "file_path": "/data/shapenet_blender/all_50_random/02958343/cd24768b45ef5efcb1bb46d2556ba67d/r_18",
            "rotation": 0.12566370614359174,
            "transform_matrix": [
                [
                    -0.7321953177452087,
                    -0.026843048632144928,
                    -0.680565595626831,
                    -2.743447780609131
                ],
                [
                    -0.6810948252677917,
                    0.028857002034783363,
                    0.7316263914108276,
                    2.949280261993408
                ],
                [
                    0.0,
                    0.9992230534553528,
                    -0.03941161930561066,
                    -0.1588733196258545
                ],
                [
                    0.0,
                    0.0,
                    0.0,
                    1.0
                ]
            ]
        },
        {
            "file_path": "/data/shapenet_blender/all_50_random/02958343/cd24768b45ef5efcb1bb46d2556ba67d/r_19",
            "rotation": 0.12566370614359174,
            "transform_matrix": [
                [
                    0.3004894554615021,
                    0.18531891703605652,
                    -0.9356083273887634,
                    -3.7715578079223633
                ],
                [
                    -0.9537850618362427,
                    0.058384619653224945,
                    -0.29476287961006165,
                    -1.1882271766662598
                ],
                [
                    -3.725290076417309e-09,
                    0.9809424877166748,
                    0.1942983716726303,
                    0.7832418084144592
                ],
                [
                    0.0,
                    0.0,
                    0.0,
                    1.0
                ]
            ]
        },
        {
            "file_path": "/data/shapenet_blender/all_50_random/02958343/cd24768b45ef5efcb1bb46d2556ba67d/r_20",
            "rotation": 0.12566370614359174,
            "transform_matrix": [
                [
                    0.4736444056034088,
                    -0.46435245871543884,
                    0.7483566403388977,
                    3.0167224407196045
                ],
                [
                    0.8807161450386047,
                    0.24972626566886902,
                    -0.4024621844291687,
                    -1.6223770380020142
                ],
                [
                    -1.4901160305669237e-08,
                    0.8497138619422913,
                    0.5272440910339355,
                    2.1253890991210938
                ],
                [
                    0.0,
                    0.0,
                    0.0,
                    1.0
                ]
            ]
        },
        {
            "file_path": "/data/shapenet_blender/all_50_random/02958343/cd24768b45ef5efcb1bb46d2556ba67d/r_21",
            "rotation": 0.12566370614359174,
            "transform_matrix": [
                [
                    -0.9510706663131714,
                    0.0030816749203950167,
                    0.3089582026004791,
                    1.245450496673584
                ],
                [
                    0.30897361040115356,
                    0.009485892951488495,
                    0.9510232210159302,
                    3.833697557449341
                ],
                [
                    -2.3283064365386963e-10,
                    0.9999502897262573,
                    -0.00997390877455473,
                    -0.04020611569285393
                ],
                [
                    0.0,
                    0.0,
                    0.0,
                    1.0
                ]
            ]
        },
        {
            "file_path": "/data/shapenet_blender/all_50_random/02958343/cd24768b45ef5efcb1bb46d2556ba67d/r_22",
            "rotation": 0.12566370614359174,
            "transform_matrix": [
                [
                    0.2635197341442108,
                    -0.7796306014060974,
                    0.568096399307251,
                    2.290069580078125
                ],
                [
                    0.9646539688110352,
                    0.21297591924667358,
                    -0.15518996119499207,
                    -0.6255906820297241
                ],
                [
                    -1.4901160305669237e-08,
                    0.5889120697975159,
                    0.8081972599029541,
                    3.2579469680786133
                ],
                [
                    0.0,
                    0.0,
                    0.0,
                    1.0
                ]
            ]
        },
        {
            "file_path": "/data/shapenet_blender/all_50_random/02958343/cd24768b45ef5efcb1bb46d2556ba67d/r_23",
            "rotation": 0.12566370614359174,
            "transform_matrix": [
                [
                    -0.8313612937927246,
                    0.5292777419090271,
                    -0.1694212257862091,
                    -0.6829587817192078
                ],
                [
                    -0.5557324290275574,
                    -0.791785717010498,
                    0.2534497380256653,
                    1.0216885805130005
                ],
                [
                    0.0,
                    0.3048611283302307,
                    0.952396810054779,
                    3.8392341136932373
                ],
                [
                    0.0,
                    0.0,
                    0.0,
                    1.0
                ]
            ]
        },
        {
            "file_path": "/data/shapenet_blender/all_50_random/02958343/cd24768b45ef5efcb1bb46d2556ba67d/r_24",
            "rotation": 0.12566370614359174,
            "transform_matrix": [
                [
                    -0.529507040977478,
                    -0.7373934388160706,
                    0.41937240958213806,
                    1.6905442476272583
                ],
                [
                    0.8483054637908936,
                    -0.46027645468711853,
                    0.26176968216896057,
                    1.0552273988723755
                ],
                [
                    0.0,
                    0.49436479806900024,
                    0.869254469871521,
                    3.5040769577026367
                ],
                [
                    0.0,
                    0.0,
                    0.0,
                    1.0
                ]
            ]
        },
        {
            "file_path": "/data/shapenet_blender/all_50_random/02958343/cd24768b45ef5efcb1bb46d2556ba67d/r_25",
            "rotation": 0.12566370614359174,
            "transform_matrix": [
                [
                    0.6491292715072632,
                    -0.4648354649543762,
                    0.602128803730011,
                    2.4272589683532715
                ],
                [
                    0.760678231716156,
                    0.3966701030731201,
                    -0.5138301849365234,
                    -2.0713160037994385
                ],
                [
                    0.0,
                    0.7915684580802917,
                    0.6110803484916687,
                    2.463343858718872
                ],
                [
                    0.0,
                    0.0,
                    0.0,
                    1.0
                ]
            ]
        },
        {
            "file_path": "/data/shapenet_blender/all_50_random/02958343/cd24768b45ef5efcb1bb46d2556ba67d/r_26",
            "rotation": 0.12566370614359174,
            "transform_matrix": [
                [
                    0.6473823189735413,
                    -0.30917343497276306,
                    0.6966404318809509,
                    2.8082475662231445
                ],
                [
                    0.7621654272079468,
                    0.2626114785671234,
                    -0.5917254090309143,
                    -2.385321617126465
                ],
                [
                    1.4901161193847656e-08,
                    0.9140279293060303,
                    0.4056512713432312,
                    1.63523268699646
                ],
                [
                    0.0,
                    0.0,
                    0.0,
                    1.0
                ]
            ]
        },
        {
            "file_path": "/data/shapenet_blender/all_50_random/02958343/cd24768b45ef5efcb1bb46d2556ba67d/r_27",
            "rotation": 0.12566370614359174,
            "transform_matrix": [
                [
                    0.8755754828453064,
                    0.09860100597143173,
                    0.4729114770889282,
                    1.9063671827316284
                ],
                [
                    0.4830811321735382,
                    -0.17871247231960297,
                    -0.857143223285675,
                    -3.4552547931671143
                ],
                [
                    -7.4505792646561986e-09,
                    0.9789483547210693,
                    -0.2041085809469223,
                    -0.8227880001068115
                ],
                [
                    0.0,
                    0.0,
                    0.0,
                    1.0
                ]
            ]
        },
        {
            "file_path": "/data/shapenet_blender/all_50_random/02958343/cd24768b45ef5efcb1bb46d2556ba67d/r_28",
            "rotation": 0.12566370614359174,
            "transform_matrix": [
                [
                    -0.3923967778682709,
                    -0.2731727361679077,
                    0.8782945871353149,
                    3.5405187606811523
                ],
                [
                    0.9197960495948792,
                    -0.11653898656368256,
                    0.3746916949748993,
                    1.5104305744171143
                ],
                [
                    0.0,
                    0.954879641532898,
                    0.29699277877807617,
                    1.1972161531448364
                ],
                [
                    0.0,
                    0.0,
                    0.0,
                    1.0
                ]
            ]
        },
        {
            "file_path": "/data/shapenet_blender/all_50_random/02958343/cd24768b45ef5efcb1bb46d2556ba67d/r_29",
            "rotation": 0.12566370614359174,
            "transform_matrix": [
                [
                    0.7681084871292114,
                    0.09006480872631073,
                    0.6339541077613831,
                    2.5555508136749268
                ],
                [
                    0.64031982421875,
                    -0.10803903639316559,
                    -0.760472297668457,
                    -3.0655617713928223
                ],
                [
                    0.0,
                    0.9900584816932678,
                    -0.140655979514122,
                    -0.5670024156570435
                ],
                [
                    0.0,
                    0.0,
                    0.0,
                    1.0
                ]
            ]
        },
        {
            "file_path": "/data/shapenet_blender/all_50_random/02958343/cd24768b45ef5efcb1bb46d2556ba67d/r_30",
            "rotation": 0.12566370614359174,
            "transform_matrix": [
                [
                    0.36155420541763306,
                    -0.6556124687194824,
                    0.6629108786582947,
                    2.672279119491577
                ],
                [
                    0.9323511123657227,
                    0.25423839688301086,
                    -0.25706860423088074,
                    -1.0362766981124878
                ],
                [
                    -1.4901161193847656e-08,
                    0.7110098600387573,
                    0.70318204164505,
                    2.8346173763275146
                ],
                [
                    0.0,
                    0.0,
                    0.0,
                    1.0
                ]
            ]
        },
        {
            "file_path": "/data/shapenet_blender/all_50_random/02958343/cd24768b45ef5efcb1bb46d2556ba67d/r_31",
            "rotation": 0.12566370614359174,
            "transform_matrix": [
                [
                    0.39970970153808594,
                    -0.8673790097236633,
                    0.29645535349845886,
                    1.1950498819351196
                ],
                [
                    0.9166417717933655,
                    0.37822821736335754,
                    -0.1292719542980194,
                    -0.5211119651794434
                ],
                [
                    7.450580596923828e-09,
                    0.3234146237373352,
                    0.9462572932243347,
                    3.8144853115081787
                ],
                [
                    0.0,
                    0.0,
                    0.0,
                    1.0
                ]
            ]
        },
        {
            "file_path": "/data/shapenet_blender/all_50_random/02958343/cd24768b45ef5efcb1bb46d2556ba67d/r_32",
            "rotation": 0.12566370614359174,
            "transform_matrix": [
                [
                    -0.7679516077041626,
                    -0.24305786192417145,
                    -0.5925986170768738,
                    -2.388841390609741
                ],
                [
                    -0.6405077576637268,
                    0.2914198338985443,
                    0.7105098366737366,
                    2.864156723022461
                ],
                [
                    0.0,
                    0.9252012372016907,
                    -0.3794768154621124,
                    -1.5297199487686157
                ],
                [
                    0.0,
                    0.0,
                    0.0,
                    1.0
                ]
            ]
        },
        {
            "file_path": "/data/shapenet_blender/all_50_random/02958343/cd24768b45ef5efcb1bb46d2556ba67d/r_33",
            "rotation": 0.12566370614359174,
            "transform_matrix": [
                [
                    -0.22966639697551727,
                    -0.5919362902641296,
                    0.7725702524185181,
                    3.114330291748047
                ],
                [
                    0.9732694625854492,
                    -0.1396816372871399,
                    0.18230658769607544,
                    0.7349013686180115
                ],
                [
                    -7.450580596923828e-09,
                    0.793788492679596,
                    0.6081936955451965,
                    2.451707124710083
                ],
                [
                    0.0,
                    0.0,
                    0.0,
                    1.0
                ]
            ]
        },
        {
            "file_path": "/data/shapenet_blender/all_50_random/02958343/cd24768b45ef5efcb1bb46d2556ba67d/r_34",
            "rotation": 0.12566370614359174,
            "transform_matrix": [
                [
                    -0.25919240713119507,
                    -0.12256612628698349,
                    0.958017110824585,
                    3.8618905544281006
                ],
                [
                    0.9658257961273193,
                    -0.03289227560162544,
                    0.2570968568325043,
                    1.0363905429840088
                ],
                [
                    0.0,
                    0.9919150471687317,
                    0.12690295279026031,
                    0.511562168598175
                ],
                [
                    0.0,
                    0.0,
                    0.0,
                    1.0
                ]
            ]
        },
        {
            "file_path": "/data/shapenet_blender/all_50_random/02958343/cd24768b45ef5efcb1bb46d2556ba67d/r_35",
            "rotation": 0.12566370614359174,
            "transform_matrix": [
                [
                    0.9734591245651245,
                    0.04776217043399811,
                    -0.2238219678401947,
                    -0.9022552371025085
                ],
                [
                    -0.22886133193969727,
                    0.20315587520599365,
                    -0.9520242810249329,
                    -3.8377325534820557
                ],
                [
                    3.725290742551124e-09,
                    0.9779807925224304,
                    0.20869486033916473,
                    0.8412758708000183
                ],
                [
                    0.0,
                    0.0,
                    0.0,
                    1.0
                ]
            ]
        },
        {
            "file_path": "/data/shapenet_blender/all_50_random/02958343/cd24768b45ef5efcb1bb46d2556ba67d/r_36",
            "rotation": 0.12566370614359174,
            "transform_matrix": [
                [
                    -0.9761704206466675,
                    -0.011980400420725346,
                    -0.21667449176311493,
                    -0.8734428286552429
                ],
                [
                    -0.21700547635555267,
                    0.05389224365353584,
                    0.974681556224823,
                    3.9290671348571777
                ],
                [
                    -9.313225746154785e-10,
                    0.9984748959541321,
                    -0.05520782247185707,
                    -0.22254985570907593
                ],
                [
                    0.0,
                    0.0,
                    0.0,
                    1.0
                ]
            ]
        },
        {
            "file_path": "/data/shapenet_blender/all_50_random/02958343/cd24768b45ef5efcb1bb46d2556ba67d/r_37",
            "rotation": 0.12566370614359174,
            "transform_matrix": [
                [
                    -0.4859596788883209,
                    0.2018020749092102,
                    0.8503640294075012,
                    3.427927255630493
                ],
                [
                    0.873981237411499,
                    0.11220797896385193,
                    0.4728277921676636,
                    1.9060299396514893
                ],
                [
                    0.0,
                    0.9729775190353394,
                    -0.23089975118637085,
                    -0.9307867288589478
                ],
                [
                    0.0,
                    0.0,
                    0.0,
                    1.0
                ]
            ]
        },
        {
            "file_path": "/data/shapenet_blender/all_50_random/02958343/cd24768b45ef5efcb1bb46d2556ba67d/r_38",
            "rotation": 0.12566370614359174,
            "transform_matrix": [
                [
                    0.9990462064743042,
                    0.011257121339440346,
                    0.04219071939587593,
                    0.17007620632648468
                ],
                [
                    0.04366668686270714,
                    -0.2575506567955017,
                    -0.9652776718139648,
                    -3.89115834236145
                ],
                [
                    -9.313225746154785e-10,
                    0.9661992788314819,
                    -0.2577965557575226,
                    -1.0392110347747803
                ],
                [
                    0.0,
                    0.0,
                    0.0,
                    1.0
                ]
            ]
        },
        {
            "file_path": "/data/shapenet_blender/all_50_random/02958343/cd24768b45ef5efcb1bb46d2556ba67d/r_39",
            "rotation": 0.12566370614359174,
            "transform_matrix": [
                [
                    0.8626700043678284,
                    0.2386183887720108,
                    0.44593900442123413,
                    1.797637701034546
                ],
                [
                    0.5057670474052429,
                    -0.4070034623146057,
                    -0.7606232762336731,
                    -3.0661706924438477
                ],
                [
                    1.4901160305669237e-08,
                    0.8817082047462463,
                    -0.4717949628829956,
                    -1.9018664360046387
                ],
                [
                    0.0,
                    0.0,
                    0.0,
                    1.0
                ]
            ]
        },
        {
            "file_path": "/data/shapenet_blender/all_50_random/02958343/cd24768b45ef5efcb1bb46d2556ba67d/r_40",
            "rotation": 0.12566370614359174,
            "transform_matrix": [
                [
                    0.2255467176437378,
                    0.43474647402763367,
                    -0.8718509674072266,
                    -3.5145437717437744
                ],
                [
                    -0.9742324352264404,
                    0.10064911842346191,
                    -0.20184414088726044,
                    -0.8136597871780396
                ],
                [
                    0.0,
                    0.8949106931686401,
                    0.44624513387680054,
                    1.798871636390686
                ],
                [
                    0.0,
                    0.0,
                    0.0,
                    1.0
                ]
            ]
        },
        {
            "file_path": "/data/shapenet_blender/all_50_random/02958343/cd24768b45ef5efcb1bb46d2556ba67d/r_41",
            "rotation": 0.12566370614359174,
            "transform_matrix": [
                [
                    0.885339081287384,
                    -0.15775927901268005,
                    0.43736353516578674,
                    1.7630687952041626
                ],
                [
                    0.46494609117507935,
                    0.30040138959884644,
                    -0.832817018032074,
                    -3.3571927547454834
                ],
                [
                    0.0,
