{
    "class": "02958343",
    "model": "ded68cb3b5318425bb164ad50a9faee3",
    "remove_doubles": true,
    "edge_split": true,
    "denoise": true,
    "camera_angle_x": 0.6911112070083618,
    "scale_factor": 2.2480498147597037,
    "hdri_file": "/data/IndoorHDRDataset2018/9C4A2663-cb2d66c125.exr",
    "center_offset": [
        0.0,
        0.0,
        1.862645149230957e-09
    ],
    "lights": [],
    "frames": [
        {
            "file_path": "/data/shapenet_blender/all_50_random/02958343/ded68cb3b5318425bb164ad50a9faee3/r_0",
            "rotation": 0.12566370614359174,
            "transform_matrix": [
                [
                    0.9469627737998962,
                    0.01004865299910307,
                    -0.3211860656738281,
                    -1.2947425842285156
                ],
                [
                    -0.32134324312210083,
                    0.029612261801958084,
                    -0.9464995861053467,
                    -3.815462112426758
                ],
                [
                    9.313225191043273e-10,
                    0.9995110034942627,
                    0.031270768493413925,
                    0.1260565221309662
                ],
                [
                    0.0,
                    0.0,
                    0.0,
                    1.0
                ]
            ]
        },
        {
            "file_path": "/data/shapenet_blender/all_50_random/02958343/ded68cb3b5318425bb164ad50a9faee3/r_1",
            "rotation": 0.12566370614359174,
            "transform_matrix": [
                [
                    -0.4240138530731201,
                    0.45456814765930176,
                    0.7833133935928345,
                    3.157637596130371
                ],
                [
                    0.9056557416915894,
                    0.21282170712947845,
                    0.3667351007461548,
                    1.4783565998077393
                ],
                [
                    0.0,
                    0.8649129867553711,
                    -0.501921534538269,
                    -2.023310661315918
                ],
                [
                    0.0,
                    0.0,
                    0.0,
                    1.0
                ]
            ]
        },
        {
            "file_path": "/data/shapenet_blender/all_50_random/02958343/ded68cb3b5318425bb164ad50a9faee3/r_2",
            "rotation": 0.12566370614359174,
            "transform_matrix": [
                [
                    0.9780938625335693,
                    0.10997834801673889,
                    0.1767408400774002,
                    0.7124651074409485
                ],
                [
                    0.2081647664308548,
                    -0.5167499780654907,
                    -0.8304437398910522,
                    -3.347625732421875
                ],
                [
                    0.0,
                    0.8490430116653442,
                    -0.5283235907554626,
                    -2.1297404766082764
                ],
                [
                    0.0,
                    0.0,
                    0.0,
                    1.0
                ]
            ]
        },
        {
            "file_path": "/data/shapenet_blender/all_50_random/02958343/ded68cb3b5318425bb164ad50a9faee3/r_3",
            "rotation": 0.12566370614359174,
            "transform_matrix": [
                [
                    -0.8259775638580322,
                    -0.25805217027664185,
                    -0.5011687278747559,
                    -2.020275831222534
                ],
                [
                    -0.5637029409408569,
                    0.37811633944511414,
                    0.734347939491272,
                    2.9602513313293457
                ],
                [
                    -1.4901161193847656e-08,
                    0.889065146446228,
                    -0.4577804505825043,
                    -1.8453720808029175
                ],
                [
                    0.0,
                    0.0,
                    0.0,
                    1.0
                ]
            ]
        },
        {
            "file_path": "/data/shapenet_blender/all_50_random/02958343/ded68cb3b5318425bb164ad50a9faee3/r_4",
            "rotation": 0.12566370614359174,
            "transform_matrix": [
                [
                    0.37134048342704773,
                    0.42232656478881836,
                    -0.8268895745277405,
                    -3.333298683166504
                ],
                [
                    -0.9284967184066772,
                    0.1689041554927826,
                    -0.330704003572464,
                    -1.3331105709075928
                ],
                [
                    0.0,
                    0.890568196773529,
                    0.4548497796058655,
                    1.833558201789856
                ],
                [
                    0.0,
                    0.0,
                    0.0,
                    1.0
                ]
            ]
        },
        {
            "file_path": "/data/shapenet_blender/all_50_random/02958343/ded68cb3b5318425bb164ad50a9faee3/r_5",
            "rotation": 0.12566370614359174,
            "transform_matrix": [
                [
                    -0.7139955163002014,
                    0.13185518980026245,
                    -0.6876224279403687,
                    -2.771894693374634
                ],
                [
                    -0.7001502513885498,
                    -0.13446259498596191,
                    0.7012199759483337,
                    2.8267080783843994
                ],
                [
                    0.0,
                    0.9821069836616516,
                    0.18832412362098694,
                    0.7591588497161865
                ],
                [
                    0.0,
                    0.0,
                    0.0,
                    1.0
                ]
            ]
        },
        {
            "file_path": "/data/shapenet_blender/all_50_random/02958343/ded68cb3b5318425bb164ad50a9faee3/r_6",
            "rotation": 0.12566370614359174,
            "transform_matrix": [
                [
                    0.1802038997411728,
                    0.9258838891983032,
                    -0.33206263184547424,
                    -1.3385872840881348
                ],
                [
                    -0.9836292266845703,
                    0.16962479054927826,
                    -0.06083489954471588,
                    -0.24523332715034485
                ],
                [
                    0.0,
                    0.33758920431137085,
                    0.9412935376167297,
                    3.794475555419922
                ],
                [
                    0.0,
                    0.0,
                    0.0,
                    1.0
                ]
            ]
        },
        {
            "file_path": "/data/shapenet_blender/all_50_random/02958343/ded68cb3b5318425bb164ad50a9faee3/r_7",
            "rotation": 0.12566370614359174,
            "transform_matrix": [
                [
                    -0.2558964192867279,
                    0.014478879049420357,
                    0.9665958285331726,
                    3.8964719772338867
                ],
                [
                    0.9667041897773743,
                    0.003832706483080983,
                    0.25586774945259094,
                    1.0314357280731201
                ],
                [
                    2.3283062977608182e-10,
                    0.9998877644538879,
                    -0.014977570623159409,
                    -0.06037651002407074
                ],
                [
                    0.0,
                    0.0,
                    0.0,
                    1.0
                ]
            ]
        },
        {
            "file_path": "/data/shapenet_blender/all_50_random/02958343/ded68cb3b5318425bb164ad50a9faee3/r_8",
            "rotation": 0.12566370614359174,
            "transform_matrix": [
                [
                    0.5950015187263489,
                    -0.4820610582828522,
                    -0.6431098580360413,
                    -2.592458963394165
                ],
                [
                    -0.8037247061729431,
                    -0.3568722903728485,
                    -0.47609755396842957,
                    -1.9192107915878296
                ],
                [
                    -1.4901162970204496e-08,
                    0.8001619577407837,
                    -0.5997838377952576,
                    -2.4178061485290527
                ],
                [
                    0.0,
                    0.0,
                    0.0,
                    1.0
                ]
            ]
        },
        {
            "file_path": "/data/shapenet_blender/all_50_random/02958343/ded68cb3b5318425bb164ad50a9faee3/r_9",
            "rotation": 0.12566370614359174,
            "transform_matrix": [
                [
                    -0.6981203556060791,
                    -0.05865246057510376,
                    -0.7135741114616394,
                    -2.876508951187134
                ],
                [
                    -0.7159804701805115,
                    0.057189371436834335,
                    0.6957739591598511,
                    2.8047542572021484
                ],
                [
                    0.0,
                    0.9966389536857605,
                    -0.08191908150911331,
                    -0.330226331949234
                ],
                [
                    0.0,
                    0.0,
                    0.0,
                    1.0
                ]
            ]
        },
        {
            "file_path": "/data/shapenet_blender/all_50_random/02958343/ded68cb3b5318425bb164ad50a9faee3/r_10",
            "rotation": 0.12566370614359174,
            "transform_matrix": [
                [
                    -0.4402034282684326,
                    0.3075694739818573,
                    -0.8435769081115723,
                    -3.4005672931671143
                ],
                [
                    -0.8978981971740723,
                    -0.15078897774219513,
                    0.41357189416885376,
                    1.6671615839004517
                ],
                [
                    0.0,
                    0.9395017623901367,
                    0.34254390001296997,
                    1.3808386325836182
                ],
                [
                    0.0,
                    0.0,
                    0.0,
                    1.0
                ]
            ]
        },
        {
            "file_path": "/data/shapenet_blender/all_50_random/02958343/ded68cb3b5318425bb164ad50a9faee3/r_11",
            "rotation": 0.12566370614359174,
            "transform_matrix": [
                [
                    -0.5816812515258789,
                    0.6802933812141418,
                    -0.445923388004303,
                    -1.7975744009017944
                ],
                [
                    -0.8134168386459351,
                    -0.4864836037158966,
                    0.31888359785079956,
                    1.2854607105255127
                ],
                [
                    -1.4901161193847656e-08,
                    0.5482100248336792,
                    0.8363407254219055,
                    3.371396780014038
                ],
                [
                    0.0,
                    0.0,
                    0.0,
                    1.0
                ]
            ]
        },
        {
            "file_path": "/data/shapenet_blender/all_50_random/02958343/ded68cb3b5318425bb164ad50a9faee3/r_12",
            "rotation": 0.12566370614359174,
            "transform_matrix": [
                [
                    0.36641237139701843,
                    -0.30809205770492554,
                    -0.8779642581939697,
                    -3.53918719291687
                ],
                [
                    -0.9304525852203369,
                    -0.12132670730352402,
                    -0.34574246406555176,
                    -1.3937324285507202
                ],
                [
                    -7.450581485102248e-09,
                    0.943588376045227,
                    -0.33112064003944397,
                    -1.3347899913787842
                ],
                [
                    0.0,
                    0.0,
                    0.0,
                    1.0
                ]
            ]
        },
        {
            "file_path": "/data/shapenet_blender/all_50_random/02958343/ded68cb3b5318425bb164ad50a9faee3/r_13",
            "rotation": 0.12566370614359174,
            "transform_matrix": [
                [
                    0.7863771319389343,
                    -0.28844043612480164,
                    0.5462719798088074,
                    2.2020931243896484
                ],
                [
                    0.6177467703819275,
                    0.3671778738498688,
                    -0.6953914165496826,
                    -2.8032126426696777
                ],
                [
                    1.4901162970204496e-08,
                    0.8842977285385132,
                    0.4669233560562134,
                    1.8822283744812012
                ],
                [
                    0.0,
                    0.0,
                    0.0,
                    1.0
                ]
            ]
        },
        {
            "file_path": "/data/shapenet_blender/all_50_random/02958343/ded68cb3b5318425bb164ad50a9faee3/r_14",
            "rotation": 0.12566370614359174,
            "transform_matrix": [
                [
                    -0.7129150629043579,
                    0.19920018315315247,
                    0.6723626255989075,
                    2.7103800773620605
                ],
                [
                    0.701250433921814,
                    0.2025136947631836,
                    0.683546781539917,
                    2.755464792251587
                ],
                [
                    0.0,
                    0.95880526304245,
                    -0.28406429290771484,
                    -1.1450996398925781
                ],
                [
                    0.0,
                    0.0,
                    0.0,
                    1.0
                ]
            ]
        },
        {
            "file_path": "/data/shapenet_blender/all_50_random/02958343/ded68cb3b5318425bb164ad50a9faee3/r_15",
            "rotation": 0.12566370614359174,
            "transform_matrix": [
                [
                    -0.23289339244365692,
                    0.8760468363761902,
                    0.42225897312164307,
                    1.7021805047988892
                ],
                [
                    0.9725023508071899,
                    0.20979437232017517,
                    0.1011219471693039,
                    0.4076356291770935
                ],
                [
                    7.450581485102248e-09,
                    0.43419840931892395,
                    -0.9008171558380127,
                    -3.63131046295166
                ],
                [
                    0.0,
                    0.0,
                    0.0,
                    1.0
                ]
            ]
        },
        {
            "file_path": "/data/shapenet_blender/all_50_random/02958343/ded68cb3b5318425bb164ad50a9faee3/r_16",
            "rotation": 0.12566370614359174,
            "transform_matrix": [
                [
                    -0.709760308265686,
                    0.3896925151348114,
                    0.586838960647583,
                    2.365623712539673
                ],
                [
                    0.7044433355331421,
                    0.392633855342865,
                    0.5912683010101318,
                    2.383479118347168
                ],
                [
                    -1.4901161193847656e-08,
                    0.8330535292625427,
                    -0.5531921982765198,
                    -2.2299892902374268
                ],
                [
                    0.0,
                    0.0,
                    0.0,
                    1.0
                ]
            ]
        },
        {
            "file_path": "/data/shapenet_blender/all_50_random/02958343/ded68cb3b5318425bb164ad50a9faee3/r_17",
            "rotation": 0.12566370614359174,
            "transform_matrix": [
                [
                    -0.8660004734992981,
                    0.3272596001625061,
                    -0.37807971239089966,
                    -1.5240881443023682
                ],
                [
                    -0.5000431537628174,
                    -0.5667650699615479,
                    0.6547779440879822,
                    2.6394946575164795
                ],
                [
                    0.0,
                    0.756094217300415,
                    0.6544626951217651,
                    2.638223648071289
                ],
                [
                    0.0,
                    0.0,
                    0.0,
                    1.0
                ]
            ]
        },
        {
            "file_path": "/data/shapenet_blender/all_50_random/02958343/ded68cb3b5318425bb164ad50a9faee3/r_18",
            "rotation": 0.12566370614359174,
            "transform_matrix": [
                [
                    -0.7682498693466187,
                    -0.3169403672218323,
                    0.5561843514442444,
                    2.2420506477355957
                ],
                [
                    0.6401501893997192,
                    -0.38036292791366577,
                    0.6674817204475403,
                    2.690704584121704
                ],
                [
                    0.0,
                    0.8688341379165649,
                    0.49510324001312256,
                    1.9958248138427734
                ],
                [
                    0.0,
                    0.0,
                    0.0,
                    1.0
                ]
            ]
        },
        {
            "file_path": "/data/shapenet_blender/all_50_random/02958343/ded68cb3b5318425bb164ad50a9faee3/r_19",
            "rotation": 0.12566370614359174,
            "transform_matrix": [
                [
                    -0.40769362449645996,
                    0.04323073476552963,
                    -0.9120948314666748,
                    -3.676771879196167
                ],
                [
                    -0.9131188988685608,
                    -0.01930186152458191,
                    0.40723639726638794,
                    1.6416224241256714
                ],
                [
                    0.0,
                    0.9988786578178406,
                    0.047344040125608444,
                    0.1908499300479889
                ],
                [
                    0.0,
                    0.0,
                    0.0,
                    1.0
                ]
            ]
        },
        {
            "file_path": "/data/shapenet_blender/all_50_random/02958343/ded68cb3b5318425bb164ad50a9faee3/r_20",
            "rotation": 0.12566370614359174,
            "transform_matrix": [
                [
                    -0.9887903928756714,
                    0.1245676577091217,
                    0.08231918513774872,
                    0.33183926343917847
                ],
                [
                    0.14931024610996246,
                    0.8249353170394897,
                    0.545149564743042,
                    2.19756817817688
                ],
                [
                    0.0,
                    0.5513296723365784,
                    -0.8342874050140381,
                    -3.3631200790405273
                ],
                [
                    0.0,
                    0.0,
                    0.0,
                    1.0
                ]
            ]
        },
        {
            "file_path": "/data/shapenet_blender/all_50_random/02958343/ded68cb3b5318425bb164ad50a9faee3/r_21",
            "rotation": 0.12566370614359174,
            "transform_matrix": [
                [
                    -0.8191747069358826,
                    -0.1385042816400528,
                    0.5565692782402039,
                    2.2436025142669678
                ],
                [
                    0.5735440850257874,
                    -0.1978212296962738,
                    0.7949301600456238,
                    3.204465866088867
                ],
                [
                    -7.450580596923828e-09,
                    0.9704035520553589,
                    0.2414884865283966,
                    0.9734712243080139
                ],
                [
                    0.0,
                    0.0,
                    0.0,
                    1.0
                ]
            ]
        },
        {
            "file_path": "/data/shapenet_blender/all_50_random/02958343/ded68cb3b5318425bb164ad50a9faee3/r_22",
            "rotation": 0.12566370614359174,
            "transform_matrix": [
                [
                    0.8916677236557007,
                    -0.2500678598880768,
                    0.3773525059223175,
                    1.5211565494537354
                ],
                [
                    0.4526907205581665,
                    0.4925602078437805,
                    -0.7432735562324524,
                    -2.9962315559387207
                ],
                [
                    0.0,
                    0.8335769176483154,
                    0.5524033904075623,
                    2.22680926322937
                ],
                [
                    0.0,
                    0.0,
                    0.0,
                    1.0
                ]
            ]
        },
        {
            "file_path": "/data/shapenet_blender/all_50_random/02958343/ded68cb3b5318425bb164ad50a9faee3/r_23",
            "rotation": 0.12566370614359174,
            "transform_matrix": [
                [
                    -0.2888416647911072,
                    -0.04922652244567871,
                    -0.9561104774475098,
                    -3.8542046546936035
                ],
                [
                    -0.9573769569396973,
                    0.014851695857942104,
                    0.28845956921577454,
                    1.1628177165985107
                ],
                [
                    9.31322685637781e-10,
                    0.9986771941184998,
                    -0.05141812562942505,
                    -0.20727309584617615
                ],
                [
                    0.0,
                    0.0,
                    0.0,
                    1.0
                ]
            ]
        },
        {
            "file_path": "/data/shapenet_blender/all_50_random/02958343/ded68cb3b5318425bb164ad50a9faee3/r_24",
            "rotation": 0.12566370614359174,
            "transform_matrix": [
                [
                    0.941133439540863,
                    0.09976993501186371,
                    0.32297664880752563,
                    1.3019604682922363
                ],
                [
                    0.3380354344844818,
                    -0.27777212858200073,
                    -0.8992078304290771,
                    -3.6248226165771484
                ],
                [
                    0.0,
                    0.9554520845413208,
                    -0.2951463758945465,
                    -1.1897730827331543
                ],
                [
                    0.0,
                    0.0,
                    0.0,
                    1.0
                ]
            ]
        },
        {
            "file_path": "/data/shapenet_blender/all_50_random/02958343/ded68cb3b5318425bb164ad50a9faee3/r_25",
            "rotation": 0.12566370614359174,
            "transform_matrix": [
                [
                    -0.8750056624412537,
                    -0.4312904477119446,
                    0.21989469230175018,
                    0.8864238858222961
                ],
                [
                    0.4841127395629883,
                    -0.7795324325561523,
                    0.3974469006061554,
                    1.6021597385406494
                ],
                [
                    0.0,
                    0.45422208309173584,
                    0.8908884525299072,
                    3.5912861824035645
                ],
                [
                    0.0,
                    0.0,
                    0.0,
                    1.0
                ]
            ]
        },
        {
            "file_path": "/data/shapenet_blender/all_50_random/02958343/ded68cb3b5318425bb164ad50a9faee3/r_26",
            "rotation": 0.12566370614359174,
            "transform_matrix": [
                [
                    -0.9622143507003784,
                    0.270077645778656,
                    -0.034665804356336594,
                    -0.13974234461784363
                ],
                [
                    -0.272293359041214,
                    -0.9543846845626831,
                    0.12250000238418579,
                    0.49381333589553833
                ],
                [
                    0.0,
                    0.12731070816516876,
                    0.9918628334999084,
                    3.9983272552490234
                ],
                [
                    0.0,
                    0.0,
                    0.0,
                    1.0
                ]
            ]
        },
        {
            "file_path": "/data/shapenet_blender/all_50_random/02958343/ded68cb3b5318425bb164ad50a9faee3/r_27",
            "rotation": 0.12566370614359174,
            "transform_matrix": [
                [
                    -0.9529186487197876,
                    -0.24139024317264557,
                    0.18351268768310547,
                    0.7397633194923401
                ],
                [
                    0.3032262623310089,
                    -0.7585927844047546,
                    0.5767068266868591,
                    2.324779510498047
                ],
                [
                    0.0,
                    0.605200469493866,
                    0.7960730791091919,
                    3.209073305130005
                ],
                [
                    0.0,
                    0.0,
                    0.0,
                    1.0
                ]
            ]
        },
        {
            "file_path": "/data/shapenet_blender/all_50_random/02958343/ded68cb3b5318425bb164ad50a9faee3/r_28",
            "rotation": 0.12566370614359174,
            "transform_matrix": [
                [
                    0.9822977185249329,
                    -0.027327582240104675,
                    0.18532274663448334,
                    0.7470599412918091
                ],
                [
                    0.1873268038034439,
                    0.143299400806427,
                    -0.9717889428138733,
                    -3.9174067974090576
                ],
                [
                    3.725290742551124e-09,
                    0.9893019795417786,
                    0.14588184654712677,
                    0.5880686044692993
                ],
                [
                    0.0,
                    0.0,
                    0.0,
                    1.0
                ]
            ]
        },
        {
            "file_path": "/data/shapenet_blender/all_50_random/02958343/ded68cb3b5318425bb164ad50a9faee3/r_29",
            "rotation": 0.12566370614359174,
            "transform_matrix": [
                [
                    0.7242481708526611,
                    0.6849583387374878,
                    0.07935123890638351,
                    0.3198750615119934
                ],
                [
                    0.6895394325256348,
                    -0.7194364666938782,
                    -0.08334546536207199,
                    -0.3359763026237488
                ],
                [
                    3.725290298461914e-09,
                    0.11507906764745712,
                    -0.9933564066886902,
                    -4.004347801208496
                ],
                [
                    0.0,
                    0.0,
                    0.0,
                    1.0
                ]
            ]
        },
        {
            "file_path": "/data/shapenet_blender/all_50_random/02958343/ded68cb3b5318425bb164ad50a9faee3/r_30",
            "rotation": 0.12566370614359174,
            "transform_matrix": [
                [
                    -0.5189723372459412,
                    0.5990462899208069,
                    0.6097633242607117,
                    2.4580345153808594
                ],
                [
                    0.8547911643981934,
                    0.3637010455131531,
                    0.3702077269554138,
                    1.4923551082611084
                ],
                [
                    1.4901162970204496e-08,
                    0.7133477330207825,
                    -0.7008101940155029,
                    -2.825056314468384
                ],
                [
                    0.0,
                    0.0,
                    0.0,
                    1.0
                ]
            ]
        },
        {
            "file_path": "/data/shapenet_blender/all_50_random/02958343/ded68cb3b5318425bb164ad50a9faee3/r_31",
            "rotation": 0.12566370614359174,
            "transform_matrix": [
                [
                    0.09527907520532608,
                    -0.8378511071205139,
                    0.5375195741653442,
                    2.166810989379883
                ],
                [
                    0.9954506158828735,
                    0.08019451051950455,
                    -0.05144842714071274,
                    -0.2073952555656433
                ],
                [
                    0.0,
                    0.539976179599762,
                    0.8416802287101746,
                    3.3929216861724854
                ],
                [
                    0.0,
                    0.0,
                    0.0,
                    1.0
                ]
            ]
        },
        {
            "file_path": "/data/shapenet_blender/all_50_random/02958343/ded68cb3b5318425bb164ad50a9faee3/r_32",
            "rotation": 0.12566370614359174,
            "transform_matrix": [
                [
                    0.909768283367157,
                    -0.38678398728370667,
                    0.15073123574256897,
                    0.6076170802116394
                ],
                [
                    0.415116548538208,
                    0.8476746678352356,
                    -0.330342173576355,
                    -1.331652045249939
                ],
                [
                    1.4901161193847656e-08,
                    0.3631059229373932,
                    0.9317477941513062,
                    3.755995750427246
                ],
                [
                    0.0,
                    0.0,
                    0.0,
                    1.0
                ]
            ]
        },
        {
            "file_path": "/data/shapenet_blender/all_50_random/02958343/ded68cb3b5318425bb164ad50a9faee3/r_33",
            "rotation": 0.12566370614359174,
            "transform_matrix": [
                [
                    0.7980219125747681,
                    0.418666273355484,
                    0.4334508776664734,
                    1.7472962141036987
                ],
                [
                    0.6026285290718079,
                    -0.5544126033782959,
                    -0.5739908814430237,
                    -2.313831090927124
                ],
                [
                    0.0,
                    0.7192671298980713,
                    -0.6947336792945862,
                    -2.800560712814331
                ],
                [
                    0.0,
                    0.0,
                    0.0,
                    1.0
                ]
            ]
        },
        {
            "file_path": "/data/shapenet_blender/all_50_random/02958343/ded68cb3b5318425bb164ad50a9faee3/r_34",
            "rotation": 0.12566370614359174,
            "transform_matrix": [
                [
                    -0.9948533773422241,
                    -0.009067787788808346,
                    -0.1009184718132019,
                    -0.40681537985801697
                ],
                [
                    -0.10132504254579544,
                    0.08903148770332336,
                    0.9908615350723267,
                    3.994290590286255
                ],
                [
                    -9.313225746154785e-10,
                    0.9959875345230103,
                    -0.089492067694664,
                    -0.3607540726661682
                ],
                [
                    0.0,
                    0.0,
                    0.0,
                    1.0
                ]
            ]
        },
        {
            "file_path": "/data/shapenet_blender/all_50_random/02958343/ded68cb3b5318425bb164ad50a9faee3/r_35",
            "rotation": 0.12566370614359174,
            "transform_matrix": [
                [
                    0.6236224174499512,
                    -0.7494925856590271,
                    0.22216200828552246,
                    0.8955637216567993
                ],
                [
                    0.7817257642745972,
                    0.5979083776473999,
                    -0.17722994089126587,
                    -0.7144367694854736
                ],
                [
                    0.0,
                    0.28419438004493713,
                    0.9587666392326355,
                    3.8649120330810547
                ],
                [
                    0.0,
                    0.0,
                    0.0,
                    1.0
                ]
            ]
        },
        {
            "file_path": "/data/shapenet_blender/all_50_random/02958343/ded68cb3b5318425bb164ad50a9faee3/r_36",
            "rotation": 0.12566370614359174,
            "transform_matrix": [
                [
                    0.18520374596118927,
                    -0.6978987455368042,
                    -0.691835880279541,
                    -2.788879632949829
                ],
                [
                    -0.9827002286911011,
                    -0.13152888417243958,
                    -0.13038624823093414,
                    -0.5256037712097168
                ],
                [
                    0.0,
                    0.7040152549743652,
                    -0.7101848125457764,
                    -2.862846612930298
                ],
                [
                    0.0,
                    0.0,
                    0.0,
                    1.0
                ]
            ]
        },
        {
            "file_path": "/data/shapenet_blender/all_50_random/02958343/ded68cb3b5318425bb164ad50a9faee3/r_37",
            "rotation": 0.12566370614359174,
            "transform_matrix": [
                [
                    -0.8311443328857422,
                    0.4401249885559082,
                    0.33983680605888367,
                    1.3699259757995605
                ],
                [
                    0.5560567378997803,
                    0.6578598022460938,
                    0.507957935333252,
                    2.0476438999176025
                ],
                [
                    1.4901161193847656e-08,
                    0.6111549735069275,
                    -0.791511058807373,
                    -3.190683126449585
                ],
                [
                    0.0,
                    0.0,
                    0.0,
                    1.0
                ]
            ]
        },
        {
            "file_path": "/data/shapenet_blender/all_50_random/02958343/ded68cb3b5318425bb164ad50a9faee3/r_38",
            "rotation": 0.12566370614359174,
            "transform_matrix": [
                [
                    -0.29053378105163574,
                    -0.5986267924308777,
                    0.7464823722839355,
                    3.009166955947876
                ],
                [
                    0.9568647146224976,
                    -0.18176165223121643,
                    0.22665518522262573,
                    0.9136763215065002
                ],
                [
                    0.0,
                    0.7801337838172913,
                    0.6256126761436462,
                    2.521925687789917
                ],
                [
                    0.0,
                    0.0,
                    0.0,
                    1.0
                ]
            ]
        },
        {
            "file_path": "/data/shapenet_blender/all_50_random/02958343/ded68cb3b5318425bb164ad50a9faee3/r_39",
            "rotation": 0.12566370614359174,
            "transform_matrix": [
                [
                    -0.12615109980106354,
                    -0.22994855046272278,
                    0.9649920463562012,
                    3.890007257461548
                ],
                [
                    0.9920110106468201,
                    -0.029241876676678658,
                    0.12271517515182495,
                    0.4946807026863098
                ],
                [
                    1.8626449271863521e-09,
                    0.9727633595466614,
                    0.2318003922700882,
                    0.9344172477722168
                ],
                [
                    0.0,
                    0.0,
                    0.0,
                    1.0
                ]
            ]
        },
        {
            "file_path": "/data/shapenet_blender/all_50_random/02958343/ded68cb3b5318425bb164ad50a9faee3/r_40",
            "rotation": 0.12566370614359174,
            "transform_matrix": [
                [
                    0.33514490723609924,
                    -0.20626099407672882,
                    -0.9193118214607239,
                    -3.705864667892456
                ],
                [
                    -0.9421666264533997,
                    -0.07337059080600739,
                    -0.3270150423049927,
                    -1.3182399272918701
                ],
                [
                    0.0,
                    0.9757423996925354,
                    -0.2189219743013382,
                    -0.8825027942657471
                ],
                [
                    0.0,
                    0.0,
                    0.0,
                    1.0
                ]
            ]
        },
        {
            "file_path": "/data/shapenet_blender/all_50_random/02958343/ded68cb3b5318425bb164ad50a9faee3/r_41",
            "rotation": 0.12566370614359174,
            "transform_matrix": [
                [
                    -0.19607147574424744,
                    -0.7871243357658386,
                    0.584800124168396,
                    2.357404947280884
                ],
                [
                    0.9805896878242493,
                    -0.15738756954669952,
                    0.11693231761455536,
                    0.47136926651000977
                ],
                [
                    0.0,
                    0.5963760614395142,
                    0.8027050495147705,
