{
    "class": "02958343",
    "model": "1660d6b7221223708a49a62fbc70ff9a",
    "remove_doubles": true,
    "edge_split": true,
    "denoise": true,
    "camera_angle_x": 0.6911112070083618,
    "scale_factor": 2.3681644428152184,
    "hdri_file": "/data/IndoorHDRDataset2018/AG8A8625-e4d0806809.exr",
    "center_offset": [
        0.0,
        0.0,
        1.862645149230957e-09
    ],
    "lights": [],
    "frames": [
        {
            "file_path": "/data/shapenet_blender/all_50_random/02958343/1660d6b7221223708a49a62fbc70ff9a/r_0",
            "rotation": 0.12566370614359174,
            "transform_matrix": [
                [
                    -0.7960129380226135,
                    -0.34035050868988037,
                    0.5005245804786682,
                    2.017679452896118
                ],
                [
                    0.6052796244621277,
                    -0.447600394487381,
                    0.6582478880882263,
                    2.653482437133789
                ],
                [
                    0.0,
                    0.8269311785697937,
                    0.5623028874397278,
                    2.2667157649993896
                ],
                [
                    0.0,
                    0.0,
                    0.0,
                    1.0
                ]
            ]
        },
        {
            "file_path": "/data/shapenet_blender/all_50_random/02958343/1660d6b7221223708a49a62fbc70ff9a/r_1",
            "rotation": 0.12566370614359174,
            "transform_matrix": [
                [
                    -0.012215983122587204,
                    -0.5076180100440979,
                    0.8614954948425293,
                    3.472799777984619
                ],
                [
                    0.999925434589386,
                    -0.006201515905559063,
                    0.01052479911595583,
                    0.04242682456970215
                ],
                [
                    4.656613428188905e-10,
                    0.8615598082542419,
                    0.5076558589935303,
                    2.04642653465271
                ],
                [
                    0.0,
                    0.0,
                    0.0,
                    1.0
                ]
            ]
        },
        {
            "file_path": "/data/shapenet_blender/all_50_random/02958343/1660d6b7221223708a49a62fbc70ff9a/r_2",
            "rotation": 0.12566370614359174,
            "transform_matrix": [
                [
                    -0.1829044371843338,
                    0.17640891671180725,
                    -0.9671741724014282,
                    -3.8988037109375
                ],
                [
                    -0.983130693435669,
                    -0.03281961753964424,
                    0.17993584275245667,
                    0.7253445982933044
                ],
                [
                    0.0,
                    0.9837695956230164,
                    0.17943589389324188,
                    0.7233292460441589
                ],
                [
                    0.0,
                    0.0,
                    0.0,
                    1.0
                ]
            ]
        },
        {
            "file_path": "/data/shapenet_blender/all_50_random/02958343/1660d6b7221223708a49a62fbc70ff9a/r_3",
            "rotation": 0.12566370614359174,
            "transform_matrix": [
                [
                    0.6203025579452515,
                    0.5401386618614197,
                    0.5687484741210938,
                    2.292698621749878
                ],
                [
                    0.7843626141548157,
                    -0.42716139554977417,
                    -0.44978708028793335,
                    -1.8131498098373413
                ],
                [
                    0.0,
                    0.7251092195510864,
                    -0.6886337995529175,
                    -2.7759718894958496
                ],
                [
                    0.0,
                    0.0,
                    0.0,
                    1.0
                ]
            ]
        },
        {
            "file_path": "/data/shapenet_blender/all_50_random/02958343/1660d6b7221223708a49a62fbc70ff9a/r_4",
            "rotation": 0.12566370614359174,
            "transform_matrix": [
                [
                    0.9998747706413269,
                    0.011911025270819664,
                    -0.010422642342746258,
                    -0.042015016078948975
                ],
                [
                    -0.015827316790819168,
                    0.7524669170379639,
                    -0.6584398746490479,
                    -2.6542561054229736
                ],
                [
                    -9.313225746154785e-10,
                    0.658522367477417,
                    0.752561092376709,
                    3.0336709022521973
                ],
                [
                    0.0,
                    0.0,
                    0.0,
                    1.0
                ]
            ]
        },
        {
            "file_path": "/data/shapenet_blender/all_50_random/02958343/1660d6b7221223708a49a62fbc70ff9a/r_5",
            "rotation": 0.12566370614359174,
            "transform_matrix": [
                [
                    0.9939644932746887,
                    -0.03330723196268082,
                    0.10452449321746826,
                    0.42135170102119446
                ],
                [
                    0.10970298200845718,
                    0.3017803728580475,
                    -0.9470447897911072,
                    -3.817659616470337
                ],
                [
                    0.0,
                    0.9527955055236816,
                    0.3036128282546997,
                    1.2239024639129639
                ],
                [
                    0.0,
                    0.0,
                    0.0,
                    1.0
                ]
            ]
        },
        {
            "file_path": "/data/shapenet_blender/all_50_random/02958343/1660d6b7221223708a49a62fbc70ff9a/r_6",
            "rotation": 0.12566370614359174,
            "transform_matrix": [
                [
                    -0.405537486076355,
                    -0.04843413457274437,
                    -0.9127943515777588,
                    -3.679591655731201
                ],
                [
                    -0.9140784740447998,
                    0.02148815058171749,
                    0.4049677848815918,
                    1.6324774026870728
                ],
                [
                    -1.862645149230957e-09,
                    0.9985951781272888,
                    -0.05298684909939766,
                    -0.21359682083129883
                ],
                [
                    0.0,
                    0.0,
                    0.0,
                    1.0
                ]
            ]
        },
        {
            "file_path": "/data/shapenet_blender/all_50_random/02958343/1660d6b7221223708a49a62fbc70ff9a/r_7",
            "rotation": 0.12566370614359174,
            "transform_matrix": [
                [
                    0.1891634613275528,
                    0.23913893103599548,
                    -0.9523810148239136,
                    -3.8391709327697754
                ],
                [
                    -0.9819455742835999,
                    0.04606807976961136,
                    -0.18346808850765228,
                    -0.7395835518836975
                ],
                [
                    3.725290076417309e-09,
                    0.9698919057846069,
                    0.24353578686714172,
                    0.981724202632904
                ],
                [
                    0.0,
                    0.0,
                    0.0,
                    1.0
                ]
            ]
        },
        {
            "file_path": "/data/shapenet_blender/all_50_random/02958343/1660d6b7221223708a49a62fbc70ff9a/r_8",
            "rotation": 0.12566370614359174,
            "transform_matrix": [
                [
                    -0.05905872583389282,
                    0.7361070513725281,
                    0.6742836833000183,
                    2.7181243896484375
                ],
                [
                    0.9982545375823975,
                    0.0435495562851429,
                    0.03989196568727493,
                    0.16080965101718903
                ],
                [
                    1.862645149230957e-09,
                    0.6754626631736755,
                    -0.7373941540718079,
                    -2.9725308418273926
                ],
                [
                    0.0,
                    0.0,
                    0.0,
                    1.0
                ]
            ]
        },
        {
            "file_path": "/data/shapenet_blender/all_50_random/02958343/1660d6b7221223708a49a62fbc70ff9a/r_9",
            "rotation": 0.12566370614359174,
            "transform_matrix": [
                [
                    0.820242702960968,
                    -0.43391162157058716,
                    -0.372723251581192,
                    -1.5024956464767456
                ],
                [
                    -0.5720157027244568,
                    -0.6222081184387207,
                    -0.5344669818878174,
                    -2.154505491256714
                ],
                [
                    1.4901162970204496e-08,
                    0.651596188545227,
                    -0.7585659027099609,
                    -3.0578773021698
                ],
                [
                    0.0,
                    0.0,
                    0.0,
                    1.0
                ]
            ]
        },
        {
            "file_path": "/data/shapenet_blender/all_50_random/02958343/1660d6b7221223708a49a62fbc70ff9a/r_10",
            "rotation": 0.12566370614359174,
            "transform_matrix": [
                [
                    -0.4701840579509735,
                    0.1979728788137436,
                    -0.8600777387619019,
                    -3.4670839309692383
                ],
                [
                    -0.8825682997703552,
                    -0.10546911507844925,
                    0.4582023322582245,
                    1.8470724821090698
                ],
                [
                    -7.450580152834618e-09,
                    0.9745166897773743,
                    0.22431455552577972,
                    0.9042407870292664
                ],
                [
                    0.0,
                    0.0,
                    0.0,
                    1.0
                ]
            ]
        },
        {
            "file_path": "/data/shapenet_blender/all_50_random/02958343/1660d6b7221223708a49a62fbc70ff9a/r_11",
            "rotation": 0.12566370614359174,
            "transform_matrix": [
                [
                    0.9240995645523071,
                    -0.011558604426681995,
                    -0.3819768726825714,
                    -1.5397981405258179
                ],
                [
                    -0.3821517527103424,
                    -0.02795041911303997,
                    -0.9236767292022705,
                    -3.7234601974487305
                ],
                [
                    0.0,
                    0.9995425343513489,
                    -0.030246108770370483,
                    -0.1219259724020958
                ],
                [
                    0.0,
                    0.0,
                    0.0,
                    1.0
                ]
            ]
        },
        {
            "file_path": "/data/shapenet_blender/all_50_random/02958343/1660d6b7221223708a49a62fbc70ff9a/r_12",
            "rotation": 0.12566370614359174,
            "transform_matrix": [
                [
                    -0.05995062366127968,
                    0.0058787669986486435,
                    0.9981840252876282,
                    4.023808479309082
                ],
                [
                    0.9982014298439026,
                    0.00035307076177559793,
                    0.05994958057999611,
                    0.24166448414325714
                ],
                [
                    0.0,
                    0.9999826550483704,
                    -0.00588935986161232,
                    -0.023740768432617188
                ],
                [
                    0.0,
                    0.0,
                    0.0,
                    1.0
                ]
            ]
        },
        {
            "file_path": "/data/shapenet_blender/all_50_random/02958343/1660d6b7221223708a49a62fbc70ff9a/r_13",
            "rotation": 0.12566370614359174,
            "transform_matrix": [
                [
                    0.9945915341377258,
                    0.044776808470487595,
                    0.09371684491634369,
                    0.37778472900390625
                ],
                [
                    0.1038644015789032,
                    -0.42877674102783203,
                    -0.8974199295043945,
                    -3.6176156997680664
                ],
                [
                    3.725290742551124e-09,
                    0.9023001194000244,
                    -0.43110838532447815,
                    -1.7378536462783813
                ],
                [
                    0.0,
                    0.0,
                    0.0,
                    1.0
                ]
            ]
        },
        {
            "file_path": "/data/shapenet_blender/all_50_random/02958343/1660d6b7221223708a49a62fbc70ff9a/r_14",
            "rotation": 0.12566370614359174,
            "transform_matrix": [
                [
                    0.6153208613395691,
                    -0.18021348118782043,
                    -0.7674003839492798,
                    -3.0934898853302
                ],
                [
                    -0.788276731967926,
                    -0.14067281782627106,
                    -0.5990249514579773,
                    -2.4147467613220215
                ],
                [
                    -7.450580596923828e-09,
                    0.9735163450241089,
                    -0.22861704230308533,
                    -0.9215847849845886
                ],
                [
                    0.0,
                    0.0,
                    0.0,
                    1.0
                ]
            ]
        },
        {
            "file_path": "/data/shapenet_blender/all_50_random/02958343/1660d6b7221223708a49a62fbc70ff9a/r_15",
            "rotation": 0.12566370614359174,
            "transform_matrix": [
                [
                    0.9437787532806396,
                    -0.07569483667612076,
                    0.32179489731788635,
                    1.2971967458724976
                ],
                [
                    0.3305777609348297,
                    0.21610397100448608,
                    -0.9187041521072388,
                    -3.7034149169921875
                ],
                [
                    7.450580596923828e-09,
                    0.9734317064285278,
                    0.22897736728191376,
                    0.9230372905731201
                ],
                [
                    0.0,
                    0.0,
                    0.0,
                    1.0
                ]
            ]
        },
        {
            "file_path": "/data/shapenet_blender/all_50_random/02958343/1660d6b7221223708a49a62fbc70ff9a/r_16",
            "rotation": 0.12566370614359174,
            "transform_matrix": [
                [
                    0.6576552391052246,
                    -0.15011753141880035,
                    -0.7382103204727173,
                    -2.975820779800415
                ],
                [
                    -0.7533193230628967,
                    -0.1310541033744812,
                    -0.6444650888442993,
                    -2.59792160987854
                ],
                [
                    7.450582373280668e-09,
                    0.9799435138702393,
                    -0.19927486777305603,
                    -0.8033025860786438
                ],
                [
                    0.0,
                    0.0,
                    0.0,
                    1.0
                ]
            ]
        },
        {
            "file_path": "/data/shapenet_blender/all_50_random/02958343/1660d6b7221223708a49a62fbc70ff9a/r_17",
            "rotation": 0.12566370614359174,
            "transform_matrix": [
                [
                    -0.5325573086738586,
                    -0.8118734955787659,
                    -0.2392575442790985,
                    -0.9644780158996582
                ],
                [
                    -0.8463939428329468,
                    0.5108367800712585,
                    0.15054261684417725,
                    0.6068567037582397
                ],
                [
                    -7.450580596923828e-09,
                    0.28267866373062134,
                    -0.9592146277427673,
                    -3.86671781539917
                ],
                [
                    0.0,
                    0.0,
                    0.0,
                    1.0
                ]
            ]
        },
        {
            "file_path": "/data/shapenet_blender/all_50_random/02958343/1660d6b7221223708a49a62fbc70ff9a/r_18",
            "rotation": 0.12566370614359174,
            "transform_matrix": [
                [
                    0.12880924344062805,
                    -0.37391847372055054,
                    -0.9184731841087341,
                    -3.702484130859375
                ],
                [
                    -0.9916693568229675,
                    -0.048568762838840485,
                    -0.1193016916513443,
                    -0.4809205234050751
                ],
                [
                    0.0,
                    0.9261889457702637,
                    -0.37705957889556885,
                    -1.5199759006500244
                ],
                [
                    0.0,
                    0.0,
                    0.0,
                    1.0
                ]
            ]
        },
        {
            "file_path": "/data/shapenet_blender/all_50_random/02958343/1660d6b7221223708a49a62fbc70ff9a/r_19",
            "rotation": 0.12566370614359174,
            "transform_matrix": [
                [
                    0.4275703728199005,
                    -0.29856470227241516,
                    0.8532541394233704,
                    3.439577579498291
                ],
                [
                    0.9039820432662964,
                    0.14121676981449127,
                    -0.4035768210887909,
                    -1.6268702745437622
                ],
                [
                    0.0,
                    0.943884015083313,
                    0.3302772045135498,
                    1.331390142440796
                ],
                [
                    0.0,
                    0.0,
                    0.0,
                    1.0
                ]
            ]
        },
        {
            "file_path": "/data/shapenet_blender/all_50_random/02958343/1660d6b7221223708a49a62fbc70ff9a/r_20",
            "rotation": 0.12566370614359174,
            "transform_matrix": [
                [
                    -0.38731449842453003,
                    -0.051113709807395935,
                    -0.9205296635627747,
                    -3.710773468017578
                ],
                [
                    -0.9219475984573364,
                    0.02147310972213745,
                    0.38671883940696716,
                    1.5589134693145752
                ],
                [
                    0.0,
                    0.9984618425369263,
                    -0.05544101819396019,
                    -0.2234898805618286
                ],
                [
                    0.0,
                    0.0,
                    0.0,
                    1.0
                ]
            ]
        },
        {
            "file_path": "/data/shapenet_blender/all_50_random/02958343/1660d6b7221223708a49a62fbc70ff9a/r_21",
            "rotation": 0.12566370614359174,
            "transform_matrix": [
                [
                    0.06349176913499832,
                    0.03732631355524063,
                    -0.9972840547561646,
                    -4.020180702209473
                ],
                [
                    -0.9979823231697083,
                    0.0023747053928673267,
                    -0.06344734877347946,
                    -0.2557644546031952
                ],
                [
                    2.3283062977608182e-10,
                    0.9993003606796265,
                    0.037401776760816574,
                    0.1507713794708252
                ],
                [
                    0.0,
                    0.0,
                    0.0,
                    1.0
                ]
            ]
        },
        {
            "file_path": "/data/shapenet_blender/all_50_random/02958343/1660d6b7221223708a49a62fbc70ff9a/r_22",
            "rotation": 0.12566370614359174,
            "transform_matrix": [
                [
                    0.030600421130657196,
                    0.5789479613304138,
                    -0.8147900700569153,
                    -3.2845237255096436
                ],
                [
                    -0.9995317459106445,
                    0.017724350094795227,
                    -0.024944597855210304,
                    -0.10055488348007202
                ],
                [
                    0.0,
                    0.8151718378067017,
                    0.5792191624641418,
                    2.334907054901123
                ],
                [
                    0.0,
                    0.0,
                    0.0,
                    1.0
                ]
            ]
        },
        {
            "file_path": "/data/shapenet_blender/all_50_random/02958343/1660d6b7221223708a49a62fbc70ff9a/r_23",
            "rotation": 0.12566370614359174,
            "transform_matrix": [
                [
                    0.5651217103004456,
                    0.19023263454437256,
                    0.8027757406234741,
                    3.2360928058624268
                ],
                [
                    0.8250075578689575,
                    -0.1303074061870575,
                    -0.5498931407928467,
                    -2.2166903018951416
                ],
                [
                    0.0,
                    0.9730527400970459,
                    -0.23058287799358368,
                    -0.9295094013214111
                ],
                [
                    0.0,
                    0.0,
                    0.0,
                    1.0
                ]
            ]
        },
        {
            "file_path": "/data/shapenet_blender/all_50_random/02958343/1660d6b7221223708a49a62fbc70ff9a/r_24",
            "rotation": 0.12566370614359174,
            "transform_matrix": [
                [
                    0.5963299870491028,
                    0.44256824254989624,
                    -0.6697192788124084,
                    -2.6997246742248535
                ],
                [
                    -0.8027393817901611,
                    0.32877013087272644,
                    -0.4975135028362274,
                    -2.0055410861968994
                ],
                [
                    2.9802322387695312e-08,
                    0.8342921733856201,
                    0.5513224601745605,
                    2.22245192527771
                ],
                [
                    0.0,
                    0.0,
                    0.0,
                    1.0
                ]
            ]
        },
        {
            "file_path": "/data/shapenet_blender/all_50_random/02958343/1660d6b7221223708a49a62fbc70ff9a/r_25",
            "rotation": 0.12566370614359174,
            "transform_matrix": [
                [
                    0.9108016490936279,
                    -0.3203718364238739,
                    -0.2603886127471924,
                    -1.0496602058410645
                ],
                [
                    -0.41284430027008057,
                    -0.706792414188385,
                    -0.5744596719741821,
                    -2.315721273422241
                ],
                [
                    0.0,
                    0.6307187080383301,
                    -0.7760113477706909,
                    -3.128201961517334
                ],
                [
                    0.0,
                    0.0,
                    0.0,
                    1.0
                ]
            ]
        },
        {
            "file_path": "/data/shapenet_blender/all_50_random/02958343/1660d6b7221223708a49a62fbc70ff9a/r_26",
            "rotation": 0.12566370614359174,
            "transform_matrix": [
                [
                    -0.009013589471578598,
                    0.1463438868522644,
                    0.9891927242279053,
                    3.987563371658325
                ],
                [
                    0.9999594688415527,
                    0.0013191371690481901,
                    0.008916538208723068,
                    0.03594371676445007
                ],
                [
                    0.0,
                    0.9892328381538391,
                    -0.14634986221790314,
                    -0.5899551510810852
                ],
                [
                    0.0,
                    0.0,
                    0.0,
                    1.0
                ]
            ]
        },
        {
            "file_path": "/data/shapenet_blender/all_50_random/02958343/1660d6b7221223708a49a62fbc70ff9a/r_27",
            "rotation": 0.12566370614359174,
            "transform_matrix": [
                [
                    -0.5259154438972473,
                    -0.011288267560303211,
                    -0.8504619598388672,
                    -3.4283218383789062
                ],
                [
                    -0.8505369424819946,
                    0.006979913916438818,
                    0.5258691310882568,
                    2.1198463439941406
                ],
                [
                    0.0,
                    0.9999119639396667,
                    -0.013271933421492577,
                    -0.05350087583065033
                ],
                [
                    0.0,
                    0.0,
                    0.0,
                    1.0
                ]
            ]
        },
        {
            "file_path": "/data/shapenet_blender/all_50_random/02958343/1660d6b7221223708a49a62fbc70ff9a/r_28",
            "rotation": 0.12566370614359174,
            "transform_matrix": [
                [
                    0.5786409378051758,
                    0.014210700057446957,
                    0.8154585957527161,
                    3.2872188091278076
                ],
                [
                    0.8155824542045593,
                    -0.01008223369717598,
                    -0.5785530805587769,
                    -2.3322219848632812
                ],
                [
                    0.0,
                    0.9998480677604675,
                    -0.01742399111390114,
                    -0.07023835182189941
                ],
                [
                    0.0,
                    0.0,
                    0.0,
                    1.0
                ]
            ]
        },
        {
            "file_path": "/data/shapenet_blender/all_50_random/02958343/1660d6b7221223708a49a62fbc70ff9a/r_29",
            "rotation": 0.12566370614359174,
            "transform_matrix": [
                [
                    0.9831783771514893,
                    -0.07004433125257492,
                    0.16868335008621216,
                    0.6799843311309814
                ],
                [
                    0.1826479732990265,
                    0.37704262137413025,
                    -0.9080080389976501,
                    -3.660297393798828
                ],
                [
                    0.0,
                    0.9235435724258423,
                    0.3834936022758484,
                    1.5459121465682983
                ],
                [
                    0.0,
                    0.0,
                    0.0,
                    1.0
                ]
            ]
        },
        {
            "file_path": "/data/shapenet_blender/all_50_random/02958343/1660d6b7221223708a49a62fbc70ff9a/r_30",
            "rotation": 0.12566370614359174,
            "transform_matrix": [
                [
                    -0.9380961656570435,
                    0.023612042888998985,
                    0.34556928277015686,
                    1.3930342197418213
                ],
                [
                    0.3463750183582306,
                    0.0639490932226181,
                    0.9359139800071716,
                    3.772789478302002
                ],
                [
                    -1.862645149230957e-09,
                    0.9976736903190613,
                    -0.06816902756690979,
                    -0.27479809522628784
                ],
                [
                    0.0,
                    0.0,
                    0.0,
                    1.0
                ]
            ]
        },
        {
            "file_path": "/data/shapenet_blender/all_50_random/02958343/1660d6b7221223708a49a62fbc70ff9a/r_31",
            "rotation": 0.12566370614359174,
            "transform_matrix": [
                [
                    0.9831903576850891,
                    -0.12665125727653503,
                    0.131514772772789,
                    0.5301530957221985
                ],
                [
                    0.18258336186408997,
                    0.6820024251937866,
                    -0.7081919312477112,
                    -2.85481333732605
                ],
                [
                    7.450580596923828e-09,
                    0.720300018787384,
                    0.6936625242233276,
                    2.79624342918396
                ],
                [
                    0.0,
                    0.0,
                    0.0,
                    1.0
                ]
            ]
        },
        {
            "file_path": "/data/shapenet_blender/all_50_random/02958343/1660d6b7221223708a49a62fbc70ff9a/r_32",
            "rotation": 0.12566370614359174,
            "transform_matrix": [
                [
                    0.9962716102600098,
                    -0.03626184165477753,
                    -0.07828178256750107,
                    -0.31556397676467896
                ],
                [
                    -0.08627258241176605,
                    -0.41874995827674866,
                    -0.9039941430091858,
                    -3.6441171169281006
                ],
                [
                    0.0,
                    0.907377302646637,
                    -0.42031699419021606,
                    -1.694352149963379
                ],
                [
                    0.0,
                    0.0,
                    0.0,
                    1.0
                ]
            ]
        },
        {
            "file_path": "/data/shapenet_blender/all_50_random/02958343/1660d6b7221223708a49a62fbc70ff9a/r_33",
            "rotation": 0.12566370614359174,
            "transform_matrix": [
                [
                    -0.4920337498188019,
                    -0.13093195855617523,
                    0.8606739640235901,
                    3.4694876670837402
                ],
                [
                    0.8705762624740601,
                    -0.07400035113096237,
                    0.4864371716976166,
                    1.9608910083770752
                ],
                [
                    7.450581485102248e-09,
                    0.9886255860328674,
                    0.150396928191185,
                    0.6062694191932678
                ],
                [
                    0.0,
                    0.0,
                    0.0,
                    1.0
                ]
            ]
        },
        {
            "file_path": "/data/shapenet_blender/all_50_random/02958343/1660d6b7221223708a49a62fbc70ff9a/r_34",
            "rotation": 0.12566370614359174,
            "transform_matrix": [
                [
                    0.27587395906448364,
                    -0.8212155699729919,
                    -0.49949824810028076,
                    -2.0135419368743896
                ],
                [
                    -0.9611937403678894,
                    -0.23569858074188232,
                    -0.143361896276474,
                    -0.5779103636741638
                ],
                [
                    0.0,
                    0.5196645259857178,
                    -0.8543703556060791,
                    -3.444077253341675
                ],
                [
                    0.0,
                    0.0,
                    0.0,
                    1.0
                ]
            ]
        },
        {
            "file_path": "/data/shapenet_blender/all_50_random/02958343/1660d6b7221223708a49a62fbc70ff9a/r_35",
            "rotation": 0.12566370614359174,
            "transform_matrix": [
                [
                    -0.9164575338363647,
                    -0.200237438082695,
                    -0.3464253544807434,
                    -1.396485447883606
                ],
                [
                    -0.4001319408416748,
                    0.4586215019226074,
                    0.7934486269950867,
                    3.1984939575195312
                ],
                [
                    0.0,
                    0.8657779097557068,
                    -0.5004284381866455,
                    -2.017291784286499
                ],
                [
                    0.0,
                    0.0,
                    0.0,
                    1.0
                ]
            ]
        },
        {
            "file_path": "/data/shapenet_blender/all_50_random/02958343/1660d6b7221223708a49a62fbc70ff9a/r_36",
            "rotation": 0.12566370614359174,
            "transform_matrix": [
                [
                    0.745197057723999,
                    -0.04061434417963028,
                    -0.6656064391136169,
                    -2.683145046234131
                ],
                [
                    -0.666844367980957,
                    -0.04538643732666969,
                    -0.743813693523407,
                    -2.998408555984497
                ],
                [
                    0.0,
                    0.9981434941291809,
                    -0.060905296355485916,
                    -0.2455170750617981
                ],
                [
                    0.0,
                    0.0,
                    0.0,
                    1.0
                ]
            ]
        },
        {
            "file_path": "/data/shapenet_blender/all_50_random/02958343/1660d6b7221223708a49a62fbc70ff9a/r_37",
            "rotation": 0.12566370614359174,
            "transform_matrix": [
                [
                    -0.68252032995224,
                    0.0946543961763382,
                    0.7247112989425659,
                    2.9214046001434326
                ],
                [
                    0.7308664917945862,
                    0.08839309960603714,
                    0.6767722964286804,
                    2.728156328201294
                ],
                [
                    -7.450580152834618e-09,
                    0.9915781617164612,
                    -0.1295098215341568,
                    -0.5220707654953003
                ],
                [
                    0.0,
                    0.0,
                    0.0,
                    1.0
                ]
            ]
        },
        {
            "file_path": "/data/shapenet_blender/all_50_random/02958343/1660d6b7221223708a49a62fbc70ff9a/r_38",
            "rotation": 0.12566370614359174,
            "transform_matrix": [
                [
                    0.7592992186546326,
                    0.0840846598148346,
                    -0.645286500453949,
                    -2.6012330055236816
                ],
                [
                    -0.6507418155670166,
                    0.09811174124479294,
                    -0.7529337406158447,
                    -3.035172939300537
                ],
                [
                    7.450581485102248e-09,
                    0.9916167855262756,
                    0.12921355664730072,
                    0.5208765268325806
                ],
                [
                    0.0,
                    0.0,
                    0.0,
                    1.0
                ]
            ]
        },
        {
            "file_path": "/data/shapenet_blender/all_50_random/02958343/1660d6b7221223708a49a62fbc70ff9a/r_39",
            "rotation": 0.12566370614359174,
            "transform_matrix": [
                [
                    -0.13233225047588348,
                    0.08791689574718475,
                    -0.9872987270355225,
                    -3.979928493499756
                ],
                [
                    -0.9912053942680359,
                    -0.011737465858459473,
                    0.13181068003177643,
                    0.5313458442687988
                ],
                [
                    9.313225746154785e-10,
                    0.9960586428642273,
                    0.08869694918394089,
                    0.3575488328933716
                ],
                [
                    0.0,
                    0.0,
                    0.0,
                    1.0
                ]
            ]
        },
        {
            "file_path": "/data/shapenet_blender/all_50_random/02958343/1660d6b7221223708a49a62fbc70ff9a/r_40",
            "rotation": 0.12566370614359174,
            "transform_matrix": [
                [
                    0.9685631394386292,
                    0.09627103060483932,
                    0.22938470542430878,
                    0.9246793389320374
                ],
                [
                    0.24876786768436432,
                    -0.3748256266117096,
                    -0.8930959105491638,
                    -3.600184679031372
                ],
                [
                    7.450580596923828e-09,
                    0.92208331823349,
                    -0.38699138164520264,
                    -1.5600121021270752
                ],
                [
                    0.0,
                    0.0,
                    0.0,
                    1.0
                ]
            ]
        },
        {
            "file_path": "/data/shapenet_blender/all_50_random/02958343/1660d6b7221223708a49a62fbc70ff9a/r_41",
            "rotation": 0.12566370614359174,
            "transform_matrix": [
                [
                    0.9397295713424683,
                    0.09703953564167023,
                    0.3278593420982361,
                    1.321643352508545
                ],
                [
                    0.34191879630088806,
                    -0.26670345664024353,
                    -0.9010885953903198,
                    -3.6324045658111572
