{
    "class": "02958343",
    "model": "fe16b8e790f23ab8c6fcb4b4f04936c2",
    "remove_doubles": true,
    "edge_split": true,
    "denoise": true,
    "camera_angle_x": 0.6911112070083618,
    "scale_factor": 2.2705471586857495,
    "hdri_file": "/data/IndoorHDRDataset2018/AG8A6424-c44e6566e6.exr",
    "center_offset": [
        0.0,
        0.0,
        -2.7939677238464355e-09
    ],
    "lights": [],
    "frames": [
        {
            "file_path": "/data/shapenet_blender/all_50_random/02958343/fe16b8e790f23ab8c6fcb4b4f04936c2/r_0",
            "rotation": 0.12566370614359174,
            "transform_matrix": [
                [
                    0.11407618224620819,
                    -0.7693332433700562,
                    0.6285800933837891,
                    2.5338873863220215
                ],
                [
                    0.9934720993041992,
                    0.08833926171064377,
                    -0.07217717915773392,
                    -0.290955513715744
                ],
                [
                    3.725290742551124e-09,
                    0.632710337638855,
                    0.7743884921073914,
                    3.121659755706787
                ],
                [
                    0.0,
                    0.0,
                    0.0,
                    1.0
                ]
            ]
        },
        {
            "file_path": "/data/shapenet_blender/all_50_random/02958343/fe16b8e790f23ab8c6fcb4b4f04936c2/r_1",
            "rotation": 0.12566370614359174,
            "transform_matrix": [
                [
                    -0.9743903875350952,
                    -0.05889271944761276,
                    -0.21701423823833466,
                    -0.8748123645782471
                ],
                [
                    -0.22486340999603271,
                    0.2551971673965454,
                    0.9403780102729797,
                    3.790785074234009
                ],
                [
                    0.0,
                    0.965093731880188,
                    -0.26190444827079773,
                    -1.0557706356048584
                ],
                [
                    0.0,
                    0.0,
                    0.0,
                    1.0
                ]
            ]
        },
        {
            "file_path": "/data/shapenet_blender/all_50_random/02958343/fe16b8e790f23ab8c6fcb4b4f04936c2/r_2",
            "rotation": 0.12566370614359174,
            "transform_matrix": [
                [
                    0.9847612977027893,
                    0.1344514936208725,
                    -0.11030878126621246,
                    -0.44466888904571533
                ],
                [
                    -0.17391157150268555,
                    0.7613215446472168,
                    -0.6246151924133301,
                    -2.517904281616211
                ],
                [
                    0.0,
                    0.634280800819397,
                    0.7731027007102966,
                    3.116476535797119
                ],
                [
                    0.0,
                    0.0,
                    0.0,
                    1.0
                ]
            ]
        },
        {
            "file_path": "/data/shapenet_blender/all_50_random/02958343/fe16b8e790f23ab8c6fcb4b4f04936c2/r_3",
            "rotation": 0.12566370614359174,
            "transform_matrix": [
                [
                    -0.9278656840324402,
                    -0.01246140617877245,
                    -0.3727063834667206,
                    -1.502427577972412
                ],
                [
                    -0.37291470170021057,
                    0.03100578486919403,
                    0.9273474216461182,
                    3.7382571697235107
                ],
                [
                    9.313224635931761e-10,
                    0.9994415640830994,
                    -0.03341624140739441,
                    -0.13470518589019775
                ],
                [
                    0.0,
                    0.0,
                    0.0,
                    1.0
                ]
            ]
        },
        {
            "file_path": "/data/shapenet_blender/all_50_random/02958343/fe16b8e790f23ab8c6fcb4b4f04936c2/r_4",
            "rotation": 0.12566370614359174,
            "transform_matrix": [
                [
                    0.022471565753221512,
                    -0.8676429986953735,
                    -0.49667951464653015,
                    -2.0021791458129883
                ],
                [
                    -0.9997475147247314,
                    -0.019502222537994385,
                    -0.0111639853566885,
                    -0.045003462582826614
                ],
                [
                    -9.31322685637781e-10,
                    0.4968048334121704,
                    -0.8678621649742126,
                    -3.498464345932007
                ],
                [
                    0.0,
                    0.0,
                    0.0,
                    1.0
                ]
            ]
        },
        {
            "file_path": "/data/shapenet_blender/all_50_random/02958343/fe16b8e790f23ab8c6fcb4b4f04936c2/r_5",
            "rotation": 0.12566370614359174,
            "transform_matrix": [
                [
                    0.9852063059806824,
                    -0.08821827173233032,
                    0.14692223072052002,
                    0.5922625064849854
                ],
                [
                    0.17137271165847778,
                    0.5071588754653931,
                    -0.8446426391601562,
                    -3.4048635959625244
                ],
                [
                    0.0,
                    0.8573256731033325,
                    0.5147742629051208,
                    2.0751216411590576
                ],
                [
                    0.0,
                    0.0,
                    0.0,
                    1.0
                ]
            ]
        },
        {
            "file_path": "/data/shapenet_blender/all_50_random/02958343/fe16b8e790f23ab8c6fcb4b4f04936c2/r_6",
            "rotation": 0.12566370614359174,
            "transform_matrix": [
                [
                    0.2252073884010315,
                    0.22348009049892426,
                    -0.9483345150947571,
                    -3.8228583335876465
                ],
                [
                    -0.9743108153343201,
                    0.05165637657046318,
                    -0.21920308470726013,
                    -0.8836358189582825
                ],
                [
                    0.0,
                    0.9733387231826782,
                    0.22937250137329102,
                    0.9246300458908081
                ],
                [
                    0.0,
                    0.0,
                    0.0,
                    1.0
                ]
            ]
        },
        {
            "file_path": "/data/shapenet_blender/all_50_random/02958343/fe16b8e790f23ab8c6fcb4b4f04936c2/r_7",
            "rotation": 0.12566370614359174,
            "transform_matrix": [
                [
                    0.9987792372703552,
                    -0.03394639864563942,
                    -0.03588452190160751,
                    -0.14465513825416565
                ],
                [
                    -0.049396928399801254,
                    -0.6863778233528137,
                    -0.7255656123161316,
                    -2.9248485565185547
                ],
                [
                    0.0,
                    0.7264525294303894,
                    -0.6872166991233826,
                    -2.770259141921997
                ],
                [
                    0.0,
                    0.0,
                    0.0,
                    1.0
                ]
            ]
        },
        {
            "file_path": "/data/shapenet_blender/all_50_random/02958343/fe16b8e790f23ab8c6fcb4b4f04936c2/r_8",
            "rotation": 0.12566370614359174,
            "transform_matrix": [
                [
                    -0.8653362393379211,
                    0.13439275324344635,
                    0.4828372299671173,
                    1.9463791847229004
                ],
                [
                    0.5011917352676392,
                    0.232036754488945,
                    0.8336460590362549,
                    3.36053466796875
                ],
                [
                    7.450580596923828e-09,
                    0.9633781313896179,
                    -0.2681463956832886,
                    -1.0809327363967896
                ],
                [
                    0.0,
                    0.0,
                    0.0,
                    1.0
                ]
            ]
        },
        {
            "file_path": "/data/shapenet_blender/all_50_random/02958343/fe16b8e790f23ab8c6fcb4b4f04936c2/r_9",
            "rotation": 0.12566370614359174,
            "transform_matrix": [
                [
                    0.9965357184410095,
                    -0.014700586907565594,
                    0.08185653388500214,
                    0.3299742639064789
                ],
                [
                    0.08316610753536224,
                    0.1761493980884552,
                    -0.9808438420295715,
                    -3.9539082050323486
                ],
                [
                    9.313225746154785e-10,
                    0.9842537045478821,
                    0.17676174640655518,
                    0.7125494480133057
                ],
                [
                    0.0,
                    0.0,
                    0.0,
                    1.0
                ]
            ]
        },
        {
            "file_path": "/data/shapenet_blender/all_50_random/02958343/fe16b8e790f23ab8c6fcb4b4f04936c2/r_10",
            "rotation": 0.12566370614359174,
            "transform_matrix": [
                [
                    0.6123751997947693,
                    0.039462678134441376,
                    0.789581835269928,
                    3.182905912399292
                ],
                [
                    0.7905673384666443,
                    -0.030567875131964684,
                    -0.6116117835044861,
                    -2.4654855728149414
                ],
                [
                    0.0,
                    0.9987533688545227,
                    -0.049916915595531464,
                    -0.2012214958667755
                ],
                [
                    0.0,
                    0.0,
                    0.0,
                    1.0
                ]
            ]
        },
        {
            "file_path": "/data/shapenet_blender/all_50_random/02958343/fe16b8e790f23ab8c6fcb4b4f04936c2/r_11",
            "rotation": 0.12566370614359174,
            "transform_matrix": [
                [
                    0.5208696722984314,
                    -0.1629178375005722,
                    0.8379454612731934,
                    3.377866268157959
                ],
                [
                    0.8536362051963806,
                    0.09940880537033081,
                    -0.51129549741745,
                    -2.061098098754883
                ],
                [
                    0.0,
                    0.9816188812255859,
                    0.190851628780365,
                    0.7693475484848022
                ],
                [
                    0.0,
                    0.0,
                    0.0,
                    1.0
                ]
            ]
        },
        {
            "file_path": "/data/shapenet_blender/all_50_random/02958343/fe16b8e790f23ab8c6fcb4b4f04936c2/r_12",
            "rotation": 0.12566370614359174,
            "transform_matrix": [
                [
                    -0.9197720885276794,
                    0.22500810027122498,
                    0.3215442895889282,
                    1.2961864471435547
                ],
                [
                    0.39245307445526123,
                    0.5273399353027344,
                    0.7535868883132935,
                    3.0378057956695557
                ],
                [
                    1.4901162970204496e-08,
                    0.8193191289901733,
                    -0.5733376741409302,
                    -2.3111979961395264
                ],
                [
                    0.0,
                    0.0,
                    0.0,
                    1.0
                ]
            ]
        },
        {
            "file_path": "/data/shapenet_blender/all_50_random/02958343/fe16b8e790f23ab8c6fcb4b4f04936c2/r_13",
            "rotation": 0.12566370614359174,
            "transform_matrix": [
                [
                    -0.9983487725257874,
                    0.010043318383395672,
                    -0.05655784159898758,
                    -0.22799192368984222
                ],
                [
                    -0.057442642748355865,
                    -0.17455212771892548,
                    0.9829710125923157,
                    3.962482452392578
                ],
                [
                    0.0,
                    0.9845966696739197,
                    0.17484083771705627,
                    0.704805850982666
                ],
                [
                    0.0,
                    0.0,
                    0.0,
                    1.0
                ]
            ]
        },
        {
            "file_path": "/data/shapenet_blender/all_50_random/02958343/fe16b8e790f23ab8c6fcb4b4f04936c2/r_14",
            "rotation": 0.12566370614359174,
            "transform_matrix": [
                [
                    -0.5045949816703796,
                    0.17639610171318054,
                    -0.8451439738273621,
                    -3.4068844318389893
                ],
                [
                    -0.8633562922477722,
                    -0.10309600830078125,
                    0.49395063519477844,
                    1.9911787509918213
                ],
                [
                    -7.450581485102248e-09,
                    0.9789053201675415,
                    0.20431438088417053,
                    0.8236176371574402
                ],
                [
                    0.0,
                    0.0,
                    0.0,
                    1.0
                ]
            ]
        },
        {
            "file_path": "/data/shapenet_blender/all_50_random/02958343/fe16b8e790f23ab8c6fcb4b4f04936c2/r_15",
            "rotation": 0.12566370614359174,
            "transform_matrix": [
                [
                    -0.46604999899864197,
                    0.5397198796272278,
                    0.7010703682899475,
                    2.8261053562164307
                ],
                [
                    0.8847583532333374,
                    0.2842996120452881,
                    0.36929163336753845,
                    1.4886623620986938
                ],
                [
                    0.0,
                    0.7923863530158997,
                    -0.6100194454193115,
                    -2.4590673446655273
                ],
                [
                    0.0,
                    0.0,
                    0.0,
                    1.0
                ]
            ]
        },
        {
            "file_path": "/data/shapenet_blender/all_50_random/02958343/fe16b8e790f23ab8c6fcb4b4f04936c2/r_16",
            "rotation": 0.12566370614359174,
            "transform_matrix": [
                [
                    0.500175952911377,
                    0.5588117837905884,
                    -0.6614781618118286,
                    -2.666503667831421
                ],
                [
                    -0.8659238815307617,
                    0.322781503200531,
                    -0.3820837736129761,
                    -1.5402289628982544
                ],
                [
                    0.0,
                    0.7638987898826599,
                    0.6453360319137573,
                    2.6014328002929688
                ],
                [
                    0.0,
                    0.0,
                    0.0,
                    1.0
                ]
            ]
        },
        {
            "file_path": "/data/shapenet_blender/all_50_random/02958343/fe16b8e790f23ab8c6fcb4b4f04936c2/r_17",
            "rotation": 0.12566370614359174,
            "transform_matrix": [
                [
                    -0.15709304809570312,
                    -0.2948554754257202,
                    -0.942540168762207,
                    -3.7995009422302246
                ],
                [
                    -0.9875838756561279,
                    0.04690208658576012,
                    0.1499280333518982,
                    0.6043792366981506
                ],
                [
                    -3.725290298461914e-09,
                    0.9543901085853577,
                    -0.2985624670982361,
                    -1.203543782234192
                ],
                [
                    0.0,
                    0.0,
                    0.0,
                    1.0
                ]
            ]
        },
        {
            "file_path": "/data/shapenet_blender/all_50_random/02958343/fe16b8e790f23ab8c6fcb4b4f04936c2/r_18",
            "rotation": 0.12566370614359174,
            "transform_matrix": [
                [
                    0.6342235207557678,
                    -0.03911815956234932,
                    0.7721594572067261,
                    3.1126742362976074
                ],
                [
                    0.7731497287750244,
                    0.032089073210954666,
                    -0.6334112286567688,
                    -2.5533623695373535
                ],
                [
                    0.0,
                    0.9987191557884216,
                    0.05059584230184555,
                    0.20395836234092712
                ],
                [
                    0.0,
                    0.0,
                    0.0,
                    1.0
                ]
            ]
        },
        {
            "file_path": "/data/shapenet_blender/all_50_random/02958343/fe16b8e790f23ab8c6fcb4b4f04936c2/r_19",
            "rotation": 0.12566370614359174,
            "transform_matrix": [
                [
                    -0.757972002029419,
                    0.11800403147935867,
                    0.6415243744850159,
                    2.5860674381256104
                ],
                [
                    0.6522871255874634,
                    0.13712328672409058,
                    0.7454654574394226,
                    3.0050673484802246
                ],
                [
                    0.0,
                    0.9835000038146973,
                    -0.18090811371803284,
                    -0.729263961315155
                ],
                [
                    0.0,
                    0.0,
                    0.0,
                    1.0
                ]
            ]
        },
        {
            "file_path": "/data/shapenet_blender/all_50_random/02958343/fe16b8e790f23ab8c6fcb4b4f04936c2/r_20",
            "rotation": 0.12566370614359174,
            "transform_matrix": [
                [
                    -0.3333278298377991,
                    0.000883647648151964,
                    -0.942810595035553,
                    -3.800590753555298
                ],
                [
                    -0.9428110122680664,
                    -0.00031241081887856126,
                    0.33332768082618713,
                    1.343686819076538
                ],
                [
                    0.0,
                    0.9999995231628418,
                    0.0009372479398734868,
                    0.0037781670689582825
                ],
                [
                    0.0,
                    0.0,
                    0.0,
                    1.0
                ]
            ]
        },
        {
            "file_path": "/data/shapenet_blender/all_50_random/02958343/fe16b8e790f23ab8c6fcb4b4f04936c2/r_21",
            "rotation": 0.12566370614359174,
            "transform_matrix": [
                [
                    0.8613516092300415,
                    -0.005549413152039051,
                    -0.5079789757728577,
                    -2.0477287769317627
                ],
                [
                    -0.5080093145370483,
                    -0.009409267455339432,
                    -0.8613001704216003,
                    -3.4720120429992676
                ],
                [
                    4.656612873077393e-10,
                    0.9999403953552246,
                    -0.0109238401055336,
                    -0.0440354086458683
                ],
                [
                    0.0,
                    0.0,
                    0.0,
                    1.0
                ]
            ]
        },
        {
            "file_path": "/data/shapenet_blender/all_50_random/02958343/fe16b8e790f23ab8c6fcb4b4f04936c2/r_22",
            "rotation": 0.12566370614359174,
            "transform_matrix": [
                [
                    -0.5081477165222168,
                    0.7030366063117981,
                    0.4975191652774811,
                    2.005563974380493
                ],
                [
                    0.8612698912620544,
                    0.4147903621196747,
                    0.29353541135787964,
                    1.1832791566848755
                ],
                [
                    0.0,
                    0.5776576399803162,
                    -0.8162789940834045,
                    -3.2905261516571045
                ],
                [
                    0.0,
                    0.0,
                    0.0,
                    1.0
                ]
            ]
        },
        {
            "file_path": "/data/shapenet_blender/all_50_random/02958343/fe16b8e790f23ab8c6fcb4b4f04936c2/r_23",
            "rotation": 0.12566370614359174,
            "transform_matrix": [
                [
                    0.9075707197189331,
                    -0.10084351152181625,
                    0.40761008858680725,
                    1.6431289911270142
                ],
                [
                    0.4198993146419525,
                    0.21796326339244843,
                    -0.8810088038444519,
                    -3.5514602661132812
                ],
                [
                    0.0,
                    0.9707330465316772,
                    0.24016116559505463,
                    0.9681206941604614
                ],
                [
                    0.0,
                    0.0,
                    0.0,
                    1.0
                ]
            ]
        },
        {
            "file_path": "/data/shapenet_blender/all_50_random/02958343/fe16b8e790f23ab8c6fcb4b4f04936c2/r_24",
            "rotation": 0.12566370614359174,
            "transform_matrix": [
                [
                    0.9557398557662964,
                    0.03797341138124466,
                    -0.29175227880477905,
                    -1.176091194152832
                ],
                [
                    -0.2942131757736206,
                    0.12335512042045593,
                    -0.9477457404136658,
                    -3.8204855918884277
                ],
                [
                    0.0,
                    0.991635799407959,
                    0.12906765937805176,
                    0.5202884078025818
                ],
                [
                    0.0,
                    0.0,
                    0.0,
                    1.0
                ]
            ]
        },
        {
            "file_path": "/data/shapenet_blender/all_50_random/02958343/fe16b8e790f23ab8c6fcb4b4f04936c2/r_25",
            "rotation": 0.12566370614359174,
            "transform_matrix": [
                [
                    0.04698522016406059,
                    -0.07301872968673706,
                    -0.9962230920791626,
                    -4.015903949737549
                ],
                [
                    -0.9988955855369568,
                    -0.0034345947206020355,
                    -0.04685951769351959,
                    -0.1888967752456665
                ],
                [
                    0.0,
                    0.9973247051239014,
                    -0.07309944927692413,
                    -0.2946733236312866
                ],
                [
                    0.0,
                    0.0,
                    0.0,
                    1.0
                ]
            ]
        },
        {
            "file_path": "/data/shapenet_blender/all_50_random/02958343/fe16b8e790f23ab8c6fcb4b4f04936c2/r_26",
            "rotation": 0.12566370614359174,
            "transform_matrix": [
                [
                    -0.9837112426757812,
                    0.10549705475568771,
                    0.14554253220558167,
                    0.5867007970809937
                ],
                [
                    0.17975611984729767,
                    0.5773301720619202,
                    0.7964781522750854,
                    3.2107064723968506
                ],
                [
                    0.0,
                    0.8096668124198914,
                    -0.5868898034095764,
                    -2.3658287525177
                ],
                [
                    0.0,
                    0.0,
                    0.0,
                    1.0
                ]
            ]
        },
        {
            "file_path": "/data/shapenet_blender/all_50_random/02958343/fe16b8e790f23ab8c6fcb4b4f04936c2/r_27",
            "rotation": 0.12566370614359174,
            "transform_matrix": [
                [
                    -0.7691069841384888,
                    0.4465234577655792,
                    0.4572649598121643,
                    1.8432941436767578
                ],
                [
                    0.6391201019287109,
                    0.5373392105102539,
                    0.550265371799469,
                    2.218190908432007
                ],
                [
                    1.4901161193847656e-08,
                    0.7154603004455566,
                    -0.6986533999443054,
                    -2.816362142562866
                ],
                [
                    0.0,
                    0.0,
                    0.0,
                    1.0
                ]
            ]
        },
        {
            "file_path": "/data/shapenet_blender/all_50_random/02958343/fe16b8e790f23ab8c6fcb4b4f04936c2/r_28",
            "rotation": 0.12566370614359174,
            "transform_matrix": [
                [
                    0.58223956823349,
                    -0.41421374678611755,
                    0.699588418006897,
                    2.8201310634613037
                ],
                [
                    0.8130171298980713,
                    0.2966378331184387,
                    -0.5010079741477966,
                    -2.019627809524536
                ],
                [
                    0.0,
                    0.8604841232299805,
                    0.5094771981239319,
                    2.0537683963775635
                ],
                [
                    0.0,
                    0.0,
                    0.0,
                    1.0
                ]
            ]
        },
        {
            "file_path": "/data/shapenet_blender/all_50_random/02958343/fe16b8e790f23ab8c6fcb4b4f04936c2/r_29",
            "rotation": 0.12566370614359174,
            "transform_matrix": [
                [
                    -0.7777108550071716,
                    0.22573500871658325,
                    0.5866936445236206,
                    2.3650379180908203
                ],
                [
                    0.6286221146583557,
                    0.2792719900608063,
                    0.7258382439613342,
                    2.925947904586792
                ],
                [
                    0.0,
                    0.9333010315895081,
                    -0.35909485816955566,
                    -1.447557806968689
                ],
                [
                    0.0,
                    0.0,
                    0.0,
                    1.0
                ]
            ]
        },
        {
            "file_path": "/data/shapenet_blender/all_50_random/02958343/fe16b8e790f23ab8c6fcb4b4f04936c2/r_30",
            "rotation": 0.12566370614359174,
            "transform_matrix": [
                [
                    0.5325865149497986,
                    -0.1858116239309311,
                    -0.8257272839546204,
                    -3.32861328125
                ],
                [
                    -0.8463756442070007,
                    -0.11692298203706741,
                    -0.5195934176445007,
                    -2.094548225402832
                ],
                [
                    7.450581485102248e-09,
                    0.9756038188934326,
                    -0.21953803300857544,
                    -0.884986162185669
                ],
                [
                    0.0,
                    0.0,
                    0.0,
                    1.0
                ]
            ]
        },
        {
            "file_path": "/data/shapenet_blender/all_50_random/02958343/fe16b8e790f23ab8c6fcb4b4f04936c2/r_31",
            "rotation": 0.12566370614359174,
            "transform_matrix": [
                [
                    -0.9989892840385437,
                    -0.0006864737370051444,
                    0.04494459182024002,
                    0.18117743730545044
                ],
                [
                    0.044949837028980255,
                    -0.015256560407578945,
                    0.998872697353363,
                    4.026584625244141
                ],
                [
                    0.0,
                    0.9998834729194641,
                    0.015271994285285473,
                    0.06156337633728981
                ],
                [
                    0.0,
                    0.0,
                    0.0,
                    1.0
                ]
            ]
        },
        {
            "file_path": "/data/shapenet_blender/all_50_random/02958343/fe16b8e790f23ab8c6fcb4b4f04936c2/r_32",
            "rotation": 0.12566370614359174,
            "transform_matrix": [
                [
                    0.9120217561721802,
                    -0.01317268144339323,
                    -0.40993013978004456,
                    -1.652481198310852
                ],
                [
                    -0.4101416766643524,
                    -0.029291758313775063,
                    -0.911551296710968,
                    -3.6745805740356445
                ],
                [
                    0.0,
                    0.999484121799469,
                    -0.03211738541722298,
                    -0.12946932017803192
                ],
                [
                    0.0,
                    0.0,
                    0.0,
                    1.0
                ]
            ]
        },
        {
            "file_path": "/data/shapenet_blender/all_50_random/02958343/fe16b8e790f23ab8c6fcb4b4f04936c2/r_33",
            "rotation": 0.12566370614359174,
            "transform_matrix": [
                [
                    0.9745730757713318,
                    0.03320376202464104,
                    0.22159616649150848,
                    0.8932827711105347
                ],
                [
                    0.2240699976682663,
                    -0.1444168984889984,
                    -0.9638133645057678,
                    -3.885256290435791
                ],
                [
                    0.0,
                    0.9889596104621887,
                    -0.14818477630615234,
                    -0.5973520278930664
                ],
                [
                    0.0,
                    0.0,
                    0.0,
                    1.0
                ]
            ]
        },
        {
            "file_path": "/data/shapenet_blender/all_50_random/02958343/fe16b8e790f23ab8c6fcb4b4f04936c2/r_34",
            "rotation": 0.12566370614359174,
            "transform_matrix": [
                [
                    -0.8515705466270447,
                    -0.38999560475349426,
                    -0.3503299653530121,
                    -1.4122252464294434
                ],
                [
                    -0.5242400765419006,
                    0.6335050463676453,
                    0.5690725445747375,
                    2.2940049171447754
                ],
                [
                    1.4901161193847656e-08,
                    0.6682623028755188,
                    -0.7439256310462952,
                    -2.9988601207733154
                ],
                [
                    0.0,
                    0.0,
                    0.0,
                    1.0
                ]
            ]
        },
        {
            "file_path": "/data/shapenet_blender/all_50_random/02958343/fe16b8e790f23ab8c6fcb4b4f04936c2/r_35",
            "rotation": 0.12566370614359174,
            "transform_matrix": [
                [
                    0.398127019405365,
                    -0.6580645442008972,
                    -0.6390976905822754,
                    -2.5762853622436523
                ],
                [
                    -0.9173303246498108,
                    -0.2856040894985199,
                    -0.2773723304271698,
                    -1.1181237697601318
                ],
                [
                    -1.4901161193847656e-08,
                    0.6966931819915771,
                    -0.7173691987991333,
                    -2.891808032989502
                ],
                [
                    0.0,
                    0.0,
                    0.0,
                    1.0
                ]
            ]
        },
        {
            "file_path": "/data/shapenet_blender/all_50_random/02958343/fe16b8e790f23ab8c6fcb4b4f04936c2/r_36",
            "rotation": 0.12566370614359174,
            "transform_matrix": [
                [
                    0.11589208245277405,
                    -0.1269388645887375,
                    -0.9851170182228088,
                    -3.9711337089538574
                ],
                [
                    -0.9932618141174316,
                    -0.014811010099947453,
                    -0.11494176089763641,
                    -0.4633450508117676
                ],
                [
                    -9.313225746154785e-10,
                    0.9917998909950256,
                    -0.12780001759529114,
                    -0.5151783227920532
                ],
                [
                    0.0,
                    0.0,
                    0.0,
                    1.0
                ]
            ]
        },
        {
            "file_path": "/data/shapenet_blender/all_50_random/02958343/fe16b8e790f23ab8c6fcb4b4f04936c2/r_37",
            "rotation": 0.12566370614359174,
            "transform_matrix": [
                [
                    -0.9975735545158386,
                    -0.002623807406052947,
                    0.06957098841667175,
                    0.28044965863227844
                ],
                [
                    0.06962046027183533,
                    -0.03759586066007614,
                    0.9968647956848145,
                    4.018490791320801
                ],
                [
                    0.0,
                    0.9992896318435669,
                    0.03768730163574219,
                    0.15192238986492157
                ],
                [
                    0.0,
                    0.0,
                    0.0,
                    1.0
                ]
            ]
        },
        {
            "file_path": "/data/shapenet_blender/all_50_random/02958343/fe16b8e790f23ab8c6fcb4b4f04936c2/r_38",
            "rotation": 0.12566370614359174,
            "transform_matrix": [
                [
                    0.8542566299438477,
                    0.05241909623146057,
                    -0.5172019600868225,
                    -2.0849080085754395
                ],
                [
                    -0.5198516845703125,
                    0.08613872528076172,
                    -0.8499025106430054,
                    -3.4260668754577637
                ],
                [
                    0.0,
                    0.9949032068252563,
                    0.10083471238613129,
                    0.40647774934768677
                ],
                [
                    0.0,
                    0.0,
                    0.0,
                    1.0
                ]
            ]
        },
        {
            "file_path": "/data/shapenet_blender/all_50_random/02958343/fe16b8e790f23ab8c6fcb4b4f04936c2/r_39",
            "rotation": 0.12566370614359174,
            "transform_matrix": [
                [
                    -0.7358046770095825,
                    0.18625618517398834,
                    0.6510760188102722,
                    2.6245715618133545
                ],
                [
                    0.6771937608718872,
                    0.2023766040802002,
                    0.7074264287948608,
                    2.8517274856567383
                ],
                [
                    -1.4901161193847656e-08,
                    0.9614323377609253,
                    -0.2750411629676819,
                    -1.1087265014648438
                ],
                [
                    0.0,
                    0.0,
                    0.0,
                    1.0
                ]
            ]
        },
        {
            "file_path": "/data/shapenet_blender/all_50_random/02958343/fe16b8e790f23ab8c6fcb4b4f04936c2/r_40",
            "rotation": 0.12566370614359174,
            "transform_matrix": [
                [
                    -0.7537882924079895,
                    -0.008090522140264511,
                    -0.6570675373077393,
                    -2.648723602294922
                ],
                [
                    -0.6571173071861267,
                    0.009280748665332794,
                    0.7537312507629395,
                    3.0383875370025635
                ],
                [
                    -9.313224635931761e-10,
                    0.9999242424964905,
                    -0.012312144041061401,
                    -0.04963183403015137
                ],
                [
                    0.0,
                    0.0,
                    0.0,
                    1.0
                ]
            ]
        },
        {
            "file_path": "/data/shapenet_blender/all_50_random/02958343/fe16b8e790f23ab8c6fcb4b4f04936c2/r_41",
            "rotation": 0.12566370614359174,
            "transform_matrix": [
                [
                    0.7818382978439331,
                    -0.3934420347213745,
                    0.4836653470993042,
                    1.949717402458191
                ],
                [
                    0.6234812140464783,
                    0.4933718144893646,
                    -0.6065108180046082,
                    -2.4449234008789062
                ],
                [
                    0.0,
                    0.7757496237754822,
