{
    "class": "02958343",
    "model": "d691906c87bb2850a9733fa2ac6b95bc",
    "remove_doubles": true,
    "edge_split": true,
    "denoise": true,
    "camera_angle_x": 0.6911112070083618,
    "scale_factor": 2.2288716265119786,
    "hdri_file": "/data/IndoorHDRDataset2018/AG8A9646-b71fde13ba.exr",
    "center_offset": [
        0.0,
        0.0,
        9.313225746154785e-10
    ],
    "lights": [],
    "frames": [
        {
            "file_path": "/data/shapenet_blender/all_50_random/02958343/d691906c87bb2850a9733fa2ac6b95bc/r_0",
            "rotation": 0.12566370614359174,
            "transform_matrix": [
                [
                    -0.301033616065979,
                    -0.8334424495697021,
                    0.463413804769516,
                    1.868080973625183
                ],
                [
                    0.9536135792732239,
                    -0.2630983889102936,
                    0.1462889462709427,
                    0.5897096395492554
                ],
                [
                    7.450580596923828e-09,
                    0.4859555661678314,
                    0.8739834427833557,
                    3.5231401920318604
                ],
                [
                    0.0,
                    0.0,
                    0.0,
                    1.0
                ]
            ]
        },
        {
            "file_path": "/data/shapenet_blender/all_50_random/02958343/d691906c87bb2850a9733fa2ac6b95bc/r_1",
            "rotation": 0.12566370614359174,
            "transform_matrix": [
                [
                    -0.40059933066368103,
                    -0.10830320417881012,
                    0.9098299741744995,
                    3.6676418781280518
                ],
                [
                    0.9162533283233643,
                    -0.04735174402594566,
                    0.39779093861579895,
                    1.6035466194152832
                ],
                [
                    3.725290298461914e-09,
                    0.9929895401000977,
                    0.11820224672555923,
                    0.47648850083351135
                ],
                [
                    0.0,
                    0.0,
                    0.0,
                    1.0
                ]
            ]
        },
        {
            "file_path": "/data/shapenet_blender/all_50_random/02958343/d691906c87bb2850a9733fa2ac6b95bc/r_2",
            "rotation": 0.12566370614359174,
            "transform_matrix": [
                [
                    0.14679887890815735,
                    -0.45216846466064453,
                    -0.8797691464424133,
                    -3.5464627742767334
                ],
                [
                    -0.9891663789749146,
                    -0.06710481643676758,
                    -0.1305636167526245,
                    -0.5263187885284424
                ],
                [
                    3.725290298461914e-09,
                    0.8894045948982239,
                    -0.45712077617645264,
                    -1.8427127599716187
                ],
                [
                    0.0,
                    0.0,
                    0.0,
                    1.0
                ]
            ]
        },
        {
            "file_path": "/data/shapenet_blender/all_50_random/02958343/d691906c87bb2850a9733fa2ac6b95bc/r_3",
            "rotation": 0.12566370614359174,
            "transform_matrix": [
                [
                    -0.18054857850074768,
                    -0.242140531539917,
                    0.9532944560050964,
                    3.8428523540496826
                ],
                [
                    0.9835660457611084,
                    -0.04444859176874161,
                    0.17499175667762756,
                    0.7054142355918884
                ],
                [
                    0.0,
                    0.9692224860191345,
                    0.24618639051914215,
                    0.9924089908599854
                ],
                [
                    0.0,
                    0.0,
                    0.0,
                    1.0
                ]
            ]
        },
        {
            "file_path": "/data/shapenet_blender/all_50_random/02958343/d691906c87bb2850a9733fa2ac6b95bc/r_4",
            "rotation": 0.12566370614359174,
            "transform_matrix": [
                [
                    -0.46163901686668396,
                    -0.10502424091100693,
                    0.880828857421875,
                    3.550734281539917
                ],
                [
                    0.8870677947998047,
                    -0.05465566739439964,
                    0.4583921730518341,
                    1.8478376865386963
                ],
                [
                    0.0,
                    0.9929664731025696,
                    0.11839485168457031,
                    0.4772648513317108
                ],
                [
                    0.0,
                    0.0,
                    0.0,
                    1.0
                ]
            ]
        },
        {
            "file_path": "/data/shapenet_blender/all_50_random/02958343/d691906c87bb2850a9733fa2ac6b95bc/r_5",
            "rotation": 0.12566370614359174,
            "transform_matrix": [
                [
                    -0.1303178071975708,
                    -0.05247819423675537,
                    0.9900825023651123,
                    3.991150140762329
                ],
                [
                    0.9914723634719849,
                    -0.006897663697600365,
                    0.13013511896133423,
                    0.5245914459228516
                ],
                [
                    0.0,
                    0.9985982179641724,
                    0.05292957276105881,
                    0.21336592733860016
                ],
                [
                    0.0,
                    0.0,
                    0.0,
                    1.0
                ]
            ]
        },
        {
            "file_path": "/data/shapenet_blender/all_50_random/02958343/d691906c87bb2850a9733fa2ac6b95bc/r_6",
            "rotation": 0.12566370614359174,
            "transform_matrix": [
                [
                    -0.08781514316797256,
                    -0.17358703911304474,
                    0.9808954000473022,
                    3.954116106033325
                ],
                [
                    0.9961369037628174,
                    -0.015302686020731926,
                    0.08647151291370392,
                    0.3485778570175171
                ],
                [
                    0.0,
                    0.9846996068954468,
                    0.1742602288722992,
                    0.7024655342102051
                ],
                [
                    0.0,
                    0.0,
                    0.0,
                    1.0
                ]
            ]
        },
        {
            "file_path": "/data/shapenet_blender/all_50_random/02958343/d691906c87bb2850a9733fa2ac6b95bc/r_7",
            "rotation": 0.12566370614359174,
            "transform_matrix": [
                [
                    0.9999715685844421,
                    -0.0030563382897526026,
                    -0.006890053395181894,
                    -0.027774691581726074
                ],
                [
                    -0.007537508383393288,
                    -0.40547236800193787,
                    -0.9140762090682983,
                    -3.6847589015960693
                ],
                [
                    -2.3283062977608182e-10,
                    0.9141020774841309,
                    -0.4054839015007019,
                    -1.634557843208313
                ],
                [
                    0.0,
                    0.0,
                    0.0,
                    1.0
                ]
            ]
        },
        {
            "file_path": "/data/shapenet_blender/all_50_random/02958343/d691906c87bb2850a9733fa2ac6b95bc/r_8",
            "rotation": 0.12566370614359174,
            "transform_matrix": [
                [
                    0.12441770732402802,
                    -0.048308663070201874,
                    0.9910532236099243,
                    3.995063304901123
                ],
                [
                    0.9922299385070801,
                    0.006057520397007465,
                    -0.12427015602588654,
                    -0.5009490251541138
                ],
                [
                    -4.656612873077393e-10,
                    0.998814046382904,
                    0.04868696630001068,
                    0.19626343250274658
                ],
                [
                    0.0,
                    0.0,
                    0.0,
                    1.0
                ]
            ]
        },
        {
            "file_path": "/data/shapenet_blender/all_50_random/02958343/d691906c87bb2850a9733fa2ac6b95bc/r_9",
            "rotation": 0.12566370614359174,
            "transform_matrix": [
                [
                    -0.18950408697128296,
                    0.9037556648254395,
                    -0.38381484150886536,
                    -1.547207236289978
                ],
                [
                    -0.9818799495697021,
                    -0.17442598938941956,
                    0.07407675683498383,
                    0.2986129820346832
                ],
                [
                    0.0,
                    0.3908979296684265,
                    0.9204339385032654,
                    3.71038818359375
                ],
                [
                    0.0,
                    0.0,
                    0.0,
                    1.0
                ]
            ]
        },
        {
            "file_path": "/data/shapenet_blender/all_50_random/02958343/d691906c87bb2850a9733fa2ac6b95bc/r_10",
            "rotation": 0.12566370614359174,
            "transform_matrix": [
                [
                    -0.7026029825210571,
                    0.48684269189834595,
                    0.5189732909202576,
                    2.092048406600952
                ],
                [
                    0.7115821838378906,
                    0.480699360370636,
                    0.5124245285987854,
                    2.0656495094299316
                ],
                [
                    0.0,
                    0.7293230891227722,
                    -0.684169352054596,
                    -2.7579751014709473
                ],
                [
                    0.0,
                    0.0,
                    0.0,
                    1.0
                ]
            ]
        },
        {
            "file_path": "/data/shapenet_blender/all_50_random/02958343/d691906c87bb2850a9733fa2ac6b95bc/r_11",
            "rotation": 0.12566370614359174,
            "transform_matrix": [
                [
                    -0.1730373650789261,
                    -0.7737352848052979,
                    0.6094191670417786,
                    2.4566473960876465
                ],
                [
                    0.9849152565002441,
                    -0.1359356790781021,
                    0.10706737637519836,
                    0.431602418422699
                ],
                [
                    0.0,
                    0.6187528371810913,
                    0.7855855822563171,
                    3.166796922683716
                ],
                [
                    0.0,
                    0.0,
                    0.0,
                    1.0
                ]
            ]
        },
        {
            "file_path": "/data/shapenet_blender/all_50_random/02958343/d691906c87bb2850a9733fa2ac6b95bc/r_12",
            "rotation": 0.12566370614359174,
            "transform_matrix": [
                [
                    0.3320266306400299,
                    -0.16181664168834686,
                    0.9292866587638855,
                    3.7460744380950928
                ],
                [
                    0.9432699084281921,
                    0.056958701461553574,
                    -0.3271045684814453,
                    -1.3186006546020508
                ],
                [
                    0.0,
                    0.9851756691932678,
                    0.17154857516288757,
                    0.6915343999862671
                ],
                [
                    0.0,
                    0.0,
                    0.0,
                    1.0
                ]
            ]
        },
        {
            "file_path": "/data/shapenet_blender/all_50_random/02958343/d691906c87bb2850a9733fa2ac6b95bc/r_13",
            "rotation": 0.12566370614359174,
            "transform_matrix": [
                [
                    -0.7724498510360718,
                    -0.31652092933654785,
                    -0.5505775213241577,
                    -2.219449043273926
                ],
                [
                    -0.6350756287574768,
                    0.38498803973197937,
                    0.6696738004684448,
                    2.6995413303375244
                ],
                [
                    -1.4901160305669237e-08,
                    0.8669478297233582,
                    -0.4983987808227539,
                    -2.0091097354888916
                ],
                [
                    0.0,
                    0.0,
                    0.0,
                    1.0
                ]
            ]
        },
        {
            "file_path": "/data/shapenet_blender/all_50_random/02958343/d691906c87bb2850a9733fa2ac6b95bc/r_14",
            "rotation": 0.12566370614359174,
            "transform_matrix": [
                [
                    -0.1340370625257492,
                    0.4596088230609894,
                    0.8779485821723938,
                    3.539124011993408
                ],
                [
                    0.9909762740135193,
                    0.06216557323932648,
                    0.11874920129776001,
                    0.4786933362483978
                ],
                [
                    3.725290298461914e-09,
                    0.8859430551528931,
                    -0.46379396319389343,
                    -1.8696132898330688
                ],
                [
                    0.0,
                    0.0,
                    0.0,
                    1.0
                ]
            ]
        },
        {
            "file_path": "/data/shapenet_blender/all_50_random/02958343/d691906c87bb2850a9733fa2ac6b95bc/r_15",
            "rotation": 0.12566370614359174,
            "transform_matrix": [
                [
                    -0.9977135062217712,
                    0.028965208679437637,
                    0.061063945293426514,
                    0.24615660309791565
                ],
                [
                    0.06758541613817215,
                    0.4275919795036316,
                    0.9014418721199036,
                    3.6338279247283936
                ],
                [
                    -1.8626449271863521e-09,
                    0.9035077095031738,
                    -0.4285719394683838,
                    -1.7276285886764526
                ],
                [
                    0.0,
                    0.0,
                    0.0,
                    1.0
                ]
            ]
        },
        {
            "file_path": "/data/shapenet_blender/all_50_random/02958343/d691906c87bb2850a9733fa2ac6b95bc/r_16",
            "rotation": 0.12566370614359174,
            "transform_matrix": [
                [
                    -0.5424252152442932,
                    0.1732865273952484,
                    0.8220380544662476,
                    3.313741683959961
                ],
                [
                    0.8401041626930237,
                    0.11188491433858871,
                    0.5307605862617493,
                    2.1395645141601562
                ],
                [
                    7.450580596923828e-09,
                    0.9784955978393555,
                    -0.20626789331436157,
                    -0.83149254322052
                ],
                [
                    0.0,
                    0.0,
                    0.0,
                    1.0
                ]
            ]
        },
        {
            "file_path": "/data/shapenet_blender/all_50_random/02958343/d691906c87bb2850a9733fa2ac6b95bc/r_17",
            "rotation": 0.12566370614359174,
            "transform_matrix": [
                [
                    -0.9966869354248047,
                    -0.06316392123699188,
                    -0.05123919993638992,
                    -0.20655183494091034
                ],
                [
                    -0.08133348822593689,
                    0.7740312218666077,
                    0.6279017329216003,
                    2.5311532020568848
                ],
                [
                    3.725290298461914e-09,
                    0.629988968372345,
                    -0.7766039371490479,
                    -3.1305909156799316
                ],
                [
                    0.0,
                    0.0,
                    0.0,
                    1.0
                ]
            ]
        },
        {
            "file_path": "/data/shapenet_blender/all_50_random/02958343/d691906c87bb2850a9733fa2ac6b95bc/r_18",
            "rotation": 0.12566370614359174,
            "transform_matrix": [
                [
                    0.2643516957759857,
                    -0.6920141577720642,
                    -0.671739935874939,
                    -2.7078702449798584
                ],
                [
                    -0.9644263982772827,
                    -0.18968282639980316,
                    -0.1841256022453308,
                    -0.7422340512275696
                ],
                [
                    0.0,
                    0.6965175271034241,
                    -0.7175397276878357,
                    -2.8924951553344727
                ],
                [
                    0.0,
                    0.0,
                    0.0,
                    1.0
                ]
            ]
        },
        {
            "file_path": "/data/shapenet_blender/all_50_random/02958343/d691906c87bb2850a9733fa2ac6b95bc/r_19",
            "rotation": 0.12566370614359174,
            "transform_matrix": [
                [
                    0.9914969801902771,
                    0.04636441916227341,
                    -0.1215897649526596,
                    -0.4901440143585205
                ],
                [
                    -0.13012966513633728,
                    0.3532644212245941,
                    -0.9264289140701294,
                    -3.7345542907714844
                ],
                [
                    0.0,
                    0.9343739151954651,
                    0.3562939763069153,
                    1.4362670183181763
                ],
                [
                    0.0,
                    0.0,
                    0.0,
                    1.0
                ]
            ]
        },
        {
            "file_path": "/data/shapenet_blender/all_50_random/02958343/d691906c87bb2850a9733fa2ac6b95bc/r_20",
            "rotation": 0.12566370614359174,
            "transform_matrix": [
                [
                    -0.014271351508796215,
                    0.2466946840286255,
                    0.9689881801605225,
                    3.906116008758545
                ],
                [
                    0.9998981356620789,
                    0.0035210249479860067,
                    0.01383017934858799,
                    0.05575123429298401
                ],
                [
                    2.3283062977608182e-10,
                    0.9690868258476257,
                    -0.24671980738639832,
                    -0.9945592880249023
                ],
                [
                    0.0,
                    0.0,
                    0.0,
                    1.0
                ]
            ]
        },
        {
            "file_path": "/data/shapenet_blender/all_50_random/02958343/d691906c87bb2850a9733fa2ac6b95bc/r_21",
            "rotation": 0.12566370614359174,
            "transform_matrix": [
                [
                    0.6342973113059998,
                    -0.6966564655303955,
                    0.33516645431518555,
                    1.3510991334915161
                ],
                [
                    0.7730891108512878,
                    0.5715864896774292,
                    -0.2749943733215332,
                    -1.1085377931594849
                ],
                [
                    0.0,
                    0.43354177474975586,
                    0.9011334776878357,
                    3.632585287094116
                ],
                [
                    0.0,
                    0.0,
                    0.0,
                    1.0
                ]
            ]
        },
        {
            "file_path": "/data/shapenet_blender/all_50_random/02958343/d691906c87bb2850a9733fa2ac6b95bc/r_22",
            "rotation": 0.12566370614359174,
            "transform_matrix": [
                [
                    -0.9489551186561584,
                    -0.06810131669044495,
                    -0.3079715073108673,
                    -1.2414729595184326
                ],
                [
                    -0.3154112696647644,
                    0.20489151775836945,
                    0.9265717267990112,
                    3.7351303100585938
                ],
                [
                    0.0,
                    0.9764126539230347,
                    -0.21591277420520782,
                    -0.8703722953796387
                ],
                [
                    0.0,
                    0.0,
                    0.0,
                    1.0
                ]
            ]
        },
        {
            "file_path": "/data/shapenet_blender/all_50_random/02958343/d691906c87bb2850a9733fa2ac6b95bc/r_23",
            "rotation": 0.12566370614359174,
            "transform_matrix": [
                [
                    -0.9966515898704529,
                    0.0036756915505975485,
                    0.08168318122625351,
                    0.3292754292488098
                ],
                [
                    0.08176583796739578,
                    0.044803351163864136,
                    0.9956440329551697,
                    4.013569355010986
                ],
                [
                    0.0,
                    0.9989891052246094,
                    -0.04495387524366379,
                    -0.18121486902236938
                ],
                [
                    0.0,
                    0.0,
                    0.0,
                    1.0
                ]
            ]
        },
        {
            "file_path": "/data/shapenet_blender/all_50_random/02958343/d691906c87bb2850a9733fa2ac6b95bc/r_24",
            "rotation": 0.12566370614359174,
            "transform_matrix": [
                [
                    -0.8633521795272827,
                    -0.4078315496444702,
                    -0.2971472144126892,
                    -1.1978389024734497
                ],
                [
                    -0.5046018958091736,
                    0.6977822780609131,
                    0.5084061026573181,
                    2.0494508743286133
                ],
                [
                    1.4901161193847656e-08,
                    0.5888746380805969,
                    -0.8082243204116821,
                    -3.258056640625
                ],
                [
                    0.0,
                    0.0,
                    0.0,
                    1.0
                ]
            ]
        },
        {
            "file_path": "/data/shapenet_blender/all_50_random/02958343/d691906c87bb2850a9733fa2ac6b95bc/r_25",
            "rotation": 0.12566370614359174,
            "transform_matrix": [
                [
                    0.8064579367637634,
                    0.21424828469753265,
                    -0.5511109232902527,
                    -2.2215991020202637
                ],
                [
                    -0.5912914276123047,
                    0.2922115921974182,
                    -0.7516559958457947,
                    -3.030022144317627
                ],
                [
                    0.0,
                    0.932046115398407,
                    0.362339586019516,
                    1.4606375694274902
                ],
                [
                    0.0,
                    0.0,
                    0.0,
                    1.0
                ]
            ]
        },
        {
            "file_path": "/data/shapenet_blender/all_50_random/02958343/d691906c87bb2850a9733fa2ac6b95bc/r_26",
            "rotation": 0.12566370614359174,
            "transform_matrix": [
                [
                    0.9906351566314697,
                    0.020481763407588005,
                    -0.13499142229557037,
                    -0.5441678762435913
                ],
                [
                    -0.13653641939163208,
                    0.14860470592975616,
                    -0.9794254899024963,
                    -3.948190689086914
                ],
                [
                    0.0,
                    0.9886844754219055,
                    0.15000952780246735,
                    0.6047078371047974
                ],
                [
                    0.0,
                    0.0,
                    0.0,
                    1.0
                ]
            ]
        },
        {
            "file_path": "/data/shapenet_blender/all_50_random/02958343/d691906c87bb2850a9733fa2ac6b95bc/r_27",
            "rotation": 0.12566370614359174,
            "transform_matrix": [
                [
                    0.8513796329498291,
                    -0.5071836709976196,
                    0.13385628163814545,
                    0.539591908454895
                ],
                [
                    0.5245501399040222,
                    0.8231927752494812,
                    -0.21725761890411377,
                    -0.87579345703125
                ],
                [
                    -7.450581485102248e-09,
                    0.25518301129341125,
                    0.9668927192687988,
                    3.8976693153381348
                ],
                [
                    0.0,
                    0.0,
                    0.0,
                    1.0
                ]
            ]
        },
        {
            "file_path": "/data/shapenet_blender/all_50_random/02958343/d691906c87bb2850a9733fa2ac6b95bc/r_28",
            "rotation": 0.12566370614359174,
            "transform_matrix": [
                [
                    -0.7469059824943542,
                    -0.19785338640213013,
                    0.6348113417625427,
                    2.559006690979004
                ],
                [
                    0.6649296879768372,
                    -0.22224587202072144,
                    0.7130744457244873,
                    2.874495267868042
                ],
                [
                    1.4901161193847656e-08,
                    0.9547045230865479,
                    0.2975553274154663,
                    1.1994839906692505
                ],
                [
                    0.0,
                    0.0,
                    0.0,
                    1.0
                ]
            ]
        },
        {
            "file_path": "/data/shapenet_blender/all_50_random/02958343/d691906c87bb2850a9733fa2ac6b95bc/r_29",
            "rotation": 0.12566370614359174,
            "transform_matrix": [
                [
                    -0.4604314863681793,
                    0.3939462900161743,
                    0.7954930663108826,
                    3.206735134124756
                ],
                [
                    0.8876951932907104,
                    0.20433281362056732,
                    0.412607878446579,
                    1.6632755994796753
                ],
                [
                    0.0,
                    0.8961330652236938,
                    -0.44378548860549927,
                    -1.7889565229415894
                ],
                [
                    0.0,
                    0.0,
                    0.0,
                    1.0
                ]
            ]
        },
        {
            "file_path": "/data/shapenet_blender/all_50_random/02958343/d691906c87bb2850a9733fa2ac6b95bc/r_30",
            "rotation": 0.12566370614359174,
            "transform_matrix": [
                [
                    0.5671102404594421,
                    0.15944480895996094,
                    -0.8080614805221558,
                    -3.2574000358581543
                ],
                [
                    -0.8236420154571533,
                    0.1097840890288353,
                    -0.556382417678833,
                    -2.242849349975586
                ],
                [
                    0.0,
                    0.9810833930969238,
                    0.1935851126909256,
                    0.7803665399551392
                ],
                [
                    0.0,
                    0.0,
                    0.0,
                    1.0
                ]
            ]
        },
        {
            "file_path": "/data/shapenet_blender/all_50_random/02958343/d691906c87bb2850a9733fa2ac6b95bc/r_31",
            "rotation": 0.12566370614359174,
            "transform_matrix": [
                [
                    0.9038383960723877,
                    -0.20848828554153442,
                    0.37364277243614197,
                    1.506202220916748
                ],
                [
                    0.42787423729896545,
                    0.4404091536998749,
                    -0.7892802953720093,
                    -3.1816906929016113
                ],
                [
                    0.0,
                    0.8732538819313049,
                    0.487265408039093,
                    1.964229702949524
                ],
                [
                    0.0,
                    0.0,
                    0.0,
                    1.0
                ]
            ]
        },
        {
            "file_path": "/data/shapenet_blender/all_50_random/02958343/d691906c87bb2850a9733fa2ac6b95bc/r_32",
            "rotation": 0.12566370614359174,
            "transform_matrix": [
                [
                    -0.9784310460090637,
                    -0.1311018019914627,
                    0.15964056551456451,
                    0.6435317397117615
                ],
                [
                    0.2065739631652832,
                    -0.6209595203399658,
                    0.7561325430870056,
                    3.048068046569824
                ],
                [
                    -7.450580596923828e-09,
                    0.7728011608123779,
                    0.6346482038497925,
                    2.5583488941192627
                ],
                [
                    0.0,
                    0.0,
                    0.0,
                    1.0
                ]
            ]
        },
        {
            "file_path": "/data/shapenet_blender/all_50_random/02958343/d691906c87bb2850a9733fa2ac6b95bc/r_33",
            "rotation": 0.12566370614359174,
            "transform_matrix": [
                [
                    -0.6818459630012512,
                    -0.14471261203289032,
                    0.7170385718345642,
                    2.890474796295166
                ],
                [
                    0.73149573802948,
                    -0.1348903328180313,
                    0.6683700084686279,
                    2.6942856311798096
                ],
                [
                    0.0,
                    0.9802360534667969,
                    0.19783112406730652,
                    0.7974827289581299
                ],
                [
                    0.0,
                    0.0,
                    0.0,
                    1.0
                ]
            ]
        },
        {
            "file_path": "/data/shapenet_blender/all_50_random/02958343/d691906c87bb2850a9733fa2ac6b95bc/r_34",
            "rotation": 0.12566370614359174,
            "transform_matrix": [
                [
                    0.022855691611766815,
                    -0.24681878089904785,
                    -0.9687919616699219,
                    -3.9053256511688232
                ],
                [
                    -0.9997387528419495,
                    -0.00564268883317709,
                    -0.022148197516798973,
                    -0.08928224444389343
                ],
                [
                    -4.656612873077393e-10,
                    0.9690451622009277,
                    -0.24688327312469482,
                    -0.9952183961868286
                ],
                [
                    0.0,
                    0.0,
                    0.0,
                    1.0
                ]
            ]
        },
        {
            "file_path": "/data/shapenet_blender/all_50_random/02958343/d691906c87bb2850a9733fa2ac6b95bc/r_35",
            "rotation": 0.12566370614359174,
            "transform_matrix": [
                [
                    -0.6697750091552734,
                    -0.38236090540885925,
                    0.6365544199943542,
                    2.566033124923706
                ],
                [
                    0.7425641417503357,
                    -0.3448803424835205,
                    0.5741567611694336,
                    2.314500093460083
                ],
                [
                    0.0,
                    0.8572383522987366,
                    0.5149196982383728,
                    2.0757079124450684
                ],
                [
                    0.0,
                    0.0,
                    0.0,
                    1.0
                ]
            ]
        },
        {
            "file_path": "/data/shapenet_blender/all_50_random/02958343/d691906c87bb2850a9733fa2ac6b95bc/r_36",
            "rotation": 0.12566370614359174,
            "transform_matrix": [
                [
                    0.6477457284927368,
                    -0.6029328107833862,
                    0.4657224714756012,
                    1.8773874044418335
                ],
                [
                    0.7618564963340759,
                    0.5126256346702576,
                    -0.39596661925315857,
                    -1.5961925983428955
                ],
                [
                    -1.4901160305669237e-08,
                    0.611299455165863,
                    0.7913993000984192,
                    3.190232753753662
                ],
                [
                    0.0,
                    0.0,
                    0.0,
                    1.0
                ]
            ]
        },
        {
            "file_path": "/data/shapenet_blender/all_50_random/02958343/d691906c87bb2850a9733fa2ac6b95bc/r_37",
            "rotation": 0.12566370614359174,
            "transform_matrix": [
                [
                    -0.5043925642967224,
                    -0.10888449102640152,
                    0.8565817475318909,
                    3.452991485595703
                ],
                [
                    0.8634744882583618,
                    -0.06360411643981934,
                    0.5003662705421448,
                    2.017040967941284
                ],
                [
                    -3.725290298461914e-09,
                    0.9920174479484558,
                    0.12610042095184326,
                    0.508327066898346
                ],
                [
                    0.0,
                    0.0,
                    0.0,
                    1.0
                ]
            ]
        },
        {
            "file_path": "/data/shapenet_blender/all_50_random/02958343/d691906c87bb2850a9733fa2ac6b95bc/r_38",
            "rotation": 0.12566370614359174,
            "transform_matrix": [
                [
                    0.5875586867332458,
                    -0.051093243062496185,
                    -0.8075668215751648,
                    -3.255406141281128
                ],
                [
                    -0.8091815710067749,
                    -0.03709956258535385,
                    -0.5863862037658691,
                    -2.3637986183166504
                ],
                [
                    -1.862645371275562e-09,
                    0.9980044960975647,
                    -0.06314188241958618,
                    -0.2545331120491028
                ],
                [
                    0.0,
                    0.0,
                    0.0,
                    1.0
                ]
            ]
        },
        {
            "file_path": "/data/shapenet_blender/all_50_random/02958343/d691906c87bb2850a9733fa2ac6b95bc/r_39",
            "rotation": 0.12566370614359174,
            "transform_matrix": [
                [
                    -0.9970790147781372,
                    0.06912121176719666,
                    0.03249171003699303,
                    0.1309782862663269
                ],
                [
                    0.07637704908847809,
                    0.9023562669754028,
                    0.4241693615913391,
                    1.7098815441131592
                ],
                [
                    0.0,
                    0.42541199922561646,
                    -0.9049996733665466,
                    -3.6481707096099854
                ],
                [
                    0.0,
                    0.0,
                    0.0,
                    1.0
                ]
            ]
        },
        {
            "file_path": "/data/shapenet_blender/all_50_random/02958343/d691906c87bb2850a9733fa2ac6b95bc/r_40",
            "rotation": 0.12566370614359174,
            "transform_matrix": [
                [
                    0.9202374219894409,
                    -0.29679059982299805,
                    -0.2551047205924988,
                    -1.0283600091934204
                ],
                [
                    -0.3913605511188507,
                    -0.6978675127029419,
                    -0.5998481512069702,
                    -2.418065309524536
                ],
                [
                    0.0,
                    0.6518405675888062,
                    -0.7583559155464172,
                    -3.057030439376831
                ],
                [
                    0.0,
                    0.0,
                    0.0,
                    1.0
                ]
            ]
        },
        {
            "file_path": "/data/shapenet_blender/all_50_random/02958343/d691906c87bb2850a9733fa2ac6b95bc/r_41",
            "rotation": 0.12566370614359174,
            "transform_matrix": [
                [
                    -0.6196500658988953,
                    -0.2139611691236496,
                    -0.7551518678665161,
                    -3.044114589691162
                ],
                [
                    -0.7848782539367676,
                    0.16891926527023315,
                    0.5961815714836121,
                    2.403284788131714
                ],
                [
                    -1.4901162970204496e-08,
