{
    "class": "02958343",
    "model": "65c225fae513a6dbe7b23463fd9b0ba1",
    "remove_doubles": true,
    "edge_split": true,
    "denoise": true,
    "camera_angle_x": 0.6911112070083618,
    "scale_factor": 2.2646362907579003,
    "hdri_file": "/data/IndoorHDRDataset2018/AG8A5009-83fad15e72.exr",
    "center_offset": [
        0.0,
        0.0,
        -1.862645149230957e-09
    ],
    "lights": [],
    "frames": [
        {
            "file_path": "/data/shapenet_blender/all_50_random/02958343/65c225fae513a6dbe7b23463fd9b0ba1/r_0",
            "rotation": 0.12566370614359174,
            "transform_matrix": [
                [
                    -0.11431471258401871,
                    -0.7839930057525635,
                    0.610153317451477,
                    2.459606647491455
                ],
                [
                    0.9934446215629578,
                    -0.09021331369876862,
                    0.07020974159240723,
                    0.28302451968193054
                ],
                [
                    7.450581485102248e-09,
                    0.6141794323921204,
                    0.7891663312911987,
                    3.1812312602996826
                ],
                [
                    0.0,
                    0.0,
                    0.0,
                    1.0
                ]
            ]
        },
        {
            "file_path": "/data/shapenet_blender/all_50_random/02958343/65c225fae513a6dbe7b23463fd9b0ba1/r_1",
            "rotation": 0.12566370614359174,
            "transform_matrix": [
                [
                    0.7463204860687256,
                    -0.2363453209400177,
                    0.6222109794616699,
                    2.5082130432128906
                ],
                [
                    0.6655867695808411,
                    0.26501330733299255,
                    -0.6976833343505859,
                    -2.8124518394470215
                ],
                [
                    0.0,
                    0.9348308444023132,
                    0.3550931513309479,
                    1.4314264059066772
                ],
                [
                    0.0,
                    0.0,
                    0.0,
                    1.0
                ]
            ]
        },
        {
            "file_path": "/data/shapenet_blender/all_50_random/02958343/65c225fae513a6dbe7b23463fd9b0ba1/r_2",
            "rotation": 0.12566370614359174,
            "transform_matrix": [
                [
                    0.3437754511833191,
                    -0.6526471972465515,
                    -0.6751814484596252,
                    -2.721743583679199
                ],
                [
                    -0.9390518069267273,
                    -0.2389262169599533,
                    -0.24717572331428528,
                    -0.9963971972465515
                ],
                [
                    -1.4901160305669237e-08,
                    0.7190034985542297,
                    -0.6950064897537231,
                    -2.8016607761383057
                ],
                [
                    0.0,
                    0.0,
                    0.0,
                    1.0
                ]
            ]
        },
        {
            "file_path": "/data/shapenet_blender/all_50_random/02958343/65c225fae513a6dbe7b23463fd9b0ba1/r_3",
            "rotation": 0.12566370614359174,
            "transform_matrix": [
                [
                    0.033519402146339417,
                    -0.8508022427558899,
                    -0.5244156718254089,
                    -2.1139872074127197
                ],
                [
                    -0.9994381666183472,
                    -0.0285344161093235,
                    -0.01758798211812973,
                    -0.07089942693710327
                ],
                [
                    0.0,
                    0.5247105360031128,
                    -0.851280689239502,
                    -3.431622266769409
                ],
                [
                    0.0,
                    0.0,
                    0.0,
                    1.0
                ]
            ]
        },
        {
            "file_path": "/data/shapenet_blender/all_50_random/02958343/65c225fae513a6dbe7b23463fd9b0ba1/r_4",
            "rotation": 0.12566370614359174,
            "transform_matrix": [
                [
                    -0.2906656563282013,
                    -0.3798629343509674,
                    0.8781899213790894,
                    3.5400969982147217
                ],
                [
                    0.956824779510498,
                    -0.11539532244205475,
                    0.26677781343460083,
                    1.075415849685669
                ],
                [
                    0.0,
                    0.9178169965744019,
                    0.3970036804676056,
                    1.6003731489181519
                ],
                [
                    0.0,
                    0.0,
                    0.0,
                    1.0
                ]
            ]
        },
        {
            "file_path": "/data/shapenet_blender/all_50_random/02958343/65c225fae513a6dbe7b23463fd9b0ba1/r_5",
            "rotation": 0.12566370614359174,
            "transform_matrix": [
                [
                    -0.680935800075531,
                    -0.45532408356666565,
                    -0.5735908150672913,
                    -2.31221866607666
                ],
                [
                    -0.7323431372642517,
                    0.42336222529411316,
                    0.5333271622657776,
                    2.1499106884002686
                ],
                [
                    -1.4901159417490817e-08,
                    0.7832269072532654,
                    -0.6217359304428101,
                    -2.5062978267669678
                ],
                [
                    0.0,
                    0.0,
                    0.0,
                    1.0
                ]
            ]
        },
        {
            "file_path": "/data/shapenet_blender/all_50_random/02958343/65c225fae513a6dbe7b23463fd9b0ba1/r_6",
            "rotation": 0.12566370614359174,
            "transform_matrix": [
                [
                    -0.34138691425323486,
                    -0.7688153386116028,
                    -0.540719747543335,
                    -2.179711103439331
                ],
                [
                    -0.9399229288101196,
                    0.27923938632011414,
                    0.19639338552951813,
                    0.7916870713233948
                ],
                [
                    0.0,
                    0.5752810835838318,
                    -0.8179557919502258,
                    -3.297285318374634
                ],
                [
                    0.0,
                    0.0,
                    0.0,
                    1.0
                ]
            ]
        },
        {
            "file_path": "/data/shapenet_blender/all_50_random/02958343/65c225fae513a6dbe7b23463fd9b0ba1/r_7",
            "rotation": 0.12566370614359174,
            "transform_matrix": [
                [
                    0.686199963092804,
                    -0.039720725268125534,
                    0.726327657699585,
                    2.927920341491699
                ],
                [
                    0.7274129390716553,
                    0.037470269948244095,
                    -0.6851761341094971,
                    -2.762033462524414
                ],
                [
                    -1.862645149230957e-09,
                    0.9985079765319824,
                    0.05460546910762787,
                    0.22012168169021606
                ],
                [
                    0.0,
                    0.0,
                    0.0,
                    1.0
                ]
            ]
        },
        {
            "file_path": "/data/shapenet_blender/all_50_random/02958343/65c225fae513a6dbe7b23463fd9b0ba1/r_8",
            "rotation": 0.12566370614359174,
            "transform_matrix": [
                [
                    0.7880080938339233,
                    -0.20596881210803986,
                    0.5801897048950195,
                    2.3388195037841797
                ],
                [
                    0.6156648993492126,
                    0.26362571120262146,
                    -0.7426023483276367,
                    -2.993525743484497
                ],
                [
                    0.0,
                    0.9423791170120239,
                    0.3345469534397125,
                    1.3486019372940063
                ],
                [
                    0.0,
                    0.0,
                    0.0,
                    1.0
                ]
            ]
        },
        {
            "file_path": "/data/shapenet_blender/all_50_random/02958343/65c225fae513a6dbe7b23463fd9b0ba1/r_9",
            "rotation": 0.12566370614359174,
            "transform_matrix": [
                [
                    0.9904214143753052,
                    -0.05738963186740875,
                    -0.12558655440807343,
                    -0.506255567073822
                ],
                [
                    -0.13807807862758636,
                    -0.41165056824684143,
                    -0.9008208513259888,
                    -3.6313250064849854
                ],
                [
                    0.0,
                    0.9095329642295837,
                    -0.4156317412853241,
                    -1.6754651069641113
                ],
                [
                    0.0,
                    0.0,
                    0.0,
                    1.0
                ]
            ]
        },
        {
            "file_path": "/data/shapenet_blender/all_50_random/02958343/65c225fae513a6dbe7b23463fd9b0ba1/r_10",
            "rotation": 0.12566370614359174,
            "transform_matrix": [
                [
                    0.8406959772109985,
                    -0.22670122981071472,
                    -0.49176907539367676,
                    -1.9823846817016602
                ],
                [
                    -0.5415074825286865,
                    -0.3519560396671295,
                    -0.7634766101837158,
                    -3.0776729583740234
                ],
                [
                    1.4901161193847656e-08,
                    0.9081482291221619,
                    -0.41864848136901855,
                    -1.6876261234283447
                ],
                [
                    0.0,
                    0.0,
                    0.0,
                    1.0
                ]
            ]
        },
        {
            "file_path": "/data/shapenet_blender/all_50_random/02958343/65c225fae513a6dbe7b23463fd9b0ba1/r_11",
            "rotation": 0.12566370614359174,
            "transform_matrix": [
                [
                    -0.997846782207489,
                    0.031066177412867546,
                    -0.05776279419660568,
                    -0.23284929990768433
                ],
                [
                    -0.06558694690465927,
                    -0.4726441204547882,
                    0.8788092136383057,
                    3.5425937175750732
                ],
                [
                    -1.8626450382086546e-09,
                    0.8807055950164795,
                    0.47366392612457275,
                    1.9094005823135376
                ],
                [
                    0.0,
                    0.0,
                    0.0,
                    1.0
                ]
            ]
        },
        {
            "file_path": "/data/shapenet_blender/all_50_random/02958343/65c225fae513a6dbe7b23463fd9b0ba1/r_12",
            "rotation": 0.12566370614359174,
            "transform_matrix": [
                [
                    0.5505598783493042,
                    -0.3695415258407593,
                    0.7485471963882446,
                    3.0174901485443115
                ],
                [
                    0.8347957134246826,
                    0.2437179982662201,
                    -0.4936777353286743,
                    -1.9900785684585571
                ],
                [
                    0.0,
                    0.8966830968856812,
                    0.442672997713089,
                    1.7844719886779785
                ],
                [
                    0.0,
                    0.0,
                    0.0,
                    1.0
                ]
            ]
        },
        {
            "file_path": "/data/shapenet_blender/all_50_random/02958343/65c225fae513a6dbe7b23463fd9b0ba1/r_13",
            "rotation": 0.12566370614359174,
            "transform_matrix": [
                [
                    -0.7831411361694336,
                    0.06041703000664711,
                    0.6189021468162537,
                    2.4948742389678955
                ],
                [
                    0.6218441128730774,
                    0.07608829438686371,
                    0.7794359922409058,
                    3.1420068740844727
                ],
                [
                    0.0,
                    0.9952689409255981,
                    -0.09715783596038818,
                    -0.3916557729244232
                ],
                [
                    0.0,
                    0.0,
                    0.0,
                    1.0
                ]
            ]
        },
        {
            "file_path": "/data/shapenet_blender/all_50_random/02958343/65c225fae513a6dbe7b23463fd9b0ba1/r_14",
            "rotation": 0.12566370614359174,
            "transform_matrix": [
                [
                    -0.7402255535125732,
                    0.36513274908065796,
                    -0.5645742416381836,
                    -2.275871753692627
                ],
                [
                    -0.6723585724830627,
                    -0.40198877453804016,
                    0.6215616464614868,
                    2.5055954456329346
                ],
                [
                    0.0,
                    0.8396922945976257,
                    0.5430623888969421,
                    2.189154863357544
                ],
                [
                    0.0,
                    0.0,
                    0.0,
                    1.0
                ]
            ]
        },
        {
            "file_path": "/data/shapenet_blender/all_50_random/02958343/65c225fae513a6dbe7b23463fd9b0ba1/r_15",
            "rotation": 0.12566370614359174,
            "transform_matrix": [
                [
                    -0.24476297199726105,
                    0.11285203695297241,
                    -0.9629930257797241,
                    -3.881948947906494
                ],
                [
                    -0.9695830345153809,
                    -0.028488535434007645,
                    0.2430993914604187,
                    0.9799649715423584
                ],
                [
                    0.0,
                    0.993203341960907,
                    0.1163923442363739,
                    0.4691925346851349
                ],
                [
                    0.0,
                    0.0,
                    0.0,
                    1.0
                ]
            ]
        },
        {
            "file_path": "/data/shapenet_blender/all_50_random/02958343/65c225fae513a6dbe7b23463fd9b0ba1/r_16",
            "rotation": 0.12566370614359174,
            "transform_matrix": [
                [
                    0.6747596859931946,
                    -0.20502246916294098,
                    -0.7089889049530029,
                    -2.858025312423706
                ],
                [
                    -0.7380375266075134,
                    -0.18744423985481262,
                    -0.648201584815979,
                    -2.6129839420318604
                ],
                [
                    0.0,
                    0.9606406092643738,
                    -0.27779412269592285,
                    -1.1198238134384155
                ],
                [
                    0.0,
                    0.0,
                    0.0,
                    1.0
                ]
            ]
        },
        {
            "file_path": "/data/shapenet_blender/all_50_random/02958343/65c225fae513a6dbe7b23463fd9b0ba1/r_17",
            "rotation": 0.12566370614359174,
            "transform_matrix": [
                [
                    -0.20360955595970154,
                    0.16174621880054474,
                    -0.9655988812446594,
                    -3.892453670501709
                ],
                [
                    -0.9790521860122681,
                    -0.03363770991563797,
                    0.2008117288351059,
                    0.8094979524612427
                ],
                [
                    3.725290742551124e-09,
                    0.9862588047981262,
                    0.16520696878433228,
                    0.6659705638885498
                ],
                [
                    0.0,
                    0.0,
                    0.0,
                    1.0
                ]
            ]
        },
        {
            "file_path": "/data/shapenet_blender/all_50_random/02958343/65c225fae513a6dbe7b23463fd9b0ba1/r_18",
            "rotation": 0.12566370614359174,
            "transform_matrix": [
                [
                    -0.982875645160675,
                    0.029612690210342407,
                    -0.18187516927719116,
                    -0.7331623435020447
                ],
                [
                    -0.18427017331123352,
                    -0.15795063972473145,
                    0.970100998878479,
                    3.910602569580078
                ],
                [
                    0.0,
                    0.9870028495788574,
                    0.16070254147052765,
                    0.6478127241134644
                ],
                [
                    0.0,
                    0.0,
                    0.0,
                    1.0
                ]
            ]
        },
        {
            "file_path": "/data/shapenet_blender/all_50_random/02958343/65c225fae513a6dbe7b23463fd9b0ba1/r_19",
            "rotation": 0.12566370614359174,
            "transform_matrix": [
                [
                    0.4019257724285126,
                    0.8253071308135986,
                    0.3966405987739563,
                    1.5989094972610474
                ],
                [
                    0.915672242641449,
                    -0.3622608482837677,
                    -0.17410168051719666,
                    -0.7018263936042786
                ],
                [
                    0.0,
                    0.43316876888275146,
                    -0.9013127684593201,
                    -3.633308172225952
                ],
                [
                    0.0,
                    0.0,
                    0.0,
                    1.0
                ]
            ]
        },
        {
            "file_path": "/data/shapenet_blender/all_50_random/02958343/65c225fae513a6dbe7b23463fd9b0ba1/r_20",
            "rotation": 0.12566370614359174,
            "transform_matrix": [
                [
                    0.7932065725326538,
                    -0.2000429779291153,
                    -0.5751574635505676,
                    -2.3185341358184814
                ],
                [
                    -0.6089527606964111,
                    -0.2605709731578827,
                    -0.7491856813430786,
                    -3.020064353942871
                ],
                [
                    0.0,
                    0.9445027112960815,
                    -0.328503280878067,
                    -1.3242392539978027
                ],
                [
                    0.0,
                    0.0,
                    0.0,
                    1.0
                ]
            ]
        },
        {
            "file_path": "/data/shapenet_blender/all_50_random/02958343/65c225fae513a6dbe7b23463fd9b0ba1/r_21",
            "rotation": 0.12566370614359174,
            "transform_matrix": [
                [
                    0.38076287508010864,
                    0.0015474222600460052,
                    -0.9246714115142822,
                    -3.7274696826934814
                ],
                [
                    -0.9246727228164673,
                    0.0006371994386427104,
                    -0.38076233863830566,
                    -1.5349020957946777
                ],
                [
                    0.0,
                    0.9999986290931702,
                    0.001673480961471796,
                    0.006746017374098301
                ],
                [
                    0.0,
                    0.0,
                    0.0,
                    1.0
                ]
            ]
        },
        {
            "file_path": "/data/shapenet_blender/all_50_random/02958343/65c225fae513a6dbe7b23463fd9b0ba1/r_22",
            "rotation": 0.12566370614359174,
            "transform_matrix": [
                [
                    -0.9824439883232117,
                    -0.0727948471903801,
                    0.17176896333694458,
                    0.6924229264259338
                ],
                [
                    0.18655739724636078,
                    -0.3833504319190979,
                    0.9045654535293579,
                    3.6464202404022217
                ],
                [
                    0.0,
                    0.9207297563552856,
                    0.39020079374313354,
                    1.5729498863220215
                ],
                [
                    0.0,
                    0.0,
                    0.0,
                    1.0
                ]
            ]
        },
        {
            "file_path": "/data/shapenet_blender/all_50_random/02958343/65c225fae513a6dbe7b23463fd9b0ba1/r_23",
            "rotation": 0.12566370614359174,
            "transform_matrix": [
                [
                    -0.2491820752620697,
                    0.5206730961799622,
                    -0.8165830373764038,
                    -3.2917516231536865
                ],
                [
                    -0.9684567451477051,
                    -0.13396818935871124,
                    0.21010525524616241,
                    0.8469613790512085
                ],
                [
                    0.0,
                    0.8431797027587891,
                    0.5376318097114563,
                    2.1672630310058594
                ],
                [
                    0.0,
                    0.0,
                    0.0,
                    1.0
                ]
            ]
        },
        {
            "file_path": "/data/shapenet_blender/all_50_random/02958343/65c225fae513a6dbe7b23463fd9b0ba1/r_24",
            "rotation": 0.12566370614359174,
            "transform_matrix": [
                [
                    -0.18058174848556519,
                    0.878473162651062,
                    -0.4423519968986511,
                    -1.7831779718399048
                ],
                [
                    -0.9835600256919861,
                    -0.16128778457641602,
                    0.08121588081121445,
                    0.32739168405532837
                ],
                [
                    0.0,
                    0.4497458040714264,
                    0.8931565880775452,
                    3.6004292964935303
                ],
                [
                    0.0,
                    0.0,
                    0.0,
                    1.0
                ]
            ]
        },
        {
            "file_path": "/data/shapenet_blender/all_50_random/02958343/65c225fae513a6dbe7b23463fd9b0ba1/r_25",
            "rotation": 0.12566370614359174,
            "transform_matrix": [
                [
                    0.353798508644104,
                    0.37372857332229614,
                    0.8574109673500061,
                    3.456334114074707
                ],
                [
                    0.9353216886520386,
                    -0.1413680464029312,
                    -0.324327677488327,
                    -1.3074066638946533
                ],
                [
                    -7.450580596923828e-09,
                    0.9167016744613647,
                    -0.3995722532272339,
                    -1.610727310180664
                ],
                [
                    0.0,
                    0.0,
                    0.0,
                    1.0
                ]
            ]
        },
        {
            "file_path": "/data/shapenet_blender/all_50_random/02958343/65c225fae513a6dbe7b23463fd9b0ba1/r_26",
            "rotation": 0.12566370614359174,
            "transform_matrix": [
                [
                    0.4006565511226654,
                    -0.7896208763122559,
                    0.46472907066345215,
                    1.873382806777954
                ],
                [
                    0.9162284135818481,
                    0.34529247879981995,
                    -0.20322087407112122,
                    -0.8192095756530762
                ],
                [
                    0.0,
                    0.5072196125984192,
                    0.8618167638778687,
                    3.4740943908691406
                ],
                [
                    0.0,
                    0.0,
                    0.0,
                    1.0
                ]
            ]
        },
        {
            "file_path": "/data/shapenet_blender/all_50_random/02958343/65c225fae513a6dbe7b23463fd9b0ba1/r_27",
            "rotation": 0.12566370614359174,
            "transform_matrix": [
                [
                    0.9136595129966736,
                    0.012567280791699886,
                    0.40628620982170105,
                    1.6377921104431152
                ],
                [
                    0.4064805507659912,
                    -0.028247883543372154,
                    -0.9132226705551147,
                    -3.6813182830810547
                ],
                [
                    0.0,
                    0.9995218515396118,
                    -0.030917305499315262,
                    -0.12463164329528809
                ],
                [
                    0.0,
                    0.0,
                    0.0,
                    1.0
                ]
            ]
        },
        {
            "file_path": "/data/shapenet_blender/all_50_random/02958343/65c225fae513a6dbe7b23463fd9b0ba1/r_28",
            "rotation": 0.12566370614359174,
            "transform_matrix": [
                [
                    -0.42277786135673523,
                    0.10375339537858963,
                    -0.9002744555473328,
                    -3.629122495651245
                ],
                [
                    -0.9062333106994629,
                    -0.04840325564146042,
                    0.4199979603290558,
                    1.693065881729126
                ],
                [
                    0.0,
                    0.9934245347976685,
                    0.11448860913515091,
                    0.4615183472633362
                ],
                [
                    0.0,
                    0.0,
                    0.0,
                    1.0
                ]
            ]
        },
        {
            "file_path": "/data/shapenet_blender/all_50_random/02958343/65c225fae513a6dbe7b23463fd9b0ba1/r_29",
            "rotation": 0.12566370614359174,
            "transform_matrix": [
                [
                    0.8164055943489075,
                    -0.019158698618412018,
                    -0.5771610736846924,
                    -2.326610803604126
                ],
                [
                    -0.5774790048599243,
                    -0.027085430920124054,
                    -0.8159561157226562,
                    -3.28922438621521
                ],
                [
                    0.0,
                    0.9994494915008545,
                    -0.03317644074559212,
                    -0.13373851776123047
                ],
                [
                    0.0,
                    0.0,
                    0.0,
                    1.0
                ]
            ]
        },
        {
            "file_path": "/data/shapenet_blender/all_50_random/02958343/65c225fae513a6dbe7b23463fd9b0ba1/r_30",
            "rotation": 0.12566370614359174,
            "transform_matrix": [
                [
                    -0.6521904468536377,
                    0.22253096103668213,
                    0.7246569395065308,
                    2.9211854934692383
                ],
                [
                    0.7580552697181702,
                    0.19145379960536957,
                    0.6234562993049622,
                    2.513232707977295
                ],
                [
                    0.0,
                    0.9559421539306641,
                    -0.2935550808906555,
                    -1.1833584308624268
                ],
                [
                    0.0,
                    0.0,
                    0.0,
                    1.0
                ]
            ]
        },
        {
            "file_path": "/data/shapenet_blender/all_50_random/02958343/65c225fae513a6dbe7b23463fd9b0ba1/r_31",
            "rotation": 0.12566370614359174,
            "transform_matrix": [
                [
                    -0.9987216591835022,
                    0.00903695821762085,
                    -0.04973238706588745,
                    -0.2004776895046234
                ],
                [
                    -0.050546783953905106,
                    -0.1785554736852646,
                    0.9826304912567139,
                    3.9611105918884277
                ],
                [
                    9.313225191043273e-10,
                    0.9838883876800537,
                    0.17878398299217224,
                    0.7207013368606567
                ],
                [
                    0.0,
                    0.0,
                    0.0,
                    1.0
                ]
            ]
        },
        {
            "file_path": "/data/shapenet_blender/all_50_random/02958343/65c225fae513a6dbe7b23463fd9b0ba1/r_32",
            "rotation": 0.12566370614359174,
            "transform_matrix": [
                [
                    -0.9148342609405518,
                    0.10008244216442108,
                    -0.3912312984466553,
                    -1.577103853225708
                ],
                [
                    -0.40382975339889526,
                    -0.22672635316848755,
                    0.8862938284873962,
                    3.5727646350860596
                ],
                [
                    0.0,
                    0.9688026905059814,
                    0.24783329665660858,
                    0.9990479946136475
                ],
                [
                    0.0,
                    0.0,
                    0.0,
                    1.0
                ]
            ]
        },
        {
            "file_path": "/data/shapenet_blender/all_50_random/02958343/65c225fae513a6dbe7b23463fd9b0ba1/r_33",
            "rotation": 0.12566370614359174,
            "transform_matrix": [
                [
                    -0.8807039260864258,
                    -0.40762752294540405,
                    -0.24124771356582642,
                    -0.9725006222724915
                ],
                [
                    -0.47366729378700256,
                    0.7579141855239868,
                    0.4485591650009155,
                    1.8081998825073242
                ],
                [
                    1.4901162970204496e-08,
                    0.5093188881874084,
                    -0.8605777621269226,
                    -3.469099998474121
                ],
                [
                    0.0,
                    0.0,
                    0.0,
                    1.0
                ]
            ]
        },
        {
            "file_path": "/data/shapenet_blender/all_50_random/02958343/65c225fae513a6dbe7b23463fd9b0ba1/r_34",
            "rotation": 0.12566370614359174,
            "transform_matrix": [
                [
                    -0.4482949674129486,
                    0.6730163097381592,
                    0.5882863402366638,
                    2.371458053588867
                ],
                [
                    0.8938856720924377,
                    0.3375261723995209,
                    0.2950330376625061,
                    1.1893162727355957
                ],
                [
                    0.0,
                    0.6581225395202637,
                    -0.752910852432251,
                    -3.035080671310425
                ],
                [
                    0.0,
                    0.0,
                    0.0,
                    1.0
                ]
            ]
        },
        {
            "file_path": "/data/shapenet_blender/all_50_random/02958343/65c225fae513a6dbe7b23463fd9b0ba1/r_35",
            "rotation": 0.12566370614359174,
            "transform_matrix": [
                [
                    -0.6933267712593079,
                    0.7150614857673645,
                    -0.08935921639204025,
                    -0.3602185547351837
                ],
                [
                    -0.7206233739852905,
                    -0.6879755258560181,
                    0.08597435802221298,
                    0.34657374024391174
                ],
                [
                    -3.725290298461914e-09,
                    0.1240028664469719,
                    0.9922817945480347,
                    4.000016212463379
                ],
                [
                    0.0,
                    0.0,
                    0.0,
                    1.0
                ]
            ]
        },
        {
            "file_path": "/data/shapenet_blender/all_50_random/02958343/65c225fae513a6dbe7b23463fd9b0ba1/r_36",
            "rotation": 0.12566370614359174,
            "transform_matrix": [
                [
                    -0.728407621383667,
                    -0.1693381816148758,
                    0.6638876795768738,
                    2.6762168407440186
                ],
                [
                    0.6851439476013184,
                    -0.18003110587596893,
                    0.7058091163635254,
                    2.845207452774048
                ],
                [
                    0.0,
                    0.9689754843711853,
                    0.24715706706047058,
                    0.9963219165802002
                ],
                [
                    0.0,
                    0.0,
                    0.0,
                    1.0
                ]
            ]
        },
        {
            "file_path": "/data/shapenet_blender/all_50_random/02958343/65c225fae513a6dbe7b23463fd9b0ba1/r_37",
            "rotation": 0.12566370614359174,
            "transform_matrix": [
                [
                    0.5002467632293701,
                    0.6337503790855408,
                    -0.5900115370750427,
                    -2.3784124851226807
                ],
                [
                    -0.8658828735351562,
                    0.3661368191242218,
                    -0.3408675789833069,
                    -1.3740811347961426
                ],
                [
                    0.0,
                    0.6813986897468567,
                    0.73191237449646,
                    2.9504332542419434
                ],
                [
                    0.0,
                    0.0,
                    0.0,
                    1.0
                ]
            ]
        },
        {
            "file_path": "/data/shapenet_blender/all_50_random/02958343/65c225fae513a6dbe7b23463fd9b0ba1/r_38",
            "rotation": 0.12566370614359174,
            "transform_matrix": [
                [
                    0.6777312159538269,
                    0.046573784202337265,
                    0.7338331937789917,
                    2.9581761360168457
                ],
                [
                    0.7353097200393677,
                    -0.04292682558298111,
                    -0.67637038230896,
                    -2.726536273956299
                ],
                [
                    0.0,
                    0.9979920387268066,
                    -0.063339002430439,
                    -0.25532767176628113
                ],
                [
                    0.0,
                    0.0,
                    0.0,
                    1.0
                ]
            ]
        },
        {
            "file_path": "/data/shapenet_blender/all_50_random/02958343/65c225fae513a6dbe7b23463fd9b0ba1/r_39",
            "rotation": 0.12566370614359174,
            "transform_matrix": [
                [
                    -0.6818209290504456,
                    -0.04532095417380333,
                    0.7301138043403625,
                    2.9431827068328857
                ],
                [
                    0.7315191030502319,
                    -0.04224192723631859,
                    0.6805111169815063,
                    2.743227958679199
                ],
                [
                    1.8626449271863521e-09,
                    0.9980789422988892,
                    0.06195458024740219,
                    0.2497468888759613
                ],
                [
                    0.0,
                    0.0,
                    0.0,
                    1.0
                ]
            ]
        },
        {
            "file_path": "/data/shapenet_blender/all_50_random/02958343/65c225fae513a6dbe7b23463fd9b0ba1/r_40",
            "rotation": 0.12566370614359174,
            "transform_matrix": [
                [
                    0.02913040854036808,
                    -0.2293592244386673,
                    0.9729058146476746,
                    3.9219088554382324
                ],
                [
                    0.9995756149291992,
                    0.0066841645166277885,
                    -0.028353175148367882,
                    -0.11429530382156372
                ],
                [
                    0.0,
                    0.9733189344406128,
                    0.2294565886259079,
                    0.9249690771102905
                ],
                [
                    0.0,
                    0.0,
                    0.0,
                    1.0
                ]
            ]
        },
        {
            "file_path": "/data/shapenet_blender/all_50_random/02958343/65c225fae513a6dbe7b23463fd9b0ba1/r_41",
            "rotation": 0.12566370614359174,
            "transform_matrix": [
                [
                    -0.502138614654541,
                    -0.654627799987793,
                    -0.565083384513855,
                    -2.277924060821533
                ],
                [
                    -0.864787220954895,
                    0.38010960817337036,
                    0.32811564207077026,
                    1.322676420211792
                ],
                [
                    0.0,
                    0.6534363627433777,
                    -0.756981372833252,
                    -3.0514895915985107
                ],
