{
    "class": "02958343",
    "model": "768ea3241699f663f1cb19f636b1c2bd",
    "remove_doubles": true,
    "edge_split": true,
    "denoise": true,
    "camera_angle_x": 0.6911112070083618,
    "scale_factor": 2.352780580757835,
    "hdri_file": "/data/IndoorHDRDataset2018/AG8A9102-3ea9661619.exr",
    "center_offset": [
        0.0,
        0.0,
        7.450580596923828e-09
    ],
    "lights": [],
    "frames": [
        {
            "file_path": "/data/shapenet_blender/all_50_random/02958343/768ea3241699f663f1cb19f636b1c2bd/r_0",
            "rotation": 0.12566370614359174,
            "transform_matrix": [
                [
                    -0.6832398772239685,
                    0.4977169334888458,
                    -0.5342856645584106,
                    -2.1537744998931885
                ],
                [
                    -0.730194091796875,
                    -0.46571189165115356,
                    0.4999290704727173,
                    2.0152785778045654
                ],
                [
                    -2.9802322387695312e-08,
                    0.7317037582397461,
                    0.6816228032112122,
                    2.7477095127105713
                ],
                [
                    0.0,
                    0.0,
                    0.0,
                    1.0
                ]
            ]
        },
        {
            "file_path": "/data/shapenet_blender/all_50_random/02958343/768ea3241699f663f1cb19f636b1c2bd/r_1",
            "rotation": 0.12566370614359174,
            "transform_matrix": [
                [
                    0.9439401030540466,
                    0.00613075727596879,
                    -0.33005982637405396,
                    -1.330513834953308
                ],
                [
                    -0.33011677861213684,
                    0.01753036305308342,
                    -0.9437772035598755,
                    -3.804487943649292
                ],
                [
                    0.0,
                    0.99982750415802,
                    0.018571477383375168,
                    0.07486402988433838
                ],
                [
                    0.0,
                    0.0,
                    0.0,
                    1.0
                ]
            ]
        },
        {
            "file_path": "/data/shapenet_blender/all_50_random/02958343/768ea3241699f663f1cb19f636b1c2bd/r_2",
            "rotation": 0.12566370614359174,
            "transform_matrix": [
                [
                    -0.1316474825143814,
                    -0.7873396277427673,
                    -0.6022999286651611,
                    -2.427948474884033
                ],
                [
                    -0.9912965893745422,
                    0.10456132143735886,
                    0.07998743653297424,
                    0.32243964076042175
                ],
                [
                    0.0,
                    0.6075879335403442,
                    -0.7942524552345276,
                    -3.2017335891723633
                ],
                [
                    0.0,
                    0.0,
                    0.0,
                    1.0
                ]
            ]
        },
        {
            "file_path": "/data/shapenet_blender/all_50_random/02958343/768ea3241699f663f1cb19f636b1c2bd/r_3",
            "rotation": 0.12566370614359174,
            "transform_matrix": [
                [
                    -0.9205337762832642,
                    0.00824983324855566,
                    -0.3905757963657379,
                    -1.5744613409042358
                ],
                [
                    -0.39066290855407715,
                    -0.019439395517110825,
                    0.9203285574913025,
                    3.709962844848633
                ],
                [
                    -4.6566125955216364e-10,
                    0.9997769594192505,
                    0.021117527037858963,
                    0.08512747287750244
                ],
                [
                    0.0,
                    0.0,
                    0.0,
                    1.0
                ]
            ]
        },
        {
            "file_path": "/data/shapenet_blender/all_50_random/02958343/768ea3241699f663f1cb19f636b1c2bd/r_4",
            "rotation": 0.12566370614359174,
            "transform_matrix": [
                [
                    0.34149789810180664,
                    -0.5639533996582031,
                    0.75188809633255,
                    3.0309579372406006
                ],
                [
                    0.9398825168609619,
                    0.20490741729736328,
                    -0.27319180965423584,
                    -1.101271390914917
                ],
                [
                    1.4901161193847656e-08,
                    0.7999809980392456,
                    0.6000253558158875,
                    2.4187796115875244
                ],
                [
                    0.0,
                    0.0,
                    0.0,
                    1.0
                ]
            ]
        },
        {
            "file_path": "/data/shapenet_blender/all_50_random/02958343/768ea3241699f663f1cb19f636b1c2bd/r_5",
            "rotation": 0.12566370614359174,
            "transform_matrix": [
                [
                    -0.917460024356842,
                    0.020285433158278465,
                    0.39731043577194214,
                    1.6016095876693726
                ],
                [
                    0.39782795310020447,
                    0.04678171128034592,
                    0.9162665009498596,
                    3.6935884952545166
                ],
                [
                    1.862645149230957e-09,
                    0.9986991286277771,
                    -0.05099045857787132,
                    -0.20554910600185394
                ],
                [
                    0.0,
                    0.0,
                    0.0,
                    1.0
                ]
            ]
        },
        {
            "file_path": "/data/shapenet_blender/all_50_random/02958343/768ea3241699f663f1cb19f636b1c2bd/r_6",
            "rotation": 0.12566370614359174,
            "transform_matrix": [
                [
                    0.46207523345947266,
                    0.08284507691860199,
                    -0.882962703704834,
                    -3.5593366622924805
                ],
                [
                    -0.8868407607078552,
                    0.04316519945859909,
                    -0.4600546360015869,
                    -1.8545396327972412
                ],
                [
                    0.0,
                    0.9956271648406982,
                    0.09341595321893692,
                    0.37657177448272705
                ],
                [
                    0.0,
                    0.0,
                    0.0,
                    1.0
                ]
            ]
        },
        {
            "file_path": "/data/shapenet_blender/all_50_random/02958343/768ea3241699f663f1cb19f636b1c2bd/r_7",
            "rotation": 0.12566370614359174,
            "transform_matrix": [
                [
                    -0.6848090291023254,
                    -0.2007535845041275,
                    0.7005245089530945,
                    2.823904514312744
                ],
                [
                    0.7287225723266602,
                    -0.18865597248077393,
                    0.6583102345466614,
                    2.653733491897583
                ],
                [
                    0.0,
                    0.9613047242164612,
                    0.2754870057106018,
                    1.1105235815048218
                ],
                [
                    0.0,
                    0.0,
                    0.0,
                    1.0
                ]
            ]
        },
        {
            "file_path": "/data/shapenet_blender/all_50_random/02958343/768ea3241699f663f1cb19f636b1c2bd/r_8",
            "rotation": 0.12566370614359174,
            "transform_matrix": [
                [
                    0.12883248925209045,
                    -0.31224825978279114,
                    -0.9412243962287903,
                    -3.794196367263794
                ],
                [
                    -0.9916664361953735,
                    -0.04056577384471893,
                    -0.12227930128574371,
                    -0.4929235577583313
                ],
                [
                    3.725290298461914e-09,
                    0.9491340517997742,
                    -0.3148723244667053,
                    -1.269290804862976
                ],
                [
                    0.0,
                    0.0,
                    0.0,
                    1.0
                ]
            ]
        },
        {
            "file_path": "/data/shapenet_blender/all_50_random/02958343/768ea3241699f663f1cb19f636b1c2bd/r_9",
            "rotation": 0.12566370614359174,
            "transform_matrix": [
                [
                    -0.855762779712677,
                    -0.08238133043050766,
                    -0.5107673406600952,
                    -2.058969020843506
                ],
                [
                    -0.5173683166503906,
                    0.1362643986940384,
                    0.844844400882721,
                    3.4056766033172607
                ],
                [
                    0.0,
                    0.987241268157959,
                    -0.159231498837471,
                    -0.6418827176094055
                ],
                [
                    0.0,
                    0.0,
                    0.0,
                    1.0
                ]
            ]
        },
        {
            "file_path": "/data/shapenet_blender/all_50_random/02958343/768ea3241699f663f1cb19f636b1c2bd/r_10",
            "rotation": 0.12566370614359174,
            "transform_matrix": [
                [
                    -0.762988269329071,
                    -0.48498445749282837,
                    0.42736294865608215,
                    1.7227551937103271
                ],
                [
                    0.6464123725891113,
                    -0.5724478960037231,
                    0.5044347643852234,
                    2.0334415435791016
                ],
                [
                    0.0,
                    0.6611305475234985,
                    0.7502708435058594,
                    3.0244386196136475
                ],
                [
                    0.0,
                    0.0,
                    0.0,
                    1.0
                ]
            ]
        },
        {
            "file_path": "/data/shapenet_blender/all_50_random/02958343/768ea3241699f663f1cb19f636b1c2bd/r_11",
            "rotation": 0.12566370614359174,
            "transform_matrix": [
                [
                    0.6482014656066895,
                    0.3547949492931366,
                    -0.6737621426582336,
                    -2.71602201461792
                ],
                [
                    -0.7614690065383911,
                    0.3020196855068207,
                    -0.5735409259796143,
                    -2.3120174407958984
                ],
                [
                    1.4901162970204496e-08,
                    0.884818971157074,
                    0.4659349024295807,
                    1.8782436847686768
                ],
                [
                    0.0,
                    0.0,
                    0.0,
                    1.0
                ]
            ]
        },
        {
            "file_path": "/data/shapenet_blender/all_50_random/02958343/768ea3241699f663f1cb19f636b1c2bd/r_12",
            "rotation": 0.12566370614359174,
            "transform_matrix": [
                [
                    -0.25067734718322754,
                    -0.032349370419979095,
                    0.9675300121307373,
                    3.900238275527954
                ],
                [
                    0.9680707454681396,
                    -0.008376716636121273,
                    0.25053730607032776,
                    1.0099481344223022
                ],
                [
                    9.313225746154785e-10,
                    0.9994415044784546,
                    0.03341633081436157,
                    0.1347055435180664
                ],
                [
                    0.0,
                    0.0,
                    0.0,
                    1.0
                ]
            ]
        },
        {
            "file_path": "/data/shapenet_blender/all_50_random/02958343/768ea3241699f663f1cb19f636b1c2bd/r_13",
            "rotation": 0.12566370614359174,
            "transform_matrix": [
                [
                    -0.5310516953468323,
                    0.3202683627605438,
                    -0.7844820618629456,
                    -3.162348508834839
                ],
                [
                    -0.8473393321037292,
                    -0.20072130858898163,
                    0.4916572570800781,
                    1.9819339513778687
                ],
                [
                    0.0,
                    0.9258180260658264,
                    0.3779693841934204,
                    1.5236434936523438
                ],
                [
                    0.0,
                    0.0,
                    0.0,
                    1.0
                ]
            ]
        },
        {
            "file_path": "/data/shapenet_blender/all_50_random/02958343/768ea3241699f663f1cb19f636b1c2bd/r_14",
            "rotation": 0.12566370614359174,
            "transform_matrix": [
                [
                    -0.14786702394485474,
                    -0.8341256380081177,
                    -0.5313846468925476,
                    -2.142080307006836
                ],
                [
                    -0.989007294178009,
                    0.1247105821967125,
                    0.07944761216640472,
                    0.3202635943889618
                ],
                [
                    0.0,
                    0.5372909903526306,
                    -0.8433968424797058,
                    -3.399841547012329
                ],
                [
                    0.0,
                    0.0,
                    0.0,
                    1.0
                ]
            ]
        },
        {
            "file_path": "/data/shapenet_blender/all_50_random/02958343/768ea3241699f663f1cb19f636b1c2bd/r_15",
            "rotation": 0.12566370614359174,
            "transform_matrix": [
                [
                    0.39294612407684326,
                    0.01442008838057518,
                    -0.9194484353065491,
                    -3.7064151763916016
                ],
                [
                    -0.9195616245269775,
                    0.00616197707131505,
                    -0.39289775490760803,
                    -1.5838215351104736
                ],
                [
                    0.0,
                    0.9998769760131836,
                    0.01568148285150528,
                    0.06321407854557037
                ],
                [
                    0.0,
                    0.0,
                    0.0,
                    1.0
                ]
            ]
        },
        {
            "file_path": "/data/shapenet_blender/all_50_random/02958343/768ea3241699f663f1cb19f636b1c2bd/r_16",
            "rotation": 0.12566370614359174,
            "transform_matrix": [
                [
                    0.5231666564941406,
                    -0.5241687893867493,
                    0.6719700694084167,
                    2.7087979316711426
                ],
                [
                    0.8522303700447083,
                    0.3217763900756836,
                    -0.4125085771083832,
                    -1.6628752946853638
                ],
                [
                    1.4901160305669237e-08,
                    0.7884840965270996,
                    0.6150552034378052,
                    2.4793667793273926
                ],
                [
                    0.0,
                    0.0,
                    0.0,
                    1.0
                ]
            ]
        },
        {
            "file_path": "/data/shapenet_blender/all_50_random/02958343/768ea3241699f663f1cb19f636b1c2bd/r_17",
            "rotation": 0.12566370614359174,
            "transform_matrix": [
                [
                    -0.8211943507194519,
                    0.07924669981002808,
                    -0.565119206905365,
                    -2.2780683040618896
                ],
                [
                    -0.5706484913825989,
                    -0.1140403226017952,
                    0.8132373690605164,
                    3.2782645225524902
                ],
                [
                    0.0,
                    0.9903103113174438,
                    0.13887129724025726,
                    0.559808075428009
                ],
                [
                    0.0,
                    0.0,
                    0.0,
                    1.0
                ]
            ]
        },
        {
            "file_path": "/data/shapenet_blender/all_50_random/02958343/768ea3241699f663f1cb19f636b1c2bd/r_18",
            "rotation": 0.12566370614359174,
            "transform_matrix": [
                [
                    0.6547888517379761,
                    -0.10459070652723312,
                    0.7485401630401611,
                    3.0174620151519775
                ],
                [
                    0.7558119297027588,
                    0.09061094373464584,
                    -0.6484890580177307,
                    -2.614142894744873
                ],
                [
                    0.0,
                    0.9903789162635803,
                    0.1383819431066513,
                    0.5578354597091675
                ],
                [
                    0.0,
                    0.0,
                    0.0,
                    1.0
                ]
            ]
        },
        {
            "file_path": "/data/shapenet_blender/all_50_random/02958343/768ea3241699f663f1cb19f636b1c2bd/r_19",
            "rotation": 0.12566370614359174,
            "transform_matrix": [
                [
                    0.8279811143875122,
                    0.13664042949676514,
                    0.5438534617424011,
                    2.1923434734344482
                ],
                [
                    0.5607558488845825,
                    -0.20175568759441376,
                    -0.8030239343643188,
                    -3.237092971801758
                ],
                [
                    -7.450580152834618e-09,
                    0.9698575735092163,
                    -0.24367186427116394,
                    -0.9822726845741272
                ],
                [
                    0.0,
                    0.0,
                    0.0,
                    1.0
                ]
            ]
        },
        {
            "file_path": "/data/shapenet_blender/all_50_random/02958343/768ea3241699f663f1cb19f636b1c2bd/r_20",
            "rotation": 0.12566370614359174,
            "transform_matrix": [
                [
                    -0.9863805174827576,
                    0.03348541259765625,
                    -0.1610352247953415,
                    -0.6491538286209106
                ],
                [
                    -0.16447986662387848,
                    -0.20081095397472382,
                    0.9657231569290161,
                    3.8929548263549805
                ],
                [
                    0.0,
                    0.9790575504302979,
                    0.20358365774154663,
                    0.8206720352172852
                ],
                [
                    0.0,
                    0.0,
                    0.0,
                    1.0
                ]
            ]
        },
        {
            "file_path": "/data/shapenet_blender/all_50_random/02958343/768ea3241699f663f1cb19f636b1c2bd/r_21",
            "rotation": 0.12566370614359174,
            "transform_matrix": [
                [
                    -0.8148256540298462,
                    0.2852078080177307,
                    0.5046936869621277,
                    2.0344855785369873
                ],
                [
                    0.5797061920166016,
                    0.40088343620300293,
                    0.7093892693519592,
                    2.859639883041382
                ],
                [
                    1.4901161193847656e-08,
                    0.8706027269363403,
                    -0.4919867515563965,
                    -1.9832621812820435
                ],
                [
                    0.0,
                    0.0,
                    0.0,
                    1.0
                ]
            ]
        },
        {
            "file_path": "/data/shapenet_blender/all_50_random/02958343/768ea3241699f663f1cb19f636b1c2bd/r_22",
            "rotation": 0.12566370614359174,
            "transform_matrix": [
                [
                    -0.5082319378852844,
                    0.5352070331573486,
                    0.6747248768806458,
                    2.7199032306671143
                ],
                [
                    0.8612203598022461,
                    0.3158417046070099,
                    0.39817532896995544,
                    1.6050963401794434
                ],
                [
                    0.0,
                    0.7834522724151611,
                    -0.6214519143104553,
                    -2.505152940750122
                ],
                [
                    0.0,
                    0.0,
                    0.0,
                    1.0
                ]
            ]
        },
        {
            "file_path": "/data/shapenet_blender/all_50_random/02958343/768ea3241699f663f1cb19f636b1c2bd/r_23",
            "rotation": 0.12566370614359174,
            "transform_matrix": [
                [
                    0.5761408805847168,
                    0.5363598465919495,
                    0.6167493462562561,
                    2.4861960411071777
                ],
                [
                    0.8173503279685974,
                    -0.37807390093803406,
                    -0.4347395598888397,
                    -1.7524912357330322
                ],
                [
                    -1.4901160305669237e-08,
                    0.7545716166496277,
                    -0.6562177538871765,
                    -2.645298480987549
                ],
                [
                    0.0,
                    0.0,
                    0.0,
                    1.0
                ]
            ]
        },
        {
            "file_path": "/data/shapenet_blender/all_50_random/02958343/768ea3241699f663f1cb19f636b1c2bd/r_24",
            "rotation": 0.12566370614359174,
            "transform_matrix": [
                [
                    0.7575364112854004,
                    -0.35569965839385986,
                    -0.5473722219467163,
                    -2.2065281867980957
                ],
                [
                    -0.6527929902076721,
                    -0.4127731919288635,
                    -0.6352004408836365,
                    -2.560575008392334
                ],
                [
                    0.0,
                    0.8385082483291626,
                    -0.5448888540267944,
                    -2.1965174674987793
                ],
                [
                    0.0,
                    0.0,
                    0.0,
                    1.0
                ]
            ]
        },
        {
            "file_path": "/data/shapenet_blender/all_50_random/02958343/768ea3241699f663f1cb19f636b1c2bd/r_25",
            "rotation": 0.12566370614359174,
            "transform_matrix": [
                [
                    -0.8903146982192993,
                    0.3733820915222168,
                    -0.2606251835823059,
                    -1.0506138801574707
                ],
                [
                    -0.45534566044807434,
                    -0.7300553917884827,
                    0.5095874071121216,
                    2.054212808609009
                ],
                [
                    0.0,
                    0.5723677277565002,
                    0.8199969530105591,
                    3.305513620376587
                ],
                [
                    0.0,
                    0.0,
                    0.0,
                    1.0
                ]
            ]
        },
        {
            "file_path": "/data/shapenet_blender/all_50_random/02958343/768ea3241699f663f1cb19f636b1c2bd/r_26",
            "rotation": 0.12566370614359174,
            "transform_matrix": [
                [
                    0.568739116191864,
                    -0.20482546091079712,
                    0.7966067790985107,
                    3.2112245559692383
                ],
                [
                    0.822517991065979,
                    0.14162880182266235,
                    -0.5508224964141846,
                    -2.2204365730285645
                ],
                [
                    7.450580596923828e-09,
                    0.968497633934021,
                    0.2490224838256836,
                    1.003841757774353
                ],
                [
                    0.0,
                    0.0,
                    0.0,
                    1.0
                ]
            ]
        },
        {
            "file_path": "/data/shapenet_blender/all_50_random/02958343/768ea3241699f663f1cb19f636b1c2bd/r_27",
            "rotation": 0.12566370614359174,
            "transform_matrix": [
                [
                    0.6773592233657837,
                    -0.09457855671644211,
                    0.7295473217964172,
                    2.940899610519409
                ],
                [
                    0.7356524467468262,
                    0.08708413690328598,
                    -0.6717378497123718,
                    -2.707862138748169
                ],
                [
                    0.0,
                    0.9917011857032776,
                    0.12856416404247284,
                    0.518258810043335
                ],
                [
                    0.0,
                    0.0,
                    0.0,
                    1.0
                ]
            ]
        },
        {
            "file_path": "/data/shapenet_blender/all_50_random/02958343/768ea3241699f663f1cb19f636b1c2bd/r_28",
            "rotation": 0.12566370614359174,
            "transform_matrix": [
                [
                    0.32860544323921204,
                    0.041319966316223145,
                    0.943562924861908,
                    3.803624153137207
                ],
                [
                    0.9444673657417297,
                    -0.014376322738826275,
                    -0.32829079031944275,
                    -1.3233826160430908
                ],
                [
                    0.0,
                    0.9990425109863281,
                    -0.04374949261546135,
                    -0.1763598620891571
                ],
                [
                    0.0,
                    0.0,
                    0.0,
                    1.0
                ]
            ]
        },
        {
            "file_path": "/data/shapenet_blender/all_50_random/02958343/768ea3241699f663f1cb19f636b1c2bd/r_29",
            "rotation": 0.12566370614359174,
            "transform_matrix": [
                [
                    -0.9060649275779724,
                    -0.0589909702539444,
                    0.41900643706321716,
                    1.6890690326690674
                ],
                [
                    0.42313864827156067,
                    -0.126317098736763,
                    0.8972166180610657,
                    3.616795778274536
                ],
                [
                    -3.725290298461914e-09,
                    0.9902343153953552,
                    0.13941286504268646,
                    0.5619912147521973
                ],
                [
                    0.0,
                    0.0,
                    0.0,
                    1.0
                ]
            ]
        },
        {
            "file_path": "/data/shapenet_blender/all_50_random/02958343/768ea3241699f663f1cb19f636b1c2bd/r_30",
            "rotation": 0.12566370614359174,
            "transform_matrix": [
                [
                    -0.3519004285335541,
                    -0.15353216230869293,
                    0.9233601093292236,
                    3.7221837043762207
                ],
                [
                    0.9360374808311462,
                    -0.05771994590759277,
                    0.34713444113731384,
                    1.399343729019165
                ],
                [
                    -7.450581485102248e-09,
                    0.9864563941955566,
                    0.1640235185623169,
                    0.6611999273300171
                ],
                [
                    0.0,
                    0.0,
                    0.0,
                    1.0
                ]
            ]
        },
        {
            "file_path": "/data/shapenet_blender/all_50_random/02958343/768ea3241699f663f1cb19f636b1c2bd/r_31",
            "rotation": 0.12566370614359174,
            "transform_matrix": [
                [
                    -0.025514312088489532,
                    -0.0020594773814082146,
                    0.9996722936630249,
                    4.029808044433594
                ],
                [
                    0.9996744394302368,
                    -5.256326403468847e-05,
                    0.025514258071780205,
                    0.1028512716293335
                ],
                [
                    0.0,
                    0.9999979138374329,
                    0.0020601479336619377,
                    0.008304722607135773
                ],
                [
                    0.0,
                    0.0,
                    0.0,
                    1.0
                ]
            ]
        },
        {
            "file_path": "/data/shapenet_blender/all_50_random/02958343/768ea3241699f663f1cb19f636b1c2bd/r_32",
            "rotation": 0.12566370614359174,
            "transform_matrix": [
                [
                    0.8594264984130859,
                    0.052991271018981934,
                    0.5085060596466064,
                    2.049853563308716
                ],
                [
                    0.5112597942352295,
                    -0.08907819539308548,
                    -0.85479736328125,
                    -3.445798397064209
                ],
                [
                    3.725291186640334e-09,
                    0.9946140050888062,
                    -0.10364843904972076,
                    -0.4178202152252197
                ],
                [
                    0.0,
                    0.0,
                    0.0,
                    1.0
                ]
            ]
        },
        {
            "file_path": "/data/shapenet_blender/all_50_random/02958343/768ea3241699f663f1cb19f636b1c2bd/r_33",
            "rotation": 0.12566370614359174,
            "transform_matrix": [
                [
                    -0.06684515625238419,
                    -0.7236802577972412,
                    0.6868903636932373,
                    2.7689437866210938
                ],
                [
                    0.9977633953094482,
                    -0.04848295822739601,
                    0.046018216758966446,
                    0.18550537526607513
                ],
                [
                    0.0,
                    0.6884300708770752,
                    0.725302517414093,
                    2.92378830909729
                ],
                [
                    0.0,
                    0.0,
                    0.0,
                    1.0
                ]
            ]
        },
        {
            "file_path": "/data/shapenet_blender/all_50_random/02958343/768ea3241699f663f1cb19f636b1c2bd/r_34",
            "rotation": 0.12566370614359174,
            "transform_matrix": [
                [
                    0.8077635169029236,
                    0.0034105393569916487,
                    0.5894966721534729,
                    2.3763370513916016
                ],
                [
                    0.5895064473152161,
                    -0.0046732472255826,
                    -0.8077501058578491,
                    -3.2561447620391846
                ],
                [
                    0.0,
                    0.9999833106994629,
                    -0.0057854135520756245,
                    -0.02332174777984619
                ],
                [
                    0.0,
                    0.0,
                    0.0,
                    1.0
                ]
            ]
        },
        {
            "file_path": "/data/shapenet_blender/all_50_random/02958343/768ea3241699f663f1cb19f636b1c2bd/r_35",
            "rotation": 0.12566370614359174,
            "transform_matrix": [
                [
                    0.24733439087867737,
                    0.12123537808656693,
                    -0.9613156318664551,
                    -3.8751871585845947
                ],
                [
                    -0.9689302444458008,
                    0.03094719909131527,
                    -0.2453906387090683,
                    -0.9892013072967529
                ],
                [
                    0.0,
                    0.9921411871910095,
                    0.12512291967868805,
                    0.5043866038322449
                ],
                [
                    0.0,
                    0.0,
                    0.0,
                    1.0
                ]
            ]
        },
        {
            "file_path": "/data/shapenet_blender/all_50_random/02958343/768ea3241699f663f1cb19f636b1c2bd/r_36",
            "rotation": 0.12566370614359174,
            "transform_matrix": [
                [
                    0.24894054234027863,
                    0.5901316404342651,
                    -0.7679669857025146,
                    -3.095773935317993
                ],
                [
                    -0.9685187339782715,
                    0.15168285369873047,
                    -0.1973922699689865,
                    -0.7957136631011963
                ],
                [
                    0.0,
                    0.7929294109344482,
                    0.6093135476112366,
                    2.456221580505371
                ],
                [
                    0.0,
                    0.0,
                    0.0,
                    1.0
                ]
            ]
        },
        {
            "file_path": "/data/shapenet_blender/all_50_random/02958343/768ea3241699f663f1cb19f636b1c2bd/r_37",
            "rotation": 0.12566370614359174,
            "transform_matrix": [
                [
                    0.9795287251472473,
                    -0.002575003309175372,
                    0.20128828287124634,
                    0.8114190101623535
                ],
                [
                    0.20130476355552673,
                    0.012529706582427025,
                    -0.9794484972953796,
                    -3.9482831954956055
                ],
                [
                    2.3283064365386963e-10,
                    0.9999182224273682,
                    0.012791566550731659,
                    0.05156445503234863
                ],
                [
                    0.0,
                    0.0,
                    0.0,
                    1.0
                ]
            ]
        },
        {
            "file_path": "/data/shapenet_blender/all_50_random/02958343/768ea3241699f663f1cb19f636b1c2bd/r_38",
            "rotation": 0.12566370614359174,
            "transform_matrix": [
                [
                    -0.8332917094230652,
                    0.012056090869009495,
                    0.5527022480964661,
                    2.2280139923095703
                ],
                [
                    0.5528337359428406,
                    0.018172262236475945,
                    0.8330934643745422,
                    3.358307123184204
                ],
                [
                    0.0,
                    0.9997620582580566,
                    -0.021807808429002762,
                    -0.08791008591651917
                ],
                [
                    0.0,
                    0.0,
                    0.0,
                    1.0
                ]
            ]
        },
        {
            "file_path": "/data/shapenet_blender/all_50_random/02958343/768ea3241699f663f1cb19f636b1c2bd/r_39",
            "rotation": 0.12566370614359174,
            "transform_matrix": [
                [
                    0.5321294665336609,
                    0.5014783143997192,
                    -0.6821712851524353,
                    -2.74992036819458
                ],
                [
                    -0.8466629385948181,
                    0.3151801824569702,
                    -0.42874613404273987,
                    -1.7283309698104858
                ],
                [
                    -1.4901161193847656e-08,
                    0.8057175874710083,
                    0.5922998189926147,
                    2.38763689994812
                ],
                [
                    0.0,
                    0.0,
                    0.0,
                    1.0
                ]
            ]
        },
        {
            "file_path": "/data/shapenet_blender/all_50_random/02958343/768ea3241699f663f1cb19f636b1c2bd/r_40",
            "rotation": 0.12566370614359174,
            "transform_matrix": [
                [
                    -0.9710879325866699,
                    -0.12759023904800415,
                    -0.20176449418067932,
                    -0.8133387565612793
                ],
                [
                    -0.23872198164463043,
                    0.519019365310669,
                    0.8207499980926514,
                    3.308549404144287
                ],
                [
                    -7.450580152834618e-09,
                    0.8451861143112183,
                    -0.5344719886779785,
                    -2.1545257568359375
                ],
                [
                    0.0,
                    0.0,
                    0.0,
                    1.0
                ]
            ]
        },
        {
            "file_path": "/data/shapenet_blender/all_50_random/02958343/768ea3241699f663f1cb19f636b1c2bd/r_41",
            "rotation": 0.12566370614359174,
            "transform_matrix": [
                [
                    -0.8730016350746155,
                    -0.18961738049983978,
                    0.44934770464897156,
                    1.8113784790039062
                ],
                [
                    0.48771724104881287,
                    -0.3394103944301605,
                    0.8043211102485657,
                    3.2423222064971924
                ],
                [
                    1.4901161193847656e-08,
