{
    "class": "02958343",
    "model": "f5a54f0cf2b575fa9fe1734a6086750",
    "remove_doubles": true,
    "edge_split": true,
    "denoise": true,
    "camera_angle_x": 0.6911112070083618,
    "scale_factor": 2.2626583904542588,
    "hdri_file": "/data/IndoorHDRDataset2018/9C4A8168-4420c7e060.exr",
    "center_offset": [
        0.0,
        -2.3283064365386963e-10,
        0.0
    ],
    "lights": [],
    "frames": [
        {
            "file_path": "/data/shapenet_blender/all_50_random/02958343/f5a54f0cf2b575fa9fe1734a6086750/r_0",
            "rotation": 0.12566370614359174,
            "transform_matrix": [
                [
                    0.6972388029098511,
                    -0.024472160264849663,
                    -0.7164211273193359,
                    -2.887985944747925
                ],
                [
                    -0.7168390154838562,
                    -0.02380303107202053,
                    -0.6968323588371277,
                    -2.80902099609375
                ],
                [
                    0.0,
                    0.9994170069694519,
                    -0.0341390036046505,
                    -0.13761872053146362
                ],
                [
                    0.0,
                    0.0,
                    0.0,
                    1.0
                ]
            ]
        },
        {
            "file_path": "/data/shapenet_blender/all_50_random/02958343/f5a54f0cf2b575fa9fe1734a6086750/r_1",
            "rotation": 0.12566370614359174,
            "transform_matrix": [
                [
                    -0.9986073970794678,
                    -0.028987957164645195,
                    -0.044078219681978226,
                    -0.1776849925518036
                ],
                [
                    -0.05275595560669899,
                    0.5487074851989746,
                    0.834348201751709,
                    3.3633651733398438
                ],
                [
                    -1.8626449271863521e-09,
                    0.8355118036270142,
                    -0.5494726300239563,
                    -2.2149949073791504
                ],
                [
                    0.0,
                    0.0,
                    0.0,
                    1.0
                ]
            ]
        },
        {
            "file_path": "/data/shapenet_blender/all_50_random/02958343/f5a54f0cf2b575fa9fe1734a6086750/r_2",
            "rotation": 0.12566370614359174,
            "transform_matrix": [
                [
                    0.19601568579673767,
                    0.6491947174072266,
                    0.7349311709403992,
                    2.9626026153564453
                ],
                [
                    0.9806007742881775,
                    -0.12976978719234467,
                    -0.14690792560577393,
                    -0.5922048687934875
                ],
                [
                    1.4901162970204496e-08,
                    0.7494704127311707,
                    -0.66203773021698,
                    -2.66875958442688
                ],
                [
                    0.0,
                    0.0,
                    0.0,
                    1.0
                ]
            ]
        },
        {
            "file_path": "/data/shapenet_blender/all_50_random/02958343/f5a54f0cf2b575fa9fe1734a6086750/r_3",
            "rotation": 0.12566370614359174,
            "transform_matrix": [
                [
                    0.9337442517280579,
                    0.07545360922813416,
                    -0.34989771246910095,
                    -1.4104827642440796
                ],
                [
                    -0.3579408526420593,
                    0.19683246314525604,
                    -0.912762463092804,
                    -3.6794631481170654
                ],
                [
                    7.450580596923828e-09,
                    0.9775293469429016,
                    0.21079912781715393,
                    0.8497584462165833
                ],
                [
                    0.0,
                    0.0,
                    0.0,
                    1.0
                ]
            ]
        },
        {
            "file_path": "/data/shapenet_blender/all_50_random/02958343/f5a54f0cf2b575fa9fe1734a6086750/r_4",
            "rotation": 0.12566370614359174,
            "transform_matrix": [
                [
                    -0.17948563396930695,
                    -0.6361823678016663,
                    0.750370979309082,
                    3.0248422622680664
                ],
                [
                    0.9837605357170105,
                    -0.11607053130865097,
                    0.13690407574176788,
                    0.5518779754638672
                ],
                [
                    0.0,
                    0.7627577185630798,
                    0.6466842293739319,
                    2.606867551803589
                ],
                [
                    0.0,
                    0.0,
                    0.0,
                    1.0
                ]
            ]
        },
        {
            "file_path": "/data/shapenet_blender/all_50_random/02958343/f5a54f0cf2b575fa9fe1734a6086750/r_5",
            "rotation": 0.12566370614359174,
            "transform_matrix": [
                [
                    0.3070797622203827,
                    -0.0328463613986969,
                    0.9511167407035828,
                    3.8340742588043213
                ],
                [
                    0.951683759689331,
                    0.010598535649478436,
                    -0.306896835565567,
                    -1.2371407747268677
                ],
                [
                    0.0,
                    0.9994040727615356,
                    0.03451395034790039,
                    0.13913019001483917
                ],
                [
                    0.0,
                    0.0,
                    0.0,
                    1.0
                ]
            ]
        },
        {
            "file_path": "/data/shapenet_blender/all_50_random/02958343/f5a54f0cf2b575fa9fe1734a6086750/r_6",
            "rotation": 0.12566370614359174,
            "transform_matrix": [
                [
                    -0.745573103427887,
                    -0.13709336519241333,
                    0.6521704196929932,
                    2.6289830207824707
                ],
                [
                    0.6664239168167114,
                    -0.1533755213022232,
                    0.7296267151832581,
                    2.9412193298339844
                ],
                [
                    0.0,
                    0.978611946105957,
                    0.20571494102478027,
                    0.82926344871521
                ],
                [
                    0.0,
                    0.0,
                    0.0,
                    1.0
                ]
            ]
        },
        {
            "file_path": "/data/shapenet_blender/all_50_random/02958343/f5a54f0cf2b575fa9fe1734a6086750/r_7",
            "rotation": 0.12566370614359174,
            "transform_matrix": [
                [
                    -0.47930774092674255,
                    0.0543818473815918,
                    0.8759604692459106,
                    3.53110933303833
                ],
                [
                    0.8776469230651855,
                    0.029699459671974182,
                    0.4783867299556732,
                    1.928438425064087
                ],
                [
                    1.8626450382086546e-09,
                    0.9980784058570862,
                    -0.06196324899792671,
                    -0.24978183209896088
                ],
                [
                    0.0,
                    0.0,
                    0.0,
                    1.0
                ]
            ]
        },
        {
            "file_path": "/data/shapenet_blender/all_50_random/02958343/f5a54f0cf2b575fa9fe1734a6086750/r_8",
            "rotation": 0.12566370614359174,
            "transform_matrix": [
                [
                    -0.28013041615486145,
                    0.01899154670536518,
                    -0.9597739577293396,
                    -3.8689727783203125
                ],
                [
                    -0.9599619507789612,
                    -0.005542001221328974,
                    0.2800755500793457,
                    1.1290208101272583
                ],
                [
                    0.0,
                    0.9998042583465576,
                    0.01978364586830139,
                    0.0797504335641861
                ],
                [
                    0.0,
                    0.0,
                    0.0,
                    1.0
                ]
            ]
        },
        {
            "file_path": "/data/shapenet_blender/all_50_random/02958343/f5a54f0cf2b575fa9fe1734a6086750/r_9",
            "rotation": 0.12566370614359174,
            "transform_matrix": [
                [
                    -0.6847502589225769,
                    0.1678895205259323,
                    0.7091757655143738,
                    2.858778953552246
                ],
                [
                    0.7287778258323669,
                    0.157746821641922,
                    0.6663323640823364,
                    2.6860716342926025
                ],
                [
                    0.0,
                    0.9731028079986572,
                    -0.23037131130695343,
                    -0.9286564588546753
                ],
                [
                    0.0,
                    0.0,
                    0.0,
                    1.0
                ]
            ]
        },
        {
            "file_path": "/data/shapenet_blender/all_50_random/02958343/f5a54f0cf2b575fa9fe1734a6086750/r_10",
            "rotation": 0.12566370614359174,
            "transform_matrix": [
                [
                    0.6904318332672119,
                    -0.07532981783151627,
                    -0.7194646596908569,
                    -2.900254726409912
                ],
                [
                    -0.7233974933624268,
                    -0.0718969851732254,
                    -0.6866781711578369,
                    -2.7680881023406982
                ],
                [
                    3.7252898543727042e-09,
                    0.9945633411407471,
                    -0.10413336753845215,
                    -0.41977500915527344
                ],
                [
                    0.0,
                    0.0,
                    0.0,
                    1.0
                ]
            ]
        },
        {
            "file_path": "/data/shapenet_blender/all_50_random/02958343/f5a54f0cf2b575fa9fe1734a6086750/r_11",
            "rotation": 0.12566370614359174,
            "transform_matrix": [
                [
                    0.9572247862815857,
                    0.2158222496509552,
                    -0.19272086024284363,
                    -0.7768826484680176
                ],
                [
                    -0.28934505581855774,
                    0.7139931917190552,
                    -0.6375681161880493,
                    -2.5701193809509277
                ],
                [
                    -1.4901160305669237e-08,
                    0.6660588979721069,
                    0.7458991408348083,
                    3.0068156719207764
                ],
                [
                    0.0,
                    0.0,
                    0.0,
                    1.0
                ]
            ]
        },
        {
            "file_path": "/data/shapenet_blender/all_50_random/02958343/f5a54f0cf2b575fa9fe1734a6086750/r_12",
            "rotation": 0.12566370614359174,
            "transform_matrix": [
                [
                    0.7159816026687622,
                    -0.08562607318162918,
                    -0.6928480863571167,
                    -2.7929601669311523
                ],
                [
                    -0.6981191635131836,
                    -0.08781693875789642,
                    -0.7105756402015686,
                    -2.86442232131958
                ],
                [
                    3.725290298461914e-09,
                    0.9924496412277222,
                    -0.12265250831842422,
                    -0.4944280982017517
                ],
                [
                    0.0,
                    0.0,
                    0.0,
                    1.0
                ]
            ]
        },
        {
            "file_path": "/data/shapenet_blender/all_50_random/02958343/f5a54f0cf2b575fa9fe1734a6086750/r_13",
            "rotation": 0.12566370614359174,
            "transform_matrix": [
                [
                    0.8780584931373596,
                    -0.09567271173000336,
                    -0.46889227628707886,
                    -1.8901652097702026
                ],
                [
                    -0.47855326533317566,
                    -0.17554208636283875,
                    -0.8603323101997375,
                    -3.4681105613708496
                ],
                [
                    0.0,
                    0.9798120260238647,
                    -0.19992071390151978,
                    -0.8059061765670776
                ],
                [
                    0.0,
                    0.0,
                    0.0,
                    1.0
                ]
            ]
        },
        {
            "file_path": "/data/shapenet_blender/all_50_random/02958343/f5a54f0cf2b575fa9fe1734a6086750/r_14",
            "rotation": 0.12566370614359174,
            "transform_matrix": [
                [
                    -0.5727834701538086,
                    0.3206062912940979,
                    -0.7544074654579163,
                    -3.04111385345459
                ],
                [
                    -0.8197067379951477,
                    -0.22402890026569366,
                    0.5271545648574829,
                    2.125028133392334
                ],
                [
                    0.0,
                    0.9203383326530457,
                    0.3911231458187103,
                    1.5766677856445312
                ],
                [
                    0.0,
                    0.0,
                    0.0,
                    1.0
                ]
            ]
        },
        {
            "file_path": "/data/shapenet_blender/all_50_random/02958343/f5a54f0cf2b575fa9fe1734a6086750/r_15",
            "rotation": 0.12566370614359174,
            "transform_matrix": [
                [
                    0.7603467702865601,
                    -0.004845787771046162,
                    -0.6494993567466736,
                    -2.618215560913086
                ],
                [
                    -0.6495174765586853,
                    -0.005672640632838011,
                    -0.76032555103302,
                    -3.0649702548980713
                ],
                [
                    0.0,
                    0.9999722242355347,
                    -0.00746059650555253,
                    -0.030074626207351685
                ],
                [
                    0.0,
                    0.0,
                    0.0,
                    1.0
                ]
            ]
        },
        {
            "file_path": "/data/shapenet_blender/all_50_random/02958343/f5a54f0cf2b575fa9fe1734a6086750/r_16",
            "rotation": 0.12566370614359174,
            "transform_matrix": [
                [
                    -0.6514264941215515,
                    0.6620772480964661,
                    0.3705364167690277,
                    1.4936801195144653
                ],
                [
                    0.7587118148803711,
                    0.5684565305709839,
                    0.3181408941745758,
                    1.282467007637024
                ],
                [
                    0.0,
                    0.4883756637573242,
                    -0.8726333975791931,
                    -3.517697811126709
                ],
                [
                    0.0,
                    0.0,
                    0.0,
                    1.0
                ]
            ]
        },
        {
            "file_path": "/data/shapenet_blender/all_50_random/02958343/f5a54f0cf2b575fa9fe1734a6086750/r_17",
            "rotation": 0.12566370614359174,
            "transform_matrix": [
                [
                    0.8559098839759827,
                    -0.34023720026016235,
                    -0.3894316852092743,
                    -1.5698493719100952
                ],
                [
                    -0.5171251893043518,
                    -0.5631370544433594,
                    -0.6445603966712952,
                    -2.598306179046631
                ],
                [
                    1.4901162970204496e-08,
                    0.7530704736709595,
                    -0.6579397916793823,
                    -2.652240037918091
                ],
                [
                    0.0,
                    0.0,
                    0.0,
                    1.0
                ]
            ]
        },
        {
            "file_path": "/data/shapenet_blender/all_50_random/02958343/f5a54f0cf2b575fa9fe1734a6086750/r_18",
            "rotation": 0.12566370614359174,
            "transform_matrix": [
                [
                    -0.3758802115917206,
                    0.43519511818885803,
                    -0.8181193470954895,
                    -3.2979445457458496
                ],
                [
                    -0.9266682267189026,
                    -0.17652621865272522,
                    0.3318500220775604,
                    1.3377301692962646
                ],
                [
                    -1.4901160305669237e-08,
                    0.8828610777854919,
                    0.4696342349052429,
                    1.8931561708450317
                ],
                [
                    0.0,
                    0.0,
                    0.0,
                    1.0
                ]
            ]
        },
        {
            "file_path": "/data/shapenet_blender/all_50_random/02958343/f5a54f0cf2b575fa9fe1734a6086750/r_19",
            "rotation": 0.12566370614359174,
            "transform_matrix": [
                [
                    -0.7328933477401733,
                    -0.4795961380004883,
                    0.48255038261413574,
                    1.9452228546142578
                ],
                [
                    0.680343508720398,
                    -0.5166401863098145,
                    0.5198226571083069,
                    2.0954720973968506
                ],
                [
                    -1.4901161193847656e-08,
                    0.7092746496200562,
                    0.7049322724342346,
                    2.841672897338867
                ],
                [
                    0.0,
                    0.0,
                    0.0,
                    1.0
                ]
            ]
        },
        {
            "file_path": "/data/shapenet_blender/all_50_random/02958343/f5a54f0cf2b575fa9fe1734a6086750/r_20",
            "rotation": 0.12566370614359174,
            "transform_matrix": [
                [
                    0.20131589472293854,
                    -0.1839076429605484,
                    -0.9621069431304932,
                    -3.8783771991729736
                ],
                [
                    -0.9795263409614563,
                    -0.03779738396406174,
                    -0.19773580133914948,
                    -0.7970985174179077
                ],
                [
                    0.0,
                    0.982216477394104,
                    -0.18775159120559692,
                    -0.7568508982658386
                ],
                [
                    0.0,
                    0.0,
                    0.0,
                    1.0
                ]
            ]
        },
        {
            "file_path": "/data/shapenet_blender/all_50_random/02958343/f5a54f0cf2b575fa9fe1734a6086750/r_21",
            "rotation": 0.12566370614359174,
            "transform_matrix": [
                [
                    0.17411786317825317,
                    -0.9143943786621094,
                    0.3654665946960449,
                    1.473242998123169
                ],
                [
                    0.9847248196601868,
                    0.1616821140050888,
                    -0.06462136656045914,
                    -0.2604970633983612
                ],
                [
                    0.0,
                    0.3711357116699219,
                    0.9285786151885986,
                    3.743220090866089
                ],
                [
                    0.0,
                    0.0,
                    0.0,
                    1.0
                ]
            ]
        },
        {
            "file_path": "/data/shapenet_blender/all_50_random/02958343/f5a54f0cf2b575fa9fe1734a6086750/r_22",
            "rotation": 0.12566370614359174,
            "transform_matrix": [
                [
                    0.8960350155830383,
                    0.17487695813179016,
                    -0.4080922305583954,
                    -1.64507257938385
                ],
                [
                    -0.44398340582847595,
                    0.35293182730674744,
                    -0.8236004710197449,
                    -3.320039987564087
                ],
                [
                    -1.4901161193847656e-08,
                    0.9191610813140869,
                    0.39388173818588257,
                    1.5877882242202759
                ],
                [
                    0.0,
                    0.0,
                    0.0,
                    1.0
                ]
            ]
        },
        {
            "file_path": "/data/shapenet_blender/all_50_random/02958343/f5a54f0cf2b575fa9fe1734a6086750/r_23",
            "rotation": 0.12566370614359174,
            "transform_matrix": [
                [
                    -0.4415619671344757,
                    -0.18253475427627563,
                    0.8784669041633606,
                    3.541213274002075
                ],
                [
                    0.8972308039665222,
                    -0.08983241021633148,
                    0.4323275089263916,
                    1.7427678108215332
                ],
                [
                    7.450580596923828e-09,
                    0.9790869355201721,
                    0.20344237983226776,
                    0.8201024532318115
                ],
                [
                    0.0,
                    0.0,
                    0.0,
                    1.0
                ]
            ]
        },
        {
            "file_path": "/data/shapenet_blender/all_50_random/02958343/f5a54f0cf2b575fa9fe1734a6086750/r_24",
            "rotation": 0.12566370614359174,
            "transform_matrix": [
                [
                    -0.5443357825279236,
                    -0.34141799807548523,
                    0.7662456035614014,
                    3.0888350009918213
                ],
                [
                    0.8388674259185791,
                    -0.22154396772384644,
                    0.49721190333366394,
                    2.0043253898620605
                ],
                [
                    0.0,
                    0.913428783416748,
                    0.40699872374534607,
                    1.6406644582748413
                ],
                [
                    0.0,
                    0.0,
                    0.0,
                    1.0
                ]
            ]
        },
        {
            "file_path": "/data/shapenet_blender/all_50_random/02958343/f5a54f0cf2b575fa9fe1734a6086750/r_25",
            "rotation": 0.12566370614359174,
            "transform_matrix": [
                [
                    0.616719663143158,
                    0.07275467365980148,
                    -0.7838134765625,
                    -3.1596531867980957
                ],
                [
                    -0.7871828675270081,
                    0.05699976906180382,
                    -0.6140799522399902,
                    -2.475435495376587
                ],
                [
                    0.0,
                    0.9957197308540344,
                    0.09242410212755203,
                    0.37257346510887146
                ],
                [
                    0.0,
                    0.0,
                    0.0,
                    1.0
                ]
            ]
        },
        {
            "file_path": "/data/shapenet_blender/all_50_random/02958343/f5a54f0cf2b575fa9fe1734a6086750/r_26",
            "rotation": 0.12566370614359174,
            "transform_matrix": [
                [
                    -0.9973505735397339,
                    0.029688691720366478,
                    -0.06641171127557755,
                    -0.26771414279937744
                ],
                [
                    -0.072745680809021,
                    -0.4070349335670471,
                    0.9105112552642822,
                    3.6703877449035645
                ],
                [
                    0.0,
                    0.9129300117492676,
                    0.40811631083488464,
                    1.6451692581176758
                ],
                [
                    0.0,
                    0.0,
                    0.0,
                    1.0
                ]
            ]
        },
        {
            "file_path": "/data/shapenet_blender/all_50_random/02958343/f5a54f0cf2b575fa9fe1734a6086750/r_27",
            "rotation": 0.12566370614359174,
            "transform_matrix": [
                [
                    0.12562920153141022,
                    0.28275275230407715,
                    0.9509301781654358,
                    3.833322048187256
                ],
                [
                    0.9920772314071655,
                    -0.035805683583021164,
                    -0.12041865289211273,
                    -0.48542311787605286
                ],
                [
                    0.0,
                    0.9585242867469788,
                    -0.28501084446907043,
                    -1.148915410041809
                ],
                [
                    0.0,
                    0.0,
                    0.0,
                    1.0
                ]
            ]
        },
        {
            "file_path": "/data/shapenet_blender/all_50_random/02958343/f5a54f0cf2b575fa9fe1734a6086750/r_28",
            "rotation": 0.12566370614359174,
            "transform_matrix": [
                [
                    0.22109733521938324,
                    -0.06679703295230865,
                    0.9729614853858948,
                    3.922133207321167
                ],
                [
                    0.9752516746520996,
                    0.015143419615924358,
                    -0.2205781191587448,
                    -0.8891788125038147
                ],
                [
                    0.0,
                    0.9976516962051392,
                    0.06849208474159241,
                    0.27610042691230774
                ],
                [
                    0.0,
                    0.0,
                    0.0,
                    1.0
                ]
            ]
        },
        {
            "file_path": "/data/shapenet_blender/all_50_random/02958343/f5a54f0cf2b575fa9fe1734a6086750/r_29",
            "rotation": 0.12566370614359174,
            "transform_matrix": [
                [
                    -0.8977577090263367,
                    0.18195390701293945,
                    0.4011530876159668,
                    1.6170997619628906
                ],
                [
                    0.4404895007610321,
                    0.37083861231803894,
                    0.8175864815711975,
                    3.2957966327667236
                ],
                [
                    0.0,
                    0.910698413848877,
                    -0.41307196021080017,
                    -1.6651463508605957
                ],
                [
                    0.0,
                    0.0,
                    0.0,
                    1.0
                ]
            ]
        },
        {
            "file_path": "/data/shapenet_blender/all_50_random/02958343/f5a54f0cf2b575fa9fe1734a6086750/r_30",
            "rotation": 0.12566370614359174,
            "transform_matrix": [
                [
                    0.9131724238395691,
                    0.23828329145908356,
                    0.3306615650653839,
                    1.3329395055770874
                ],
                [
                    0.4075733721256256,
                    -0.5338762402534485,
                    -0.7408508062362671,
                    -2.9864654541015625
                ],
                [
                    0.0,
                    0.8112934231758118,
                    -0.5846390128135681,
                    -2.356755495071411
                ],
                [
                    0.0,
                    0.0,
                    0.0,
                    1.0
                ]
            ]
        },
        {
            "file_path": "/data/shapenet_blender/all_50_random/02958343/f5a54f0cf2b575fa9fe1734a6086750/r_31",
            "rotation": 0.12566370614359174,
            "transform_matrix": [
                [
                    0.3463103175163269,
                    -0.34017911553382874,
                    -0.8742695450782776,
                    -3.5242934226989746
                ],
                [
                    -0.9381199479103088,
                    -0.12557834386825562,
                    -0.32273972034454346,
                    -1.3010056018829346
                ],
                [
                    -7.450580152834618e-09,
                    0.9319378733634949,
                    -0.3626178801059723,
                    -1.4617595672607422
                ],
                [
                    0.0,
                    0.0,
                    0.0,
                    1.0
                ]
            ]
        },
        {
            "file_path": "/data/shapenet_blender/all_50_random/02958343/f5a54f0cf2b575fa9fe1734a6086750/r_32",
            "rotation": 0.12566370614359174,
            "transform_matrix": [
                [
                    -0.9899709224700928,
                    -0.07877611368894577,
                    0.11726909130811691,
                    0.47272682189941406
                ],
                [
                    0.14127178490161896,
                    -0.5520285367965698,
                    0.8217704892158508,
                    3.3126628398895264
                ],
                [
                    0.0,
                    0.830095648765564,
                    0.5576210021972656,
                    2.2478420734405518
                ],
                [
                    0.0,
                    0.0,
                    0.0,
                    1.0
                ]
            ]
        },
        {
            "file_path": "/data/shapenet_blender/all_50_random/02958343/f5a54f0cf2b575fa9fe1734a6086750/r_33",
            "rotation": 0.12566370614359174,
            "transform_matrix": [
                [
                    0.8914012908935547,
                    -0.023026850074529648,
                    0.45262956619262695,
                    1.8246080875396729
                ],
                [
                    0.45321494340896606,
                    0.045290134847164154,
                    -0.8902499675750732,
                    -3.588712453842163
                ],
                [
                    -1.862645149230957e-09,
                    0.9987084269523621,
                    0.05080779269337654,
                    0.20481276512145996
                ],
                [
                    0.0,
                    0.0,
                    0.0,
                    1.0
                ]
            ]
        },
        {
            "file_path": "/data/shapenet_blender/all_50_random/02958343/f5a54f0cf2b575fa9fe1734a6086750/r_34",
            "rotation": 0.12566370614359174,
            "transform_matrix": [
                [
                    -0.936699628829956,
                    0.012339603155851364,
                    -0.3499166667461395,
                    -1.4105592966079712
                ],
                [
                    -0.3501342236995697,
                    -0.033011630177497864,
                    0.9361175894737244,
                    3.773610830307007
                ],
                [
                    0.0,
                    0.9993786811828613,
                    0.03524249792098999,
                    0.1420670747756958
                ],
                [
                    0.0,
                    0.0,
                    0.0,
                    1.0
                ]
            ]
        },
        {
            "file_path": "/data/shapenet_blender/all_50_random/02958343/f5a54f0cf2b575fa9fe1734a6086750/r_35",
            "rotation": 0.12566370614359174,
            "transform_matrix": [
                [
                    -0.8107821345329285,
                    -0.27404651045799255,
                    0.5172337889671326,
                    2.085036277770996
                ],
                [
                    0.5853480696678162,
                    -0.3795895576477051,
                    0.7164351344108582,
                    2.888042688369751
                ],
                [
                    0.0,
                    0.8836347460746765,
                    0.4681769609451294,
                    1.8872817754745483
                ],
                [
                    0.0,
                    0.0,
                    0.0,
                    1.0
                ]
            ]
        },
        {
            "file_path": "/data/shapenet_blender/all_50_random/02958343/f5a54f0cf2b575fa9fe1734a6086750/r_36",
            "rotation": 0.12566370614359174,
            "transform_matrix": [
                [
                    -0.3041442930698395,
                    0.3590317964553833,
                    -0.8823788166046143,
                    -3.55698299407959
                ],
                [
                    -0.9526260495185852,
                    -0.11462783813476562,
                    0.2817164957523346,
                    1.1356356143951416
                ],
                [
                    7.450580596923828e-09,
                    0.926259458065033,
                    0.37688639760017395,
                    1.519277811050415
                ],
                [
                    0.0,
                    0.0,
                    0.0,
                    1.0
                ]
            ]
        },
        {
            "file_path": "/data/shapenet_blender/all_50_random/02958343/f5a54f0cf2b575fa9fe1734a6086750/r_37",
            "rotation": 0.12566370614359174,
            "transform_matrix": [
                [
                    -0.8912950754165649,
                    -0.3611154556274414,
                    0.27420559525489807,
                    1.1053581237792969
                ],
                [
                    0.45342373847961426,
                    -0.7098446488380432,
                    0.5390059351921082,
                    2.172802448272705
                ],
                [
                    0.0,
                    0.6047446131706238,
                    0.7964193820953369,
                    3.2104692459106445
                ],
                [
                    0.0,
                    0.0,
                    0.0,
                    1.0
                ]
            ]
        },
        {
            "file_path": "/data/shapenet_blender/all_50_random/02958343/f5a54f0cf2b575fa9fe1734a6086750/r_38",
            "rotation": 0.12566370614359174,
            "transform_matrix": [
                [
                    0.8277651071548462,
                    0.1173039972782135,
                    0.5486754775047302,
                    2.2117815017700195
                ],
                [
                    0.5610748529434204,
                    -0.17306095361709595,
                    -0.8094720244407654,
                    -3.2630860805511475
                ],
                [
                    0.0,
                    0.9779005646705627,
                    -0.20907016098499298,
                    -0.8427887558937073
                ],
                [
                    0.0,
                    0.0,
                    0.0,
                    1.0
                ]
            ]
        },
        {
            "file_path": "/data/shapenet_blender/all_50_random/02958343/f5a54f0cf2b575fa9fe1734a6086750/r_39",
            "rotation": 0.12566370614359174,
            "transform_matrix": [
                [
                    0.2286279946565628,
                    -0.006530625745654106,
                    0.9734919667243958,
                    3.924271583557129
                ],
                [
                    0.9735139012336731,
                    0.0015337058575823903,
                    -0.22862285375595093,
                    -0.9216082096099854
                ],
                [
                    -1.1641532182693481e-10,
                    0.9999774694442749,
                    0.00670830300077796,
                    0.02704203501343727
                ],
                [
                    0.0,
                    0.0,
                    0.0,
                    1.0
                ]
            ]
        },
        {
            "file_path": "/data/shapenet_blender/all_50_random/02958343/f5a54f0cf2b575fa9fe1734a6086750/r_40",
            "rotation": 0.12566370614359174,
            "transform_matrix": [
                [
                    0.432831346988678,
                    0.504737913608551,
                    0.7469246983528137,
                    3.0109500885009766
                ],
                [
                    0.9014750123023987,
                    -0.2423432618379593,
                    -0.35862603783607483,
                    -1.4456678628921509
                ],
                [
                    0.0,
                    0.8285585045814514,
                    -0.5599023103713989,
                    -2.2570385932922363
                ],
                [
                    0.0,
                    0.0,
                    0.0,
                    1.0
                ]
            ]
        },
        {
            "file_path": "/data/shapenet_blender/all_50_random/02958343/f5a54f0cf2b575fa9fe1734a6086750/r_41",
            "rotation": 0.12566370614359174,
            "transform_matrix": [
                [
                    -0.8674312829971313,
                    -0.36900293827056885,
                    -0.33376622200012207,
                    -1.3454546928405762
                ],
                [
                    -0.4975571632385254,
                    0.643312394618988,
                    0.5818814039230347,
                    2.3456389904022217
                ],
                [
                    0.0,
                    0.670809805393219,
                    -0.7416293621063232,
