{
    "class": "02958343",
    "model": "149978eefad83cbafd8e7b05498794b9",
    "remove_doubles": true,
    "edge_split": true,
    "denoise": true,
    "camera_angle_x": 0.6911112070083618,
    "scale_factor": 2.2539401630051863,
    "hdri_file": "/data/IndoorHDRDataset2018/AG8A8227-c4bbd91636.exr",
    "center_offset": [
        0.0,
        -1.862645149230957e-09,
        0.0
    ],
    "lights": [],
    "frames": [
        {
            "file_path": "/data/shapenet_blender/all_50_random/02958343/149978eefad83cbafd8e7b05498794b9/r_0",
            "rotation": 0.12566370614359174,
            "transform_matrix": [
                [
                    -0.9419698715209961,
                    -0.14418403804302216,
                    0.3031560778617859,
                    1.222061276435852
                ],
                [
                    0.3356972336769104,
                    -0.40458184480667114,
                    0.8506590127944946,
                    3.4291162490844727
                ],
                [
                    -7.450580596923828e-09,
                    0.9030638933181763,
                    0.4295060932636261,
                    1.7313944101333618
                ],
                [
                    0.0,
                    0.0,
                    0.0,
                    1.0
                ]
            ]
        },
        {
            "file_path": "/data/shapenet_blender/all_50_random/02958343/149978eefad83cbafd8e7b05498794b9/r_1",
            "rotation": 0.12566370614359174,
            "transform_matrix": [
                [
                    0.9890215396881104,
                    -0.009076875634491444,
                    -0.14749310910701752,
                    -0.5945637226104736
                ],
                [
                    -0.1477721482515335,
                    -0.06075045466423035,
                    -0.9871538877487183,
                    -3.979344606399536
                ],
                [
                    0.0,
                    0.9981116056442261,
                    -0.06142481416463852,
                    -0.24761134386062622
                ],
                [
                    0.0,
                    0.0,
                    0.0,
                    1.0
                ]
            ]
        },
        {
            "file_path": "/data/shapenet_blender/all_50_random/02958343/149978eefad83cbafd8e7b05498794b9/r_2",
            "rotation": 0.12566370614359174,
            "transform_matrix": [
                [
                    0.405519962310791,
                    -0.5423295497894287,
                    0.7358206510543823,
                    2.9661881923675537
                ],
                [
                    0.9140861630439758,
                    0.2405959814786911,
                    -0.32643526792526245,
                    -1.315902829170227
                ],
                [
                    1.4901161193847656e-08,
                    0.8049795627593994,
                    0.5933023691177368,
                    2.39167857170105
                ],
                [
                    0.0,
                    0.0,
                    0.0,
                    1.0
                ]
            ]
        },
        {
            "file_path": "/data/shapenet_blender/all_50_random/02958343/149978eefad83cbafd8e7b05498794b9/r_3",
            "rotation": 0.12566370614359174,
            "transform_matrix": [
                [
                    0.9725019931793213,
                    -0.09024956077337265,
                    -0.2146972119808197,
                    -0.865472137928009
                ],
                [
                    -0.23289458453655243,
                    -0.37685665488243103,
                    -0.8965149521827698,
                    -3.6139674186706543
                ],
                [
                    7.450581485102248e-09,
                    0.9218644499778748,
                    -0.3875124752521515,
                    -1.562112808227539
                ],
                [
                    0.0,
                    0.0,
                    0.0,
                    1.0
                ]
            ]
        },
        {
            "file_path": "/data/shapenet_blender/all_50_random/02958343/149978eefad83cbafd8e7b05498794b9/r_4",
            "rotation": 0.12566370614359174,
            "transform_matrix": [
                [
                    -0.15587133169174194,
                    0.1522408425807953,
                    0.9759748578071594,
                    3.9342803955078125
                ],
                [
                    0.9877774119377136,
                    0.024023614823818207,
                    0.1540088951587677,
                    0.620829701423645
                ],
                [
                    0.0,
                    0.9880514144897461,
                    -0.1541246473789215,
                    -0.6212963461875916
                ],
                [
                    0.0,
                    0.0,
                    0.0,
                    1.0
                ]
            ]
        },
        {
            "file_path": "/data/shapenet_blender/all_50_random/02958343/149978eefad83cbafd8e7b05498794b9/r_5",
            "rotation": 0.12566370614359174,
            "transform_matrix": [
                [
                    -0.8628684282302856,
                    0.46333515644073486,
                    0.20193696022033691,
                    0.8140339255332947
                ],
                [
                    0.5054285526275635,
                    0.7910065054893494,
                    0.3447470963001251,
                    1.3897199630737305
                ],
                [
                    0.0,
                    0.3995361030101776,
                    -0.9167174100875854,
                    -3.695406198501587
                ],
                [
                    0.0,
                    0.0,
                    0.0,
                    1.0
                ]
            ]
        },
        {
            "file_path": "/data/shapenet_blender/all_50_random/02958343/149978eefad83cbafd8e7b05498794b9/r_6",
            "rotation": 0.12566370614359174,
            "transform_matrix": [
                [
                    -0.1189841479063034,
                    0.1689339578151703,
                    -0.9784190654754639,
                    -3.944133758544922
                ],
                [
                    -0.9928961992263794,
                    -0.02024427242577076,
                    0.1172492727637291,
                    0.4726469814777374
                ],
                [
                    1.862645371275562e-09,
                    0.9854194521903992,
                    0.17014260590076447,
                    0.6858668327331543
                ],
                [
                    0.0,
                    0.0,
                    0.0,
                    1.0
                ]
            ]
        },
        {
            "file_path": "/data/shapenet_blender/all_50_random/02958343/149978eefad83cbafd8e7b05498794b9/r_7",
            "rotation": 0.12566370614359174,
            "transform_matrix": [
                [
                    0.7788676619529724,
                    0.14709128439426422,
                    0.6096960306167603,
                    2.457763195037842
                ],
                [
                    0.6271882653236389,
                    -0.1826639175415039,
                    -0.7571451663970947,
                    -3.052149772644043
                ],
                [
                    7.450580596923828e-09,
                    0.9721100330352783,
                    -0.23452496528625488,
                    -0.9454003572463989
                ],
                [
                    0.0,
                    0.0,
                    0.0,
                    1.0
                ]
            ]
        },
        {
            "file_path": "/data/shapenet_blender/all_50_random/02958343/149978eefad83cbafd8e7b05498794b9/r_8",
            "rotation": 0.12566370614359174,
            "transform_matrix": [
                [
                    -0.48333990573883057,
                    0.4542950391769409,
                    -0.7483304142951965,
                    -3.0166165828704834
                ],
                [
                    -0.8754327893257141,
                    -0.2508232593536377,
                    0.41316473484039307,
                    1.665520429611206
                ],
                [
                    1.4901161193847656e-08,
                    0.8548120260238647,
                    0.5189376473426819,
                    2.091904878616333
                ],
                [
                    0.0,
                    0.0,
                    0.0,
                    1.0
                ]
            ]
        },
        {
            "file_path": "/data/shapenet_blender/all_50_random/02958343/149978eefad83cbafd8e7b05498794b9/r_9",
            "rotation": 0.12566370614359174,
            "transform_matrix": [
                [
                    -0.9857194423675537,
                    0.019031750038266182,
                    0.16731730103492737,
                    0.6744776964187622
                ],
                [
                    0.1683962494134903,
                    0.11140371114015579,
                    0.9794037938117981,
                    3.948103189468384
                ],
                [
                    0.0,
                    0.9935930371284485,
                    -0.11301765590906143,
                    -0.45558878779411316
                ],
                [
                    0.0,
                    0.0,
                    0.0,
                    1.0
                ]
            ]
        },
        {
            "file_path": "/data/shapenet_blender/all_50_random/02958343/149978eefad83cbafd8e7b05498794b9/r_10",
            "rotation": 0.12566370614359174,
            "transform_matrix": [
                [
                    -0.9842625856399536,
                    -0.08907067030668259,
                    -0.15262234210968018,
                    -0.6152403354644775
                ],
                [
                    -0.17671209573745728,
                    0.4961116313934326,
                    0.8500859141349792,
                    3.4268057346343994
                ],
                [
                    0.0,
                    0.863677978515625,
                    -0.5040439367294312,
                    -2.0318660736083984
                ],
                [
                    0.0,
                    0.0,
                    0.0,
                    1.0
                ]
            ]
        },
        {
            "file_path": "/data/shapenet_blender/all_50_random/02958343/149978eefad83cbafd8e7b05498794b9/r_11",
            "rotation": 0.12566370614359174,
            "transform_matrix": [
                [
                    0.23190940916538239,
                    -0.43398261070251465,
                    0.870561420917511,
                    3.509345293045044
                ],
                [
                    0.9727373719215393,
                    0.10346539318561554,
                    -0.20754973590373993,
                    -0.8366597294807434
                ],
                [
                    -7.4505797087454084e-09,
                    0.8949604034423828,
                    0.4461456835269928,
                    1.7984707355499268
                ],
                [
                    0.0,
                    0.0,
                    0.0,
                    1.0
                ]
            ]
        },
        {
            "file_path": "/data/shapenet_blender/all_50_random/02958343/149978eefad83cbafd8e7b05498794b9/r_12",
            "rotation": 0.12566370614359174,
            "transform_matrix": [
                [
                    -0.4243548810482025,
                    -0.4322985112667084,
                    0.7956386208534241,
                    3.207322120666504
                ],
                [
                    0.9054960012435913,
                    -0.20259389281272888,
                    0.37287092208862305,
                    1.5030908584594727
                ],
                [
                    -1.4901162970204496e-08,
                    0.8786771297454834,
                    0.4774162471294403,
                    1.924526572227478
                ],
                [
                    0.0,
                    0.0,
                    0.0,
                    1.0
                ]
            ]
        },
        {
            "file_path": "/data/shapenet_blender/all_50_random/02958343/149978eefad83cbafd8e7b05498794b9/r_13",
            "rotation": 0.12566370614359174,
            "transform_matrix": [
                [
                    -0.7493303418159485,
                    0.44767799973487854,
                    0.48794299364089966,
                    1.9669612646102905
                ],
                [
                    0.6621963381767273,
                    0.5065849423408508,
                    0.552148163318634,
                    2.225780725479126
                ],
                [
                    2.9802322387695312e-08,
                    0.7368555068969727,
                    -0.6760501861572266,
                    -2.725245714187622
                ],
                [
                    0.0,
                    0.0,
                    0.0,
                    1.0
                ]
            ]
        },
        {
            "file_path": "/data/shapenet_blender/all_50_random/02958343/149978eefad83cbafd8e7b05498794b9/r_14",
            "rotation": 0.12566370614359174,
            "transform_matrix": [
                [
                    0.8020175695419312,
                    -0.1915431022644043,
                    0.565755307674408,
                    2.280632734298706
                ],
                [
                    0.5973005890846252,
                    0.2571919858455658,
                    -0.7596606016159058,
                    -3.0622901916503906
                ],
                [
                    0.0,
                    0.947187066078186,
                    0.32068130373954773,
                    1.2927078008651733
                ],
                [
                    0.0,
                    0.0,
                    0.0,
                    1.0
                ]
            ]
        },
        {
            "file_path": "/data/shapenet_blender/all_50_random/02958343/149978eefad83cbafd8e7b05498794b9/r_15",
            "rotation": 0.12566370614359174,
            "transform_matrix": [
                [
                    -0.5923528671264648,
                    0.09687227755784988,
                    -0.7998335361480713,
                    -3.2242321968078613
                ],
                [
                    -0.8056785464286804,
                    -0.07122267037630081,
                    0.5880555510520935,
                    2.370527744293213
                ],
                [
                    0.0,
                    0.9927452802658081,
                    0.12023685872554779,
                    0.48469027876853943
                ],
                [
                    0.0,
                    0.0,
                    0.0,
                    1.0
                ]
            ]
        },
        {
            "file_path": "/data/shapenet_blender/all_50_random/02958343/149978eefad83cbafd8e7b05498794b9/r_16",
            "rotation": 0.12566370614359174,
            "transform_matrix": [
                [
                    0.5428899526596069,
                    0.6010904908180237,
                    0.5864815711975098,
                    2.364182949066162
                ],
                [
                    0.8398038148880005,
                    -0.38857409358024597,
                    -0.37913018465042114,
                    -1.528322696685791
                ],
                [
                    0.0,
                    0.6983554363250732,
                    -0.7157511115074158,
                    -2.885284900665283
                ],
                [
                    0.0,
                    0.0,
                    0.0,
                    1.0
                ]
            ]
        },
        {
            "file_path": "/data/shapenet_blender/all_50_random/02958343/149978eefad83cbafd8e7b05498794b9/r_17",
            "rotation": 0.12566370614359174,
            "transform_matrix": [
                [
                    0.9762694239616394,
                    0.08025272190570831,
                    0.2011408656835556,
                    0.8108247518539429
                ],
                [
                    0.21655982732772827,
                    -0.3617858588695526,
                    -0.90675950050354,
                    -3.655264377593994
                ],
                [
                    0.0,
                    0.9288005828857422,
                    -0.37057995796203613,
                    -1.493855595588684
                ],
                [
                    0.0,
                    0.0,
                    0.0,
                    1.0
                ]
            ]
        },
        {
            "file_path": "/data/shapenet_blender/all_50_random/02958343/149978eefad83cbafd8e7b05498794b9/r_18",
            "rotation": 0.12566370614359174,
            "transform_matrix": [
                [
                    0.6706518530845642,
                    -0.10225708037614822,
                    0.7346900701522827,
                    2.961630344390869
                ],
                [
                    0.7417722344398499,
                    0.09245277941226959,
                    -0.6642487645149231,
                    -2.6776723861694336
                ],
                [
                    0.0,
                    0.9904523491859436,
                    0.13785509765148163,
                    0.5557116866111755
                ],
                [
                    0.0,
                    0.0,
                    0.0,
                    1.0
                ]
            ]
        },
        {
            "file_path": "/data/shapenet_blender/all_50_random/02958343/149978eefad83cbafd8e7b05498794b9/r_19",
            "rotation": 0.12566370614359174,
            "transform_matrix": [
                [
                    -0.6182891726493835,
                    -0.5348493456840515,
                    0.5758945941925049,
                    2.321505546569824
                ],
                [
                    0.7859508395195007,
                    -0.420753538608551,
                    0.4530428349971771,
                    1.8262742757797241
                ],
                [
                    1.4901162970204496e-08,
                    0.7327362895011902,
                    0.680512547492981,
                    2.743234157562256
                ],
                [
                    0.0,
                    0.0,
                    0.0,
                    1.0
                ]
            ]
        },
        {
            "file_path": "/data/shapenet_blender/all_50_random/02958343/149978eefad83cbafd8e7b05498794b9/r_20",
            "rotation": 0.12566370614359174,
            "transform_matrix": [
                [
                    0.36629801988601685,
                    -0.7828206419944763,
                    -0.5030085444450378,
                    -2.0276923179626465
                ],
                [
                    -0.9304976463317871,
                    -0.30816376209259033,
                    -0.19801343977451324,
                    -0.7982176542282104
                ],
                [
                    -1.4901159417490817e-08,
                    0.5405800938606262,
                    -0.8412925004959106,
                    -3.3913583755493164
                ],
                [
                    0.0,
                    0.0,
                    0.0,
                    1.0
                ]
            ]
        },
        {
            "file_path": "/data/shapenet_blender/all_50_random/02958343/149978eefad83cbafd8e7b05498794b9/r_21",
            "rotation": 0.12566370614359174,
            "transform_matrix": [
                [
                    0.7303726673126221,
                    0.46769487857818604,
                    -0.49781250953674316,
                    -2.006746292114258
                ],
                [
                    -0.6830489635467529,
                    0.5000982284545898,
                    -0.5323024392127991,
                    -2.145779848098755
                ],
                [
                    2.9802322387695312e-08,
                    0.7288092970848083,
                    0.6847165822982788,
                    2.760180711746216
                ],
                [
                    0.0,
                    0.0,
                    0.0,
                    1.0
                ]
            ]
        },
        {
            "file_path": "/data/shapenet_blender/all_50_random/02958343/149978eefad83cbafd8e7b05498794b9/r_22",
            "rotation": 0.12566370614359174,
            "transform_matrix": [
                [
                    -0.011456158012151718,
                    0.06989992409944534,
                    -0.997488260269165,
                    -4.021003723144531
                ],
                [
                    -0.9999343752861023,
                    -0.0008008371805772185,
                    0.011428133584558964,
                    0.046068280935287476
                ],
                [
                    0.0,
                    0.9975535869598389,
                    0.06990452855825424,
                    0.28179416060447693
                ],
                [
                    0.0,
                    0.0,
                    0.0,
                    1.0
                ]
            ]
        },
        {
            "file_path": "/data/shapenet_blender/all_50_random/02958343/149978eefad83cbafd8e7b05498794b9/r_23",
            "rotation": 0.12566370614359174,
            "transform_matrix": [
                [
                    0.828732430934906,
                    -0.19400949776172638,
                    -0.5249407291412354,
                    -2.1161036491394043
                ],
                [
                    -0.559644877910614,
                    -0.28729280829429626,
                    -0.7773418426513672,
                    -3.1335651874542236
                ],
                [
                    0.0,
                    0.9379888772964478,
                    -0.34666529297828674,
                    -1.397452473640442
                ],
                [
                    0.0,
                    0.0,
                    0.0,
                    1.0
                ]
            ]
        },
        {
            "file_path": "/data/shapenet_blender/all_50_random/02958343/149978eefad83cbafd8e7b05498794b9/r_24",
            "rotation": 0.12566370614359174,
            "transform_matrix": [
                [
                    0.8505188226699829,
                    -0.026419159024953842,
                    -0.5252807140350342,
                    -2.1174745559692383
                ],
                [
                    -0.5259447693824768,
                    -0.04272310063242912,
                    -0.8494449853897095,
                    -3.424222469329834
                ],
                [
                    0.0,
                    0.9987374544143677,
                    -0.05023181810975075,
                    -0.20249095559120178
                ],
                [
                    0.0,
                    0.0,
                    0.0,
                    1.0
                ]
            ]
        },
        {
            "file_path": "/data/shapenet_blender/all_50_random/02958343/149978eefad83cbafd8e7b05498794b9/r_25",
            "rotation": 0.12566370614359174,
            "transform_matrix": [
                [
                    -0.9897512793540955,
                    -0.10326846688985825,
                    0.09863092750310898,
                    0.39759397506713867
                ],
                [
                    0.14280208945274353,
                    -0.7157464623451233,
                    0.6836040616035461,
                    2.7556960582733154
                ],
                [
                    -7.450580596923828e-09,
                    0.6906827092170715,
                    0.7231579422950745,
                    2.9151430130004883
                ],
                [
                    0.0,
                    0.0,
                    0.0,
                    1.0
                ]
            ]
        },
        {
            "file_path": "/data/shapenet_blender/all_50_random/02958343/149978eefad83cbafd8e7b05498794b9/r_26",
            "rotation": 0.12566370614359174,
            "transform_matrix": [
                [
                    -0.7826244235038757,
                    0.21768438816070557,
                    0.5831917524337769,
                    2.350921154022217
                ],
                [
                    0.6224942803382874,
                    0.2736814022064209,
                    0.7332116961479187,
                    2.9556708335876465
                ],
                [
                    0.0,
                    0.9368628859519958,
                    -0.3496969938278198,
                    -1.4096736907958984
                ],
                [
                    0.0,
                    0.0,
                    0.0,
                    1.0
                ]
            ]
        },
        {
            "file_path": "/data/shapenet_blender/all_50_random/02958343/149978eefad83cbafd8e7b05498794b9/r_27",
            "rotation": 0.12566370614359174,
            "transform_matrix": [
                [
                    -0.724621593952179,
                    0.5730736255645752,
                    -0.38276633620262146,
                    -1.542980432510376
                ],
                [
                    -0.689146876335144,
                    -0.6025733351707458,
                    0.4024697244167328,
                    1.62240731716156
                ],
                [
                    0.0,
                    0.555420458316803,
                    0.8315696120262146,
                    3.3521642684936523
                ],
                [
                    0.0,
                    0.0,
                    0.0,
                    1.0
                ]
            ]
        },
        {
            "file_path": "/data/shapenet_blender/all_50_random/02958343/149978eefad83cbafd8e7b05498794b9/r_28",
            "rotation": 0.12566370614359174,
            "transform_matrix": [
                [
                    -0.998077392578125,
                    -0.014171795919537544,
                    0.060337845236063004,
                    0.24322962760925293
                ],
                [
                    0.06197979673743248,
                    -0.22821225225925446,
                    0.9716365933418274,
                    3.916792392730713
                ],
                [
                    0.0,
                    0.9735082387924194,
                    0.22865186631679535,
                    0.9217251539230347
                ],
                [
                    0.0,
                    0.0,
                    0.0,
                    1.0
                ]
            ]
        },
        {
            "file_path": "/data/shapenet_blender/all_50_random/02958343/149978eefad83cbafd8e7b05498794b9/r_29",
            "rotation": 0.12566370614359174,
            "transform_matrix": [
                [
                    0.9956540465354919,
                    -0.01000502984970808,
                    -0.09258951246738434,
                    -0.37324029207229614
                ],
                [
                    -0.093128502368927,
                    -0.10696562379598618,
                    -0.9898915886878967,
                    -3.9903807640075684
                ],
                [
                    0.0,
                    0.9942124485969543,
                    -0.10743249952793121,
                    -0.43307429552078247
                ],
                [
                    0.0,
                    0.0,
                    0.0,
                    1.0
                ]
            ]
        },
        {
            "file_path": "/data/shapenet_blender/all_50_random/02958343/149978eefad83cbafd8e7b05498794b9/r_30",
            "rotation": 0.12566370614359174,
            "transform_matrix": [
                [
                    0.9290351271629333,
                    -0.15752193331718445,
                    0.3347843587398529,
                    1.3495590686798096
                ],
                [
                    0.36999157071113586,
                    0.39553171396255493,
                    -0.8406311273574829,
                    -3.388692617416382
                ],
                [
                    0.0,
                    0.9048432111740112,
                    0.4257446825504303,
                    1.7162318229675293
                ],
                [
                    0.0,
                    0.0,
                    0.0,
                    1.0
                ]
            ]
        },
        {
            "file_path": "/data/shapenet_blender/all_50_random/02958343/149978eefad83cbafd8e7b05498794b9/r_31",
            "rotation": 0.12566370614359174,
            "transform_matrix": [
                [
                    0.27889612317085266,
                    0.05152815207839012,
                    -0.9589378237724304,
                    -3.8656020164489746
                ],
                [
                    -0.9603213667869568,
                    0.014964785426855087,
                    -0.27849432826042175,
                    -1.1226465702056885
                ],
                [
                    9.31322685637781e-10,
                    0.9985593557357788,
                    0.053657203912734985,
                    0.21629910171031952
                ],
                [
                    0.0,
                    0.0,
                    0.0,
                    1.0
                ]
            ]
        },
        {
            "file_path": "/data/shapenet_blender/all_50_random/02958343/149978eefad83cbafd8e7b05498794b9/r_32",
            "rotation": 0.12566370614359174,
            "transform_matrix": [
                [
                    -0.9620679020881653,
                    0.08291422575712204,
                    -0.2599049508571625,
                    -1.0477104187011719
                ],
                [
                    -0.2728101313114166,
                    -0.2923979163169861,
                    0.9165576696395874,
                    3.6947622299194336
                ],
                [
                    0.0,
                    0.9526954293251038,
                    0.3039264976978302,
                    1.225166916847229
                ],
                [
                    0.0,
                    0.0,
                    0.0,
                    1.0
                ]
            ]
        },
        {
            "file_path": "/data/shapenet_blender/all_50_random/02958343/149978eefad83cbafd8e7b05498794b9/r_33",
            "rotation": 0.12566370614359174,
            "transform_matrix": [
                [
                    -0.7393372058868408,
                    0.03315311670303345,
                    0.6725186705589294,
                    2.7110095024108887
                ],
                [
                    0.6733354330062866,
                    0.036402858793735504,
                    0.7384404540061951,
                    2.976748466491699
                ],
                [
                    0.0,
                    0.9987871050834656,
                    -0.04923715814948082,
                    -0.19848132133483887
                ],
                [
                    0.0,
                    0.0,
                    0.0,
                    1.0
                ]
            ]
        },
        {
            "file_path": "/data/shapenet_blender/all_50_random/02958343/149978eefad83cbafd8e7b05498794b9/r_34",
            "rotation": 0.12566370614359174,
            "transform_matrix": [
                [
                    -0.08676168322563171,
                    0.009457488544285297,
                    0.9961841702461243,
                    4.0157470703125
                ],
                [
                    0.9962290525436401,
                    0.0008236535941250622,
                    0.08675777912139893,
                    0.34973183274269104
                ],
                [
                    5.8207657444020455e-11,
                    0.9999549388885498,
                    -0.009493285790085793,
                    -0.03826866298913956
                ],
                [
                    0.0,
                    0.0,
                    0.0,
                    1.0
                ]
            ]
        },
        {
            "file_path": "/data/shapenet_blender/all_50_random/02958343/149978eefad83cbafd8e7b05498794b9/r_35",
            "rotation": 0.12566370614359174,
            "transform_matrix": [
                [
                    -0.378128319978714,
                    0.5001690983772278,
                    -0.7790057063102722,
                    -3.140272378921509
                ],
                [
                    -0.9257532358169556,
                    -0.20429645478725433,
                    0.3181886076927185,
                    1.2826592922210693
                ],
                [
                    1.4901161193847656e-08,
                    0.8414831757545471,
                    0.5402833223342896,
                    2.1779518127441406
                ],
                [
                    0.0,
                    0.0,
                    0.0,
                    1.0
                ]
            ]
        },
        {
            "file_path": "/data/shapenet_blender/all_50_random/02958343/149978eefad83cbafd8e7b05498794b9/r_36",
            "rotation": 0.12566370614359174,
            "transform_matrix": [
                [
                    -0.8056008219718933,
                    -0.4176849126815796,
                    -0.42017462849617004,
                    -1.6937782764434814
                ],
                [
                    -0.5924588441848755,
                    0.5679504871368408,
                    0.5713359117507935,
                    2.303128957748413
                ],
                [
                    0.0,
                    0.7092048525810242,
                    -0.7050024271011353,
                    -2.8419559001922607
                ],
                [
                    0.0,
                    0.0,
                    0.0,
                    1.0
                ]
            ]
        },
        {
            "file_path": "/data/shapenet_blender/all_50_random/02958343/149978eefad83cbafd8e7b05498794b9/r_37",
            "rotation": 0.12566370614359174,
            "transform_matrix": [
                [
                    0.28855130076408386,
                    0.8409669399261475,
                    -0.45772576332092285,
                    -1.845151662826538
                ],
                [
                    -0.9574644565582275,
                    0.2534424364566803,
                    -0.13794493675231934,
                    -0.5560739040374756
                ],
                [
                    0.0,
                    0.4780603051185608,
                    0.878326952457428,
                    3.5406494140625
                ],
                [
                    0.0,
                    0.0,
                    0.0,
                    1.0
                ]
            ]
        },
        {
            "file_path": "/data/shapenet_blender/all_50_random/02958343/149978eefad83cbafd8e7b05498794b9/r_38",
            "rotation": 0.12566370614359174,
            "transform_matrix": [
                [
                    0.9089257121086121,
                    -0.21974626183509827,
                    0.354352205991745,
                    1.4284393787384033
                ],
                [
                    0.41695788502693176,
                    0.4790244400501251,
                    -0.7724516987800598,
                    -3.1138525009155273
                ],
                [
                    1.4901160305669237e-08,
                    0.8498511910438538,
                    0.527022659778595,
                    2.1244962215423584
                ],
                [
                    0.0,
                    0.0,
                    0.0,
                    1.0
                ]
            ]
        },
        {
            "file_path": "/data/shapenet_blender/all_50_random/02958343/149978eefad83cbafd8e7b05498794b9/r_39",
            "rotation": 0.12566370614359174,
            "transform_matrix": [
                [
                    0.42473307251930237,
                    0.20158693194389343,
                    -0.88258957862854,
                    -3.557832717895508
                ],
                [
                    -0.9053186774253845,
                    0.09457514435052872,
                    -0.41406965255737305,
                    -1.66916823387146
                ],
                [
                    7.450580596923828e-09,
                    0.9748939871788025,
                    0.2226695716381073,
                    0.8976098299026489
                ],
                [
                    0.0,
                    0.0,
                    0.0,
                    1.0
                ]
            ]
        },
        {
            "file_path": "/data/shapenet_blender/all_50_random/02958343/149978eefad83cbafd8e7b05498794b9/r_40",
            "rotation": 0.12566370614359174,
            "transform_matrix": [
                [
                    0.6830976009368896,
                    -0.25028660893440247,
                    -0.6861008405685425,
                    -2.765761137008667
                ],
                [
                    -0.7303271889686584,
                    -0.23410078883171082,
                    -0.6417312622070312,
                    -2.5869016647338867
                ],
                [
                    0.0,
                    0.9394431710243225,
                    -0.34270477294921875,
                    -1.381487250328064
                ],
                [
                    0.0,
                    0.0,
                    0.0,
                    1.0
                ]
            ]
        },
        {
            "file_path": "/data/shapenet_blender/all_50_random/02958343/149978eefad83cbafd8e7b05498794b9/r_41",
            "rotation": 0.12566370614359174,
            "transform_matrix": [
                [
                    -0.9995118975639343,
                    0.01909385249018669,
                    0.02472650818526745,
                    0.0996757447719574
                ],
                [
                    0.03124060668051243,
                    0.610888659954071,
                    0.7910998463630676,
                    3.189025402069092
                ],
                [
                    9.313225746154785e-10,
