{
    "class": "02958343",
    "model": "51d9af66315d76f9e6b335b85df4d203",
    "remove_doubles": true,
    "edge_split": true,
    "denoise": true,
    "camera_angle_x": 0.6911112070083618,
    "scale_factor": 2.2545500284082816,
    "hdri_file": "/data/IndoorHDRDataset2018/AG8A5177-6cbb9be4da.exr",
    "center_offset": [
        0.0,
        -1.862645149230957e-09,
        -3.725290298461914e-09
    ],
    "lights": [],
    "frames": [
        {
            "file_path": "/data/shapenet_blender/all_50_random/02958343/51d9af66315d76f9e6b335b85df4d203/r_0",
            "rotation": 0.12566370614359174,
            "transform_matrix": [
                [
                    0.9202361106872559,
                    0.08147663623094559,
                    -0.382788747549057,
                    -1.5430707931518555
                ],
                [
                    -0.39136388897895813,
                    0.1915806382894516,
                    -0.9000728726387024,
                    -3.628309726715088
                ],
                [
                    0.0,
                    0.9780890345573425,
                    0.20818644762039185,
                    0.8392264246940613
                ],
                [
                    0.0,
                    0.0,
                    0.0,
                    1.0
                ]
            ]
        },
        {
            "file_path": "/data/shapenet_blender/all_50_random/02958343/51d9af66315d76f9e6b335b85df4d203/r_1",
            "rotation": 0.12566370614359174,
            "transform_matrix": [
                [
                    -0.47855716943740845,
                    0.23499199748039246,
                    -0.8460270166397095,
                    -3.4104442596435547
                ],
                [
                    -0.8780564069747925,
                    -0.1280750185251236,
                    0.4611005485057831,
                    1.8587558269500732
                ],
                [
                    1.4901160305669237e-08,
                    0.9635225534439087,
                    0.26762738823890686,
                    1.0788406133651733
                ],
                [
                    0.0,
                    0.0,
                    0.0,
                    1.0
                ]
            ]
        },
        {
            "file_path": "/data/shapenet_blender/all_50_random/02958343/51d9af66315d76f9e6b335b85df4d203/r_2",
            "rotation": 0.12566370614359174,
            "transform_matrix": [
                [
                    -0.08457593619823456,
                    -0.02240055240690708,
                    0.9961651563644409,
                    4.015670299530029
                ],
                [
                    0.9964170455932617,
                    -0.0019013601122424006,
                    0.08455455303192139,
                    0.340850293636322
                ],
                [
                    -1.1641532182693481e-10,
                    0.9997472763061523,
                    0.022481100633740425,
                    0.09062421321868896
                ],
                [
                    0.0,
                    0.0,
                    0.0,
                    1.0
                ]
            ]
        },
        {
            "file_path": "/data/shapenet_blender/all_50_random/02958343/51d9af66315d76f9e6b335b85df4d203/r_3",
            "rotation": 0.12566370614359174,
            "transform_matrix": [
                [
                    -0.9904970526695251,
                    0.04348478838801384,
                    0.13047926127910614,
                    0.5259788036346436
                ],
                [
                    0.13753461837768555,
                    0.31316882371902466,
                    0.9396858215332031,
                    3.787994861602783
                ],
                [
                    0.0,
                    0.9487015008926392,
                    -0.31617337465286255,
                    -1.2745357751846313
                ],
                [
                    0.0,
                    0.0,
                    0.0,
                    1.0
                ]
            ]
        },
        {
            "file_path": "/data/shapenet_blender/all_50_random/02958343/51d9af66315d76f9e6b335b85df4d203/r_4",
            "rotation": 0.12566370614359174,
            "transform_matrix": [
                [
                    0.9495303630828857,
                    -0.09322915971279144,
                    -0.29950037598609924,
                    -1.2073246240615845
                ],
                [
                    -0.31367525458335876,
                    -0.2822151780128479,
                    -0.9066214561462402,
                    -3.654707908630371
                ],
                [
                    7.450580596923828e-09,
                    0.9548104405403137,
                    -0.2972155511379242,
                    -1.1981141567230225
                ],
                [
                    0.0,
                    0.0,
                    0.0,
                    1.0
                ]
            ]
        },
        {
            "file_path": "/data/shapenet_blender/all_50_random/02958343/51d9af66315d76f9e6b335b85df4d203/r_5",
            "rotation": 0.12566370614359174,
            "transform_matrix": [
                [
                    -0.9426155686378479,
                    -0.0017866560956463218,
                    -0.3338753581047058,
                    -1.3458945751190186
                ],
                [
                    -0.33388015627861023,
                    0.005044114775955677,
                    0.9426020383834839,
                    3.799750328063965
                ],
                [
                    0.0,
                    0.9999856352806091,
                    -0.005351190455257893,
                    -0.021571338176727295
                ],
                [
                    0.0,
                    0.0,
                    0.0,
                    1.0
                ]
            ]
        },
        {
            "file_path": "/data/shapenet_blender/all_50_random/02958343/51d9af66315d76f9e6b335b85df4d203/r_6",
            "rotation": 0.12566370614359174,
            "transform_matrix": [
                [
                    0.9764355421066284,
                    0.10869953036308289,
                    -0.18643534183502197,
                    -0.7515448927879333
                ],
                [
                    -0.21580946445465088,
                    0.4918138384819031,
                    -0.8435314893722534,
                    -3.4003841876983643
                ],
                [
                    0.0,
                    0.8638885617256165,
                    0.5036829113960266,
                    2.0304107666015625
                ],
                [
                    0.0,
                    0.0,
                    0.0,
                    1.0
                ]
            ]
        },
        {
            "file_path": "/data/shapenet_blender/all_50_random/02958343/51d9af66315d76f9e6b335b85df4d203/r_7",
            "rotation": 0.12566370614359174,
            "transform_matrix": [
                [
                    -0.977433443069458,
                    -0.1772555559873581,
                    -0.11491094529628754,
                    -0.46322083473205566
                ],
                [
                    -0.21124409139156342,
                    0.8201673626899719,
                    0.5316967368125916,
                    2.143338203430176
                ],
                [
                    7.450581485102248e-09,
                    0.5439723134040833,
                    -0.839103102684021,
                    -3.382532835006714
                ],
                [
                    0.0,
                    0.0,
                    0.0,
                    1.0
                ]
            ]
        },
        {
            "file_path": "/data/shapenet_blender/all_50_random/02958343/51d9af66315d76f9e6b335b85df4d203/r_8",
            "rotation": 0.12566370614359174,
            "transform_matrix": [
                [
                    -0.9130412936210632,
                    -0.35780924558639526,
                    -0.19577540457248688,
                    -0.7891959547996521
                ],
                [
                    -0.40786686539649963,
                    0.8009833693504333,
                    0.43825823068618774,
                    1.766675591468811
                ],
                [
                    0.0,
                    0.47999826073646545,
                    -0.8772693872451782,
                    -3.536386251449585
                ],
                [
                    0.0,
                    0.0,
                    0.0,
                    1.0
                ]
            ]
        },
        {
            "file_path": "/data/shapenet_blender/all_50_random/02958343/51d9af66315d76f9e6b335b85df4d203/r_9",
            "rotation": 0.12566370614359174,
            "transform_matrix": [
                [
                    0.8094077110290527,
                    0.2822333574295044,
                    -0.5149790644645691,
                    -2.0759472846984863
                ],
                [
                    -0.5872471332550049,
                    0.3890046179294586,
                    -0.7098000049591064,
                    -2.861295700073242
                ],
                [
                    0.0,
                    0.8769376277923584,
                    0.48060405254364014,
                    1.9373769760131836
                ],
                [
                    0.0,
                    0.0,
                    0.0,
                    1.0
                ]
            ]
        },
        {
            "file_path": "/data/shapenet_blender/all_50_random/02958343/51d9af66315d76f9e6b335b85df4d203/r_10",
            "rotation": 0.12566370614359174,
            "transform_matrix": [
                [
                    0.9529917240142822,
                    -0.15121819078922272,
                    -0.2625643014907837,
                    -1.058430552482605
                ],
                [
                    -0.3029966354370117,
                    -0.4756147563457489,
                    -0.8258230090141296,
                    -3.3289990425109863
                ],
                [
                    7.450581485102248e-09,
                    0.8665584921836853,
                    -0.4990755021572113,
                    -2.0118377208709717
                ],
                [
                    0.0,
                    0.0,
                    0.0,
                    1.0
                ]
            ]
        },
        {
            "file_path": "/data/shapenet_blender/all_50_random/02958343/51d9af66315d76f9e6b335b85df4d203/r_11",
            "rotation": 0.12566370614359174,
            "transform_matrix": [
                [
                    -0.3622569143772125,
                    0.8647176623344421,
                    0.34789830446243286,
                    1.4024229049682617
                ],
                [
                    0.9320783615112305,
                    0.33607685565948486,
                    0.13521242141723633,
                    0.5450587272644043
                ],
                [
                    0.0,
                    0.37325015664100647,
                    -0.9277307391166687,
                    -3.739802122116089
                ],
                [
                    0.0,
                    0.0,
                    0.0,
                    1.0
                ]
            ]
        },
        {
            "file_path": "/data/shapenet_blender/all_50_random/02958343/51d9af66315d76f9e6b335b85df4d203/r_12",
            "rotation": 0.12566370614359174,
            "transform_matrix": [
                [
                    -0.12252859771251678,
                    0.6127006411552429,
                    -0.7807589769363403,
                    -3.1473400592803955
                ],
                [
                    -0.9924650192260742,
                    -0.07564332336187363,
                    0.09639161080121994,
                    0.3885670006275177
                ],
                [
                    -3.725290298461914e-09,
                    0.7866865992546082,
                    0.6173524856567383,
                    2.4886274337768555
                ],
                [
                    0.0,
                    0.0,
                    0.0,
                    1.0
                ]
            ]
        },
        {
            "file_path": "/data/shapenet_blender/all_50_random/02958343/51d9af66315d76f9e6b335b85df4d203/r_13",
            "rotation": 0.12566370614359174,
            "transform_matrix": [
                [
                    -0.15661516785621643,
                    0.2760046720504761,
                    -0.9483106732368469,
                    -3.8227624893188477
                ],
                [
                    -0.987659752368927,
                    -0.043766606599092484,
                    0.15037550032138824,
                    0.6061830520629883
                ],
                [
                    3.725290298461914e-09,
                    0.9601593017578125,
                    0.27945321798324585,
                    1.1265119314193726
                ],
                [
                    0.0,
                    0.0,
                    0.0,
                    1.0
                ]
            ]
        },
        {
            "file_path": "/data/shapenet_blender/all_50_random/02958343/51d9af66315d76f9e6b335b85df4d203/r_14",
            "rotation": 0.12566370614359174,
            "transform_matrix": [
                [
                    -0.5823525786399841,
                    0.30801454186439514,
                    -0.7523247003555298,
                    -3.0327179431915283
                ],
                [
                    -0.8129363656044006,
                    -0.2206483781337738,
                    0.5389330387115479,
                    2.172508478164673
                ],
                [
                    0.0,
                    0.9254409670829773,
                    0.3788914382457733,
                    1.527360200881958
                ],
                [
                    0.0,
                    0.0,
                    0.0,
                    1.0
                ]
            ]
        },
        {
            "file_path": "/data/shapenet_blender/all_50_random/02958343/51d9af66315d76f9e6b335b85df4d203/r_15",
            "rotation": 0.12566370614359174,
            "transform_matrix": [
                [
                    -0.9999368786811829,
                    -0.009436300955712795,
                    0.0061110323294997215,
                    0.024634361267089844
                ],
                [
                    0.01124226301908493,
                    -0.8393065333366394,
                    0.5435423254966736,
                    2.191089391708374
                ],
                [
                    4.656612873077393e-10,
                    0.5435766577720642,
                    0.8393594622612,
                    3.383566379547119
                ],
                [
                    0.0,
                    0.0,
                    0.0,
                    1.0
                ]
            ]
        },
        {
            "file_path": "/data/shapenet_blender/all_50_random/02958343/51d9af66315d76f9e6b335b85df4d203/r_16",
            "rotation": 0.12566370614359174,
            "transform_matrix": [
                [
                    -0.06892701238393784,
                    0.30496203899383545,
                    0.9498668909072876,
                    3.829035997390747
                ],
                [
                    0.9976217150688171,
                    0.02107023261487484,
                    0.0656275674700737,
                    0.2645531892776489
                ],
                [
                    0.0,
                    0.952131450176239,
                    -0.3056890368461609,
                    -1.2322719097137451
                ],
                [
                    0.0,
                    0.0,
                    0.0,
                    1.0
                ]
            ]
        },
        {
            "file_path": "/data/shapenet_blender/all_50_random/02958343/51d9af66315d76f9e6b335b85df4d203/r_17",
            "rotation": 0.12566370614359174,
            "transform_matrix": [
                [
                    -0.7521655559539795,
                    -0.49223005771636963,
                    -0.43812841176986694,
                    -1.7661521434783936
                ],
                [
                    -0.6589741706848145,
                    0.5618407130241394,
                    0.5000880360603333,
                    2.0159194469451904
                ],
                [
                    1.4901161193847656e-08,
                    0.6648643612861633,
                    -0.7469640970230103,
                    -3.011108636856079
                ],
                [
                    0.0,
                    0.0,
                    0.0,
                    1.0
                ]
            ]
        },
        {
            "file_path": "/data/shapenet_blender/all_50_random/02958343/51d9af66315d76f9e6b335b85df4d203/r_18",
            "rotation": 0.12566370614359174,
            "transform_matrix": [
                [
                    -0.6113642454147339,
                    0.2221965342760086,
                    -0.7595145106315613,
                    -3.0617010593414307
                ],
                [
                    -0.7913492918014526,
                    -0.17166002094745636,
                    0.5867700576782227,
                    2.3653459548950195
                ],
                [
                    0.0,
                    0.9597715139389038,
                    0.2807818651199341,
                    1.1318680047988892
                ],
                [
                    0.0,
                    0.0,
                    0.0,
                    1.0
                ]
            ]
        },
        {
            "file_path": "/data/shapenet_blender/all_50_random/02958343/51d9af66315d76f9e6b335b85df4d203/r_19",
            "rotation": 0.12566370614359174,
            "transform_matrix": [
                [
                    0.10733626782894135,
                    -0.6200697422027588,
                    -0.7771695256233215,
                    -3.132870674133301
                ],
                [
                    -0.9942227005958557,
                    -0.0669427141547203,
                    -0.08390320837497711,
                    -0.3382246494293213
                ],
                [
                    3.725290076417309e-09,
                    0.7816855311393738,
                    -0.6236727833747864,
                    -2.5141053199768066
                ],
                [
                    0.0,
                    0.0,
                    0.0,
                    1.0
                ]
            ]
        },
        {
            "file_path": "/data/shapenet_blender/all_50_random/02958343/51d9af66315d76f9e6b335b85df4d203/r_20",
            "rotation": 0.12566370614359174,
            "transform_matrix": [
                [
                    0.47874000668525696,
                    -0.5385633111000061,
                    -0.6933668851852417,
                    -2.795051097869873
                ],
                [
                    -0.8779568076133728,
                    -0.2936725318431854,
                    -0.378085196018219,
                    -1.524109959602356
                ],
                [
                    0.0,
                    0.7897505760192871,
                    -0.6134280562400818,
                    -2.4728074073791504
                ],
                [
                    0.0,
                    0.0,
                    0.0,
                    1.0
                ]
            ]
        },
        {
            "file_path": "/data/shapenet_blender/all_50_random/02958343/51d9af66315d76f9e6b335b85df4d203/r_21",
            "rotation": 0.12566370614359174,
            "transform_matrix": [
                [
                    0.2980044186115265,
                    0.09961026161909103,
                    0.9493529796600342,
                    3.8269643783569336
                ],
                [
                    0.9545645117759705,
                    -0.031097210943698883,
                    -0.29637742042541504,
                    -1.1947356462478638
                ],
                [
                    -3.725290742551124e-09,
                    0.9945404529571533,
                    -0.10435152053833008,
                    -0.42065444588661194
                ],
                [
                    0.0,
                    0.0,
                    0.0,
                    1.0
                ]
            ]
        },
        {
            "file_path": "/data/shapenet_blender/all_50_random/02958343/51d9af66315d76f9e6b335b85df4d203/r_22",
            "rotation": 0.12566370614359174,
            "transform_matrix": [
                [
                    0.03841257467865944,
                    0.13015872240066528,
                    0.9907487630844116,
                    3.9938361644744873
                ],
                [
                    0.9992619752883911,
                    -0.0050034248270094395,
                    -0.038085319101810455,
                    -0.15352684259414673
                ],
                [
                    0.0,
                    0.9914805889129639,
                    -0.1302548348903656,
                    -0.5250741243362427
                ],
                [
                    0.0,
                    0.0,
                    0.0,
                    1.0
                ]
            ]
        },
        {
            "file_path": "/data/shapenet_blender/all_50_random/02958343/51d9af66315d76f9e6b335b85df4d203/r_23",
            "rotation": 0.12566370614359174,
            "transform_matrix": [
                [
                    -0.7563985586166382,
                    -0.34464210271835327,
                    0.5559523105621338,
                    2.2411153316497803
                ],
                [
                    0.6541109085083008,
                    -0.3985360264778137,
                    0.642890214920044,
                    2.5915732383728027
                ],
                [
                    -1.4901161193847656e-08,
                    0.8499356508255005,
                    0.5268862843513489,
                    2.1239466667175293
                ],
                [
                    0.0,
                    0.0,
                    0.0,
                    1.0
                ]
            ]
        },
        {
            "file_path": "/data/shapenet_blender/all_50_random/02958343/51d9af66315d76f9e6b335b85df4d203/r_24",
            "rotation": 0.12566370614359174,
            "transform_matrix": [
                [
                    -0.022870341315865517,
                    0.36194753646850586,
                    0.9319177865982056,
                    3.756680965423584
                ],
                [
                    0.9997385144233704,
                    0.008280029520392418,
                    0.02131885290145874,
                    0.08593904972076416
                ],
                [
                    -4.656613428188905e-10,
                    0.9321616888046265,
                    -0.3620421886444092,
                    -1.4594389200210571
                ],
                [
                    0.0,
                    0.0,
                    0.0,
                    1.0
                ]
            ]
        },
        {
            "file_path": "/data/shapenet_blender/all_50_random/02958343/51d9af66315d76f9e6b335b85df4d203/r_25",
            "rotation": 0.12566370614359174,
            "transform_matrix": [
                [
                    0.5779076218605042,
                    -0.7709797620773315,
                    -0.26760584115982056,
                    -1.0787537097930908
                ],
                [
                    -0.8161022663116455,
                    -0.5459549427032471,
                    -0.189500093460083,
                    -0.7638993263244629
                ],
                [
                    0.0,
                    0.3279073238372803,
                    -0.9447098970413208,
                    -3.8082473278045654
                ],
                [
                    0.0,
                    0.0,
                    0.0,
                    1.0
                ]
            ]
        },
        {
            "file_path": "/data/shapenet_blender/all_50_random/02958343/51d9af66315d76f9e6b335b85df4d203/r_26",
            "rotation": 0.12566370614359174,
            "transform_matrix": [
                [
                    0.6372002363204956,
                    0.40066176652908325,
                    -0.6583660840988159,
                    -2.653958797454834
                ],
                [
                    -0.7706983089447021,
                    0.3312603235244751,
                    -0.5443258881568909,
                    -2.1942479610443115
                ],
                [
                    0.0,
                    0.854246199131012,
                    0.5198684930801392,
                    2.0956571102142334
                ],
                [
                    0.0,
                    0.0,
                    0.0,
                    1.0
                ]
            ]
        },
        {
            "file_path": "/data/shapenet_blender/all_50_random/02958343/51d9af66315d76f9e6b335b85df4d203/r_27",
            "rotation": 0.12566370614359174,
            "transform_matrix": [
                [
                    0.9544371962547302,
                    0.06870901584625244,
                    -0.29039397835731506,
                    -1.1706156730651855
                ],
                [
                    -0.2984118163585663,
                    0.21975818276405334,
                    -0.9287930727005005,
                    -3.7440848350524902
                ],
                [
                    -7.450580596923828e-09,
                    0.9731317758560181,
                    0.23024895787239075,
                    0.9281632900238037
                ],
                [
                    0.0,
                    0.0,
                    0.0,
                    1.0
                ]
            ]
        },
        {
            "file_path": "/data/shapenet_blender/all_50_random/02958343/51d9af66315d76f9e6b335b85df4d203/r_28",
            "rotation": 0.12566370614359174,
            "transform_matrix": [
                [
                    0.3353414535522461,
                    -0.25789663195610046,
                    0.9061100482940674,
                    3.652646541595459
                ],
                [
                    0.9420967102050781,
                    0.09179889410734177,
                    -0.32253193855285645,
                    -1.3001677989959717
                ],
                [
                    0.0,
                    0.9618016481399536,
                    0.2737475037574768,
                    1.1035114526748657
                ],
                [
                    0.0,
                    0.0,
                    0.0,
                    1.0
                ]
            ]
        },
        {
            "file_path": "/data/shapenet_blender/all_50_random/02958343/51d9af66315d76f9e6b335b85df4d203/r_29",
            "rotation": 0.12566370614359174,
            "transform_matrix": [
                [
                    -0.43253394961357117,
                    0.056904956698417664,
                    -0.8998201489448547,
                    -3.627290725708008
                ],
                [
                    -0.901617705821991,
                    -0.027299070730805397,
                    0.4316716194152832,
                    1.7401237487792969
                ],
                [
                    1.862645149230957e-09,
                    0.9980062246322632,
                    0.06311429291963577,
                    0.25442183017730713
                ],
                [
                    0.0,
                    0.0,
                    0.0,
                    1.0
                ]
            ]
        },
        {
            "file_path": "/data/shapenet_blender/all_50_random/02958343/51d9af66315d76f9e6b335b85df4d203/r_30",
            "rotation": 0.12566370614359174,
            "transform_matrix": [
                [
                    0.600508987903595,
                    0.148777037858963,
                    -0.7856554388999939,
                    -3.1670780181884766
                ],
                [
                    -0.7996180653572083,
                    0.11173077672719955,
                    -0.5900231003761292,
                    -2.3784589767456055
                ],
                [
                    0.0,
                    0.9825383424758911,
                    0.18606014549732208,
                    0.750032365322113
                ],
                [
                    0.0,
                    0.0,
                    0.0,
                    1.0
                ]
            ]
        },
        {
            "file_path": "/data/shapenet_blender/all_50_random/02958343/51d9af66315d76f9e6b335b85df4d203/r_31",
            "rotation": 0.12566370614359174,
            "transform_matrix": [
                [
                    -0.8981165289878845,
                    -0.08528321236371994,
                    -0.43140867352485657,
                    -1.7390642166137695
                ],
                [
                    -0.4397576153278351,
                    0.17417383193969727,
                    0.8810655474662781,
                    3.551689386367798
                ],
                [
                    0.0,
                    0.9810149073600769,
                    -0.19393229484558105,
                    -0.7817662358283997
                ],
                [
                    0.0,
                    0.0,
                    0.0,
                    1.0
                ]
            ]
        },
        {
            "file_path": "/data/shapenet_blender/all_50_random/02958343/51d9af66315d76f9e6b335b85df4d203/r_32",
            "rotation": 0.12566370614359174,
            "transform_matrix": [
                [
                    0.23308072984218597,
                    0.09091816842556,
                    0.9681978821754456,
                    3.902930736541748
                ],
                [
                    0.9724574685096741,
                    -0.02179146558046341,
                    -0.2320597767829895,
                    -0.9354629516601562
                ],
                [
                    0.0,
                    0.9956198334693909,
                    -0.09349321573972702,
                    -0.37688323855400085
                ],
                [
                    0.0,
                    0.0,
                    0.0,
                    1.0
                ]
            ]
        },
        {
            "file_path": "/data/shapenet_blender/all_50_random/02958343/51d9af66315d76f9e6b335b85df4d203/r_33",
            "rotation": 0.12566370614359174,
            "transform_matrix": [
                [
                    0.7197570204734802,
                    0.10967034101486206,
                    -0.6855087280273438,
                    -2.7633743286132812
                ],
                [
                    -0.694226086139679,
                    0.11370358616113663,
                    -0.7107190489768982,
                    -2.8650002479553223
                ],
                [
                    0.0,
                    0.9874431490898132,
                    0.1579749435186386,
                    0.636817455291748
                ],
                [
                    0.0,
                    0.0,
                    0.0,
                    1.0
                ]
            ]
        },
        {
            "file_path": "/data/shapenet_blender/all_50_random/02958343/51d9af66315d76f9e6b335b85df4d203/r_34",
            "rotation": 0.12566370614359174,
            "transform_matrix": [
                [
                    -0.894990086555481,
                    -0.3569800853729248,
                    0.26750296354293823,
                    1.0783390998840332
                ],
                [
                    0.44608595967292786,
                    -0.7162154316902161,
                    0.5366958975791931,
                    2.1634905338287354
                ],
                [
                    0.0,
                    0.5996668338775635,
                    0.8002496361732483,
                    3.22590970993042
                ],
                [
                    0.0,
                    0.0,
                    0.0,
                    1.0
                ]
            ]
        },
        {
            "file_path": "/data/shapenet_blender/all_50_random/02958343/51d9af66315d76f9e6b335b85df4d203/r_35",
            "rotation": 0.12566370614359174,
            "transform_matrix": [
                [
                    -0.12025200575590134,
                    -0.5712445974349976,
                    0.8119230270385742,
                    3.2729666233062744
                ],
                [
                    0.9927434325218201,
                    -0.06919543445110321,
                    0.09834904968738556,
                    0.3964577317237854
                ],
                [
                    0.0,
                    0.8178578615188599,
                    0.5754201412200928,
                    2.3195929527282715
                ],
                [
                    0.0,
                    0.0,
                    0.0,
                    1.0
                ]
            ]
        },
        {
            "file_path": "/data/shapenet_blender/all_50_random/02958343/51d9af66315d76f9e6b335b85df4d203/r_36",
            "rotation": 0.12566370614359174,
            "transform_matrix": [
                [
                    -0.9962080717086792,
                    -0.06325948983430862,
                    -0.059730421751737595,
                    -0.2407810389995575
                ],
                [
                    -0.08700279891490936,
                    0.7243401408195496,
                    0.6839312314987183,
                    2.7570149898529053
                ],
                [
                    0.0,
                    0.686534583568573,
                    -0.7270971536636353,
                    -2.9310224056243896
                ],
                [
                    0.0,
                    0.0,
                    0.0,
                    1.0
                ]
            ]
        },
        {
            "file_path": "/data/shapenet_blender/all_50_random/02958343/51d9af66315d76f9e6b335b85df4d203/r_37",
            "rotation": 0.12566370614359174,
            "transform_matrix": [
                [
                    0.6040712594985962,
                    0.5435887575149536,
                    -0.5827598571777344,
                    -2.3491804599761963
                ],
                [
                    -0.7969303131103516,
                    0.4120389521121979,
                    -0.4417305886745453,
                    -1.7806730270385742
                ],
                [
                    -1.4901161193847656e-08,
                    0.731255829334259,
                    0.6821032166481018,
                    2.7496461868286133
                ],
                [
                    0.0,
                    0.0,
                    0.0,
                    1.0
                ]
            ]
        },
        {
            "file_path": "/data/shapenet_blender/all_50_random/02958343/51d9af66315d76f9e6b335b85df4d203/r_38",
            "rotation": 0.12566370614359174,
            "transform_matrix": [
                [
                    -0.27070313692092896,
                    0.17346785962581635,
                    0.9469047784805298,
                    3.8170952796936035
                ],
                [
                    0.962662935256958,
                    0.04877958074212074,
                    0.2662719190120697,
                    1.0733764171600342
                ],
                [
                    3.725290742551124e-09,
                    0.9836307168006897,
                    -0.1801958531141281,
                    -0.7263927459716797
                ],
                [
                    0.0,
                    0.0,
                    0.0,
                    1.0
                ]
            ]
        },
        {
            "file_path": "/data/shapenet_blender/all_50_random/02958343/51d9af66315d76f9e6b335b85df4d203/r_39",
            "rotation": 0.12566370614359174,
            "transform_matrix": [
                [
                    -0.580702006816864,
                    -0.19349908828735352,
                    -0.7907865047454834,
                    -3.1877622604370117
                ],
                [
                    -0.8141161799430847,
                    0.13802121579647064,
                    0.564061164855957,
                    2.273803234100342
                ],
                [
                    -7.450580152834618e-09,
                    0.9713435769081116,
                    -0.23767995834350586,
                    -0.9581185579299927
                ],
                [
                    0.0,
                    0.0,
                    0.0,
                    1.0
                ]
            ]
        },
        {
            "file_path": "/data/shapenet_blender/all_50_random/02958343/51d9af66315d76f9e6b335b85df4d203/r_40",
            "rotation": 0.12566370614359174,
            "transform_matrix": [
                [
                    0.8204036951065063,
                    0.4815200865268707,
                    0.3083442151546478,
                    1.2429752349853516
                ],
                [
                    0.5717847347259521,
                    -0.690890908241272,
                    -0.44241610169410706,
                    -1.7834362983703613
                ],
                [
                    -2.9802322387695312e-08,
                    0.5392664074897766,
                    -0.8421352505683899,
                    -3.3947558403015137
                ],
                [
                    0.0,
                    0.0,
                    0.0,
                    1.0
                ]
            ]
        },
        {
            "file_path": "/data/shapenet_blender/all_50_random/02958343/51d9af66315d76f9e6b335b85df4d203/r_41",
            "rotation": 0.12566370614359174,
            "transform_matrix": [
                [
                    -0.392799973487854,
                    -0.04225024953484535,
                    -0.9186528921127319,
                    -3.7032082080841064
                ],
                [
                    -0.9196240305900574,
                    0.018046390265226364,
                    0.3923851549625397,
                    1.5817551612854004
                ],
