{
    "class": "02958343",
    "model": "355e7a7bde7d43c1ace5721ccacba16",
    "remove_doubles": true,
    "edge_split": true,
    "denoise": true,
    "camera_angle_x": 0.6911112070083618,
    "scale_factor": 2.3453973584877703,
    "hdri_file": "/data/IndoorHDRDataset2018/AG8A7020-7a89ed20c2.exr",
    "center_offset": [
        0.0,
        0.0,
        3.725290298461914e-09
    ],
    "lights": [],
    "frames": [
        {
            "file_path": "/data/shapenet_blender/all_50_random/02958343/355e7a7bde7d43c1ace5721ccacba16/r_0",
            "rotation": 0.12566370614359174,
            "transform_matrix": [
                [
                    -0.9988287687301636,
                    0.010165166109800339,
                    -0.04730613902211189,
                    -0.19069716334342957
                ],
                [
                    -0.048385970294475555,
                    -0.20983894169330597,
                    0.9765378832817078,
                    3.9365503787994385
                ],
                [
                    -9.313225746154785e-10,
                    0.9776831865310669,
                    0.2100849598646164,
                    0.8468796014785767
                ],
                [
                    0.0,
                    0.0,
                    0.0,
                    1.0
                ]
            ]
        },
        {
            "file_path": "/data/shapenet_blender/all_50_random/02958343/355e7a7bde7d43c1ace5721ccacba16/r_1",
            "rotation": 0.12566370614359174,
            "transform_matrix": [
                [
                    -0.6661435961723328,
                    -0.10089773684740067,
                    0.7389670610427856,
                    2.9788715839385986
                ],
                [
                    0.7458235025405884,
                    -0.09011834114789963,
                    0.6600196361541748,
                    2.6606242656707764
                ],
                [
                    -7.450580596923828e-09,
                    0.9908068180084229,
                    0.1352836638689041,
                    0.5453459024429321
                ],
                [
                    0.0,
                    0.0,
                    0.0,
                    1.0
                ]
            ]
        },
        {
            "file_path": "/data/shapenet_blender/all_50_random/02958343/355e7a7bde7d43c1ace5721ccacba16/r_2",
            "rotation": 0.12566370614359174,
            "transform_matrix": [
                [
                    0.7027891874313354,
                    -0.4784688353538513,
                    -0.5264551043510437,
                    -2.122208595275879
                ],
                [
                    -0.7113982439041138,
                    -0.47267860174179077,
                    -0.5200841426849365,
                    -2.0965263843536377
                ],
                [
                    0.0,
                    0.7400287985801697,
                    -0.6725751757621765,
                    -2.7112374305725098
                ],
                [
                    0.0,
                    0.0,
                    0.0,
                    1.0
                ]
            ]
        },
        {
            "file_path": "/data/shapenet_blender/all_50_random/02958343/355e7a7bde7d43c1ace5721ccacba16/r_3",
            "rotation": 0.12566370614359174,
            "transform_matrix": [
                [
                    0.6776993274688721,
                    0.0741775780916214,
                    -0.7315880656242371,
                    -2.9491260051727295
                ],
                [
                    -0.7353389859199524,
                    0.06836315989494324,
                    -0.6742424368858337,
                    -2.717958450317383
                ],
                [
                    0.0,
                    0.9948990345001221,
                    0.10087534040212631,
                    0.40664154291152954
                ],
                [
                    0.0,
                    0.0,
                    0.0,
                    1.0
                ]
            ]
        },
        {
            "file_path": "/data/shapenet_blender/all_50_random/02958343/355e7a7bde7d43c1ace5721ccacba16/r_4",
            "rotation": 0.12566370614359174,
            "transform_matrix": [
                [
                    -0.6727631092071533,
                    0.010514800436794758,
                    0.7397831082344055,
                    2.982161283493042
                ],
                [
                    0.7398578524589539,
                    0.009561256505548954,
                    0.6726951599121094,
                    2.711721181869507
                ],
                [
                    -4.656612040410124e-10,
                    0.9998990893363953,
                    -0.014211916364729404,
                    -0.05729006975889206
                ],
                [
                    0.0,
                    0.0,
                    0.0,
                    1.0
                ]
            ]
        },
        {
            "file_path": "/data/shapenet_blender/all_50_random/02958343/355e7a7bde7d43c1ace5721ccacba16/r_5",
            "rotation": 0.12566370614359174,
            "transform_matrix": [
                [
                    -0.6464268565177917,
                    0.026524046435952187,
                    -0.7625148296356201,
                    -3.0737955570220947
                ],
                [
                    -0.7629760503768921,
                    -0.022472336888313293,
                    0.6460360884666443,
                    2.604254722595215
                ],
                [
                    0.0,
                    0.9993955492973328,
                    0.03476393222808838,
                    0.14013789594173431
                ],
                [
                    0.0,
                    0.0,
                    0.0,
                    1.0
                ]
            ]
        },
        {
            "file_path": "/data/shapenet_blender/all_50_random/02958343/355e7a7bde7d43c1ace5721ccacba16/r_6",
            "rotation": 0.12566370614359174,
            "transform_matrix": [
                [
                    -0.9737703800201416,
                    0.10103453695774078,
                    0.20387037098407745,
                    0.82182776927948
                ],
                [
                    0.22753264009952545,
                    0.4323970079421997,
                    0.8725030422210693,
                    3.517172336578369
                ],
                [
                    0.0,
                    0.8960047960281372,
                    -0.4440441429615021,
                    -1.78999924659729
                ],
                [
                    0.0,
                    0.0,
                    0.0,
                    1.0
                ]
            ]
        },
        {
            "file_path": "/data/shapenet_blender/all_50_random/02958343/355e7a7bde7d43c1ace5721ccacba16/r_7",
            "rotation": 0.12566370614359174,
            "transform_matrix": [
                [
                    -0.4706208407878876,
                    -0.7700095176696777,
                    0.43081462383270264,
                    1.7366693019866943
                ],
                [
                    0.8823356032371521,
                    -0.4107082486152649,
                    0.22978822886943817,
                    0.9263060092926025
                ],
                [
                    0.0,
                    0.48826611042022705,
                    0.872694730758667,
                    3.5179450511932373
                ],
                [
                    0.0,
                    0.0,
                    0.0,
                    1.0
                ]
            ]
        },
        {
            "file_path": "/data/shapenet_blender/all_50_random/02958343/355e7a7bde7d43c1ace5721ccacba16/r_8",
            "rotation": 0.12566370614359174,
            "transform_matrix": [
                [
                    -0.33992597460746765,
                    -0.06321867555379868,
                    -0.9383249282836914,
                    -3.7825088500976562
                ],
                [
                    -0.9404522180557251,
                    0.022850358858704567,
                    0.3391570746898651,
                    1.3671859502792358
                ],
                [
                    0.0,
                    0.9977380633354187,
                    -0.06722157448530197,
                    -0.2709788382053375
                ],
                [
                    0.0,
                    0.0,
                    0.0,
                    1.0
                ]
            ]
        },
        {
            "file_path": "/data/shapenet_blender/all_50_random/02958343/355e7a7bde7d43c1ace5721ccacba16/r_9",
            "rotation": 0.12566370614359174,
            "transform_matrix": [
                [
                    -0.9130462408065796,
                    -0.012228844687342644,
                    0.40767258405685425,
                    1.6433807611465454
                ],
                [
                    0.40785595774650574,
                    -0.027376089245080948,
                    0.9126357436180115,
                    3.67895245552063
                ],
                [
                    0.0,
                    0.9995502829551697,
                    0.029983244836330414,
                    0.1208663284778595
                ],
                [
                    0.0,
                    0.0,
                    0.0,
                    1.0
                ]
            ]
        },
        {
            "file_path": "/data/shapenet_blender/all_50_random/02958343/355e7a7bde7d43c1ace5721ccacba16/r_10",
            "rotation": 0.12566370614359174,
            "transform_matrix": [
                [
                    0.43710243701934814,
                    0.6263701915740967,
                    -0.6454470157623291,
                    -2.6018800735473633
                ],
                [
                    -0.8994117379188538,
                    0.3044077754020691,
                    -0.3136788606643677,
                    -1.2644798755645752
                ],
                [
                    1.4901161193847656e-08,
                    0.7176324129104614,
                    0.6964221000671387,
                    2.8073673248291016
                ],
                [
                    0.0,
                    0.0,
                    0.0,
                    1.0
                ]
            ]
        },
        {
            "file_path": "/data/shapenet_blender/all_50_random/02958343/355e7a7bde7d43c1ace5721ccacba16/r_11",
            "rotation": 0.12566370614359174,
            "transform_matrix": [
                [
                    0.6560598611831665,
                    0.29464399814605713,
                    0.6948167681694031,
                    2.800895929336548
                ],
                [
                    0.7547088265419006,
                    -0.2561306953430176,
                    -0.6039963960647583,
                    -2.4347872734069824
                ],
                [
                    -1.4901161193847656e-08,
                    0.9206421375274658,
                    -0.3904075026512146,
                    -1.573783040046692
                ],
                [
                    0.0,
                    0.0,
                    0.0,
                    1.0
                ]
            ]
        },
        {
            "file_path": "/data/shapenet_blender/all_50_random/02958343/355e7a7bde7d43c1ace5721ccacba16/r_12",
            "rotation": 0.12566370614359174,
            "transform_matrix": [
                [
                    -0.45920222997665405,
                    0.3208794891834259,
                    -0.8283535242080688,
                    -3.339200019836426
                ],
                [
                    -0.8883317708969116,
                    -0.16587111353874207,
                    0.4281978905200958,
                    1.7261210680007935
                ],
                [
                    0.0,
                    0.9324822425842285,
                    0.3612158000469208,
                    1.4561076164245605
                ],
                [
                    0.0,
                    0.0,
                    0.0,
                    1.0
                ]
            ]
        },
        {
            "file_path": "/data/shapenet_blender/all_50_random/02958343/355e7a7bde7d43c1ace5721ccacba16/r_13",
            "rotation": 0.12566370614359174,
            "transform_matrix": [
                [
                    -0.5392788648605347,
                    0.1416526436805725,
                    0.8301281929016113,
                    3.346353769302368
                ],
                [
                    0.8421272039413452,
                    0.0907110795378685,
                    0.5315949320793152,
                    2.142927646636963
                ],
                [
                    0.0,
                    0.9857515096664429,
                    -0.16820813715457916,
                    -0.6780686974525452
                ],
                [
                    0.0,
                    0.0,
                    0.0,
                    1.0
                ]
            ]
        },
        {
            "file_path": "/data/shapenet_blender/all_50_random/02958343/355e7a7bde7d43c1ace5721ccacba16/r_14",
            "rotation": 0.12566370614359174,
            "transform_matrix": [
                [
                    0.22456109523773193,
                    -0.8059607148170471,
                    -0.5477219820022583,
                    -2.2079381942749023
                ],
                [
                    -0.9744600057601929,
                    -0.18573099374771118,
                    -0.1262207329273224,
                    -0.5088121294975281
                ],
                [
                    0.0,
                    0.5620774626731873,
                    -0.827084481716156,
                    -3.3340845108032227
                ],
                [
                    0.0,
                    0.0,
                    0.0,
                    1.0
                ]
            ]
        },
        {
            "file_path": "/data/shapenet_blender/all_50_random/02958343/355e7a7bde7d43c1ace5721ccacba16/r_15",
            "rotation": 0.12566370614359174,
            "transform_matrix": [
                [
                    -0.9837104082107544,
                    0.16943542659282684,
                    -0.06004561856389046,
                    -0.2420516312122345
                ],
                [
                    -0.17976050078868866,
                    -0.9272080659866333,
                    0.3285899758338928,
                    1.3245885372161865
                ],
                [
                    3.725290298461914e-09,
                    0.33403122425079346,
                    0.9425619840621948,
                    3.799588918685913
                ],
                [
                    0.0,
                    0.0,
                    0.0,
                    1.0
                ]
            ]
        },
        {
            "file_path": "/data/shapenet_blender/all_50_random/02958343/355e7a7bde7d43c1ace5721ccacba16/r_16",
            "rotation": 0.12566370614359174,
            "transform_matrix": [
                [
                    0.32633572816848755,
                    0.20405662059783936,
                    -0.9229658246040344,
                    -3.7205941677093506
                ],
                [
                    -0.9452539086341858,
                    0.07044769823551178,
                    -0.3186410665512085,
                    -1.2844831943511963
                ],
                [
                    -7.450580596923828e-09,
                    0.9764209985733032,
                    0.21587491035461426,
                    0.8702195882797241
                ],
                [
                    0.0,
                    0.0,
                    0.0,
                    1.0
                ]
            ]
        },
        {
            "file_path": "/data/shapenet_blender/all_50_random/02958343/355e7a7bde7d43c1ace5721ccacba16/r_17",
            "rotation": 0.12566370614359174,
            "transform_matrix": [
                [
                    -0.7892858386039734,
                    0.2074754238128662,
                    -0.5779115557670593,
                    -2.3296360969543457
                ],
                [
                    -0.6140258312225342,
                    -0.2666946053504944,
                    0.7428634762763977,
                    2.9945783615112305
                ],
                [
                    1.4901161193847656e-08,
                    0.9411841630935669,
                    0.33789363503456116,
                    1.3620928525924683
                ],
                [
                    0.0,
                    0.0,
                    0.0,
                    1.0
                ]
            ]
        },
        {
            "file_path": "/data/shapenet_blender/all_50_random/02958343/355e7a7bde7d43c1ace5721ccacba16/r_18",
            "rotation": 0.12566370614359174,
            "transform_matrix": [
                [
                    -0.2696467339992523,
                    -0.23271451890468597,
                    0.9344167113304138,
                    3.766754150390625
                ],
                [
                    0.9629592299461365,
                    -0.06516445428133011,
                    0.2616543173789978,
                    1.0547622442245483
                ],
                [
                    -3.7252896323280993e-09,
                    0.9703595042228699,
                    0.24166598916053772,
                    0.9741867780685425
                ],
                [
                    0.0,
                    0.0,
                    0.0,
                    1.0
                ]
            ]
        },
        {
            "file_path": "/data/shapenet_blender/all_50_random/02958343/355e7a7bde7d43c1ace5721ccacba16/r_19",
            "rotation": 0.12566370614359174,
            "transform_matrix": [
                [
                    0.49167561531066895,
                    0.3328523635864258,
                    0.8046516180038452,
                    3.243654727935791
                ],
                [
                    0.8707784414291382,
                    -0.18794146180152893,
                    -0.4543377757072449,
                    -1.8314943313598633
                ],
                [
                    0.0,
                    0.9240601062774658,
                    -0.38224688172340393,
                    -1.540886640548706
                ],
                [
                    0.0,
                    0.0,
                    0.0,
                    1.0
                ]
            ]
        },
        {
            "file_path": "/data/shapenet_blender/all_50_random/02958343/355e7a7bde7d43c1ace5721ccacba16/r_20",
            "rotation": 0.12566370614359174,
            "transform_matrix": [
                [
                    0.7719331979751587,
                    -0.30646681785583496,
                    -0.5569535493850708,
                    -2.2451515197753906
                ],
                [
                    -0.6357037425041199,
                    -0.3721417486667633,
                    -0.6763070821762085,
                    -2.72628116607666
                ],
                [
                    1.4901162970204496e-08,
                    0.8761212229728699,
                    -0.48209065198898315,
                    -1.9433696269989014
                ],
                [
                    0.0,
                    0.0,
                    0.0,
                    1.0
                ]
            ]
        },
        {
            "file_path": "/data/shapenet_blender/all_50_random/02958343/355e7a7bde7d43c1ace5721ccacba16/r_21",
            "rotation": 0.12566370614359174,
            "transform_matrix": [
                [
                    -0.9686043858528137,
                    -0.02390458434820175,
                    0.24745535850524902,
                    0.9975244402885437
                ],
                [
                    0.24860729277133942,
                    -0.09313517808914185,
                    0.9641163349151611,
                    3.88647723197937
                ],
                [
                    -1.862645149230957e-09,
                    0.9953665137290955,
                    0.09615400433540344,
                    0.38760918378829956
                ],
                [
                    0.0,
                    0.0,
                    0.0,
                    1.0
                ]
            ]
        },
        {
            "file_path": "/data/shapenet_blender/all_50_random/02958343/355e7a7bde7d43c1ace5721ccacba16/r_22",
            "rotation": 0.12566370614359174,
            "transform_matrix": [
                [
                    -0.5283828973770142,
                    -0.37741243839263916,
                    -0.7605072259902954,
                    -3.0657029151916504
                ],
                [
                    -0.849006175994873,
                    0.2348843663930893,
                    0.47330519556999207,
                    1.9079543352127075
                ],
                [
                    0.0,
                    0.8957617282867432,
                    -0.4445343613624573,
                    -1.791975498199463
                ],
                [
                    0.0,
                    0.0,
                    0.0,
                    1.0
                ]
            ]
        },
        {
            "file_path": "/data/shapenet_blender/all_50_random/02958343/355e7a7bde7d43c1ace5721ccacba16/r_23",
            "rotation": 0.12566370614359174,
            "transform_matrix": [
                [
                    -0.7854726910591125,
                    0.15492181479930878,
                    -0.5991926193237305,
                    -2.4154226779937744
                ],
                [
                    -0.6188962459564209,
                    -0.1966191530227661,
                    0.7604658603668213,
                    3.0655360221862793
                ],
                [
                    7.4505797087454084e-09,
                    0.968163251876831,
                    0.25031954050064087,
                    1.0090703964233398
                ],
                [
                    0.0,
                    0.0,
                    0.0,
                    1.0
                ]
            ]
        },
        {
            "file_path": "/data/shapenet_blender/all_50_random/02958343/355e7a7bde7d43c1ace5721ccacba16/r_24",
            "rotation": 0.12566370614359174,
            "transform_matrix": [
                [
                    0.9456265568733215,
                    -0.0587613545358181,
                    0.3199024796485901,
                    1.2895681858062744
                ],
                [
                    0.32525449991226196,
                    0.17083944380283356,
                    -0.9300663471221924,
                    -3.7492172718048096
                ],
                [
                    -7.450580596923828e-09,
                    0.9835450649261475,
                    0.18066270649433136,
                    0.7282746434211731
                ],
                [
                    0.0,
                    0.0,
                    0.0,
                    1.0
                ]
            ]
        },
        {
            "file_path": "/data/shapenet_blender/all_50_random/02958343/355e7a7bde7d43c1ace5721ccacba16/r_25",
            "rotation": 0.12566370614359174,
            "transform_matrix": [
                [
                    -0.9628591537475586,
                    0.07608810812234879,
                    0.2590615749359131,
                    1.0443105697631836
                ],
                [
                    0.2700042724609375,
                    0.27133694291114807,
                    0.9238365292549133,
                    3.724104166030884
                ],
                [
                    -7.450580596923828e-09,
                    0.9594721794128418,
                    -0.2818033695220947,
                    -1.1359857320785522
                ],
                [
                    0.0,
                    0.0,
                    0.0,
                    1.0
                ]
            ]
        },
        {
            "file_path": "/data/shapenet_blender/all_50_random/02958343/355e7a7bde7d43c1ace5721ccacba16/r_26",
            "rotation": 0.12566370614359174,
            "transform_matrix": [
                [
                    -0.5683078765869141,
                    0.15773431956768036,
                    0.8075555562973022,
                    3.2553606033325195
                ],
                [
                    0.8228159546852112,
                    0.10894498229026794,
                    0.5577678084373474,
                    2.248434066772461
                ],
                [
                    0.0,
                    0.9814533591270447,
                    -0.19170062243938446,
                    -0.7727699279785156
                ],
                [
                    0.0,
                    0.0,
                    0.0,
                    1.0
                ]
            ]
        },
        {
            "file_path": "/data/shapenet_blender/all_50_random/02958343/355e7a7bde7d43c1ace5721ccacba16/r_27",
            "rotation": 0.12566370614359174,
            "transform_matrix": [
                [
                    0.9462755918502808,
                    0.04719209671020508,
                    -0.3198988139629364,
                    -1.289553165435791
                ],
                [
                    -0.32336097955703735,
                    0.13810180127620697,
                    -0.9361440539360046,
                    -3.773716926574707
                ],
                [
                    3.7252896323280993e-09,
                    0.9892930388450623,
                    0.14594247937202454,
                    0.5883128643035889
                ],
                [
                    0.0,
                    0.0,
                    0.0,
                    1.0
                ]
            ]
        },
        {
            "file_path": "/data/shapenet_blender/all_50_random/02958343/355e7a7bde7d43c1ace5721ccacba16/r_28",
            "rotation": 0.12566370614359174,
            "transform_matrix": [
                [
                    0.9960934519767761,
                    -0.020404940471053123,
                    -0.08591572940349579,
                    -0.3463374078273773
                ],
                [
                    -0.08830558508634567,
                    -0.23016925156116486,
                    -0.9691357612609863,
                    -3.9067113399505615
                ],
                [
                    -1.862645149230957e-09,
                    0.9729366898536682,
                    -0.23107191920280457,
                    -0.9314807653427124
                ],
                [
                    0.0,
                    0.0,
                    0.0,
                    1.0
                ]
            ]
        },
        {
            "file_path": "/data/shapenet_blender/all_50_random/02958343/355e7a7bde7d43c1ace5721ccacba16/r_29",
            "rotation": 0.12566370614359174,
            "transform_matrix": [
                [
                    -0.6752660274505615,
                    -0.25176721811294556,
                    -0.6932740807533264,
                    -2.794677495956421
                ],
                [
                    -0.7375741600990295,
                    0.23049862682819366,
                    0.6347082257270813,
                    2.558590888977051
                ],
                [
                    0.0,
                    0.9399380087852478,
                    -0.3413449227809906,
                    -1.3760055303573608
                ],
                [
                    0.0,
                    0.0,
                    0.0,
                    1.0
                ]
            ]
        },
        {
            "file_path": "/data/shapenet_blender/all_50_random/02958343/355e7a7bde7d43c1ace5721ccacba16/r_30",
            "rotation": 0.12566370614359174,
            "transform_matrix": [
                [
                    -0.25965461134910583,
                    -0.06393323838710785,
                    -0.9635829329490662,
                    -3.884326934814453
                ],
                [
                    -0.9657016396522522,
                    0.017190154641866684,
                    0.25908493995666504,
                    1.0444047451019287
                ],
                [
                    0.0,
                    0.9978060126304626,
                    -0.06620393693447113,
                    -0.26687660813331604
                ],
                [
                    0.0,
                    0.0,
                    0.0,
                    1.0
                ]
            ]
        },
        {
            "file_path": "/data/shapenet_blender/all_50_random/02958343/355e7a7bde7d43c1ace5721ccacba16/r_31",
            "rotation": 0.12566370614359174,
            "transform_matrix": [
                [
                    0.331741064786911,
                    -0.15773332118988037,
                    -0.9300903081893921,
                    -3.749314069747925
                ],
                [
                    -0.9433704614639282,
                    -0.05546773597598076,
                    -0.32707104086875916,
                    -1.3184655904769897
                ],
                [
                    0.0,
                    0.9859227538108826,
                    -0.16720186173915863,
                    -0.6740122437477112
                ],
                [
                    0.0,
                    0.0,
                    0.0,
                    1.0
                ]
            ]
        },
        {
            "file_path": "/data/shapenet_blender/all_50_random/02958343/355e7a7bde7d43c1ace5721ccacba16/r_32",
            "rotation": 0.12566370614359174,
            "transform_matrix": [
                [
                    0.16947805881500244,
                    0.9614484310150146,
                    -0.21655061841011047,
                    -0.8729435205459595
                ],
                [
                    -0.9855339527130127,
                    0.16533617675304413,
                    -0.03723928704857826,
                    -0.15011638402938843
                ],
                [
                    -3.725290298461914e-09,
                    0.21972902119159698,
                    0.9755608439445496,
                    3.9326117038726807
                ],
                [
                    0.0,
                    0.0,
                    0.0,
                    1.0
                ]
            ]
        },
        {
            "file_path": "/data/shapenet_blender/all_50_random/02958343/355e7a7bde7d43c1ace5721ccacba16/r_33",
            "rotation": 0.12566370614359174,
            "transform_matrix": [
                [
                    0.913614809513092,
                    0.03471812233328819,
                    0.40509602427482605,
                    1.6329940557479858
                ],
                [
                    0.40658101439476013,
                    -0.07801394909620285,
                    -0.9102779030799866,
                    -3.669447183609009
                ],
                [
                    0.0,
                    0.9963474869728088,
                    -0.08539044857025146,
                    -0.3442198634147644
                ],
                [
                    0.0,
                    0.0,
                    0.0,
                    1.0
                ]
            ]
        },
        {
            "file_path": "/data/shapenet_blender/all_50_random/02958343/355e7a7bde7d43c1ace5721ccacba16/r_34",
            "rotation": 0.12566370614359174,
            "transform_matrix": [
                [
                    -0.8060646057128906,
                    0.023912636563181877,
                    -0.5913441777229309,
                    -2.383784770965576
                ],
                [
                    -0.5918275117874146,
                    -0.032568830996751785,
                    0.8054063320159912,
                    3.246696949005127
                ],
                [
                    -1.8626450382086546e-09,
                    0.9991833567619324,
                    0.04040473699569702,
                    0.16287672519683838
                ],
                [
                    0.0,
                    0.0,
                    0.0,
                    1.0
                ]
            ]
        },
        {
            "file_path": "/data/shapenet_blender/all_50_random/02958343/355e7a7bde7d43c1ace5721ccacba16/r_35",
            "rotation": 0.12566370614359174,
            "transform_matrix": [
                [
                    -0.6114293336868286,
                    0.4961099326610565,
                    0.6164649724960327,
                    2.4850497245788574
                ],
                [
                    0.791299045085907,
                    0.3833394944667816,
                    0.4763367474079132,
                    1.9201748371124268
                ],
                [
                    1.4901161193847656e-08,
                    0.7790543437004089,
                    -0.6269563436508179,
                    -2.527341842651367
                ],
                [
                    0.0,
                    0.0,
                    0.0,
                    1.0
                ]
            ]
        },
        {
            "file_path": "/data/shapenet_blender/all_50_random/02958343/355e7a7bde7d43c1ace5721ccacba16/r_36",
            "rotation": 0.12566370614359174,
            "transform_matrix": [
                [
                    0.4354003071784973,
                    0.7246955037117004,
                    -0.5340814590454102,
                    -2.15295147895813
                ],
                [
                    -0.9002369046211243,
                    0.35049954056739807,
                    -0.25830891728401184,
                    -1.0412766933441162
                ],
                [
                    0.0,
                    0.5932677984237671,
                    0.8050051331520081,
                    3.245079755783081
                ],
                [
                    0.0,
                    0.0,
                    0.0,
                    1.0
                ]
            ]
        },
        {
            "file_path": "/data/shapenet_blender/all_50_random/02958343/355e7a7bde7d43c1ace5721ccacba16/r_37",
            "rotation": 0.12566370614359174,
            "transform_matrix": [
                [
                    0.9808782339096069,
                    0.01412650290876627,
                    -0.1941094547510147,
                    -0.7824801206588745
                ],
                [
                    -0.19462281465530396,
                    0.0711960643529892,
                    -0.9782909750938416,
                    -3.9436166286468506
                ],
                [
                    -9.313225746154785e-10,
                    0.9973621964454651,
                    0.07258401811122894,
                    0.2925955057144165
                ],
                [
                    0.0,
                    0.0,
                    0.0,
                    1.0
                ]
            ]
        },
        {
            "file_path": "/data/shapenet_blender/all_50_random/02958343/355e7a7bde7d43c1ace5721ccacba16/r_38",
            "rotation": 0.12566370614359174,
            "transform_matrix": [
                [
                    0.4136132597923279,
                    0.37355849146842957,
                    -0.8302879333496094,
                    -3.3469979763031006
                ],
                [
                    -0.9104527235031128,
                    0.16970539093017578,
                    -0.3771948218345642,
                    -1.5205210447311401
                ],
                [
                    1.4901162970204496e-08,
                    0.9119507074356079,
                    0.4102996587753296,
                    1.6539709568023682
                ],
                [
                    0.0,
                    0.0,
                    0.0,
                    1.0
                ]
            ]
        },
        {
            "file_path": "/data/shapenet_blender/all_50_random/02958343/355e7a7bde7d43c1ace5721ccacba16/r_39",
            "rotation": 0.12566370614359174,
            "transform_matrix": [
                [
                    0.9997887015342712,
                    0.0003791878407355398,
                    -0.020555876195430756,
                    -0.08286339044570923
                ],
                [
                    -0.02055937424302101,
                    0.018439654260873795,
                    -0.999618649482727,
                    -4.0295915603637695
                ],
                [
                    2.9103830456733704e-11,
                    0.999829888343811,
                    0.018443552777171135,
                    0.0743483379483223
                ],
                [
                    0.0,
                    0.0,
                    0.0,
                    1.0
                ]
            ]
        },
        {
            "file_path": "/data/shapenet_blender/all_50_random/02958343/355e7a7bde7d43c1ace5721ccacba16/r_40",
            "rotation": 0.12566370614359174,
            "transform_matrix": [
                [
                    0.6336969137191772,
                    -0.3307552933692932,
                    -0.6993061304092407,
                    -2.818993091583252
                ],
                [
                    -0.7735813856124878,
                    -0.27094578742980957,
                    -0.5728526711463928,
                    -2.3092429637908936
                ],
                [
                    0.0,
                    0.9039851427078247,
                    -0.4275636672973633,
                    -1.7235642671585083
                ],
                [
                    0.0,
                    0.0,
                    0.0,
                    1.0
                ]
            ]
        },
        {
            "file_path": "/data/shapenet_blender/all_50_random/02958343/355e7a7bde7d43c1ace5721ccacba16/r_41",
            "rotation": 0.12566370614359174,
            "transform_matrix": [
                [
                    0.2947874069213867,
                    -0.3990183174610138,
                    -0.8682653903961182,
                    -3.500089645385742
                ],
                [
                    -0.9555628299713135,
                    -0.12309559434652328,
                    -0.26785650849342346,
                    -1.0797641277313232
                ],
