{
    "class": "02958343",
    "model": "26569f96aa6c4ed880af23b535873bb9",
    "remove_doubles": true,
    "edge_split": true,
    "denoise": true,
    "camera_angle_x": 0.6911112070083618,
    "scale_factor": 2.226410432158523,
    "hdri_file": "/data/IndoorHDRDataset2018/AG8A5540-f5c7b0336d.exr",
    "center_offset": [
        0.0,
        -3.725290298461914e-09,
        0.0
    ],
    "lights": [],
    "frames": [
        {
            "file_path": "/data/shapenet_blender/all_50_random/02958343/26569f96aa6c4ed880af23b535873bb9/r_0",
            "rotation": 0.12566370614359174,
            "transform_matrix": [
                [
                    0.9642109870910645,
                    -0.08564519137144089,
                    0.2509225904941559,
                    1.011501431465149
                ],
                [
                    0.26513633131980896,
                    0.31146252155303955,
                    -0.9125204682350159,
                    -3.67848801612854
                ],
                [
                    0.0,
                    0.9463909864425659,
                    0.3230232000350952,
                    1.3021483421325684
                ],
                [
                    0.0,
                    0.0,
                    0.0,
                    1.0
                ]
            ]
        },
        {
            "file_path": "/data/shapenet_blender/all_50_random/02958343/26569f96aa6c4ed880af23b535873bb9/r_1",
            "rotation": 0.12566370614359174,
            "transform_matrix": [
                [
                    -0.999519944190979,
                    -0.0022187631111592054,
                    0.03090418316423893,
                    0.12457874417304993
                ],
                [
                    0.030983731150627136,
                    -0.07157620787620544,
                    0.9969537854194641,
                    4.0188493728637695
                ],
                [
                    0.0,
                    0.9974327087402344,
                    0.07161058485507965,
                    0.28867149353027344
                ],
                [
                    0.0,
                    0.0,
                    0.0,
                    1.0
                ]
            ]
        },
        {
            "file_path": "/data/shapenet_blender/all_50_random/02958343/26569f96aa6c4ed880af23b535873bb9/r_2",
            "rotation": 0.12566370614359174,
            "transform_matrix": [
                [
                    -0.9970748424530029,
                    0.020757809281349182,
                    -0.07355780154466629,
                    -0.29652100801467896
                ],
                [
                    -0.07643059641122818,
                    -0.2707958519458771,
                    0.9595977663993835,
                    3.868262529373169
                ],
                [
                    0.0,
                    0.96241295337677,
                    0.2715902328491211,
                    1.0948153734207153
                ],
                [
                    0.0,
                    0.0,
                    0.0,
                    1.0
                ]
            ]
        },
        {
            "file_path": "/data/shapenet_blender/all_50_random/02958343/26569f96aa6c4ed880af23b535873bb9/r_3",
            "rotation": 0.12566370614359174,
            "transform_matrix": [
                [
                    -0.9017035365104675,
                    0.24407744407653809,
                    -0.3568710386753082,
                    -1.4385931491851807
                ],
                [
                    -0.4323549270629883,
                    -0.5090389847755432,
                    0.7442771792411804,
                    3.000277280807495
                ],
                [
                    -1.4901161193847656e-08,
                    0.8254122734069824,
                    0.5645303726196289,
                    2.2756946086883545
                ],
                [
                    0.0,
                    0.0,
                    0.0,
                    1.0
                ]
            ]
        },
        {
            "file_path": "/data/shapenet_blender/all_50_random/02958343/26569f96aa6c4ed880af23b535873bb9/r_4",
            "rotation": 0.12566370614359174,
            "transform_matrix": [
                [
                    -0.11925597488880157,
                    0.22275595366954803,
                    -0.9675524830818176,
                    -3.9003288745880127
                ],
                [
                    -0.992863655090332,
                    -0.026755917817354202,
                    0.1162157729268074,
                    0.46848076581954956
                ],
                [
                    1.862645371275562e-09,
                    0.9745069742202759,
                    0.22435706853866577,
                    0.9044122695922852
                ],
                [
                    0.0,
                    0.0,
                    0.0,
                    1.0
                ]
            ]
        },
        {
            "file_path": "/data/shapenet_blender/all_50_random/02958343/26569f96aa6c4ed880af23b535873bb9/r_5",
            "rotation": 0.12566370614359174,
            "transform_matrix": [
                [
                    0.5137950778007507,
                    -0.2547440230846405,
                    -0.8192191123962402,
                    -3.3023781776428223
                ],
                [
                    -0.8579129576683044,
                    -0.15256352722644806,
                    -0.49062177538871765,
                    -1.9777597188949585
                ],
                [
                    7.450580596923828e-09,
                    0.9548978209495544,
                    -0.2969345450401306,
                    -1.1969815492630005
                ],
                [
                    0.0,
                    0.0,
                    0.0,
                    1.0
                ]
            ]
        },
        {
            "file_path": "/data/shapenet_blender/all_50_random/02958343/26569f96aa6c4ed880af23b535873bb9/r_6",
            "rotation": 0.12566370614359174,
            "transform_matrix": [
                [
                    0.5287643671035767,
                    0.3050137460231781,
                    -0.7920700311660767,
                    -3.192936420440674
                ],
                [
                    -0.8487687110900879,
                    0.19001688063144684,
                    -0.4934422969818115,
                    -1.9891295433044434
                ],
                [
                    -1.4901161193847656e-08,
                    0.9331989288330078,
                    0.3593602478504181,
                    1.4486274719238281
                ],
                [
                    0.0,
                    0.0,
                    0.0,
                    1.0
                ]
            ]
        },
        {
            "file_path": "/data/shapenet_blender/all_50_random/02958343/26569f96aa6c4ed880af23b535873bb9/r_7",
            "rotation": 0.12566370614359174,
            "transform_matrix": [
                [
                    0.9278291463851929,
                    0.001412037992849946,
                    0.37300294637680054,
                    1.503623127937317
                ],
                [
                    0.37300562858581543,
                    -0.0035123596899211407,
                    -0.9278224110603333,
                    -3.7401719093322754
                ],
                [
                    0.0,
                    0.9999927878379822,
                    -0.0037855678237974644,
                    -0.015260113403201103
                ],
                [
                    0.0,
                    0.0,
                    0.0,
                    1.0
                ]
            ]
        },
        {
            "file_path": "/data/shapenet_blender/all_50_random/02958343/26569f96aa6c4ed880af23b535873bb9/r_8",
            "rotation": 0.12566370614359174,
            "transform_matrix": [
                [
                    0.598158597946167,
                    -0.7663153409957886,
                    0.23445062339305878,
                    0.9451006650924683
                ],
                [
                    0.8013778328895569,
                    0.571987509727478,
                    -0.17499692738056183,
                    -0.7054351568222046
                ],
                [
                    0.0,
                    0.292559415102005,
                    0.9562473297119141,
                    3.8547563552856445
                ],
                [
                    0.0,
                    0.0,
                    0.0,
                    1.0
                ]
            ]
        },
        {
            "file_path": "/data/shapenet_blender/all_50_random/02958343/26569f96aa6c4ed880af23b535873bb9/r_9",
            "rotation": 0.12566370614359174,
            "transform_matrix": [
                [
                    0.8079781532287598,
                    0.4410710036754608,
                    -0.390675812959671,
                    -1.5748646259307861
                ],
                [
                    -0.5892124176025391,
                    0.6048340201377869,
                    -0.535727858543396,
                    -2.159588098526001
                ],
                [
                    0.0,
                    0.6630473732948303,
                    0.748577356338501,
                    3.0176117420196533
                ],
                [
                    0.0,
                    0.0,
                    0.0,
                    1.0
                ]
            ]
        },
        {
            "file_path": "/data/shapenet_blender/all_50_random/02958343/26569f96aa6c4ed880af23b535873bb9/r_10",
            "rotation": 0.12566370614359174,
            "transform_matrix": [
                [
                    0.3668791651725769,
                    0.35719311237335205,
                    -0.8589602708816528,
                    -3.4625794887542725
                ],
                [
                    -0.9302686452865601,
                    0.14086975157260895,
                    -0.33875659108161926,
                    -1.3655714988708496
                ],
                [
                    0.0,
                    0.9233464002609253,
                    0.3839678168296814,
                    1.5478237867355347
                ],
                [
                    0.0,
                    0.0,
                    0.0,
                    1.0
                ]
            ]
        },
        {
            "file_path": "/data/shapenet_blender/all_50_random/02958343/26569f96aa6c4ed880af23b535873bb9/r_11",
            "rotation": 0.12566370614359174,
            "transform_matrix": [
                [
                    -0.9999501705169678,
                    0.006299599539488554,
                    -0.007751926779747009,
                    -0.031249016523361206
                ],
                [
                    -0.009988860227167606,
                    -0.6306310892105103,
                    0.7760184407234192,
                    3.128230333328247
                ],
                [
                    -9.31322685637781e-10,
                    0.7760571837425232,
                    0.6306625604629517,
                    2.5422821044921875
                ],
                [
                    0.0,
                    0.0,
                    0.0,
                    1.0
                ]
            ]
        },
        {
            "file_path": "/data/shapenet_blender/all_50_random/02958343/26569f96aa6c4ed880af23b535873bb9/r_12",
            "rotation": 0.12566370614359174,
            "transform_matrix": [
                [
                    -0.9999967813491821,
                    0.0009566742228344083,
                    0.0023489869199693203,
                    0.009469069540500641
                ],
                [
                    0.002536328975111246,
                    0.3771872818470001,
                    0.9261335134506226,
                    3.733363628387451
                ],
                [
                    0.0,
                    0.9261364340782166,
                    -0.3771885931491852,
                    -1.520495891571045
                ],
                [
                    0.0,
                    0.0,
                    0.0,
                    1.0
                ]
            ]
        },
        {
            "file_path": "/data/shapenet_blender/all_50_random/02958343/26569f96aa6c4ed880af23b535873bb9/r_13",
            "rotation": 0.12566370614359174,
            "transform_matrix": [
                [
                    -0.15622423589229584,
                    0.9204428195953369,
                    -0.3582998216152191,
                    -1.4443528652191162
                ],
                [
                    -0.9877216219902039,
                    -0.14558300375938416,
                    0.05667094886302948,
                    0.22844791412353516
                ],
                [
                    0.0,
                    0.3627537786960602,
                    0.9318848848342896,
                    3.7565484046936035
                ],
                [
                    0.0,
                    0.0,
                    0.0,
                    1.0
                ]
            ]
        },
        {
            "file_path": "/data/shapenet_blender/all_50_random/02958343/26569f96aa6c4ed880af23b535873bb9/r_14",
            "rotation": 0.12566370614359174,
            "transform_matrix": [
                [
                    0.4006766378879547,
                    0.8439878821372986,
                    0.3565705716609955,
                    1.4373821020126343
                ],
                [
                    0.9162195324897766,
                    -0.36908864974975586,
                    -0.1559336930513382,
                    -0.628588855266571
                ],
                [
                    0.0,
                    0.3891758620738983,
                    -0.9211633205413818,
                    -3.7133283615112305
                ],
                [
                    0.0,
                    0.0,
                    0.0,
                    1.0
                ]
            ]
        },
        {
            "file_path": "/data/shapenet_blender/all_50_random/02958343/26569f96aa6c4ed880af23b535873bb9/r_15",
            "rotation": 0.12566370614359174,
            "transform_matrix": [
                [
                    -0.23804537951946259,
                    -0.31779804825782776,
                    -0.9177900552749634,
                    -3.699730396270752
                ],
                [
                    -0.9712540507316589,
                    0.07788936793804169,
                    0.22494184970855713,
                    0.9067696332931519
                ],
                [
                    7.450580596923828e-09,
                    0.9449536800384521,
                    -0.3272038400173187,
                    -1.3190009593963623
                ],
                [
                    0.0,
                    0.0,
                    0.0,
                    1.0
                ]
            ]
        },
        {
            "file_path": "/data/shapenet_blender/all_50_random/02958343/26569f96aa6c4ed880af23b535873bb9/r_16",
            "rotation": 0.12566370614359174,
            "transform_matrix": [
                [
                    0.5405537486076355,
                    0.4174441695213318,
                    0.7304396033287048,
                    2.9444961547851562
                ],
                [
                    0.8413096070289612,
                    -0.26821404695510864,
                    -0.4693182110786438,
                    -1.8918821811676025
                ],
                [
                    1.4901162970204496e-08,
                    0.8682174682617188,
                    -0.4961838126182556,
                    -2.000180959701538
                ],
                [
                    0.0,
                    0.0,
                    0.0,
                    1.0
                ]
            ]
        },
        {
            "file_path": "/data/shapenet_blender/all_50_random/02958343/26569f96aa6c4ed880af23b535873bb9/r_17",
            "rotation": 0.12566370614359174,
            "transform_matrix": [
                [
                    -0.9278382062911987,
                    0.33461523056030273,
                    0.1647692322731018,
                    0.6642060279846191
                ],
                [
                    0.3729829490184784,
                    0.8323941230773926,
                    0.409882515668869,
                    1.6522892713546753
                ],
                [
                    -1.4901161193847656e-08,
                    0.4417605996131897,
                    -0.897132933139801,
                    -3.6164584159851074
                ],
                [
                    0.0,
                    0.0,
                    0.0,
                    1.0
                ]
            ]
        },
        {
            "file_path": "/data/shapenet_blender/all_50_random/02958343/26569f96aa6c4ed880af23b535873bb9/r_18",
            "rotation": 0.12566370614359174,
            "transform_matrix": [
                [
                    -0.9657076597213745,
                    -0.017257055267691612,
                    -0.2590576410293579,
                    -1.0442947149276733
                ],
                [
                    -0.25963178277015686,
                    0.06418809294700623,
                    0.9635721445083618,
                    3.8842835426330566
                ],
                [
                    -1.8626449271863521e-09,
                    0.997788667678833,
                    -0.06646741181612015,
                    -0.2679387032985687
                ],
                [
                    0.0,
                    0.0,
                    0.0,
                    1.0
                ]
            ]
        },
        {
            "file_path": "/data/shapenet_blender/all_50_random/02958343/26569f96aa6c4ed880af23b535873bb9/r_19",
            "rotation": 0.12566370614359174,
            "transform_matrix": [
                [
                    0.36596667766571045,
                    0.14187617599964142,
                    0.9197496771812439,
                    3.707629442214966
                ],
                [
                    0.9306278824806213,
                    -0.05579238757491112,
                    -0.36168885231018066,
                    -1.4580143690109253
                ],
                [
                    -3.725290076417309e-09,
                    0.9883108139038086,
                    -0.15245208144187927,
                    -0.6145539879798889
                ],
                [
                    0.0,
                    0.0,
                    0.0,
                    1.0
                ]
            ]
        },
        {
            "file_path": "/data/shapenet_blender/all_50_random/02958343/26569f96aa6c4ed880af23b535873bb9/r_20",
            "rotation": 0.12566370614359174,
            "transform_matrix": [
                [
                    0.6298315525054932,
                    0.4279051423072815,
                    -0.6482356786727905,
                    -2.613121509552002
                ],
                [
                    -0.7767317295074463,
                    0.3469771146774292,
                    -0.5256373882293701,
                    -2.1189119815826416
                ],
                [
                    0.0,
                    0.8345682621002197,
                    0.5509046316146851,
                    2.2207674980163574
                ],
                [
                    0.0,
                    0.0,
                    0.0,
                    1.0
                ]
            ]
        },
        {
            "file_path": "/data/shapenet_blender/all_50_random/02958343/26569f96aa6c4ed880af23b535873bb9/r_21",
            "rotation": 0.12566370614359174,
            "transform_matrix": [
                [
                    0.9790638089179993,
                    -0.10757182538509369,
                    -0.17280720174312592,
                    -0.6966081261634827
                ],
                [
                    -0.20355351269245148,
                    -0.5174053907394409,
                    -0.8311784267425537,
                    -3.3505873680114746
                ],
                [
                    0.0,
                    0.8489522337913513,
                    -0.5284696221351624,
                    -2.130329132080078
                ],
                [
                    0.0,
                    0.0,
                    0.0,
                    1.0
                ]
            ]
        },
        {
            "file_path": "/data/shapenet_blender/all_50_random/02958343/26569f96aa6c4ed880af23b535873bb9/r_22",
            "rotation": 0.12566370614359174,
            "transform_matrix": [
                [
                    0.25052332878112793,
                    -0.7315016388893127,
                    -0.6341477036476135,
                    -2.556331157684326
                ],
                [
                    -0.9681106805801392,
                    -0.189294695854187,
                    -0.16410188376903534,
                    -0.6615158319473267
                ],
                [
                    0.0,
                    0.655036449432373,
                    -0.7555972337722778,
                    -3.045909881591797
                ],
                [
                    0.0,
                    0.0,
                    0.0,
                    1.0
                ]
            ]
        },
        {
            "file_path": "/data/shapenet_blender/all_50_random/02958343/26569f96aa6c4ed880af23b535873bb9/r_23",
            "rotation": 0.12566370614359174,
            "transform_matrix": [
                [
                    -0.5987321734428406,
                    -0.7613205313682556,
                    -0.2488185316324234,
                    -1.0030195713043213
                ],
                [
                    -0.8009493350982666,
                    0.5691085457801819,
                    0.1859988570213318,
                    0.7497853636741638
                ],
                [
                    0.0,
                    0.31065449118614197,
                    -0.9505228996276855,
                    -3.8316802978515625
                ],
                [
                    0.0,
                    0.0,
                    0.0,
                    1.0
                ]
            ]
        },
        {
            "file_path": "/data/shapenet_blender/all_50_random/02958343/26569f96aa6c4ed880af23b535873bb9/r_24",
            "rotation": 0.12566370614359174,
            "transform_matrix": [
                [
                    -0.719468355178833,
                    -0.48931020498275757,
                    -0.49289023876190186,
                    -1.9869041442871094
                ],
                [
                    -0.6945252418518066,
                    0.5068832635879517,
                    0.5105918645858765,
                    2.0582616329193115
                ],
                [
                    1.4901161193847656e-08,
                    0.7096793055534363,
                    -0.7045247554779053,
                    -2.8400301933288574
                ],
                [
                    0.0,
                    0.0,
                    0.0,
                    1.0
                ]
            ]
        },
        {
            "file_path": "/data/shapenet_blender/all_50_random/02958343/26569f96aa6c4ed880af23b535873bb9/r_25",
            "rotation": 0.12566370614359174,
            "transform_matrix": [
                [
                    -0.9707873463630676,
                    -0.20780161023139954,
                    0.11995939910411835,
                    0.4835718274116516
                ],
                [
                    0.23994113504886627,
                    -0.8407527208328247,
                    0.4853484630584717,
                    1.9565023183822632
                ],
                [
                    0.0,
                    0.49995335936546326,
                    0.8660522699356079,
                    3.49116849899292
                ],
                [
                    0.0,
                    0.0,
                    0.0,
                    1.0
                ]
            ]
        },
        {
            "file_path": "/data/shapenet_blender/all_50_random/02958343/26569f96aa6c4ed880af23b535873bb9/r_26",
            "rotation": 0.12566370614359174,
            "transform_matrix": [
                [
                    -0.9145746231079102,
                    -0.15215110778808594,
                    0.3747042119503021,
                    1.5104809999465942
                ],
                [
                    0.40441712737083435,
                    -0.3440841734409332,
                    0.8473799228668213,
                    3.415897846221924
                ],
                [
                    -1.4901161193847656e-08,
                    0.926529049873352,
                    0.3762231767177582,
                    1.5166041851043701
                ],
                [
                    0.0,
                    0.0,
                    0.0,
                    1.0
                ]
            ]
        },
        {
            "file_path": "/data/shapenet_blender/all_50_random/02958343/26569f96aa6c4ed880af23b535873bb9/r_27",
            "rotation": 0.12566370614359174,
            "transform_matrix": [
                [
                    -0.4896549582481384,
                    0.09858497232198715,
                    0.8663249015808105,
                    3.492267608642578
                ],
                [
                    0.8719162940979004,
                    0.05536382645368576,
                    0.4865149259567261,
                    1.9612045288085938
                ],
                [
                    0.0,
                    0.9935873746871948,
                    -0.11306700110435486,
                    -0.45578768849372864
                ],
                [
                    0.0,
                    0.0,
                    0.0,
                    1.0
                ]
            ]
        },
        {
            "file_path": "/data/shapenet_blender/all_50_random/02958343/26569f96aa6c4ed880af23b535873bb9/r_28",
            "rotation": 0.12566370614359174,
            "transform_matrix": [
                [
                    0.9597989320755005,
                    0.2784591019153595,
                    -0.03530804067850113,
                    -0.14233127236366272
                ],
                [
                    -0.28068870306015015,
                    0.9521749019622803,
                    -0.1207338199019432,
                    -0.4866936206817627
                ],
                [
                    0.0,
                    0.12579065561294556,
                    0.9920567274093628,
                    3.9991087913513184
                ],
                [
                    0.0,
                    0.0,
                    0.0,
                    1.0
                ]
            ]
        },
        {
            "file_path": "/data/shapenet_blender/all_50_random/02958343/26569f96aa6c4ed880af23b535873bb9/r_29",
            "rotation": 0.12566370614359174,
            "transform_matrix": [
                [
                    0.6329132914543152,
                    -0.34824061393737793,
                    -0.6914833784103394,
                    -2.787458658218384
                ],
                [
                    -0.7742226719856262,
                    -0.28468048572540283,
                    -0.5652753114700317,
                    -2.2786977291107178
                ],
                [
                    -1.4901160305669237e-08,
                    0.8931324481964111,
                    -0.44979387521743774,
                    -1.8131771087646484
                ],
                [
                    0.0,
                    0.0,
                    0.0,
                    1.0
                ]
            ]
        },
        {
            "file_path": "/data/shapenet_blender/all_50_random/02958343/26569f96aa6c4ed880af23b535873bb9/r_30",
            "rotation": 0.12566370614359174,
            "transform_matrix": [
                [
                    -0.882668137550354,
                    -0.14779968559741974,
                    0.44615283608436584,
                    1.798499584197998
                ],
                [
                    0.46999695897102356,
                    -0.2775721848011017,
                    0.8378881812095642,
                    3.3776352405548096
                ],
                [
                    7.450581485102248e-09,
                    0.9492674469947815,
                    0.3144695460796356,
                    1.267667293548584
                ],
                [
                    0.0,
                    0.0,
                    0.0,
                    1.0
                ]
            ]
        },
        {
            "file_path": "/data/shapenet_blender/all_50_random/02958343/26569f96aa6c4ed880af23b535873bb9/r_31",
            "rotation": 0.12566370614359174,
            "transform_matrix": [
                [
                    0.10989286005496979,
                    0.32544368505477905,
                    -0.9391538500785828,
                    -3.7858502864837646
                ],
                [
                    -0.9939435124397278,
                    0.035981856286525726,
                    -0.10383517295122147,
                    -0.41857296228408813
                ],
                [
                    -3.725290298461914e-09,
                    0.9448766708374023,
                    0.3274267315864563,
                    1.319899320602417
                ],
                [
                    0.0,
                    0.0,
                    0.0,
                    1.0
                ]
            ]
        },
        {
            "file_path": "/data/shapenet_blender/all_50_random/02958343/26569f96aa6c4ed880af23b535873bb9/r_32",
            "rotation": 0.12566370614359174,
            "transform_matrix": [
                [
                    -0.9011864066123962,
                    -0.018438443541526794,
                    -0.43303924798965454,
                    -1.745637059211731
                ],
                [
                    -0.43343159556388855,
                    0.038337014615535736,
                    0.9003706574440002,
                    3.6295101642608643
                ],
                [
                    -1.8626450382086546e-09,
                    0.9990947246551514,
                    -0.04254060238599777,
                    -0.17148664593696594
                ],
                [
                    0.0,
                    0.0,
                    0.0,
                    1.0
                ]
            ]
        },
        {
            "file_path": "/data/shapenet_blender/all_50_random/02958343/26569f96aa6c4ed880af23b535873bb9/r_33",
            "rotation": 0.12566370614359174,
            "transform_matrix": [
                [
                    -0.23061564564704895,
                    -0.42198657989501953,
                    0.8767803311347961,
                    3.534414529800415
                ],
                [
                    0.9730449914932251,
                    -0.10001254826784134,
                    0.20780053734779358,
                    0.8376707434654236
                ],
                [
                    0.0,
                    0.9010686874389648,
                    0.4336763918399811,
                    1.7482054233551025
                ],
                [
                    0.0,
                    0.0,
                    0.0,
                    1.0
                ]
            ]
        },
        {
            "file_path": "/data/shapenet_blender/all_50_random/02958343/26569f96aa6c4ed880af23b535873bb9/r_34",
            "rotation": 0.12566370614359174,
            "transform_matrix": [
                [
                    -0.33634787797927856,
                    -0.06878407299518585,
                    -0.9392224550247192,
                    -3.7861268520355225
                ],
                [
                    -0.9417378306388855,
                    0.024566685780882835,
                    0.3354495167732239,
                    1.3522402048110962
                ],
                [
                    0.0,
                    0.99732905626297,
                    -0.07303950935602188,
                    -0.2944316864013672
                ],
                [
                    0.0,
                    0.0,
                    0.0,
                    1.0
                ]
            ]
        },
        {
            "file_path": "/data/shapenet_blender/all_50_random/02958343/26569f96aa6c4ed880af23b535873bb9/r_35",
            "rotation": 0.12566370614359174,
            "transform_matrix": [
                [
                    -0.5171198844909668,
                    -0.6559968590736389,
                    0.5497772693634033,
                    2.2162230014801025
                ],
                [
                    0.855912983417511,
                    -0.3963358700275421,
                    0.3321608006954193,
                    1.3389830589294434
                ],
                [
                    2.9802322387695312e-08,
                    0.6423283815383911,
                    0.7664294838905334,
                    3.089576005935669
                ],
                [
                    0.0,
                    0.0,
                    0.0,
                    1.0
                ]
            ]
        },
        {
            "file_path": "/data/shapenet_blender/all_50_random/02958343/26569f96aa6c4ed880af23b535873bb9/r_36",
            "rotation": 0.12566370614359174,
            "transform_matrix": [
                [
                    -0.9908338189125061,
                    -0.05713072791695595,
                    -0.122410848736763,
                    -0.4934539496898651
                ],
                [
                    -0.13508641719818115,
                    0.41904330253601074,
                    0.8978608846664429,
                    3.6193933486938477
                ],
                [
                    0.0,
                    0.9061670899391174,
                    -0.4229198098182678,
                    -1.704844355583191
                ],
                [
                    0.0,
                    0.0,
                    0.0,
                    1.0
                ]
            ]
        },
        {
            "file_path": "/data/shapenet_blender/all_50_random/02958343/26569f96aa6c4ed880af23b535873bb9/r_37",
            "rotation": 0.12566370614359174,
            "transform_matrix": [
                [
                    -0.9107155799865723,
                    0.368815153837204,
                    0.1859368532896042,
                    0.7495354413986206
                ],
                [
                    0.4130341410636902,
                    0.813215434551239,
                    0.4099796414375305,
                    1.65268075466156
                ],
                [
                    -1.4901162970204496e-08,
                    0.45017310976982117,
                    -0.8929412961006165,
                    -3.5995614528656006
                ],
                [
                    0.0,
                    0.0,
                    0.0,
                    1.0
                ]
            ]
        },
        {
            "file_path": "/data/shapenet_blender/all_50_random/02958343/26569f96aa6c4ed880af23b535873bb9/r_38",
            "rotation": 0.12566370614359174,
            "transform_matrix": [
                [
                    -0.5914785265922546,
                    -0.6867607235908508,
                    -0.4225079417228699,
                    -1.7031841278076172
                ],
                [
                    -0.8063207268714905,
                    0.5037750005722046,
                    0.3099317252635956,
                    1.2493748664855957
                ],
                [
                    -1.4901159417490817e-08,
                    0.5239949226379395,
                    -0.8517213463783264,
                    -3.433398723602295
                ],
                [
                    0.0,
                    0.0,
                    0.0,
                    1.0
                ]
            ]
        },
        {
            "file_path": "/data/shapenet_blender/all_50_random/02958343/26569f96aa6c4ed880af23b535873bb9/r_39",
            "rotation": 0.12566370614359174,
            "transform_matrix": [
                [
                    -0.05924326926469803,
                    -0.3468986749649048,
                    0.9360296726226807,
                    3.773256301879883
                ],
                [
                    0.9982435703277588,
                    -0.02058757282793522,
                    0.05555102974176407,
                    0.2239333689212799
                ],
                [
                    0.0,
                    0.9376766085624695,
                    0.3475090563297272,
                    1.4008538722991943
                ],
                [
                    0.0,
                    0.0,
                    0.0,
                    1.0
                ]
            ]
        },
        {
            "file_path": "/data/shapenet_blender/all_50_random/02958343/26569f96aa6c4ed880af23b535873bb9/r_40",
            "rotation": 0.12566370614359174,
            "transform_matrix": [
                [
                    -0.43995216488838196,
                    -0.642244815826416,
                    0.6276652216911316,
                    2.5301997661590576
                ],
                [
                    0.8980212211608887,
                    -0.3146440088748932,
                    0.30750128626823425,
                    1.2395774126052856
                ],
                [
                    0.0,
                    0.6989426612854004,
                    0.7151776552200317,
                    2.8829736709594727
                ],
                [
                    0.0,
                    0.0,
                    0.0,
                    1.0
                ]
            ]
        },
        {
            "file_path": "/data/shapenet_blender/all_50_random/02958343/26569f96aa6c4ed880af23b535873bb9/r_41",
            "rotation": 0.12566370614359174,
            "transform_matrix": [
                [
                    0.8062648177146912,
                    0.07016652822494507,
                    -0.5873786211013794,
                    -2.3677990436553955
                ],
                [
                    -0.5915547013282776,
                    0.0956341102719307,
                    -0.8005729913711548,
                    -3.227212905883789
                ],
                [
