{
    "class": "02958343",
    "model": "fc2b81391e185db9f1335b4fef92b83f",
    "remove_doubles": true,
    "edge_split": true,
    "denoise": true,
    "camera_angle_x": 0.6911112070083618,
    "scale_factor": 2.2978628520744326,
    "hdri_file": "/data/IndoorHDRDataset2018/AG8A5962-67c11ea591.exr",
    "center_offset": [
        0.0,
        -1.862645149230957e-09,
        0.0
    ],
    "lights": [],
    "frames": [
        {
            "file_path": "/data/shapenet_blender/all_50_random/02958343/fc2b81391e185db9f1335b4fef92b83f/r_0",
            "rotation": 0.12566370614359174,
            "transform_matrix": [
                [
                    -0.9273938536643982,
                    -0.02873428538441658,
                    0.37298107147216797,
                    1.5035347938537598
                ],
                [
                    0.37408626079559326,
                    -0.07123489677906036,
                    0.924653947353363,
                    3.7273993492126465
                ],
                [
                    0.0,
                    0.9970455765724182,
                    0.07681191712617874,
                    0.30963873863220215
                ],
                [
                    0.0,
                    0.0,
                    0.0,
                    1.0
                ]
            ]
        },
        {
            "file_path": "/data/shapenet_blender/all_50_random/02958343/fc2b81391e185db9f1335b4fef92b83f/r_1",
            "rotation": 0.12566370614359174,
            "transform_matrix": [
                [
                    0.9704972505569458,
                    -0.1557103842496872,
                    0.1840902864933014,
                    0.7420916557312012
                ],
                [
                    0.2411118894815445,
                    0.6267484426498413,
                    -0.7409800887107849,
                    -2.9869861602783203
                ],
                [
                    0.0,
                    0.7635055184364319,
                    0.6458012461662292,
                    2.6033082008361816
                ],
                [
                    0.0,
                    0.0,
                    0.0,
                    1.0
                ]
            ]
        },
        {
            "file_path": "/data/shapenet_blender/all_50_random/02958343/fc2b81391e185db9f1335b4fef92b83f/r_2",
            "rotation": 0.12566370614359174,
            "transform_matrix": [
                [
                    0.3209560811519623,
                    -0.10704337060451508,
                    0.9410255551338196,
                    3.7933948040008545
                ],
                [
                    0.9470940828323364,
                    0.03627540543675423,
                    -0.318899542093277,
                    -1.2855249643325806
                ],
                [
                    0.0,
                    0.9935923218727112,
                    0.11302298307418823,
                    0.45561015605926514
                ],
                [
                    0.0,
                    0.0,
                    0.0,
                    1.0
                ]
            ]
        },
        {
            "file_path": "/data/shapenet_blender/all_50_random/02958343/fc2b81391e185db9f1335b4fef92b83f/r_3",
            "rotation": 0.12566370614359174,
            "transform_matrix": [
                [
                    -0.20261552929878235,
                    0.39319443702697754,
                    -0.8968527913093567,
                    -3.6153295040130615
                ],
                [
                    -0.9792584180831909,
                    -0.08135471493005753,
                    0.18556520342826843,
                    0.7480373382568359
                ],
                [
                    0.0,
                    0.9158490896224976,
                    0.40152260661125183,
                    1.6185895204544067
                ],
                [
                    0.0,
                    0.0,
                    0.0,
                    1.0
                ]
            ]
        },
        {
            "file_path": "/data/shapenet_blender/all_50_random/02958343/fc2b81391e185db9f1335b4fef92b83f/r_4",
            "rotation": 0.12566370614359174,
            "transform_matrix": [
                [
                    -0.8497114181518555,
                    0.1959945112466812,
                    0.4894656538963318,
                    1.9730991125106812
                ],
                [
                    0.5272480249404907,
                    0.3158642053604126,
                    0.7888214588165283,
                    3.1798410415649414
                ],
                [
                    0.0,
                    0.9283403158187866,
                    -0.3717311918735504,
                    -1.498496413230896
                ],
                [
                    0.0,
                    0.0,
                    0.0,
                    1.0
                ]
            ]
        },
        {
            "file_path": "/data/shapenet_blender/all_50_random/02958343/fc2b81391e185db9f1335b4fef92b83f/r_5",
            "rotation": 0.12566370614359174,
            "transform_matrix": [
                [
                    0.9982335567474365,
                    -0.04493030905723572,
                    0.038873329758644104,
                    0.1567034125328064
                ],
                [
                    0.059412699192762375,
                    0.7549049854278564,
                    -0.6531375050544739,
                    -2.6328816413879395
                ],
                [
                    0.0,
                    0.6542933583259583,
                    0.7562407851219177,
                    3.04850435256958
                ],
                [
                    0.0,
                    0.0,
                    0.0,
                    1.0
                ]
            ]
        },
        {
            "file_path": "/data/shapenet_blender/all_50_random/02958343/fc2b81391e185db9f1335b4fef92b83f/r_6",
            "rotation": 0.12566370614359174,
            "transform_matrix": [
                [
                    -0.9993855357170105,
                    -0.006717725656926632,
                    -0.03440699353814125,
                    -0.1386990249156952
                ],
                [
                    -0.03505666181445122,
                    0.19150704145431519,
                    0.980864942073822,
                    3.953993082046509
                ],
                [
                    0.0,
                    0.9814682602882385,
                    -0.19162483513355255,
                    -0.772464394569397
                ],
                [
                    0.0,
                    0.0,
                    0.0,
                    1.0
                ]
            ]
        },
        {
            "file_path": "/data/shapenet_blender/all_50_random/02958343/fc2b81391e185db9f1335b4fef92b83f/r_7",
            "rotation": 0.12566370614359174,
            "transform_matrix": [
                [
                    0.6029621362686157,
                    -0.4626256227493286,
                    0.649933934211731,
                    2.619967460632324
                ],
                [
                    0.7977697253227234,
                    0.34965696930885315,
                    -0.4912264347076416,
                    -1.9801970720291138
                ],
                [
                    0.0,
                    0.814688503742218,
                    0.5798987150192261,
                    2.337646484375
                ],
                [
                    0.0,
                    0.0,
                    0.0,
                    1.0
                ]
            ]
        },
        {
            "file_path": "/data/shapenet_blender/all_50_random/02958343/fc2b81391e185db9f1335b4fef92b83f/r_8",
            "rotation": 0.12566370614359174,
            "transform_matrix": [
                [
                    -0.19006389379501343,
                    0.13133539259433746,
                    0.9729474782943726,
                    3.92207670211792
                ],
                [
                    0.9817717671394348,
                    0.025425579398870468,
                    0.18835556507110596,
                    0.759285569190979
                ],
                [
                    0.0,
                    0.991011917591095,
                    -0.13377384841442108,
                    -0.5392596125602722
                ],
                [
                    0.0,
                    0.0,
                    0.0,
                    1.0
                ]
            ]
        },
        {
            "file_path": "/data/shapenet_blender/all_50_random/02958343/fc2b81391e185db9f1335b4fef92b83f/r_9",
            "rotation": 0.12566370614359174,
            "transform_matrix": [
                [
                    0.37760671973228455,
                    0.44290709495544434,
                    -0.8131706118583679,
                    -3.2779955863952637
                ],
                [
                    -0.9259660840034485,
                    0.18061643838882446,
                    -0.33160901069641113,
                    -1.3367587327957153
                ],
                [
                    0.0,
                    0.8781861662864685,
                    0.4783189296722412,
                    1.928165316581726
                ],
                [
                    0.0,
                    0.0,
                    0.0,
                    1.0
                ]
            ]
        },
        {
            "file_path": "/data/shapenet_blender/all_50_random/02958343/fc2b81391e185db9f1335b4fef92b83f/r_10",
            "rotation": 0.12566370614359174,
            "transform_matrix": [
                [
                    -0.9461492896080017,
                    0.08744747936725616,
                    -0.31169626116752625,
                    -1.2564878463745117
                ],
                [
                    -0.32373082637786865,
                    -0.2555776834487915,
                    0.9109765887260437,
                    3.6722640991210938
                ],
                [
                    0.0,
                    0.9628255367279053,
                    0.27012404799461365,
                    1.088904857635498
                ],
                [
                    0.0,
                    0.0,
                    0.0,
                    1.0
                ]
            ]
        },
        {
            "file_path": "/data/shapenet_blender/all_50_random/02958343/fc2b81391e185db9f1335b4fef92b83f/r_11",
            "rotation": 0.12566370614359174,
            "transform_matrix": [
                [
                    -0.6906696557998657,
                    -0.5371577739715576,
                    0.4841868281364441,
                    1.951819658279419
                ],
                [
                    0.7231703996658325,
                    -0.5130168199539185,
                    0.46242648363113403,
                    1.8641009330749512
                ],
                [
                    0.0,
                    0.6695335507392883,
                    0.7427816987037659,
                    2.994249105453491
                ],
                [
                    0.0,
                    0.0,
                    0.0,
                    1.0
                ]
            ]
        },
        {
            "file_path": "/data/shapenet_blender/all_50_random/02958343/fc2b81391e185db9f1335b4fef92b83f/r_12",
            "rotation": 0.12566370614359174,
            "transform_matrix": [
                [
                    0.7900433540344238,
                    0.3396834135055542,
                    0.5103396773338318,
                    2.0572452545166016
                ],
                [
                    0.6130509972572327,
                    -0.43775251507759094,
                    -0.6576785445213318,
                    -2.6511871814727783
                ],
                [
                    -1.4901162970204496e-08,
                    0.8324587941169739,
                    -0.5540867447853088,
                    -2.233595371246338
                ],
                [
                    0.0,
                    0.0,
                    0.0,
                    1.0
                ]
            ]
        },
        {
            "file_path": "/data/shapenet_blender/all_50_random/02958343/fc2b81391e185db9f1335b4fef92b83f/r_13",
            "rotation": 0.12566370614359174,
            "transform_matrix": [
                [
                    -0.9999867081642151,
                    -0.00428034458309412,
                    -0.002850965363904834,
                    -0.011492609977722168
                ],
                [
                    -0.005142893176525831,
                    0.8322722911834717,
                    0.5543431043624878,
                    2.234628677368164
                ],
                [
                    0.0,
                    0.5543505549430847,
                    -0.8322832584381104,
                    -3.355041265487671
                ],
                [
                    0.0,
                    0.0,
                    0.0,
                    1.0
                ]
            ]
        },
        {
            "file_path": "/data/shapenet_blender/all_50_random/02958343/fc2b81391e185db9f1335b4fef92b83f/r_14",
            "rotation": 0.12566370614359174,
            "transform_matrix": [
                [
                    0.9072685241699219,
                    -0.14863114058971405,
                    -0.3934115767478943,
                    -1.5858925580978394
                ],
                [
                    -0.4205518364906311,
                    -0.320646196603775,
                    -0.8487180471420288,
                    -3.4212913513183594
                ],
                [
                    0.0,
                    0.9354649782180786,
                    -0.35341936349868774,
                    -1.4246788024902344
                ],
                [
                    0.0,
                    0.0,
                    0.0,
                    1.0
                ]
            ]
        },
        {
            "file_path": "/data/shapenet_blender/all_50_random/02958343/fc2b81391e185db9f1335b4fef92b83f/r_15",
            "rotation": 0.12566370614359174,
            "transform_matrix": [
                [
                    0.788549542427063,
                    0.38170871138572693,
                    0.4821702241897583,
                    1.943690299987793
                ],
                [
                    0.6149712800979614,
                    -0.48944756388664246,
                    -0.6182647943496704,
                    -2.492305040359497
                ],
                [
                    -1.4901161193847656e-08,
                    0.7840532660484314,
                    -0.620693564414978,
                    -2.5020956993103027
                ],
                [
                    0.0,
                    0.0,
                    0.0,
                    1.0
                ]
            ]
        },
        {
            "file_path": "/data/shapenet_blender/all_50_random/02958343/fc2b81391e185db9f1335b4fef92b83f/r_16",
            "rotation": 0.12566370614359174,
            "transform_matrix": [
                [
                    0.4335480332374573,
                    0.16878162324428558,
                    0.8851829767227173,
                    3.568286657333374
                ],
                [
                    0.9011305570602417,
                    -0.08120348304510117,
                    -0.42587536573410034,
                    -1.7167584896087646
                ],
                [
                    0.0,
                    0.9823027849197388,
                    -0.18729987740516663,
                    -0.7550299763679504
                ],
                [
                    0.0,
                    0.0,
                    0.0,
                    1.0
                ]
            ]
        },
        {
            "file_path": "/data/shapenet_blender/all_50_random/02958343/fc2b81391e185db9f1335b4fef92b83f/r_17",
            "rotation": 0.12566370614359174,
            "transform_matrix": [
                [
                    0.25865837931632996,
                    0.5586746335029602,
                    0.7880218625068665,
                    3.1766176223754883
                ],
                [
                    0.965968906879425,
                    -0.14959682524204254,
                    -0.21100933849811554,
                    -0.850605845451355
                ],
                [
                    0.0,
                    0.8157839179039001,
                    -0.5783568620681763,
                    -2.3314311504364014
                ],
                [
                    0.0,
                    0.0,
                    0.0,
                    1.0
                ]
            ]
        },
        {
            "file_path": "/data/shapenet_blender/all_50_random/02958343/fc2b81391e185db9f1335b4fef92b83f/r_18",
            "rotation": 0.12566370614359174,
            "transform_matrix": [
                [
                    -0.8172032237052917,
                    -0.531222403049469,
                    -0.22356612980365753,
                    -0.90122389793396
                ],
                [
                    -0.5763497948646545,
                    0.7532172799110413,
                    0.31699317693710327,
                    1.2778403759002686
                ],
                [
                    -1.4901162970204496e-08,
                    0.3878999948501587,
                    -0.9217014312744141,
                    -3.7154972553253174
                ],
                [
                    0.0,
                    0.0,
                    0.0,
                    1.0
                ]
            ]
        },
        {
            "file_path": "/data/shapenet_blender/all_50_random/02958343/fc2b81391e185db9f1335b4fef92b83f/r_19",
            "rotation": 0.12566370614359174,
            "transform_matrix": [
                [
                    -0.361153781414032,
                    0.4765048027038574,
                    0.801567792892456,
                    3.2312233448028564
                ],
                [
                    0.932506263256073,
                    0.1845472902059555,
                    0.31044211983680725,
                    1.2514322996139526
                ],
                [
                    0.0,
                    0.8595844507217407,
                    -0.5109935998916626,
                    -2.0598814487457275
                ],
                [
                    0.0,
                    0.0,
                    0.0,
                    1.0
                ]
            ]
        },
        {
            "file_path": "/data/shapenet_blender/all_50_random/02958343/fc2b81391e185db9f1335b4fef92b83f/r_20",
            "rotation": 0.12566370614359174,
            "transform_matrix": [
                [
                    0.5359499454498291,
                    0.04118140786886215,
                    0.843244731426239,
                    3.39922833442688
                ],
                [
                    0.8442497253417969,
                    -0.026142947375774384,
                    -0.5353119969367981,
                    -2.157911777496338
                ],
                [
                    1.862645149230957e-09,
                    0.9988095164299011,
                    -0.048778705298900604,
                    -0.1966332495212555
                ],
                [
                    0.0,
                    0.0,
                    0.0,
                    1.0
                ]
            ]
        },
        {
            "file_path": "/data/shapenet_blender/all_50_random/02958343/fc2b81391e185db9f1335b4fef92b83f/r_21",
            "rotation": 0.12566370614359174,
            "transform_matrix": [
                [
                    -0.030041204765439034,
                    -0.03479309007525444,
                    0.9989429712295532,
                    4.026867389678955
                ],
                [
                    0.9995486736297607,
                    -0.0010456984164193273,
                    0.0300230011343956,
                    0.12102657556533813
                ],
                [
                    1.1641530794914701e-10,
                    0.9993940591812134,
                    0.03480880334973335,
                    0.14031875133514404
                ],
                [
                    0.0,
                    0.0,
                    0.0,
                    1.0
                ]
            ]
        },
        {
            "file_path": "/data/shapenet_blender/all_50_random/02958343/fc2b81391e185db9f1335b4fef92b83f/r_22",
            "rotation": 0.12566370614359174,
            "transform_matrix": [
                [
                    -0.9621304273605347,
                    0.05156177654862404,
                    -0.2676686644554138,
                    -1.0790069103240967
                ],
                [
                    -0.27258968353271484,
                    -0.1819920390844345,
                    0.9447612166404724,
                    3.8084542751312256
                ],
                [
                    3.725290298461914e-09,
                    0.9819471836090088,
                    0.18915528059005737,
                    0.7625093460083008
                ],
                [
                    0.0,
                    0.0,
                    0.0,
                    1.0
                ]
            ]
        },
        {
            "file_path": "/data/shapenet_blender/all_50_random/02958343/fc2b81391e185db9f1335b4fef92b83f/r_23",
            "rotation": 0.12566370614359174,
            "transform_matrix": [
                [
                    -0.40923115611076355,
                    0.8816046714782715,
                    0.23516587913036346,
                    0.947983980178833
                ],
                [
                    0.9124307036399841,
                    0.39540550112724304,
                    0.10547344386577606,
                    0.42517703771591187
                ],
                [
                    0.0,
                    0.25773561000823975,
                    -0.9662154912948608,
                    -3.8949391841888428
                ],
                [
                    0.0,
                    0.0,
                    0.0,
                    1.0
                ]
            ]
        },
        {
            "file_path": "/data/shapenet_blender/all_50_random/02958343/fc2b81391e185db9f1335b4fef92b83f/r_24",
            "rotation": 0.12566370614359174,
            "transform_matrix": [
                [
                    0.3223162889480591,
                    0.9276725053787231,
                    0.18850992619991302,
                    0.7599078416824341
                ],
                [
                    0.9466320276260376,
                    -0.3158608078956604,
                    -0.0641852617263794,
                    -0.25873905420303345
                ],
                [
                    -3.7252898543727042e-09,
                    0.19913721084594727,
                    -0.9799715876579285,
                    -3.9503917694091797
                ],
                [
                    0.0,
                    0.0,
                    0.0,
                    1.0
                ]
            ]
        },
        {
            "file_path": "/data/shapenet_blender/all_50_random/02958343/fc2b81391e185db9f1335b4fef92b83f/r_25",
            "rotation": 0.12566370614359174,
            "transform_matrix": [
                [
                    0.4846607446670532,
                    -0.001971336780115962,
                    0.8746999502182007,
                    3.5260283946990967
                ],
                [
                    0.8747020959854126,
                    0.0010922914370894432,
                    -0.4846595525741577,
                    -1.9537250995635986
                ],
                [
                    -5.820765050512655e-11,
                    0.9999975562095642,
                    0.0022537230979651213,
                    0.009085047990083694
                ],
                [
                    0.0,
                    0.0,
                    0.0,
                    1.0
                ]
            ]
        },
        {
            "file_path": "/data/shapenet_blender/all_50_random/02958343/fc2b81391e185db9f1335b4fef92b83f/r_26",
            "rotation": 0.12566370614359174,
            "transform_matrix": [
                [
                    -0.998554527759552,
                    -0.012927603907883167,
                    -0.052170366048812866,
                    -0.21030548214912415
                ],
                [
                    -0.05374821648001671,
                    0.24017387628555298,
                    0.969240665435791,
                    3.9071342945098877
                ],
                [
                    0.0,
                    0.9706437587738037,
                    -0.24052152037620544,
                    -0.9695733189582825
                ],
                [
                    0.0,
                    0.0,
                    0.0,
                    1.0
                ]
            ]
        },
        {
            "file_path": "/data/shapenet_blender/all_50_random/02958343/fc2b81391e185db9f1335b4fef92b83f/r_27",
            "rotation": 0.12566370614359174,
            "transform_matrix": [
                [
                    0.6300790309906006,
                    0.06527800858020782,
                    -0.7737824320793152,
                    -3.1192164421081543
                ],
                [
                    -0.7765310406684875,
                    0.05296672135591507,
                    -0.6278488039970398,
                    -2.5309391021728516
                ],
                [
                    0.0,
                    0.9964603185653687,
                    0.08406363427639008,
                    0.3388713002204895
                ],
                [
                    0.0,
                    0.0,
                    0.0,
                    1.0
                ]
            ]
        },
        {
            "file_path": "/data/shapenet_blender/all_50_random/02958343/fc2b81391e185db9f1335b4fef92b83f/r_28",
            "rotation": 0.12566370614359174,
            "transform_matrix": [
                [
                    0.3392135500907898,
                    0.0203285850584507,
                    0.9404897093772888,
                    3.7912354469299316
                ],
                [
                    0.9407094717025757,
                    -0.0073303524404764175,
                    -0.3391343057155609,
                    -1.3670942783355713
                ],
                [
                    0.0,
                    0.9997664093971252,
                    -0.021609846502542496,
                    -0.08711208403110504
                ],
                [
                    0.0,
                    0.0,
                    0.0,
                    1.0
                ]
            ]
        },
        {
            "file_path": "/data/shapenet_blender/all_50_random/02958343/fc2b81391e185db9f1335b4fef92b83f/r_29",
            "rotation": 0.12566370614359174,
            "transform_matrix": [
                [
                    -0.9981666803359985,
                    0.00353962741792202,
                    0.06042297184467316,
                    0.24357277154922485
                ],
                [
                    0.060526568442583084,
                    0.0583733431994915,
                    0.9964582324028015,
                    4.016851425170898
                ],
                [
                    0.0,
                    0.9982885718345642,
                    -0.058480557054281235,
                    -0.23574265837669373
                ],
                [
                    0.0,
                    0.0,
                    0.0,
                    1.0
                ]
            ]
        },
        {
            "file_path": "/data/shapenet_blender/all_50_random/02958343/fc2b81391e185db9f1335b4fef92b83f/r_30",
            "rotation": 0.12566370614359174,
            "transform_matrix": [
                [
                    0.7947895526885986,
                    -0.19924139976501465,
                    -0.5732471346855164,
                    -2.310832977294922
                ],
                [
                    -0.6068850159645081,
                    -0.2609308362007141,
                    -0.7507367730140686,
                    -3.0263166427612305
                ],
                [
                    -1.4901159417490817e-08,
                    0.9445728659629822,
                    -0.32830172777175903,
                    -1.323426604270935
                ],
                [
                    0.0,
                    0.0,
                    0.0,
                    1.0
                ]
            ]
        },
        {
            "file_path": "/data/shapenet_blender/all_50_random/02958343/fc2b81391e185db9f1335b4fef92b83f/r_31",
            "rotation": 0.12566370614359174,
            "transform_matrix": [
                [
                    -0.8870219588279724,
                    -0.05075592175126076,
                    0.4589289724826813,
                    1.8500018119812012
                ],
                [
                    0.4617271423339844,
                    -0.09750697761774063,
                    0.881646454334259,
                    3.554030418395996
                ],
                [
                    -3.725290076417309e-09,
                    0.9939396977424622,
                    0.1099262461066246,
                    0.4431268572807312
                ],
                [
                    0.0,
                    0.0,
                    0.0,
                    1.0
                ]
            ]
        },
        {
            "file_path": "/data/shapenet_blender/all_50_random/02958343/fc2b81391e185db9f1335b4fef92b83f/r_32",
            "rotation": 0.12566370614359174,
            "transform_matrix": [
                [
                    -0.27971816062927246,
                    -0.10035717487335205,
                    -0.9548225402832031,
                    -3.849012851715088
                ],
                [
                    -0.9600821733474731,
                    0.029238875955343246,
                    0.27818575501441956,
                    1.121402621269226
                ],
                [
                    1.862645371275562e-09,
                    0.9945217370986938,
                    -0.10452977567911148,
                    -0.42137300968170166
                ],
                [
                    0.0,
                    0.0,
                    0.0,
                    1.0
                ]
            ]
        },
        {
            "file_path": "/data/shapenet_blender/all_50_random/02958343/fc2b81391e185db9f1335b4fef92b83f/r_33",
            "rotation": 0.12566370614359174,
            "transform_matrix": [
                [
                    -0.4612228274345398,
                    -0.7551085352897644,
                    -0.4659233093261719,
                    -1.8781969547271729
                ],
                [
                    -0.8872843980789185,
                    0.39251598715782166,
                    0.24219344556331635,
                    0.9763129949569702
                ],
                [
                    1.4901161193847656e-08,
                    0.5251114964485168,
                    -0.8510333895683289,
                    -3.4306254386901855
                ],
                [
                    0.0,
                    0.0,
                    0.0,
                    1.0
                ]
            ]
        },
        {
            "file_path": "/data/shapenet_blender/all_50_random/02958343/fc2b81391e185db9f1335b4fef92b83f/r_34",
            "rotation": 0.12566370614359174,
            "transform_matrix": [
                [
                    -0.9327093958854675,
                    0.32464122772216797,
                    0.15703904628753662,
                    0.6330446600914001
                ],
                [
                    0.3606289029121399,
                    0.8396329879760742,
                    0.4061565697193146,
                    1.6372694969177246
                ],
                [
                    0.0,
                    0.43545886874198914,
                    -0.900208592414856,
                    -3.628856897354126
                ],
                [
                    0.0,
                    0.0,
                    0.0,
                    1.0
                ]
            ]
        },
        {
            "file_path": "/data/shapenet_blender/all_50_random/02958343/fc2b81391e185db9f1335b4fef92b83f/r_35",
            "rotation": 0.12566370614359174,
            "transform_matrix": [
                [
                    -0.42224499583244324,
                    -0.5210493803024292,
                    -0.7417659163475037,
                    -2.990154266357422
                ],
                [
                    -0.9064817428588867,
                    0.24270811676979065,
                    0.3455193042755127,
                    1.3928329944610596
                ],
                [
                    -1.4901160305669237e-08,
                    0.818291187286377,
                    -0.57480388879776,
                    -2.3171088695526123
                ],
                [
                    0.0,
                    0.0,
                    0.0,
                    1.0
                ]
            ]
        },
        {
            "file_path": "/data/shapenet_blender/all_50_random/02958343/fc2b81391e185db9f1335b4fef92b83f/r_36",
            "rotation": 0.12566370614359174,
            "transform_matrix": [
                [
                    -0.9971746802330017,
                    0.00688008451834321,
                    -0.07480266690254211,
                    -0.30153921246528625
                ],
                [
                    -0.07511841505765915,
                    -0.09133107960224152,
                    0.9929832816123962,
                    4.002843856811523
                ],
                [
                    4.656612873077393e-10,
                    0.9957968592643738,
                    0.09158985316753387,
                    0.36921054124832153
                ],
                [
                    0.0,
                    0.0,
                    0.0,
                    1.0
                ]
            ]
        },
        {
            "file_path": "/data/shapenet_blender/all_50_random/02958343/fc2b81391e185db9f1335b4fef92b83f/r_37",
            "rotation": 0.12566370614359174,
            "transform_matrix": [
                [
                    0.18709123134613037,
                    -0.6172416806221008,
                    0.7642050981521606,
                    3.080609083175659
                ],
                [
                    0.9823426008224487,
                    0.11755625903606415,
                    -0.1455460488796234,
                    -0.5867148637771606
                ],
                [
                    0.0,
                    0.7779415845870972,
                    0.6283366084098816,
                    2.5329058170318604
                ],
                [
                    0.0,
                    0.0,
                    0.0,
                    1.0
                ]
            ]
        },
        {
            "file_path": "/data/shapenet_blender/all_50_random/02958343/fc2b81391e185db9f1335b4fef92b83f/r_38",
            "rotation": 0.12566370614359174,
            "transform_matrix": [
                [
                    -0.4367949366569519,
                    0.23227079212665558,
                    -0.8690572381019592,
                    -3.503281831741333
                ],
                [
                    -0.8995611667633057,
                    -0.11278244107961655,
                    0.4219833016395569,
                    1.7010691165924072
                ],
                [
                    -7.450580596923828e-09,
                    0.9660902619361877,
                    0.25820454955101013,
                    1.040855884552002
                ],
                [
                    0.0,
                    0.0,
                    0.0,
                    1.0
                ]
            ]
        },
        {
            "file_path": "/data/shapenet_blender/all_50_random/02958343/fc2b81391e185db9f1335b4fef92b83f/r_39",
            "rotation": 0.12566370614359174,
            "transform_matrix": [
                [
                    0.6755093336105347,
                    0.2523784041404724,
                    -0.6928147673606873,
                    -2.792825698852539
                ],
                [
                    -0.7373514175415039,
                    0.23121128976345062,
                    -0.6347079873085022,
                    -2.5585896968841553
                ],
                [
                    0.0,
                    0.9395990967750549,
                    0.34227699041366577,
                    1.3797626495361328
                ],
                [
                    0.0,
                    0.0,
                    0.0,
                    1.0
                ]
            ]
        },
        {
            "file_path": "/data/shapenet_blender/all_50_random/02958343/fc2b81391e185db9f1335b4fef92b83f/r_40",
            "rotation": 0.12566370614359174,
            "transform_matrix": [
                [
                    0.9998430013656616,
                    0.002159427385777235,
                    0.01758851483464241,
                    0.07090157270431519
                ],
                [
                    0.017720581963658333,
                    -0.12184072285890579,
                    -0.9923914074897766,
                    -4.000457763671875
                ],
                [
                    2.3283067140944524e-10,
                    0.9925472736358643,
                    -0.1218598484992981,
                    -0.4912327527999878
                ],
                [
                    0.0,
                    0.0,
                    0.0,
                    1.0
                ]
            ]
        },
        {
            "file_path": "/data/shapenet_blender/all_50_random/02958343/fc2b81391e185db9f1335b4fef92b83f/r_41",
            "rotation": 0.12566370614359174,
            "transform_matrix": [
                [
                    -0.7981502413749695,
                    0.4945600628852844,
                    -0.34404435753822327,
                    -1.3868873119354248
                ],
                [
                    -0.6024584174156189,
                    -0.6552039980888367,
                    0.4557975232601166,
                    1.837378740310669
                ],
                [
                    1.4901161193847656e-08,
