{
    "class": "02958343",
    "model": "ead6f85d2eaafab32aa8b7caea8a1807",
    "remove_doubles": true,
    "edge_split": true,
    "denoise": true,
    "camera_angle_x": 0.6911112070083618,
    "scale_factor": 2.2508960804296247,
    "hdri_file": "/data/IndoorHDRDataset2018/9C4A9799-7440cd3c3b.exr",
    "center_offset": [
        0.0,
        0.0,
        1.862645149230957e-09
    ],
    "lights": [],
    "frames": [
        {
            "file_path": "/data/shapenet_blender/all_50_random/02958343/ead6f85d2eaafab32aa8b7caea8a1807/r_0",
            "rotation": 0.12566370614359174,
            "transform_matrix": [
                [
                    -0.8060991764068604,
                    0.047390326857566833,
                    0.5898798704147339,
                    2.3778817653656006
                ],
                [
                    0.5917805433273315,
                    0.0645531639456749,
                    0.8035102486610413,
                    3.23905348777771
                ],
                [
                    0.0,
                    0.9967882633209229,
                    -0.08008092641830444,
                    -0.32281655073165894
                ],
                [
                    0.0,
                    0.0,
                    0.0,
                    1.0
                ]
            ]
        },
        {
            "file_path": "/data/shapenet_blender/all_50_random/02958343/ead6f85d2eaafab32aa8b7caea8a1807/r_1",
            "rotation": 0.12566370614359174,
            "transform_matrix": [
                [
                    -0.44944849610328674,
                    -0.37905094027519226,
                    -0.8088982105255127,
                    -3.260773181915283
                ],
                [
                    -0.8933061957359314,
                    0.1907116323709488,
                    0.40698036551475525,
                    1.6405904293060303
                ],
                [
                    1.4901160305669237e-08,
                    0.905510663986206,
                    -0.42432358860969543,
                    -1.7105032205581665
                ],
                [
                    0.0,
                    0.0,
                    0.0,
                    1.0
                ]
            ]
        },
        {
            "file_path": "/data/shapenet_blender/all_50_random/02958343/ead6f85d2eaafab32aa8b7caea8a1807/r_2",
            "rotation": 0.12566370614359174,
            "transform_matrix": [
                [
                    -0.9853119254112244,
                    -0.031174080446362495,
                    -0.16789430379867554,
                    -0.6768035888671875
                ],
                [
                    -0.17076392471790314,
                    0.1798751801252365,
                    0.9687541127204895,
                    3.905172824859619
                ],
                [
                    0.0,
                    0.9831952452659607,
                    -0.18255658447742462,
                    -0.735909104347229
                ],
                [
                    0.0,
                    0.0,
                    0.0,
                    1.0
                ]
            ]
        },
        {
            "file_path": "/data/shapenet_blender/all_50_random/02958343/ead6f85d2eaafab32aa8b7caea8a1807/r_3",
            "rotation": 0.12566370614359174,
            "transform_matrix": [
                [
                    0.9392567276954651,
                    -0.2284308820962906,
                    0.2561565041542053,
                    1.032599925994873
                ],
                [
                    0.34321537613868713,
                    0.6251328587532043,
                    -0.7010079026222229,
                    -2.8258533477783203
                ],
                [
                    1.4901160305669237e-08,
                    0.7463433146476746,
                    0.6655611991882324,
                    2.6829628944396973
                ],
                [
                    0.0,
                    0.0,
                    0.0,
                    1.0
                ]
            ]
        },
        {
            "file_path": "/data/shapenet_blender/all_50_random/02958343/ead6f85d2eaafab32aa8b7caea8a1807/r_4",
            "rotation": 0.12566370614359174,
            "transform_matrix": [
                [
                    -0.9448786377906799,
                    0.04444827139377594,
                    0.32438987493515015,
                    1.3076573610305786
                ],
                [
                    0.3274208903312683,
                    0.12826982140541077,
                    0.9361316561698914,
                    3.773667335510254
                ],
                [
                    0.0,
                    0.9907426834106445,
                    -0.13575270771980286,
                    -0.5472366809844971
                ],
                [
                    0.0,
                    0.0,
                    0.0,
                    1.0
                ]
            ]
        },
        {
            "file_path": "/data/shapenet_blender/all_50_random/02958343/ead6f85d2eaafab32aa8b7caea8a1807/r_5",
            "rotation": 0.12566370614359174,
            "transform_matrix": [
                [
                    -0.4640163481235504,
                    -0.018335210159420967,
                    -0.8856368064880371,
                    -3.5701165199279785
                ],
                [
                    -0.8858267664909363,
                    0.009604403749108315,
                    0.4639168381690979,
                    1.870108723640442
                ],
                [
                    9.313227966600834e-10,
                    0.9997856020927429,
                    -0.020698418840765953,
                    -0.08343800157308578
                ],
                [
                    0.0,
                    0.0,
                    0.0,
                    1.0
                ]
            ]
        },
        {
            "file_path": "/data/shapenet_blender/all_50_random/02958343/ead6f85d2eaafab32aa8b7caea8a1807/r_6",
            "rotation": 0.12566370614359174,
            "transform_matrix": [
                [
                    -0.6925563812255859,
                    0.32599014043807983,
                    0.6435030102729797,
                    2.594043493270874
                ],
                [
                    0.7213637232780457,
                    0.3129718601703644,
                    0.6178049445152283,
                    2.4904513359069824
                ],
                [
                    0.0,
                    0.8920644521713257,
                    -0.4519081115722656,
                    -1.821699857711792
                ],
                [
                    0.0,
                    0.0,
                    0.0,
                    1.0
                ]
            ]
        },
        {
            "file_path": "/data/shapenet_blender/all_50_random/02958343/ead6f85d2eaafab32aa8b7caea8a1807/r_7",
            "rotation": 0.12566370614359174,
            "transform_matrix": [
                [
                    -0.0018222713842988014,
                    -0.01766994409263134,
                    0.9998422265052795,
                    4.030492782592773
                ],
                [
                    0.9999983906745911,
                    -3.2199484849115834e-05,
                    0.0018219867488369346,
                    0.007344663143157959
                ],
                [
                    0.0,
                    0.9998438954353333,
                    0.01766997203230858,
                    0.07122993469238281
                ],
                [
                    0.0,
                    0.0,
                    0.0,
                    1.0
                ]
            ]
        },
        {
            "file_path": "/data/shapenet_blender/all_50_random/02958343/ead6f85d2eaafab32aa8b7caea8a1807/r_8",
            "rotation": 0.12566370614359174,
            "transform_matrix": [
                [
                    0.7945279479026794,
                    0.24416741728782654,
                    0.5559744238853455,
                    2.2412047386169434
                ],
                [
                    0.6072275638580322,
                    -0.3194812536239624,
                    -0.7274656295776367,
                    -2.9325079917907715
                ],
                [
                    0.0,
                    0.9155946969985962,
                    -0.402101993560791,
                    -1.6209250688552856
                ],
                [
                    0.0,
                    0.0,
                    0.0,
                    1.0
                ]
            ]
        },
        {
            "file_path": "/data/shapenet_blender/all_50_random/02958343/ead6f85d2eaafab32aa8b7caea8a1807/r_9",
            "rotation": 0.12566370614359174,
            "transform_matrix": [
                [
                    0.33608561754226685,
                    -0.731769859790802,
                    -0.5929244160652161,
                    -2.3901548385620117
                ],
                [
                    -0.9418314695358276,
                    -0.26112669706344604,
                    -0.21158070862293243,
                    -0.8529090881347656
                ],
                [
                    -1.4901161193847656e-08,
                    0.6295441389083862,
                    -0.7769647240638733,
                    -3.132045030593872
                ],
                [
                    0.0,
                    0.0,
                    0.0,
                    1.0
                ]
            ]
        },
        {
            "file_path": "/data/shapenet_blender/all_50_random/02958343/ead6f85d2eaafab32aa8b7caea8a1807/r_10",
            "rotation": 0.12566370614359174,
            "transform_matrix": [
                [
                    -0.1801770031452179,
                    0.6760678291320801,
                    -0.7144708037376404,
                    -2.8801238536834717
                ],
                [
                    -0.9836342930793762,
                    -0.12383858114480972,
                    0.13087303936481476,
                    0.5275660753250122
                ],
                [
                    0.0,
                    0.7263582348823547,
                    0.6873162984848022,
                    2.770660638809204
                ],
                [
                    0.0,
                    0.0,
                    0.0,
                    1.0
                ]
            ]
        },
        {
            "file_path": "/data/shapenet_blender/all_50_random/02958343/ead6f85d2eaafab32aa8b7caea8a1807/r_11",
            "rotation": 0.12566370614359174,
            "transform_matrix": [
                [
                    0.5878780484199524,
                    -0.181672602891922,
                    0.7882857918739319,
                    3.1776816844940186
                ],
                [
                    0.8089495897293091,
                    0.13202470541000366,
                    -0.5728612542152405,
                    -2.3092775344848633
                ],
                [
                    -7.450580596923828e-09,
                    0.9744560122489929,
                    0.22457841038703918,
                    0.9053045511245728
                ],
                [
                    0.0,
                    0.0,
                    0.0,
                    1.0
                ]
            ]
        },
        {
            "file_path": "/data/shapenet_blender/all_50_random/02958343/ead6f85d2eaafab32aa8b7caea8a1807/r_12",
            "rotation": 0.12566370614359174,
            "transform_matrix": [
                [
                    0.9359118342399597,
                    0.13545188307762146,
                    -0.32514914870262146,
                    -1.3107181787490845
                ],
                [
                    -0.3522345721721649,
                    0.3599051237106323,
                    -0.8639439344406128,
                    -3.4826693534851074
                ],
                [
                    1.4901161193847656e-08,
                    0.9231040477752686,
                    0.3845502436161041,
                    1.5501716136932373
                ],
                [
                    0.0,
                    0.0,
                    0.0,
                    1.0
                ]
            ]
        },
        {
            "file_path": "/data/shapenet_blender/all_50_random/02958343/ead6f85d2eaafab32aa8b7caea8a1807/r_13",
            "rotation": 0.12566370614359174,
            "transform_matrix": [
                [
                    0.460304319858551,
                    -0.015880821272730827,
                    0.887619137763977,
                    3.5781071186065674
                ],
                [
                    0.8877612352371216,
                    0.008234207518398762,
                    -0.46023064851760864,
                    -1.855249047279358
                ],
                [
                    4.656612873077393e-10,
                    0.9998400211334229,
                    0.017888616770505905,
                    0.07211132347583771
                ],
                [
                    0.0,
                    0.0,
                    0.0,
                    1.0
                ]
            ]
        },
        {
            "file_path": "/data/shapenet_blender/all_50_random/02958343/ead6f85d2eaafab32aa8b7caea8a1807/r_14",
            "rotation": 0.12566370614359174,
            "transform_matrix": [
                [
                    0.7317947745323181,
                    -0.14603471755981445,
                    -0.6656952500343323,
                    -2.6835033893585205
                ],
                [
                    -0.681524932384491,
                    -0.1568063497543335,
                    -0.7147974371910095,
                    -2.8814406394958496
                ],
                [
                    0.0,
                    0.9767730832099915,
                    -0.21427637338638306,
                    -0.8637756705284119
                ],
                [
                    0.0,
                    0.0,
                    0.0,
                    1.0
                ]
            ]
        },
        {
            "file_path": "/data/shapenet_blender/all_50_random/02958343/ead6f85d2eaafab32aa8b7caea8a1807/r_15",
            "rotation": 0.12566370614359174,
            "transform_matrix": [
                [
                    0.7922713756561279,
                    0.46415427327156067,
                    -0.3960643410682678,
                    -1.5965864658355713
                ],
                [
                    -0.6101689338684082,
                    0.6026791930198669,
                    -0.5142681002616882,
                    -2.0730810165405273
                ],
                [
                    0.0,
                    0.6491060256958008,
                    0.7606979608535767,
                    3.066471576690674
                ],
                [
                    0.0,
                    0.0,
                    0.0,
                    1.0
                ]
            ]
        },
        {
            "file_path": "/data/shapenet_blender/all_50_random/02958343/ead6f85d2eaafab32aa8b7caea8a1807/r_16",
            "rotation": 0.12566370614359174,
            "transform_matrix": [
                [
                    0.3458857834339142,
                    0.07567577064037323,
                    -0.9352198243141174,
                    -3.769991874694824
                ],
                [
                    -0.9382766485214233,
                    0.027897076681256294,
                    -0.34475892782211304,
                    -1.3897677659988403
                ],
                [
                    1.862645149230957e-09,
                    0.9967421293258667,
                    0.08065400272607803,
                    0.3251267075538635
                ],
                [
                    0.0,
                    0.0,
                    0.0,
                    1.0
                ]
            ]
        },
        {
            "file_path": "/data/shapenet_blender/all_50_random/02958343/ead6f85d2eaafab32aa8b7caea8a1807/r_17",
            "rotation": 0.12566370614359174,
            "transform_matrix": [
                [
                    0.7083633542060852,
                    -0.2328484058380127,
                    -0.66633540391922,
                    -2.686084270477295
                ],
                [
                    -0.705847978591919,
                    -0.2336781769990921,
                    -0.668709933757782,
                    -2.6956562995910645
                ],
                [
                    0.0,
                    0.9440212249755859,
                    -0.3298846185207367,
                    -1.3298075199127197
                ],
                [
                    0.0,
                    0.0,
                    0.0,
                    1.0
                ]
            ]
        },
        {
            "file_path": "/data/shapenet_blender/all_50_random/02958343/ead6f85d2eaafab32aa8b7caea8a1807/r_18",
            "rotation": 0.12566370614359174,
            "transform_matrix": [
                [
                    -0.9206234812736511,
                    -0.11657465994358063,
                    0.37264305353164673,
                    1.5021722316741943
                ],
                [
                    0.39045172929763794,
                    -0.27486467361450195,
                    0.8786335587501526,
                    3.5418851375579834
                ],
                [
                    0.0,
                    0.9543896913528442,
                    0.2985636293888092,
                    1.2035484313964844
                ],
                [
                    0.0,
                    0.0,
                    0.0,
                    1.0
                ]
            ]
        },
        {
            "file_path": "/data/shapenet_blender/all_50_random/02958343/ead6f85d2eaafab32aa8b7caea8a1807/r_19",
            "rotation": 0.12566370614359174,
            "transform_matrix": [
                [
                    -0.9889956116676331,
                    0.11794065684080124,
                    -0.08931811153888702,
                    -0.36005282402038574
                ],
                [
                    -0.14794501662254333,
                    -0.7884199023246765,
                    0.5970814228057861,
                    2.406912088394165
                ],
                [
                    0.0,
                    0.6037249565124512,
                    0.7971925735473633,
                    3.2135860919952393
                ],
                [
                    0.0,
                    0.0,
                    0.0,
                    1.0
                ]
            ]
        },
        {
            "file_path": "/data/shapenet_blender/all_50_random/02958343/ead6f85d2eaafab32aa8b7caea8a1807/r_20",
            "rotation": 0.12566370614359174,
            "transform_matrix": [
                [
                    0.07938981801271439,
                    0.0001598637900315225,
                    -0.9968436360359192,
                    -4.018404960632324
                ],
                [
                    -0.996843695640564,
                    1.2731742572213989e-05,
                    -0.07938981056213379,
                    -0.32003054022789
                ],
                [
                    0.0,
                    1.0,
                    0.00016036996385082603,
                    0.0006464719772338867
                ],
                [
                    0.0,
                    0.0,
                    0.0,
                    1.0
                ]
            ]
        },
        {
            "file_path": "/data/shapenet_blender/all_50_random/02958343/ead6f85d2eaafab32aa8b7caea8a1807/r_21",
            "rotation": 0.12566370614359174,
            "transform_matrix": [
                [
                    0.996001124382019,
                    0.08923999220132828,
                    0.004260202404111624,
                    0.01717342436313629
                ],
                [
                    0.0893416479229927,
                    -0.9948679208755493,
                    -0.04749371483922005,
                    -0.19145327806472778
                ],
                [
                    0.0,
                    0.04768430441617966,
                    -0.9988624453544617,
                    -4.026543140411377
                ],
                [
                    0.0,
                    0.0,
                    0.0,
                    1.0
                ]
            ]
        },
        {
            "file_path": "/data/shapenet_blender/all_50_random/02958343/ead6f85d2eaafab32aa8b7caea8a1807/r_22",
            "rotation": 0.12566370614359174,
            "transform_matrix": [
                [
                    0.1708921492099762,
                    -0.9159520268440247,
                    -0.36308109760284424,
                    -1.463626742362976
                ],
                [
                    -0.9852898120880127,
                    -0.15886595845222473,
                    -0.06297407299280167,
                    -0.2538565993309021
                ],
                [
                    3.725290298461914e-09,
                    0.3685019016265869,
                    -0.929627001285553,
                    -3.747446298599243
                ],
                [
                    0.0,
                    0.0,
                    0.0,
                    1.0
                ]
            ]
        },
        {
            "file_path": "/data/shapenet_blender/all_50_random/02958343/ead6f85d2eaafab32aa8b7caea8a1807/r_23",
            "rotation": 0.12566370614359174,
            "transform_matrix": [
                [
                    0.9553853273391724,
                    -0.13763155043125153,
                    0.2613358199596405,
                    1.0534783601760864
                ],
                [
                    0.295362263917923,
                    0.4451860785484314,
                    -0.8453226685523987,
                    -3.407604694366455
                ],
                [
                    7.450580596923828e-09,
                    0.8847976326942444,
                    0.46597543358802795,
                    1.8784070014953613
                ],
                [
                    0.0,
                    0.0,
                    0.0,
                    1.0
                ]
            ]
        },
        {
            "file_path": "/data/shapenet_blender/all_50_random/02958343/ead6f85d2eaafab32aa8b7caea8a1807/r_24",
            "rotation": 0.12566370614359174,
            "transform_matrix": [
                [
                    0.7753865718841553,
                    0.3127584159374237,
                    0.5485962629318237,
                    2.2114622592926025
                ],
                [
                    0.6314869523048401,
                    -0.38402795791625977,
                    -0.6736072301864624,
                    -2.715397596359253
                ],
                [
                    -4.4703490686970326e-08,
                    0.8687372803688049,
                    -0.49527302384376526,
                    -1.9965094327926636
                ],
                [
                    0.0,
                    0.0,
                    0.0,
                    1.0
                ]
            ]
        },
        {
            "file_path": "/data/shapenet_blender/all_50_random/02958343/ead6f85d2eaafab32aa8b7caea8a1807/r_25",
            "rotation": 0.12566370614359174,
            "transform_matrix": [
                [
                    -0.1319463551044464,
                    -0.4553980827331543,
                    0.8804559111595154,
                    3.54923152923584
                ],
                [
                    0.991256833076477,
                    -0.06061811000108719,
                    0.11719763278961182,
                    0.4724388122558594
                ],
                [
                    -3.725290298461914e-09,
                    0.888221800327301,
                    0.4594147503376007,
                    1.8519601821899414
                ],
                [
                    0.0,
                    0.0,
                    0.0,
                    1.0
                ]
            ]
        },
        {
            "file_path": "/data/shapenet_blender/all_50_random/02958343/ead6f85d2eaafab32aa8b7caea8a1807/r_26",
            "rotation": 0.12566370614359174,
            "transform_matrix": [
                [
                    0.7575652599334717,
                    -0.5235498547554016,
                    -0.38985946774482727,
                    -1.5715737342834473
                ],
                [
                    -0.6527594327926636,
                    -0.6076100468635559,
                    -0.4524545967578888,
                    -1.8239028453826904
                ],
                [
                    1.4901161193847656e-08,
                    0.5972482562065125,
                    -0.8020563125610352,
                    -3.2331924438476562
                ],
                [
                    0.0,
                    0.0,
                    0.0,
                    1.0
                ]
            ]
        },
        {
            "file_path": "/data/shapenet_blender/all_50_random/02958343/ead6f85d2eaafab32aa8b7caea8a1807/r_27",
            "rotation": 0.12566370614359174,
            "transform_matrix": [
                [
                    -0.7905663847923279,
                    -0.18185336887836456,
                    0.5847513675689697,
                    2.357207775115967
                ],
                [
                    0.61237633228302,
                    -0.2347693294286728,
                    0.7549031376838684,
                    3.043111562728882
                ],
                [
                    1.4901159417490817e-08,
                    0.9548887610435486,
                    0.29696348309516907,
                    1.197097897529602
                ],
                [
                    0.0,
                    0.0,
                    0.0,
                    1.0
                ]
            ]
        },
        {
            "file_path": "/data/shapenet_blender/all_50_random/02958343/ead6f85d2eaafab32aa8b7caea8a1807/r_28",
            "rotation": 0.12566370614359174,
            "transform_matrix": [
                [
                    0.7533190250396729,
                    0.026286739856004715,
                    -0.6571295857429504,
                    -2.6489744186401367
                ],
                [
                    -0.6576552391052246,
                    0.03011045977473259,
                    -0.7527169585227966,
                    -3.034299373626709
                ],
                [
                    -1.862645149230957e-09,
                    0.9992008805274963,
                    0.03997039049863815,
                    0.1611258089542389
                ],
                [
                    0.0,
                    0.0,
                    0.0,
                    1.0
                ]
            ]
        },
        {
            "file_path": "/data/shapenet_blender/all_50_random/02958343/ead6f85d2eaafab32aa8b7caea8a1807/r_29",
            "rotation": 0.12566370614359174,
            "transform_matrix": [
                [
                    0.2628328502178192,
                    0.8147422075271606,
                    -0.5168306231498718,
                    -2.0834109783172607
                ],
                [
                    -0.964841365814209,
                    0.22194427251815796,
                    -0.14079006016254425,
                    -0.5675429105758667
                ],
                [
                    -7.450580596923828e-09,
                    0.5356637835502625,
                    0.8444312810897827,
                    3.4040114879608154
                ],
                [
                    0.0,
                    0.0,
                    0.0,
                    1.0
                ]
            ]
        },
        {
            "file_path": "/data/shapenet_blender/all_50_random/02958343/ead6f85d2eaafab32aa8b7caea8a1807/r_30",
            "rotation": 0.12566370614359174,
            "transform_matrix": [
                [
                    -0.8821355104446411,
                    -0.13530772924423218,
                    -0.4511416256427765,
                    -1.8186099529266357
                ],
                [
                    -0.47099569439888,
                    0.25342005491256714,
                    0.8449504971504211,
                    3.406104326248169
                ],
                [
                    0.0,
                    0.9578465819358826,
                    -0.2872801721096039,
                    -1.1580634117126465
                ],
                [
                    0.0,
                    0.0,
                    0.0,
                    1.0
                ]
            ]
        },
        {
            "file_path": "/data/shapenet_blender/all_50_random/02958343/ead6f85d2eaafab32aa8b7caea8a1807/r_31",
            "rotation": 0.12566370614359174,
            "transform_matrix": [
                [
                    0.351931631565094,
                    -0.42559775710105896,
                    0.8336729407310486,
                    3.3606433868408203
                ],
                [
                    0.9360257387161255,
                    0.16001838445663452,
                    -0.3134485185146332,
                    -1.2635514736175537
                ],
                [
                    0.0,
                    0.8906518220901489,
                    0.45468592643737793,
                    1.832897663116455
                ],
                [
                    0.0,
                    0.0,
                    0.0,
                    1.0
                ]
            ]
        },
        {
            "file_path": "/data/shapenet_blender/all_50_random/02958343/ead6f85d2eaafab32aa8b7caea8a1807/r_32",
            "rotation": 0.12566370614359174,
            "transform_matrix": [
                [
                    0.6643994450569153,
                    -0.32154929637908936,
                    -0.6746698021888733,
                    -2.7196812629699707
                ],
                [
                    -0.7473776936531067,
                    -0.285849004983902,
                    -0.5997639894485474,
                    -2.4177262783050537
                ],
                [
                    0.0,
                    0.9027161002159119,
                    -0.4302366077899933,
                    -1.7343393564224243
                ],
                [
                    0.0,
                    0.0,
                    0.0,
                    1.0
                ]
            ]
        },
        {
            "file_path": "/data/shapenet_blender/all_50_random/02958343/ead6f85d2eaafab32aa8b7caea8a1807/r_33",
            "rotation": 0.12566370614359174,
            "transform_matrix": [
                [
                    -0.3326140344142914,
                    0.05673934519290924,
                    -0.9413546323776245,
                    -3.794721841812134
                ],
                [
                    -0.9430631399154663,
                    -0.02001170627772808,
                    0.33201146125793457,
                    1.338381052017212
                ],
                [
                    0.0,
                    0.9981884360313416,
                    0.060164954513311386,
                    0.24253268539905548
                ],
                [
                    0.0,
                    0.0,
                    0.0,
                    1.0
                ]
            ]
        },
        {
            "file_path": "/data/shapenet_blender/all_50_random/02958343/ead6f85d2eaafab32aa8b7caea8a1807/r_34",
            "rotation": 0.12566370614359174,
            "transform_matrix": [
                [
                    -0.5859668850898743,
                    -0.7334820628166199,
                    0.344451367855072,
                    1.3885279893875122
                ],
                [
                    0.8103349804878235,
                    -0.5303932428359985,
                    0.24907860159873962,
                    1.0040680170059204
                ],
                [
                    0.0,
                    0.42507272958755493,
                    0.9051591157913208,
                    3.648813247680664
                ],
                [
                    0.0,
                    0.0,
                    0.0,
                    1.0
                ]
            ]
        },
        {
            "file_path": "/data/shapenet_blender/all_50_random/02958343/ead6f85d2eaafab32aa8b7caea8a1807/r_35",
            "rotation": 0.12566370614359174,
            "transform_matrix": [
                [
                    0.17496617138385773,
                    -0.3438105583190918,
                    -0.9225947260856628,
                    -3.7190985679626465
                ],
                [
                    -0.9845744967460632,
                    -0.061097681522369385,
                    -0.16395190358161926,
                    -0.6609113216400146
                ],
                [
                    0.0,
                    0.9370492696762085,
                    -0.3491970896720886,
                    -1.407658576965332
                ],
                [
                    0.0,
                    0.0,
                    0.0,
                    1.0
                ]
            ]
        },
        {
            "file_path": "/data/shapenet_blender/all_50_random/02958343/ead6f85d2eaafab32aa8b7caea8a1807/r_36",
            "rotation": 0.12566370614359174,
            "transform_matrix": [
                [
                    0.9906517267227173,
                    0.13121555745601654,
                    -0.03730471059679985,
                    -0.15038010478019714
                ],
                [
                    -0.13641539216041565,
                    0.9528903365135193,
                    -0.2709076404571533,
                    -1.0920636653900146
                ],
                [
                    0.0,
                    0.2734639048576355,
                    0.9618822336196899,
                    3.8774712085723877
                ],
                [
                    0.0,
                    0.0,
                    0.0,
                    1.0
                ]
            ]
        },
        {
            "file_path": "/data/shapenet_blender/all_50_random/02958343/ead6f85d2eaafab32aa8b7caea8a1807/r_37",
            "rotation": 0.12566370614359174,
            "transform_matrix": [
                [
                    -0.9971222281455994,
                    0.015061207115650177,
                    -0.07429920881986618,
                    -0.2995097041130066
                ],
                [
                    -0.07581037282943726,
                    -0.19809776544570923,
                    0.9772461652755737,
                    3.9394052028656006
                ],
                [
                    -9.313225191043273e-10,
                    0.9800665378570557,
                    0.19866947829723358,
                    0.8008623123168945
                ],
                [
                    0.0,
                    0.0,
                    0.0,
                    1.0
                ]
            ]
        },
        {
            "file_path": "/data/shapenet_blender/all_50_random/02958343/ead6f85d2eaafab32aa8b7caea8a1807/r_38",
            "rotation": 0.12566370614359174,
            "transform_matrix": [
                [
                    -0.8286136984825134,
                    0.11998547613620758,
                    -0.5468114018440247,
                    -2.2042672634124756
                ],
                [
                    -0.5598206520080566,
                    -0.17759548127651215,
                    0.8093581795692444,
                    3.262627124786377
                ],
                [
                    -7.450580152834618e-09,
                    0.9767616391181946,
                    0.21432840824127197,
                    0.8639854788780212
                ],
                [
                    0.0,
                    0.0,
                    0.0,
                    1.0
                ]
            ]
        },
        {
            "file_path": "/data/shapenet_blender/all_50_random/02958343/ead6f85d2eaafab32aa8b7caea8a1807/r_39",
            "rotation": 0.12566370614359174,
            "transform_matrix": [
                [
                    -0.8248060345649719,
                    -0.0010205028811469674,
                    0.5654148459434509,
                    2.2792601585388184
                ],
                [
                    0.5654157400131226,
                    -0.0014886690769344568,
                    0.8248047232627869,
                    3.3248941898345947
                ],
                [
                    0.0,
                    0.9999983310699463,
                    0.001804871717467904,
                    0.007275670766830444
                ],
                [
                    0.0,
                    0.0,
                    0.0,
                    1.0
                ]
            ]
        },
        {
            "file_path": "/data/shapenet_blender/all_50_random/02958343/ead6f85d2eaafab32aa8b7caea8a1807/r_40",
            "rotation": 0.12566370614359174,
            "transform_matrix": [
                [
                    -0.9996557831764221,
                    -0.006699418183416128,
                    0.025362584739923477,
                    0.10223984718322754
                ],
                [
                    0.02623247355222702,
                    -0.25529852509498596,
                    0.9665063619613647,
                    3.896111488342285
                ],
                [
                    0.0,
                    0.966839075088501,
                    0.2553863823413849,
                    1.0294954776763916
                ],
                [
                    0.0,
                    0.0,
                    0.0,
                    1.0
                ]
            ]
        },
        {
            "file_path": "/data/shapenet_blender/all_50_random/02958343/ead6f85d2eaafab32aa8b7caea8a1807/r_41",
            "rotation": 0.12566370614359174,
            "transform_matrix": [
                [
                    0.4816076457500458,
                    -0.12363260984420776,
                    0.8676226139068604,
                    3.4974985122680664
                ],
                [
                    0.8763869404792786,
                    0.06794077157974243,
                    -0.4767913520336151,
                    -1.9220073223114014
                ],
                [
                    7.450580596923828e-09,
