{
    "class": "02958343",
    "model": "dfec37059dcbf6e64819e00d73fd49e1",
    "remove_doubles": true,
    "edge_split": true,
    "denoise": true,
    "camera_angle_x": 0.6911112070083618,
    "scale_factor": 2.2771858894473533,
    "hdri_file": "/data/IndoorHDRDataset2018/9C4A7223-cce61c4fcd.exr",
    "center_offset": [
        0.0,
        -3.725290298461914e-09,
        0.0
    ],
    "lights": [],
    "frames": [
        {
            "file_path": "/data/shapenet_blender/all_50_random/02958343/dfec37059dcbf6e64819e00d73fd49e1/r_0",
            "rotation": 0.12566370614359174,
            "transform_matrix": [
                [
                    -0.5450960397720337,
                    0.5739160180091858,
                    0.6111388206481934,
                    2.4635796546936035
                ],
                [
                    0.8383737206459045,
                    0.3731502592563629,
                    0.39735186100006104,
                    1.6017767190933228
                ],
                [
                    -1.4901162970204496e-08,
                    0.7289575934410095,
                    -0.6845587491989136,
                    -2.759544849395752
                ],
                [
                    0.0,
                    0.0,
                    0.0,
                    1.0
                ]
            ]
        },
        {
            "file_path": "/data/shapenet_blender/all_50_random/02958343/dfec37059dcbf6e64819e00d73fd49e1/r_1",
            "rotation": 0.12566370614359174,
            "transform_matrix": [
                [
                    0.2235182225704193,
                    0.35354936122894287,
                    0.9083184003829956,
                    3.6615488529205322
                ],
                [
                    0.9746997952461243,
                    -0.08107595890760422,
                    -0.20829562842845917,
                    -0.8396666049957275
                ],
                [
                    0.0,
                    0.9318956732749939,
                    -0.3627263605594635,
                    -1.4621968269348145
                ],
                [
                    0.0,
                    0.0,
                    0.0,
                    1.0
                ]
            ]
        },
        {
            "file_path": "/data/shapenet_blender/all_50_random/02958343/dfec37059dcbf6e64819e00d73fd49e1/r_2",
            "rotation": 0.12566370614359174,
            "transform_matrix": [
                [
                    -0.8089417219161987,
                    -0.44470104575157166,
                    -0.3845181167125702,
                    -1.5500421524047852
                ],
                [
                    -0.5878887176513672,
                    0.6119137406349182,
                    0.5291013717651367,
                    2.132875919342041
                ],
                [
                    0.0,
                    0.6540660858154297,
                    -0.756437361240387,
                    -3.0492966175079346
                ],
                [
                    0.0,
                    0.0,
                    0.0,
                    1.0
                ]
            ]
        },
        {
            "file_path": "/data/shapenet_blender/all_50_random/02958343/dfec37059dcbf6e64819e00d73fd49e1/r_3",
            "rotation": 0.12566370614359174,
            "transform_matrix": [
                [
                    0.8026890158653259,
                    0.2655823528766632,
                    -0.5340003967285156,
                    -2.1526241302490234
                ],
                [
                    -0.596397876739502,
                    0.3574460446834564,
                    -0.7187085747718811,
                    -2.8972065448760986
                ],
                [
                    1.4901159417490817e-08,
                    0.8953760862350464,
                    0.4453108608722687,
                    1.7951053380966187
                ],
                [
                    0.0,
                    0.0,
                    0.0,
                    1.0
                ]
            ]
        },
        {
            "file_path": "/data/shapenet_blender/all_50_random/02958343/dfec37059dcbf6e64819e00d73fd49e1/r_4",
            "rotation": 0.12566370614359174,
            "transform_matrix": [
                [
                    0.19277423620224,
                    0.13971400260925293,
                    0.971245527267456,
                    3.9152164459228516
                ],
                [
                    0.9812430739402771,
                    -0.027448100969195366,
                    -0.19081011414527893,
                    -0.7691802978515625
                ],
                [
                    -1.8626450382086546e-09,
                    0.9898114204406738,
                    -0.14238467812538147,
                    -0.5739710330963135
                ],
                [
                    0.0,
                    0.0,
                    0.0,
                    1.0
                ]
            ]
        },
        {
            "file_path": "/data/shapenet_blender/all_50_random/02958343/dfec37059dcbf6e64819e00d73fd49e1/r_5",
            "rotation": 0.12566370614359174,
            "transform_matrix": [
                [
                    0.5058346390724182,
                    0.024389594793319702,
                    -0.8622856140136719,
                    -3.475984573364258
                ],
                [
                    -0.8626306056976318,
                    0.014301720075309277,
                    -0.5056323409080505,
                    -2.03826904296875
                ],
                [
                    0.0,
                    0.9996001720428467,
                    0.028273513540625572,
                    0.1139741763472557
                ],
                [
                    0.0,
                    0.0,
                    0.0,
                    1.0
                ]
            ]
        },
        {
            "file_path": "/data/shapenet_blender/all_50_random/02958343/dfec37059dcbf6e64819e00d73fd49e1/r_6",
            "rotation": 0.12566370614359174,
            "transform_matrix": [
                [
                    0.6690126061439514,
                    0.4439874589443207,
                    0.5960682034492493,
                    2.402827739715576
                ],
                [
                    0.7432511448860168,
                    -0.39964041113853455,
                    -0.5365307927131653,
                    -2.162824869155884
                ],
                [
                    0.0,
                    0.8019741773605347,
                    -0.5973586440086365,
                    -2.408029794692993
                ],
                [
                    0.0,
                    0.0,
                    0.0,
                    1.0
                ]
            ]
        },
        {
            "file_path": "/data/shapenet_blender/all_50_random/02958343/dfec37059dcbf6e64819e00d73fd49e1/r_7",
            "rotation": 0.12566370614359174,
            "transform_matrix": [
                [
                    0.9969669580459595,
                    0.01799723505973816,
                    0.07571643590927124,
                    0.30522269010543823
                ],
                [
                    0.07782594859600067,
                    -0.2305484116077423,
                    -0.969943642616272,
                    -3.9099674224853516
                ],
                [
                    -1.8626450382086546e-09,
                    0.9728943705558777,
                    -0.2312498390674591,
                    -0.9321978092193604
                ],
                [
                    0.0,
                    0.0,
                    0.0,
                    1.0
                ]
            ]
        },
        {
            "file_path": "/data/shapenet_blender/all_50_random/02958343/dfec37059dcbf6e64819e00d73fd49e1/r_8",
            "rotation": 0.12566370614359174,
            "transform_matrix": [
                [
                    0.8658724427223206,
                    0.1286226511001587,
                    0.4834471046924591,
                    1.9488377571105957
                ],
                [
                    0.5002648234367371,
                    -0.22262369096279144,
                    -0.8367637991905212,
                    -3.373102903366089
                ],
                [
                    0.0,
                    0.9663823843002319,
                    -0.25710904598236084,
                    -1.0364398956298828
                ],
                [
                    0.0,
                    0.0,
                    0.0,
                    1.0
                ]
            ]
        },
        {
            "file_path": "/data/shapenet_blender/all_50_random/02958343/dfec37059dcbf6e64819e00d73fd49e1/r_9",
            "rotation": 0.12566370614359174,
            "transform_matrix": [
                [
                    0.9754089713096619,
                    0.18503133952617645,
                    -0.11975318193435669,
                    -0.4827405512332916
                ],
                [
                    -0.22040289640426636,
                    0.8188695907592773,
                    -0.5299763083457947,
                    -2.1364030838012695
                ],
                [
                    7.450581485102248e-09,
                    0.5433375835418701,
                    0.8395141959190369,
                    3.384190320968628
                ],
                [
                    0.0,
                    0.0,
                    0.0,
                    1.0
                ]
            ]
        },
        {
            "file_path": "/data/shapenet_blender/all_50_random/02958343/dfec37059dcbf6e64819e00d73fd49e1/r_10",
            "rotation": 0.12566370614359174,
            "transform_matrix": [
                [
                    0.06851651519536972,
                    -0.9125896096229553,
                    -0.40309497714042664,
                    -1.6249279975891113
                ],
                [
                    -0.9976500272750854,
                    -0.06267473846673965,
                    -0.027683718129992485,
                    -0.11159664392471313
                ],
                [
                    1.862645371275562e-09,
                    0.4040445387363434,
                    -0.9147392511367798,
                    -3.687432050704956
                ],
                [
                    0.0,
                    0.0,
                    0.0,
                    1.0
                ]
            ]
        },
        {
            "file_path": "/data/shapenet_blender/all_50_random/02958343/dfec37059dcbf6e64819e00d73fd49e1/r_11",
            "rotation": 0.12566370614359174,
            "transform_matrix": [
                [
                    0.2668508291244507,
                    -0.16227972507476807,
                    -0.9499768018722534,
                    -3.8294789791107178
                ],
                [
                    -0.9637378454208374,
                    -0.044933877885341644,
                    -0.2630405128002167,
                    -1.0603501796722412
                ],
                [
                    0.0,
                    0.985721230506897,
                    -0.16838574409484863,
                    -0.6787846684455872
                ],
                [
                    0.0,
                    0.0,
                    0.0,
                    1.0
                ]
            ]
        },
        {
            "file_path": "/data/shapenet_blender/all_50_random/02958343/dfec37059dcbf6e64819e00d73fd49e1/r_12",
            "rotation": 0.12566370614359174,
            "transform_matrix": [
                [
                    -0.42657747864723206,
                    0.42443183064460754,
                    0.7986797094345093,
                    3.219580888748169
                ],
                [
                    0.9044510722160339,
                    0.2001800388097763,
                    0.37669122219085693,
                    1.5184909105300903
                ],
                [
                    1.4901161193847656e-08,
                    0.8830546736717224,
                    -0.4692700505256653,
                    -1.8916881084442139
                ],
                [
                    0.0,
                    0.0,
                    0.0,
                    1.0
                ]
            ]
        },
        {
            "file_path": "/data/shapenet_blender/all_50_random/02958343/dfec37059dcbf6e64819e00d73fd49e1/r_13",
            "rotation": 0.12566370614359174,
            "transform_matrix": [
                [
                    -0.9652843475341797,
                    -0.028739280998706818,
                    0.25961539149284363,
                    1.0465431213378906
                ],
                [
                    0.26120126247406006,
                    -0.10620767623186111,
                    0.9594237208366394,
                    3.867560625076294
                ],
                [
                    0.0,
                    0.9939285516738892,
                    0.11002735793590546,
                    0.4435344636440277
                ],
                [
                    0.0,
                    0.0,
                    0.0,
                    1.0
                ]
            ]
        },
        {
            "file_path": "/data/shapenet_blender/all_50_random/02958343/dfec37059dcbf6e64819e00d73fd49e1/r_14",
            "rotation": 0.12566370614359174,
            "transform_matrix": [
                [
                    0.9896714091300964,
                    -0.11215674877166748,
                    0.08928284794092178,
                    0.35991066694259644
                ],
                [
                    0.14335469901561737,
                    0.7742915153503418,
                    -0.6163780093193054,
                    -2.484699249267578
                ],
                [
                    0.0,
                    0.6228107213973999,
                    0.7823724746704102,
                    3.1538443565368652
                ],
                [
                    0.0,
                    0.0,
                    0.0,
                    1.0
                ]
            ]
        },
        {
            "file_path": "/data/shapenet_blender/all_50_random/02958343/dfec37059dcbf6e64819e00d73fd49e1/r_15",
            "rotation": 0.12566370614359174,
            "transform_matrix": [
                [
                    -0.3174881935119629,
                    -0.449829638004303,
                    -0.8347781300544739,
                    -3.365098237991333
                ],
                [
                    -0.9482621550559998,
                    0.15060772001743317,
                    0.2794925570487976,
                    1.126670479774475
                ],
                [
                    0.0,
                    0.880324125289917,
                    -0.47437262535095215,
                    -1.912257194519043
                ],
                [
                    0.0,
                    0.0,
                    0.0,
                    1.0
                ]
            ]
        },
        {
            "file_path": "/data/shapenet_blender/all_50_random/02958343/dfec37059dcbf6e64819e00d73fd49e1/r_16",
            "rotation": 0.12566370614359174,
            "transform_matrix": [
                [
                    -0.05783040076494217,
                    0.5522286295890808,
                    -0.8316845297813416,
                    -3.3526275157928467
                ],
                [
                    -0.9983264207839966,
                    -0.03198913857340813,
                    0.04817727953195572,
                    0.19420883059501648
                ],
                [
                    1.8626450382086546e-09,
                    0.8330787420272827,
                    0.5531544089317322,
                    2.2298367023468018
                ],
                [
                    0.0,
                    0.0,
                    0.0,
                    1.0
                ]
            ]
        },
        {
            "file_path": "/data/shapenet_blender/all_50_random/02958343/dfec37059dcbf6e64819e00d73fd49e1/r_17",
            "rotation": 0.12566370614359174,
            "transform_matrix": [
                [
                    -0.4456469714641571,
                    0.020359424874186516,
                    0.8949772119522095,
                    3.6077685356140137
                ],
                [
                    0.8952087759971619,
                    0.010135196149349213,
                    0.4455316960811615,
                    1.7959957122802734
                ],
                [
                    -9.313225191043273e-10,
                    0.9997414350509644,
                    -0.022742653265595436,
                    -0.09167856723070145
                ],
                [
                    0.0,
                    0.0,
                    0.0,
                    1.0
                ]
            ]
        },
        {
            "file_path": "/data/shapenet_blender/all_50_random/02958343/dfec37059dcbf6e64819e00d73fd49e1/r_18",
            "rotation": 0.12566370614359174,
            "transform_matrix": [
                [
                    -0.4341045320034027,
                    -0.3632933795452118,
                    0.8243610858917236,
                    3.323105812072754
                ],
                [
                    0.9008625149726868,
                    -0.17506253719329834,
                    0.3972402513027191,
                    1.6013267040252686
                ],
                [
                    -1.4901161193847656e-08,
                    0.9150797724723816,
                    0.403272807598114,
                    1.6256446838378906
                ],
                [
                    0.0,
                    0.0,
                    0.0,
                    1.0
                ]
            ]
        },
        {
            "file_path": "/data/shapenet_blender/all_50_random/02958343/dfec37059dcbf6e64819e00d73fd49e1/r_19",
            "rotation": 0.12566370614359174,
            "transform_matrix": [
                [
                    -0.09000423550605774,
                    -0.04252404347062111,
                    -0.9950331449508667,
                    -4.011106967926025
                ],
                [
                    -0.9959414005279541,
                    0.003842940554022789,
                    0.08992215245962143,
                    0.36248779296875
                ],
                [
                    -2.3283064365386963e-10,
                    0.9990880489349365,
                    -0.04269733279943466,
                    -0.17211845517158508
                ],
                [
                    0.0,
                    0.0,
                    0.0,
                    1.0
                ]
            ]
        },
        {
            "file_path": "/data/shapenet_blender/all_50_random/02958343/dfec37059dcbf6e64819e00d73fd49e1/r_20",
            "rotation": 0.12566370614359174,
            "transform_matrix": [
                [
                    -0.40129584074020386,
                    0.6231963038444519,
                    0.6712585091590881,
                    2.7059295177459717
                ],
                [
                    0.9159485101699829,
                    0.27303507924079895,
                    0.2940921187400818,
                    1.185523271560669
                ],
                [
                    0.0,
                    0.7328560948371887,
                    -0.680383563041687,
                    -2.7427139282226562
                ],
                [
                    0.0,
                    0.0,
                    0.0,
                    1.0
                ]
            ]
        },
        {
            "file_path": "/data/shapenet_blender/all_50_random/02958343/dfec37059dcbf6e64819e00d73fd49e1/r_21",
            "rotation": 0.12566370614359174,
            "transform_matrix": [
                [
                    0.25400590896606445,
                    0.37742355465888977,
                    0.8905236721038818,
                    3.589815855026245
                ],
                [
                    0.9672026634216309,
                    -0.09911864250898361,
                    -0.2338685393333435,
                    -0.9427542090415955
                ],
                [
                    0.0,
                    0.9207208156585693,
                    -0.39022180438041687,
                    -1.573034405708313
                ],
                [
                    0.0,
                    0.0,
                    0.0,
                    1.0
                ]
            ]
        },
        {
            "file_path": "/data/shapenet_blender/all_50_random/02958343/dfec37059dcbf6e64819e00d73fd49e1/r_22",
            "rotation": 0.12566370614359174,
            "transform_matrix": [
                [
                    -0.7787846922874451,
                    -0.5364153981208801,
                    -0.32519668340682983,
                    -1.3109098672866821
                ],
                [
                    -0.6272912621498108,
                    0.6659619808197021,
                    0.4037330448627472,
                    1.627500057220459
                ],
                [
                    1.4901160305669237e-08,
                    0.5184141993522644,
                    -0.855129599571228,
                    -3.4471378326416016
                ],
                [
                    0.0,
                    0.0,
                    0.0,
                    1.0
                ]
            ]
        },
        {
            "file_path": "/data/shapenet_blender/all_50_random/02958343/dfec37059dcbf6e64819e00d73fd49e1/r_23",
            "rotation": 0.12566370614359174,
            "transform_matrix": [
                [
                    -0.5689898729324341,
                    -0.14114178717136383,
                    -0.8101415634155273,
                    -3.2657852172851562
                ],
                [
                    -0.8223444223403931,
                    0.09765768051147461,
                    0.5605466365814209,
                    2.2596356868743896
                ],
                [
                    -7.450580596923828e-09,
                    0.985160768032074,
                    -0.17163342237472534,
                    -0.6918764710426331
                ],
                [
                    0.0,
                    0.0,
                    0.0,
                    1.0
                ]
            ]
        },
        {
            "file_path": "/data/shapenet_blender/all_50_random/02958343/dfec37059dcbf6e64819e00d73fd49e1/r_24",
            "rotation": 0.12566370614359174,
            "transform_matrix": [
                [
                    -0.5098024010658264,
                    -0.33225032687187195,
                    0.7935433387756348,
                    3.198875904083252
                ],
                [
                    0.8602915406227112,
                    -0.19688908755779266,
                    0.47024795413017273,
                    1.8956303596496582
                ],
                [
                    -1.4901161193847656e-08,
                    0.9224122762680054,
                    0.38620659708976746,
                    1.5568488836288452
                ],
                [
                    0.0,
                    0.0,
                    0.0,
                    1.0
                ]
            ]
        },
        {
            "file_path": "/data/shapenet_blender/all_50_random/02958343/dfec37059dcbf6e64819e00d73fd49e1/r_25",
            "rotation": 0.12566370614359174,
            "transform_matrix": [
                [
                    -0.8112633228302002,
                    -0.16737918555736542,
                    -0.560210645198822,
                    -2.2582814693450928
                ],
                [
                    -0.5846809148788452,
                    0.23224391043186188,
                    0.7773100137710571,
                    3.133437156677246
                ],
                [
                    0.0,
                    0.9581476449966431,
                    -0.28627437353134155,
                    -1.1540089845657349
                ],
                [
                    0.0,
                    0.0,
                    0.0,
                    1.0
                ]
            ]
        },
        {
            "file_path": "/data/shapenet_blender/all_50_random/02958343/dfec37059dcbf6e64819e00d73fd49e1/r_26",
            "rotation": 0.12566370614359174,
            "transform_matrix": [
                [
                    0.33082982897758484,
                    -0.1488758623600006,
                    -0.9318732023239136,
                    -3.7565009593963623
                ],
                [
                    -0.9436904191970825,
                    -0.05219145119190216,
                    -0.3266870379447937,
                    -1.3169175386428833
                ],
                [
                    0.0,
                    0.9874776601791382,
                    -0.15775920450687408,
                    -0.6359477043151855
                ],
                [
                    0.0,
                    0.0,
                    0.0,
                    1.0
                ]
            ]
        },
        {
            "file_path": "/data/shapenet_blender/all_50_random/02958343/dfec37059dcbf6e64819e00d73fd49e1/r_27",
            "rotation": 0.12566370614359174,
            "transform_matrix": [
                [
                    -0.6284634470939636,
                    -0.08211789280176163,
                    -0.7734922766685486,
                    -3.1180472373962402
                ],
                [
                    -0.7778391242027283,
                    0.06634802371263504,
                    0.6249513626098633,
                    2.519259452819824
                ],
                [
                    0.0,
                    0.9944115877151489,
                    -0.10557181388139725,
                    -0.4255736172199249
                ],
                [
                    0.0,
                    0.0,
                    0.0,
                    1.0
                ]
            ]
        },
        {
            "file_path": "/data/shapenet_blender/all_50_random/02958343/dfec37059dcbf6e64819e00d73fd49e1/r_28",
            "rotation": 0.12566370614359174,
            "transform_matrix": [
                [
                    -0.2044682502746582,
                    0.6676626205444336,
                    0.7158346772193909,
                    2.885622024536133
                ],
                [
                    0.9788731932640076,
                    0.1394621878862381,
                    0.14952443540096283,
                    0.6027523279190063
                ],
                [
                    7.450580596923828e-09,
                    0.7312843799591064,
                    -0.6820725798606873,
                    -2.7495226860046387
                ],
                [
                    0.0,
                    0.0,
                    0.0,
                    1.0
                ]
            ]
        },
        {
            "file_path": "/data/shapenet_blender/all_50_random/02958343/dfec37059dcbf6e64819e00d73fd49e1/r_29",
            "rotation": 0.12566370614359174,
            "transform_matrix": [
                [
                    0.3816685080528259,
                    -0.6256269216537476,
                    0.6803824305534363,
                    2.7427093982696533
                ],
                [
                    0.9242993593215942,
                    0.25833848118782043,
                    -0.2809485197067261,
                    -1.1325397491455078
                ],
                [
                    0.0,
                    0.7361062169075012,
                    0.6768660545349121,
                    2.72853422164917
                ],
                [
                    0.0,
                    0.0,
                    0.0,
                    1.0
                ]
            ]
        },
        {
            "file_path": "/data/shapenet_blender/all_50_random/02958343/dfec37059dcbf6e64819e00d73fd49e1/r_30",
            "rotation": 0.12566370614359174,
            "transform_matrix": [
                [
                    -0.48712897300720215,
                    -0.551500141620636,
                    -0.6771653294563293,
                    -2.729740858078003
                ],
                [
                    -0.8733299970626831,
                    0.3076176345348358,
                    0.37771162390708923,
                    1.52260422706604
                ],
                [
                    -1.4901161193847656e-08,
                    0.7753831148147583,
                    -0.6314910650253296,
                    -2.545621871948242
                ],
                [
                    0.0,
                    0.0,
                    0.0,
                    1.0
                ]
            ]
        },
        {
            "file_path": "/data/shapenet_blender/all_50_random/02958343/dfec37059dcbf6e64819e00d73fd49e1/r_31",
            "rotation": 0.12566370614359174,
            "transform_matrix": [
                [
                    0.24295642971992493,
                    0.019165800884366035,
                    -0.9698478579521179,
                    -3.9095816612243652
                ],
                [
                    -0.9700372815132141,
                    0.004800283350050449,
                    -0.24290898442268372,
                    -0.9791974425315857
                ],
                [
                    -4.656613428188905e-10,
                    0.9998047351837158,
                    0.019757799804210663,
                    0.07964623719453812
                ],
                [
                    0.0,
                    0.0,
                    0.0,
                    1.0
                ]
            ]
        },
        {
            "file_path": "/data/shapenet_blender/all_50_random/02958343/dfec37059dcbf6e64819e00d73fd49e1/r_32",
            "rotation": 0.12566370614359174,
            "transform_matrix": [
                [
                    0.1546957641839981,
                    -0.02977537177503109,
                    0.9875133633613586,
                    3.9807937145233154
                ],
                [
                    0.9879621863365173,
                    0.004662246908992529,
                    -0.15462547540664673,
                    -0.6233152151107788
                ],
                [
                    -4.656613428188905e-10,
                    0.999545693397522,
                    0.030138172209262848,
                    0.12149085849523544
                ],
                [
                    0.0,
                    0.0,
                    0.0,
                    1.0
                ]
            ]
        },
        {
            "file_path": "/data/shapenet_blender/all_50_random/02958343/dfec37059dcbf6e64819e00d73fd49e1/r_33",
            "rotation": 0.12566370614359174,
            "transform_matrix": [
                [
                    0.44553351402282715,
                    -0.28772613406181335,
                    -0.8477697968482971,
                    -3.4174692630767822
                ],
                [
                    -0.8952653408050537,
                    -0.14318841695785522,
                    -0.42189711332321167,
                    -1.7007216215133667
                ],
                [
                    1.4901161193847656e-08,
                    0.9469481706619263,
                    -0.3213864266872406,
                    -1.2955501079559326
                ],
                [
                    0.0,
                    0.0,
                    0.0,
                    1.0
                ]
            ]
        },
        {
            "file_path": "/data/shapenet_blender/all_50_random/02958343/dfec37059dcbf6e64819e00d73fd49e1/r_34",
            "rotation": 0.12566370614359174,
            "transform_matrix": [
                [
                    -0.9376392960548401,
                    0.035159721970558167,
                    -0.34582704305648804,
                    -1.394073486328125
                ],
                [
                    -0.34760981798171997,
                    -0.09483949840068817,
                    0.9328305721282959,
                    3.7603604793548584
                ],
                [
                    0.0,
                    0.9948714971542358,
                    0.10114710032939911,
                    0.40773704648017883
                ],
                [
                    0.0,
                    0.0,
                    0.0,
                    1.0
                ]
            ]
        },
        {
            "file_path": "/data/shapenet_blender/all_50_random/02958343/dfec37059dcbf6e64819e00d73fd49e1/r_35",
            "rotation": 0.12566370614359174,
            "transform_matrix": [
                [
                    0.7198426127433777,
                    -0.5316397547721863,
                    0.4463023543357849,
                    1.7991024255752563
                ],
                [
                    0.6941373944282532,
                    0.5513274073600769,
                    -0.4628297984600067,
                    -1.8657267093658447
                ],
                [
                    0.0,
                    0.6429597735404968,
                    0.7658998966217041,
                    3.0874414443969727
                ],
                [
                    0.0,
                    0.0,
                    0.0,
                    1.0
                ]
            ]
        },
        {
            "file_path": "/data/shapenet_blender/all_50_random/02958343/dfec37059dcbf6e64819e00d73fd49e1/r_36",
            "rotation": 0.12566370614359174,
            "transform_matrix": [
                [
                    -0.6228777766227722,
                    0.5344091057777405,
                    -0.5713405609130859,
                    -2.303147792816162
                ],
                [
                    -0.7823193073272705,
                    -0.4254932701587677,
                    0.45489782094955444,
                    1.833751916885376
                ],
                [
                    -2.980232594040899e-08,
                    0.7303165197372437,
                    0.6831088066101074,
                    2.753700017929077
                ],
                [
                    0.0,
                    0.0,
                    0.0,
                    1.0
                ]
            ]
        },
        {
            "file_path": "/data/shapenet_blender/all_50_random/02958343/dfec37059dcbf6e64819e00d73fd49e1/r_37",
            "rotation": 0.12566370614359174,
            "transform_matrix": [
                [
                    0.9720752239227295,
                    -0.12828248739242554,
                    -0.1965031921863556,
                    -0.7921296954154968
                ],
                [
                    -0.2346697747707367,
                    -0.5313859581947327,
                    -0.8139773011207581,
                    -3.28124737739563
                ],
                [
                    -7.450580596923828e-09,
                    0.8373605012893677,
                    -0.5466511249542236,
                    -2.2036211490631104
                ],
                [
                    0.0,
                    0.0,
                    0.0,
                    1.0
                ]
            ]
        },
        {
            "file_path": "/data/shapenet_blender/all_50_random/02958343/dfec37059dcbf6e64819e00d73fd49e1/r_38",
            "rotation": 0.12566370614359174,
            "transform_matrix": [
                [
                    0.09017547219991684,
                    0.11830951273441315,
                    0.9888736605644226,
                    3.9862773418426514
                ],
                [
                    0.9959259629249573,
                    -0.010712258517742157,
                    -0.08953692764043808,
                    -0.36093491315841675
                ],
                [
                    0.0,
                    0.9929190874099731,
                    -0.11879347264766693,
                    -0.47887179255485535
                ],
                [
                    0.0,
                    0.0,
                    0.0,
                    1.0
                ]
            ]
        },
        {
            "file_path": "/data/shapenet_blender/all_50_random/02958343/dfec37059dcbf6e64819e00d73fd49e1/r_39",
            "rotation": 0.12566370614359174,
            "transform_matrix": [
                [
                    -0.8380411863327026,
                    -0.4003877341747284,
                    -0.370643675327301,
                    -1.494112491607666
                ],
                [
                    -0.5456071496009827,
                    0.6149871945381165,
                    0.5693009495735168,
                    2.2949254512786865
                ],
                [
                    0.0,
                    0.6793232560157776,
                    -0.7338390350341797,
                    -2.9581997394561768
                ],
                [
                    0.0,
                    0.0,
                    0.0,
                    1.0
                ]
            ]
        },
        {
            "file_path": "/data/shapenet_blender/all_50_random/02958343/dfec37059dcbf6e64819e00d73fd49e1/r_40",
            "rotation": 0.12566370614359174,
            "transform_matrix": [
                [
                    0.9043735265731812,
                    -0.05082293972373009,
                    -0.4237045645713806,
                    -1.7080076932907104
                ],
                [
                    -0.42674174904823303,
                    -0.10770664364099503,
                    -0.8979369401931763,
                    -3.619699478149414
                ],
                [
                    -3.725290298461914e-09,
                    0.9928827881813049,
                    -0.11909531056880951,
                    -0.48008856177330017
                ],
                [
                    0.0,
                    0.0,
                    0.0,
                    1.0
                ]
            ]
        },
        {
            "file_path": "/data/shapenet_blender/all_50_random/02958343/dfec37059dcbf6e64819e00d73fd49e1/r_41",
            "rotation": 0.12566370614359174,
            "transform_matrix": [
                [
                    0.9997413158416748,
                    0.0030097179114818573,
                    0.022543199360370636,
                    0.0908745527267456
                ],
                [
                    0.0227432232350111,
                    -0.132300466299057,
                    -0.9909486770629883,
