{
    "class": "02958343",
    "model": "53895830484cd75d9a68e1b6bb3d1631",
    "remove_doubles": true,
    "edge_split": true,
    "denoise": true,
    "camera_angle_x": 0.6911112070083618,
    "scale_factor": 2.273321331601456,
    "hdri_file": "/data/IndoorHDRDataset2018/AG8A9297-10bd47decc.exr",
    "center_offset": [
        0.0,
        -2.7939677238464355e-09,
        -3.725290298461914e-09
    ],
    "lights": [],
    "frames": [
        {
            "file_path": "/data/shapenet_blender/all_50_random/02958343/53895830484cd75d9a68e1b6bb3d1631/r_0",
            "rotation": 0.12566370614359174,
            "transform_matrix": [
                [
                    0.8090691566467285,
                    -0.09457402676343918,
                    -0.5800542831420898,
                    -2.338273525238037
                ],
                [
                    -0.5877135992050171,
                    -0.13019423186779022,
                    -0.7985250353813171,
                    -3.2189574241638184
                ],
                [
                    0.0,
                    0.9869675636291504,
                    -0.16091857850551605,
                    -0.6486835479736328
                ],
                [
                    0.0,
                    0.0,
                    0.0,
                    1.0
                ]
            ]
        },
        {
            "file_path": "/data/shapenet_blender/all_50_random/02958343/53895830484cd75d9a68e1b6bb3d1631/r_1",
            "rotation": 0.12566370614359174,
            "transform_matrix": [
                [
                    -0.8768025636672974,
                    0.0028769883792847395,
                    -0.48084190487861633,
                    -1.93833589553833
                ],
                [
                    -0.4808505177497864,
                    -0.005246018525213003,
                    0.8767868280410767,
                    3.5344409942626953
                ],
                [
                    0.0,
                    0.9999821186065674,
                    0.005983123555779457,
                    0.02411874383687973
                ],
                [
                    0.0,
                    0.0,
                    0.0,
                    1.0
                ]
            ]
        },
        {
            "file_path": "/data/shapenet_blender/all_50_random/02958343/53895830484cd75d9a68e1b6bb3d1631/r_2",
            "rotation": 0.12566370614359174,
            "transform_matrix": [
                [
                    -0.6705600023269653,
                    0.4271552562713623,
                    0.6065374612808228,
                    2.445030689239502
                ],
                [
                    0.7418553829193115,
                    0.3861038386821747,
                    0.5482466816902161,
                    2.210052967071533
                ],
                [
                    1.4901162970204496e-08,
                    0.8175952434539795,
                    -0.5757932662963867,
                    -2.321096897125244
                ],
                [
                    0.0,
                    0.0,
                    0.0,
                    1.0
                ]
            ]
        },
        {
            "file_path": "/data/shapenet_blender/all_50_random/02958343/53895830484cd75d9a68e1b6bb3d1631/r_3",
            "rotation": 0.12566370614359174,
            "transform_matrix": [
                [
                    0.5638019442558289,
                    0.020874958485364914,
                    -0.825646162033081,
                    -3.3282864093780518
                ],
                [
                    -0.8259100914001465,
                    0.01425014715641737,
                    -0.5636216998100281,
                    -2.2720320224761963
                ],
                [
                    -9.313225746154785e-10,
                    0.9996805191040039,
                    0.0252750962972641,
                    0.10188718140125275
                ],
                [
                    0.0,
                    0.0,
                    0.0,
                    1.0
                ]
            ]
        },
        {
            "file_path": "/data/shapenet_blender/all_50_random/02958343/53895830484cd75d9a68e1b6bb3d1631/r_4",
            "rotation": 0.12566370614359174,
            "transform_matrix": [
                [
                    -0.915717363357544,
                    -0.3203471302986145,
                    -0.24256856739521027,
                    -0.9778251647949219
                ],
                [
                    -0.40182310342788696,
                    0.7300412058830261,
                    0.5527911186218262,
                    2.22837233543396
                ],
                [
                    1.4901161193847656e-08,
                    0.6036701202392578,
                    -0.7972342371940613,
                    -3.2137539386749268
                ],
                [
                    0.0,
                    0.0,
                    0.0,
                    1.0
                ]
            ]
        },
        {
            "file_path": "/data/shapenet_blender/all_50_random/02958343/53895830484cd75d9a68e1b6bb3d1631/r_5",
            "rotation": 0.12566370614359174,
            "transform_matrix": [
                [
                    -0.9622484445571899,
                    -0.13273659348487854,
                    0.23761096596717834,
                    0.9578404426574707
                ],
                [
                    0.2721726894378662,
                    -0.469281405210495,
                    0.8400577306747437,
                    3.386380910873413
                ],
                [
                    7.450580596923828e-09,
                    0.8730154633522034,
                    0.48769256472587585,
                    1.9659515619277954
                ],
                [
                    0.0,
                    0.0,
                    0.0,
                    1.0
                ]
            ]
        },
        {
            "file_path": "/data/shapenet_blender/all_50_random/02958343/53895830484cd75d9a68e1b6bb3d1631/r_6",
            "rotation": 0.12566370614359174,
            "transform_matrix": [
                [
                    0.9234418272972107,
                    -0.1813683658838272,
                    0.33817258477211,
                    1.3632173538208008
                ],
                [
                    0.3837384283542633,
                    0.436451256275177,
                    -0.813790500164032,
                    -3.2804946899414062
                ],
                [
                    1.4901160305669237e-08,
                    0.8812580704689026,
                    0.47263529896736145,
                    1.9052540063858032
                ],
                [
                    0.0,
                    0.0,
                    0.0,
                    1.0
                ]
            ]
        },
        {
            "file_path": "/data/shapenet_blender/all_50_random/02958343/53895830484cd75d9a68e1b6bb3d1631/r_7",
            "rotation": 0.12566370614359174,
            "transform_matrix": [
                [
                    0.2613750398159027,
                    -0.6226244568824768,
                    -0.7375783920288086,
                    -2.973273515701294
                ],
                [
                    -0.9652373790740967,
                    -0.1685994416475296,
                    -0.1997276395559311,
                    -0.8051278591156006
                ],
                [
                    7.450580596923828e-09,
                    0.7641420960426331,
                    -0.6450480222702026,
                    -2.600271701812744
                ],
                [
                    0.0,
                    0.0,
                    0.0,
                    1.0
                ]
            ]
        },
        {
            "file_path": "/data/shapenet_blender/all_50_random/02958343/53895830484cd75d9a68e1b6bb3d1631/r_8",
            "rotation": 0.12566370614359174,
            "transform_matrix": [
                [
                    -0.9825345277786255,
                    0.08260342478752136,
                    -0.1667408049106598,
                    -0.6721537113189697
                ],
                [
                    -0.18608012795448303,
                    -0.43616002798080444,
                    0.8804195523262024,
                    3.5490846633911133
                ],
                [
                    0.0,
                    0.8960697054862976,
                    0.44391319155693054,
                    1.7894712686538696
                ],
                [
                    0.0,
                    0.0,
                    0.0,
                    1.0
                ]
            ]
        },
        {
            "file_path": "/data/shapenet_blender/all_50_random/02958343/53895830484cd75d9a68e1b6bb3d1631/r_9",
            "rotation": 0.12566370614359174,
            "transform_matrix": [
                [
                    0.5722216367721558,
                    0.529593825340271,
                    -0.6261730790138245,
                    -2.524184465408325
                ],
                [
                    -0.8200991153717041,
                    0.36952248215675354,
                    -0.43691033124923706,
                    -1.7612419128417969
                ],
                [
                    1.4901162970204496e-08,
                    0.7635334134101868,
                    0.6457682251930237,
                    2.603174924850464
                ],
                [
                    0.0,
                    0.0,
                    0.0,
                    1.0
                ]
            ]
        },
        {
            "file_path": "/data/shapenet_blender/all_50_random/02958343/53895830484cd75d9a68e1b6bb3d1631/r_10",
            "rotation": 0.12566370614359174,
            "transform_matrix": [
                [
                    0.7935155630111694,
                    -0.5580083727836609,
                    0.24281613528728485,
                    0.9788231253623962
                ],
                [
                    0.6085500121116638,
                    0.7276120781898499,
                    -0.31661882996559143,
                    -1.2763313055038452
                ],
                [
                    1.4901161193847656e-08,
                    0.3990078270435333,
                    0.9169474840164185,
                    3.696333646774292
                ],
                [
                    0.0,
                    0.0,
                    0.0,
                    1.0
                ]
            ]
        },
        {
            "file_path": "/data/shapenet_blender/all_50_random/02958343/53895830484cd75d9a68e1b6bb3d1631/r_11",
            "rotation": 0.12566370614359174,
            "transform_matrix": [
                [
                    0.9484513998031616,
                    -0.19120821356773376,
                    0.25274378061294556,
                    1.0188428163528442
                ],
                [
                    0.31692275404930115,
                    0.5722268223762512,
                    -0.7563837170600891,
                    -3.0490803718566895
                ],
                [
                    1.4901162970204496e-08,
                    0.7974933981895447,
                    0.6033275723457336,
                    2.432091236114502
                ],
                [
                    0.0,
                    0.0,
                    0.0,
                    1.0
                ]
            ]
        },
        {
            "file_path": "/data/shapenet_blender/all_50_random/02958343/53895830484cd75d9a68e1b6bb3d1631/r_12",
            "rotation": 0.12566370614359174,
            "transform_matrix": [
                [
                    0.7412642240524292,
                    -0.28560516238212585,
                    0.6074183583259583,
                    2.4485816955566406
                ],
                [
                    0.6712133884429932,
                    0.3154121935367584,
                    -0.6708112359046936,
                    -2.7041265964508057
                ],
                [
                    -1.4901162970204496e-08,
                    0.9049556255340576,
                    0.4255058169364929,
                    1.715268850326538
                ],
                [
                    0.0,
                    0.0,
                    0.0,
                    1.0
                ]
            ]
        },
        {
            "file_path": "/data/shapenet_blender/all_50_random/02958343/53895830484cd75d9a68e1b6bb3d1631/r_13",
            "rotation": 0.12566370614359174,
            "transform_matrix": [
                [
                    0.8636563420295715,
                    0.13730672001838684,
                    -0.485020250082016,
                    -1.9551793336868286
                ],
                [
                    -0.504081130027771,
                    0.23525142669677734,
                    -0.8309987187385559,
                    -3.349863290786743
                ],
                [
                    0.0,
                    0.9621869325637817,
                    0.27239006757736206,
                    1.0980396270751953
                ],
                [
                    0.0,
                    0.0,
                    0.0,
                    1.0
                ]
            ]
        },
        {
            "file_path": "/data/shapenet_blender/all_50_random/02958343/53895830484cd75d9a68e1b6bb3d1631/r_14",
            "rotation": 0.12566370614359174,
            "transform_matrix": [
                [
                    0.7516273260116577,
                    0.38278505206108093,
                    -0.5371516942977905,
                    -2.165327787399292
                ],
                [
                    -0.6595880389213562,
                    0.4361990988254547,
                    -0.612106204032898,
                    -2.4674789905548096
                ],
                [
                    -1.4901161193847656e-08,
                    0.8143746256828308,
                    0.5803395509719849,
                    2.339423656463623
                ],
                [
                    0.0,
                    0.0,
                    0.0,
                    1.0
                ]
            ]
        },
        {
            "file_path": "/data/shapenet_blender/all_50_random/02958343/53895830484cd75d9a68e1b6bb3d1631/r_15",
            "rotation": 0.12566370614359174,
            "transform_matrix": [
                [
                    -0.9443226456642151,
                    -0.07812416553497314,
                    0.31961145997047424,
                    1.2883950471878052
                ],
                [
                    0.32902106642723083,
                    -0.22422397136688232,
                    0.9173160195350647,
                    3.697819232940674
                ],
                [
                    0.0,
                    0.971401035785675,
                    0.23744429647922516,
                    0.9571685791015625
                ],
                [
                    0.0,
                    0.0,
                    0.0,
                    1.0
                ]
            ]
        },
        {
            "file_path": "/data/shapenet_blender/all_50_random/02958343/53895830484cd75d9a68e1b6bb3d1631/r_16",
            "rotation": 0.12566370614359174,
            "transform_matrix": [
                [
                    0.5553070902824402,
                    0.2733754515647888,
                    -0.7854295969009399,
                    -3.166168212890625
                ],
                [
                    -0.8316453099250793,
                    0.18253856897354126,
                    -0.5244479179382324,
                    -2.114117383956909
                ],
                [
                    0.0,
                    0.9444286823272705,
                    0.32871636748313904,
                    1.3250981569290161
                ],
                [
                    0.0,
                    0.0,
                    0.0,
                    1.0
                ]
            ]
        },
        {
            "file_path": "/data/shapenet_blender/all_50_random/02958343/53895830484cd75d9a68e1b6bb3d1631/r_17",
            "rotation": 0.12566370614359174,
            "transform_matrix": [
                [
                    -0.060452088713645935,
                    0.11766374111175537,
                    0.9912116527557373,
                    3.9957022666931152
                ],
                [
                    0.9981710314750671,
                    0.0071260519325733185,
                    0.060030605643987656,
                    0.24199113249778748
                ],
                [
                    0.0,
                    0.993027925491333,
                    -0.11787931621074677,
                    -0.4751867651939392
                ],
                [
                    0.0,
                    0.0,
                    0.0,
                    1.0
                ]
            ]
        },
        {
            "file_path": "/data/shapenet_blender/all_50_random/02958343/53895830484cd75d9a68e1b6bb3d1631/r_18",
            "rotation": 0.12566370614359174,
            "transform_matrix": [
                [
                    -0.37345588207244873,
                    0.4085281789302826,
                    -0.8328477144241333,
                    -3.357316732406616
                ],
                [
                    -0.9276479482650757,
                    -0.1644667387008667,
                    0.3352908492088318,
                    1.3516007661819458
                ],
                [
                    1.4901161193847656e-08,
                    0.89780592918396,
                    0.44039133191108704,
                    1.775274395942688
                ],
                [
                    0.0,
                    0.0,
                    0.0,
                    1.0
                ]
            ]
        },
        {
            "file_path": "/data/shapenet_blender/all_50_random/02958343/53895830484cd75d9a68e1b6bb3d1631/r_19",
            "rotation": 0.12566370614359174,
            "transform_matrix": [
                [
                    -0.4114585518836975,
                    0.6809564232826233,
                    -0.6058052778244019,
                    -2.4420793056488037
                ],
                [
                    -0.9114285111427307,
                    -0.3074134290218353,
                    0.2734869122505188,
                    1.1024609804153442
                ],
                [
                    0.0,
                    0.6646767854690552,
                    0.7471309900283813,
                    3.0117814540863037
                ],
                [
                    0.0,
                    0.0,
                    0.0,
                    1.0
                ]
            ]
        },
        {
            "file_path": "/data/shapenet_blender/all_50_random/02958343/53895830484cd75d9a68e1b6bb3d1631/r_20",
            "rotation": 0.12566370614359174,
            "transform_matrix": [
                [
                    -0.0004910763818770647,
                    -0.35241779685020447,
                    0.9358426332473755,
                    3.7725024223327637
                ],
                [
                    0.9999999403953552,
                    -0.00017306406516581774,
                    0.00045957023394294083,
                    0.0018525868654251099
                ],
                [
                    0.0,
                    0.9358428120613098,
                    0.35241782665252686,
                    1.4206416606903076
                ],
                [
                    0.0,
                    0.0,
                    0.0,
                    1.0
                ]
            ]
        },
        {
            "file_path": "/data/shapenet_blender/all_50_random/02958343/53895830484cd75d9a68e1b6bb3d1631/r_21",
            "rotation": 0.12566370614359174,
            "transform_matrix": [
                [
                    -0.48218998312950134,
                    -0.8418745994567871,
                    -0.2423633337020874,
                    -0.9769977331161499
                ],
                [
                    -0.8760666251182556,
                    0.46337056159973145,
                    0.13339757919311523,
                    0.5377427935600281
                ],
                [
                    0.0,
                    0.2766492962837219,
                    -0.9609709978103638,
                    -3.8737974166870117
                ],
                [
                    0.0,
                    0.0,
                    0.0,
                    1.0
                ]
            ]
        },
        {
            "file_path": "/data/shapenet_blender/all_50_random/02958343/53895830484cd75d9a68e1b6bb3d1631/r_22",
            "rotation": 0.12566370614359174,
            "transform_matrix": [
                [
                    0.0478069894015789,
                    -0.19099539518356323,
                    0.9804259538650513,
                    3.952223777770996
                ],
                [
                    0.9988566637039185,
                    0.009141365066170692,
                    -0.046924859285354614,
                    -0.18916016817092896
                ],
                [
                    9.31322685637781e-10,
                    0.9815483689308167,
                    0.19121399521827698,
                    0.7708083391189575
                ],
                [
                    0.0,
                    0.0,
                    0.0,
                    1.0
                ]
            ]
        },
        {
            "file_path": "/data/shapenet_blender/all_50_random/02958343/53895830484cd75d9a68e1b6bb3d1631/r_23",
            "rotation": 0.12566370614359174,
            "transform_matrix": [
                [
                    0.6530545949935913,
                    -0.665049135684967,
                    -0.3622557818889618,
                    -1.4602997303009033
                ],
                [
                    -0.7573108673095703,
                    -0.5734941959381104,
                    -0.31238532066345215,
                    -1.2592655420303345
                ],
                [
                    -1.4901162970204496e-08,
                    0.47834479808807373,
                    -0.8781720399856567,
                    -3.540024757385254
                ],
                [
                    0.0,
                    0.0,
                    0.0,
                    1.0
                ]
            ]
        },
        {
            "file_path": "/data/shapenet_blender/all_50_random/02958343/53895830484cd75d9a68e1b6bb3d1631/r_24",
            "rotation": 0.12566370614359174,
            "transform_matrix": [
                [
                    -0.3826722502708435,
                    -0.9025743007659912,
                    -0.19728563725948334,
                    -0.795283854007721
                ],
                [
                    -0.9238841533660889,
                    0.3738457262516022,
                    0.08171559125185013,
                    0.32940608263015747
                ],
                [
                    0.0,
                    0.21353928744792938,
                    -0.9769344329833984,
                    -3.9381487369537354
                ],
                [
                    0.0,
                    0.0,
                    0.0,
                    1.0
                ]
            ]
        },
        {
            "file_path": "/data/shapenet_blender/all_50_random/02958343/53895830484cd75d9a68e1b6bb3d1631/r_25",
            "rotation": 0.12566370614359174,
            "transform_matrix": [
                [
                    -0.9489154815673828,
                    -0.10574604570865631,
                    -0.2972833216190338,
                    -1.1983873844146729
                ],
                [
                    -0.3155307173728943,
                    0.31801673769950867,
                    0.8940389752388,
                    3.6039862632751465
                ],
                [
                    -1.4901162970204496e-08,
                    0.9421692490577698,
                    -0.33513712882995605,
                    -1.3509808778762817
                ],
                [
                    0.0,
                    0.0,
                    0.0,
                    1.0
                ]
            ]
        },
        {
            "file_path": "/data/shapenet_blender/all_50_random/02958343/53895830484cd75d9a68e1b6bb3d1631/r_26",
            "rotation": 0.12566370614359174,
            "transform_matrix": [
                [
                    0.6882506012916565,
                    0.1684582233428955,
                    0.7056435346603394,
                    2.8445401191711426
                ],
                [
                    0.7254729270935059,
                    -0.15981502830982208,
                    -0.6694386601448059,
                    -2.6985936164855957
                ],
                [
                    -7.450580152834618e-09,
                    0.9726669788360596,
                    -0.23220466077327728,
                    -0.9360468983650208
                ],
                [
                    0.0,
                    0.0,
                    0.0,
                    1.0
                ]
            ]
        },
        {
            "file_path": "/data/shapenet_blender/all_50_random/02958343/53895830484cd75d9a68e1b6bb3d1631/r_27",
            "rotation": 0.12566370614359174,
            "transform_matrix": [
                [
                    -0.9992983341217041,
                    -0.021089354529976845,
                    -0.030954977497458458,
                    -0.12478351593017578
                ],
                [
                    -0.03745626285672188,
                    0.5626444220542908,
                    0.8258500099182129,
                    3.3291079998016357
                ],
                [
                    1.862645371275562e-09,
                    0.8264299631118774,
                    -0.5630394220352173,
                    -2.2696847915649414
                ],
                [
                    0.0,
                    0.0,
                    0.0,
                    1.0
                ]
            ]
        },
        {
            "file_path": "/data/shapenet_blender/all_50_random/02958343/53895830484cd75d9a68e1b6bb3d1631/r_28",
            "rotation": 0.12566370614359174,
            "transform_matrix": [
                [
                    0.6736767292022705,
                    -0.4401476979255676,
                    0.5936577916145325,
                    2.393110990524292
                ],
                [
                    0.7390260696411133,
                    0.40122708678245544,
                    -0.5411628484725952,
                    -2.18149733543396
                ],
                [
                    -1.4901161193847656e-08,
                    0.8032974600791931,
                    0.5955780148506165,
                    2.4008517265319824
                ],
                [
                    0.0,
                    0.0,
                    0.0,
                    1.0
                ]
            ]
        },
        {
            "file_path": "/data/shapenet_blender/all_50_random/02958343/53895830484cd75d9a68e1b6bb3d1631/r_29",
            "rotation": 0.12566370614359174,
            "transform_matrix": [
                [
                    0.8144708871841431,
                    -0.11774465441703796,
                    -0.5681316256523132,
                    -2.2902119159698486
                ],
                [
                    -0.5802046060562134,
                    -0.16528579592704773,
                    -0.7975232005119324,
                    -3.214918851852417
                ],
                [
                    7.450581485102248e-09,
                    0.9791918992996216,
                    -0.20293642580509186,
                    -0.8180629014968872
                ],
                [
                    0.0,
                    0.0,
                    0.0,
                    1.0
                ]
            ]
        },
        {
            "file_path": "/data/shapenet_blender/all_50_random/02958343/53895830484cd75d9a68e1b6bb3d1631/r_30",
            "rotation": 0.12566370614359174,
            "transform_matrix": [
                [
                    0.9006020426750183,
                    -0.021634187549352646,
                    -0.43410590291023254,
                    -1.749936819076538
                ],
                [
                    -0.4346446692943573,
                    -0.044826943427324295,
                    -0.89948570728302,
                    -3.6259429454803467
                ],
                [
                    1.862645371275562e-09,
                    0.9987604022026062,
                    -0.049774423241615295,
                    -0.20064711570739746
                ],
                [
                    0.0,
                    0.0,
                    0.0,
                    1.0
                ]
            ]
        },
        {
            "file_path": "/data/shapenet_blender/all_50_random/02958343/53895830484cd75d9a68e1b6bb3d1631/r_31",
            "rotation": 0.12566370614359174,
            "transform_matrix": [
                [
                    0.5530174374580383,
                    0.32080239057540894,
                    0.7689327597618103,
                    3.0996670722961426
                ],
                [
                    0.8331697583198547,
                    -0.21293297410011292,
                    -0.5103800892829895,
                    -2.057407855987549
                ],
                [
                    -1.4901161193847656e-08,
                    0.9229004979133606,
                    -0.38503846526145935,
                    -1.5521397590637207
                ],
                [
                    0.0,
                    0.0,
                    0.0,
                    1.0
                ]
            ]
        },
        {
            "file_path": "/data/shapenet_blender/all_50_random/02958343/53895830484cd75d9a68e1b6bb3d1631/r_32",
            "rotation": 0.12566370614359174,
            "transform_matrix": [
                [
                    -0.5135650634765625,
                    -0.7644771337509155,
                    -0.3896479308605194,
                    -1.5707210302352905
                ],
                [
                    -0.8580505847930908,
                    0.4575589597225189,
                    0.23321416974067688,
                    0.9401164054870605
                ],
                [
                    0.0,
                    0.4541082978248596,
                    -0.8909464478492737,
                    -3.591520071029663
                ],
                [
                    0.0,
                    0.0,
                    0.0,
                    1.0
                ]
            ]
        },
        {
            "file_path": "/data/shapenet_blender/all_50_random/02958343/53895830484cd75d9a68e1b6bb3d1631/r_33",
            "rotation": 0.12566370614359174,
            "transform_matrix": [
                [
                    0.41717079281806946,
                    -0.04691675305366516,
                    -0.9076163172721863,
                    -3.6587183475494385
                ],
                [
                    -0.90882807970047,
                    -0.021535752341151237,
                    -0.4166145622730255,
                    -1.6794270277023315
                ],
                [
                    3.725290298461914e-09,
                    0.9986665844917297,
                    -0.05162334814667702,
                    -0.20810037851333618
                ],
                [
                    0.0,
                    0.0,
                    0.0,
                    1.0
                ]
            ]
        },
        {
            "file_path": "/data/shapenet_blender/all_50_random/02958343/53895830484cd75d9a68e1b6bb3d1631/r_34",
            "rotation": 0.12566370614359174,
            "transform_matrix": [
                [
                    0.998887300491333,
                    -0.0009770182659849524,
                    -0.047150205820798874,
                    -0.1900685429573059
                ],
                [
                    -0.0471603162586689,
                    -0.020693905651569366,
                    -0.9986730217933655,
                    -4.0257792472839355
                ],
                [
                    -1.1641530794914701e-10,
                    0.9997853636741638,
                    -0.0207169558852911,
                    -0.08351270854473114
                ],
                [
                    0.0,
                    0.0,
                    0.0,
                    1.0
                ]
            ]
        },
        {
            "file_path": "/data/shapenet_blender/all_50_random/02958343/53895830484cd75d9a68e1b6bb3d1631/r_35",
            "rotation": 0.12566370614359174,
            "transform_matrix": [
                [
                    0.531593382358551,
                    -0.3659316301345825,
                    -0.763873279094696,
                    -3.0792720317840576
                ],
                [
                    -0.8469998240470886,
                    -0.22966574132442474,
                    -0.47942158579826355,
                    -1.9326103925704956
                ],
                [
                    -1.4901162970204496e-08,
                    0.9018579125404358,
                    -0.4320327341556549,
                    -1.7415797710418701
                ],
                [
                    0.0,
                    0.0,
                    0.0,
                    1.0
                ]
            ]
        },
        {
            "file_path": "/data/shapenet_blender/all_50_random/02958343/53895830484cd75d9a68e1b6bb3d1631/r_36",
            "rotation": 0.12566370614359174,
            "transform_matrix": [
                [
                    -0.8968352675437927,
                    0.14120043814182281,
                    0.4192241430282593,
                    1.6899465322494507
                ],
                [
                    0.4423646032810211,
                    0.2862650752067566,
                    0.8499211072921753,
                    3.4261415004730225
                ],
                [
                    7.450580152834618e-09,
                    0.9476891756057739,
                    -0.3191947340965271,
                    -1.2867151498794556
                ],
                [
                    0.0,
                    0.0,
                    0.0,
                    1.0
                ]
            ]
        },
        {
            "file_path": "/data/shapenet_blender/all_50_random/02958343/53895830484cd75d9a68e1b6bb3d1631/r_37",
            "rotation": 0.12566370614359174,
            "transform_matrix": [
                [
                    0.7633365392684937,
                    0.5446072220802307,
                    -0.3474481701850891,
                    -1.4006083011627197
                ],
                [
                    -0.6460011005401611,
                    0.6435261368751526,
                    -0.4105564057826996,
                    -1.655005693435669
                ],
                [
                    -1.4901161193847656e-08,
                    0.5378445982933044,
                    0.8430439829826355,
                    3.39841890335083
                ],
                [
                    0.0,
                    0.0,
                    0.0,
                    1.0
                ]
            ]
        },
        {
            "file_path": "/data/shapenet_blender/all_50_random/02958343/53895830484cd75d9a68e1b6bb3d1631/r_38",
            "rotation": 0.12566370614359174,
            "transform_matrix": [
                [
                    0.8608107566833496,
                    -0.01285193208605051,
                    -0.5087629556655884,
                    -2.050889015197754
                ],
                [
                    -0.5089252591133118,
                    -0.021738125011324883,
                    -0.8605362176895142,
                    -3.4689323902130127
                ],
                [
                    9.313225746154785e-10,
                    0.9996810555458069,
                    -0.025253089144825935,
                    -0.10179845988750458
                ],
                [
                    0.0,
                    0.0,
                    0.0,
                    1.0
                ]
            ]
        },
        {
            "file_path": "/data/shapenet_blender/all_50_random/02958343/53895830484cd75d9a68e1b6bb3d1631/r_39",
            "rotation": 0.12566370614359174,
            "transform_matrix": [
                [
                    -0.1700519621372223,
                    0.19914932548999786,
                    0.9651020169258118,
                    3.8904504776000977
                ],
                [
                    0.9854350686073303,
                    0.03436627611517906,
                    0.1665431708097458,
                    0.6713569760322571
                ],
                [
                    0.0,
                    0.9793663620948792,
                    -0.20209278166294098,
                    -0.8146620392799377
                ],
                [
                    0.0,
                    0.0,
                    0.0,
                    1.0
                ]
            ]
        },
        {
            "file_path": "/data/shapenet_blender/all_50_random/02958343/53895830484cd75d9a68e1b6bb3d1631/r_40",
            "rotation": 0.12566370614359174,
            "transform_matrix": [
                [
                    -0.2466239035129547,
                    0.9132775068283081,
                    -0.3241925835609436,
                    -1.3068621158599854
                ],
                [
                    -0.9691113233566284,
                    -0.23241505026817322,
                    0.08250201493501663,
                    0.33257627487182617
                ],
                [
                    0.0,
                    0.3345256745815277,
                    0.9423866271972656,
                    3.798882007598877
                ],
                [
                    0.0,
                    0.0,
                    0.0,
                    1.0
                ]
            ]
        },
        {
            "file_path": "/data/shapenet_blender/all_50_random/02958343/53895830484cd75d9a68e1b6bb3d1631/r_41",
            "rotation": 0.12566370614359174,
            "transform_matrix": [
                [
                    0.5157109498977661,
                    0.7766785025596619,
                    0.3616802394390106,
                    1.457979679107666
                ],
                [
                    0.8567625880241394,
