{
    "class": "02958343",
    "model": "5da4c0cd066b7d0889d347432ecb438c",
    "remove_doubles": true,
    "edge_split": true,
    "denoise": true,
    "camera_angle_x": 0.6911112070083618,
    "scale_factor": 2.273727087686782,
    "hdri_file": "/data/IndoorHDRDataset2018/AG8A4106-248c9b6695.exr",
    "center_offset": [
        0.0,
        0.0,
        8.149072527885437e-10
    ],
    "lights": [],
    "frames": [
        {
            "file_path": "/data/shapenet_blender/all_50_random/02958343/5da4c0cd066b7d0889d347432ecb438c/r_0",
            "rotation": 0.12566370614359174,
            "transform_matrix": [
                [
                    0.5708801746368408,
                    0.02161046676337719,
                    0.8207488656044006,
                    3.308544397354126
                ],
                [
                    0.8210332989692688,
                    -0.015026171691715717,
                    -0.5706824064254761,
                    -2.300494432449341
                ],
                [
                    0.0,
                    0.9996536374092102,
                    -0.026321057230234146,
                    -0.1061035692691803
                ],
                [
                    0.0,
                    0.0,
                    0.0,
                    1.0
                ]
            ]
        },
        {
            "file_path": "/data/shapenet_blender/all_50_random/02958343/5da4c0cd066b7d0889d347432ecb438c/r_1",
            "rotation": 0.12566370614359174,
            "transform_matrix": [
                [
                    0.36668485403060913,
                    -0.3064632713794708,
                    -0.8784204125404358,
                    -3.5410258769989014
                ],
                [
                    -0.9303451776504517,
                    -0.12078899145126343,
                    -0.34621933102607727,
                    -1.3956547975540161
                ],
                [
                    -7.450580596923828e-09,
                    0.944187581539154,
                    -0.3294081389904022,
                    -1.327886700630188
                ],
                [
                    0.0,
                    0.0,
                    0.0,
                    1.0
                ]
            ]
        },
        {
            "file_path": "/data/shapenet_blender/all_50_random/02958343/5da4c0cd066b7d0889d347432ecb438c/r_2",
            "rotation": 0.12566370614359174,
            "transform_matrix": [
                [
                    -0.5121263861656189,
                    -0.1125686764717102,
                    0.85150146484375,
                    3.4325122833251953
                ],
                [
                    0.8589101433753967,
                    -0.06711924076080322,
                    0.5077090263366699,
                    2.046640634536743
                ],
                [
                    0.0,
                    0.9913744926452637,
                    0.1310598999261856,
                    0.5283193588256836
                ],
                [
                    0.0,
                    0.0,
                    0.0,
                    1.0
                ]
            ]
        },
        {
            "file_path": "/data/shapenet_blender/all_50_random/02958343/5da4c0cd066b7d0889d347432ecb438c/r_3",
            "rotation": 0.12566370614359174,
            "transform_matrix": [
                [
                    -0.8197202682495117,
                    0.46413788199424744,
                    -0.33561113476753235,
                    -1.3528919219970703
                ],
                [
                    -0.5727642774581909,
                    -0.6642578840255737,
                    0.4803149700164795,
                    1.9362117052078247
                ],
                [
                    1.4901162970204496e-08,
                    0.5859498977661133,
                    0.8103471398353577,
                    3.2666139602661133
                ],
                [
                    0.0,
                    0.0,
                    0.0,
                    1.0
                ]
            ]
        },
        {
            "file_path": "/data/shapenet_blender/all_50_random/02958343/5da4c0cd066b7d0889d347432ecb438c/r_4",
            "rotation": 0.12566370614359174,
            "transform_matrix": [
                [
                    -0.8966352939605713,
                    0.1604893058538437,
                    0.41266024112701416,
                    1.6634865999221802
                ],
                [
                    0.4427700638771057,
                    0.32500022649765015,
                    0.8356611728668213,
                    3.3686578273773193
                ],
                [
                    1.4901161193847656e-08,
                    0.931996762752533,
                    -0.3624665141105652,
                    -1.4611492156982422
                ],
                [
                    0.0,
                    0.0,
                    0.0,
                    1.0
                ]
            ]
        },
        {
            "file_path": "/data/shapenet_blender/all_50_random/02958343/5da4c0cd066b7d0889d347432ecb438c/r_5",
            "rotation": 0.12566370614359174,
            "transform_matrix": [
                [
                    -0.1408776342868805,
                    -0.5175783038139343,
                    0.8439586162567139,
                    3.402106285095215
                ],
                [
                    0.9900270700454712,
                    -0.07364970445632935,
                    0.12009257078170776,
                    0.48410865664482117
                ],
                [
                    -7.450580596923828e-09,
                    0.8524602651596069,
                    0.5227920413017273,
                    2.1074423789978027
                ],
                [
                    0.0,
                    0.0,
                    0.0,
                    1.0
                ]
            ]
        },
        {
            "file_path": "/data/shapenet_blender/all_50_random/02958343/5da4c0cd066b7d0889d347432ecb438c/r_6",
            "rotation": 0.12566370614359174,
            "transform_matrix": [
                [
                    0.37852147221565247,
                    0.28065383434295654,
                    -0.8820174932479858,
                    -3.5555264949798584
                ],
                [
                    -0.9255924820899963,
                    0.11477350443601608,
                    -0.36070144176483154,
                    -1.4540340900421143
                ],
                [
                    -7.450580596923828e-09,
                    0.952921986579895,
                    0.30321529507637024,
                    1.2223000526428223
                ],
                [
                    0.0,
                    0.0,
                    0.0,
                    1.0
                ]
            ]
        },
        {
            "file_path": "/data/shapenet_blender/all_50_random/02958343/5da4c0cd066b7d0889d347432ecb438c/r_7",
            "rotation": 0.12566370614359174,
            "transform_matrix": [
                [
                    0.3780423402786255,
                    -0.5553429126739502,
                    -0.7407281398773193,
                    -2.985970973968506
                ],
                [
                    -0.9257882833480835,
                    -0.226772278547287,
                    -0.30247369408607483,
                    -1.2193105220794678
                ],
                [
                    1.4901160305669237e-08,
                    0.8001054525375366,
                    -0.599859356880188,
                    -2.4181106090545654
                ],
                [
                    0.0,
                    0.0,
                    0.0,
                    1.0
                ]
            ]
        },
        {
            "file_path": "/data/shapenet_blender/all_50_random/02958343/5da4c0cd066b7d0889d347432ecb438c/r_8",
            "rotation": 0.12566370614359174,
            "transform_matrix": [
                [
                    0.8752166628837585,
                    -0.2683417499065399,
                    -0.4024777412414551,
                    -1.6224396228790283
                ],
                [
                    -0.4837309420108795,
                    -0.48551201820373535,
                    -0.7282049059867859,
                    -2.935487985610962
                ],
                [
                    1.4901160305669237e-08,
                    0.8320280313491821,
                    -0.5547335147857666,
                    -2.2362022399902344
                ],
                [
                    0.0,
                    0.0,
                    0.0,
                    1.0
                ]
            ]
        },
        {
            "file_path": "/data/shapenet_blender/all_50_random/02958343/5da4c0cd066b7d0889d347432ecb438c/r_9",
            "rotation": 0.12566370614359174,
            "transform_matrix": [
                [
                    -0.9989374876022339,
                    -0.006607820279896259,
                    -0.045609310269355774,
                    -0.1838570237159729
                ],
                [
                    -0.04608549550175667,
                    0.1432294398546219,
                    0.988615870475769,
                    3.9852383136749268
                ],
                [
                    4.656612873077393e-10,
                    0.9896674156188965,
                    -0.1433817744255066,
                    -0.5779904723167419
                ],
                [
                    0.0,
                    0.0,
                    0.0,
                    1.0
                ]
            ]
        },
        {
            "file_path": "/data/shapenet_blender/all_50_random/02958343/5da4c0cd066b7d0889d347432ecb438c/r_10",
            "rotation": 0.12566370614359174,
            "transform_matrix": [
                [
                    0.8426871299743652,
                    -0.37079405784606934,
                    0.39037182927131653,
                    1.573639154434204
                ],
                [
                    0.5384035706520081,
                    0.5803515911102295,
                    -0.6109939217567444,
                    -2.4629952907562256
                ],
                [
                    0.0,
                    0.7250542044639587,
                    0.6886916756629944,
                    2.776205062866211
                ],
                [
                    0.0,
                    0.0,
                    0.0,
                    1.0
                ]
            ]
        },
        {
            "file_path": "/data/shapenet_blender/all_50_random/02958343/5da4c0cd066b7d0889d347432ecb438c/r_11",
            "rotation": 0.12566370614359174,
            "transform_matrix": [
                [
                    0.3613070249557495,
                    0.11060091853141785,
                    -0.9258642196655273,
                    -3.7322781085968018
                ],
                [
                    -0.9324468970298767,
                    0.042855940759181976,
                    -0.3587563633918762,
                    -1.4461932182312012
                ],
                [
                    0.0,
                    0.9929405450820923,
                    0.11861361563205719,
                    0.4781467914581299
                ],
                [
                    0.0,
                    0.0,
                    0.0,
                    1.0
                ]
            ]
        },
        {
            "file_path": "/data/shapenet_blender/all_50_random/02958343/5da4c0cd066b7d0889d347432ecb438c/r_12",
            "rotation": 0.12566370614359174,
            "transform_matrix": [
                [
                    -0.76872318983078,
                    0.27848926186561584,
                    -0.5757676959037781,
                    -2.3209939002990723
                ],
                [
                    -0.6395816802978516,
                    -0.33472052216529846,
                    0.6920241117477417,
                    2.7896385192871094
                ],
                [
                    2.980232594040899e-08,
                    0.9002253413200378,
                    0.4354240596294403,
                    1.7552505731582642
                ],
                [
                    0.0,
                    0.0,
                    0.0,
                    1.0
                ]
            ]
        },
        {
            "file_path": "/data/shapenet_blender/all_50_random/02958343/5da4c0cd066b7d0889d347432ecb438c/r_13",
            "rotation": 0.12566370614359174,
            "transform_matrix": [
                [
                    -0.6898823380470276,
                    0.1730939894914627,
                    -0.702923059463501,
                    -2.833573579788208
                ],
                [
                    -0.7239214181900024,
                    -0.1649550199508667,
                    0.6698712706565857,
                    2.7003374099731445
                ],
                [
                    0.0,
                    0.9709933996200562,
                    0.23910601437091827,
                    0.9638671875
                ],
                [
                    0.0,
                    0.0,
                    0.0,
                    1.0
                ]
            ]
        },
        {
            "file_path": "/data/shapenet_blender/all_50_random/02958343/5da4c0cd066b7d0889d347432ecb438c/r_14",
            "rotation": 0.12566370614359174,
            "transform_matrix": [
                [
                    0.5572739243507385,
                    -0.6327674984931946,
                    0.5376347303390503,
                    2.1672749519348145
                ],
                [
                    0.8303288221359253,
                    0.4246809780597687,
                    -0.3608327805995941,
                    -1.4545634984970093
                ],
                [
                    1.4901162970204496e-08,
                    0.647496223449707,
                    0.7620685696601868,
                    3.0719966888427734
                ],
                [
                    0.0,
                    0.0,
                    0.0,
                    1.0
                ]
            ]
        },
        {
            "file_path": "/data/shapenet_blender/all_50_random/02958343/5da4c0cd066b7d0889d347432ecb438c/r_15",
            "rotation": 0.12566370614359174,
            "transform_matrix": [
                [
                    -0.9996313452720642,
                    -0.0005771721480414271,
                    -0.02714361809194088,
                    -0.10941943526268005
                ],
                [
                    -0.027149755507707596,
                    0.021250996738672256,
                    0.9994053840637207,
                    4.0287322998046875
                ],
                [
                    -5.820766091346741e-11,
                    0.9997739791870117,
                    -0.021258831024169922,
                    -0.08569709956645966
                ],
                [
                    0.0,
                    0.0,
                    0.0,
                    1.0
                ]
            ]
        },
        {
            "file_path": "/data/shapenet_blender/all_50_random/02958343/5da4c0cd066b7d0889d347432ecb438c/r_16",
            "rotation": 0.12566370614359174,
            "transform_matrix": [
                [
                    0.48425447940826416,
                    -0.5467454195022583,
                    0.6830570697784424,
                    2.7534914016723633
                ],
                [
                    0.874927282333374,
                    0.3026124835014343,
                    -0.37805819511413574,
                    -1.5240014791488647
                ],
                [
                    -1.4901162970204496e-08,
                    0.7807015776634216,
                    0.6249038577079773,
                    2.5190682411193848
                ],
                [
                    0.0,
                    0.0,
                    0.0,
                    1.0
                ]
            ]
        },
        {
            "file_path": "/data/shapenet_blender/all_50_random/02958343/5da4c0cd066b7d0889d347432ecb438c/r_17",
            "rotation": 0.12566370614359174,
            "transform_matrix": [
                [
                    -0.9707345366477966,
                    -0.1843535304069519,
                    0.15390963852405548,
                    0.6204296350479126
                ],
                [
                    0.2401549518108368,
                    -0.7451786398887634,
                    0.6221208572387695,
                    2.50784969329834
                ],
                [
                    0.0,
                    0.6408764719963074,
                    0.7676439881324768,
                    3.0944721698760986
                ],
                [
                    0.0,
                    0.0,
                    0.0,
                    1.0
                ]
            ]
        },
        {
            "file_path": "/data/shapenet_blender/all_50_random/02958343/5da4c0cd066b7d0889d347432ecb438c/r_18",
            "rotation": 0.12566370614359174,
            "transform_matrix": [
                [
                    0.9601014256477356,
                    -0.017752451822161674,
                    0.2790878117084503,
                    1.125038981437683
                ],
                [
                    0.27965182065963745,
                    0.06094776466488838,
                    -0.9581650495529175,
                    -3.8624868392944336
                ],
                [
                    1.8626450382086546e-09,
                    0.9979830384254456,
                    0.06348054856061935,
                    0.25589826703071594
                ],
                [
                    0.0,
                    0.0,
                    0.0,
                    1.0
                ]
            ]
        },
        {
            "file_path": "/data/shapenet_blender/all_50_random/02958343/5da4c0cd066b7d0889d347432ecb438c/r_19",
            "rotation": 0.12566370614359174,
            "transform_matrix": [
                [
                    -0.6699743270874023,
                    -0.44280433654785156,
                    0.595867931842804,
                    2.4020204544067383
                ],
                [
                    0.7423841953277588,
                    -0.3996145725250244,
                    0.5377488136291504,
                    2.1677348613739014
                ],
                [
                    1.4901161193847656e-08,
                    0.8026408553123474,
                    0.5964624881744385,
                    2.4044172763824463
                ],
                [
                    0.0,
                    0.0,
                    0.0,
                    1.0
                ]
            ]
        },
        {
            "file_path": "/data/shapenet_blender/all_50_random/02958343/5da4c0cd066b7d0889d347432ecb438c/r_20",
            "rotation": 0.12566370614359174,
            "transform_matrix": [
                [
                    0.9716765284538269,
                    0.00010114246106240898,
                    -0.23631513118743896,
                    -0.952616810798645
                ],
                [
                    -0.23631517589092255,
                    0.0004158757801633328,
                    -0.9716763496398926,
                    -3.9169528484344482
                ],
                [
                    7.275957614183426e-12,
                    0.9999999403953552,
                    0.0004279981949366629,
                    0.001725316047668457
                ],
                [
                    0.0,
                    0.0,
                    0.0,
                    1.0
                ]
            ]
        },
        {
            "file_path": "/data/shapenet_blender/all_50_random/02958343/5da4c0cd066b7d0889d347432ecb438c/r_21",
            "rotation": 0.12566370614359174,
            "transform_matrix": [
                [
                    0.07455986738204956,
                    0.6747296452522278,
                    0.7342891693115234,
                    2.960014581680298
                ],
                [
                    0.9972165822982788,
                    -0.05044817179441452,
                    -0.05490131303668022,
                    -0.22131428122520447
                ],
                [
                    3.725290298461914e-09,
                    0.73633873462677,
                    -0.6766129732131958,
                    -2.7275142669677734
                ],
                [
                    0.0,
                    0.0,
                    0.0,
                    1.0
                ]
            ]
        },
        {
            "file_path": "/data/shapenet_blender/all_50_random/02958343/5da4c0cd066b7d0889d347432ecb438c/r_22",
            "rotation": 0.12566370614359174,
            "transform_matrix": [
                [
                    0.6202003955841064,
                    -0.22673970460891724,
                    0.7509596943855286,
                    3.0272154808044434
                ],
                [
                    0.7844434380531311,
                    0.1792660355567932,
                    -0.5937273502349854,
                    -2.3933918476104736
                ],
                [
                    0.0,
                    0.9573153853416443,
                    0.2890453040599823,
                    1.1651790142059326
                ],
                [
                    0.0,
                    0.0,
                    0.0,
                    1.0
                ]
            ]
        },
        {
            "file_path": "/data/shapenet_blender/all_50_random/02958343/5da4c0cd066b7d0889d347432ecb438c/r_23",
            "rotation": 0.12566370614359174,
            "transform_matrix": [
                [
                    0.4181957542896271,
                    0.3041524887084961,
                    -0.855922520160675,
                    -3.4503345489501953
                ],
                [
                    -0.9083569049835205,
                    0.14002786576747894,
                    -0.39405563473701477,
                    -1.588489294052124
                ],
                [
                    0.0,
                    0.9422757029533386,
                    0.33483806252479553,
                    1.3497755527496338
                ],
                [
                    0.0,
                    0.0,
                    0.0,
                    1.0
                ]
            ]
        },
        {
            "file_path": "/data/shapenet_blender/all_50_random/02958343/5da4c0cd066b7d0889d347432ecb438c/r_24",
            "rotation": 0.12566370614359174,
            "transform_matrix": [
                [
                    -0.03114594891667366,
                    -0.1284152716398239,
                    0.9912312030792236,
                    3.9957809448242188
                ],
                [
                    0.9995149374008179,
                    -0.004001556895673275,
                    0.030887819826602936,
                    0.12451279163360596
                ],
                [
                    4.656613428188905e-10,
                    0.9917123913764954,
                    0.12847758829593658,
                    0.5179097652435303
                ],
                [
                    0.0,
                    0.0,
                    0.0,
                    1.0
                ]
            ]
        },
        {
            "file_path": "/data/shapenet_blender/all_50_random/02958343/5da4c0cd066b7d0889d347432ecb438c/r_25",
            "rotation": 0.12566370614359174,
            "transform_matrix": [
                [
                    -0.30413299798965454,
                    -0.2698078155517578,
                    0.9136229157447815,
                    3.682931661605835
                ],
                [
                    0.9526296257972717,
                    -0.08613785356283188,
                    0.29167988896369934,
                    1.1757992506027222
                ],
                [
                    7.450580596923828e-09,
                    0.9590536952018738,
                    0.28322428464889526,
                    1.1417136192321777
                ],
                [
                    0.0,
                    0.0,
                    0.0,
                    1.0
                ]
            ]
        },
        {
            "file_path": "/data/shapenet_blender/all_50_random/02958343/5da4c0cd066b7d0889d347432ecb438c/r_26",
            "rotation": 0.12566370614359174,
            "transform_matrix": [
                [
                    0.06927041709423065,
                    -0.5338257551193237,
                    0.8427524566650391,
                    3.3972437381744385
                ],
                [
                    0.9975979328155518,
                    0.03706737235188484,
                    -0.05851838365197182,
                    -0.23589515686035156
                ],
                [
                    1.862645149230957e-09,
                    0.8447816371917725,
                    0.5351111888885498,
                    2.157102108001709
                ],
                [
                    0.0,
                    0.0,
                    0.0,
                    1.0
                ]
            ]
        },
        {
            "file_path": "/data/shapenet_blender/all_50_random/02958343/5da4c0cd066b7d0889d347432ecb438c/r_27",
            "rotation": 0.12566370614359174,
            "transform_matrix": [
                [
                    0.875629186630249,
                    0.15056006610393524,
                    0.4589174687862396,
                    1.8499555587768555
                ],
                [
                    0.48298409581184387,
                    -0.2729588449001312,
                    -0.8319973945617676,
                    -3.353888988494873
                ],
                [
                    0.0,
                    0.9501709938049316,
                    -0.3117288649082184,
                    -1.2566193342208862
                ],
                [
                    0.0,
                    0.0,
                    0.0,
                    1.0
                ]
            ]
        },
        {
            "file_path": "/data/shapenet_blender/all_50_random/02958343/5da4c0cd066b7d0889d347432ecb438c/r_28",
            "rotation": 0.12566370614359174,
            "transform_matrix": [
                [
                    -0.7586987614631653,
                    -0.13056881725788116,
                    -0.6382225155830383,
                    -2.5727572441101074
                ],
                [
                    -0.6514415740966797,
                    0.1520664095878601,
                    0.743303120136261,
                    2.9963507652282715
                ],
                [
                    0.0,
                    0.9797078967094421,
                    -0.20043055713176727,
                    -0.8079614043235779
                ],
                [
                    0.0,
                    0.0,
                    0.0,
                    1.0
                ]
            ]
        },
        {
            "file_path": "/data/shapenet_blender/all_50_random/02958343/5da4c0cd066b7d0889d347432ecb438c/r_29",
            "rotation": 0.12566370614359174,
            "transform_matrix": [
                [
                    0.9866983890533447,
                    -0.020646823570132256,
                    -0.16124585270881653,
                    -0.6500028371810913
                ],
                [
                    -0.16256235539913177,
                    -0.1253192126750946,
                    -0.9787076115608215,
                    -3.9452965259552
                ],
                [
                    0.0,
                    0.9919015169143677,
                    -0.12700866162776947,
                    -0.5119882822036743
                ],
                [
                    0.0,
                    0.0,
                    0.0,
                    1.0
                ]
            ]
        },
        {
            "file_path": "/data/shapenet_blender/all_50_random/02958343/5da4c0cd066b7d0889d347432ecb438c/r_30",
            "rotation": 0.12566370614359174,
            "transform_matrix": [
                [
                    -0.6116963028907776,
                    -0.7057475447654724,
                    -0.3574184775352478,
                    -1.4407999515533447
                ],
                [
                    -0.791092574596405,
                    0.5457049608230591,
                    0.27636659145355225,
                    1.1140693426132202
                ],
                [
                    0.0,
                    0.4518035650253296,
                    -0.8921173810958862,
                    -3.596240282058716
                ],
                [
                    0.0,
                    0.0,
                    0.0,
                    1.0
                ]
            ]
        },
        {
            "file_path": "/data/shapenet_blender/all_50_random/02958343/5da4c0cd066b7d0889d347432ecb438c/r_31",
            "rotation": 0.12566370614359174,
            "transform_matrix": [
                [
                    -0.9516265392303467,
                    0.21600355207920074,
                    -0.21851643919944763,
                    -0.8808679580688477
                ],
                [
                    -0.30725717544555664,
                    -0.6689988970756531,
                    0.6767817139625549,
                    2.728194236755371
                ],
                [
                    0.0,
                    0.7111842036247253,
                    0.7030057311058044,
                    2.833906650543213
                ],
                [
                    0.0,
                    0.0,
                    0.0,
                    1.0
                ]
            ]
        },
        {
            "file_path": "/data/shapenet_blender/all_50_random/02958343/5da4c0cd066b7d0889d347432ecb438c/r_32",
            "rotation": 0.12566370614359174,
            "transform_matrix": [
                [
                    0.9686792492866516,
                    0.21917767822742462,
                    0.11671183258295059,
                    0.47048047184944153
                ],
                [
                    0.24831536412239075,
                    -0.8550130128860474,
                    -0.45529335737228394,
                    -1.8353463411331177
                ],
                [
                    -7.450580596923828e-09,
                    0.47001463174819946,
                    -0.8826585412025452,
                    -3.5581107139587402
                ],
                [
                    0.0,
                    0.0,
                    0.0,
                    1.0
                ]
            ]
        },
        {
            "file_path": "/data/shapenet_blender/all_50_random/02958343/5da4c0cd066b7d0889d347432ecb438c/r_33",
            "rotation": 0.12566370614359174,
            "transform_matrix": [
                [
                    -0.031934238970279694,
                    0.029446223750710487,
                    0.9990561604499817,
                    4.0273237228393555
                ],
                [
                    0.999489963054657,
                    0.0009408227051608264,
                    0.031920380890369415,
                    0.1286751627922058
                ],
                [
                    -5.8207653974573503e-11,
                    0.9995658993721008,
                    -0.02946125529706478,
                    -0.11876210570335388
                ],
                [
                    0.0,
                    0.0,
                    0.0,
                    1.0
                ]
            ]
        },
        {
            "file_path": "/data/shapenet_blender/all_50_random/02958343/5da4c0cd066b7d0889d347432ecb438c/r_34",
            "rotation": 0.12566370614359174,
            "transform_matrix": [
                [
                    -0.04351648688316345,
                    0.41761496663093567,
                    -0.9075813889503479,
                    -3.6585776805877686
                ],
                [
                    -0.9990527033805847,
                    -0.01819036900997162,
                    0.03953220695257187,
                    0.1593594253063202
                ],
                [
                    0.0,
                    0.908441960811615,
                    0.4180109202861786,
                    1.6850559711456299
                ],
                [
                    0.0,
                    0.0,
                    0.0,
                    1.0
                ]
            ]
        },
        {
            "file_path": "/data/shapenet_blender/all_50_random/02958343/5da4c0cd066b7d0889d347432ecb438c/r_35",
            "rotation": 0.12566370614359174,
            "transform_matrix": [
                [
                    -0.7464728355407715,
                    -0.008780738338828087,
                    0.6653579473495483,
                    2.6821436882019043
                ],
                [
                    0.66541588306427,
                    -0.009850355796515942,
                    0.7464078664779663,
                    3.008866310119629
                ],
                [
                    4.656612873077393e-10,
                    0.9999129176139832,
                    0.013195865787565708,
                    0.053194236010313034
                ],
                [
                    0.0,
                    0.0,
                    0.0,
                    1.0
                ]
            ]
        },
        {
            "file_path": "/data/shapenet_blender/all_50_random/02958343/5da4c0cd066b7d0889d347432ecb438c/r_36",
            "rotation": 0.12566370614359174,
            "transform_matrix": [
                [
                    0.9647266864776611,
                    -0.12062662839889526,
                    0.2339911013841629,
                    0.9432482719421387
                ],
                [
                    0.26325392723083496,
                    0.4420512318611145,
                    -0.8574894070625305,
                    -3.4566502571105957
                ],
                [
                    0.0,
                    0.8888418078422546,
                    0.45821401476860046,
                    1.8471198081970215
                ],
                [
                    0.0,
                    0.0,
                    0.0,
                    1.0
                ]
            ]
        },
        {
            "file_path": "/data/shapenet_blender/all_50_random/02958343/5da4c0cd066b7d0889d347432ecb438c/r_37",
            "rotation": 0.12566370614359174,
            "transform_matrix": [
                [
                    0.9690230488777161,
                    -0.24121028184890747,
                    0.05302919074892998,
                    0.21376749873161316
                ],
                [
                    0.24697065353393555,
                    0.9464214444160461,
                    -0.20806726813316345,
                    -0.8387460112571716
                ],
                [
                    0.0,
                    0.21471856534481049,
                    0.9766759276390076,
                    3.9371066093444824
                ],
                [
                    0.0,
                    0.0,
                    0.0,
                    1.0
                ]
            ]
        },
        {
            "file_path": "/data/shapenet_blender/all_50_random/02958343/5da4c0cd066b7d0889d347432ecb438c/r_38",
            "rotation": 0.12566370614359174,
            "transform_matrix": [
                [
                    -0.9211387634277344,
                    -0.36492350697517395,
                    -0.13540399074554443,
                    -0.5458309650421143
                ],
                [
                    -0.38923442363739014,
                    0.8636059761047363,
                    0.3204389214515686,
                    1.2917306423187256
                ],
                [
                    -7.450581485102248e-09,
                    0.34787243604660034,
                    -0.9375417828559875,
                    -3.7793517112731934
                ],
                [
                    0.0,
                    0.0,
                    0.0,
                    1.0
                ]
            ]
        },
        {
            "file_path": "/data/shapenet_blender/all_50_random/02958343/5da4c0cd066b7d0889d347432ecb438c/r_39",
            "rotation": 0.12566370614359174,
            "transform_matrix": [
                [
                    -0.6760024428367615,
                    0.05411011725664139,
                    0.7349101305007935,
                    2.962517499923706
                ],
                [
                    0.7368994355201721,
                    0.04963848367333412,
                    0.6741775274276733,
                    2.71769642829895
                ],
                [
                    0.0,
                    0.997300386428833,
                    -0.07342945039272308,
                    -0.2960035800933838
                ],
                [
                    0.0,
                    0.0,
                    0.0,
                    1.0
                ]
            ]
        },
        {
            "file_path": "/data/shapenet_blender/all_50_random/02958343/5da4c0cd066b7d0889d347432ecb438c/r_40",
            "rotation": 0.12566370614359174,
            "transform_matrix": [
                [
                    0.6370630264282227,
                    0.07906939834356308,
                    0.7667455077171326,
                    3.0908501148223877
                ],
                [
                    0.7708117961883545,
                    -0.06534954160451889,
                    -0.6337023973464966,
                    -2.5545361042022705
                ],
                [
                    0.0,
                    0.9947248101234436,
                    -0.10257939249277115,
                    -0.4135107696056366
                ],
                [
                    0.0,
                    0.0,
                    0.0,
                    1.0
                ]
            ]
        },
        {
            "file_path": "/data/shapenet_blender/all_50_random/02958343/5da4c0cd066b7d0889d347432ecb438c/r_41",
            "rotation": 0.12566370614359174,
            "transform_matrix": [
                [
                    0.5298926830291748,
                    0.30762264132499695,
                    0.790304958820343,
                    3.185821533203125
                ],
                [
                    0.8480647206306458,
                    -0.19221056997776031,
                    -0.49380290508270264,
