{
    "class": "02958343",
    "model": "5d756a52f6f361abf500cc506a763c18",
    "remove_doubles": true,
    "edge_split": true,
    "denoise": true,
    "camera_angle_x": 0.6911112070083618,
    "scale_factor": 2.3717616829352974,
    "hdri_file": "/data/IndoorHDRDataset2018/9C4A4091-df37c028b0.exr",
    "center_offset": [
        0.0,
        0.0,
        1.3969838619232178e-09
    ],
    "lights": [],
    "frames": [
        {
            "file_path": "/data/shapenet_blender/all_50_random/02958343/5d756a52f6f361abf500cc506a763c18/r_0",
            "rotation": 0.12566370614359174,
            "transform_matrix": [
                [
                    -0.26263752579689026,
                    -0.33743569254875183,
                    0.9039682745933533,
                    3.644012689590454
                ],
                [
                    0.9648945331573486,
                    -0.09184762090444565,
                    0.2460538148880005,
                    0.991874635219574
                ],
                [
                    -7.450580596923828e-09,
                    0.9368570446968079,
                    0.3497124910354614,
                    1.409736156463623
                ],
                [
                    0.0,
                    0.0,
                    0.0,
                    1.0
                ]
            ]
        },
        {
            "file_path": "/data/shapenet_blender/all_50_random/02958343/5d756a52f6f361abf500cc506a763c18/r_1",
            "rotation": 0.12566370614359174,
            "transform_matrix": [
                [
                    0.9995291233062744,
                    0.027332911267876625,
                    -0.013949539512395859,
                    -0.05623239278793335
                ],
                [
                    -0.030686771497130394,
                    0.8902872204780579,
                    -0.45436421036720276,
                    -1.8316006660461426
                ],
                [
                    9.31322685637781e-10,
                    0.45457831025123596,
                    0.8907068371772766,
                    3.5905539989471436
                ],
                [
                    0.0,
                    0.0,
                    0.0,
                    1.0
                ]
            ]
        },
        {
            "file_path": "/data/shapenet_blender/all_50_random/02958343/5d756a52f6f361abf500cc506a763c18/r_2",
            "rotation": 0.12566370614359174,
            "transform_matrix": [
                [
                    -0.32045599818229675,
                    -0.14049144089221954,
                    0.9367871284484863,
                    3.7763097286224365
                ],
                [
                    0.9472634792327881,
                    -0.047527775168418884,
                    0.31691187620162964,
                    1.2775126695632935
                ],
                [
                    0.0,
                    0.9889404773712158,
                    0.14831297099590302,
                    0.5978686809539795
                ],
                [
                    0.0,
                    0.0,
                    0.0,
                    1.0
                ]
            ]
        },
        {
            "file_path": "/data/shapenet_blender/all_50_random/02958343/5d756a52f6f361abf500cc506a763c18/r_3",
            "rotation": 0.12566370614359174,
            "transform_matrix": [
                [
                    0.17400993406772614,
                    -0.5477648973464966,
                    -0.8183362483978271,
                    -3.298818826675415
                ],
                [
                    -0.9847439527511597,
                    -0.09679321199655533,
                    -0.14460472762584686,
                    -0.5829203128814697
                ],
                [
                    0.0,
                    0.8310142159461975,
                    -0.5562511086463928,
                    -2.2423198223114014
                ],
                [
                    0.0,
                    0.0,
                    0.0,
                    1.0
                ]
            ]
        },
        {
            "file_path": "/data/shapenet_blender/all_50_random/02958343/5d756a52f6f361abf500cc506a763c18/r_4",
            "rotation": 0.12566370614359174,
            "transform_matrix": [
                [
                    0.5384083390235901,
                    0.04702809080481529,
                    0.8413708806037903,
                    3.391674041748047
                ],
                [
                    0.8426840901374817,
                    -0.03004722110927105,
                    -0.5375692844390869,
                    -2.16701078414917
                ],
                [
                    0.0,
                    0.9984414577484131,
                    -0.055807504802942276,
                    -0.22496722638607025
                ],
                [
                    0.0,
                    0.0,
                    0.0,
                    1.0
                ]
            ]
        },
        {
            "file_path": "/data/shapenet_blender/all_50_random/02958343/5d756a52f6f361abf500cc506a763c18/r_5",
            "rotation": 0.12566370614359174,
            "transform_matrix": [
                [
                    0.8989555239677429,
                    0.21576043963432312,
                    0.38121679425239563,
                    1.5367341041564941
                ],
                [
                    0.43803972005844116,
                    -0.4427887201309204,
                    -0.7823421955108643,
                    -3.1537222862243652
                ],
                [
                    0.0,
                    0.87027907371521,
                    -0.4925589859485626,
                    -1.9855687618255615
                ],
                [
                    0.0,
                    0.0,
                    0.0,
                    1.0
                ]
            ]
        },
        {
            "file_path": "/data/shapenet_blender/all_50_random/02958343/5d756a52f6f361abf500cc506a763c18/r_6",
            "rotation": 0.12566370614359174,
            "transform_matrix": [
                [
                    -0.9322268962860107,
                    0.13314148783683777,
                    -0.3364914357662201,
                    -1.356440544128418
                ],
                [
                    -0.361874520778656,
                    -0.34298649430274963,
                    0.8668373227119446,
                    3.494333267211914
                ],
                [
                    -7.450581485102248e-09,
                    0.9298567771911621,
                    0.3679216504096985,
                    1.4831397533416748
                ],
                [
                    0.0,
                    0.0,
                    0.0,
                    1.0
                ]
            ]
        },
        {
            "file_path": "/data/shapenet_blender/all_50_random/02958343/5d756a52f6f361abf500cc506a763c18/r_7",
            "rotation": 0.12566370614359174,
            "transform_matrix": [
                [
                    -0.2920740842819214,
                    -0.8260969519615173,
                    0.4819299280643463,
                    1.942721962928772
                ],
                [
                    0.9563957452774048,
                    -0.2522820830345154,
                    0.14717678725719452,
                    0.5932886600494385
                ],
                [
                    -7.450581485102248e-09,
                    0.5039022564888,
                    0.8637605309486389,
                    3.4819304943084717
                ],
                [
                    0.0,
                    0.0,
                    0.0,
                    1.0
                ]
            ]
        },
        {
            "file_path": "/data/shapenet_blender/all_50_random/02958343/5d756a52f6f361abf500cc506a763c18/r_8",
            "rotation": 0.12566370614359174,
            "transform_matrix": [
                [
                    -0.931763768196106,
                    -0.2202196568250656,
                    0.2886514663696289,
                    1.1635913848876953
                ],
                [
                    0.36306527256965637,
                    -0.5651674866676331,
                    0.7407895922660828,
                    2.9862186908721924
                ],
                [
                    0.0,
                    0.7950401902198792,
                    0.6065565943717957,
                    2.44510817527771
                ],
                [
                    0.0,
                    0.0,
                    0.0,
                    1.0
                ]
            ]
        },
        {
            "file_path": "/data/shapenet_blender/all_50_random/02958343/5d756a52f6f361abf500cc506a763c18/r_9",
            "rotation": 0.12566370614359174,
            "transform_matrix": [
                [
                    0.12729690968990326,
                    -0.8973686695098877,
                    0.42252177000045776,
                    1.7032396793365479
                ],
                [
                    0.9918647408485413,
                    0.11516919732093811,
                    -0.054226864129304886,
                    -0.2185954749584198
                ],
                [
                    -3.725290742551124e-09,
                    0.4259873032569885,
                    0.9047291874885559,
                    3.6470799446105957
                ],
                [
                    0.0,
                    0.0,
                    0.0,
                    1.0
                ]
            ]
        },
        {
            "file_path": "/data/shapenet_blender/all_50_random/02958343/5d756a52f6f361abf500cc506a763c18/r_10",
            "rotation": 0.12566370614359174,
            "transform_matrix": [
                [
                    -0.45217517018318176,
                    0.5419418215751648,
                    0.7084042429924011,
                    2.855668783187866
                ],
                [
                    0.8919290900230408,
                    0.27474451065063477,
                    0.35913482308387756,
                    1.4477187395095825
                ],
                [
                    0.0,
                    0.794238269329071,
                    -0.6076064109802246,
                    -2.4493398666381836
                ],
                [
                    0.0,
                    0.0,
                    0.0,
                    1.0
                ]
            ]
        },
        {
            "file_path": "/data/shapenet_blender/all_50_random/02958343/5d756a52f6f361abf500cc506a763c18/r_11",
            "rotation": 0.12566370614359174,
            "transform_matrix": [
                [
                    0.8360150456428528,
                    -0.11389752477407455,
                    -0.5367553234100342,
                    -2.1637299060821533
                ],
                [
                    -0.5487066507339478,
                    -0.17353540658950806,
                    -0.8178058862686157,
                    -3.2966809272766113
                ],
                [
                    7.450580596923828e-09,
                    0.978219211101532,
                    -0.2075745016336441,
                    -0.8367595672607422
                ],
                [
                    0.0,
                    0.0,
                    0.0,
                    1.0
                ]
            ]
        },
        {
            "file_path": "/data/shapenet_blender/all_50_random/02958343/5d756a52f6f361abf500cc506a763c18/r_12",
            "rotation": 0.12566370614359174,
            "transform_matrix": [
                [
                    -0.40060004591941833,
                    0.023228609934449196,
                    0.9159584641456604,
                    3.6923468112945557
                ],
                [
                    0.9162529706954956,
                    0.01015591062605381,
                    0.4004712998867035,
                    1.614351511001587
                ],
                [
                    0.0,
                    0.9996786117553711,
                    -0.025351740419864655,
                    -0.10219614207744598
                ],
                [
                    0.0,
                    0.0,
                    0.0,
                    1.0
                ]
            ]
        },
        {
            "file_path": "/data/shapenet_blender/all_50_random/02958343/5d756a52f6f361abf500cc506a763c18/r_13",
            "rotation": 0.12566370614359174,
            "transform_matrix": [
                [
                    0.03223973885178566,
                    -0.6691292524337769,
                    -0.74244624376297,
                    -2.992896795272827
                ],
                [
                    -0.9994802474975586,
                    -0.02158377133309841,
                    -0.02394872158765793,
                    -0.09654039144515991
                ],
                [
                    0.0,
                    0.7428324818611145,
                    -0.6694772243499756,
                    -2.698749303817749
                ],
                [
                    0.0,
                    0.0,
                    0.0,
                    1.0
                ]
            ]
        },
        {
            "file_path": "/data/shapenet_blender/all_50_random/02958343/5d756a52f6f361abf500cc506a763c18/r_14",
            "rotation": 0.12566370614359174,
            "transform_matrix": [
                [
                    -0.6849570274353027,
                    0.5668342709541321,
                    0.4577474594116211,
                    1.8452390432357788
                ],
                [
                    0.7285835146903992,
                    0.5328930616378784,
                    0.4303382337093353,
                    1.7347489595413208
                ],
                [
                    1.4901162970204496e-08,
                    0.6282703876495361,
                    -0.7779949903488159,
                    -3.136198043823242
                ],
                [
                    0.0,
                    0.0,
                    0.0,
                    1.0
                ]
            ]
        },
        {
            "file_path": "/data/shapenet_blender/all_50_random/02958343/5d756a52f6f361abf500cc506a763c18/r_15",
            "rotation": 0.12566370614359174,
            "transform_matrix": [
                [
                    0.7563543915748596,
                    -0.20397502183914185,
                    -0.6215482950210571,
                    -2.5055410861968994
                ],
                [
                    -0.6541621685028076,
                    -0.23583970963954926,
                    -0.7186456918716431,
                    -2.8969531059265137
                ],
                [
                    0.0,
                    0.9501439929008484,
                    -0.3118112087249756,
                    -1.256951093673706
                ],
                [
                    0.0,
                    0.0,
                    0.0,
                    1.0
                ]
            ]
        },
        {
            "file_path": "/data/shapenet_blender/all_50_random/02958343/5d756a52f6f361abf500cc506a763c18/r_16",
            "rotation": 0.12566370614359174,
            "transform_matrix": [
                [
                    0.9805170297622681,
                    0.12992259860038757,
                    0.1473318487405777,
                    0.5939136743545532
                ],
                [
                    0.1964346468448639,
                    -0.6485176086425781,
                    -0.7354170680046082,
                    -2.9645609855651855
                ],
                [
                    -7.450581485102248e-09,
                    0.7500299215316772,
                    -0.6614037752151489,
                    -2.6662039756774902
                ],
                [
                    0.0,
                    0.0,
                    0.0,
                    1.0
                ]
            ]
        },
        {
            "file_path": "/data/shapenet_blender/all_50_random/02958343/5d756a52f6f361abf500cc506a763c18/r_17",
            "rotation": 0.12566370614359174,
            "transform_matrix": [
                [
                    -0.9289065599441528,
                    0.06430502235889435,
                    -0.3646882176399231,
                    -1.4701051712036133
                ],
                [
                    -0.37031427025794983,
                    -0.1613045185804367,
                    0.9147940874099731,
                    3.687652826309204
                ],
                [
                    -3.725290298461914e-09,
                    0.9848074913024902,
                    0.173649862408638,
                    0.7000049948692322
                ],
                [
                    0.0,
                    0.0,
                    0.0,
                    1.0
                ]
            ]
        },
        {
            "file_path": "/data/shapenet_blender/all_50_random/02958343/5d756a52f6f361abf500cc506a763c18/r_18",
            "rotation": 0.12566370614359174,
            "transform_matrix": [
                [
                    0.6102517247200012,
                    0.06521682441234589,
                    0.7895185947418213,
                    3.1826512813568115
                ],
                [
                    0.7922075390815735,
                    -0.050237685441970825,
                    -0.6081803441047668,
                    -2.451653480529785
                ],
                [
                    -3.725290298461914e-09,
                    0.9966056942939758,
                    -0.08232289552688599,
                    -0.3318541944026947
                ],
                [
                    0.0,
                    0.0,
                    0.0,
                    1.0
                ]
            ]
        },
        {
            "file_path": "/data/shapenet_blender/all_50_random/02958343/5d756a52f6f361abf500cc506a763c18/r_19",
            "rotation": 0.12566370614359174,
            "transform_matrix": [
                [
                    -0.9999013543128967,
                    -0.0022240576799958944,
                    -0.013870798982679844,
                    -0.0559149794280529
                ],
                [
                    -0.014047970995306969,
                    0.1583031564950943,
                    0.987290620803833,
                    3.979895830154419
                ],
                [
                    0.0,
                    0.9873880743980408,
                    -0.15831877291202545,
                    -0.6382033824920654
                ],
                [
                    0.0,
                    0.0,
                    0.0,
                    1.0
                ]
            ]
        },
        {
            "file_path": "/data/shapenet_blender/all_50_random/02958343/5d756a52f6f361abf500cc506a763c18/r_20",
            "rotation": 0.12566370614359174,
            "transform_matrix": [
                [
                    -0.2810138761997223,
                    -0.16561752557754517,
                    -0.9453051686286926,
                    -3.8106472492218018
                ],
                [
                    -0.9597037434577942,
                    0.04849499091506004,
                    0.2767977714538574,
                    1.1158076524734497
                ],
                [
                    3.725290742551124e-09,
                    0.9849969744682312,
                    -0.17257151007652283,
                    -0.6956580877304077
                ],
                [
                    0.0,
                    0.0,
                    0.0,
                    1.0
                ]
            ]
        },
        {
            "file_path": "/data/shapenet_blender/all_50_random/02958343/5d756a52f6f361abf500cc506a763c18/r_21",
            "rotation": 0.12566370614359174,
            "transform_matrix": [
                [
                    -0.5238562226295471,
                    -0.551440954208374,
                    -0.6492207050323486,
                    -2.6170923709869385
                ],
                [
                    -0.8518067598342896,
                    0.33913299441337585,
                    0.39926695823669434,
                    1.6094965934753418
                ],
                [
                    0.0,
                    0.7621690034866333,
                    -0.6473780870437622,
                    -2.6096644401550293
                ],
                [
                    0.0,
                    0.0,
                    0.0,
                    1.0
                ]
            ]
        },
        {
            "file_path": "/data/shapenet_blender/all_50_random/02958343/5d756a52f6f361abf500cc506a763c18/r_22",
            "rotation": 0.12566370614359174,
            "transform_matrix": [
                [
                    0.40854668617248535,
                    -0.008154978044331074,
                    -0.9127009510993958,
                    -3.679215431213379
                ],
                [
                    -0.9127375483512878,
                    -0.003650215920060873,
                    -0.4085302948951721,
                    -1.6468384265899658
                ],
                [
                    2.3283067140944524e-10,
                    0.9999600648880005,
                    -0.008934635668992996,
                    -0.03601667284965515
                ],
                [
                    0.0,
                    0.0,
                    0.0,
                    1.0
                ]
            ]
        },
        {
            "file_path": "/data/shapenet_blender/all_50_random/02958343/5d756a52f6f361abf500cc506a763c18/r_23",
            "rotation": 0.12566370614359174,
            "transform_matrix": [
                [
                    -0.12603841722011566,
                    0.8807382583618164,
                    -0.4565243422985077,
                    -1.8403085470199585
                ],
                [
                    -0.9920253753662109,
                    -0.11189921200275421,
                    0.05800215154886246,
                    0.23381415009498596
                ],
                [
                    -3.725290298461914e-09,
                    0.4601941704750061,
                    0.8878182768821716,
                    3.5789098739624023
                ],
                [
                    0.0,
                    0.0,
                    0.0,
                    1.0
                ]
            ]
        },
        {
            "file_path": "/data/shapenet_blender/all_50_random/02958343/5d756a52f6f361abf500cc506a763c18/r_24",
            "rotation": 0.12566370614359174,
            "transform_matrix": [
                [
                    -0.18453605473041534,
                    -0.869819164276123,
                    -0.4575597643852234,
                    -1.8444825410842896
                ],
                [
                    -0.982825756072998,
                    0.16331785917282104,
                    0.08591174334287643,
                    0.34632134437561035
                ],
                [
                    0.0,
                    0.46555545926094055,
                    -0.8850186467170715,
                    -3.567624568939209
                ],
                [
                    0.0,
                    0.0,
                    0.0,
                    1.0
                ]
            ]
        },
        {
            "file_path": "/data/shapenet_blender/all_50_random/02958343/5d756a52f6f361abf500cc506a763c18/r_25",
            "rotation": 0.12566370614359174,
            "transform_matrix": [
                [
                    0.6628807783126831,
                    -0.5200785398483276,
                    -0.5386161208152771,
                    -2.1712310314178467
                ],
                [
                    -0.7487248778343201,
                    -0.46044960618019104,
                    -0.4768618047237396,
                    -1.9222913980484009
                ],
                [
                    0.0,
                    0.719377875328064,
                    -0.6946189403533936,
                    -2.800098419189453
                ],
                [
                    0.0,
                    0.0,
                    0.0,
                    1.0
                ]
            ]
        },
        {
            "file_path": "/data/shapenet_blender/all_50_random/02958343/5d756a52f6f361abf500cc506a763c18/r_26",
            "rotation": 0.12566370614359174,
            "transform_matrix": [
                [
                    0.8733606934547424,
                    0.028030218556523323,
                    -0.4862667918205261,
                    -1.9602042436599731
                ],
                [
                    -0.487074077129364,
                    0.05026030167937279,
                    -0.8719131946563721,
                    -3.5147948265075684
                ],
                [
                    -1.862645149230957e-09,
                    0.9983428120613098,
                    0.0575481578707695,
                    0.23198406398296356
                ],
                [
                    0.0,
                    0.0,
                    0.0,
                    1.0
                ]
            ]
        },
        {
            "file_path": "/data/shapenet_blender/all_50_random/02958343/5d756a52f6f361abf500cc506a763c18/r_27",
            "rotation": 0.12566370614359174,
            "transform_matrix": [
                [
                    -0.294198602437973,
                    -0.7043853402137756,
                    0.6459786891937256,
                    2.6040232181549072
                ],
                [
                    0.9557443261146545,
                    -0.2168249487876892,
                    0.19884611666202545,
                    0.8015742897987366
                ],
                [
                    1.4901160305669237e-08,
                    0.6758906841278076,
                    0.7370018362998962,
                    2.970949411392212
                ],
                [
                    0.0,
                    0.0,
                    0.0,
                    1.0
                ]
            ]
        },
        {
            "file_path": "/data/shapenet_blender/all_50_random/02958343/5d756a52f6f361abf500cc506a763c18/r_28",
            "rotation": 0.12566370614359174,
            "transform_matrix": [
                [
                    -0.6533318758010864,
                    0.11594291031360626,
                    -0.7481408715248108,
                    -3.015852212905884
                ],
                [
                    -0.7570717334747314,
                    -0.1000555157661438,
                    0.6456248164176941,
                    2.6025969982147217
                ],
                [
                    0.0,
                    0.9882034659385681,
                    0.15314655005931854,
                    0.6173534989356995
                ],
                [
                    0.0,
                    0.0,
                    0.0,
                    1.0
                ]
            ]
        },
        {
            "file_path": "/data/shapenet_blender/all_50_random/02958343/5d756a52f6f361abf500cc506a763c18/r_29",
            "rotation": 0.12566370614359174,
            "transform_matrix": [
                [
                    0.983250617980957,
                    0.09221445024013519,
                    0.15720953047275543,
                    0.6337319612503052
                ],
                [
                    0.18225900828838348,
                    -0.4974783957004547,
                    -0.8481137156486511,
                    -3.418855905532837
                ],
                [
                    7.450580596923828e-09,
                    0.8625611662864685,
                    -0.505952775478363,
                    -2.0395610332489014
                ],
                [
                    0.0,
                    0.0,
                    0.0,
                    1.0
                ]
            ]
        },
        {
            "file_path": "/data/shapenet_blender/all_50_random/02958343/5d756a52f6f361abf500cc506a763c18/r_30",
            "rotation": 0.12566370614359174,
            "transform_matrix": [
                [
                    0.9999461770057678,
                    0.0004031423886772245,
                    -0.01037064753472805,
                    -0.041805416345596313
                ],
                [
                    -0.010378480888903141,
                    0.03884197026491165,
                    -0.9991914629936218,
                    -4.027869701385498
                ],
                [
                    -2.9103830456733704e-11,
                    0.999245285987854,
                    0.03884406387805939,
                    0.1565854251384735
                ],
                [
                    0.0,
                    0.0,
                    0.0,
                    1.0
                ]
            ]
        },
        {
            "file_path": "/data/shapenet_blender/all_50_random/02958343/5d756a52f6f361abf500cc506a763c18/r_31",
            "rotation": 0.12566370614359174,
            "transform_matrix": [
                [
                    -0.987758457660675,
                    -0.0060079870745539665,
                    0.15587520599365234,
                    0.6283530592918396
                ],
                [
                    0.15599094331264496,
                    -0.03804349526762962,
                    0.9870256185531616,
                    3.978827476501465
                ],
                [
                    4.6566123179658803e-10,
                    0.9992580413818359,
                    0.03851497545838356,
                    0.15525883436203003
                ],
                [
                    0.0,
                    0.0,
                    0.0,
                    1.0
                ]
            ]
        },
        {
            "file_path": "/data/shapenet_blender/all_50_random/02958343/5d756a52f6f361abf500cc506a763c18/r_32",
            "rotation": 0.12566370614359174,
            "transform_matrix": [
                [
                    -0.7312059998512268,
                    0.07432560622692108,
                    -0.6780955195426941,
                    -2.733490467071533
                ],
                [
                    -0.6821568012237549,
                    -0.07966985553503036,
                    0.7268527150154114,
                    2.930037021636963
                ],
                [
                    -3.725290298461914e-09,
                    0.9940465092658997,
                    0.10895679146051407,
                    0.4392188787460327
                ],
                [
                    0.0,
                    0.0,
                    0.0,
                    1.0
                ]
            ]
        },
        {
            "file_path": "/data/shapenet_blender/all_50_random/02958343/5d756a52f6f361abf500cc506a763c18/r_33",
            "rotation": 0.12566370614359174,
            "transform_matrix": [
                [
                    -0.9856246113777161,
                    -0.1601838916540146,
                    0.053713683038949966,
                    0.21652677655220032
                ],
                [
                    0.16894979774951935,
                    -0.9344857931137085,
                    0.31335657835006714,
                    1.2631807327270508
                ],
                [
                    -3.725290076417309e-09,
                    0.31792688369750977,
                    0.9481152296066284,
                    3.821974754333496
                ],
                [
                    0.0,
                    0.0,
                    0.0,
                    1.0
                ]
            ]
        },
        {
            "file_path": "/data/shapenet_blender/all_50_random/02958343/5d756a52f6f361abf500cc506a763c18/r_34",
            "rotation": 0.12566370614359174,
            "transform_matrix": [
                [
                    0.9960936307907104,
                    -0.013022211380302906,
                    0.0873386338353157,
                    0.3520733118057251
                ],
                [
                    0.08830411732196808,
                    0.1468939632177353,
                    -0.9852027297019958,
                    -3.9714794158935547
                ],
                [
                    0.0,
                    0.989066481590271,
                    0.14747002720832825,
                    0.594470739364624
                ],
                [
                    0.0,
                    0.0,
                    0.0,
                    1.0
                ]
            ]
        },
        {
            "file_path": "/data/shapenet_blender/all_50_random/02958343/5d756a52f6f361abf500cc506a763c18/r_35",
            "rotation": 0.12566370614359174,
            "transform_matrix": [
                [
                    0.7179904580116272,
                    0.3585568964481354,
                    -0.5965958833694458,
                    -2.4049549102783203
                ],
                [
                    -0.6960529088973999,
                    0.3698575496673584,
                    -0.6153988242149353,
                    -2.4807519912719727
                ],
                [
                    0.0,
                    0.85711270570755,
                    0.5151287913322449,
                    2.0765504837036133
                ],
                [
                    0.0,
                    0.0,
                    0.0,
                    1.0
                ]
            ]
        },
        {
            "file_path": "/data/shapenet_blender/all_50_random/02958343/5d756a52f6f361abf500cc506a763c18/r_36",
            "rotation": 0.12566370614359174,
            "transform_matrix": [
                [
                    0.9854198694229126,
                    0.07907010614871979,
                    -0.15065060555934906,
                    -0.6072919964790344
                ],
                [
                    -0.17014020681381226,
                    0.4579590857028961,
                    -0.8725398182868958,
                    -3.517320394515991
                ],
                [
                    -7.450580596923828e-09,
                    0.8854497671127319,
                    0.4647350311279297,
                    1.8734068870544434
                ],
                [
                    0.0,
                    0.0,
                    0.0,
                    1.0
                ]
            ]
        },
        {
            "file_path": "/data/shapenet_blender/all_50_random/02958343/5d756a52f6f361abf500cc506a763c18/r_37",
            "rotation": 0.12566370614359174,
            "transform_matrix": [
                [
                    -0.21215517818927765,
                    -0.11726120859384537,
                    -0.9701752066612244,
                    -3.9109013080596924
                ],
                [
                    -0.9772359132766724,
                    0.025457080453634262,
                    0.21062232553958893,
                    0.8490457534790039
                ],
                [
                    0.0,
                    0.9927747845649719,
                    -0.11999272555112839,
                    -0.48370614647865295
                ],
                [
                    0.0,
                    0.0,
                    0.0,
                    1.0
                ]
            ]
        },
        {
            "file_path": "/data/shapenet_blender/all_50_random/02958343/5d756a52f6f361abf500cc506a763c18/r_38",
            "rotation": 0.12566370614359174,
            "transform_matrix": [
                [
                    0.7861876487731934,
                    -0.4589957892894745,
                    -0.41380175948143005,
                    -1.6680881977081299
                ],
                [
                    -0.617987871170044,
                    -0.5839222073554993,
                    -0.5264275074005127,
                    -2.1220972537994385
                ],
                [
                    -2.9802322387695312e-08,
                    0.6695952415466309,
                    -0.74272620677948,
                    -2.9940249919891357
                ],
                [
                    0.0,
                    0.0,
                    0.0,
                    1.0
                ]
            ]
        },
        {
            "file_path": "/data/shapenet_blender/all_50_random/02958343/5d756a52f6f361abf500cc506a763c18/r_39",
            "rotation": 0.12566370614359174,
            "transform_matrix": [
                [
                    -0.15230733156204224,
                    0.10997852683067322,
                    0.9821950793266296,
                    3.959355115890503
                ],
                [
                    0.9883331656455994,
                    0.016948269680142403,
                    0.15136142075061798,
                    0.6101574301719666
                ],
                [
                    0.0,
                    0.9937894940376282,
                    -0.111276775598526,
                    -0.44857102632522583
                ],
                [
                    0.0,
                    0.0,
                    0.0,
                    1.0
                ]
            ]
        },
        {
            "file_path": "/data/shapenet_blender/all_50_random/02958343/5d756a52f6f361abf500cc506a763c18/r_40",
            "rotation": 0.12566370614359174,
            "transform_matrix": [
                [
                    0.7832313179969788,
                    0.269981324672699,
                    0.5600525736808777,
                    2.257643938064575
                ],
                [
                    0.6217305064201355,
                    -0.34011173248291016,
                    -0.705531895160675,
                    -2.8440897464752197
                ],
                [
                    1.4901161193847656e-08,
                    0.9007962942123413,
                    -0.4342418313026428,
                    -1.750484585762024
                ],
                [
                    0.0,
                    0.0,
                    0.0,
                    1.0
                ]
            ]
        },
        {
            "file_path": "/data/shapenet_blender/all_50_random/02958343/5d756a52f6f361abf500cc506a763c18/r_41",
            "rotation": 0.12566370614359174,
            "transform_matrix": [
                [
                    -0.8684884905815125,
                    0.005013303831219673,
                    -0.49568384885787964,
                    -1.998165249824524
                ],
                [
                    -0.495709091424942,
                    -0.00878337025642395,
                    0.8684442639350891,
