{
    "class": "02958343",
    "model": "2dd397a57b35e57f2c6000457712c234",
    "remove_doubles": true,
    "edge_split": true,
    "denoise": true,
    "camera_angle_x": 0.6911112070083618,
    "scale_factor": 2.32314202956668,
    "hdri_file": "/data/IndoorHDRDataset2018/AG8A4509-2d64992a75.exr",
    "center_offset": [
        0.0,
        0.0,
        3.725290298461914e-09
    ],
    "lights": [],
    "frames": [
        {
            "file_path": "/data/shapenet_blender/all_50_random/02958343/2dd397a57b35e57f2c6000457712c234/r_0",
            "rotation": 0.12566370614359174,
            "transform_matrix": [
                [
                    0.678869903087616,
                    -0.40714120864868164,
                    0.6110414862632751,
                    2.4631869792938232
                ],
                [
                    0.7342586517333984,
                    0.3764285743236542,
                    -0.5649476051330566,
                    -2.277376651763916
                ],
                [
                    -1.4901161193847656e-08,
                    0.8321883678436279,
                    0.5544930100440979,
                    2.2352328300476074
                ],
                [
                    0.0,
                    0.0,
                    0.0,
                    1.0
                ]
            ]
        },
        {
            "file_path": "/data/shapenet_blender/all_50_random/02958343/2dd397a57b35e57f2c6000457712c234/r_1",
            "rotation": 0.12566370614359174,
            "transform_matrix": [
                [
                    -0.5841191411018372,
                    -0.09603173285722733,
                    0.8059669733047485,
                    3.2489566802978516
                ],
                [
                    0.8116679191589355,
                    -0.06910950690507889,
                    0.5800164341926575,
                    2.338120937347412
                ],
                [
                    0.0,
                    0.992976188659668,
                    0.11831407994031906,
                    0.47693932056427
                ],
                [
                    0.0,
                    0.0,
                    0.0,
                    1.0
                ]
            ]
        },
        {
            "file_path": "/data/shapenet_blender/all_50_random/02958343/2dd397a57b35e57f2c6000457712c234/r_2",
            "rotation": 0.12566370614359174,
            "transform_matrix": [
                [
                    -0.053702808916568756,
                    -0.002175050787627697,
                    -0.998554527759552,
                    -4.025302410125732
                ],
                [
                    -0.9985570311546326,
                    0.00011697512672981247,
                    0.05370267108082771,
                    0.21648240089416504
                ],
                [
                    0.0,
                    0.9999975562095642,
                    -0.0021781940013170242,
                    -0.008780581876635551
                ],
                [
                    0.0,
                    0.0,
                    0.0,
                    1.0
                ]
            ]
        },
        {
            "file_path": "/data/shapenet_blender/all_50_random/02958343/2dd397a57b35e57f2c6000457712c234/r_3",
            "rotation": 0.12566370614359174,
            "transform_matrix": [
                [
                    0.9178284406661987,
                    -0.20229941606521606,
                    0.3415639400482178,
                    1.376888394355774
                ],
                [
                    0.3969773054122925,
                    0.46772485971450806,
                    -0.789710283279419,
                    -3.183424472808838
                ],
                [
                    0.0,
                    0.8604117631912231,
                    0.5095993876457214,
                    2.0542609691619873
                ],
                [
                    0.0,
                    0.0,
                    0.0,
                    1.0
                ]
            ]
        },
        {
            "file_path": "/data/shapenet_blender/all_50_random/02958343/2dd397a57b35e57f2c6000457712c234/r_4",
            "rotation": 0.12566370614359174,
            "transform_matrix": [
                [
                    -0.7201571464538574,
                    0.03253203630447388,
                    0.6930478811264038,
                    2.7937655448913574
                ],
                [
                    0.6938110589981079,
                    0.033767376095056534,
                    0.7193649411201477,
                    2.899852991104126
                ],
                [
                    -1.862645149230957e-09,
                    0.9989000558853149,
                    -0.04688890278339386,
                    -0.1890152245759964
                ],
                [
                    0.0,
                    0.0,
                    0.0,
                    1.0
                ]
            ]
        },
        {
            "file_path": "/data/shapenet_blender/all_50_random/02958343/2dd397a57b35e57f2c6000457712c234/r_5",
            "rotation": 0.12566370614359174,
            "transform_matrix": [
                [
                    -0.8368224501609802,
                    -0.017685512080788612,
                    0.5471886396408081,
                    2.2057881355285645
                ],
                [
                    0.5474744439125061,
                    -0.027032556012272835,
                    0.8363856077194214,
                    3.3715784549713135
                ],
                [
                    0.0,
                    0.9994781017303467,
                    0.032303810119628906,
                    0.13022084534168243
                ],
                [
                    0.0,
                    0.0,
                    0.0,
                    1.0
                ]
            ]
        },
        {
            "file_path": "/data/shapenet_blender/all_50_random/02958343/2dd397a57b35e57f2c6000457712c234/r_6",
            "rotation": 0.12566370614359174,
            "transform_matrix": [
                [
                    0.9505574107170105,
                    0.017061293125152588,
                    0.3100798428058624,
                    1.249971628189087
                ],
                [
                    0.3105488419532776,
                    -0.052222833037376404,
                    -0.94912189245224,
                    -3.8260321617126465
                ],
                [
                    0.0,
                    0.9984896779060364,
                    -0.05493916943669319,
                    -0.22146685421466827
                ],
                [
                    0.0,
                    0.0,
                    0.0,
                    1.0
                ]
            ]
        },
        {
            "file_path": "/data/shapenet_blender/all_50_random/02958343/2dd397a57b35e57f2c6000457712c234/r_7",
            "rotation": 0.12566370614359174,
            "transform_matrix": [
                [
                    0.761216402053833,
                    0.08658325672149658,
                    0.642691969871521,
                    2.5907742977142334
                ],
                [
                    0.648497998714447,
                    -0.10163268446922302,
                    -0.7544011473655701,
                    -3.041088342666626
                ],
                [
                    0.0,
                    0.9910468459129333,
                    -0.13351354002952576,
                    -0.5382102727890015
                ],
                [
                    0.0,
                    0.0,
                    0.0,
                    1.0
                ]
            ]
        },
        {
            "file_path": "/data/shapenet_blender/all_50_random/02958343/2dd397a57b35e57f2c6000457712c234/r_8",
            "rotation": 0.12566370614359174,
            "transform_matrix": [
                [
                    -0.45621952414512634,
                    -0.019086206331849098,
                    0.8896625638008118,
                    3.5863444805145264
                ],
                [
                    0.88986736536026,
                    -0.009785166941583157,
                    0.4561145305633545,
                    1.8386564254760742
                ],
                [
                    9.31322685637781e-10,
                    0.9997698664665222,
                    0.021448377519845963,
                    0.08646117895841599
                ],
                [
                    0.0,
                    0.0,
                    0.0,
                    1.0
                ]
            ]
        },
        {
            "file_path": "/data/shapenet_blender/all_50_random/02958343/2dd397a57b35e57f2c6000457712c234/r_9",
            "rotation": 0.12566370614359174,
            "transform_matrix": [
                [
                    -0.343687504529953,
                    -0.6080637574195862,
                    0.7156376242637634,
                    2.8848278522491455
                ],
                [
                    0.939083993434906,
                    -0.22254016995429993,
                    0.26191022992134094,
                    1.0557940006256104
                ],
                [
                    -1.4901160305669237e-08,
                    0.762059211730957,
                    0.6475071907043457,
                    2.610185146331787
                ],
                [
                    0.0,
                    0.0,
                    0.0,
                    1.0
                ]
            ]
        },
        {
            "file_path": "/data/shapenet_blender/all_50_random/02958343/2dd397a57b35e57f2c6000457712c234/r_10",
            "rotation": 0.12566370614359174,
            "transform_matrix": [
                [
                    -0.24460822343826294,
                    -0.021969199180603027,
                    -0.9693730473518372,
                    -3.907667875289917
                ],
                [
                    -0.969622015953064,
                    0.005542207974940538,
                    0.24454541504383087,
                    0.985794186592102
                ],
                [
                    0.0,
                    0.9997432827949524,
                    -0.022657485678792,
                    -0.0913352519273758
                ],
                [
                    0.0,
                    0.0,
                    0.0,
                    1.0
                ]
            ]
        },
        {
            "file_path": "/data/shapenet_blender/all_50_random/02958343/2dd397a57b35e57f2c6000457712c234/r_11",
            "rotation": 0.12566370614359174,
            "transform_matrix": [
                [
                    -0.8810756206512451,
                    -0.07257897406816483,
                    0.4673735499382019,
                    1.8840430974960327
                ],
                [
                    0.47297540307044983,
                    -0.13520273566246033,
                    0.8706402778625488,
                    3.5096631050109863
                ],
                [
                    7.450580596923828e-09,
                    0.9881559610366821,
                    0.15345191955566406,
                    0.6185844540596008
                ],
                [
                    0.0,
                    0.0,
                    0.0,
                    1.0
                ]
            ]
        },
        {
            "file_path": "/data/shapenet_blender/all_50_random/02958343/2dd397a57b35e57f2c6000457712c234/r_12",
            "rotation": 0.12566370614359174,
            "transform_matrix": [
                [
                    0.12674580514431,
                    -0.7564510703086853,
                    0.64165198802948,
                    2.5865819454193115
                ],
                [
                    0.9919352531433105,
                    0.09665650874376297,
                    -0.0819879099726677,
                    -0.3305038511753082
                ],
                [
                    0.0,
                    0.6468687653541565,
                    0.7626012563705444,
                    3.074143886566162
                ],
                [
                    0.0,
                    0.0,
                    0.0,
                    1.0
                ]
            ]
        },
        {
            "file_path": "/data/shapenet_blender/all_50_random/02958343/2dd397a57b35e57f2c6000457712c234/r_13",
            "rotation": 0.12566370614359174,
            "transform_matrix": [
                [
                    -0.980349063873291,
                    -0.17445746064186096,
                    0.09208952635526657,
                    0.3712247908115387
                ],
                [
                    0.19727113842964172,
                    -0.8669753670692444,
                    0.45764365792274475,
                    1.8448207378387451
                ],
                [
                    0.0,
                    0.46681705117225647,
                    0.884353756904602,
                    3.564944267272949
                ],
                [
                    0.0,
                    0.0,
                    0.0,
                    1.0
                ]
            ]
        },
        {
            "file_path": "/data/shapenet_blender/all_50_random/02958343/2dd397a57b35e57f2c6000457712c234/r_14",
            "rotation": 0.12566370614359174,
            "transform_matrix": [
                [
                    -0.9917188286781311,
                    -0.009803281165659428,
                    0.12805284559726715,
                    0.5161974430084229
                ],
                [
                    0.12842753529548645,
                    -0.075701043009758,
                    0.9888255000114441,
                    3.9860825538635254
                ],
                [
                    0.0,
                    0.9970824122428894,
                    0.07633316516876221,
                    0.3077087998390198
                ],
                [
                    0.0,
                    0.0,
                    0.0,
                    1.0
                ]
            ]
        },
        {
            "file_path": "/data/shapenet_blender/all_50_random/02958343/2dd397a57b35e57f2c6000457712c234/r_15",
            "rotation": 0.12566370614359174,
            "transform_matrix": [
                [
                    -0.7478383183479309,
                    -0.044769637286663055,
                    -0.6623696088790894,
                    -2.6700973510742188
                ],
                [
                    -0.6638808846473694,
                    0.05043141171336174,
                    0.7461358904838562,
                    3.00777006149292
                ],
                [
                    3.725290298461914e-09,
                    0.9977235794067383,
                    -0.06743624806404114,
                    -0.27184420824050903
                ],
                [
                    0.0,
                    0.0,
                    0.0,
                    1.0
                ]
            ]
        },
        {
            "file_path": "/data/shapenet_blender/all_50_random/02958343/2dd397a57b35e57f2c6000457712c234/r_16",
            "rotation": 0.12566370614359174,
            "transform_matrix": [
                [
                    0.48645836114883423,
                    -0.07190604507923126,
                    -0.870739758014679,
                    -3.510064125061035
                ],
                [
                    -0.8737037181854248,
                    -0.04003565013408661,
                    -0.4848081171512604,
                    -1.9543240070343018
                ],
                [
                    0.0,
                    0.9966076016426086,
                    -0.08230025321245193,
                    -0.3317629396915436
                ],
                [
                    0.0,
                    0.0,
                    0.0,
                    1.0
                ]
            ]
        },
        {
            "file_path": "/data/shapenet_blender/all_50_random/02958343/2dd397a57b35e57f2c6000457712c234/r_17",
            "rotation": 0.12566370614359174,
            "transform_matrix": [
                [
                    0.8538981676101685,
                    0.21674774587154388,
                    -0.4731577932834625,
                    -1.9073600769042969
                ],
                [
                    -0.5204401016235352,
                    0.3556230366230011,
                    -0.7763209939002991,
                    -3.1294500827789307
                ],
                [
                    -1.4901161193847656e-08,
                    0.9091494083404541,
                    0.41647008061408997,
                    1.6788445711135864
                ],
                [
                    0.0,
                    0.0,
                    0.0,
                    1.0
                ]
            ]
        },
        {
            "file_path": "/data/shapenet_blender/all_50_random/02958343/2dd397a57b35e57f2c6000457712c234/r_18",
            "rotation": 0.12566370614359174,
            "transform_matrix": [
                [
                    -0.9627934098243713,
                    -0.028539292514324188,
                    -0.26872724294662476,
                    -1.083274006843567
                ],
                [
                    -0.27023839950561523,
                    0.1016785204410553,
                    0.9574094414710999,
                    3.859440326690674
                ],
                [
                    0.0,
                    0.9944078922271729,
                    -0.10560782998800278,
                    -0.4257187247276306
                ],
                [
                    0.0,
                    0.0,
                    0.0,
                    1.0
                ]
            ]
        },
        {
            "file_path": "/data/shapenet_blender/all_50_random/02958343/2dd397a57b35e57f2c6000457712c234/r_19",
            "rotation": 0.12566370614359174,
            "transform_matrix": [
                [
                    0.7619019746780396,
                    0.5377547740936279,
                    -0.3610058128833771,
                    -1.4552611112594604
                ],
                [
                    -0.6476923823356628,
                    0.6325787305831909,
                    -0.42466306686401367,
                    -1.7118717432022095
                ],
                [
                    1.4901162970204496e-08,
                    0.5573722720146179,
                    0.8302625417709351,
                    3.346895694732666
                ],
                [
                    0.0,
                    0.0,
                    0.0,
                    1.0
                ]
            ]
        },
        {
            "file_path": "/data/shapenet_blender/all_50_random/02958343/2dd397a57b35e57f2c6000457712c234/r_20",
            "rotation": 0.12566370614359174,
            "transform_matrix": [
                [
                    -0.2797428071498871,
                    0.7021270394325256,
                    0.6547988653182983,
                    2.6395785808563232
                ],
                [
                    0.9600750803947449,
                    0.20458294451236725,
                    0.19079266488552094,
                    0.769109845161438
                ],
                [
                    1.4901162970204496e-08,
                    0.6820288896560669,
                    -0.7313252091407776,
                    -2.948066234588623
                ],
                [
                    0.0,
                    0.0,
                    0.0,
                    1.0
                ]
            ]
        },
        {
            "file_path": "/data/shapenet_blender/all_50_random/02958343/2dd397a57b35e57f2c6000457712c234/r_21",
            "rotation": 0.12566370614359174,
            "transform_matrix": [
                [
                    0.9339185357093811,
                    0.2029697597026825,
                    0.29427772760391235,
                    1.1862714290618896
                ],
                [
                    0.3574858009815216,
                    -0.5302510261535645,
                    -0.7687897086143494,
                    -3.099090576171875
                ],
                [
                    0.0,
                    0.8231871724128723,
                    -0.5677700638771057,
                    -2.2887542247772217
                ],
                [
                    0.0,
                    0.0,
                    0.0,
                    1.0
                ]
            ]
        },
        {
            "file_path": "/data/shapenet_blender/all_50_random/02958343/2dd397a57b35e57f2c6000457712c234/r_22",
            "rotation": 0.12566370614359174,
            "transform_matrix": [
                [
                    0.748170018196106,
                    0.1524733453989029,
                    0.6457502841949463,
                    2.603102684020996
                ],
                [
                    0.6635069847106934,
                    -0.17192883789539337,
                    -0.728147566318512,
                    -2.9352567195892334
                ],
                [
                    0.0,
                    0.9732380509376526,
                    -0.22979915142059326,
                    -0.9263499975204468
                ],
                [
                    0.0,
                    0.0,
                    0.0,
                    1.0
                ]
            ]
        },
        {
            "file_path": "/data/shapenet_blender/all_50_random/02958343/2dd397a57b35e57f2c6000457712c234/r_23",
            "rotation": 0.12566370614359174,
            "transform_matrix": [
                [
                    -0.8510949015617371,
                    -0.14947602152824402,
                    -0.5032835602760315,
                    -2.0288009643554688
                ],
                [
                    -0.5250118374824524,
                    0.24231506884098053,
                    0.8158712983131409,
                    3.2888824939727783
                ],
                [
                    -7.4505797087454084e-09,
                    0.9586138725280762,
                    -0.28470975160598755,
                    -1.1477017402648926
                ],
                [
                    0.0,
                    0.0,
                    0.0,
                    1.0
                ]
            ]
        },
        {
            "file_path": "/data/shapenet_blender/all_50_random/02958343/2dd397a57b35e57f2c6000457712c234/r_24",
            "rotation": 0.12566370614359174,
            "transform_matrix": [
                [
                    0.9707505702972412,
                    0.09237640351057053,
                    0.2216077297925949,
                    0.8933293223381042
                ],
                [
                    0.24009037017822266,
                    -0.3735028803348541,
                    -0.8960201740264893,
                    -3.6119728088378906
                ],
                [
                    0.0,
                    0.9230179190635681,
                    -0.38475680351257324,
                    -1.5510042905807495
                ],
                [
                    0.0,
                    0.0,
                    0.0,
                    1.0
                ]
            ]
        },
        {
            "file_path": "/data/shapenet_blender/all_50_random/02958343/2dd397a57b35e57f2c6000457712c234/r_25",
            "rotation": 0.12566370614359174,
            "transform_matrix": [
                [
                    0.7189798951148987,
                    0.2081374228000641,
                    -0.6631339192390442,
                    -2.6731786727905273
                ],
                [
                    -0.6950308084487915,
                    0.21530933678150177,
                    -0.6859838962554932,
                    -2.765289783477783
                ],
                [
                    0.0,
                    0.9541072249412537,
                    0.29946497082710266,
                    1.2071820497512817
                ],
                [
                    0.0,
                    0.0,
                    0.0,
                    1.0
                ]
            ]
        },
        {
            "file_path": "/data/shapenet_blender/all_50_random/02958343/2dd397a57b35e57f2c6000457712c234/r_26",
            "rotation": 0.12566370614359174,
            "transform_matrix": [
                [
                    -0.5479644536972046,
                    -0.37848761677742004,
                    0.7459772229194641,
                    3.0071303844451904
                ],
                [
                    0.8365015387535095,
                    -0.2479347288608551,
                    0.48866498470306396,
                    1.9698715209960938
                ],
                [
                    1.4901160305669237e-08,
                    0.8917822241783142,
                    0.45246487855911255,
                    1.8239442110061646
                ],
                [
                    0.0,
                    0.0,
                    0.0,
                    1.0
                ]
            ]
        },
        {
            "file_path": "/data/shapenet_blender/all_50_random/02958343/2dd397a57b35e57f2c6000457712c234/r_27",
            "rotation": 0.12566370614359174,
            "transform_matrix": [
                [
                    0.9006022214889526,
                    -0.13619591295719147,
                    0.41275450587272644,
                    1.6638667583465576
                ],
                [
                    0.43464425206184387,
                    0.28220394253730774,
                    -0.8552456498146057,
                    -3.447605848312378
                ],
                [
                    1.4901160305669237e-08,
                    0.9496377110481262,
                    0.31335020065307617,
                    1.263155221939087
                ],
                [
                    0.0,
                    0.0,
                    0.0,
                    1.0
                ]
            ]
        },
        {
            "file_path": "/data/shapenet_blender/all_50_random/02958343/2dd397a57b35e57f2c6000457712c234/r_28",
            "rotation": 0.12566370614359174,
            "transform_matrix": [
                [
                    -0.8722819685935974,
                    -0.19688238203525543,
                    -0.44761744141578674,
                    -1.8044036626815796
                ],
                [
                    -0.48900306224823,
                    0.35119810700416565,
                    0.7984583973884583,
                    3.218688726425171
                ],
                [
                    0.0,
                    0.9153671264648438,
                    -0.40261995792388916,
                    -1.6230130195617676
                ],
                [
                    0.0,
                    0.0,
                    0.0,
                    1.0
                ]
            ]
        },
        {
            "file_path": "/data/shapenet_blender/all_50_random/02958343/2dd397a57b35e57f2c6000457712c234/r_29",
            "rotation": 0.12566370614359174,
            "transform_matrix": [
                [
                    -0.1582929939031601,
                    -0.12872281670570374,
                    -0.9789655804634094,
                    -3.9463367462158203
                ],
                [
                    -0.987392246723175,
                    0.020636094734072685,
                    0.15694208443164825,
                    0.6326538324356079
                ],
                [
                    -1.862645149230957e-09,
                    0.9914659261703491,
                    -0.13036642968654633,
                    -0.5255239605903625
                ],
                [
                    0.0,
                    0.0,
                    0.0,
                    1.0
                ]
            ]
        },
        {
            "file_path": "/data/shapenet_blender/all_50_random/02958343/2dd397a57b35e57f2c6000457712c234/r_30",
            "rotation": 0.12566370614359174,
            "transform_matrix": [
                [
                    -0.40572431683540344,
                    0.3594527840614319,
                    -0.8403460383415222,
                    -3.387543201446533
                ],
                [
                    -0.913995623588562,
                    -0.15956175327301025,
                    0.3730311393737793,
                    1.5037366151809692
                ],
                [
                    0.0,
                    0.9194203019142151,
                    0.3932763338088989,
                    1.5853476524353027
                ],
                [
                    0.0,
                    0.0,
                    0.0,
                    1.0
                ]
            ]
        },
        {
            "file_path": "/data/shapenet_blender/all_50_random/02958343/2dd397a57b35e57f2c6000457712c234/r_31",
            "rotation": 0.12566370614359174,
            "transform_matrix": [
                [
                    -0.9570174217224121,
                    -0.2657681107521057,
                    -0.11612485349178314,
                    -0.4681142270565033
                ],
                [
                    -0.29003047943115234,
                    0.8769586086273193,
                    0.3831786811351776,
                    1.5446425676345825
                ],
                [
                    7.4505797087454084e-09,
                    0.40038836002349854,
                    -0.9163455367088318,
                    -3.693906784057617
                ],
                [
                    0.0,
                    0.0,
                    0.0,
                    1.0
                ]
            ]
        },
        {
            "file_path": "/data/shapenet_blender/all_50_random/02958343/2dd397a57b35e57f2c6000457712c234/r_32",
            "rotation": 0.12566370614359174,
            "transform_matrix": [
                [
                    -0.9069230556488037,
                    0.3144802749156952,
                    0.2803440988063812,
                    1.130103349685669
                ],
                [
                    0.42129647731781006,
                    0.6769803166389465,
                    0.6034955382347107,
                    2.4327685832977295
                ],
                [
                    0.0,
                    0.6654320359230042,
                    -0.7464583516120911,
                    -3.0090701580047607
                ],
                [
                    0.0,
                    0.0,
                    0.0,
                    1.0
                ]
            ]
        },
        {
            "file_path": "/data/shapenet_blender/all_50_random/02958343/2dd397a57b35e57f2c6000457712c234/r_33",
            "rotation": 0.12566370614359174,
            "transform_matrix": [
                [
                    0.05122979357838631,
                    0.9912071824073792,
                    0.12199968099594116,
                    0.49179643392562866
                ],
                [
                    0.9986869096755981,
                    -0.05084610357880592,
                    -0.006258235778659582,
                    -0.025227755308151245
                ],
                [
                    4.656612873077393e-10,
                    0.1221596747636795,
                    -0.9925104379653931,
                    -4.000937461853027
                ],
                [
                    0.0,
                    0.0,
                    0.0,
                    1.0
                ]
            ]
        },
        {
            "file_path": "/data/shapenet_blender/all_50_random/02958343/2dd397a57b35e57f2c6000457712c234/r_34",
            "rotation": 0.12566370614359174,
            "transform_matrix": [
                [
                    -0.2347981184720993,
                    -0.20992304384708405,
                    -0.949105978012085,
                    -3.8259685039520264
                ],
                [
                    -0.9720441699028015,
                    0.05070709064602852,
                    0.22925736010074615,
                    0.9241659641265869
                ],
                [
                    0.0,
                    0.9764021039009094,
                    -0.21596039831638336,
                    -0.8705642223358154
                ],
                [
                    0.0,
                    0.0,
                    0.0,
                    1.0
                ]
            ]
        },
        {
            "file_path": "/data/shapenet_blender/all_50_random/02958343/2dd397a57b35e57f2c6000457712c234/r_35",
            "rotation": 0.12566370614359174,
            "transform_matrix": [
                [
                    -0.9594829678535461,
                    -0.003563565667718649,
                    0.2817441523075104,
                    1.135746955871582
                ],
                [
                    0.2817666828632355,
                    -0.01213479321449995,
                    0.9594061970710754,
                    3.86749005317688
                ],
                [
                    0.0,
                    0.9999200701713562,
                    0.012647220864892006,
                    0.050982579588890076
                ],
                [
                    0.0,
                    0.0,
                    0.0,
                    1.0
                ]
            ]
        },
        {
            "file_path": "/data/shapenet_blender/all_50_random/02958343/2dd397a57b35e57f2c6000457712c234/r_36",
            "rotation": 0.12566370614359174,
            "transform_matrix": [
                [
                    -0.9930981993675232,
                    0.04681762680411339,
                    0.10753695666790009,
                    0.4334953725337982
                ],
                [
                    0.11728636920452118,
                    0.39641863107681274,
                    0.9105470776557922,
                    3.6705329418182373
                ],
                [
                    0.0,
                    0.9168752431869507,
                    -0.39917367696762085,
                    -1.6091207265853882
                ],
                [
                    0.0,
                    0.0,
                    0.0,
                    1.0
                ]
            ]
        },
        {
            "file_path": "/data/shapenet_blender/all_50_random/02958343/2dd397a57b35e57f2c6000457712c234/r_37",
            "rotation": 0.12566370614359174,
            "transform_matrix": [
                [
                    -0.4628947973251343,
                    -0.045322880148887634,
                    -0.8852537274360657,
                    -3.5685720443725586
                ],
                [
                    -0.8864132761955261,
                    0.023668106645345688,
                    0.4622892737388611,
                    1.8635478019714355
                ],
                [
                    -1.862645371275562e-09,
                    0.9986919164657593,
                    -0.051130641251802444,
                    -0.20611421763896942
                ],
                [
                    0.0,
                    0.0,
                    0.0,
                    1.0
                ]
            ]
        },
        {
            "file_path": "/data/shapenet_blender/all_50_random/02958343/2dd397a57b35e57f2c6000457712c234/r_38",
            "rotation": 0.12566370614359174,
            "transform_matrix": [
                [
                    -0.8205868005752563,
                    -0.057269465178251266,
                    -0.5686454772949219,
                    -2.292283296585083
                ],
                [
                    -0.5715221166610718,
                    0.08222702145576477,
                    0.8164564967155457,
                    3.291241407394409
                ],
                [
                    0.0,
                    0.9949667453765869,
                    -0.10020516812801361,
                    -0.40393996238708496
                ],
                [
                    0.0,
                    0.0,
                    0.0,
                    1.0
                ]
            ]
        },
        {
            "file_path": "/data/shapenet_blender/all_50_random/02958343/2dd397a57b35e57f2c6000457712c234/r_39",
            "rotation": 0.12566370614359174,
            "transform_matrix": [
                [
                    0.040005289018154144,
                    0.5042580962181091,
                    -0.862625777721405,
                    -3.477355718612671
                ],
                [
                    -0.9991994500160217,
                    0.020189154893159866,
                    -0.03453724458813667,
                    -0.1392240822315216
                ],
                [
                    0.0,
                    0.8633168935775757,
                    0.5046620965003967,
                    2.034358024597168
                ],
                [
                    0.0,
                    0.0,
                    0.0,
                    1.0
                ]
            ]
        },
        {
            "file_path": "/data/shapenet_blender/all_50_random/02958343/2dd397a57b35e57f2c6000457712c234/r_40",
            "rotation": 0.12566370614359174,
            "transform_matrix": [
                [
                    0.2756345272064209,
                    0.7114821672439575,
                    0.6463890075683594,
                    2.605677366256714
                ],
                [
                    0.9612624049186707,
                    -0.20401199162006378,
                    -0.1853470355272293,
                    -0.7471578121185303
                ],
                [
                    0.0,
                    0.6724376082420349,
                    -0.7401538491249084,
                    -2.9836556911468506
                ],
                [
                    0.0,
                    0.0,
                    0.0,
                    1.0
                ]
            ]
        },
        {
            "file_path": "/data/shapenet_blender/all_50_random/02958343/2dd397a57b35e57f2c6000457712c234/r_41",
            "rotation": 0.12566370614359174,
            "transform_matrix": [
                [
                    -0.9742757678031921,
                    0.018635107204318047,
                    0.22458715736865997,
                    0.9053398370742798
                ],
                [
                    0.2253589630126953,
                    0.08056361973285675,
                    0.970939040184021,
                    3.913980722427368
                ],
                [
                    -1.8626450382086546e-09,
                    0.9965752959251404,
