{
    "class": "02958343",
    "model": "49888b45d4bf55a530855e8db75dec30",
    "remove_doubles": true,
    "edge_split": true,
    "denoise": true,
    "camera_angle_x": 0.6911112070083618,
    "scale_factor": 2.2456191448446523,
    "hdri_file": "/data/IndoorHDRDataset2018/AG8A9814-8f5d646009.exr",
    "center_offset": [
        0.0,
        -1.862645149230957e-09,
        -1.862645149230957e-09
    ],
    "lights": [],
    "frames": [
        {
            "file_path": "/data/shapenet_blender/all_50_random/02958343/49888b45d4bf55a530855e8db75dec30/r_0",
            "rotation": 0.12566370614359174,
            "transform_matrix": [
                [
                    0.7987225651741028,
                    -0.47253674268722534,
                    0.37249335646629333,
                    1.5015687942504883
                ],
                [
                    0.6016994118690491,
                    0.6272662281990051,
                    -0.4944642186164856,
                    -1.9932490587234497
                ],
                [
                    1.4901160305669237e-08,
                    0.6190688014030457,
                    0.7853367328643799,
                    3.1657936573028564
                ],
                [
                    0.0,
                    0.0,
                    0.0,
                    1.0
                ]
            ]
        },
        {
            "file_path": "/data/shapenet_blender/all_50_random/02958343/49888b45d4bf55a530855e8db75dec30/r_1",
            "rotation": 0.12566370614359174,
            "transform_matrix": [
                [
                    0.21153008937835693,
                    -0.15880562365055084,
                    0.9643837213516235,
                    3.88755464553833
                ],
                [
                    0.9773714542388916,
                    0.03436990827322006,
                    -0.2087191790342331,
                    -0.8413738012313843
                ],
                [
                    -3.7252898543727042e-09,
                    0.9867115020751953,
                    0.1624823808670044,
                    0.6549873352050781
                ],
                [
                    0.0,
                    0.0,
                    0.0,
                    1.0
                ]
            ]
        },
        {
            "file_path": "/data/shapenet_blender/all_50_random/02958343/49888b45d4bf55a530855e8db75dec30/r_2",
            "rotation": 0.12566370614359174,
            "transform_matrix": [
                [
                    0.9605827927589417,
                    -0.01838209293782711,
                    0.2773857116699219,
                    1.1181775331497192
                ],
                [
                    0.2779940962791443,
                    0.06351760774850845,
                    -0.9584804773330688,
                    -3.8637583255767822
                ],
                [
                    1.862645149230957e-09,
                    0.9978113770484924,
                    0.06612403690814972,
                    0.26655450463294983
                ],
                [
                    0.0,
                    0.0,
                    0.0,
                    1.0
                ]
            ]
        },
        {
            "file_path": "/data/shapenet_blender/all_50_random/02958343/49888b45d4bf55a530855e8db75dec30/r_3",
            "rotation": 0.12566370614359174,
            "transform_matrix": [
                [
                    -0.5138300657272339,
                    0.35091906785964966,
                    0.7828373312950134,
                    3.1557185649871826
                ],
                [
                    0.8578919768333435,
                    0.21018123626708984,
                    0.46887651085853577,
                    1.8901017904281616
                ],
                [
                    -1.4901161193847656e-08,
                    0.9125128388404846,
                    -0.40904805064201355,
                    -1.648925542831421
                ],
                [
                    0.0,
                    0.0,
                    0.0,
                    1.0
                ]
            ]
        },
        {
            "file_path": "/data/shapenet_blender/all_50_random/02958343/49888b45d4bf55a530855e8db75dec30/r_4",
            "rotation": 0.12566370614359174,
            "transform_matrix": [
                [
                    -0.3808456361293793,
                    -0.2334844172000885,
                    -0.8946740627288818,
                    -3.606546401977539
                ],
                [
                    -0.9246386289596558,
                    0.09616893529891968,
                    0.3685036301612854,
                    1.4854856729507446
                ],
                [
                    -7.450580596923828e-09,
                    0.9675931930541992,
                    -0.25251421332359314,
                    -1.0179173946380615
                ],
                [
                    0.0,
                    0.0,
                    0.0,
                    1.0
                ]
            ]
        },
        {
            "file_path": "/data/shapenet_blender/all_50_random/02958343/49888b45d4bf55a530855e8db75dec30/r_5",
            "rotation": 0.12566370614359174,
            "transform_matrix": [
                [
                    0.07420266419649124,
                    -0.0008681115577928722,
                    0.99724280834198,
                    4.02001428604126
                ],
                [
                    0.9972432851791382,
                    6.459425640059635e-05,
                    -0.07420262694358826,
                    -0.29912036657333374
                ],
                [
                    0.0,
                    0.9999997019767761,
                    0.0008705113432370126,
                    0.003509143367409706
                ],
                [
                    0.0,
                    0.0,
                    0.0,
                    1.0
                ]
            ]
        },
        {
            "file_path": "/data/shapenet_blender/all_50_random/02958343/49888b45d4bf55a530855e8db75dec30/r_6",
            "rotation": 0.12566370614359174,
            "transform_matrix": [
                [
                    0.48186784982681274,
                    -0.2936704158782959,
                    0.8255670666694641,
                    3.327967643737793
                ],
                [
                    0.8762440085411072,
                    0.16149649024009705,
                    -0.453999400138855,
                    -1.8301302194595337
                ],
                [
                    1.4901162970204496e-08,
                    0.9421657919883728,
                    0.33514684438705444,
                    1.3510202169418335
                ],
                [
                    0.0,
                    0.0,
                    0.0,
                    1.0
                ]
            ]
        },
        {
            "file_path": "/data/shapenet_blender/all_50_random/02958343/49888b45d4bf55a530855e8db75dec30/r_7",
            "rotation": 0.12566370614359174,
            "transform_matrix": [
                [
                    0.9706148505210876,
                    0.08248349279165268,
                    0.22606037557125092,
                    0.9112786054611206
                ],
                [
                    0.2406383752822876,
                    -0.33269715309143066,
                    -0.9118145108222961,
                    -3.6756420135498047
                ],
                [
                    0.0,
                    0.9394195675849915,
                    -0.34276944398880005,
                    -1.3817479610443115
                ],
                [
                    0.0,
                    0.0,
                    0.0,
                    1.0
                ]
            ]
        },
        {
            "file_path": "/data/shapenet_blender/all_50_random/02958343/49888b45d4bf55a530855e8db75dec30/r_8",
            "rotation": 0.12566370614359174,
            "transform_matrix": [
                [
                    -0.9111599326133728,
                    -0.005041343625634909,
                    0.41202202439308167,
                    1.6609139442443848
                ],
                [
                    0.41205286979675293,
                    -0.011147769168019295,
                    0.9110917448997498,
                    3.6727283000946045
                ],
                [
                    0.0,
                    0.9999251961708069,
                    0.012234699912369251,
                    0.04931965470314026
                ],
                [
                    0.0,
                    0.0,
                    0.0,
                    1.0
                ]
            ]
        },
        {
            "file_path": "/data/shapenet_blender/all_50_random/02958343/49888b45d4bf55a530855e8db75dec30/r_9",
            "rotation": 0.12566370614359174,
            "transform_matrix": [
                [
                    0.9094052910804749,
                    -0.09348335862159729,
                    -0.40526875853538513,
                    -1.6336904764175415
                ],
                [
                    -0.41591084003448486,
                    -0.20440499484539032,
                    -0.8861358761787415,
                    -3.5721275806427
                ],
                [
                    0.0,
                    0.9744123816490173,
                    -0.2247677743434906,
                    -0.9060677886009216
                ],
                [
                    0.0,
                    0.0,
                    0.0,
                    1.0
                ]
            ]
        },
        {
            "file_path": "/data/shapenet_blender/all_50_random/02958343/49888b45d4bf55a530855e8db75dec30/r_10",
            "rotation": 0.12566370614359174,
            "transform_matrix": [
                [
                    -0.2724249064922333,
                    -0.49352818727493286,
                    -0.8259627819061279,
                    -3.3295626640319824
                ],
                [
                    -0.9621769785881042,
                    0.13973456621170044,
                    0.23385806381702423,
                    0.9427120685577393
                ],
                [
                    7.450580152834618e-09,
                    0.8584312200546265,
                    -0.5129286050796509,
                    -2.0676815509796143
                ],
                [
                    0.0,
                    0.0,
                    0.0,
                    1.0
                ]
            ]
        },
        {
            "file_path": "/data/shapenet_blender/all_50_random/02958343/49888b45d4bf55a530855e8db75dec30/r_11",
            "rotation": 0.12566370614359174,
            "transform_matrix": [
                [
                    0.6511899828910828,
                    -0.48028475046157837,
                    -0.587603747844696,
                    -2.368706464767456
                ],
                [
                    -0.7589148879051208,
                    -0.41211023926734924,
                    -0.5041957497596741,
                    -2.032478094100952
                ],
                [
                    1.4901164746561335e-08,
                    0.7742683291435242,
                    -0.6328573226928711,
                    -2.5511295795440674
                ],
                [
                    0.0,
                    0.0,
                    0.0,
                    1.0
                ]
            ]
        },
        {
            "file_path": "/data/shapenet_blender/all_50_random/02958343/49888b45d4bf55a530855e8db75dec30/r_12",
            "rotation": 0.12566370614359174,
            "transform_matrix": [
                [
                    -0.965764582157135,
                    0.053815681487321854,
                    -0.25377681851387024,
                    -1.0230070352554321
                ],
                [
                    -0.25942012667655945,
                    -0.2003440409898758,
                    0.9447557926177979,
                    3.808432102203369
                ],
                [
                    0.0,
                    0.9782465100288391,
                    0.20744605362415314,
                    0.8362417221069336
                ],
                [
                    0.0,
                    0.0,
                    0.0,
                    1.0
                ]
            ]
        },
        {
            "file_path": "/data/shapenet_blender/all_50_random/02958343/49888b45d4bf55a530855e8db75dec30/r_13",
            "rotation": 0.12566370614359174,
            "transform_matrix": [
                [
                    0.8776698708534241,
                    -0.4746909439563751,
                    0.0660615861415863,
                    0.26630276441574097
                ],
                [
                    0.4792657196521759,
                    0.869292140007019,
                    -0.12097728252410889,
                    -0.4876750111579895
                ],
                [
                    3.725290298461914e-09,
                    0.1378391683101654,
                    0.9904546141624451,
                    3.992650270462036
                ],
                [
                    0.0,
                    0.0,
                    0.0,
                    1.0
                ]
            ]
        },
        {
            "file_path": "/data/shapenet_blender/all_50_random/02958343/49888b45d4bf55a530855e8db75dec30/r_14",
            "rotation": 0.12566370614359174,
            "transform_matrix": [
                [
                    0.6182025671005249,
                    -0.6622255444526672,
                    0.4234180748462677,
                    1.706852912902832
                ],
                [
                    0.7860188484191895,
                    0.5208393335342407,
                    -0.33301764726638794,
                    -1.3424370288848877
                ],
                [
                    0.0,
                    0.5386868715286255,
                    0.8425059914588928,
                    3.3962502479553223
                ],
                [
                    0.0,
                    0.0,
                    0.0,
                    1.0
                ]
            ]
        },
        {
            "file_path": "/data/shapenet_blender/all_50_random/02958343/49888b45d4bf55a530855e8db75dec30/r_15",
            "rotation": 0.12566370614359174,
            "transform_matrix": [
                [
                    -0.3417710065841675,
                    0.7697727084159851,
                    0.5391126275062561,
                    2.1732325553894043
                ],
                [
                    0.9397832751274109,
                    0.2799432873725891,
                    0.19605910778045654,
                    0.7903395295143127
                ],
                [
                    -1.4901161193847656e-08,
                    0.5736562609672546,
                    -0.819096028804779,
                    -3.301881790161133
                ],
                [
                    0.0,
                    0.0,
                    0.0,
                    1.0
                ]
            ]
        },
        {
            "file_path": "/data/shapenet_blender/all_50_random/02958343/49888b45d4bf55a530855e8db75dec30/r_16",
            "rotation": 0.12566370614359174,
            "transform_matrix": [
                [
                    0.9614992737770081,
                    0.10430754721164703,
                    -0.25424230098724365,
                    -1.024883508682251
                ],
                [
                    -0.27480757236480713,
                    0.3649521470069885,
                    -0.889545202255249,
                    -3.585871458053589
                ],
                [
                    0.0,
                    0.9251647591590881,
                    0.37956568598747253,
                    1.5300781726837158
                ],
                [
                    0.0,
                    0.0,
                    0.0,
                    1.0
                ]
            ]
        },
        {
            "file_path": "/data/shapenet_blender/all_50_random/02958343/49888b45d4bf55a530855e8db75dec30/r_17",
            "rotation": 0.12566370614359174,
            "transform_matrix": [
                [
                    0.9667672514915466,
                    0.08942669630050659,
                    -0.23950769007205963,
                    -0.9654864072799683
                ],
                [
                    -0.2556580901145935,
                    0.3381657004356384,
                    -0.9056946635246277,
                    -3.6509718894958496
                ],
                [
                    7.450580596923828e-09,
                    0.9368279576301575,
                    0.34979021549224854,
                    1.4100494384765625
                ],
                [
                    0.0,
                    0.0,
                    0.0,
                    1.0
                ]
            ]
        },
        {
            "file_path": "/data/shapenet_blender/all_50_random/02958343/49888b45d4bf55a530855e8db75dec30/r_18",
            "rotation": 0.12566370614359174,
            "transform_matrix": [
                [
                    0.49732276797294617,
                    0.39048317074775696,
                    -0.7747212052345276,
                    -3.1230010986328125
                ],
                [
                    -0.8675656318664551,
                    0.22384034097194672,
                    -0.44410067796707153,
                    -1.7902270555496216
                ],
                [
                    1.4901162970204496e-08,
                    0.8929827809333801,
                    0.4500907063484192,
                    1.8143737316131592
                ],
                [
                    0.0,
                    0.0,
                    0.0,
                    1.0
                ]
            ]
        },
        {
            "file_path": "/data/shapenet_blender/all_50_random/02958343/49888b45d4bf55a530855e8db75dec30/r_19",
            "rotation": 0.12566370614359174,
            "transform_matrix": [
                [
                    -0.9835691452026367,
                    0.0491914376616478,
                    -0.17370043694972992,
                    -0.7002089023590088
                ],
                [
                    -0.1805315613746643,
                    -0.26800400018692017,
                    0.946351945400238,
                    3.8148670196533203
                ],
                [
                    0.0,
                    0.9621610045433044,
                    0.27248111367225647,
                    1.0984066724777222
                ],
                [
                    0.0,
                    0.0,
                    0.0,
                    1.0
                ]
            ]
        },
        {
            "file_path": "/data/shapenet_blender/all_50_random/02958343/49888b45d4bf55a530855e8db75dec30/r_20",
            "rotation": 0.12566370614359174,
            "transform_matrix": [
                [
                    -5.392402090365067e-05,
                    0.11137988418340683,
                    0.993777871131897,
                    4.006046772003174
                ],
                [
                    1.0,
                    6.006050625728676e-06,
                    5.358849375625141e-05,
                    0.00021602213382720947
                ],
                [
                    0.0,
                    0.9937778115272522,
                    -0.11137989908456802,
                    -0.4489867389202118
                ],
                [
                    0.0,
                    0.0,
                    0.0,
                    1.0
                ]
            ]
        },
        {
            "file_path": "/data/shapenet_blender/all_50_random/02958343/49888b45d4bf55a530855e8db75dec30/r_21",
            "rotation": 0.12566370614359174,
            "transform_matrix": [
                [
                    0.03162628412246704,
                    0.10704189538955688,
                    0.9937514066696167,
                    4.005939960479736
                ],
                [
                    0.9994997382164001,
                    -0.0033870318438857794,
                    -0.03144439682364464,
                    -0.12675641477108002
                ],
                [
                    0.0,
                    0.9942486882209778,
                    -0.10709547251462936,
                    -0.4317156672477722
                ],
                [
                    0.0,
                    0.0,
                    0.0,
                    1.0
                ]
            ]
        },
        {
            "file_path": "/data/shapenet_blender/all_50_random/02958343/49888b45d4bf55a530855e8db75dec30/r_22",
            "rotation": 0.12566370614359174,
            "transform_matrix": [
                [
                    0.8790403604507446,
                    -0.17171122133731842,
                    0.4447508454322815,
                    1.7928478717803955
                ],
                [
                    0.47674739360809326,
                    0.3166060149669647,
                    -0.820044219493866,
                    -3.30570387840271
                ],
                [
                    0.0,
                    0.9328856468200684,
                    0.3601723611354828,
                    1.4519011974334717
                ],
                [
                    0.0,
                    0.0,
                    0.0,
                    1.0
                ]
            ]
        },
        {
            "file_path": "/data/shapenet_blender/all_50_random/02958343/49888b45d4bf55a530855e8db75dec30/r_23",
            "rotation": 0.12566370614359174,
            "transform_matrix": [
                [
                    -0.9999094605445862,
                    0.0017467467114329338,
                    -0.013347531668841839,
                    -0.05380561947822571
                ],
                [
                    -0.013461343012750149,
                    -0.12974844872951508,
                    0.9914555549621582,
                    3.996685266494751
                ],
                [
                    1.1641533570472262e-10,
                    0.9915453195571899,
                    0.1297602355480194,
                    0.5230802297592163
                ],
                [
                    0.0,
                    0.0,
                    0.0,
                    1.0
                ]
            ]
        },
        {
            "file_path": "/data/shapenet_blender/all_50_random/02958343/49888b45d4bf55a530855e8db75dec30/r_24",
            "rotation": 0.12566370614359174,
            "transform_matrix": [
                [
                    0.8110491037368774,
                    -0.39643943309783936,
                    -0.4301570653915405,
                    -1.7340185642242432
                ],
                [
                    -0.5849780440330505,
                    -0.5496478080749512,
                    -0.5963959693908691,
                    -2.404149055480957
                ],
                [
                    -1.4901159417490817e-08,
                    0.7353388667106628,
                    -0.677699625492096,
                    -2.7318944931030273
                ],
                [
                    0.0,
                    0.0,
                    0.0,
                    1.0
                ]
            ]
        },
        {
            "file_path": "/data/shapenet_blender/all_50_random/02958343/49888b45d4bf55a530855e8db75dec30/r_25",
            "rotation": 0.12566370614359174,
            "transform_matrix": [
                [
                    0.9914615154266357,
                    0.07473695278167725,
                    -0.10685720294713974,
                    -0.4307551980018616
                ],
                [
                    -0.1303996741771698,
                    0.5682438015937805,
                    -0.8124621510505676,
                    -3.2751400470733643
                ],
                [
                    0.0,
                    0.8194591403007507,
                    0.5731374621391296,
                    2.3103911876678467
                ],
                [
                    0.0,
                    0.0,
                    0.0,
                    1.0
                ]
            ]
        },
        {
            "file_path": "/data/shapenet_blender/all_50_random/02958343/49888b45d4bf55a530855e8db75dec30/r_26",
            "rotation": 0.12566370614359174,
            "transform_matrix": [
                [
                    0.8294382095336914,
                    0.21603311598300934,
                    0.5151329636573792,
                    2.0765676498413086
                ],
                [
                    0.5585985779762268,
                    -0.3207779824733734,
                    -0.7648980617523193,
                    -3.0834028720855713
                ],
                [
                    0.0,
                    0.9221882224082947,
                    -0.3867412507534027,
                    -1.5590039491653442
                ],
                [
                    0.0,
                    0.0,
                    0.0,
                    1.0
                ]
            ]
        },
        {
            "file_path": "/data/shapenet_blender/all_50_random/02958343/49888b45d4bf55a530855e8db75dec30/r_27",
            "rotation": 0.12566370614359174,
            "transform_matrix": [
                [
                    0.5839869976043701,
                    0.021320121362805367,
                    -0.8114829063415527,
                    -3.2711925506591797
                ],
                [
                    -0.8117630481719971,
                    0.015337818302214146,
                    -0.5837854743003845,
                    -2.3533148765563965
                ],
                [
                    9.313227966600834e-10,
                    0.9996548295021057,
                    0.026263974606990814,
                    0.1058734729886055
                ],
                [
                    0.0,
                    0.0,
                    0.0,
                    1.0
                ]
            ]
        },
        {
            "file_path": "/data/shapenet_blender/all_50_random/02958343/49888b45d4bf55a530855e8db75dec30/r_28",
            "rotation": 0.12566370614359174,
            "transform_matrix": [
                [
                    0.1419578343629837,
                    -0.31882449984550476,
                    0.937122642993927,
                    3.7776622772216797
                ],
                [
                    0.9898726940155029,
                    0.045722685754299164,
                    -0.13439294695854187,
                    -0.5417553186416626
                ],
                [
                    0.0,
                    0.9467102885246277,
                    0.3220863342285156,
                    1.2983715534210205
                ],
                [
                    0.0,
                    0.0,
                    0.0,
                    1.0
                ]
            ]
        },
        {
            "file_path": "/data/shapenet_blender/all_50_random/02958343/49888b45d4bf55a530855e8db75dec30/r_29",
            "rotation": 0.12566370614359174,
            "transform_matrix": [
                [
                    0.5393652319908142,
                    0.4858783781528473,
                    0.687755286693573,
                    2.772430181503296
                ],
                [
                    0.8420718312263489,
                    -0.3112156391143799,
                    -0.44052213430404663,
                    -1.7758015394210815
                ],
                [
                    2.9802320611338473e-08,
                    0.8167417645454407,
                    -0.5770033597946167,
                    -2.325974941253662
                ],
                [
                    0.0,
                    0.0,
                    0.0,
                    1.0
                ]
            ]
        },
        {
            "file_path": "/data/shapenet_blender/all_50_random/02958343/49888b45d4bf55a530855e8db75dec30/r_30",
            "rotation": 0.12566370614359174,
            "transform_matrix": [
                [
                    -0.6197279691696167,
                    -0.1040421798825264,
                    -0.777889609336853,
                    -3.1357736587524414
                ],
                [
                    -0.7848166823387146,
                    0.08215659111738205,
                    0.6142581105232239,
                    2.47615385055542
                ],
                [
                    7.450580596923828e-09,
                    0.9911738038063049,
                    -0.13256874680519104,
                    -0.5344017744064331
                ],
                [
                    0.0,
                    0.0,
                    0.0,
                    1.0
                ]
            ]
        },
        {
            "file_path": "/data/shapenet_blender/all_50_random/02958343/49888b45d4bf55a530855e8db75dec30/r_31",
            "rotation": 0.12566370614359174,
            "transform_matrix": [
                [
                    0.6784462928771973,
                    0.4542601704597473,
                    0.5773718357086182,
                    2.327460289001465
                ],
                [
                    0.7346498966217041,
                    -0.4195074737071991,
                    -0.5332006216049194,
                    -2.149400472640991
                ],
                [
                    0.0,
                    0.7859141826629639,
                    -0.6183355450630188,
                    -2.4925904273986816
                ],
                [
                    0.0,
                    0.0,
                    0.0,
                    1.0
                ]
            ]
        },
        {
            "file_path": "/data/shapenet_blender/all_50_random/02958343/49888b45d4bf55a530855e8db75dec30/r_32",
            "rotation": 0.12566370614359174,
            "transform_matrix": [
                [
                    -0.31725773215293884,
                    -0.47517481446266174,
                    0.8207048177719116,
                    3.3083670139312744
                ],
                [
                    0.9483392834663391,
                    -0.15896514058113098,
                    0.2745588719844818,
                    1.1067821979522705
                ],
                [
                    -1.4901160305669237e-08,
                    0.8654125928878784,
                    0.501059889793396,
                    2.019836902618408
                ],
                [
                    0.0,
                    0.0,
                    0.0,
                    1.0
                ]
            ]
        },
        {
            "file_path": "/data/shapenet_blender/all_50_random/02958343/49888b45d4bf55a530855e8db75dec30/r_33",
            "rotation": 0.12566370614359174,
            "transform_matrix": [
                [
                    -0.7950839996337891,
                    -0.2638949453830719,
                    0.5460778474807739,
                    2.201310157775879
                ],
                [
                    0.606499433517456,
                    -0.34595027565956116,
                    0.7158749103546143,
                    2.885784149169922
                ],
                [
                    1.4901161193847656e-08,
                    0.900376558303833,
                    0.4351116120815277,
                    1.7539910078048706
                ],
                [
                    0.0,
                    0.0,
                    0.0,
                    1.0
                ]
            ]
        },
        {
            "file_path": "/data/shapenet_blender/all_50_random/02958343/49888b45d4bf55a530855e8db75dec30/r_34",
            "rotation": 0.12566370614359174,
            "transform_matrix": [
                [
                    -0.40943050384521484,
                    -0.49693605303764343,
                    -0.7651281952857971,
                    -3.0843305587768555
                ],
                [
                    -0.9123413562774658,
                    0.22300946712493896,
                    0.34336578845977783,
                    1.3841519355773926
                ],
                [
                    0.0,
                    0.8386425375938416,
                    -0.5446820855140686,
                    -2.1956839561462402
                ],
                [
                    0.0,
                    0.0,
                    0.0,
                    1.0
                ]
            ]
        },
        {
            "file_path": "/data/shapenet_blender/all_50_random/02958343/49888b45d4bf55a530855e8db75dec30/r_35",
            "rotation": 0.12566370614359174,
            "transform_matrix": [
                [
                    0.7949745655059814,
                    0.003066577482968569,
                    0.6066349148750305,
                    2.4454238414764404
                ],
                [
                    0.6066427230834961,
                    -0.004018594045192003,
                    -0.7949643731117249,
                    -3.204604148864746
                ],
                [
                    -2.3283061589829401e-10,
                    0.9999872446060181,
                    -0.005054996814578772,
                    -0.020377345383167267
                ],
                [
                    0.0,
                    0.0,
                    0.0,
                    1.0
                ]
            ]
        },
        {
            "file_path": "/data/shapenet_blender/all_50_random/02958343/49888b45d4bf55a530855e8db75dec30/r_36",
            "rotation": 0.12566370614359174,
            "transform_matrix": [
                [
                    -0.9369550943374634,
                    -0.12839102745056152,
                    0.32500913739204407,
                    1.3101537227630615
                ],
                [
                    0.34944987297058105,
                    -0.3442457318305969,
                    0.8714239001274109,
                    3.512822151184082
                ],
                [
                    -7.450580596923828e-09,
                    0.9300594329833984,
                    0.36740902066230774,
                    1.4810731410980225
                ],
                [
                    0.0,
                    0.0,
                    0.0,
                    1.0
                ]
            ]
        },
        {
            "file_path": "/data/shapenet_blender/all_50_random/02958343/49888b45d4bf55a530855e8db75dec30/r_37",
            "rotation": 0.12566370614359174,
            "transform_matrix": [
                [
                    -0.2229728102684021,
                    0.1455318033695221,
                    0.963900089263916,
                    3.885605812072754
                ],
                [
                    0.9748247861862183,
                    0.0332876592874527,
                    0.2204739898443222,
                    0.8887591361999512
                ],
                [
                    -3.725291186640334e-09,
                    0.9887933135032654,
                    -0.14929023385047913,
                    -0.6018082499504089
                ],
                [
                    0.0,
                    0.0,
                    0.0,
                    1.0
                ]
            ]
        },
        {
            "file_path": "/data/shapenet_blender/all_50_random/02958343/49888b45d4bf55a530855e8db75dec30/r_38",
            "rotation": 0.12566370614359174,
            "transform_matrix": [
                [
                    -0.24761825799942017,
                    -0.26913684606552124,
                    -0.9307258725166321,
                    -3.751875638961792
                ],
                [
                    -0.9688577055931091,
                    0.06878533214330673,
                    0.23787261545658112,
                    0.9588950872421265
                ],
                [
                    7.450580596923828e-09,
                    0.960642397403717,
                    -0.27778783440589905,
                    -1.1197984218597412
                ],
                [
                    0.0,
                    0.0,
                    0.0,
                    1.0
                ]
            ]
        },
        {
            "file_path": "/data/shapenet_blender/all_50_random/02958343/49888b45d4bf55a530855e8db75dec30/r_39",
            "rotation": 0.12566370614359174,
            "transform_matrix": [
                [
                    -0.9964626431465149,
                    -0.0003527842345647514,
                    -0.08403639495372772,
                    -0.338761568069458
                ],
                [
                    -0.08403714746236801,
                    0.0041831061244010925,
                    0.9964537620544434,
                    4.016833782196045
                ],
                [
                    0.0,
                    0.9999911189079285,
                    -0.004197956062853336,
                    -0.01692250370979309
                ],
                [
                    0.0,
                    0.0,
                    0.0,
                    1.0
                ]
            ]
        },
        {
            "file_path": "/data/shapenet_blender/all_50_random/02958343/49888b45d4bf55a530855e8db75dec30/r_40",
            "rotation": 0.12566370614359174,
            "transform_matrix": [
                [
                    0.5278428792953491,
                    -0.596817672252655,
                    0.6043099761009216,
                    2.436051607131958
                ],
                [
                    0.8493421077728271,
                    0.3709058463573456,
                    -0.3755621016025543,
                    -1.513939380645752
                ],
                [
                    0.0,
                    0.7115036845207214,
                    0.7026823163032532,
                    2.8326032161712646
                ],
                [
                    0.0,
                    0.0,
                    0.0,
                    1.0
                ]
            ]
        },
        {
            "file_path": "/data/shapenet_blender/all_50_random/02958343/49888b45d4bf55a530855e8db75dec30/r_41",
            "rotation": 0.12566370614359174,
            "transform_matrix": [
                [
                    -0.06946569681167603,
                    0.10877707600593567,
                    -0.9916359782218933,
                    -3.99741268157959
                ],
                [
                    -0.9975842833518982,
                    -0.007574574090540409,
                    0.06905149668455124,
