{
    "class": "02958343",
    "model": "c59c26c90a724e84ce27281f3b76d1f5",
    "remove_doubles": true,
    "edge_split": true,
    "denoise": true,
    "camera_angle_x": 0.6911112070083618,
    "scale_factor": 2.294859605287041,
    "hdri_file": "/data/IndoorHDRDataset2018/AG8A0596-50fc4de4f6.exr",
    "center_offset": [
        0.0,
        -2.0954757928848267e-09,
        -3.725290298461914e-09
    ],
    "lights": [],
    "frames": [
        {
            "file_path": "/data/shapenet_blender/all_50_random/02958343/c59c26c90a724e84ce27281f3b76d1f5/r_0",
            "rotation": 0.12566370614359174,
            "transform_matrix": [
                [
                    0.45620226860046387,
                    -0.01516620721668005,
                    0.8897467851638794,
                    3.586684226989746
                ],
                [
                    0.8898761868476868,
                    0.007775079924613237,
                    -0.45613595843315125,
                    -1.838742971420288
                ],
                [
                    0.0,
                    0.9998548030853271,
                    0.01704305037856102,
                    0.06870274245738983
                ],
                [
                    0.0,
                    0.0,
                    0.0,
                    1.0
                ]
            ]
        },
        {
            "file_path": "/data/shapenet_blender/all_50_random/02958343/c59c26c90a724e84ce27281f3b76d1f5/r_1",
            "rotation": 0.12566370614359174,
            "transform_matrix": [
                [
                    0.9991327524185181,
                    -0.006825285032391548,
                    0.04107672721147537,
                    0.16558556258678436
                ],
                [
                    0.04163990914821625,
                    0.1637699455022812,
                    -0.9856194257736206,
                    -3.973158597946167
                ],
                [
                    0.0,
                    0.986474871635437,
                    0.16391213238239288,
                    0.6607508659362793
                ],
                [
                    0.0,
                    0.0,
                    0.0,
                    1.0
                ]
            ]
        },
        {
            "file_path": "/data/shapenet_blender/all_50_random/02958343/c59c26c90a724e84ce27281f3b76d1f5/r_2",
            "rotation": 0.12566370614359174,
            "transform_matrix": [
                [
                    0.9989628791809082,
                    0.007578738499432802,
                    -0.044896166771650314,
                    -0.18098223209381104
                ],
                [
                    -0.045531339943408966,
                    0.1662783920764923,
                    -0.9850270748138428,
                    -3.970771074295044
                ],
                [
                    0.0,
                    0.9860497117042542,
                    0.16645100712776184,
                    0.6709854602813721
                ],
                [
                    0.0,
                    0.0,
                    0.0,
                    1.0
                ]
            ]
        },
        {
            "file_path": "/data/shapenet_blender/all_50_random/02958343/c59c26c90a724e84ce27281f3b76d1f5/r_3",
            "rotation": 0.12566370614359174,
            "transform_matrix": [
                [
                    0.6670074462890625,
                    0.05509879067540169,
                    0.7430108785629272,
                    2.9951727390289307
                ],
                [
                    0.7450510859489441,
                    -0.049327220767736435,
                    -0.6651809215545654,
                    -2.6814301013946533
                ],
                [
                    0.0,
                    0.997261643409729,
                    -0.0739530399441719,
                    -0.29811424016952515
                ],
                [
                    0.0,
                    0.0,
                    0.0,
                    1.0
                ]
            ]
        },
        {
            "file_path": "/data/shapenet_blender/all_50_random/02958343/c59c26c90a724e84ce27281f3b76d1f5/r_4",
            "rotation": 0.12566370614359174,
            "transform_matrix": [
                [
                    -0.2825855016708374,
                    -0.9046885371208191,
                    -0.3188791573047638,
                    -1.2854429483413696
                ],
                [
                    -0.9592421054840088,
                    0.26651445031166077,
                    0.093939408659935,
                    0.37868186831474304
                ],
                [
                    0.0,
                    0.33242830634117126,
                    -0.9431285262107849,
                    -3.801872730255127
                ],
                [
                    0.0,
                    0.0,
                    0.0,
                    1.0
                ]
            ]
        },
        {
            "file_path": "/data/shapenet_blender/all_50_random/02958343/c59c26c90a724e84ce27281f3b76d1f5/r_5",
            "rotation": 0.12566370614359174,
            "transform_matrix": [
                [
                    -0.9164950251579285,
                    -0.012653660960495472,
                    0.39984583854675293,
                    1.611830234527588
                ],
                [
                    0.40004605054855347,
                    -0.02898920513689518,
                    0.9160363674163818,
                    3.6926610469818115
                ],
                [
                    -9.313225746154785e-10,
                    0.9994996190071106,
                    0.0316305048763752,
                    0.12750665843486786
                ],
                [
                    0.0,
                    0.0,
                    0.0,
                    1.0
                ]
            ]
        },
        {
            "file_path": "/data/shapenet_blender/all_50_random/02958343/c59c26c90a724e84ce27281f3b76d1f5/r_6",
            "rotation": 0.12566370614359174,
            "transform_matrix": [
                [
                    -0.6608126163482666,
                    0.663066565990448,
                    -0.35166648030281067,
                    -1.4176130294799805
                ],
                [
                    -0.7505508065223694,
                    -0.583788275718689,
                    0.3096201419830322,
                    1.2481188774108887
                ],
                [
                    0.0,
                    0.46854451298713684,
                    0.8834397792816162,
                    3.5612599849700928
                ],
                [
                    0.0,
                    0.0,
                    0.0,
                    1.0
                ]
            ]
        },
        {
            "file_path": "/data/shapenet_blender/all_50_random/02958343/c59c26c90a724e84ce27281f3b76d1f5/r_7",
            "rotation": 0.12566370614359174,
            "transform_matrix": [
                [
                    -0.8586257100105286,
                    0.12258946895599365,
                    0.4977286159992218,
                    2.0064079761505127
                ],
                [
                    0.5126031041145325,
                    0.20534107089042664,
                    0.8337104916572571,
                    3.3607940673828125
                ],
                [
                    0.0,
                    0.9709823131561279,
                    -0.23915089666843414,
                    -0.9640479683876038
                ],
                [
                    0.0,
                    0.0,
                    0.0,
                    1.0
                ]
            ]
        },
        {
            "file_path": "/data/shapenet_blender/all_50_random/02958343/c59c26c90a724e84ce27281f3b76d1f5/r_8",
            "rotation": 0.12566370614359174,
            "transform_matrix": [
                [
                    -0.030131233856081963,
                    -0.23518812656402588,
                    -0.9714827537536621,
                    -3.9161717891693115
                ],
                [
                    -0.9995459914207458,
                    0.007089727092534304,
                    0.02928527072072029,
                    0.11805269122123718
                ],
                [
                    -4.656612873077393e-10,
                    0.9719238877296448,
                    -0.23529499769210815,
                    -0.9485043883323669
                ],
                [
                    0.0,
                    0.0,
                    0.0,
                    1.0
                ]
            ]
        },
        {
            "file_path": "/data/shapenet_blender/all_50_random/02958343/c59c26c90a724e84ce27281f3b76d1f5/r_9",
            "rotation": 0.12566370614359174,
            "transform_matrix": [
                [
                    0.9833648204803467,
                    -0.15308579802513123,
                    -0.09776677936315536,
                    -0.39411044120788574
                ],
                [
                    -0.18164142966270447,
                    -0.8287712335586548,
                    -0.529286801815033,
                    -2.1336231231689453
                ],
                [
                    0.0,
                    0.5382405519485474,
                    -0.8427913188934326,
                    -3.397400140762329
                ],
                [
                    0.0,
                    0.0,
                    0.0,
                    1.0
                ]
            ]
        },
        {
            "file_path": "/data/shapenet_blender/all_50_random/02958343/c59c26c90a724e84ce27281f3b76d1f5/r_10",
            "rotation": 0.12566370614359174,
            "transform_matrix": [
                [
                    -0.9981192350387573,
                    0.028979193419218063,
                    0.054020319133996964,
                    0.21776288747787476
                ],
                [
                    0.061302438378334045,
                    0.4718359112739563,
                    0.8795526027679443,
                    3.5455901622772217
                ],
                [
                    -1.862645149230957e-09,
                    0.8812099695205688,
                    -0.47272494435310364,
                    -1.9056153297424316
                ],
                [
                    0.0,
                    0.0,
                    0.0,
                    1.0
                ]
            ]
        },
        {
            "file_path": "/data/shapenet_blender/all_50_random/02958343/c59c26c90a724e84ce27281f3b76d1f5/r_11",
            "rotation": 0.12566370614359174,
            "transform_matrix": [
                [
                    0.1335570365190506,
                    0.6864725947380066,
                    -0.7147851586341858,
                    -2.8813910484313965
                ],
                [
                    -0.9910411834716797,
                    0.09251204878091812,
                    -0.09632757306098938,
                    -0.3883088529109955
                ],
                [
                    0.0,
                    0.7212466597557068,
                    0.6926782131195068,
                    2.7922751903533936
                ],
                [
                    0.0,
                    0.0,
                    0.0,
                    1.0
                ]
            ]
        },
        {
            "file_path": "/data/shapenet_blender/all_50_random/02958343/c59c26c90a724e84ce27281f3b76d1f5/r_12",
            "rotation": 0.12566370614359174,
            "transform_matrix": [
                [
                    0.4674549400806427,
                    0.10667900741100311,
                    0.8775565028190613,
                    3.537543296813965
                ],
                [
                    0.8840168714523315,
                    -0.05641027167439461,
                    -0.46403881907463074,
                    -1.8706002235412598
                ],
                [
                    0.0,
                    0.9926919937133789,
                    -0.12067531049251556,
                    -0.4864577054977417
                ],
                [
                    0.0,
                    0.0,
                    0.0,
                    1.0
                ]
            ]
        },
        {
            "file_path": "/data/shapenet_blender/all_50_random/02958343/c59c26c90a724e84ce27281f3b76d1f5/r_13",
            "rotation": 0.12566370614359174,
            "transform_matrix": [
                [
                    -0.7549116015434265,
                    0.2798422873020172,
                    -0.5931246280670166,
                    -2.3909621238708496
                ],
                [
                    -0.6558266878128052,
                    -0.3221219480037689,
                    0.6827362179756165,
                    2.7521979808807373
                ],
                [
                    0.0,
                    0.9043923616409302,
                    0.4267015755176544,
                    1.7200891971588135
                ],
                [
                    0.0,
                    0.0,
                    0.0,
                    1.0
                ]
            ]
        },
        {
            "file_path": "/data/shapenet_blender/all_50_random/02958343/c59c26c90a724e84ce27281f3b76d1f5/r_14",
            "rotation": 0.12566370614359174,
            "transform_matrix": [
                [
                    0.9971950650215149,
                    0.03379177302122116,
                    0.06678418815135956,
                    0.2692157030105591
                ],
                [
                    0.07484659552574158,
                    -0.45021408796310425,
                    -0.8897781372070312,
                    -3.58681058883667
                ],
                [
                    0.0,
                    0.8922808766365051,
                    -0.45148053765296936,
                    -1.8199763298034668
                ],
                [
                    0.0,
                    0.0,
                    0.0,
                    1.0
                ]
            ]
        },
        {
            "file_path": "/data/shapenet_blender/all_50_random/02958343/c59c26c90a724e84ce27281f3b76d1f5/r_15",
            "rotation": 0.12566370614359174,
            "transform_matrix": [
                [
                    0.844807505607605,
                    -0.5095142722129822,
                    0.16338768601417542,
                    0.6586368083953857
                ],
                [
                    0.5350703597068787,
                    0.8044576644897461,
                    -0.2579681873321533,
                    -1.0399030447006226
                ],
                [
                    0.0,
                    0.3053571581840515,
                    0.9522378444671631,
                    3.8385934829711914
                ],
                [
                    0.0,
                    0.0,
                    0.0,
                    1.0
                ]
            ]
        },
        {
            "file_path": "/data/shapenet_blender/all_50_random/02958343/c59c26c90a724e84ce27281f3b76d1f5/r_16",
            "rotation": 0.12566370614359174,
            "transform_matrix": [
                [
                    0.6009865403175354,
                    0.756880521774292,
                    0.25680142641067505,
                    1.0351996421813965
                ],
                [
                    0.7992591857910156,
                    -0.5691207647323608,
                    -0.19309654831886292,
                    -0.7783970832824707
                ],
                [
                    0.0,
                    0.32129940390586853,
                    -0.9469777345657349,
                    -3.8173892498016357
                ],
                [
                    0.0,
                    0.0,
                    0.0,
                    1.0
                ]
            ]
        },
        {
            "file_path": "/data/shapenet_blender/all_50_random/02958343/c59c26c90a724e84ce27281f3b76d1f5/r_17",
            "rotation": 0.12566370614359174,
            "transform_matrix": [
                [
                    -0.7927232980728149,
                    0.5273340344429016,
                    0.30579155683517456,
                    1.2326853275299072
                ],
                [
                    0.6095816493034363,
                    0.6857653260231018,
                    0.39766302704811096,
                    1.603031039237976
                ],
                [
                    0.0,
                    0.5016416311264038,
                    -0.865075409412384,
                    -3.4872307777404785
                ],
                [
                    0.0,
                    0.0,
                    0.0,
                    1.0
                ]
            ]
        },
        {
            "file_path": "/data/shapenet_blender/all_50_random/02958343/c59c26c90a724e84ce27281f3b76d1f5/r_18",
            "rotation": 0.12566370614359174,
            "transform_matrix": [
                [
                    -0.04968584328889847,
                    -0.138986736536026,
                    0.9890469908714294,
                    3.986975908279419
                ],
                [
                    0.9987648725509644,
                    -0.006914214231073856,
                    0.04920240864157677,
                    0.1983412504196167
                ],
                [
                    4.656612873077393e-10,
                    0.9902700185775757,
                    0.13915863633155823,
                    0.560966432094574
                ],
                [
                    0.0,
                    0.0,
                    0.0,
                    1.0
                ]
            ]
        },
        {
            "file_path": "/data/shapenet_blender/all_50_random/02958343/c59c26c90a724e84ce27281f3b76d1f5/r_19",
            "rotation": 0.12566370614359174,
            "transform_matrix": [
                [
                    0.9900534749031067,
                    -0.033075544983148575,
                    -0.13674895465373993,
                    -0.5512527227401733
                ],
                [
                    -0.14069212973117828,
                    -0.23275330662727356,
                    -0.9623053073883057,
                    -3.8791770935058594
                ],
                [
                    3.725290742551124e-09,
                    0.9719731211662292,
                    -0.2350917011499405,
                    -0.9476850032806396
                ],
                [
                    0.0,
                    0.0,
                    0.0,
                    1.0
                ]
            ]
        },
        {
            "file_path": "/data/shapenet_blender/all_50_random/02958343/c59c26c90a724e84ce27281f3b76d1f5/r_20",
            "rotation": 0.12566370614359174,
            "transform_matrix": [
                [
                    0.2594427764415741,
                    0.9374237656593323,
                    0.23221996426582336,
                    0.9361085891723633
                ],
                [
                    0.9657585620880127,
                    -0.2518308758735657,
                    -0.06238391250371933,
                    -0.25147759914398193
                ],
                [
                    -3.725290742551124e-09,
                    0.24045348167419434,
                    -0.9706606268882751,
                    -3.912858247756958
                ],
                [
                    0.0,
                    0.0,
                    0.0,
                    1.0
                ]
            ]
        },
        {
            "file_path": "/data/shapenet_blender/all_50_random/02958343/c59c26c90a724e84ce27281f3b76d1f5/r_21",
            "rotation": 0.12566370614359174,
            "transform_matrix": [
                [
                    -0.5913354754447937,
                    0.10096948593854904,
                    -0.8000797033309937,
                    -3.225224494934082
                ],
                [
                    -0.8064258098602295,
                    -0.07403885573148727,
                    0.5866820216178894,
                    2.3649909496307373
                ],
                [
                    -3.725290742551124e-09,
                    0.9921307563781738,
                    0.12520617246627808,
                    0.5047222375869751
                ],
                [
                    0.0,
                    0.0,
                    0.0,
                    1.0
                ]
            ]
        },
        {
            "file_path": "/data/shapenet_blender/all_50_random/02958343/c59c26c90a724e84ce27281f3b76d1f5/r_22",
            "rotation": 0.12566370614359174,
            "transform_matrix": [
                [
                    -0.2467862218618393,
                    -0.09250642359256744,
                    0.9646444916725159,
                    3.888606548309326
                ],
                [
                    0.9690700173377991,
                    -0.023557957261800766,
                    0.24565920233726501,
                    0.9902839660644531
                ],
                [
                    0.0,
                    0.9954333305358887,
                    0.0954589694738388,
                    0.38480743765830994
                ],
                [
                    0.0,
                    0.0,
                    0.0,
                    1.0
                ]
            ]
        },
        {
            "file_path": "/data/shapenet_blender/all_50_random/02958343/c59c26c90a724e84ce27281f3b76d1f5/r_23",
            "rotation": 0.12566370614359174,
            "transform_matrix": [
                [
                    -0.36648279428482056,
                    0.8773421049118042,
                    -0.3097760081291199,
                    -1.2487471103668213
                ],
                [
                    -0.9304248094558716,
                    -0.34557417035102844,
                    0.12201692909002304,
                    0.49186599254608154
                ],
                [
                    0.0,
                    0.33294039964675903,
                    0.9429478049278259,
                    3.8011443614959717
                ],
                [
                    0.0,
                    0.0,
                    0.0,
                    1.0
                ]
            ]
        },
        {
            "file_path": "/data/shapenet_blender/all_50_random/02958343/c59c26c90a724e84ce27281f3b76d1f5/r_24",
            "rotation": 0.12566370614359174,
            "transform_matrix": [
                [
                    -0.3045659363269806,
                    -0.24829180538654327,
                    0.9195600748062134,
                    3.7068653106689453
                ],
                [
                    0.952491283416748,
                    -0.07939309626817703,
                    0.294035941362381,
                    1.1852967739105225
                ],
                [
                    7.450580596923828e-09,
                    0.9654263257980347,
                    0.26067617535591125,
                    1.0508192777633667
                ],
                [
                    0.0,
                    0.0,
                    0.0,
                    1.0
                ]
            ]
        },
        {
            "file_path": "/data/shapenet_blender/all_50_random/02958343/c59c26c90a724e84ce27281f3b76d1f5/r_25",
            "rotation": 0.12566370614359174,
            "transform_matrix": [
                [
                    -0.99952632188797,
                    -0.003594466019421816,
                    0.030563754960894585,
                    0.12320643663406372
                ],
                [
                    0.030774392187595367,
                    -0.116745226085186,
                    0.9926850199699402,
                    4.001641273498535
                ],
                [
                    0.0,
                    0.9931554198265076,
                    0.11680054664611816,
                    0.4708380699157715
                ],
                [
                    0.0,
                    0.0,
                    0.0,
                    1.0
                ]
            ]
        },
        {
            "file_path": "/data/shapenet_blender/all_50_random/02958343/c59c26c90a724e84ce27281f3b76d1f5/r_26",
            "rotation": 0.12566370614359174,
            "transform_matrix": [
                [
                    -0.9314676523208618,
                    -0.29884815216064453,
                    0.20750385522842407,
                    0.8364747762680054
                ],
                [
                    0.3638242185115814,
                    -0.765114963054657,
                    0.5312541127204895,
                    2.1415538787841797
                ],
                [
                    0.0,
                    0.5703409314155579,
                    0.8214079737663269,
                    3.311201572418213
                ],
                [
                    0.0,
                    0.0,
                    0.0,
                    1.0
                ]
            ]
        },
        {
            "file_path": "/data/shapenet_blender/all_50_random/02958343/c59c26c90a724e84ce27281f3b76d1f5/r_27",
            "rotation": 0.12566370614359174,
            "transform_matrix": [
                [
                    -0.4241013526916504,
                    0.6025134325027466,
                    -0.6761031746864319,
                    -2.725459337234497
                ],
                [
                    -0.9056147336959839,
                    -0.28215834498405457,
                    0.3166205883026123,
                    1.2763385772705078
                ],
                [
                    1.4901161193847656e-08,
                    0.7465683817863464,
                    0.6653086543083191,
                    2.681945323944092
                ],
                [
                    0.0,
                    0.0,
                    0.0,
                    1.0
                ]
            ]
        },
        {
            "file_path": "/data/shapenet_blender/all_50_random/02958343/c59c26c90a724e84ce27281f3b76d1f5/r_28",
            "rotation": 0.12566370614359174,
            "transform_matrix": [
                [
                    -0.9793903827667236,
                    0.01710805669426918,
                    -0.20125098526477814,
                    -0.81126868724823
                ],
                [
                    -0.20197686553001404,
                    -0.08295735716819763,
                    0.9758706092834473,
                    3.9338603019714355
                ],
                [
                    0.0,
                    0.9964061975479126,
                    0.08470306545495987,
                    0.34144899249076843
                ],
                [
                    0.0,
                    0.0,
                    0.0,
                    1.0
                ]
            ]
        },
        {
            "file_path": "/data/shapenet_blender/all_50_random/02958343/c59c26c90a724e84ce27281f3b76d1f5/r_29",
            "rotation": 0.12566370614359174,
            "transform_matrix": [
                [
                    0.9841350317001343,
                    -0.08583313971757889,
                    -0.15527741611003876,
                    -0.6259433031082153
                ],
                [
                    -0.17742155492305756,
                    -0.47610563039779663,
                    -0.8613042235374451,
                    -3.4720284938812256
                ],
                [
                    -7.450581485102248e-09,
                    0.8751891851425171,
                    -0.48378080129623413,
                    -1.9501827955245972
                ],
                [
                    0.0,
                    0.0,
                    0.0,
                    1.0
                ]
            ]
        },
        {
            "file_path": "/data/shapenet_blender/all_50_random/02958343/c59c26c90a724e84ce27281f3b76d1f5/r_30",
            "rotation": 0.12566370614359174,
            "transform_matrix": [
                [
                    0.9916077852249146,
                    0.02349480800330639,
                    -0.12713052332401276,
                    -0.5124795436859131
                ],
                [
                    -0.12928332388401031,
                    0.1802060306072235,
                    -0.9750956892967224,
                    -3.930736541748047
                ],
                [
                    1.862645371275562e-09,
                    0.9833481907844543,
                    0.181731179356575,
                    0.7325817942619324
                ],
                [
                    0.0,
                    0.0,
                    0.0,
                    1.0
                ]
            ]
        },
        {
            "file_path": "/data/shapenet_blender/all_50_random/02958343/c59c26c90a724e84ce27281f3b76d1f5/r_31",
            "rotation": 0.12566370614359174,
            "transform_matrix": [
                [
                    -0.2963428497314453,
                    -0.24146270751953125,
                    -0.9240544438362122,
                    -3.724982500076294
                ],
                [
                    -0.9550815224647522,
                    0.07492109388113022,
                    0.2867157757282257,
                    1.1557881832122803
                ],
                [
                    0.0,
                    0.9675136208534241,
                    -0.25281891226768494,
                    -1.0191456079483032
                ],
                [
                    0.0,
                    0.0,
                    0.0,
                    1.0
                ]
            ]
        },
        {
            "file_path": "/data/shapenet_blender/all_50_random/02958343/c59c26c90a724e84ce27281f3b76d1f5/r_32",
            "rotation": 0.12566370614359174,
            "transform_matrix": [
                [
                    -0.4743589162826538,
                    -0.606816828250885,
                    -0.6377750039100647,
                    -2.570953369140625
                ],
                [
                    -0.8803315162658691,
                    0.3269779086112976,
                    0.3436594307422638,
                    1.3853354454040527
                ],
                [
                    1.4901161193847656e-08,
                    0.724471390247345,
                    -0.6893048882484436,
                    -2.778676986694336
                ],
                [
                    0.0,
                    0.0,
                    0.0,
                    1.0
                ]
            ]
        },
        {
            "file_path": "/data/shapenet_blender/all_50_random/02958343/c59c26c90a724e84ce27281f3b76d1f5/r_33",
            "rotation": 0.12566370614359174,
            "transform_matrix": [
                [
                    -0.9725804328918457,
                    0.08155323565006256,
                    -0.21779930591583252,
                    -0.8779770731925964
                ],
                [
                    -0.23256716132164001,
                    -0.3410502076148987,
                    0.9108222723007202,
                    3.6716420650482178
                ],
                [
                    0.0,
                    0.9365008473396301,
                    0.3506653308868408,
                    1.4135771989822388
                ],
                [
                    0.0,
                    0.0,
                    0.0,
                    1.0
                ]
            ]
        },
        {
            "file_path": "/data/shapenet_blender/all_50_random/02958343/c59c26c90a724e84ce27281f3b76d1f5/r_34",
            "rotation": 0.12566370614359174,
            "transform_matrix": [
                [
                    -0.5619922876358032,
                    0.09784600138664246,
                    0.821334719657898,
                    3.310906171798706
                ],
                [
                    0.8271424770355225,
                    0.06648033112287521,
                    0.5580463409423828,
                    2.24955677986145
                ],
                [
                    -3.725290298461914e-09,
                    0.9929785132408142,
                    -0.11829403042793274,
                    -0.4768584966659546
                ],
                [
                    0.0,
                    0.0,
                    0.0,
                    1.0
                ]
            ]
        },
        {
            "file_path": "/data/shapenet_blender/all_50_random/02958343/c59c26c90a724e84ce27281f3b76d1f5/r_35",
            "rotation": 0.12566370614359174,
            "transform_matrix": [
                [
                    0.9332334995269775,
                    0.15478572249412537,
                    -0.3242170214653015,
                    -1.3069605827331543
                ],
                [
                    -0.35927054286003113,
                    0.4020681381225586,
                    -0.8421792387962341,
                    -3.394932985305786
                ],
                [
                    0.0,
                    0.9024314880371094,
                    0.4308333992958069,
                    1.736744999885559
                ],
                [
                    0.0,
                    0.0,
                    0.0,
                    1.0
                ]
            ]
        },
        {
            "file_path": "/data/shapenet_blender/all_50_random/02958343/c59c26c90a724e84ce27281f3b76d1f5/r_36",
            "rotation": 0.12566370614359174,
            "transform_matrix": [
                [
                    0.4092545211315155,
                    0.13508892059326172,
                    -0.9023644924163818,
                    -3.637547492980957
                ],
                [
                    -0.9124202132225037,
                    0.06059242784976959,
                    -0.4047441780567169,
                    -1.6315759420394897
                ],
                [
                    -3.725290076417309e-09,
                    0.988978922367096,
                    0.14805561304092407,
                    0.5968312621116638
                ],
                [
                    0.0,
                    0.0,
                    0.0,
                    1.0
                ]
            ]
        },
        {
            "file_path": "/data/shapenet_blender/all_50_random/02958343/c59c26c90a724e84ce27281f3b76d1f5/r_37",
            "rotation": 0.12566370614359174,
            "transform_matrix": [
                [
                    -0.6698665618896484,
                    -0.019164808094501495,
                    -0.7422342300415039,
                    -2.992041826248169
                ],
                [
                    -0.7424815893173218,
                    0.017290480434894562,
                    0.6696433424949646,
                    2.699418544769287
                ],
                [
                    0.0,
                    0.9996667504310608,
                    -0.025811834260821342,
                    -0.10405083000659943
                ],
                [
                    0.0,
                    0.0,
                    0.0,
                    1.0
                ]
            ]
        },
        {
            "file_path": "/data/shapenet_blender/all_50_random/02958343/c59c26c90a724e84ce27281f3b76d1f5/r_38",
            "rotation": 0.12566370614359174,
            "transform_matrix": [
                [
                    0.27426645159721375,
                    0.6061192154884338,
                    0.7465903759002686,
                    3.0096023082733154
                ],
                [
                    0.9616536498069763,
                    -0.17286700010299683,
                    -0.21292980015277863,
                    -0.8583475351333618
                ],
                [
                    0.0,
                    0.7763610482215881,
                    -0.6302884221076965,
                    -2.54077410697937
                ],
                [
                    0.0,
                    0.0,
                    0.0,
                    1.0
                ]
            ]
        },
        {
            "file_path": "/data/shapenet_blender/all_50_random/02958343/c59c26c90a724e84ce27281f3b76d1f5/r_39",
            "rotation": 0.12566370614359174,
            "transform_matrix": [
                [
                    0.10683412849903107,
                    -0.019155608490109444,
                    0.9940922856330872,
                    4.007314205169678
                ],
                [
                    0.9942769408226013,
                    0.0020582524593919516,
                    -0.10681428760290146,
                    -0.4305821657180786
                ],
                [
                    -2.3283067140944524e-10,
                    0.9998143315315247,
                    0.01926587149500847,
                    0.07766321301460266
                ],
                [
                    0.0,
                    0.0,
                    0.0,
                    1.0
                ]
            ]
        },
        {
            "file_path": "/data/shapenet_blender/all_50_random/02958343/c59c26c90a724e84ce27281f3b76d1f5/r_40",
            "rotation": 0.12566370614359174,
            "transform_matrix": [
                [
                    -0.2986578345298767,
                    -0.1460694968700409,
                    -0.9431156516075134,
                    -3.801820755004883
                ],
                [
                    -0.9543602466583252,
                    0.04571104049682617,
                    0.295138955116272,
                    1.189743161201477
                ],
                [
                    0.0,
                    0.9882177114486694,
                    -0.1530548632144928,
                    -0.6169838905334473
                ],
                [
                    0.0,
                    0.0,
                    0.0,
                    1.0
                ]
            ]
        },
        {
            "file_path": "/data/shapenet_blender/all_50_random/02958343/c59c26c90a724e84ce27281f3b76d1f5/r_41",
            "rotation": 0.12566370614359174,
            "transform_matrix": [
                [
                    -0.7570794224739075,
                    0.4851410388946533,
                    -0.4375714659690857,
                    -1.7639069557189941
                ],
                [
                    -0.653322696685791,
                    -0.5621882081031799,
                    0.5070638656616211,
                    2.044039726257324
                ],
                [
                    -1.4901158529312397e-08,
