{
    "class": "02958343",
    "model": "e09c2528f56f04d03e241901f2025878",
    "remove_doubles": true,
    "edge_split": true,
    "denoise": true,
    "camera_angle_x": 0.6911112070083618,
    "scale_factor": 2.2885337844593683,
    "hdri_file": "/data/IndoorHDRDataset2018/AG8A9730-a7c5e9ef33.exr",
    "center_offset": [
        0.0,
        -1.862645149230957e-09,
        -3.725290298461914e-09
    ],
    "lights": [],
    "frames": [
        {
            "file_path": "/data/shapenet_blender/all_50_random/02958343/e09c2528f56f04d03e241901f2025878/r_0",
            "rotation": 0.12566370614359174,
            "transform_matrix": [
                [
                    -0.9193589687347412,
                    0.24647635221481323,
                    -0.30664077401161194,
                    -1.2361085414886475
                ],
                [
                    -0.3934198319911957,
                    -0.5759756565093994,
                    0.716570258140564,
                    2.88858699798584
                ],
                [
                    0.0,
                    0.7794238328933716,
                    0.6264970302581787,
                    2.5254902839660645
                ],
                [
                    0.0,
                    0.0,
                    0.0,
                    1.0
                ]
            ]
        },
        {
            "file_path": "/data/shapenet_blender/all_50_random/02958343/e09c2528f56f04d03e241901f2025878/r_1",
            "rotation": 0.12566370614359174,
            "transform_matrix": [
                [
                    0.12648534774780273,
                    -0.45758697390556335,
                    0.8801224827766418,
                    3.5478873252868652
                ],
                [
                    0.99196857213974,
                    0.05834665149450302,
                    -0.11222391575574875,
                    -0.45238906145095825
                ],
                [
                    3.725290742551124e-09,
                    0.8872484564781189,
                    0.4612918198108673,
                    1.8595267534255981
                ],
                [
                    0.0,
                    0.0,
                    0.0,
                    1.0
                ]
            ]
        },
        {
            "file_path": "/data/shapenet_blender/all_50_random/02958343/e09c2528f56f04d03e241901f2025878/r_2",
            "rotation": 0.12566370614359174,
            "transform_matrix": [
                [
                    -0.5112084150314331,
                    -0.046794477850198746,
                    0.858181893825531,
                    3.459441900253296
                ],
                [
                    0.8594567775726318,
                    -0.027833545580506325,
                    0.5104501247406006,
                    2.057690382003784
                ],
                [
                    -1.862645371275562e-09,
                    0.9985166192054749,
                    0.05444657430052757,
                    0.21948115527629852
                ],
                [
                    0.0,
                    0.0,
                    0.0,
                    1.0
                ]
            ]
        },
        {
            "file_path": "/data/shapenet_blender/all_50_random/02958343/e09c2528f56f04d03e241901f2025878/r_3",
            "rotation": 0.12566370614359174,
            "transform_matrix": [
                [
                    -0.32226303219795227,
                    -0.01044289767742157,
                    0.9465925693511963,
                    3.8158366680145264
                ],
                [
                    0.9466502070426941,
                    -0.00355501938611269,
                    0.3222433924674988,
                    1.2990046739578247
                ],
                [
                    0.0,
                    0.9999391436576843,
                    0.011031422764062881,
                    0.044469088315963745
                ],
                [
                    0.0,
                    0.0,
                    0.0,
                    1.0
                ]
            ]
        },
        {
            "file_path": "/data/shapenet_blender/all_50_random/02958343/e09c2528f56f04d03e241901f2025878/r_4",
            "rotation": 0.12566370614359174,
            "transform_matrix": [
                [
                    0.912302553653717,
                    0.3948693871498108,
                    0.1085457056760788,
                    0.4375617504119873
                ],
                [
                    0.4095167815685272,
                    -0.8796718120574951,
                    -0.24181310832500458,
                    -0.9747798442840576
                ],
                [
                    7.450580152834618e-09,
                    0.2650580406188965,
                    -0.9642324447631836,
                    -3.8869452476501465
                ],
                [
                    0.0,
                    0.0,
                    0.0,
                    1.0
                ]
            ]
        },
        {
            "file_path": "/data/shapenet_blender/all_50_random/02958343/e09c2528f56f04d03e241901f2025878/r_5",
            "rotation": 0.12566370614359174,
            "transform_matrix": [
                [
                    -0.7090786099433899,
                    0.5904093384742737,
                    -0.3855181634426117,
                    -1.5540735721588135
                ],
                [
                    -0.7051294445991516,
                    -0.593716025352478,
                    0.3876773416996002,
                    1.5627775192260742
                ],
                [
                    1.4901161193847656e-08,
                    0.5467338562011719,
                    0.8373063206672668,
                    3.3752899169921875
                ],
                [
                    0.0,
                    0.0,
                    0.0,
                    1.0
                ]
            ]
        },
        {
            "file_path": "/data/shapenet_blender/all_50_random/02958343/e09c2528f56f04d03e241901f2025878/r_6",
            "rotation": 0.12566370614359174,
            "transform_matrix": [
                [
                    -0.49768492579460144,
                    -0.07935402542352676,
                    -0.863720178604126,
                    -3.4817676544189453
                ],
                [
                    -0.8673579692840576,
                    0.04553287848830223,
                    0.49559757113456726,
                    1.997817873954773
                ],
                [
                    3.725290298461914e-09,
                    0.9958061575889587,
                    -0.09148935228586197,
                    -0.3688054084777832
                ],
                [
                    0.0,
                    0.0,
                    0.0,
                    1.0
                ]
            ]
        },
        {
            "file_path": "/data/shapenet_blender/all_50_random/02958343/e09c2528f56f04d03e241901f2025878/r_7",
            "rotation": 0.12566370614359174,
            "transform_matrix": [
                [
                    -0.6597782373428345,
                    0.3095863163471222,
                    0.6847255229949951,
                    2.7602169513702393
                ],
                [
                    0.7514604330062866,
                    0.27181512117385864,
                    0.6011853218078613,
                    2.4234554767608643
                ],
                [
                    0.0,
                    0.9111930727958679,
                    -0.4119794964790344,
                    -1.6607425212860107
                ],
                [
                    0.0,
                    0.0,
                    0.0,
                    1.0
                ]
            ]
        },
        {
            "file_path": "/data/shapenet_blender/all_50_random/02958343/e09c2528f56f04d03e241901f2025878/r_8",
            "rotation": 0.12566370614359174,
            "transform_matrix": [
                [
                    0.7996918559074402,
                    0.07136338204145432,
                    0.5961543321609497,
                    2.403175115585327
                ],
                [
                    0.600410521030426,
                    -0.09504950791597366,
                    -0.7940230965614319,
                    -3.2008097171783447
                ],
                [
                    3.725290076417309e-09,
                    0.9929113388061523,
                    -0.11885764449834824,
                    -0.47913050651550293
                ],
                [
                    0.0,
                    0.0,
                    0.0,
                    1.0
                ]
            ]
        },
        {
            "file_path": "/data/shapenet_blender/all_50_random/02958343/e09c2528f56f04d03e241901f2025878/r_9",
            "rotation": 0.12566370614359174,
            "transform_matrix": [
                [
                    0.24305076897144318,
                    0.11989611387252808,
                    -0.9625753164291382,
                    -3.8802649974823
                ],
                [
                    -0.9700134992599487,
                    0.030041685327887535,
                    -0.24118702113628387,
                    -0.9722559452056885
                ],
                [
                    -1.8626448161640496e-09,
                    0.9923318028450012,
                    0.12360250949859619,
                    0.4982576370239258
                ],
                [
                    0.0,
                    0.0,
                    0.0,
                    1.0
                ]
            ]
        },
        {
            "file_path": "/data/shapenet_blender/all_50_random/02958343/e09c2528f56f04d03e241901f2025878/r_10",
            "rotation": 0.12566370614359174,
            "transform_matrix": [
                [
                    -0.21588005125522614,
                    0.7045705914497375,
                    0.6760000586509705,
                    2.725043535232544
                ],
                [
                    0.9764199256896973,
                    0.15577594935894012,
                    0.14945918321609497,
                    0.6024892926216125
                ],
                [
                    -7.450580596923828e-09,
                    0.6923251748085022,
                    -0.7215855717658997,
                    -2.9088046550750732
                ],
                [
                    0.0,
                    0.0,
                    0.0,
                    1.0
                ]
            ]
        },
        {
            "file_path": "/data/shapenet_blender/all_50_random/02958343/e09c2528f56f04d03e241901f2025878/r_11",
            "rotation": 0.12566370614359174,
            "transform_matrix": [
                [
                    0.27389219403266907,
                    0.8274991512298584,
                    -0.49013078212738037,
                    -1.9757803678512573
                ],
                [
                    -0.961760401725769,
                    0.2356569916009903,
                    -0.13958050310611725,
                    -0.5626670122146606
                ],
                [
                    0.0,
                    0.5096184015274048,
                    0.8604004979133606,
                    3.4683854579925537
                ],
                [
                    0.0,
                    0.0,
                    0.0,
                    1.0
                ]
            ]
        },
        {
            "file_path": "/data/shapenet_blender/all_50_random/02958343/e09c2528f56f04d03e241901f2025878/r_12",
            "rotation": 0.12566370614359174,
            "transform_matrix": [
                [
                    0.14935334026813507,
                    -0.31180891394615173,
                    0.9383330345153809,
                    3.782541036605835
                ],
                [
                    0.9887838959693909,
                    0.04709796607494354,
                    -0.14173287153244019,
                    -0.5713434219360352
                ],
                [
                    -3.725290076417309e-09,
                    0.9489767551422119,
                    0.3153459131717682,
                    1.2711999416351318
                ],
                [
                    0.0,
                    0.0,
                    0.0,
                    1.0
                ]
            ]
        },
        {
            "file_path": "/data/shapenet_blender/all_50_random/02958343/e09c2528f56f04d03e241901f2025878/r_13",
            "rotation": 0.12566370614359174,
            "transform_matrix": [
                [
                    -0.5469917058944702,
                    0.2443869262933731,
                    -0.8006715178489685,
                    -3.2276105880737305
                ],
                [
                    -0.8371380567550659,
                    -0.15968409180641174,
                    0.5231642723083496,
                    2.108942985534668
                ],
                [
                    -1.4901161193847656e-08,
                    0.956439197063446,
                    0.2919314205646515,
                    1.1768133640289307
                ],
                [
                    0.0,
                    0.0,
                    0.0,
                    1.0
                ]
            ]
        },
        {
            "file_path": "/data/shapenet_blender/all_50_random/02958343/e09c2528f56f04d03e241901f2025878/r_14",
            "rotation": 0.12566370614359174,
            "transform_matrix": [
                [
                    -0.945133626461029,
                    -0.115790456533432,
                    0.3054750859737396,
                    1.2314095497131348
                ],
                [
                    0.32668405771255493,
                    -0.3349947929382324,
                    0.883773684501648,
                    3.562605857849121
                ],
                [
                    1.4901161193847656e-08,
                    0.9350780248641968,
                    0.35444170236587524,
                    1.428800344467163
                ],
                [
                    0.0,
                    0.0,
                    0.0,
                    1.0
                ]
            ]
        },
        {
            "file_path": "/data/shapenet_blender/all_50_random/02958343/e09c2528f56f04d03e241901f2025878/r_15",
            "rotation": 0.12566370614359174,
            "transform_matrix": [
                [
                    0.9922179579734802,
                    0.05609644949436188,
                    0.11116111278533936,
                    0.44810476899147034
                ],
                [
                    0.12451348453760147,
                    -0.447019100189209,
                    -0.8858161568641663,
                    -3.5708391666412354
                ],
                [
                    0.0,
                    0.8927637934684753,
                    -0.4505251348018646,
                    -1.8161249160766602
                ],
                [
                    0.0,
                    0.0,
                    0.0,
                    1.0
                ]
            ]
        },
        {
            "file_path": "/data/shapenet_blender/all_50_random/02958343/e09c2528f56f04d03e241901f2025878/r_16",
            "rotation": 0.12566370614359174,
            "transform_matrix": [
                [
                    -0.15096156299114227,
                    -0.2168906331062317,
                    0.9644526839256287,
                    3.8878333568573
                ],
                [
                    0.9885396957397461,
                    -0.0331217385828495,
                    0.14728319644927979,
                    0.593717634677887
                ],
                [
                    3.725290298461914e-09,
                    0.9756338596343994,
                    0.21940508484840393,
                    0.8844502568244934
                ],
                [
                    0.0,
                    0.0,
                    0.0,
                    1.0
                ]
            ]
        },
        {
            "file_path": "/data/shapenet_blender/all_50_random/02958343/e09c2528f56f04d03e241901f2025878/r_17",
            "rotation": 0.12566370614359174,
            "transform_matrix": [
                [
                    0.8132311701774597,
                    0.16761480271816254,
                    -0.5572792291641235,
                    -2.246464490890503
                ],
                [
                    -0.5819405317306519,
                    0.2342328429222107,
                    -0.7787683010101318,
                    -3.139315366744995
                ],
                [
                    -1.4901158529312397e-08,
                    0.9576221704483032,
                    0.2880273461341858,
                    1.1610753536224365
                ],
                [
                    0.0,
                    0.0,
                    0.0,
                    1.0
                ]
            ]
        },
        {
            "file_path": "/data/shapenet_blender/all_50_random/02958343/e09c2528f56f04d03e241901f2025878/r_18",
            "rotation": 0.12566370614359174,
            "transform_matrix": [
                [
                    -0.22712227702140808,
                    0.5206695199012756,
                    0.8229936361312866,
                    3.317593812942505
                ],
                [
                    0.97386634349823,
                    0.12142903357744217,
                    0.1919361799955368,
                    0.7737195491790771
                ],
                [
                    -7.450581485102248e-09,
                    0.8450788855552673,
                    -0.5346416234970093,
                    -2.155209541320801
                ],
                [
                    0.0,
                    0.0,
                    0.0,
                    1.0
                ]
            ]
        },
        {
            "file_path": "/data/shapenet_blender/all_50_random/02958343/e09c2528f56f04d03e241901f2025878/r_19",
            "rotation": 0.12566370614359174,
            "transform_matrix": [
                [
                    -0.1912093460559845,
                    0.6790213584899902,
                    -0.7087799906730652,
                    -2.8571834564208984
                ],
                [
                    -0.9815492630004883,
                    -0.13227581977844238,
                    0.1380729079246521,
                    0.5565897226333618
                ],
                [
                    0.0,
                    0.7221031785011292,
                    0.6917852759361267,
                    2.788675546646118
                ],
                [
                    0.0,
                    0.0,
                    0.0,
                    1.0
                ]
            ]
        },
        {
            "file_path": "/data/shapenet_blender/all_50_random/02958343/e09c2528f56f04d03e241901f2025878/r_20",
            "rotation": 0.12566370614359174,
            "transform_matrix": [
                [
                    0.9804064631462097,
                    0.010540339164435863,
                    0.19670319557189941,
                    0.7929359674453735
                ],
                [
                    0.1969854086637497,
                    -0.05245980620384216,
                    -0.9790018796920776,
                    -3.9464828968048096
                ],
                [
                    -9.31322685637781e-10,
                    0.9985672831535339,
                    -0.05350822955369949,
                    -0.21569857001304626
                ],
                [
                    0.0,
                    0.0,
                    0.0,
                    1.0
                ]
            ]
        },
        {
            "file_path": "/data/shapenet_blender/all_50_random/02958343/e09c2528f56f04d03e241901f2025878/r_21",
            "rotation": 0.12566370614359174,
            "transform_matrix": [
                [
                    0.7851706743240356,
                    -0.17481371760368347,
                    -0.5940935015678406,
                    -2.394867420196533
                ],
                [
                    -0.6192793250083923,
                    -0.22164247930049896,
                    -0.7532380819320679,
                    -3.0363998413085938
                ],
                [
                    -1.4901160305669237e-08,
                    0.9593304395675659,
                    -0.2822856903076172,
                    -1.1379300355911255
                ],
                [
                    0.0,
                    0.0,
                    0.0,
                    1.0
                ]
            ]
        },
        {
            "file_path": "/data/shapenet_blender/all_50_random/02958343/e09c2528f56f04d03e241901f2025878/r_22",
            "rotation": 0.12566370614359174,
            "transform_matrix": [
                [
                    0.7268019318580627,
                    0.5400536060333252,
                    -0.4243830740451813,
                    -1.7107428312301636
                ],
                [
                    -0.6868471503257751,
                    0.571469247341156,
                    -0.449070006608963,
                    -1.8102591037750244
                ],
                [
                    0.0,
                    0.617871105670929,
                    0.7862793207168579,
                    3.169593334197998
                ],
                [
                    0.0,
                    0.0,
                    0.0,
                    1.0
                ]
            ]
        },
        {
            "file_path": "/data/shapenet_blender/all_50_random/02958343/e09c2528f56f04d03e241901f2025878/r_23",
            "rotation": 0.12566370614359174,
            "transform_matrix": [
                [
                    0.843151330947876,
                    0.0495951883494854,
                    -0.5353840589523315,
                    -2.1582021713256836
                ],
                [
                    -0.5376762747764587,
                    0.07777217775583267,
                    -0.839556872844696,
                    -3.384361982345581
                ],
                [
                    3.7252898543727042e-09,
                    0.9957368969917297,
                    0.0922398641705513,
                    0.3718307912349701
                ],
                [
                    0.0,
                    0.0,
                    0.0,
                    1.0
                ]
            ]
        },
        {
            "file_path": "/data/shapenet_blender/all_50_random/02958343/e09c2528f56f04d03e241901f2025878/r_24",
            "rotation": 0.12566370614359174,
            "transform_matrix": [
                [
                    0.45183664560317993,
                    0.12897171080112457,
                    -0.8827286958694458,
                    -3.5583932399749756
                ],
                [
                    -0.8921006917953491,
                    0.0653223842382431,
                    -0.4470898509025574,
                    -1.802276849746704
                ],
                [
                    0.0,
                    0.9894945025444031,
                    0.14457079768180847,
                    0.5827835202217102
                ],
                [
                    0.0,
                    0.0,
                    0.0,
                    1.0
                ]
            ]
        },
        {
            "file_path": "/data/shapenet_blender/all_50_random/02958343/e09c2528f56f04d03e241901f2025878/r_25",
            "rotation": 0.12566370614359174,
            "transform_matrix": [
                [
                    0.9871202707290649,
                    -0.1263076514005661,
                    0.09818297624588013,
                    0.39578819274902344
                ],
                [
                    0.15997974574565887,
                    0.7793539762496948,
                    -0.6058167219161987,
                    -2.442125082015991
                ],
                [
                    0.0,
                    0.6137211322784424,
                    0.7895228266716003,
                    3.1826679706573486
                ],
                [
                    0.0,
                    0.0,
                    0.0,
                    1.0
                ]
            ]
        },
        {
            "file_path": "/data/shapenet_blender/all_50_random/02958343/e09c2528f56f04d03e241901f2025878/r_26",
            "rotation": 0.12566370614359174,
            "transform_matrix": [
                [
                    -0.6639319658279419,
                    0.5313989520072937,
                    0.5261268019676208,
                    2.120884895324707
                ],
                [
                    0.7477929592132568,
                    0.4718053936958313,
                    0.46712449193000793,
                    1.883039116859436
                ],
                [
                    1.4901161193847656e-08,
                    0.7035727500915527,
                    -0.7106231451034546,
                    -2.8646135330200195
                ],
                [
                    0.0,
                    0.0,
                    0.0,
                    1.0
                ]
            ]
        },
        {
            "file_path": "/data/shapenet_blender/all_50_random/02958343/e09c2528f56f04d03e241901f2025878/r_27",
            "rotation": 0.12566370614359174,
            "transform_matrix": [
                [
                    -0.9090115427970886,
                    -0.15593835711479187,
                    -0.38649865984916687,
                    -1.5580259561538696
                ],
                [
                    -0.41677090525627136,
                    0.3401143550872803,
                    0.8429852724075317,
                    3.3981823921203613
                ],
                [
                    0.0,
                    0.927364706993103,
                    -0.37415847182273865,
                    -1.5082809925079346
                ],
                [
                    0.0,
                    0.0,
                    0.0,
                    1.0
                ]
            ]
        },
        {
            "file_path": "/data/shapenet_blender/all_50_random/02958343/e09c2528f56f04d03e241901f2025878/r_28",
            "rotation": 0.12566370614359174,
            "transform_matrix": [
                [
                    0.9884005188941956,
                    -0.1276407241821289,
                    0.08229424804449081,
                    0.3317387104034424
                ],
                [
                    0.1518700122833252,
                    0.8307114839553833,
                    -0.53558748960495,
                    -2.159022331237793
                ],
                [
                    -7.450580596923828e-09,
                    0.5418729782104492,
                    0.8404604196548462,
                    3.3880043029785156
                ],
                [
                    0.0,
                    0.0,
                    0.0,
                    1.0
                ]
            ]
        },
        {
            "file_path": "/data/shapenet_blender/all_50_random/02958343/e09c2528f56f04d03e241901f2025878/r_29",
            "rotation": 0.12566370614359174,
            "transform_matrix": [
                [
                    0.8353284001350403,
                    0.10246124863624573,
                    0.5401186943054199,
                    2.177288055419922
                ],
                [
                    0.549751341342926,
                    -0.1556863784790039,
                    -0.8206919431686401,
                    -3.3083150386810303
                ],
                [
                    0.0,
                    0.9824782013893127,
                    -0.18637745082378387,
                    -0.7513115406036377
                ],
                [
                    0.0,
                    0.0,
                    0.0,
                    1.0
                ]
            ]
        },
        {
            "file_path": "/data/shapenet_blender/all_50_random/02958343/e09c2528f56f04d03e241901f2025878/r_30",
            "rotation": 0.12566370614359174,
            "transform_matrix": [
                [
                    0.13638803362846375,
                    0.8199033737182617,
                    0.5560188293457031,
                    2.2413835525512695
                ],
                [
                    0.9906554818153381,
                    -0.11287981271743774,
                    -0.07654963433742523,
                    -0.3085814416408539
                ],
                [
                    0.0,
                    0.5612635612487793,
                    -0.8276371359825134,
                    -3.3363120555877686
                ],
                [
                    0.0,
                    0.0,
                    0.0,
                    1.0
                ]
            ]
        },
        {
            "file_path": "/data/shapenet_blender/all_50_random/02958343/e09c2528f56f04d03e241901f2025878/r_31",
            "rotation": 0.12566370614359174,
            "transform_matrix": [
                [
                    0.12922541797161102,
                    -0.3191952705383301,
                    -0.9388371109962463,
                    -3.784573554992676
                ],
                [
                    -0.9916151762008667,
                    -0.041596926748752594,
                    -0.12234748154878616,
                    -0.4931984841823578
                ],
                [
                    -3.725290076417309e-09,
                    0.9467755556106567,
                    -0.3218943178653717,
                    -1.2975975275039673
                ],
                [
                    0.0,
                    0.0,
                    0.0,
                    1.0
                ]
            ]
        },
        {
            "file_path": "/data/shapenet_blender/all_50_random/02958343/e09c2528f56f04d03e241901f2025878/r_32",
            "rotation": 0.12566370614359174,
            "transform_matrix": [
                [
                    -0.9529662728309631,
                    0.011186170391738415,
                    0.3028697371482849,
                    1.2209069728851318
                ],
                [
                    0.30307623744010925,
                    0.03517281264066696,
                    0.9523169994354248,
                    3.8389127254486084
                ],
                [
                    0.0,
                    0.9993184804916382,
                    -0.036908771842718124,
                    -0.14878401160240173
                ],
                [
                    0.0,
                    0.0,
                    0.0,
                    1.0
                ]
            ]
        },
        {
            "file_path": "/data/shapenet_blender/all_50_random/02958343/e09c2528f56f04d03e241901f2025878/r_33",
            "rotation": 0.12566370614359174,
            "transform_matrix": [
                [
                    0.675674557685852,
                    -0.4357927441596985,
                    -0.5945994257926941,
                    -2.396907091140747
                ],
                [
                    -0.7372000217437744,
                    -0.39942222833633423,
                    -0.5449751615524292,
                    -2.1968653202056885
                ],
                [
                    -1.4901161193847656e-08,
                    0.8065646886825562,
                    -0.5911458134651184,
                    -2.3829853534698486
                ],
                [
                    0.0,
                    0.0,
                    0.0,
                    1.0
                ]
            ]
        },
        {
            "file_path": "/data/shapenet_blender/all_50_random/02958343/e09c2528f56f04d03e241901f2025878/r_34",
            "rotation": 0.12566370614359174,
            "transform_matrix": [
                [
                    0.9990982413291931,
                    0.03973935544490814,
                    0.014948428608477116,
                    0.06025904417037964
                ],
                [
                    0.042457886040210724,
                    -0.9351270794868469,
                    -0.351759135723114,
                    -1.4179863929748535
                ],
                [
                    -9.313225746154785e-10,
                    0.35207653045654297,
                    -0.935971200466156,
                    -3.7730205059051514
                ],
                [
                    0.0,
                    0.0,
                    0.0,
                    1.0
                ]
            ]
        },
        {
            "file_path": "/data/shapenet_blender/all_50_random/02958343/e09c2528f56f04d03e241901f2025878/r_35",
            "rotation": 0.12566370614359174,
            "transform_matrix": [
                [
                    -0.13691096007823944,
                    -0.2130599170923233,
                    -0.967399001121521,
                    -3.899710178375244
                ],
                [
                    -0.9905834197998047,
                    0.029447533190250397,
                    0.13370658457279205,
                    0.538988471031189
                ],
                [
                    0.0,
                    0.9765951633453369,
                    -0.21508532762527466,
                    -0.8670367002487183
                ],
                [
                    0.0,
                    0.0,
                    0.0,
                    1.0
                ]
            ]
        },
        {
            "file_path": "/data/shapenet_blender/all_50_random/02958343/e09c2528f56f04d03e241901f2025878/r_36",
            "rotation": 0.12566370614359174,
            "transform_matrix": [
                [
                    -0.7675841450691223,
                    -0.5961984395980835,
                    -0.23529133200645447,
                    -0.948489785194397
                ],
                [
                    -0.6409481167793274,
                    0.7139929533004761,
                    0.2817792296409607,
                    1.1358885765075684
                ],
                [
                    0.0,
                    0.36709868907928467,
                    -0.9301819205284119,
                    -3.749683380126953
                ],
                [
                    0.0,
                    0.0,
                    0.0,
                    1.0
                ]
            ]
        },
        {
            "file_path": "/data/shapenet_blender/all_50_random/02958343/e09c2528f56f04d03e241901f2025878/r_37",
            "rotation": 0.12566370614359174,
            "transform_matrix": [
                [
                    -0.49305951595306396,
                    -0.45754173398017883,
                    0.7399647235870361,
                    2.982893466949463
                ],
                [
                    0.8699955940246582,
                    -0.25930628180503845,
                    0.41936609148979187,
                    1.690518856048584
                ],
                [
                    1.4901161193847656e-08,
                    0.8505386114120483,
                    0.5259126424789429,
                    2.1200218200683594
                ],
                [
                    0.0,
                    0.0,
                    0.0,
                    1.0
                ]
            ]
        },
        {
            "file_path": "/data/shapenet_blender/all_50_random/02958343/e09c2528f56f04d03e241901f2025878/r_38",
            "rotation": 0.12566370614359174,
            "transform_matrix": [
                [
                    0.9992906451225281,
                    0.03685593232512474,
                    -0.007746294140815735,
                    -0.031226307153701782
                ],
                [
                    -0.03766119107604027,
                    0.9779241681098938,
                    -0.2055378407239914,
                    -0.8285494446754456
                ],
                [
                    -4.656612873077393e-10,
                    0.2056838572025299,
                    0.9786185622215271,
                    3.944937229156494
                ],
                [
                    0.0,
                    0.0,
                    0.0,
                    1.0
                ]
            ]
        },
        {
            "file_path": "/data/shapenet_blender/all_50_random/02958343/e09c2528f56f04d03e241901f2025878/r_39",
            "rotation": 0.12566370614359174,
            "transform_matrix": [
                [
                    -0.4319094121456146,
                    -0.7297772765159607,
                    -0.5299805402755737,
                    -2.136420249938965
                ],
                [
                    -0.9019169211387634,
                    0.34947529435157776,
                    0.2537967562675476,
                    1.0230876207351685
                ],
                [
                    0.0,
                    0.5876156687736511,
                    -0.8091400265693665,
                    -3.2617480754852295
                ],
                [
                    0.0,
                    0.0,
                    0.0,
                    1.0
                ]
            ]
        },
        {
            "file_path": "/data/shapenet_blender/all_50_random/02958343/e09c2528f56f04d03e241901f2025878/r_40",
            "rotation": 0.12566370614359174,
            "transform_matrix": [
                [
                    -0.7325005531311035,
                    0.23863178491592407,
                    0.6375718116760254,
                    2.570134401321411
                ],
                [
                    0.6807665228843689,
                    0.25676631927490234,
                    0.6860232949256897,
                    2.765448570251465
                ],
                [
                    -1.4901161193847656e-08,
                    0.936549961566925,
                    -0.35053399205207825,
                    -1.4130477905273438
                ],
                [
                    0.0,
                    0.0,
                    0.0,
                    1.0
                ]
            ]
        },
        {
            "file_path": "/data/shapenet_blender/all_50_random/02958343/e09c2528f56f04d03e241901f2025878/r_41",
            "rotation": 0.12566370614359174,
            "transform_matrix": [
                [
                    -0.9999632835388184,
                    -0.002716510323807597,
                    -0.00812025461345911,
                    -0.032733798027038574
                ],
                [
                    -0.008562590926885605,
                    0.3172416090965271,
                    0.9483059644699097,
