{
    "class": "02958343",
    "model": "66be76d60405c58ae02ca9d4b3cbc724",
    "remove_doubles": true,
    "edge_split": true,
    "denoise": true,
    "camera_angle_x": 0.6911112070083618,
    "scale_factor": 2.376008023685848,
    "hdri_file": "/data/IndoorHDRDataset2018/9C4A7685-54490a4800.exr",
    "center_offset": [
        0.0,
        -3.026798367500305e-09,
        0.0
    ],
    "lights": [],
    "frames": [
        {
            "file_path": "/data/shapenet_blender/all_50_random/02958343/66be76d60405c58ae02ca9d4b3cbc724/r_0",
            "rotation": 0.12566370614359174,
            "transform_matrix": [
                [
                    0.848128616809845,
                    0.19728684425354004,
                    -0.4916865825653076,
                    -1.9820520877838135
                ],
                [
                    -0.5297904014587402,
                    0.31583172082901,
                    -0.7871291637420654,
                    -3.1730194091796875
                ],
                [
                    0.0,
                    0.9280776381492615,
                    0.3723865747451782,
                    1.50113844871521
                ],
                [
                    0.0,
                    0.0,
                    0.0,
                    1.0
                ]
            ]
        },
        {
            "file_path": "/data/shapenet_blender/all_50_random/02958343/66be76d60405c58ae02ca9d4b3cbc724/r_1",
            "rotation": 0.12566370614359174,
            "transform_matrix": [
                [
                    0.75975102186203,
                    0.26885685324668884,
                    -0.5920257568359375,
                    -2.3865320682525635
                ],
                [
                    -0.6502141952514648,
                    0.3141491711139679,
                    -0.6917599439620972,
                    -2.7885735034942627
                ],
                [
                    0.0,
                    0.9105087518692017,
                    0.4134896695613861,
                    1.6668301820755005
                ],
                [
                    0.0,
                    0.0,
                    0.0,
                    1.0
                ]
            ]
        },
        {
            "file_path": "/data/shapenet_blender/all_50_random/02958343/66be76d60405c58ae02ca9d4b3cbc724/r_2",
            "rotation": 0.12566370614359174,
            "transform_matrix": [
                [
                    -0.9357402324676514,
                    -0.019728802144527435,
                    0.3521377742290497,
                    1.4195127487182617
                ],
                [
                    0.3526899516582489,
                    -0.05234351381659508,
                    0.9342750906944275,
                    3.766183376312256
                ],
                [
                    0.0,
                    0.9984342455863953,
                    0.05593809112906456,
                    0.2254936546087265
                ],
                [
                    0.0,
                    0.0,
                    0.0,
                    1.0
                ]
            ]
        },
        {
            "file_path": "/data/shapenet_blender/all_50_random/02958343/66be76d60405c58ae02ca9d4b3cbc724/r_3",
            "rotation": 0.12566370614359174,
            "transform_matrix": [
                [
                    0.4380990266799927,
                    0.12289994955062866,
                    -0.8904856443405151,
                    -3.589662790298462
                ],
                [
                    -0.8989267945289612,
                    0.059896256774663925,
                    -0.43398517370224,
                    -1.7494503259658813
                ],
                [
                    0.0,
                    0.9906098246574402,
                    0.1367185264825821,
                    0.5511300563812256
                ],
                [
                    0.0,
                    0.0,
                    0.0,
                    1.0
                ]
            ]
        },
        {
            "file_path": "/data/shapenet_blender/all_50_random/02958343/66be76d60405c58ae02ca9d4b3cbc724/r_4",
            "rotation": 0.12566370614359174,
            "transform_matrix": [
                [
                    0.2703116834163666,
                    -0.9510448575019836,
                    -0.14981761574745178,
                    -0.603934109210968
                ],
                [
                    -0.9627729058265686,
                    -0.2670188844203949,
                    -0.04206334799528122,
                    -0.16956278681755066
                ],
                [
                    -3.725290298461914e-09,
                    0.15561044216156006,
                    -0.9878184795379639,
                    -3.9820237159729004
                ],
                [
                    0.0,
                    0.0,
                    0.0,
                    1.0
                ]
            ]
        },
        {
            "file_path": "/data/shapenet_blender/all_50_random/02958343/66be76d60405c58ae02ca9d4b3cbc724/r_5",
            "rotation": 0.12566370614359174,
            "transform_matrix": [
                [
                    -0.6402189135551453,
                    -0.19228899478912354,
                    -0.7437369227409363,
                    -2.9980993270874023
                ],
                [
                    -0.7681925296783447,
                    0.16025549173355103,
                    0.6198374629020691,
                    2.4986448287963867
                ],
                [
                    7.450580596923828e-09,
                    0.9681648015975952,
                    -0.25031358003616333,
                    -1.0090463161468506
                ],
                [
                    0.0,
                    0.0,
                    0.0,
                    1.0
                ]
            ]
        },
        {
            "file_path": "/data/shapenet_blender/all_50_random/02958343/66be76d60405c58ae02ca9d4b3cbc724/r_6",
            "rotation": 0.12566370614359174,
            "transform_matrix": [
                [
                    -0.47094130516052246,
                    -0.4784427285194397,
                    0.7411524057388306,
                    2.9876809120178223
                ],
                [
                    0.8821646571159363,
                    -0.2554154098033905,
                    0.3956622779369354,
                    1.5949656963348389
                ],
                [
                    0.0,
                    0.8401520848274231,
                    0.5423508286476135,
                    2.186286211013794
                ],
                [
                    0.0,
                    0.0,
                    0.0,
                    1.0
                ]
            ]
        },
        {
            "file_path": "/data/shapenet_blender/all_50_random/02958343/66be76d60405c58ae02ca9d4b3cbc724/r_7",
            "rotation": 0.12566370614359174,
            "transform_matrix": [
                [
                    -0.9999650716781616,
                    0.0012233071029186249,
                    -0.00827285461127758,
                    -0.03334894776344299
                ],
                [
                    -0.00836281105875969,
                    -0.14627428352832794,
                    0.9892086386680603,
                    3.9876277446746826
                ],
                [
                    0.0,
                    0.9892432689666748,
                    0.14627937972545624,
                    0.5896710753440857
                ],
                [
                    0.0,
                    0.0,
                    0.0,
                    1.0
                ]
            ]
        },
        {
            "file_path": "/data/shapenet_blender/all_50_random/02958343/66be76d60405c58ae02ca9d4b3cbc724/r_8",
            "rotation": 0.12566370614359174,
            "transform_matrix": [
                [
                    -0.43416455388069153,
                    -0.4566490054130554,
                    0.7765132188796997,
                    3.1302249431610107
                ],
                [
                    0.9008336067199707,
                    -0.22008594870567322,
                    0.3742472529411316,
                    1.5086389780044556
                ],
                [
                    1.4901161193847656e-08,
                    0.8619941473007202,
                    0.5069182515144348,
                    2.043452739715576
                ],
                [
                    0.0,
                    0.0,
                    0.0,
                    1.0
                ]
            ]
        },
        {
            "file_path": "/data/shapenet_blender/all_50_random/02958343/66be76d60405c58ae02ca9d4b3cbc724/r_9",
            "rotation": 0.12566370614359174,
            "transform_matrix": [
                [
                    0.029272999614477158,
                    -0.46261805295944214,
                    0.8860741853713989,
                    3.5718796253204346
                ],
                [
                    0.9995714426040649,
                    0.013548023998737335,
                    -0.02594916895031929,
                    -0.10460445284843445
                ],
                [
                    0.0,
                    0.886454164981842,
                    0.46281635761260986,
                    1.8656725883483887
                ],
                [
                    0.0,
                    0.0,
                    0.0,
                    1.0
                ]
            ]
        },
        {
            "file_path": "/data/shapenet_blender/all_50_random/02958343/66be76d60405c58ae02ca9d4b3cbc724/r_10",
            "rotation": 0.12566370614359174,
            "transform_matrix": [
                [
                    0.9999910593032837,
                    -0.00017966613813769072,
                    0.004248428158462048,
                    0.017125964164733887
                ],
                [
                    0.0042522260919213295,
                    0.04225187376141548,
                    -0.9990978837013245,
                    -4.027492523193359
                ],
                [
                    0.0,
                    0.9991068840026855,
                    0.042252253741025925,
                    0.17032429575920105
                ],
                [
                    0.0,
                    0.0,
                    0.0,
                    1.0
                ]
            ]
        },
        {
            "file_path": "/data/shapenet_blender/all_50_random/02958343/66be76d60405c58ae02ca9d4b3cbc724/r_11",
            "rotation": 0.12566370614359174,
            "transform_matrix": [
                [
                    0.5297495126724243,
                    0.7267899513244629,
                    -0.43719756603240967,
                    -1.7623999118804932
                ],
                [
                    -0.8481540679931641,
                    0.453946590423584,
                    -0.27306973934173584,
                    -1.100779414176941
                ],
                [
                    0.0,
                    0.5154695510864258,
                    0.856907844543457,
                    3.4543063640594482
                ],
                [
                    0.0,
                    0.0,
                    0.0,
                    1.0
                ]
            ]
        },
        {
            "file_path": "/data/shapenet_blender/all_50_random/02958343/66be76d60405c58ae02ca9d4b3cbc724/r_12",
            "rotation": 0.12566370614359174,
            "transform_matrix": [
                [
                    -0.6044372320175171,
                    0.24026578664779663,
                    0.7595577239990234,
                    3.061875343322754
                ],
                [
                    0.7966527938842773,
                    0.18229469656944275,
                    0.5762923955917358,
                    2.3231091499328613
                ],
                [
                    0.0,
                    0.9534363746643066,
                    -0.3015941083431244,
                    -1.2157648801803589
                ],
                [
                    0.0,
                    0.0,
                    0.0,
                    1.0
                ]
            ]
        },
        {
            "file_path": "/data/shapenet_blender/all_50_random/02958343/66be76d60405c58ae02ca9d4b3cbc724/r_13",
            "rotation": 0.12566370614359174,
            "transform_matrix": [
                [
                    0.34473150968551636,
                    -0.25510480999946594,
                    0.9033724069595337,
                    3.641610622406006
                ],
                [
                    0.9387013912200928,
                    0.09368546307086945,
                    -0.33175718784332275,
                    -1.3373559713363647
                ],
                [
                    0.0,
                    0.9623639583587646,
                    0.2717635929584503,
                    1.0955140590667725
                ],
                [
                    0.0,
                    0.0,
                    0.0,
                    1.0
                ]
            ]
        },
        {
            "file_path": "/data/shapenet_blender/all_50_random/02958343/66be76d60405c58ae02ca9d4b3cbc724/r_14",
            "rotation": 0.12566370614359174,
            "transform_matrix": [
                [
                    -0.8877044320106506,
                    -0.03492947667837143,
                    -0.4590871036052704,
                    -1.8506393432617188
                ],
                [
                    -0.46041402220726013,
                    0.0673460140824318,
                    0.8851460218429565,
                    3.5681376457214355
                ],
                [
                    -1.862645371275562e-09,
                    0.9971179962158203,
                    -0.07586537301540375,
                    -0.30582308769226074
                ],
                [
                    0.0,
                    0.0,
                    0.0,
                    1.0
                ]
            ]
        },
        {
            "file_path": "/data/shapenet_blender/all_50_random/02958343/66be76d60405c58ae02ca9d4b3cbc724/r_15",
            "rotation": 0.12566370614359174,
            "transform_matrix": [
                [
                    -0.11616259068250656,
                    0.28372839093208313,
                    0.9518425464630127,
                    3.8370003700256348
                ],
                [
                    0.9932302832603455,
                    0.0331832654774189,
                    0.11132211238145828,
                    0.44875383377075195
                ],
                [
                    0.0,
                    0.9583302736282349,
                    -0.28566229343414307,
                    -1.1515417098999023
                ],
                [
                    0.0,
                    0.0,
                    0.0,
                    1.0
                ]
            ]
        },
        {
            "file_path": "/data/shapenet_blender/all_50_random/02958343/66be76d60405c58ae02ca9d4b3cbc724/r_16",
            "rotation": 0.12566370614359174,
            "transform_matrix": [
                [
                    -0.9772989153862,
                    -0.1662871241569519,
                    -0.13128405809402466,
                    -0.5292229652404785
                ],
                [
                    -0.21186532080173492,
                    0.7670543789863586,
                    0.6055911183357239,
                    2.441215991973877
                ],
                [
                    0.0,
                    0.6196580529212952,
                    -0.7848718166351318,
                    -3.163919448852539
                ],
                [
                    0.0,
                    0.0,
                    0.0,
                    1.0
                ]
            ]
        },
        {
            "file_path": "/data/shapenet_blender/all_50_random/02958343/66be76d60405c58ae02ca9d4b3cbc724/r_17",
            "rotation": 0.12566370614359174,
            "transform_matrix": [
                [
                    -0.9828841686248779,
                    0.036964137107133865,
                    0.18047858774662018,
                    0.7275325059890747
                ],
                [
                    0.18422508239746094,
                    0.19721238315105438,
                    0.9628956913948059,
                    3.8815572261810303
                ],
                [
                    -3.725290742551124e-09,
                    0.9796636700630188,
                    -0.20064659416675568,
                    -0.8088324069976807
                ],
                [
                    0.0,
                    0.0,
                    0.0,
                    1.0
                ]
            ]
        },
        {
            "file_path": "/data/shapenet_blender/all_50_random/02958343/66be76d60405c58ae02ca9d4b3cbc724/r_18",
            "rotation": 0.12566370614359174,
            "transform_matrix": [
                [
                    0.8786191940307617,
                    -0.26419797539711,
                    -0.39777863025665283,
                    -1.60349702835083
                ],
                [
                    -0.4775232970714569,
                    -0.48611119389533997,
                    -0.7318929433822632,
                    -2.950355052947998
                ],
                [
                    0.0,
                    0.8330036401748657,
                    -0.5532673001289368,
                    -2.2302920818328857
                ],
                [
                    0.0,
                    0.0,
                    0.0,
                    1.0
                ]
            ]
        },
        {
            "file_path": "/data/shapenet_blender/all_50_random/02958343/66be76d60405c58ae02ca9d4b3cbc724/r_19",
            "rotation": 0.12566370614359174,
            "transform_matrix": [
                [
                    0.9878429174423218,
                    0.07711787521839142,
                    0.1349782794713974,
                    0.5441148281097412
                ],
                [
                    0.15545514225959778,
                    -0.4900471568107605,
                    -0.857722282409668,
                    -3.4575889110565186
                ],
                [
                    7.4505797087454084e-09,
                    0.8682779669761658,
                    -0.4960779845714569,
                    -1.9997541904449463
                ],
                [
                    0.0,
                    0.0,
                    0.0,
                    1.0
                ]
            ]
        },
        {
            "file_path": "/data/shapenet_blender/all_50_random/02958343/66be76d60405c58ae02ca9d4b3cbc724/r_20",
            "rotation": 0.12566370614359174,
            "transform_matrix": [
                [
                    -0.8993269205093384,
                    0.18642550706863403,
                    0.39554616808891296,
                    1.594497561454773
                ],
                [
                    0.4372771382331848,
                    0.3834124207496643,
                    0.8135008811950684,
                    3.279326915740967
                ],
                [
                    0.0,
                    0.9045664668083191,
                    -0.42633265256881714,
                    -1.718601942062378
                ],
                [
                    0.0,
                    0.0,
                    0.0,
                    1.0
                ]
            ]
        },
        {
            "file_path": "/data/shapenet_blender/all_50_random/02958343/66be76d60405c58ae02ca9d4b3cbc724/r_21",
            "rotation": 0.12566370614359174,
            "transform_matrix": [
                [
                    -0.5892446041107178,
                    0.08002504706382751,
                    0.8039817810058594,
                    3.2409543991088867
                ],
                [
                    0.8079546689987183,
                    0.05836259573698044,
                    0.5863471627235413,
                    2.3636412620544434
                ],
                [
                    -3.725290076417309e-09,
                    0.9950827360153198,
                    -0.09904647618532181,
                    -0.39926913380622864
                ],
                [
                    0.0,
                    0.0,
                    0.0,
                    1.0
                ]
            ]
        },
        {
            "file_path": "/data/shapenet_blender/all_50_random/02958343/66be76d60405c58ae02ca9d4b3cbc724/r_22",
            "rotation": 0.12566370614359174,
            "transform_matrix": [
                [
                    -0.9930374026298523,
                    -0.006877181585878134,
                    -0.11759836971759796,
                    -0.47405415773391724
                ],
                [
                    -0.11779928207397461,
                    0.05797402560710907,
                    0.9913437366485596,
                    3.996234178543091
                ],
                [
                    0.0,
                    0.9982942938804626,
                    -0.05838050693273544,
                    -0.23533934354782104
                ],
                [
                    0.0,
                    0.0,
                    0.0,
                    1.0
                ]
            ]
        },
        {
            "file_path": "/data/shapenet_blender/all_50_random/02958343/66be76d60405c58ae02ca9d4b3cbc724/r_23",
            "rotation": 0.12566370614359174,
            "transform_matrix": [
                [
                    -0.9492234587669373,
                    0.1520276516675949,
                    -0.2754312753677368,
                    -1.110298991203308
                ],
                [
                    -0.3146025836467743,
                    -0.4587000012397766,
                    0.8310351967811584,
                    3.3500099182128906
                ],
                [
                    0.0,
                    0.8754894733428955,
                    0.4832371175289154,
                    1.947991132736206
                ],
                [
                    0.0,
                    0.0,
                    0.0,
                    1.0
                ]
            ]
        },
        {
            "file_path": "/data/shapenet_blender/all_50_random/02958343/66be76d60405c58ae02ca9d4b3cbc724/r_24",
            "rotation": 0.12566370614359174,
            "transform_matrix": [
                [
                    0.20826581120491028,
                    0.00455903448164463,
                    0.9780616164207458,
                    3.942692518234253
                ],
                [
                    0.9780723452568054,
                    -0.0009707779972814023,
                    -0.20826353132724762,
                    -0.8395371437072754
                ],
                [
                    0.0,
                    0.9999891519546509,
                    -0.00466124527156353,
                    -0.01879008114337921
                ],
                [
                    0.0,
                    0.0,
                    0.0,
                    1.0
                ]
            ]
        },
        {
            "file_path": "/data/shapenet_blender/all_50_random/02958343/66be76d60405c58ae02ca9d4b3cbc724/r_25",
            "rotation": 0.12566370614359174,
            "transform_matrix": [
                [
                    -0.9860910177230835,
                    -0.08206815272569656,
                    -0.14453187584877014,
                    -0.5826266407966614
                ],
                [
                    -0.16620665788650513,
                    0.48690393567085266,
                    0.8574963212013245,
                    3.4566781520843506
                ],
                [
                    0.0,
                    0.8695915937423706,
                    -0.4937717914581299,
                    -1.9904577732086182
                ],
                [
                    0.0,
                    0.0,
                    0.0,
                    1.0
                ]
            ]
        },
        {
            "file_path": "/data/shapenet_blender/all_50_random/02958343/66be76d60405c58ae02ca9d4b3cbc724/r_26",
            "rotation": 0.12566370614359174,
            "transform_matrix": [
                [
                    -0.23945628106594086,
                    0.000627573230303824,
                    0.9709069728851318,
                    3.913851261138916
                ],
                [
                    0.9709072113037109,
                    0.00015477930719498545,
                    0.23945622146129608,
                    0.9652789235115051
                ],
                [
                    1.4551915228366852e-11,
                    0.9999998211860657,
                    -0.0006463782046921551,
                    -0.0026056338101625443
                ],
                [
                    0.0,
                    0.0,
                    0.0,
                    1.0
                ]
            ]
        },
        {
            "file_path": "/data/shapenet_blender/all_50_random/02958343/66be76d60405c58ae02ca9d4b3cbc724/r_27",
            "rotation": 0.12566370614359174,
            "transform_matrix": [
                [
                    0.44625329971313477,
                    -0.8411751389503479,
                    0.3054216802120209,
                    1.2311941385269165
                ],
                [
                    0.8949066400527954,
                    0.41945958137512207,
                    -0.15230128169059753,
                    -0.6139460802078247
                ],
                [
                    0.0,
                    0.34128889441490173,
                    0.9399584531784058,
                    3.7890937328338623
                ],
                [
                    0.0,
                    0.0,
                    0.0,
                    1.0
                ]
            ]
        },
        {
            "file_path": "/data/shapenet_blender/all_50_random/02958343/66be76d60405c58ae02ca9d4b3cbc724/r_28",
            "rotation": 0.12566370614359174,
            "transform_matrix": [
                [
                    0.8252199292182922,
                    0.39137664437294006,
                    0.40723034739494324,
                    1.6415979862213135
                ],
                [
                    0.5648117065429688,
                    -0.5718220472335815,
                    -0.5949851274490356,
                    -2.3984618186950684
                ],
                [
                    1.4901162970204496e-08,
                    0.721001923084259,
                    -0.6929330229759216,
                    -2.793302297592163
                ],
                [
                    0.0,
                    0.0,
                    0.0,
                    1.0
                ]
            ]
        },
        {
            "file_path": "/data/shapenet_blender/all_50_random/02958343/66be76d60405c58ae02ca9d4b3cbc724/r_29",
            "rotation": 0.12566370614359174,
            "transform_matrix": [
                [
                    -0.9534810781478882,
                    0.013345550745725632,
                    -0.30115705728530884,
                    -1.2140029668807983
                ],
                [
                    -0.3014525771141052,
                    -0.0422113835811615,
                    0.9525463581085205,
                    3.839837074279785
                ],
                [
                    0.0,
                    0.9990195631980896,
                    0.04427080973982811,
                    0.17846134305000305
                ],
                [
                    0.0,
                    0.0,
                    0.0,
                    1.0
                ]
            ]
        },
        {
            "file_path": "/data/shapenet_blender/all_50_random/02958343/66be76d60405c58ae02ca9d4b3cbc724/r_30",
            "rotation": 0.12566370614359174,
            "transform_matrix": [
                [
                    0.8255471587181091,
                    0.009320425800979137,
                    -0.5642561912536621,
                    -2.2745895385742188
                ],
                [
                    -0.5643331408500671,
                    0.01363458763808012,
                    -0.8254345059394836,
                    -3.327432870864868
                ],
                [
                    -4.656612873077393e-10,
                    0.9998635649681091,
                    0.01651581935584545,
                    0.06657739728689194
                ],
                [
                    0.0,
                    0.0,
                    0.0,
                    1.0
                ]
            ]
        },
        {
            "file_path": "/data/shapenet_blender/all_50_random/02958343/66be76d60405c58ae02ca9d4b3cbc724/r_31",
            "rotation": 0.12566370614359174,
            "transform_matrix": [
                [
                    -0.3962308168411255,
                    -0.042853035032749176,
                    0.9171503186225891,
                    3.6971511840820312
                ],
                [
                    0.9181509017944336,
                    -0.01849335804581642,
                    0.39579901099205017,
                    1.5955168008804321
                ],
                [
                    0.0,
                    0.998910129070282,
                    0.04667319357395172,
                    0.18814566731452942
                ],
                [
                    0.0,
                    0.0,
                    0.0,
                    1.0
                ]
            ]
        },
        {
            "file_path": "/data/shapenet_blender/all_50_random/02958343/66be76d60405c58ae02ca9d4b3cbc724/r_32",
            "rotation": 0.12566370614359174,
            "transform_matrix": [
                [
                    -0.7029509544372559,
                    0.09854840487241745,
                    0.7043778896331787,
                    2.83943772315979
                ],
                [
                    0.7112383842468262,
                    0.09740011394023895,
                    0.696170449256897,
                    2.8063526153564453
                ],
                [
                    0.0,
                    0.9903542399406433,
                    -0.13855889439582825,
                    -0.5585486888885498
                ],
                [
                    0.0,
                    0.0,
                    0.0,
                    1.0
                ]
            ]
        },
        {
            "file_path": "/data/shapenet_blender/all_50_random/02958343/66be76d60405c58ae02ca9d4b3cbc724/r_33",
            "rotation": 0.12566370614359174,
            "transform_matrix": [
                [
                    0.649526059627533,
                    0.29681792855262756,
                    -0.7000107765197754,
                    -2.821833610534668
                ],
                [
                    -0.7603393197059631,
                    0.2535591125488281,
                    -0.5979898571968079,
                    -2.410574197769165
                ],
                [
                    0.0,
                    0.9206557869911194,
                    0.390375554561615,
                    1.5736541748046875
                ],
                [
                    0.0,
                    0.0,
                    0.0,
                    1.0
                ]
            ]
        },
        {
            "file_path": "/data/shapenet_blender/all_50_random/02958343/66be76d60405c58ae02ca9d4b3cbc724/r_34",
            "rotation": 0.12566370614359174,
            "transform_matrix": [
                [
                    0.9907293915748596,
                    -0.008484967984259129,
                    0.1355847865343094,
                    0.546559751033783
                ],
                [
                    0.13585002720355988,
                    0.061879321932792664,
                    -0.9887951016426086,
                    -3.9859604835510254
                ],
                [
                    0.0,
                    0.9980476498603821,
                    0.0624583400785923,
                    0.25177761912345886
                ],
                [
                    0.0,
                    0.0,
                    0.0,
                    1.0
                ]
            ]
        },
        {
            "file_path": "/data/shapenet_blender/all_50_random/02958343/66be76d60405c58ae02ca9d4b3cbc724/r_35",
            "rotation": 0.12566370614359174,
            "transform_matrix": [
                [
                    0.6136968731880188,
                    0.531826913356781,
                    0.5835548043251038,
                    2.352384567260742
                ],
                [
                    0.7895417213439941,
                    -0.4133797287940979,
                    -0.4535868763923645,
                    -1.8284671306610107
                ],
                [
                    0.0,
                    0.7391055822372437,
                    -0.6735894680023193,
                    -2.7153260707855225
                ],
                [
                    0.0,
                    0.0,
                    0.0,
                    1.0
                ]
            ]
        },
        {
            "file_path": "/data/shapenet_blender/all_50_random/02958343/66be76d60405c58ae02ca9d4b3cbc724/r_36",
            "rotation": 0.12566370614359174,
            "transform_matrix": [
                [
                    0.22386528551578522,
                    0.4561212360858917,
                    0.8613000512123108,
                    3.4720115661621094
                ],
                [
                    0.9746201038360596,
                    -0.10476873070001602,
                    -0.197836235165596,
                    -0.7975033521652222
                ],
                [
                    7.450580596923828e-09,
                    0.8837290406227112,
                    -0.4679989814758301,
                    -1.8865642547607422
                ],
                [
                    0.0,
                    0.0,
                    0.0,
                    1.0
                ]
            ]
        },
        {
            "file_path": "/data/shapenet_blender/all_50_random/02958343/66be76d60405c58ae02ca9d4b3cbc724/r_37",
            "rotation": 0.12566370614359174,
            "transform_matrix": [
                [
                    -0.7141281962394714,
                    -0.28301239013671875,
                    0.6402537822723389,
                    2.5809454917907715
                ],
                [
                    0.7000150084495544,
                    -0.2887182831764221,
                    0.6531621217727661,
                    2.6329808235168457
                ],
                [
                    0.0,
                    0.9146286845207214,
                    0.40429478883743286,
                    1.629764437675476
                ],
                [
                    0.0,
                    0.0,
                    0.0,
                    1.0
                ]
            ]
        },
        {
            "file_path": "/data/shapenet_blender/all_50_random/02958343/66be76d60405c58ae02ca9d4b3cbc724/r_38",
            "rotation": 0.12566370614359174,
            "transform_matrix": [
                [
                    0.520119309425354,
                    -0.5942052006721497,
                    -0.6135112047195435,
                    -2.473142385482788
                ],
                [
                    -0.8540936708450317,
                    -0.3618544936180115,
                    -0.37361130118370056,
                    -1.506075143814087
                ],
                [
                    0.0,
                    0.7183182835578918,
                    -0.6957145929336548,
                    -2.8045148849487305
                ],
                [
                    0.0,
                    0.0,
                    0.0,
                    1.0
                ]
            ]
        },
        {
            "file_path": "/data/shapenet_blender/all_50_random/02958343/66be76d60405c58ae02ca9d4b3cbc724/r_39",
            "rotation": 0.12566370614359174,
            "transform_matrix": [
                [
                    0.8221254348754883,
                    -0.17611277103424072,
                    0.5413815975189209,
                    2.1823790073394775
                ],
                [
                    0.5693063735961914,
                    0.2543213963508606,
                    -0.7817997932434082,
                    -3.151535749435425
                ],
                [
                    0.0,
                    0.9509495496749878,
                    0.30934616923332214,
                    1.2470142841339111
                ],
                [
                    0.0,
                    0.0,
                    0.0,
                    1.0
                ]
            ]
        },
        {
            "file_path": "/data/shapenet_blender/all_50_random/02958343/66be76d60405c58ae02ca9d4b3cbc724/r_40",
            "rotation": 0.12566370614359174,
            "transform_matrix": [
                [
                    0.2972746193408966,
                    -0.2973697781562805,
                    0.9073030948638916,
                    3.6574559211730957
                ],
                [
                    0.9547920227050781,
                    0.09258612245321274,
                    -0.28248894214630127,
                    -1.1387494802474976
                ],
                [
                    0.0,
                    0.9502626061439514,
                    0.3114497661590576,
                    1.255494236946106
                ],
                [
                    0.0,
                    0.0,
                    0.0,
                    1.0
                ]
            ]
        },
        {
            "file_path": "/data/shapenet_blender/all_50_random/02958343/66be76d60405c58ae02ca9d4b3cbc724/r_41",
            "rotation": 0.12566370614359174,
            "transform_matrix": [
                [
                    -0.993195652961731,
                    0.01718348078429699,
                    0.11518301069736481,
                    0.46431756019592285
                ],
                [
                    0.11645770817995071,
                    0.14654725790023804,
                    0.9823245406150818,
                    3.959876775741577
                ],
                [
                    0.0,
                    0.9890544414520264,
                    -0.1475512534379959,
                    -0.5947981476783752
                ],
                [
