{
    "class": "02958343",
    "model": "8b049c92888475f67c3c6f82a395b347",
    "remove_doubles": true,
    "edge_split": true,
    "denoise": true,
    "camera_angle_x": 0.6911112070083618,
    "scale_factor": 2.3112169102250437,
    "hdri_file": "/data/IndoorHDRDataset2018/9C4A5722-8d5177818a.exr",
    "center_offset": [
        0.0,
        -2.3283064365386963e-09,
        -3.725290298461914e-09
    ],
    "lights": [],
    "frames": [
        {
            "file_path": "/data/shapenet_blender/all_50_random/02958343/8b049c92888475f67c3c6f82a395b347/r_0",
            "rotation": 0.12566370614359174,
            "transform_matrix": [
                [
                    -0.08594746887683868,
                    -0.8908070921897888,
                    -0.44617900252342224,
                    -1.798604965209961
                ],
                [
                    -0.9962997436523438,
                    0.07684697210788727,
                    0.038490381091833115,
                    0.15515968203544617
                ],
                [
                    0.0,
                    0.4478361904621124,
                    -0.8941156268119812,
                    -3.604295253753662
                ],
                [
                    0.0,
                    0.0,
                    0.0,
                    1.0
                ]
            ]
        },
        {
            "file_path": "/data/shapenet_blender/all_50_random/02958343/8b049c92888475f67c3c6f82a395b347/r_1",
            "rotation": 0.12566370614359174,
            "transform_matrix": [
                [
                    0.7916672229766846,
                    0.2619810104370117,
                    0.5519317984580994,
                    2.2249085903167725
                ],
                [
                    0.6109523773193359,
                    -0.3394728899002075,
                    -0.7151888608932495,
                    -2.883018732070923
                ],
                [
                    -1.4901161193847656e-08,
                    0.9033957719802856,
                    -0.4288075268268585,
                    -1.7285785675048828
                ],
                [
                    0.0,
                    0.0,
                    0.0,
                    1.0
                ]
            ]
        },
        {
            "file_path": "/data/shapenet_blender/all_50_random/02958343/8b049c92888475f67c3c6f82a395b347/r_2",
            "rotation": 0.12566370614359174,
            "transform_matrix": [
                [
                    -0.659622073173523,
                    0.18720756471157074,
                    -0.7279093265533447,
                    -2.9342966079711914
                ],
                [
                    -0.7515975832939148,
                    -0.1642983853816986,
                    0.638832688331604,
                    2.5752172470092773
                ],
                [
                    -1.4901162970204496e-08,
                    0.9684829711914062,
                    0.24907957017421722,
                    1.0040719509124756
                ],
                [
                    0.0,
                    0.0,
                    0.0,
                    1.0
                ]
            ]
        },
        {
            "file_path": "/data/shapenet_blender/all_50_random/02958343/8b049c92888475f67c3c6f82a395b347/r_3",
            "rotation": 0.12566370614359174,
            "transform_matrix": [
                [
                    -0.39444512128829956,
                    -0.6575878858566284,
                    -0.6418654322624207,
                    -2.58744215965271
                ],
                [
                    -0.918919563293457,
                    0.28226879239082336,
                    0.2755199372768402,
                    1.1106563806533813
                ],
                [
                    0.0,
                    0.6985002160072327,
                    -0.7156098484992981,
                    -2.8847155570983887
                ],
                [
                    0.0,
                    0.0,
                    0.0,
                    1.0
                ]
            ]
        },
        {
            "file_path": "/data/shapenet_blender/all_50_random/02958343/8b049c92888475f67c3c6f82a395b347/r_4",
            "rotation": 0.12566370614359174,
            "transform_matrix": [
                [
                    -0.5586398243904114,
                    0.37495413422584534,
                    0.7398182153701782,
                    2.982302665710449
                ],
                [
                    0.8294104337692261,
                    0.2525460422039032,
                    0.4982960522174835,
                    2.008695602416992
                ],
                [
                    0.0,
                    0.8919808268547058,
                    -0.4520731270313263,
                    -1.8223650455474854
                ],
                [
                    0.0,
                    0.0,
                    0.0,
                    1.0
                ]
            ]
        },
        {
            "file_path": "/data/shapenet_blender/all_50_random/02958343/8b049c92888475f67c3c6f82a395b347/r_5",
            "rotation": 0.12566370614359174,
            "transform_matrix": [
                [
                    0.7170372009277344,
                    -0.5130288600921631,
                    0.4718676507472992,
                    1.9021594524383545
                ],
                [
                    0.6970348954200745,
                    0.5277508497238159,
                    -0.4854084849357605,
                    -1.9567443132400513
                ],
                [
                    1.4901159417490817e-08,
                    0.6769642233848572,
                    0.7360159158706665,
                    2.966975212097168
                ],
                [
                    0.0,
                    0.0,
                    0.0,
                    1.0
                ]
            ]
        },
        {
            "file_path": "/data/shapenet_blender/all_50_random/02958343/8b049c92888475f67c3c6f82a395b347/r_6",
            "rotation": 0.12566370614359174,
            "transform_matrix": [
                [
                    -0.39081624150276184,
                    -0.07396018505096436,
                    0.9174925088882446,
                    3.698530673980713
                ],
                [
                    0.9204686880111694,
                    -0.031402308493852615,
                    0.38955262303352356,
                    1.5703368186950684
                ],
                [
                    -1.8626450382086546e-09,
                    0.9967666268348694,
                    0.08035057783126831,
                    0.32390353083610535
                ],
                [
                    0.0,
                    0.0,
                    0.0,
                    1.0
                ]
            ]
        },
        {
            "file_path": "/data/shapenet_blender/all_50_random/02958343/8b049c92888475f67c3c6f82a395b347/r_7",
            "rotation": 0.12566370614359174,
            "transform_matrix": [
                [
                    -0.999342679977417,
                    -0.023773914203047752,
                    0.027369163930416107,
                    0.11032862961292267
                ],
                [
                    0.036252863705158234,
                    -0.6553492546081543,
                    0.7544555068016052,
                    3.0413074493408203
                ],
                [
                    1.862645149230957e-09,
                    0.7549517750740051,
                    0.6557803153991699,
                    2.6435348987579346
                ],
                [
                    0.0,
                    0.0,
                    0.0,
                    1.0
                ]
            ]
        },
        {
            "file_path": "/data/shapenet_blender/all_50_random/02958343/8b049c92888475f67c3c6f82a395b347/r_8",
            "rotation": 0.12566370614359174,
            "transform_matrix": [
                [
                    -0.5685267448425293,
                    0.03489292785525322,
                    0.8219244480133057,
                    3.3132834434509277
                ],
                [
                    0.822664737701416,
                    0.024113789200782776,
                    0.5680151581764221,
                    2.2897422313690186
                ],
                [
                    0.0,
                    0.9991001486778259,
                    -0.04241451621055603,
                    -0.170978382229805
                ],
                [
                    0.0,
                    0.0,
                    0.0,
                    1.0
                ]
            ]
        },
        {
            "file_path": "/data/shapenet_blender/all_50_random/02958343/8b049c92888475f67c3c6f82a395b347/r_9",
            "rotation": 0.12566370614359174,
            "transform_matrix": [
                [
                    0.9936650991439819,
                    0.04674161598086357,
                    -0.10220010578632355,
                    -0.4119817912578583
                ],
                [
                    -0.11238167434930801,
                    0.41328367590904236,
                    -0.9036409258842468,
                    -3.642693042755127
                ],
                [
                    0.0,
                    0.9094017744064331,
                    0.4159185290336609,
                    1.6766211986541748
                ],
                [
                    0.0,
                    0.0,
                    0.0,
                    1.0
                ]
            ]
        },
        {
            "file_path": "/data/shapenet_blender/all_50_random/02958343/8b049c92888475f67c3c6f82a395b347/r_10",
            "rotation": 0.12566370614359174,
            "transform_matrix": [
                [
                    -0.9852502346038818,
                    0.1607775092124939,
                    -0.05858802795410156,
                    -0.23617589473724365
                ],
                [
                    -0.17111973464488983,
                    -0.9257031679153442,
                    0.33733028173446655,
                    1.3598219156265259
                ],
                [
                    0.0,
                    0.3423803150653839,
                    0.9395614266395569,
                    3.7874932289123535
                ],
                [
                    0.0,
                    0.0,
                    0.0,
                    1.0
                ]
            ]
        },
        {
            "file_path": "/data/shapenet_blender/all_50_random/02958343/8b049c92888475f67c3c6f82a395b347/r_11",
            "rotation": 0.12566370614359174,
            "transform_matrix": [
                [
                    -0.9094932675361633,
                    -0.3212677538394928,
                    -0.26383522152900696,
                    -1.063553810119629
                ],
                [
                    -0.4157187044620514,
                    0.7028571963310242,
                    0.5772085189819336,
                    2.3268020153045654
                ],
                [
                    0.0,
                    0.6346483826637268,
                    -0.7728009223937988,
                    -3.115260124206543
                ],
                [
                    0.0,
                    0.0,
                    0.0,
                    1.0
                ]
            ]
        },
        {
            "file_path": "/data/shapenet_blender/all_50_random/02958343/8b049c92888475f67c3c6f82a395b347/r_12",
            "rotation": 0.12566370614359174,
            "transform_matrix": [
                [
                    0.3870863616466522,
                    0.2391180694103241,
                    -0.8904979825019836,
                    -3.589712381362915
                ],
                [
                    -0.9220435619354248,
                    0.10038499534130096,
                    -0.37384307384490967,
                    -1.507009744644165
                ],
                [
                    0.0,
                    0.965787410736084,
                    0.25933489203453064,
                    1.045412540435791
                ],
                [
                    0.0,
                    0.0,
                    0.0,
                    1.0
                ]
            ]
        },
        {
            "file_path": "/data/shapenet_blender/all_50_random/02958343/8b049c92888475f67c3c6f82a395b347/r_13",
            "rotation": 0.12566370614359174,
            "transform_matrix": [
                [
                    -0.48722586035728455,
                    -0.5964607000350952,
                    -0.6378445029258728,
                    -2.5712335109710693
                ],
                [
                    -0.8732761144638062,
                    0.3327825963497162,
                    0.3558717966079712,
                    1.4345650672912598
                ],
                [
                    0.0,
                    0.7304040789604187,
                    -0.6830151677131653,
                    -2.753322124481201
                ],
                [
                    0.0,
                    0.0,
                    0.0,
                    1.0
                ]
            ]
        },
        {
            "file_path": "/data/shapenet_blender/all_50_random/02958343/8b049c92888475f67c3c6f82a395b347/r_14",
            "rotation": 0.12566370614359174,
            "transform_matrix": [
                [
                    0.9978190064430237,
                    -0.017112644389271736,
                    -0.06375338137149811,
                    -0.25699809193611145
                ],
                [
                    -0.06601011753082275,
                    -0.25867733359336853,
                    -0.9637057185173035,
                    -3.884821891784668
                ],
                [
                    -1.862645149230957e-09,
                    0.9658122062683105,
                    -0.2592427432537079,
                    -1.0450409650802612
                ],
                [
                    0.0,
                    0.0,
                    0.0,
                    1.0
                ]
            ]
        },
        {
            "file_path": "/data/shapenet_blender/all_50_random/02958343/8b049c92888475f67c3c6f82a395b347/r_15",
            "rotation": 0.12566370614359174,
            "transform_matrix": [
                [
                    -0.8151273727416992,
                    0.0436454638838768,
                    0.5776351690292358,
                    2.328522205352783
                ],
                [
                    0.579281747341156,
                    0.06141503155231476,
                    0.8128103613853455,
                    3.276543617248535
                ],
                [
                    3.725290076417309e-09,
                    0.997157633304596,
                    -0.07534408569335938,
                    -0.30372175574302673
                ],
                [
                    0.0,
                    0.0,
                    0.0,
                    1.0
                ]
            ]
        },
        {
            "file_path": "/data/shapenet_blender/all_50_random/02958343/8b049c92888475f67c3c6f82a395b347/r_16",
            "rotation": 0.12566370614359174,
            "transform_matrix": [
                [
                    -0.4442785978317261,
                    0.32192927598953247,
                    -0.8360490798950195,
                    -3.3702216148376465
                ],
                [
                    -0.8958888053894043,
                    -0.1596473604440689,
                    0.414603590965271,
                    1.6713205575942993
                ],
                [
                    1.4901162970204496e-08,
                    0.9332063794136047,
                    0.35934072732925415,
                    1.4485487937927246
                ],
                [
                    0.0,
                    0.0,
                    0.0,
                    1.0
                ]
            ]
        },
        {
            "file_path": "/data/shapenet_blender/all_50_random/02958343/8b049c92888475f67c3c6f82a395b347/r_17",
            "rotation": 0.12566370614359174,
            "transform_matrix": [
                [
                    -0.7302361726760864,
                    -0.23446673154830933,
                    -0.6417012214660645,
                    -2.586780309677124
                ],
                [
                    -0.6831948161125183,
                    0.25061094760894775,
                    0.6858855485916138,
                    2.764893054962158
                ],
                [
                    1.4901162970204496e-08,
                    0.9392653703689575,
                    -0.34319162368774414,
                    -1.383449673652649
                ],
                [
                    0.0,
                    0.0,
                    0.0,
                    1.0
                ]
            ]
        },
        {
            "file_path": "/data/shapenet_blender/all_50_random/02958343/8b049c92888475f67c3c6f82a395b347/r_18",
            "rotation": 0.12566370614359174,
            "transform_matrix": [
                [
                    0.8610741496086121,
                    -0.4219173789024353,
                    0.2837905287742615,
                    1.143996238708496
                ],
                [
                    0.5084794163703918,
                    0.7144873738288879,
                    -0.48057931661605835,
                    -1.9372771978378296
                ],
                [
                    1.4901159417490817e-08,
                    0.5581161975860596,
                    0.8297629356384277,
                    3.344881296157837
                ],
                [
                    0.0,
                    0.0,
                    0.0,
                    1.0
                ]
            ]
        },
        {
            "file_path": "/data/shapenet_blender/all_50_random/02958343/8b049c92888475f67c3c6f82a395b347/r_19",
            "rotation": 0.12566370614359174,
            "transform_matrix": [
                [
                    -0.35121893882751465,
                    -0.7628859281539917,
                    -0.5428168773651123,
                    -2.188164710998535
                ],
                [
                    -0.9362933039665222,
                    0.28617098927497864,
                    0.20361949503421783,
                    0.8208164572715759
                ],
                [
                    0.0,
                    0.5797507762908936,
                    -0.8147937655448914,
                    -3.284538745880127
                ],
                [
                    0.0,
                    0.0,
                    0.0,
                    1.0
                ]
            ]
        },
        {
            "file_path": "/data/shapenet_blender/all_50_random/02958343/8b049c92888475f67c3c6f82a395b347/r_20",
            "rotation": 0.12566370614359174,
            "transform_matrix": [
                [
                    0.6809085011482239,
                    -0.3412243723869324,
                    -0.648019552230835,
                    -2.612250566482544
                ],
                [
                    -0.7323684692382812,
                    -0.31724822521209717,
                    -0.6024864315986633,
                    -2.4287006855010986
                ],
                [
                    1.4901162970204496e-08,
                    0.8848273158073425,
                    -0.46591895818710327,
                    -1.8781795501708984
                ],
                [
                    0.0,
                    0.0,
                    0.0,
                    1.0
                ]
            ]
        },
        {
            "file_path": "/data/shapenet_blender/all_50_random/02958343/8b049c92888475f67c3c6f82a395b347/r_21",
            "rotation": 0.12566370614359174,
            "transform_matrix": [
                [
                    0.33219385147094727,
                    0.18612085282802582,
                    0.9246655106544495,
                    3.7274458408355713
                ],
                [
                    0.9432111978530884,
                    -0.06555075198411942,
                    -0.32566216588020325,
                    -1.3127862215042114
                ],
                [
                    0.0,
                    0.9803377389907837,
                    -0.19732682406902313,
                    -0.7954498529434204
                ],
                [
                    0.0,
                    0.0,
                    0.0,
                    1.0
                ]
            ]
        },
        {
            "file_path": "/data/shapenet_blender/all_50_random/02958343/8b049c92888475f67c3c6f82a395b347/r_22",
            "rotation": 0.12566370614359174,
            "transform_matrix": [
                [
                    0.806403398513794,
                    0.37765011191368103,
                    -0.45507586002349854,
                    -1.8344695568084717
                ],
                [
                    -0.5913659930229187,
                    0.5149743556976318,
                    -0.6205542683601379,
                    -2.5015344619750977
                ],
                [
                    1.4901162970204496e-08,
                    0.7695333957672119,
                    0.6386064291000366,
                    2.5743050575256348
                ],
                [
                    0.0,
                    0.0,
                    0.0,
                    1.0
                ]
            ]
        },
        {
            "file_path": "/data/shapenet_blender/all_50_random/02958343/8b049c92888475f67c3c6f82a395b347/r_23",
            "rotation": 0.12566370614359174,
            "transform_matrix": [
                [
                    0.2087538093328476,
                    0.36187848448753357,
                    -0.9085513949394226,
                    -3.6624879837036133
                ],
                [
                    -0.9779682159423828,
                    0.07724536955356598,
                    -0.1939363181591034,
                    -0.7817823886871338
                ],
                [
                    7.450581485102248e-09,
                    0.9290193319320679,
                    0.37003093957901,
                    1.4916425943374634
                ],
                [
                    0.0,
                    0.0,
                    0.0,
                    1.0
                ]
            ]
        },
        {
            "file_path": "/data/shapenet_blender/all_50_random/02958343/8b049c92888475f67c3c6f82a395b347/r_24",
            "rotation": 0.12566370614359174,
            "transform_matrix": [
                [
                    -0.7748467326164246,
                    -0.5123559832572937,
                    -0.3702754080295563,
                    -1.4926279783248901
                ],
                [
                    -0.6321492791175842,
                    0.6280120611190796,
                    0.4538590908050537,
                    1.8295646905899048
                ],
                [
                    0.0,
                    0.5857405066490173,
                    -0.8104985356330872,
                    -3.2672243118286133
                ],
                [
                    0.0,
                    0.0,
                    0.0,
                    1.0
                ]
            ]
        },
        {
            "file_path": "/data/shapenet_blender/all_50_random/02958343/8b049c92888475f67c3c6f82a395b347/r_25",
            "rotation": 0.12566370614359174,
            "transform_matrix": [
                [
                    -0.6739831566810608,
                    0.13252535462379456,
                    0.7267624735832214,
                    2.929673433303833
                ],
                [
                    0.7387467622756958,
                    0.12090727686882019,
                    0.6630494594573975,
                    2.6728382110595703
                ],
                [
                    0.0,
                    0.9837777018547058,
                    -0.17939209938049316,
                    -0.723152756690979
                ],
                [
                    0.0,
                    0.0,
                    0.0,
                    1.0
                ]
            ]
        },
        {
            "file_path": "/data/shapenet_blender/all_50_random/02958343/8b049c92888475f67c3c6f82a395b347/r_26",
            "rotation": 0.12566370614359174,
            "transform_matrix": [
                [
                    -0.9904797077178955,
                    -0.07104313373565674,
                    0.11791025847196579,
                    0.4753114581108093
                ],
                [
                    0.13765883445739746,
                    -0.5111678838729858,
                    0.8483851552009583,
                    3.419950008392334
                ],
                [
                    -3.725290298461914e-09,
                    0.8565397262573242,
                    0.5160810947418213,
                    2.0803894996643066
                ],
                [
                    0.0,
                    0.0,
                    0.0,
                    1.0
                ]
            ]
        },
        {
            "file_path": "/data/shapenet_blender/all_50_random/02958343/8b049c92888475f67c3c6f82a395b347/r_27",
            "rotation": 0.12566370614359174,
            "transform_matrix": [
                [
                    -0.9723204374313354,
                    -0.1861284226179123,
                    -0.14124168455600739,
                    -0.5693634748458862
                ],
                [
                    -0.23365148901939392,
                    0.77455735206604,
                    0.587765097618103,
                    2.369357109069824
                ],
                [
                    -7.450580596923828e-09,
                    0.6044973134994507,
                    -0.7966070771217346,
                    -3.211225986480713
                ],
                [
                    0.0,
                    0.0,
                    0.0,
                    1.0
                ]
            ]
        },
        {
            "file_path": "/data/shapenet_blender/all_50_random/02958343/8b049c92888475f67c3c6f82a395b347/r_28",
            "rotation": 0.12566370614359174,
            "transform_matrix": [
                [
                    -0.9296513795852661,
                    0.10700682550668716,
                    0.3525591194629669,
                    1.4212112426757812
                ],
                [
                    0.36844050884246826,
                    0.27000027894973755,
                    0.8895793557167053,
                    3.5860090255737305
                ],
                [
                    0.0,
                    0.9568955898284912,
                    -0.29043176770210266,
                    -1.170767903327942
                ],
                [
                    0.0,
                    0.0,
                    0.0,
                    1.0
                ]
            ]
        },
        {
            "file_path": "/data/shapenet_blender/all_50_random/02958343/8b049c92888475f67c3c6f82a395b347/r_29",
            "rotation": 0.12566370614359174,
            "transform_matrix": [
                [
                    0.2897370159626007,
                    0.8543921709060669,
                    -0.43135425448417664,
                    -1.738844633102417
                ],
                [
                    -0.957106351852417,
                    0.25864318013191223,
                    -0.1305803656578064,
                    -0.5263862609863281
                ],
                [
                    0.0,
                    0.4506858289241791,
                    0.8926826119422913,
                    3.5985186100006104
                ],
                [
                    0.0,
                    0.0,
                    0.0,
                    1.0
                ]
            ]
        },
        {
            "file_path": "/data/shapenet_blender/all_50_random/02958343/8b049c92888475f67c3c6f82a395b347/r_30",
            "rotation": 0.12566370614359174,
            "transform_matrix": [
                [
                    -0.08374384045600891,
                    -0.06390973925590515,
                    0.9944357872009277,
                    4.0086989402771
                ],
                [
                    0.9964872598648071,
                    -0.005370913539081812,
                    0.0835714340209961,
                    0.3368872404098511
                ],
                [
                    0.0,
                    0.9979411959648132,
                    0.06413502991199493,
                    0.25853657722473145
                ],
                [
                    0.0,
                    0.0,
                    0.0,
                    1.0
                ]
            ]
        },
        {
            "file_path": "/data/shapenet_blender/all_50_random/02958343/8b049c92888475f67c3c6f82a395b347/r_31",
            "rotation": 0.12566370614359174,
            "transform_matrix": [
                [
                    0.8523256182670593,
                    0.011503787711262703,
                    0.5228849649429321,
                    2.107816696166992
                ],
                [
                    0.5230115056037903,
                    -0.018747147172689438,
                    -0.8521194458007812,
                    -3.4350032806396484
                ],
                [
                    0.0,
                    0.9997580647468567,
                    -0.021995287388563156,
                    -0.08866584300994873
                ],
                [
                    0.0,
                    0.0,
                    0.0,
                    1.0
                ]
            ]
        },
        {
            "file_path": "/data/shapenet_blender/all_50_random/02958343/8b049c92888475f67c3c6f82a395b347/r_32",
            "rotation": 0.12566370614359174,
            "transform_matrix": [
                [
                    -0.7165233492851257,
                    -0.08187489956617355,
                    0.6927413940429688,
                    2.792529821395874
                ],
                [
                    0.6975629925727844,
                    -0.08410032838582993,
                    0.7115707397460938,
                    2.8684334754943848
                ],
                [
                    -3.725290298461914e-09,
                    0.993087887763977,
                    0.11737275868654251,
                    0.4731447100639343
                ],
                [
                    0.0,
                    0.0,
                    0.0,
                    1.0
                ]
            ]
        },
        {
            "file_path": "/data/shapenet_blender/all_50_random/02958343/8b049c92888475f67c3c6f82a395b347/r_33",
            "rotation": 0.12566370614359174,
            "transform_matrix": [
                [
                    -0.4440903961658478,
                    0.38605430722236633,
                    -0.8085454106330872,
                    -3.2593510150909424
                ],
                [
                    -0.8959820866584778,
                    -0.19134646654129028,
                    0.4007527232170105,
                    1.6154860258102417
                ],
                [
                    0.0,
                    0.9024125337600708,
                    0.4308728277683258,
                    1.7369040250778198
                ],
                [
                    0.0,
                    0.0,
                    0.0,
                    1.0
                ]
            ]
        },
        {
            "file_path": "/data/shapenet_blender/all_50_random/02958343/8b049c92888475f67c3c6f82a395b347/r_34",
            "rotation": 0.12566370614359174,
            "transform_matrix": [
                [
                    -0.991152286529541,
                    0.040308210998773575,
                    -0.1264611929655075,
                    -0.5097814202308655
                ],
                [
                    -0.13272975385189056,
                    -0.30099937319755554,
                    0.9443421363830566,
                    3.806765079498291
                ],
                [
                    0.0,
                    0.9527720808982849,
                    0.3036862909793854,
                    1.2241986989974976
                ],
                [
                    0.0,
                    0.0,
                    0.0,
                    1.0
                ]
            ]
        },
        {
            "file_path": "/data/shapenet_blender/all_50_random/02958343/8b049c92888475f67c3c6f82a395b347/r_35",
            "rotation": 0.12566370614359174,
            "transform_matrix": [
                [
                    0.440862238407135,
                    -0.036513350903987885,
                    0.8968318104743958,
                    3.6152446269989014
                ],
                [
                    0.8975748419761658,
                    0.017934279516339302,
                    -0.4404972791671753,
                    -1.7757012844085693
                ],
                [
                    0.0,
                    0.9991722702980042,
                    0.04068000614643097,
                    0.16398635506629944
                ],
                [
                    0.0,
                    0.0,
                    0.0,
                    1.0
                ]
            ]
        },
        {
            "file_path": "/data/shapenet_blender/all_50_random/02958343/8b049c92888475f67c3c6f82a395b347/r_36",
            "rotation": 0.12566370614359174,
            "transform_matrix": [
                [
                    0.9221608638763428,
                    -0.01112718228250742,
                    -0.3866465091705322,
                    -1.558621883392334
                ],
                [
                    -0.38680657744407654,
                    -0.026527605950832367,
                    -0.9217792749404907,
                    -3.715811014175415
                ],
                [
                    0.0,
                    0.9995861053466797,
                    -0.02876679040491581,
                    -0.11596263945102692
                ],
                [
                    0.0,
                    0.0,
                    0.0,
                    1.0
                ]
            ]
        },
        {
            "file_path": "/data/shapenet_blender/all_50_random/02958343/8b049c92888475f67c3c6f82a395b347/r_37",
            "rotation": 0.12566370614359174,
            "transform_matrix": [
                [
                    -0.5703358054161072,
                    0.28069937229156494,
                    -0.7719617486000061,
                    -3.11187744140625
                ],
                [
                    -0.821411669254303,
                    -0.19489970803260803,
                    0.5360009074211121,
                    2.160688877105713
                ],
                [
                    0.0,
                    0.9397989511489868,
                    0.34172797203063965,
                    1.3775495290756226
                ],
                [
                    0.0,
                    0.0,
                    0.0,
                    1.0
                ]
            ]
        },
        {
            "file_path": "/data/shapenet_blender/all_50_random/02958343/8b049c92888475f67c3c6f82a395b347/r_38",
            "rotation": 0.12566370614359174,
            "transform_matrix": [
                [
                    0.7292894721031189,
                    0.33771181106567383,
                    -0.5950525403022766,
                    -2.398733615875244
                ],
                [
                    -0.6842052340507507,
                    0.35996463894844055,
                    -0.6342622637748718,
                    -2.556792974472046
                ],
                [
                    1.4901160305669237e-08,
                    0.8696988821029663,
                    0.49358266592025757,
                    1.9896953105926514
                ],
                [
                    0.0,
                    0.0,
                    0.0,
                    1.0
                ]
            ]
        },
        {
            "file_path": "/data/shapenet_blender/all_50_random/02958343/8b049c92888475f67c3c6f82a395b347/r_39",
            "rotation": 0.12566370614359174,
            "transform_matrix": [
                [
                    0.46243950724601746,
                    -0.040916554629802704,
                    0.8857061266899109,
                    3.5703959465026855
                ],
                [
                    0.886650800704956,
                    0.021340344101190567,
                    -0.46194684505462646,
                    -1.8621673583984375
                ],
                [
                    -1.8626449271863521e-09,
                    0.9989346861839294,
                    0.04614730924367905,
                    0.18602576851844788
                ],
                [
                    0.0,
                    0.0,
                    0.0,
                    1.0
                ]
            ]
        },
        {
            "file_path": "/data/shapenet_blender/all_50_random/02958343/8b049c92888475f67c3c6f82a395b347/r_40",
            "rotation": 0.12566370614359174,
            "transform_matrix": [
                [
                    -0.6630133390426636,
                    -0.43592897057533264,
                    0.608587920665741,
                    2.453296422958374
                ],
                [
                    0.7486076354980469,
                    -0.38608571887016296,
                    0.5390031933784485,
                    2.1727914810180664
                ],
                [
                    0.0,
                    0.8129597902297974,
                    0.5823197364807129,
                    2.3474059104919434
                ],
                [
                    0.0,
                    0.0,
                    0.0,
                    1.0
                ]
            ]
        },
        {
            "file_path": "/data/shapenet_blender/all_50_random/02958343/8b049c92888475f67c3c6f82a395b347/r_41",
            "rotation": 0.12566370614359174,
            "transform_matrix": [
                [
                    -0.1608791947364807,
                    -0.6390655040740967,
                    -0.7521390914916992,
                    -3.0319695472717285
                ],
                [
                    -0.9869741201400757,
                    0.10416924208402634,
                    0.1226005107164383,
                    0.49421846866607666
                ],
                [
                    7.450580596923828e-09,
