{
    "class": "02958343",
    "model": "c34ef43ef8ccc3a701a8678a1e8d9e5",
    "remove_doubles": true,
    "edge_split": true,
    "denoise": true,
    "camera_angle_x": 0.6911112070083618,
    "scale_factor": 2.176588784270745,
    "hdri_file": "/data/IndoorHDRDataset2018/9C4A8239-7a9d7093e2.exr",
    "center_offset": [
        0.0,
        0.0,
        1.862645149230957e-09
    ],
    "lights": [],
    "frames": [
        {
            "file_path": "/data/shapenet_blender/all_50_random/02958343/c34ef43ef8ccc3a701a8678a1e8d9e5/r_0",
            "rotation": 0.12566370614359174,
            "transform_matrix": [
                [
                    0.9061140418052673,
                    -0.1593034863471985,
                    0.39189237356185913,
                    1.5797687768936157
                ],
                [
                    0.42303338646888733,
                    0.3412192165851593,
                    -0.839411735534668,
                    -3.383777141571045
                ],
                [
                    0.0,
                    0.9263864159584045,
                    0.37657421827316284,
                    1.5180193185806274
                ],
                [
                    0.0,
                    0.0,
                    0.0,
                    1.0
                ]
            ]
        },
        {
            "file_path": "/data/shapenet_blender/all_50_random/02958343/c34ef43ef8ccc3a701a8678a1e8d9e5/r_1",
            "rotation": 0.12566370614359174,
            "transform_matrix": [
                [
                    -0.21003912389278412,
                    -0.6403336524963379,
                    -0.7388208508491516,
                    -2.9782822132110596
                ],
                [
                    -0.9776930809020996,
                    0.13756373524665833,
                    0.15872187912464142,
                    0.6398283839225769
                ],
                [
                    -7.450581485102248e-09,
                    0.7556777596473694,
                    -0.6549435257911682,
                    -2.6401617527008057
                ],
                [
                    0.0,
                    0.0,
                    0.0,
                    1.0
                ]
            ]
        },
        {
            "file_path": "/data/shapenet_blender/all_50_random/02958343/c34ef43ef8ccc3a701a8678a1e8d9e5/r_2",
            "rotation": 0.12566370614359174,
            "transform_matrix": [
                [
                    -0.8490610122680664,
                    -0.21576343476772308,
                    0.482225626707077,
                    1.9439138174057007
                ],
                [
                    0.5282948613166809,
                    -0.3467690646648407,
                    0.7750197649002075,
                    3.1242048740386963
                ],
                [
                    0.0,
                    0.9127964973449707,
                    0.408414751291275,
                    1.646372675895691
                ],
                [
                    0.0,
                    0.0,
                    0.0,
                    1.0
                ]
            ]
        },
        {
            "file_path": "/data/shapenet_blender/all_50_random/02958343/c34ef43ef8ccc3a701a8678a1e8d9e5/r_3",
            "rotation": 0.12566370614359174,
            "transform_matrix": [
                [
                    0.962996780872345,
                    -0.10903257131576538,
                    0.24647338688373566,
                    0.9935660362243652
                ],
                [
                    0.26951298117637634,
                    0.3895842432975769,
                    -0.8806740045547485,
                    -3.5501108169555664
                ],
                [
                    7.450580596923828e-09,
                    0.9145140647888184,
                    0.40455400943756104,
                    1.6308095455169678
                ],
                [
                    0.0,
                    0.0,
                    0.0,
                    1.0
                ]
            ]
        },
        {
            "file_path": "/data/shapenet_blender/all_50_random/02958343/c34ef43ef8ccc3a701a8678a1e8d9e5/r_4",
            "rotation": 0.12566370614359174,
            "transform_matrix": [
                [
                    0.9997556209564209,
                    -0.004965650383383036,
                    0.021543605253100395,
                    0.0868450403213501
                ],
                [
                    0.022108474746346474,
                    0.2245490401983261,
                    -0.9742120504379272,
                    -3.9271738529205322
                ],
                [
                    4.6566123179658803e-10,
                    0.9744501113891602,
                    0.22460399568080902,
                    0.9054075479507446
                ],
                [
                    0.0,
                    0.0,
                    0.0,
                    1.0
                ]
            ]
        },
        {
            "file_path": "/data/shapenet_blender/all_50_random/02958343/c34ef43ef8ccc3a701a8678a1e8d9e5/r_5",
            "rotation": 0.12566370614359174,
            "transform_matrix": [
                [
                    -0.9981802105903625,
                    0.006079185754060745,
                    -0.059993352741003036,
                    -0.24184094369411469
                ],
                [
                    -0.060300566256046295,
                    -0.10063127428293228,
                    0.9930947422981262,
                    4.003293037414551
                ],
                [
                    0.0,
                    0.9949051737785339,
                    0.10081473737955093,
                    0.4063971936702728
                ],
                [
                    0.0,
                    0.0,
                    0.0,
                    1.0
                ]
            ]
        },
        {
            "file_path": "/data/shapenet_blender/all_50_random/02958343/c34ef43ef8ccc3a701a8678a1e8d9e5/r_6",
            "rotation": 0.12566370614359174,
            "transform_matrix": [
                [
                    0.9483407735824585,
                    -0.125782772898674,
                    -0.2912534177303314,
                    -1.1740801334381104
                ],
                [
                    -0.31725361943244934,
                    -0.3759923279285431,
                    -0.8706204295158386,
                    -3.5095832347869873
                ],
                [
                    0.0,
                    0.9180459976196289,
                    -0.39647388458251953,
                    -1.59823739528656
                ],
                [
                    0.0,
                    0.0,
                    0.0,
                    1.0
                ]
            ]
        },
        {
            "file_path": "/data/shapenet_blender/all_50_random/02958343/c34ef43ef8ccc3a701a8678a1e8d9e5/r_7",
            "rotation": 0.12566370614359174,
            "transform_matrix": [
                [
                    -0.30631202459335327,
                    -0.1437470018863678,
                    0.9410151839256287,
                    3.793353796005249
                ],
                [
                    0.9519311785697937,
                    -0.046254854649305344,
                    0.3027994930744171,
                    1.2206239700317383
                ],
                [
                    0.0,
                    0.9885329008102417,
                    0.15100564062595367,
                    0.6087232828140259
                ],
                [
                    0.0,
                    0.0,
                    0.0,
                    1.0
                ]
            ]
        },
        {
            "file_path": "/data/shapenet_blender/all_50_random/02958343/c34ef43ef8ccc3a701a8678a1e8d9e5/r_8",
            "rotation": 0.12566370614359174,
            "transform_matrix": [
                [
                    0.5556025505065918,
                    0.7919631600379944,
                    0.2531800866127014,
                    1.020601749420166
                ],
                [
                    0.8314480781555176,
                    -0.5292173624038696,
                    -0.16918376088142395,
                    -0.6820015907287598
                ],
                [
                    -1.4901162970204496e-08,
                    0.30450499057769775,
                    -0.9525105953216553,
                    -3.839693307876587
                ],
                [
                    0.0,
                    0.0,
                    0.0,
                    1.0
                ]
            ]
        },
        {
            "file_path": "/data/shapenet_blender/all_50_random/02958343/c34ef43ef8ccc3a701a8678a1e8d9e5/r_9",
            "rotation": 0.12566370614359174,
            "transform_matrix": [
                [
                    0.5223650932312012,
                    -0.1178431436419487,
                    -0.8445398211479187,
                    -3.404449462890625
                ],
                [
                    -0.8527219295501709,
                    -0.07218899577856064,
                    -0.517352819442749,
                    -2.0855162143707275
                ],
                [
                    -3.725290298461914e-09,
                    0.9904048442840576,
                    -0.1381964385509491,
                    -0.5570877194404602
                ],
                [
                    0.0,
                    0.0,
                    0.0,
                    1.0
                ]
            ]
        },
        {
            "file_path": "/data/shapenet_blender/all_50_random/02958343/c34ef43ef8ccc3a701a8678a1e8d9e5/r_10",
            "rotation": 0.12566370614359174,
            "transform_matrix": [
                [
                    0.8104784488677979,
                    -0.19470007717609406,
                    0.5524641275405884,
                    2.2270541191101074
                ],
                [
                    0.5857685208320618,
                    0.2693900465965271,
                    -0.764397919178009,
                    -3.0813865661621094
                ],
                [
                    -1.4901161193847656e-08,
                    0.9431440830230713,
                    0.33238402009010315,
                    1.3398828506469727
                ],
                [
                    0.0,
                    0.0,
                    0.0,
                    1.0
                ]
            ]
        },
        {
            "file_path": "/data/shapenet_blender/all_50_random/02958343/c34ef43ef8ccc3a701a8678a1e8d9e5/r_11",
            "rotation": 0.12566370614359174,
            "transform_matrix": [
                [
                    0.05655082315206528,
                    0.9219076037406921,
                    0.3832602798938751,
                    1.5449715852737427
                ],
                [
                    0.9983997344970703,
                    -0.05221819877624512,
                    -0.021708423271775246,
                    -0.08750945329666138
                ],
                [
                    0.0,
                    0.3838745057582855,
                    -0.9233852028846741,
                    -3.7222847938537598
                ],
                [
                    0.0,
                    0.0,
                    0.0,
                    1.0
                ]
            ]
        },
        {
            "file_path": "/data/shapenet_blender/all_50_random/02958343/c34ef43ef8ccc3a701a8678a1e8d9e5/r_12",
            "rotation": 0.12566370614359174,
            "transform_matrix": [
                [
                    -0.7972085475921631,
                    -0.5284928679466248,
                    0.2918115258216858,
                    1.1763298511505127
                ],
                [
                    0.6037041544914246,
                    -0.6978898644447327,
                    0.3853453993797302,
                    1.5533770322799683
                ],
                [
                    1.4901162970204496e-08,
                    0.4833683669567108,
                    0.8754169940948486,
                    3.528918743133545
                ],
                [
                    0.0,
                    0.0,
                    0.0,
                    1.0
                ]
            ]
        },
        {
            "file_path": "/data/shapenet_blender/all_50_random/02958343/c34ef43ef8ccc3a701a8678a1e8d9e5/r_13",
            "rotation": 0.12566370614359174,
            "transform_matrix": [
                [
                    -0.9947343468666077,
                    -0.007958504371345043,
                    0.10217747092247009,
                    0.41189056634902954
                ],
                [
                    0.10248695313930511,
                    -0.07724492996931076,
                    0.9917305707931519,
                    3.9977939128875732
                ],
                [
                    -9.313225746154785e-10,
                    0.9969803690910339,
                    0.07765382528305054,
                    0.3130325675010681
                ],
                [
                    0.0,
                    0.0,
                    0.0,
                    1.0
                ]
            ]
        },
        {
            "file_path": "/data/shapenet_blender/all_50_random/02958343/c34ef43ef8ccc3a701a8678a1e8d9e5/r_14",
            "rotation": 0.12566370614359174,
            "transform_matrix": [
                [
                    0.4747832417488098,
                    -0.3406608998775482,
                    0.811499297618866,
                    3.2712578773498535
                ],
                [
                    0.8801027536392212,
                    0.18377408385276794,
                    -0.4377741813659668,
                    -1.7647240161895752
                ],
                [
                    1.4901159417490817e-08,
                    0.9220505356788635,
                    0.3870694935321808,
                    1.5603268146514893
                ],
                [
                    0.0,
                    0.0,
                    0.0,
                    1.0
                ]
            ]
        },
        {
            "file_path": "/data/shapenet_blender/all_50_random/02958343/c34ef43ef8ccc3a701a8678a1e8d9e5/r_15",
            "rotation": 0.12566370614359174,
            "transform_matrix": [
                [
                    -0.9696356058120728,
                    -0.000651393726002425,
                    0.24455353617668152,
                    0.985826849937439
                ],
                [
                    0.24455440044403076,
                    -0.0025827158242464066,
                    0.9696321487426758,
                    3.908712148666382
                ],
                [
                    -5.820766091346741e-11,
                    0.9999964237213135,
                    0.002663594437763095,
                    0.010737292468547821
                ],
                [
                    0.0,
                    0.0,
                    0.0,
                    1.0
                ]
            ]
        },
        {
            "file_path": "/data/shapenet_blender/all_50_random/02958343/c34ef43ef8ccc3a701a8678a1e8d9e5/r_16",
            "rotation": 0.12566370614359174,
            "transform_matrix": [
                [
                    -0.6406984329223633,
                    -0.5709007978439331,
                    0.5133983492851257,
                    2.0695748329162598
                ],
                [
                    0.7677925825119019,
                    -0.4763984978199005,
                    0.428414523601532,
                    1.7269941568374634
                ],
                [
                    1.4901159417490817e-08,
                    0.6686679124832153,
                    0.7435612082481384,
                    2.9973909854888916
                ],
                [
                    0.0,
                    0.0,
                    0.0,
                    1.0
                ]
            ]
        },
        {
            "file_path": "/data/shapenet_blender/all_50_random/02958343/c34ef43ef8ccc3a701a8678a1e8d9e5/r_17",
            "rotation": 0.12566370614359174,
            "transform_matrix": [
                [
                    0.9514948725700378,
                    0.005039724987000227,
                    -0.30762338638305664,
                    -1.2400695085525513
                ],
                [
                    -0.307664692401886,
                    0.015586034394800663,
                    -0.9513671398162842,
                    -3.8350837230682373
                ],
                [
                    -4.656613428188905e-10,
                    0.9998657703399658,
                    0.01638057641685009,
                    0.06603221595287323
                ],
                [
                    0.0,
                    0.0,
                    0.0,
                    1.0
                ]
            ]
        },
        {
            "file_path": "/data/shapenet_blender/all_50_random/02958343/c34ef43ef8ccc3a701a8678a1e8d9e5/r_18",
            "rotation": 0.12566370614359174,
            "transform_matrix": [
                [
                    -0.4188787043094635,
                    0.6026108264923096,
                    0.6792649030685425,
                    2.7382044792175293
                ],
                [
                    0.9080422520637512,
                    0.27798357605934143,
                    0.31334397196769714,
                    1.2631299495697021
                ],
                [
                    -1.4901161193847656e-08,
                    0.7480542659759521,
                    -0.6636375188827515,
                    -2.675208330154419
                ],
                [
                    0.0,
                    0.0,
                    0.0,
                    1.0
                ]
            ]
        },
        {
            "file_path": "/data/shapenet_blender/all_50_random/02958343/c34ef43ef8ccc3a701a8678a1e8d9e5/r_19",
            "rotation": 0.12566370614359174,
            "transform_matrix": [
                [
                    0.6025823354721069,
                    -0.5135622024536133,
                    -0.610858678817749,
                    -2.4624500274658203
                ],
                [
                    -0.7980568408966064,
                    -0.3877713084220886,
                    -0.4612361788749695,
                    -1.8593025207519531
                ],
                [
                    0.0,
                    0.765432596206665,
                    -0.6435160040855408,
                    -2.5940959453582764
                ],
                [
                    0.0,
                    0.0,
                    0.0,
                    1.0
                ]
            ]
        },
        {
            "file_path": "/data/shapenet_blender/all_50_random/02958343/c34ef43ef8ccc3a701a8678a1e8d9e5/r_20",
            "rotation": 0.12566370614359174,
            "transform_matrix": [
                [
                    -0.9861822724342346,
                    -0.006873064208775759,
                    -0.16552135348320007,
                    -0.6672379374504089
                ],
                [
                    -0.16566398739814758,
                    0.040914710611104965,
                    0.9853331446647644,
                    3.9720048904418945
                ],
                [
                    4.656612873077393e-10,
                    0.9991390109062195,
                    -0.04148797690868378,
                    -0.16724339127540588
                ],
                [
                    0.0,
                    0.0,
                    0.0,
                    1.0
                ]
            ]
        },
        {
            "file_path": "/data/shapenet_blender/all_50_random/02958343/c34ef43ef8ccc3a701a8678a1e8d9e5/r_21",
            "rotation": 0.12566370614359174,
            "transform_matrix": [
                [
                    0.050649985671043396,
                    -0.16845645010471344,
                    0.9844069480895996,
                    3.968271017074585
                ],
                [
                    0.9987164735794067,
                    0.008543282747268677,
                    -0.04992428049445152,
                    -0.20125120878219604
                ],
                [
                    0.0,
                    0.9856721758842468,
                    0.16867291927337646,
                    0.67994225025177
                ],
                [
                    0.0,
                    0.0,
                    0.0,
                    1.0
                ]
            ]
        },
        {
            "file_path": "/data/shapenet_blender/all_50_random/02958343/c34ef43ef8ccc3a701a8678a1e8d9e5/r_22",
            "rotation": 0.12566370614359174,
            "transform_matrix": [
                [
                    -0.7056968808174133,
                    -0.592003345489502,
                    -0.3892606496810913,
                    -1.5691598653793335
                ],
                [
                    -0.7085137963294983,
                    0.5896496772766113,
                    0.3877130448818207,
                    1.5629212856292725
                ],
                [
                    0.0,
                    0.5494043827056885,
                    -0.8355565071105957,
                    -3.3682360649108887
                ],
                [
                    0.0,
                    0.0,
                    0.0,
                    1.0
                ]
            ]
        },
        {
            "file_path": "/data/shapenet_blender/all_50_random/02958343/c34ef43ef8ccc3a701a8678a1e8d9e5/r_23",
            "rotation": 0.12566370614359174,
            "transform_matrix": [
                [
                    0.9701223969459534,
                    0.08901414275169373,
                    -0.22569683194160461,
                    -0.9098130464553833
                ],
                [
                    -0.24261613190174103,
                    0.3559310734272003,
                    -0.9024690985679626,
                    -3.6379692554473877
                ],
                [
                    7.450580596923828e-09,
                    0.9302630424499512,
                    0.3668929934501648,
                    1.4789929389953613
                ],
                [
                    0.0,
                    0.0,
                    0.0,
                    1.0
                ]
            ]
        },
        {
            "file_path": "/data/shapenet_blender/all_50_random/02958343/c34ef43ef8ccc3a701a8678a1e8d9e5/r_24",
            "rotation": 0.12566370614359174,
            "transform_matrix": [
                [
                    0.3046461045742035,
                    0.4225371181964874,
                    0.8536118268966675,
                    3.441019296646118
                ],
                [
                    0.9524657130241394,
                    -0.13514845073223114,
                    -0.2730276882648468,
                    -1.1006097793579102
                ],
                [
                    -1.4901162970204496e-08,
                    0.896212637424469,
                    -0.4436245560646057,
                    -1.788307785987854
                ],
                [
                    0.0,
                    0.0,
                    0.0,
                    1.0
                ]
            ]
        },
        {
            "file_path": "/data/shapenet_blender/all_50_random/02958343/c34ef43ef8ccc3a701a8678a1e8d9e5/r_25",
            "rotation": 0.12566370614359174,
            "transform_matrix": [
                [
                    0.9912596940994263,
                    0.1079334244132042,
                    0.07585939764976501,
                    0.30579903721809387
                ],
                [
                    0.13192526996135712,
                    -0.8109897971153259,
                    -0.5699921250343323,
                    -2.2977120876312256
                ],
                [
                    -7.450581485102248e-09,
                    0.575018048286438,
                    -0.8181406259536743,
                    -3.2980306148529053
                ],
                [
                    0.0,
                    0.0,
                    0.0,
                    1.0
                ]
            ]
        },
        {
            "file_path": "/data/shapenet_blender/all_50_random/02958343/c34ef43ef8ccc3a701a8678a1e8d9e5/r_26",
            "rotation": 0.12566370614359174,
            "transform_matrix": [
                [
                    0.9981253743171692,
                    -0.00010345004557166249,
                    0.06120344623923302,
                    0.24671900272369385
                ],
                [
                    0.06120353564620018,
                    0.0016870939871296287,
                    -0.9981238842010498,
                    -4.023566246032715
                ],
                [
                    -7.275957614183426e-12,
                    0.9999985098838806,
                    0.0016902628121897578,
                    0.006813667714595795
                ],
                [
                    0.0,
                    0.0,
                    0.0,
                    1.0
                ]
            ]
        },
        {
            "file_path": "/data/shapenet_blender/all_50_random/02958343/c34ef43ef8ccc3a701a8678a1e8d9e5/r_27",
            "rotation": 0.12566370614359174,
            "transform_matrix": [
                [
                    -0.5733516812324524,
                    0.34020259976387024,
                    -0.7453387975692749,
                    -3.0045571327209473
                ],
                [
                    -0.8193094730377197,
                    -0.23807336390018463,
                    0.5215871334075928,
                    2.1025853157043457
                ],
                [
                    0.0,
                    0.909716010093689,
                    0.4152308702468872,
                    1.67384934425354
                ],
                [
                    0.0,
                    0.0,
                    0.0,
                    1.0
                ]
            ]
        },
        {
            "file_path": "/data/shapenet_blender/all_50_random/02958343/c34ef43ef8ccc3a701a8678a1e8d9e5/r_28",
            "rotation": 0.12566370614359174,
            "transform_matrix": [
                [
                    0.9867501258850098,
                    -0.10402445495128632,
                    0.12451198697090149,
                    0.5019237995147705
                ],
                [
                    0.16224771738052368,
                    0.6326507329940796,
                    -0.7572507858276367,
                    -3.05257511138916
                ],
                [
                    0.0,
                    0.7674189805984497,
                    0.6411460041999817,
                    2.5845417976379395
                ],
                [
                    0.0,
                    0.0,
                    0.0,
                    1.0
                ]
            ]
        },
        {
            "file_path": "/data/shapenet_blender/all_50_random/02958343/c34ef43ef8ccc3a701a8678a1e8d9e5/r_29",
            "rotation": 0.12566370614359174,
            "transform_matrix": [
                [
                    0.41980499029159546,
                    0.0002870141470339149,
                    -0.9076142907142639,
                    -3.658710241317749
                ],
                [
                    -0.9076142907142639,
                    0.00013275460514705628,
                    -0.41980502009391785,
                    -1.6922881603240967
                ],
                [
                    0.0,
                    0.9999999403953552,
                    0.0003162292414344847,
                    0.0012747608125209808
                ],
                [
                    0.0,
                    0.0,
                    0.0,
                    1.0
                ]
            ]
        },
        {
            "file_path": "/data/shapenet_blender/all_50_random/02958343/c34ef43ef8ccc3a701a8678a1e8d9e5/r_30",
            "rotation": 0.12566370614359174,
            "transform_matrix": [
                [
                    -0.9996529221534729,
                    -0.003654048778116703,
                    0.026090361177921295,
                    0.10517361760139465
                ],
                [
                    0.02634500153362751,
                    -0.1386517435312271,
                    0.9899907112121582,
                    3.9907803535461426
                ],
                [
                    0.0,
                    0.9903344511985779,
                    0.13869988918304443,
                    0.5591171979904175
                ],
                [
                    0.0,
                    0.0,
                    0.0,
                    1.0
                ]
            ]
        },
        {
            "file_path": "/data/shapenet_blender/all_50_random/02958343/c34ef43ef8ccc3a701a8678a1e8d9e5/r_31",
            "rotation": 0.12566370614359174,
            "transform_matrix": [
                [
                    0.9194312691688538,
                    0.22374491393566132,
                    0.32339510321617126,
                    1.303647518157959
                ],
                [
                    0.39325082302093506,
                    -0.52312171459198,
                    -0.7561066746711731,
                    -3.0479636192321777
                ],
                [
                    -1.4901161193847656e-08,
                    0.8223634958267212,
                    -0.5689623355865479,
                    -2.293560743331909
                ],
                [
                    0.0,
                    0.0,
                    0.0,
                    1.0
                ]
            ]
        },
        {
            "file_path": "/data/shapenet_blender/all_50_random/02958343/c34ef43ef8ccc3a701a8678a1e8d9e5/r_32",
            "rotation": 0.12566370614359174,
            "transform_matrix": [
                [
                    -0.9999278783798218,
                    -0.0018597079906612635,
                    0.011870200745761395,
                    0.04785031080245972
                ],
                [
                    0.012014998123049736,
                    -0.15477102994918823,
                    0.9878773093223572,
                    3.9822607040405273
                ],
                [
                    -1.1641532182693481e-10,
                    0.9879486560821533,
                    0.15478220582008362,
                    0.623947024345398
                ],
                [
                    0.0,
                    0.0,
                    0.0,
                    1.0
                ]
            ]
        },
        {
            "file_path": "/data/shapenet_blender/all_50_random/02958343/c34ef43ef8ccc3a701a8678a1e8d9e5/r_33",
            "rotation": 0.12566370614359174,
            "transform_matrix": [
                [
                    -0.3987734615802765,
                    -0.12121298909187317,
                    0.9090033769607544,
                    3.6643097400665283
                ],
                [
                    0.9170495271682739,
                    -0.05270874500274658,
                    0.39527466893196106,
                    1.5934031009674072
                ],
                [
                    3.725290298461914e-09,
                    0.9912261366844177,
                    0.13217715919017792,
                    0.5328231453895569
                ],
                [
                    0.0,
                    0.0,
                    0.0,
                    1.0
                ]
            ]
        },
        {
            "file_path": "/data/shapenet_blender/all_50_random/02958343/c34ef43ef8ccc3a701a8678a1e8d9e5/r_34",
            "rotation": 0.12566370614359174,
            "transform_matrix": [
                [
                    -0.9480018615722656,
                    -0.1233035996556282,
                    -0.29340890049934387,
                    -1.1827690601348877
                ],
                [
                    -0.3182649314403534,
                    0.367279052734375,
                    0.873964250087738,
                    3.5230624675750732
                ],
                [
                    7.450580596923828e-09,
                    0.9219014644622803,
                    -0.38742440938949585,
                    -1.5617578029632568
                ],
                [
                    0.0,
                    0.0,
                    0.0,
                    1.0
                ]
            ]
        },
        {
            "file_path": "/data/shapenet_blender/all_50_random/02958343/c34ef43ef8ccc3a701a8678a1e8d9e5/r_35",
            "rotation": 0.12566370614359174,
            "transform_matrix": [
                [
                    -0.921694815158844,
                    -0.1331833004951477,
                    -0.36433616280555725,
                    -1.4686861038208008
                ],
                [
                    -0.387915700674057,
                    0.3164459466934204,
                    0.865669310092926,
                    3.489624500274658
                ],
                [
                    7.450580152834618e-09,
                    0.9392146468162537,
                    -0.3433304727077484,
                    -1.3840093612670898
                ],
                [
                    0.0,
                    0.0,
                    0.0,
                    1.0
                ]
            ]
        },
        {
            "file_path": "/data/shapenet_blender/all_50_random/02958343/c34ef43ef8ccc3a701a8678a1e8d9e5/r_36",
            "rotation": 0.12566370614359174,
            "transform_matrix": [
                [
                    0.6074793934822083,
                    0.6272315979003906,
                    -0.4873901903629303,
                    -1.9647326469421387
                ],
                [
                    -0.7943354845046997,
                    0.47968432307243347,
                    -0.3727385699748993,
                    -1.5025572776794434
                ],
                [
                    1.4901162970204496e-08,
                    0.6135823130607605,
                    0.7896307110786438,
                    3.183103322982788
                ],
                [
                    0.0,
                    0.0,
                    0.0,
                    1.0
                ]
            ]
        },
        {
            "file_path": "/data/shapenet_blender/all_50_random/02958343/c34ef43ef8ccc3a701a8678a1e8d9e5/r_37",
            "rotation": 0.12566370614359174,
            "transform_matrix": [
                [
                    0.6601775288581848,
                    -0.10581322759389877,
                    -0.7436190247535706,
                    -2.997624158859253
                ],
                [
                    -0.7511097192764282,
                    -0.09300307929515839,
                    -0.6535937190055847,
                    -2.63472056388855
                ],
                [
                    0.0,
                    0.9900272488594055,
                    -0.14087587594985962,
                    -0.5678887963294983
                ],
                [
                    0.0,
                    0.0,
                    0.0,
                    1.0
                ]
            ]
        },
        {
            "file_path": "/data/shapenet_blender/all_50_random/02958343/c34ef43ef8ccc3a701a8678a1e8d9e5/r_38",
            "rotation": 0.12566370614359174,
            "transform_matrix": [
                [
                    -0.5336765050888062,
                    -0.4185555577278137,
                    -0.7348472476005554,
                    -2.9622642993927
                ],
                [
                    -0.8456887006759644,
                    0.2641317844390869,
                    0.4637294113636017,
                    1.869353175163269
                ],
                [
                    0.0,
                    0.8689336180686951,
                    -0.4949285686016083,
                    -1.9951210021972656
                ],
                [
                    0.0,
                    0.0,
                    0.0,
                    1.0
                ]
            ]
        },
        {
            "file_path": "/data/shapenet_blender/all_50_random/02958343/c34ef43ef8ccc3a701a8678a1e8d9e5/r_39",
            "rotation": 0.12566370614359174,
            "transform_matrix": [
                [
                    -0.914753258228302,
                    -0.05693261697888374,
                    -0.39998137950897217,
                    -1.61237633228302
                ],
                [
                    -0.4040127992630005,
                    0.1289050281047821,
                    0.9056253433227539,
                    3.6506919860839844
                ],
                [
                    -7.4505792646561986e-09,
                    0.9900212287902832,
                    -0.1409178525209427,
                    -0.5680579543113708
                ],
                [
                    0.0,
                    0.0,
                    0.0,
                    1.0
                ]
            ]
        },
        {
            "file_path": "/data/shapenet_blender/all_50_random/02958343/c34ef43ef8ccc3a701a8678a1e8d9e5/r_40",
            "rotation": 0.12566370614359174,
            "transform_matrix": [
                [
                    0.9888507127761841,
                    0.10732415318489075,
                    0.10322672128677368,
                    0.4161202311515808
                ],
                [
                    0.14891014993190765,
                    -0.7126953601837158,
                    -0.6854859590530396,
                    -2.763282299041748
                ],
                [
                    0.0,
                    0.6932147741317749,
                    -0.7207310199737549,
                    -2.9053597450256348
                ],
                [
                    0.0,
                    0.0,
                    0.0,
                    1.0
                ]
            ]
        },
        {
            "file_path": "/data/shapenet_blender/all_50_random/02958343/c34ef43ef8ccc3a701a8678a1e8d9e5/r_41",
            "rotation": 0.12566370614359174,
            "transform_matrix": [
                [
                    -0.13442188501358032,
                    -0.7156034111976624,
                    0.6854504942893982,
                    2.763139486312866
                ],
                [
                    0.9909241795539856,
                    -0.09707379341125488,
                    0.09298345446586609,
