{
    "class": "02958343",
    "model": "15cc37ac9b3b756acfd826dd468a5497",
    "remove_doubles": true,
    "edge_split": true,
    "denoise": true,
    "camera_angle_x": 0.6911112070083618,
    "scale_factor": 2.2933333369784883,
    "hdri_file": "/data/IndoorHDRDataset2018/9C4A0027-9a856d679a.exr",
    "center_offset": [
        0.0,
        -3.14321368932724e-09,
        0.0
    ],
    "lights": [],
    "frames": [
        {
            "file_path": "/data/shapenet_blender/all_50_random/02958343/15cc37ac9b3b756acfd826dd468a5497/r_0",
            "rotation": 0.12566370614359174,
            "transform_matrix": [
                [
                    0.9196293354034424,
                    -0.10450000315904617,
                    0.3786313235759735,
                    1.5263116359710693
                ],
                [
                    0.3927873969078064,
                    0.24466484785079956,
                    -0.8864858746528625,
                    -3.5735387802124023
                ],
                [
                    0.0,
                    0.9639600515365601,
                    0.26604723930358887,
                    1.072470784187317
                ],
                [
                    0.0,
                    0.0,
                    0.0,
                    1.0
                ]
            ]
        },
        {
            "file_path": "/data/shapenet_blender/all_50_random/02958343/15cc37ac9b3b756acfd826dd468a5497/r_1",
            "rotation": 0.12566370614359174,
            "transform_matrix": [
                [
                    0.7845122814178467,
                    -0.14642737805843353,
                    0.6025774478912354,
                    2.429067611694336
                ],
                [
                    0.6201134324073792,
                    0.18524686992168427,
                    -0.762327253818512,
                    -3.0730397701263428
                ],
                [
                    -7.450581485102248e-09,
                    0.9717214703559875,
                    0.2361299693584442,
                    0.9518704414367676
                ],
                [
                    0.0,
                    0.0,
                    0.0,
                    1.0
                ]
            ]
        },
        {
            "file_path": "/data/shapenet_blender/all_50_random/02958343/15cc37ac9b3b756acfd826dd468a5497/r_2",
            "rotation": 0.12566370614359174,
            "transform_matrix": [
                [
                    -0.8584851026535034,
                    0.07505182176828384,
                    -0.5073169469833374,
                    -2.045060157775879
                ],
                [
                    -0.5128384828567505,
                    -0.1256357878446579,
                    0.8492421507835388,
                    3.4234049320220947
                ],
                [
                    7.450580596923828e-09,
                    0.9892333745956421,
                    0.14634592831134796,
                    0.5899393558502197
                ],
                [
                    0.0,
                    0.0,
                    0.0,
                    1.0
                ]
            ]
        },
        {
            "file_path": "/data/shapenet_blender/all_50_random/02958343/15cc37ac9b3b756acfd826dd468a5497/r_3",
            "rotation": 0.12566370614359174,
            "transform_matrix": [
                [
                    -0.7193687558174133,
                    0.21318462491035461,
                    -0.6611058712005615,
                    -2.6650030612945557
                ],
                [
                    -0.6946284770965576,
                    -0.22077754139900208,
                    0.6846522092819214,
                    2.7599213123321533
                ],
                [
                    0.0,
                    0.9517402648925781,
                    0.3069045841693878,
                    1.23717200756073
                ],
                [
                    0.0,
                    0.0,
                    0.0,
                    1.0
                ]
            ]
        },
        {
            "file_path": "/data/shapenet_blender/all_50_random/02958343/15cc37ac9b3b756acfd826dd468a5497/r_4",
            "rotation": 0.12566370614359174,
            "transform_matrix": [
                [
                    -0.6268450021743774,
                    0.22489167749881744,
                    -0.7459818720817566,
                    -3.0071494579315186
                ],
                [
                    -0.7791439890861511,
                    -0.1809321790933609,
                    0.600165069103241,
                    2.4193429946899414
                ],
                [
                    1.4901161193847656e-08,
                    0.9574378132820129,
                    0.2886394262313843,
                    1.1635428667068481
                ],
                [
                    0.0,
                    0.0,
                    0.0,
                    1.0
                ]
            ]
        },
        {
            "file_path": "/data/shapenet_blender/all_50_random/02958343/15cc37ac9b3b756acfd826dd468a5497/r_5",
            "rotation": 0.12566370614359174,
            "transform_matrix": [
                [
                    -0.9965481758117676,
                    -0.0015975848073139787,
                    0.08300182223320007,
                    0.3345910906791687
                ],
                [
                    0.08301720768213272,
                    -0.019177593290805817,
                    0.9963635206222534,
                    4.016469955444336
                ],
                [
                    0.0,
                    0.9998148679733276,
                    0.01924401894211769,
                    0.07757513225078583
                ],
                [
                    0.0,
                    0.0,
                    0.0,
                    1.0
                ]
            ]
        },
        {
            "file_path": "/data/shapenet_blender/all_50_random/02958343/15cc37ac9b3b756acfd826dd468a5497/r_6",
            "rotation": 0.12566370614359174,
            "transform_matrix": [
                [
                    -0.9351349472999573,
                    -0.3001459240913391,
                    -0.18824201822280884,
                    -0.7588278651237488
                ],
                [
                    -0.35429176688194275,
                    0.7922198176383972,
                    0.4968551695346832,
                    2.00288724899292
                ],
                [
                    0.0,
                    0.5313190817832947,
                    -0.8471717238426208,
                    -3.4150583744049072
                ],
                [
                    0.0,
                    0.0,
                    0.0,
                    1.0
                ]
            ]
        },
        {
            "file_path": "/data/shapenet_blender/all_50_random/02958343/15cc37ac9b3b756acfd826dd468a5497/r_7",
            "rotation": 0.12566370614359174,
            "transform_matrix": [
                [
                    -0.9540030360221863,
                    -0.2965647280216217,
                    0.043903011828660965,
                    0.1769787073135376
                ],
                [
                    0.29979678988456726,
                    -0.9437180757522583,
                    0.13970665633678436,
                    0.5631755590438843
                ],
                [
                    -3.725290298461914e-09,
                    0.1464427411556244,
                    0.9892191290855408,
                    3.9876699447631836
                ],
                [
                    0.0,
                    0.0,
                    0.0,
                    1.0
                ]
            ]
        },
        {
            "file_path": "/data/shapenet_blender/all_50_random/02958343/15cc37ac9b3b756acfd826dd468a5497/r_8",
            "rotation": 0.12566370614359174,
            "transform_matrix": [
                [
                    -0.4421743154525757,
                    -0.29013824462890625,
                    0.8487058281898499,
                    3.4212424755096436
                ],
                [
                    0.8969290256500244,
                    -0.14303436875343323,
                    0.41840091347694397,
                    1.686627984046936
                ],
                [
                    -7.4505792646561986e-09,
                    0.9462351202964783,
                    0.3234795928001404,
                    1.3039878606796265
                ],
                [
                    0.0,
                    0.0,
                    0.0,
                    1.0
                ]
            ]
        },
        {
            "file_path": "/data/shapenet_blender/all_50_random/02958343/15cc37ac9b3b756acfd826dd468a5497/r_9",
            "rotation": 0.12566370614359174,
            "transform_matrix": [
                [
                    -0.147230863571167,
                    -0.6036420464515686,
                    -0.7835427522659302,
                    -3.158561944961548
                ],
                [
                    -0.9891022443771362,
                    0.08985394984483719,
                    0.11663272231817245,
                    0.4701615571975708
                ],
                [
                    -7.450581485102248e-09,
                    0.7921757102012634,
                    -0.6102929711341858,
                    -2.460169553756714
                ],
                [
                    0.0,
                    0.0,
                    0.0,
                    1.0
                ]
            ]
        },
        {
            "file_path": "/data/shapenet_blender/all_50_random/02958343/15cc37ac9b3b756acfd826dd468a5497/r_10",
            "rotation": 0.12566370614359174,
            "transform_matrix": [
                [
                    -0.49295610189437866,
                    -0.36349359154701233,
                    0.7904850244522095,
                    3.18654727935791
                ],
                [
                    0.8700542449951172,
                    -0.20594851672649384,
                    0.44787371158599854,
                    1.8054368495941162
                ],
                [
                    -1.4901162970204496e-08,
                    0.9085469245910645,
                    0.4177826941013336,
                    1.6841360330581665
                ],
                [
                    0.0,
                    0.0,
                    0.0,
                    1.0
                ]
            ]
        },
        {
            "file_path": "/data/shapenet_blender/all_50_random/02958343/15cc37ac9b3b756acfd826dd468a5497/r_11",
            "rotation": 0.12566370614359174,
            "transform_matrix": [
                [
                    -0.7035692930221558,
                    0.3855346441268921,
                    -0.5969532132148743,
                    -2.406395673751831
                ],
                [
                    -0.7106266021728516,
                    -0.3817058205604553,
                    0.5910247564315796,
                    2.3824973106384277
                ],
                [
                    0.0,
                    0.8400377631187439,
                    0.5425276756286621,
                    2.1869993209838867
                ],
                [
                    0.0,
                    0.0,
                    0.0,
                    1.0
                ]
            ]
        },
        {
            "file_path": "/data/shapenet_blender/all_50_random/02958343/15cc37ac9b3b756acfd826dd468a5497/r_12",
            "rotation": 0.12566370614359174,
            "transform_matrix": [
                [
                    0.2759498655796051,
                    -0.06818296760320663,
                    -0.9587505459785461,
                    -3.864847421646118
                ],
                [
                    -0.9611721038818359,
                    -0.01957514137029648,
                    -0.27525463700294495,
                    -1.1095870733261108
                ],
                [
                    1.862645371275562e-09,
                    0.9974806904792786,
                    -0.07093732059001923,
                    -0.2859575152397156
                ],
                [
                    0.0,
                    0.0,
                    0.0,
                    1.0
                ]
            ]
        },
        {
            "file_path": "/data/shapenet_blender/all_50_random/02958343/15cc37ac9b3b756acfd826dd468a5497/r_13",
            "rotation": 0.12566370614359174,
            "transform_matrix": [
                [
                    -0.733176052570343,
                    -0.2516297996044159,
                    -0.631771445274353,
                    -2.546752452850342
                ],
                [
                    -0.6800387501716614,
                    0.2712918221950531,
                    0.681137204170227,
                    2.7457520961761475
                ],
                [
                    0.0,
                    0.9290226697921753,
                    -0.370022714138031,
                    -1.4916093349456787
                ],
                [
                    0.0,
                    0.0,
                    0.0,
                    1.0
                ]
            ]
        },
        {
            "file_path": "/data/shapenet_blender/all_50_random/02958343/15cc37ac9b3b756acfd826dd468a5497/r_14",
            "rotation": 0.12566370614359174,
            "transform_matrix": [
                [
                    0.33452287316322327,
                    -0.20121677219867706,
                    -0.9206553101539612,
                    -3.711280345916748
                ],
                [
                    -0.9423877000808716,
                    -0.07142665982246399,
                    -0.32680845260620117,
                    -1.3174070119857788
                ],
                [
                    7.450581485102248e-09,
                    0.9769390225410461,
                    -0.21351803839206696,
                    -0.8607187271118164
                ],
                [
                    0.0,
                    0.0,
                    0.0,
                    1.0
                ]
            ]
        },
        {
            "file_path": "/data/shapenet_blender/all_50_random/02958343/15cc37ac9b3b756acfd826dd468a5497/r_15",
            "rotation": 0.12566370614359174,
            "transform_matrix": [
                [
                    0.6220552325248718,
                    0.5115602016448975,
                    -0.5927507281303406,
                    -2.3894546031951904
                ],
                [
                    -0.7829734086990356,
                    0.4064233899116516,
                    -0.4709274470806122,
                    -1.898369312286377
                ],
                [
                    0.0,
                    0.7570508122444153,
                    0.6533558368682861,
                    2.6337616443634033
                ],
                [
                    0.0,
                    0.0,
                    0.0,
                    1.0
                ]
            ]
        },
        {
            "file_path": "/data/shapenet_blender/all_50_random/02958343/15cc37ac9b3b756acfd826dd468a5497/r_16",
            "rotation": 0.12566370614359174,
            "transform_matrix": [
                [
                    0.38068610429763794,
                    0.11795145273208618,
                    0.9171508550643921,
                    3.697152853012085
                ],
                [
                    0.9247043132781982,
                    -0.04855874925851822,
                    -0.37757647037506104,
                    -1.5220592021942139
                ],
                [
                    7.4505797087454084e-09,
                    0.9918314218521118,
                    -0.12755586206912994,
                    -0.5141940712928772
                ],
                [
                    0.0,
                    0.0,
                    0.0,
                    1.0
                ]
            ]
        },
        {
            "file_path": "/data/shapenet_blender/all_50_random/02958343/15cc37ac9b3b756acfd826dd468a5497/r_17",
            "rotation": 0.12566370614359174,
            "transform_matrix": [
                [
                    -0.19926780462265015,
                    0.15668578445911407,
                    -0.967337429523468,
                    -3.8994622230529785
                ],
                [
                    -0.9799450635910034,
                    -0.03186140954494476,
                    0.19670408964157104,
                    0.7929396033287048
                ],
                [
                    0.0,
                    0.9871343970298767,
                    0.15989239513874054,
                    0.6445469260215759
                ],
                [
                    0.0,
                    0.0,
                    0.0,
                    1.0
                ]
            ]
        },
        {
            "file_path": "/data/shapenet_blender/all_50_random/02958343/15cc37ac9b3b756acfd826dd468a5497/r_18",
            "rotation": 0.12566370614359174,
            "transform_matrix": [
                [
                    0.32606029510498047,
                    -0.2834249436855316,
                    0.9018619060516357,
                    3.635521650314331
                ],
                [
                    0.9453489780426025,
                    0.09775608777999878,
                    -0.31106117367744446,
                    -1.2539277076721191
                ],
                [
                    7.450580596923828e-09,
                    0.9539989829063416,
                    0.29980984330177307,
                    1.2085721492767334
                ],
                [
                    0.0,
                    0.0,
                    0.0,
                    1.0
                ]
            ]
        },
        {
            "file_path": "/data/shapenet_blender/all_50_random/02958343/15cc37ac9b3b756acfd826dd468a5497/r_19",
            "rotation": 0.12566370614359174,
            "transform_matrix": [
                [
                    0.30838543176651,
                    0.35144925117492676,
                    -0.8839580416679382,
                    -3.5633487701416016
                ],
                [
                    -0.9512615203857422,
                    0.11393485218286514,
                    -0.2865666151046753,
                    -1.1551870107650757
                ],
                [
                    0.0,
                    0.9292482137680054,
                    0.3694559931755066,
                    1.489324688911438
                ],
                [
                    0.0,
                    0.0,
                    0.0,
                    1.0
                ]
            ]
        },
        {
            "file_path": "/data/shapenet_blender/all_50_random/02958343/15cc37ac9b3b756acfd826dd468a5497/r_20",
            "rotation": 0.12566370614359174,
            "transform_matrix": [
                [
                    -0.9449820518493652,
                    -0.21939334273338318,
                    0.24264276027679443,
                    0.9781242609024048
                ],
                [
                    0.3271222412586212,
                    -0.6337776780128479,
                    0.7009400129318237,
                    2.8255796432495117
                ],
                [
                    0.0,
                    0.7417494654655457,
                    0.6706770062446594,
                    2.703585386276245
                ],
                [
                    0.0,
                    0.0,
                    0.0,
                    1.0
                ]
            ]
        },
        {
            "file_path": "/data/shapenet_blender/all_50_random/02958343/15cc37ac9b3b756acfd826dd468a5497/r_21",
            "rotation": 0.12566370614359174,
            "transform_matrix": [
                [
                    -0.9855141639709473,
                    -0.00813369546085596,
                    -0.16939793527126312,
                    -0.6828649044036865
                ],
                [
                    -0.16959309577941895,
                    0.04726531729102135,
                    0.9843800663948059,
                    3.968163013458252
                ],
                [
                    0.0,
                    0.9988492727279663,
                    -0.047960054129362106,
                    -0.19333316385746002
                ],
                [
                    0.0,
                    0.0,
                    0.0,
                    1.0
                ]
            ]
        },
        {
            "file_path": "/data/shapenet_blender/all_50_random/02958343/15cc37ac9b3b756acfd826dd468a5497/r_22",
            "rotation": 0.12566370614359174,
            "transform_matrix": [
                [
                    0.9984405636787415,
                    0.05193185433745384,
                    0.020486980676651,
                    0.0825856626033783
                ],
                [
                    0.0558268278837204,
                    -0.9287805557250977,
                    -0.3664014935493469,
                    -1.4770116806030273
                ],
                [
                    0.0,
                    0.3669738173484802,
                    -0.9302312731742859,
                    -3.749882221221924
                ],
                [
                    0.0,
                    0.0,
                    0.0,
                    1.0
                ]
            ]
        },
        {
            "file_path": "/data/shapenet_blender/all_50_random/02958343/15cc37ac9b3b756acfd826dd468a5497/r_23",
            "rotation": 0.12566370614359174,
            "transform_matrix": [
                [
                    0.8381980061531067,
                    -0.3224216401576996,
                    0.43985041975975037,
                    1.7730937004089355
                ],
                [
                    0.5453660488128662,
                    0.49554458260536194,
                    -0.6760261654853821,
                    -2.7251486778259277
                ],
                [
                    -1.4901161193847656e-08,
                    0.8065232634544373,
                    0.5912023186683655,
                    2.3832128047943115
                ],
                [
                    0.0,
                    0.0,
                    0.0,
                    1.0
                ]
            ]
        },
        {
            "file_path": "/data/shapenet_blender/all_50_random/02958343/15cc37ac9b3b756acfd826dd468a5497/r_24",
            "rotation": 0.12566370614359174,
            "transform_matrix": [
                [
                    0.770806074142456,
                    -0.21332639455795288,
                    -0.6002914905548096,
                    -2.4198524951934814
                ],
                [
                    -0.6370698809623718,
                    -0.2581086754798889,
                    -0.7263069748878479,
                    -2.9278371334075928
                ],
                [
                    0.0,
                    0.9422694444656372,
                    -0.3348555266857147,
                    -1.3498457670211792
                ],
                [
                    0.0,
                    0.0,
                    0.0,
                    1.0
                ]
            ]
        },
        {
            "file_path": "/data/shapenet_blender/all_50_random/02958343/15cc37ac9b3b756acfd826dd468a5497/r_25",
            "rotation": 0.12566370614359174,
            "transform_matrix": [
                [
                    0.6998682022094727,
                    -0.5224109292030334,
                    -0.4871050715446472,
                    -1.9635833501815796
                ],
                [
                    -0.7142720818519592,
                    -0.5118760466575623,
                    -0.47728216648101807,
                    -1.9239859580993652
                ],
                [
                    0.0,
                    0.6819600462913513,
                    -0.7313894033432007,
                    -2.9483249187469482
                ],
                [
                    0.0,
                    0.0,
                    0.0,
                    1.0
                ]
            ]
        },
        {
            "file_path": "/data/shapenet_blender/all_50_random/02958343/15cc37ac9b3b756acfd826dd468a5497/r_26",
            "rotation": 0.12566370614359174,
            "transform_matrix": [
                [
                    -0.991716206073761,
                    -0.017362957820296288,
                    0.12726932764053345,
                    0.5130390524864197
                ],
                [
                    0.1284482628107071,
                    -0.13405495882034302,
                    0.9826140403747559,
                    3.9610435962677
                ],
                [
                    0.0,
                    0.9908217191696167,
                    0.1351747214794159,
                    0.544906735420227
                ],
                [
                    0.0,
                    0.0,
                    0.0,
                    1.0
                ]
            ]
        },
        {
            "file_path": "/data/shapenet_blender/all_50_random/02958343/15cc37ac9b3b756acfd826dd468a5497/r_27",
            "rotation": 0.12566370614359174,
            "transform_matrix": [
                [
                    0.9998443722724915,
                    0.009761684574186802,
                    -0.014696628786623478,
                    -0.059244006872177124
                ],
                [
                    -0.017643168568611145,
                    0.553197979927063,
                    -0.8328629732131958,
                    -3.3573780059814453
                ],
                [
                    0.0,
                    0.8329926133155823,
                    0.5532841086387634,
                    2.2303595542907715
                ],
                [
                    0.0,
                    0.0,
                    0.0,
                    1.0
                ]
            ]
        },
        {
            "file_path": "/data/shapenet_blender/all_50_random/02958343/15cc37ac9b3b756acfd826dd468a5497/r_28",
            "rotation": 0.12566370614359174,
            "transform_matrix": [
                [
                    -0.5534783601760864,
                    -0.3164950907230377,
                    0.7703846096992493,
                    3.1055197715759277
                ],
                [
                    0.8328635096549988,
                    -0.2103264182806015,
                    0.511958122253418,
                    2.0637691020965576
                ],
                [
                    0.0,
                    0.9249829053878784,
                    0.38000839948654175,
                    1.5318628549575806
                ],
                [
                    0.0,
                    0.0,
                    0.0,
                    1.0
                ]
            ]
        },
        {
            "file_path": "/data/shapenet_blender/all_50_random/02958343/15cc37ac9b3b756acfd826dd468a5497/r_29",
            "rotation": 0.12566370614359174,
            "transform_matrix": [
                [
                    -0.7835357785224915,
                    0.2390383929014206,
                    -0.5735262632369995,
                    -2.3119585514068604
                ],
                [
                    -0.6213467717170715,
                    -0.30143412947654724,
                    0.7232327461242676,
                    2.9154446125030518
                ],
                [
                    -1.4901161193847656e-08,
                    0.9230374097824097,
                    0.38471007347106934,
                    1.5508160591125488
                ],
                [
                    0.0,
                    0.0,
                    0.0,
                    1.0
                ]
            ]
        },
        {
            "file_path": "/data/shapenet_blender/all_50_random/02958343/15cc37ac9b3b756acfd826dd468a5497/r_30",
            "rotation": 0.12566370614359174,
            "transform_matrix": [
                [
                    -0.7284613847732544,
                    -0.36028048396110535,
                    -0.5827022790908813,
                    -2.348947763442993
                ],
                [
                    -0.6850867867469788,
                    0.3830907940864563,
                    0.6195946931838989,
                    2.4976658821105957
                ],
                [
                    0.0,
                    0.850552499294281,
                    -0.5258902907371521,
                    -2.119931221008301
                ],
                [
                    0.0,
                    0.0,
                    0.0,
                    1.0
                ]
            ]
        },
        {
            "file_path": "/data/shapenet_blender/all_50_random/02958343/15cc37ac9b3b756acfd826dd468a5497/r_31",
            "rotation": 0.12566370614359174,
            "transform_matrix": [
                [
                    -0.44949501752853394,
                    -0.053270675241947174,
                    0.8916930556297302,
                    3.594529628753662
                ],
                [
                    0.8932828307151794,
                    -0.026805512607097626,
                    0.4486950635910034,
                    1.80874764919281
                ],
                [
                    0.0,
                    0.9982202649116516,
                    0.059634722769260406,
                    0.24039526283740997
                ],
                [
                    0.0,
                    0.0,
                    0.0,
                    1.0
                ]
            ]
        },
        {
            "file_path": "/data/shapenet_blender/all_50_random/02958343/15cc37ac9b3b756acfd826dd468a5497/r_32",
            "rotation": 0.12566370614359174,
            "transform_matrix": [
                [
                    0.9328108429908752,
                    -0.11961526423692703,
                    -0.3399355411529541,
                    -1.3703241348266602
                ],
                [
                    -0.36036646366119385,
                    -0.3096248209476471,
                    -0.8799251914024353,
                    -3.5470921993255615
                ],
                [
                    0.0,
                    0.9433051347732544,
                    -0.3319266736507416,
                    -1.3380393981933594
                ],
                [
                    0.0,
                    0.0,
                    0.0,
                    1.0
                ]
            ]
        },
        {
            "file_path": "/data/shapenet_blender/all_50_random/02958343/15cc37ac9b3b756acfd826dd468a5497/r_33",
            "rotation": 0.12566370614359174,
            "transform_matrix": [
                [
                    0.9468327760696411,
                    -0.14120271801948547,
                    -0.2890838384628296,
                    -1.1653342247009277
                ],
                [
                    -0.32172608375549316,
                    -0.41555652022361755,
                    -0.8507673740386963,
                    -3.4295530319213867
                ],
                [
                    -7.450580152834618e-09,
                    0.8985403180122375,
                    -0.43889111280441284,
                    -1.7692266702651978
                ],
                [
                    0.0,
                    0.0,
                    0.0,
                    1.0
                ]
            ]
        },
        {
            "file_path": "/data/shapenet_blender/all_50_random/02958343/15cc37ac9b3b756acfd826dd468a5497/r_34",
            "rotation": 0.12566370614359174,
            "transform_matrix": [
                [
                    0.42790794372558594,
                    -0.37281477451324463,
                    -0.8233492374420166,
                    -3.3190269470214844
                ],
                [
                    -0.9038223624229431,
                    -0.17650637030601501,
                    -0.3898085355758667,
                    -1.5713684558868408
                ],
                [
                    -1.4901161193847656e-08,
                    0.9109635949134827,
                    -0.412486732006073,
                    -1.6627871990203857
                ],
                [
                    0.0,
                    0.0,
                    0.0,
                    1.0
                ]
            ]
        },
        {
            "file_path": "/data/shapenet_blender/all_50_random/02958343/15cc37ac9b3b756acfd826dd468a5497/r_35",
            "rotation": 0.12566370614359174,
            "transform_matrix": [
                [
                    -0.3510555624961853,
                    -0.9139580130577087,
                    0.20356996357440948,
                    0.8206167817115784
                ],
                [
                    0.9363546371459961,
                    -0.342658668756485,
                    0.07632189989089966,
                    0.3076634109020233
                ],
                [
                    0.0,
                    0.21740692853927612,
                    0.9760810732841492,
                    3.934708595275879
                ],
                [
                    0.0,
                    0.0,
                    0.0,
                    1.0
                ]
            ]
        },
        {
            "file_path": "/data/shapenet_blender/all_50_random/02958343/15cc37ac9b3b756acfd826dd468a5497/r_36",
            "rotation": 0.12566370614359174,
            "transform_matrix": [
                [
                    0.10020387172698975,
                    0.9873222708702087,
                    -0.12310069054365158,
                    -0.4962347149848938
                ],
                [
                    -0.994966983795166,
                    0.09943395853042603,
                    -0.01239756215363741,
                    -0.0499761700630188
                ],
                [
                    -9.31322685637781e-10,
                    0.12372294813394547,
                    0.992316722869873,
                    4.000156402587891
                ],
                [
                    0.0,
                    0.0,
                    0.0,
                    1.0
                ]
            ]
        },
        {
            "file_path": "/data/shapenet_blender/all_50_random/02958343/15cc37ac9b3b756acfd826dd468a5497/r_37",
            "rotation": 0.12566370614359174,
            "transform_matrix": [
                [
                    0.6992227435112,
                    0.5850059390068054,
                    -0.4109204113483429,
                    -1.6564732789993286
                ],
                [
                    -0.7149038910865784,
                    0.572174072265625,
                    -0.4019069969654083,
                    -1.6201390027999878
                ],
                [
                    2.9802322387695312e-08,
                    0.5747910737991333,
                    0.8183000683784485,
                    3.298673391342163
                ],
                [
                    0.0,
                    0.0,
                    0.0,
                    1.0
                ]
            ]
        },
        {
            "file_path": "/data/shapenet_blender/all_50_random/02958343/15cc37ac9b3b756acfd826dd468a5497/r_38",
            "rotation": 0.12566370614359174,
            "transform_matrix": [
                [
                    -0.9839903116226196,
                    0.07002440840005875,
                    0.16388946771621704,
                    0.6606594920158386
                ],
                [
                    0.17822226881980896,
                    0.3866146504878998,
                    0.9048569202423096,
                    3.647594451904297
                ],
                [
                    0.0,
                    0.9195789694786072,
                    -0.39290502667427063,
                    -1.583850622177124
                ],
                [
                    0.0,
                    0.0,
                    0.0,
                    1.0
                ]
            ]
        },
        {
            "file_path": "/data/shapenet_blender/all_50_random/02958343/15cc37ac9b3b756acfd826dd468a5497/r_39",
            "rotation": 0.12566370614359174,
            "transform_matrix": [
                [
                    0.5294985175132751,
                    0.228629007935524,
                    -0.8169211149215698,
                    -3.293114423751831
                ],
                [
                    -0.8483108282089233,
                    0.14270561933517456,
                    -0.5099056959152222,
                    -2.055495500564575
                ],
                [
                    7.4505797087454084e-09,
                    0.962997317314148,
                    0.2695108950138092,
                    1.0864331722259521
                ],
                [
                    0.0,
                    0.0,
                    0.0,
                    1.0
                ]
            ]
        },
        {
            "file_path": "/data/shapenet_blender/all_50_random/02958343/15cc37ac9b3b756acfd826dd468a5497/r_40",
            "rotation": 0.12566370614359174,
            "transform_matrix": [
                [
                    0.9692323207855225,
                    0.005951954983174801,
                    -0.2460758239030838,
                    -0.9919633865356445
                ],
                [
                    -0.24614779651165009,
                    0.02343643642961979,
                    -0.9689489006996155,
                    -3.9059579372406006
                ],
                [
                    4.656612873077393e-10,
                    0.9997076392173767,
                    0.02418041042983532,
                    0.0974743515253067
                ],
                [
                    0.0,
                    0.0,
                    0.0,
                    1.0
                ]
            ]
        },
        {
            "file_path": "/data/shapenet_blender/all_50_random/02958343/15cc37ac9b3b756acfd826dd468a5497/r_41",
            "rotation": 0.12566370614359174,
            "transform_matrix": [
                [
                    -0.8797820806503296,
                    -0.001103608519770205,
                    0.47537603974342346,
                    1.9163020849227905
                ],
                [
                    0.4753773510456085,
                    -0.002042451174929738,
                    0.8797796368598938,
                    3.5465052127838135
                ],
                [
