{
    "class": "02958343",
    "model": "8976e05f72b43a742a9eb0f146e94477",
    "remove_doubles": true,
    "edge_split": true,
    "denoise": true,
    "camera_angle_x": 0.6911112070083618,
    "scale_factor": 2.2772274620567643,
    "hdri_file": "/data/IndoorHDRDataset2018/9C4A1143-0c066bc93e.exr",
    "center_offset": [
        0.0,
        0.0,
        -9.313225746154785e-10
    ],
    "lights": [],
    "frames": [
        {
            "file_path": "/data/shapenet_blender/all_50_random/02958343/8976e05f72b43a742a9eb0f146e94477/r_0",
            "rotation": 0.12566370614359174,
            "transform_matrix": [
                [
                    0.9998993277549744,
                    2.014236315517337e-06,
                    -0.014195284806191921,
                    -0.05722302198410034
                ],
                [
                    -0.01419528666883707,
                    0.0001418804458808154,
                    -0.9998992085456848,
                    -4.030722618103027
                ],
                [
                    0.0,
                    1.0,
                    0.00014189473586156964,
                    0.0005719959735870361
                ],
                [
                    0.0,
                    0.0,
                    0.0,
                    1.0
                ]
            ]
        },
        {
            "file_path": "/data/shapenet_blender/all_50_random/02958343/8976e05f72b43a742a9eb0f146e94477/r_1",
            "rotation": 0.12566370614359174,
            "transform_matrix": [
                [
                    0.04709537327289581,
                    -0.2763335406780243,
                    -0.959907054901123,
                    -3.86950945854187
                ],
                [
                    -0.9988903999328613,
                    -0.01302848756313324,
                    -0.04525739699602127,
                    -0.1824384182691574
                ],
                [
                    0.0,
                    0.9609735012054443,
                    -0.2766404449939728,
                    -1.1151734590530396
                ],
                [
                    0.0,
                    0.0,
                    0.0,
                    1.0
                ]
            ]
        },
        {
            "file_path": "/data/shapenet_blender/all_50_random/02958343/8976e05f72b43a742a9eb0f146e94477/r_2",
            "rotation": 0.12566370614359174,
            "transform_matrix": [
                [
                    -0.6042149066925049,
                    -0.2615318298339844,
                    -0.7526788115501404,
                    -3.0341453552246094
                ],
                [
                    -0.7968214750289917,
                    0.19831474125385284,
                    0.5707423686981201,
                    2.30073618888855
                ],
                [
                    0.0,
                    0.9446017146110535,
                    -0.32821884751319885,
                    -1.3230924606323242
                ],
                [
                    0.0,
                    0.0,
                    0.0,
                    1.0
                ]
            ]
        },
        {
            "file_path": "/data/shapenet_blender/all_50_random/02958343/8976e05f72b43a742a9eb0f146e94477/r_3",
            "rotation": 0.12566370614359174,
            "transform_matrix": [
                [
                    0.662067711353302,
                    -0.6735042333602905,
                    -0.3287222981452942,
                    -1.3251221179962158
                ],
                [
                    -0.7494440078735352,
                    -0.5949816107749939,
                    -0.29039716720581055,
                    -1.170628547668457
                ],
                [
                    0.0,
                    0.4386215806007385,
                    -0.8986718058586121,
                    -3.62266206741333
                ],
                [
                    0.0,
                    0.0,
                    0.0,
                    1.0
                ]
            ]
        },
        {
            "file_path": "/data/shapenet_blender/all_50_random/02958343/8976e05f72b43a742a9eb0f146e94477/r_4",
            "rotation": 0.12566370614359174,
            "transform_matrix": [
                [
                    0.17799948155879974,
                    0.7533913254737854,
                    0.633022665977478,
                    2.5517959594726562
                ],
                [
                    0.9840306043624878,
                    -0.13627956807613373,
                    -0.114506296813488,
                    -0.46158963441848755
                ],
                [
                    0.0,
                    0.6432957649230957,
                    -0.7656177878379822,
                    -3.086303949356079
                ],
                [
                    0.0,
                    0.0,
                    0.0,
                    1.0
                ]
            ]
        },
        {
            "file_path": "/data/shapenet_blender/all_50_random/02958343/8976e05f72b43a742a9eb0f146e94477/r_5",
            "rotation": 0.12566370614359174,
            "transform_matrix": [
                [
                    -0.9958720207214355,
                    -0.005576443392783403,
                    -0.09059686958789825,
                    -0.3652076721191406
                ],
                [
                    -0.09076832979917526,
                    0.06118239462375641,
                    0.9939907789230347,
                    4.0069050788879395
                ],
                [
                    0.0,
                    0.9981109499931335,
                    -0.0614360012114048,
                    -0.24765644967556
                ],
                [
                    0.0,
                    0.0,
                    0.0,
                    1.0
                ]
            ]
        },
        {
            "file_path": "/data/shapenet_blender/all_50_random/02958343/8976e05f72b43a742a9eb0f146e94477/r_6",
            "rotation": 0.12566370614359174,
            "transform_matrix": [
                [
                    -0.9986643195152283,
                    0.011096986941993237,
                    0.050461191684007645,
                    0.20341558754444122
                ],
                [
                    0.05166696384549141,
                    0.21449227631092072,
                    0.9753580689430237,
                    3.9317944049835205
                ],
                [
                    0.0,
                    0.9766625761985779,
                    -0.21477912366390228,
                    -0.8658024072647095
                ],
                [
                    0.0,
                    0.0,
                    0.0,
                    1.0
                ]
            ]
        },
        {
            "file_path": "/data/shapenet_blender/all_50_random/02958343/8976e05f72b43a742a9eb0f146e94477/r_7",
            "rotation": 0.12566370614359174,
            "transform_matrix": [
                [
                    0.5227023959159851,
                    0.015082652680575848,
                    -0.852381706237793,
                    -3.436060905456543
                ],
                [
                    -0.8525153398513794,
                    0.009247620590031147,
                    -0.522620439529419,
                    -2.106750726699829
                ],
                [
                    0.0,
                    0.999843418598175,
                    0.017691941931843758,
                    0.07131850719451904
                ],
                [
                    0.0,
                    0.0,
                    0.0,
                    1.0
                ]
            ]
        },
        {
            "file_path": "/data/shapenet_blender/all_50_random/02958343/8976e05f72b43a742a9eb0f146e94477/r_8",
            "rotation": 0.12566370614359174,
            "transform_matrix": [
                [
                    0.38575828075408936,
                    0.018211210146546364,
                    -0.9224201440811157,
                    -3.7183945178985596
                ],
                [
                    -0.9225999712944031,
                    0.00761448685079813,
                    -0.3856831192970276,
                    -1.5547384023666382
                ],
                [
                    -4.656612873077393e-10,
                    0.999805212020874,
                    0.01973901130259037,
                    0.07957050204277039
                ],
                [
                    0.0,
                    0.0,
                    0.0,
                    1.0
                ]
            ]
        },
        {
            "file_path": "/data/shapenet_blender/all_50_random/02958343/8976e05f72b43a742a9eb0f146e94477/r_9",
            "rotation": 0.12566370614359174,
            "transform_matrix": [
                [
                    -0.20188762247562408,
                    0.136850968003273,
                    0.969800591468811,
                    3.909391164779663
                ],
                [
                    0.9794086813926697,
                    0.02820938639342785,
                    0.1999070942401886,
                    0.8058512806892395
                ],
                [
                    0.0,
                    0.9901899099349976,
                    -0.13972815871238708,
                    -0.5632622241973877
                ],
                [
                    0.0,
                    0.0,
                    0.0,
                    1.0
                ]
            ]
        },
        {
            "file_path": "/data/shapenet_blender/all_50_random/02958343/8976e05f72b43a742a9eb0f146e94477/r_10",
            "rotation": 0.12566370614359174,
            "transform_matrix": [
                [
                    -0.8692352175712585,
                    -0.19360031187534332,
                    0.45491668581962585,
                    1.8338279724121094
                ],
                [
                    0.49439898133277893,
                    -0.340381383895874,
                    0.799818754196167,
                    3.224172830581665
                ],
                [
                    1.4901162970204496e-08,
                    0.9201409220695496,
                    0.3915872573852539,
                    1.5785388946533203
                ],
                [
                    0.0,
                    0.0,
                    0.0,
                    1.0
                ]
            ]
        },
        {
            "file_path": "/data/shapenet_blender/all_50_random/02958343/8976e05f72b43a742a9eb0f146e94477/r_11",
            "rotation": 0.12566370614359174,
            "transform_matrix": [
                [
                    0.14678651094436646,
                    -0.8877027630805969,
                    -0.43639159202575684,
                    -1.759150743484497
                ],
                [
                    -0.9891681671142578,
                    -0.13172966241836548,
                    -0.06475784629583359,
                    -0.26104721426963806
                ],
                [
                    0.0,
                    0.44117018580436707,
                    -0.8974234461784363,
                    -3.6176295280456543
                ],
                [
                    0.0,
                    0.0,
                    0.0,
                    1.0
                ]
            ]
        },
        {
            "file_path": "/data/shapenet_blender/all_50_random/02958343/8976e05f72b43a742a9eb0f146e94477/r_12",
            "rotation": 0.12566370614359174,
            "transform_matrix": [
                [
                    0.14598223567008972,
                    0.36054718494415283,
                    -0.9212464094161987,
                    -3.713663101196289
                ],
                [
                    -0.9892871975898743,
                    0.05320344492793083,
                    -0.13594192266464233,
                    -0.5479994416236877
                ],
                [
                    7.450580152834618e-09,
                    0.9312224388122559,
                    0.36445143818855286,
                    1.4691507816314697
                ],
                [
                    0.0,
                    0.0,
                    0.0,
                    1.0
                ]
            ]
        },
        {
            "file_path": "/data/shapenet_blender/all_50_random/02958343/8976e05f72b43a742a9eb0f146e94477/r_13",
            "rotation": 0.12566370614359174,
            "transform_matrix": [
                [
                    0.9996530413627625,
                    -0.007829621434211731,
                    -0.025153344497084618,
                    -0.10139638185501099
                ],
                [
                    -0.02634376659989357,
                    -0.2971065640449524,
                    -0.954480767250061,
                    -3.847635269165039
                ],
                [
                    -9.31322685637781e-10,
                    0.9548121690750122,
                    -0.2972096800804138,
                    -1.198090672492981
                ],
                [
                    0.0,
                    0.0,
                    0.0,
                    1.0
                ]
            ]
        },
        {
            "file_path": "/data/shapenet_blender/all_50_random/02958343/8976e05f72b43a742a9eb0f146e94477/r_14",
            "rotation": 0.12566370614359174,
            "transform_matrix": [
                [
                    -0.9407457709312439,
                    0.11633794009685516,
                    0.3185323178768158,
                    1.284044861793518
                ],
                [
                    0.3391125798225403,
                    0.3227376937866211,
                    0.8836531639099121,
                    3.562119960784912
                ],
                [
                    0.0,
                    0.9393113255500793,
                    -0.3430657982826233,
                    -1.3829424381256104
                ],
                [
                    0.0,
                    0.0,
                    0.0,
                    1.0
                ]
            ]
        },
        {
            "file_path": "/data/shapenet_blender/all_50_random/02958343/8976e05f72b43a742a9eb0f146e94477/r_15",
            "rotation": 0.12566370614359174,
            "transform_matrix": [
                [
                    -0.9763582944869995,
                    -0.019454125314950943,
                    0.21528147161006927,
                    0.8678274154663086
                ],
                [
                    0.21615871787071228,
                    -0.08787153661251068,
                    0.9723959565162659,
                    3.919853687286377
                ],
                [
                    1.862645371275562e-09,
                    0.9959418177604675,
                    0.08999926596879959,
                    0.36279866099357605
                ],
                [
                    0.0,
                    0.0,
                    0.0,
                    1.0
                ]
            ]
        },
        {
            "file_path": "/data/shapenet_blender/all_50_random/02958343/8976e05f72b43a742a9eb0f146e94477/r_16",
            "rotation": 0.12566370614359174,
            "transform_matrix": [
                [
                    0.8611767292022705,
                    -0.008414246141910553,
                    0.5082359313964844,
                    2.048764705657959
                ],
                [
                    0.5083056092262268,
                    0.014255505986511707,
                    -0.8610586524009705,
                    -3.471038818359375
                ],
                [
                    -4.6566125955216364e-10,
                    0.9998629689216614,
                    0.016553519293665886,
                    0.06672938168048859
                ],
                [
                    0.0,
                    0.0,
                    0.0,
                    1.0
                ]
            ]
        },
        {
            "file_path": "/data/shapenet_blender/all_50_random/02958343/8976e05f72b43a742a9eb0f146e94477/r_17",
            "rotation": 0.12566370614359174,
            "transform_matrix": [
                [
                    -0.6659709215164185,
                    0.16322258114814758,
                    0.727901816368103,
                    2.9342660903930664
                ],
                [
                    0.7459776401519775,
                    0.1457168012857437,
                    0.6498337388038635,
                    2.619563579559326
                ],
                [
                    1.4901162970204496e-08,
                    0.9757688045501709,
                    -0.21880358457565308,
                    -0.8820254802703857
                ],
                [
                    0.0,
                    0.0,
                    0.0,
                    1.0
                ]
            ]
        },
        {
            "file_path": "/data/shapenet_blender/all_50_random/02958343/8976e05f72b43a742a9eb0f146e94477/r_18",
            "rotation": 0.12566370614359174,
            "transform_matrix": [
                [
                    -0.6512750387191772,
                    0.6002330780029297,
                    -0.46428558230400085,
                    -1.871595025062561
                ],
                [
                    -0.7588417530059814,
                    -0.5151493549346924,
                    0.3984725773334503,
                    1.6062943935394287
                ],
                [
                    0.0,
                    0.6118344068527222,
                    0.7909858226776123,
                    3.188565731048584
                ],
                [
                    0.0,
                    0.0,
                    0.0,
                    1.0
                ]
            ]
        },
        {
            "file_path": "/data/shapenet_blender/all_50_random/02958343/8976e05f72b43a742a9eb0f146e94477/r_19",
            "rotation": 0.12566370614359174,
            "transform_matrix": [
                [
                    -0.057635266333818436,
                    -0.15438342094421387,
                    -0.9863284826278687,
                    -3.976017475128174
                ],
                [
                    -0.9983377456665039,
                    0.008912744000554085,
                    0.05694195628166199,
                    0.2295403778553009
                ],
                [
                    -9.313225746154785e-10,
                    0.987970769405365,
                    -0.15464046597480774,
                    -0.6233757138252258
                ],
                [
                    0.0,
                    0.0,
                    0.0,
                    1.0
                ]
            ]
        },
        {
            "file_path": "/data/shapenet_blender/all_50_random/02958343/8976e05f72b43a742a9eb0f146e94477/r_20",
            "rotation": 0.12566370614359174,
            "transform_matrix": [
                [
                    -0.271278440952301,
                    0.5629784464836121,
                    -0.7806811928749084,
                    -3.147026538848877
                ],
                [
                    -0.9625008702278137,
                    -0.15867407619953156,
                    0.22003304958343506,
                    0.8869816064834595
                ],
                [
                    -7.450580596923828e-09,
                    0.8110964894294739,
                    0.5849121809005737,
                    2.357856512069702
                ],
                [
                    0.0,
                    0.0,
                    0.0,
                    1.0
                ]
            ]
        },
        {
            "file_path": "/data/shapenet_blender/all_50_random/02958343/8976e05f72b43a742a9eb0f146e94477/r_21",
            "rotation": 0.12566370614359174,
            "transform_matrix": [
                [
                    0.9354661703109741,
                    -0.09799125045537949,
                    0.3395598828792572,
                    1.368809700012207
                ],
                [
                    0.3534165024757385,
                    0.2593752443790436,
                    -0.8987887501716614,
                    -3.623133420944214
                ],
                [
                    0.0,
                    0.9607924222946167,
                    0.2772684693336487,
                    1.11770498752594
                ],
                [
                    0.0,
                    0.0,
                    0.0,
                    1.0
                ]
            ]
        },
        {
            "file_path": "/data/shapenet_blender/all_50_random/02958343/8976e05f72b43a742a9eb0f146e94477/r_22",
            "rotation": 0.12566370614359174,
            "transform_matrix": [
                [
                    0.5272035002708435,
                    0.6065071225166321,
                    0.5951516628265381,
                    2.3991334438323975
                ],
                [
                    0.8497390151023865,
                    -0.37629514932632446,
                    -0.3692499101161957,
                    -1.4884941577911377
                ],
                [
                    -1.4901160305669237e-08,
                    0.700393557548523,
                    -0.713756799697876,
                    -2.8772459030151367
                ],
                [
                    0.0,
                    0.0,
                    0.0,
                    1.0
                ]
            ]
        },
        {
            "file_path": "/data/shapenet_blender/all_50_random/02958343/8976e05f72b43a742a9eb0f146e94477/r_23",
            "rotation": 0.12566370614359174,
            "transform_matrix": [
                [
                    0.8309103846549988,
                    -0.0006188889965415001,
                    -0.5564059615135193,
                    -2.2429442405700684
                ],
                [
                    -0.5564063787460327,
                    -0.000924218911677599,
                    -0.830909788608551,
                    -3.3495044708251953
                ],
                [
                    5.820766091346741e-11,
                    0.9999994039535522,
                    -0.001112296711653471,
                    -0.004483811557292938
                ],
                [
                    0.0,
                    0.0,
                    0.0,
                    1.0
                ]
            ]
        },
        {
            "file_path": "/data/shapenet_blender/all_50_random/02958343/8976e05f72b43a742a9eb0f146e94477/r_24",
            "rotation": 0.12566370614359174,
            "transform_matrix": [
                [
                    0.9050493240356445,
                    -0.2515576481819153,
                    -0.34293508529663086,
                    -1.3824156522750854
                ],
                [
                    -0.42530664801597595,
                    -0.5353127717971802,
                    -0.7297632694244385,
                    -2.941770076751709
                ],
                [
                    0.0,
                    0.8063243627548218,
                    -0.5914735198020935,
                    -2.3843061923980713
                ],
                [
                    0.0,
                    0.0,
                    0.0,
                    1.0
                ]
            ]
        },
        {
            "file_path": "/data/shapenet_blender/all_50_random/02958343/8976e05f72b43a742a9eb0f146e94477/r_25",
            "rotation": 0.12566370614359174,
            "transform_matrix": [
                [
                    0.860520601272583,
                    0.045168064534664154,
                    -0.5074092745780945,
                    -2.0454320907592773
                ],
                [
                    -0.5094156265258789,
                    0.0762992799282074,
                    -0.85713130235672,
                    -3.455206871032715
                ],
                [
                    3.725290298461914e-09,
                    0.9960612654685974,
                    0.08866643160581589,
                    0.3574258089065552
                ],
                [
                    0.0,
                    0.0,
                    0.0,
                    1.0
                ]
            ]
        },
        {
            "file_path": "/data/shapenet_blender/all_50_random/02958343/8976e05f72b43a742a9eb0f146e94477/r_26",
            "rotation": 0.12566370614359174,
            "transform_matrix": [
                [
                    0.060707949101924896,
                    -0.0011652015382423997,
                    -0.9981549382209778,
                    -4.023690700531006
                ],
                [
                    -0.9981556534767151,
                    -7.086770347086713e-05,
                    -0.06070790812373161,
                    -0.24472138285636902
                ],
                [
                    0.0,
                    0.9999992847442627,
                    -0.0011673547560349107,
                    -0.004705756902694702
                ],
                [
                    0.0,
                    0.0,
                    0.0,
                    1.0
                ]
            ]
        },
        {
            "file_path": "/data/shapenet_blender/all_50_random/02958343/8976e05f72b43a742a9eb0f146e94477/r_27",
            "rotation": 0.12566370614359174,
            "transform_matrix": [
                [
                    -0.7710781097412109,
                    -0.2576983869075775,
                    0.5822628140449524,
                    2.3471765518188477
                ],
                [
                    0.636740505695343,
                    -0.31206682324409485,
                    0.7051069140434265,
                    2.842376947402954
                ],
                [
                    -1.4901160305669237e-08,
                    0.9144428968429565,
                    0.4047149121761322,
                    1.631458044052124
                ],
                [
                    0.0,
                    0.0,
                    0.0,
                    1.0
                ]
            ]
        },
        {
            "file_path": "/data/shapenet_blender/all_50_random/02958343/8976e05f72b43a742a9eb0f146e94477/r_28",
            "rotation": 0.12566370614359174,
            "transform_matrix": [
                [
                    0.8987136483192444,
                    -0.15637263655662537,
                    -0.4097089469432831,
                    -1.6515897512435913
                ],
                [
                    -0.4385360777378082,
                    -0.320462167263031,
                    -0.8396368026733398,
                    -3.3846845626831055
                ],
                [
                    0.0,
                    0.9342653155326843,
                    -0.3565787076950073,
                    -1.4374148845672607
                ],
                [
                    0.0,
                    0.0,
                    0.0,
                    1.0
                ]
            ]
        },
        {
            "file_path": "/data/shapenet_blender/all_50_random/02958343/8976e05f72b43a742a9eb0f146e94477/r_29",
            "rotation": 0.12566370614359174,
            "transform_matrix": [
                [
                    0.999943733215332,
                    0.008599082008004189,
                    -0.006216900888830423,
                    -0.02506113052368164
                ],
                [
                    -0.010611036792397499,
                    0.8103448152542114,
                    -0.585857093334198,
                    -2.361665725708008
                ],
                [
                    -4.656612873077393e-10,
                    0.5858901143074036,
                    0.8103904128074646,
                    3.2667884826660156
                ],
                [
                    0.0,
                    0.0,
                    0.0,
                    1.0
                ]
            ]
        },
        {
            "file_path": "/data/shapenet_blender/all_50_random/02958343/8976e05f72b43a742a9eb0f146e94477/r_30",
            "rotation": 0.12566370614359174,
            "transform_matrix": [
                [
                    -0.9220092296600342,
                    -0.06555028259754181,
                    -0.3815785050392151,
                    -1.5381921529769897
                ],
                [
                    -0.38716796040534973,
                    0.1561027318239212,
                    0.9086984395980835,
                    3.6630806922912598
                ],
                [
                    3.725290742551124e-09,
                    0.9855632185935974,
                    -0.169307142496109,
                    -0.6824989318847656
                ],
                [
                    0.0,
                    0.0,
                    0.0,
                    1.0
                ]
            ]
        },
        {
            "file_path": "/data/shapenet_blender/all_50_random/02958343/8976e05f72b43a742a9eb0f146e94477/r_31",
            "rotation": 0.12566370614359174,
            "transform_matrix": [
                [
                    -0.48577260971069336,
                    0.1572210043668747,
                    -0.859829306602478,
                    -3.46608304977417
                ],
                [
                    -0.8740853071212769,
                    -0.08737551420927048,
                    0.4778498113155365,
                    1.926274299621582
                ],
                [
                    0.0,
                    0.9836905598640442,
                    0.1798691600561142,
                    0.7250758409500122
                ],
                [
                    0.0,
                    0.0,
                    0.0,
                    1.0
                ]
            ]
        },
        {
            "file_path": "/data/shapenet_blender/all_50_random/02958343/8976e05f72b43a742a9eb0f146e94477/r_32",
            "rotation": 0.12566370614359174,
            "transform_matrix": [
                [
                    -0.5202200412750244,
                    0.4234740436077118,
                    -0.7416473031044006,
                    -2.989675998687744
                ],
                [
                    -0.8540322184562683,
                    -0.2579524517059326,
                    0.4517626166343689,
                    1.8211133480072021
                ],
                [
                    -1.4901160305669237e-08,
                    0.8684067130088806,
                    0.495852530002594,
                    1.9988454580307007
                ],
                [
                    0.0,
                    0.0,
                    0.0,
                    1.0
                ]
            ]
        },
        {
            "file_path": "/data/shapenet_blender/all_50_random/02958343/8976e05f72b43a742a9eb0f146e94477/r_33",
            "rotation": 0.12566370614359174,
            "transform_matrix": [
                [
                    0.8013598918914795,
                    0.24483394622802734,
                    0.5457825660705566,
                    2.200119972229004
                ],
                [
                    0.5981824994087219,
                    -0.3279937207698822,
                    -0.7311619520187378,
                    -2.9474081993103027
                ],
                [
                    -1.4901161193847656e-08,
                    0.9124014973640442,
                    -0.4092964231967926,
                    -1.6499266624450684
                ],
                [
                    0.0,
                    0.0,
                    0.0,
                    1.0
                ]
            ]
        },
        {
            "file_path": "/data/shapenet_blender/all_50_random/02958343/8976e05f72b43a742a9eb0f146e94477/r_34",
            "rotation": 0.12566370614359174,
            "transform_matrix": [
                [
                    0.909071147441864,
                    -0.09077990800142288,
                    0.40663090348243713,
                    1.6391816139221191
                ],
                [
                    0.416640967130661,
                    0.198073148727417,
                    -0.8872300982475281,
                    -3.5765390396118164
                ],
                [
                    7.450580596923828e-09,
                    0.975974440574646,
                    0.21788519620895386,
                    0.8783233165740967
                ],
                [
                    0.0,
                    0.0,
                    0.0,
                    1.0
                ]
            ]
        },
        {
            "file_path": "/data/shapenet_blender/all_50_random/02958343/8976e05f72b43a742a9eb0f146e94477/r_35",
            "rotation": 0.12566370614359174,
            "transform_matrix": [
                [
                    0.9520271420478821,
                    0.08363387733697891,
                    -0.2943633496761322,
                    -1.1866166591644287
                ],
                [
                    -0.30601373314857483,
                    0.2601899802684784,
                    -0.9157820343971252,
                    -3.6916353702545166
                ],
                [
                    -7.450580596923828e-09,
                    0.9619285464286804,
                    0.27330106496810913,
                    1.1017118692398071
                ],
                [
                    0.0,
                    0.0,
                    0.0,
                    1.0
                ]
            ]
        },
        {
            "file_path": "/data/shapenet_blender/all_50_random/02958343/8976e05f72b43a742a9eb0f146e94477/r_36",
            "rotation": 0.12566370614359174,
            "transform_matrix": [
                [
                    0.9991834759712219,
                    -0.02256956696510315,
                    0.03351209685206413,
                    0.1350916028022766
                ],
                [
                    0.040403544902801514,
                    0.5581475496292114,
                    -0.8287573456764221,
                    -3.3408279418945312
                ],
                [
                    -1.862645149230957e-09,
                    0.8294347524642944,
                    0.5586035847663879,
                    2.251803398132324
                ],
                [
                    0.0,
                    0.0,
                    0.0,
                    1.0
                ]
            ]
        },
        {
            "file_path": "/data/shapenet_blender/all_50_random/02958343/8976e05f72b43a742a9eb0f146e94477/r_37",
            "rotation": 0.12566370614359174,
            "transform_matrix": [
                [
                    -0.5081146359443665,
                    0.31864845752716064,
                    -0.8001766204833984,
                    -3.2256150245666504
                ],
                [
                    -0.8612894415855408,
                    -0.18798552453517914,
                    0.4720613360404968,
                    1.9029401540756226
                ],
                [
                    0.0,
                    0.9290449023246765,
                    0.3699668049812317,
                    1.4913839101791382
                ],
                [
                    0.0,
                    0.0,
                    0.0,
                    1.0
                ]
            ]
        },
        {
            "file_path": "/data/shapenet_blender/all_50_random/02958343/8976e05f72b43a742a9eb0f146e94477/r_38",
            "rotation": 0.12566370614359174,
            "transform_matrix": [
                [
                    0.4788869619369507,
                    -0.0478360578417778,
                    -0.87657231092453,
                    -3.533576011657715
                ],
                [
                    -0.8778766393661499,
                    -0.02609485574066639,
                    -0.47817543148994446,
                    -1.9275867938995361
                ],
                [
                    0.0,
                    0.9985142946243286,
                    -0.05449064448475838,
                    -0.21965880692005157
                ],
                [
                    0.0,
                    0.0,
                    0.0,
                    1.0
                ]
            ]
        },
        {
            "file_path": "/data/shapenet_blender/all_50_random/02958343/8976e05f72b43a742a9eb0f146e94477/r_39",
            "rotation": 0.12566370614359174,
            "transform_matrix": [
                [
                    0.22566263377666473,
                    -0.136921226978302,
                    -0.9645355343818665,
                    -3.888167381286621
                ],
                [
                    -0.974205493927002,
                    -0.03171610087156296,
                    -0.22342269122600555,
                    -0.9006457328796387
                ],
                [
                    1.862645149230957e-09,
                    0.9900740385055542,
                    -0.1405465304851532,
                    -0.566561222076416
                ],
                [
                    0.0,
                    0.0,
                    0.0,
                    1.0
                ]
            ]
        },
        {
            "file_path": "/data/shapenet_blender/all_50_random/02958343/8976e05f72b43a742a9eb0f146e94477/r_40",
            "rotation": 0.12566370614359174,
            "transform_matrix": [
                [
                    -0.9248572587966919,
                    -0.04566098004579544,
                    0.3775634467601776,
                    1.5220067501068115
                ],
                [
                    0.3803144097328186,
                    -0.1110394150018692,
                    0.9181673526763916,
                    3.7012505531311035
                ],
                [
                    3.725290076417309e-09,
                    0.9927664995193481,
                    0.12006114423274994,
                    0.4839819073677063
                ],
                [
                    0.0,
                    0.0,
                    0.0,
                    1.0
                ]
            ]
        },
        {
            "file_path": "/data/shapenet_blender/all_50_random/02958343/8976e05f72b43a742a9eb0f146e94477/r_41",
            "rotation": 0.12566370614359174,
            "transform_matrix": [
                [
                    0.6177226305007935,
                    0.41742846369743347,
                    0.6664625406265259,
                    2.686596393585205
                ],
                [
                    0.7863961458206177,
                    -0.32789456844329834,
                    -0.5235134959220886,
                    -2.1103503704071045
