{
    "class": "02958343",
    "model": "99a7f916d137e69bf2cdad303f49c9f9",
    "remove_doubles": true,
    "edge_split": true,
    "denoise": true,
    "camera_angle_x": 0.6911112070083618,
    "scale_factor": 2.2527799526783996,
    "hdri_file": "/data/IndoorHDRDataset2018/AG8A2439-a01e86f2c2.exr",
    "center_offset": [
        0.0,
        -9.313225746154785e-10,
        -3.725290298461914e-09
    ],
    "lights": [],
    "frames": [
        {
            "file_path": "/data/shapenet_blender/all_50_random/02958343/99a7f916d137e69bf2cdad303f49c9f9/r_0",
            "rotation": 0.12566370614359174,
            "transform_matrix": [
                [
                    -0.8287615776062012,
                    -0.4517503082752228,
                    -0.33026638627052307,
                    -1.3313465118408203
                ],
                [
                    -0.559601902961731,
                    0.6690350770950317,
                    0.4891193211078644,
                    1.9717031717300415
                ],
                [
                    0.0,
                    0.5901810526847839,
                    -0.8072708249092102,
                    -3.2542130947113037
                ],
                [
                    0.0,
                    0.0,
                    0.0,
                    1.0
                ]
            ]
        },
        {
            "file_path": "/data/shapenet_blender/all_50_random/02958343/99a7f916d137e69bf2cdad303f49c9f9/r_1",
            "rotation": 0.12566370614359174,
            "transform_matrix": [
                [
                    0.6475608944892883,
                    0.540814995765686,
                    -0.5368277430534363,
                    -2.1640219688415527
                ],
                [
                    -0.7620137929916382,
                    0.45958569645881653,
                    -0.4561973512172699,
                    -1.838990330696106
                ],
                [
                    -1.4901162970204496e-08,
                    0.7044856548309326,
                    0.7097181677818298,
                    2.8609654903411865
                ],
                [
                    0.0,
                    0.0,
                    0.0,
                    1.0
                ]
            ]
        },
        {
            "file_path": "/data/shapenet_blender/all_50_random/02958343/99a7f916d137e69bf2cdad303f49c9f9/r_2",
            "rotation": 0.12566370614359174,
            "transform_matrix": [
                [
                    0.9142341017723083,
                    0.06488658487796783,
                    -0.39995720982551575,
                    -1.6122790575027466
                ],
                [
                    -0.4051864445209503,
                    0.14640551805496216,
                    -0.9024352431297302,
                    -3.6378328800201416
                ],
                [
                    0.0,
                    0.9870942234992981,
                    0.16014008224010468,
                    0.6455453038215637
                ],
                [
                    0.0,
                    0.0,
                    0.0,
                    1.0
                ]
            ]
        },
        {
            "file_path": "/data/shapenet_blender/all_50_random/02958343/99a7f916d137e69bf2cdad303f49c9f9/r_3",
            "rotation": 0.12566370614359174,
            "transform_matrix": [
                [
                    0.7315936088562012,
                    0.18992142379283905,
                    0.654752254486084,
                    2.639390707015991
                ],
                [
                    0.6817408204078674,
                    -0.20380957424640656,
                    -0.7026314735412598,
                    -2.832397937774658
                ],
                [
                    0.0,
                    0.9604122638702393,
                    -0.27858296036720276,
                    -1.1230038404464722
                ],
                [
                    0.0,
                    0.0,
                    0.0,
                    1.0
                ]
            ]
        },
        {
            "file_path": "/data/shapenet_blender/all_50_random/02958343/99a7f916d137e69bf2cdad303f49c9f9/r_4",
            "rotation": 0.12566370614359174,
            "transform_matrix": [
                [
                    0.5060113668441772,
                    -0.10944303125143051,
                    -0.8555551767349243,
                    -3.4488534927368164
                ],
                [
                    -0.8625267744064331,
                    -0.06420602649450302,
                    -0.5019213557243347,
                    -2.0233099460601807
                ],
                [
                    0.0,
                    0.9919173121452332,
                    -0.1268865168094635,
                    -0.5114959478378296
                ],
                [
                    0.0,
                    0.0,
                    0.0,
                    1.0
                ]
            ]
        },
        {
            "file_path": "/data/shapenet_blender/all_50_random/02958343/99a7f916d137e69bf2cdad303f49c9f9/r_5",
            "rotation": 0.12566370614359174,
            "transform_matrix": [
                [
                    0.7476097345352173,
                    -0.1140773817896843,
                    -0.6542676091194153,
                    -2.637437105178833
                ],
                [
                    -0.6641383767127991,
                    -0.1284150332212448,
                    -0.7364983558654785,
                    -2.9689197540283203
                ],
                [
                    7.450581485102248e-09,
                    0.9851374626159668,
                    -0.17176750302314758,
                    -0.6924169659614563
                ],
                [
                    0.0,
                    0.0,
                    0.0,
                    1.0
                ]
            ]
        },
        {
            "file_path": "/data/shapenet_blender/all_50_random/02958343/99a7f916d137e69bf2cdad303f49c9f9/r_6",
            "rotation": 0.12566370614359174,
            "transform_matrix": [
                [
                    -0.3785451054573059,
                    -0.8090758919715881,
                    -0.449554979801178,
                    -1.8122142553329468
                ],
                [
                    -0.9255828857421875,
                    0.3308960497379303,
                    0.18385909497737885,
                    0.7411597967147827
                ],
                [
                    1.4901161193847656e-08,
                    0.4856994152069092,
                    -0.8741258382797241,
                    -3.523714303970337
                ],
                [
                    0.0,
                    0.0,
                    0.0,
                    1.0
                ]
            ]
        },
        {
            "file_path": "/data/shapenet_blender/all_50_random/02958343/99a7f916d137e69bf2cdad303f49c9f9/r_7",
            "rotation": 0.12566370614359174,
            "transform_matrix": [
                [
                    -0.9875081777572632,
                    0.08058572560548782,
                    -0.13540181517601013,
                    -0.545822262763977
                ],
                [
                    -0.15756814181804657,
                    -0.5050454139709473,
                    0.8485878109931946,
                    3.420767068862915
                ],
                [
                    -7.450581485102248e-09,
                    0.8593223690986633,
                    0.5114341378211975,
                    2.061657190322876
                ],
                [
                    0.0,
                    0.0,
                    0.0,
                    1.0
                ]
            ]
        },
        {
            "file_path": "/data/shapenet_blender/all_50_random/02958343/99a7f916d137e69bf2cdad303f49c9f9/r_8",
            "rotation": 0.12566370614359174,
            "transform_matrix": [
                [
                    0.30577534437179565,
                    -0.04197419062256813,
                    0.9511780142784119,
                    3.8343212604522705
                ],
                [
                    0.9521037340164185,
                    0.013480329886078835,
                    -0.3054780662059784,
                    -1.2314214706420898
                ],
                [
                    9.31322685637781e-10,
                    0.9990275502204895,
                    0.04408574104309082,
                    0.17771530151367188
                ],
                [
                    0.0,
                    0.0,
                    0.0,
                    1.0
                ]
            ]
        },
        {
            "file_path": "/data/shapenet_blender/all_50_random/02958343/99a7f916d137e69bf2cdad303f49c9f9/r_9",
            "rotation": 0.12566370614359174,
            "transform_matrix": [
                [
                    0.8959711790084839,
                    -0.04036097228527069,
                    -0.4422745704650879,
                    -1.7828657627105713
                ],
                [
                    -0.4441124498844147,
                    -0.08142592757940292,
                    -0.8922633528709412,
                    -3.5968286991119385
                ],
                [
                    0.0,
                    0.9958618879318237,
                    -0.09088007360696793,
                    -0.3663492798805237
                ],
                [
                    0.0,
                    0.0,
                    0.0,
                    1.0
                ]
            ]
        },
        {
            "file_path": "/data/shapenet_blender/all_50_random/02958343/99a7f916d137e69bf2cdad303f49c9f9/r_10",
            "rotation": 0.12566370614359174,
            "transform_matrix": [
                [
                    0.922687828540802,
                    0.005276864394545555,
                    -0.38551175594329834,
                    -1.5540475845336914
                ],
                [
                    -0.3855478763580322,
                    0.012628518044948578,
                    -0.9226013422012329,
                    -3.7191250324249268
                ],
                [
                    0.0,
                    0.9999063611030579,
                    0.013686662539839745,
                    0.05517270043492317
                ],
                [
                    0.0,
                    0.0,
                    0.0,
                    1.0
                ]
            ]
        },
        {
            "file_path": "/data/shapenet_blender/all_50_random/02958343/99a7f916d137e69bf2cdad303f49c9f9/r_11",
            "rotation": 0.12566370614359174,
            "transform_matrix": [
                [
                    -0.06140710413455963,
                    0.010797294788062572,
                    -0.9980543851852417,
                    -4.023285865783691
                ],
                [
                    -0.9981127977371216,
                    -0.0006642842199653387,
                    0.061403512954711914,
                    0.24752548336982727
                ],
                [
                    5.8207657444020455e-11,
                    0.9999414682388306,
                    0.010817710310220718,
                    0.04360758513212204
                ],
                [
                    0.0,
                    0.0,
                    0.0,
                    1.0
                ]
            ]
        },
        {
            "file_path": "/data/shapenet_blender/all_50_random/02958343/99a7f916d137e69bf2cdad303f49c9f9/r_12",
            "rotation": 0.12566370614359174,
            "transform_matrix": [
                [
                    0.4539986848831177,
                    -0.27572283148765564,
                    -0.8472674489021301,
                    -3.4154441356658936
                ],
                [
                    -0.891002357006073,
                    -0.14049099385738373,
                    -0.43171414732933044,
                    -1.7402952909469604
                ],
                [
                    0.0,
                    0.9509149193763733,
                    -0.3094524145126343,
                    -1.247442603111267
                ],
                [
                    0.0,
                    0.0,
                    0.0,
                    1.0
                ]
            ]
        },
        {
            "file_path": "/data/shapenet_blender/all_50_random/02958343/99a7f916d137e69bf2cdad303f49c9f9/r_13",
            "rotation": 0.12566370614359174,
            "transform_matrix": [
                [
                    -0.46286270022392273,
                    -0.02874315343797207,
                    -0.8859637975692749,
                    -3.571434497833252
                ],
                [
                    -0.8864300847053528,
                    0.01500866562128067,
                    0.46261921525001526,
                    1.8648778200149536
                ],
                [
                    -9.31322685637781e-10,
                    0.9994741082191467,
                    -0.032425738871097565,
                    -0.1307123452425003
                ],
                [
                    0.0,
                    0.0,
                    0.0,
                    1.0
                ]
            ]
        },
        {
            "file_path": "/data/shapenet_blender/all_50_random/02958343/99a7f916d137e69bf2cdad303f49c9f9/r_14",
            "rotation": 0.12566370614359174,
            "transform_matrix": [
                [
                    0.9953408241271973,
                    0.01600714400410652,
                    -0.09508126229047775,
                    -0.38328486680984497
                ],
                [
                    -0.09641928970813751,
                    0.1652425080537796,
                    -0.9815284013748169,
                    -3.956667900085449
                ],
                [
                    0.0,
                    0.9861229658126831,
                    0.16601601243019104,
                    0.6692320108413696
                ],
                [
                    0.0,
                    0.0,
                    0.0,
                    1.0
                ]
            ]
        },
        {
            "file_path": "/data/shapenet_blender/all_50_random/02958343/99a7f916d137e69bf2cdad303f49c9f9/r_15",
            "rotation": 0.12566370614359174,
            "transform_matrix": [
                [
                    -0.7998208403587341,
                    0.23246513307094574,
                    -0.5533956289291382,
                    -2.230809211730957
                ],
                [
                    -0.6002389788627625,
                    -0.3097606897354126,
                    0.7374018430709839,
                    2.972561836242676
                ],
                [
                    0.0,
                    0.921958863735199,
                    0.3872876763343811,
                    1.561206579208374
                ],
                [
                    0.0,
                    0.0,
                    0.0,
                    1.0
                ]
            ]
        },
        {
            "file_path": "/data/shapenet_blender/all_50_random/02958343/99a7f916d137e69bf2cdad303f49c9f9/r_16",
            "rotation": 0.12566370614359174,
            "transform_matrix": [
                [
                    -0.9996930360794067,
                    0.022126730531454086,
                    -0.011147744953632355,
                    -0.04493799805641174
                ],
                [
                    -0.024776287376880646,
                    -0.8927866220474243,
                    0.44979792833328247,
                    1.813193440437317
                ],
                [
                    0.0,
                    0.44993606209754944,
                    0.8930607438087463,
                    3.6000430583953857
                ],
                [
                    0.0,
                    0.0,
                    0.0,
                    1.0
                ]
            ]
        },
        {
            "file_path": "/data/shapenet_blender/all_50_random/02958343/99a7f916d137e69bf2cdad303f49c9f9/r_17",
            "rotation": 0.12566370614359174,
            "transform_matrix": [
                [
                    -0.9155155420303345,
                    -0.0235152430832386,
                    -0.40159478783607483,
                    -1.618880271911621
                ],
                [
                    -0.4022826552391052,
                    0.05351603031158447,
                    0.9139500856399536,
                    3.6842503547668457
                ],
                [
                    0.0,
                    0.9982901215553284,
                    -0.05845452472567558,
                    -0.23563770949840546
                ],
                [
                    0.0,
                    0.0,
                    0.0,
                    1.0
                ]
            ]
        },
        {
            "file_path": "/data/shapenet_blender/all_50_random/02958343/99a7f916d137e69bf2cdad303f49c9f9/r_18",
            "rotation": 0.12566370614359174,
            "transform_matrix": [
                [
                    0.9285295605659485,
                    0.043497562408447266,
                    0.36870136857032776,
                    1.4862828254699707
                ],
                [
                    0.37125834822654724,
                    -0.1087888702750206,
                    -0.922134518623352,
                    -3.7172434329986572
                ],
                [
                    3.725290298461914e-09,
                    0.9931127429008484,
                    -0.11716251820325851,
                    -0.4722972512245178
                ],
                [
                    0.0,
                    0.0,
                    0.0,
                    1.0
                ]
            ]
        },
        {
            "file_path": "/data/shapenet_blender/all_50_random/02958343/99a7f916d137e69bf2cdad303f49c9f9/r_19",
            "rotation": 0.12566370614359174,
            "transform_matrix": [
                [
                    -0.984097421169281,
                    0.0039436849765479565,
                    0.17758606374263763,
                    0.7158722877502441
                ],
                [
                    0.17762985825538635,
                    0.021848637610673904,
                    0.9838548302650452,
                    3.966045379638672
                ],
                [
                    -2.3283061589829401e-10,
                    0.9997535943984985,
                    -0.022201700136065483,
                    -0.08949790894985199
                ],
                [
                    0.0,
                    0.0,
                    0.0,
                    1.0
                ]
            ]
        },
        {
            "file_path": "/data/shapenet_blender/all_50_random/02958343/99a7f916d137e69bf2cdad303f49c9f9/r_20",
            "rotation": 0.12566370614359174,
            "transform_matrix": [
                [
                    0.5163623094558716,
                    0.18145830929279327,
                    0.83692467212677,
                    3.373751163482666
                ],
                [
                    0.8563702702522278,
                    -0.10941322147846222,
                    -0.5046372413635254,
                    -2.0342578887939453
                ],
                [
                    0.0,
                    0.9772930145263672,
                    -0.21189235150814056,
                    -0.8541653752326965
                ],
                [
                    0.0,
                    0.0,
                    0.0,
                    1.0
                ]
            ]
        },
        {
            "file_path": "/data/shapenet_blender/all_50_random/02958343/99a7f916d137e69bf2cdad303f49c9f9/r_21",
            "rotation": 0.12566370614359174,
            "transform_matrix": [
                [
                    -0.7417728304862976,
                    0.3527574837207794,
                    -0.5703814625740051,
                    -2.299281358718872
                ],
                [
                    -0.6706510782241821,
                    -0.3901670277118683,
                    0.6308697462081909,
                    2.5431175231933594
                ],
                [
                    -1.4901160305669237e-08,
                    0.8504891395568848,
                    0.5259924530982971,
                    2.1203436851501465
                ],
                [
                    0.0,
                    0.0,
                    0.0,
                    1.0
                ]
            ]
        },
        {
            "file_path": "/data/shapenet_blender/all_50_random/02958343/99a7f916d137e69bf2cdad303f49c9f9/r_22",
            "rotation": 0.12566370614359174,
            "transform_matrix": [
                [
                    -0.17341387271881104,
                    0.3463955819606781,
                    0.921920657157898,
                    3.716381072998047
                ],
                [
                    0.9848490357398987,
                    0.06099391728639603,
                    0.16233333945274353,
                    0.6543866395950317
                ],
                [
                    0.0,
                    0.9361035823822021,
                    -0.3517245054244995,
                    -1.4178467988967896
                ],
                [
                    0.0,
                    0.0,
                    0.0,
                    1.0
                ]
            ]
        },
        {
            "file_path": "/data/shapenet_blender/all_50_random/02958343/99a7f916d137e69bf2cdad303f49c9f9/r_23",
            "rotation": 0.12566370614359174,
            "transform_matrix": [
                [
                    0.840200662612915,
                    0.4714416563510895,
                    -0.26796582341194153,
                    -1.0802048444747925
                ],
                [
                    -0.5422756671905518,
                    0.7304505109786987,
                    -0.4151855707168579,
                    -1.6736665964126587
                ],
                [
                    0.0,
                    0.4941505193710327,
                    0.8693764209747314,
                    3.504568338394165
                ],
                [
                    0.0,
                    0.0,
                    0.0,
                    1.0
                ]
            ]
        },
        {
            "file_path": "/data/shapenet_blender/all_50_random/02958343/99a7f916d137e69bf2cdad303f49c9f9/r_24",
            "rotation": 0.12566370614359174,
            "transform_matrix": [
                [
                    0.17571799457073212,
                    0.41450244188308716,
                    0.892922580242157,
                    3.5994863510131836
                ],
                [
                    0.9844405055046082,
                    -0.07398674637079239,
                    -0.15938247740268707,
                    -0.6424914002418518
                ],
                [
                    7.450580596923828e-09,
                    0.9070355892181396,
                    -0.42105379700660706,
                    -1.6973222494125366
                ],
                [
                    0.0,
                    0.0,
                    0.0,
                    1.0
                ]
            ]
        },
        {
            "file_path": "/data/shapenet_blender/all_50_random/02958343/99a7f916d137e69bf2cdad303f49c9f9/r_25",
            "rotation": 0.12566370614359174,
            "transform_matrix": [
                [
                    -0.1530686318874359,
                    -0.04573582485318184,
                    0.9871566891670227,
                    3.979355812072754
                ],
                [
                    0.9882155656814575,
                    -0.007084203884005547,
                    0.15290461480617523,
                    0.6163782477378845
                ],
                [
                    4.6566123179658803e-10,
                    0.998928427696228,
                    0.04628122225403786,
                    0.1865655779838562
                ],
                [
                    0.0,
                    0.0,
                    0.0,
                    1.0
                ]
            ]
        },
        {
            "file_path": "/data/shapenet_blender/all_50_random/02958343/99a7f916d137e69bf2cdad303f49c9f9/r_26",
            "rotation": 0.12566370614359174,
            "transform_matrix": [
                [
                    -0.9649319052696228,
                    -0.21089868247509003,
                    0.15629488229751587,
                    0.6300448179244995
                ],
                [
                    0.262500137090683,
                    -0.7752485275268555,
                    0.5745288729667664,
                    2.315999984741211
                ],
                [
                    -7.450580152834618e-09,
                    0.5954086780548096,
                    0.8034229874610901,
                    3.238701581954956
                ],
                [
                    0.0,
                    0.0,
                    0.0,
                    1.0
                ]
            ]
        },
        {
            "file_path": "/data/shapenet_blender/all_50_random/02958343/99a7f916d137e69bf2cdad303f49c9f9/r_27",
            "rotation": 0.12566370614359174,
            "transform_matrix": [
                [
                    0.5620687007904053,
                    -0.3473547101020813,
                    -0.7506153583526611,
                    -3.025827407836914
                ],
                [
                    -0.8270905613899231,
                    -0.23605303466320038,
                    -0.5100982189178467,
                    -2.05627179145813
                ],
                [
                    -1.4901161193847656e-08,
                    0.9075371026992798,
                    -0.4199717938899994,
                    -1.692960500717163
                ],
                [
                    0.0,
                    0.0,
                    0.0,
                    1.0
                ]
            ]
        },
        {
            "file_path": "/data/shapenet_blender/all_50_random/02958343/99a7f916d137e69bf2cdad303f49c9f9/r_28",
            "rotation": 0.12566370614359174,
            "transform_matrix": [
                [
                    -0.03260479494929314,
                    -0.07667940109968185,
                    0.9965225458145142,
                    4.017110824584961
                ],
                [
                    0.9994682669639587,
                    -0.002501446520909667,
                    0.03250870108604431,
                    0.13104677200317383
                ],
                [
                    2.3283062977608182e-10,
                    0.9970526695251465,
                    0.07672018557786942,
                    0.3092689514160156
                ],
                [
                    0.0,
                    0.0,
                    0.0,
                    1.0
                ]
            ]
        },
        {
            "file_path": "/data/shapenet_blender/all_50_random/02958343/99a7f916d137e69bf2cdad303f49c9f9/r_29",
            "rotation": 0.12566370614359174,
            "transform_matrix": [
                [
                    -0.9662900567054749,
                    -0.09482486546039581,
                    0.23935696482658386,
                    0.9648787975311279
                ],
                [
                    0.25745582580566406,
                    -0.3558991849422455,
                    0.8983608484268188,
                    3.621408462524414
                ],
                [
                    7.450580596923828e-09,
                    0.929701030254364,
                    0.36831504106521606,
                    1.4847254753112793
                ],
                [
                    0.0,
                    0.0,
                    0.0,
                    1.0
                ]
            ]
        },
        {
            "file_path": "/data/shapenet_blender/all_50_random/02958343/99a7f916d137e69bf2cdad303f49c9f9/r_30",
            "rotation": 0.12566370614359174,
            "transform_matrix": [
                [
                    -0.780981719493866,
                    0.04664737731218338,
                    0.6228094696998596,
                    2.5106253623962402
                ],
                [
                    0.6245539784431458,
                    0.058330830186605453,
                    0.7788003087043762,
                    3.139444351196289
                ],
                [
                    -3.725290298461914e-09,
                    0.9972068667411804,
                    -0.0746891126036644,
                    -0.30108144879341125
                ],
                [
                    0.0,
                    0.0,
                    0.0,
                    1.0
                ]
            ]
        },
        {
            "file_path": "/data/shapenet_blender/all_50_random/02958343/99a7f916d137e69bf2cdad303f49c9f9/r_31",
            "rotation": 0.12566370614359174,
            "transform_matrix": [
                [
                    0.8393232226371765,
                    0.11185256391763687,
                    -0.5320014357566833,
                    -2.144566535949707
                ],
                [
                    -0.5436328053474426,
                    0.17269094288349152,
                    -0.8213654160499573,
                    -3.311030149459839
                ],
                [
                    7.450580596923828e-09,
                    0.9786045551300049,
                    0.2057502120733261,
                    0.829405665397644
                ],
                [
                    0.0,
                    0.0,
                    0.0,
                    1.0
                ]
            ]
        },
        {
            "file_path": "/data/shapenet_blender/all_50_random/02958343/99a7f916d137e69bf2cdad303f49c9f9/r_32",
            "rotation": 0.12566370614359174,
            "transform_matrix": [
                [
                    0.9597972631454468,
                    -0.15814806520938873,
                    0.23190200328826904,
                    0.9348268508911133
                ],
                [
                    0.28069445490837097,
                    0.5407662391662598,
                    -0.7929580211639404,
                    -3.1965160369873047
                ],
                [
                    0.0,
                    0.8261725306510925,
                    0.5634172558784485,
                    2.271207571029663
                ],
                [
                    0.0,
                    0.0,
                    0.0,
                    1.0
                ]
            ]
        },
        {
            "file_path": "/data/shapenet_blender/all_50_random/02958343/99a7f916d137e69bf2cdad303f49c9f9/r_33",
            "rotation": 0.12566370614359174,
            "transform_matrix": [
                [
                    -0.8839177489280701,
                    -0.1240113154053688,
                    -0.4508998990058899,
                    -1.8176357746124268
                ],
                [
                    -0.46764257550239563,
                    0.23440080881118774,
                    0.8522714376449585,
                    3.4356162548065186
                ],
                [
                    0.0,
                    0.9641978740692139,
                    -0.2651839554309845,
                    -1.0689908266067505
                ],
                [
                    0.0,
                    0.0,
                    0.0,
                    1.0
                ]
            ]
        },
        {
            "file_path": "/data/shapenet_blender/all_50_random/02958343/99a7f916d137e69bf2cdad303f49c9f9/r_34",
            "rotation": 0.12566370614359174,
            "transform_matrix": [
                [
                    0.17674429714679718,
                    0.7343499660491943,
                    0.6553559899330139,
                    2.64182448387146
                ],
                [
                    0.9842568635940552,
                    -0.1318681836128235,
                    -0.11768313497304916,
                    -0.47439590096473694
                ],
                [
                    0.0,
                    0.6658383011817932,
                    -0.7460959553718567,
                    -3.0076088905334473
                ],
                [
                    0.0,
                    0.0,
                    0.0,
                    1.0
                ]
            ]
        },
        {
            "file_path": "/data/shapenet_blender/all_50_random/02958343/99a7f916d137e69bf2cdad303f49c9f9/r_35",
            "rotation": 0.12566370614359174,
            "transform_matrix": [
                [
                    -0.9370705485343933,
                    0.12447583675384521,
                    -0.3261973261833191,
                    -1.314943552017212
                ],
                [
                    -0.34914031624794006,
                    -0.33408525586128235,
                    0.8754929900169373,
                    3.5292253494262695
                ],
                [
                    0.0,
                    0.9342873096466064,
                    0.3565209209918976,
                    1.4371819496154785
                ],
                [
                    0.0,
                    0.0,
                    0.0,
                    1.0
                ]
            ]
        },
        {
            "file_path": "/data/shapenet_blender/all_50_random/02958343/99a7f916d137e69bf2cdad303f49c9f9/r_36",
            "rotation": 0.12566370614359174,
            "transform_matrix": [
                [
                    0.43568840622901917,
                    0.26414209604263306,
                    0.8604675531387329,
                    3.468655824661255
                ],
                [
                    0.9000975489616394,
                    -0.12785685062408447,
                    -0.41650569438934326,
                    -1.6789882183074951
                ],
                [
                    -2.2351741790771484e-08,
                    0.9559714794158936,
                    -0.29345938563346863,
                    -1.18297278881073
                ],
                [
                    0.0,
                    0.0,
                    0.0,
                    1.0
                ]
            ]
        },
        {
            "file_path": "/data/shapenet_blender/all_50_random/02958343/99a7f916d137e69bf2cdad303f49c9f9/r_37",
            "rotation": 0.12566370614359174,
            "transform_matrix": [
                [
                    0.44744861125946045,
                    0.5302456617355347,
                    -0.720159113407135,
                    -2.9030542373657227
                ],
                [
                    -0.8943095803260803,
                    0.2652970254421234,
                    -0.3603161573410034,
                    -1.4524809122085571
                ],
                [
                    -1.4901161193847656e-08,
                    0.8052681088447571,
                    0.5929107069969177,
                    2.39009952545166
                ],
                [
                    0.0,
                    0.0,
                    0.0,
                    1.0
                ]
            ]
        },
        {
            "file_path": "/data/shapenet_blender/all_50_random/02958343/99a7f916d137e69bf2cdad303f49c9f9/r_38",
            "rotation": 0.12566370614359174,
            "transform_matrix": [
                [
                    -0.6527085304260254,
                    0.3973502218723297,
                    -0.6450459361076355,
                    -2.6002635955810547
                ],
                [
                    -0.7576091289520264,
                    -0.34233203530311584,
                    0.5557311177253723,
                    2.2402241230010986
                ],
                [
                    -1.4901162970204496e-08,
                    0.8514230847358704,
                    0.5244791507720947,
                    2.114243268966675
                ],
                [
                    0.0,
                    0.0,
                    0.0,
                    1.0
                ]
            ]
        },
        {
            "file_path": "/data/shapenet_blender/all_50_random/02958343/99a7f916d137e69bf2cdad303f49c9f9/r_39",
            "rotation": 0.12566370614359174,
            "transform_matrix": [
                [
                    -0.3878478705883026,
                    0.42196008563041687,
                    -0.8194654583930969,
                    -3.3033711910247803
                ],
                [
                    -0.9217234253883362,
                    -0.17755469679832458,
                    0.34481918811798096,
                    1.3900107145309448
                ],
                [
                    0.0,
                    0.8890579342842102,
                    0.4577946662902832,
                    1.8454294204711914
                ],
                [
                    0.0,
                    0.0,
                    0.0,
                    1.0
                ]
            ]
        },
        {
            "file_path": "/data/shapenet_blender/all_50_random/02958343/99a7f916d137e69bf2cdad303f49c9f9/r_40",
            "rotation": 0.12566370614359174,
            "transform_matrix": [
                [
                    0.9061014652252197,
                    -0.1074499636888504,
                    -0.40918779373168945,
                    -1.6494886875152588
                ],
                [
                    -0.42306044697761536,
                    -0.23013395071029663,
                    -0.8763893246650696,
                    -3.5328381061553955
                ],
                [
                    0.0,
                    0.967208743095398,
                    -0.2539825737476349,
                    -1.0238364934921265
                ],
                [
                    0.0,
                    0.0,
                    0.0,
                    1.0
                ]
            ]
        },
        {
            "file_path": "/data/shapenet_blender/all_50_random/02958343/99a7f916d137e69bf2cdad303f49c9f9/r_41",
            "rotation": 0.12566370614359174,
            "transform_matrix": [
                [
                    -0.5918092131614685,
                    0.01574051007628441,
                    0.8059244155883789,
                    3.2487852573394775
                ],
                [
                    0.8060780763626099,
                    0.011556421406567097,
                    0.5916963815689087,
