{
    "class": "02958343",
    "model": "73dd68fb65a4f4d25d9d397842621b7",
    "remove_doubles": true,
    "edge_split": true,
    "denoise": true,
    "camera_angle_x": 0.6911112070083618,
    "scale_factor": 2.3458072782707946,
    "hdri_file": "/data/IndoorHDRDataset2018/9C4A2059-822fb1fa44.exr",
    "center_offset": [
        0.0,
        0.0,
        0.0
    ],
    "lights": [],
    "frames": [
        {
            "file_path": "/data/shapenet_blender/all_50_random/02958343/73dd68fb65a4f4d25d9d397842621b7/r_0",
            "rotation": 0.12566370614359174,
            "transform_matrix": [
                [
                    0.9739408493041992,
                    -0.07100508362054825,
                    -0.21540068089962006,
                    -0.8683079481124878
                ],
                [
                    -0.2268020361661911,
                    -0.30491238832473755,
                    -0.9249807000160217,
                    -3.7287163734436035
                ],
                [
                    -7.4505797087454084e-09,
                    0.949729859828949,
                    -0.31307071447372437,
                    -1.262028455734253
                ],
                [
                    0.0,
                    0.0,
                    0.0,
                    1.0
                ]
            ]
        },
        {
            "file_path": "/data/shapenet_blender/all_50_random/02958343/73dd68fb65a4f4d25d9d397842621b7/r_1",
            "rotation": 0.12566370614359174,
            "transform_matrix": [
                [
                    -0.5889289975166321,
                    -0.4912918210029602,
                    0.6417126059532166,
                    2.5868263244628906
                ],
                [
                    0.808184802532196,
                    -0.35800719261169434,
                    0.46761971712112427,
                    1.8850353956222534
                ],
                [
                    -1.4901161193847656e-08,
                    0.7940171360969543,
                    0.6078953742980957,
                    2.4505045413970947
                ],
                [
                    0.0,
                    0.0,
                    0.0,
                    1.0
                ]
            ]
        },
        {
            "file_path": "/data/shapenet_blender/all_50_random/02958343/73dd68fb65a4f4d25d9d397842621b7/r_2",
            "rotation": 0.12566370614359174,
            "transform_matrix": [
                [
                    -0.5157089233398438,
                    0.045386575162410736,
                    -0.855560839176178,
                    -3.448876142501831
                ],
                [
                    -0.8567638993263245,
                    -0.02731938473880291,
                    0.5149847865104675,
                    2.07597017288208
                ],
                [
                    -1.862645149230957e-09,
                    0.9985958337783813,
                    0.05297442898154259,
                    0.2135467529296875
                ],
                [
                    0.0,
                    0.0,
                    0.0,
                    1.0
                ]
            ]
        },
        {
            "file_path": "/data/shapenet_blender/all_50_random/02958343/73dd68fb65a4f4d25d9d397842621b7/r_3",
            "rotation": 0.12566370614359174,
            "transform_matrix": [
                [
                    -0.12120955437421799,
                    -0.33095306158065796,
                    -0.9358302354812622,
                    -3.7724523544311523
                ],
                [
                    -0.9926270246505737,
                    0.04041263833642006,
                    0.11427410691976547,
                    0.4606536626815796
                ],
                [
                    3.725290742551124e-09,
                    0.9427814483642578,
                    -0.333411306142807,
                    -1.3440239429473877
                ],
                [
                    0.0,
                    0.0,
                    0.0,
                    1.0
                ]
            ]
        },
        {
            "file_path": "/data/shapenet_blender/all_50_random/02958343/73dd68fb65a4f4d25d9d397842621b7/r_4",
            "rotation": 0.12566370614359174,
            "transform_matrix": [
                [
                    0.9995692372322083,
                    0.0016836212016642094,
                    -0.029302649199962616,
                    -0.11812275648117065
                ],
                [
                    -0.02935097925364971,
                    0.0573369562625885,
                    -0.9979233145713806,
                    -4.022757530212402
                ],
                [
                    -2.3283067140944524e-10,
                    0.9983534812927246,
                    0.0573616698384285,
                    0.23123228549957275
                ],
                [
                    0.0,
                    0.0,
                    0.0,
                    1.0
                ]
            ]
        },
        {
            "file_path": "/data/shapenet_blender/all_50_random/02958343/73dd68fb65a4f4d25d9d397842621b7/r_5",
            "rotation": 0.12566370614359174,
            "transform_matrix": [
                [
                    0.13378271460533142,
                    0.05547020584344864,
                    -0.9894570112228394,
                    -3.98862886428833
                ],
                [
                    -0.9910107851028442,
                    0.00748826889321208,
                    -0.13357296586036682,
                    -0.5384498238563538
                ],
                [
                    4.656613428188905e-10,
                    0.9984322786331177,
                    0.055973365902900696,
                    0.2256358563899994
                ],
                [
                    0.0,
                    0.0,
                    0.0,
                    1.0
                ]
            ]
        },
        {
            "file_path": "/data/shapenet_blender/all_50_random/02958343/73dd68fb65a4f4d25d9d397842621b7/r_6",
            "rotation": 0.12566370614359174,
            "transform_matrix": [
                [
                    0.09229107201099396,
                    0.2607499361038208,
                    0.9609847664833069,
                    3.8738536834716797
                ],
                [
                    0.9957321286201477,
                    -0.02416803687810898,
                    -0.08907045423984528,
                    -0.3590545058250427
                ],
                [
                    0.0,
                    0.965103805065155,
                    -0.26186755299568176,
                    -1.0556219816207886
                ],
                [
                    0.0,
                    0.0,
                    0.0,
                    1.0
                ]
            ]
        },
        {
            "file_path": "/data/shapenet_blender/all_50_random/02958343/73dd68fb65a4f4d25d9d397842621b7/r_7",
            "rotation": 0.12566370614359174,
            "transform_matrix": [
                [
                    -0.6089454889297485,
                    0.6236399412155151,
                    -0.4901616871356964,
                    -1.9759050607681274
                ],
                [
                    -0.7932120561599731,
                    -0.47876572608947754,
                    0.3762950003147125,
                    1.516893744468689
                ],
                [
                    -1.4901159417490817e-08,
                    0.6179454326629639,
                    0.7862210273742676,
                    3.169358491897583
                ],
                [
                    0.0,
                    0.0,
                    0.0,
                    1.0
                ]
            ]
        },
        {
            "file_path": "/data/shapenet_blender/all_50_random/02958343/73dd68fb65a4f4d25d9d397842621b7/r_8",
            "rotation": 0.12566370614359174,
            "transform_matrix": [
                [
                    -0.5112739205360413,
                    0.05001204460859299,
                    0.8579614162445068,
                    3.4585530757904053
                ],
                [
                    0.8594177961349487,
                    0.02975252829492092,
                    0.5104075074195862,
                    2.057518482208252
                ],
                [
                    1.8626450382086546e-09,
                    0.9983053207397461,
                    -0.05819293484091759,
                    -0.23458322882652283
                ],
                [
                    0.0,
                    0.0,
                    0.0,
                    1.0
                ]
            ]
        },
        {
            "file_path": "/data/shapenet_blender/all_50_random/02958343/73dd68fb65a4f4d25d9d397842621b7/r_9",
            "rotation": 0.12566370614359174,
            "transform_matrix": [
                [
                    -0.7434212565422058,
                    0.18243497610092163,
                    0.6434611678123474,
                    2.593874931335449
                ],
                [
                    0.6688234210014343,
                    0.2027830332517624,
                    0.7152302265167236,
                    2.8831851482391357
                ],
                [
                    1.4901161193847656e-08,
                    0.9620792269706726,
                    -0.2727700471878052,
                    -1.0995712280273438
                ],
                [
                    0.0,
                    0.0,
                    0.0,
                    1.0
                ]
            ]
        },
        {
            "file_path": "/data/shapenet_blender/all_50_random/02958343/73dd68fb65a4f4d25d9d397842621b7/r_10",
            "rotation": 0.12566370614359174,
            "transform_matrix": [
                [
                    0.8135698437690735,
                    0.5709483623504639,
                    -0.11010050028562546,
                    -0.4438292980194092
                ],
                [
                    -0.5814672112464905,
                    0.7988522052764893,
                    -0.15404899418354034,
                    -0.6209913492202759
                ],
                [
                    7.450580596923828e-09,
                    0.18934941291809082,
                    0.9819097518920898,
                    3.958204746246338
                ],
                [
                    0.0,
                    0.0,
                    0.0,
                    1.0
                ]
            ]
        },
        {
            "file_path": "/data/shapenet_blender/all_50_random/02958343/73dd68fb65a4f4d25d9d397842621b7/r_11",
            "rotation": 0.12566370614359174,
            "transform_matrix": [
                [
                    0.7747805118560791,
                    0.008078820072114468,
                    -0.6321788430213928,
                    -2.5483944416046143
                ],
                [
                    -0.6322305798530579,
                    0.009900364093482494,
                    -0.7747171521186829,
                    -3.1229846477508545
                ],
                [
                    0.0,
                    0.9999183416366577,
                    0.012778284959495068,
                    0.05151091516017914
                ],
                [
                    0.0,
                    0.0,
                    0.0,
                    1.0
                ]
            ]
        },
        {
            "file_path": "/data/shapenet_blender/all_50_random/02958343/73dd68fb65a4f4d25d9d397842621b7/r_12",
            "rotation": 0.12566370614359174,
            "transform_matrix": [
                [
                    -0.9179059863090515,
                    0.08429183810949326,
                    0.38774171471595764,
                    1.5630369186401367
                ],
                [
                    0.3967982232570648,
                    0.19499075412750244,
                    0.8969557881355286,
                    3.6157445907592773
                ],
                [
                    0.0,
                    0.9771762490272522,
                    -0.21243000030517578,
                    -0.8563327789306641
                ],
                [
                    0.0,
                    0.0,
                    0.0,
                    1.0
                ]
            ]
        },
        {
            "file_path": "/data/shapenet_blender/all_50_random/02958343/73dd68fb65a4f4d25d9d397842621b7/r_13",
            "rotation": 0.12566370614359174,
            "transform_matrix": [
                [
                    0.7200848460197449,
                    -0.2430955171585083,
                    0.649909496307373,
                    2.6198689937591553
                ],
                [
                    0.6938860416412354,
                    0.2522739768028259,
                    -0.6744478940963745,
                    -2.7187864780426025
                ],
                [
                    0.0,
                    0.9366228580474854,
                    0.35033923387527466,
                    1.4122626781463623
                ],
                [
                    0.0,
                    0.0,
                    0.0,
                    1.0
                ]
            ]
        },
        {
            "file_path": "/data/shapenet_blender/all_50_random/02958343/73dd68fb65a4f4d25d9d397842621b7/r_14",
            "rotation": 0.12566370614359174,
            "transform_matrix": [
                [
                    0.11202149093151093,
                    -0.2184986174106598,
                    -0.9693861603736877,
                    -3.9077205657958984
                ],
                [
                    -0.9937058091163635,
                    -0.024631574749946594,
                    -0.10927990823984146,
                    -0.44052138924598694
                ],
                [
                    1.862645371275562e-09,
                    0.9755262732505798,
                    -0.21988262236118317,
                    -0.8863751888275146
                ],
                [
                    0.0,
                    0.0,
                    0.0,
                    1.0
                ]
            ]
        },
        {
            "file_path": "/data/shapenet_blender/all_50_random/02958343/73dd68fb65a4f4d25d9d397842621b7/r_15",
            "rotation": 0.12566370614359174,
            "transform_matrix": [
                [
                    0.6737896203994751,
                    -0.509858250617981,
                    -0.5348381400108337,
                    -2.1560018062591553
                ],
                [
                    -0.7389231324195862,
                    -0.46491602063179016,
                    -0.48769402503967285,
                    -1.9659576416015625
                ],
                [
                    1.4901161193847656e-08,
                    0.7238075733184814,
                    -0.6900017261505127,
                    -2.7814862728118896
                ],
                [
                    0.0,
                    0.0,
                    0.0,
                    1.0
                ]
            ]
        },
        {
            "file_path": "/data/shapenet_blender/all_50_random/02958343/73dd68fb65a4f4d25d9d397842621b7/r_16",
            "rotation": 0.12566370614359174,
            "transform_matrix": [
                [
                    -0.7901021242141724,
                    -0.23460103571414948,
                    0.5663046836853027,
                    2.2828474044799805
                ],
                [
                    0.6129752993583679,
                    -0.3023918867111206,
                    0.7299454212188721,
                    2.942504405975342
                ],
                [
                    0.0,
                    0.923862099647522,
                    0.3827251195907593,
                    1.5428143739700317
                ],
                [
                    0.0,
                    0.0,
                    0.0,
                    1.0
                ]
            ]
        },
        {
            "file_path": "/data/shapenet_blender/all_50_random/02958343/73dd68fb65a4f4d25d9d397842621b7/r_17",
            "rotation": 0.12566370614359174,
            "transform_matrix": [
                [
                    -0.9489865303039551,
                    0.09711679071187973,
                    0.29998779296875,
                    1.20928955078125
                ],
                [
                    0.31531625986099243,
                    0.2922860085964203,
                    0.9028534889221191,
                    3.639518976211548
                ],
                [
                    -7.4505797087454084e-09,
                    0.9513869285583496,
                    -0.30799800157546997,
                    -1.2415797710418701
                ],
                [
                    0.0,
                    0.0,
                    0.0,
                    1.0
                ]
            ]
        },
        {
            "file_path": "/data/shapenet_blender/all_50_random/02958343/73dd68fb65a4f4d25d9d397842621b7/r_18",
            "rotation": 0.12566370614359174,
            "transform_matrix": [
                [
                    0.09605702012777328,
                    0.3376080393791199,
                    -0.9363726377487183,
                    -3.774639129638672
                ],
                [
                    -0.9953758716583252,
                    0.03258027508854866,
                    -0.0903630182147026,
                    -0.36426499485969543
                ],
                [
                    -3.725290298461914e-09,
                    0.9407227635383606,
                    0.33917638659477234,
                    1.367263913154602
                ],
                [
                    0.0,
                    0.0,
                    0.0,
                    1.0
                ]
            ]
        },
        {
            "file_path": "/data/shapenet_blender/all_50_random/02958343/73dd68fb65a4f4d25d9d397842621b7/r_19",
            "rotation": 0.12566370614359174,
            "transform_matrix": [
                [
                    0.7703685164451599,
                    0.08337180316448212,
                    0.6321247220039368,
                    2.5481762886047363
                ],
                [
                    0.6375990509986877,
                    -0.10073259472846985,
                    -0.7637541890144348,
                    -3.078791618347168
                ],
                [
                    -7.450581485102248e-09,
                    0.9914141297340393,
                    -0.13075900077819824,
                    -0.5271064043045044
                ],
                [
                    0.0,
                    0.0,
                    0.0,
                    1.0
                ]
            ]
        },
        {
            "file_path": "/data/shapenet_blender/all_50_random/02958343/73dd68fb65a4f4d25d9d397842621b7/r_20",
            "rotation": 0.12566370614359174,
            "transform_matrix": [
                [
                    0.9663413166999817,
                    -0.2131400853395462,
                    -0.14406821131706238,
                    -0.5807575583457947
                ],
                [
                    -0.2572631537914276,
                    -0.8006045818328857,
                    -0.5411542654037476,
                    -2.181462526321411
                ],
                [
                    -7.450580152834618e-09,
                    0.5600031614303589,
                    -0.8284904360771179,
                    -3.339751720428467
                ],
                [
                    0.0,
                    0.0,
                    0.0,
                    1.0
                ]
            ]
        },
        {
            "file_path": "/data/shapenet_blender/all_50_random/02958343/73dd68fb65a4f4d25d9d397842621b7/r_21",
            "rotation": 0.12566370614359174,
            "transform_matrix": [
                [
                    -0.8143602013587952,
                    -0.37544575333595276,
                    -0.44255849719047546,
                    -1.784010410308838
                ],
                [
                    -0.5803598165512085,
                    0.5268250107765198,
                    0.6209975481033325,
                    2.5033211708068848
                ],
                [
                    -1.4901161193847656e-08,
                    0.7625588178634644,
                    -0.6469188928604126,
                    -2.6078133583068848
                ],
                [
                    0.0,
                    0.0,
                    0.0,
                    1.0
                ]
            ]
        },
        {
            "file_path": "/data/shapenet_blender/all_50_random/02958343/73dd68fb65a4f4d25d9d397842621b7/r_22",
            "rotation": 0.12566370614359174,
            "transform_matrix": [
                [
                    0.5717064738273621,
                    0.14054428040981293,
                    -0.8083310127258301,
                    -3.25848650932312
                ],
                [
                    -0.8204582929611206,
                    0.09793316572904587,
                    -0.563256025314331,
                    -2.2705576419830322
                ],
                [
                    0.0,
                    0.9852189421653748,
                    0.1712997406721115,
                    0.690531313419342
                ],
                [
                    0.0,
                    0.0,
                    0.0,
                    1.0
                ]
            ]
        },
        {
            "file_path": "/data/shapenet_blender/all_50_random/02958343/73dd68fb65a4f4d25d9d397842621b7/r_23",
            "rotation": 0.12566370614359174,
            "transform_matrix": [
                [
                    0.7561307549476624,
                    -0.1192990317940712,
                    0.6434548497200012,
                    2.5938494205474854
                ],
                [
                    0.6544206738471985,
                    0.13784049451351166,
                    -0.7434605956077576,
                    -2.99698543548584
                ],
                [
                    0.0,
                    0.9832435250282288,
                    0.18229715526103973,
                    0.7348633408546448
                ],
                [
                    0.0,
                    0.0,
                    0.0,
                    1.0
                ]
            ]
        },
        {
            "file_path": "/data/shapenet_blender/all_50_random/02958343/73dd68fb65a4f4d25d9d397842621b7/r_24",
            "rotation": 0.12566370614359174,
            "transform_matrix": [
                [
                    0.6597380638122559,
                    -0.36497941613197327,
                    -0.6569136381149292,
                    -2.648103713989258
                ],
                [
                    -0.7514955401420593,
                    -0.3204154968261719,
                    -0.5767046213150024,
                    -2.324770927429199
                ],
                [
                    0.0,
                    0.8741417527198792,
                    -0.485670804977417,
                    -1.9578016996383667
                ],
                [
                    0.0,
                    0.0,
                    0.0,
                    1.0
                ]
            ]
        },
        {
            "file_path": "/data/shapenet_blender/all_50_random/02958343/73dd68fb65a4f4d25d9d397842621b7/r_25",
            "rotation": 0.12566370614359174,
            "transform_matrix": [
                [
                    -0.814180850982666,
                    -0.33156096935272217,
                    -0.47663068771362305,
                    -1.9213597774505615
                ],
                [
                    -0.5806113481521606,
                    0.46494200825691223,
                    0.6683706641197205,
                    2.6942882537841797
                ],
                [
                    0.0,
                    0.8209117650985718,
                    -0.571054995059967,
                    -2.3019962310791016
                ],
                [
                    0.0,
                    0.0,
                    0.0,
                    1.0
                ]
            ]
        },
        {
            "file_path": "/data/shapenet_blender/all_50_random/02958343/73dd68fb65a4f4d25d9d397842621b7/r_26",
            "rotation": 0.12566370614359174,
            "transform_matrix": [
                [
                    -0.8884139657020569,
                    0.22908911108970642,
                    -0.39779233932495117,
                    -1.6035523414611816
                ],
                [
                    -0.45904311537742615,
                    -0.4433700144290924,
                    0.7698716521263123,
                    3.103452205657959
                ],
                [
                    1.4901161193847656e-08,
                    0.8665685057640076,
                    0.49905791878700256,
                    2.0117669105529785
                ],
                [
                    0.0,
                    0.0,
                    0.0,
                    1.0
                ]
            ]
        },
        {
            "file_path": "/data/shapenet_blender/all_50_random/02958343/73dd68fb65a4f4d25d9d397842621b7/r_27",
            "rotation": 0.12566370614359174,
            "transform_matrix": [
                [
                    -0.47039398550987244,
                    0.6026267409324646,
                    -0.6446475386619568,
                    -2.5986576080322266
                ],
                [
                    -0.8824565410614014,
                    -0.32123053073883057,
                    0.34362974762916565,
                    1.3852159976959229
                ],
                [
                    1.4901161193847656e-08,
                    0.7305148243904114,
                    0.6828967332839966,
                    2.752845048904419
                ],
                [
                    0.0,
                    0.0,
                    0.0,
                    1.0
                ]
            ]
        },
        {
            "file_path": "/data/shapenet_blender/all_50_random/02958343/73dd68fb65a4f4d25d9d397842621b7/r_28",
            "rotation": 0.12566370614359174,
            "transform_matrix": [
                [
                    -0.4288427531719208,
                    -0.4279519021511078,
                    -0.7955821752548218,
                    -3.207094430923462
                ],
                [
                    -0.9033792614936829,
                    0.2031528502702713,
                    0.3776704668998718,
                    1.522438406944275
                ],
                [
                    0.0,
                    0.8806735873222351,
                    -0.473723441362381,
                    -1.9096403121948242
                ],
                [
                    0.0,
                    0.0,
                    0.0,
                    1.0
                ]
            ]
        },
        {
            "file_path": "/data/shapenet_blender/all_50_random/02958343/73dd68fb65a4f4d25d9d397842621b7/r_29",
            "rotation": 0.12566370614359174,
            "transform_matrix": [
                [
                    -0.024219460785388947,
                    -0.29883089661598206,
                    -0.9539987444877625,
                    -3.845691442489624
                ],
                [
                    -0.9997066855430603,
                    0.007239647675305605,
                    0.023112114518880844,
                    0.09316790103912354
                ],
                [
                    4.6566125955216364e-10,
                    0.9542785286903381,
                    -0.29891863465309143,
                    -1.204979419708252
                ],
                [
                    0.0,
                    0.0,
                    0.0,
                    1.0
                ]
            ]
        },
        {
            "file_path": "/data/shapenet_blender/all_50_random/02958343/73dd68fb65a4f4d25d9d397842621b7/r_30",
            "rotation": 0.12566370614359174,
            "transform_matrix": [
                [
                    0.06552065163850784,
                    -0.5899935960769653,
                    -0.8047450184822083,
                    -3.2440309524536133
                ],
                [
                    -0.9978513121604919,
                    -0.03874000534415245,
                    -0.052840959280729294,
                    -0.21300871670246124
                ],
                [
                    1.862645371275562e-09,
                    0.8064779043197632,
                    -0.5912641286849976,
                    -2.3834619522094727
                ],
                [
                    0.0,
                    0.0,
                    0.0,
                    1.0
                ]
            ]
        },
        {
            "file_path": "/data/shapenet_blender/all_50_random/02958343/73dd68fb65a4f4d25d9d397842621b7/r_31",
            "rotation": 0.12566370614359174,
            "transform_matrix": [
                [
                    0.9993550777435303,
                    -0.0020828742999583483,
                    0.03584751486778259,
                    0.14450594782829285
                ],
                [
                    0.03590796887874603,
                    0.057968493551015854,
                    -0.997672438621521,
                    -4.0217461585998535
                ],
                [
                    0.0,
                    0.9983161687850952,
                    0.05800590664148331,
                    0.2338292896747589
                ],
                [
                    0.0,
                    0.0,
                    0.0,
                    1.0
                ]
            ]
        },
        {
            "file_path": "/data/shapenet_blender/all_50_random/02958343/73dd68fb65a4f4d25d9d397842621b7/r_32",
            "rotation": 0.12566370614359174,
            "transform_matrix": [
                [
                    -0.9540068507194519,
                    -0.03062613494694233,
                    -0.2982163429260254,
                    -1.2021485567092896
                ],
                [
                    -0.2997848391532898,
                    0.09746170789003372,
                    0.9490154385566711,
                    3.825603485107422
                ],
                [
                    -1.862645149230957e-09,
                    0.994767963886261,
                    -0.10216037929058075,
                    -0.4118216633796692
                ],
                [
                    0.0,
                    0.0,
                    0.0,
                    1.0
                ]
            ]
        },
        {
            "file_path": "/data/shapenet_blender/all_50_random/02958343/73dd68fb65a4f4d25d9d397842621b7/r_33",
            "rotation": 0.12566370614359174,
            "transform_matrix": [
                [
                    -0.017591096460819244,
                    0.07966790348291397,
                    0.9966661334037781,
                    4.0176897048950195
                ],
                [
                    0.9998452067375183,
                    0.0014016629429534078,
                    0.017535166814923286,
                    0.07068651914596558
                ],
                [
                    0.0,
                    0.9968204498291016,
                    -0.07968022674322128,
                    -0.32120126485824585
                ],
                [
                    0.0,
                    0.0,
                    0.0,
                    1.0
                ]
            ]
        },
        {
            "file_path": "/data/shapenet_blender/all_50_random/02958343/73dd68fb65a4f4d25d9d397842621b7/r_34",
            "rotation": 0.12566370614359174,
            "transform_matrix": [
                [
                    -0.5674211382865906,
                    0.5643096566200256,
                    -0.599656343460083,
                    -2.417292356491089
                ],
                [
                    -0.8234277963638306,
                    -0.38886377215385437,
                    0.4132210612297058,
                    1.6657475233078003
                ],
                [
                    0.0,
                    0.7282441258430481,
                    0.6853176951408386,
                    2.762604236602783
                ],
                [
                    0.0,
                    0.0,
                    0.0,
                    1.0
                ]
            ]
        },
        {
            "file_path": "/data/shapenet_blender/all_50_random/02958343/73dd68fb65a4f4d25d9d397842621b7/r_35",
            "rotation": 0.12566370614359174,
            "transform_matrix": [
                [
                    0.3034469187259674,
                    -0.28727251291275024,
                    0.9085121750831604,
                    3.662329912185669
                ],
                [
                    0.9528484344482422,
                    0.0914856418967247,
                    -0.2893274426460266,
                    -1.1663163900375366
                ],
                [
                    7.450581485102248e-09,
                    0.9534699320793152,
                    0.30148810148239136,
                    1.2153375148773193
                ],
                [
                    0.0,
                    0.0,
                    0.0,
                    1.0
                ]
            ]
        },
        {
            "file_path": "/data/shapenet_blender/all_50_random/02958343/73dd68fb65a4f4d25d9d397842621b7/r_36",
            "rotation": 0.12566370614359174,
            "transform_matrix": [
                [
                    0.9038565754890442,
                    -0.02564835175871849,
                    0.42706626653671265,
                    1.7215592861175537
                ],
                [
                    0.4278358519077301,
                    0.05418534576892853,
                    -0.9022307395935059,
                    -3.6370086669921875
                ],
                [
                    -1.862645593320167e-09,
                    0.998201310634613,
                    0.059949055314064026,
                    0.2416623830795288
                ],
                [
                    0.0,
                    0.0,
                    0.0,
                    1.0
                ]
            ]
        },
        {
            "file_path": "/data/shapenet_blender/all_50_random/02958343/73dd68fb65a4f4d25d9d397842621b7/r_37",
            "rotation": 0.12566370614359174,
            "transform_matrix": [
                [
                    0.5084996819496155,
                    0.06149755418300629,
                    0.8588631749153137,
                    3.462188482284546
                ],
                [
                    0.8610621690750122,
                    -0.03631734102964401,
                    -0.507201075553894,
                    -2.044593095779419
                ],
                [
                    1.862645149230957e-09,
                    0.9974462389945984,
                    -0.0714205652475357,
                    -0.2879055440425873
                ],
                [
                    0.0,
                    0.0,
                    0.0,
                    1.0
                ]
            ]
        },
        {
            "file_path": "/data/shapenet_blender/all_50_random/02958343/73dd68fb65a4f4d25d9d397842621b7/r_38",
            "rotation": 0.12566370614359174,
            "transform_matrix": [
                [
                    0.9996737241744995,
                    2.4478787963744253e-05,
                    0.025544559583067894,
                    0.10297340154647827
                ],
                [
                    0.02554457262158394,
                    -0.0009579649195075035,
                    -0.9996732473373413,
                    -4.029811382293701
                ],
                [
                    1.8189894035458565e-12,
                    0.9999995231628418,
                    -0.0009582777274772525,
                    -0.0038629407063126564
                ],
                [
                    0.0,
                    0.0,
                    0.0,
                    1.0
                ]
            ]
        },
        {
            "file_path": "/data/shapenet_blender/all_50_random/02958343/73dd68fb65a4f4d25d9d397842621b7/r_39",
            "rotation": 0.12566370614359174,
            "transform_matrix": [
                [
                    0.5604211091995239,
                    0.04880843684077263,
                    -0.8267683982849121,
                    -3.3328099250793457
                ],
                [
                    -0.8282078504562378,
                    0.03302706778049469,
                    -0.5594470500946045,
                    -2.2552032470703125
                ],
                [
                    0.0,
                    0.9982619881629944,
                    0.058932602405548096,
                    0.23756492137908936
                ],
                [
                    0.0,
                    0.0,
                    0.0,
                    1.0
                ]
            ]
        },
        {
            "file_path": "/data/shapenet_blender/all_50_random/02958343/73dd68fb65a4f4d25d9d397842621b7/r_40",
            "rotation": 0.12566370614359174,
            "transform_matrix": [
                [
                    0.2865678071975708,
                    -0.2726186215877533,
                    0.9184540510177612,
                    3.702406883239746
                ],
                [
                    0.9580600261688232,
                    0.08154366165399551,
                    -0.2747211456298828,
                    -1.1074365377426147
                ],
                [
                    0.0,
                    0.9586601257324219,
                    0.28455278277397156,
                    1.1470690965652466
                ],
                [
                    0.0,
                    0.0,
                    0.0,
                    1.0
                ]
            ]
        },
        {
            "file_path": "/data/shapenet_blender/all_50_random/02958343/73dd68fb65a4f4d25d9d397842621b7/r_41",
            "rotation": 0.12566370614359174,
            "transform_matrix": [
                [
                    -0.8111910223960876,
                    -0.3540831208229065,
                    0.4653967320919037,
                    1.8760743141174316
                ],
                [
                    0.5847811102867126,
                    -0.491173654794693,
                    0.6455845236778259,
