{
    "class": "02958343",
    "model": "d56104e27f9d5f55725a7749daae1afa",
    "remove_doubles": true,
    "edge_split": true,
    "denoise": true,
    "camera_angle_x": 0.6911112070083618,
    "scale_factor": 2.273533280266386,
    "hdri_file": "/data/IndoorHDRDataset2018/AG8A4828-37a65ad7b3.exr",
    "center_offset": [
        0.0,
        -1.862645149230957e-09,
        0.0
    ],
    "lights": [],
    "frames": [
        {
            "file_path": "/data/shapenet_blender/all_50_random/02958343/d56104e27f9d5f55725a7749daae1afa/r_0",
            "rotation": 0.12566370614359174,
            "transform_matrix": [
                [
                    0.7343159317970276,
                    -0.08602923154830933,
                    0.6733342409133911,
                    2.714297294616699
                ],
                [
                    0.6788078546524048,
                    0.0930640920996666,
                    -0.7283947467803955,
                    -2.936253309249878
                ],
                [
                    0.0,
                    0.9919363856315613,
                    0.12673576176166534,
                    0.5108882784843445
                ],
                [
                    0.0,
                    0.0,
                    0.0,
                    1.0
                ]
            ]
        },
        {
            "file_path": "/data/shapenet_blender/all_50_random/02958343/d56104e27f9d5f55725a7749daae1afa/r_1",
            "rotation": 0.12566370614359174,
            "transform_matrix": [
                [
                    0.6329962611198425,
                    0.2425587773323059,
                    -0.7351741194725037,
                    -2.9635818004608154
                ],
                [
                    -0.7741549015045166,
                    0.198330819606781,
                    -0.6011230945587158,
                    -2.4232048988342285
                ],
                [
                    0.0,
                    0.9496473670005798,
                    0.31332069635391235,
                    1.2630362510681152
                ],
                [
                    0.0,
                    0.0,
                    0.0,
                    1.0
                ]
            ]
        },
        {
            "file_path": "/data/shapenet_blender/all_50_random/02958343/d56104e27f9d5f55725a7749daae1afa/r_2",
            "rotation": 0.12566370614359174,
            "transform_matrix": [
                [
                    -0.32150453329086304,
                    -0.05650993064045906,
                    0.9452202320098877,
                    3.810304880142212
                ],
                [
                    0.9469081163406372,
                    -0.019186869263648987,
                    0.32093146443367004,
                    1.2937161922454834
                ],
                [
                    1.862645371275562e-09,
                    0.9982176423072815,
                    0.05967836454510689,
                    0.24057120084762573
                ],
                [
                    0.0,
                    0.0,
                    0.0,
                    1.0
                ]
            ]
        },
        {
            "file_path": "/data/shapenet_blender/all_50_random/02958343/d56104e27f9d5f55725a7749daae1afa/r_3",
            "rotation": 0.12566370614359174,
            "transform_matrix": [
                [
                    -1.0,
                    -1.14322929221089e-05,
                    -0.00013011760893277824,
                    -0.0005245208740234375
                ],
                [
                    -0.00013061889330856502,
                    0.08752404898405075,
                    0.9961623549461365,
                    4.015658855438232
                ],
                [
                    0.0,
                    0.9961623549461365,
                    -0.08752405643463135,
                    -0.3528207540512085
                ],
                [
                    0.0,
                    0.0,
                    0.0,
                    1.0
                ]
            ]
        },
        {
            "file_path": "/data/shapenet_blender/all_50_random/02958343/d56104e27f9d5f55725a7749daae1afa/r_4",
            "rotation": 0.12566370614359174,
            "transform_matrix": [
                [
                    -0.6715240478515625,
                    0.4293307662010193,
                    0.6039292216300964,
                    2.4345169067382812
                ],
                [
                    0.7409827709197998,
                    0.3890858590602875,
                    0.5473176836967468,
                    2.206308364868164
                ],
                [
                    0.0,
                    0.8150382041931152,
                    -0.5794071555137634,
                    -2.335665225982666
                ],
                [
                    0.0,
                    0.0,
                    0.0,
                    1.0
                ]
            ]
        },
        {
            "file_path": "/data/shapenet_blender/all_50_random/02958343/d56104e27f9d5f55725a7749daae1afa/r_5",
            "rotation": 0.12566370614359174,
            "transform_matrix": [
                [
                    -0.7913660407066345,
                    0.11913108825683594,
                    0.5996228456497192,
                    2.4171571731567383
                ],
                [
                    0.6113426089286804,
                    0.1542118638753891,
                    0.7761951088905334,
                    3.1289427280426025
                ],
                [
                    7.450580596923828e-09,
                    0.9808294177055359,
                    -0.19486796855926514,
                    -0.7855379581451416
                ],
                [
                    0.0,
                    0.0,
                    0.0,
                    1.0
                ]
            ]
        },
        {
            "file_path": "/data/shapenet_blender/all_50_random/02958343/d56104e27f9d5f55725a7749daae1afa/r_6",
            "rotation": 0.12566370614359174,
            "transform_matrix": [
                [
                    -0.7534105777740479,
                    0.017290115356445312,
                    0.6573230028152466,
                    2.6497538089752197
                ],
                [
                    0.6575503945350647,
                    0.019810734316706657,
                    0.7531501054763794,
                    3.0360450744628906
                ],
                [
                    9.313224635931761e-10,
                    0.999654233455658,
                    -0.026294739916920662,
                    -0.1059974879026413
                ],
                [
                    0.0,
                    0.0,
                    0.0,
                    1.0
                ]
            ]
        },
        {
            "file_path": "/data/shapenet_blender/all_50_random/02958343/d56104e27f9d5f55725a7749daae1afa/r_7",
            "rotation": 0.12566370614359174,
            "transform_matrix": [
                [
                    0.8667286038398743,
                    0.27363619208335876,
                    -0.4170187711715698,
                    -1.6810564994812012
                ],
                [
                    -0.4987799823284149,
                    0.4754968583583832,
                    -0.7246524095535278,
                    -2.9211676120758057
                ],
                [
                    -1.4901161193847656e-08,
                    0.8360777497291565,
                    0.5486109256744385,
                    2.211521625518799
                ],
                [
                    0.0,
                    0.0,
                    0.0,
                    1.0
                ]
            ]
        },
        {
            "file_path": "/data/shapenet_blender/all_50_random/02958343/d56104e27f9d5f55725a7749daae1afa/r_8",
            "rotation": 0.12566370614359174,
            "transform_matrix": [
                [
                    -0.10550276190042496,
                    -0.2444690465927124,
                    0.9639004468917847,
                    3.8856070041656494
                ],
                [
                    0.9944190979003906,
                    -0.02593691274523735,
                    0.1022648885846138,
                    0.41224294900894165
                ],
                [
                    1.862645371275562e-09,
                    0.9693101048469543,
                    0.2458411008119583,
                    0.9910171627998352
                ],
                [
                    0.0,
                    0.0,
                    0.0,
                    1.0
                ]
            ]
        },
        {
            "file_path": "/data/shapenet_blender/all_50_random/02958343/d56104e27f9d5f55725a7749daae1afa/r_9",
            "rotation": 0.12566370614359174,
            "transform_matrix": [
                [
                    0.7797747850418091,
                    0.1304468959569931,
                    0.6123192310333252,
                    2.4683377742767334
                ],
                [
                    0.6260601282119751,
                    -0.16247513890266418,
                    -0.7626601457595825,
                    -3.0743813514709473
                ],
                [
                    0.0,
                    0.9780517816543579,
                    -0.2083616554737091,
                    -0.8399326801300049
                ],
                [
                    0.0,
                    0.0,
                    0.0,
                    1.0
                ]
            ]
        },
        {
            "file_path": "/data/shapenet_blender/all_50_random/02958343/d56104e27f9d5f55725a7749daae1afa/r_10",
            "rotation": 0.12566370614359174,
            "transform_matrix": [
                [
                    -0.6184493899345398,
                    0.7726070880889893,
                    0.1435227394104004,
                    0.5785586833953857
                ],
                [
                    0.7858246564865112,
                    0.6080470085144043,
                    0.11295337229967117,
                    0.4553295969963074
                ],
                [
                    0.0,
                    0.1826394498348236,
                    -0.9831799268722534,
                    -3.963325023651123
                ],
                [
                    0.0,
                    0.0,
                    0.0,
                    1.0
                ]
            ]
        },
        {
            "file_path": "/data/shapenet_blender/all_50_random/02958343/d56104e27f9d5f55725a7749daae1afa/r_11",
            "rotation": 0.12566370614359174,
            "transform_matrix": [
                [
                    0.799254298210144,
                    0.06432400643825531,
                    0.5975408554077148,
                    2.408764362335205
                ],
                [
                    0.6009931564331055,
                    -0.08554378896951675,
                    -0.79466313123703,
                    -3.203389883041382
                ],
                [
                    -3.725290742551124e-09,
                    0.994255781173706,
                    -0.1070295199751854,
                    -0.431449830532074
                ],
                [
                    0.0,
                    0.0,
                    0.0,
                    1.0
                ]
            ]
        },
        {
            "file_path": "/data/shapenet_blender/all_50_random/02958343/d56104e27f9d5f55725a7749daae1afa/r_12",
            "rotation": 0.12566370614359174,
            "transform_matrix": [
                [
                    0.984931230545044,
                    0.15558037161827087,
                    -0.07553184777498245,
                    -0.30447861552238464
                ],
                [
                    -0.17294597625732422,
                    0.8860337138175964,
                    -0.43015557527542114,
                    -1.7340126037597656
                ],
                [
                    0.0,
                    0.4367365539073944,
                    0.8995894193649292,
                    3.6263608932495117
                ],
                [
                    0.0,
                    0.0,
                    0.0,
                    1.0
                ]
            ]
        },
        {
            "file_path": "/data/shapenet_blender/all_50_random/02958343/d56104e27f9d5f55725a7749daae1afa/r_13",
            "rotation": 0.12566370614359174,
            "transform_matrix": [
                [
                    0.0041720387525856495,
                    -0.41185787320137024,
                    0.9112385511398315,
                    3.6733200550079346
                ],
                [
                    0.9999912977218628,
                    0.0017183019081130624,
                    -0.0038017556071281433,
                    -0.015325367450714111
                ],
                [
                    0.0,
                    0.9112464785575867,
                    0.41186144948005676,
                    1.660266637802124
                ],
                [
                    0.0,
                    0.0,
                    0.0,
                    1.0
                ]
            ]
        },
        {
            "file_path": "/data/shapenet_blender/all_50_random/02958343/d56104e27f9d5f55725a7749daae1afa/r_14",
            "rotation": 0.12566370614359174,
            "transform_matrix": [
                [
                    0.636843740940094,
                    0.5645058751106262,
                    -0.5251314640045166,
                    -2.116872787475586
                ],
                [
                    -0.7709928154945374,
                    0.46628451347351074,
                    -0.4337610900402069,
                    -1.7485469579696655
                ],
                [
                    -1.4901160305669237e-08,
                    0.681110680103302,
                    0.7321803569793701,
                    2.9515137672424316
                ],
                [
                    0.0,
                    0.0,
                    0.0,
                    1.0
                ]
            ]
        },
        {
            "file_path": "/data/shapenet_blender/all_50_random/02958343/d56104e27f9d5f55725a7749daae1afa/r_15",
            "rotation": 0.12566370614359174,
            "transform_matrix": [
                [
                    0.8364390134811401,
                    0.14386451244354248,
                    0.5288410782814026,
                    2.131826639175415
                ],
                [
                    0.5480600595474243,
                    -0.2195633053779602,
                    -0.8071072697639465,
                    -3.2535533905029297
                ],
                [
                    0.0,
                    0.9649326205253601,
                    -0.2624976933002472,
                    -1.0581620931625366
                ],
                [
                    0.0,
                    0.0,
                    0.0,
                    1.0
                ]
            ]
        },
        {
            "file_path": "/data/shapenet_blender/all_50_random/02958343/d56104e27f9d5f55725a7749daae1afa/r_16",
            "rotation": 0.12566370614359174,
            "transform_matrix": [
                [
                    -0.4995286464691162,
                    0.48282864689826965,
                    -0.7192687392234802,
                    -2.899465322494507
                ],
                [
                    -0.8662973642349243,
                    -0.27841103076934814,
                    0.41474831104278564,
                    1.6719040870666504
                ],
                [
                    1.4901161193847656e-08,
                    0.8302792906761169,
                    0.5573474168777466,
                    2.246739625930786
                ],
                [
                    0.0,
                    0.0,
                    0.0,
                    1.0
                ]
            ]
        },
        {
            "file_path": "/data/shapenet_blender/all_50_random/02958343/d56104e27f9d5f55725a7749daae1afa/r_17",
            "rotation": 0.12566370614359174,
            "transform_matrix": [
                [
                    -0.23552481830120087,
                    -0.24240842461585999,
                    -0.94115149974823,
                    -3.793903112411499
                ],
                [
                    -0.9718683362007141,
                    0.058745820075273514,
                    0.2280808389186859,
                    0.9194232821464539
                ],
                [
                    0.0,
                    0.9683941006660461,
                    -0.24942514300346375,
                    -1.0054649114608765
                ],
                [
                    0.0,
                    0.0,
                    0.0,
                    1.0
                ]
            ]
        },
        {
            "file_path": "/data/shapenet_blender/all_50_random/02958343/d56104e27f9d5f55725a7749daae1afa/r_18",
            "rotation": 0.12566370614359174,
            "transform_matrix": [
                [
                    -0.9140626192092896,
                    0.0018645223462954164,
                    0.40556901693344116,
                    1.6349010467529297
                ],
                [
                    0.40557336807250977,
                    0.0042021749541163445,
                    0.9140528440475464,
                    3.6846649646759033
                ],
                [
                    0.0,
                    0.99998939037323,
                    -0.004597251303493977,
                    -0.01853211224079132
                ],
                [
                    0.0,
                    0.0,
                    0.0,
                    1.0
                ]
            ]
        },
        {
            "file_path": "/data/shapenet_blender/all_50_random/02958343/d56104e27f9d5f55725a7749daae1afa/r_19",
            "rotation": 0.12566370614359174,
            "transform_matrix": [
                [
                    -0.5744419097900391,
                    -0.13779230415821075,
                    -0.8068641424179077,
                    -3.2525734901428223
                ],
                [
                    -0.818545401096344,
                    0.09670041501522064,
                    0.5662441849708557,
                    2.2826032638549805
                ],
                [
                    7.450581485102248e-09,
                    0.9857292175292969,
                    -0.16833804547786713,
                    -0.6785923838615417
                ],
                [
                    0.0,
                    0.0,
                    0.0,
                    1.0
                ]
            ]
        },
        {
            "file_path": "/data/shapenet_blender/all_50_random/02958343/d56104e27f9d5f55725a7749daae1afa/r_20",
            "rotation": 0.12566370614359174,
            "transform_matrix": [
                [
                    0.9793978929519653,
                    0.15081427991390228,
                    -0.13429415225982666,
                    -0.5413570404052734
                ],
                [
                    -0.20194026827812195,
                    0.731440007686615,
                    -0.6513184309005737,
                    -2.6255486011505127
                ],
                [
                    0.0,
                    0.6650192737579346,
                    0.7468262314796448,
                    3.0105528831481934
                ],
                [
                    0.0,
                    0.0,
                    0.0,
                    1.0
                ]
            ]
        },
        {
            "file_path": "/data/shapenet_blender/all_50_random/02958343/d56104e27f9d5f55725a7749daae1afa/r_21",
            "rotation": 0.12566370614359174,
            "transform_matrix": [
                [
                    -0.38769450783729553,
                    -0.030921513214707375,
                    0.9212690591812134,
                    3.713754653930664
                ],
                [
                    0.9217879772186279,
                    -0.013005266897380352,
                    0.38747620582580566,
                    1.5619666576385498
                ],
                [
                    -9.31322685637781e-10,
                    0.999437153339386,
                    0.03354514390230179,
                    0.1352248191833496
                ],
                [
                    0.0,
                    0.0,
                    0.0,
                    1.0
                ]
            ]
        },
        {
            "file_path": "/data/shapenet_blender/all_50_random/02958343/d56104e27f9d5f55725a7749daae1afa/r_22",
            "rotation": 0.12566370614359174,
            "transform_matrix": [
                [
                    -0.9337809085845947,
                    -0.059816282242536545,
                    0.35281041264533997,
                    1.4222242832183838
                ],
                [
                    0.35784515738487244,
                    -0.15608789026737213,
                    0.9206429123878479,
                    3.7112302780151367
                ],
                [
                    -3.725290298461914e-09,
                    0.9859302639961243,
                    0.1671568602323532,
                    0.6738308668136597
                ],
                [
                    0.0,
                    0.0,
                    0.0,
                    1.0
                ]
            ]
        },
        {
            "file_path": "/data/shapenet_blender/all_50_random/02958343/d56104e27f9d5f55725a7749daae1afa/r_23",
            "rotation": 0.12566370614359174,
            "transform_matrix": [
                [
                    0.537280797958374,
                    -0.4992455840110779,
                    -0.6797668933868408,
                    -2.7402279376983643
                ],
                [
                    -0.8434033989906311,
                    -0.3180388808250427,
                    -0.43303802609443665,
                    -1.7456321716308594
                ],
                [
                    1.4901161193847656e-08,
                    0.8059806823730469,
                    -0.5919417142868042,
                    -2.38619327545166
                ],
                [
                    0.0,
                    0.0,
                    0.0,
                    1.0
                ]
            ]
        },
        {
            "file_path": "/data/shapenet_blender/all_50_random/02958343/d56104e27f9d5f55725a7749daae1afa/r_24",
            "rotation": 0.12566370614359174,
            "transform_matrix": [
                [
                    -0.9684948921203613,
                    0.09406691044569016,
                    0.23058444261550903,
                    0.9295156002044678
                ],
                [
                    0.24903368949890137,
                    0.3658272922039032,
                    0.8967455625534058,
                    3.6148970127105713
                ],
                [
                    0.0,
                    0.9259167313575745,
                    -0.3777276873588562,
                    -1.5226689577102661
                ],
                [
                    0.0,
                    0.0,
                    0.0,
                    1.0
                ]
            ]
        },
        {
            "file_path": "/data/shapenet_blender/all_50_random/02958343/d56104e27f9d5f55725a7749daae1afa/r_25",
            "rotation": 0.12566370614359174,
            "transform_matrix": [
                [
                    -0.7615769505500793,
                    -0.07196410000324249,
                    0.6440665125846863,
                    2.596315383911133
                ],
                [
                    0.6480745077133179,
                    -0.08456774055957794,
                    0.7568669319152832,
                    3.0510284900665283
                ],
                [
                    0.0,
                    0.9938156008720398,
                    0.11104293167591095,
                    0.4476284086704254
                ],
                [
                    0.0,
                    0.0,
                    0.0,
                    1.0
                ]
            ]
        },
        {
            "file_path": "/data/shapenet_blender/all_50_random/02958343/d56104e27f9d5f55725a7749daae1afa/r_26",
            "rotation": 0.12566370614359174,
            "transform_matrix": [
                [
                    -0.05119301751255989,
                    0.14853017032146454,
                    -0.9875819087028503,
                    -3.981070041656494
                ],
                [
                    -0.998688817024231,
                    -0.007613690569996834,
                    0.05062367767095566,
                    0.2040705680847168
                ],
                [
                    4.656612873077393e-10,
                    0.9888785481452942,
                    0.14872516691684723,
                    0.5995303392410278
                ],
                [
                    0.0,
                    0.0,
                    0.0,
                    1.0
                ]
            ]
        },
        {
            "file_path": "/data/shapenet_blender/all_50_random/02958343/d56104e27f9d5f55725a7749daae1afa/r_27",
            "rotation": 0.12566370614359174,
            "transform_matrix": [
                [
                    -0.9040479063987732,
                    -0.07912582159042358,
                    -0.42004334926605225,
                    -1.693248987197876
                ],
                [
                    -0.42743104696273804,
                    0.16735687851905823,
                    0.8884223699569702,
                    3.581345319747925
                ],
                [
                    -7.4505797087454084e-09,
                    0.9827160239219666,
                    -0.18511947989463806,
                    -0.7462405562400818
                ],
                [
                    0.0,
                    0.0,
                    0.0,
                    1.0
                ]
            ]
        },
        {
            "file_path": "/data/shapenet_blender/all_50_random/02958343/d56104e27f9d5f55725a7749daae1afa/r_28",
            "rotation": 0.12566370614359174,
            "transform_matrix": [
                [
                    -0.9278258681297302,
                    -0.18879106640815735,
                    -0.3217094838619232,
                    -1.296852469444275
                ],
                [
                    -0.373013436794281,
                    0.46959495544433594,
                    0.8002134561538696,
                    3.2257635593414307
                ],
                [
                    0.0,
                    0.862460732460022,
                    -0.5061239004135132,
                    -2.040250778198242
                ],
                [
                    0.0,
                    0.0,
                    0.0,
                    1.0
                ]
            ]
        },
        {
            "file_path": "/data/shapenet_blender/all_50_random/02958343/d56104e27f9d5f55725a7749daae1afa/r_29",
            "rotation": 0.12566370614359174,
            "transform_matrix": [
                [
                    -0.22611071169376373,
                    -0.8899322152137756,
                    0.3960992395877838,
                    1.5967271327972412
                ],
                [
                    0.9741016626358032,
                    -0.20657309889793396,
                    0.09194346517324448,
                    0.3706359565258026
                ],
                [
                    -7.450581485102248e-09,
                    0.40663033723831177,
                    0.9135927557945251,
                    3.6828103065490723
                ],
                [
                    0.0,
                    0.0,
                    0.0,
                    1.0
                ]
            ]
        },
        {
            "file_path": "/data/shapenet_blender/all_50_random/02958343/d56104e27f9d5f55725a7749daae1afa/r_30",
            "rotation": 0.12566370614359174,
            "transform_matrix": [
                [
                    0.37072598934173584,
                    -0.32420116662979126,
                    -0.8703193068504333,
                    -3.5083696842193604
                ],
                [
                    -0.9287423491477966,
                    -0.12941133975982666,
                    -0.3474052846431732,
                    -1.4004355669021606
                ],
                [
                    1.4901162970204496e-08,
                    0.937094509601593,
                    -0.3490754961967468,
                    -1.4071685075759888
                ],
                [
                    0.0,
                    0.0,
                    0.0,
                    1.0
                ]
            ]
        },
        {
            "file_path": "/data/shapenet_blender/all_50_random/02958343/d56104e27f9d5f55725a7749daae1afa/r_31",
            "rotation": 0.12566370614359174,
            "transform_matrix": [
                [
                    -0.02547987550497055,
                    -0.5798123478889465,
                    -0.8143515586853027,
                    -3.2827560901641846
                ],
                [
                    -0.9996753931045532,
                    0.01477834302932024,
                    0.02075631357729435,
                    0.08367137610912323
                ],
                [
                    -9.313225746154785e-10,
                    0.8146160244941711,
                    -0.5800006985664368,
                    -2.338057518005371
                ],
                [
                    0.0,
                    0.0,
                    0.0,
                    1.0
                ]
            ]
        },
        {
            "file_path": "/data/shapenet_blender/all_50_random/02958343/d56104e27f9d5f55725a7749daae1afa/r_32",
            "rotation": 0.12566370614359174,
            "transform_matrix": [
                [
                    -0.07722499966621399,
                    -0.5645098686218262,
                    -0.8218058347702026,
                    -3.31280517578125
                ],
                [
                    -0.9970136880874634,
                    0.043724846094846725,
                    0.06365404278039932,
                    0.2565976679325104
                ],
                [
                    0.0,
                    0.8242673873901367,
                    -0.5662007331848145,
                    -2.28242826461792
                ],
                [
                    0.0,
                    0.0,
                    0.0,
                    1.0
                ]
            ]
        },
        {
            "file_path": "/data/shapenet_blender/all_50_random/02958343/d56104e27f9d5f55725a7749daae1afa/r_33",
            "rotation": 0.12566370614359174,
            "transform_matrix": [
                [
                    0.7796024680137634,
                    -0.038411833345890045,
                    -0.6250954866409302,
                    -2.5198404788970947
                ],
                [
                    -0.6262745261192322,
                    -0.04781602695584297,
                    -0.7781347632408142,
                    -3.1367616653442383
                ],
                [
                    1.8626450382086546e-09,
                    0.9981173276901245,
                    -0.061333850026130676,
                    -0.24724465608596802
                ],
                [
                    0.0,
                    0.0,
                    0.0,
                    1.0
                ]
            ]
        },
        {
            "file_path": "/data/shapenet_blender/all_50_random/02958343/d56104e27f9d5f55725a7749daae1afa/r_34",
            "rotation": 0.12566370614359174,
            "transform_matrix": [
                [
                    0.3229057192802429,
                    0.22708402574062347,
                    0.9187843799591064,
                    3.703738212585449
                ],
                [
                    0.9464311599731445,
                    -0.07747708261013031,
                    -0.313473105430603,
                    -1.2636505365371704
                ],
                [
                    0.0,
                    0.9707884192466736,
                    -0.2399372011423111,
                    -0.9672178030014038
                ],
                [
                    0.0,
                    0.0,
                    0.0,
                    1.0
                ]
            ]
        },
        {
            "file_path": "/data/shapenet_blender/all_50_random/02958343/d56104e27f9d5f55725a7749daae1afa/r_35",
            "rotation": 0.12566370614359174,
            "transform_matrix": [
                [
                    0.9870784282684326,
                    0.05451258271932602,
                    -0.15068040788173676,
                    -0.6074121594429016
                ],
                [
                    -0.16023796796798706,
                    0.33580175042152405,
                    -0.9282031059265137,
                    -3.741706371307373
                ],
                [
                    -3.725290298461914e-09,
                    0.9403538703918457,
                    0.34019771218299866,
                    1.3713808059692383
                ],
                [
                    0.0,
                    0.0,
                    0.0,
                    1.0
                ]
            ]
        },
        {
            "file_path": "/data/shapenet_blender/all_50_random/02958343/d56104e27f9d5f55725a7749daae1afa/r_36",
            "rotation": 0.12566370614359174,
            "transform_matrix": [
                [
                    0.719283938407898,
                    0.024869302287697792,
                    0.69427090883255,
                    2.7986955642700195
                ],
                [
                    0.6947161555290222,
                    -0.02574877254664898,
                    -0.7188229560852051,
                    -2.8976681232452393
                ],
                [
                    -1.862645149230957e-09,
                    0.9993590116500854,
                    -0.035797785967588425,
                    -0.1443054974079132
                ],
                [
                    0.0,
                    0.0,
                    0.0,
                    1.0
                ]
            ]
        },
        {
            "file_path": "/data/shapenet_blender/all_50_random/02958343/d56104e27f9d5f55725a7749daae1afa/r_37",
            "rotation": 0.12566370614359174,
            "transform_matrix": [
                [
                    0.24087242782115936,
                    0.43908193707466125,
                    -0.8655561208724976,
                    -3.489168643951416
                ],
                [
                    -0.9705568552017212,
                    0.10897118598222733,
                    -0.21481338143348694,
                    -0.865940511226654
                ],
                [
                    0.0,
                    0.8918140530586243,
                    0.4524020552635193,
                    1.8236911296844482
                ],
                [
                    0.0,
                    0.0,
                    0.0,
                    1.0
                ]
            ]
        },
        {
            "file_path": "/data/shapenet_blender/all_50_random/02958343/d56104e27f9d5f55725a7749daae1afa/r_38",
            "rotation": 0.12566370614359174,
            "transform_matrix": [
                [
                    0.7983123660087585,
                    -0.17123886942863464,
                    0.5773858428001404,
                    2.327517032623291
                ],
                [
                    0.6022434234619141,
                    0.22698810696601868,
                    -0.765362024307251,
                    -3.085273265838623
                ],
                [
                    1.4901160305669237e-08,
                    0.9587249159812927,
                    0.2843348979949951,
                    1.1461907625198364
                ],
                [
                    0.0,
                    0.0,
                    0.0,
                    1.0
                ]
            ]
        },
        {
            "file_path": "/data/shapenet_blender/all_50_random/02958343/d56104e27f9d5f55725a7749daae1afa/r_39",
            "rotation": 0.12566370614359174,
            "transform_matrix": [
                [
                    0.04341321066021919,
                    -0.26905474066734314,
                    0.9621458649635315,
                    3.8785343170166016
                ],
                [
                    0.9990572929382324,
                    0.01169155165553093,
                    -0.04180925339460373,
                    -0.16853851079940796
                ],
                [
                    0.0,
                    0.9630538821220398,
                    0.2693086266517639,
                    1.0856178998947144
                ],
                [
                    0.0,
                    0.0,
                    0.0,
                    1.0
                ]
            ]
        },
        {
            "file_path": "/data/shapenet_blender/all_50_random/02958343/d56104e27f9d5f55725a7749daae1afa/r_40",
            "rotation": 0.12566370614359174,
            "transform_matrix": [
                [
                    0.9240022301673889,
                    0.09803670644760132,
                    -0.3696061670780182,
                    -1.4899301528930664
                ],
                [
                    -0.38238710165023804,
                    0.23689642548561096,
                    -0.8931182622909546,
                    -3.6002748012542725
                ],
                [
                    7.450580152834618e-09,
                    0.9665759205818176,
                    0.25638076663017273,
                    1.0335038900375366
                ],
                [
                    0.0,
                    0.0,
                    0.0,
                    1.0
                ]
            ]
        },
        {
            "file_path": "/data/shapenet_blender/all_50_random/02958343/d56104e27f9d5f55725a7749daae1afa/r_41",
            "rotation": 0.12566370614359174,
            "transform_matrix": [
                [
                    -0.5088295340538025,
                    -0.8072931170463562,
                    -0.2989484667778015,
                    -1.2050999402999878
                ],
                [
                    -0.8608673214912415,
                    0.477163702249527,
                    0.17669834196567535,
                    0.7122938632965088
