{
    "class": "02958343",
    "model": "65b9b2df0985821463e6a626b8b4d07a",
    "remove_doubles": true,
    "edge_split": true,
    "denoise": true,
    "camera_angle_x": 0.6911112070083618,
    "scale_factor": 2.296712172294591,
    "hdri_file": "/data/IndoorHDRDataset2018/9C4A3713-0e6fea92ca.exr",
    "center_offset": [
        0.0,
        0.0,
        -1.862645149230957e-09
    ],
    "lights": [],
    "frames": [
        {
            "file_path": "/data/shapenet_blender/all_50_random/02958343/65b9b2df0985821463e6a626b8b4d07a/r_0",
            "rotation": 0.12566370614359174,
            "transform_matrix": [
                [
                    -0.9605491757392883,
                    0.23019354045391083,
                    -0.15606486797332764,
                    -0.6291176080703735
                ],
                [
                    -0.27811023592948914,
                    -0.7950524091720581,
                    0.5390235781669617,
                    2.1728734970092773
                ],
                [
                    0.0,
                    0.5611618757247925,
                    0.8277060389518738,
                    3.336589813232422
                ],
                [
                    0.0,
                    0.0,
                    0.0,
                    1.0
                ]
            ]
        },
        {
            "file_path": "/data/shapenet_blender/all_50_random/02958343/65b9b2df0985821463e6a626b8b4d07a/r_1",
            "rotation": 0.12566370614359174,
            "transform_matrix": [
                [
                    0.6955918073654175,
                    -0.15147945284843445,
                    0.7022863626480103,
                    2.8310065269470215
                ],
                [
                    0.7184372544288635,
                    0.14666257798671722,
                    -0.679954469203949,
                    -2.740983724594116
                ],
                [
                    0.0,
                    0.9775192737579346,
                    0.21084581315517426,
                    0.8499465584754944
                ],
                [
                    0.0,
                    0.0,
                    0.0,
                    1.0
                ]
            ]
        },
        {
            "file_path": "/data/shapenet_blender/all_50_random/02958343/65b9b2df0985821463e6a626b8b4d07a/r_2",
            "rotation": 0.12566370614359174,
            "transform_matrix": [
                [
                    -0.9621079564094543,
                    0.11240433156490326,
                    0.24842214584350586,
                    1.0014216899871826
                ],
                [
                    0.27266883850097656,
                    0.39661702513694763,
                    0.8765538334846497,
                    3.533501625061035
                ],
                [
                    -7.450580596923828e-09,
                    0.9110763669013977,
                    -0.4122375249862671,
                    -1.6617826223373413
                ],
                [
                    0.0,
                    0.0,
                    0.0,
                    1.0
                ]
            ]
        },
        {
            "file_path": "/data/shapenet_blender/all_50_random/02958343/65b9b2df0985821463e6a626b8b4d07a/r_3",
            "rotation": 0.12566370614359174,
            "transform_matrix": [
                [
                    -0.36418211460113525,
                    -0.10536970943212509,
                    -0.9253478646278381,
                    -3.730196475982666
                ],
                [
                    -0.931327760219574,
                    0.04120328277349472,
                    0.3618437647819519,
                    1.4586389064788818
                ],
                [
                    0.0,
                    0.9935790300369263,
                    -0.11313923448324203,
                    -0.45607882738113403
                ],
                [
                    0.0,
                    0.0,
                    0.0,
                    1.0
                ]
            ]
        },
        {
            "file_path": "/data/shapenet_blender/all_50_random/02958343/65b9b2df0985821463e6a626b8b4d07a/r_4",
            "rotation": 0.12566370614359174,
            "transform_matrix": [
                [
                    -0.22468924522399902,
                    0.7366517186164856,
                    -0.6378549933433533,
                    -2.5712757110595703
                ],
                [
                    -0.9744305610656738,
                    -0.16986097395420074,
                    0.14707991480827332,
                    0.5928981304168701
                ],
                [
                    0.0,
                    0.6545925736427307,
                    0.7559818029403687,
                    3.0474600791931152
                ],
                [
                    0.0,
                    0.0,
                    0.0,
                    1.0
                ]
            ]
        },
        {
            "file_path": "/data/shapenet_blender/all_50_random/02958343/65b9b2df0985821463e6a626b8b4d07a/r_5",
            "rotation": 0.12566370614359174,
            "transform_matrix": [
                [
                    -0.290642648935318,
                    0.2506835162639618,
                    -0.9234092235565186,
                    -3.722381591796875
                ],
                [
                    -0.9568316340446472,
                    -0.0761464461684227,
                    0.2804904282093048,
                    1.1306930780410767
                ],
                [
                    -7.450580152834618e-09,
                    0.9650696516036987,
                    0.2619933485984802,
                    1.056128978729248
                ],
                [
                    0.0,
                    0.0,
                    0.0,
                    1.0
                ]
            ]
        },
        {
            "file_path": "/data/shapenet_blender/all_50_random/02958343/65b9b2df0985821463e6a626b8b4d07a/r_6",
            "rotation": 0.12566370614359174,
            "transform_matrix": [
                [
                    0.6703417301177979,
                    -0.3432544469833374,
                    0.6578893065452576,
                    2.652036190032959
                ],
                [
                    0.7420524954795837,
                    0.31008288264274597,
                    -0.5943119525909424,
                    -2.3957479000091553
                ],
                [
                    0.0,
                    0.8865804076194763,
                    0.46257448196411133,
                    1.8646970987319946
                ],
                [
                    0.0,
                    0.0,
                    0.0,
                    1.0
                ]
            ]
        },
        {
            "file_path": "/data/shapenet_blender/all_50_random/02958343/65b9b2df0985821463e6a626b8b4d07a/r_7",
            "rotation": 0.12566370614359174,
            "transform_matrix": [
                [
                    -0.8508380651473999,
                    0.20054562389850616,
                    0.4856501519680023,
                    1.9577181339263916
                ],
                [
                    0.5254279375076294,
                    0.32474830746650696,
                    0.7864248752593994,
                    3.170179605484009
                ],
                [
                    0.0,
                    0.9242942929267883,
                    -0.38168057799339294,
                    -1.53860342502594
                ],
                [
                    0.0,
                    0.0,
                    0.0,
                    1.0
                ]
            ]
        },
        {
            "file_path": "/data/shapenet_blender/all_50_random/02958343/65b9b2df0985821463e6a626b8b4d07a/r_8",
            "rotation": 0.12566370614359174,
            "transform_matrix": [
                [
                    0.9281445145606995,
                    0.09223282337188721,
                    -0.3606118857860565,
                    -1.4536731243133545
                ],
                [
                    -0.3722201883792877,
                    0.22998589277267456,
                    -0.8991988301277161,
                    -3.624786615371704
                ],
                [
                    0.0,
                    0.9688134789466858,
                    0.24779103696346283,
                    0.9988777041435242
                ],
                [
                    0.0,
                    0.0,
                    0.0,
                    1.0
                ]
            ]
        },
        {
            "file_path": "/data/shapenet_blender/all_50_random/02958343/65b9b2df0985821463e6a626b8b4d07a/r_9",
            "rotation": 0.12566370614359174,
            "transform_matrix": [
                [
                    0.7364486455917358,
                    -0.41879281401634216,
                    0.531277596950531,
                    2.141648769378662
                ],
                [
                    0.6764935255050659,
                    0.4559088945388794,
                    -0.578362762928009,
                    -2.3314552307128906
                ],
                [
                    0.0,
                    0.785340428352356,
                    0.6190640330314636,
                    2.4955272674560547
                ],
                [
                    0.0,
                    0.0,
                    0.0,
                    1.0
                ]
            ]
        },
        {
            "file_path": "/data/shapenet_blender/all_50_random/02958343/65b9b2df0985821463e6a626b8b4d07a/r_10",
            "rotation": 0.12566370614359174,
            "transform_matrix": [
                [
                    -0.9308638572692871,
                    0.040660448372364044,
                    -0.3630966246128082,
                    -1.4636890888214111
                ],
                [
                    -0.365366131067276,
                    -0.10359290987253189,
                    0.925081729888916,
                    3.72912335395813
                ],
                [
                    0.0,
                    0.9937881827354431,
                    0.11128687113523483,
                    0.44861167669296265
                ],
                [
                    0.0,
                    0.0,
                    0.0,
                    1.0
                ]
            ]
        },
        {
            "file_path": "/data/shapenet_blender/all_50_random/02958343/65b9b2df0985821463e6a626b8b4d07a/r_11",
            "rotation": 0.12566370614359174,
            "transform_matrix": [
                [
                    -0.9174280762672424,
                    -0.34382280707359314,
                    0.20027901232242584,
                    0.8073505163192749
                ],
                [
                    0.39790183305740356,
                    -0.7927400469779968,
                    0.46177616715431213,
                    1.8614792823791504
                ],
                [
                    1.4901162970204496e-08,
                    0.5033377408981323,
                    0.8640897274017334,
                    3.4832570552825928
                ],
                [
                    0.0,
                    0.0,
                    0.0,
                    1.0
                ]
            ]
        },
        {
            "file_path": "/data/shapenet_blender/all_50_random/02958343/65b9b2df0985821463e6a626b8b4d07a/r_12",
            "rotation": 0.12566370614359174,
            "transform_matrix": [
                [
                    0.9982229471206665,
                    -0.05125274509191513,
                    -0.03039965219795704,
                    -0.12254491448402405
                ],
                [
                    -0.05959012359380722,
                    -0.8585594892501831,
                    -0.5092392563819885,
                    -2.052809000015259
                ],
                [
                    0.0,
                    0.5101458430290222,
                    -0.8600879311561584,
                    -3.467125415802002
                ],
                [
                    0.0,
                    0.0,
                    0.0,
                    1.0
                ]
            ]
        },
        {
            "file_path": "/data/shapenet_blender/all_50_random/02958343/65b9b2df0985821463e6a626b8b4d07a/r_13",
            "rotation": 0.12566370614359174,
            "transform_matrix": [
                [
                    0.958116352558136,
                    0.0011421827366575599,
                    -0.286376953125,
                    -1.154422402381897
                ],
                [
                    -0.28637921810150146,
                    0.0038213105872273445,
                    -0.9581087231636047,
                    -3.862259864807129
                ],
                [
                    0.0,
                    0.9999920129776001,
                    0.003988357726484537,
                    0.01607758365571499
                ],
                [
                    0.0,
                    0.0,
                    0.0,
                    1.0
                ]
            ]
        },
        {
            "file_path": "/data/shapenet_blender/all_50_random/02958343/65b9b2df0985821463e6a626b8b4d07a/r_14",
            "rotation": 0.12566370614359174,
            "transform_matrix": [
                [
                    0.8337557315826416,
                    -0.01473991945385933,
                    0.551936686038971,
                    2.2249279022216797
                ],
                [
                    0.5521335005760193,
                    0.02225818857550621,
                    -0.8334585428237915,
                    -3.359778881072998
                ],
                [
                    9.313225746154785e-10,
                    0.9996435642242432,
                    0.02669629640877247,
                    0.10761621594429016
                ],
                [
                    0.0,
                    0.0,
                    0.0,
                    1.0
                ]
            ]
        },
        {
            "file_path": "/data/shapenet_blender/all_50_random/02958343/65b9b2df0985821463e6a626b8b4d07a/r_15",
            "rotation": 0.12566370614359174,
            "transform_matrix": [
                [
                    0.29023101925849915,
                    -0.23700456321239471,
                    0.9271433353424072,
                    3.7374343872070312
                ],
                [
                    0.956956684589386,
                    0.0718800276517868,
                    -0.28118908405303955,
                    -1.1335093975067139
                ],
                [
                    7.450581485102248e-09,
                    0.9688456654548645,
                    0.2476649135351181,
                    0.9983692169189453
                ],
                [
                    0.0,
                    0.0,
                    0.0,
                    1.0
                ]
            ]
        },
        {
            "file_path": "/data/shapenet_blender/all_50_random/02958343/65b9b2df0985821463e6a626b8b4d07a/r_16",
            "rotation": 0.12566370614359174,
            "transform_matrix": [
                [
                    -0.18914444744586945,
                    0.8104886412620544,
                    -0.5543757081031799,
                    -2.234760284423828
                ],
                [
                    -0.9819492101669312,
                    -0.15611746907234192,
                    0.1067846417427063,
                    0.43046268820762634
                ],
                [
                    7.450580152834618e-09,
                    0.5645664930343628,
                    0.8253874182701111,
                    3.3272433280944824
                ],
                [
                    0.0,
                    0.0,
                    0.0,
                    1.0
                ]
            ]
        },
        {
            "file_path": "/data/shapenet_blender/all_50_random/02958343/65b9b2df0985821463e6a626b8b4d07a/r_17",
            "rotation": 0.12566370614359174,
            "transform_matrix": [
                [
                    -0.19355393946170807,
                    0.6727155447006226,
                    0.7141361832618713,
                    2.8787753582000732
                ],
                [
                    0.9810896515846252,
                    0.13271646201610565,
                    0.14088809490203857,
                    0.5679381489753723
                ],
                [
                    -1.4901161193847656e-08,
                    0.7279012799263,
                    -0.685681939125061,
                    -2.7640726566314697
                ],
                [
                    0.0,
                    0.0,
                    0.0,
                    1.0
                ]
            ]
        },
        {
            "file_path": "/data/shapenet_blender/all_50_random/02958343/65b9b2df0985821463e6a626b8b4d07a/r_18",
            "rotation": 0.12566370614359174,
            "transform_matrix": [
                [
                    0.07057041674852371,
                    0.582690417766571,
                    -0.8096242547035217,
                    -3.263700008392334
                ],
                [
                    -0.9975067973136902,
                    0.04122348874807358,
                    -0.057278331369161606,
                    -0.23089635372161865
                ],
                [
                    3.725290298461914e-09,
                    0.8116478323936462,
                    0.5841468572616577,
                    2.354771614074707
                ],
                [
                    0.0,
                    0.0,
                    0.0,
                    1.0
                ]
            ]
        },
        {
            "file_path": "/data/shapenet_blender/all_50_random/02958343/65b9b2df0985821463e6a626b8b4d07a/r_19",
            "rotation": 0.12566370614359174,
            "transform_matrix": [
                [
                    -0.9970700740814209,
                    0.03527958691120148,
                    0.06787197291851044,
                    0.273600697517395
                ],
                [
                    0.07649349421262741,
                    0.4598589539527893,
                    0.8846911191940308,
                    3.5663042068481445
                ],
                [
                    1.862645149230957e-09,
                    0.8872908353805542,
                    -0.4612102508544922,
                    -1.8591980934143066
                ],
                [
                    0.0,
                    0.0,
                    0.0,
                    1.0
                ]
            ]
        },
        {
            "file_path": "/data/shapenet_blender/all_50_random/02958343/65b9b2df0985821463e6a626b8b4d07a/r_20",
            "rotation": 0.12566370614359174,
            "transform_matrix": [
                [
                    0.18991488218307495,
                    0.7009027004241943,
                    -0.6875083446502686,
                    -2.771434783935547
                ],
                [
                    -0.9818005561828613,
                    0.13557933270931244,
                    -0.13298837840557098,
                    -0.5360932946205139
                ],
                [
                    7.450580596923828e-09,
                    0.7002525925636292,
                    0.7138952016830444,
                    2.8778035640716553
                ],
                [
                    0.0,
                    0.0,
                    0.0,
                    1.0
                ]
            ]
        },
        {
            "file_path": "/data/shapenet_blender/all_50_random/02958343/65b9b2df0985821463e6a626b8b4d07a/r_21",
            "rotation": 0.12566370614359174,
            "transform_matrix": [
                [
                    0.9761340022087097,
                    -0.021357621997594833,
                    0.2161162942647934,
                    0.8711926937103271
                ],
                [
                    0.21716906130313873,
                    0.09599848091602325,
                    -0.9714019894599915,
                    -3.915846824645996
                ],
                [
                    0.0,
                    0.9951524138450623,
                    0.09834557771682739,
                    0.3964437246322632
                ],
                [
                    0.0,
                    0.0,
                    0.0,
                    1.0
                ]
            ]
        },
        {
            "file_path": "/data/shapenet_blender/all_50_random/02958343/65b9b2df0985821463e6a626b8b4d07a/r_22",
            "rotation": 0.12566370614359174,
            "transform_matrix": [
                [
                    -0.685353696346283,
                    -0.36299145221710205,
                    0.6312903761863708,
                    2.5448126792907715
                ],
                [
                    0.7282103896141052,
                    -0.34162867069244385,
                    0.5941376686096191,
                    2.395045280456543
                ],
                [
                    -1.4901161193847656e-08,
                    0.866906464099884,
                    0.4984706938266754,
                    2.0093994140625
                ],
                [
                    0.0,
                    0.0,
                    0.0,
                    1.0
                ]
            ]
        },
        {
            "file_path": "/data/shapenet_blender/all_50_random/02958343/65b9b2df0985821463e6a626b8b4d07a/r_23",
            "rotation": 0.12566370614359174,
            "transform_matrix": [
                [
                    0.30079665780067444,
                    0.6379767656326294,
                    0.7088772058486938,
                    2.8575754165649414
                ],
                [
                    0.953688383102417,
                    -0.20122011005878448,
                    -0.22358237206935883,
                    -0.9012893438339233
                ],
                [
                    0.0,
                    0.7433007955551147,
                    -0.6689573526382446,
                    -2.696653366088867
                ],
                [
                    0.0,
                    0.0,
                    0.0,
                    1.0
                ]
            ]
        },
        {
            "file_path": "/data/shapenet_blender/all_50_random/02958343/65b9b2df0985821463e6a626b8b4d07a/r_24",
            "rotation": 0.12566370614359174,
            "transform_matrix": [
                [
                    -0.3998233377933502,
                    -0.0015858084661886096,
                    -0.9165908098220825,
                    -3.6948957443237305
                ],
                [
                    -0.9165921807289124,
                    0.0006917397258803248,
                    0.39982274174690247,
                    1.6117370128631592
                ],
                [
                    -5.8207657444020455e-11,
                    0.9999985694885254,
                    -0.0017301132902503014,
                    -0.006974309682846069
                ],
                [
                    0.0,
                    0.0,
                    0.0,
                    1.0
                ]
            ]
        },
        {
            "file_path": "/data/shapenet_blender/all_50_random/02958343/65b9b2df0985821463e6a626b8b4d07a/r_25",
            "rotation": 0.12566370614359174,
            "transform_matrix": [
                [
                    -0.36315032839775085,
                    -0.3837398290634155,
                    -0.8490380048751831,
                    -3.422581672668457
                ],
                [
                    -0.9317306280136108,
                    0.14956602454185486,
                    0.33092015981674194,
                    1.3339818716049194
                ],
                [
                    -1.4901162970204496e-08,
                    0.9112484455108643,
                    -0.41185709834098816,
                    -1.66024911403656
                ],
                [
                    0.0,
                    0.0,
                    0.0,
                    1.0
                ]
            ]
        },
        {
            "file_path": "/data/shapenet_blender/all_50_random/02958343/65b9b2df0985821463e6a626b8b4d07a/r_26",
            "rotation": 0.12566370614359174,
            "transform_matrix": [
                [
                    0.9945554733276367,
                    0.057788971811532974,
                    -0.08671709150075912,
                    -0.3495677709579468
                ],
                [
                    -0.1042085513472557,
                    0.5515318512916565,
                    -0.8276188969612122,
                    -3.336238384246826
                ],
                [
                    -3.725290298461914e-09,
                    0.8321495056152344,
                    0.5545512437820435,
                    2.2354676723480225
                ],
                [
                    0.0,
                    0.0,
                    0.0,
                    1.0
                ]
            ]
        },
        {
            "file_path": "/data/shapenet_blender/all_50_random/02958343/65b9b2df0985821463e6a626b8b4d07a/r_27",
            "rotation": 0.12566370614359174,
            "transform_matrix": [
                [
                    -0.5557446479797363,
                    -0.13413262367248535,
                    -0.820461094379425,
                    -3.3073840141296387
                ],
                [
                    -0.8313530087471008,
                    0.0896652564406395,
                    0.5484635829925537,
                    2.2109272480010986
                ],
                [
                    -7.4505797087454084e-09,
                    0.9868984818458557,
                    -0.1613425463438034,
                    -0.6503925323486328
                ],
                [
                    0.0,
                    0.0,
                    0.0,
                    1.0
                ]
            ]
        },
        {
            "file_path": "/data/shapenet_blender/all_50_random/02958343/65b9b2df0985821463e6a626b8b4d07a/r_28",
            "rotation": 0.12566370614359174,
            "transform_matrix": [
                [
                    -0.7815145254135132,
                    -0.08153675496578217,
                    0.6185360550880432,
                    2.493398666381836
                ],
                [
                    0.6238871216773987,
                    -0.10213732719421387,
                    0.7748115062713623,
                    3.1233651638031006
                ],
                [
                    0.0,
                    0.9914231300354004,
                    0.1306915134191513,
                    0.5268343687057495
                ],
                [
                    0.0,
                    0.0,
                    0.0,
                    1.0
                ]
            ]
        },
        {
            "file_path": "/data/shapenet_blender/all_50_random/02958343/65b9b2df0985821463e6a626b8b4d07a/r_29",
            "rotation": 0.12566370614359174,
            "transform_matrix": [
                [
                    -0.2816118001937866,
                    0.3716806173324585,
                    -0.8846176266670227,
                    -3.566007375717163
                ],
                [
                    -0.959528386592865,
                    -0.10908447951078415,
                    0.25962626934051514,
                    1.0465868711471558
                ],
                [
                    0.0,
                    0.9219294786453247,
                    0.3873576521873474,
                    1.5614885091781616
                ],
                [
                    0.0,
                    0.0,
                    0.0,
                    1.0
                ]
            ]
        },
        {
            "file_path": "/data/shapenet_blender/all_50_random/02958343/65b9b2df0985821463e6a626b8b4d07a/r_30",
            "rotation": 0.12566370614359174,
            "transform_matrix": [
                [
                    0.7869963049888611,
                    0.005334468092769384,
                    0.6169346570968628,
                    2.486942768096924
                ],
                [
                    0.6169577240943909,
                    -0.006804692093282938,
                    -0.7869669795036316,
                    -3.1723649501800537
                ],
                [
                    0.0,
                    0.9999626278877258,
                    -0.008646409958600998,
                    -0.034854788333177567
                ],
                [
                    0.0,
                    0.0,
                    0.0,
                    1.0
                ]
            ]
        },
        {
            "file_path": "/data/shapenet_blender/all_50_random/02958343/65b9b2df0985821463e6a626b8b4d07a/r_31",
            "rotation": 0.12566370614359174,
            "transform_matrix": [
                [
                    -0.012156843207776546,
                    -0.2488403022289276,
                    0.9684682488441467,
                    3.904020309448242
                ],
                [
                    0.9999260902404785,
                    -0.003025336191058159,
                    0.011774387210607529,
                    0.047464072704315186
                ],
                [
                    0.0,
                    0.9685397744178772,
                    0.24885869026184082,
                    1.0031814575195312
                ],
                [
                    0.0,
                    0.0,
                    0.0,
                    1.0
                ]
            ]
        },
        {
            "file_path": "/data/shapenet_blender/all_50_random/02958343/65b9b2df0985821463e6a626b8b4d07a/r_32",
            "rotation": 0.12566370614359174,
            "transform_matrix": [
                [
                    0.962897539138794,
                    0.21853560209274292,
                    -0.1583366096019745,
                    -0.6382752656936646
                ],
                [
                    -0.2698671519756317,
                    0.7797443270683289,
                    -0.5649517774581909,
                    -2.277393341064453
                ],
                [
                    0.0,
                    0.5867205858230591,
                    0.8097894787788391,
                    3.2643659114837646
                ],
                [
                    0.0,
                    0.0,
                    0.0,
                    1.0
                ]
            ]
        },
        {
            "file_path": "/data/shapenet_blender/all_50_random/02958343/65b9b2df0985821463e6a626b8b4d07a/r_33",
            "rotation": 0.12566370614359174,
            "transform_matrix": [
                [
                    0.8457786440849304,
                    -0.5009602308273315,
                    0.1835678517818451,
                    0.7399857044219971
                ],
                [
                    0.5335337519645691,
                    0.7941418290138245,
                    -0.2909989655017853,
                    -1.1730543375015259
                ],
                [
                    0.0,
                    0.34406042098999023,
                    0.9389474987983704,
                    3.7850184440612793
                ],
                [
                    0.0,
                    0.0,
                    0.0,
                    1.0
                ]
            ]
        },
        {
            "file_path": "/data/shapenet_blender/all_50_random/02958343/65b9b2df0985821463e6a626b8b4d07a/r_34",
            "rotation": 0.12566370614359174,
            "transform_matrix": [
                [
                    0.27794501185417175,
                    -0.1196451336145401,
                    0.9531167149543762,
                    3.8421366214752197
                ],
                [
                    0.9605970978736877,
                    0.03461885079741478,
                    -0.275780588388443,
                    -1.1117072105407715
                ],
                [
                    0.0,
                    0.9922128915786743,
                    0.1245528906583786,
                    0.5020887851715088
                ],
                [
                    0.0,
                    0.0,
                    0.0,
                    1.0
                ]
            ]
        },
        {
            "file_path": "/data/shapenet_blender/all_50_random/02958343/65b9b2df0985821463e6a626b8b4d07a/r_35",
            "rotation": 0.12566370614359174,
            "transform_matrix": [
                [
                    -0.9315765500068665,
                    -0.039339203387498856,
                    0.3614104688167572,
                    1.4568920135498047
                ],
                [
                    0.36354514956474304,
                    -0.1008058562874794,
                    0.9261064529418945,
                    3.7332541942596436
                ],
                [
                    3.725290076417309e-09,
                    0.9941279888153076,
                    0.10820997506380081,
                    0.4362083077430725
                ],
                [
                    0.0,
                    0.0,
                    0.0,
                    1.0
                ]
            ]
        },
        {
            "file_path": "/data/shapenet_blender/all_50_random/02958343/65b9b2df0985821463e6a626b8b4d07a/r_36",
            "rotation": 0.12566370614359174,
            "transform_matrix": [
                [
                    0.95810467004776,
                    0.13491064310073853,
                    0.2526550889015198,
                    1.018485188484192
                ],
                [
                    0.2864183783531189,
                    -0.4512926936149597,
                    -0.8451623320579529,
                    -3.4069583415985107
                ],
                [
                    7.450580596923828e-09,
                    0.8821190595626831,
                    -0.47102653980255127,
                    -1.898768663406372
                ],
                [
                    0.0,
                    0.0,
                    0.0,
                    1.0
                ]
            ]
        },
        {
            "file_path": "/data/shapenet_blender/all_50_random/02958343/65b9b2df0985821463e6a626b8b4d07a/r_37",
            "rotation": 0.12566370614359174,
            "transform_matrix": [
                [
                    -0.3004996180534363,
                    -0.10211998969316483,
                    -0.94829922914505,
                    -3.822716474533081
                ],
                [
                    -0.9537819623947144,
                    0.03217403590679169,
                    0.2987722158432007,
                    1.2043893337249756
                ],
                [
                    0.0,
                    0.994251549243927,
                    -0.1070684865117073,
                    -0.43160688877105713
                ],
                [
                    0.0,
                    0.0,
                    0.0,
                    1.0
                ]
            ]
        },
        {
            "file_path": "/data/shapenet_blender/all_50_random/02958343/65b9b2df0985821463e6a626b8b4d07a/r_38",
            "rotation": 0.12566370614359174,
            "transform_matrix": [
                [
                    -0.08622460812330246,
                    0.2878018319606781,
                    0.9538004994392395,
                    3.844892740249634
                ],
                [
                    0.9962757229804993,
                    0.024908367544412613,
                    0.08254850655794144,
                    0.332763671875
                ],
                [
                    -1.862645149230957e-09,
                    0.9573659300804138,
                    -0.2888777256011963,
                    -1.1645033359527588
                ],
                [
                    0.0,
                    0.0,
                    0.0,
                    1.0
                ]
            ]
        },
        {
            "file_path": "/data/shapenet_blender/all_50_random/02958343/65b9b2df0985821463e6a626b8b4d07a/r_39",
            "rotation": 0.12566370614359174,
            "transform_matrix": [
                [
                    -0.17636170983314514,
                    -0.1434440016746521,
                    0.9738174080848694,
                    3.925583600997925
                ],
                [
                    0.9843254685401917,
                    -0.025700880214571953,
                    0.17447897791862488,
                    0.7033472657203674
                ],
                [
                    0.0,
                    0.9893245100975037,
                    0.1457282453775406,
                    0.5874493718147278
                ],
                [
                    0.0,
                    0.0,
                    0.0,
                    1.0
                ]
            ]
        },
        {
            "file_path": "/data/shapenet_blender/all_50_random/02958343/65b9b2df0985821463e6a626b8b4d07a/r_40",
            "rotation": 0.12566370614359174,
            "transform_matrix": [
                [
                    0.44104641675949097,
                    -0.03769919276237488,
                    0.8966920971870422,
                    3.6146817207336426
                ],
                [
                    0.8974843621253967,
                    0.018526332452893257,
                    -0.4406571090221405,
                    -1.7763457298278809
                ],
                [
                    1.862645149230957e-09,
                    0.999117374420166,
                    0.042005401104688644,
                    0.1693291962146759
                ],
                [
                    0.0,
                    0.0,
                    0.0,
                    1.0
                ]
            ]
        },
        {
            "file_path": "/data/shapenet_blender/all_50_random/02958343/65b9b2df0985821463e6a626b8b4d07a/r_41",
            "rotation": 0.12566370614359174,
            "transform_matrix": [
                [
                    -0.4853173494338989,
                    -0.25778698921203613,
                    0.8354716897010803,
                    3.367894172668457
                ],
                [
                    0.8743381500244141,
                    -0.14308936893939972,
                    0.46374380588531494,
                    1.8694111108779907
                ],
                [
                    -7.450580596923828e-09,
