{
    "class": "02958343",
    "model": "1b25c745164e53b822d2fb8fec68f2a1",
    "remove_doubles": true,
    "edge_split": true,
    "denoise": true,
    "camera_angle_x": 0.6911112070083618,
    "scale_factor": 2.2820161299207675,
    "hdri_file": "/data/IndoorHDRDataset2018/9C4A0464-28c1c398da.exr",
    "center_offset": [
        0.0,
        -1.6298145055770874e-09,
        -3.725290298461914e-09
    ],
    "lights": [],
    "frames": [
        {
            "file_path": "/data/shapenet_blender/all_50_random/02958343/1b25c745164e53b822d2fb8fec68f2a1/r_0",
            "rotation": 0.12566370614359174,
            "transform_matrix": [
                [
                    0.9925514459609985,
                    0.0138290049508214,
                    -0.12103956937789917,
                    -0.4879261255264282
                ],
                [
                    -0.12182702124118805,
                    0.11266794055700302,
                    -0.9861359596252441,
                    -3.975241184234619
                ],
                [
                    0.0,
                    0.9935364127159119,
                    0.11351346969604492,
                    0.45758742094039917
                ],
                [
                    0.0,
                    0.0,
                    0.0,
                    1.0
                ]
            ]
        },
        {
            "file_path": "/data/shapenet_blender/all_50_random/02958343/1b25c745164e53b822d2fb8fec68f2a1/r_1",
            "rotation": 0.12566370614359174,
            "transform_matrix": [
                [
                    0.08692677319049835,
                    -0.2285638302564621,
                    0.9696402549743652,
                    3.908745050430298
                ],
                [
                    0.9962148070335388,
                    0.019943807274103165,
                    -0.08460795879364014,
                    -0.3410656154155731
                ],
                [
                    1.862645371275562e-09,
                    0.9733245372772217,
                    0.22943231463432312,
                    0.9248713254928589
                ],
                [
                    0.0,
                    0.0,
                    0.0,
                    1.0
                ]
            ]
        },
        {
            "file_path": "/data/shapenet_blender/all_50_random/02958343/1b25c745164e53b822d2fb8fec68f2a1/r_2",
            "rotation": 0.12566370614359174,
            "transform_matrix": [
                [
                    -0.9423953294754028,
                    -0.01939251460134983,
                    -0.3339386582374573,
                    -1.3461499214172363
                ],
                [
                    -0.3345012962818146,
                    0.054634809494018555,
                    0.9408102035522461,
                    3.792527437210083
                ],
                [
                    0.0,
                    0.998318076133728,
                    -0.05797440558671951,
                    -0.23370231688022614
                ],
                [
                    0.0,
                    0.0,
                    0.0,
                    1.0
                ]
            ]
        },
        {
            "file_path": "/data/shapenet_blender/all_50_random/02958343/1b25c745164e53b822d2fb8fec68f2a1/r_3",
            "rotation": 0.12566370614359174,
            "transform_matrix": [
                [
                    -0.7868770360946655,
                    0.14691510796546936,
                    -0.5993666648864746,
                    -2.4161243438720703
                ],
                [
                    -0.6171097755432129,
                    -0.18733157217502594,
                    0.7642528414726257,
                    3.0808017253875732
                ],
                [
                    -7.450580596923828e-09,
                    0.9712479710578918,
                    0.23806971311569214,
                    0.959689736366272
                ],
                [
                    0.0,
                    0.0,
                    0.0,
                    1.0
                ]
            ]
        },
        {
            "file_path": "/data/shapenet_blender/all_50_random/02958343/1b25c745164e53b822d2fb8fec68f2a1/r_4",
            "rotation": 0.12566370614359174,
            "transform_matrix": [
                [
                    -0.8084259033203125,
                    -0.3681754171848297,
                    -0.45923253893852234,
                    -1.8512256145477295
                ],
                [
                    -0.5885980725288391,
                    0.505680501461029,
                    0.6307452917098999,
                    2.5426156520843506
                ],
                [
                    2.9802322387695312e-08,
                    0.7802141904830933,
                    -0.6255124807357788,
                    -2.52152156829834
                ],
                [
                    0.0,
                    0.0,
                    0.0,
                    1.0
                ]
            ]
        },
        {
            "file_path": "/data/shapenet_blender/all_50_random/02958343/1b25c745164e53b822d2fb8fec68f2a1/r_5",
            "rotation": 0.12566370614359174,
            "transform_matrix": [
                [
                    0.934178352355957,
                    0.008582218550145626,
                    -0.35670334100723267,
                    -1.4379172325134277
                ],
                [
                    -0.35680660605430603,
                    0.02246966026723385,
                    -0.9339079856872559,
                    -3.7647037506103516
                ],
                [
                    9.31322685637781e-10,
                    0.9997106194496155,
                    0.024052860215306282,
                    0.09696018695831299
                ],
                [
                    0.0,
                    0.0,
                    0.0,
                    1.0
                ]
            ]
        },
        {
            "file_path": "/data/shapenet_blender/all_50_random/02958343/1b25c745164e53b822d2fb8fec68f2a1/r_6",
            "rotation": 0.12566370614359174,
            "transform_matrix": [
                [
                    -0.9978781342506409,
                    -0.005625967867672443,
                    -0.06486646831035614,
                    -0.26148515939712524
                ],
                [
                    -0.06510999798774719,
                    0.0862237736582756,
                    0.9941458106040955,
                    4.007530689239502
                ],
                [
                    -4.656613428188905e-10,
                    0.996259868144989,
                    -0.0864071249961853,
                    -0.34831833839416504
                ],
                [
                    0.0,
                    0.0,
                    0.0,
                    1.0
                ]
            ]
        },
        {
            "file_path": "/data/shapenet_blender/all_50_random/02958343/1b25c745164e53b822d2fb8fec68f2a1/r_7",
            "rotation": 0.12566370614359174,
            "transform_matrix": [
                [
                    -0.9941134452819824,
                    -0.02418327145278454,
                    0.1056109368801117,
                    0.4257313013076782
                ],
                [
                    0.10834436118602753,
                    -0.2218935340642929,
                    0.969032883644104,
                    3.906296491622925
                ],
                [
                    -1.862645149230957e-09,
                    0.9747709631919861,
                    0.2232074737548828,
                    0.8997781276702881
                ],
                [
                    0.0,
                    0.0,
                    0.0,
                    1.0
                ]
            ]
        },
        {
            "file_path": "/data/shapenet_blender/all_50_random/02958343/1b25c745164e53b822d2fb8fec68f2a1/r_8",
            "rotation": 0.12566370614359174,
            "transform_matrix": [
                [
                    0.38873034715652466,
                    0.6727502346038818,
                    0.6295204162597656,
                    2.5376780033111572
                ],
                [
                    0.9213516712188721,
                    -0.28384214639663696,
                    -0.2656029462814331,
                    -1.0706796646118164
                ],
                [
                    -1.4901161193847656e-08,
                    0.6832575798034668,
                    -0.7301774621009827,
                    -2.943439483642578
                ],
                [
                    0.0,
                    0.0,
                    0.0,
                    1.0
                ]
            ]
        },
        {
            "file_path": "/data/shapenet_blender/all_50_random/02958343/1b25c745164e53b822d2fb8fec68f2a1/r_9",
            "rotation": 0.12566370614359174,
            "transform_matrix": [
                [
                    0.10406356304883957,
                    0.7227281332015991,
                    0.6832529902458191,
                    2.7542808055877686
                ],
                [
                    0.9945707321166992,
                    -0.07562022656202316,
                    -0.07148987799882889,
                    -0.28818491101264954
                ],
                [
                    0.0,
                    0.6869828104972839,
                    -0.7266736030578613,
                    -2.9293150901794434
                ],
                [
                    0.0,
                    0.0,
                    0.0,
                    1.0
                ]
            ]
        },
        {
            "file_path": "/data/shapenet_blender/all_50_random/02958343/1b25c745164e53b822d2fb8fec68f2a1/r_10",
            "rotation": 0.12566370614359174,
            "transform_matrix": [
                [
                    0.15109790861606598,
                    0.6485556364059448,
                    -0.7460193634033203,
                    -3.00730037689209
                ],
                [
                    -0.9885187745094299,
                    0.09913357347249985,
                    -0.11403118818998337,
                    -0.4596744477748871
                ],
                [
                    0.0,
                    0.7546840906143188,
                    0.6560882329940796,
                    2.6447765827178955
                ],
                [
                    0.0,
                    0.0,
                    0.0,
                    1.0
                ]
            ]
        },
        {
            "file_path": "/data/shapenet_blender/all_50_random/02958343/1b25c745164e53b822d2fb8fec68f2a1/r_11",
            "rotation": 0.12566370614359174,
            "transform_matrix": [
                [
                    -0.8178988695144653,
                    0.028733594343066216,
                    -0.574644148349762,
                    -2.31646466255188
                ],
                [
                    -0.5753621459007263,
                    -0.04084588214755058,
                    0.8168781995773315,
                    3.2929413318634033
                ],
                [
                    0.0,
                    0.9987521767616272,
                    0.049940019845962524,
                    0.20131465792655945
                ],
                [
                    0.0,
                    0.0,
                    0.0,
                    1.0
                ]
            ]
        },
        {
            "file_path": "/data/shapenet_blender/all_50_random/02958343/1b25c745164e53b822d2fb8fec68f2a1/r_12",
            "rotation": 0.12566370614359174,
            "transform_matrix": [
                [
                    0.9958266019821167,
                    0.04461735486984253,
                    0.07961707562208176,
                    0.32094669342041016
                ],
                [
                    0.09126657992601395,
                    -0.4868282675743103,
                    -0.8687166571617126,
                    -3.501908779144287
                ],
                [
                    3.725290742551124e-09,
                    0.8723574280738831,
                    -0.4888685643672943,
                    -1.9706922769546509
                ],
                [
                    0.0,
                    0.0,
                    0.0,
                    1.0
                ]
            ]
        },
        {
            "file_path": "/data/shapenet_blender/all_50_random/02958343/1b25c745164e53b822d2fb8fec68f2a1/r_13",
            "rotation": 0.12566370614359174,
            "transform_matrix": [
                [
                    0.7821254134178162,
                    -0.41688117384910583,
                    -0.46313053369522095,
                    -1.8669387102127075
                ],
                [
                    -0.6231209635734558,
                    -0.5232585072517395,
                    -0.5813094973564148,
                    -2.3433332443237305
                ],
                [
                    -1.4901160305669237e-08,
                    0.7432431578636169,
                    -0.6690213084220886,
                    -2.696910858154297
                ],
                [
                    0.0,
                    0.0,
                    0.0,
                    1.0
                ]
            ]
        },
        {
            "file_path": "/data/shapenet_blender/all_50_random/02958343/1b25c745164e53b822d2fb8fec68f2a1/r_14",
            "rotation": 0.12566370614359174,
            "transform_matrix": [
                [
                    -0.7227039337158203,
                    -0.5567613244056702,
                    0.4095310568809509,
                    1.6508724689483643
                ],
                [
                    0.6911576986312866,
                    -0.5821734070777893,
                    0.4282231628894806,
                    1.7262227535247803
                ],
                [
                    0.0,
                    0.5925291180610657,
                    0.8055490255355835,
                    3.24727201461792
                ],
                [
                    0.0,
                    0.0,
                    0.0,
                    1.0
                ]
            ]
        },
        {
            "file_path": "/data/shapenet_blender/all_50_random/02958343/1b25c745164e53b822d2fb8fec68f2a1/r_15",
            "rotation": 0.12566370614359174,
            "transform_matrix": [
                [
                    -0.3468477129936218,
                    0.5195467472076416,
                    0.7808762788772583,
                    3.147813320159912
                ],
                [
                    0.9379215240478516,
                    0.19213078916072845,
                    0.2887716591358185,
                    1.1640759706497192
                ],
                [
                    0.0,
                    0.8325604796409607,
                    -0.5539340376853943,
                    -2.2329797744750977
                ],
                [
                    0.0,
                    0.0,
                    0.0,
                    1.0
                ]
            ]
        },
        {
            "file_path": "/data/shapenet_blender/all_50_random/02958343/1b25c745164e53b822d2fb8fec68f2a1/r_16",
            "rotation": 0.12566370614359174,
            "transform_matrix": [
                [
                    -0.9828888177871704,
                    0.10479368269443512,
                    -0.15148603916168213,
                    -0.6106597781181335
                ],
                [
                    -0.18420028686523438,
                    -0.5591768622398376,
                    0.8083263039588928,
                    3.258467674255371
                ],
                [
                    0.0,
                    0.8223985433578491,
                    0.5689117312431335,
                    2.2933566570281982
                ],
                [
                    0.0,
                    0.0,
                    0.0,
                    1.0
                ]
            ]
        },
        {
            "file_path": "/data/shapenet_blender/all_50_random/02958343/1b25c745164e53b822d2fb8fec68f2a1/r_17",
            "rotation": 0.12566370614359174,
            "transform_matrix": [
                [
                    -0.19397424161434174,
                    0.5959176421165466,
                    -0.779266357421875,
                    -3.1413230895996094
                ],
                [
                    -0.9810065627098083,
                    -0.11783068627119064,
                    0.1540841907262802,
                    0.6211332082748413
                ],
                [
                    0.0,
                    0.7943537831306458,
                    0.607455313205719,
                    2.448730707168579
                ],
                [
                    0.0,
                    0.0,
                    0.0,
                    1.0
                ]
            ]
        },
        {
            "file_path": "/data/shapenet_blender/all_50_random/02958343/1b25c745164e53b822d2fb8fec68f2a1/r_18",
            "rotation": 0.12566370614359174,
            "transform_matrix": [
                [
                    -0.5708348155021667,
                    0.12717339396476746,
                    0.8111563920974731,
                    3.2698755264282227
                ],
                [
                    0.8210649490356445,
                    0.08841565251350403,
                    0.563946008682251,
                    2.273338794708252
                ],
                [
                    7.4505797087454084e-09,
                    0.987932026386261,
                    -0.1548883467912674,
                    -0.6243748068809509
                ],
                [
                    0.0,
                    0.0,
                    0.0,
                    1.0
                ]
            ]
        },
        {
            "file_path": "/data/shapenet_blender/all_50_random/02958343/1b25c745164e53b822d2fb8fec68f2a1/r_19",
            "rotation": 0.12566370614359174,
            "transform_matrix": [
                [
                    -0.9913082122802734,
                    0.00880314689129591,
                    0.1312652826309204,
                    0.5291472673416138
                ],
                [
                    0.13156013190746307,
                    0.0663318783044815,
                    0.9890865087509155,
                    3.987135171890259
                ],
                [
                    9.313225746154785e-10,
                    0.9977587461471558,
                    -0.06691348552703857,
                    -0.2697368860244751
                ],
                [
                    0.0,
                    0.0,
                    0.0,
                    1.0
                ]
            ]
        },
        {
            "file_path": "/data/shapenet_blender/all_50_random/02958343/1b25c745164e53b822d2fb8fec68f2a1/r_20",
            "rotation": 0.12566370614359174,
            "transform_matrix": [
                [
                    -0.8348351716995239,
                    0.10128938406705856,
                    0.5411014556884766,
                    2.1812496185302734
                ],
                [
                    0.5505000948905945,
                    0.15360568463802338,
                    0.8205820918083191,
                    3.3078722953796387
                ],
                [
                    -7.450580596923828e-09,
                    0.982927143573761,
                    -0.18399523198604584,
                    -0.741708517074585
                ],
                [
                    0.0,
                    0.0,
                    0.0,
                    1.0
                ]
            ]
        },
        {
            "file_path": "/data/shapenet_blender/all_50_random/02958343/1b25c745164e53b822d2fb8fec68f2a1/r_21",
            "rotation": 0.12566370614359174,
            "transform_matrix": [
                [
                    0.352748841047287,
                    0.7950003743171692,
                    -0.49350038170814514,
                    -1.989363670349121
                ],
                [
                    -0.9357179999351501,
                    0.2997008264064789,
                    -0.18604077398777008,
                    -0.749954342842102
                ],
                [
                    0.0,
                    0.5274027585983276,
                    0.8496153354644775,
                    3.4249088764190674
                ],
                [
                    0.0,
                    0.0,
                    0.0,
                    1.0
                ]
            ]
        },
        {
            "file_path": "/data/shapenet_blender/all_50_random/02958343/1b25c745164e53b822d2fb8fec68f2a1/r_22",
            "rotation": 0.12566370614359174,
            "transform_matrix": [
                [
                    0.3107075095176697,
                    0.19846294820308685,
                    -0.9295552968978882,
                    -3.7471578121185303
                ],
                [
                    -0.9505056738853455,
                    0.06487485766410828,
                    -0.3038591146469116,
                    -1.2248953580856323
                ],
                [
                    -3.725290742551124e-09,
                    0.9779589176177979,
                    0.20879721641540527,
                    0.8416886329650879
                ],
                [
                    0.0,
                    0.0,
                    0.0,
                    1.0
                ]
            ]
        },
        {
            "file_path": "/data/shapenet_blender/all_50_random/02958343/1b25c745164e53b822d2fb8fec68f2a1/r_23",
            "rotation": 0.12566370614359174,
            "transform_matrix": [
                [
                    -0.7559612989425659,
                    -0.12172290682792664,
                    0.6431998014450073,
                    2.5928213596343994
                ],
                [
                    0.6546162962913513,
                    -0.14056754112243652,
                    0.742777407169342,
                    2.9942314624786377
                ],
                [
                    -7.450580596923828e-09,
                    0.9825599789619446,
                    0.18594545125961304,
                    0.7495700716972351
                ],
                [
                    0.0,
                    0.0,
                    0.0,
                    1.0
                ]
            ]
        },
        {
            "file_path": "/data/shapenet_blender/all_50_random/02958343/1b25c745164e53b822d2fb8fec68f2a1/r_24",
            "rotation": 0.12566370614359174,
            "transform_matrix": [
                [
                    -0.8704937100410461,
                    -0.46937763690948486,
                    -0.14807236194610596,
                    -0.5968988537788391
                ],
                [
                    -0.49217960238456726,
                    0.8301649689674377,
                    0.2618882358074188,
                    1.0557053089141846
                ],
                [
                    7.450580596923828e-09,
                    0.30085015296936035,
                    -0.9536713361740112,
                    -3.844372272491455
                ],
                [
                    0.0,
                    0.0,
                    0.0,
                    1.0
                ]
            ]
        },
        {
            "file_path": "/data/shapenet_blender/all_50_random/02958343/1b25c745164e53b822d2fb8fec68f2a1/r_25",
            "rotation": 0.12566370614359174,
            "transform_matrix": [
                [
                    0.08128327131271362,
                    -0.17053981125354767,
                    -0.9819923639297485,
                    -3.958538055419922
                ],
                [
                    -0.9966910481452942,
                    -0.013908055610954762,
                    -0.08008454740047455,
                    -0.3228311538696289
                ],
                [
                    0.0,
                    0.9852526783943176,
                    -0.17110596597194672,
                    -0.6897502541542053
                ],
                [
                    0.0,
                    0.0,
                    0.0,
                    1.0
                ]
            ]
        },
        {
            "file_path": "/data/shapenet_blender/all_50_random/02958343/1b25c745164e53b822d2fb8fec68f2a1/r_26",
            "rotation": 0.12566370614359174,
            "transform_matrix": [
                [
                    -0.6789753437042236,
                    -0.7130378484725952,
                    -0.17484092712402344,
                    -0.7048063278198242
                ],
                [
                    -0.7341609597206116,
                    0.6594400405883789,
                    0.16169844567775726,
                    0.6518272757530212
                ],
                [
                    -7.450580152834618e-09,
                    0.23815058171749115,
                    -0.9712281823158264,
                    -3.9151461124420166
                ],
                [
                    0.0,
                    0.0,
                    0.0,
                    1.0
                ]
            ]
        },
        {
            "file_path": "/data/shapenet_blender/all_50_random/02958343/1b25c745164e53b822d2fb8fec68f2a1/r_27",
            "rotation": 0.12566370614359174,
            "transform_matrix": [
                [
                    -0.28710559010505676,
                    -0.09462719410657883,
                    0.9532134532928467,
                    3.84252667427063
                ],
                [
                    0.9578989148139954,
                    -0.02836207114160061,
                    0.2857012450695038,
                    1.1516987085342407
                ],
                [
                    0.0,
                    0.9951086044311523,
                    0.09878619015216827,
                    0.39821991324424744
                ],
                [
                    0.0,
                    0.0,
                    0.0,
                    1.0
                ]
            ]
        },
        {
            "file_path": "/data/shapenet_blender/all_50_random/02958343/1b25c745164e53b822d2fb8fec68f2a1/r_28",
            "rotation": 0.12566370614359174,
            "transform_matrix": [
                [
                    -0.943332850933075,
                    0.024121759459376335,
                    0.33097025752067566,
                    1.3341838121414185
                ],
                [
                    0.3318481147289276,
                    0.06857006251811981,
                    0.9408373236656189,
                    3.7926366329193115
                ],
                [
                    0.0,
                    0.9973546862602234,
                    -0.07268914580345154,
                    -0.2930193245410919
                ],
                [
                    0.0,
                    0.0,
                    0.0,
                    1.0
                ]
            ]
        },
        {
            "file_path": "/data/shapenet_blender/all_50_random/02958343/1b25c745164e53b822d2fb8fec68f2a1/r_29",
            "rotation": 0.12566370614359174,
            "transform_matrix": [
                [
                    0.9265221357345581,
                    -0.11863401532173157,
                    -0.3570471704006195,
                    -1.4393031597137451
                ],
                [
                    -0.37624022364616394,
                    -0.29214587807655334,
                    -0.8792576789855957,
                    -3.544400930404663
                ],
                [
                    0.0,
                    0.9489871859550476,
                    -0.31531456112861633,
                    -1.271073579788208
                ],
                [
                    0.0,
                    0.0,
                    0.0,
                    1.0
                ]
            ]
        },
        {
            "file_path": "/data/shapenet_blender/all_50_random/02958343/1b25c745164e53b822d2fb8fec68f2a1/r_30",
            "rotation": 0.12566370614359174,
            "transform_matrix": [
                [
                    -0.9688627123832703,
                    0.025331994518637657,
                    -0.24629923701286316,
                    -0.9928639531135559
                ],
                [
                    -0.24759851396083832,
                    -0.09912508726119995,
                    0.963778555393219,
                    3.885115623474121
                ],
                [
                    0.0,
                    0.9947524070739746,
                    0.10231077671051025,
                    0.4124279320240021
                ],
                [
                    0.0,
                    0.0,
                    0.0,
                    1.0
                ]
            ]
        },
        {
            "file_path": "/data/shapenet_blender/all_50_random/02958343/1b25c745164e53b822d2fb8fec68f2a1/r_31",
            "rotation": 0.12566370614359174,
            "transform_matrix": [
                [
                    -0.9989709258079529,
                    -0.0011578217381611466,
                    0.045342329889535904,
                    0.18278077244758606
                ],
                [
                    0.0453571118414402,
                    -0.025500528514385223,
                    0.9986453652381897,
                    4.025668144226074
                ],
                [
                    1.1641533570472262e-10,
                    0.9996740221977234,
                    0.025526804849505424,
                    0.10290183871984482
                ],
                [
                    0.0,
                    0.0,
                    0.0,
                    1.0
                ]
            ]
        },
        {
            "file_path": "/data/shapenet_blender/all_50_random/02958343/1b25c745164e53b822d2fb8fec68f2a1/r_32",
            "rotation": 0.12566370614359174,
            "transform_matrix": [
                [
                    0.9807063937187195,
                    0.08451879769563675,
                    -0.17627082765102386,
                    -0.7105704545974731
                ],
                [
                    -0.1954861283302307,
                    0.4240102469921112,
                    -0.884307861328125,
                    -3.5647590160369873
                ],
                [
                    0.0,
                    0.9017049074172974,
                    0.43235188722610474,
                    1.7428661584854126
                ],
                [
                    0.0,
                    0.0,
                    0.0,
                    1.0
                ]
            ]
        },
        {
            "file_path": "/data/shapenet_blender/all_50_random/02958343/1b25c745164e53b822d2fb8fec68f2a1/r_33",
            "rotation": 0.12566370614359174,
            "transform_matrix": [
                [
                    -0.5115018486976624,
                    0.19842477142810822,
                    -0.8360582590103149,
                    -3.3702585697174072
                ],
                [
                    -0.8592822551727295,
                    -0.1181156113743782,
                    0.49767744541168213,
                    2.006201982498169
                ],
                [
                    0.0,
                    0.9729728102684021,
                    0.2309192419052124,
                    0.9308652281761169
                ],
                [
                    0.0,
                    0.0,
                    0.0,
                    1.0
                ]
            ]
        },
        {
            "file_path": "/data/shapenet_blender/all_50_random/02958343/1b25c745164e53b822d2fb8fec68f2a1/r_34",
            "rotation": 0.12566370614359174,
            "transform_matrix": [
                [
                    0.841653048992157,
                    0.041667740792036057,
                    0.538408637046814,
                    2.1703948974609375
                ],
                [
                    0.540018618106842,
                    -0.06494179368019104,
                    -0.8391438126564026,
                    -3.382697105407715
                ],
                [
                    0.0,
                    0.9970186948776245,
                    -0.0771598070859909,
                    -0.3110411465167999
                ],
                [
                    0.0,
                    0.0,
                    0.0,
                    1.0
                ]
            ]
        },
        {
            "file_path": "/data/shapenet_blender/all_50_random/02958343/1b25c745164e53b822d2fb8fec68f2a1/r_35",
            "rotation": 0.12566370614359174,
            "transform_matrix": [
                [
                    0.6838775873184204,
                    0.5969690084457397,
                    0.41945120692253113,
                    1.6908620595932007
                ],
                [
                    0.7295966744422913,
                    -0.5595608353614807,
                    -0.3931669294834137,
                    -1.5849066972732544
                ],
                [
                    -1.4901160305669237e-08,
                    0.5749083161354065,
                    -0.8182176947593689,
                    -3.2983412742614746
                ],
                [
                    0.0,
                    0.0,
                    0.0,
                    1.0
                ]
            ]
        },
        {
            "file_path": "/data/shapenet_blender/all_50_random/02958343/1b25c745164e53b822d2fb8fec68f2a1/r_36",
            "rotation": 0.12566370614359174,
            "transform_matrix": [
                [
                    -0.5808936357498169,
                    -0.5678979158401489,
                    -0.5831419825553894,
                    -2.3507204055786133
                ],
                [
                    -0.8139795660972595,
                    0.4052783250808716,
                    0.41615718603134155,
                    1.6775832176208496
                ],
                [
                    0.0,
                    0.7164086699485779,
                    -0.6976808905601501,
                    -2.81244158744812
                ],
                [
                    0.0,
                    0.0,
                    0.0,
                    1.0
                ]
            ]
        },
        {
            "file_path": "/data/shapenet_blender/all_50_random/02958343/1b25c745164e53b822d2fb8fec68f2a1/r_37",
            "rotation": 0.12566370614359174,
            "transform_matrix": [
                [
                    0.23833629488945007,
                    0.7778655886650085,
                    0.5814817547798157,
                    2.3440279960632324
                ],
                [
                    0.9711827039718628,
                    -0.19089466333389282,
                    -0.1427004486322403,
                    -0.5752438902854919
                ],
                [
                    0.0,
                    0.5987356901168823,
                    -0.8009465932846069,
                    -3.2287189960479736
                ],
                [
                    0.0,
                    0.0,
                    0.0,
                    1.0
                ]
            ]
        },
        {
            "file_path": "/data/shapenet_blender/all_50_random/02958343/1b25c745164e53b822d2fb8fec68f2a1/r_38",
            "rotation": 0.12566370614359174,
            "transform_matrix": [
                [
                    -0.9687379598617554,
                    -0.013457538560032845,
                    0.24772091209888458,
                    0.9985949397087097
                ],
                [
                    0.24808616936206818,
                    -0.05254959687590599,
                    0.9673116207122803,
                    3.899357795715332
                ],
                [
                    9.313225746154785e-10,
                    0.9985275864601135,
                    0.054245419800281525,
                    0.21867027878761292
                ],
                [
                    0.0,
                    0.0,
                    0.0,
                    1.0
                ]
            ]
        },
        {
            "file_path": "/data/shapenet_blender/all_50_random/02958343/1b25c745164e53b822d2fb8fec68f2a1/r_39",
            "rotation": 0.12566370614359174,
            "transform_matrix": [
                [
                    -0.8660765886306763,
                    0.005516256205737591,
                    0.49988093972206116,
                    2.0150845050811768
                ],
                [
                    0.499911367893219,
                    0.009556693956255913,
                    0.86602383852005,
                    3.491053819656372
                ],
                [
                    0.0,
                    0.9999391436576843,
                    -0.0110344672575593,
                    -0.04448135942220688
                ],
                [
                    0.0,
                    0.0,
                    0.0,
                    1.0
                ]
            ]
        },
        {
            "file_path": "/data/shapenet_blender/all_50_random/02958343/1b25c745164e53b822d2fb8fec68f2a1/r_40",
            "rotation": 0.12566370614359174,
            "transform_matrix": [
                [
                    0.9002905488014221,
                    0.09797963500022888,
                    -0.4241189658641815,
                    -1.709678292274475
                ],
                [
                    -0.4352894723415375,
                    0.20264707505702972,
                    -0.8771870732307434,
                    -3.5360541343688965
                ],
                [
                    -7.450580596923828e-09,
                    0.9743376970291138,
                    0.22509075701236725,
                    0.90736985206604
                ],
                [
                    0.0,
                    0.0,
                    0.0,
                    1.0
                ]
            ]
        },
        {
            "file_path": "/data/shapenet_blender/all_50_random/02958343/1b25c745164e53b822d2fb8fec68f2a1/r_41",
            "rotation": 0.12566370614359174,
            "transform_matrix": [
                [
                    0.8431271314620972,
                    -0.07141748070716858,
                    -0.5329504609107971,
                    -2.1483919620513916
                ],
                [
                    -0.5377142429351807,
                    -0.11198143661022186,
                    -0.83565753698349,
                    -3.368643283843994
                ],
