{
    "class": "02958343",
    "model": "c9e555bb1a17cfbc5d918097f81825e3",
    "remove_doubles": true,
    "edge_split": true,
    "denoise": true,
    "camera_angle_x": 0.6911112070083618,
    "scale_factor": 2.2300895919016503,
    "hdri_file": "/data/IndoorHDRDataset2018/9C4A4451-11fce97e72.exr",
    "center_offset": [
        0.0,
        0.0,
        3.725290298461914e-09
    ],
    "lights": [],
    "frames": [
        {
            "file_path": "/data/shapenet_blender/all_50_random/02958343/c9e555bb1a17cfbc5d918097f81825e3/r_0",
            "rotation": 0.12566370614359174,
            "transform_matrix": [
                [
                    0.9209723472595215,
                    -0.035581085830926895,
                    0.38799989223480225,
                    1.5640778541564941
                ],
                [
                    0.38962802290916443,
                    0.08410380035638809,
                    -0.9171239137649536,
                    -3.69704532623291
                ],
                [
                    0.0,
                    0.9958215951919556,
                    0.09132064133882523,
                    0.368125319480896
                ],
                [
                    0.0,
                    0.0,
                    0.0,
                    1.0
                ]
            ]
        },
        {
            "file_path": "/data/shapenet_blender/all_50_random/02958343/c9e555bb1a17cfbc5d918097f81825e3/r_1",
            "rotation": 0.12566370614359174,
            "transform_matrix": [
                [
                    0.7142898440361023,
                    0.11713191866874695,
                    0.6899783611297607,
                    2.7813916206359863
                ],
                [
                    0.6998499631881714,
                    -0.11954868584871292,
                    -0.7042145729064941,
                    -2.8387796878814697
                ],
                [
                    0.0,
                    0.9858946800231934,
                    -0.16736717522144318,
                    -0.6746786832809448
                ],
                [
                    0.0,
                    0.0,
                    0.0,
                    1.0
                ]
            ]
        },
        {
            "file_path": "/data/shapenet_blender/all_50_random/02958343/c9e555bb1a17cfbc5d918097f81825e3/r_2",
            "rotation": 0.12566370614359174,
            "transform_matrix": [
                [
                    0.5358569622039795,
                    -0.1398106813430786,
                    -0.8326525688171387,
                    -3.356529951095581
                ],
                [
                    -0.8443088531494141,
                    -0.08873354643583298,
                    -0.5284590721130371,
                    -2.130286693572998
                ],
                [
                    1.4901162970204496e-08,
                    0.9861942529678345,
                    -0.16559189558029175,
                    -0.6675223112106323
                ],
                [
                    0.0,
                    0.0,
                    0.0,
                    1.0
                ]
            ]
        },
        {
            "file_path": "/data/shapenet_blender/all_50_random/02958343/c9e555bb1a17cfbc5d918097f81825e3/r_3",
            "rotation": 0.12566370614359174,
            "transform_matrix": [
                [
                    -0.7767906785011292,
                    0.5346265435218811,
                    -0.3328222334384918,
                    -1.3416494131088257
                ],
                [
                    -0.6297587752342224,
                    -0.6594476103782654,
                    0.41052737832069397,
                    1.6548888683319092
                ],
                [
                    0.0,
                    0.5284915566444397,
                    0.8489384651184082,
                    3.422180652618408
                ],
                [
                    0.0,
                    0.0,
                    0.0,
                    1.0
                ]
            ]
        },
        {
            "file_path": "/data/shapenet_blender/all_50_random/02958343/c9e555bb1a17cfbc5d918097f81825e3/r_4",
            "rotation": 0.12566370614359174,
            "transform_matrix": [
                [
                    0.38900768756866455,
                    -0.5871461629867554,
                    -0.7098819613456726,
                    -2.8616256713867188
                ],
                [
                    -0.9212344884872437,
                    -0.24793292582035065,
                    -0.2997603118419647,
                    -1.2083724737167358
                ],
                [
                    0.0,
                    0.7705767750740051,
                    -0.6373471617698669,
                    -2.5692286491394043
                ],
                [
                    0.0,
                    0.0,
                    0.0,
                    1.0
                ]
            ]
        },
        {
            "file_path": "/data/shapenet_blender/all_50_random/02958343/c9e555bb1a17cfbc5d918097f81825e3/r_5",
            "rotation": 0.12566370614359174,
            "transform_matrix": [
                [
                    -0.38465070724487305,
                    0.2568836212158203,
                    -0.886597216129303,
                    -3.5739877223968506
                ],
                [
                    -0.9230622053146362,
                    -0.10704637318849564,
                    0.3694553077220917,
                    1.4893219470977783
                ],
                [
                    7.450580596923828e-09,
                    0.9604955315589905,
                    0.2782950699329376,
                    1.1218433380126953
                ],
                [
                    0.0,
                    0.0,
                    0.0,
                    1.0
                ]
            ]
        },
        {
            "file_path": "/data/shapenet_blender/all_50_random/02958343/c9e555bb1a17cfbc5d918097f81825e3/r_6",
            "rotation": 0.12566370614359174,
            "transform_matrix": [
                [
                    -0.8918069005012512,
                    0.24188725650310516,
                    -0.3823229968547821,
                    -1.5411932468414307
                ],
                [
                    -0.4524160623550415,
                    -0.4768105149269104,
                    0.7536388039588928,
                    3.038015127182007
                ],
                [
                    0.0,
                    0.8450692892074585,
                    0.5346566438674927,
                    2.1552698612213135
                ],
                [
                    0.0,
                    0.0,
                    0.0,
                    1.0
                ]
            ]
        },
        {
            "file_path": "/data/shapenet_blender/all_50_random/02958343/c9e555bb1a17cfbc5d918097f81825e3/r_7",
            "rotation": 0.12566370614359174,
            "transform_matrix": [
                [
                    -0.5098210573196411,
                    -0.5903459787368774,
                    0.625758707523346,
                    2.5225141048431396
                ],
                [
                    0.8602803945541382,
                    -0.34985196590423584,
                    0.37083831429481506,
                    1.4948970079421997
                ],
                [
                    0.0,
                    0.7273891568183899,
                    0.6862251162528992,
                    2.7662618160247803
                ],
                [
                    0.0,
                    0.0,
                    0.0,
                    1.0
                ]
            ]
        },
        {
            "file_path": "/data/shapenet_blender/all_50_random/02958343/c9e555bb1a17cfbc5d918097f81825e3/r_8",
            "rotation": 0.12566370614359174,
            "transform_matrix": [
                [
                    0.3668205738067627,
                    0.12671025097370148,
                    0.9216219782829285,
                    3.715177059173584
                ],
                [
                    0.9302917122840881,
                    -0.04996274784207344,
                    -0.36340203881263733,
                    -1.4649205207824707
                ],
                [
                    3.725290742551124e-09,
                    0.9906806349754333,
                    -0.13620485365390778,
                    -0.5490593314170837
                ],
                [
                    0.0,
                    0.0,
                    0.0,
                    1.0
                ]
            ]
        },
        {
            "file_path": "/data/shapenet_blender/all_50_random/02958343/c9e555bb1a17cfbc5d918097f81825e3/r_9",
            "rotation": 0.12566370614359174,
            "transform_matrix": [
                [
                    -0.88180011510849,
                    -0.11639644205570221,
                    -0.45703426003456116,
                    -1.8423640727996826
                ],
                [
                    -0.47162318229675293,
                    0.21762795746326447,
                    0.8545230031013489,
                    3.444692373275757
                ],
                [
                    0.0,
                    0.9690665006637573,
                    -0.24679964780807495,
                    -0.9948812127113342
                ],
                [
                    0.0,
                    0.0,
                    0.0,
                    1.0
                ]
            ]
        },
        {
            "file_path": "/data/shapenet_blender/all_50_random/02958343/c9e555bb1a17cfbc5d918097f81825e3/r_10",
            "rotation": 0.12566370614359174,
            "transform_matrix": [
                [
                    0.6953893899917603,
                    0.23986540734767914,
                    -0.6774201989173889,
                    -2.7307682037353516
                ],
                [
                    -0.7186331748962402,
                    0.23210711777210236,
                    -0.6555094718933105,
                    -2.6424431800842285
                ],
                [
                    0.0,
                    0.9426508545875549,
                    0.33378010988235474,
                    1.3455106019973755
                ],
                [
                    0.0,
                    0.0,
                    0.0,
                    1.0
                ]
            ]
        },
        {
            "file_path": "/data/shapenet_blender/all_50_random/02958343/c9e555bb1a17cfbc5d918097f81825e3/r_11",
            "rotation": 0.12566370614359174,
            "transform_matrix": [
                [
                    0.5966169238090515,
                    -0.123323954641819,
                    0.7929938435554504,
                    3.1966607570648193
                ],
                [
                    0.8025261163711548,
                    0.09168194979429245,
                    -0.5895304083824158,
                    -2.3764734268188477
                ],
                [
                    0.0,
                    0.9881222248077393,
                    0.15366968512535095,
                    0.6194623708724976
                ],
                [
                    0.0,
                    0.0,
                    0.0,
                    1.0
                ]
            ]
        },
        {
            "file_path": "/data/shapenet_blender/all_50_random/02958343/c9e555bb1a17cfbc5d918097f81825e3/r_12",
            "rotation": 0.12566370614359174,
            "transform_matrix": [
                [
                    0.26695942878723145,
                    -0.20483283698558807,
                    0.9416878819465637,
                    3.796065330505371
                ],
                [
                    0.9637077450752258,
                    0.05674133077263832,
                    -0.2608596682548523,
                    -1.0515589714050293
                ],
                [
                    0.0,
                    0.9771509170532227,
                    0.21254661679267883,
                    0.8568028211593628
                ],
                [
                    0.0,
                    0.0,
                    0.0,
                    1.0
                ]
            ]
        },
        {
            "file_path": "/data/shapenet_blender/all_50_random/02958343/c9e555bb1a17cfbc5d918097f81825e3/r_13",
            "rotation": 0.12566370614359174,
            "transform_matrix": [
                [
                    0.8225880265235901,
                    -0.2453816533088684,
                    -0.5129685401916504,
                    -2.067842483520508
                ],
                [
                    -0.5686377882957458,
                    -0.3549676537513733,
                    -0.7420572638511658,
                    -2.991328716278076
                ],
                [
                    0.0,
                    0.9021007418632507,
                    -0.4315253794193268,
                    -1.739534616470337
                ],
                [
                    0.0,
                    0.0,
                    0.0,
                    1.0
                ]
            ]
        },
        {
            "file_path": "/data/shapenet_blender/all_50_random/02958343/c9e555bb1a17cfbc5d918097f81825e3/r_14",
            "rotation": 0.12566370614359174,
            "transform_matrix": [
                [
                    0.7670836448669434,
                    0.3249594569206238,
                    -0.5531583428382874,
                    -2.2298526763916016
                ],
                [
                    -0.6415472626686096,
                    0.3885467052459717,
                    -0.6613989472389221,
                    -2.666184425354004
                ],
                [
                    0.0,
                    0.8622254133224487,
                    0.5065246224403381,
                    2.0418660640716553
                ],
                [
                    0.0,
                    0.0,
                    0.0,
                    1.0
                ]
            ]
        },
        {
            "file_path": "/data/shapenet_blender/all_50_random/02958343/c9e555bb1a17cfbc5d918097f81825e3/r_15",
            "rotation": 0.12566370614359174,
            "transform_matrix": [
                [
                    -0.9883177280426025,
                    -0.1282835155725479,
                    -0.08228933066129684,
                    -0.33171892166137695
                ],
                [
                    -0.15240801870822906,
                    0.8318780064582825,
                    0.5336202383041382,
                    2.151092290878296
                ],
                [
                    0.0,
                    0.5399277806282043,
                    -0.8417112231254578,
                    -3.3930466175079346
                ],
                [
                    0.0,
                    0.0,
                    0.0,
                    1.0
                ]
            ]
        },
        {
            "file_path": "/data/shapenet_blender/all_50_random/02958343/c9e555bb1a17cfbc5d918097f81825e3/r_16",
            "rotation": 0.12566370614359174,
            "transform_matrix": [
                [
                    -0.13898390531539917,
                    -0.9334694743156433,
                    0.3306330442428589,
                    1.3328245878219604
                ],
                [
                    0.9902945756912231,
                    -0.13100872933864594,
                    0.04640303552150726,
                    0.18705663084983826
                ],
                [
                    0.0,
                    0.3338734209537506,
                    0.9426178336143494,
                    3.799814224243164
                ],
                [
                    0.0,
                    0.0,
                    0.0,
                    1.0
                ]
            ]
        },
        {
            "file_path": "/data/shapenet_blender/all_50_random/02958343/c9e555bb1a17cfbc5d918097f81825e3/r_17",
            "rotation": 0.12566370614359174,
            "transform_matrix": [
                [
                    0.9284951686859131,
                    0.1321941763162613,
                    0.3470180630683899,
                    1.3988746404647827
                ],
                [
                    0.371344655752182,
                    -0.3305329382419586,
                    -0.8676698207855225,
                    -3.4976892471313477
                ],
                [
                    0.0,
                    0.9344905018806458,
                    -0.3559877574443817,
                    -1.4350327253341675
                ],
                [
                    0.0,
                    0.0,
                    0.0,
                    1.0
                ]
            ]
        },
        {
            "file_path": "/data/shapenet_blender/all_50_random/02958343/c9e555bb1a17cfbc5d918097f81825e3/r_18",
            "rotation": 0.12566370614359174,
            "transform_matrix": [
                [
                    0.7447744011878967,
                    0.0937759056687355,
                    0.6606943011283875,
                    2.663344144821167
                ],
                [
                    0.667316198348999,
                    -0.10466086864471436,
                    -0.7373839020729065,
                    -2.972489833831787
                ],
                [
                    0.0,
                    0.9900767207145691,
                    -0.1405269205570221,
                    -0.5664821863174438
                ],
                [
                    0.0,
                    0.0,
                    0.0,
                    1.0
                ]
            ]
        },
        {
            "file_path": "/data/shapenet_blender/all_50_random/02958343/c9e555bb1a17cfbc5d918097f81825e3/r_19",
            "rotation": 0.12566370614359174,
            "transform_matrix": [
                [
                    0.8007556200027466,
                    0.5753630995750427,
                    0.16657699644565582,
                    0.6714933514595032
                ],
                [
                    0.598991334438324,
                    -0.769168496131897,
                    -0.22268681228160858,
                    -0.8976792693138123
                ],
                [
                    0.0,
                    0.27809572219848633,
                    -0.9605533480644226,
                    -3.872114419937134
                ],
                [
                    0.0,
                    0.0,
                    0.0,
                    1.0
                ]
            ]
        },
        {
            "file_path": "/data/shapenet_blender/all_50_random/02958343/c9e555bb1a17cfbc5d918097f81825e3/r_20",
            "rotation": 0.12566370614359174,
            "transform_matrix": [
                [
                    -0.2193450927734375,
                    0.049197953194379807,
                    -0.9744060635566711,
                    -3.9279565811157227
                ],
                [
                    -0.9756472706794739,
                    -0.011060687713325024,
                    0.21906603872776031,
                    0.8830834627151489
                ],
                [
                    0.0,
                    0.9987277984619141,
                    0.05042595788836479,
                    0.20327353477478027
                ],
                [
                    0.0,
                    0.0,
                    0.0,
                    1.0
                ]
            ]
        },
        {
            "file_path": "/data/shapenet_blender/all_50_random/02958343/c9e555bb1a17cfbc5d918097f81825e3/r_21",
            "rotation": 0.12566370614359174,
            "transform_matrix": [
                [
                    -0.30437353253364563,
                    -0.6066418886184692,
                    -0.7343993782997131,
                    -2.960458278656006
                ],
                [
                    -0.9525527954101562,
                    0.1938430368900299,
                    0.23466598987579346,
                    0.945968747138977
                ],
                [
                    -1.4901161193847656e-08,
                    0.7709802389144897,
                    -0.636859118938446,
                    -2.567260980606079
                ],
                [
                    0.0,
                    0.0,
                    0.0,
                    1.0
                ]
            ]
        },
        {
            "file_path": "/data/shapenet_blender/all_50_random/02958343/c9e555bb1a17cfbc5d918097f81825e3/r_22",
            "rotation": 0.12566370614359174,
            "transform_matrix": [
                [
                    -0.7777255773544312,
                    0.6081158518791199,
                    0.1591791957616806,
                    0.641671895980835
                ],
                [
                    0.6286040544509888,
                    0.7523769736289978,
                    0.19694070518016815,
                    0.7938934564590454
                ],
                [
                    -7.450581485102248e-09,
                    0.2532265782356262,
                    -0.9674069285392761,
                    -3.899742364883423
                ],
                [
                    0.0,
                    0.0,
                    0.0,
                    1.0
                ]
            ]
        },
        {
            "file_path": "/data/shapenet_blender/all_50_random/02958343/c9e555bb1a17cfbc5d918097f81825e3/r_23",
            "rotation": 0.12566370614359174,
            "transform_matrix": [
                [
                    -0.47880157828330994,
                    -0.6297626495361328,
                    0.6116764545440674,
                    2.4657468795776367
                ],
                [
                    0.8779231309890747,
                    -0.3434598445892334,
                    0.33359602093696594,
                    1.3447686433792114
                ],
                [
                    -1.4901159417490817e-08,
                    0.6967313289642334,
                    0.7173321843147278,
                    2.8916587829589844
                ],
                [
                    0.0,
                    0.0,
                    0.0,
                    1.0
                ]
            ]
        },
        {
            "file_path": "/data/shapenet_blender/all_50_random/02958343/c9e555bb1a17cfbc5d918097f81825e3/r_24",
            "rotation": 0.12566370614359174,
            "transform_matrix": [
                [
                    -0.967165470123291,
                    -0.18896745145320892,
                    0.16994783282279968,
                    0.6850816607475281
                ],
                [
                    0.2541475296020508,
                    -0.7191208600997925,
                    0.6467411518096924,
                    2.6070971488952637
                ],
                [
                    0.0,
                    0.6686974763870239,
                    0.7435344457626343,
                    2.997283458709717
                ],
                [
                    0.0,
                    0.0,
                    0.0,
                    1.0
                ]
            ]
        },
        {
            "file_path": "/data/shapenet_blender/all_50_random/02958343/c9e555bb1a17cfbc5d918097f81825e3/r_25",
            "rotation": 0.12566370614359174,
            "transform_matrix": [
                [
                    -0.8101118206977844,
                    0.28240880370140076,
                    0.5137742161750793,
                    2.0710904598236084
                ],
                [
                    0.5862753391265869,
                    0.39023083448410034,
                    0.7099302411079407,
                    2.861820697784424
                ],
                [
                    1.4901161193847656e-08,
                    0.8763361573219299,
                    -0.4816999137401581,
                    -1.9417946338653564
                ],
                [
                    0.0,
                    0.0,
                    0.0,
                    1.0
                ]
            ]
        },
        {
            "file_path": "/data/shapenet_blender/all_50_random/02958343/c9e555bb1a17cfbc5d918097f81825e3/r_26",
            "rotation": 0.12566370614359174,
            "transform_matrix": [
                [
                    0.9652630090713501,
                    -0.15483108162879944,
                    -0.21046334505081177,
                    -0.8484048843383789
                ],
                [
                    -0.26128047704696655,
                    -0.572001039981842,
                    -0.7775263786315918,
                    -3.1343090534210205
                ],
                [
                    0.0,
                    0.8055073022842407,
                    -0.5925857424736023,
                    -2.388789653778076
                ],
                [
                    0.0,
                    0.0,
                    0.0,
                    1.0
                ]
            ]
        },
        {
            "file_path": "/data/shapenet_blender/all_50_random/02958343/c9e555bb1a17cfbc5d918097f81825e3/r_27",
            "rotation": 0.12566370614359174,
            "transform_matrix": [
                [
                    -0.7518615126609802,
                    0.007585358340293169,
                    0.6592773795127869,
                    2.657632350921631
                ],
                [
                    0.659321129322052,
                    0.008650016970932484,
                    0.7518116235733032,
                    3.0306499004364014
                ],
                [
                    0.0,
                    0.9999338388442993,
                    -0.011504799127578735,
                    -0.046377331018447876
                ],
                [
                    0.0,
                    0.0,
                    0.0,
                    1.0
                ]
            ]
        },
        {
            "file_path": "/data/shapenet_blender/all_50_random/02958343/c9e555bb1a17cfbc5d918097f81825e3/r_28",
            "rotation": 0.12566370614359174,
            "transform_matrix": [
                [
                    -0.9825016260147095,
                    -0.04663792625069618,
                    -0.18032051622867584,
                    -0.7268952131271362
                ],
                [
                    -0.1862540990114212,
                    0.24601787328720093,
                    0.9512016773223877,
                    3.834416389465332
                ],
                [
                    -3.7252898543727042e-09,
                    0.9681426286697388,
                    -0.2503994405269623,
                    -1.0093923807144165
                ],
                [
                    0.0,
                    0.0,
                    0.0,
                    1.0
                ]
            ]
        },
        {
            "file_path": "/data/shapenet_blender/all_50_random/02958343/c9e555bb1a17cfbc5d918097f81825e3/r_29",
            "rotation": 0.12566370614359174,
            "transform_matrix": [
                [
                    -0.12302009761333466,
                    0.003881450043991208,
                    -0.9923965930938721,
                    -4.000478744506836
                ],
                [
                    -0.9924041032791138,
                    -0.00048115113168023527,
                    0.12301916629076004,
                    0.49590611457824707
                ],
                [
                    0.0,
                    0.9999924302101135,
                    0.003911158069968224,
                    0.015766382217407227
                ],
                [
                    0.0,
                    0.0,
                    0.0,
                    1.0
                ]
            ]
        },
        {
            "file_path": "/data/shapenet_blender/all_50_random/02958343/c9e555bb1a17cfbc5d918097f81825e3/r_30",
            "rotation": 0.12566370614359174,
            "transform_matrix": [
                [
                    0.5684118866920471,
                    -0.06274726241827011,
                    0.8203478455543518,
                    3.3069281578063965
                ],
                [
                    0.8227441310882568,
                    0.04335040599107742,
                    -0.5667563080787659,
                    -2.28466796875
                ],
                [
                    -3.725290298461914e-09,
                    0.9970874786376953,
                    0.07626582682132721,
                    0.3074374198913574
                ],
                [
                    0.0,
                    0.0,
                    0.0,
                    1.0
                ]
            ]
        },
        {
            "file_path": "/data/shapenet_blender/all_50_random/02958343/c9e555bb1a17cfbc5d918097f81825e3/r_31",
            "rotation": 0.12566370614359174,
            "transform_matrix": [
                [
                    -0.3418082296848297,
                    0.5935873985290527,
                    -0.7285746335983276,
                    -2.936978578567505
                ],
                [
                    -0.9397697448730469,
                    -0.21589656174182892,
                    0.2649933993816376,
                    1.0682226419448853
                ],
                [
                    -1.4901162970204496e-08,
                    0.7752693891525269,
                    0.6316306591033936,
                    2.546184778213501
                ],
                [
                    0.0,
                    0.0,
                    0.0,
                    1.0
                ]
            ]
        },
        {
            "file_path": "/data/shapenet_blender/all_50_random/02958343/c9e555bb1a17cfbc5d918097f81825e3/r_32",
            "rotation": 0.12566370614359174,
            "transform_matrix": [
                [
                    0.4026300311088562,
                    0.12500827014446259,
                    -0.9067866206169128,
                    -3.6553738117218018
                ],
                [
                    -0.9153628945350647,
                    0.05498593673110008,
                    -0.3988576829433441,
                    -1.607846736907959
                ],
                [
                    3.725290742551124e-09,
                    0.9906308054924011,
                    0.1365669220685959,
                    0.5505188703536987
                ],
                [
                    0.0,
                    0.0,
                    0.0,
                    1.0
                ]
            ]
        },
        {
            "file_path": "/data/shapenet_blender/all_50_random/02958343/c9e555bb1a17cfbc5d918097f81825e3/r_33",
            "rotation": 0.12566370614359174,
            "transform_matrix": [
                [
                    0.8061636090278625,
                    -0.0686071515083313,
                    -0.5877017974853516,
                    -2.3691017627716064
                ],
                [
                    -0.5916927456855774,
                    -0.09347517043352127,
                    -0.8007259368896484,
                    -3.2278294563293457
                ],
                [
                    0.0,
                    0.9932548403739929,
                    -0.11595065146684647,
                    -0.4674120247364044
                ],
                [
                    0.0,
                    0.0,
                    0.0,
                    1.0
                ]
            ]
        },
        {
            "file_path": "/data/shapenet_blender/all_50_random/02958343/c9e555bb1a17cfbc5d918097f81825e3/r_34",
            "rotation": 0.12566370614359174,
            "transform_matrix": [
                [
                    -0.4388899803161621,
                    -0.86312335729599,
                    -0.24978721141815186,
                    -1.0069245100021362
                ],
                [
                    -0.8985407948493958,
                    0.4215904176235199,
                    0.12200793623924255,
                    0.4918297529220581
                ],
                [
                    -7.450580596923828e-09,
                    0.2779919505119324,
                    -0.9605832695960999,
                    -3.8722352981567383
                ],
                [
                    0.0,
                    0.0,
                    0.0,
                    1.0
                ]
            ]
        },
        {
            "file_path": "/data/shapenet_blender/all_50_random/02958343/c9e555bb1a17cfbc5d918097f81825e3/r_35",
            "rotation": 0.12566370614359174,
            "transform_matrix": [
                [
                    -0.4621901214122772,
                    0.8278307318687439,
                    -0.3179253041744232,
                    -1.2815978527069092
                ],
                [
                    -0.8867809176445007,
                    -0.4314652979373932,
                    0.16570265591144562,
                    0.66796875
                ],
                [
                    1.4901161193847656e-08,
                    0.35851627588272095,
                    0.9335234761238098,
                    3.763153553009033
                ],
                [
                    0.0,
                    0.0,
                    0.0,
                    1.0
                ]
            ]
        },
        {
            "file_path": "/data/shapenet_blender/all_50_random/02958343/c9e555bb1a17cfbc5d918097f81825e3/r_36",
            "rotation": 0.12566370614359174,
            "transform_matrix": [
                [
                    0.9660520553588867,
                    -0.1129942536354065,
                    -0.2323271483182907,
                    -0.9365407228469849
                ],
                [
                    -0.25834789872169495,
                    -0.4225245714187622,
                    -0.8687515258789062,
                    -3.502049684524536
                ],
                [
                    0.0,
                    0.8992803692817688,
                    -0.43737247586250305,
                    -1.7631049156188965
                ],
                [
                    0.0,
                    0.0,
                    0.0,
                    1.0
                ]
            ]
        },
        {
            "file_path": "/data/shapenet_blender/all_50_random/02958343/c9e555bb1a17cfbc5d918097f81825e3/r_37",
            "rotation": 0.12566370614359174,
            "transform_matrix": [
                [
                    0.16816411912441254,
                    -0.09509466588497162,
                    0.98116135597229,
                    3.955188274383545
                ],
                [
                    0.9857590794563293,
                    0.016222534701228142,
                    -0.16737976670265198,
                    -0.6747294664382935
                ],
                [
                    0.0,
                    0.9953359365463257,
                    0.09646846354007721,
                    0.38887685537338257
                ],
                [
                    0.0,
                    0.0,
                    0.0,
                    1.0
                ]
            ]
        },
        {
            "file_path": "/data/shapenet_blender/all_50_random/02958343/c9e555bb1a17cfbc5d918097f81825e3/r_38",
            "rotation": 0.12566370614359174,
            "transform_matrix": [
                [
                    0.926762044429779,
                    -0.36638444662094116,
                    0.0829133689403534,
                    0.33423447608947754
                ],
                [
                    0.3756490647792816,
                    0.9039053916931152,
                    -0.2045551836490631,
                    -0.8245882987976074
                ],
                [
                    -7.450581485102248e-09,
                    0.22072023153305054,
                    0.9753371477127075,
                    3.9317097663879395
                ],
                [
                    0.0,
                    0.0,
                    0.0,
                    1.0
                ]
            ]
        },
        {
            "file_path": "/data/shapenet_blender/all_50_random/02958343/c9e555bb1a17cfbc5d918097f81825e3/r_39",
            "rotation": 0.12566370614359174,
            "transform_matrix": [
                [
                    0.18134953081607819,
                    0.6265755295753479,
                    0.7579678297042847,
                    3.055466413497925
                ],
                [
                    0.9834187030792236,
                    -0.11554507166147232,
                    -0.13977475464344025,
                    -0.5634500980377197
                ],
                [
                    0.0,
                    0.7707479000091553,
                    -0.6371400952339172,
                    -2.568394184112549
                ],
                [
                    0.0,
                    0.0,
                    0.0,
                    1.0
                ]
            ]
        },
        {
            "file_path": "/data/shapenet_blender/all_50_random/02958343/c9e555bb1a17cfbc5d918097f81825e3/r_40",
            "rotation": 0.12566370614359174,
            "transform_matrix": [
                [
                    -0.20819617807865143,
                    0.5171900391578674,
                    -0.8301618099212646,
                    -3.346489429473877
                ],
                [
                    -0.9780871868133545,
                    -0.11008936166763306,
                    0.17670869827270508,
                    0.7123355865478516
                ],
                [
                    0.0,
                    0.8487606048583984,
                    0.5287771224975586,
                    2.1315689086914062
                ],
                [
                    0.0,
                    0.0,
                    0.0,
                    1.0
                ]
            ]
        },
        {
            "file_path": "/data/shapenet_blender/all_50_random/02958343/c9e555bb1a17cfbc5d918097f81825e3/r_41",
            "rotation": 0.12566370614359174,
            "transform_matrix": [
                [
                    -0.9766086935997009,
                    0.14876797795295715,
                    0.15525320172309875,
                    0.6258456707000732
                ],
                [
                    0.21502435207366943,
                    0.6756821274757385,
                    0.7051370143890381,
                    2.842498302459717
                ],
                [
                    -7.450580596923828e-09,
                    0.7220261693000793,
                    -0.6918657422065735,
