{
    "class": "02958343",
    "model": "4b67e004d83d62bca1aea50fbc4b17d",
    "remove_doubles": true,
    "edge_split": true,
    "denoise": true,
    "camera_angle_x": 0.6911112070083618,
    "scale_factor": 2.2905099810721694,
    "hdri_file": "/data/IndoorHDRDataset2018/9C4A0767-d219df4ecc.exr",
    "center_offset": [
        0.0,
        -2.561137080192566e-09,
        -3.725290298461914e-09
    ],
    "lights": [],
    "frames": [
        {
            "file_path": "/data/shapenet_blender/all_50_random/02958343/4b67e004d83d62bca1aea50fbc4b17d/r_0",
            "rotation": 0.12566370614359174,
            "transform_matrix": [
                [
                    -0.5613524317741394,
                    0.1587468534708023,
                    0.8122085928916931,
                    3.2741177082061768
                ],
                [
                    0.827576756477356,
                    0.1076793447136879,
                    0.550927996635437,
                    2.2208619117736816
                ],
                [
                    0.0,
                    0.9814298748970032,
                    -0.19182127714157104,
                    -0.7732563614845276
                ],
                [
                    0.0,
                    0.0,
                    0.0,
                    1.0
                ]
            ]
        },
        {
            "file_path": "/data/shapenet_blender/all_50_random/02958343/4b67e004d83d62bca1aea50fbc4b17d/r_1",
            "rotation": 0.12566370614359174,
            "transform_matrix": [
                [
                    0.1452600508928299,
                    -0.011875089257955551,
                    0.9893222451210022,
                    3.9880855083465576
                ],
                [
                    0.9893935918807983,
                    0.0017434678738936782,
                    -0.14524957537651062,
                    -0.5855197906494141
                ],
                [
                    1.1641532182693481e-10,
                    0.9999280571937561,
                    0.012002390809357166,
                    0.048383183777332306
                ],
                [
                    0.0,
                    0.0,
                    0.0,
                    1.0
                ]
            ]
        },
        {
            "file_path": "/data/shapenet_blender/all_50_random/02958343/4b67e004d83d62bca1aea50fbc4b17d/r_2",
            "rotation": 0.12566370614359174,
            "transform_matrix": [
                [
                    -0.9999428987503052,
                    0.00161575130186975,
                    0.010560212656855583,
                    0.04256957769393921
                ],
                [
                    0.010683104395866394,
                    0.1512349545955658,
                    0.9884400963783264,
                    3.984529495239258
                ],
                [
                    1.1641531488804091e-10,
                    0.9884965419769287,
                    -0.15124358236789703,
                    -0.6096823811531067
                ],
                [
                    0.0,
                    0.0,
                    0.0,
                    1.0
                ]
            ]
        },
        {
            "file_path": "/data/shapenet_blender/all_50_random/02958343/4b67e004d83d62bca1aea50fbc4b17d/r_3",
            "rotation": 0.12566370614359174,
            "transform_matrix": [
                [
                    -0.8021015524864197,
                    -0.22562797367572784,
                    -0.5529241561889648,
                    -2.2289085388183594
                ],
                [
                    -0.5971876382827759,
                    0.3030480146408081,
                    0.7426497936248779,
                    2.9937171936035156
                ],
                [
                    1.4901161193847656e-08,
                    0.925879955291748,
                    -0.3778175115585327,
                    -1.5230311155319214
                ],
                [
                    0.0,
                    0.0,
                    0.0,
                    1.0
                ]
            ]
        },
        {
            "file_path": "/data/shapenet_blender/all_50_random/02958343/4b67e004d83d62bca1aea50fbc4b17d/r_4",
            "rotation": 0.12566370614359174,
            "transform_matrix": [
                [
                    0.325440913438797,
                    0.6657209992408752,
                    0.6714935898780823,
                    2.7068774700164795
                ],
                [
                    0.9455624222755432,
                    -0.22912591695785522,
                    -0.23111270368099213,
                    -0.9316451549530029
                ],
                [
                    0.0,
                    0.7101526260375977,
                    -0.704047679901123,
                    -2.838107109069824
                ],
                [
                    0.0,
                    0.0,
                    0.0,
                    1.0
                ]
            ]
        },
        {
            "file_path": "/data/shapenet_blender/all_50_random/02958343/4b67e004d83d62bca1aea50fbc4b17d/r_5",
            "rotation": 0.12566370614359174,
            "transform_matrix": [
                [
                    0.8528380990028381,
                    -0.20807960629463196,
                    0.4789259731769562,
                    1.930612325668335
                ],
                [
                    0.5221754908561707,
                    0.3398440182209015,
                    -0.7822012305259705,
                    -3.153154134750366
                ],
                [
                    0.0,
                    0.9171743988990784,
                    0.3984859585762024,
                    1.6063482761383057
                ],
                [
                    0.0,
                    0.0,
                    0.0,
                    1.0
                ]
            ]
        },
        {
            "file_path": "/data/shapenet_blender/all_50_random/02958343/4b67e004d83d62bca1aea50fbc4b17d/r_6",
            "rotation": 0.12566370614359174,
            "transform_matrix": [
                [
                    0.8990468978881836,
                    0.018421893939375877,
                    -0.4374646842479706,
                    -1.7634764909744263
                ],
                [
                    -0.4378523826599121,
                    0.03782586380839348,
                    -0.8982508182525635,
                    -3.620964765548706
                ],
                [
                    -1.862645149230957e-09,
                    0.999114453792572,
                    0.04207330197095871,
                    0.1696029007434845
                ],
                [
                    0.0,
                    0.0,
                    0.0,
                    1.0
                ]
            ]
        },
        {
            "file_path": "/data/shapenet_blender/all_50_random/02958343/4b67e004d83d62bca1aea50fbc4b17d/r_7",
            "rotation": 0.12566370614359174,
            "transform_matrix": [
                [
                    0.6778321862220764,
                    -0.15936246514320374,
                    -0.7177374958992004,
                    -2.8932924270629883
                ],
                [
                    -0.7352166771888733,
                    -0.14692404866218567,
                    -0.6617172956466675,
                    -2.6674678325653076
                ],
                [
                    7.450580596923828e-09,
                    0.9762259125709534,
                    -0.21675577759742737,
                    -0.8737704753875732
                ],
                [
                    0.0,
                    0.0,
                    0.0,
                    1.0
                ]
            ]
        },
        {
            "file_path": "/data/shapenet_blender/all_50_random/02958343/4b67e004d83d62bca1aea50fbc4b17d/r_8",
            "rotation": 0.12566370614359174,
            "transform_matrix": [
                [
                    -0.9693217873573303,
                    0.200400248169899,
                    -0.142320454120636,
                    -0.573712170124054
                ],
                [
                    -0.24579542875289917,
                    -0.7903008460998535,
                    0.5612566471099854,
                    2.262498140335083
                ],
                [
                    -7.450581485102248e-09,
                    0.5790199041366577,
                    0.8153132200241089,
                    3.286633014678955
                ],
                [
                    0.0,
                    0.0,
                    0.0,
                    1.0
                ]
            ]
        },
        {
            "file_path": "/data/shapenet_blender/all_50_random/02958343/4b67e004d83d62bca1aea50fbc4b17d/r_9",
            "rotation": 0.12566370614359174,
            "transform_matrix": [
                [
                    -0.18221086263656616,
                    0.25422653555870056,
                    0.9498253464698792,
                    3.8288679122924805
                ],
                [
                    0.9832594990730286,
                    0.04711151123046875,
                    0.17601507902145386,
                    0.7095394134521484
                ],
                [
                    -3.725290298461914e-09,
                    0.965996503829956,
                    -0.2585549056529999,
                    -1.0422680377960205
                ],
                [
                    0.0,
                    0.0,
                    0.0,
                    1.0
                ]
            ]
        },
        {
            "file_path": "/data/shapenet_blender/all_50_random/02958343/4b67e004d83d62bca1aea50fbc4b17d/r_10",
            "rotation": 0.12566370614359174,
            "transform_matrix": [
                [
                    0.6678141355514526,
                    0.5994042754173279,
                    -0.4412921667098999,
                    -1.7789056301116943
                ],
                [
                    -0.744327962398529,
                    0.5377879738807678,
                    -0.39592915773391724,
                    -1.5960414409637451
                ],
                [
                    -1.4901160305669237e-08,
                    0.5928732752799988,
                    0.8052957653999329,
                    3.246251106262207
                ],
                [
                    0.0,
                    0.0,
                    0.0,
                    1.0
                ]
            ]
        },
        {
            "file_path": "/data/shapenet_blender/all_50_random/02958343/4b67e004d83d62bca1aea50fbc4b17d/r_11",
            "rotation": 0.12566370614359174,
            "transform_matrix": [
                [
                    -0.7709064483642578,
                    -0.3000015914440155,
                    -0.5618739724159241,
                    -2.264986515045166
                ],
                [
                    -0.6369485259056091,
                    0.3630955219268799,
                    0.6800428628921509,
                    2.741340398788452
                ],
                [
                    -1.4901162970204496e-08,
                    0.882134199142456,
                    -0.4709981679916382,
                    -1.8986543416976929
                ],
                [
                    0.0,
                    0.0,
                    0.0,
                    1.0
                ]
            ]
        },
        {
            "file_path": "/data/shapenet_blender/all_50_random/02958343/4b67e004d83d62bca1aea50fbc4b17d/r_12",
            "rotation": 0.12566370614359174,
            "transform_matrix": [
                [
                    0.22062472999095917,
                    0.16123372316360474,
                    0.9619399309158325,
                    3.877703905105591
                ],
                [
                    0.975358784198761,
                    -0.03647083044052124,
                    -0.21758940815925598,
                    -0.8771309852600098
                ],
                [
                    -3.725290298461914e-09,
                    0.9862420558929443,
                    -0.16530710458755493,
                    -0.6663742661476135
                ],
                [
                    0.0,
                    0.0,
                    0.0,
                    1.0
                ]
            ]
        },
        {
            "file_path": "/data/shapenet_blender/all_50_random/02958343/4b67e004d83d62bca1aea50fbc4b17d/r_13",
            "rotation": 0.12566370614359174,
            "transform_matrix": [
                [
                    0.7906948328018188,
                    -0.2574344873428345,
                    -0.5554539561271667,
                    -2.2391066551208496
                ],
                [
                    -0.6122105121612549,
                    -0.3324871361255646,
                    -0.7173914313316345,
                    -2.891897678375244
                ],
                [
                    0.0,
                    0.9072924852371216,
                    -0.4204999804496765,
                    -1.6950898170471191
                ],
                [
                    0.0,
                    0.0,
                    0.0,
                    1.0
                ]
            ]
        },
        {
            "file_path": "/data/shapenet_blender/all_50_random/02958343/4b67e004d83d62bca1aea50fbc4b17d/r_14",
            "rotation": 0.12566370614359174,
            "transform_matrix": [
                [
                    0.7984904050827026,
                    0.0035946229472756386,
                    -0.6019967198371887,
                    -2.4267263412475586
                ],
                [
                    -0.6020074486732483,
                    0.004767834674566984,
                    -0.7984762191772461,
                    -3.2187604904174805
                ],
                [
                    0.0,
                    0.9999822378158569,
                    0.005971060134470463,
                    0.02407011389732361
                ],
                [
                    0.0,
                    0.0,
                    0.0,
                    1.0
                ]
            ]
        },
        {
            "file_path": "/data/shapenet_blender/all_50_random/02958343/4b67e004d83d62bca1aea50fbc4b17d/r_15",
            "rotation": 0.12566370614359174,
            "transform_matrix": [
                [
                    -0.7426723837852478,
                    0.11575792729854584,
                    0.6595739126205444,
                    2.658827304840088
                ],
                [
                    0.6696548461914062,
                    0.12837988138198853,
                    0.731492280960083,
                    2.948739528656006
                ],
                [
                    7.4505792646561986e-09,
                    0.984946072101593,
                    -0.17286208271980286,
                    -0.6968293190002441
                ],
                [
                    0.0,
                    0.0,
                    0.0,
                    1.0
                ]
            ]
        },
        {
            "file_path": "/data/shapenet_blender/all_50_random/02958343/4b67e004d83d62bca1aea50fbc4b17d/r_16",
            "rotation": 0.12566370614359174,
            "transform_matrix": [
                [
                    -0.758031964302063,
                    0.03405335918068886,
                    -0.6513278484344482,
                    -2.62558650970459
                ],
                [
                    -0.6522175073623657,
                    -0.03957810997962952,
                    0.7569980025291443,
                    3.0515565872192383
                ],
                [
                    0.0,
                    0.9986360669136047,
                    0.052211664617061615,
                    0.2104719579219818
                ],
                [
                    0.0,
                    0.0,
                    0.0,
                    1.0
                ]
            ]
        },
        {
            "file_path": "/data/shapenet_blender/all_50_random/02958343/4b67e004d83d62bca1aea50fbc4b17d/r_17",
            "rotation": 0.12566370614359174,
            "transform_matrix": [
                [
                    0.9623693227767944,
                    0.06633642315864563,
                    0.26352399587631226,
                    1.062299370765686
                ],
                [
                    0.2717452049255371,
                    -0.23492646217346191,
                    -0.9332544803619385,
                    -3.7620694637298584
                ],
                [
                    -3.725290742551124e-09,
                    0.9697468876838684,
                    -0.24411258101463318,
                    -0.984049379825592
                ],
                [
                    0.0,
                    0.0,
                    0.0,
                    1.0
                ]
            ]
        },
        {
            "file_path": "/data/shapenet_blender/all_50_random/02958343/4b67e004d83d62bca1aea50fbc4b17d/r_18",
            "rotation": 0.12566370614359174,
            "transform_matrix": [
                [
                    0.24421773850917816,
                    0.09042610228061676,
                    0.9654950499534607,
                    3.8920352458953857
                ],
                [
                    0.9697204232215881,
                    -0.022773221135139465,
                    -0.24315360188484192,
                    -0.9801836013793945
                ],
                [
                    0.0,
                    0.9956427216529846,
                    -0.09324966371059418,
                    -0.375901460647583
                ],
                [
                    0.0,
                    0.0,
                    0.0,
                    1.0
                ]
            ]
        },
        {
            "file_path": "/data/shapenet_blender/all_50_random/02958343/4b67e004d83d62bca1aea50fbc4b17d/r_19",
            "rotation": 0.12566370614359174,
            "transform_matrix": [
                [
                    0.6988151669502258,
                    0.11092452704906464,
                    0.706649124622345,
                    2.8485939502716064
                ],
                [
                    0.7153023481369019,
                    -0.10836780816316605,
                    -0.6903614401817322,
                    -2.7829363346099854
                ],
                [
                    0.0,
                    0.9879029989242554,
                    -0.1550735980272293,
                    -0.6251217126846313
                ],
                [
                    0.0,
                    0.0,
                    0.0,
                    1.0
                ]
            ]
        },
        {
            "file_path": "/data/shapenet_blender/all_50_random/02958343/4b67e004d83d62bca1aea50fbc4b17d/r_20",
            "rotation": 0.12566370614359174,
            "transform_matrix": [
                [
                    0.5865052342414856,
                    -0.46662774682044983,
                    0.6620197892189026,
                    2.668687105178833
                ],
                [
                    0.8099454641342163,
                    0.33789879083633423,
                    -0.47938790917396545,
                    -1.9324744939804077
                ],
                [
                    0.0,
                    0.8173633813858032,
                    0.5761224627494812,
                    2.3224239349365234
                ],
                [
                    0.0,
                    0.0,
                    0.0,
                    1.0
                ]
            ]
        },
        {
            "file_path": "/data/shapenet_blender/all_50_random/02958343/4b67e004d83d62bca1aea50fbc4b17d/r_21",
            "rotation": 0.12566370614359174,
            "transform_matrix": [
                [
                    -0.990649402141571,
                    -0.08233319967985153,
                    -0.1087881550192833,
                    -0.4385390281677246
                ],
                [
                    -0.13643169403076172,
                    0.5978326797485352,
                    0.789925754070282,
                    3.1842920780181885
                ],
                [
                    0.0,
                    0.7973816394805908,
                    -0.6034754514694214,
                    -2.4326870441436768
                ],
                [
                    0.0,
                    0.0,
                    0.0,
                    1.0
                ]
            ]
        },
        {
            "file_path": "/data/shapenet_blender/all_50_random/02958343/4b67e004d83d62bca1aea50fbc4b17d/r_22",
            "rotation": 0.12566370614359174,
            "transform_matrix": [
                [
                    0.9994558095932007,
                    0.00822361372411251,
                    0.03194742649793625,
                    0.1287841945886612
                ],
                [
                    0.03298887982964516,
                    -0.24914877116680145,
                    -0.9679031372070312,
                    -3.901742458343506
                ],
                [
                    9.313227966600834e-10,
                    0.9684301614761353,
                    -0.24928446114063263,
                    -1.0048978328704834
                ],
                [
                    0.0,
                    0.0,
                    0.0,
                    1.0
                ]
            ]
        },
        {
            "file_path": "/data/shapenet_blender/all_50_random/02958343/4b67e004d83d62bca1aea50fbc4b17d/r_23",
            "rotation": 0.12566370614359174,
            "transform_matrix": [
                [
                    -0.2814110219478607,
                    -0.26341599225997925,
                    0.9227241277694702,
                    3.7196199893951416
                ],
                [
                    0.9595873951911926,
                    -0.07725004106760025,
                    0.27060040831565857,
                    1.090825080871582
                ],
                [
                    7.450581485102248e-09,
                    0.961584210395813,
                    0.2745096981525421,
                    1.1065839529037476
                ],
                [
                    0.0,
                    0.0,
                    0.0,
                    1.0
                ]
            ]
        },
        {
            "file_path": "/data/shapenet_blender/all_50_random/02958343/4b67e004d83d62bca1aea50fbc4b17d/r_24",
            "rotation": 0.12566370614359174,
            "transform_matrix": [
                [
                    -0.9674240350723267,
                    -0.01891944371163845,
                    0.25245368480682373,
                    1.017673373222351
                ],
                [
                    0.25316163897514343,
                    -0.07229818403720856,
                    0.9647186994552612,
                    3.8889055252075195
                ],
                [
                    1.862645149230957e-09,
                    0.9972036480903625,
                    0.07473266869783401,
                    0.30125701427459717
                ],
                [
                    0.0,
                    0.0,
                    0.0,
                    1.0
                ]
            ]
        },
        {
            "file_path": "/data/shapenet_blender/all_50_random/02958343/4b67e004d83d62bca1aea50fbc4b17d/r_25",
            "rotation": 0.12566370614359174,
            "transform_matrix": [
                [
                    0.9471829533576965,
                    -0.0020572368521243334,
                    0.3206869065761566,
                    1.2927303314208984
                ],
                [
                    0.3206935226917267,
                    0.006076142657548189,
                    -0.9471634030342102,
                    -3.8181381225585938
                ],
                [
                    1.1641531488804091e-10,
                    0.9999794960021973,
                    0.006414960604161024,
                    0.025859534740447998
                ],
                [
                    0.0,
                    0.0,
                    0.0,
                    1.0
                ]
            ]
        },
        {
            "file_path": "/data/shapenet_blender/all_50_random/02958343/4b67e004d83d62bca1aea50fbc4b17d/r_26",
            "rotation": 0.12566370614359174,
            "transform_matrix": [
                [
                    0.8593286275863647,
                    0.3835375905036926,
                    -0.3383094370365143,
                    -1.3637689352035522
                ],
                [
                    -0.5114238858222961,
                    0.644445538520813,
                    -0.5684501528739929,
                    -2.2914958000183105
                ],
                [
                    0.0,
                    0.6615050435066223,
                    0.7499407529830933,
                    3.0231077671051025
                ],
                [
                    0.0,
                    0.0,
                    0.0,
                    1.0
                ]
            ]
        },
        {
            "file_path": "/data/shapenet_blender/all_50_random/02958343/4b67e004d83d62bca1aea50fbc4b17d/r_27",
            "rotation": 0.12566370614359174,
            "transform_matrix": [
                [
                    0.15543702244758606,
                    0.4182163178920746,
                    -0.8949494361877441,
                    -3.607656478881836
                ],
                [
                    -0.9878458976745605,
                    0.06580611318349838,
                    -0.14081981778144836,
                    -0.5676628351211548
                ],
                [
                    0.0,
                    0.9059606790542603,
                    0.42336195707321167,
                    1.7066266536712646
                ],
                [
                    0.0,
                    0.0,
                    0.0,
                    1.0
                ]
            ]
        },
        {
            "file_path": "/data/shapenet_blender/all_50_random/02958343/4b67e004d83d62bca1aea50fbc4b17d/r_28",
            "rotation": 0.12566370614359174,
            "transform_matrix": [
                [
                    -0.82029128074646,
                    -0.049682434648275375,
                    0.5697841048240662,
                    2.296873092651367
                ],
                [
                    0.5719460248947144,
                    -0.07125508785247803,
                    0.8171905875205994,
                    3.2942006587982178
                ],
                [
                    0.0,
                    0.996220052242279,
                    0.08686559647321701,
                    0.3501664102077484
                ],
                [
                    0.0,
                    0.0,
                    0.0,
                    1.0
                ]
            ]
        },
        {
            "file_path": "/data/shapenet_blender/all_50_random/02958343/4b67e004d83d62bca1aea50fbc4b17d/r_29",
            "rotation": 0.12566370614359174,
            "transform_matrix": [
                [
                    0.9860093593597412,
                    0.025006625801324844,
                    0.16480401158332825,
                    0.6643462181091309
                ],
                [
                    0.16669043898582458,
                    -0.14791952073574066,
                    -0.9748507738113403,
                    -3.9297492504119873
                ],
                [
                    1.862645371275562e-09,
                    0.9886832237243652,
                    -0.1500183641910553,
                    -0.6047433614730835
                ],
                [
                    0.0,
                    0.0,
                    0.0,
                    1.0
                ]
            ]
        },
        {
            "file_path": "/data/shapenet_blender/all_50_random/02958343/4b67e004d83d62bca1aea50fbc4b17d/r_30",
            "rotation": 0.12566370614359174,
            "transform_matrix": [
                [
                    -0.5541931986808777,
                    -0.7674351334571838,
                    -0.3223559558391571,
                    -1.2994585037231445
                ],
                [
                    -0.8323881030082703,
                    0.5109483003616333,
                    0.2146204113960266,
                    0.8651626110076904
                ],
                [
                    -1.4901161193847656e-08,
                    0.3872664272785187,
                    -0.9219677448272705,
                    -3.716571092605591
                ],
                [
                    0.0,
                    0.0,
                    0.0,
                    1.0
                ]
            ]
        },
        {
            "file_path": "/data/shapenet_blender/all_50_random/02958343/4b67e004d83d62bca1aea50fbc4b17d/r_31",
            "rotation": 0.12566370614359174,
            "transform_matrix": [
                [
                    -0.21627101302146912,
                    -0.32526642084121704,
                    0.9205588698387146,
                    3.7108914852142334
                ],
                [
                    0.9763333797454834,
                    -0.07205089926719666,
                    0.20391620695590973,
                    0.8220125436782837
                ],
                [
                    0.0,
                    0.9428734183311462,
                    0.3331510126590729,
                    1.3429746627807617
                ],
                [
                    0.0,
                    0.0,
                    0.0,
                    1.0
                ]
            ]
        },
        {
            "file_path": "/data/shapenet_blender/all_50_random/02958343/4b67e004d83d62bca1aea50fbc4b17d/r_32",
            "rotation": 0.12566370614359174,
            "transform_matrix": [
                [
                    0.9998873472213745,
                    -0.007554908748716116,
                    -0.012978345155715942,
                    -0.05231738090515137
                ],
                [
                    -0.015017128549516201,
                    -0.5030294060707092,
                    -0.8641387820243835,
                    -3.483454942703247
                ],
                [
                    0.0,
                    0.8642361760139465,
                    -0.5030861496925354,
                    -2.0280051231384277
                ],
                [
                    0.0,
                    0.0,
                    0.0,
                    1.0
                ]
            ]
        },
        {
            "file_path": "/data/shapenet_blender/all_50_random/02958343/4b67e004d83d62bca1aea50fbc4b17d/r_33",
            "rotation": 0.12566370614359174,
            "transform_matrix": [
                [
                    -0.9990048408508301,
                    -0.00453026220202446,
                    -0.044370826333761215,
                    -0.17886453866958618
                ],
                [
                    -0.044601500034332275,
                    0.10147088766098022,
                    0.9938381314277649,
                    4.006289958953857
                ],
                [
                    0.0,
                    0.9948282241821289,
                    -0.1015719473361969,
                    -0.40944963693618774
                ],
                [
                    0.0,
                    0.0,
                    0.0,
                    1.0
                ]
            ]
        },
        {
            "file_path": "/data/shapenet_blender/all_50_random/02958343/4b67e004d83d62bca1aea50fbc4b17d/r_34",
            "rotation": 0.12566370614359174,
            "transform_matrix": [
                [
                    -0.8508912920951843,
                    -0.14924682676792145,
                    -0.5036957859992981,
                    -2.0304627418518066
                ],
                [
                    -0.525341808795929,
                    0.24173370003700256,
                    0.8158313632011414,
                    3.2887213230133057
                ],
                [
                    7.450580596923828e-09,
                    0.9587962031364441,
                    -0.2840946912765503,
                    -1.1452223062515259
                ],
                [
                    0.0,
                    0.0,
                    0.0,
                    1.0
                ]
            ]
        },
        {
            "file_path": "/data/shapenet_blender/all_50_random/02958343/4b67e004d83d62bca1aea50fbc4b17d/r_35",
            "rotation": 0.12566370614359174,
            "transform_matrix": [
                [
                    0.9238345623016357,
                    0.014172487892210484,
                    -0.3825293779373169,
                    -1.5420253276824951
                ],
                [
                    -0.3827918767929077,
                    0.03420405834913254,
                    -0.9232011437416077,
                    -3.721543073654175
                ],
                [
                    0.0,
                    0.9993143081665039,
                    0.03702400252223015,
                    0.14924854040145874
                ],
                [
                    0.0,
                    0.0,
                    0.0,
                    1.0
                ]
            ]
        },
        {
            "file_path": "/data/shapenet_blender/all_50_random/02958343/4b67e004d83d62bca1aea50fbc4b17d/r_36",
            "rotation": 0.12566370614359174,
            "transform_matrix": [
                [
                    0.7091471552848816,
                    -0.05585668608546257,
                    0.702844500541687,
                    2.833256483078003
                ],
                [
                    0.7050604820251465,
                    0.0561804436147213,
                    -0.7069183588027954,
                    -2.8496787548065186
                ],
                [
                    0.0,
                    0.9968569874763489,
                    0.07922255992889404,
                    0.3193563222885132
                ],
                [
                    0.0,
                    0.0,
                    0.0,
                    1.0
                ]
            ]
        },
        {
            "file_path": "/data/shapenet_blender/all_50_random/02958343/4b67e004d83d62bca1aea50fbc4b17d/r_37",
            "rotation": 0.12566370614359174,
            "transform_matrix": [
                [
                    -0.7529000639915466,
                    0.031437747180461884,
                    0.6573835015296936,
                    2.6499977111816406
                ],
                [
                    0.6581348180770874,
                    0.0359644889831543,
                    0.7520406246185303,
                    3.0315728187561035
                ],
                [
                    1.862645149230957e-09,
                    0.9988584518432617,
                    -0.047767940908670425,
                    -0.19255873560905457
                ],
                [
                    0.0,
                    0.0,
                    0.0,
                    1.0
                ]
            ]
        },
        {
            "file_path": "/data/shapenet_blender/all_50_random/02958343/4b67e004d83d62bca1aea50fbc4b17d/r_38",
            "rotation": 0.12566370614359174,
            "transform_matrix": [
                [
                    0.2702169120311737,
                    -0.6319618821144104,
                    0.7263655662536621,
                    2.9280734062194824
                ],
                [
                    0.9627995491027832,
                    0.17736484110355377,
                    -0.20385995507240295,
                    -0.8217858076095581
                ],
                [
                    0.0,
                    0.754430890083313,
                    0.6563794016838074,
                    2.6459503173828125
                ],
                [
                    0.0,
                    0.0,
                    0.0,
                    1.0
                ]
            ]
        },
        {
            "file_path": "/data/shapenet_blender/all_50_random/02958343/4b67e004d83d62bca1aea50fbc4b17d/r_39",
            "rotation": 0.12566370614359174,
            "transform_matrix": [
                [
                    -0.20293673872947693,
                    0.12712715566158295,
                    -0.9709044098854065,
                    -3.9138407707214355
                ],
                [
                    -0.9791918992996216,
                    -0.026347003877162933,
                    0.20121917128562927,
                    0.8111404180526733
                ],
                [
                    -1.862645149230957e-09,
                    0.9915364980697632,
                    0.12982864677906036,
                    0.523356020450592
                ],
                [
                    0.0,
                    0.0,
                    0.0,
                    1.0
                ]
            ]
        },
        {
            "file_path": "/data/shapenet_blender/all_50_random/02958343/4b67e004d83d62bca1aea50fbc4b17d/r_40",
            "rotation": 0.12566370614359174,
            "transform_matrix": [
                [
                    -0.4652595818042755,
                    0.4641622304916382,
                    0.7537153959274292,
                    3.0383241176605225
                ],
                [
                    0.8851743936538696,
                    0.24396991729736328,
                    0.3961629569530487,
                    1.5969840288162231
                ],
                [
                    0.0,
                    0.8514881134033203,
                    -0.5243737697601318,
                    -2.113818407058716
                ],
                [
                    0.0,
                    0.0,
                    0.0,
                    1.0
                ]
            ]
        },
        {
            "file_path": "/data/shapenet_blender/all_50_random/02958343/4b67e004d83d62bca1aea50fbc4b17d/r_41",
            "rotation": 0.12566370614359174,
            "transform_matrix": [
                [
                    0.023098504170775414,
                    -0.9741393327713013,
                    -0.22476431727409363,
                    -0.9060539603233337
                ],
                [
                    -0.9997332692146301,
                    -0.022507166489958763,
                    -0.0051931049674749374,
                    -0.020934075117111206
                ],
                [
