{
    "class": "02958343",
    "model": "a52f704da0d3c947ca92a4cdad802b45",
    "remove_doubles": true,
    "edge_split": true,
    "denoise": true,
    "camera_angle_x": 0.6911112070083618,
    "scale_factor": 2.2962585715093233,
    "hdri_file": "/data/IndoorHDRDataset2018/9C4A8672-4a89155b0b.exr",
    "center_offset": [
        0.0,
        -1.862645149230957e-09,
        -3.725290298461914e-09
    ],
    "lights": [],
    "frames": [
        {
            "file_path": "/data/shapenet_blender/all_50_random/02958343/a52f704da0d3c947ca92a4cdad802b45/r_0",
            "rotation": 0.12566370614359174,
            "transform_matrix": [
                [
                    0.30334436893463135,
                    -0.13183647394180298,
                    0.9437166452407837,
                    3.804243803024292
                ],
                [
                    0.9528810977935791,
                    0.041969407349824905,
                    -0.3004269301891327,
                    -1.211059808731079
                ],
                [
                    0.0,
                    0.9903824925422668,
                    0.13835562765598297,
                    0.5577294230461121
                ],
                [
                    0.0,
                    0.0,
                    0.0,
                    1.0
                ]
            ]
        },
        {
            "file_path": "/data/shapenet_blender/all_50_random/02958343/a52f704da0d3c947ca92a4cdad802b45/r_1",
            "rotation": 0.12566370614359174,
            "transform_matrix": [
                [
                    -0.9398225545883179,
                    0.22229814529418945,
                    0.2594555616378784,
                    1.0458987951278687
                ],
                [
                    0.34166306257247925,
                    0.6114819645881653,
                    0.7136919498443604,
                    2.8769843578338623
                ],
                [
                    0.0,
                    0.7593901753425598,
                    -0.6506354808807373,
                    -2.622795581817627
                ],
                [
                    0.0,
                    0.0,
                    0.0,
                    1.0
                ]
            ]
        },
        {
            "file_path": "/data/shapenet_blender/all_50_random/02958343/a52f704da0d3c947ca92a4cdad802b45/r_2",
            "rotation": 0.12566370614359174,
            "transform_matrix": [
                [
                    -0.7137556672096252,
                    -0.5242744088172913,
                    0.4644235074520111,
                    1.8721511363983154
                ],
                [
                    0.7003948092460632,
                    -0.5342755913734436,
                    0.47328290343284607,
                    1.9078645706176758
                ],
                [
                    2.9802322387695312e-08,
                    0.6630882620811462,
                    0.7485411763191223,
                    3.0174663066864014
                ],
                [
                    0.0,
                    0.0,
                    0.0,
                    1.0
                ]
            ]
        },
        {
            "file_path": "/data/shapenet_blender/all_50_random/02958343/a52f704da0d3c947ca92a4cdad802b45/r_3",
            "rotation": 0.12566370614359174,
            "transform_matrix": [
                [
                    -0.9996522665023804,
                    0.00955821294337511,
                    -0.02457544580101967,
                    -0.09906679391860962
                ],
                [
                    -0.026368767023086548,
                    -0.3623563051223755,
                    0.9316666126251221,
                    3.7556681632995605
                ],
                [
                    0.0,
                    0.9319906830787659,
                    0.36248230934143066,
                    1.4612128734588623
                ],
                [
                    0.0,
                    0.0,
                    0.0,
                    1.0
                ]
            ]
        },
        {
            "file_path": "/data/shapenet_blender/all_50_random/02958343/a52f704da0d3c947ca92a4cdad802b45/r_4",
            "rotation": 0.12566370614359174,
            "transform_matrix": [
                [
                    -0.6494954824447632,
                    0.06334351748228073,
                    0.7577223777770996,
                    3.054476499557495
                ],
                [
                    0.7603654265403748,
                    0.05410730838775635,
                    0.6472378373146057,
                    2.6090991497039795
                ],
                [
                    3.725290298461914e-09,
                    0.9965239763259888,
                    -0.08330667018890381,
                    -0.33581992983818054
                ],
                [
                    0.0,
                    0.0,
                    0.0,
                    1.0
                ]
            ]
        },
        {
            "file_path": "/data/shapenet_blender/all_50_random/02958343/a52f704da0d3c947ca92a4cdad802b45/r_5",
            "rotation": 0.12566370614359174,
            "transform_matrix": [
                [
                    -0.5970213413238525,
                    -0.33352452516555786,
                    -0.729607343673706,
                    -2.9411416053771973
                ],
                [
                    -0.8022254705429077,
                    0.2482111006975174,
                    0.5429784655570984,
                    2.188816547393799
                ],
                [
                    0.0,
                    0.9094793200492859,
                    -0.41574913263320923,
                    -1.6759384870529175
                ],
                [
                    0.0,
                    0.0,
                    0.0,
                    1.0
                ]
            ]
        },
        {
            "file_path": "/data/shapenet_blender/all_50_random/02958343/a52f704da0d3c947ca92a4cdad802b45/r_6",
            "rotation": 0.12566370614359174,
            "transform_matrix": [
                [
                    -0.042616236954927444,
                    -0.25299277901649475,
                    0.966529130935669,
                    3.8962035179138184
                ],
                [
                    0.9990915060043335,
                    -0.010791403241455555,
                    0.04122728854417801,
                    0.16619251668453217
                ],
                [
                    -9.313225746154785e-10,
                    0.9674079418182373,
                    0.25322282314300537,
                    1.0207738876342773
                ],
                [
                    0.0,
                    0.0,
                    0.0,
                    1.0
                ]
            ]
        },
        {
            "file_path": "/data/shapenet_blender/all_50_random/02958343/a52f704da0d3c947ca92a4cdad802b45/r_7",
            "rotation": 0.12566370614359174,
            "transform_matrix": [
                [
                    -0.9656310081481934,
                    0.10312196612358093,
                    0.23858463764190674,
                    0.9617654085159302
                ],
                [
                    0.25991684198379517,
                    0.38311392068862915,
                    0.8863785862922668,
                    3.573106288909912
                ],
                [
                    7.450580596923828e-09,
                    0.9179266691207886,
                    -0.3967498540878296,
                    -1.599349856376648
                ],
                [
                    0.0,
                    0.0,
                    0.0,
                    1.0
                ]
            ]
        },
        {
            "file_path": "/data/shapenet_blender/all_50_random/02958343/a52f704da0d3c947ca92a4cdad802b45/r_8",
            "rotation": 0.12566370614359174,
            "transform_matrix": [
                [
                    0.7866170406341553,
                    0.5181332230567932,
                    -0.3358147144317627,
                    -1.353712558746338
                ],
                [
                    -0.6174411773681641,
                    0.66009920835495,
                    -0.42782631516456604,
                    -1.724623203277588
                ],
                [
                    -1.4901161193847656e-08,
                    0.5438812971115112,
                    0.8391619920730591,
                    3.382770538330078
                ],
                [
                    0.0,
                    0.0,
                    0.0,
                    1.0
                ]
            ]
        },
        {
            "file_path": "/data/shapenet_blender/all_50_random/02958343/a52f704da0d3c947ca92a4cdad802b45/r_9",
            "rotation": 0.12566370614359174,
            "transform_matrix": [
                [
                    0.8448481559753418,
                    -0.13168595731258392,
                    -0.5185464024543762,
                    -2.090327739715576
                ],
                [
                    -0.5350062251091003,
                    -0.2079501897096634,
                    -0.8188558220863342,
                    -3.3009138107299805
                ],
                [
                    -7.450581485102248e-09,
                    0.9692342877388,
                    -0.24613915383815765,
                    -0.9922187924385071
                ],
                [
                    0.0,
                    0.0,
                    0.0,
                    1.0
                ]
            ]
        },
        {
            "file_path": "/data/shapenet_blender/all_50_random/02958343/a52f704da0d3c947ca92a4cdad802b45/r_10",
            "rotation": 0.12566370614359174,
            "transform_matrix": [
                [
                    0.7714975476264954,
                    0.3139789402484894,
                    0.5533613562583923,
                    2.230670928955078
                ],
                [
                    0.6362322568893433,
                    -0.3807319104671478,
                    -0.6710078716278076,
                    -2.7049193382263184
                ],
                [
                    -1.4901161193847656e-08,
                    0.8697471618652344,
                    -0.4934973418712616,
                    -1.9893513917922974
                ],
                [
                    0.0,
                    0.0,
                    0.0,
                    1.0
                ]
            ]
        },
        {
            "file_path": "/data/shapenet_blender/all_50_random/02958343/a52f704da0d3c947ca92a4cdad802b45/r_11",
            "rotation": 0.12566370614359174,
            "transform_matrix": [
                [
                    0.31448957324028015,
                    0.8929877281188965,
                    0.32197707891464233,
                    1.2979310750961304
                ],
                [
                    0.949260950088501,
                    -0.29584628343582153,
                    -0.1066708117723465,
                    -0.4300037920475006
                ],
                [
                    -7.4505797087454084e-09,
                    0.33918702602386475,
                    -0.9407188892364502,
                    -3.792159080505371
                ],
                [
                    0.0,
                    0.0,
                    0.0,
                    1.0
                ]
            ]
        },
        {
            "file_path": "/data/shapenet_blender/all_50_random/02958343/a52f704da0d3c947ca92a4cdad802b45/r_12",
            "rotation": 0.12566370614359174,
            "transform_matrix": [
                [
                    0.9850810170173645,
                    0.03515421599149704,
                    0.1684628129005432,
                    0.6790953874588013
                ],
                [
                    0.17209167778491974,
                    -0.20122849941253662,
                    -0.9643087983131409,
                    -3.8872532844543457
                ],
                [
                    0.0,
                    0.9789132475852966,
                    -0.20427609980106354,
                    -0.8234633803367615
                ],
                [
                    0.0,
                    0.0,
                    0.0,
                    1.0
                ]
            ]
        },
        {
            "file_path": "/data/shapenet_blender/all_50_random/02958343/a52f704da0d3c947ca92a4cdad802b45/r_13",
            "rotation": 0.12566370614359174,
            "transform_matrix": [
                [
                    0.9383205771446228,
                    0.17010138928890228,
                    0.3010315001010895,
                    1.2134966850280762
                ],
                [
                    0.34576642513275146,
                    -0.4616111218929291,
                    -0.8169215321540833,
                    -3.2931156158447266
                ],
                [
                    0.0,
                    0.8706207871437073,
                    -0.4919546842575073,
                    -1.9831324815750122
                ],
                [
                    0.0,
                    0.0,
                    0.0,
                    1.0
                ]
            ]
        },
        {
            "file_path": "/data/shapenet_blender/all_50_random/02958343/a52f704da0d3c947ca92a4cdad802b45/r_14",
            "rotation": 0.12566370614359174,
            "transform_matrix": [
                [
                    0.9708919525146484,
                    0.02623337134718895,
                    0.23807694017887115,
                    0.9597188830375671
                ],
                [
                    0.2395179122686386,
                    -0.10633764415979385,
                    -0.965050995349884,
                    -3.890245199203491
                ],
                [
                    0.0,
                    0.9939839839935303,
                    -0.10952571034431458,
                    -0.4415122866630554
                ],
                [
                    0.0,
                    0.0,
                    0.0,
                    1.0
                ]
            ]
        },
        {
            "file_path": "/data/shapenet_blender/all_50_random/02958343/a52f704da0d3c947ca92a4cdad802b45/r_15",
            "rotation": 0.12566370614359174,
            "transform_matrix": [
                [
                    0.4455844759941101,
                    -0.2530686855316162,
                    -0.8587260842323303,
                    -3.4616360664367676
                ],
                [
                    -0.8952399492263794,
                    -0.12595893442630768,
                    -0.4274105429649353,
                    -1.7229472398757935
                ],
                [
                    0.0,
                    0.9592134356498718,
                    -0.28268250823020935,
                    -1.1395297050476074
                ],
                [
                    0.0,
                    0.0,
                    0.0,
                    1.0
                ]
            ]
        },
        {
            "file_path": "/data/shapenet_blender/all_50_random/02958343/a52f704da0d3c947ca92a4cdad802b45/r_16",
            "rotation": 0.12566370614359174,
            "transform_matrix": [
                [
                    -0.9798145890235901,
                    -0.044574059545993805,
                    -0.19487594068050385,
                    -0.7855699062347412
                ],
                [
                    -0.19990865886211395,
                    0.21847136318683624,
                    0.9551476836204529,
                    3.850322961807251
                ],
                [
                    0.0,
                    0.974824845790863,
                    -0.22297216951847076,
                    -0.898829460144043
                ],
                [
                    0.0,
                    0.0,
                    0.0,
                    1.0
                ]
            ]
        },
        {
            "file_path": "/data/shapenet_blender/all_50_random/02958343/a52f704da0d3c947ca92a4cdad802b45/r_17",
            "rotation": 0.12566370614359174,
            "transform_matrix": [
                [
                    0.9998428821563721,
                    -0.00022403850744012743,
                    -0.017725730314850807,
                    -0.07145470380783081
                ],
                [
                    -0.017727145925164223,
                    -0.012636175379157066,
                    -0.9997630715370178,
                    -4.0301737785339355
                ],
                [
                    -1.4551913493643376e-11,
                    0.9999202489852905,
                    -0.012638160958886147,
                    -0.050946056842803955
                ],
                [
                    0.0,
                    0.0,
                    0.0,
                    1.0
                ]
            ]
        },
        {
            "file_path": "/data/shapenet_blender/all_50_random/02958343/a52f704da0d3c947ca92a4cdad802b45/r_18",
            "rotation": 0.12566370614359174,
            "transform_matrix": [
                [
                    -0.7265387773513794,
                    0.40619218349456787,
                    0.5542105436325073,
                    2.2340939044952393
                ],
                [
                    0.6871253848075867,
                    0.4294912815093994,
                    0.5859999656677246,
                    2.36224102973938
                ],
                [
                    0.0,
                    0.806563675403595,
                    -0.5911471247673035,
                    -2.3829898834228516
                ],
                [
                    0.0,
                    0.0,
                    0.0,
                    1.0
                ]
            ]
        },
        {
            "file_path": "/data/shapenet_blender/all_50_random/02958343/a52f704da0d3c947ca92a4cdad802b45/r_19",
            "rotation": 0.12566370614359174,
            "transform_matrix": [
                [
                    -0.997000515460968,
                    -0.003725884249433875,
                    0.07730419933795929,
                    0.31162315607070923
                ],
                [
                    0.07739392668008804,
                    -0.04799741506576538,
                    0.9958446025848389,
                    4.014377593994141
                ],
                [
                    0.0,
                    0.9988405704498291,
                    0.04814181849360466,
                    0.1940658539533615
                ],
                [
                    0.0,
                    0.0,
                    0.0,
                    1.0
                ]
            ]
        },
        {
            "file_path": "/data/shapenet_blender/all_50_random/02958343/a52f704da0d3c947ca92a4cdad802b45/r_20",
            "rotation": 0.12566370614359174,
            "transform_matrix": [
                [
                    0.9695961475372314,
                    -0.061158645898103714,
                    0.23694509267807007,
                    0.9551562666893005
                ],
                [
                    0.2447107881307602,
                    0.24232356250286102,
                    -0.9388267993927002,
                    -3.784532070159912
                ],
                [
                    -3.725290742551124e-09,
                    0.9682658910751343,
                    0.24992214143276215,
                    1.0074684619903564
                ],
                [
                    0.0,
                    0.0,
                    0.0,
                    1.0
                ]
            ]
        },
        {
            "file_path": "/data/shapenet_blender/all_50_random/02958343/a52f704da0d3c947ca92a4cdad802b45/r_21",
            "rotation": 0.12566370614359174,
            "transform_matrix": [
                [
                    -0.17036764323711395,
                    -0.7971784472465515,
                    -0.5792074203491211,
                    -2.334859848022461
                ],
                [
                    -0.9853806495666504,
                    0.13782837986946106,
                    0.1001422181725502,
                    0.40368619561195374
                ],
                [
                    0.0,
                    0.5878006815910339,
                    -0.8090057373046875,
                    -3.2612063884735107
                ],
                [
                    0.0,
                    0.0,
                    0.0,
                    1.0
                ]
            ]
        },
        {
            "file_path": "/data/shapenet_blender/all_50_random/02958343/a52f704da0d3c947ca92a4cdad802b45/r_22",
            "rotation": 0.12566370614359174,
            "transform_matrix": [
                [
                    0.5786877274513245,
                    0.23792709410190582,
                    0.7800712585449219,
                    3.1445679664611816
                ],
                [
                    0.8155492544174194,
                    -0.16882547736167908,
                    -0.5535136461257935,
                    -2.2312850952148438
                ],
                [
                    0.0,
                    0.9564981460571289,
                    -0.29173845052719116,
                    -1.1760354042053223
                ],
                [
                    0.0,
                    0.0,
                    0.0,
                    1.0
                ]
            ]
        },
        {
            "file_path": "/data/shapenet_blender/all_50_random/02958343/a52f704da0d3c947ca92a4cdad802b45/r_23",
            "rotation": 0.12566370614359174,
            "transform_matrix": [
                [
                    0.5030350089073181,
                    0.20241178572177887,
                    -0.8402292132377625,
                    -3.3870725631713867
                ],
                [
                    -0.8642660975456238,
                    0.1178111881017685,
                    -0.4890446662902832,
                    -1.9714021682739258
                ],
                [
                    -7.450580596923828e-09,
                    0.9721882939338684,
                    0.23420076072216034,
                    0.9440935254096985
                ],
                [
                    0.0,
                    0.0,
                    0.0,
                    1.0
                ]
            ]
        },
        {
            "file_path": "/data/shapenet_blender/all_50_random/02958343/a52f704da0d3c947ca92a4cdad802b45/r_24",
            "rotation": 0.12566370614359174,
            "transform_matrix": [
                [
                    0.7084212303161621,
                    0.10224935412406921,
                    -0.6983440518379211,
                    -2.815114974975586
                ],
                [
                    -0.7057899236679077,
                    0.10263055562973022,
                    -0.7009475827217102,
                    -2.8256101608276367
                ],
                [
                    0.0,
                    0.9894504547119141,
                    0.14487220346927643,
                    0.5839985609054565
                ],
                [
                    0.0,
                    0.0,
                    0.0,
                    1.0
                ]
            ]
        },
        {
            "file_path": "/data/shapenet_blender/all_50_random/02958343/a52f704da0d3c947ca92a4cdad802b45/r_25",
            "rotation": 0.12566370614359174,
            "transform_matrix": [
                [
                    0.42016470432281494,
                    -0.4896829128265381,
                    0.7639844417572021,
                    3.0797197818756104
                ],
                [
                    0.907447874546051,
                    0.22673198580741882,
                    -0.35373854637145996,
                    -1.425965666770935
                ],
                [
                    0.0,
                    0.8419044017791748,
                    0.5396265387535095,
                    2.1753041744232178
                ],
                [
                    0.0,
                    0.0,
                    0.0,
                    1.0
                ]
            ]
        },
        {
            "file_path": "/data/shapenet_blender/all_50_random/02958343/a52f704da0d3c947ca92a4cdad802b45/r_26",
            "rotation": 0.12566370614359174,
            "transform_matrix": [
                [
                    -0.8291190266609192,
                    -0.3758745789527893,
                    -0.41385984420776367,
                    -1.6683224439620972
                ],
                [
                    -0.5590721964836121,
                    0.5574319958686829,
                    0.6137651801109314,
                    2.4741666316986084
                ],
                [
                    0.0,
                    0.7402618527412415,
                    -0.6723185777664185,
                    -2.710202932357788
                ],
                [
                    0.0,
                    0.0,
                    0.0,
                    1.0
                ]
            ]
        },
        {
            "file_path": "/data/shapenet_blender/all_50_random/02958343/a52f704da0d3c947ca92a4cdad802b45/r_27",
            "rotation": 0.12566370614359174,
            "transform_matrix": [
                [
                    -0.9547450542449951,
                    0.2252471148967743,
                    -0.1942310929298401,
                    -0.7829706072807312
                ],
                [
                    -0.29742559790611267,
                    -0.7230499982833862,
                    0.6234875917434692,
                    2.5133588314056396
                ],
                [
                    -1.4901161193847656e-08,
                    0.6530409455299377,
                    0.7573226094245911,
                    3.0528650283813477
                ],
                [
                    0.0,
                    0.0,
                    0.0,
                    1.0
                ]
            ]
        },
        {
            "file_path": "/data/shapenet_blender/all_50_random/02958343/a52f704da0d3c947ca92a4cdad802b45/r_28",
            "rotation": 0.12566370614359174,
            "transform_matrix": [
                [
                    0.7422590255737305,
                    0.6470271348953247,
                    -0.17437736690044403,
                    -0.7029377222061157
                ],
                [
                    -0.6701131463050842,
                    0.7166875004768372,
                    -0.19315122067928314,
                    -0.7786175608634949
                ],
                [
                    0.0,
                    0.26022079586982727,
                    0.9655490517616272,
                    3.8922529220581055
                ],
                [
                    0.0,
                    0.0,
                    0.0,
                    1.0
                ]
            ]
        },
        {
            "file_path": "/data/shapenet_blender/all_50_random/02958343/a52f704da0d3c947ca92a4cdad802b45/r_29",
            "rotation": 0.12566370614359174,
            "transform_matrix": [
                [
                    -0.08824386447668076,
                    0.338487833738327,
                    -0.9368237853050232,
                    -3.7764577865600586
                ],
                [
                    -0.9960989356040955,
                    -0.029986456036567688,
                    0.08299271762371063,
                    0.33455437421798706
                ],
                [
                    1.862645149230957e-09,
                    0.9404928684234619,
                    0.3398134112358093,
                    1.3698318004608154
                ],
                [
                    0.0,
                    0.0,
                    0.0,
                    1.0
                ]
            ]
        },
        {
            "file_path": "/data/shapenet_blender/all_50_random/02958343/a52f704da0d3c947ca92a4cdad802b45/r_30",
            "rotation": 0.12566370614359174,
            "transform_matrix": [
                [
                    -0.3791244328022003,
                    0.2517282962799072,
                    -0.8904479146003723,
                    -3.589510440826416
                ],
                [
                    -0.9253457188606262,
                    -0.10313587635755539,
                    0.36482641100883484,
                    1.4706623554229736
                ],
                [
                    7.450580596923828e-09,
                    0.9622868299484253,
                    0.27203699946403503,
                    1.096616268157959
                ],
                [
                    0.0,
                    0.0,
                    0.0,
                    1.0
                ]
            ]
        },
        {
            "file_path": "/data/shapenet_blender/all_50_random/02958343/a52f704da0d3c947ca92a4cdad802b45/r_31",
            "rotation": 0.12566370614359174,
            "transform_matrix": [
                [
                    0.27375438809394836,
                    0.3883901834487915,
                    -0.879892885684967,
                    -3.546961784362793
                ],
                [
                    -0.9617996215820312,
                    0.11054643243551254,
                    -0.2504414916038513,
                    -1.0095618963241577
                ],
                [
                    7.450581485102248e-09,
                    0.9148401618003845,
                    0.4038160741329193,
                    1.627834677696228
                ],
                [
                    0.0,
                    0.0,
                    0.0,
                    1.0
                ]
            ]
        },
        {
            "file_path": "/data/shapenet_blender/all_50_random/02958343/a52f704da0d3c947ca92a4cdad802b45/r_32",
            "rotation": 0.12566370614359174,
            "transform_matrix": [
                [
                    0.15193027257919312,
                    0.42780113220214844,
                    0.8910125494003296,
                    3.5917863845825195
                ],
                [
                    0.9883911609649658,
                    -0.0657593309879303,
                    -0.13696174323558807,
                    -0.5521104335784912
                ],
                [
                    0.0,
                    0.9014776349067688,
                    -0.4328257143497467,
                    -1.7447762489318848
                ],
                [
                    0.0,
                    0.0,
                    0.0,
                    1.0
                ]
            ]
        },
        {
            "file_path": "/data/shapenet_blender/all_50_random/02958343/a52f704da0d3c947ca92a4cdad802b45/r_33",
            "rotation": 0.12566370614359174,
            "transform_matrix": [
                [
                    0.7510056495666504,
                    0.4243011772632599,
                    -0.5059239268302917,
                    -2.0394446849823
                ],
                [
                    -0.6602957844734192,
                    0.4825906753540039,
                    -0.5754265785217285,
                    -2.3196187019348145
                ],
                [
                    0.0,
                    0.7662079930305481,
                    0.6425925493240356,
                    2.5903735160827637
                ],
                [
                    0.0,
                    0.0,
                    0.0,
                    1.0
                ]
            ]
        },
        {
            "file_path": "/data/shapenet_blender/all_50_random/02958343/a52f704da0d3c947ca92a4cdad802b45/r_34",
            "rotation": 0.12566370614359174,
            "transform_matrix": [
                [
                    -0.9892421960830688,
                    -0.13404026627540588,
                    -0.0585927814245224,
                    -0.23619507253170013
                ],
                [
                    -0.14628708362579346,
                    0.9064251780509949,
                    0.3962239623069763,
                    1.5972299575805664
                ],
                [
                    3.725290298461914e-09,
                    0.40053293108940125,
                    -0.9162822961807251,
                    -3.693652391433716
                ],
                [
                    0.0,
                    0.0,
                    0.0,
                    1.0
                ]
            ]
        },
        {
            "file_path": "/data/shapenet_blender/all_50_random/02958343/a52f704da0d3c947ca92a4cdad802b45/r_35",
            "rotation": 0.12566370614359174,
            "transform_matrix": [
                [
                    0.9876613616943359,
                    0.002691487083211541,
                    0.15658169984817505,
                    0.6312010288238525
                ],
                [
                    0.1566048413515091,
                    -0.016974428668618202,
                    -0.9875154495239258,
                    -3.980802059173584
                ],
                [
                    0.0,
                    0.9998523592948914,
                    -0.0171864852309227,
                    -0.06928093731403351
                ],
                [
                    0.0,
                    0.0,
                    0.0,
                    1.0
                ]
            ]
        },
        {
            "file_path": "/data/shapenet_blender/all_50_random/02958343/a52f704da0d3c947ca92a4cdad802b45/r_36",
            "rotation": 0.12566370614359174,
            "transform_matrix": [
                [
                    -0.9937117099761963,
                    -0.019484492018818855,
                    0.1102605015039444,
                    0.44447430968284607
                ],
                [
                    0.11196885257959366,
                    -0.1729227900505066,
                    0.9785502552986145,
                    3.94466233253479
                ],
                [
                    -1.862645149230957e-09,
                    0.9847425222396851,
                    0.174017071723938,
                    0.701485276222229
                ],
                [
                    0.0,
                    0.0,
                    0.0,
                    1.0
                ]
            ]
        },
        {
            "file_path": "/data/shapenet_blender/all_50_random/02958343/a52f704da0d3c947ca92a4cdad802b45/r_37",
            "rotation": 0.12566370614359174,
            "transform_matrix": [
                [
                    -0.32105156779289246,
                    0.06709825247526169,
                    -0.944681704044342,
                    -3.808134078979492
                ],
                [
                    -0.9470617771148682,
                    -0.022746140137314796,
                    0.3202447295188904,
                    1.2909479141235352
                ],
                [
                    0.0,
                    0.9974870085716248,
                    0.07084886729717255,
                    0.2856009602546692
                ],
                [
                    0.0,
                    0.0,
                    0.0,
                    1.0
                ]
            ]
        },
        {
            "file_path": "/data/shapenet_blender/all_50_random/02958343/a52f704da0d3c947ca92a4cdad802b45/r_38",
            "rotation": 0.12566370614359174,
            "transform_matrix": [
                [
                    0.9230462312698364,
                    0.02907113917171955,
                    0.3835892379283905,
                    1.5462977886199951
                ],
                [
                    0.3846893310546875,
                    -0.06975500285625458,
                    -0.9204065799713135,
                    -3.710277795791626
                ],
                [
                    1.862645371275562e-09,
                    0.9971403479576111,
                    -0.07557044178247452,
                    -0.3046342134475708
                ],
                [
                    0.0,
                    0.0,
                    0.0,
                    1.0
                ]
            ]
        },
        {
            "file_path": "/data/shapenet_blender/all_50_random/02958343/a52f704da0d3c947ca92a4cdad802b45/r_39",
            "rotation": 0.12566370614359174,
            "transform_matrix": [
                [
                    0.5925553441047668,
                    -0.394664466381073,
                    -0.7022236585617065,
                    -2.830754041671753
                ],
                [
                    -0.8055297136306763,
                    -0.29031896591186523,
                    -0.5165624618530273,
                    -2.0823299884796143
                ],
                [
                    0.0,
                    0.8717538118362427,
                    -0.4899440407752991,
                    -1.9750275611877441
                ],
                [
                    0.0,
                    0.0,
                    0.0,
                    1.0
                ]
            ]
        },
        {
            "file_path": "/data/shapenet_blender/all_50_random/02958343/a52f704da0d3c947ca92a4cdad802b45/r_40",
            "rotation": 0.12566370614359174,
            "transform_matrix": [
                [
                    -0.7272215485572815,
                    -0.04324760660529137,
                    -0.6850390434265137,
                    -2.7614803314208984
                ],
                [
                    -0.6864027380943298,
                    0.045819446444511414,
                    0.7257767915725708,
                    2.925699472427368
                ],
                [
                    3.7252894102834944e-09,
                    0.9980131983757019,
                    -0.06300617009401321,
                    -0.2539859712123871
                ],
                [
                    0.0,
                    0.0,
                    0.0,
                    1.0
                ]
            ]
        },
        {
            "file_path": "/data/shapenet_blender/all_50_random/02958343/a52f704da0d3c947ca92a4cdad802b45/r_41",
            "rotation": 0.12566370614359174,
            "transform_matrix": [
                [
                    0.39123883843421936,
                    0.35576343536376953,
                    -0.8487429022789001,
                    -3.4213922023773193
                ],
                [
                    -0.9202892780303955,
                    0.15124423801898956,
                    -0.3608225882053375,
                    -1.4545224905014038
                ],
