{
    "class": "02958343",
    "model": "c61ec8875746ab78227375499b768057",
    "remove_doubles": true,
    "edge_split": true,
    "denoise": true,
    "camera_angle_x": 0.6911112070083618,
    "scale_factor": 2.2399427504866476,
    "hdri_file": "/data/IndoorHDRDataset2018/AG8A9750-f8ecbc9cb4.exr",
    "center_offset": [
        0.0,
        -3.725290298461914e-09,
        0.0
    ],
    "lights": [],
    "frames": [
        {
            "file_path": "/data/shapenet_blender/all_50_random/02958343/c61ec8875746ab78227375499b768057/r_0",
            "rotation": 0.12566370614359174,
            "transform_matrix": [
                [
                    -0.18154144287109375,
                    0.13792827725410461,
                    0.9736623764038086,
                    3.9249587059020996
                ],
                [
                    0.983383297920227,
                    0.025462808087468147,
                    0.1797468662261963,
                    0.724582850933075
                ],
                [
                    -1.862645149230957e-09,
                    0.9901147484779358,
                    -0.14025892317295074,
                    -0.5654018521308899
                ],
                [
                    0.0,
                    0.0,
                    0.0,
                    1.0
                ]
            ]
        },
        {
            "file_path": "/data/shapenet_blender/all_50_random/02958343/c61ec8875746ab78227375499b768057/r_1",
            "rotation": 0.12566370614359174,
            "transform_matrix": [
                [
                    0.9040013551712036,
                    -0.007339330855756998,
                    -0.4274665415287018,
                    -1.723172903060913
                ],
                [
                    -0.42752960324287415,
                    -0.01551884412765503,
                    -0.9038680195808411,
                    -3.643608808517456
                ],
                [
                    0.0,
                    0.9998525381088257,
                    -0.01716683618724346,
                    -0.06920173764228821
                ],
                [
                    0.0,
                    0.0,
                    0.0,
                    1.0
                ]
            ]
        },
        {
            "file_path": "/data/shapenet_blender/all_50_random/02958343/c61ec8875746ab78227375499b768057/r_2",
            "rotation": 0.12566370614359174,
            "transform_matrix": [
                [
                    0.8233831524848938,
                    0.1685371994972229,
                    0.5418813824653625,
                    2.184393882751465
                ],
                [
                    0.5674859285354614,
                    -0.244535893201828,
                    -0.7862326502799988,
                    -3.169405460357666
                ],
                [
                    0.0,
                    0.9548806548118591,
                    -0.29698923230171204,
                    -1.1972019672393799
                ],
                [
                    0.0,
                    0.0,
                    0.0,
                    1.0
                ]
            ]
        },
        {
            "file_path": "/data/shapenet_blender/all_50_random/02958343/c61ec8875746ab78227375499b768057/r_3",
            "rotation": 0.12566370614359174,
            "transform_matrix": [
                [
                    -0.9943423271179199,
                    -0.09773477911949158,
                    0.04161032289266586,
                    0.16773658990859985
                ],
                [
                    0.10622386634349823,
                    -0.9148775935173035,
                    0.3895066976547241,
                    1.5701518058776855
                ],
                [
                    0.0,
                    0.39172282814979553,
                    0.9200831651687622,
                    3.7089741230010986
                ],
                [
                    0.0,
                    0.0,
                    0.0,
                    1.0
                ]
            ]
        },
        {
            "file_path": "/data/shapenet_blender/all_50_random/02958343/c61ec8875746ab78227375499b768057/r_4",
            "rotation": 0.12566370614359174,
            "transform_matrix": [
                [
                    -0.7569252252578735,
                    -0.162933811545372,
                    0.6328638792037964,
                    2.5511558055877686
                ],
                [
                    0.6535013914108276,
                    -0.18871991336345673,
                    0.73302161693573,
                    2.954904556274414
                ],
                [
                    7.450580152834618e-09,
                    0.9684200882911682,
                    0.24932433664798737,
                    1.0050585269927979
                ],
                [
                    0.0,
                    0.0,
                    0.0,
                    1.0
                ]
            ]
        },
        {
            "file_path": "/data/shapenet_blender/all_50_random/02958343/c61ec8875746ab78227375499b768057/r_5",
            "rotation": 0.12566370614359174,
            "transform_matrix": [
                [
                    -0.21672731637954712,
                    0.05020381137728691,
                    -0.9749404191970825,
                    -3.930110454559326
                ],
                [
                    -0.97623211145401,
                    -0.011145439930260181,
                    0.21644054353237152,
                    0.8724997639656067
                ],
                [
                    0.0,
                    0.9986768364906311,
                    0.05142609402537346,
                    0.20730522274971008
                ],
                [
                    0.0,
                    0.0,
                    0.0,
                    1.0
                ]
            ]
        },
        {
            "file_path": "/data/shapenet_blender/all_50_random/02958343/c61ec8875746ab78227375499b768057/r_6",
            "rotation": 0.12566370614359174,
            "transform_matrix": [
                [
                    0.6061133146286011,
                    0.20508109033107758,
                    -0.768484354019165,
                    -3.0978598594665527
                ],
                [
                    -0.7953783273696899,
                    0.15628084540367126,
                    -0.5856189727783203,
                    -2.360705852508545
                ],
                [
                    7.450580596923828e-09,
                    0.9661872982978821,
                    0.25784093141555786,
                    1.039390206336975
                ],
                [
                    0.0,
                    0.0,
                    0.0,
                    1.0
                ]
            ]
        },
        {
            "file_path": "/data/shapenet_blender/all_50_random/02958343/c61ec8875746ab78227375499b768057/r_7",
            "rotation": 0.12566370614359174,
            "transform_matrix": [
                [
                    -0.6776784062385559,
                    -0.3239782154560089,
                    0.6601439118385315,
                    2.6611251831054688
                ],
                [
                    0.7353582978248596,
                    -0.2985660433769226,
                    0.608363687992096,
                    2.452392578125
                ],
                [
                    -2.9802322387695312e-08,
                    0.8977171778678894,
                    0.4405719041824341,
                    1.7760021686553955
                ],
                [
                    0.0,
                    0.0,
                    0.0,
                    1.0
                ]
            ]
        },
        {
            "file_path": "/data/shapenet_blender/all_50_random/02958343/c61ec8875746ab78227375499b768057/r_8",
            "rotation": 0.12566370614359174,
            "transform_matrix": [
                [
                    -0.6415143013000488,
                    -0.5233198404312134,
                    -0.5608881711959839,
                    -2.261012554168701
                ],
                [
                    -0.7671110033988953,
                    0.43763837218284607,
                    0.469055712223053,
                    1.8908240795135498
                ],
                [
                    1.4901161193847656e-08,
                    0.7311694025993347,
                    -0.6821958422660828,
                    -2.7500193119049072
                ],
                [
                    0.0,
                    0.0,
                    0.0,
                    1.0
                ]
            ]
        },
        {
            "file_path": "/data/shapenet_blender/all_50_random/02958343/c61ec8875746ab78227375499b768057/r_9",
            "rotation": 0.12566370614359174,
            "transform_matrix": [
                [
                    0.6132628917694092,
                    0.6231626868247986,
                    0.4853626489639282,
                    1.956559419631958
                ],
                [
                    0.7898789644241333,
                    -0.483824223279953,
                    -0.3768361210823059,
                    -1.5190750360488892
                ],
                [
                    -1.4901162970204496e-08,
                    0.614477276802063,
                    -0.7889344692230225,
                    -3.1802966594696045
                ],
                [
                    0.0,
                    0.0,
                    0.0,
                    1.0
                ]
            ]
        },
        {
            "file_path": "/data/shapenet_blender/all_50_random/02958343/c61ec8875746ab78227375499b768057/r_10",
            "rotation": 0.12566370614359174,
            "transform_matrix": [
                [
                    0.8855753540992737,
                    -0.08239847421646118,
                    0.45712897181510925,
                    1.8427457809448242
                ],
                [
                    0.4644959270954132,
                    0.15709514915943146,
                    -0.8715300559997559,
                    -3.5132501125335693
                ],
                [
                    7.450581485102248e-09,
                    0.9841400384902954,
                    0.1773933321237564,
                    0.7150954008102417
                ],
                [
                    0.0,
                    0.0,
                    0.0,
                    1.0
                ]
            ]
        },
        {
            "file_path": "/data/shapenet_blender/all_50_random/02958343/c61ec8875746ab78227375499b768057/r_11",
            "rotation": 0.12566370614359174,
            "transform_matrix": [
                [
                    0.9207928776741028,
                    0.015222535468637943,
                    0.3897548317909241,
                    1.5711519718170166
                ],
                [
                    0.39005202054977417,
                    -0.03593572601675987,
                    -0.9200913310050964,
                    -3.7090067863464355
                ],
                [
                    0.0,
                    0.999238133430481,
                    -0.03902693837881088,
                    -0.15732261538505554
                ],
                [
                    0.0,
                    0.0,
                    0.0,
                    1.0
                ]
            ]
        },
        {
            "file_path": "/data/shapenet_blender/all_50_random/02958343/c61ec8875746ab78227375499b768057/r_12",
            "rotation": 0.12566370614359174,
            "transform_matrix": [
                [
                    -0.9952203035354614,
                    0.07708431035280228,
                    0.05995554104447365,
                    0.24168851971626282
                ],
                [
                    0.09765580296516418,
                    0.7855740189552307,
                    0.6110129952430725,
                    2.4630720615386963
                ],
                [
                    0.0,
                    0.6139473915100098,
                    -0.7893468737602234,
                    -3.1819589138031006
                ],
                [
                    0.0,
                    0.0,
                    0.0,
                    1.0
                ]
            ]
        },
        {
            "file_path": "/data/shapenet_blender/all_50_random/02958343/c61ec8875746ab78227375499b768057/r_13",
            "rotation": 0.12566370614359174,
            "transform_matrix": [
                [
                    0.15978887677192688,
                    -0.5077899098396301,
                    -0.8465321660041809,
                    -3.412480592727661
                ],
                [
                    -0.9871512055397034,
                    -0.08219528943300247,
                    -0.1370270550251007,
                    -0.5523737668991089
                ],
                [
                    7.450580596923828e-09,
                    0.8575506806373596,
                    -0.5143993496894836,
                    -2.073610305786133
                ],
                [
                    0.0,
                    0.0,
                    0.0,
                    1.0
                ]
            ]
        },
        {
            "file_path": "/data/shapenet_blender/all_50_random/02958343/c61ec8875746ab78227375499b768057/r_14",
            "rotation": 0.12566370614359174,
            "transform_matrix": [
                [
                    0.3057880103588104,
                    0.22021156549453735,
                    0.9262832403182983,
                    3.7339670658111572
                ],
                [
                    0.9520996809005737,
                    -0.07072584331035614,
                    -0.2974964678287506,
                    -1.1992466449737549
                ],
                [
                    0.0,
                    0.9728846549987793,
                    -0.23129047453403473,
                    -0.9323617219924927
                ],
                [
                    0.0,
                    0.0,
                    0.0,
                    1.0
                ]
            ]
        },
        {
            "file_path": "/data/shapenet_blender/all_50_random/02958343/c61ec8875746ab78227375499b768057/r_15",
            "rotation": 0.12566370614359174,
            "transform_matrix": [
                [
                    -0.8716511726379395,
                    0.05956370010972023,
                    -0.4864940941333771,
                    -1.961120367050171
                ],
                [
                    -0.4901268780231476,
                    -0.10592924058437347,
                    0.8651905059814453,
                    3.487694501876831
                ],
                [
                    0.0,
                    0.9925881624221802,
                    0.12152709811925888,
                    0.4898914098739624
                ],
                [
                    0.0,
                    0.0,
                    0.0,
                    1.0
                ]
            ]
        },
        {
            "file_path": "/data/shapenet_blender/all_50_random/02958343/c61ec8875746ab78227375499b768057/r_16",
            "rotation": 0.12566370614359174,
            "transform_matrix": [
                [
                    -0.9235960245132446,
                    -0.08013404160737991,
                    0.3748985826969147,
                    1.5112645626068115
                ],
                [
                    0.38336724042892456,
                    -0.1930563747882843,
                    0.9031936526298523,
                    3.640890121459961
                ],
                [
                    7.450581485102248e-09,
                    0.9779098629951477,
                    0.20902684330940247,
                    0.8426141738891602
                ],
                [
                    0.0,
                    0.0,
                    0.0,
                    1.0
                ]
            ]
        },
        {
            "file_path": "/data/shapenet_blender/all_50_random/02958343/c61ec8875746ab78227375499b768057/r_17",
            "rotation": 0.12566370614359174,
            "transform_matrix": [
                [
                    -0.4823590815067291,
                    -0.3354761302471161,
                    -0.8091881275177002,
                    -3.26194167137146
                ],
                [
                    -0.8759735822677612,
                    0.18473155796527863,
                    0.4455833435058594,
                    1.796203851699829
                ],
                [
                    0.0,
                    0.9237585663795471,
                    -0.3829752206802368,
                    -1.5438225269317627
                ],
                [
                    0.0,
                    0.0,
                    0.0,
                    1.0
                ]
            ]
        },
        {
            "file_path": "/data/shapenet_blender/all_50_random/02958343/c61ec8875746ab78227375499b768057/r_18",
            "rotation": 0.12566370614359174,
            "transform_matrix": [
                [
                    0.43160492181777954,
                    0.20470085740089417,
                    0.8785298466682434,
                    3.5414671897888184
                ],
                [
                    0.902062714099884,
                    -0.09794207662343979,
                    -0.420345276594162,
                    -1.6944659948349
                ],
                [
                    -7.450580596923828e-09,
                    0.9739121198654175,
                    -0.226925328373909,
                    -0.9147652387619019
                ],
                [
                    0.0,
                    0.0,
                    0.0,
                    1.0
                ]
            ]
        },
        {
            "file_path": "/data/shapenet_blender/all_50_random/02958343/c61ec8875746ab78227375499b768057/r_19",
            "rotation": 0.12566370614359174,
            "transform_matrix": [
                [
                    -0.8797845840454102,
                    0.07184094935655594,
                    0.4699128270149231,
                    1.8942792415618896
                ],
                [
                    0.4753727316856384,
                    0.13295789062976837,
                    0.8696798086166382,
                    3.505791425704956
                ],
                [
                    3.725290742551124e-09,
                    0.9885144829750061,
                    -0.15112553536891937,
                    -0.60920649766922
                ],
                [
                    0.0,
                    0.0,
                    0.0,
                    1.0
                ]
            ]
        },
        {
            "file_path": "/data/shapenet_blender/all_50_random/02958343/c61ec8875746ab78227375499b768057/r_20",
            "rotation": 0.12566370614359174,
            "transform_matrix": [
                [
                    -0.9157062768936157,
                    0.07832400500774384,
                    -0.39414119720458984,
                    -1.5888339281082153
                ],
                [
                    -0.4018481373786926,
                    -0.17847982048988342,
                    0.8981441855430603,
                    3.620535135269165
                ],
                [
                    0.0,
                    0.9808211922645569,
                    0.19490946829319,
                    0.7857052087783813
                ],
                [
                    0.0,
                    0.0,
                    0.0,
                    1.0
                ]
            ]
        },
        {
            "file_path": "/data/shapenet_blender/all_50_random/02958343/c61ec8875746ab78227375499b768057/r_21",
            "rotation": 0.12566370614359174,
            "transform_matrix": [
                [
                    0.9713984131813049,
                    -0.15572962164878845,
                    -0.17925824224948883,
                    -0.7226130962371826
                ],
                [
                    -0.23745578527450562,
                    -0.6370681524276733,
                    -0.7333204746246338,
                    -2.9561092853546143
                ],
                [
                    0.0,
                    0.7549121379852295,
                    -0.6558259129524231,
                    -2.643718719482422
                ],
                [
                    0.0,
                    0.0,
                    0.0,
                    1.0
                ]
            ]
        },
        {
            "file_path": "/data/shapenet_blender/all_50_random/02958343/c61ec8875746ab78227375499b768057/r_22",
            "rotation": 0.12566370614359174,
            "transform_matrix": [
                [
                    0.38749074935913086,
                    -0.10927073657512665,
                    0.9153746962547302,
                    3.689993381500244
                ],
                [
                    0.9218735694885254,
                    0.04592972621321678,
                    -0.3847590684890747,
                    -1.551013469696045
                ],
                [
                    0.0,
                    0.9929502606391907,
                    0.11853116005659103,
                    0.47781437635421753
                ],
                [
                    0.0,
                    0.0,
                    0.0,
                    1.0
                ]
            ]
        },
        {
            "file_path": "/data/shapenet_blender/all_50_random/02958343/c61ec8875746ab78227375499b768057/r_23",
            "rotation": 0.12566370614359174,
            "transform_matrix": [
                [
                    0.6909382939338684,
                    0.002525521442294121,
                    0.7229093313217163,
                    2.914140462875366
                ],
                [
                    0.7229137420654297,
                    -0.0024138144217431545,
                    -0.6909341216087341,
                    -2.7852442264556885
                ],
                [
                    0.0,
                    0.9999939799308777,
                    -0.0034935306757688522,
                    -0.014082871377468109
                ],
                [
                    0.0,
                    0.0,
                    0.0,
                    1.0
                ]
            ]
        },
        {
            "file_path": "/data/shapenet_blender/all_50_random/02958343/c61ec8875746ab78227375499b768057/r_24",
            "rotation": 0.12566370614359174,
            "transform_matrix": [
                [
                    -0.7816938757896423,
                    -0.0688379555940628,
                    -0.6198516488075256,
                    -2.498702049255371
                ],
                [
                    -0.6236624121665955,
                    0.08628097921609879,
                    0.7769173979759216,
                    3.13185453414917
                ],
                [
                    0.0,
                    0.9938897490501404,
                    -0.11037693917751312,
                    -0.44494369626045227
                ],
                [
                    0.0,
                    0.0,
                    0.0,
                    1.0
                ]
            ]
        },
        {
            "file_path": "/data/shapenet_blender/all_50_random/02958343/c61ec8875746ab78227375499b768057/r_25",
            "rotation": 0.12566370614359174,
            "transform_matrix": [
                [
                    0.15003108978271484,
                    0.46003445982933044,
                    -0.8751336932182312,
                    -3.5277767181396484
                ],
                [
                    -0.9886813163757324,
                    0.06980962306261063,
                    -0.1328003853559494,
                    -0.5353354811668396
                ],
                [
                    0.0,
                    0.8851523995399475,
                    0.4653010964393616,
                    1.8756886720657349
                ],
                [
                    0.0,
                    0.0,
                    0.0,
                    1.0
                ]
            ]
        },
        {
            "file_path": "/data/shapenet_blender/all_50_random/02958343/c61ec8875746ab78227375499b768057/r_26",
            "rotation": 0.12566370614359174,
            "transform_matrix": [
                [
                    0.589331865310669,
                    -0.11046639084815979,
                    0.800303041934967,
                    3.2261250019073486
                ],
                [
                    0.8078910708427429,
                    0.08058186620473862,
                    -0.5837966799736023,
                    -2.3533599376678467
                ],
                [
                    0.0,
                    0.990607738494873,
                    0.1367342472076416,
                    0.5511934161186218
                ],
                [
                    0.0,
                    0.0,
                    0.0,
                    1.0
                ]
            ]
        },
        {
            "file_path": "/data/shapenet_blender/all_50_random/02958343/c61ec8875746ab78227375499b768057/r_27",
            "rotation": 0.12566370614359174,
            "transform_matrix": [
                [
                    -0.13904732465744019,
                    0.28497329354286194,
                    0.9483965635299683,
                    3.823108673095703
                ],
                [
                    0.9902858138084412,
                    0.04001346975564957,
                    0.13316558301448822,
                    0.536807656288147
                ],
                [
                    0.0,
                    0.9576999545097351,
                    -0.28776872158050537,
                    -1.1600327491760254
                ],
                [
                    0.0,
                    0.0,
                    0.0,
                    1.0
                ]
            ]
        },
        {
            "file_path": "/data/shapenet_blender/all_50_random/02958343/c61ec8875746ab78227375499b768057/r_28",
            "rotation": 0.12566370614359174,
            "transform_matrix": [
                [
                    -0.14626620709896088,
                    0.019166113808751106,
                    -0.989059567451477,
                    -3.9870266914367676
                ],
                [
                    -0.9892451763153076,
                    -0.0028338320553302765,
                    0.1462387591600418,
                    0.5895072817802429
                ],
                [
                    0.0,
                    0.9998122453689575,
                    0.019374482333660126,
                    0.07810103893280029
                ],
                [
                    0.0,
                    0.0,
                    0.0,
                    1.0
                ]
            ]
        },
        {
            "file_path": "/data/shapenet_blender/all_50_random/02958343/c61ec8875746ab78227375499b768057/r_29",
            "rotation": 0.12566370614359174,
            "transform_matrix": [
                [
                    -0.3787904679775238,
                    0.09016232192516327,
                    -0.9210800528526306,
                    -3.7129924297332764
                ],
                [
                    -0.9254823923110962,
                    -0.03690251708030701,
                    0.37698864936828613,
                    1.5196897983551025
                ],
                [
                    0.0,
                    0.9952431917190552,
                    0.09742196649312973,
                    0.3927205204963684
                ],
                [
                    0.0,
                    0.0,
                    0.0,
                    1.0
                ]
            ]
        },
        {
            "file_path": "/data/shapenet_blender/all_50_random/02958343/c61ec8875746ab78227375499b768057/r_30",
            "rotation": 0.12566370614359174,
            "transform_matrix": [
                [
                    -0.9003592729568481,
                    0.3974643051624298,
                    -0.1771310567855835,
                    -0.7140381336212158
                ],
                [
                    -0.4351475238800049,
                    -0.8223893642425537,
                    0.3665000796318054,
                    1.4774091243743896
                ],
                [
                    0.0,
                    0.40705984830856323,
                    0.9134014248847961,
                    3.6820390224456787
                ],
                [
                    0.0,
                    0.0,
                    0.0,
                    1.0
                ]
            ]
        },
        {
            "file_path": "/data/shapenet_blender/all_50_random/02958343/c61ec8875746ab78227375499b768057/r_31",
            "rotation": 0.12566370614359174,
            "transform_matrix": [
                [
                    0.8436647057533264,
                    0.4545298218727112,
                    -0.28571391105651855,
                    -1.1517497301101685
                ],
                [
                    -0.5368704199790955,
                    0.7142706513404846,
                    -0.4489849805831909,
                    -1.8099164962768555
                ],
                [
                    0.0,
                    0.5321841835975647,
                    0.8466285467147827,
                    3.4128689765930176
                ],
                [
                    0.0,
                    0.0,
                    0.0,
                    1.0
                ]
            ]
        },
        {
            "file_path": "/data/shapenet_blender/all_50_random/02958343/c61ec8875746ab78227375499b768057/r_32",
            "rotation": 0.12566370614359174,
            "transform_matrix": [
                [
                    -0.7482982873916626,
                    -0.05695031210780144,
                    0.6609132885932922,
                    2.664226770401001
                ],
                [
                    0.6633623838424683,
                    -0.06424213945865631,
                    0.7455355525016785,
                    3.00534987449646
                ],
                [
                    3.725290076417309e-09,
                    0.9963079690933228,
                    0.08585097640752792,
                    0.3460763692855835
                ],
                [
                    0.0,
                    0.0,
                    0.0,
                    1.0
                ]
            ]
        },
        {
            "file_path": "/data/shapenet_blender/all_50_random/02958343/c61ec8875746ab78227375499b768057/r_33",
            "rotation": 0.12566370614359174,
            "transform_matrix": [
                [
                    0.6492976546287537,
                    0.01633048988878727,
                    -0.7603589296340942,
                    -3.0651051998138428
                ],
                [
                    -0.760534405708313,
                    0.013941972516477108,
                    -0.6491478681564331,
                    -2.6167991161346436
                ],
                [
                    0.0,
                    0.9997693300247192,
                    0.0214723888784647,
                    0.08655797690153122
                ],
                [
                    0.0,
                    0.0,
                    0.0,
                    1.0
                ]
            ]
        },
        {
            "file_path": "/data/shapenet_blender/all_50_random/02958343/c61ec8875746ab78227375499b768057/r_34",
            "rotation": 0.12566370614359174,
            "transform_matrix": [
                [
                    0.9727757573127747,
                    -0.03347620368003845,
                    0.229317769408226,
                    0.9244095087051392
                ],
                [
                    0.23174834251403809,
                    0.14051811397075653,
                    -0.9625732898712158,
                    -3.8802571296691895
                ],
                [
                    0.0,
                    0.9895119071006775,
                    0.14445067942142487,
                    0.5822992920875549
                ],
                [
                    0.0,
                    0.0,
                    0.0,
                    1.0
                ]
            ]
        },
        {
            "file_path": "/data/shapenet_blender/all_50_random/02958343/c61ec8875746ab78227375499b768057/r_35",
            "rotation": 0.12566370614359174,
            "transform_matrix": [
                [
                    -0.9996962547302246,
                    0.0030646747909486294,
                    -0.02445453219115734,
                    -0.09857937693595886
                ],
                [
                    -0.024645822122693062,
                    -0.12431089580059052,
                    0.9919371008872986,
                    3.998626708984375
                ],
                [
                    -2.3283064365386963e-10,
                    0.9922386407852173,
                    0.12434864789247513,
                    0.5012654662132263
                ],
                [
                    0.0,
                    0.0,
                    0.0,
                    1.0
                ]
            ]
        },
        {
            "file_path": "/data/shapenet_blender/all_50_random/02958343/c61ec8875746ab78227375499b768057/r_36",
            "rotation": 0.12566370614359174,
            "transform_matrix": [
                [
                    -0.3801666498184204,
                    0.7825656533241272,
                    -0.49301543831825256,
                    -1.9874087572097778
                ],
                [
                    -0.9249180555343628,
                    -0.32165592908859253,
                    0.20264284312725067,
                    0.8168794512748718
                ],
                [
                    0.0,
                    0.5330368876457214,
                    0.8460919857025146,
                    3.410705804824829
                ],
                [
                    0.0,
                    0.0,
                    0.0,
                    1.0
                ]
            ]
        },
        {
            "file_path": "/data/shapenet_blender/all_50_random/02958343/c61ec8875746ab78227375499b768057/r_37",
            "rotation": 0.12566370614359174,
            "transform_matrix": [
                [
                    0.5121405720710754,
                    0.1705397218465805,
                    0.8418005704879761,
                    3.393406629562378
                ],
                [
                    0.8589016795158386,
                    -0.10168838500976562,
                    -0.5019437074661255,
                    -2.023399829864502
                ],
                [
                    0.0,
                    0.9800896048545837,
                    -0.1985556036233902,
                    -0.8004032373428345
                ],
                [
                    0.0,
                    0.0,
                    0.0,
                    1.0
                ]
            ]
        },
        {
            "file_path": "/data/shapenet_blender/all_50_random/02958343/c61ec8875746ab78227375499b768057/r_38",
            "rotation": 0.12566370614359174,
            "transform_matrix": [
                [
                    -0.8804721236228943,
                    -0.2567616105079651,
                    0.3985503017902374,
                    1.6066077947616577
                ],
                [
                    0.47409796714782715,
                    -0.476845383644104,
                    0.740168571472168,
                    2.983715295791626
                ],
                [
                    0.0,
                    0.8406497836112976,
                    0.5415790677070618,
                    2.1831753253936768
                ],
                [
                    0.0,
                    0.0,
                    0.0,
                    1.0
                ]
            ]
        },
        {
            "file_path": "/data/shapenet_blender/all_50_random/02958343/c61ec8875746ab78227375499b768057/r_39",
            "rotation": 0.12566370614359174,
            "transform_matrix": [
                [
                    0.29019197821617126,
                    0.7354528903961182,
                    -0.6122887134552002,
                    -2.468214988708496
                ],
                [
                    -0.9569685459136963,
                    0.22301937639713287,
                    -0.18567095696926117,
                    -0.7484636306762695
                ],
                [
                    1.4901162970204496e-08,
                    0.6398212909698486,
                    0.7685235738754272,
                    3.098018169403076
                ],
                [
                    0.0,
                    0.0,
                    0.0,
                    1.0
                ]
            ]
        },
        {
            "file_path": "/data/shapenet_blender/all_50_random/02958343/c61ec8875746ab78227375499b768057/r_40",
            "rotation": 0.12566370614359174,
            "transform_matrix": [
                [
                    -0.2643736004829407,
                    0.8362893462181091,
                    0.4803403913974762,
                    1.9363141059875488
                ],
                [
                    0.9644203186035156,
                    0.22924946248531342,
                    0.13167425990104675,
                    0.5307959318161011
                ],
                [
                    0.0,
                    0.49806126952171326,
                    -0.8671417832374573,
                    -3.49556040763855
                ],
                [
                    0.0,
                    0.0,
                    0.0,
                    1.0
                ]
            ]
        },
        {
            "file_path": "/data/shapenet_blender/all_50_random/02958343/c61ec8875746ab78227375499b768057/r_41",
            "rotation": 0.12566370614359174,
            "transform_matrix": [
                [
                    0.5565615892410278,
                    0.14860814809799194,
                    -0.8174072504043579,
                    -3.295074224472046
                ],
                [
                    -0.8308063745498657,
                    0.09955340623855591,
                    -0.5475855469703674,
                    -2.207388162612915
                ],
                [
                    0.0,
                    0.9838722944259644,
                    0.17887216806411743,
                    0.7210568189620972
