{
    "class": "02958343",
    "model": "5e5d7901f587c39726d36807b4d406ea",
    "remove_doubles": true,
    "edge_split": true,
    "denoise": true,
    "camera_angle_x": 0.6911112070083618,
    "scale_factor": 2.2622413227705,
    "hdri_file": "/data/IndoorHDRDataset2018/9C4A8735-21ad245f21.exr",
    "center_offset": [
        0.0,
        0.0,
        -2.7939677238464355e-09
    ],
    "lights": [],
    "frames": [
        {
            "file_path": "/data/shapenet_blender/all_50_random/02958343/5e5d7901f587c39726d36807b4d406ea/r_0",
            "rotation": 0.12566370614359174,
            "transform_matrix": [
                [
                    -0.7196665406227112,
                    -0.1846540868282318,
                    0.6693152189254761,
                    2.6980960369110107
                ],
                [
                    0.6943198442459106,
                    -0.19139502942562103,
                    0.6937491297721863,
                    2.7965922355651855
                ],
                [
                    -1.4901162970204496e-08,
                    0.9639868140220642,
                    0.2659496068954468,
                    1.0720771551132202
                ],
                [
                    0.0,
                    0.0,
                    0.0,
                    1.0
                ]
            ]
        },
        {
            "file_path": "/data/shapenet_blender/all_50_random/02958343/5e5d7901f587c39726d36807b4d406ea/r_1",
            "rotation": 0.12566370614359174,
            "transform_matrix": [
                [
                    -0.11552292853593826,
                    0.5613914728164673,
                    0.8194473385810852,
                    3.303297996520996
                ],
                [
                    0.9933048486709595,
                    0.06529072672128677,
                    0.09530302882194519,
                    0.3841787874698639
                ],
                [
                    -3.725290298461914e-09,
                    0.8249706625938416,
                    -0.565175473690033,
                    -2.2782952785491943
                ],
                [
                    0.0,
                    0.0,
                    0.0,
                    1.0
                ]
            ]
        },
        {
            "file_path": "/data/shapenet_blender/all_50_random/02958343/5e5d7901f587c39726d36807b4d406ea/r_2",
            "rotation": 0.12566370614359174,
            "transform_matrix": [
                [
                    0.7895011901855469,
                    0.14074578881263733,
                    -0.5973931550979614,
                    -2.4081687927246094
                ],
                [
                    -0.6137491464614868,
                    0.18104949593544006,
                    -0.7684615254402161,
                    -3.0977675914764404
                ],
                [
                    7.450581485102248e-09,
                    0.9733507037162781,
                    0.2293214052915573,
                    0.9244241714477539
                ],
                [
                    0.0,
                    0.0,
                    0.0,
                    1.0
                ]
            ]
        },
        {
            "file_path": "/data/shapenet_blender/all_50_random/02958343/5e5d7901f587c39726d36807b4d406ea/r_3",
            "rotation": 0.12566370614359174,
            "transform_matrix": [
                [
                    -0.34439191222190857,
                    0.8690102696418762,
                    0.3552679717540741,
                    1.432131052017212
                ],
                [
                    0.9388259649276733,
                    0.3187812268733978,
                    0.1303238421678543,
                    0.5253522396087646
                ],
                [
                    -7.450580596923828e-09,
                    0.3784172236919403,
                    -0.9256350994110107,
                    -3.7313544750213623
                ],
                [
                    0.0,
                    0.0,
                    0.0,
                    1.0
                ]
            ]
        },
        {
            "file_path": "/data/shapenet_blender/all_50_random/02958343/5e5d7901f587c39726d36807b4d406ea/r_4",
            "rotation": 0.12566370614359174,
            "transform_matrix": [
                [
                    -0.9249892830848694,
                    0.2991989850997925,
                    -0.2342534363269806,
                    -0.9443057775497437
                ],
                [
                    -0.3799930512905121,
                    -0.7283182144165039,
                    0.5702260136604309,
                    2.298654556274414
                ],
                [
                    1.4901161193847656e-08,
                    0.6164675354957581,
                    0.7873802185058594,
                    3.1740312576293945
                ],
                [
                    0.0,
                    0.0,
                    0.0,
                    1.0
                ]
            ]
        },
        {
            "file_path": "/data/shapenet_blender/all_50_random/02958343/5e5d7901f587c39726d36807b4d406ea/r_5",
            "rotation": 0.12566370614359174,
            "transform_matrix": [
                [
                    -0.13725242018699646,
                    -0.5822420716285706,
                    0.8013462424278259,
                    3.230330467224121
                ],
                [
                    0.990536093711853,
                    -0.08067765086889267,
                    0.11103755235671997,
                    0.44760674238204956
                ],
                [
                    0.0,
                    0.809002697467804,
                    0.587804913520813,
                    2.3695175647735596
                ],
                [
                    0.0,
                    0.0,
                    0.0,
                    1.0
                ]
            ]
        },
        {
            "file_path": "/data/shapenet_blender/all_50_random/02958343/5e5d7901f587c39726d36807b4d406ea/r_6",
            "rotation": 0.12566370614359174,
            "transform_matrix": [
                [
                    -0.9998284578323364,
                    -0.0056757740676403046,
                    0.017637403681874275,
                    0.07109865546226501
                ],
                [
                    0.018528155982494354,
                    -0.3062798082828522,
                    0.9517611265182495,
                    3.836672067642212
                ],
                [
                    -4.656613428188905e-10,
                    0.9519246220588684,
                    0.3063323497772217,
                    1.2348653078079224
                ],
                [
                    0.0,
                    0.0,
                    0.0,
                    1.0
                ]
            ]
        },
        {
            "file_path": "/data/shapenet_blender/all_50_random/02958343/5e5d7901f587c39726d36807b4d406ea/r_7",
            "rotation": 0.12566370614359174,
            "transform_matrix": [
                [
                    -0.8648069500923157,
                    0.017338374629616737,
                    -0.5018051266670227,
                    -2.022840976715088
                ],
                [
                    -0.5021045207977295,
                    -0.02986299805343151,
                    0.864291250705719,
                    3.4840691089630127
                ],
                [
                    0.0,
                    0.9994034767150879,
                    0.03453140705823898,
                    0.13920053839683533
                ],
                [
                    0.0,
                    0.0,
                    0.0,
                    1.0
                ]
            ]
        },
        {
            "file_path": "/data/shapenet_blender/all_50_random/02958343/5e5d7901f587c39726d36807b4d406ea/r_8",
            "rotation": 0.12566370614359174,
            "transform_matrix": [
                [
                    -0.9990683794021606,
                    -0.00731505686417222,
                    0.042530663311481476,
                    0.17144659161567688
                ],
                [
                    0.04315515235066414,
                    -0.16934806108474731,
                    0.9846110343933105,
                    3.9690940380096436
                ],
                [
                    0.0,
                    0.9855291843414307,
                    0.16950596868991852,
                    0.6833004355430603
                ],
                [
                    0.0,
                    0.0,
                    0.0,
                    1.0
                ]
            ]
        },
        {
            "file_path": "/data/shapenet_blender/all_50_random/02958343/5e5d7901f587c39726d36807b4d406ea/r_9",
            "rotation": 0.12566370614359174,
            "transform_matrix": [
                [
                    0.412521630525589,
                    -0.5323963165283203,
                    -0.7391752600669861,
                    -2.979710817337036
                ],
                [
                    -0.910947859287262,
                    -0.24109502136707306,
                    -0.33473461866378784,
                    -1.3493584394454956
                ],
                [
                    0.0,
                    0.8114352822303772,
                    -0.5844421982765198,
                    -2.355961799621582
                ],
                [
                    0.0,
                    0.0,
                    0.0,
                    1.0
                ]
            ]
        },
        {
            "file_path": "/data/shapenet_blender/all_50_random/02958343/5e5d7901f587c39726d36807b4d406ea/r_10",
            "rotation": 0.12566370614359174,
            "transform_matrix": [
                [
                    0.997189998626709,
                    -0.01715949736535549,
                    -0.07292278110980988,
                    -0.29396113753318787
                ],
                [
                    -0.07491448521614075,
                    -0.22841082513332367,
                    -0.9706782698631287,
                    -3.9129292964935303
                ],
                [
                    -1.862645149230957e-09,
                    0.9734135866165161,
                    -0.22905448079109192,
                    -0.9233481287956238
                ],
                [
                    0.0,
                    0.0,
                    0.0,
                    1.0
                ]
            ]
        },
        {
            "file_path": "/data/shapenet_blender/all_50_random/02958343/5e5d7901f587c39726d36807b4d406ea/r_11",
            "rotation": 0.12566370614359174,
            "transform_matrix": [
                [
                    0.3455580174922943,
                    -0.5088039040565491,
                    -0.7884847521781921,
                    -3.178483724594116
                ],
                [
                    -0.9383974671363831,
                    -0.18736334145069122,
                    -0.29035377502441406,
                    -1.1704535484313965
                ],
                [
                    0.0,
                    0.8402461409568787,
                    -0.5422051548957825,
                    -2.185698986053467
                ],
                [
                    0.0,
                    0.0,
                    0.0,
                    1.0
                ]
            ]
        },
        {
            "file_path": "/data/shapenet_blender/all_50_random/02958343/5e5d7901f587c39726d36807b4d406ea/r_12",
            "rotation": 0.12566370614359174,
            "transform_matrix": [
                [
                    -0.9999984502792358,
                    0.001746710971929133,
                    -0.00036226664087735116,
                    -0.001460343599319458
                ],
                [
                    -0.001783882500603795,
                    -0.9791610240936279,
                    0.2030773162841797,
                    0.8186309337615967
                ],
                [
                    0.0,
                    0.2030775249004364,
                    0.9791625142097473,
                    3.9471306800842285
                ],
                [
                    0.0,
                    0.0,
                    0.0,
                    1.0
                ]
            ]
        },
        {
            "file_path": "/data/shapenet_blender/all_50_random/02958343/5e5d7901f587c39726d36807b4d406ea/r_13",
            "rotation": 0.12566370614359174,
            "transform_matrix": [
                [
                    -0.9963003396987915,
                    -0.022788330912590027,
                    0.08286338299512863,
                    0.3340330123901367
                ],
                [
                    0.08593980967998505,
                    -0.2641851603984833,
                    0.9606354236602783,
                    3.872445583343506
                ],
                [
                    -1.862645149230957e-09,
                    0.9642027616500854,
                    0.26516613364219666,
                    1.0689189434051514
                ],
                [
                    0.0,
                    0.0,
                    0.0,
                    1.0
                ]
            ]
        },
        {
            "file_path": "/data/shapenet_blender/all_50_random/02958343/5e5d7901f587c39726d36807b4d406ea/r_14",
            "rotation": 0.12566370614359174,
            "transform_matrix": [
                [
                    0.5327870845794678,
                    0.43426933884620667,
                    0.7263250350952148,
                    2.9279098510742188
                ],
                [
                    0.8462494015693665,
                    -0.27341002225875854,
                    -0.4572843313217163,
                    -1.843372106552124
                ],
                [
                    -1.4901161193847656e-08,
                    0.8582872748374939,
                    -0.5131694078445435,
                    -2.0686521530151367
                ],
                [
                    0.0,
                    0.0,
                    0.0,
                    1.0
                ]
            ]
        },
        {
            "file_path": "/data/shapenet_blender/all_50_random/02958343/5e5d7901f587c39726d36807b4d406ea/r_15",
            "rotation": 0.12566370614359174,
            "transform_matrix": [
                [
                    0.08728349953889847,
                    -0.4394301772117615,
                    0.8940261006355286,
                    3.6039345264434814
                ],
                [
                    0.9961835145950317,
                    0.03850194439291954,
                    -0.07833268493413925,
                    -0.31576916575431824
                ],
                [
                    3.725290298461914e-09,
                    0.8974512219429016,
                    0.4411136209964752,
                    1.7781858444213867
                ],
                [
                    0.0,
                    0.0,
                    0.0,
                    1.0
                ]
            ]
        },
        {
            "file_path": "/data/shapenet_blender/all_50_random/02958343/5e5d7901f587c39726d36807b4d406ea/r_16",
            "rotation": 0.12566370614359174,
            "transform_matrix": [
                [
                    -0.6224520206451416,
                    0.130059614777565,
                    0.7717759013175964,
                    3.111128091812134
                ],
                [
                    0.7826579809188843,
                    0.10343710333108902,
                    0.6137974262237549,
                    2.4742965698242188
                ],
                [
                    -7.450580596923828e-09,
                    0.9860959649085999,
                    -0.16617682576179504,
                    -0.669880211353302
                ],
                [
                    0.0,
                    0.0,
                    0.0,
                    1.0
                ]
            ]
        },
        {
            "file_path": "/data/shapenet_blender/all_50_random/02958343/5e5d7901f587c39726d36807b4d406ea/r_17",
            "rotation": 0.12566370614359174,
            "transform_matrix": [
                [
                    0.2903299927711487,
                    0.12870322167873383,
                    -0.948232114315033,
                    -3.8224453926086426
                ],
                [
                    -0.9569266438484192,
                    0.03904835134744644,
                    -0.2876920998096466,
                    -1.1597237586975098
                ],
                [
                    0.0,
                    0.9909140467643738,
                    0.13449645042419434,
                    0.5421724915504456
                ],
                [
                    0.0,
                    0.0,
                    0.0,
                    1.0
                ]
            ]
        },
        {
            "file_path": "/data/shapenet_blender/all_50_random/02958343/5e5d7901f587c39726d36807b4d406ea/r_18",
            "rotation": 0.12566370614359174,
            "transform_matrix": [
                [
                    -0.9225931763648987,
                    0.37597429752349854,
                    0.08640105277299881,
                    0.3482937812805176
                ],
                [
                    0.38577431440353394,
                    0.8991560935974121,
                    0.20663124322891235,
                    0.8329571485519409
                ],
                [
                    7.4505797087454084e-09,
                    0.22396810352802277,
                    -0.9745965600013733,
                    -3.9287240505218506
                ],
                [
                    0.0,
                    0.0,
                    0.0,
                    1.0
                ]
            ]
        },
        {
            "file_path": "/data/shapenet_blender/all_50_random/02958343/5e5d7901f587c39726d36807b4d406ea/r_19",
            "rotation": 0.12566370614359174,
            "transform_matrix": [
                [
                    -0.3770078718662262,
                    -0.00228439224883914,
                    0.9262071251869202,
                    3.7336606979370117
                ],
                [
                    0.9262100458145142,
                    -0.0009298473596572876,
                    0.3770067095756531,
                    1.5197627544403076
                ],
                [
                    0.0,
                    0.9999970197677612,
                    0.00246638641692698,
                    0.009942322969436646
                ],
                [
                    0.0,
                    0.0,
                    0.0,
                    1.0
                ]
            ]
        },
        {
            "file_path": "/data/shapenet_blender/all_50_random/02958343/5e5d7901f587c39726d36807b4d406ea/r_20",
            "rotation": 0.12566370614359174,
            "transform_matrix": [
                [
                    -0.997622013092041,
                    0.011821506544947624,
                    0.0679013729095459,
                    0.2737192213535309
                ],
                [
                    0.0689227506518364,
                    0.17111031711101532,
                    0.9828380942344666,
                    3.961947441101074
                ],
                [
                    9.313225746154785e-10,
                    0.9851809740066528,
                    -0.17151817679405212,
                    -0.6914119720458984
                ],
                [
                    0.0,
                    0.0,
                    0.0,
                    1.0
                ]
            ]
        },
        {
            "file_path": "/data/shapenet_blender/all_50_random/02958343/5e5d7901f587c39726d36807b4d406ea/r_21",
            "rotation": 0.12566370614359174,
            "transform_matrix": [
                [
                    0.0037288544699549675,
                    0.06678787618875504,
                    -0.9977601766586304,
                    -4.02209997177124
                ],
                [
                    -0.999993085861206,
                    0.0002490439801476896,
                    -0.0037205282133072615,
                    -0.014997929334640503
                ],
                [
                    0.0,
                    0.9977670907974243,
                    0.06678834557533264,
                    0.2692324221134186
                ],
                [
                    0.0,
                    0.0,
                    0.0,
                    1.0
                ]
            ]
        },
        {
            "file_path": "/data/shapenet_blender/all_50_random/02958343/5e5d7901f587c39726d36807b4d406ea/r_22",
            "rotation": 0.12566370614359174,
            "transform_matrix": [
                [
                    -0.10140173882246017,
                    0.344754159450531,
                    0.933199942111969,
                    3.7618494033813477
                ],
                [
                    0.9948455691337585,
                    0.035139795392751694,
                    0.09511838108301163,
                    0.3834344446659088
                ],
                [
                    0.0,
                    0.9380350708961487,
                    -0.3465403616428375,
                    -1.3969489336013794
                ],
                [
                    0.0,
                    0.0,
                    0.0,
                    1.0
                ]
            ]
        },
        {
            "file_path": "/data/shapenet_blender/all_50_random/02958343/5e5d7901f587c39726d36807b4d406ea/r_23",
            "rotation": 0.12566370614359174,
            "transform_matrix": [
                [
                    0.6424393653869629,
                    -0.03169846162199974,
                    -0.7656806707382202,
                    -3.086557388305664
                ],
                [
                    -0.7663366198539734,
                    -0.02657362073659897,
                    -0.6418894529342651,
                    -2.5875391960144043
                ],
                [
                    0.0,
                    0.9991441965103149,
                    -0.04136361926794052,
                    -0.16674207150936127
                ],
                [
                    0.0,
                    0.0,
                    0.0,
                    1.0
                ]
            ]
        },
        {
            "file_path": "/data/shapenet_blender/all_50_random/02958343/5e5d7901f587c39726d36807b4d406ea/r_24",
            "rotation": 0.12566370614359174,
            "transform_matrix": [
                [
                    0.8622907996177673,
                    0.4998362064361572,
                    0.08135305345058441,
                    0.3279446065425873
                ],
                [
                    0.506413459777832,
                    -0.8510914444923401,
                    -0.1385231614112854,
                    -0.5584046840667725
                ],
                [
                    0.0,
                    0.1606457680463791,
                    -0.9870122671127319,
                    -3.9787731170654297
                ],
                [
                    0.0,
                    0.0,
                    0.0,
                    1.0
                ]
            ]
        },
        {
            "file_path": "/data/shapenet_blender/all_50_random/02958343/5e5d7901f587c39726d36807b4d406ea/r_25",
            "rotation": 0.12566370614359174,
            "transform_matrix": [
                [
                    0.9792184829711914,
                    0.012986592948436737,
                    0.20239202678203583,
                    0.8158683776855469
                ],
                [
                    0.2028082311153412,
                    -0.06270313262939453,
                    -0.9772088527679443,
                    -3.9392549991607666
                ],
                [
                    0.0,
                    0.9979477524757385,
                    -0.06403385102748871,
                    -0.25812870264053345
                ],
                [
                    0.0,
                    0.0,
                    0.0,
                    1.0
                ]
            ]
        },
        {
            "file_path": "/data/shapenet_blender/all_50_random/02958343/5e5d7901f587c39726d36807b4d406ea/r_26",
            "rotation": 0.12566370614359174,
            "transform_matrix": [
                [
                    0.9996021389961243,
                    -0.01756501942873001,
                    0.022067755460739136,
                    0.08895796537399292
                ],
                [
                    0.028204888105392456,
                    0.6225172877311707,
                    -0.7820976376533508,
                    -3.1527364253997803
                ],
                [
                    9.313225746154785e-10,
                    0.7824088931083679,
                    0.622765064239502,
                    2.510446310043335
                ],
                [
                    0.0,
                    0.0,
                    0.0,
                    1.0
                ]
            ]
        },
        {
            "file_path": "/data/shapenet_blender/all_50_random/02958343/5e5d7901f587c39726d36807b4d406ea/r_27",
            "rotation": 0.12566370614359174,
            "transform_matrix": [
                [
                    -0.8432506918907166,
                    -0.45331087708473206,
                    0.2888556718826294,
                    1.164414405822754
                ],
                [
                    0.5375205874443054,
                    -0.7111443281173706,
                    0.45315057039260864,
                    1.826708436012268
                ],
                [
                    0.0,
                    0.5373852849006653,
                    0.8433367609977722,
                    3.399599313735962
                ],
                [
                    0.0,
                    0.0,
                    0.0,
                    1.0
                ]
            ]
        },
        {
            "file_path": "/data/shapenet_blender/all_50_random/02958343/5e5d7901f587c39726d36807b4d406ea/r_28",
            "rotation": 0.12566370614359174,
            "transform_matrix": [
                [
                    -0.9993221759796143,
                    0.025694243609905243,
                    -0.026363514363765717,
                    -0.10627472400665283
                ],
                [
                    -0.036813437938690186,
                    -0.6974852085113525,
                    0.7156529426574707,
                    2.8848891258239746
                ],
                [
                    0.0,
                    0.7161383628845215,
                    0.6979582905769348,
                    2.8135597705841064
                ],
                [
                    0.0,
                    0.0,
                    0.0,
                    1.0
                ]
            ]
        },
        {
            "file_path": "/data/shapenet_blender/all_50_random/02958343/5e5d7901f587c39726d36807b4d406ea/r_29",
            "rotation": 0.12566370614359174,
            "transform_matrix": [
                [
                    -0.9985091090202332,
                    0.00039684909279458225,
                    0.054584309458732605,
                    0.22003638744354248
                ],
                [
                    0.05458575114607811,
                    0.007259356789290905,
                    0.9984827041625977,
                    4.025012493133545
                ],
                [
                    0.0,
                    0.9999735355377197,
                    -0.007270195987075567,
                    -0.02930709719657898
                ],
                [
                    0.0,
                    0.0,
                    0.0,
                    1.0
                ]
            ]
        },
        {
            "file_path": "/data/shapenet_blender/all_50_random/02958343/5e5d7901f587c39726d36807b4d406ea/r_30",
            "rotation": 0.12566370614359174,
            "transform_matrix": [
                [
                    -0.014079592190682888,
                    -0.22794458270072937,
                    -0.9735721945762634,
                    -3.924595355987549
                ],
                [
                    -0.9999008774757385,
                    0.0032096849754452705,
                    0.01370885781943798,
                    0.05526217818260193
                ],
                [
                    2.3283067140944524e-10,
                    0.9736687541007996,
                    -0.22796717286109924,
                    -0.9189651012420654
                ],
                [
                    0.0,
                    0.0,
                    0.0,
                    1.0
                ]
            ]
        },
        {
            "file_path": "/data/shapenet_blender/all_50_random/02958343/5e5d7901f587c39726d36807b4d406ea/r_31",
            "rotation": 0.12566370614359174,
            "transform_matrix": [
                [
                    0.12119343876838684,
                    -0.7689021229743958,
                    0.6277750730514526,
                    2.530642509460449
                ],
                [
                    0.9926289319992065,
                    0.093877874314785,
                    -0.07664719223976135,
                    -0.3089747428894043
                ],
                [
                    -3.725290742551124e-09,
                    0.6324368715286255,
                    0.77461177110672,
                    3.1225602626800537
                ],
                [
                    0.0,
                    0.0,
                    0.0,
                    1.0
                ]
            ]
        },
        {
            "file_path": "/data/shapenet_blender/all_50_random/02958343/5e5d7901f587c39726d36807b4d406ea/r_32",
            "rotation": 0.12566370614359174,
            "transform_matrix": [
                [
                    -0.645134449005127,
                    0.549453616142273,
                    -0.5309446454048157,
                    -2.1403064727783203
                ],
                [
                    -0.7640691995620728,
                    -0.46392589807510376,
                    0.44829803705215454,
                    1.8071472644805908
                ],
                [
                    0.0,
                    0.6948909163475037,
                    0.7191150784492493,
                    2.898845911026001
                ],
                [
                    0.0,
                    0.0,
                    0.0,
                    1.0
                ]
            ]
        },
        {
            "file_path": "/data/shapenet_blender/all_50_random/02958343/5e5d7901f587c39726d36807b4d406ea/r_33",
            "rotation": 0.12566370614359174,
            "transform_matrix": [
                [
                    -0.13194850087165833,
                    0.6766438484191895,
                    0.7243911623954773,
                    2.920114517211914
                ],
                [
                    0.9912566542625427,
                    0.09006965160369873,
                    0.09642540663480759,
                    0.38870328664779663
                ],
                [
                    0.0,
                    0.7307807803153992,
                    -0.6826121211051941,
                    -2.7516977787017822
                ],
                [
                    0.0,
                    0.0,
                    0.0,
                    1.0
                ]
            ]
        },
        {
            "file_path": "/data/shapenet_blender/all_50_random/02958343/5e5d7901f587c39726d36807b4d406ea/r_34",
            "rotation": 0.12566370614359174,
            "transform_matrix": [
                [
                    0.06940796971321106,
                    0.9374592900276184,
                    -0.34110498428344727,
                    -1.3750380277633667
                ],
                [
                    -0.9975883364677429,
                    0.06522444635629654,
                    -0.023732637986540794,
                    -0.09566931426525116
                ],
                [
                    1.8626450382086546e-09,
                    0.34192955493927,
                    0.9397256374359131,
                    3.7881548404693604
                ],
                [
                    0.0,
                    0.0,
                    0.0,
                    1.0
                ]
            ]
        },
        {
            "file_path": "/data/shapenet_blender/all_50_random/02958343/5e5d7901f587c39726d36807b4d406ea/r_35",
            "rotation": 0.12566370614359174,
            "transform_matrix": [
                [
                    -0.18467512726783752,
                    -0.7985655069351196,
                    -0.5728771090507507,
                    -2.3093414306640625
                ],
                [
                    -0.9827996492385864,
                    0.15005621314048767,
                    0.10764773190021515,
                    0.43394190073013306
                ],
                [
                    7.450580596923828e-09,
                    0.582903265953064,
                    -0.8125415444374084,
                    -3.2754597663879395
                ],
                [
                    0.0,
                    0.0,
                    0.0,
                    1.0
                ]
            ]
        },
        {
            "file_path": "/data/shapenet_blender/all_50_random/02958343/5e5d7901f587c39726d36807b4d406ea/r_36",
            "rotation": 0.12566370614359174,
            "transform_matrix": [
                [
                    0.8966962695121765,
                    0.11883671581745148,
                    0.42639613151550293,
                    1.718857765197754
                ],
                [
                    0.44264641404151917,
                    -0.24073491990566254,
                    -0.8637771010398865,
                    -3.481996774673462
                ],
                [
                    0.0,
                    0.963288426399231,
                    -0.2684687376022339,
                    -1.082232117652893
                ],
                [
                    0.0,
                    0.0,
                    0.0,
                    1.0
                ]
            ]
        },
        {
            "file_path": "/data/shapenet_blender/all_50_random/02958343/5e5d7901f587c39726d36807b4d406ea/r_37",
            "rotation": 0.12566370614359174,
            "transform_matrix": [
                [
                    -0.6691875457763672,
                    -0.4973095953464508,
                    0.5521513819694519,
                    2.2257936000823975
                ],
                [
                    0.7430934906005859,
                    -0.4478485882282257,
                    0.4972359836101532,
                    2.004422426223755
                ],
                [
                    0.0,
                    0.7430441975593567,
                    0.6692422032356262,
                    2.6978018283843994
                ],
                [
                    0.0,
                    0.0,
                    0.0,
                    1.0
                ]
            ]
        },
        {
            "file_path": "/data/shapenet_blender/all_50_random/02958343/5e5d7901f587c39726d36807b4d406ea/r_38",
            "rotation": 0.12566370614359174,
            "transform_matrix": [
                [
                    -0.9289341568946838,
                    0.15640972554683685,
                    0.3355850577354431,
                    1.352786660194397
                ],
                [
                    0.37024495005607605,
                    0.39242759346961975,
                    0.8419733643531799,
                    3.3941032886505127
                ],
                [
                    0.0,
                    0.9063863754272461,
                    -0.42244935035705566,
                    -1.7029478549957275
                ],
                [
                    0.0,
                    0.0,
                    0.0,
                    1.0
                ]
            ]
        },
        {
            "file_path": "/data/shapenet_blender/all_50_random/02958343/5e5d7901f587c39726d36807b4d406ea/r_39",
            "rotation": 0.12566370614359174,
            "transform_matrix": [
                [
                    -0.06211095675826073,
                    -0.8012573719024658,
                    -0.5950872302055359,
                    -2.3988735675811768
                ],
                [
                    -0.9980692267417908,
                    0.049863141030073166,
                    0.03703294321894646,
                    0.14928458631038666
                ],
                [
                    -1.8626450382086546e-09,
                    0.5962384939193726,
                    -0.8028072714805603,
                    -3.236219882965088
                ],
                [
                    0.0,
                    0.0,
                    0.0,
                    1.0
                ]
            ]
        },
        {
            "file_path": "/data/shapenet_blender/all_50_random/02958343/5e5d7901f587c39726d36807b4d406ea/r_40",
            "rotation": 0.12566370614359174,
            "transform_matrix": [
                [
                    0.9977898001670837,
                    -0.003550723660737276,
                    0.06635412573814392,
                    0.26748204231262207
                ],
                [
                    0.06644906103610992,
                    0.05331717059016228,
                    -0.9963642954826355,
                    -4.016472816467285
                ],
                [
                    0.0,
                    0.9985713362693787,
                    0.05343526974320412,
                    0.2154044508934021
                ],
                [
                    0.0,
                    0.0,
                    0.0,
                    1.0
                ]
            ]
        },
        {
            "file_path": "/data/shapenet_blender/all_50_random/02958343/5e5d7901f587c39726d36807b4d406ea/r_41",
            "rotation": 0.12566370614359174,
            "transform_matrix": [
                [
                    -0.00512639619410038,
                    0.4416874945163727,
                    -0.8971542716026306,
                    -3.616544485092163
                ],
                [
                    -0.9999868273735046,
                    -0.002264295006170869,
                    0.0045992289669811726,
                    0.01854008436203003
                ],
                [
