{
    "class": "02958343",
    "model": "8bb2ae81ca9e9a4ed14ae991e75ee782",
    "remove_doubles": true,
    "edge_split": true,
    "denoise": true,
    "camera_angle_x": 0.6911112070083618,
    "scale_factor": 2.3239222182429495,
    "hdri_file": "/data/IndoorHDRDataset2018/9C4A3184-e348b8981f.exr",
    "center_offset": [
        0.0,
        -1.3969838619232178e-09,
        0.0
    ],
    "lights": [],
    "frames": [
        {
            "file_path": "/data/shapenet_blender/all_50_random/02958343/8bb2ae81ca9e9a4ed14ae991e75ee782/r_0",
            "rotation": 0.12566370614359174,
            "transform_matrix": [
                [
                    -0.5717064142227173,
                    0.0029805589001625776,
                    0.8204529285430908,
                    3.3073511123657227
                ],
                [
                    0.8204582333564758,
                    0.0020768940448760986,
                    0.5717027187347412,
                    2.3046071529388428
                ],
                [
                    -1.164152871324653e-10,
                    0.9999935030937195,
                    -0.0036327980924397707,
                    -0.014644275419414043
                ],
                [
                    0.0,
                    0.0,
                    0.0,
                    1.0
                ]
            ]
        },
        {
            "file_path": "/data/shapenet_blender/all_50_random/02958343/8bb2ae81ca9e9a4ed14ae991e75ee782/r_1",
            "rotation": 0.12566370614359174,
            "transform_matrix": [
                [
                    -0.3447616696357727,
                    0.7162444591522217,
                    -0.60673987865448,
                    -2.4458465576171875
                ],
                [
                    -0.9386902451515198,
                    -0.26306188106536865,
                    0.22284312546253204,
                    0.8983093500137329
                ],
                [
                    1.4901158529312397e-08,
                    0.646368682384491,
                    0.7630253434181213,
                    3.0758533477783203
                ],
                [
                    0.0,
                    0.0,
                    0.0,
                    1.0
                ]
            ]
        },
        {
            "file_path": "/data/shapenet_blender/all_50_random/02958343/8bb2ae81ca9e9a4ed14ae991e75ee782/r_2",
            "rotation": 0.12566370614359174,
            "transform_matrix": [
                [
                    -0.7223322987556458,
                    0.10469329357147217,
                    0.6835755109786987,
                    2.7555809020996094
                ],
                [
                    0.6915462613105774,
                    0.10935400426387787,
                    0.7140067219734192,
                    2.8782529830932617
                ],
                [
                    -7.450580596923828e-09,
                    0.9884740710258484,
                    -0.1513901650905609,
                    -0.6102732419967651
                ],
                [
                    0.0,
                    0.0,
                    0.0,
                    1.0
                ]
            ]
        },
        {
            "file_path": "/data/shapenet_blender/all_50_random/02958343/8bb2ae81ca9e9a4ed14ae991e75ee782/r_3",
            "rotation": 0.12566370614359174,
            "transform_matrix": [
                [
                    -0.7826281785964966,
                    0.05640256404876709,
                    0.6199290752410889,
                    2.499014139175415
                ],
                [
                    0.6224896311759949,
                    0.07091239839792252,
                    0.7794088125228882,
                    3.141897439956665
                ],
                [
                    0.0,
                    0.9958866238594055,
                    -0.09060804545879364,
                    -0.36525270342826843
                ],
                [
                    0.0,
                    0.0,
                    0.0,
                    1.0
                ]
            ]
        },
        {
            "file_path": "/data/shapenet_blender/all_50_random/02958343/8bb2ae81ca9e9a4ed14ae991e75ee782/r_4",
            "rotation": 0.12566370614359174,
            "transform_matrix": [
                [
                    -0.449013888835907,
                    -0.4569481611251831,
                    0.7678443789482117,
                    3.0952796936035156
                ],
                [
                    0.8935248851776123,
                    -0.22962546348571777,
                    0.385856956243515,
                    1.5554391145706177
                ],
                [
                    0.0,
                    0.8593430519104004,
                    0.511399507522583,
                    2.0615172386169434
                ],
                [
                    0.0,
                    0.0,
                    0.0,
                    1.0
                ]
            ]
        },
        {
            "file_path": "/data/shapenet_blender/all_50_random/02958343/8bb2ae81ca9e9a4ed14ae991e75ee782/r_5",
            "rotation": 0.12566370614359174,
            "transform_matrix": [
                [
                    -0.017095867544412613,
                    -0.07779885083436966,
                    -0.9968224763870239,
                    -4.018319606781006
                ],
                [
                    -0.9998538494110107,
                    0.0013302334118634462,
                    0.017044037580490112,
                    0.06870671361684799
                ],
                [
                    -1.1641531488804091e-10,
                    0.9969680905342102,
                    -0.07781022787094116,
                    -0.3136630654335022
                ],
                [
                    0.0,
                    0.0,
                    0.0,
                    1.0
                ]
            ]
        },
        {
            "file_path": "/data/shapenet_blender/all_50_random/02958343/8bb2ae81ca9e9a4ed14ae991e75ee782/r_6",
            "rotation": 0.12566370614359174,
            "transform_matrix": [
                [
                    -0.9224912524223328,
                    0.22524477541446686,
                    0.31348806619644165,
                    1.263710856437683
                ],
                [
                    0.38601812720298767,
                    0.538281261920929,
                    0.7491617202758789,
                    3.019967555999756
                ],
                [
                    0.0,
                    0.8121071457862854,
                    -0.583508312702179,
                    -2.3521971702575684
                ],
                [
                    0.0,
                    0.0,
                    0.0,
                    1.0
                ]
            ]
        },
        {
            "file_path": "/data/shapenet_blender/all_50_random/02958343/8bb2ae81ca9e9a4ed14ae991e75ee782/r_7",
            "rotation": 0.12566370614359174,
            "transform_matrix": [
                [
                    -0.7360743284225464,
                    0.49638596177101135,
                    -0.4602125585079193,
                    -1.8551762104034424
                ],
                [
                    -0.6769007444381714,
                    -0.5397791862487793,
                    0.5004435777664185,
                    2.01735258102417
                ],
                [
                    -1.4901161193847656e-08,
                    0.6798818111419678,
                    0.7333216071128845,
                    2.9561140537261963
                ],
                [
                    0.0,
                    0.0,
                    0.0,
                    1.0
                ]
            ]
        },
        {
            "file_path": "/data/shapenet_blender/all_50_random/02958343/8bb2ae81ca9e9a4ed14ae991e75ee782/r_8",
            "rotation": 0.12566370614359174,
            "transform_matrix": [
                [
                    0.3737603724002838,
                    0.49599167704582214,
                    -0.7837700247764587,
                    -3.159477949142456
                ],
                [
                    -0.9275254011154175,
                    0.1998673379421234,
                    -0.3158319890499115,
                    -1.2731595039367676
                ],
                [
                    -1.4901162970204496e-08,
                    0.8450120091438293,
                    0.534747302532196,
                    2.155635356903076
                ],
                [
                    0.0,
                    0.0,
                    0.0,
                    1.0
                ]
            ]
        },
        {
            "file_path": "/data/shapenet_blender/all_50_random/02958343/8bb2ae81ca9e9a4ed14ae991e75ee782/r_9",
            "rotation": 0.12566370614359174,
            "transform_matrix": [
                [
                    -0.7831523418426514,
                    0.09845298528671265,
                    0.613986611366272,
                    2.4750590324401855
                ],
                [
                    0.6218299865722656,
                    0.12399480491876602,
                    0.7732741832733154,
                    3.1171674728393555
                ],
                [
                    0.0,
                    0.9873865246772766,
                    -0.1583278626203537,
                    -0.6382399797439575
                ],
                [
                    0.0,
                    0.0,
                    0.0,
                    1.0
                ]
            ]
        },
        {
            "file_path": "/data/shapenet_blender/all_50_random/02958343/8bb2ae81ca9e9a4ed14ae991e75ee782/r_10",
            "rotation": 0.12566370614359174,
            "transform_matrix": [
                [
                    0.8523121476173401,
                    0.18793785572052002,
                    -0.488101989030838,
                    -1.967602014541626
                ],
                [
                    -0.5230336785316467,
                    0.3062550723552704,
                    -0.7953889966011047,
                    -3.206315517425537
                ],
                [
                    1.4901162970204496e-08,
                    0.9332132935523987,
                    0.359322726726532,
                    1.4484761953353882
                ],
                [
                    0.0,
                    0.0,
                    0.0,
                    1.0
                ]
            ]
        },
        {
            "file_path": "/data/shapenet_blender/all_50_random/02958343/8bb2ae81ca9e9a4ed14ae991e75ee782/r_11",
            "rotation": 0.12566370614359174,
            "transform_matrix": [
                [
                    0.4221399426460266,
                    0.7428278923034668,
                    0.5196197628974915,
                    2.0946543216705322
                ],
                [
                    0.9065307378768921,
                    -0.3459092080593109,
                    -0.24196891486644745,
                    -0.9754078984260559
                ],
                [
                    0.0,
                    0.5731959342956543,
                    -0.8194183111190796,
                    -3.3031809329986572
                ],
                [
                    0.0,
                    0.0,
                    0.0,
                    1.0
                ]
            ]
        },
        {
            "file_path": "/data/shapenet_blender/all_50_random/02958343/8bb2ae81ca9e9a4ed14ae991e75ee782/r_12",
            "rotation": 0.12566370614359174,
            "transform_matrix": [
                [
                    -0.9574383497238159,
                    -0.20935599505901337,
                    0.1987009346485138,
                    0.8009891510009766
                ],
                [
                    0.2886382043361664,
                    -0.6944522261619568,
                    0.6591084599494934,
                    2.656951427459717
                ],
                [
                    0.0,
                    0.6884083151817322,
                    0.7253232002258301,
                    2.9238715171813965
                ],
                [
                    0.0,
                    0.0,
                    0.0,
                    1.0
                ]
            ]
        },
        {
            "file_path": "/data/shapenet_blender/all_50_random/02958343/8bb2ae81ca9e9a4ed14ae991e75ee782/r_13",
            "rotation": 0.12566370614359174,
            "transform_matrix": [
                [
                    0.7696638107299805,
                    0.12501567602157593,
                    0.6260901093482971,
                    2.5238499641418457
                ],
                [
                    0.638449490070343,
                    -0.15070891380310059,
                    -0.7547643184661865,
                    -3.0425522327423096
                ],
                [
                    -1.4901161193847656e-08,
                    0.9806414842605591,
                    -0.1958114206790924,
                    -0.7893410921096802
                ],
                [
                    0.0,
                    0.0,
                    0.0,
                    1.0
                ]
            ]
        },
        {
            "file_path": "/data/shapenet_blender/all_50_random/02958343/8bb2ae81ca9e9a4ed14ae991e75ee782/r_14",
            "rotation": 0.12566370614359174,
            "transform_matrix": [
                [
                    -0.11781540513038635,
                    -0.0006249420694075525,
                    0.9930353760719299,
                    4.003053188323975
                ],
                [
                    0.9930354952812195,
                    -7.414418359985575e-05,
                    0.11781539767980576,
                    0.47492900490760803
                ],
                [
                    -7.275956746821688e-12,
                    0.9999997615814209,
                    0.0006293250480666757,
                    0.002536890096962452
                ],
                [
                    0.0,
                    0.0,
                    0.0,
                    1.0
                ]
            ]
        },
        {
            "file_path": "/data/shapenet_blender/all_50_random/02958343/8bb2ae81ca9e9a4ed14ae991e75ee782/r_15",
            "rotation": 0.12566370614359174,
            "transform_matrix": [
                [
                    0.8359174728393555,
                    0.21148648858070374,
                    0.5064735412597656,
                    2.0416598320007324
                ],
                [
                    0.5488551259040833,
                    -0.3220981955528259,
                    -0.771369457244873,
                    -3.1094894409179688
                ],
                [
                    0.0,
                    0.9227815866470337,
                    -0.38532304763793945,
                    -1.5532866716384888
                ],
                [
                    0.0,
                    0.0,
                    0.0,
                    1.0
                ]
            ]
        },
        {
            "file_path": "/data/shapenet_blender/all_50_random/02958343/8bb2ae81ca9e9a4ed14ae991e75ee782/r_16",
            "rotation": 0.12566370614359174,
            "transform_matrix": [
                [
                    -0.025695795193314552,
                    -0.15113334357738495,
                    0.9881793260574341,
                    3.983478307723999
                ],
                [
                    0.9996698498725891,
                    -0.0038847741670906544,
                    0.025400441139936447,
                    0.10239244997501373
                ],
                [
                    -2.3283064365386963e-10,
                    0.9885057210922241,
                    0.15118326246738434,
                    0.6094392538070679
                ],
                [
                    0.0,
                    0.0,
                    0.0,
                    1.0
                ]
            ]
        },
        {
            "file_path": "/data/shapenet_blender/all_50_random/02958343/8bb2ae81ca9e9a4ed14ae991e75ee782/r_17",
            "rotation": 0.12566370614359174,
            "transform_matrix": [
                [
                    0.8213772773742676,
                    0.009815039113163948,
                    -0.570300817489624,
                    -2.2989559173583984
                ],
                [
                    -0.5703852772712708,
                    0.014134044758975506,
                    -0.8212557435035706,
                    -3.3105874061584473
                ],
                [
                    -9.313224635931761e-10,
                    0.9998519420623779,
                    0.017207738012075424,
                    0.06936660408973694
                ],
                [
                    0.0,
                    0.0,
                    0.0,
                    1.0
                ]
            ]
        },
        {
            "file_path": "/data/shapenet_blender/all_50_random/02958343/8bb2ae81ca9e9a4ed14ae991e75ee782/r_18",
            "rotation": 0.12566370614359174,
            "transform_matrix": [
                [
                    0.33579790592193604,
                    -0.031865160912275314,
                    -0.9413948655128479,
                    -3.794884204864502
                ],
                [
                    -0.9419340491294861,
                    -0.01135987602174282,
                    -0.3356057107448578,
                    -1.3528698682785034
                ],
                [
                    9.313225746154785e-10,
                    0.9994276165962219,
                    -0.033829499036073685,
                    -0.13637107610702515
                ],
                [
                    0.0,
                    0.0,
                    0.0,
                    1.0
                ]
            ]
        },
        {
            "file_path": "/data/shapenet_blender/all_50_random/02958343/8bb2ae81ca9e9a4ed14ae991e75ee782/r_19",
            "rotation": 0.12566370614359174,
            "transform_matrix": [
                [
                    0.9904494285583496,
                    0.007162331137806177,
                    0.1376907229423523,
                    0.5550490617752075
                ],
                [
                    0.13787689805030823,
                    -0.05145116522908211,
                    -0.9891120791435242,
                    -3.9872384071350098
                ],
                [
                    0.0,
                    0.9986498951911926,
                    -0.05194729194045067,
                    -0.20940622687339783
                ],
                [
                    0.0,
                    0.0,
                    0.0,
                    1.0
                ]
            ]
        },
        {
            "file_path": "/data/shapenet_blender/all_50_random/02958343/8bb2ae81ca9e9a4ed14ae991e75ee782/r_20",
            "rotation": 0.12566370614359174,
            "transform_matrix": [
                [
                    -0.8395431041717529,
                    -0.3030214011669159,
                    0.4509384036064148,
                    1.8177909851074219
                ],
                [
                    0.5432931184768677,
                    -0.46825459599494934,
                    0.6968286037445068,
                    2.8090062141418457
                ],
                [
                    0.0,
                    0.8300094604492188,
                    0.5577492713928223,
                    2.248359441757202
                ],
                [
                    0.0,
                    0.0,
                    0.0,
                    1.0
                ]
            ]
        },
        {
            "file_path": "/data/shapenet_blender/all_50_random/02958343/8bb2ae81ca9e9a4ed14ae991e75ee782/r_21",
            "rotation": 0.12566370614359174,
            "transform_matrix": [
                [
                    -0.7051199078559875,
                    -0.3584268391132355,
                    0.6118300557136536,
                    2.4663658142089844
                ],
                [
                    0.7090880274772644,
                    -0.3564210534095764,
                    0.6084061861038208,
                    2.452563762664795
                ],
                [
                    0.0,
                    0.8628407120704651,
                    0.5054757595062256,
                    2.037637948989868
                ],
                [
                    0.0,
                    0.0,
                    0.0,
                    1.0
                ]
            ]
        },
        {
            "file_path": "/data/shapenet_blender/all_50_random/02958343/8bb2ae81ca9e9a4ed14ae991e75ee782/r_22",
            "rotation": 0.12566370614359174,
            "transform_matrix": [
                [
                    0.5861080884933472,
                    0.5106573700904846,
                    0.629051923751831,
                    2.5357894897460938
                ],
                [
                    0.8102328777313232,
                    -0.3694005012512207,
                    -0.4550449848175049,
                    -1.8343449831008911
                ],
                [
                    1.4901161193847656e-08,
                    0.7763839960098267,
                    -0.6302600502967834,
                    -2.5406594276428223
                ],
                [
                    0.0,
                    0.0,
                    0.0,
                    1.0
                ]
            ]
        },
        {
            "file_path": "/data/shapenet_blender/all_50_random/02958343/8bb2ae81ca9e9a4ed14ae991e75ee782/r_23",
            "rotation": 0.12566370614359174,
            "transform_matrix": [
                [
                    -0.9272234439849854,
                    -0.3665162920951843,
                    -0.07695675641298294,
                    -0.3102226257324219
                ],
                [
                    -0.3745083212852478,
                    0.9074364304542542,
                    0.19053277373313904,
                    0.7680622339248657
                ],
                [
                    0.0,
                    0.20548731088638306,
                    -0.9786596894264221,
                    -3.945103645324707
                ],
                [
                    0.0,
                    0.0,
                    0.0,
                    1.0
                ]
            ]
        },
        {
            "file_path": "/data/shapenet_blender/all_50_random/02958343/8bb2ae81ca9e9a4ed14ae991e75ee782/r_24",
            "rotation": 0.12566370614359174,
            "transform_matrix": [
                [
                    0.6493591666221619,
                    -0.10942091792821884,
                    0.7525687217712402,
                    3.0337018966674805
                ],
                [
                    0.7604820132255554,
                    0.09343215078115463,
                    -0.6426021456718445,
                    -2.5904123783111572
                ],
                [
                    0.0,
                    0.9895945191383362,
                    0.1438836306333542,
                    0.5800135135650635
                ],
                [
                    0.0,
                    0.0,
                    0.0,
                    1.0
                ]
            ]
        },
        {
            "file_path": "/data/shapenet_blender/all_50_random/02958343/8bb2ae81ca9e9a4ed14ae991e75ee782/r_25",
            "rotation": 0.12566370614359174,
            "transform_matrix": [
                [
                    0.09185604751110077,
                    0.5463451147079468,
                    0.832507848739624,
                    3.3559467792510986
                ],
                [
                    0.9957723021507263,
                    -0.05039817467331886,
                    -0.0767955482006073,
                    -0.3095727860927582
                ],
                [
                    3.725290298461914e-09,
                    0.8360424041748047,
                    -0.5486646890640259,
                    -2.211738348007202
                ],
                [
                    0.0,
                    0.0,
                    0.0,
                    1.0
                ]
            ]
        },
        {
            "file_path": "/data/shapenet_blender/all_50_random/02958343/8bb2ae81ca9e9a4ed14ae991e75ee782/r_26",
            "rotation": 0.12566370614359174,
            "transform_matrix": [
                [
                    0.2710385024547577,
                    -0.7431750893592834,
                    0.6117423176765442,
                    2.466012477874756
                ],
                [
                    0.9625685214996338,
                    0.20926204323768616,
                    -0.17225342988967896,
                    -0.6943758726119995
                ],
                [
                    0.0,
                    0.6355311870574951,
                    0.7720750570297241,
                    3.1123342514038086
                ],
                [
                    0.0,
                    0.0,
                    0.0,
                    1.0
                ]
            ]
        },
        {
            "file_path": "/data/shapenet_blender/all_50_random/02958343/8bb2ae81ca9e9a4ed14ae991e75ee782/r_27",
            "rotation": 0.12566370614359174,
            "transform_matrix": [
                [
                    0.7818089127540588,
                    -0.37248849868774414,
                    -0.5000270009040833,
                    -2.0156733989715576
                ],
                [
                    -0.6235179901123047,
                    -0.467051237821579,
                    -0.6269676089286804,
                    -2.5273871421813965
                ],
                [
                    -1.4901160305669237e-08,
                    0.8019447922706604,
                    -0.5973981022834778,
                    -2.408188819885254
                ],
                [
                    0.0,
                    0.0,
                    0.0,
                    1.0
                ]
            ]
        },
        {
            "file_path": "/data/shapenet_blender/all_50_random/02958343/8bb2ae81ca9e9a4ed14ae991e75ee782/r_28",
            "rotation": 0.12566370614359174,
            "transform_matrix": [
                [
                    0.09000589698553085,
                    0.8610618710517883,
                    0.5004712343215942,
                    2.0174643993377686
                ],
                [
                    0.9959412813186646,
                    -0.07781648635864258,
                    -0.04522893577814102,
                    -0.18232369422912598
                ],
                [
                    3.725290298461914e-09,
                    0.5025108456611633,
                    -0.8645707964897156,
                    -3.485196590423584
                ],
                [
                    0.0,
                    0.0,
                    0.0,
                    1.0
                ]
            ]
        },
        {
            "file_path": "/data/shapenet_blender/all_50_random/02958343/8bb2ae81ca9e9a4ed14ae991e75ee782/r_29",
            "rotation": 0.12566370614359174,
            "transform_matrix": [
                [
                    0.9107146859169006,
                    -0.08787853270769119,
                    -0.4035789966583252,
                    -1.6268789768218994
                ],
                [
                    -0.41303589940071106,
                    -0.19376590847969055,
                    -0.8898629546165466,
                    -3.5871522426605225
                ],
                [
                    0.0,
                    0.9771039485931396,
                    -0.21276246011257172,
                    -0.857672929763794
                ],
                [
                    0.0,
                    0.0,
                    0.0,
                    1.0
                ]
            ]
        },
        {
            "file_path": "/data/shapenet_blender/all_50_random/02958343/8bb2ae81ca9e9a4ed14ae991e75ee782/r_30",
            "rotation": 0.12566370614359174,
            "transform_matrix": [
                [
                    -0.9507462382316589,
                    -0.009448863565921783,
                    -0.3098261058330536,
                    -1.2489488124847412
                ],
                [
                    -0.3099701404571533,
                    0.028981732204556465,
                    0.9503045082092285,
                    3.8307995796203613
                ],
                [
                    0.0,
                    0.9995352029800415,
                    -0.030483145266771317,
                    -0.12288147211074829
                ],
                [
                    0.0,
                    0.0,
                    0.0,
                    1.0
                ]
            ]
        },
        {
            "file_path": "/data/shapenet_blender/all_50_random/02958343/8bb2ae81ca9e9a4ed14ae991e75ee782/r_31",
            "rotation": 0.12566370614359174,
            "transform_matrix": [
                [
                    0.7417724132537842,
                    0.5315514206886292,
                    -0.4089335799217224,
                    -1.6484639644622803
                ],
                [
                    -0.6706516742706299,
                    0.5879210233688354,
                    -0.4522998332977295,
                    -1.8232789039611816
                ],
                [
                    2.9802322387695312e-08,
                    0.6097554564476013,
                    0.792589545249939,
                    3.195030689239502
                ],
                [
                    0.0,
                    0.0,
                    0.0,
                    1.0
                ]
            ]
        },
        {
            "file_path": "/data/shapenet_blender/all_50_random/02958343/8bb2ae81ca9e9a4ed14ae991e75ee782/r_32",
            "rotation": 0.12566370614359174,
            "transform_matrix": [
                [
                    -0.988039493560791,
                    -0.07377522438764572,
                    0.1354079395532608,
                    0.5458468794822693
                ],
                [
                    0.15420149266719818,
                    -0.47271162271499634,
                    0.8676206469535828,
                    3.497490644454956
                ],
                [
                    0.0,
                    0.8781235218048096,
                    0.4784339666366577,
                    1.9286290407180786
                ],
                [
                    0.0,
                    0.0,
                    0.0,
                    1.0
                ]
            ]
        },
        {
            "file_path": "/data/shapenet_blender/all_50_random/02958343/8bb2ae81ca9e9a4ed14ae991e75ee782/r_33",
            "rotation": 0.12566370614359174,
            "transform_matrix": [
                [
                    0.996705174446106,
                    -0.06512860953807831,
                    0.04834289848804474,
                    0.19487646222114563
                ],
                [
                    0.08110962808132172,
                    0.8003244996070862,
                    -0.5940554738044739,
                    -2.394714117050171
                ],
                [
                    3.7252898543727042e-09,
                    0.5960191488265991,
                    0.8029701709747314,
                    3.2368762493133545
                ],
                [
                    0.0,
                    0.0,
                    0.0,
                    1.0
                ]
            ]
        },
        {
            "file_path": "/data/shapenet_blender/all_50_random/02958343/8bb2ae81ca9e9a4ed14ae991e75ee782/r_34",
            "rotation": 0.12566370614359174,
            "transform_matrix": [
                [
                    0.6786751747131348,
                    -0.6047357320785522,
                    0.416766881942749,
                    1.6800410747528076
                ],
                [
                    0.7344385385513306,
                    0.5588202476501465,
                    -0.38512322306632996,
                    -1.5524814128875732
                ],
                [
                    0.0,
                    0.5674632787704468,
                    0.8233987092971802,
                    3.3192262649536133
                ],
                [
                    0.0,
                    0.0,
                    0.0,
                    1.0
                ]
            ]
        },
        {
            "file_path": "/data/shapenet_blender/all_50_random/02958343/8bb2ae81ca9e9a4ed14ae991e75ee782/r_35",
            "rotation": 0.12566370614359174,
            "transform_matrix": [
                [
                    -0.31471875309944153,
                    -0.802143931388855,
                    -0.507461428642273,
                    -2.045642375946045
                ],
                [
                    -0.9491848349571228,
                    0.2659647762775421,
                    0.1682576835155487,
                    0.6782684326171875
                ],
                [
                    -1.4901159417490817e-08,
                    0.5346285700798035,
                    -0.8450871109962463,
                    -3.4066550731658936
                ],
                [
                    0.0,
                    0.0,
                    0.0,
                    1.0
                ]
            ]
        },
        {
            "file_path": "/data/shapenet_blender/all_50_random/02958343/8bb2ae81ca9e9a4ed14ae991e75ee782/r_36",
            "rotation": 0.12566370614359174,
            "transform_matrix": [
                [
                    0.8641008138656616,
                    -0.1534842848777771,
                    -0.47934576869010925,
                    -1.9323046207427979
                ],
                [
                    -0.503318727016449,
                    -0.2635027766227722,
                    -0.8229438066482544,
                    -3.317392587661743
                ],
                [
                    0.0,
                    0.9523701071739197,
                    -0.3049444854259491,
                    -1.229270577430725
                ],
                [
                    0.0,
                    0.0,
                    0.0,
                    1.0
                ]
            ]
        },
        {
            "file_path": "/data/shapenet_blender/all_50_random/02958343/8bb2ae81ca9e9a4ed14ae991e75ee782/r_37",
            "rotation": 0.12566370614359174,
            "transform_matrix": [
                [
                    -0.8278435468673706,
                    0.2294090986251831,
                    -0.511904776096344,
                    -2.063554286956787
                ],
                [
                    -0.5609591007232666,
                    -0.338553786277771,
                    0.7554509043693542,
                    3.0453202724456787
                ],
                [
                    0.0,
                    0.9125528931617737,
                    0.40895867347717285,
                    1.6485652923583984
                ],
                [
                    0.0,
                    0.0,
                    0.0,
                    1.0
                ]
            ]
        },
        {
            "file_path": "/data/shapenet_blender/all_50_random/02958343/8bb2ae81ca9e9a4ed14ae991e75ee782/r_38",
            "rotation": 0.12566370614359174,
            "transform_matrix": [
                [
                    -0.8095935583114624,
                    -0.14817236363887787,
                    -0.5679816603660583,
                    -2.289607286453247
                ],
                [
                    -0.5869908332824707,
                    0.20436330139636993,
                    0.78337562084198,
                    3.157888174057007
                ],
                [
                    -7.450580596923828e-09,
                    0.9676158428192139,
                    -0.25242704153060913,
                    -1.0175659656524658
                ],
                [
                    0.0,
                    0.0,
                    0.0,
                    1.0
                ]
            ]
        },
        {
            "file_path": "/data/shapenet_blender/all_50_random/02958343/8bb2ae81ca9e9a4ed14ae991e75ee782/r_39",
            "rotation": 0.12566370614359174,
            "transform_matrix": [
                [
                    -0.7443450689315796,
                    -0.6234752535820007,
                    0.23922580480575562,
                    0.9643500447273254
                ],
                [
                    0.6677952408790588,
                    -0.6949446797370911,
                    0.26664844155311584,
                    1.0748941898345947
                ],
                [
                    -1.4901162970204496e-08,
                    0.35823220014572144,
                    0.933632493019104,
                    3.7635929584503174
                ],
                [
                    0.0,
                    0.0,
                    0.0,
                    1.0
                ]
            ]
        },
        {
            "file_path": "/data/shapenet_blender/all_50_random/02958343/8bb2ae81ca9e9a4ed14ae991e75ee782/r_40",
            "rotation": 0.12566370614359174,
            "transform_matrix": [
                [
                    0.39408668875694275,
                    0.294126033782959,
                    -0.8707384467124939,
                    -3.510059118270874
                ],
                [
                    -0.9190732836723328,
                    0.12611742317676544,
                    -0.37336134910583496,
                    -1.5050678253173828
                ],
                [
                    -7.4505797087454084e-09,
                    0.9474092721939087,
                    0.3200245499610901,
                    1.2900604009628296
                ],
                [
                    0.0,
                    0.0,
                    0.0,
                    1.0
                ]
            ]
        },
        {
            "file_path": "/data/shapenet_blender/all_50_random/02958343/8bb2ae81ca9e9a4ed14ae991e75ee782/r_41",
            "rotation": 0.12566370614359174,
            "transform_matrix": [
                [
                    -0.36149725317955017,
                    -0.19168779253959656,
                    0.9124557971954346,
                    3.678226947784424
                ],
                [
                    0.9323732256889343,
                    -0.07432067394256592,
                    0.35377490520477295,
                    1.4261122941970825
                ],
