{
    "class": "02958343",
    "model": "144d0880f61d813ef7b860bd772a37",
    "remove_doubles": true,
    "edge_split": true,
    "denoise": true,
    "camera_angle_x": 0.6911112070083618,
    "scale_factor": 2.234484536878842,
    "hdri_file": "/data/IndoorHDRDataset2018/9C4A4073-817fa1dd52.exr",
    "center_offset": [
        0.0,
        0.0,
        -4.656612873077393e-10
    ],
    "lights": [],
    "frames": [
        {
            "file_path": "/data/shapenet_blender/all_50_random/02958343/144d0880f61d813ef7b860bd772a37/r_0",
            "rotation": 0.12566370614359174,
            "transform_matrix": [
                [
                    -0.8254354000091553,
                    0.06955946981906891,
                    0.5601945519447327,
                    2.258216381072998
                ],
                [
                    0.564496636390686,
                    0.10171335935592651,
                    0.8191446661949158,
                    3.3020777702331543
                ],
                [
                    -3.725290298461914e-09,
                    0.9923787713050842,
                    -0.1232239231467247,
                    -0.4967315196990967
                ],
                [
                    0.0,
                    0.0,
                    0.0,
                    1.0
                ]
            ]
        },
        {
            "file_path": "/data/shapenet_blender/all_50_random/02958343/144d0880f61d813ef7b860bd772a37/r_1",
            "rotation": 0.12566370614359174,
            "transform_matrix": [
                [
                    -0.007466736249625683,
                    -0.2657259702682495,
                    0.9640196561813354,
                    3.886087417602539
                ],
                [
                    0.9999721646308899,
                    -0.0019841608591377735,
                    0.007198280654847622,
                    0.029017195105552673
                ],
                [
                    0.0,
                    0.9640465378761292,
                    0.2657333314418793,
                    1.0712052583694458
                ],
                [
                    0.0,
                    0.0,
                    0.0,
                    1.0
                ]
            ]
        },
        {
            "file_path": "/data/shapenet_blender/all_50_random/02958343/144d0880f61d813ef7b860bd772a37/r_2",
            "rotation": 0.12566370614359174,
            "transform_matrix": [
                [
                    -0.5847421884536743,
                    0.3446652889251709,
                    -0.7343584895133972,
                    -2.960293769836426
                ],
                [
                    -0.8112192749977112,
                    -0.24844127893447876,
                    0.5293394923210144,
                    2.133835792541504
                ],
                [
                    -1.4901162970204496e-08,
                    0.9052527546882629,
                    0.4248732626438141,
                    1.7127189636230469
                ],
                [
                    0.0,
                    0.0,
                    0.0,
                    1.0
                ]
            ]
        },
        {
            "file_path": "/data/shapenet_blender/all_50_random/02958343/144d0880f61d813ef7b860bd772a37/r_3",
            "rotation": 0.12566370614359174,
            "transform_matrix": [
                [
                    -0.7486738562583923,
                    0.0020571472123265266,
                    0.6629352569580078,
                    2.672377824783325
                ],
                [
                    0.6629385352134705,
                    0.00232319044880569,
                    0.7486701607704163,
                    3.017986297607422
                ],
                [
                    -1.1641532182693481e-10,
                    0.999995231628418,
                    -0.003103073686361313,
                    -0.012508891522884369
                ],
                [
                    0.0,
                    0.0,
                    0.0,
                    1.0
                ]
            ]
        },
        {
            "file_path": "/data/shapenet_blender/all_50_random/02958343/144d0880f61d813ef7b860bd772a37/r_4",
            "rotation": 0.12566370614359174,
            "transform_matrix": [
                [
                    0.025075163692235947,
                    0.3746654987335205,
                    -0.9268208742141724,
                    -3.7361345291137695
                ],
                [
                    -0.9996855854988098,
                    0.009397752583026886,
                    -0.0232474934309721,
                    -0.09371364116668701
                ],
                [
                    0.0,
                    0.9271124601364136,
                    0.37478330731391907,
                    1.5107998847961426
                ],
                [
                    0.0,
                    0.0,
                    0.0,
                    1.0
                ]
            ]
        },
        {
            "file_path": "/data/shapenet_blender/all_50_random/02958343/144d0880f61d813ef7b860bd772a37/r_5",
            "rotation": 0.12566370614359174,
            "transform_matrix": [
                [
                    -0.01817641779780388,
                    0.5906877517700195,
                    0.8066954016685486,
                    3.2518935203552246
                ],
                [
                    0.9998348355293274,
                    0.010738362558186054,
                    0.014665257185697556,
                    0.059117548167705536
                ],
                [
                    0.0,
                    0.8068287372589111,
                    -0.5907852649688721,
                    -2.3815317153930664
                ],
                [
                    0.0,
                    0.0,
                    0.0,
                    1.0
                ]
            ]
        },
        {
            "file_path": "/data/shapenet_blender/all_50_random/02958343/144d0880f61d813ef7b860bd772a37/r_6",
            "rotation": 0.12566370614359174,
            "transform_matrix": [
                [
                    0.9999827146530151,
                    -0.0010924283415079117,
                    -0.00577938137575984,
                    -0.023297429084777832
                ],
                [
                    -0.005881721153855324,
                    -0.18572956323623657,
                    -0.9825834035873413,
                    -3.9609198570251465
                ],
                [
                    0.0,
                    0.9826002717018127,
                    -0.18573276698589325,
                    -0.7487126588821411
                ],
                [
                    0.0,
                    0.0,
                    0.0,
                    1.0
                ]
            ]
        },
        {
            "file_path": "/data/shapenet_blender/all_50_random/02958343/144d0880f61d813ef7b860bd772a37/r_7",
            "rotation": 0.12566370614359174,
            "transform_matrix": [
                [
                    0.34321871399879456,
                    -0.34896454215049744,
                    -0.8720232844352722,
                    -3.5152382850646973
                ],
                [
                    -0.9392555356025696,
                    -0.12751711905002594,
                    -0.318651020526886,
                    -1.284523367881775
                ],
                [
                    1.4901161193847656e-08,
                    0.9284196496009827,
                    -0.3715331256389618,
                    -1.4976979494094849
                ],
                [
                    0.0,
                    0.0,
                    0.0,
                    1.0
                ]
            ]
        },
        {
            "file_path": "/data/shapenet_blender/all_50_random/02958343/144d0880f61d813ef7b860bd772a37/r_8",
            "rotation": 0.12566370614359174,
            "transform_matrix": [
                [
                    0.5465978384017944,
                    -0.010454492643475533,
                    -0.8373299837112427,
                    -3.375385046005249
                ],
                [
                    -0.8373953104019165,
                    -0.006824020761996508,
                    -0.54655522108078,
                    -2.2032346725463867
                ],
                [
                    4.656612873077393e-10,
                    0.9999220371246338,
                    -0.012484537437558174,
                    -0.05032677948474884
                ],
                [
                    0.0,
                    0.0,
                    0.0,
                    1.0
                ]
            ]
        },
        {
            "file_path": "/data/shapenet_blender/all_50_random/02958343/144d0880f61d813ef7b860bd772a37/r_9",
            "rotation": 0.12566370614359174,
            "transform_matrix": [
                [
                    0.9473952651023865,
                    0.009588832966983318,
                    -0.3199222981929779,
                    -1.289648175239563
                ],
                [
                    -0.320065975189209,
                    0.02838294394314289,
                    -0.9469699263572693,
                    -3.8173580169677734
                ],
                [
                    0.0,
                    0.9995511174201965,
                    0.029958924278616905,
                    0.12076829373836517
                ],
                [
                    0.0,
                    0.0,
                    0.0,
                    1.0
                ]
            ]
        },
        {
            "file_path": "/data/shapenet_blender/all_50_random/02958343/144d0880f61d813ef7b860bd772a37/r_10",
            "rotation": 0.12566370614359174,
            "transform_matrix": [
                [
                    -0.039272699505090714,
                    -0.432658314704895,
                    0.900702178478241,
                    3.6308465003967285
                ],
                [
                    0.9992285370826721,
                    -0.017004776746034622,
                    0.03540031611919403,
                    0.14270323514938354
                ],
                [
                    -9.313225746154785e-10,
                    0.9013975262641907,
                    0.4329923689365387,
                    1.745448112487793
                ],
                [
                    0.0,
                    0.0,
                    0.0,
                    1.0
                ]
            ]
        },
        {
            "file_path": "/data/shapenet_blender/all_50_random/02958343/144d0880f61d813ef7b860bd772a37/r_11",
            "rotation": 0.12566370614359174,
            "transform_matrix": [
                [
                    0.2630358040332794,
                    0.001369902747683227,
                    0.9647852182388306,
                    3.8891730308532715
                ],
                [
                    0.9647860527038574,
                    -0.0003734853526111692,
                    -0.2630355656147003,
                    -1.0603301525115967
                ],
                [
                    0.0,
                    0.9999990463256836,
                    -0.0014199031284078956,
                    -0.005723811686038971
                ],
                [
                    0.0,
                    0.0,
                    0.0,
                    1.0
                ]
            ]
        },
        {
            "file_path": "/data/shapenet_blender/all_50_random/02958343/144d0880f61d813ef7b860bd772a37/r_12",
            "rotation": 0.12566370614359174,
            "transform_matrix": [
                [
                    -0.7146077752113342,
                    0.22464704513549805,
                    -0.6624721884727478,
                    -2.670510768890381
                ],
                [
                    -0.6995253562927246,
                    -0.22949065268039703,
                    0.6767557263374329,
                    2.7280895709991455
                ],
                [
                    0.0,
                    0.9470309615135193,
                    0.3211421072483063,
                    1.294565200805664
                ],
                [
                    0.0,
                    0.0,
                    0.0,
                    1.0
                ]
            ]
        },
        {
            "file_path": "/data/shapenet_blender/all_50_random/02958343/144d0880f61d813ef7b860bd772a37/r_13",
            "rotation": 0.12566370614359174,
            "transform_matrix": [
                [
                    -0.5776188969612122,
                    0.1974783092737198,
                    0.7920597791671753,
                    3.1928951740264893
                ],
                [
                    0.8163065910339355,
                    0.13973575830459595,
                    0.5604618787765503,
                    2.259294033050537
                ],
                [
                    -7.450580596923828e-09,
                    0.9702970385551453,
                    -0.24191685020923615,
                    -0.9751980304718018
                ],
                [
                    0.0,
                    0.0,
                    0.0,
                    1.0
                ]
            ]
        },
        {
            "file_path": "/data/shapenet_blender/all_50_random/02958343/144d0880f61d813ef7b860bd772a37/r_14",
            "rotation": 0.12566370614359174,
            "transform_matrix": [
                [
                    0.33165374398231506,
                    0.05831802636384964,
                    -0.9415968656539917,
                    -3.795698642730713
                ],
                [
                    -0.9434012770652771,
                    0.020501766353845596,
                    -0.33101940155029297,
                    -1.3343820571899414
                ],
                [
                    1.862645371275562e-09,
                    0.998087465763092,
                    0.061816778033971786,
                    0.24919141829013824
                ],
                [
                    0.0,
                    0.0,
                    0.0,
                    1.0
                ]
            ]
        },
        {
            "file_path": "/data/shapenet_blender/all_50_random/02958343/144d0880f61d813ef7b860bd772a37/r_15",
            "rotation": 0.12566370614359174,
            "transform_matrix": [
                [
                    -0.647400438785553,
                    0.00035462112282402813,
                    -0.7621499300003052,
                    -3.072324752807617
                ],
                [
                    -0.7621501088142395,
                    -0.00030122921452857554,
                    0.6474003195762634,
                    2.6097540855407715
                ],
                [
                    0.0,
                    0.9999998807907104,
                    0.0004652904171962291,
                    0.0018756457138806581
                ],
                [
                    0.0,
                    0.0,
                    0.0,
                    1.0
                ]
            ]
        },
        {
            "file_path": "/data/shapenet_blender/all_50_random/02958343/144d0880f61d813ef7b860bd772a37/r_16",
            "rotation": 0.12566370614359174,
            "transform_matrix": [
                [
                    -0.38740694522857666,
                    0.48221874237060547,
                    -0.7857358455657959,
                    -3.167402744293213
                ],
                [
                    -0.9219088554382324,
                    -0.20263922214508057,
                    0.3301839828491211,
                    1.3310142755508423
                ],
                [
                    1.4901161193847656e-08,
                    0.8522924184799194,
                    0.5230655074119568,
                    2.1085448265075684
                ],
                [
                    0.0,
                    0.0,
                    0.0,
                    1.0
                ]
            ]
        },
        {
            "file_path": "/data/shapenet_blender/all_50_random/02958343/144d0880f61d813ef7b860bd772a37/r_17",
            "rotation": 0.12566370614359174,
            "transform_matrix": [
                [
                    -0.7124963998794556,
                    0.6884214878082275,
                    -0.13573695719242096,
                    -0.547173261642456
                ],
                [
                    -0.7016757130622864,
                    -0.6990377306938171,
                    0.13783018290996552,
                    0.5556113123893738
                ],
                [
                    0.0,
                    0.19344690442085266,
                    0.981110692024231,
                    3.954983949661255
                ],
                [
                    0.0,
                    0.0,
                    0.0,
                    1.0
                ]
            ]
        },
        {
            "file_path": "/data/shapenet_blender/all_50_random/02958343/144d0880f61d813ef7b860bd772a37/r_18",
            "rotation": 0.12566370614359174,
            "transform_matrix": [
                [
                    0.7581543326377869,
                    -0.30890384316444397,
                    0.5742650628089905,
                    2.314936399459839
                ],
                [
                    0.6520751118659973,
                    0.35915616154670715,
                    -0.6676862239837646,
                    -2.6915292739868164
                ],
                [
                    1.4901159417490817e-08,
                    0.8806731700897217,
                    0.4737243950366974,
                    1.9096441268920898
                ],
                [
                    0.0,
                    0.0,
                    0.0,
                    1.0
                ]
            ]
        },
        {
            "file_path": "/data/shapenet_blender/all_50_random/02958343/144d0880f61d813ef7b860bd772a37/r_19",
            "rotation": 0.12566370614359174,
            "transform_matrix": [
                [
                    0.8551349639892578,
                    0.0029645045287907124,
                    -0.5183970928192139,
                    -2.0897254943847656
                ],
                [
                    -0.518405556678772,
                    0.004890092648565769,
                    -0.8551208972930908,
                    -3.4471025466918945
                ],
                [
                    0.0,
                    0.9999836683273315,
                    0.005718504544347525,
                    0.023052029311656952
                ],
                [
                    0.0,
                    0.0,
                    0.0,
                    1.0
                ]
            ]
        },
        {
            "file_path": "/data/shapenet_blender/all_50_random/02958343/144d0880f61d813ef7b860bd772a37/r_20",
            "rotation": 0.12566370614359174,
            "transform_matrix": [
                [
                    -0.8962721824645996,
                    0.21053366363048553,
                    0.3903482258319855,
                    1.5735440254211426
                ],
                [
                    0.4435043931007385,
                    0.4254646599292755,
                    0.7888495326042175,
                    3.1799542903900146
                ],
                [
                    0.0,
                    0.8801450729370117,
                    -0.47470471262931824,
                    -1.9135959148406982
                ],
                [
                    0.0,
                    0.0,
                    0.0,
                    1.0
                ]
            ]
        },
        {
            "file_path": "/data/shapenet_blender/all_50_random/02958343/144d0880f61d813ef7b860bd772a37/r_21",
            "rotation": 0.12566370614359174,
            "transform_matrix": [
                [
                    0.2652422785758972,
                    0.35353848338127136,
                    0.897026777267456,
                    3.616030693054199
                ],
                [
                    0.9641819000244141,
                    -0.09725691378116608,
                    -0.24676820635795593,
                    -0.994754433631897
                ],
                [
                    -7.450581485102248e-09,
                    0.9303501844406128,
                    -0.36667200922966003,
                    -1.478102207183838
                ],
                [
                    0.0,
                    0.0,
                    0.0,
                    1.0
                ]
            ]
        },
        {
            "file_path": "/data/shapenet_blender/all_50_random/02958343/144d0880f61d813ef7b860bd772a37/r_22",
            "rotation": 0.12566370614359174,
            "transform_matrix": [
                [
                    -0.8634995818138123,
                    -0.02298509143292904,
                    0.5038256049156189,
                    2.0309860706329346
                ],
                [
                    0.5043496489524841,
                    -0.039352886378765106,
                    0.8626022934913635,
                    3.4772610664367676
                ],
                [
                    -1.862645149230957e-09,
                    0.9989610910415649,
                    0.04557371512055397,
                    0.18371352553367615
                ],
                [
                    0.0,
                    0.0,
                    0.0,
                    1.0
                ]
            ]
        },
        {
            "file_path": "/data/shapenet_blender/all_50_random/02958343/144d0880f61d813ef7b860bd772a37/r_23",
            "rotation": 0.12566370614359174,
            "transform_matrix": [
                [
                    -0.26606887578964233,
                    -0.23028378188610077,
                    -0.9360430836677551,
                    -3.773310422897339
                ],
                [
                    -0.963953971862793,
                    0.0635625347495079,
                    0.2583650052547455,
                    1.041502594947815
                ],
                [
                    0.0,
                    0.9710454344749451,
                    -0.238894984126091,
                    -0.9630165100097656
                ],
                [
                    0.0,
                    0.0,
                    0.0,
                    1.0
                ]
            ]
        },
        {
            "file_path": "/data/shapenet_blender/all_50_random/02958343/144d0880f61d813ef7b860bd772a37/r_24",
            "rotation": 0.12566370614359174,
            "transform_matrix": [
                [
                    -0.9256438612937927,
                    0.1738722175359726,
                    0.336083322763443,
                    1.354795217514038
                ],
                [
                    0.37839606404304504,
                    0.4253314733505249,
                    0.822137176990509,
                    3.314141035079956
                ],
                [
                    0.0,
                    0.8881786465644836,
                    -0.4594980478286743,
                    -1.8522958755493164
                ],
                [
                    0.0,
                    0.0,
                    0.0,
                    1.0
                ]
            ]
        },
        {
            "file_path": "/data/shapenet_blender/all_50_random/02958343/144d0880f61d813ef7b860bd772a37/r_25",
            "rotation": 0.12566370614359174,
            "transform_matrix": [
                [
                    -0.4618173837661743,
                    -0.6082536578178406,
                    0.6455634236335754,
                    2.6023495197296143
                ],
                [
                    0.8869750499725342,
                    -0.31669676303863525,
                    0.33612266182899475,
                    1.3549538850784302
                ],
                [
                    1.4901161193847656e-08,
                    0.7278259992599487,
                    0.6857618093490601,
                    2.764394521713257
                ],
                [
                    0.0,
                    0.0,
                    0.0,
                    1.0
                ]
            ]
        },
        {
            "file_path": "/data/shapenet_blender/all_50_random/02958343/144d0880f61d813ef7b860bd772a37/r_26",
            "rotation": 0.12566370614359174,
            "transform_matrix": [
                [
                    0.519595742225647,
                    -0.03953275457024574,
                    -0.8534970879554749,
                    -3.4405570030212402
                ],
                [
                    -0.8544121384620667,
                    -0.024041153490543365,
                    -0.5190392732620239,
                    -2.0923144817352295
                ],
                [
                    0.0,
                    0.9989290237426758,
                    -0.04626894369721413,
                    -0.18651609122753143
                ],
                [
                    0.0,
                    0.0,
                    0.0,
                    1.0
                ]
            ]
        },
        {
            "file_path": "/data/shapenet_blender/all_50_random/02958343/144d0880f61d813ef7b860bd772a37/r_27",
            "rotation": 0.12566370614359174,
            "transform_matrix": [
                [
                    0.29834994673728943,
                    -0.08265435695648193,
                    -0.950870931148529,
                    -3.833083391189575
                ],
                [
                    -0.954456627368927,
                    -0.025836609303951263,
                    -0.2972291111946106,
                    -1.1981688737869263
                ],
                [
                    1.862645371275562e-09,
                    0.9962432384490967,
                    -0.08659835904836655,
                    -0.3490891456604004
                ],
                [
                    0.0,
                    0.0,
                    0.0,
                    1.0
                ]
            ]
        },
        {
            "file_path": "/data/shapenet_blender/all_50_random/02958343/144d0880f61d813ef7b860bd772a37/r_28",
            "rotation": 0.12566370614359174,
            "transform_matrix": [
                [
                    0.31752532720565796,
                    0.030290836468338966,
                    0.9477658271789551,
                    3.820566415786743
                ],
                [
                    0.9482497572898865,
                    -0.010143009945750237,
                    -0.31736326217651367,
                    -1.2793323993682861
                ],
                [
                    0.0,
                    0.9994896650314331,
                    -0.03194393590092659,
                    -0.1287701427936554
                ],
                [
                    0.0,
                    0.0,
                    0.0,
                    1.0
                ]
            ]
        },
        {
            "file_path": "/data/shapenet_blender/all_50_random/02958343/144d0880f61d813ef7b860bd772a37/r_29",
            "rotation": 0.12566370614359174,
            "transform_matrix": [
                [
                    -0.5721293091773987,
                    -0.42752671241760254,
                    0.699920654296875,
                    2.8214704990386963
                ],
                [
                    0.820163369178772,
                    -0.29823392629623413,
                    0.4882504343986511,
                    1.968200445175171
                ],
                [
                    -1.4901159417490817e-08,
                    0.853391706943512,
                    0.5212701559066772,
                    2.1013071537017822
                ],
                [
                    0.0,
                    0.0,
                    0.0,
                    1.0
                ]
            ]
        },
        {
            "file_path": "/data/shapenet_blender/all_50_random/02958343/144d0880f61d813ef7b860bd772a37/r_30",
            "rotation": 0.12566370614359174,
            "transform_matrix": [
                [
                    0.9775529503822327,
                    0.013756737112998962,
                    -0.2102402150630951,
                    -0.8475053906440735
                ],
                [
                    -0.21068981289863586,
                    0.06382814049720764,
                    -0.9754669666290283,
                    -3.9322330951690674
                ],
                [
                    0.0,
                    0.9978660345077515,
                    0.0652937963604927,
                    0.26320770382881165
                ],
                [
                    0.0,
                    0.0,
                    0.0,
                    1.0
                ]
            ]
        },
        {
            "file_path": "/data/shapenet_blender/all_50_random/02958343/144d0880f61d813ef7b860bd772a37/r_31",
            "rotation": 0.12566370614359174,
            "transform_matrix": [
                [
                    0.8823438286781311,
                    0.05586102604866028,
                    -0.4672783613204956,
                    -1.8836591243743896
                ],
                [
                    -0.47060543298721313,
                    0.10473451018333435,
                    -0.876105785369873,
                    -3.5316948890686035
                ],
                [
                    3.725290298461914e-09,
                    0.9929300546646118,
                    0.11870037019252777,
                    0.4784964323043823
                ],
                [
                    0.0,
                    0.0,
                    0.0,
                    1.0
                ]
            ]
        },
        {
            "file_path": "/data/shapenet_blender/all_50_random/02958343/144d0880f61d813ef7b860bd772a37/r_32",
            "rotation": 0.12566370614359174,
            "transform_matrix": [
                [
                    0.40603700280189514,
                    0.8215749263763428,
                    -0.40018561482429504,
                    -1.6131999492645264
                ],
                [
                    -0.9138566851615906,
                    0.36503517627716064,
                    -0.1778070628643036,
                    -0.7167632579803467
                ],
                [
                    0.0,
                    0.43790844082832336,
                    0.8990194201469421,
                    3.624063491821289
                ],
                [
                    0.0,
                    0.0,
                    0.0,
                    1.0
                ]
            ]
        },
        {
            "file_path": "/data/shapenet_blender/all_50_random/02958343/144d0880f61d813ef7b860bd772a37/r_33",
            "rotation": 0.12566370614359174,
            "transform_matrix": [
                [
                    0.5467934012413025,
                    0.31383103132247925,
                    -0.7762260437011719,
                    -3.1290674209594727
                ],
                [
                    -0.8372674584388733,
                    0.20495332777500153,
                    -0.5069291591644287,
                    -2.043497085571289
                ],
                [
                    0.0,
                    0.9270944595336914,
                    0.37482768297195435,
                    1.5109788179397583
                ],
                [
                    0.0,
                    0.0,
                    0.0,
                    1.0
                ]
            ]
        },
        {
            "file_path": "/data/shapenet_blender/all_50_random/02958343/144d0880f61d813ef7b860bd772a37/r_34",
            "rotation": 0.12566370614359174,
            "transform_matrix": [
                [
                    -0.12392893433570862,
                    -0.11417141556739807,
                    -0.9857010245323181,
                    -3.9734878540039062
                ],
                [
                    -0.9922911524772644,
                    0.014259062707424164,
                    0.12310588359832764,
                    0.49625569581985474
                ],
                [
                    0.0,
                    0.9933586120605469,
                    -0.11505839973688126,
                    -0.46381524205207825
                ],
                [
                    0.0,
                    0.0,
                    0.0,
                    1.0
                ]
            ]
        },
        {
            "file_path": "/data/shapenet_blender/all_50_random/02958343/144d0880f61d813ef7b860bd772a37/r_35",
            "rotation": 0.12566370614359174,
            "transform_matrix": [
                [
                    0.9939463138580322,
                    0.0822266936302185,
                    0.072867251932621,
                    0.2937373220920563
                ],
                [
                    0.10986751317977905,
                    -0.7438861727714539,
                    -0.6592134237289429,
                    -2.657374620437622
                ],
                [
                    3.725290742551124e-09,
                    0.663228452205658,
                    -0.7484169602394104,
                    -3.016965389251709
                ],
                [
                    0.0,
                    0.0,
                    0.0,
                    1.0
                ]
            ]
        },
        {
            "file_path": "/data/shapenet_blender/all_50_random/02958343/144d0880f61d813ef7b860bd772a37/r_36",
            "rotation": 0.12566370614359174,
            "transform_matrix": [
                [
                    -0.3783681392669678,
                    0.3011631369590759,
                    0.8752931952476501,
                    3.5284199714660645
                ],
                [
                    0.9256553053855896,
                    0.123102568089962,
                    0.3577822744846344,
                    1.442266583442688
                ],
                [
                    -7.450581485102248e-09,
                    0.9455931782722473,
                    -0.3253512680530548,
                    -1.311532974243164
                ],
                [
                    0.0,
                    0.0,
                    0.0,
                    1.0
                ]
            ]
        },
        {
            "file_path": "/data/shapenet_blender/all_50_random/02958343/144d0880f61d813ef7b860bd772a37/r_37",
            "rotation": 0.12566370614359174,
            "transform_matrix": [
                [
                    -0.9080373644828796,
                    -0.3492990732192993,
                    -0.23121021687984467,
                    -0.9320381879806519
                ],
                [
                    -0.41888898611068726,
                    0.7571853399276733,
                    0.5012008547782898,
                    2.0204052925109863
                ],
                [
                    0.0,
                    0.5519604682922363,
                    -0.8338701725006104,
                    -3.361438274383545
                ],
                [
                    0.0,
                    0.0,
                    0.0,
                    1.0
                ]
            ]
        },
        {
            "file_path": "/data/shapenet_blender/all_50_random/02958343/144d0880f61d813ef7b860bd772a37/r_38",
            "rotation": 0.12566370614359174,
            "transform_matrix": [
                [
                    0.4011343717575073,
                    0.8284947872161865,
                    0.39075273275375366,
                    1.5751746892929077
                ],
                [
                    0.9160192012786865,
                    -0.3628065288066864,
                    -0.1711147129535675,
                    -0.6897854804992676
                ],
                [
                    -1.4901161193847656e-08,
                    0.4265769422054291,
                    -0.9044511914253235,
                    -3.6459593772888184
                ],
                [
                    0.0,
                    0.0,
                    0.0,
                    1.0
                ]
            ]
        },
        {
            "file_path": "/data/shapenet_blender/all_50_random/02958343/144d0880f61d813ef7b860bd772a37/r_39",
            "rotation": 0.12566370614359174,
            "transform_matrix": [
                [
                    0.8562899827957153,
                    0.21033431589603424,
                    0.471727579832077,
                    1.901594638824463
                ],
                [
                    0.5164952874183655,
                    -0.34871017932891846,
                    -0.7820702195167542,
                    -3.152625799179077
                ],
                [
                    1.4901159417490817e-08,
                    0.9133240580558777,
                    -0.40723374485969543,
                    -1.6416116952896118
                ],
                [
                    0.0,
                    0.0,
                    0.0,
                    1.0
                ]
            ]
        },
        {
            "file_path": "/data/shapenet_blender/all_50_random/02958343/144d0880f61d813ef7b860bd772a37/r_40",
            "rotation": 0.12566370614359174,
            "transform_matrix": [
                [
                    -0.41233742237091064,
                    -0.07137223333120346,
                    0.9082310199737549,
                    3.661196708679199
                ],
                [
                    0.9110311269760132,
                    -0.03230344504117966,
                    0.4110700786113739,
                    1.6570765972137451
                ],
                [
                    1.862645149230957e-09,
                    0.996926486492157,
                    0.0783422440290451,
                    0.3158077299594879
                ],
                [
                    0.0,
                    0.0,
                    0.0,
                    1.0
                ]
            ]
        },
        {
            "file_path": "/data/shapenet_blender/all_50_random/02958343/144d0880f61d813ef7b860bd772a37/r_41",
            "rotation": 0.12566370614359174,
            "transform_matrix": [
                [
                    0.9929782152175903,
                    -0.0045165615156292915,
                    0.11821150779724121,
                    0.4765258729457855
                ],
                [
                    0.1182977706193924,
                    0.03791150823235512,
                    -0.9922541379928589,
                    -3.9999046325683594
                ],
                [
                    4.656613428188905e-10,
