{
    "class": "02958343",
    "model": "c17e88a6b0267754c6529edfd0032791",
    "remove_doubles": true,
    "edge_split": true,
    "denoise": true,
    "camera_angle_x": 0.6911112070083618,
    "scale_factor": 2.2158553722937775,
    "hdri_file": "/data/IndoorHDRDataset2018/9C4A1276-50366f8493.exr",
    "center_offset": [
        0.0,
        0.0,
        0.0
    ],
    "lights": [],
    "frames": [
        {
            "file_path": "/data/shapenet_blender/all_50_random/02958343/c17e88a6b0267754c6529edfd0032791/r_0",
            "rotation": 0.12566370614359174,
            "transform_matrix": [
                [
                    -0.9535617828369141,
                    0.04113247990608215,
                    0.2983757257461548,
                    1.2027909755706787
                ],
                [
                    0.30119752883911133,
                    0.1302213966846466,
                    0.9446281790733337,
                    3.807918071746826
                ],
                [
                    -3.725290298461914e-09,
                    0.9906313419342041,
                    -0.13656313717365265,
                    -0.5505036115646362
                ],
                [
                    0.0,
                    0.0,
                    0.0,
                    1.0
                ]
            ]
        },
        {
            "file_path": "/data/shapenet_blender/all_50_random/02958343/c17e88a6b0267754c6529edfd0032791/r_1",
            "rotation": 0.12566370614359174,
            "transform_matrix": [
                [
                    0.9970701932907104,
                    0.05091400444507599,
                    0.057085879147052765,
                    0.23012053966522217
                ],
                [
                    0.0764920562505722,
                    -0.6636615991592407,
                    -0.7441116571426392,
                    -2.99960994720459
                ],
                [
                    3.725290298461914e-09,
                    0.7462981939315796,
                    -0.665611743927002,
                    -2.683166742324829
                ],
                [
                    0.0,
                    0.0,
                    0.0,
                    1.0
                ]
            ]
        },
        {
            "file_path": "/data/shapenet_blender/all_50_random/02958343/c17e88a6b0267754c6529edfd0032791/r_2",
            "rotation": 0.12566370614359174,
            "transform_matrix": [
                [
                    0.49963346123695374,
                    -0.6790288090705872,
                    0.5378533005714417,
                    2.168156147003174
                ],
                [
                    0.8662369847297668,
                    0.3916544020175934,
                    -0.31022632122039795,
                    -1.2505624294281006
                ],
                [
                    0.0,
                    0.620907723903656,
                    0.7838835120201111,
                    3.159935712814331
                ],
                [
                    0.0,
                    0.0,
                    0.0,
                    1.0
                ]
            ]
        },
        {
            "file_path": "/data/shapenet_blender/all_50_random/02958343/c17e88a6b0267754c6529edfd0032791/r_3",
            "rotation": 0.12566370614359174,
            "transform_matrix": [
                [
                    -0.34083905816078186,
                    -0.6415987014770508,
                    0.6871533393859863,
                    2.7700037956237793
                ],
                [
                    0.9401217103004456,
                    -0.23261022567749023,
                    0.24912595748901367,
                    1.0042588710784912
                ],
                [
                    0.0,
                    0.7309195399284363,
                    0.6824635863304138,
                    2.7510986328125
                ],
                [
                    0.0,
                    0.0,
                    0.0,
                    1.0
                ]
            ]
        },
        {
            "file_path": "/data/shapenet_blender/all_50_random/02958343/c17e88a6b0267754c6529edfd0032791/r_4",
            "rotation": 0.12566370614359174,
            "transform_matrix": [
                [
                    0.9925104379653931,
                    0.06168340891599655,
                    0.1054435446858406,
                    0.425056517124176
                ],
                [
                    0.12216050177812576,
                    -0.50115567445755,
                    -0.8566911816596985,
                    -3.453432559967041
                ],
                [
                    -3.725290742551124e-09,
                    0.8631559610366821,
                    -0.504937469959259,
                    -2.035468101501465
                ],
                [
                    0.0,
                    0.0,
                    0.0,
                    1.0
                ]
            ]
        },
        {
            "file_path": "/data/shapenet_blender/all_50_random/02958343/c17e88a6b0267754c6529edfd0032791/r_5",
            "rotation": 0.12566370614359174,
            "transform_matrix": [
                [
                    -0.8541272878646851,
                    -0.27644553780555725,
                    -0.4405045509338379,
                    -1.7757306098937988
                ],
                [
                    -0.5200637578964233,
                    0.4540206491947174,
                    0.7234631180763245,
                    2.9163730144500732
                ],
                [
                    0.0,
                    0.8470200896263123,
                    -0.5315608382225037,
                    -2.1427903175354004
                ],
                [
                    0.0,
                    0.0,
                    0.0,
                    1.0
                ]
            ]
        },
        {
            "file_path": "/data/shapenet_blender/all_50_random/02958343/c17e88a6b0267754c6529edfd0032791/r_6",
            "rotation": 0.12566370614359174,
            "transform_matrix": [
                [
                    0.35923027992248535,
                    -0.857191264629364,
                    0.36902129650115967,
                    1.487572431564331
                ],
                [
                    0.9332489967346191,
                    0.3299538195133209,
                    -0.1420452892780304,
                    -0.5726028680801392
                ],
                [
                    -7.450581485102248e-09,
                    0.39541569352149963,
                    0.9185022115707397,
                    3.7026009559631348
                ],
                [
                    0.0,
                    0.0,
                    0.0,
                    1.0
                ]
            ]
        },
        {
            "file_path": "/data/shapenet_blender/all_50_random/02958343/c17e88a6b0267754c6529edfd0032791/r_7",
            "rotation": 0.12566370614359174,
            "transform_matrix": [
                [
                    -0.9671096801757812,
                    0.11487903445959091,
                    0.22693981230258942,
                    0.9148236513137817
                ],
                [
                    0.25435972213745117,
                    0.4367854595184326,
                    0.8628554940223694,
                    3.4782817363739014
                ],
                [
                    0.0,
                    0.8922002911567688,
                    -0.4516400098800659,
                    -1.8206191062927246
                ],
                [
                    0.0,
                    0.0,
                    0.0,
                    1.0
                ]
            ]
        },
        {
            "file_path": "/data/shapenet_blender/all_50_random/02958343/c17e88a6b0267754c6529edfd0032791/r_8",
            "rotation": 0.12566370614359174,
            "transform_matrix": [
                [
                    -0.9584499001502991,
                    -0.014168936759233475,
                    -0.2849089205265045,
                    -1.1485047340393066
                ],
                [
                    -0.2852610647678375,
                    0.047606270760297775,
                    0.9572667479515076,
                    3.858865976333618
                ],
                [
                    -9.313225746154785e-10,
                    0.9987657070159912,
                    -0.04967006295919418,
                    -0.20022644102573395
                ],
                [
                    0.0,
                    0.0,
                    0.0,
                    1.0
                ]
            ]
        },
        {
            "file_path": "/data/shapenet_blender/all_50_random/02958343/c17e88a6b0267754c6529edfd0032791/r_9",
            "rotation": 0.12566370614359174,
            "transform_matrix": [
                [
                    -0.6744040846824646,
                    -0.5913189053535461,
                    0.442177414894104,
                    1.7824739217758179
                ],
                [
                    0.7383623719215393,
                    -0.5400978326797485,
                    0.4038752615451813,
                    1.6280730962753296
                ],
                [
                    -1.4901160305669237e-08,
                    0.5988622307777405,
                    0.8008520603179932,
                    3.228337526321411
                ],
                [
                    0.0,
                    0.0,
                    0.0,
                    1.0
                ]
            ]
        },
        {
            "file_path": "/data/shapenet_blender/all_50_random/02958343/c17e88a6b0267754c6529edfd0032791/r_10",
            "rotation": 0.12566370614359174,
            "transform_matrix": [
                [
                    -0.992199182510376,
                    0.09070911258459091,
                    -0.08551425486803055,
                    -0.3447189927101135
                ],
                [
                    -0.1246628612279892,
                    -0.7219592332839966,
                    0.6806130409240723,
                    2.7436389923095703
                ],
                [
                    0.0,
                    0.6859641075134277,
                    0.7276353240013123,
                    2.9331917762756348
                ],
                [
                    0.0,
                    0.0,
                    0.0,
                    1.0
                ]
            ]
        },
        {
            "file_path": "/data/shapenet_blender/all_50_random/02958343/c17e88a6b0267754c6529edfd0032791/r_11",
            "rotation": 0.12566370614359174,
            "transform_matrix": [
                [
                    0.9689168930053711,
                    -0.20108924806118011,
                    -0.14409461617469788,
                    -0.5808639526367188
                ],
                [
                    -0.2473866492509842,
                    -0.7875880599021912,
                    -0.5643623471260071,
                    -2.275017499923706
                ],
                [
                    0.0,
                    0.5824671387672424,
                    -0.8128541111946106,
                    -3.276719808578491
                ],
                [
                    0.0,
                    0.0,
                    0.0,
                    1.0
                ]
            ]
        },
        {
            "file_path": "/data/shapenet_blender/all_50_random/02958343/c17e88a6b0267754c6529edfd0032791/r_12",
            "rotation": 0.12566370614359174,
            "transform_matrix": [
                [
                    -0.15563040971755981,
                    -0.012609326280653477,
                    -0.987734854221344,
                    -3.981686592102051
                ],
                [
                    -0.9878153204917908,
                    0.0019866006914526224,
                    0.15561772882938385,
                    0.627315104007721
                ],
                [
                    0.0,
                    0.9999185800552368,
                    -0.01276486087590456,
                    -0.05145680159330368
                ],
                [
                    0.0,
                    0.0,
                    0.0,
                    1.0
                ]
            ]
        },
        {
            "file_path": "/data/shapenet_blender/all_50_random/02958343/c17e88a6b0267754c6529edfd0032791/r_13",
            "rotation": 0.12566370614359174,
            "transform_matrix": [
                [
                    -0.8774106502532959,
                    0.3323703110218048,
                    0.34594881534576416,
                    1.3945642709732056
                ],
                [
                    0.479740172624588,
                    0.6078816652297974,
                    0.6327157616615295,
                    2.5505588054656982
                ],
                [
                    -1.4901161193847656e-08,
                    0.7211171388626099,
                    -0.6928132176399231,
                    -2.7928194999694824
                ],
                [
                    0.0,
                    0.0,
                    0.0,
                    1.0
                ]
            ]
        },
        {
            "file_path": "/data/shapenet_blender/all_50_random/02958343/c17e88a6b0267754c6529edfd0032791/r_14",
            "rotation": 0.12566370614359174,
            "transform_matrix": [
                [
                    0.9748207330703735,
                    -0.03448282554745674,
                    -0.2203078269958496,
                    -0.8880892992019653
                ],
                [
                    -0.22299018502235413,
                    -0.15074464678764343,
                    -0.9630945920944214,
                    -3.8823587894439697
                ],
                [
                    -3.725290742551124e-09,
                    0.9879710674285889,
                    -0.15463832020759583,
                    -0.6233670711517334
                ],
                [
                    0.0,
                    0.0,
                    0.0,
                    1.0
                ]
            ]
        },
        {
            "file_path": "/data/shapenet_blender/all_50_random/02958343/c17e88a6b0267754c6529edfd0032791/r_15",
            "rotation": 0.12566370614359174,
            "transform_matrix": [
                [
                    -0.05176515877246857,
                    0.6941108703613281,
                    -0.7180044054985046,
                    -2.8943684101104736
                ],
                [
                    -0.9986593723297119,
                    -0.03597899153828621,
                    0.037217505276203156,
                    0.1500285565853119
                ],
                [
                    0.0,
                    0.718968391418457,
                    0.6950427293777466,
                    2.801806926727295
                ],
                [
                    0.0,
                    0.0,
                    0.0,
                    1.0
                ]
            ]
        },
        {
            "file_path": "/data/shapenet_blender/all_50_random/02958343/c17e88a6b0267754c6529edfd0032791/r_16",
            "rotation": 0.12566370614359174,
            "transform_matrix": [
                [
                    0.8228214979171753,
                    0.22711752355098724,
                    0.520943820476532,
                    2.099991798400879
                ],
                [
                    0.5683000087738037,
                    -0.32883545756340027,
                    -0.7542561888694763,
                    -3.040503978729248
                ],
                [
                    1.4901161193847656e-08,
                    0.9166705012321472,
                    -0.39964374899864197,
                    -1.6110154390335083
                ],
                [
                    0.0,
                    0.0,
                    0.0,
                    1.0
                ]
            ]
        },
        {
            "file_path": "/data/shapenet_blender/all_50_random/02958343/c17e88a6b0267754c6529edfd0032791/r_17",
            "rotation": 0.12566370614359174,
            "transform_matrix": [
                [
                    0.37104642391204834,
                    -0.5257816910743713,
                    -0.7654268145561218,
                    -3.08553409576416
                ],
                [
                    -0.9286142587661743,
                    -0.21008659899234772,
                    -0.3058416247367859,
                    -1.2328870296478271
                ],
                [
                    1.4901160305669237e-08,
                    0.8242676854133606,
                    -0.5662002563476562,
                    -2.282426118850708
                ],
                [
                    0.0,
                    0.0,
                    0.0,
                    1.0
                ]
            ]
        },
        {
            "file_path": "/data/shapenet_blender/all_50_random/02958343/c17e88a6b0267754c6529edfd0032791/r_18",
            "rotation": 0.12566370614359174,
            "transform_matrix": [
                [
                    -0.4794462025165558,
                    0.2707122564315796,
                    0.8347731232643127,
                    3.3650782108306885
                ],
                [
                    0.8775713443756104,
                    0.14789904654026031,
                    0.4560641348361969,
                    1.8384532928466797
                ],
                [
                    0.0,
                    0.9512311220169067,
                    -0.3084789514541626,
                    -1.2435184717178345
                ],
                [
                    0.0,
                    0.0,
                    0.0,
                    1.0
                ]
            ]
        },
        {
            "file_path": "/data/shapenet_blender/all_50_random/02958343/c17e88a6b0267754c6529edfd0032791/r_19",
            "rotation": 0.12566370614359174,
            "transform_matrix": [
                [
                    0.9979871511459351,
                    -0.0028263577260077,
                    0.06335321813821793,
                    0.25538498163223267
                ],
                [
                    0.06341623514890671,
                    0.0444786474108696,
                    -0.9969954490661621,
                    -4.019017219543457
                ],
                [
                    2.3283064365386963e-10,
                    0.9990063905715942,
                    0.04456835612654686,
                    0.17966079711914062
                ],
                [
                    0.0,
                    0.0,
                    0.0,
                    1.0
                ]
            ]
        },
        {
            "file_path": "/data/shapenet_blender/all_50_random/02958343/c17e88a6b0267754c6529edfd0032791/r_20",
            "rotation": 0.12566370614359174,
            "transform_matrix": [
                [
                    0.7255944609642029,
                    0.6177980303764343,
                    0.3030480444431305,
                    1.2216256856918335
                ],
                [
                    0.688122570514679,
                    -0.6514403820037842,
                    -0.3195505738258362,
                    -1.2881495952606201
                ],
                [
                    1.4901162970204496e-08,
                    0.44039830565452576,
                    -0.897802472114563,
                    -3.619157552719116
                ],
                [
                    0.0,
                    0.0,
                    0.0,
                    1.0
                ]
            ]
        },
        {
            "file_path": "/data/shapenet_blender/all_50_random/02958343/c17e88a6b0267754c6529edfd0032791/r_21",
            "rotation": 0.12566370614359174,
            "transform_matrix": [
                [
                    0.002143176971003413,
                    -0.9860028624534607,
                    -0.16671405732631683,
                    -0.6720459461212158
                ],
                [
                    -0.9999977946281433,
                    -0.0021131832618266344,
                    -0.0003572985006030649,
                    -0.0014403164386749268
                ],
                [
                    0.0,
                    0.16671480238437653,
                    -0.9860051870346069,
                    -3.9747142791748047
                ],
                [
                    0.0,
                    0.0,
                    0.0,
                    1.0
                ]
            ]
        },
        {
            "file_path": "/data/shapenet_blender/all_50_random/02958343/c17e88a6b0267754c6529edfd0032791/r_22",
            "rotation": 0.12566370614359174,
            "transform_matrix": [
                [
                    0.9388024806976318,
                    0.3131807744503021,
                    0.14341498911380768,
                    0.5781243443489075
                ],
                [
                    0.3444562256336212,
                    -0.8535624146461487,
                    -0.39087215065956116,
                    -1.5756561756134033
                ],
                [
                    0.0,
                    0.4163518249988556,
                    -0.9092034697532654,
                    -3.665116548538208
                ],
                [
                    0.0,
                    0.0,
                    0.0,
                    1.0
                ]
            ]
        },
        {
            "file_path": "/data/shapenet_blender/all_50_random/02958343/c17e88a6b0267754c6529edfd0032791/r_23",
            "rotation": 0.12566370614359174,
            "transform_matrix": [
                [
                    -0.773615837097168,
                    0.06282484531402588,
                    0.6305326819419861,
                    2.5417585372924805
                ],
                [
                    0.633654773235321,
                    0.07670153677463531,
                    0.7698041200637817,
                    3.103179693222046
                ],
                [
                    0.0,
                    0.9950728416442871,
                    -0.09914679080247879,
                    -0.3996734917163849
                ],
                [
                    0.0,
                    0.0,
                    0.0,
                    1.0
                ]
            ]
        },
        {
            "file_path": "/data/shapenet_blender/all_50_random/02958343/c17e88a6b0267754c6529edfd0032791/r_24",
            "rotation": 0.12566370614359174,
            "transform_matrix": [
                [
                    0.49583712220191956,
                    -0.39603835344314575,
                    0.772851288318634,
                    3.1154632568359375
                ],
                [
                    0.8684154748916626,
                    0.2261250913143158,
                    -0.4412730634212494,
                    -1.7788286209106445
                ],
                [
                    -1.4901160305669237e-08,
                    0.8899556398391724,
                    0.45604705810546875,
                    1.8383845090866089
                ],
                [
                    0.0,
                    0.0,
                    0.0,
                    1.0
                ]
            ]
        },
        {
            "file_path": "/data/shapenet_blender/all_50_random/02958343/c17e88a6b0267754c6529edfd0032791/r_25",
            "rotation": 0.12566370614359174,
            "transform_matrix": [
                [
                    0.47121962904930115,
                    -0.06060905009508133,
                    0.8799310326576233,
                    3.5471155643463135
                ],
                [
                    0.8820160627365112,
                    0.03238055855035782,
                    -0.47010570764541626,
                    -1.8950567245483398
                ],
                [
                    3.725291186640334e-09,
                    0.9976361393928528,
                    0.06871650367975235,
                    0.27700507640838623
                ],
                [
                    0.0,
                    0.0,
                    0.0,
                    1.0
                ]
            ]
        },
        {
            "file_path": "/data/shapenet_blender/all_50_random/02958343/c17e88a6b0267754c6529edfd0032791/r_26",
            "rotation": 0.12566370614359174,
            "transform_matrix": [
                [
                    -0.9760645031929016,
                    -0.009209001436829567,
                    0.21728625893592834,
                    0.8759089708328247
                ],
                [
                    0.2174813449382782,
                    -0.04133034870028496,
                    0.9751889705657959,
                    3.931112766265869
                ],
                [
                    0.0,
                    0.9991031289100647,
                    0.0423438660800457,
                    0.17069360613822937
                ],
                [
                    0.0,
                    0.0,
                    0.0,
                    1.0
                ]
            ]
        },
        {
            "file_path": "/data/shapenet_blender/all_50_random/02958343/c17e88a6b0267754c6529edfd0032791/r_27",
            "rotation": 0.12566370614359174,
            "transform_matrix": [
                [
                    0.926816999912262,
                    0.048463739454746246,
                    0.3723728656768799,
                    1.5010830163955688
                ],
                [
                    0.37551337480545044,
                    -0.11961495876312256,
                    -0.9190658330917358,
                    -3.7048728466033936
                ],
                [
                    -3.725290298461914e-09,
                    0.9916366934776306,
                    -0.12905997037887573,
                    -0.5202573537826538
                ],
                [
                    0.0,
                    0.0,
                    0.0,
                    1.0
                ]
            ]
        },
        {
            "file_path": "/data/shapenet_blender/all_50_random/02958343/c17e88a6b0267754c6529edfd0032791/r_28",
            "rotation": 0.12566370614359174,
            "transform_matrix": [
                [
                    0.9575203657150269,
                    0.06265657395124435,
                    -0.2814764976501465,
                    -1.1346681118011475
                ],
                [
                    -0.2883658707141876,
                    0.20805147290229797,
                    -0.9346441626548767,
                    -3.7676711082458496
                ],
                [
                    0.0,
                    0.976108968257904,
                    0.2172815203666687,
                    0.8758898377418518
                ],
                [
                    0.0,
                    0.0,
                    0.0,
                    1.0
                ]
            ]
        },
        {
            "file_path": "/data/shapenet_blender/all_50_random/02958343/c17e88a6b0267754c6529edfd0032791/r_29",
            "rotation": 0.12566370614359174,
            "transform_matrix": [
                [
                    -0.3512824773788452,
                    0.9313220381736755,
                    -0.09612434357404709,
                    -0.3874896764755249
                ],
                [
                    -0.9362694621086121,
                    -0.3494262397289276,
                    0.03606525808572769,
                    0.14538371562957764
                ],
                [
                    0.0,
                    0.10266749560832977,
                    0.994715690612793,
                    4.009827613830566
                ],
                [
                    0.0,
                    0.0,
                    0.0,
                    1.0
                ]
            ]
        },
        {
            "file_path": "/data/shapenet_blender/all_50_random/02958343/c17e88a6b0267754c6529edfd0032791/r_30",
            "rotation": 0.12566370614359174,
            "transform_matrix": [
                [
                    0.9967515468597412,
                    0.07410366833209991,
                    -0.03154638782143593,
                    -0.12716756761074066
                ],
                [
                    -0.08053900301456451,
                    0.9171078205108643,
                    -0.3904184401035309,
                    -1.5738271474838257
                ],
                [
                    0.0,
                    0.3916908800601959,
                    0.9200968146324158,
                    3.709029197692871
                ],
                [
                    0.0,
                    0.0,
                    0.0,
                    1.0
                ]
            ]
        },
        {
            "file_path": "/data/shapenet_blender/all_50_random/02958343/c17e88a6b0267754c6529edfd0032791/r_31",
            "rotation": 0.12566370614359174,
            "transform_matrix": [
                [
                    0.41158050298690796,
                    0.75877845287323,
                    -0.5048333406448364,
                    -2.035048246383667
                ],
                [
                    -0.9113733768463135,
                    0.34266790747642517,
                    -0.22798511385917664,
                    -0.919037401676178
                ],
                [
                    0.0,
                    0.5539258718490601,
                    0.83256596326828,
                    3.3561806678771973
                ],
                [
                    0.0,
                    0.0,
                    0.0,
                    1.0
                ]
            ]
        },
        {
            "file_path": "/data/shapenet_blender/all_50_random/02958343/c17e88a6b0267754c6529edfd0032791/r_32",
            "rotation": 0.12566370614359174,
            "transform_matrix": [
                [
                    0.9762665629386902,
                    -0.12219087779521942,
                    0.17881031334400177,
                    0.7208074331283569
                ],
                [
                    0.21657273173332214,
                    0.5508120059967041,
                    -0.8060411214828491,
                    -3.249255657196045
                ],
                [
                    0.0,
                    0.8256362676620483,
                    0.564202606678009,
                    2.2743735313415527
                ],
                [
                    0.0,
                    0.0,
                    0.0,
                    1.0
                ]
            ]
        },
        {
            "file_path": "/data/shapenet_blender/all_50_random/02958343/c17e88a6b0267754c6529edfd0032791/r_33",
            "rotation": 0.12566370614359174,
            "transform_matrix": [
                [
                    -0.7165941596031189,
                    0.3201932907104492,
                    -0.6196524500846863,
                    -2.497898817062378
                ],
                [
                    -0.6974904537200928,
                    -0.32896316051483154,
                    0.6366242170333862,
                    2.566314220428467
                ],
                [
                    -2.9802322387695312e-08,
                    0.8884028196334839,
                    0.4590648412704468,
                    1.850549578666687
                ],
                [
                    0.0,
                    0.0,
                    0.0,
                    1.0
                ]
            ]
        },
        {
            "file_path": "/data/shapenet_blender/all_50_random/02958343/c17e88a6b0267754c6529edfd0032791/r_34",
            "rotation": 0.12566370614359174,
            "transform_matrix": [
                [
                    -0.863976240158081,
                    0.3201550543308258,
                    0.3886462450027466,
                    1.5666831731796265
                ],
                [
                    0.5035326480865479,
                    0.5493314862251282,
                    0.6668506860733032,
                    2.6881611347198486
                ],
                [
                    0.0,
                    0.7718391418457031,
                    -0.63581782579422,
                    -2.563063621520996
                ],
                [
                    0.0,
                    0.0,
                    0.0,
                    1.0
                ]
            ]
        },
        {
            "file_path": "/data/shapenet_blender/all_50_random/02958343/c17e88a6b0267754c6529edfd0032791/r_35",
            "rotation": 0.12566370614359174,
            "transform_matrix": [
                [
                    0.8452035784721375,
                    -0.06712787598371506,
                    0.5302121043205261,
                    2.1373534202575684
                ],
                [
                    0.5344446301460266,
                    0.10616014897823334,
                    -0.8385099768638611,
                    -3.3801417350769043
                ],
                [
                    -3.725290742551124e-09,
                    0.9920805096626282,
                    0.12560304999351501,
                    0.5063220858573914
                ],
                [
                    0.0,
                    0.0,
                    0.0,
                    1.0
                ]
            ]
        },
        {
            "file_path": "/data/shapenet_blender/all_50_random/02958343/c17e88a6b0267754c6529edfd0032791/r_36",
            "rotation": 0.12566370614359174,
            "transform_matrix": [
                [
                    0.8514968752861023,
                    -0.265915185213089,
                    0.4519316852092743,
                    1.821794867515564
                ],
                [
                    0.5243597030639648,
                    0.4318141043186188,
                    -0.7338824272155762,
                    -2.9583747386932373
                ],
                [
                    1.4901161193847656e-08,
                    0.8618732690811157,
                    0.507123589515686,
                    2.044280529022217
                ],
                [
                    0.0,
                    0.0,
                    0.0,
                    1.0
                ]
            ]
        },
        {
            "file_path": "/data/shapenet_blender/all_50_random/02958343/c17e88a6b0267754c6529edfd0032791/r_37",
            "rotation": 0.12566370614359174,
            "transform_matrix": [
                [
                    0.023071687668561935,
                    0.2663520574569702,
                    -0.9635996222496033,
                    -3.8843941688537598
                ],
                [
                    -0.9997338056564331,
                    0.006146828178316355,
                    -0.022237788885831833,
                    -0.08964338898658752
                ],
                [
                    0.0,
                    0.9638561606407166,
                    0.26642298698425293,
                    1.0739854574203491
                ],
                [
                    0.0,
                    0.0,
                    0.0,
                    1.0
                ]
            ]
        },
        {
            "file_path": "/data/shapenet_blender/all_50_random/02958343/c17e88a6b0267754c6529edfd0032791/r_38",
            "rotation": 0.12566370614359174,
            "transform_matrix": [
                [
                    -0.6500387191772461,
                    0.07463722676038742,
                    0.7562267184257507,
                    3.048447608947754
                ],
                [
                    0.7599009871482849,
                    0.06384658813476562,
                    0.6468955874443054,
                    2.607719659805298
                ],
                [
                    -3.7252896323280993e-09,
                    0.9951648116111755,
                    -0.09821965545415878,
                    -0.39593613147735596
                ],
                [
                    0.0,
                    0.0,
                    0.0,
                    1.0
                ]
            ]
        },
        {
            "file_path": "/data/shapenet_blender/all_50_random/02958343/c17e88a6b0267754c6529edfd0032791/r_39",
            "rotation": 0.12566370614359174,
            "transform_matrix": [
                [
                    -0.7655516266822815,
                    0.48243817687034607,
                    0.4256572127342224,
                    1.7158790826797485
                ],
                [
                    0.6433743834495544,
                    0.5740535259246826,
                    0.5064898133277893,
                    2.0417256355285645
                ],
                [
                    -1.4901160305669237e-08,
                    0.6616011261940002,
                    -0.7498559951782227,
                    -3.02276611328125
                ],
                [
                    0.0,
                    0.0,
                    0.0,
                    1.0
                ]
            ]
        },
        {
            "file_path": "/data/shapenet_blender/all_50_random/02958343/c17e88a6b0267754c6529edfd0032791/r_40",
            "rotation": 0.12566370614359174,
            "transform_matrix": [
                [
                    0.22893041372299194,
                    0.9056881070137024,
                    -0.3568190932273865,
                    -1.4383838176727295
                ],
                [
                    -0.9734428524971008,
                    0.21299611032009125,
                    -0.08391529321670532,
                    -0.33827337622642517
                ],
                [
                    -7.450581485102248e-09,
                    0.3665538430213928,
                    0.9303968548774719,
                    3.750549793243408
                ],
                [
                    0.0,
                    0.0,
                    0.0,
                    1.0
                ]
            ]
        },
        {
            "file_path": "/data/shapenet_blender/all_50_random/02958343/c17e88a6b0267754c6529edfd0032791/r_41",
            "rotation": 0.12566370614359174,
            "transform_matrix": [
                [
                    0.9869466423988342,
                    0.02694401703774929,
                    -0.15877799689769745,
                    -0.6400545835494995
                ],
                [
                    -0.16104792058467865,
                    0.1651204526424408,
                    -0.9730358719825745,
                    -3.9224331378936768
                ],
                [
