{
    "class": "02958343",
    "model": "db45ce3926c3ac69e8d8ad3bdef6aca2",
    "remove_doubles": true,
    "edge_split": true,
    "denoise": true,
    "camera_angle_x": 0.6911112070083618,
    "scale_factor": 2.2433017039486924,
    "hdri_file": "/data/IndoorHDRDataset2018/9C4A5295-8b21b94afb.exr",
    "center_offset": [
        0.0,
        0.0,
        3.725290298461914e-09
    ],
    "lights": [],
    "frames": [
        {
            "file_path": "/data/shapenet_blender/all_50_random/02958343/db45ce3926c3ac69e8d8ad3bdef6aca2/r_0",
            "rotation": 0.12566370614359174,
            "transform_matrix": [
                [
                    0.33733418583869934,
                    0.07256784290075302,
                    -0.9385837912559509,
                    -3.7835521697998047
                ],
                [
                    -0.94138503074646,
                    0.026003830134868622,
                    -0.336330384016037,
                    -1.3557910919189453
                ],
                [
                    1.862645371275562e-09,
                    0.9970242977142334,
                    0.07708626985549927,
                    0.31074467301368713
                ],
                [
                    0.0,
                    0.0,
                    0.0,
                    1.0
                ]
            ]
        },
        {
            "file_path": "/data/shapenet_blender/all_50_random/02958343/db45ce3926c3ac69e8d8ad3bdef6aca2/r_1",
            "rotation": 0.12566370614359174,
            "transform_matrix": [
                [
                    0.23436875641345978,
                    0.30925536155700684,
                    -0.9216464161872864,
                    -3.715276002883911
                ],
                [
                    -0.9721477627754211,
                    0.07455635815858841,
                    -0.22219371795654297,
                    -0.8956916332244873
                ],
                [
                    0.0,
                    0.9480518102645874,
                    0.31811559200286865,
                    1.282365083694458
                ],
                [
                    0.0,
                    0.0,
                    0.0,
                    1.0
                ]
            ]
        },
        {
            "file_path": "/data/shapenet_blender/all_50_random/02958343/db45ce3926c3ac69e8d8ad3bdef6aca2/r_2",
            "rotation": 0.12566370614359174,
            "transform_matrix": [
                [
                    -0.12968121469020844,
                    -0.2851857841014862,
                    0.9496588706970215,
                    3.8281970024108887
                ],
                [
                    0.9915557503700256,
                    -0.03729819878935814,
                    0.1242017149925232,
                    0.5006730556488037
                ],
                [
                    3.7252898543727042e-09,
                    0.9577463269233704,
                    0.2876144349575043,
                    1.1594107151031494
                ],
                [
                    0.0,
                    0.0,
                    0.0,
                    1.0
                ]
            ]
        },
        {
            "file_path": "/data/shapenet_blender/all_50_random/02958343/db45ce3926c3ac69e8d8ad3bdef6aca2/r_3",
            "rotation": 0.12566370614359174,
            "transform_matrix": [
                [
                    0.20098865032196045,
                    0.33839839696884155,
                    0.9192877411842346,
                    3.7057676315307617
                ],
                [
                    0.9795935750007629,
                    -0.06943108141422272,
                    -0.1886153668165207,
                    -0.7603329420089722
                ],
                [
                    7.450580596923828e-09,
                    0.9384379982948303,
                    -0.34544771909713745,
                    -1.3925443887710571
                ],
                [
                    0.0,
                    0.0,
                    0.0,
                    1.0
                ]
            ]
        },
        {
            "file_path": "/data/shapenet_blender/all_50_random/02958343/db45ce3926c3ac69e8d8ad3bdef6aca2/r_4",
            "rotation": 0.12566370614359174,
            "transform_matrix": [
                [
                    0.9836186766624451,
                    -0.15056586265563965,
                    0.09911739081144333,
                    0.3995549976825714
                ],
                [
                    0.18026185035705566,
                    0.8215792179107666,
                    -0.5408449172973633,
                    -2.180215835571289
                ],
                [
                    -7.450580596923828e-09,
                    0.5498522520065308,
                    0.8352618217468262,
                    3.3670482635498047
                ],
                [
                    0.0,
                    0.0,
                    0.0,
                    1.0
                ]
            ]
        },
        {
            "file_path": "/data/shapenet_blender/all_50_random/02958343/db45ce3926c3ac69e8d8ad3bdef6aca2/r_5",
            "rotation": 0.12566370614359174,
            "transform_matrix": [
                [
                    0.40072572231292725,
                    -0.6312606334686279,
                    -0.6640247702598572,
                    -2.676769495010376
                ],
                [
                    -0.916198194026947,
                    -0.2761000394821167,
                    -0.2904303967952728,
                    -1.1707624197006226
                ],
                [
                    0.0,
                    0.7247611880302429,
                    -0.6890001893043518,
                    -2.7774486541748047
                ],
                [
                    0.0,
                    0.0,
                    0.0,
                    1.0
                ]
            ]
        },
        {
            "file_path": "/data/shapenet_blender/all_50_random/02958343/db45ce3926c3ac69e8d8ad3bdef6aca2/r_6",
            "rotation": 0.12566370614359174,
            "transform_matrix": [
                [
                    0.7787583470344543,
                    0.4622187316417694,
                    0.42413368821144104,
                    1.7097375392913818
                ],
                [
                    0.6273241639137268,
                    -0.5737969279289246,
                    -0.5265182852745056,
                    -2.1224629878997803
                ],
                [
                    0.0,
                    0.6760997176170349,
                    -0.7368100881576538,
                    -2.9701764583587646
                ],
                [
                    0.0,
                    0.0,
                    0.0,
                    1.0
                ]
            ]
        },
        {
            "file_path": "/data/shapenet_blender/all_50_random/02958343/db45ce3926c3ac69e8d8ad3bdef6aca2/r_7",
            "rotation": 0.12566370614359174,
            "transform_matrix": [
                [
                    0.14121609926223755,
                    -0.6443761587142944,
                    -0.7515566349029541,
                    -3.0296216011047363
                ],
                [
                    -0.9899787902832031,
                    -0.09191741794347763,
                    -0.10720623284578323,
                    -0.4321621358394623
                ],
                [
                    0.0,
                    0.7591643333435059,
                    -0.6508989930152893,
                    -2.6238577365875244
                ],
                [
                    0.0,
                    0.0,
                    0.0,
                    1.0
                ]
            ]
        },
        {
            "file_path": "/data/shapenet_blender/all_50_random/02958343/db45ce3926c3ac69e8d8ad3bdef6aca2/r_8",
            "rotation": 0.12566370614359174,
            "transform_matrix": [
                [
                    0.7232131361961365,
                    0.6690519452095032,
                    -0.1712663769721985,
                    -0.6903969049453735
                ],
                [
                    -0.6906248927116394,
                    0.7006222009658813,
                    -0.17934785783290863,
                    -0.722974419593811
                ],
                [
                    -7.450581485102248e-09,
                    0.24798741936683655,
                    0.9687631130218506,
                    3.9052093029022217
                ],
                [
                    0.0,
                    0.0,
                    0.0,
                    1.0
                ]
            ]
        },
        {
            "file_path": "/data/shapenet_blender/all_50_random/02958343/db45ce3926c3ac69e8d8ad3bdef6aca2/r_9",
            "rotation": 0.12566370614359174,
            "transform_matrix": [
                [
                    0.2178688645362854,
                    0.44444841146469116,
                    0.8689066171646118,
                    3.5026745796203613
                ],
                [
                    0.9759781360626221,
                    -0.09921479225158691,
                    -0.19396714866161346,
                    -0.7819066047668457
                ],
                [
                    0.0,
                    0.8902931809425354,
                    -0.4553877115249634,
                    -1.8357266187667847
                ],
                [
                    0.0,
                    0.0,
                    0.0,
                    1.0
                ]
            ]
        },
        {
            "file_path": "/data/shapenet_blender/all_50_random/02958343/db45ce3926c3ac69e8d8ad3bdef6aca2/r_10",
            "rotation": 0.12566370614359174,
            "transform_matrix": [
                [
                    -0.4084666669368744,
                    -0.15587343275547028,
                    -0.8993656039237976,
                    -3.6254584789276123
                ],
                [
                    -0.9127731919288635,
                    0.06975346803665161,
                    0.402466744184494,
                    1.6223952770233154
                ],
                [
                    -7.450580152834618e-09,
                    0.9853110313415527,
                    -0.17076905071735382,
                    -0.6883920431137085
                ],
                [
                    0.0,
                    0.0,
                    0.0,
                    1.0
                ]
            ]
        },
        {
            "file_path": "/data/shapenet_blender/all_50_random/02958343/db45ce3926c3ac69e8d8ad3bdef6aca2/r_11",
            "rotation": 0.12566370614359174,
            "transform_matrix": [
                [
                    0.26703789830207825,
                    0.005034269765019417,
                    0.9636728763580322,
                    3.8846895694732666
                ],
                [
                    0.9636860489845276,
                    -0.001394998631440103,
                    -0.26703423261642456,
                    -1.0764493942260742
                ],
                [
                    0.0,
                    0.9999864101409912,
                    -0.005223972722887993,
                    -0.02105850726366043
                ],
                [
                    0.0,
                    0.0,
                    0.0,
                    1.0
                ]
            ]
        },
        {
            "file_path": "/data/shapenet_blender/all_50_random/02958343/db45ce3926c3ac69e8d8ad3bdef6aca2/r_12",
            "rotation": 0.12566370614359174,
            "transform_matrix": [
                [
                    0.9933192729949951,
                    0.00376715837046504,
                    0.11533745378255844,
                    0.4649401903152466
                ],
                [
                    0.11539897322654724,
                    -0.03242655098438263,
                    -0.9927897453308105,
                    -4.002063751220703
                ],
                [
                    0.0,
                    0.9994668960571289,
                    -0.032644644379615784,
                    -0.13159479200839996
                ],
                [
                    0.0,
                    0.0,
                    0.0,
                    1.0
                ]
            ]
        },
        {
            "file_path": "/data/shapenet_blender/all_50_random/02958343/db45ce3926c3ac69e8d8ad3bdef6aca2/r_13",
            "rotation": 0.12566370614359174,
            "transform_matrix": [
                [
                    -0.9937390089035034,
                    -0.031530462205410004,
                    -0.10718507319688797,
                    -0.4320768713951111
                ],
                [
                    -0.11172650754451752,
                    0.2804441750049591,
                    0.9533457159996033,
                    3.843059778213501
                ],
                [
                    -1.862645149230957e-09,
                    0.9593523144721985,
                    -0.2822110652923584,
                    -1.1376292705535889
                ],
                [
                    0.0,
                    0.0,
                    0.0,
                    1.0
                ]
            ]
        },
        {
            "file_path": "/data/shapenet_blender/all_50_random/02958343/db45ce3926c3ac69e8d8ad3bdef6aca2/r_14",
            "rotation": 0.12566370614359174,
            "transform_matrix": [
                [
                    -0.5173301100730896,
                    -0.7056931257247925,
                    -0.4841141104698181,
                    -1.951526403427124
                ],
                [
                    -0.8557858467102051,
                    0.42659780383110046,
                    0.29265129566192627,
                    1.1797151565551758
                ],
                [
                    1.4901161193847656e-08,
                    0.5656952857971191,
                    -0.8246142864227295,
                    -3.3241264820098877
                ],
                [
                    0.0,
                    0.0,
                    0.0,
                    1.0
                ]
            ]
        },
        {
            "file_path": "/data/shapenet_blender/all_50_random/02958343/db45ce3926c3ac69e8d8ad3bdef6aca2/r_15",
            "rotation": 0.12566370614359174,
            "transform_matrix": [
                [
                    -0.4195054769515991,
                    0.7468087673187256,
                    -0.5160347819328308,
                    -2.08020281791687
                ],
                [
                    -0.9077529311180115,
                    -0.3451273441314697,
                    0.23847833275794983,
                    0.9613369107246399
                ],
                [
                    0.0,
                    0.5684749484062195,
                    0.822700560092926,
                    3.3164119720458984
                ],
                [
                    0.0,
                    0.0,
                    0.0,
                    1.0
                ]
            ]
        },
        {
            "file_path": "/data/shapenet_blender/all_50_random/02958343/db45ce3926c3ac69e8d8ad3bdef6aca2/r_16",
            "rotation": 0.12566370614359174,
            "transform_matrix": [
                [
                    0.6262097358703613,
                    0.06878671050071716,
                    0.7766143083572388,
                    3.130631923675537
                ],
                [
                    0.7796545028686523,
                    -0.05524871125817299,
                    -0.6237678527832031,
                    -2.514488458633423
                ],
                [
                    0.0,
                    0.9961003065109253,
                    -0.08822717517614365,
                    -0.35565507411956787
                ],
                [
                    0.0,
                    0.0,
                    0.0,
                    1.0
                ]
            ]
        },
        {
            "file_path": "/data/shapenet_blender/all_50_random/02958343/db45ce3926c3ac69e8d8ad3bdef6aca2/r_17",
            "rotation": 0.12566370614359174,
            "transform_matrix": [
                [
                    -0.7160283327102661,
                    0.5091958045959473,
                    -0.47751757502555847,
                    -1.9249348640441895
                ],
                [
                    -0.6980712413787842,
                    -0.522294282913208,
                    0.48980119824409485,
                    1.9744517803192139
                ],
                [
                    1.4901161193847656e-08,
                    0.6840527057647705,
                    0.7294324636459351,
                    2.940436363220215
                ],
                [
                    0.0,
                    0.0,
                    0.0,
                    1.0
                ]
            ]
        },
        {
            "file_path": "/data/shapenet_blender/all_50_random/02958343/db45ce3926c3ac69e8d8ad3bdef6aca2/r_18",
            "rotation": 0.12566370614359174,
            "transform_matrix": [
                [
                    -0.713452935218811,
                    -0.4836718440055847,
                    -0.5069974660873413,
                    -2.0437724590301514
                ],
                [
                    -0.7007031440734863,
                    0.4924725592136383,
                    0.5162225961685181,
                    2.0809600353240967
                ],
                [
                    0.0,
                    0.7235553860664368,
                    -0.6902663111686707,
                    -2.782552719116211
                ],
                [
                    0.0,
                    0.0,
                    0.0,
                    1.0
                ]
            ]
        },
        {
            "file_path": "/data/shapenet_blender/all_50_random/02958343/db45ce3926c3ac69e8d8ad3bdef6aca2/r_19",
            "rotation": 0.12566370614359174,
            "transform_matrix": [
                [
                    -0.6061443090438843,
                    0.19884856045246124,
                    -0.7700963616371155,
                    -3.1043577194213867
                ],
                [
                    -0.7953547835350037,
                    -0.15154357254505157,
                    0.586894690990448,
                    2.3658480644226074
                ],
                [
                    7.450580596923828e-09,
                    0.9682425856590271,
                    0.25001242756843567,
                    1.0078322887420654
                ],
                [
                    0.0,
                    0.0,
                    0.0,
                    1.0
                ]
            ]
        },
        {
            "file_path": "/data/shapenet_blender/all_50_random/02958343/db45ce3926c3ac69e8d8ad3bdef6aca2/r_20",
            "rotation": 0.12566370614359174,
            "transform_matrix": [
                [
                    -0.2051934003829956,
                    0.6303713917732239,
                    -0.7486838698387146,
                    -3.0180411338806152
                ],
                [
                    -0.9787214994430542,
                    -0.1321602165699005,
                    0.1569649577140808,
                    0.6327459812164307
                ],
                [
                    -7.450580596923828e-09,
                    0.7649610638618469,
                    0.6440765261650085,
                    2.596355438232422
                ],
                [
                    0.0,
                    0.0,
                    0.0,
                    1.0
                ]
            ]
        },
        {
            "file_path": "/data/shapenet_blender/all_50_random/02958343/db45ce3926c3ac69e8d8ad3bdef6aca2/r_21",
            "rotation": 0.12566370614359174,
            "transform_matrix": [
                [
                    0.9483609199523926,
                    0.21480609476566315,
                    0.23338782787322998,
                    0.9408164620399475
                ],
                [
                    0.31719323992729187,
                    -0.6422384977340698,
                    -0.6977951526641846,
                    -2.8129024505615234
                ],
                [
                    0.0,
                    0.7357907295227051,
                    -0.6772089004516602,
                    -2.729916572570801
                ],
                [
                    0.0,
                    0.0,
                    0.0,
                    1.0
                ]
            ]
        },
        {
            "file_path": "/data/shapenet_blender/all_50_random/02958343/db45ce3926c3ac69e8d8ad3bdef6aca2/r_22",
            "rotation": 0.12566370614359174,
            "transform_matrix": [
                [
                    -0.037567056715488434,
                    -0.012705792672932148,
                    0.9992133975028992,
                    4.027957439422607
                ],
                [
                    0.9992941617965698,
                    -0.00047765637282282114,
                    0.03756402060389519,
                    0.15142539143562317
                ],
                [
                    -2.9103830456733704e-11,
                    0.9999191164970398,
                    0.012714769691228867,
                    0.051254868507385254
                ],
                [
                    0.0,
                    0.0,
                    0.0,
                    1.0
                ]
            ]
        },
        {
            "file_path": "/data/shapenet_blender/all_50_random/02958343/db45ce3926c3ac69e8d8ad3bdef6aca2/r_23",
            "rotation": 0.12566370614359174,
            "transform_matrix": [
                [
                    -0.9577680230140686,
                    -0.03495606780052185,
                    0.28540968894958496,
                    1.15052330493927
                ],
                [
                    0.2875424027442932,
                    -0.11643430590629578,
                    0.9506641626358032,
                    3.832249879837036
                ],
                [
                    -3.725291186640334e-09,
                    0.9925829172134399,
                    0.12156840413808823,
                    0.49005791544914246
                ],
                [
                    0.0,
                    0.0,
                    0.0,
                    1.0
                ]
            ]
        },
        {
            "file_path": "/data/shapenet_blender/all_50_random/02958343/db45ce3926c3ac69e8d8ad3bdef6aca2/r_24",
            "rotation": 0.12566370614359174,
            "transform_matrix": [
                [
                    0.2703229784965515,
                    0.09297668188810349,
                    0.9582696557044983,
                    3.8629086017608643
                ],
                [
                    0.962769627571106,
                    -0.026105660945177078,
                    -0.26905950903892517,
                    -1.084613561630249
                ],
                [
                    1.8626450382086546e-09,
                    0.995326042175293,
                    -0.09657207876443863,
                    -0.38929450511932373
                ],
                [
                    0.0,
                    0.0,
                    0.0,
                    1.0
                ]
            ]
        },
        {
            "file_path": "/data/shapenet_blender/all_50_random/02958343/db45ce3926c3ac69e8d8ad3bdef6aca2/r_25",
            "rotation": 0.12566370614359174,
            "transform_matrix": [
                [
                    0.6742690801620483,
                    0.5458136796951294,
                    0.4974421262741089,
                    2.005253314971924
                ],
                [
                    0.7384857535362244,
                    -0.49835124611854553,
                    -0.45418593287467957,
                    -1.8308820724487305
                ],
                [
                    1.4901161193847656e-08,
                    0.673597514629364,
                    -0.7390983700752258,
                    -2.979400873184204
                ],
                [
                    0.0,
                    0.0,
                    0.0,
                    1.0
                ]
            ]
        },
        {
            "file_path": "/data/shapenet_blender/all_50_random/02958343/db45ce3926c3ac69e8d8ad3bdef6aca2/r_26",
            "rotation": 0.12566370614359174,
            "transform_matrix": [
                [
                    -0.058849990367889404,
                    -0.40132513642311096,
                    0.9140430688858032,
                    3.6846256256103516
                ],
                [
                    0.9982669353485107,
                    -0.023658981546759605,
                    0.05388480797410011,
                    0.2172166258096695
                ],
                [
                    0.0,
                    0.9156299829483032,
                    0.4020218849182129,
                    1.6206021308898926
                ],
                [
                    0.0,
                    0.0,
                    0.0,
                    1.0
                ]
            ]
        },
        {
            "file_path": "/data/shapenet_blender/all_50_random/02958343/db45ce3926c3ac69e8d8ad3bdef6aca2/r_27",
            "rotation": 0.12566370614359174,
            "transform_matrix": [
                [
                    0.8381713032722473,
                    -0.34814223647117615,
                    0.4198402762413025,
                    1.6924302577972412
                ],
                [
                    0.5454070568084717,
                    0.5350184440612793,
                    -0.64520263671875,
                    -2.6008949279785156
                ],
                [
                    0.0,
                    0.7697741389274597,
                    0.6383163332939148,
                    2.5731353759765625
                ],
                [
                    0.0,
                    0.0,
                    0.0,
                    1.0
                ]
            ]
        },
        {
            "file_path": "/data/shapenet_blender/all_50_random/02958343/db45ce3926c3ac69e8d8ad3bdef6aca2/r_28",
            "rotation": 0.12566370614359174,
            "transform_matrix": [
                [
                    -0.04199771583080292,
                    -0.2749144434928894,
                    -0.9605509638786316,
                    -3.872105121612549
                ],
                [
                    -0.9991177320480347,
                    0.011555974371731281,
                    0.04037657007575035,
                    0.16276317834854126
                ],
                [
                    0.0,
                    0.9613993167877197,
                    -0.2751571536064148,
                    -1.109194040298462
                ],
                [
                    0.0,
                    0.0,
                    0.0,
                    1.0
                ]
            ]
        },
        {
            "file_path": "/data/shapenet_blender/all_50_random/02958343/db45ce3926c3ac69e8d8ad3bdef6aca2/r_29",
            "rotation": 0.12566370614359174,
            "transform_matrix": [
                [
                    -0.3109390139579773,
                    0.5184154510498047,
                    0.7965940833091736,
                    3.2111737728118896
                ],
                [
                    0.9504299163818359,
                    0.16960281133651733,
                    0.2606106698513031,
                    1.0505553483963013
                ],
                [
                    1.4901162970204496e-08,
                    0.8381408452987671,
                    -0.545453667640686,
                    -2.198794364929199
                ],
                [
                    0.0,
                    0.0,
                    0.0,
                    1.0
                ]
            ]
        },
        {
            "file_path": "/data/shapenet_blender/all_50_random/02958343/db45ce3926c3ac69e8d8ad3bdef6aca2/r_30",
            "rotation": 0.12566370614359174,
            "transform_matrix": [
                [
                    0.6423450112342834,
                    0.1849857121706009,
                    -0.743756115436554,
                    -2.9981768131256104
                ],
                [
                    -0.7664155960083008,
                    0.1550394594669342,
                    -0.6233537793159485,
                    -2.512819528579712
                ],
                [
                    7.4505797087454084e-09,
                    0.9704345464706421,
                    0.24136477708816528,
                    0.9729725122451782
                ],
                [
                    0.0,
                    0.0,
                    0.0,
                    1.0
                ]
            ]
        },
        {
            "file_path": "/data/shapenet_blender/all_50_random/02958343/db45ce3926c3ac69e8d8ad3bdef6aca2/r_31",
            "rotation": 0.12566370614359174,
            "transform_matrix": [
                [
                    -0.031596455723047256,
                    -0.4723278880119324,
                    -0.880856454372406,
                    -3.5508458614349365
                ],
                [
                    -0.9995006918907166,
                    0.014931343495845795,
                    0.027845848351716995,
                    0.11225020885467529
                ],
                [
                    -9.313224080820248e-10,
                    0.8812965750694275,
                    -0.47256383299827576,
                    -1.9049657583236694
                ],
                [
                    0.0,
                    0.0,
                    0.0,
                    1.0
                ]
            ]
        },
        {
            "file_path": "/data/shapenet_blender/all_50_random/02958343/db45ce3926c3ac69e8d8ad3bdef6aca2/r_32",
            "rotation": 0.12566370614359174,
            "transform_matrix": [
                [
                    0.8962968587875366,
                    -0.013972686603665352,
                    -0.4432344138622284,
                    -1.7867351770401
                ],
                [
                    -0.44345465302467346,
                    -0.02824116311967373,
                    -0.895851731300354,
                    -3.6112940311431885
                ],
                [
                    0.0,
                    0.999503493309021,
                    -0.03150871396064758,
                    -0.12701570987701416
                ],
                [
                    0.0,
                    0.0,
                    0.0,
                    1.0
                ]
            ]
        },
        {
            "file_path": "/data/shapenet_blender/all_50_random/02958343/db45ce3926c3ac69e8d8ad3bdef6aca2/r_33",
            "rotation": 0.12566370614359174,
            "transform_matrix": [
                [
                    -0.8787026405334473,
                    -0.22420069575309753,
                    0.4214448630809784,
                    1.6988986730575562
                ],
                [
                    0.47736963629722595,
                    -0.4126901626586914,
                    0.7757608890533447,
                    3.127192497253418
                ],
                [
                    1.4901161193847656e-08,
                    0.8828481435775757,
                    0.4696584939956665,
                    1.893254041671753
                ],
                [
                    0.0,
                    0.0,
                    0.0,
                    1.0
                ]
            ]
        },
        {
            "file_path": "/data/shapenet_blender/all_50_random/02958343/db45ce3926c3ac69e8d8ad3bdef6aca2/r_34",
            "rotation": 0.12566370614359174,
            "transform_matrix": [
                [
                    -0.8150351643562317,
                    0.25279882550239563,
                    -0.5213543772697449,
                    -2.101646900177002
                ],
                [
                    -0.579411506652832,
                    -0.35560208559036255,
                    0.733368456363678,
                    2.956303119659424
                ],
                [
                    -1.4901161193847656e-08,
                    0.8997998237609863,
                    0.43630272150039673,
                    1.7587926387786865
                ],
                [
                    0.0,
                    0.0,
                    0.0,
                    1.0
                ]
            ]
        },
        {
            "file_path": "/data/shapenet_blender/all_50_random/02958343/db45ce3926c3ac69e8d8ad3bdef6aca2/r_35",
            "rotation": 0.12566370614359174,
            "transform_matrix": [
                [
                    0.3437597155570984,
                    -0.3214302361011505,
                    0.8823332190513611,
                    3.5567989349365234
                ],
                [
                    0.9390577077865601,
                    0.11766558885574341,
                    -0.3229946494102478,
                    -1.3020330667495728
                ],
                [
                    -7.450580596923828e-09,
                    0.9395942687988281,
                    0.3422902226448059,
                    1.3798160552978516
                ],
                [
                    0.0,
                    0.0,
                    0.0,
                    1.0
                ]
            ]
        },
        {
            "file_path": "/data/shapenet_blender/all_50_random/02958343/db45ce3926c3ac69e8d8ad3bdef6aca2/r_36",
            "rotation": 0.12566370614359174,
            "transform_matrix": [
                [
                    0.7346859574317932,
                    -0.09873984754085541,
                    0.6711832284927368,
                    2.7056262493133545
                ],
                [
                    0.6784073114395142,
                    0.10693100839853287,
                    -0.7268625497817993,
                    -2.9300765991210938
                ],
                [
                    -7.450581485102248e-09,
                    0.9893513917922974,
                    0.145546555519104,
                    0.5867169499397278
                ],
                [
                    0.0,
                    0.0,
                    0.0,
                    1.0
                ]
            ]
        },
        {
            "file_path": "/data/shapenet_blender/all_50_random/02958343/db45ce3926c3ac69e8d8ad3bdef6aca2/r_37",
            "rotation": 0.12566370614359174,
            "transform_matrix": [
                [
                    -0.8986510634422302,
                    -0.08788975328207016,
                    -0.42976945638656616,
                    -1.7324562072753906
                ],
                [
                    -0.43866443634033203,
                    0.18005158007144928,
                    0.8804287910461426,
                    3.5491223335266113
                ],
                [
                    0.0,
                    0.9797228574752808,
                    -0.2003576010465622,
                    -0.8076673746109009
                ],
                [
                    0.0,
                    0.0,
                    0.0,
                    1.0
                ]
            ]
        },
        {
            "file_path": "/data/shapenet_blender/all_50_random/02958343/db45ce3926c3ac69e8d8ad3bdef6aca2/r_38",
            "rotation": 0.12566370614359174,
            "transform_matrix": [
                [
                    -0.48520591855049133,
                    0.5501342415809631,
                    0.6796524524688721,
                    2.7397665977478027
                ],
                [
                    0.8743999004364014,
                    0.30527037382125854,
                    0.37714022397994995,
                    1.5203008651733398
                ],
                [
                    0.0,
                    0.7772786617279053,
                    -0.6291564702987671,
                    -2.536210775375366
                ],
                [
                    0.0,
                    0.0,
                    0.0,
                    1.0
                ]
            ]
        },
        {
            "file_path": "/data/shapenet_blender/all_50_random/02958343/db45ce3926c3ac69e8d8ad3bdef6aca2/r_39",
            "rotation": 0.12566370614359174,
            "transform_matrix": [
                [
                    -0.4503486454486847,
                    0.11822495609521866,
                    0.884990930557251,
                    3.5675125122070312
                ],
                [
                    0.892852783203125,
                    0.0596318319439888,
                    0.44638317823410034,
                    1.799428105354309
                ],
                [
                    3.725290298461914e-09,
                    0.9911946654319763,
                    -0.1324125975370407,
                    -0.5337722301483154
                ],
                [
                    0.0,
                    0.0,
                    0.0,
                    1.0
                ]
            ]
        },
        {
            "file_path": "/data/shapenet_blender/all_50_random/02958343/db45ce3926c3ac69e8d8ad3bdef6aca2/r_40",
            "rotation": 0.12566370614359174,
            "transform_matrix": [
                [
                    0.9579603672027588,
                    -0.07142055034637451,
                    -0.27786892652511597,
                    -1.1201255321502686
                ],
                [
                    -0.2869007885456085,
                    -0.23847287893295288,
                    -0.9278030395507812,
                    -3.740093946456909
                ],
                [
                    0.0,
                    0.9685192704200745,
                    -0.2489381581544876,
                    -1.0035018920898438
                ],
                [
                    0.0,
                    0.0,
                    0.0,
                    1.0
                ]
            ]
        },
        {
            "file_path": "/data/shapenet_blender/all_50_random/02958343/db45ce3926c3ac69e8d8ad3bdef6aca2/r_41",
            "rotation": 0.12566370614359174,
            "transform_matrix": [
                [
                    0.7347968816757202,
                    0.16282770037651062,
                    0.6584532260894775,
                    2.6543099880218506
                ],
                [
                    0.6782872676849365,
                    -0.17639324069023132,
                    -0.7133104205131531,
