{
    "class": "02958343",
    "model": "a583ea14f9da98936436916a86a90ed7",
    "remove_doubles": true,
    "edge_split": true,
    "denoise": true,
    "camera_angle_x": 0.6911112070083618,
    "scale_factor": 2.252341118490386,
    "hdri_file": "/data/IndoorHDRDataset2018/AG8A6267-a7acfc754d.exr",
    "center_offset": [
        0.0,
        0.0,
        -1.862645149230957e-09
    ],
    "lights": [],
    "frames": [
        {
            "file_path": "/data/shapenet_blender/all_50_random/02958343/a583ea14f9da98936436916a86a90ed7/r_0",
            "rotation": 0.12566370614359174,
            "transform_matrix": [
                [
                    0.9867643117904663,
                    0.120310939848423,
                    -0.1087266057729721,
                    -0.43829095363616943
                ],
                [
                    -0.16216102242469788,
                    0.7321028113365173,
                    -0.6616111397743225,
                    -2.6670398712158203
                ],
                [
                    -7.450580596923828e-09,
                    0.6704854369163513,
                    0.7419226765632629,
                    2.990786075592041
                ],
                [
                    0.0,
                    0.0,
                    0.0,
                    1.0
                ]
            ]
        },
        {
            "file_path": "/data/shapenet_blender/all_50_random/02958343/a583ea14f9da98936436916a86a90ed7/r_1",
            "rotation": 0.12566370614359174,
            "transform_matrix": [
                [
                    0.3257146179676056,
                    -0.01902456395328045,
                    0.9452767372131348,
                    3.810532331466675
                ],
                [
                    0.9454681873321533,
                    0.006553979124873877,
                    -0.3256486654281616,
                    -1.3127317428588867
                ],
                [
                    0.0,
                    0.999797523021698,
                    0.020121846348047256,
                    0.08111375570297241
                ],
                [
                    0.0,
                    0.0,
                    0.0,
                    1.0
                ]
            ]
        },
        {
            "file_path": "/data/shapenet_blender/all_50_random/02958343/a583ea14f9da98936436916a86a90ed7/r_2",
            "rotation": 0.12566370614359174,
            "transform_matrix": [
                [
                    0.16543535888195038,
                    -0.02849809266626835,
                    -0.985808789730072,
                    -3.9739222526550293
                ],
                [
                    -0.98622065782547,
                    -0.004780463874340057,
                    -0.1653662770986557,
                    -0.6666128039360046
                ],
                [
                    4.656613428188905e-10,
                    0.9995822906494141,
                    -0.0288962684571743,
                    -0.11648458242416382
                ],
                [
                    0.0,
                    0.0,
                    0.0,
                    1.0
                ]
            ]
        },
        {
            "file_path": "/data/shapenet_blender/all_50_random/02958343/a583ea14f9da98936436916a86a90ed7/r_3",
            "rotation": 0.12566370614359174,
            "transform_matrix": [
                [
                    0.12321999669075012,
                    0.03810523450374603,
                    0.991647481918335,
                    3.9974591732025146
                ],
                [
                    0.9923794269561768,
                    -0.004731382708996534,
                    -0.12312911450862885,
                    -0.49634936451911926
                ],
                [
                    0.0,
                    0.9992625713348389,
                    -0.03839784488081932,
                    -0.15478667616844177
                ],
                [
                    0.0,
                    0.0,
                    0.0,
                    1.0
                ]
            ]
        },
        {
            "file_path": "/data/shapenet_blender/all_50_random/02958343/a583ea14f9da98936436916a86a90ed7/r_4",
            "rotation": 0.12566370614359174,
            "transform_matrix": [
                [
                    -0.9779070615768433,
                    0.13999289274215698,
                    -0.15524090826511383,
                    -0.6257961988449097
                ],
                [
                    -0.2090400755405426,
                    -0.6548985242843628,
                    0.7262300252914429,
                    2.9275271892547607
                ],
                [
                    0.0,
                    0.742637038230896,
                    0.6696940064430237,
                    2.6996231079101562
                ],
                [
                    0.0,
                    0.0,
                    0.0,
                    1.0
                ]
            ]
        },
        {
            "file_path": "/data/shapenet_blender/all_50_random/02958343/a583ea14f9da98936436916a86a90ed7/r_5",
            "rotation": 0.12566370614359174,
            "transform_matrix": [
                [
                    -0.6541041135787964,
                    -0.44282522797584534,
                    -0.6132320165634155,
                    -2.472017288208008
                ],
                [
                    -0.756404459476471,
                    0.3829350769519806,
                    0.5302951335906982,
                    2.137688159942627
                ],
                [
                    -1.4901161193847656e-08,
                    0.8107196092605591,
                    -0.5854344964027405,
                    -2.359961986541748
                ],
                [
                    0.0,
                    0.0,
                    0.0,
                    1.0
                ]
            ]
        },
        {
            "file_path": "/data/shapenet_blender/all_50_random/02958343/a583ea14f9da98936436916a86a90ed7/r_6",
            "rotation": 0.12566370614359174,
            "transform_matrix": [
                [
                    -0.8493677973747253,
                    -0.25364232063293457,
                    -0.4628608524799347,
                    -1.865851879119873
                ],
                [
                    -0.5278017520904541,
                    0.4081752598285675,
                    0.7448612451553345,
                    3.002631902694702
                ],
                [
                    1.4901162970204496e-08,
                    0.8769598007202148,
                    -0.4805636703968048,
                    -1.9372142553329468
                ],
                [
                    0.0,
                    0.0,
                    0.0,
                    1.0
                ]
            ]
        },
        {
            "file_path": "/data/shapenet_blender/all_50_random/02958343/a583ea14f9da98936436916a86a90ed7/r_7",
            "rotation": 0.12566370614359174,
            "transform_matrix": [
                [
                    -0.9318727254867554,
                    0.0832546055316925,
                    -0.35310325026512146,
                    -1.4234048128128052
                ],
                [
                    -0.3627853989601135,
                    -0.21385285258293152,
                    0.9070025086402893,
                    3.6562442779541016
                ],
                [
                    0.0,
                    0.973311722278595,
                    0.22948716580867767,
                    0.9250923991203308
                ],
                [
                    0.0,
                    0.0,
                    0.0,
                    1.0
                ]
            ]
        },
        {
            "file_path": "/data/shapenet_blender/all_50_random/02958343/a583ea14f9da98936436916a86a90ed7/r_8",
            "rotation": 0.12566370614359174,
            "transform_matrix": [
                [
                    0.10096780955791473,
                    0.20651625096797943,
                    0.973219633102417,
                    3.9231739044189453
                ],
                [
                    0.9948897957801819,
                    -0.02095859684050083,
                    -0.09876858443021774,
                    -0.39814889430999756
                ],
                [
                    0.0,
                    0.9782186150550842,
                    -0.20757703483104706,
                    -0.8367698192596436
                ],
                [
                    0.0,
                    0.0,
                    0.0,
                    1.0
                ]
            ]
        },
        {
            "file_path": "/data/shapenet_blender/all_50_random/02958343/a583ea14f9da98936436916a86a90ed7/r_9",
            "rotation": 0.12566370614359174,
            "transform_matrix": [
                [
                    0.035868752747774124,
                    0.009181301109492779,
                    -0.9993143081665039,
                    -4.028364658355713
                ],
                [
                    -0.9993565082550049,
                    0.00032953385380096734,
                    -0.03586723282933235,
                    -0.14458543062210083
                ],
                [
                    2.9103830456733704e-11,
                    0.999957799911499,
                    0.009187213145196438,
                    0.037034839391708374
                ],
                [
                    0.0,
                    0.0,
                    0.0,
                    1.0
                ]
            ]
        },
        {
            "file_path": "/data/shapenet_blender/all_50_random/02958343/a583ea14f9da98936436916a86a90ed7/r_10",
            "rotation": 0.12566370614359174,
            "transform_matrix": [
                [
                    -0.9975425601005554,
                    -0.004644026048481464,
                    0.0699084922671318,
                    0.28181010484695435
                ],
                [
                    0.0700625628232956,
                    -0.06612108647823334,
                    0.9953488707542419,
                    4.012379169464111
                ],
                [
                    -4.656612040410124e-10,
                    0.9978007674217224,
                    0.06628398597240448,
                    0.26719924807548523
                ],
                [
                    0.0,
                    0.0,
                    0.0,
                    1.0
                ]
            ]
        },
        {
            "file_path": "/data/shapenet_blender/all_50_random/02958343/a583ea14f9da98936436916a86a90ed7/r_11",
            "rotation": 0.12566370614359174,
            "transform_matrix": [
                [
                    0.7726355791091919,
                    0.5130094289779663,
                    0.37397265434265137,
                    1.507532000541687
                ],
                [
                    0.6348497867584229,
                    -0.6243513822555542,
                    -0.4551384449005127,
                    -1.8347218036651611
                ],
                [
                    1.4901161193847656e-08,
                    0.589072585105896,
                    -0.8080800771713257,
                    -3.257474899291992
                ],
                [
                    0.0,
                    0.0,
                    0.0,
                    1.0
                ]
            ]
        },
        {
            "file_path": "/data/shapenet_blender/all_50_random/02958343/a583ea14f9da98936436916a86a90ed7/r_12",
            "rotation": 0.12566370614359174,
            "transform_matrix": [
                [
                    -0.8165911436080933,
                    -0.3493484556674957,
                    -0.4594937860965729,
                    -1.852278709411621
                ],
                [
                    -0.5772165060043335,
                    0.49422508478164673,
                    0.6500482559204102,
                    2.6204283237457275
                ],
                [
                    0.0,
                    0.7960510849952698,
                    -0.6052294373512268,
                    -2.439757823944092
                ],
                [
                    0.0,
                    0.0,
                    0.0,
                    1.0
                ]
            ]
        },
        {
            "file_path": "/data/shapenet_blender/all_50_random/02958343/a583ea14f9da98936436916a86a90ed7/r_13",
            "rotation": 0.12566370614359174,
            "transform_matrix": [
                [
                    0.3434275686740875,
                    -0.40287309885025024,
                    -0.8483812808990479,
                    -3.419934034347534
                ],
                [
                    -0.9391791224479675,
                    -0.14731772243976593,
                    -0.3102256953716278,
                    -1.2505595684051514
                ],
                [
                    -7.4505797087454084e-09,
                    0.9033219218254089,
                    -0.4289630949497223,
                    -1.7292053699493408
                ],
                [
                    0.0,
                    0.0,
                    0.0,
                    1.0
                ]
            ]
        },
        {
            "file_path": "/data/shapenet_blender/all_50_random/02958343/a583ea14f9da98936436916a86a90ed7/r_14",
            "rotation": 0.12566370614359174,
            "transform_matrix": [
                [
                    -0.9981853365898132,
                    -0.008345957845449448,
                    0.05963689833879471,
                    0.24040402472019196
                ],
                [
                    0.06021806597709656,
                    -0.13834407925605774,
                    0.9885517954826355,
                    3.9849798679351807
                ],
                [
                    0.0,
                    0.9903490543365479,
                    0.1385955810546875,
                    0.5586966872215271
                ],
                [
                    0.0,
                    0.0,
                    0.0,
                    1.0
                ]
            ]
        },
        {
            "file_path": "/data/shapenet_blender/all_50_random/02958343/a583ea14f9da98936436916a86a90ed7/r_15",
            "rotation": 0.12566370614359174,
            "transform_matrix": [
                [
                    0.18068455159664154,
                    -0.1194351315498352,
                    -0.9762623310089111,
                    -3.9354395866394043
                ],
                [
                    -0.9835411310195923,
                    -0.021941211074590683,
                    -0.17934738099575043,
                    -0.7229724526405334
                ],
                [
                    0.0,
                    0.9925995469093323,
                    -0.12143377959728241,
                    -0.4895152449607849
                ],
                [
                    0.0,
                    0.0,
                    0.0,
                    1.0
                ]
            ]
        },
        {
            "file_path": "/data/shapenet_blender/all_50_random/02958343/a583ea14f9da98936436916a86a90ed7/r_16",
            "rotation": 0.12566370614359174,
            "transform_matrix": [
                [
                    0.7315381765365601,
                    0.15430612862110138,
                    0.6641095876693726,
                    2.6771113872528076
                ],
                [
                    0.6818004846572876,
                    -0.16556283831596375,
                    -0.7125566601753235,
                    -2.8724076747894287
                ],
                [
                    7.450581485102248e-09,
                    0.9740526080131531,
                    -0.2263215184211731,
                    -0.912331223487854
                ],
                [
                    0.0,
                    0.0,
                    0.0,
                    1.0
                ]
            ]
        },
        {
            "file_path": "/data/shapenet_blender/all_50_random/02958343/a583ea14f9da98936436916a86a90ed7/r_17",
            "rotation": 0.12566370614359174,
            "transform_matrix": [
                [
                    0.9590939879417419,
                    0.023236025124788284,
                    -0.2821325957775116,
                    -1.137312889099121
                ],
                [
                    -0.283087819814682,
                    0.07872304320335388,
                    -0.9558576941490173,
                    -3.8531856536865234
                ],
                [
                    3.725290298461914e-09,
                    0.9966257214546204,
                    0.08208061754703522,
                    0.33087754249572754
                ],
                [
                    0.0,
                    0.0,
                    0.0,
                    1.0
                ]
            ]
        },
        {
            "file_path": "/data/shapenet_blender/all_50_random/02958343/a583ea14f9da98936436916a86a90ed7/r_18",
            "rotation": 0.12566370614359174,
            "transform_matrix": [
                [
                    0.7989281415939331,
                    0.006824085023254156,
                    -0.6013878583908081,
                    -2.424271821975708
                ],
                [
                    -0.6014266014099121,
                    0.009065036661922932,
                    -0.7988767027854919,
                    -3.220374584197998
                ],
                [
                    4.656612873077393e-10,
                    0.9999355673789978,
                    0.011346499435603619,
                    0.04573919624090195
                ],
                [
                    0.0,
                    0.0,
                    0.0,
                    1.0
                ]
            ]
        },
        {
            "file_path": "/data/shapenet_blender/all_50_random/02958343/a583ea14f9da98936436916a86a90ed7/r_19",
            "rotation": 0.12566370614359174,
            "transform_matrix": [
                [
                    -0.9763542413711548,
                    -0.17479337751865387,
                    0.1271994411945343,
                    0.512757420539856
                ],
                [
                    0.2161768674850464,
                    -0.7894473671913147,
                    0.5744912624359131,
                    2.3158485889434814
                ],
                [
                    0.0,
                    0.5884045362472534,
                    0.8085665106773376,
                    3.2594361305236816
                ],
                [
                    0.0,
                    0.0,
                    0.0,
                    1.0
                ]
            ]
        },
        {
            "file_path": "/data/shapenet_blender/all_50_random/02958343/a583ea14f9da98936436916a86a90ed7/r_20",
            "rotation": 0.12566370614359174,
            "transform_matrix": [
                [
                    0.0999729260802269,
                    -0.5482418537139893,
                    -0.8303229808807373,
                    -3.3471388816833496
                ],
                [
                    -0.9949902296066284,
                    -0.055085308849811554,
                    -0.08342777192592621,
                    -0.336308091878891
                ],
                [
                    0.0,
                    0.834503710269928,
                    -0.5510023236274719,
                    -2.221161365509033
                ],
                [
                    0.0,
                    0.0,
                    0.0,
                    1.0
                ]
            ]
        },
        {
            "file_path": "/data/shapenet_blender/all_50_random/02958343/a583ea14f9da98936436916a86a90ed7/r_21",
            "rotation": 0.12566370614359174,
            "transform_matrix": [
                [
                    -0.20828627049922943,
                    -0.863338828086853,
                    0.4596334397792816,
                    1.8528416156768799
                ],
                [
                    0.9780679941177368,
                    -0.1838539093732834,
                    0.09788209199905396,
                    0.3945753276348114
                ],
                [
                    -7.450581485102248e-09,
                    0.4699401557445526,
                    0.8826982378959656,
                    3.5582704544067383
                ],
                [
                    0.0,
                    0.0,
                    0.0,
                    1.0
                ]
            ]
        },
        {
            "file_path": "/data/shapenet_blender/all_50_random/02958343/a583ea14f9da98936436916a86a90ed7/r_22",
            "rotation": 0.12566370614359174,
            "transform_matrix": [
                [
                    0.9995322227478027,
                    0.006516315974295139,
                    0.029882442206144333,
                    0.12045998871326447
                ],
                [
                    0.030584685504436493,
                    -0.2129584699869156,
                    -0.9765823483467102,
                    -3.936729669570923
                ],
                [
                    0.0,
                    0.9770395755767822,
                    -0.21305809915065765,
                    -0.8588647246360779
                ],
                [
                    0.0,
                    0.0,
                    0.0,
                    1.0
                ]
            ]
        },
        {
            "file_path": "/data/shapenet_blender/all_50_random/02958343/a583ea14f9da98936436916a86a90ed7/r_23",
            "rotation": 0.12566370614359174,
            "transform_matrix": [
                [
                    0.9616979360580444,
                    0.07448670268058777,
                    0.2637971341609955,
                    1.063400387763977
                ],
                [
                    0.27411168813705444,
                    -0.26133036613464355,
                    -0.9255101680755615,
                    -3.730851173400879
                ],
                [
                    7.450581485102248e-09,
                    0.9623711109161377,
                    -0.2717384696006775,
                    -1.0954129695892334
                ],
                [
                    0.0,
                    0.0,
                    0.0,
                    1.0
                ]
            ]
        },
        {
            "file_path": "/data/shapenet_blender/all_50_random/02958343/a583ea14f9da98936436916a86a90ed7/r_24",
            "rotation": 0.12566370614359174,
            "transform_matrix": [
                [
                    -0.6915684342384338,
                    -0.34950780868530273,
                    -0.6321213841438293,
                    -2.5481626987457275
                ],
                [
                    -0.7223110198974609,
                    0.3346322476863861,
                    0.6052173972129822,
                    2.439709424972534
                ],
                [
                    -1.4901162970204496e-08,
                    0.8751373887062073,
                    -0.48387446999549866,
                    -1.9505603313446045
                ],
                [
                    0.0,
                    0.0,
                    0.0,
                    1.0
                ]
            ]
        },
        {
            "file_path": "/data/shapenet_blender/all_50_random/02958343/a583ea14f9da98936436916a86a90ed7/r_25",
            "rotation": 0.12566370614359174,
            "transform_matrix": [
                [
                    -0.9871436357498169,
                    -0.010724634863436222,
                    -0.15947593748569489,
                    -0.6428680419921875
                ],
                [
                    -0.15983614325523376,
                    0.06623505055904388,
                    0.9849189519882202,
                    3.9703352451324463
                ],
                [
                    9.31322685637781e-10,
                    0.9977463483810425,
                    -0.06709768623113632,
                    -0.2704794108867645
                ],
                [
                    0.0,
                    0.0,
                    0.0,
                    1.0
                ]
            ]
        },
        {
            "file_path": "/data/shapenet_blender/all_50_random/02958343/a583ea14f9da98936436916a86a90ed7/r_26",
            "rotation": 0.12566370614359174,
            "transform_matrix": [
                [
                    -0.7605292201042175,
                    0.13853740692138672,
                    -0.6343521475791931,
                    -2.5571553707122803
                ],
                [
                    -0.649303674697876,
                    -0.16226881742477417,
                    0.7430164813995361,
                    2.995195150375366
                ],
                [
                    0.0,
                    0.9769729375839233,
                    0.21336302161216736,
                    0.8600938320159912
                ],
                [
                    0.0,
                    0.0,
                    0.0,
                    1.0
                ]
            ]
        },
        {
            "file_path": "/data/shapenet_blender/all_50_random/02958343/a583ea14f9da98936436916a86a90ed7/r_27",
            "rotation": 0.12566370614359174,
            "transform_matrix": [
                [
                    0.9459731578826904,
                    0.004324096255004406,
                    0.3242163062095642,
                    1.306957721710205
                ],
                [
                    0.3242451548576355,
                    -0.012615390121936798,
                    -0.9458889961242676,
                    -3.813000440597534
                ],
                [
                    0.0,
                    0.9999110102653503,
                    -0.013335887342691422,
                    -0.05375868082046509
                ],
                [
                    0.0,
                    0.0,
                    0.0,
                    1.0
                ]
            ]
        },
        {
            "file_path": "/data/shapenet_blender/all_50_random/02958343/a583ea14f9da98936436916a86a90ed7/r_28",
            "rotation": 0.12566370614359174,
            "transform_matrix": [
                [
                    0.9983361959457397,
                    0.01685119979083538,
                    -0.05514425039291382,
                    -0.22229358553886414
                ],
                [
                    -0.05766152963042259,
                    0.29175716638565063,
                    -0.9547527432441711,
                    -3.848731517791748
                ],
                [
                    0.0,
                    0.956343948841095,
                    0.2922433912754059,
                    1.1780707836151123
                ],
                [
                    0.0,
                    0.0,
                    0.0,
                    1.0
                ]
            ]
        },
        {
            "file_path": "/data/shapenet_blender/all_50_random/02958343/a583ea14f9da98936436916a86a90ed7/r_29",
            "rotation": 0.12566370614359174,
            "transform_matrix": [
                [
                    -0.9934898018836975,
                    0.11107940971851349,
                    0.025287523865699768,
                    0.10193727910518646
                ],
                [
                    0.11392145603895187,
                    0.9687048196792603,
                    0.2205282300710678,
                    0.8889777660369873
                ],
                [
                    0.0,
                    0.22197338938713074,
                    -0.9750526547431946,
                    -3.93056321144104
                ],
                [
                    0.0,
                    0.0,
                    0.0,
                    1.0
                ]
            ]
        },
        {
            "file_path": "/data/shapenet_blender/all_50_random/02958343/a583ea14f9da98936436916a86a90ed7/r_30",
            "rotation": 0.12566370614359174,
            "transform_matrix": [
                [
                    -0.4196694493293762,
                    -0.08235862106084824,
                    0.9039328694343567,
                    3.6438698768615723
                ],
                [
                    0.9076771140098572,
                    -0.03807895630598068,
                    0.4179382920265198,
                    1.6847631931304932
                ],
                [
                    0.0,
                    0.9958750009536743,
                    0.09073560684919357,
                    0.3657669425010681
                ],
                [
                    0.0,
                    0.0,
                    0.0,
                    1.0
                ]
            ]
        },
        {
            "file_path": "/data/shapenet_blender/all_50_random/02958343/a583ea14f9da98936436916a86a90ed7/r_31",
            "rotation": 0.12566370614359174,
            "transform_matrix": [
                [
                    -0.9536222815513611,
                    -0.07688983529806137,
                    -0.2910196781158447,
                    -1.1731380224227905
                ],
                [
                    -0.30100584030151367,
                    0.2435961365699768,
                    0.9219849705696106,
                    3.7166404724121094
                ],
                [
                    0.0,
                    0.9668241143226624,
                    -0.2554429769515991,
                    -1.0297236442565918
                ],
                [
                    0.0,
                    0.0,
                    0.0,
                    1.0
                ]
            ]
        },
        {
            "file_path": "/data/shapenet_blender/all_50_random/02958343/a583ea14f9da98936436916a86a90ed7/r_32",
            "rotation": 0.12566370614359174,
            "transform_matrix": [
                [
                    0.2879020571708679,
                    -0.16476522386074066,
                    -0.9433795213699341,
                    -3.802884101867676
                ],
                [
                    -0.9576598405838013,
                    -0.049533504992723465,
                    -0.28360894322395325,
                    -1.1432640552520752
                ],
                [
                    -3.7252898543727042e-09,
                    0.9850882887840271,
                    -0.17204983532428741,
                    -0.6935549974441528
                ],
                [
                    0.0,
                    0.0,
                    0.0,
                    1.0
                ]
            ]
        },
        {
            "file_path": "/data/shapenet_blender/all_50_random/02958343/a583ea14f9da98936436916a86a90ed7/r_33",
            "rotation": 0.12566370614359174,
            "transform_matrix": [
                [
                    0.23141281306743622,
                    -0.09645820409059525,
                    0.9680619239807129,
                    3.9023823738098145
                ],
                [
                    0.9728556275367737,
                    0.022944480180740356,
                    -0.2302725464105606,
                    -0.9282582998275757
                ],
                [
                    -1.8626450382086546e-09,
                    0.995072603225708,
                    0.09914954006671906,
                    0.3996845781803131
                ],
                [
                    0.0,
                    0.0,
                    0.0,
                    1.0
                ]
            ]
        },
        {
            "file_path": "/data/shapenet_blender/all_50_random/02958343/a583ea14f9da98936436916a86a90ed7/r_34",
            "rotation": 0.12566370614359174,
            "transform_matrix": [
                [
                    0.23907874524593353,
                    -0.017541849985718727,
                    -0.9708417057991028,
                    -3.913588047027588
                ],
                [
                    -0.9710002541542053,
                    -0.004319137427955866,
                    -0.23903971910476685,
                    -0.9635999202728271
                ],
                [
                    0.0,
                    0.9998366832733154,
                    -0.01806575618684292,
                    -0.07282539457082748
                ],
                [
                    0.0,
                    0.0,
                    0.0,
                    1.0
                ]
            ]
        },
        {
            "file_path": "/data/shapenet_blender/all_50_random/02958343/a583ea14f9da98936436916a86a90ed7/r_35",
            "rotation": 0.12566370614359174,
            "transform_matrix": [
                [
                    0.909127414226532,
                    -0.10741962492465973,
                    -0.40242800116539,
                    -1.6222392320632935
                ],
                [
                    -0.41651809215545654,
                    -0.2344631403684616,
                    -0.8783732652664185,
                    -3.5408360958099365
                ],
                [
                    -7.450580596923828e-09,
                    0.9661718010902405,
                    -0.25789904594421387,
                    -1.0396244525909424
                ],
                [
                    0.0,
                    0.0,
                    0.0,
                    1.0
                ]
            ]
        },
        {
            "file_path": "/data/shapenet_blender/all_50_random/02958343/a583ea14f9da98936436916a86a90ed7/r_36",
            "rotation": 0.12566370614359174,
            "transform_matrix": [
                [
                    0.7894787192344666,
                    0.1976887583732605,
                    -0.5810701251029968,
                    -2.3423688411712646
                ],
                [
                    -0.6137779951095581,
                    0.25427931547164917,
                    -0.747407853603363,
                    -3.0128977298736572
                ],
                [
                    0.0,
                    0.9467105865478516,
                    0.3220851421356201,
                    1.298366904258728
                ],
                [
                    0.0,
                    0.0,
                    0.0,
                    1.0
                ]
            ]
        },
        {
            "file_path": "/data/shapenet_blender/all_50_random/02958343/a583ea14f9da98936436916a86a90ed7/r_37",
            "rotation": 0.12566370614359174,
            "transform_matrix": [
                [
                    -0.47863802313804626,
                    0.11714830994606018,
                    -0.8701618909835815,
                    -3.507735252380371
                ],
                [
                    -0.8780122995376587,
                    -0.06386201083660126,
                    0.4743584394454956,
                    1.9122003316879272
                ],
                [
                    0.0,
                    0.9910589456558228,
                    0.13342444598674774,
                    0.5378512144088745
                ],
                [
                    0.0,
                    0.0,
                    0.0,
                    1.0
                ]
            ]
        },
        {
            "file_path": "/data/shapenet_blender/all_50_random/02958343/a583ea14f9da98936436916a86a90ed7/r_38",
            "rotation": 0.12566370614359174,
            "transform_matrix": [
                [
                    -0.9898073673248291,
                    -0.034757331013679504,
                    -0.1381058245897293,
                    -0.5567224025726318
                ],
                [
                    -0.14241237938404083,
                    0.2415735274553299,
                    0.9598755240440369,
                    3.869381904602051
                ],
                [
                    -3.725290076417309e-09,
                    0.9697597622871399,
                    -0.2440611720085144,
                    -0.9838420748710632
                ],
                [
                    0.0,
                    0.0,
                    0.0,
                    1.0
                ]
            ]
        },
        {
            "file_path": "/data/shapenet_blender/all_50_random/02958343/a583ea14f9da98936436916a86a90ed7/r_39",
            "rotation": 0.12566370614359174,
            "transform_matrix": [
                [
                    -0.018972737714648247,
                    0.21011097729206085,
                    -0.977493405342102,
                    -3.940401792526245
                ],
                [
                    -0.9998199939727783,
                    -0.003987097647041082,
                    0.018549064174294472,
                    0.07477366924285889
                ],
                [
                    2.3283062977608182e-10,
                    0.977669358253479,
                    0.21014882624149323,
                    0.8471369743347168
                ],
                [
                    0.0,
                    0.0,
                    0.0,
                    1.0
                ]
            ]
        },
        {
            "file_path": "/data/shapenet_blender/all_50_random/02958343/a583ea14f9da98936436916a86a90ed7/r_40",
            "rotation": 0.12566370614359174,
            "transform_matrix": [
                [
                    0.8379045128822327,
                    -0.19152525067329407,
                    0.5111107230186462,
                    2.0603530406951904
                ],
                [
                    0.5458168387413025,
                    0.2940177917480469,
                    -0.784625768661499,
                    -3.1629271507263184
                ],
                [
                    0.0,
                    0.9364141225814819,
                    0.35089656710624695,
                    1.4145091772079468
                ],
                [
                    0.0,
                    0.0,
                    0.0,
                    1.0
                ]
            ]
        },
        {
            "file_path": "/data/shapenet_blender/all_50_random/02958343/a583ea14f9da98936436916a86a90ed7/r_41",
            "rotation": 0.12566370614359174,
            "transform_matrix": [
                [
                    -0.9215582609176636,
                    -0.03372436761856079,
                    0.3867725729942322,
                    1.5591301918029785
                ],
                [
                    0.38824012875556946,
                    -0.08005090057849884,
                    0.9180747866630554,
