{
    "class": "02958343",
    "model": "bef5b9686c2f93f46a2345809e2bb169",
    "remove_doubles": true,
    "edge_split": true,
    "denoise": true,
    "camera_angle_x": 0.6911112070083618,
    "scale_factor": 2.2470396567860877,
    "hdri_file": "/data/IndoorHDRDataset2018/AG8A5750-775ec6d714.exr",
    "center_offset": [
        0.0,
        0.0,
        2.7939677238464355e-09
    ],
    "lights": [],
    "frames": [
        {
            "file_path": "/data/shapenet_blender/all_50_random/02958343/bef5b9686c2f93f46a2345809e2bb169/r_0",
            "rotation": 0.12566370614359174,
            "transform_matrix": [
                [
                    0.9994379281997681,
                    0.024382540956139565,
                    0.023008378222584724,
                    0.09274973720312119
                ],
                [
                    0.0335245318710804,
                    -0.7268956899642944,
                    -0.685929000377655,
                    -2.765068292617798
                ],
                [
                    0.0,
                    0.6863147616386414,
                    -0.7273045778274536,
                    -2.931858539581299
                ],
                [
                    0.0,
                    0.0,
                    0.0,
                    1.0
                ]
            ]
        },
        {
            "file_path": "/data/shapenet_blender/all_50_random/02958343/bef5b9686c2f93f46a2345809e2bb169/r_1",
            "rotation": 0.12566370614359174,
            "transform_matrix": [
                [
                    0.2828235626220703,
                    0.20950725674629211,
                    0.9360114932060242,
                    3.7731831073760986
                ],
                [
                    0.9591719508171082,
                    -0.06177577003836632,
                    -0.2759944200515747,
                    -1.1125690937042236
                ],
                [
                    -3.725290742551124e-09,
                    0.9758536219596863,
                    -0.21842512488365173,
                    -0.8804998397827148
                ],
                [
                    0.0,
                    0.0,
                    0.0,
                    1.0
                ]
            ]
        },
        {
            "file_path": "/data/shapenet_blender/all_50_random/02958343/bef5b9686c2f93f46a2345809e2bb169/r_2",
            "rotation": 0.12566370614359174,
            "transform_matrix": [
                [
                    0.9320106506347656,
                    0.02480282075703144,
                    0.3615812063217163,
                    1.457580327987671
                ],
                [
                    0.3624308705329895,
                    -0.06378179788589478,
                    -0.9298257231712341,
                    -3.748246908187866
                ],
                [
                    0.0,
                    0.9976555705070496,
                    -0.06843462586402893,
                    -0.2758687734603882
                ],
                [
                    0.0,
                    0.0,
                    0.0,
                    1.0
                ]
            ]
        },
        {
            "file_path": "/data/shapenet_blender/all_50_random/02958343/bef5b9686c2f93f46a2345809e2bb169/r_3",
            "rotation": 0.12566370614359174,
            "transform_matrix": [
                [
                    0.08952371031045914,
                    0.8179209232330322,
                    0.5683226585388184,
                    2.2909820079803467
                ],
                [
                    0.995984673500061,
                    -0.07351851463317871,
                    -0.05108347162604332,
                    -0.20592406392097473
                ],
                [
                    -3.725290742551124e-09,
                    0.5706138014793396,
                    -0.8212184309959412,
                    -3.3104374408721924
                ],
                [
                    0.0,
                    0.0,
                    0.0,
                    1.0
                ]
            ]
        },
        {
            "file_path": "/data/shapenet_blender/all_50_random/02958343/bef5b9686c2f93f46a2345809e2bb169/r_4",
            "rotation": 0.12566370614359174,
            "transform_matrix": [
                [
                    0.19723466038703918,
                    0.3974514603614807,
                    -0.8961756229400635,
                    -3.6125996112823486
                ],
                [
                    -0.9803562760353088,
                    0.07996196299791336,
                    -0.18029864132404327,
                    -0.7268071174621582
                ],
                [
                    0.0,
                    0.9141325950622559,
                    0.40541526675224304,
                    1.6342812776565552
                ],
                [
                    0.0,
                    0.0,
                    0.0,
                    1.0
                ]
            ]
        },
        {
            "file_path": "/data/shapenet_blender/all_50_random/02958343/bef5b9686c2f93f46a2345809e2bb169/r_5",
            "rotation": 0.12566370614359174,
            "transform_matrix": [
                [
                    0.7341649532318115,
                    0.020831076428294182,
                    0.6786515116691589,
                    2.735731601715088
                ],
                [
                    0.6789711117744446,
                    -0.02252444252371788,
                    -0.7338193655014038,
                    -2.958120346069336
                ],
                [
                    0.0,
                    0.999529242515564,
                    -0.030680358409881592,
                    -0.12367647886276245
                ],
                [
                    0.0,
                    0.0,
                    0.0,
                    1.0
                ]
            ]
        },
        {
            "file_path": "/data/shapenet_blender/all_50_random/02958343/bef5b9686c2f93f46a2345809e2bb169/r_6",
            "rotation": 0.12566370614359174,
            "transform_matrix": [
                [
                    -0.6220592856407166,
                    -0.1263565719127655,
                    0.7727071046829224,
                    3.114881992340088
                ],
                [
                    0.782970130443573,
                    -0.10038860142230988,
                    0.6139054298400879,
                    2.474731922149658
                ],
                [
                    0.0,
                    0.9868921041488647,
                    0.1613810956478119,
                    0.650547981262207
                ],
                [
                    0.0,
                    0.0,
                    0.0,
                    1.0
                ]
            ]
        },
        {
            "file_path": "/data/shapenet_blender/all_50_random/02958343/bef5b9686c2f93f46a2345809e2bb169/r_7",
            "rotation": 0.12566370614359174,
            "transform_matrix": [
                [
                    -0.58314448595047,
                    0.36387866735458374,
                    0.7263158559799194,
                    2.927872896194458
                ],
                [
                    0.8123685121536255,
                    0.26120394468307495,
                    0.5213731527328491,
                    2.101722478866577
                ],
                [
                    -1.4901162970204496e-08,
                    0.8940719366073608,
                    -0.4479232132434845,
                    -1.8056362867355347
                ],
                [
                    0.0,
                    0.0,
                    0.0,
                    1.0
                ]
            ]
        },
        {
            "file_path": "/data/shapenet_blender/all_50_random/02958343/bef5b9686c2f93f46a2345809e2bb169/r_8",
            "rotation": 0.12566370614359174,
            "transform_matrix": [
                [
                    0.29874852299690247,
                    -0.8529176115989685,
                    -0.42811301350593567,
                    -1.7257786989212036
                ],
                [
                    -0.9543318748474121,
                    -0.26700136065483093,
                    -0.13401852548122406,
                    -0.5402459502220154
                ],
                [
                    7.450580596923828e-09,
                    0.44859975576400757,
                    -0.8937327265739441,
                    -3.6027519702911377
                ],
                [
                    0.0,
                    0.0,
                    0.0,
                    1.0
                ]
            ]
        },
        {
            "file_path": "/data/shapenet_blender/all_50_random/02958343/bef5b9686c2f93f46a2345809e2bb169/r_9",
            "rotation": 0.12566370614359174,
            "transform_matrix": [
                [
                    0.791257917881012,
                    -0.007499655708670616,
                    0.6114365458488464,
                    2.464779853820801
                ],
                [
                    0.6114826798439026,
                    0.009704547002911568,
                    -0.7911982536315918,
                    -3.189422369003296
                ],
                [
                    -4.656612873077393e-10,
                    0.999924898147583,
                    0.012264704331755638,
                    0.04944060742855072
                ],
                [
                    0.0,
                    0.0,
                    0.0,
                    1.0
                ]
            ]
        },
        {
            "file_path": "/data/shapenet_blender/all_50_random/02958343/bef5b9686c2f93f46a2345809e2bb169/r_10",
            "rotation": 0.12566370614359174,
            "transform_matrix": [
                [
                    0.45645859837532043,
                    0.6015161871910095,
                    -0.6556094884872437,
                    -2.6428463459014893
                ],
                [
                    -0.8897446990013123,
                    0.30859100818634033,
                    -0.33634206652641296,
                    -1.3558381795883179
                ],
                [
                    0.0,
                    0.7368512153625488,
                    0.6760548949241638,
                    2.725264549255371
                ],
                [
                    0.0,
                    0.0,
                    0.0,
                    1.0
                ]
            ]
        },
        {
            "file_path": "/data/shapenet_blender/all_50_random/02958343/bef5b9686c2f93f46a2345809e2bb169/r_11",
            "rotation": 0.12566370614359174,
            "transform_matrix": [
                [
                    -0.977931022644043,
                    0.030991680920124054,
                    0.20661680400371552,
                    0.8328989744186401
                ],
                [
                    0.2089282125234604,
                    0.1450628787279129,
                    0.9671120643615723,
                    3.8985533714294434
                ],
                [
                    -1.862645149230957e-09,
                    0.9889369010925293,
                    -0.1483365297317505,
                    -0.5979636907577515
                ],
                [
                    0.0,
                    0.0,
                    0.0,
                    1.0
                ]
            ]
        },
        {
            "file_path": "/data/shapenet_blender/all_50_random/02958343/bef5b9686c2f93f46a2345809e2bb169/r_12",
            "rotation": 0.12566370614359174,
            "transform_matrix": [
                [
                    0.19365742802619934,
                    0.6986805200576782,
                    0.6887251138687134,
                    2.7763397693634033
                ],
                [
                    0.9810692071914673,
                    -0.13791552186012268,
                    -0.13595038652420044,
                    -0.5480335354804993
                ],
                [
                    0.0,
                    0.7020147442817688,
                    -0.7121623158454895,
                    -2.8708181381225586
                ],
                [
                    0.0,
                    0.0,
                    0.0,
                    1.0
                ]
            ]
        },
        {
            "file_path": "/data/shapenet_blender/all_50_random/02958343/bef5b9686c2f93f46a2345809e2bb169/r_13",
            "rotation": 0.12566370614359174,
            "transform_matrix": [
                [
                    -0.9848290681838989,
                    -0.0175620187073946,
                    -0.17263610661029816,
                    -0.6959183812141418
                ],
                [
                    -0.1735270619392395,
                    0.09967082738876343,
                    0.9797725081443787,
                    3.949589252471924
                ],
                [
                    0.0,
                    0.9948654174804688,
                    -0.1012062355875969,
                    -0.40797537565231323
                ],
                [
                    0.0,
                    0.0,
                    0.0,
                    1.0
                ]
            ]
        },
        {
            "file_path": "/data/shapenet_blender/all_50_random/02958343/bef5b9686c2f93f46a2345809e2bb169/r_14",
            "rotation": 0.12566370614359174,
            "transform_matrix": [
                [
                    -0.9313090443611145,
                    0.04025568813085556,
                    0.36199846863746643,
                    1.459262490272522
                ],
                [
                    0.36422985792160034,
                    0.10293082892894745,
                    0.925603449344635,
                    3.731226921081543
                ],
                [
                    3.725290076417309e-09,
                    0.9938735961914062,
                    -0.11052273958921432,
                    -0.44553142786026
                ],
                [
                    0.0,
                    0.0,
                    0.0,
                    1.0
                ]
            ]
        },
        {
            "file_path": "/data/shapenet_blender/all_50_random/02958343/bef5b9686c2f93f46a2345809e2bb169/r_15",
            "rotation": 0.12566370614359174,
            "transform_matrix": [
                [
                    0.6146294474601746,
                    -0.02442721650004387,
                    -0.7884376645088196,
                    -3.1782939434051514
                ],
                [
                    -0.7888160347938538,
                    -0.019033195450901985,
                    -0.6143347024917603,
                    -2.4764623641967773
                ],
                [
                    -1.862645371275562e-09,
                    0.9995203614234924,
                    -0.03096694126725197,
                    -0.12483173608779907
                ],
                [
                    0.0,
                    0.0,
                    0.0,
                    1.0
                ]
            ]
        },
        {
            "file_path": "/data/shapenet_blender/all_50_random/02958343/bef5b9686c2f93f46a2345809e2bb169/r_16",
            "rotation": 0.12566370614359174,
            "transform_matrix": [
                [
                    -0.9446309208869934,
                    0.1251806914806366,
                    -0.3033186197280884,
                    -1.2227164506912231
                ],
                [
                    -0.328134685754776,
                    -0.360368937253952,
                    0.8731906414031982,
                    3.519943952560425
                ],
                [
                    0.0,
                    0.924372136592865,
                    0.3814918100833893,
                    1.5378426313400269
                ],
                [
                    0.0,
                    0.0,
                    0.0,
                    1.0
                ]
            ]
        },
        {
            "file_path": "/data/shapenet_blender/all_50_random/02958343/bef5b9686c2f93f46a2345809e2bb169/r_17",
            "rotation": 0.12566370614359174,
            "transform_matrix": [
                [
                    0.38335785269737244,
                    0.08614037930965424,
                    -0.9195741415023804,
                    -3.7069218158721924
                ],
                [
                    -0.923599898815155,
                    0.035754214972257614,
                    -0.38168686628341675,
                    -1.5386289358139038
                ],
                [
                    0.0,
                    0.9956412315368652,
                    0.09326589852571487,
                    0.375966876745224
                ],
                [
                    0.0,
                    0.0,
                    0.0,
                    1.0
                ]
            ]
        },
        {
            "file_path": "/data/shapenet_blender/all_50_random/02958343/bef5b9686c2f93f46a2345809e2bb169/r_18",
            "rotation": 0.12566370614359174,
            "transform_matrix": [
                [
                    0.06347160786390305,
                    0.26714473962783813,
                    0.961563766002655,
                    3.876187801361084
                ],
                [
                    0.9979836940765381,
                    -0.016990365460515022,
                    -0.061155304312705994,
                    -0.24652493000030518
                ],
                [
                    1.862645371275562e-09,
                    0.9635065793991089,
                    -0.2676844596862793,
                    -1.0790706872940063
                ],
                [
                    0.0,
                    0.0,
                    0.0,
                    1.0
                ]
            ]
        },
        {
            "file_path": "/data/shapenet_blender/all_50_random/02958343/bef5b9686c2f93f46a2345809e2bb169/r_19",
            "rotation": 0.12566370614359174,
            "transform_matrix": [
                [
                    0.7989630699157715,
                    0.3358178436756134,
                    -0.49888309836387634,
                    -2.0110621452331543
                ],
                [
                    -0.6013799905776978,
                    0.44615063071250916,
                    -0.662790834903717,
                    -2.67179536819458
                ],
                [
                    1.4901160305669237e-08,
                    0.8295637965202332,
                    0.5584119558334351,
                    2.251030683517456
                ],
                [
                    0.0,
                    0.0,
                    0.0,
                    1.0
                ]
            ]
        },
        {
            "file_path": "/data/shapenet_blender/all_50_random/02958343/bef5b9686c2f93f46a2345809e2bb169/r_20",
            "rotation": 0.12566370614359174,
            "transform_matrix": [
                [
                    -0.7589199542999268,
                    -0.055177733302116394,
                    -0.6488418579101562,
                    -2.615565538406372
                ],
                [
                    -0.6511837840080261,
                    0.06430669873952866,
                    0.7561905384063721,
                    3.0483016967773438
                ],
                [
                    0.0,
                    0.9964035153388977,
                    -0.0847344845533371,
                    -0.34157565236091614
                ],
                [
                    0.0,
                    0.0,
                    0.0,
                    1.0
                ]
            ]
        },
        {
            "file_path": "/data/shapenet_blender/all_50_random/02958343/bef5b9686c2f93f46a2345809e2bb169/r_21",
            "rotation": 0.12566370614359174,
            "transform_matrix": [
                [
                    0.33330878615379333,
                    -0.5335282683372498,
                    0.7773370146751404,
                    3.1335456371307373
                ],
                [
                    0.9428178071975708,
                    0.188615083694458,
                    -0.274807333946228,
                    -1.1077837944030762
                ],
                [
                    0.0,
                    0.8244827389717102,
                    0.5658870339393616,
                    2.2811636924743652
                ],
                [
                    0.0,
                    0.0,
                    0.0,
                    1.0
                ]
            ]
        },
        {
            "file_path": "/data/shapenet_blender/all_50_random/02958343/bef5b9686c2f93f46a2345809e2bb169/r_22",
            "rotation": 0.12566370614359174,
            "transform_matrix": [
                [
                    -0.8888089656829834,
                    -0.04375284165143967,
                    0.4561844766139984,
                    1.8389384746551514
                ],
                [
                    0.4582778513431549,
                    -0.08485663682222366,
                    0.8847489356994629,
                    3.5665371417999268
                ],
                [
                    0.0,
                    0.9954320192337036,
                    0.0954723060131073,
                    0.38486117124557495
                ],
                [
                    0.0,
                    0.0,
                    0.0,
                    1.0
                ]
            ]
        },
        {
            "file_path": "/data/shapenet_blender/all_50_random/02958343/bef5b9686c2f93f46a2345809e2bb169/r_23",
            "rotation": 0.12566370614359174,
            "transform_matrix": [
                [
                    0.2413102239370346,
                    -0.21715925633907318,
                    -0.9458388090133667,
                    -3.812798500061035
                ],
                [
                    -0.9704480767250061,
                    -0.05399850755929947,
                    -0.23519091308116913,
                    -0.9480849504470825
                ],
                [
                    0.0,
                    0.9746413826942444,
                    -0.22377216815948486,
                    -0.9020545482635498
                ],
                [
                    0.0,
                    0.0,
                    0.0,
                    1.0
                ]
            ]
        },
        {
            "file_path": "/data/shapenet_blender/all_50_random/02958343/bef5b9686c2f93f46a2345809e2bb169/r_24",
            "rotation": 0.12566370614359174,
            "transform_matrix": [
                [
                    0.7832052111625671,
                    0.5511037111282349,
                    -0.28787899017333984,
                    -1.1604772806167603
                ],
                [
                    -0.6217634081840515,
                    0.6941986083984375,
                    -0.36262720823287964,
                    -1.4617969989776611
                ],
                [
                    -1.4901162970204496e-08,
                    0.46300408244132996,
                    0.8863561153411865,
                    3.5730156898498535
                ],
                [
                    0.0,
                    0.0,
                    0.0,
                    1.0
                ]
            ]
        },
        {
            "file_path": "/data/shapenet_blender/all_50_random/02958343/bef5b9686c2f93f46a2345809e2bb169/r_25",
            "rotation": 0.12566370614359174,
            "transform_matrix": [
                [
                    -0.9589133262634277,
                    0.0022101972717791796,
                    -0.2836906611919403,
                    -1.1435937881469727
                ],
                [
                    -0.2836993336677551,
                    -0.007470541633665562,
                    0.9588841199874878,
                    3.8653857707977295
                ],
                [
                    2.3283064365386963e-10,
                    0.9999697208404541,
                    0.007790631614625454,
                    0.031405042856931686
                ],
                [
                    0.0,
                    0.0,
                    0.0,
                    1.0
                ]
            ]
        },
        {
            "file_path": "/data/shapenet_blender/all_50_random/02958343/bef5b9686c2f93f46a2345809e2bb169/r_26",
            "rotation": 0.12566370614359174,
            "transform_matrix": [
                [
                    0.2804790139198303,
                    -0.010468450374901295,
                    0.95980304479599,
                    3.8690898418426514
                ],
                [
                    0.9598601460456848,
                    0.003058967413380742,
                    -0.2804623544216156,
                    -1.130579948425293
                ],
                [
                    0.0,
                    0.9999406337738037,
                    0.010906223207712173,
                    0.04396439343690872
                ],
                [
                    0.0,
                    0.0,
                    0.0,
                    1.0
                ]
            ]
        },
        {
            "file_path": "/data/shapenet_blender/all_50_random/02958343/bef5b9686c2f93f46a2345809e2bb169/r_27",
            "rotation": 0.12566370614359174,
            "transform_matrix": [
                [
                    0.9657689332962036,
                    -0.09391483664512634,
                    -0.24180656671524048,
                    -0.9747534990310669
                ],
                [
                    -0.2594039738178253,
                    -0.34964779019355774,
                    -0.9002532362937927,
                    -3.6290371417999268
                ],
                [
                    0.0,
                    0.9321621656417847,
                    -0.36204084753990173,
                    -1.4594334363937378
                ],
                [
                    0.0,
                    0.0,
                    0.0,
                    1.0
                ]
            ]
        },
        {
            "file_path": "/data/shapenet_blender/all_50_random/02958343/bef5b9686c2f93f46a2345809e2bb169/r_28",
            "rotation": 0.12566370614359174,
            "transform_matrix": [
                [
                    0.18506471812725067,
                    -0.05521847680211067,
                    -0.9811738729476929,
                    -3.955237865447998
                ],
                [
                    -0.9827263355255127,
                    -0.010398614220321178,
                    -0.18477235734462738,
                    -0.7448410987854004
                ],
                [
                    0.0,
                    0.9984200596809387,
                    -0.05618908256292343,
                    -0.22650541365146637
                ],
                [
                    0.0,
                    0.0,
                    0.0,
                    1.0
                ]
            ]
        },
        {
            "file_path": "/data/shapenet_blender/all_50_random/02958343/bef5b9686c2f93f46a2345809e2bb169/r_29",
            "rotation": 0.12566370614359174,
            "transform_matrix": [
                [
                    0.6960527300834656,
                    -0.5999315977096558,
                    -0.3944525718688965,
                    -1.590089201927185
                ],
                [
                    -0.7179907560348511,
                    -0.5816008448600769,
                    -0.38240015506744385,
                    -1.5415043830871582
                ],
                [
                    -1.4901161193847656e-08,
                    0.5493839979171753,
                    -0.8355699777603149,
                    -3.368290424346924
                ],
                [
                    0.0,
                    0.0,
                    0.0,
                    1.0
                ]
            ]
        },
        {
            "file_path": "/data/shapenet_blender/all_50_random/02958343/bef5b9686c2f93f46a2345809e2bb169/r_30",
            "rotation": 0.12566370614359174,
            "transform_matrix": [
                [
                    -0.6348556280136108,
                    -0.0794338583946228,
                    0.7685367465019226,
                    3.0980703830718994
                ],
                [
                    0.7726307511329651,
                    -0.06526924669742584,
                    0.6314916014671326,
                    2.545623779296875
                ],
                [
                    0.0,
                    0.9947010278701782,
                    0.1028096079826355,
                    0.41443872451782227
                ],
                [
                    0.0,
                    0.0,
                    0.0,
                    1.0
                ]
            ]
        },
        {
            "file_path": "/data/shapenet_blender/all_50_random/02958343/bef5b9686c2f93f46a2345809e2bb169/r_31",
            "rotation": 0.12566370614359174,
            "transform_matrix": [
                [
                    -0.8820396065711975,
                    0.23802150785923004,
                    0.4066348671913147,
                    1.639197587966919
                ],
                [
                    0.47117531299591064,
                    0.4455759525299072,
                    0.7612199783325195,
                    3.068575859069824
                ],
                [
                    0.0,
                    0.86302250623703,
                    -0.5051655173301697,
                    -2.0363874435424805
                ],
                [
                    0.0,
                    0.0,
                    0.0,
                    1.0
                ]
            ]
        },
        {
            "file_path": "/data/shapenet_blender/all_50_random/02958343/bef5b9686c2f93f46a2345809e2bb169/r_32",
            "rotation": 0.12566370614359174,
            "transform_matrix": [
                [
                    -0.24073252081871033,
                    0.07233063876628876,
                    -0.9678925275802612,
                    -3.9016997814178467
                ],
                [
                    -0.9705916047096252,
                    -0.017939921468496323,
                    0.24006308615207672,
                    0.9677253365516663
                ],
                [
                    0.0,
                    0.9972193241119385,
                    0.0745222195982933,
                    0.3004087209701538
                ],
                [
                    0.0,
                    0.0,
                    0.0,
                    1.0
                ]
            ]
        },
        {
            "file_path": "/data/shapenet_blender/all_50_random/02958343/bef5b9686c2f93f46a2345809e2bb169/r_33",
            "rotation": 0.12566370614359174,
            "transform_matrix": [
                [
                    -0.9325170516967773,
                    -0.008634360507130623,
                    0.3610227704048157,
                    1.455329179763794
                ],
                [
                    0.36112597584724426,
                    -0.022296061739325523,
                    0.9322504997253418,
                    3.758021593093872
                ],
                [
                    -9.313225191043273e-10,
                    0.9997140765190125,
                    0.0239095501601696,
                    0.09638246893882751
                ],
                [
                    0.0,
                    0.0,
                    0.0,
                    1.0
                ]
            ]
        },
        {
            "file_path": "/data/shapenet_blender/all_50_random/02958343/bef5b9686c2f93f46a2345809e2bb169/r_34",
            "rotation": 0.12566370614359174,
            "transform_matrix": [
                [
                    -0.73619145154953,
                    0.2497008591890335,
                    -0.6290243268013,
                    -2.5356781482696533
                ],
                [
                    -0.6767733097076416,
                    -0.2716236412525177,
                    0.6842502951622009,
                    2.758301019668579
                ],
                [
                    1.4901160305669237e-08,
                    0.9294461011886597,
                    0.36895784735679626,
                    1.487316608428955
                ],
                [
                    0.0,
                    0.0,
                    0.0,
                    1.0
                ]
            ]
        },
        {
            "file_path": "/data/shapenet_blender/all_50_random/02958343/bef5b9686c2f93f46a2345809e2bb169/r_35",
            "rotation": 0.12566370614359174,
            "transform_matrix": [
                [
                    -0.051419295370578766,
                    0.1629718691110611,
                    -0.9852898716926575,
                    -3.9718306064605713
                ],
                [
                    -0.9986771941184998,
                    -0.008390998467803001,
                    0.050730012357234955,
                    0.20449921488761902
                ],
                [
                    -9.313225746154785e-10,
                    0.986595094203949,
                    0.16318774223327637,
                    0.6578308343887329
                ],
                [
                    0.0,
                    0.0,
                    0.0,
                    1.0
                ]
            ]
        },
        {
            "file_path": "/data/shapenet_blender/all_50_random/02958343/bef5b9686c2f93f46a2345809e2bb169/r_36",
            "rotation": 0.12566370614359174,
            "transform_matrix": [
                [
                    0.6498807072639465,
                    0.2921868860721588,
                    -0.7016280889511108,
                    -2.828352928161621
                ],
                [
                    -0.7600362300872803,
                    0.2498389184474945,
                    -0.599937915802002,
                    -2.418426752090454
                ],
                [
                    0.0,
                    0.9231507182121277,
                    0.3844381868839264,
                    1.5497196912765503
                ],
                [
                    0.0,
                    0.0,
                    0.0,
                    1.0
                ]
            ]
        },
        {
            "file_path": "/data/shapenet_blender/all_50_random/02958343/bef5b9686c2f93f46a2345809e2bb169/r_37",
            "rotation": 0.12566370614359174,
            "transform_matrix": [
                [
                    0.878393828868866,
                    -0.34490489959716797,
                    0.330854594707489,
                    1.3337173461914062
                ],
                [
                    0.4779373109340668,
                    0.6338955163955688,
                    -0.6080726981163025,
                    -2.451219081878662
                ],
                [
                    1.4901158529312397e-08,
                    0.6922550797462463,
                    0.7216529250144958,
                    2.9090757369995117
                ],
                [
                    0.0,
                    0.0,
                    0.0,
                    1.0
                ]
            ]
        },
        {
            "file_path": "/data/shapenet_blender/all_50_random/02958343/bef5b9686c2f93f46a2345809e2bb169/r_38",
            "rotation": 0.12566370614359174,
            "transform_matrix": [
                [
                    0.9975662231445312,
                    -0.007514634635299444,
                    -0.06932051479816437,
                    -0.27943992614746094
                ],
                [
                    -0.06972663849592209,
                    -0.10751049220561981,
                    -0.9917558431625366,
                    -3.9978957176208496
                ],
                [
                    0.0,
                    0.9941754937171936,
                    -0.10777279734611511,
                    -0.4344460368156433
                ],
                [
                    0.0,
                    0.0,
                    0.0,
                    1.0
                ]
            ]
        },
        {
            "file_path": "/data/shapenet_blender/all_50_random/02958343/bef5b9686c2f93f46a2345809e2bb169/r_39",
            "rotation": 0.12566370614359174,
            "transform_matrix": [
                [
                    0.5872988700866699,
                    0.2543843388557434,
                    0.7683544158935547,
                    3.0973360538482666
                ],
                [
                    0.809370219707489,
                    -0.1845875084400177,
                    -0.557536780834198,
                    -2.2475028038024902
                ],
                [
                    0.0,
                    0.9493238925933838,
                    -0.3142991065979004,
                    -1.2669802904129028
                ],
                [
                    0.0,
                    0.0,
                    0.0,
                    1.0
                ]
            ]
        },
        {
            "file_path": "/data/shapenet_blender/all_50_random/02958343/bef5b9686c2f93f46a2345809e2bb169/r_40",
            "rotation": 0.12566370614359174,
            "transform_matrix": [
                [
                    0.8415709137916565,
                    -0.14504177868366241,
                    0.5203088521957397,
                    2.0974318981170654
                ],
                [
                    0.5401466488838196,
                    0.22598111629486084,
                    -0.8106628060340881,
                    -3.26788592338562
                ],
                [
                    0.0,
                    0.9632732272148132,
                    0.2685230076313019,
                    1.0824507474899292
                ],
                [
                    0.0,
                    0.0,
                    0.0,
                    1.0
                ]
            ]
        },
        {
            "file_path": "/data/shapenet_blender/all_50_random/02958343/bef5b9686c2f93f46a2345809e2bb169/r_41",
            "rotation": 0.12566370614359174,
            "transform_matrix": [
                [
                    -0.3415522873401642,
                    -0.18406440317630768,
                    -0.9216628074645996,
                    -3.715341567993164
                ],
                [
                    -0.939862847328186,
                    0.06689020991325378,
                    0.33493828773498535,
                    1.3501794338226318
                ],
                [
                    3.725290742551124e-09,
