{
    "class": "02958343",
    "model": "95d8510258f7f919c9be4fc52f26b7f5",
    "remove_doubles": true,
    "edge_split": true,
    "denoise": true,
    "camera_angle_x": 0.6911112070083618,
    "scale_factor": 2.361871768780841,
    "hdri_file": "/data/IndoorHDRDataset2018/AG8A0025-6187bc5fef.exr",
    "center_offset": [
        0.0,
        0.0,
        3.725290298461914e-09
    ],
    "lights": [],
    "frames": [
        {
            "file_path": "/data/shapenet_blender/all_50_random/02958343/95d8510258f7f919c9be4fc52f26b7f5/r_0",
            "rotation": 0.12566370614359174,
            "transform_matrix": [
                [
                    -0.7279306650161743,
                    -0.3566472828388214,
                    -0.5855934619903564,
                    -2.360602855682373
                ],
                [
                    -0.6856508255004883,
                    0.37863948941230774,
                    0.6217033863067627,
                    2.506166458129883
                ],
                [
                    -1.4901162970204496e-08,
                    0.8540694117546082,
                    -0.5201588869094849,
                    -2.096827507019043
                ],
                [
                    0.0,
                    0.0,
                    0.0,
                    1.0
                ]
            ]
        },
        {
            "file_path": "/data/shapenet_blender/all_50_random/02958343/95d8510258f7f919c9be4fc52f26b7f5/r_1",
            "rotation": 0.12566370614359174,
            "transform_matrix": [
                [
                    -0.7159436345100403,
                    0.011537090875208378,
                    -0.6980628371238708,
                    -2.813981294631958
                ],
                [
                    -0.6981582045555115,
                    -0.011830995790660381,
                    0.7158458232879639,
                    2.885666847229004
                ],
                [
                    -9.313225746154785e-10,
                    0.9998634457588196,
                    0.016525041311979294,
                    0.06661457568407059
                ],
                [
                    0.0,
                    0.0,
                    0.0,
                    1.0
                ]
            ]
        },
        {
            "file_path": "/data/shapenet_blender/all_50_random/02958343/95d8510258f7f919c9be4fc52f26b7f5/r_2",
            "rotation": 0.12566370614359174,
            "transform_matrix": [
                [
                    0.7035294771194458,
                    -0.6795312166213989,
                    -0.2080472856760025,
                    -0.8386654853820801
                ],
                [
                    -0.7106661200523376,
                    -0.6727072596549988,
                    -0.2059580385684967,
                    -0.8302434682846069
                ],
                [
                    0.0,
                    0.29274982213974,
                    -0.9561890363693237,
                    -3.8545215129852295
                ],
                [
                    0.0,
                    0.0,
                    0.0,
                    1.0
                ]
            ]
        },
        {
            "file_path": "/data/shapenet_blender/all_50_random/02958343/95d8510258f7f919c9be4fc52f26b7f5/r_3",
            "rotation": 0.12566370614359174,
            "transform_matrix": [
                [
                    0.30388739705085754,
                    -0.5396215915679932,
                    -0.7851502299308777,
                    -3.16504168510437
                ],
                [
                    -0.9527079463005066,
                    -0.17212432622909546,
                    -0.25044113397598267,
                    -1.009560465812683
                ],
                [
                    0.0,
                    0.8241246938705444,
                    -0.5664082169532776,
                    -2.283264636993408
                ],
                [
                    0.0,
                    0.0,
                    0.0,
                    1.0
                ]
            ]
        },
        {
            "file_path": "/data/shapenet_blender/all_50_random/02958343/95d8510258f7f919c9be4fc52f26b7f5/r_4",
            "rotation": 0.12566370614359174,
            "transform_matrix": [
                [
                    -0.7511756420135498,
                    -0.24416618049144745,
                    -0.6132846474647522,
                    -2.472229480743408
                ],
                [
                    -0.6601024270057678,
                    0.2778533399105072,
                    0.6978984475135803,
                    2.8133187294006348
                ],
                [
                    0.0,
                    0.9290750026702881,
                    -0.36989134550094604,
                    -1.4910796880722046
                ],
                [
                    0.0,
                    0.0,
                    0.0,
                    1.0
                ]
            ]
        },
        {
            "file_path": "/data/shapenet_blender/all_50_random/02958343/95d8510258f7f919c9be4fc52f26b7f5/r_5",
            "rotation": 0.12566370614359174,
            "transform_matrix": [
                [
                    0.5004954934120178,
                    0.04333219677209854,
                    0.8646539449691772,
                    3.485531806945801
                ],
                [
                    0.8657391667366028,
                    -0.025050928816199303,
                    -0.49986812472343445,
                    -2.015033006668091
                ],
                [
                    0.0,
                    0.9987466335296631,
                    -0.05005224794149399,
                    -0.20176708698272705
                ],
                [
                    0.0,
                    0.0,
                    0.0,
                    1.0
                ]
            ]
        },
        {
            "file_path": "/data/shapenet_blender/all_50_random/02958343/95d8510258f7f919c9be4fc52f26b7f5/r_6",
            "rotation": 0.12566370614359174,
            "transform_matrix": [
                [
                    0.2883949279785156,
                    -0.6812356114387512,
                    -0.6728640794754028,
                    -2.712402105331421
                ],
                [
                    -0.9575114250183105,
                    -0.20518283545970917,
                    -0.202661395072937,
                    -0.8169542551040649
                ],
                [
                    0.0,
                    0.7027216553688049,
                    -0.7114647030830383,
                    -2.8680062294006348
                ],
                [
                    0.0,
                    0.0,
                    0.0,
                    1.0
                ]
            ]
        },
        {
            "file_path": "/data/shapenet_blender/all_50_random/02958343/95d8510258f7f919c9be4fc52f26b7f5/r_7",
            "rotation": 0.12566370614359174,
            "transform_matrix": [
                [
                    0.9214650988578796,
                    -0.31576037406921387,
                    0.22626836597919464,
                    0.9121170043945312
                ],
                [
                    0.38846102356910706,
                    0.7490124702453613,
                    -0.5367292165756226,
                    -2.1636250019073486
                ],
                [
                    0.0,
                    0.582473635673523,
                    0.8128494024276733,
                    3.276700973510742
                ],
                [
                    0.0,
                    0.0,
                    0.0,
                    1.0
                ]
            ]
        },
        {
            "file_path": "/data/shapenet_blender/all_50_random/02958343/95d8510258f7f919c9be4fc52f26b7f5/r_8",
            "rotation": 0.12566370614359174,
            "transform_matrix": [
                [
                    -0.9981316924095154,
                    0.005864227656275034,
                    -0.06081762537360191,
                    -0.2451637089252472
                ],
                [
                    -0.06109969690442085,
                    -0.09579869359731674,
                    0.9935237169265747,
                    4.0050225257873535
                ],
                [
                    4.656612873077393e-10,
                    0.9953834414482117,
                    0.0959780141711235,
                    0.38689976930618286
                ],
                [
                    0.0,
                    0.0,
                    0.0,
                    1.0
                ]
            ]
        },
        {
            "file_path": "/data/shapenet_blender/all_50_random/02958343/95d8510258f7f919c9be4fc52f26b7f5/r_9",
            "rotation": 0.12566370614359174,
            "transform_matrix": [
                [
                    0.8965743184089661,
                    -0.16194814443588257,
                    -0.4122224450111389,
                    -1.6617218255996704
                ],
                [
                    -0.4428934156894684,
                    -0.3278408646583557,
                    -0.8344853520393372,
                    -3.3639180660247803
                ],
                [
                    -1.4901162970204496e-08,
                    0.9307486414909363,
                    -0.3656594455242157,
                    -1.4740203619003296
                ],
                [
                    0.0,
                    0.0,
                    0.0,
                    1.0
                ]
            ]
        },
        {
            "file_path": "/data/shapenet_blender/all_50_random/02958343/95d8510258f7f919c9be4fc52f26b7f5/r_10",
            "rotation": 0.12566370614359174,
            "transform_matrix": [
                [
                    -0.5927577018737793,
                    -0.19786323606967926,
                    0.7806973457336426,
                    3.147091865539551
                ],
                [
                    0.8053808808326721,
                    -0.14562669396400452,
                    0.5745906829833984,
                    2.316249370574951
                ],
                [
                    0.0,
                    0.9693518280982971,
                    0.24567657709121704,
                    0.9903540015220642
                ],
                [
                    0.0,
                    0.0,
                    0.0,
                    1.0
                ]
            ]
        },
        {
            "file_path": "/data/shapenet_blender/all_50_random/02958343/95d8510258f7f919c9be4fc52f26b7f5/r_11",
            "rotation": 0.12566370614359174,
            "transform_matrix": [
                [
                    0.7826025485992432,
                    0.11963626742362976,
                    0.6109177470207214,
                    2.4626882076263428
                ],
                [
                    0.6225217580795288,
                    -0.15040059387683868,
                    -0.7680145502090454,
                    -3.095965623855591
                ],
                [
                    0.0,
                    0.9813597202301025,
                    -0.19218005239963531,
                    -0.7747025489807129
                ],
                [
                    0.0,
                    0.0,
                    0.0,
                    1.0
                ]
            ]
        },
        {
            "file_path": "/data/shapenet_blender/all_50_random/02958343/95d8510258f7f919c9be4fc52f26b7f5/r_12",
            "rotation": 0.12566370614359174,
            "transform_matrix": [
                [
                    -0.14191265404224396,
                    -0.53754061460495,
                    -0.8312104940414429,
                    -3.3507163524627686
                ],
                [
                    -0.9898792505264282,
                    0.07706376165151596,
                    0.1191653236746788,
                    0.48037073016166687
                ],
                [
                    0.0,
                    0.8397088646888733,
                    -0.543036699295044,
                    -2.1890506744384766
                ],
                [
                    0.0,
                    0.0,
                    0.0,
                    1.0
                ]
            ]
        },
        {
            "file_path": "/data/shapenet_blender/all_50_random/02958343/95d8510258f7f919c9be4fc52f26b7f5/r_13",
            "rotation": 0.12566370614359174,
            "transform_matrix": [
                [
                    -0.25581613183021545,
                    -0.307420015335083,
                    0.9165428876876831,
                    3.6947028636932373
                ],
                [
                    0.9667254686355591,
                    -0.08134987950325012,
                    0.2425367832183838,
                    0.9776971340179443
                ],
                [
                    -7.450580596923828e-09,
                    0.948090136051178,
                    0.3180013597011566,
                    1.2819045782089233
                ],
                [
                    0.0,
                    0.0,
                    0.0,
                    1.0
                ]
            ]
        },
        {
            "file_path": "/data/shapenet_blender/all_50_random/02958343/95d8510258f7f919c9be4fc52f26b7f5/r_14",
            "rotation": 0.12566370614359174,
            "transform_matrix": [
                [
                    -0.9069927334785461,
                    0.021917596459388733,
                    0.4205755591392517,
                    1.6953942775726318
                ],
                [
                    0.4211462736129761,
                    0.04720236361026764,
                    0.9057636260986328,
                    3.651249885559082
                ],
                [
                    1.862645149230957e-09,
                    0.9986447691917419,
                    -0.05204272270202637,
                    -0.2097909301519394
                ],
                [
                    0.0,
                    0.0,
                    0.0,
                    1.0
                ]
            ]
        },
        {
            "file_path": "/data/shapenet_blender/all_50_random/02958343/95d8510258f7f919c9be4fc52f26b7f5/r_15",
            "rotation": 0.12566370614359174,
            "transform_matrix": [
                [
                    0.8442120552062988,
                    0.4839104413986206,
                    -0.23051418364048004,
                    -0.9292324185371399
                ],
                [
                    -0.5360094904899597,
                    0.7621563076972961,
                    -0.36305859684944153,
                    -1.463536024093628
                ],
                [
                    0.0,
                    0.4300561547279358,
                    0.9028021097183228,
                    3.6393117904663086
                ],
                [
                    0.0,
                    0.0,
                    0.0,
                    1.0
                ]
            ]
        },
        {
            "file_path": "/data/shapenet_blender/all_50_random/02958343/95d8510258f7f919c9be4fc52f26b7f5/r_16",
            "rotation": 0.12566370614359174,
            "transform_matrix": [
                [
                    0.0785316526889801,
                    0.2516743242740631,
                    -0.9646204710006714,
                    -3.888509750366211
                ],
                [
                    -0.9969116449356079,
                    0.019825628027319908,
                    -0.07598791271448135,
                    -0.3063170909881592
                ],
                [
                    0.0,
                    0.9676088094711304,
                    0.2524539828300476,
                    1.0176746845245361
                ],
                [
                    0.0,
                    0.0,
                    0.0,
                    1.0
                ]
            ]
        },
        {
            "file_path": "/data/shapenet_blender/all_50_random/02958343/95d8510258f7f919c9be4fc52f26b7f5/r_17",
            "rotation": 0.12566370614359174,
            "transform_matrix": [
                [
                    -0.9748567938804626,
                    0.013638235628604889,
                    -0.2224149852991104,
                    -0.8965835571289062
                ],
                [
                    -0.2228327840566635,
                    -0.05966503918170929,
                    0.9730290174484253,
                    3.92240571975708
                ],
                [
                    0.0,
                    0.9981253147125244,
                    0.06120390072464943,
                    0.2467208355665207
                ],
                [
                    0.0,
                    0.0,
                    0.0,
                    1.0
                ]
            ]
        },
        {
            "file_path": "/data/shapenet_blender/all_50_random/02958343/95d8510258f7f919c9be4fc52f26b7f5/r_18",
            "rotation": 0.12566370614359174,
            "transform_matrix": [
                [
                    0.2619209885597229,
                    0.0282631516456604,
                    -0.9646753668785095,
                    -3.888730764389038
                ],
                [
                    -0.9650893807411194,
                    0.007670494262129068,
                    -0.2618086338043213,
                    -1.0553843975067139
                ],
                [
                    -4.656612873077393e-10,
                    0.9995710849761963,
                    0.029285527765750885,
                    0.11805374175310135
                ],
                [
                    0.0,
                    0.0,
                    0.0,
                    1.0
                ]
            ]
        },
        {
            "file_path": "/data/shapenet_blender/all_50_random/02958343/95d8510258f7f919c9be4fc52f26b7f5/r_19",
            "rotation": 0.12566370614359174,
            "transform_matrix": [
                [
                    -0.2835274338722229,
                    -0.7143359184265137,
                    0.6397939920425415,
                    2.579092025756836
                ],
                [
                    0.9589641094207764,
                    -0.21120063960552216,
                    0.18916155397891998,
                    0.7625346183776855
                ],
                [
                    0.0,
                    0.6671718955039978,
                    0.7449037432670593,
                    3.002803087234497
                ],
                [
                    0.0,
                    0.0,
                    0.0,
                    1.0
                ]
            ]
        },
        {
            "file_path": "/data/shapenet_blender/all_50_random/02958343/95d8510258f7f919c9be4fc52f26b7f5/r_20",
            "rotation": 0.12566370614359174,
            "transform_matrix": [
                [
                    -0.9396156072616577,
                    0.16786104440689087,
                    -0.29823699593544006,
                    -1.202231764793396
                ],
                [
                    -0.3422318696975708,
                    -0.4608713388442993,
                    0.818825364112854,
                    3.300790548324585
                ],
                [
                    0.0,
                    0.8714472651481628,
                    0.49048924446105957,
                    1.977225422859192
                ],
                [
                    0.0,
                    0.0,
                    0.0,
                    1.0
                ]
            ]
        },
        {
            "file_path": "/data/shapenet_blender/all_50_random/02958343/95d8510258f7f919c9be4fc52f26b7f5/r_21",
            "rotation": 0.12566370614359174,
            "transform_matrix": [
                [
                    -0.037389930337667465,
                    -0.1423306167125702,
                    -0.9891126751899719,
                    -3.987240791320801
                ],
                [
                    -0.9993007779121399,
                    0.005325456149876118,
                    0.03700873255729675,
                    0.14918696880340576
                ],
                [
                    4.656613428188905e-10,
                    0.989804744720459,
                    -0.14243023097515106,
                    -0.5741546154022217
                ],
                [
                    0.0,
                    0.0,
                    0.0,
                    1.0
                ]
            ]
        },
        {
            "file_path": "/data/shapenet_blender/all_50_random/02958343/95d8510258f7f919c9be4fc52f26b7f5/r_22",
            "rotation": 0.12566370614359174,
            "transform_matrix": [
                [
                    -0.9470697641372681,
                    0.030049918219447136,
                    -0.31961825489997864,
                    -1.2884224653244019
                ],
                [
                    -0.3210277855396271,
                    -0.08865079283714294,
                    0.9429114460945129,
                    3.8009979724884033
                ],
                [
                    -1.862645149230957e-09,
                    0.9956092834472656,
                    0.09360534697771072,
                    0.37733525037765503
                ],
                [
                    0.0,
                    0.0,
                    0.0,
                    1.0
                ]
            ]
        },
        {
            "file_path": "/data/shapenet_blender/all_50_random/02958343/95d8510258f7f919c9be4fc52f26b7f5/r_23",
            "rotation": 0.12566370614359174,
            "transform_matrix": [
                [
                    0.23560971021652222,
                    0.08968883752822876,
                    0.9677003026008606,
                    3.9009249210357666
                ],
                [
                    0.9718477725982666,
                    -0.021743694320321083,
                    -0.23460422456264496,
                    -0.9457199573516846
                ],
                [
                    -1.8626450382086546e-09,
                    0.9957324266433716,
                    -0.09228692203760147,
                    -0.37202051281929016
                ],
                [
                    0.0,
                    0.0,
                    0.0,
                    1.0
                ]
            ]
        },
        {
            "file_path": "/data/shapenet_blender/all_50_random/02958343/95d8510258f7f919c9be4fc52f26b7f5/r_24",
            "rotation": 0.12566370614359174,
            "transform_matrix": [
                [
                    0.9808699488639832,
                    0.05245866999030113,
                    0.18746258318424225,
                    0.7556858062744141
                ],
                [
                    0.1946641355752945,
                    -0.2643277049064636,
                    -0.9445828199386597,
                    -3.807734966278076
                ],
                [
                    0.0,
                    0.9630051255226135,
                    -0.26948294043540955,
                    -1.0863205194473267
                ],
                [
                    0.0,
                    0.0,
                    0.0,
                    1.0
                ]
            ]
        },
        {
            "file_path": "/data/shapenet_blender/all_50_random/02958343/95d8510258f7f919c9be4fc52f26b7f5/r_25",
            "rotation": 0.12566370614359174,
            "transform_matrix": [
                [
                    -0.11116958409547806,
                    0.4339563250541687,
                    -0.8940486311912537,
                    -3.6040258407592773
                ],
                [
                    -0.993801474571228,
                    -0.048543643206357956,
                    0.1000109314918518,
                    0.4031570255756378
                ],
                [
                    0.0,
                    0.8996251821517944,
                    0.4366629123687744,
                    1.7602447271347046
                ],
                [
                    0.0,
                    0.0,
                    0.0,
                    1.0
                ]
            ]
        },
        {
            "file_path": "/data/shapenet_blender/all_50_random/02958343/95d8510258f7f919c9be4fc52f26b7f5/r_26",
            "rotation": 0.12566370614359174,
            "transform_matrix": [
                [
                    0.274122029542923,
                    -0.7591062188148499,
                    0.5904361605644226,
                    2.38012433052063
                ],
                [
                    0.9616950154304504,
                    0.21637600660324097,
                    -0.16829821467399597,
                    -0.6784318089485168
                ],
                [
                    1.4901162970204496e-08,
                    0.6139535903930664,
                    0.7893419861793518,
                    3.1819393634796143
                ],
                [
                    0.0,
                    0.0,
                    0.0,
                    1.0
                ]
            ]
        },
        {
            "file_path": "/data/shapenet_blender/all_50_random/02958343/95d8510258f7f919c9be4fc52f26b7f5/r_27",
            "rotation": 0.12566370614359174,
            "transform_matrix": [
                [
                    -0.8500723242759705,
                    -0.10416197031736374,
                    0.516262948513031,
                    2.081122398376465
                ],
                [
                    0.5266661047935486,
                    -0.1681239902973175,
                    0.8332809209823608,
                    3.359062910079956
                ],
                [
                    7.450581485102248e-09,
                    0.9802471995353699,
                    0.19777610898017883,
                    0.7972609996795654
                ],
                [
                    0.0,
                    0.0,
                    0.0,
                    1.0
                ]
            ]
        },
        {
            "file_path": "/data/shapenet_blender/all_50_random/02958343/95d8510258f7f919c9be4fc52f26b7f5/r_28",
            "rotation": 0.12566370614359174,
            "transform_matrix": [
                [
                    -0.9667172431945801,
                    0.1281418800354004,
                    -0.2214442640542984,
                    -0.8926703929901123
                ],
                [
                    -0.25584742426872253,
                    -0.4841829538345337,
                    0.8367251753807068,
                    3.3729469776153564
                ],
                [
                    0.0,
                    0.865532398223877,
                    0.5008527636528015,
                    2.0190019607543945
                ],
                [
                    0.0,
                    0.0,
                    0.0,
                    1.0
                ]
            ]
        },
        {
            "file_path": "/data/shapenet_blender/all_50_random/02958343/95d8510258f7f919c9be4fc52f26b7f5/r_29",
            "rotation": 0.12566370614359174,
            "transform_matrix": [
                [
                    -0.30451375246047974,
                    0.8389711976051331,
                    0.4509972631931305,
                    1.8180280923843384
                ],
                [
                    0.9525080323219299,
                    0.26821640133857727,
                    0.14418238401412964,
                    0.5812177658081055
                ],
                [
                    7.450581485102248e-09,
                    0.473484069108963,
                    -0.8808024525642395,
                    -3.550628185272217
                ],
                [
                    0.0,
                    0.0,
                    0.0,
                    1.0
                ]
            ]
        },
        {
            "file_path": "/data/shapenet_blender/all_50_random/02958343/95d8510258f7f919c9be4fc52f26b7f5/r_30",
            "rotation": 0.12566370614359174,
            "transform_matrix": [
                [
                    -0.10874225199222565,
                    0.9166501760482788,
                    -0.3846137225627899,
                    -1.5504275560379028
                ],
                [
                    -0.9940700531005859,
                    -0.10027321428060532,
                    0.04207324981689453,
                    0.16960269212722778
                ],
                [
                    -3.725290742551124e-09,
                    0.38690799474716187,
                    0.9221182465553284,
                    3.717177629470825
                ],
                [
                    0.0,
                    0.0,
                    0.0,
                    1.0
                ]
            ]
        },
        {
            "file_path": "/data/shapenet_blender/all_50_random/02958343/95d8510258f7f919c9be4fc52f26b7f5/r_31",
            "rotation": 0.12566370614359174,
            "transform_matrix": [
                [
                    0.9976924657821655,
                    -0.04690702259540558,
                    0.049085378646850586,
                    0.19786949455738068
                ],
                [
                    0.0678943544626236,
                    0.6892882585525513,
                    -0.7212987542152405,
                    -2.9076483249664307
                ],
                [
                    3.725290298461914e-09,
                    0.7229670286178589,
                    0.6908825039863586,
                    2.785036563873291
                ],
                [
                    0.0,
                    0.0,
                    0.0,
                    1.0
                ]
            ]
        },
        {
            "file_path": "/data/shapenet_blender/all_50_random/02958343/95d8510258f7f919c9be4fc52f26b7f5/r_32",
            "rotation": 0.12566370614359174,
            "transform_matrix": [
                [
                    0.9968112707138062,
                    -0.021770862862467766,
                    0.07676838338375092,
                    0.3094632625579834
                ],
                [
                    0.079795703291893,
                    0.2719625234603882,
                    -0.9589937925338745,
                    -3.8658275604248047
                ],
                [
                    0.0,
                    0.9620615243911743,
                    0.2728325426578522,
                    1.0998231172561646
                ],
                [
                    0.0,
                    0.0,
                    0.0,
                    1.0
                ]
            ]
        },
        {
            "file_path": "/data/shapenet_blender/all_50_random/02958343/95d8510258f7f919c9be4fc52f26b7f5/r_33",
            "rotation": 0.12566370614359174,
            "transform_matrix": [
                [
                    0.32601386308670044,
                    -0.24653629958629608,
                    -0.9126525521278381,
                    -3.679020404815674
                ],
                [
                    -0.9453650116920471,
                    -0.08501929044723511,
                    -0.3147328197956085,
                    -1.2687287330627441
                ],
                [
                    -7.450580596923828e-09,
                    0.96539705991745,
                    -0.26078423857688904,
                    -1.0512549877166748
                ],
                [
                    0.0,
                    0.0,
                    0.0,
                    1.0
                ]
            ]
        },
        {
            "file_path": "/data/shapenet_blender/all_50_random/02958343/95d8510258f7f919c9be4fc52f26b7f5/r_34",
            "rotation": 0.12566370614359174,
            "transform_matrix": [
                [
                    -0.8610090017318726,
                    0.07409702986478806,
                    -0.5031630992889404,
                    -2.028315544128418
                ],
                [
                    -0.5085898041725159,
                    -0.12544138729572296,
                    0.851822018623352,
                    3.433804750442505
                ],
                [
                    0.0,
                    0.9893300533294678,
                    0.1456911414861679,
                    0.5872998237609863
                ],
                [
                    0.0,
                    0.0,
                    0.0,
                    1.0
                ]
            ]
        },
        {
            "file_path": "/data/shapenet_blender/all_50_random/02958343/95d8510258f7f919c9be4fc52f26b7f5/r_35",
            "rotation": 0.12566370614359174,
            "transform_matrix": [
                [
                    0.528086245059967,
                    -0.11183621734380722,
                    -0.8417942523956299,
                    -3.393381118774414
                ],
                [
                    -0.8491908311843872,
                    -0.06954757869243622,
                    -0.5234865546226501,
                    -2.1102418899536133
                ],
                [
                    0.0,
                    0.9912898540496826,
                    -0.131697416305542,
                    -0.5308892726898193
                ],
                [
                    0.0,
                    0.0,
                    0.0,
                    1.0
                ]
            ]
        },
        {
            "file_path": "/data/shapenet_blender/all_50_random/02958343/95d8510258f7f919c9be4fc52f26b7f5/r_36",
            "rotation": 0.12566370614359174,
            "transform_matrix": [
                [
                    -0.20735636353492737,
                    0.7196612358093262,
                    -0.6626394987106323,
                    -2.671185255050659
                ],
                [
                    -0.978265643119812,
                    -0.15254172682762146,
                    0.1404552161693573,
                    0.5661931037902832
                ],
                [
                    0.0,
                    0.6773616075515747,
                    0.7356502413749695,
                    2.965501070022583
                ],
                [
                    0.0,
                    0.0,
                    0.0,
                    1.0
                ]
            ]
        },
        {
            "file_path": "/data/shapenet_blender/all_50_random/02958343/95d8510258f7f919c9be4fc52f26b7f5/r_37",
            "rotation": 0.12566370614359174,
            "transform_matrix": [
                [
                    0.9380321502685547,
                    0.07066275924444199,
                    -0.33926746249198914,
                    -1.367630958557129
                ],
                [
                    -0.3465481996536255,
                    0.19126904010772705,
                    -0.9183247685432434,
                    -3.70188570022583
                ],
                [
                    0.0,
                    0.9789907336235046,
                    0.20390455424785614,
                    0.8219656348228455
                ],
                [
                    0.0,
                    0.0,
                    0.0,
                    1.0
                ]
            ]
        },
        {
            "file_path": "/data/shapenet_blender/all_50_random/02958343/95d8510258f7f919c9be4fc52f26b7f5/r_38",
            "rotation": 0.12566370614359174,
            "transform_matrix": [
                [
                    -0.9948804378509521,
                    0.041254639625549316,
                    0.09225563704967499,
                    0.37189435958862305
                ],
                [
                    0.10105963796377182,
                    0.406130850315094,
                    0.9082095623016357,
                    3.6611099243164062
                ],
                [
                    0.0,
                    0.9128832221031189,
                    -0.4082207679748535,
                    -1.6455905437469482
                ],
                [
                    0.0,
                    0.0,
                    0.0,
                    1.0
                ]
            ]
        },
        {
            "file_path": "/data/shapenet_blender/all_50_random/02958343/95d8510258f7f919c9be4fc52f26b7f5/r_39",
            "rotation": 0.12566370614359174,
            "transform_matrix": [
                [
                    -0.6059058308601379,
                    0.39957520365715027,
                    -0.6879081726074219,
                    -2.7730467319488525
                ],
                [
                    -0.7955363988876343,
                    -0.30432918667793274,
                    0.5239327549934387,
                    2.1120407581329346
                ],
                [
                    0.0,
                    0.8647099137306213,
                    0.5022714138031006,
                    2.024721145629883
                ],
                [
                    0.0,
                    0.0,
                    0.0,
                    1.0
                ]
            ]
        },
        {
            "file_path": "/data/shapenet_blender/all_50_random/02958343/95d8510258f7f919c9be4fc52f26b7f5/r_40",
            "rotation": 0.12566370614359174,
            "transform_matrix": [
                [
                    0.5106410980224609,
                    0.3666000962257385,
                    -0.7777210474014282,
                    -3.135093927383423
                ],
                [
                    -0.8597940802574158,
                    0.21772782504558563,
                    -0.461897075176239,
                    -1.861966609954834
                ],
                [
                    0.0,
                    0.904543399810791,
                    0.42638134956359863,
                    1.7187981605529785
                ],
                [
                    0.0,
                    0.0,
                    0.0,
                    1.0
                ]
            ]
        },
        {
            "file_path": "/data/shapenet_blender/all_50_random/02958343/95d8510258f7f919c9be4fc52f26b7f5/r_41",
            "rotation": 0.12566370614359174,
            "transform_matrix": [
                [
                    -0.38393571972846985,
                    0.17284442484378815,
                    0.9070380926132202,
                    3.6563875675201416
                ],
                [
                    0.923359751701355,
                    0.07186922430992126,
                    0.37714913487434387,
                    1.5203367471694946
                ],
                [
                    0.0,
                    0.9823235869407654,
