{
    "class": "02958343",
    "model": "66d89101c69cd1fc1e4f5422b970bb55",
    "remove_doubles": true,
    "edge_split": true,
    "denoise": true,
    "camera_angle_x": 0.6911112070083618,
    "scale_factor": 2.328627466874011,
    "hdri_file": "/data/IndoorHDRDataset2018/9C4A0400-e71f3506f8.exr",
    "center_offset": [
        0.0,
        -1.862645149230957e-09,
        -3.725290298461914e-09
    ],
    "lights": [],
    "frames": [
        {
            "file_path": "/data/shapenet_blender/all_50_random/02958343/66d89101c69cd1fc1e4f5422b970bb55/r_0",
            "rotation": 0.12566370614359174,
            "transform_matrix": [
                [
                    0.9286709427833557,
                    -0.06922516226768494,
                    -0.36438754200935364,
                    -1.46889328956604
                ],
                [
                    -0.37090492248535156,
                    -0.1733258217573166,
                    -0.9123527407646179,
                    -3.677811861038208
                ],
                [
                    -7.450581485102248e-09,
                    0.9824286699295044,
                    -0.18663856387138367,
                    -0.7523641586303711
                ],
                [
                    0.0,
                    0.0,
                    0.0,
                    1.0
                ]
            ]
        },
        {
            "file_path": "/data/shapenet_blender/all_50_random/02958343/66d89101c69cd1fc1e4f5422b970bb55/r_1",
            "rotation": 0.12566370614359174,
            "transform_matrix": [
                [
                    -0.964652955532074,
                    0.24207653105258942,
                    0.10413207113742828,
                    0.4197697937488556
                ],
                [
                    0.26352328062057495,
                    0.8861449360847473,
                    0.3811856806278229,
                    1.5366085767745972
                ],
                [
                    -7.450580152834618e-09,
                    0.39515307545661926,
                    -0.9186152815818787,
                    -3.703056573867798
                ],
                [
                    0.0,
                    0.0,
                    0.0,
                    1.0
                ]
            ]
        },
        {
            "file_path": "/data/shapenet_blender/all_50_random/02958343/66d89101c69cd1fc1e4f5422b970bb55/r_2",
            "rotation": 0.12566370614359174,
            "transform_matrix": [
                [
                    0.8306552171707153,
                    0.05260685458779335,
                    -0.5542963743209839,
                    -2.2344398498535156
                ],
                [
                    -0.5567870736122131,
                    0.07848270237445831,
                    -0.8269393444061279,
                    -3.33349871635437
                ],
                [
                    0.0,
                    0.9955264329910278,
                    0.0944828987121582,
                    0.3808726966381073
                ],
                [
                    0.0,
                    0.0,
                    0.0,
                    1.0
                ]
            ]
        },
        {
            "file_path": "/data/shapenet_blender/all_50_random/02958343/66d89101c69cd1fc1e4f5422b970bb55/r_3",
            "rotation": 0.12566370614359174,
            "transform_matrix": [
                [
                    0.2805272042751312,
                    -0.3001057505607605,
                    -0.9117241501808167,
                    -3.6752779483795166
                ],
                [
                    -0.9598461389541626,
                    -0.0877097025513649,
                    -0.26646292209625244,
                    -1.0741465091705322
                ],
                [
                    7.450581485102248e-09,
                    0.9498649835586548,
                    -0.31266024708747864,
                    -1.260373830795288
                ],
                [
                    0.0,
                    0.0,
                    0.0,
                    1.0
                ]
            ]
        },
        {
            "file_path": "/data/shapenet_blender/all_50_random/02958343/66d89101c69cd1fc1e4f5422b970bb55/r_4",
            "rotation": 0.12566370614359174,
            "transform_matrix": [
                [
                    0.9969813823699951,
                    0.02110132947564125,
                    0.07471922039985657,
                    0.30120280385017395
                ],
                [
                    0.07764166593551636,
                    -0.2709580361843109,
                    -0.9594548344612122,
                    -3.8676860332489014
                ],
                [
                    1.862645149230957e-09,
                    0.9623598456382751,
                    -0.2717784643173218,
                    -1.0955740213394165
                ],
                [
                    0.0,
                    0.0,
                    0.0,
                    1.0
                ]
            ]
        },
        {
            "file_path": "/data/shapenet_blender/all_50_random/02958343/66d89101c69cd1fc1e4f5422b970bb55/r_5",
            "rotation": 0.12566370614359174,
            "transform_matrix": [
                [
                    0.762412428855896,
                    -0.3244449496269226,
                    -0.5598775744438171,
                    -2.2569386959075928
                ],
                [
                    -0.6470915079116821,
                    -0.3822656273841858,
                    -0.6596556901931763,
                    -2.6591570377349854
                ],
                [
                    0.0,
                    0.8652216792106628,
                    -0.5013896226882935,
                    -2.0211663246154785
                ],
                [
                    0.0,
                    0.0,
                    0.0,
                    1.0
                ]
            ]
        },
        {
            "file_path": "/data/shapenet_blender/all_50_random/02958343/66d89101c69cd1fc1e4f5422b970bb55/r_6",
            "rotation": 0.12566370614359174,
            "transform_matrix": [
                [
                    0.2931023836135864,
                    -0.2093447744846344,
                    -0.9328804016113281,
                    -3.7605607509613037
                ],
                [
                    -0.956080973148346,
                    -0.06417809426784515,
                    -0.2859898805618286,
                    -1.1528619527816772
                ],
                [
                    0.0,
                    0.9757335782051086,
                    -0.21896132826805115,
                    -0.8826612234115601
                ],
                [
                    0.0,
                    0.0,
                    0.0,
                    1.0
                ]
            ]
        },
        {
            "file_path": "/data/shapenet_blender/all_50_random/02958343/66d89101c69cd1fc1e4f5422b970bb55/r_7",
            "rotation": 0.12566370614359174,
            "transform_matrix": [
                [
                    0.9281082153320312,
                    0.021579895168542862,
                    -0.3716847002506256,
                    -1.4983088970184326
                ],
                [
                    -0.3723106384277344,
                    0.053795069456100464,
                    -0.9265478253364563,
                    -3.7350337505340576
                ],
                [
                    0.0,
                    0.9983187913894653,
                    0.05796206742525101,
                    0.23365256190299988
                ],
                [
                    0.0,
                    0.0,
                    0.0,
                    1.0
                ]
            ]
        },
        {
            "file_path": "/data/shapenet_blender/all_50_random/02958343/66d89101c69cd1fc1e4f5422b970bb55/r_8",
            "rotation": 0.12566370614359174,
            "transform_matrix": [
                [
                    -0.7385494112968445,
                    0.4178013801574707,
                    0.5291377902030945,
                    2.1330225467681885
                ],
                [
                    0.6741994023323059,
                    0.45767906308174133,
                    0.579642117023468,
                    2.3366122245788574
                ],
                [
                    -1.4901162970204496e-08,
                    0.7848386764526367,
                    -0.6197000741958618,
                    -2.498090982437134
                ],
                [
                    0.0,
                    0.0,
                    0.0,
                    1.0
                ]
            ]
        },
        {
            "file_path": "/data/shapenet_blender/all_50_random/02958343/66d89101c69cd1fc1e4f5422b970bb55/r_9",
            "rotation": 0.12566370614359174,
            "transform_matrix": [
                [
                    -0.9992462992668152,
                    -0.00040031474782153964,
                    0.03881584852933884,
                    0.15647166967391968
                ],
                [
                    0.038817908614873886,
                    -0.010304857976734638,
                    0.9991932511329651,
                    4.027876377105713
                ],
                [
                    2.9103826987286752e-11,
                    0.9999467730522156,
                    0.010312633588910103,
                    0.04157155007123947
                ],
                [
                    0.0,
                    0.0,
                    0.0,
                    1.0
                ]
            ]
        },
        {
            "file_path": "/data/shapenet_blender/all_50_random/02958343/66d89101c69cd1fc1e4f5422b970bb55/r_10",
            "rotation": 0.12566370614359174,
            "transform_matrix": [
                [
                    0.9230139255523682,
                    -0.07548549771308899,
                    0.3772895336151123,
                    1.5209027528762817
                ],
                [
                    0.3847668170928955,
                    0.18108154833316803,
                    -0.905076801776886,
                    -3.6484813690185547
                ],
                [
                    0.0,
                    0.9805668592453003,
                    0.19618509709835052,
                    0.7908474206924438
                ],
                [
                    0.0,
                    0.0,
                    0.0,
                    1.0
                ]
            ]
        },
        {
            "file_path": "/data/shapenet_blender/all_50_random/02958343/66d89101c69cd1fc1e4f5422b970bb55/r_11",
            "rotation": 0.12566370614359174,
            "transform_matrix": [
                [
                    0.9429858922958374,
                    0.1789468228816986,
                    0.2806343734264374,
                    1.1312735080718994
                ],
                [
                    0.3328327238559723,
                    -0.506994366645813,
                    -0.7950968146324158,
                    -3.2051379680633545
                ],
                [
                    0.0,
                    0.8431694507598877,
                    -0.5376478433609009,
                    -2.167328119277954
                ],
                [
                    0.0,
                    0.0,
                    0.0,
                    1.0
                ]
            ]
        },
        {
            "file_path": "/data/shapenet_blender/all_50_random/02958343/66d89101c69cd1fc1e4f5422b970bb55/r_12",
            "rotation": 0.12566370614359174,
            "transform_matrix": [
                [
                    0.5776934027671814,
                    0.7826036214828491,
                    0.23195211589336395,
                    0.9350289106369019
                ],
                [
                    0.8162539601325989,
                    -0.5538778305053711,
                    -0.16416119039058685,
                    -0.6617549061775208
                ],
                [
                    0.0,
                    0.2841666638851166,
                    -0.9587748646736145,
                    -3.86494517326355
                ],
                [
                    0.0,
                    0.0,
                    0.0,
                    1.0
                ]
            ]
        },
        {
            "file_path": "/data/shapenet_blender/all_50_random/02958343/66d89101c69cd1fc1e4f5422b970bb55/r_13",
            "rotation": 0.12566370614359174,
            "transform_matrix": [
                [
                    0.2475649118423462,
                    -0.45153379440307617,
                    -0.8572216033935547,
                    -3.455570697784424
                ],
                [
                    -0.9688713550567627,
                    -0.11537539958953857,
                    -0.2190362960100174,
                    -0.8829635381698608
                ],
                [
                    7.450581485102248e-09,
                    0.8847630620002747,
                    -0.46604102849960327,
                    -1.8786715269088745
                ],
                [
                    0.0,
                    0.0,
                    0.0,
                    1.0
                ]
            ]
        },
        {
            "file_path": "/data/shapenet_blender/all_50_random/02958343/66d89101c69cd1fc1e4f5422b970bb55/r_14",
            "rotation": 0.12566370614359174,
            "transform_matrix": [
                [
                    -0.15452809631824493,
                    -0.18517957627773285,
                    -0.9704790115356445,
                    -3.912126064300537
                ],
                [
                    -0.9879884123802185,
                    0.028963342308998108,
                    0.15178950130939484,
                    0.6118830442428589
                ],
                [
                    0.0,
                    0.9822776913642883,
                    -0.18743093311786652,
                    -0.7555582523345947
                ],
                [
                    0.0,
                    0.0,
                    0.0,
                    1.0
                ]
            ]
        },
        {
            "file_path": "/data/shapenet_blender/all_50_random/02958343/66d89101c69cd1fc1e4f5422b970bb55/r_15",
            "rotation": 0.12566370614359174,
            "transform_matrix": [
                [
                    0.44278308749198914,
                    -0.8926045298576355,
                    -0.08485430479049683,
                    -0.3420586585998535
                ],
                [
                    -0.8966287970542908,
                    -0.44079577922821045,
                    -0.04190368950366974,
                    -0.168919175863266
                ],
                [
                    3.725290298461914e-09,
                    0.09463728964328766,
                    -0.9955118894577026,
                    -4.013036727905273
                ],
                [
                    0.0,
                    0.0,
                    0.0,
                    1.0
                ]
            ]
        },
        {
            "file_path": "/data/shapenet_blender/all_50_random/02958343/66d89101c69cd1fc1e4f5422b970bb55/r_16",
            "rotation": 0.12566370614359174,
            "transform_matrix": [
                [
                    -0.9604116678237915,
                    -0.08258567005395889,
                    0.2660619020462036,
                    1.072529911994934
                ],
                [
                    0.2785845100879669,
                    -0.2847115993499756,
                    0.9172403216362,
                    3.697514295578003
                ],
                [
                    7.450580152834618e-09,
                    0.9550492167472839,
                    0.29644739627838135,
                    1.1950178146362305
                ],
                [
                    0.0,
                    0.0,
                    0.0,
                    1.0
                ]
            ]
        },
        {
            "file_path": "/data/shapenet_blender/all_50_random/02958343/66d89101c69cd1fc1e4f5422b970bb55/r_17",
            "rotation": 0.12566370614359174,
            "transform_matrix": [
                [
                    0.9689050912857056,
                    0.06708535552024841,
                    0.23816491663455963,
                    0.9600734710693359
                ],
                [
                    0.24743276834487915,
                    -0.26269495487213135,
                    -0.932613730430603,
                    -3.759486198425293
                ],
                [
                    0.0,
                    0.9625440239906311,
                    -0.27112558484077454,
                    -1.092942237854004
                ],
                [
                    0.0,
                    0.0,
                    0.0,
                    1.0
                ]
            ]
        },
        {
            "file_path": "/data/shapenet_blender/all_50_random/02958343/66d89101c69cd1fc1e4f5422b970bb55/r_18",
            "rotation": 0.12566370614359174,
            "transform_matrix": [
                [
                    0.3153340518474579,
                    -0.42518001794815063,
                    -0.8484023213386536,
                    -3.4200186729431152
                ],
                [
                    -0.9489807486534119,
                    -0.1412818431854248,
                    -0.281913161277771,
                    -1.1364281177520752
                ],
                [
                    0.0,
                    0.8940142393112183,
                    -0.44803866744041443,
                    -1.8061014413833618
                ],
                [
                    0.0,
                    0.0,
                    0.0,
                    1.0
                ]
            ]
        },
        {
            "file_path": "/data/shapenet_blender/all_50_random/02958343/66d89101c69cd1fc1e4f5422b970bb55/r_19",
            "rotation": 0.12566370614359174,
            "transform_matrix": [
                [
                    0.7506271600723267,
                    0.45700928568840027,
                    -0.4771806299686432,
                    -1.9235767126083374
                ],
                [
                    -0.660726010799408,
                    0.5191918611526489,
                    -0.5421077609062195,
                    -2.1853065490722656
                ],
                [
                    1.4901161193847656e-08,
                    0.7222064137458801,
                    0.6916773915290833,
                    2.788240909576416
                ],
                [
                    0.0,
                    0.0,
                    0.0,
                    1.0
                ]
            ]
        },
        {
            "file_path": "/data/shapenet_blender/all_50_random/02958343/66d89101c69cd1fc1e4f5422b970bb55/r_20",
            "rotation": 0.12566370614359174,
            "transform_matrix": [
                [
                    0.48700976371765137,
                    -0.49301499128341675,
                    0.7209422588348389,
                    2.9062108993530273
                ],
                [
                    0.8733965754508972,
                    0.27490735054016113,
                    -0.4020005762577057,
                    -1.6205159425735474
                ],
                [
                    -1.4901161193847656e-08,
                    0.8254466652870178,
                    0.564480185508728,
                    2.2754921913146973
                ],
                [
                    0.0,
                    0.0,
                    0.0,
                    1.0
                ]
            ]
        },
        {
            "file_path": "/data/shapenet_blender/all_50_random/02958343/66d89101c69cd1fc1e4f5422b970bb55/r_21",
            "rotation": 0.12566370614359174,
            "transform_matrix": [
                [
                    0.4657703936100006,
                    -0.279981791973114,
                    -0.8394450545310974,
                    -3.383911609649658
                ],
                [
                    -0.8849057555198669,
                    -0.14736849069595337,
                    -0.44184210896492004,
                    -1.7811226844787598
                ],
                [
                    -7.450582373280668e-09,
                    0.9486266374588013,
                    -0.31639736890792847,
                    -1.275438666343689
                ],
                [
                    0.0,
                    0.0,
                    0.0,
                    1.0
                ]
            ]
        },
        {
            "file_path": "/data/shapenet_blender/all_50_random/02958343/66d89101c69cd1fc1e4f5422b970bb55/r_22",
            "rotation": 0.12566370614359174,
            "transform_matrix": [
                [
                    -0.0029989418108016253,
                    -0.28222712874412537,
                    0.959342896938324,
                    3.867234945297241
                ],
                [
                    0.9999955892562866,
                    -0.0008463863632641733,
                    0.0028770260978490114,
                    0.011597663164138794
                ],
                [
                    -1.1641533570472262e-10,
                    0.9593471884727478,
                    0.28222838044166565,
                    1.137699007987976
                ],
                [
                    0.0,
                    0.0,
                    0.0,
                    1.0
                ]
            ]
        },
        {
            "file_path": "/data/shapenet_blender/all_50_random/02958343/66d89101c69cd1fc1e4f5422b970bb55/r_23",
            "rotation": 0.12566370614359174,
            "transform_matrix": [
                [
                    0.5380412340164185,
                    0.42848601937294006,
                    0.7258865833282471,
                    2.926142454147339
                ],
                [
                    0.8429185152053833,
                    -0.273505836725235,
                    -0.4633388817310333,
                    -1.8677787780761719
                ],
                [
                    -1.4901161193847656e-08,
                    0.8611587285995483,
                    -0.5083361864089966,
                    -2.049168825149536
                ],
                [
                    0.0,
                    0.0,
                    0.0,
                    1.0
                ]
            ]
        },
        {
            "file_path": "/data/shapenet_blender/all_50_random/02958343/66d89101c69cd1fc1e4f5422b970bb55/r_24",
            "rotation": 0.12566370614359174,
            "transform_matrix": [
                [
                    -0.4052823781967163,
                    -0.7257974147796631,
                    0.5558456182479858,
                    2.24068546295166
                ],
                [
                    0.9141916632652283,
                    -0.3217628300189972,
                    0.2464192658662796,
                    0.9933478236198425
                ],
                [
                    -1.4901162970204496e-08,
                    0.608018696308136,
                    0.7939226627349854,
                    3.200404644012451
                ],
                [
                    0.0,
                    0.0,
                    0.0,
                    1.0
                ]
            ]
        },
        {
            "file_path": "/data/shapenet_blender/all_50_random/02958343/66d89101c69cd1fc1e4f5422b970bb55/r_25",
            "rotation": 0.12566370614359174,
            "transform_matrix": [
                [
                    -0.9983206987380981,
                    0.008173899725079536,
                    -0.05735087767243385,
                    -0.2311887890100479
                ],
                [
                    -0.057930443435907364,
                    -0.14086157083511353,
                    0.988332986831665,
                    3.984097719192505
                ],
                [
                    0.0,
                    0.9899955987930298,
                    0.14109854400157928,
                    0.5687864422798157
                ],
                [
                    0.0,
                    0.0,
                    0.0,
                    1.0
                ]
            ]
        },
        {
            "file_path": "/data/shapenet_blender/all_50_random/02958343/66d89101c69cd1fc1e4f5422b970bb55/r_26",
            "rotation": 0.12566370614359174,
            "transform_matrix": [
                [
                    0.5517431497573853,
                    0.5992627143859863,
                    -0.5800549387931824,
                    -2.3382761478424072
                ],
                [
                    -0.8340141177177429,
                    0.39644303917884827,
                    -0.38373610377311707,
                    -1.5468896627426147
                ],
                [
                    0.0,
                    0.6954977512359619,
                    0.7185282707214355,
                    2.896480083465576
                ],
                [
                    0.0,
                    0.0,
                    0.0,
                    1.0
                ]
            ]
        },
        {
            "file_path": "/data/shapenet_blender/all_50_random/02958343/66d89101c69cd1fc1e4f5422b970bb55/r_27",
            "rotation": 0.12566370614359174,
            "transform_matrix": [
                [
                    -0.9988416433334351,
                    0.001155215548351407,
                    0.04810478910803795,
                    0.19391658902168274
                ],
                [
                    0.048118654638528824,
                    0.023979833349585533,
                    0.9985538125038147,
                    4.025298595428467
                ],
                [
                    0.0,
                    0.999711811542511,
                    -0.0240076445043087,
                    -0.09677790105342865
                ],
                [
                    0.0,
                    0.0,
                    0.0,
                    1.0
                ]
            ]
        },
        {
            "file_path": "/data/shapenet_blender/all_50_random/02958343/66d89101c69cd1fc1e4f5422b970bb55/r_28",
            "rotation": 0.12566370614359174,
            "transform_matrix": [
                [
                    -0.383322149515152,
                    0.4066106379032135,
                    -0.8292960524559021,
                    -3.342999219894409
                ],
                [
                    -0.9236147403717041,
                    -0.16875310242176056,
                    0.34417763352394104,
                    1.3874244689941406
                ],
                [
                    0.0,
                    0.8978809118270874,
                    0.4402383267879486,
                    1.7746574878692627
                ],
                [
                    0.0,
                    0.0,
                    0.0,
                    1.0
                ]
            ]
        },
        {
            "file_path": "/data/shapenet_blender/all_50_random/02958343/66d89101c69cd1fc1e4f5422b970bb55/r_29",
            "rotation": 0.12566370614359174,
            "transform_matrix": [
                [
                    0.9021845459938049,
                    0.1432865411043167,
                    -0.4068562686443329,
                    -1.6400901079177856
                ],
                [
                    -0.4313502907752991,
                    0.2996889352798462,
                    -0.8509544730186462,
                    -3.430307149887085
                ],
                [
                    0.0,
                    0.943215548992157,
                    0.3321814239025116,
                    1.3390661478042603
                ],
                [
                    0.0,
                    0.0,
                    0.0,
                    1.0
                ]
            ]
        },
        {
            "file_path": "/data/shapenet_blender/all_50_random/02958343/66d89101c69cd1fc1e4f5422b970bb55/r_30",
            "rotation": 0.12566370614359174,
            "transform_matrix": [
                [
                    -0.40417665243148804,
                    -0.8685770034790039,
                    0.28673192858695984,
                    1.1558533906936646
                ],
                [
                    0.9146808981895447,
                    -0.3838043808937073,
                    0.12670031189918518,
                    0.5107452869415283
                ],
                [
                    -7.4505797087454084e-09,
                    0.31347742676734924,
                    0.94959557056427,
                    3.827942132949829
                ],
                [
                    0.0,
                    0.0,
                    0.0,
                    1.0
                ]
            ]
        },
        {
            "file_path": "/data/shapenet_blender/all_50_random/02958343/66d89101c69cd1fc1e4f5422b970bb55/r_31",
            "rotation": 0.12566370614359174,
            "transform_matrix": [
                [
                    0.8981966376304626,
                    -0.40411728620529175,
                    -0.17300859093666077,
                    -0.6974200010299683
                ],
                [
                    -0.4395938217639923,
                    -0.8257094621658325,
                    -0.3534984588623047,
                    -1.4249980449676514
                ],
                [
                    1.4901160305669237e-08,
                    0.39356470108032227,
                    -0.9192968606948853,
                    -3.7058043479919434
                ],
                [
                    0.0,
                    0.0,
                    0.0,
                    1.0
                ]
            ]
        },
        {
            "file_path": "/data/shapenet_blender/all_50_random/02958343/66d89101c69cd1fc1e4f5422b970bb55/r_32",
            "rotation": 0.12566370614359174,
            "transform_matrix": [
                [
                    -0.16947133839130402,
                    -0.9551378488540649,
                    0.24288128316402435,
                    0.9790858030319214
                ],
                [
                    0.985535204410553,
                    -0.16424426436424255,
                    0.041765548288822174,
                    0.1683623194694519
                ],
                [
                    3.725290298461914e-09,
                    0.24644595384597778,
                    0.9691564440727234,
                    3.906794786453247
                ],
                [
                    0.0,
                    0.0,
                    0.0,
                    1.0
                ]
            ]
        },
        {
            "file_path": "/data/shapenet_blender/all_50_random/02958343/66d89101c69cd1fc1e4f5422b970bb55/r_33",
            "rotation": 0.12566370614359174,
            "transform_matrix": [
                [
                    0.3278462588787079,
                    0.03728577867150307,
                    -0.9439949989318848,
                    -3.805365562438965
                ],
                [
                    -0.9447310566902161,
                    0.01293913647532463,
                    -0.32759085297584534,
                    -1.3205609321594238
                ],
                [
                    0.0,
                    0.9992208480834961,
                    0.039467085152864456,
                    0.15909691154956818
                ],
                [
                    0.0,
                    0.0,
                    0.0,
                    1.0
                ]
            ]
        },
        {
            "file_path": "/data/shapenet_blender/all_50_random/02958343/66d89101c69cd1fc1e4f5422b970bb55/r_34",
            "rotation": 0.12566370614359174,
            "transform_matrix": [
                [
                    -0.9786443710327148,
                    0.04862046614289284,
                    -0.19972775876522064,
                    -0.8051283359527588
                ],
                [
                    -0.20556050539016724,
                    -0.2314751297235489,
                    0.950875461101532,
                    3.833101511001587
                ],
                [
                    0.0,
                    0.971625030040741,
                    0.23652631044387817,
                    0.9534680843353271
                ],
                [
                    0.0,
                    0.0,
                    0.0,
                    1.0
                ]
            ]
        },
        {
            "file_path": "/data/shapenet_blender/all_50_random/02958343/66d89101c69cd1fc1e4f5422b970bb55/r_35",
            "rotation": 0.12566370614359174,
            "transform_matrix": [
                [
                    -0.02429709956049919,
                    0.7799177765846252,
                    -0.6254101991653442,
                    -2.5211093425750732
                ],
                [
                    -0.9997048377990723,
                    -0.018955335021018982,
                    0.015200141817331314,
                    0.061273735016584396
                ],
                [
                    9.313225746154785e-10,
                    0.6255948543548584,
                    0.7801480293273926,
                    3.1448774337768555
                ],
                [
                    0.0,
                    0.0,
                    0.0,
                    1.0
                ]
            ]
        },
        {
            "file_path": "/data/shapenet_blender/all_50_random/02958343/66d89101c69cd1fc1e4f5422b970bb55/r_36",
            "rotation": 0.12566370614359174,
            "transform_matrix": [
                [
                    0.9516416192054749,
                    0.04618094488978386,
                    -0.3037193715572357,
                    -1.2243320941925049
                ],
                [
                    -0.3072102665901184,
                    0.14305417239665985,
                    -0.9408279657363892,
                    -3.7925989627838135
                ],
                [
                    3.725290076417309e-09,
                    0.9886367917060852,
                    0.1503235548734665,
                    0.6059737205505371
                ],
                [
                    0.0,
                    0.0,
                    0.0,
                    1.0
                ]
            ]
        },
        {
            "file_path": "/data/shapenet_blender/all_50_random/02958343/66d89101c69cd1fc1e4f5422b970bb55/r_37",
            "rotation": 0.12566370614359174,
            "transform_matrix": [
                [
                    0.07067405432462692,
                    -0.7045459747314453,
                    -0.7061304450035095,
                    -2.8465027809143066
                ],
                [
                    -0.9974995255470276,
                    -0.04991794005036354,
                    -0.05003020167350769,
                    -0.20167818665504456
                ],
                [
                    0.0,
                    0.7079005837440491,
                    -0.7063121199607849,
                    -2.8472352027893066
                ],
                [
                    0.0,
                    0.0,
                    0.0,
                    1.0
                ]
            ]
        },
        {
            "file_path": "/data/shapenet_blender/all_50_random/02958343/66d89101c69cd1fc1e4f5422b970bb55/r_38",
            "rotation": 0.12566370614359174,
            "transform_matrix": [
                [
                    -0.17625385522842407,
                    0.01740538328886032,
                    0.984190821647644,
                    3.967400074005127
                ],
                [
                    0.9843447804450989,
                    0.0031165562104433775,
                    0.17622628808021545,
                    0.7103908658027649
                ],
                [
                    0.0,
                    0.9998436570167542,
                    -0.01768220029771328,
                    -0.07127922773361206
                ],
                [
                    0.0,
                    0.0,
                    0.0,
                    1.0
                ]
            ]
        },
        {
            "file_path": "/data/shapenet_blender/all_50_random/02958343/66d89101c69cd1fc1e4f5422b970bb55/r_39",
            "rotation": 0.12566370614359174,
            "transform_matrix": [
                [
                    -0.9238056540489197,
                    0.10537347942590714,
                    0.3680753707885742,
                    1.4837592840194702
                ],
                [
                    0.3828616738319397,
                    0.2542553246021271,
                    0.888127863407135,
                    3.580157995223999
                ],
                [
                    0.0,
                    0.9613795280456543,
                    -0.275225967168808,
                    -1.109471321105957
                ],
                [
                    0.0,
                    0.0,
                    0.0,
                    1.0
                ]
            ]
        },
        {
            "file_path": "/data/shapenet_blender/all_50_random/02958343/66d89101c69cd1fc1e4f5422b970bb55/r_40",
            "rotation": 0.12566370614359174,
            "transform_matrix": [
                [
                    -0.3904063105583191,
                    -0.3992552161216736,
                    0.8295649886131287,
                    3.344083547592163
                ],
                [
                    0.9206426739692688,
                    -0.16930754482746124,
                    0.3517840504646301,
                    1.4180868864059448
                ],
                [
                    0.0,
                    0.9010716080665588,
                    0.43367013335227966,
                    1.7481802701950073
                ],
                [
                    0.0,
                    0.0,
                    0.0,
                    1.0
                ]
            ]
        },
        {
            "file_path": "/data/shapenet_blender/all_50_random/02958343/66d89101c69cd1fc1e4f5422b970bb55/r_41",
            "rotation": 0.12566370614359174,
            "transform_matrix": [
                [
                    -0.7683776617050171,
                    0.02713855355978012,
                    0.6394211053848267,
                    2.5775890350341797
                ],
                [
                    0.6399967670440674,
                    0.03258243948221207,
                    0.7676864862442017,
                    3.0946431159973145
                ],
