{
    "class": "02958343",
    "model": "64ee682c9dd2ee467cfc46ae22f84c92",
    "remove_doubles": true,
    "edge_split": true,
    "denoise": true,
    "camera_angle_x": 0.6911112070083618,
    "scale_factor": 2.278386851716502,
    "hdri_file": "/data/IndoorHDRDataset2018/AG8A1537-23cf67b1ea.exr",
    "center_offset": [
        0.0,
        -2.7939677238464355e-09,
        0.0
    ],
    "lights": [],
    "frames": [
        {
            "file_path": "/data/shapenet_blender/all_50_random/02958343/64ee682c9dd2ee467cfc46ae22f84c92/r_0",
            "rotation": 0.12566370614359174,
            "transform_matrix": [
                [
                    -0.9238135814666748,
                    -0.16198788583278656,
                    -0.34688374400138855,
                    -1.3983330726623535
                ],
                [
                    -0.382842481136322,
                    0.3908829391002655,
                    0.8370437026023865,
                    3.3742311000823975
                ],
                [
                    0.0,
                    0.9060742259025574,
                    -0.42311882972717285,
                    -1.7056465148925781
                ],
                [
                    0.0,
                    0.0,
                    0.0,
                    1.0
                ]
            ]
        },
        {
            "file_path": "/data/shapenet_blender/all_50_random/02958343/64ee682c9dd2ee467cfc46ae22f84c92/r_1",
            "rotation": 0.12566370614359174,
            "transform_matrix": [
                [
                    0.9544168710708618,
                    0.006880159955471754,
                    0.29839766025543213,
                    1.2028794288635254
                ],
                [
                    0.2984769940376282,
                    -0.022000156342983246,
                    -0.9541631937026978,
                    -3.8463549613952637
                ],
                [
                    -4.656613428188905e-10,
                    0.9997342228889465,
                    -0.023050891235470772,
                    -0.09292111545801163
                ],
                [
                    0.0,
                    0.0,
                    0.0,
                    1.0
                ]
            ]
        },
        {
            "file_path": "/data/shapenet_blender/all_50_random/02958343/64ee682c9dd2ee467cfc46ae22f84c92/r_2",
            "rotation": 0.12566370614359174,
            "transform_matrix": [
                [
                    -0.25642406940460205,
                    0.0071089123375713825,
                    0.9665383100509644,
                    3.896239995956421
                ],
                [
                    0.966564416885376,
                    0.0018859542906284332,
                    0.2564171552658081,
                    1.033650517463684
                ],
                [
                    0.0,
                    0.9999730587005615,
                    -0.0073548248037695885,
                    -0.029648244380950928
                ],
                [
                    0.0,
                    0.0,
                    0.0,
                    1.0
                ]
            ]
        },
        {
            "file_path": "/data/shapenet_blender/all_50_random/02958343/64ee682c9dd2ee467cfc46ae22f84c92/r_3",
            "rotation": 0.12566370614359174,
            "transform_matrix": [
                [
                    0.5114932656288147,
                    0.13127382099628448,
                    0.8492007255554199,
                    3.4232375621795654
                ],
                [
                    0.8592873215675354,
                    -0.07814112305641174,
                    -0.5054891705513,
                    -2.037692070007324
                ],
                [
                    7.450580596923828e-09,
                    0.9882616400718689,
                    -0.15277060866355896,
                    -0.6158380508422852
                ],
                [
                    0.0,
                    0.0,
                    0.0,
                    1.0
                ]
            ]
        },
        {
            "file_path": "/data/shapenet_blender/all_50_random/02958343/64ee682c9dd2ee467cfc46ae22f84c92/r_4",
            "rotation": 0.12566370614359174,
            "transform_matrix": [
                [
                    0.5354845523834229,
                    -0.21013547480106354,
                    0.8179849982261658,
                    3.2974026203155518
                ],
                [
                    0.8445450067520142,
                    0.1332365870475769,
                    -0.5186441540718079,
                    -2.0907211303710938
                ],
                [
                    7.450580152834618e-09,
                    0.9685510396957397,
                    0.24881501495838165,
                    1.0030052661895752
                ],
                [
                    0.0,
                    0.0,
                    0.0,
                    1.0
                ]
            ]
        },
        {
            "file_path": "/data/shapenet_blender/all_50_random/02958343/64ee682c9dd2ee467cfc46ae22f84c92/r_5",
            "rotation": 0.12566370614359174,
            "transform_matrix": [
                [
                    0.19352929294109344,
                    0.894932210445404,
                    -0.4020480513572693,
                    -1.6207075119018555
                ],
                [
                    -0.9810945987701416,
                    0.1765330284833908,
                    -0.07930741459131241,
                    -0.31969842314720154
                ],
                [
                    0.0,
                    0.40979549288749695,
                    0.9121774435043335,
                    3.677104949951172
                ],
                [
                    0.0,
                    0.0,
                    0.0,
                    1.0
                ]
            ]
        },
        {
            "file_path": "/data/shapenet_blender/all_50_random/02958343/64ee682c9dd2ee467cfc46ae22f84c92/r_6",
            "rotation": 0.12566370614359174,
            "transform_matrix": [
                [
                    0.10904529690742493,
                    -0.26481330394744873,
                    -0.9581142663955688,
                    -3.8622822761535645
                ],
                [
                    -0.9940367341041565,
                    -0.02904987893998623,
                    -0.10510461777448654,
                    -0.4236902892589569
                ],
                [
                    -1.8626450382086546e-09,
                    0.9638619422912598,
                    -0.2664019465446472,
                    -1.0739006996154785
                ],
                [
                    0.0,
                    0.0,
                    0.0,
                    1.0
                ]
            ]
        },
        {
            "file_path": "/data/shapenet_blender/all_50_random/02958343/64ee682c9dd2ee467cfc46ae22f84c92/r_7",
            "rotation": 0.12566370614359174,
            "transform_matrix": [
                [
                    -0.5065211057662964,
                    0.41232946515083313,
                    0.7572455406188965,
                    3.0525543689727783
                ],
                [
                    0.8622275590896606,
                    0.24222558736801147,
                    0.4448487460613251,
                    1.7932426929473877
                ],
                [
                    0.0,
                    0.8782432079315186,
                    -0.47821420431137085,
                    -1.9277430772781372
                ],
                [
                    0.0,
                    0.0,
                    0.0,
                    1.0
                ]
            ]
        },
        {
            "file_path": "/data/shapenet_blender/all_50_random/02958343/64ee682c9dd2ee467cfc46ae22f84c92/r_8",
            "rotation": 0.12566370614359174,
            "transform_matrix": [
                [
                    0.9800797700881958,
                    0.036358702927827835,
                    0.1952480673789978,
                    0.7870701551437378
                ],
                [
                    0.198604553937912,
                    -0.17942403256893158,
                    -0.9635160565376282,
                    -3.8840575218200684
                ],
                [
                    0.0,
                    0.983099639415741,
                    -0.18307086825370789,
                    -0.7379822731018066
                ],
                [
                    0.0,
                    0.0,
                    0.0,
                    1.0
                ]
            ]
        },
        {
            "file_path": "/data/shapenet_blender/all_50_random/02958343/64ee682c9dd2ee467cfc46ae22f84c92/r_9",
            "rotation": 0.12566370614359174,
            "transform_matrix": [
                [
                    0.980103075504303,
                    -0.16298875212669373,
                    -0.11328092962503433,
                    -0.4566500186920166
                ],
                [
                    -0.19848904013633728,
                    -0.804809033870697,
                    -0.5593607425689697,
                    -2.254855155944824
                ],
                [
                    0.0,
                    0.5707163214683533,
                    -0.8211473226547241,
                    -3.310150623321533
                ],
                [
                    0.0,
                    0.0,
                    0.0,
                    1.0
                ]
            ]
        },
        {
            "file_path": "/data/shapenet_blender/all_50_random/02958343/64ee682c9dd2ee467cfc46ae22f84c92/r_10",
            "rotation": 0.12566370614359174,
            "transform_matrix": [
                [
                    0.5113415718078613,
                    -0.7894838452339172,
                    -0.33947739005088806,
                    -1.3684771060943604
                ],
                [
                    -0.8593775629997253,
                    -0.46975386142730713,
                    -0.20199376344680786,
                    -0.8142629265785217
                ],
                [
                    0.0,
                    0.39502689242362976,
                    -0.9186695218086243,
                    -3.703275203704834
                ],
                [
                    0.0,
                    0.0,
                    0.0,
                    1.0
                ]
            ]
        },
        {
            "file_path": "/data/shapenet_blender/all_50_random/02958343/64ee682c9dd2ee467cfc46ae22f84c92/r_11",
            "rotation": 0.12566370614359174,
            "transform_matrix": [
                [
                    0.8604894876480103,
                    -0.01349151786416769,
                    -0.5092895030975342,
                    -2.053011894226074
                ],
                [
                    -0.5094682574272156,
                    -0.022787107154726982,
                    -0.8601875901222229,
                    -3.467527389526367
                ],
                [
                    9.313225746154785e-10,
                    0.9996493458747864,
                    -0.026481563225388527,
                    -0.10675060003995895
                ],
                [
                    0.0,
                    0.0,
                    0.0,
                    1.0
                ]
            ]
        },
        {
            "file_path": "/data/shapenet_blender/all_50_random/02958343/64ee682c9dd2ee467cfc46ae22f84c92/r_12",
            "rotation": 0.12566370614359174,
            "transform_matrix": [
                [
                    0.9955111145973206,
                    -0.012574677355587482,
                    0.09380596876144409,
                    0.37814396619796753
                ],
                [
                    0.09464504569768906,
                    0.13226504623889923,
                    -0.9866854548454285,
                    -3.9774563312530518
                ],
                [
                    0.0,
                    0.991134524345398,
                    0.13286146521568298,
                    0.5355817079544067
                ],
                [
                    0.0,
                    0.0,
                    0.0,
                    1.0
                ]
            ]
        },
        {
            "file_path": "/data/shapenet_blender/all_50_random/02958343/64ee682c9dd2ee467cfc46ae22f84c92/r_13",
            "rotation": 0.12566370614359174,
            "transform_matrix": [
                [
                    -0.34970200061798096,
                    -0.7998507022857666,
                    0.4877985417842865,
                    1.9663788080215454
                ],
                [
                    0.9368610382080078,
                    -0.29856017231941223,
                    0.1820804923772812,
                    0.733989953994751
                ],
                [
                    0.0,
                    0.5206733345985413,
                    0.8537560105323792,
                    3.4416005611419678
                ],
                [
                    0.0,
                    0.0,
                    0.0,
                    1.0
                ]
            ]
        },
        {
            "file_path": "/data/shapenet_blender/all_50_random/02958343/64ee682c9dd2ee467cfc46ae22f84c92/r_14",
            "rotation": 0.12566370614359174,
            "transform_matrix": [
                [
                    -0.9975608587265015,
                    0.0022707998286932707,
                    0.06976459920406342,
                    0.281230092048645
                ],
                [
                    0.06980153918266296,
                    0.03245287761092186,
                    0.9970328211784363,
                    4.019167900085449
                ],
                [
                    0.0,
                    0.9994706511497498,
                    -0.0325322262942791,
                    -0.13114160299301147
                ],
                [
                    0.0,
                    0.0,
                    0.0,
                    1.0
                ]
            ]
        },
        {
            "file_path": "/data/shapenet_blender/all_50_random/02958343/64ee682c9dd2ee467cfc46ae22f84c92/r_15",
            "rotation": 0.12566370614359174,
            "transform_matrix": [
                [
                    -0.07880013436079025,
                    -0.6711696982383728,
                    0.7371035814285278,
                    2.9713597297668457
                ],
                [
                    0.9968905448913574,
                    -0.05305323377251625,
                    0.05826503783464432,
                    0.23487389087677002
                ],
                [
                    0.0,
                    0.7394028306007385,
                    0.6732631921768188,
                    2.7140109539031982
                ],
                [
                    0.0,
                    0.0,
                    0.0,
                    1.0
                ]
            ]
        },
        {
            "file_path": "/data/shapenet_blender/all_50_random/02958343/64ee682c9dd2ee467cfc46ae22f84c92/r_16",
            "rotation": 0.12566370614359174,
            "transform_matrix": [
                [
                    -0.9686253666877747,
                    0.21745406091213226,
                    -0.12032661586999893,
                    -0.48505204916000366
                ],
                [
                    -0.24852515757083893,
                    -0.847525954246521,
                    0.4689723253250122,
                    1.8904876708984375
                ],
                [
                    7.4505792646561986e-09,
                    0.48416271805763245,
                    0.8749780654907227,
                    3.527148962020874
                ],
                [
                    0.0,
                    0.0,
                    0.0,
                    1.0
                ]
            ]
        },
        {
            "file_path": "/data/shapenet_blender/all_50_random/02958343/64ee682c9dd2ee467cfc46ae22f84c92/r_17",
            "rotation": 0.12566370614359174,
            "transform_matrix": [
                [
                    -0.9999731779098511,
                    0.0009042641613632441,
                    -0.007280243095010519,
                    -0.029347598552703857
                ],
                [
                    -0.007336186710745096,
                    -0.12325747311115265,
                    0.9923476576805115,
                    4.00028133392334
                ],
                [
                    5.820766091346741e-11,
                    0.9923743605613708,
                    0.12326078116893768,
                    0.49688011407852173
                ],
                [
                    0.0,
                    0.0,
                    0.0,
                    1.0
                ]
            ]
        },
        {
            "file_path": "/data/shapenet_blender/all_50_random/02958343/64ee682c9dd2ee467cfc46ae22f84c92/r_18",
            "rotation": 0.12566370614359174,
            "transform_matrix": [
                [
                    -0.9989604353904724,
                    0.0018204225925728679,
                    0.04554896801710129,
                    0.18361377716064453
                ],
                [
                    0.04558533430099487,
                    0.03989287465810776,
                    0.9981634616851807,
                    4.023725986480713
                ],
                [
                    0.0,
                    0.9992022514343262,
                    -0.03993438929319382,
                    -0.160980686545372
                ],
                [
                    0.0,
                    0.0,
                    0.0,
                    1.0
                ]
            ]
        },
        {
            "file_path": "/data/shapenet_blender/all_50_random/02958343/64ee682c9dd2ee467cfc46ae22f84c92/r_19",
            "rotation": 0.12566370614359174,
            "transform_matrix": [
                [
                    0.4883687198162079,
                    0.817936897277832,
                    0.304097443819046,
                    1.2258559465408325
                ],
                [
                    0.8726373910903931,
                    -0.4577557444572449,
                    -0.17018716037273407,
                    -0.6860463619232178
                ],
                [
                    0.0,
                    0.34848088026046753,
                    -0.9373158812522888,
                    -3.7784411907196045
                ],
                [
                    0.0,
                    0.0,
                    0.0,
                    1.0
                ]
            ]
        },
        {
            "file_path": "/data/shapenet_blender/all_50_random/02958343/64ee682c9dd2ee467cfc46ae22f84c92/r_20",
            "rotation": 0.12566370614359174,
            "transform_matrix": [
                [
                    -0.8745536804199219,
                    -0.004951981361955404,
                    -0.4849034249782562,
                    -1.9547079801559448
                ],
                [
                    -0.4849286675453186,
                    0.008930743671953678,
                    0.8745081424713135,
                    3.525254726409912
                ],
                [
                    0.0,
                    0.9999479055404663,
                    -0.010211772285401821,
                    -0.04116496443748474
                ],
                [
                    0.0,
                    0.0,
                    0.0,
                    1.0
                ]
            ]
        },
        {
            "file_path": "/data/shapenet_blender/all_50_random/02958343/64ee682c9dd2ee467cfc46ae22f84c92/r_21",
            "rotation": 0.12566370614359174,
            "transform_matrix": [
                [
                    -0.9526955485343933,
                    -0.066274493932724,
                    0.296612411737442,
                    1.1956827640533447
                ],
                [
                    0.30392634868621826,
                    -0.207745760679245,
                    0.9297690987586975,
                    3.748018741607666
                ],
                [
                    -3.725290076417309e-09,
                    0.975935161113739,
                    0.21806102991104126,
                    0.8790320158004761
                ],
                [
                    0.0,
                    0.0,
                    0.0,
                    1.0
                ]
            ]
        },
        {
            "file_path": "/data/shapenet_blender/all_50_random/02958343/64ee682c9dd2ee467cfc46ae22f84c92/r_22",
            "rotation": 0.12566370614359174,
            "transform_matrix": [
                [
                    0.8155633807182312,
                    0.1364407241344452,
                    -0.5623524785041809,
                    -2.2669153213500977
                ],
                [
                    -0.5786678194999695,
                    0.19229698181152344,
                    -0.7925689220428467,
                    -3.1949474811553955
                ],
                [
                    7.450580596923828e-09,
                    0.9718054533004761,
                    0.23578423261642456,
                    0.9504766464233398
                ],
                [
                    0.0,
                    0.0,
                    0.0,
                    1.0
                ]
            ]
        },
        {
            "file_path": "/data/shapenet_blender/all_50_random/02958343/64ee682c9dd2ee467cfc46ae22f84c92/r_23",
            "rotation": 0.12566370614359174,
            "transform_matrix": [
                [
                    0.35100841522216797,
                    -0.028543947264552116,
                    0.9359371066093445,
                    3.772883176803589
                ],
                [
                    0.9363723397254944,
                    0.010699979960918427,
                    -0.35084524750709534,
                    -1.4143024682998657
                ],
                [
                    0.0,
                    0.9995352029800415,
                    0.03048354759812355,
                    0.12288311123847961
                ],
                [
                    0.0,
                    0.0,
                    0.0,
                    1.0
                ]
            ]
        },
        {
            "file_path": "/data/shapenet_blender/all_50_random/02958343/64ee682c9dd2ee467cfc46ae22f84c92/r_24",
            "rotation": 0.12566370614359174,
            "transform_matrix": [
                [
                    -0.4505724310874939,
                    0.0007449089898727834,
                    -0.8927395939826965,
                    -3.5987484455108643
                ],
                [
                    -0.89274001121521,
                    -0.0003759609826374799,
                    0.4505721926689148,
                    1.8163145780563354
                ],
                [
                    2.9103833926180656e-11,
                    0.9999995827674866,
                    0.0008344076341018081,
                    0.0033636046573519707
                ],
                [
                    0.0,
                    0.0,
                    0.0,
                    1.0
                ]
            ]
        },
        {
            "file_path": "/data/shapenet_blender/all_50_random/02958343/64ee682c9dd2ee467cfc46ae22f84c92/r_25",
            "rotation": 0.12566370614359174,
            "transform_matrix": [
                [
                    -0.6791502833366394,
                    0.0008690740214660764,
                    0.7339986562728882,
                    2.958843469619751
                ],
                [
                    0.7339991927146912,
                    0.0008041314431466162,
                    0.6791497468948364,
                    2.7377405166625977
                ],
                [
                    0.0,
                    0.9999991655349731,
                    -0.0011840257793664932,
                    -0.004772961139678955
                ],
                [
                    0.0,
                    0.0,
                    0.0,
                    1.0
                ]
            ]
        },
        {
            "file_path": "/data/shapenet_blender/all_50_random/02958343/64ee682c9dd2ee467cfc46ae22f84c92/r_26",
            "rotation": 0.12566370614359174,
            "transform_matrix": [
                [
                    -0.49181315302848816,
                    0.006728514097630978,
                    -0.8706746697425842,
                    -3.5098021030426025
                ],
                [
                    -0.8707007169723511,
                    -0.003800584701821208,
                    0.491798460483551,
                    1.9825031757354736
                ],
                [
                    2.3283062977608182e-10,
                    0.9999701380729675,
                    0.007727699354290962,
                    0.03115135431289673
                ],
                [
                    0.0,
                    0.0,
                    0.0,
                    1.0
                ]
            ]
        },
        {
            "file_path": "/data/shapenet_blender/all_50_random/02958343/64ee682c9dd2ee467cfc46ae22f84c92/r_27",
            "rotation": 0.12566370614359174,
            "transform_matrix": [
                [
                    0.7466856241226196,
                    0.06850600987672806,
                    0.6616399884223938,
                    2.667156219482422
                ],
                [
                    0.6651771068572998,
                    -0.07690050452947617,
                    -0.7427151203155518,
                    -2.9939804077148438
                ],
                [
                    0.0,
                    0.9946824312210083,
                    -0.10298914462327957,
                    -0.4151625335216522
                ],
                [
                    0.0,
                    0.0,
                    0.0,
                    1.0
                ]
            ]
        },
        {
            "file_path": "/data/shapenet_blender/all_50_random/02958343/64ee682c9dd2ee467cfc46ae22f84c92/r_28",
            "rotation": 0.12566370614359174,
            "transform_matrix": [
                [
                    -0.41362854838371277,
                    -0.25803765654563904,
                    -0.8731139302253723,
                    -3.519634962081909
                ],
                [
                    -0.9104458093643188,
                    0.11723019182682037,
                    0.39666813611984253,
                    1.5990204811096191
                ],
                [
                    0.0,
                    0.9589961171150208,
                    -0.28341901302337646,
                    -1.1424987316131592
                ],
                [
                    0.0,
                    0.0,
                    0.0,
                    1.0
                ]
            ]
        },
        {
            "file_path": "/data/shapenet_blender/all_50_random/02958343/64ee682c9dd2ee467cfc46ae22f84c92/r_29",
            "rotation": 0.12566370614359174,
            "transform_matrix": [
                [
                    -0.6081482172012329,
                    0.6489353179931641,
                    -0.4572073817253113,
                    -1.8430620431900024
                ],
                [
                    -0.7938234210014343,
                    -0.4971494674682617,
                    0.3502666652202606,
                    1.4119702577590942
                ],
                [
                    1.4901160305669237e-08,
                    0.5759560465812683,
                    0.8174805641174316,
                    3.295369863510132
                ],
                [
                    0.0,
                    0.0,
                    0.0,
                    1.0
                ]
            ]
        },
        {
            "file_path": "/data/shapenet_blender/all_50_random/02958343/64ee682c9dd2ee467cfc46ae22f84c92/r_30",
            "rotation": 0.12566370614359174,
            "transform_matrix": [
                [
                    0.2941119372844696,
                    -0.5871703624725342,
                    -0.7541412711143494,
                    -3.0400404930114746
                ],
                [
                    -0.9557709097862244,
                    -0.1806853711605072,
                    -0.23206602036952972,
                    -0.9354879856109619
                ],
                [
                    0.0,
                    0.789039671421051,
                    -0.6143421530723572,
                    -2.476492404937744
                ],
                [
                    0.0,
                    0.0,
                    0.0,
                    1.0
                ]
            ]
        },
        {
            "file_path": "/data/shapenet_blender/all_50_random/02958343/64ee682c9dd2ee467cfc46ae22f84c92/r_31",
            "rotation": 0.12566370614359174,
            "transform_matrix": [
                [
                    -0.8470498323440552,
                    -0.04802636057138443,
                    0.5293391942977905,
                    2.1338348388671875
                ],
                [
                    0.531513512134552,
                    -0.07653751224279404,
                    0.8435847759246826,
                    3.400599241256714
                ],
                [
                    0.0,
                    0.9959092140197754,
                    0.09035775065422058,
                    0.3642437756061554
                ],
                [
                    0.0,
                    0.0,
                    0.0,
                    1.0
                ]
            ]
        },
        {
            "file_path": "/data/shapenet_blender/all_50_random/02958343/64ee682c9dd2ee467cfc46ae22f84c92/r_32",
            "rotation": 0.12566370614359174,
            "transform_matrix": [
                [
                    0.7737342715263367,
                    -0.07006807625293732,
                    0.6296234130859375,
                    2.538093328475952
                ],
                [
                    0.6335102319717407,
                    0.08557726442813873,
                    -0.7689871191978455,
                    -3.099886417388916
                ],
                [
                    -3.725290076417309e-09,
                    0.9938647150993347,
                    0.11060289293527603,
                    0.4458545446395874
                ],
                [
                    0.0,
                    0.0,
                    0.0,
                    1.0
                ]
            ]
        },
        {
            "file_path": "/data/shapenet_blender/all_50_random/02958343/64ee682c9dd2ee467cfc46ae22f84c92/r_33",
            "rotation": 0.12566370614359174,
            "transform_matrix": [
                [
                    0.9353147149085999,
                    -0.07133938372135162,
                    0.34654998779296875,
                    1.3969876766204834
                ],
                [
                    0.3538166284561157,
                    0.1885857731103897,
                    -0.9161054491996765,
                    -3.692939043045044
                ],
                [
                    0.0,
                    0.9794621467590332,
                    0.20162813365459442,
                    0.8127889633178711
                ],
                [
                    0.0,
                    0.0,
                    0.0,
                    1.0
                ]
            ]
        },
        {
            "file_path": "/data/shapenet_blender/all_50_random/02958343/64ee682c9dd2ee467cfc46ae22f84c92/r_34",
            "rotation": 0.12566370614359174,
            "transform_matrix": [
                [
                    0.5179965496063232,
                    0.4488329589366913,
                    -0.7281678915023804,
                    -2.9353389739990234
                ],
                [
                    -0.8553826808929443,
                    0.27180102467536926,
                    -0.4409586787223816,
                    -1.7775614261627197
                ],
                [
                    0.0,
                    0.8512772917747498,
                    0.5247159004211426,
                    2.1151976585388184
                ],
                [
                    0.0,
                    0.0,
                    0.0,
                    1.0
                ]
            ]
        },
        {
            "file_path": "/data/shapenet_blender/all_50_random/02958343/64ee682c9dd2ee467cfc46ae22f84c92/r_35",
            "rotation": 0.12566370614359174,
            "transform_matrix": [
                [
                    -0.5920327305793762,
                    0.5397051572799683,
                    0.5985110998153687,
                    2.412675619125366
                ],
                [
                    0.8059138655662537,
                    0.3964730501174927,
                    0.4396725296974182,
                    1.7723767757415771
                ],
                [
                    0.0,
                    0.7426489591598511,
                    -0.6696808338165283,
                    -2.6995699405670166
                ],
                [
                    0.0,
                    0.0,
                    0.0,
                    1.0
                ]
            ]
        },
        {
            "file_path": "/data/shapenet_blender/all_50_random/02958343/64ee682c9dd2ee467cfc46ae22f84c92/r_36",
            "rotation": 0.12566370614359174,
            "transform_matrix": [
                [
                    0.33561041951179504,
                    -0.35996225476264954,
                    -0.8705129623413086,
                    -3.5091500282287598
                ],
                [
                    -0.9420009255409241,
                    -0.12824518978595734,
                    -0.31014111638069153,
                    -1.2502188682556152
                ],
                [
                    0.0,
                    0.9241105914115906,
                    -0.3821251690387726,
                    -1.5403958559036255
                ],
                [
                    0.0,
                    0.0,
                    0.0,
                    1.0
                ]
            ]
        },
        {
            "file_path": "/data/shapenet_blender/all_50_random/02958343/64ee682c9dd2ee467cfc46ae22f84c92/r_37",
            "rotation": 0.12566370614359174,
            "transform_matrix": [
                [
                    0.22837097942829132,
                    0.7151076197624207,
                    -0.6606570482254028,
                    -2.663193941116333
                ],
                [
                    -0.9735742211341858,
                    0.1677425503730774,
                    -0.15497009456157684,
                    -0.6247044801712036
                ],
                [
                    0.0,
                    0.678589403629303,
                    0.7345177531242371,
                    2.9609360694885254
                ],
                [
                    0.0,
                    0.0,
                    0.0,
                    1.0
                ]
            ]
        },
        {
            "file_path": "/data/shapenet_blender/all_50_random/02958343/64ee682c9dd2ee467cfc46ae22f84c92/r_38",
            "rotation": 0.12566370614359174,
            "transform_matrix": [
                [
                    0.5544342398643494,
                    0.3378204107284546,
                    -0.7605786919593811,
                    -3.065990924835205
                ],
                [
                    -0.8322275280952454,
                    0.2250576913356781,
                    -0.5067014098167419,
                    -2.042578935623169
                ],
                [
                    0.0,
                    0.9139072299003601,
                    0.40592309832572937,
                    1.6363284587860107
                ],
                [
                    0.0,
                    0.0,
                    0.0,
                    1.0
                ]
            ]
        },
        {
            "file_path": "/data/shapenet_blender/all_50_random/02958343/64ee682c9dd2ee467cfc46ae22f84c92/r_39",
            "rotation": 0.12566370614359174,
            "transform_matrix": [
                [
                    0.7581936120986938,
                    -0.17002248764038086,
                    -0.6294718384742737,
                    -2.537482261657715
                ],
                [
                    -0.6520294547080994,
                    -0.1977057158946991,
                    -0.731963038444519,
                    -2.9506373405456543
                ],
                [
                    -7.450580596923828e-09,
                    0.9654038548469543,
                    -0.2607589066028595,
                    -1.0511528253555298
                ],
                [
                    0.0,
                    0.0,
                    0.0,
                    1.0
                ]
            ]
        },
        {
            "file_path": "/data/shapenet_blender/all_50_random/02958343/64ee682c9dd2ee467cfc46ae22f84c92/r_40",
            "rotation": 0.12566370614359174,
            "transform_matrix": [
                [
                    0.5565369725227356,
                    0.8007676601409912,
                    0.22144511342048645,
                    0.8926737904548645
                ],
                [
                    0.8308228850364685,
                    -0.5364040732383728,
                    -0.148337721824646,
                    -0.5979684591293335
                ],
                [
                    1.4901161193847656e-08,
                    0.26653704047203064,
                    -0.9638246297836304,
                    -3.885301351547241
                ],
                [
                    0.0,
                    0.0,
                    0.0,
                    1.0
                ]
            ]
        },
        {
            "file_path": "/data/shapenet_blender/all_50_random/02958343/64ee682c9dd2ee467cfc46ae22f84c92/r_41",
            "rotation": 0.12566370614359174,
            "transform_matrix": [
                [
                    -0.3264281749725342,
                    -0.03547817841172218,
                    -0.944555938243866,
                    -3.807626724243164
                ],
                [
                    -0.945222020149231,
                    0.012252230197191238,
                    0.32619816064834595,
                    1.3149468898773193
                ],
                [
                    0.0,
                    0.9992952942848206,
