{
    "class": "02958343",
    "model": "ac3585c59a80b822b4d8eb72d337b2e3",
    "remove_doubles": true,
    "edge_split": true,
    "denoise": true,
    "camera_angle_x": 0.6911112070083618,
    "scale_factor": 2.1928454453361854,
    "hdri_file": "/data/IndoorHDRDataset2018/AG8A4971-c5c2ef5b54.exr",
    "center_offset": [
        0.0,
        0.0,
        1.862645149230957e-09
    ],
    "lights": [],
    "frames": [
        {
            "file_path": "/data/shapenet_blender/all_50_random/02958343/ac3585c59a80b822b4d8eb72d337b2e3/r_0",
            "rotation": 0.12566370614359174,
            "transform_matrix": [
                [
                    0.8069947361946106,
                    0.23046793043613434,
                    -0.5437316298484802,
                    -2.191852569580078
                ],
                [
                    -0.5905588269233704,
                    0.3149329125881195,
                    -0.7430056929588318,
                    -2.995151996612549
                ],
                [
                    1.4901162970204496e-08,
                    0.920707106590271,
                    0.39025405049324036,
                    1.573164463043213
                ],
                [
                    0.0,
                    0.0,
                    0.0,
                    1.0
                ]
            ]
        },
        {
            "file_path": "/data/shapenet_blender/all_50_random/02958343/ac3585c59a80b822b4d8eb72d337b2e3/r_1",
            "rotation": 0.12566370614359174,
            "transform_matrix": [
                [
                    0.4251779317855835,
                    -0.31937551498413086,
                    0.8468900918960571,
                    3.413923501968384
                ],
                [
                    0.9051097631454468,
                    0.1500275731086731,
                    -0.3978290557861328,
                    -1.6037002801895142
                ],
                [
                    0.0,
                    0.9356767535209656,
                    0.3528582751750946,
                    1.4224172830581665
                ],
                [
                    0.0,
                    0.0,
                    0.0,
                    1.0
                ]
            ]
        },
        {
            "file_path": "/data/shapenet_blender/all_50_random/02958343/ac3585c59a80b822b4d8eb72d337b2e3/r_2",
            "rotation": 0.12566370614359174,
            "transform_matrix": [
                [
                    0.9680061340332031,
                    0.04596098139882088,
                    0.2466815859079361,
                    0.9944052696228027
                ],
                [
                    0.25092676281929016,
                    -0.17730478942394257,
                    -0.9516295194625854,
                    -3.836141347885132
                ],
                [
                    0.0,
                    0.983082115650177,
                    -0.18316498398780823,
                    -0.738361656665802
                ],
                [
                    0.0,
                    0.0,
                    0.0,
                    1.0
                ]
            ]
        },
        {
            "file_path": "/data/shapenet_blender/all_50_random/02958343/ac3585c59a80b822b4d8eb72d337b2e3/r_3",
            "rotation": 0.12566370614359174,
            "transform_matrix": [
                [
                    0.6840589046478271,
                    -0.38968461751937866,
                    -0.6166110634803772,
                    -2.4856386184692383
                ],
                [
                    -0.7294266819953918,
                    -0.36544764041900635,
                    -0.578260064125061,
                    -2.331040859222412
                ],
                [
                    0.0,
                    0.8453366160392761,
                    -0.5342340469360352,
                    -2.153566360473633
                ],
                [
                    0.0,
                    0.0,
                    0.0,
                    1.0
                ]
            ]
        },
        {
            "file_path": "/data/shapenet_blender/all_50_random/02958343/ac3585c59a80b822b4d8eb72d337b2e3/r_4",
            "rotation": 0.12566370614359174,
            "transform_matrix": [
                [
                    -0.8313620090484619,
                    -0.054066672921180725,
                    -0.553094744682312,
                    -2.2295963764190674
                ],
                [
                    -0.5557310581207275,
                    0.08088260889053345,
                    0.8274181485176086,
                    3.3354294300079346
                ],
                [
                    3.725290076417309e-09,
                    0.9952561259269714,
                    -0.09728926420211792,
                    -0.39218559861183167
                ],
                [
                    0.0,
                    0.0,
                    0.0,
                    1.0
                ]
            ]
        },
        {
            "file_path": "/data/shapenet_blender/all_50_random/02958343/ac3585c59a80b822b4d8eb72d337b2e3/r_5",
            "rotation": 0.12566370614359174,
            "transform_matrix": [
                [
                    0.628200113773346,
                    0.3662523031234741,
                    0.6864574551582336,
                    2.7671985626220703
                ],
                [
                    0.7780517935752869,
                    -0.2957126498222351,
                    -0.554246723651886,
                    -2.2342400550842285
                ],
                [
                    1.4901160305669237e-08,
                    0.8822773694992065,
                    -0.4707299768924713,
                    -1.8975732326507568
                ],
                [
                    0.0,
                    0.0,
                    0.0,
                    1.0
                ]
            ]
        },
        {
            "file_path": "/data/shapenet_blender/all_50_random/02958343/ac3585c59a80b822b4d8eb72d337b2e3/r_6",
            "rotation": 0.12566370614359174,
            "transform_matrix": [
                [
                    0.5169514417648315,
                    -0.2999858856201172,
                    -0.8017290830612183,
                    -3.2318735122680664
                ],
                [
                    -0.8560146689414978,
                    -0.18116295337677002,
                    -0.484168142080307,
                    -1.9517443180084229
                ],
                [
                    0.0,
                    0.9365833401679993,
                    -0.3504447638988495,
                    -1.412688136100769
                ],
                [
                    0.0,
                    0.0,
                    0.0,
                    1.0
                ]
            ]
        },
        {
            "file_path": "/data/shapenet_blender/all_50_random/02958343/ac3585c59a80b822b4d8eb72d337b2e3/r_7",
            "rotation": 0.12566370614359174,
            "transform_matrix": [
                [
                    0.9829462766647339,
                    -0.1562913954257965,
                    -0.09689980000257492,
                    -0.3906155824661255
                ],
                [
                    -0.18389283120632172,
                    -0.8354107141494751,
                    -0.5179500579833984,
                    -2.087923526763916
                ],
                [
                    7.450580596923828e-09,
                    0.5269362926483154,
                    -0.8499047756195068,
                    -3.4260756969451904
                ],
                [
                    0.0,
                    0.0,
                    0.0,
                    1.0
                ]
            ]
        },
        {
            "file_path": "/data/shapenet_blender/all_50_random/02958343/ac3585c59a80b822b4d8eb72d337b2e3/r_8",
            "rotation": 0.12566370614359174,
            "transform_matrix": [
                [
                    -0.40324530005455017,
                    -0.12271270155906677,
                    -0.9068267941474915,
                    -3.6555356979370117
                ],
                [
                    -0.9150919914245605,
                    0.05407470092177391,
                    0.3996031582355499,
                    1.6108518838882446
                ],
                [
                    3.725290298461914e-09,
                    0.9909679889678955,
                    -0.13409876823425293,
                    -0.5405694246292114
                ],
                [
                    0.0,
                    0.0,
                    0.0,
                    1.0
                ]
            ]
        },
        {
            "file_path": "/data/shapenet_blender/all_50_random/02958343/ac3585c59a80b822b4d8eb72d337b2e3/r_9",
            "rotation": 0.12566370614359174,
            "transform_matrix": [
                [
                    -0.3430649936199188,
                    0.1653289645910263,
                    -0.924647331237793,
                    -3.727372646331787
                ],
                [
                    -0.939311683177948,
                    -0.060383137315511703,
                    0.3377091586589813,
                    1.361349105834961
                ],
                [
                    0.0,
                    0.9843882322311401,
                    0.17601075768470764,
                    0.7095220685005188
                ],
                [
                    0.0,
                    0.0,
                    0.0,
                    1.0
                ]
            ]
        },
        {
            "file_path": "/data/shapenet_blender/all_50_random/02958343/ac3585c59a80b822b4d8eb72d337b2e3/r_10",
            "rotation": 0.12566370614359174,
            "transform_matrix": [
                [
                    -0.253929078578949,
                    0.15869636833667755,
                    -0.9541149735450745,
                    -3.846160650253296
                ],
                [
                    -0.9672229290008545,
                    -0.04166322201490402,
                    0.2504877746105194,
                    1.0097486972808838
                ],
                [
                    -3.725290742551124e-09,
                    0.9864478707313538,
                    0.16407425701618195,
                    0.661404550075531
                ],
                [
                    0.0,
                    0.0,
                    0.0,
                    1.0
                ]
            ]
        },
        {
            "file_path": "/data/shapenet_blender/all_50_random/02958343/ac3585c59a80b822b4d8eb72d337b2e3/r_11",
            "rotation": 0.12566370614359174,
            "transform_matrix": [
                [
                    0.9722427129745483,
                    -0.05511203780770302,
                    0.22739170491695404,
                    0.9166452884674072
                ],
                [
                    0.23397506773471832,
                    0.2290084958076477,
                    -0.9448866844177246,
                    -3.8089599609375
                ],
                [
                    -3.725290742551124e-09,
                    0.9718629121780396,
                    0.23554667830467224,
                    0.9495190382003784
                ],
                [
                    0.0,
                    0.0,
                    0.0,
                    1.0
                ]
            ]
        },
        {
            "file_path": "/data/shapenet_blender/all_50_random/02958343/ac3585c59a80b822b4d8eb72d337b2e3/r_12",
            "rotation": 0.12566370614359174,
            "transform_matrix": [
                [
                    0.8425647616386414,
                    -0.11264041066169739,
                    0.5266847610473633,
                    2.123134136199951
                ],
                [
                    0.5385951399803162,
                    0.17621184885501862,
                    -0.8239324688911438,
                    -3.321377992630005
                ],
                [
                    -7.450581485102248e-09,
                    0.9778861403465271,
                    0.20913748443126678,
                    0.8430601954460144
                ],
                [
                    0.0,
                    0.0,
                    0.0,
                    1.0
                ]
            ]
        },
        {
            "file_path": "/data/shapenet_blender/all_50_random/02958343/ac3585c59a80b822b4d8eb72d337b2e3/r_13",
            "rotation": 0.12566370614359174,
            "transform_matrix": [
                [
                    0.6341514587402344,
                    0.33561813831329346,
                    0.6965718865394592,
                    2.8079710006713867
                ],
                [
                    0.7732088565826416,
                    -0.2752590477466583,
                    -0.5712972283363342,
                    -2.3029727935791016
                ],
                [
                    0.0,
                    0.9008844494819641,
                    -0.43405890464782715,
                    -1.749747395515442
                ],
                [
                    0.0,
                    0.0,
                    0.0,
                    1.0
                ]
            ]
        },
        {
            "file_path": "/data/shapenet_blender/all_50_random/02958343/ac3585c59a80b822b4d8eb72d337b2e3/r_14",
            "rotation": 0.12566370614359174,
            "transform_matrix": [
                [
                    -0.989797830581665,
                    0.000806408585049212,
                    -0.14247672259807587,
                    -0.5743420124053955
                ],
                [
                    -0.14247900247573853,
                    -0.005602099001407623,
                    0.9897819757461548,
                    3.989938735961914
                ],
                [
                    0.0,
                    0.9999840259552002,
                    0.00565984146669507,
                    0.022815551608800888
                ],
                [
                    0.0,
                    0.0,
                    0.0,
                    1.0
                ]
            ]
        },
        {
            "file_path": "/data/shapenet_blender/all_50_random/02958343/ac3585c59a80b822b4d8eb72d337b2e3/r_15",
            "rotation": 0.12566370614359174,
            "transform_matrix": [
                [
                    0.960641622543335,
                    -0.1518097072839737,
                    -0.23264050483703613,
                    -0.9378038644790649
                ],
                [
                    -0.27779093384742737,
                    -0.5249801278114319,
                    -0.8045048117637634,
                    -3.243062734603882
                ],
                [
                    0.0,
                    0.8374661207199097,
                    -0.5464891195297241,
                    -2.202968120574951
                ],
                [
                    0.0,
                    0.0,
                    0.0,
                    1.0
                ]
            ]
        },
        {
            "file_path": "/data/shapenet_blender/all_50_random/02958343/ac3585c59a80b822b4d8eb72d337b2e3/r_16",
            "rotation": 0.12566370614359174,
            "transform_matrix": [
                [
                    -0.8680182099342346,
                    -0.04137662053108215,
                    0.49480557441711426,
                    1.9946250915527344
                ],
                [
                    0.4965325891971588,
                    -0.07233292609453201,
                    0.8649990558624268,
                    3.4869227409362793
                ],
                [
                    -3.725290742551124e-09,
                    0.9965218901634216,
                    0.08333113044500351,
                    0.3359185457229614
                ],
                [
                    0.0,
                    0.0,
                    0.0,
                    1.0
                ]
            ]
        },
        {
            "file_path": "/data/shapenet_blender/all_50_random/02958343/ac3585c59a80b822b4d8eb72d337b2e3/r_17",
            "rotation": 0.12566370614359174,
            "transform_matrix": [
                [
                    0.6758745908737183,
                    0.1730058491230011,
                    -0.7164234519004822,
                    -2.8879952430725098
                ],
                [
                    -0.7370166778564453,
                    0.15865346789360046,
                    -0.6569896936416626,
                    -2.6484100818634033
                ],
                [
                    7.450580596923828e-09,
                    0.9720586538314819,
                    0.2347380369901657,
                    0.9462592601776123
                ],
                [
                    0.0,
                    0.0,
                    0.0,
                    1.0
                ]
            ]
        },
        {
            "file_path": "/data/shapenet_blender/all_50_random/02958343/ac3585c59a80b822b4d8eb72d337b2e3/r_18",
            "rotation": 0.12566370614359174,
            "transform_matrix": [
                [
                    -0.5097330212593079,
                    0.01813802309334278,
                    0.860141396522522,
                    3.4673409461975098
                ],
                [
                    0.8603326678276062,
                    0.010746483691036701,
                    0.5096197128295898,
                    2.054342746734619
                ],
                [
                    -1.862645149230957e-09,
                    0.9997776746749878,
                    -0.021082572638988495,
                    -0.08498656749725342
                ],
                [
                    0.0,
                    0.0,
                    0.0,
                    1.0
                ]
            ]
        },
        {
            "file_path": "/data/shapenet_blender/all_50_random/02958343/ac3585c59a80b822b4d8eb72d337b2e3/r_19",
            "rotation": 0.12566370614359174,
            "transform_matrix": [
                [
                    0.6891045570373535,
                    -0.0378960482776165,
                    -0.7236703634262085,
                    -2.917208433151245
                ],
                [
                    -0.7246618866920471,
                    -0.03603658080101013,
                    -0.6881616711616516,
                    -2.7740683555603027
                ],
                [
                    1.8626450382086546e-09,
                    0.9986316561698914,
                    -0.05229480192065239,
                    -0.21080708503723145
                ],
                [
                    0.0,
                    0.0,
                    0.0,
                    1.0
                ]
            ]
        },
        {
            "file_path": "/data/shapenet_blender/all_50_random/02958343/ac3585c59a80b822b4d8eb72d337b2e3/r_20",
            "rotation": 0.12566370614359174,
            "transform_matrix": [
                [
                    0.9062012434005737,
                    -0.22768110036849976,
                    -0.3563152253627777,
                    -1.4363526105880737
                ],
                [
                    -0.42284655570983887,
                    -0.4879426956176758,
                    -0.7636181116104126,
                    -3.0782430171966553
                ],
                [
                    0.0,
                    0.8426582217216492,
                    -0.5384485125541687,
                    -2.170555353164673
                ],
                [
                    0.0,
                    0.0,
                    0.0,
                    1.0
                ]
            ]
        },
        {
            "file_path": "/data/shapenet_blender/all_50_random/02958343/ac3585c59a80b822b4d8eb72d337b2e3/r_21",
            "rotation": 0.12566370614359174,
            "transform_matrix": [
                [
                    -0.8443865776062012,
                    0.47272545099258423,
                    0.2520754635334015,
                    1.0161486864089966
                ],
                [
                    0.5357345342636108,
                    0.7450761198997498,
                    0.39730337262153625,
                    1.60158109664917
                ],
                [
                    0.0,
                    0.4705231189727783,
                    -0.882387638092041,
                    -3.557018280029297
                ],
                [
                    0.0,
                    0.0,
                    0.0,
                    1.0
                ]
            ]
        },
        {
            "file_path": "/data/shapenet_blender/all_50_random/02958343/ac3585c59a80b822b4d8eb72d337b2e3/r_22",
            "rotation": 0.12566370614359174,
            "transform_matrix": [
                [
                    0.812800943851471,
                    0.021619349718093872,
                    -0.5821402072906494,
                    -2.34668231010437
                ],
                [
                    -0.5825415253639221,
                    0.03016476146876812,
                    -0.8122409582138062,
                    -3.2742481231689453
                ],
                [
                    0.0,
                    0.9993110299110413,
                    0.03711211681365967,
                    0.1496037244796753
                ],
                [
                    0.0,
                    0.0,
                    0.0,
                    1.0
                ]
            ]
        },
        {
            "file_path": "/data/shapenet_blender/all_50_random/02958343/ac3585c59a80b822b4d8eb72d337b2e3/r_23",
            "rotation": 0.12566370614359174,
            "transform_matrix": [
                [
                    0.9520983695983887,
                    0.2605832815170288,
                    0.16001638770103455,
                    0.6450467109680176
                ],
                [
                    0.3057922422885895,
                    -0.8113381266593933,
                    -0.49821844696998596,
                    -2.008382797241211
                ],
                [
                    0.0,
                    0.5232846736907959,
                    -0.8521579504013062,
                    -3.4351584911346436
                ],
                [
                    0.0,
                    0.0,
                    0.0,
                    1.0
                ]
            ]
        },
        {
            "file_path": "/data/shapenet_blender/all_50_random/02958343/ac3585c59a80b822b4d8eb72d337b2e3/r_24",
            "rotation": 0.12566370614359174,
            "transform_matrix": [
                [
                    -0.536300778388977,
                    -0.49201563000679016,
                    -0.685785710811615,
                    -2.764490842819214
                ],
                [
                    -0.8440269827842712,
                    0.31263023614883423,
                    0.4357531666755676,
                    1.7565773725509644
                ],
                [
                    -1.4901161193847656e-08,
                    0.812516450881958,
                    -0.5829381942749023,
                    -2.3498992919921875
                ],
                [
                    0.0,
                    0.0,
                    0.0,
                    1.0
                ]
            ]
        },
        {
            "file_path": "/data/shapenet_blender/all_50_random/02958343/ac3585c59a80b822b4d8eb72d337b2e3/r_25",
            "rotation": 0.12566370614359174,
            "transform_matrix": [
                [
                    0.8688162565231323,
                    0.40303489565849304,
                    0.28761279582977295,
                    1.1594042778015137
                ],
                [
                    0.495134562253952,
                    -0.7072082757949829,
                    -0.5046762824058533,
                    -2.0344152450561523
                ],
                [
                    0.0,
                    0.580877959728241,
                    -0.813990592956543,
                    -3.2813010215759277
                ],
                [
                    0.0,
                    0.0,
                    0.0,
                    1.0
                ]
            ]
        },
        {
            "file_path": "/data/shapenet_blender/all_50_random/02958343/ac3585c59a80b822b4d8eb72d337b2e3/r_26",
            "rotation": 0.12566370614359174,
            "transform_matrix": [
                [
                    0.191755473613739,
                    0.6694707870483398,
                    0.7176619172096252,
                    2.8929877281188965
                ],
                [
                    0.9814428091049194,
                    -0.1308019906282425,
                    -0.1402176469564438,
                    -0.565235435962677
                ],
                [
                    -7.450581485102248e-09,
                    0.7312314510345459,
                    -0.6821292638778687,
                    -2.749751091003418
                ],
                [
                    0.0,
                    0.0,
                    0.0,
                    1.0
                ]
            ]
        },
        {
            "file_path": "/data/shapenet_blender/all_50_random/02958343/ac3585c59a80b822b4d8eb72d337b2e3/r_27",
            "rotation": 0.12566370614359174,
            "transform_matrix": [
                [
                    -0.9996903538703918,
                    0.017781909555196762,
                    0.01741131953895092,
                    0.0701872706413269
                ],
                [
                    0.024886753410100937,
                    0.7142918109893799,
                    0.699405312538147,
                    2.8193929195404053
                ],
                [
                    -9.31322685637781e-10,
                    0.6996219158172607,
                    -0.7145131230354309,
                    -2.8802945613861084
                ],
                [
                    0.0,
                    0.0,
                    0.0,
                    1.0
                ]
            ]
        },
        {
            "file_path": "/data/shapenet_blender/all_50_random/02958343/ac3585c59a80b822b4d8eb72d337b2e3/r_28",
            "rotation": 0.12566370614359174,
            "transform_matrix": [
                [
                    0.022156888619065285,
                    -0.6652509570121765,
                    -0.7462910413742065,
                    -3.0083954334259033
                ],
                [
                    -0.9997544288635254,
                    -0.014743512496352196,
                    -0.016539549455046654,
                    -0.06667305529117584
                ],
                [
                    0.0,
                    0.7464743256568909,
                    -0.6654142737388611,
                    -2.682370662689209
                ],
                [
                    0.0,
                    0.0,
                    0.0,
                    1.0
                ]
            ]
        },
        {
            "file_path": "/data/shapenet_blender/all_50_random/02958343/ac3585c59a80b822b4d8eb72d337b2e3/r_29",
            "rotation": 0.12566370614359174,
            "transform_matrix": [
                [
                    0.9949590563774109,
                    -0.05195068195462227,
                    -0.08577746897935867,
                    -0.34578007459640503
                ],
                [
                    -0.10028286278247833,
                    -0.5154300332069397,
                    -0.8510434627532959,
                    -3.430666208267212
                ],
                [
                    0.0,
                    0.8553553819656372,
                    -0.5180414915084839,
                    -2.088292360305786
                ],
                [
                    0.0,
                    0.0,
                    0.0,
                    1.0
                ]
            ]
        },
        {
            "file_path": "/data/shapenet_blender/all_50_random/02958343/ac3585c59a80b822b4d8eb72d337b2e3/r_30",
            "rotation": 0.12566370614359174,
            "transform_matrix": [
                [
                    0.9669675230979919,
                    0.23801495134830475,
                    0.09122929722070694,
                    0.36775705218315125
                ],
                [
                    0.254899799823761,
                    -0.9029144644737244,
                    -0.34608015418052673,
                    -1.3950936794281006
                ],
                [
                    0.0,
                    0.35790252685546875,
                    -0.9337589144706726,
                    -3.7641026973724365
                ],
                [
                    0.0,
                    0.0,
                    0.0,
                    1.0
                ]
            ]
        },
        {
            "file_path": "/data/shapenet_blender/all_50_random/02958343/ac3585c59a80b822b4d8eb72d337b2e3/r_31",
            "rotation": 0.12566370614359174,
            "transform_matrix": [
                [
                    0.10254567116498947,
                    -0.009460252709686756,
                    0.9946832060813904,
                    4.0096964836120605
                ],
                [
                    0.9947283267974854,
                    0.0009752491605468094,
                    -0.1025410145521164,
                    -0.41335609555244446
                ],
                [
                    0.0,
                    0.9999548196792603,
                    0.009510387666523457,
                    0.03833760321140289
                ],
                [
                    0.0,
                    0.0,
                    0.0,
                    1.0
                ]
            ]
        },
        {
            "file_path": "/data/shapenet_blender/all_50_random/02958343/ac3585c59a80b822b4d8eb72d337b2e3/r_32",
            "rotation": 0.12566370614359174,
            "transform_matrix": [
                [
                    0.8382434248924255,
                    -0.26446422934532166,
                    -0.476871520280838,
                    -1.922330617904663
                ],
                [
                    -0.5452960133552551,
                    -0.4065414369106293,
                    -0.7330595254898071,
                    -2.955057382583618
                ],
                [
                    0.0,
                    0.8745185136795044,
                    -0.48499205708503723,
                    -1.9550654888153076
                ],
                [
                    0.0,
                    0.0,
                    0.0,
                    1.0
                ]
            ]
        },
        {
            "file_path": "/data/shapenet_blender/all_50_random/02958343/ac3585c59a80b822b4d8eb72d337b2e3/r_33",
            "rotation": 0.12566370614359174,
            "transform_matrix": [
                [
                    -0.15801917016506195,
                    0.4651775360107422,
                    0.870999276638031,
                    3.511110305786133
                ],
                [
                    0.9874359965324402,
                    0.07444225996732712,
                    0.13938583433628082,
                    0.5618822574615479
                ],
                [
                    0.0,
                    0.8820816874504089,
                    -0.4710964262485504,
                    -1.8990504741668701
                ],
                [
                    0.0,
                    0.0,
                    0.0,
                    1.0
                ]
            ]
        },
        {
            "file_path": "/data/shapenet_blender/all_50_random/02958343/ac3585c59a80b822b4d8eb72d337b2e3/r_34",
            "rotation": 0.12566370614359174,
            "transform_matrix": [
                [
                    -0.08127227425575256,
                    -0.06694546341896057,
                    0.9944411516189575,
                    4.008720397949219
                ],
                [
                    0.9966919422149658,
                    -0.005458868574351072,
                    0.08108874410390854,
                    0.3268791735172272
                ],
                [
                    0.0,
                    0.9977417588233948,
                    0.06716766208410263,
                    0.27076151967048645
                ],
                [
                    0.0,
                    0.0,
                    0.0,
                    1.0
                ]
            ]
        },
        {
            "file_path": "/data/shapenet_blender/all_50_random/02958343/ac3585c59a80b822b4d8eb72d337b2e3/r_35",
            "rotation": 0.12566370614359174,
            "transform_matrix": [
                [
                    0.6404422521591187,
                    -0.038936797529459,
                    -0.7670186161994934,
                    -3.0919511318206787
                ],
                [
                    -0.7680063247680664,
                    -0.0324694886803627,
                    -0.6396186351776123,
                    -2.578385353088379
                ],
                [
                    0.0,
                    0.9987139105796814,
                    -0.050698548555374146,
                    -0.20437240600585938
                ],
                [
                    0.0,
                    0.0,
                    0.0,
                    1.0
                ]
            ]
        },
        {
            "file_path": "/data/shapenet_blender/all_50_random/02958343/ac3585c59a80b822b4d8eb72d337b2e3/r_36",
            "rotation": 0.12566370614359174,
            "transform_matrix": [
                [
                    -0.631076455116272,
                    -0.6533809304237366,
                    -0.41813376545906067,
                    -1.6855511665344238
                ],
                [
                    -0.7757207155227661,
                    0.5315487384796143,
                    0.34016674757003784,
                    1.3712559938430786
                ],
                [
                    1.4901162970204496e-08,
                    0.5390262007713318,
                    -0.8422889113426208,
                    -3.3953752517700195
                ],
                [
                    0.0,
                    0.0,
                    0.0,
                    1.0
                ]
            ]
        },
        {
            "file_path": "/data/shapenet_blender/all_50_random/02958343/ac3585c59a80b822b4d8eb72d337b2e3/r_37",
            "rotation": 0.12566370614359174,
            "transform_matrix": [
                [
                    0.0068955388851463795,
                    -0.3103172481060028,
                    0.9506080150604248,
                    3.8320236206054688
                ],
                [
                    0.9999762177467346,
                    0.0021398556418716908,
                    -0.006555110681802034,
                    -0.026424497365951538
                ],
                [
                    0.0,
                    0.9506306648254395,
                    0.3103245794773102,
                    1.2509585618972778
                ],
                [
                    0.0,
                    0.0,
                    0.0,
                    1.0
                ]
            ]
        },
        {
            "file_path": "/data/shapenet_blender/all_50_random/02958343/ac3585c59a80b822b4d8eb72d337b2e3/r_38",
            "rotation": 0.12566370614359174,
            "transform_matrix": [
                [
                    0.5671475529670715,
                    -0.5840747952461243,
                    -0.5806894898414612,
                    -2.340834140777588
                ],
                [
                    -0.8236162662506104,
                    -0.4021977186203003,
                    -0.39986658096313477,
                    -1.611913800239563
                ],
                [
                    0.0,
                    0.7050486207008362,
                    -0.7091588973999023,
                    -2.858711004257202
                ],
                [
                    0.0,
                    0.0,
                    0.0,
                    1.0
                ]
            ]
        },
        {
            "file_path": "/data/shapenet_blender/all_50_random/02958343/ac3585c59a80b822b4d8eb72d337b2e3/r_39",
            "rotation": 0.12566370614359174,
            "transform_matrix": [
                [
                    0.8463224768638611,
                    -0.47227975726127625,
                    -0.24635371565818787,
                    -0.9930835962295532
                ],
                [
                    -0.5326709151268005,
                    -0.7503712773323059,
                    -0.3914136588573456,
                    -1.5778388977050781
                ],
                [
                    -1.4901161193847656e-08,
                    0.4624875783920288,
                    -0.8866257071495056,
                    -3.5741026401519775
                ],
                [
                    0.0,
                    0.0,
                    0.0,
                    1.0
                ]
            ]
        },
        {
            "file_path": "/data/shapenet_blender/all_50_random/02958343/ac3585c59a80b822b4d8eb72d337b2e3/r_40",
            "rotation": 0.12566370614359174,
            "transform_matrix": [
                [
                    0.7912319898605347,
                    -0.010065142996609211,
                    -0.611433207988739,
                    -2.464766025543213
                ],
                [
                    -0.611515998840332,
                    -0.01302314642816782,
                    -0.7911248207092285,
                    -3.1891262531280518
                ],
                [
                    0.0,
                    0.9998645186424255,
                    -0.016459325328469276,
                    -0.06634966284036636
                ],
                [
                    0.0,
                    0.0,
                    0.0,
                    1.0
                ]
            ]
        },
        {
            "file_path": "/data/shapenet_blender/all_50_random/02958343/ac3585c59a80b822b4d8eb72d337b2e3/r_41",
            "rotation": 0.12566370614359174,
            "transform_matrix": [
                [
                    -0.06615801900625229,
                    0.7736044526100159,
                    0.630205512046814,
                    2.5404396057128906
                ],
                [
                    0.9978091716766357,
                    0.05129251629114151,
                    0.04178469255566597,
                    0.16843947768211365
                ],
                [
                    -3.725290298461914e-09,
