{
    "class": "02958343",
    "model": "be86ce7f7aec3ad4f9e07ddc212a2f71",
    "remove_doubles": true,
    "edge_split": true,
    "denoise": true,
    "camera_angle_x": 0.6911112070083618,
    "scale_factor": 2.208136820855641,
    "hdri_file": "/data/IndoorHDRDataset2018/9C4A9420-2265c83070.exr",
    "center_offset": [
        0.0,
        0.0,
        -9.313225746154785e-10
    ],
    "lights": [],
    "frames": [
        {
            "file_path": "/data/shapenet_blender/all_50_random/02958343/be86ce7f7aec3ad4f9e07ddc212a2f71/r_0",
            "rotation": 0.12566370614359174,
            "transform_matrix": [
                [
                    0.017501289024949074,
                    0.6908149123191833,
                    0.7228198051452637,
                    2.9137797355651855
                ],
                [
                    0.999846875667572,
                    -0.012092002667486668,
                    -0.012652215547859669,
                    -0.051002711057662964
                ],
                [
                    0.0,
                    0.7229304313659668,
                    -0.6909207701683044,
                    -2.7851908206939697
                ],
                [
                    0.0,
                    0.0,
                    0.0,
                    1.0
                ]
            ]
        },
        {
            "file_path": "/data/shapenet_blender/all_50_random/02958343/be86ce7f7aec3ad4f9e07ddc212a2f71/r_1",
            "rotation": 0.12566370614359174,
            "transform_matrix": [
                [
                    0.8765779733657837,
                    -0.24901528656482697,
                    -0.41182824969291687,
                    -1.660132884979248
                ],
                [
                    -0.4812600016593933,
                    -0.4535621404647827,
                    -0.7501134276390076,
                    -3.023804187774658
                ],
                [
                    0.0,
                    0.855729341506958,
                    -0.5174235701560974,
                    -2.085801362991333
                ],
                [
                    0.0,
                    0.0,
                    0.0,
                    1.0
                ]
            ]
        },
        {
            "file_path": "/data/shapenet_blender/all_50_random/02958343/be86ce7f7aec3ad4f9e07ddc212a2f71/r_2",
            "rotation": 0.12566370614359174,
            "transform_matrix": [
                [
                    0.9948770999908447,
                    -0.057305146008729935,
                    0.08328047394752502,
                    0.33571434020996094
                ],
                [
                    0.10109162330627441,
                    0.5639594197273254,
                    -0.8195915222167969,
                    -3.3038790225982666
                ],
                [
                    0.0,
                    0.8238117694854736,
                    0.5668634176254272,
                    2.285099506378174
                ],
                [
                    0.0,
                    0.0,
                    0.0,
                    1.0
                ]
            ]
        },
        {
            "file_path": "/data/shapenet_blender/all_50_random/02958343/be86ce7f7aec3ad4f9e07ddc212a2f71/r_3",
            "rotation": 0.12566370614359174,
            "transform_matrix": [
                [
                    0.41484329104423523,
                    0.23833243548870087,
                    0.8781244158744812,
                    3.5398330688476562
                ],
                [
                    0.9098929166793823,
                    -0.10866180807352066,
                    -0.40035921335220337,
                    -1.6138997077941895
                ],
                [
                    0.0,
                    0.9650856256484985,
                    -0.2619345784187317,
                    -1.0558922290802002
                ],
                [
                    0.0,
                    0.0,
                    0.0,
                    1.0
                ]
            ]
        },
        {
            "file_path": "/data/shapenet_blender/all_50_random/02958343/be86ce7f7aec3ad4f9e07ddc212a2f71/r_4",
            "rotation": 0.12566370614359174,
            "transform_matrix": [
                [
                    0.988261342048645,
                    -0.12053729593753815,
                    0.09386362135410309,
                    0.3783763647079468
                ],
                [
                    0.15277312695980072,
                    0.7797337174415588,
                    -0.6071866154670715,
                    -2.4476475715637207
                ],
                [
                    7.450581485102248e-09,
                    0.6143988370895386,
                    0.7889955639839172,
                    3.1805429458618164
                ],
                [
                    0.0,
                    0.0,
                    0.0,
                    1.0
                ]
            ]
        },
        {
            "file_path": "/data/shapenet_blender/all_50_random/02958343/be86ce7f7aec3ad4f9e07ddc212a2f71/r_5",
            "rotation": 0.12566370614359174,
            "transform_matrix": [
                [
                    -0.6099791526794434,
                    0.6114341020584106,
                    -0.5040574073791504,
                    -2.0319204330444336
                ],
                [
                    -0.7924175262451172,
                    -0.47066354751586914,
                    0.3880082070827484,
                    1.5641111135482788
                ],
                [
                    1.4901161193847656e-08,
                    0.636100709438324,
                    0.771605908870697,
                    3.110442876815796
                ],
                [
                    0.0,
                    0.0,
                    0.0,
                    1.0
                ]
            ]
        },
        {
            "file_path": "/data/shapenet_blender/all_50_random/02958343/be86ce7f7aec3ad4f9e07ddc212a2f71/r_6",
            "rotation": 0.12566370614359174,
            "transform_matrix": [
                [
                    -0.029416535049676895,
                    -0.3935733437538147,
                    0.9188224077224731,
                    3.7038917541503906
                ],
                [
                    0.9995673298835754,
                    -0.011582575738430023,
                    0.02704027108848095,
                    0.10900282859802246
                ],
                [
                    9.313225746154785e-10,
                    0.9192202091217041,
                    0.39374372363090515,
                    1.5872318744659424
                ],
                [
                    0.0,
                    0.0,
                    0.0,
                    1.0
                ]
            ]
        },
        {
            "file_path": "/data/shapenet_blender/all_50_random/02958343/be86ce7f7aec3ad4f9e07ddc212a2f71/r_7",
            "rotation": 0.12566370614359174,
            "transform_matrix": [
                [
                    0.8233957290649414,
                    -0.3246528208255768,
                    -0.46542468667030334,
                    -1.8761870861053467
                ],
                [
                    -0.5674677491188049,
                    -0.4710712432861328,
                    -0.675331175327301,
                    -2.7223472595214844
                ],
                [
                    -1.4901162970204496e-08,
                    0.820178210735321,
                    -0.5721079111099243,
                    -2.306241035461426
                ],
                [
                    0.0,
                    0.0,
                    0.0,
                    1.0
                ]
            ]
        },
        {
            "file_path": "/data/shapenet_blender/all_50_random/02958343/be86ce7f7aec3ad4f9e07ddc212a2f71/r_8",
            "rotation": 0.12566370614359174,
            "transform_matrix": [
                [
                    -0.6464143395423889,
                    -0.3145878314971924,
                    0.6951135396957397,
                    2.8020925521850586
                ],
                [
                    0.7629865407943726,
                    -0.2665238380432129,
                    0.5889112949371338,
                    2.3739776611328125
                ],
                [
                    0.0,
                    0.9110429883003235,
                    0.4123110771179199,
                    1.6620792150497437
                ],
                [
                    0.0,
                    0.0,
                    0.0,
                    1.0
                ]
            ]
        },
        {
            "file_path": "/data/shapenet_blender/all_50_random/02958343/be86ce7f7aec3ad4f9e07ddc212a2f71/r_9",
            "rotation": 0.12566370614359174,
            "transform_matrix": [
                [
                    -0.9983593821525574,
                    -0.0267201978713274,
                    -0.050641823559999466,
                    -0.2041437178850174
                ],
                [
                    -0.057258740067481995,
                    0.4658914804458618,
                    0.8829872608184814,
                    3.5594356060028076
                ],
                [
                    0.0,
                    0.8844382762908936,
                    -0.4666571021080017,
                    -1.8811548948287964
                ],
                [
                    0.0,
                    0.0,
                    0.0,
                    1.0
                ]
            ]
        },
        {
            "file_path": "/data/shapenet_blender/all_50_random/02958343/be86ce7f7aec3ad4f9e07ddc212a2f71/r_10",
            "rotation": 0.12566370614359174,
            "transform_matrix": [
                [
                    -0.7819065451622009,
                    0.36960819363594055,
                    -0.5020078420639038,
                    -2.023658275604248
                ],
                [
                    -0.6233956217765808,
                    -0.46358853578567505,
                    0.6296534538269043,
                    2.5382142066955566
                ],
                [
                    0.0,
                    0.8052796125411987,
                    0.5928950905799866,
                    2.3900365829467773
                ],
                [
                    0.0,
                    0.0,
                    0.0,
                    1.0
                ]
            ]
        },
        {
            "file_path": "/data/shapenet_blender/all_50_random/02958343/be86ce7f7aec3ad4f9e07ddc212a2f71/r_11",
            "rotation": 0.12566370614359174,
            "transform_matrix": [
                [
                    0.9569926261901855,
                    0.11635078489780426,
                    0.26575884222984314,
                    1.0713081359863281
                ],
                [
                    0.29011252522468567,
                    -0.38380566239356995,
                    -0.876657247543335,
                    -3.5339183807373047
                ],
                [
                    -1.4901162970204496e-08,
                    0.916054368019104,
                    -0.4010539948940277,
                    -1.6167004108428955
                ],
                [
                    0.0,
                    0.0,
                    0.0,
                    1.0
                ]
            ]
        },
        {
            "file_path": "/data/shapenet_blender/all_50_random/02958343/be86ce7f7aec3ad4f9e07ddc212a2f71/r_12",
            "rotation": 0.12566370614359174,
            "transform_matrix": [
                [
                    0.19379986822605133,
                    -0.9721126556396484,
                    0.13205458223819733,
                    0.5323290824890137
                ],
                [
                    0.9810411334037781,
                    0.19203607738018036,
                    -0.026086734607815742,
                    -0.10515899956226349
                ],
                [
                    0.0,
                    0.13460645079612732,
                    0.9908990263938904,
                    3.9944419860839844
                ],
                [
                    0.0,
                    0.0,
                    0.0,
                    1.0
                ]
            ]
        },
        {
            "file_path": "/data/shapenet_blender/all_50_random/02958343/be86ce7f7aec3ad4f9e07ddc212a2f71/r_13",
            "rotation": 0.12566370614359174,
            "transform_matrix": [
                [
                    0.1358129233121872,
                    0.19520360231399536,
                    0.9713136553764343,
                    3.9154908657073975
                ],
                [
                    0.9907345175743103,
                    -0.026759108528494835,
                    -0.1331506371498108,
                    -0.5367474555969238
                ],
                [
                    1.862645371275562e-09,
                    0.9803975224494934,
                    -0.19702918827533722,
                    -0.7942501306533813
                ],
                [
                    0.0,
                    0.0,
                    0.0,
                    1.0
                ]
            ]
        },
        {
            "file_path": "/data/shapenet_blender/all_50_random/02958343/be86ce7f7aec3ad4f9e07ddc212a2f71/r_14",
            "rotation": 0.12566370614359174,
            "transform_matrix": [
                [
                    0.6590442061424255,
                    -0.663119912147522,
                    -0.35486987233161926,
                    -1.4305263757705688
                ],
                [
                    -0.7521042227745056,
                    -0.5810702443122864,
                    -0.3109608590602875,
                    -1.2535234689712524
                ],
                [
                    1.4901161193847656e-08,
                    0.47183606028556824,
                    -0.8816861510276794,
                    -3.5541908740997314
                ],
                [
                    0.0,
                    0.0,
                    0.0,
                    1.0
                ]
            ]
        },
        {
            "file_path": "/data/shapenet_blender/all_50_random/02958343/be86ce7f7aec3ad4f9e07ddc212a2f71/r_15",
            "rotation": 0.12566370614359174,
            "transform_matrix": [
                [
                    0.9953716397285461,
                    0.008741963654756546,
                    0.09570184350013733,
                    0.38578641414642334
                ],
                [
                    0.09610027074813843,
                    -0.09054607897996902,
                    -0.9912448525428772,
                    -3.995835304260254
                ],
                [
                    0.0,
                    0.995853841304779,
                    -0.09096712619066238,
                    -0.3667001724243164
                ],
                [
                    0.0,
                    0.0,
                    0.0,
                    1.0
                ]
            ]
        },
        {
            "file_path": "/data/shapenet_blender/all_50_random/02958343/be86ce7f7aec3ad4f9e07ddc212a2f71/r_16",
            "rotation": 0.12566370614359174,
            "transform_matrix": [
                [
                    0.5909650921821594,
                    0.08076758682727814,
                    -0.8026435375213623,
                    -3.235560178756714
                ],
                [
                    -0.8066972494125366,
                    0.05916820466518402,
                    -0.5879955291748047,
                    -2.370285987854004
                ],
                [
                    3.725290742551124e-09,
                    0.9949751496315002,
                    0.10012131929397583,
                    0.4036020040512085
                ],
                [
                    0.0,
                    0.0,
                    0.0,
                    1.0
                ]
            ]
        },
        {
            "file_path": "/data/shapenet_blender/all_50_random/02958343/be86ce7f7aec3ad4f9e07ddc212a2f71/r_17",
            "rotation": 0.12566370614359174,
            "transform_matrix": [
                [
                    0.9379282593727112,
                    -0.0034520686604082584,
                    0.3468121588230133,
                    1.3980445861816406
                ],
                [
                    0.3468293249607086,
                    0.009335406124591827,
                    -0.9378817677497864,
                    -3.7807223796844482
                ],
                [
                    0.0,
                    0.9999505281448364,
                    0.009953218512237072,
                    0.040122706443071365
                ],
                [
                    0.0,
                    0.0,
                    0.0,
                    1.0
                ]
            ]
        },
        {
            "file_path": "/data/shapenet_blender/all_50_random/02958343/be86ce7f7aec3ad4f9e07ddc212a2f71/r_18",
            "rotation": 0.12566370614359174,
            "transform_matrix": [
                [
                    0.7660327553749084,
                    -0.41305798292160034,
                    0.49252113699913025,
                    1.9854161739349365
                ],
                [
                    0.6428017020225525,
                    0.4922449588775635,
                    -0.5869419574737549,
                    -2.3660387992858887
                ],
                [
                    1.4901162970204496e-08,
                    0.76621013879776,
                    0.6425901055335999,
                    2.5903635025024414
                ],
                [
                    0.0,
                    0.0,
                    0.0,
                    1.0
                ]
            ]
        },
        {
            "file_path": "/data/shapenet_blender/all_50_random/02958343/be86ce7f7aec3ad4f9e07ddc212a2f71/r_19",
            "rotation": 0.12566370614359174,
            "transform_matrix": [
                [
                    -0.37667733430862427,
                    -0.851396381855011,
                    -0.3650181293487549,
                    -1.471435308456421
                ],
                [
                    -0.9263445138931274,
                    0.3462013304233551,
                    0.14842647314071655,
                    0.5983263254165649
                ],
                [
                    0.0,
                    0.39404138922691345,
                    -0.9190925359725952,
                    -3.7049808502197266
                ],
                [
                    0.0,
                    0.0,
                    0.0,
                    1.0
                ]
            ]
        },
        {
            "file_path": "/data/shapenet_blender/all_50_random/02958343/be86ce7f7aec3ad4f9e07ddc212a2f71/r_20",
            "rotation": 0.12566370614359174,
            "transform_matrix": [
                [
                    0.31371667981147766,
                    -0.0339951291680336,
                    -0.9489079117774963,
                    -3.8251700401306152
                ],
                [
                    -0.9495166540145874,
                    -0.011231862008571625,
                    -0.3135155737400055,
                    -1.2638217210769653
                ],
                [
                    0.0,
                    0.9993587732315063,
                    -0.03580256924033165,
                    -0.14432477951049805
                ],
                [
                    0.0,
                    0.0,
                    0.0,
                    1.0
                ]
            ]
        },
        {
            "file_path": "/data/shapenet_blender/all_50_random/02958343/be86ce7f7aec3ad4f9e07ddc212a2f71/r_21",
            "rotation": 0.12566370614359174,
            "transform_matrix": [
                [
                    0.949072539806366,
                    0.008748198859393597,
                    0.31493619084358215,
                    1.2695484161376953
                ],
                [
                    0.3150576651096344,
                    -0.02635287493467331,
                    -0.9487066268920898,
                    -3.8243587017059326
                ],
                [
                    -9.313224635931761e-10,
                    0.9996144771575928,
                    -0.02776697836816311,
                    -0.11193227022886276
                ],
                [
                    0.0,
                    0.0,
                    0.0,
                    1.0
                ]
            ]
        },
        {
            "file_path": "/data/shapenet_blender/all_50_random/02958343/be86ce7f7aec3ad4f9e07ddc212a2f71/r_22",
            "rotation": 0.12566370614359174,
            "transform_matrix": [
                [
                    0.5073628425598145,
                    -0.21622303128242493,
                    0.8341646194458008,
                    3.3626251220703125
                ],
                [
                    0.8617326021194458,
                    0.1273057758808136,
                    -0.49113160371780396,
                    -1.9798147678375244
                ],
                [
                    -7.450581485102248e-09,
                    0.9680086374282837,
                    0.25091665983200073,
                    1.0114773511886597
                ],
                [
                    0.0,
                    0.0,
                    0.0,
                    1.0
                ]
            ]
        },
        {
            "file_path": "/data/shapenet_blender/all_50_random/02958343/be86ce7f7aec3ad4f9e07ddc212a2f71/r_23",
            "rotation": 0.12566370614359174,
            "transform_matrix": [
                [
                    -0.11980374902486801,
                    0.9174512624740601,
                    0.37938129901885986,
                    1.5293350219726562
                ],
                [
                    0.9927976131439209,
                    0.1107114925980568,
                    0.04578103870153427,
                    0.18454928696155548
                ],
                [
                    3.725290298461914e-09,
                    0.38213369250297546,
                    -0.924107015132904,
                    -3.7251946926116943
                ],
                [
                    0.0,
                    0.0,
                    0.0,
                    1.0
                ]
            ]
        },
        {
            "file_path": "/data/shapenet_blender/all_50_random/02958343/be86ce7f7aec3ad4f9e07ddc212a2f71/r_24",
            "rotation": 0.12566370614359174,
            "transform_matrix": [
                [
                    0.8414836525917053,
                    -0.4248673617839813,
                    0.3337559998035431,
                    1.3454134464263916
                ],
                [
                    0.5402827262878418,
                    0.6617256999015808,
                    -0.5198208689689636,
                    -2.0954649448394775
                ],
                [
                    0.0,
                    0.6177432537078857,
                    0.7863797545433044,
                    3.1699981689453125
                ],
                [
                    0.0,
                    0.0,
                    0.0,
                    1.0
                ]
            ]
        },
        {
            "file_path": "/data/shapenet_blender/all_50_random/02958343/be86ce7f7aec3ad4f9e07ddc212a2f71/r_25",
            "rotation": 0.12566370614359174,
            "transform_matrix": [
                [
                    -0.8787550926208496,
                    -0.38008812069892883,
                    -0.28865647315979004,
                    -1.1636114120483398
                ],
                [
                    -0.47727304697036743,
                    0.6998181939125061,
                    0.5314742922782898,
                    2.142441511154175
                ],
                [
                    -1.4901162970204496e-08,
                    0.6048035621643066,
                    -0.7963746190071106,
                    -3.2102887630462646
                ],
                [
                    0.0,
                    0.0,
                    0.0,
                    1.0
                ]
            ]
        },
        {
            "file_path": "/data/shapenet_blender/all_50_random/02958343/be86ce7f7aec3ad4f9e07ddc212a2f71/r_26",
            "rotation": 0.12566370614359174,
            "transform_matrix": [
                [
                    0.780677318572998,
                    -0.5257895588874817,
                    -0.33776962757110596,
                    -1.3615928888320923
                ],
                [
                    -0.6249344348907471,
                    -0.6568241119384766,
                    -0.42194682359695435,
                    -1.7009220123291016
                ],
                [
                    0.0,
                    0.5404881834983826,
                    -0.8413516879081726,
                    -3.391597032546997
                ],
                [
                    0.0,
                    0.0,
                    0.0,
                    1.0
                ]
            ]
        },
        {
            "file_path": "/data/shapenet_blender/all_50_random/02958343/be86ce7f7aec3ad4f9e07ddc212a2f71/r_27",
            "rotation": 0.12566370614359174,
            "transform_matrix": [
                [
                    0.26717421412467957,
                    0.31184396147727966,
                    0.9117955565452576,
                    3.675565719604492
                ],
                [
                    0.9636483192443848,
                    -0.08645962178707123,
                    -0.2527978718280792,
                    -1.0190609693527222
                ],
                [
                    7.450581485102248e-09,
                    0.9461913704872131,
                    -0.3236076235771179,
                    -1.304504156112671
                ],
                [
                    0.0,
                    0.0,
                    0.0,
                    1.0
                ]
            ]
        },
        {
            "file_path": "/data/shapenet_blender/all_50_random/02958343/be86ce7f7aec3ad4f9e07ddc212a2f71/r_28",
            "rotation": 0.12566370614359174,
            "transform_matrix": [
                [
                    -0.9211292862892151,
                    -0.352123886346817,
                    -0.1659201979637146,
                    -0.6688457131385803
                ],
                [
                    -0.38925665616989136,
                    0.8332590460777283,
                    0.39263030886650085,
                    1.5827434062957764
                ],
                [
                    -1.4901160305669237e-08,
                    0.42624878883361816,
                    -0.9046059250831604,
                    -3.646583080291748
                ],
                [
                    0.0,
                    0.0,
                    0.0,
                    1.0
                ]
            ]
        },
        {
            "file_path": "/data/shapenet_blender/all_50_random/02958343/be86ce7f7aec3ad4f9e07ddc212a2f71/r_29",
            "rotation": 0.12566370614359174,
            "transform_matrix": [
                [
                    0.11753740906715393,
                    -0.5575589537620544,
                    -0.8217742443084717,
                    -3.3126778602600098
                ],
                [
                    -0.993068516254425,
                    -0.06599145382642746,
                    -0.0972633883357048,
                    -0.39208126068115234
                ],
                [
                    -3.725290742551124e-09,
                    0.8275101780891418,
                    -0.561450719833374,
                    -2.263280153274536
                ],
                [
                    0.0,
                    0.0,
                    0.0,
                    1.0
                ]
            ]
        },
        {
            "file_path": "/data/shapenet_blender/all_50_random/02958343/be86ce7f7aec3ad4f9e07ddc212a2f71/r_30",
            "rotation": 0.12566370614359174,
            "transform_matrix": [
                [
                    -0.8318318128585815,
                    -0.4535706639289856,
                    0.3198900818824768,
                    1.289518117904663
                ],
                [
                    0.555027961730957,
                    -0.6797756552696228,
                    0.479425847530365,
                    1.9326274394989014
                ],
                [
                    0.0,
                    0.5763494968414307,
                    0.8172032237052917,
                    3.2942516803741455
                ],
                [
                    0.0,
                    0.0,
                    0.0,
                    1.0
                ]
            ]
        },
        {
            "file_path": "/data/shapenet_blender/all_50_random/02958343/be86ce7f7aec3ad4f9e07ddc212a2f71/r_31",
            "rotation": 0.12566370614359174,
            "transform_matrix": [
                [
                    0.40588727593421936,
                    0.452566921710968,
                    0.7940016984939575,
                    3.200723171234131
                ],
                [
                    0.9139231443405151,
                    -0.2009918987751007,
                    -0.35262832045555115,
                    -1.42149019241333
                ],
                [
                    -1.4901161193847656e-08,
                    0.8687838315963745,
                    -0.49519145488739014,
                    -1.9961806535720825
                ],
                [
                    0.0,
                    0.0,
                    0.0,
                    1.0
                ]
            ]
        },
        {
            "file_path": "/data/shapenet_blender/all_50_random/02958343/be86ce7f7aec3ad4f9e07ddc212a2f71/r_32",
            "rotation": 0.12566370614359174,
            "transform_matrix": [
                [
                    -0.062288545072078705,
                    0.850457489490509,
                    -0.5223428606987,
                    -2.1056313514709473
                ],
                [
                    -0.9980581998825073,
                    -0.05307682603597641,
                    0.032599277794361115,
                    0.13141189515590668
                ],
                [
                    -1.862645149230957e-09,
                    0.5233590006828308,
                    0.8521122336387634,
                    3.434974193572998
                ],
                [
                    0.0,
                    0.0,
                    0.0,
                    1.0
                ]
            ]
        },
        {
            "file_path": "/data/shapenet_blender/all_50_random/02958343/be86ce7f7aec3ad4f9e07ddc212a2f71/r_33",
            "rotation": 0.12566370614359174,
            "transform_matrix": [
                [
                    0.4908102750778198,
                    -0.07593364268541336,
                    -0.8679512739181519,
                    -3.498823404312134
                ],
                [
                    -0.8712666034698486,
                    -0.04277566820383072,
                    -0.4889426529407501,
                    -1.9709908962249756
                ],
                [
                    0.0,
                    0.9961948990821838,
                    -0.08715317398309708,
                    -0.3513256907463074
                ],
                [
                    0.0,
                    0.0,
                    0.0,
                    1.0
                ]
            ]
        },
        {
            "file_path": "/data/shapenet_blender/all_50_random/02958343/be86ce7f7aec3ad4f9e07ddc212a2f71/r_34",
            "rotation": 0.12566370614359174,
            "transform_matrix": [
                [
                    0.9263548851013184,
                    0.10537240654230118,
                    -0.3616120517253876,
                    -1.457704782485962
                ],
                [
                    -0.3766518533229828,
                    0.2591577470302582,
                    -0.8893653154373169,
                    -3.585146188735962
                ],
                [
                    0.0,
                    0.9600697755813599,
                    0.2797607481479645,
                    1.1277517080307007
                ],
                [
                    0.0,
                    0.0,
                    0.0,
                    1.0
                ]
            ]
        },
        {
            "file_path": "/data/shapenet_blender/all_50_random/02958343/be86ce7f7aec3ad4f9e07ddc212a2f71/r_35",
            "rotation": 0.12566370614359174,
            "transform_matrix": [
                [
                    -0.21756696701049805,
                    -0.9376512169837952,
                    0.2710624635219574,
                    1.0926878452301025
                ],
                [
                    0.9760453701019287,
                    -0.20900866389274597,
                    0.060421623289585114,
                    0.2435673624277115
                ],
                [
                    -3.7252898543727042e-09,
                    0.27771511673927307,
                    0.9606634378433228,
                    3.872558355331421
                ],
                [
                    0.0,
                    0.0,
                    0.0,
                    1.0
                ]
            ]
        },
        {
            "file_path": "/data/shapenet_blender/all_50_random/02958343/be86ce7f7aec3ad4f9e07ddc212a2f71/r_36",
            "rotation": 0.12566370614359174,
            "transform_matrix": [
                [
                    0.6888535022735596,
                    0.43825531005859375,
                    -0.5774193406105042,
                    -2.3276517391204834
                ],
                [
                    -0.724900484085083,
                    0.416462242603302,
                    -0.5487061142921448,
                    -2.211905002593994
                ],
                [
                    -1.4901158529312397e-08,
                    0.7965497374534607,
                    0.6045729517936707,
                    2.4371113777160645
                ],
                [
                    0.0,
                    0.0,
                    0.0,
                    1.0
                ]
            ]
        },
        {
            "file_path": "/data/shapenet_blender/all_50_random/02958343/be86ce7f7aec3ad4f9e07ddc212a2f71/r_37",
            "rotation": 0.12566370614359174,
            "transform_matrix": [
                [
                    0.433060884475708,
                    -0.6520956158638,
                    0.6222776174545288,
                    2.508481502532959
                ],
                [
                    0.9013647437095642,
                    0.3132994771003723,
                    -0.29897341132164,
                    -1.205200433731079
                ],
                [
                    0.0,
                    0.6903728246688843,
                    0.72345370054245,
                    2.916335344314575
                ],
                [
                    0.0,
                    0.0,
                    0.0,
                    1.0
                ]
            ]
        },
        {
            "file_path": "/data/shapenet_blender/all_50_random/02958343/be86ce7f7aec3ad4f9e07ddc212a2f71/r_38",
            "rotation": 0.12566370614359174,
            "transform_matrix": [
                [
                    0.3356459140777588,
                    0.4188206195831299,
                    0.843760073184967,
                    3.401305675506592
                ],
                [
                    0.9419882297515869,
                    -0.1492326855659485,
                    -0.3006456196308136,
                    -1.2119412422180176
                ],
                [
                    0.0,
                    0.8957224488258362,
                    -0.44461342692375183,
                    -1.7922940254211426
                ],
                [
                    0.0,
                    0.0,
                    0.0,
                    1.0
                ]
            ]
        },
        {
            "file_path": "/data/shapenet_blender/all_50_random/02958343/be86ce7f7aec3ad4f9e07ddc212a2f71/r_39",
            "rotation": 0.12566370614359174,
            "transform_matrix": [
                [
                    0.8894625902175903,
                    0.09972809255123138,
                    0.4459940493106842,
                    1.7978596687316895
                ],
                [
                    0.45700812339782715,
                    -0.1940980851650238,
                    -0.8680261373519897,
                    -3.4991254806518555
                ],
                [
                    0.0,
                    0.9758996963500977,
                    -0.21821950376033783,
                    -0.879671037197113
                ],
                [
                    0.0,
                    0.0,
                    0.0,
                    1.0
                ]
            ]
        },
        {
            "file_path": "/data/shapenet_blender/all_50_random/02958343/be86ce7f7aec3ad4f9e07ddc212a2f71/r_40",
            "rotation": 0.12566370614359174,
            "transform_matrix": [
                [
                    -0.572472333908081,
                    0.6237629652023315,
                    0.5321608185768127,
                    2.1452088356018066
                ],
                [
                    0.8199241161346436,
                    0.4355123043060303,
                    0.37155553698539734,
                    1.4977883100509644
                ],
                [
                    0.0,
                    0.649036705493927,
                    -0.7607570886611938,
                    -3.0667099952697754
                ],
                [
                    0.0,
                    0.0,
                    0.0,
                    1.0
                ]
            ]
        },
        {
            "file_path": "/data/shapenet_blender/all_50_random/02958343/be86ce7f7aec3ad4f9e07ddc212a2f71/r_41",
            "rotation": 0.12566370614359174,
            "transform_matrix": [
                [
                    -0.521637499332428,
                    0.10129935294389725,
                    0.8471320867538452,
                    3.4148988723754883
                ],
                [
                    0.8531672954559326,
                    0.061935730278491974,
                    0.5179474353790283,
                    2.0879130363464355
                ],
                [
