{
    "class": "02958343",
    "model": "8c710a2319c1a5683f86d898378e5d97",
    "remove_doubles": true,
    "edge_split": true,
    "denoise": true,
    "camera_angle_x": 0.6911112070083618,
    "scale_factor": 2.232018361463915,
    "hdri_file": "/data/IndoorHDRDataset2018/AG8A6406-b472ce9bda.exr",
    "center_offset": [
        0.0,
        0.0,
        -3.725290298461914e-09
    ],
    "lights": [],
    "frames": [
        {
            "file_path": "/data/shapenet_blender/all_50_random/02958343/8c710a2319c1a5683f86d898378e5d97/r_0",
            "rotation": 0.12566370614359174,
            "transform_matrix": [
                [
                    0.9986250400543213,
                    -0.0371410958468914,
                    0.03699500858783722,
                    0.1491316556930542
                ],
                [
                    0.05242224037647247,
                    0.7075245976448059,
                    -0.7047417163848877,
                    -2.840904712677002
                ],
                [
                    1.862645149230957e-09,
                    0.7057120203971863,
                    0.7084987759590149,
                    2.8560500144958496
                ],
                [
                    0.0,
                    0.0,
                    0.0,
                    1.0
                ]
            ]
        },
        {
            "file_path": "/data/shapenet_blender/all_50_random/02958343/8c710a2319c1a5683f86d898378e5d97/r_1",
            "rotation": 0.12566370614359174,
            "transform_matrix": [
                [
                    0.9025777578353882,
                    -0.3647893965244293,
                    -0.2286529541015625,
                    -0.921729564666748
                ],
                [
                    -0.430527001619339,
                    -0.764762282371521,
                    -0.4793591797351837,
                    -1.9323586225509644
                ],
                [
                    -1.4901161193847656e-08,
                    0.5311000943183899,
                    -0.8473090529441833,
                    -3.415611982345581
                ],
                [
                    0.0,
                    0.0,
                    0.0,
                    1.0
                ]
            ]
        },
        {
            "file_path": "/data/shapenet_blender/all_50_random/02958343/8c710a2319c1a5683f86d898378e5d97/r_2",
            "rotation": 0.12566370614359174,
            "transform_matrix": [
                [
                    -0.26363182067871094,
                    -0.6804825067520142,
                    0.6836971640586853,
                    2.7560713291168213
                ],
                [
                    0.9646233916282654,
                    -0.185976043343544,
                    0.18685461580753326,
                    0.7532350420951843
                ],
                [
                    0.0,
                    0.7087709903717041,
                    0.7054385542869568,
                    2.8437137603759766
                ],
                [
                    0.0,
                    0.0,
                    0.0,
                    1.0
                ]
            ]
        },
        {
            "file_path": "/data/shapenet_blender/all_50_random/02958343/8c710a2319c1a5683f86d898378e5d97/r_3",
            "rotation": 0.12566370614359174,
            "transform_matrix": [
                [
                    -0.7361757159233093,
                    -0.03117581270635128,
                    0.6760720014572144,
                    2.7253334522247314
                ],
                [
                    0.6767904162406921,
                    -0.03391134738922119,
                    0.7353942394256592,
                    2.9644689559936523
                ],
                [
                    0.0,
                    0.9989384412765503,
                    0.04606420546770096,
                    0.1856907457113266
                ],
                [
                    0.0,
                    0.0,
                    0.0,
                    1.0
                ]
            ]
        },
        {
            "file_path": "/data/shapenet_blender/all_50_random/02958343/8c710a2319c1a5683f86d898378e5d97/r_4",
            "rotation": 0.12566370614359174,
            "transform_matrix": [
                [
                    0.8868153095245361,
                    0.21746140718460083,
                    -0.4077611565589905,
                    -1.6437379121780396
                ],
                [
                    -0.4621241092681885,
                    0.4173080027103424,
                    -0.7824928760528564,
                    -3.154330015182495
                ],
                [
                    0.0,
                    0.8823627829551697,
                    0.47056934237480164,
                    1.8969258069992065
                ],
                [
                    0.0,
                    0.0,
                    0.0,
                    1.0
                ]
            ]
        },
        {
            "file_path": "/data/shapenet_blender/all_50_random/02958343/8c710a2319c1a5683f86d898378e5d97/r_5",
            "rotation": 0.12566370614359174,
            "transform_matrix": [
                [
                    0.08962725102901459,
                    -0.09267937391996384,
                    -0.9916538596153259,
                    -3.9974846839904785
                ],
                [
                    -0.9959753155708313,
                    -0.00834016501903534,
                    -0.08923837542533875,
                    -0.35973140597343445
                ],
                [
                    0.0,
                    0.9956610798835754,
                    -0.09305387735366821,
                    -0.3751121759414673
                ],
                [
                    0.0,
                    0.0,
                    0.0,
                    1.0
                ]
            ]
        },
        {
            "file_path": "/data/shapenet_blender/all_50_random/02958343/8c710a2319c1a5683f86d898378e5d97/r_6",
            "rotation": 0.12566370614359174,
            "transform_matrix": [
                [
                    -0.9941792488098145,
                    0.027325857430696487,
                    -0.1042165756225586,
                    -0.42011046409606934
                ],
                [
                    -0.10773949325084686,
                    -0.2521526515483856,
                    0.9616710543632507,
                    3.876620054244995
                ],
                [
                    0.0,
                    0.9673015475273132,
                    0.25362899899482727,
                    1.0224112272262573
                ],
                [
                    0.0,
                    0.0,
                    0.0,
                    1.0
                ]
            ]
        },
        {
            "file_path": "/data/shapenet_blender/all_50_random/02958343/8c710a2319c1a5683f86d898378e5d97/r_7",
            "rotation": 0.12566370614359174,
            "transform_matrix": [
                [
                    0.9785980582237244,
                    -0.004023785702884197,
                    0.20574213564395905,
                    0.8293730616569519
                ],
                [
                    0.2057815045118332,
                    0.019135193899273872,
                    -0.9784108996391296,
                    -3.9441003799438477
                ],
                [
                    0.0,
                    0.9998087882995605,
                    0.019553683698177338,
                    0.07882341742515564
                ],
                [
                    0.0,
                    0.0,
                    0.0,
                    1.0
                ]
            ]
        },
        {
            "file_path": "/data/shapenet_blender/all_50_random/02958343/8c710a2319c1a5683f86d898378e5d97/r_8",
            "rotation": 0.12566370614359174,
            "transform_matrix": [
                [
                    -0.39693546295166016,
                    0.1921149343252182,
                    0.8975155353546143,
                    3.6180007457733154
                ],
                [
                    0.9178466200828552,
                    0.08308275789022446,
                    0.38814297318458557,
                    1.5646543502807617
                ],
                [
                    0.0,
                    0.9778491258621216,
                    -0.20931054651737213,
                    -0.8437578082084656
                ],
                [
                    0.0,
                    0.0,
                    0.0,
                    1.0
                ]
            ]
        },
        {
            "file_path": "/data/shapenet_blender/all_50_random/02958343/8c710a2319c1a5683f86d898378e5d97/r_9",
            "rotation": 0.12566370614359174,
            "transform_matrix": [
                [
                    -0.4156843423843384,
                    -0.4025958776473999,
                    0.8155508041381836,
                    3.287590503692627
                ],
                [
                    0.9095088839530945,
                    -0.18400347232818604,
                    0.3727414906024933,
                    1.5025689601898193
                ],
                [
                    0.0,
                    0.8966935873031616,
                    0.4426518678665161,
                    1.7843867540359497
                ],
                [
                    0.0,
                    0.0,
                    0.0,
                    1.0
                ]
            ]
        },
        {
            "file_path": "/data/shapenet_blender/all_50_random/02958343/8c710a2319c1a5683f86d898378e5d97/r_10",
            "rotation": 0.12566370614359174,
            "transform_matrix": [
                [
                    -0.9927166104316711,
                    -0.001549393404275179,
                    -0.1204635426402092,
                    -0.48560404777526855
                ],
                [
                    -0.12047351151704788,
                    0.012767192907631397,
                    0.9926344156265259,
                    4.001437187194824
                ],
                [
                    0.0,
                    0.9999173283576965,
                    -0.012860862538218498,
                    -0.0518437922000885
                ],
                [
                    0.0,
                    0.0,
                    0.0,
                    1.0
                ]
            ]
        },
        {
            "file_path": "/data/shapenet_blender/all_50_random/02958343/8c710a2319c1a5683f86d898378e5d97/r_11",
            "rotation": 0.12566370614359174,
            "transform_matrix": [
                [
                    0.9711863398551941,
                    0.04461165890097618,
                    -0.23410911858081818,
                    -0.9437240362167358
                ],
                [
                    -0.23832182586193085,
                    0.18179716169834137,
                    -0.9540191292762756,
                    -3.8457741737365723
                ],
                [
                    -3.725290742551124e-09,
                    0.9823235869407654,
                    0.18719083070755005,
                    0.7545903921127319
                ],
                [
                    0.0,
                    0.0,
                    0.0,
                    1.0
                ]
            ]
        },
        {
            "file_path": "/data/shapenet_blender/all_50_random/02958343/8c710a2319c1a5683f86d898378e5d97/r_12",
            "rotation": 0.12566370614359174,
            "transform_matrix": [
                [
                    0.11284293234348297,
                    -0.31600627303123474,
                    -0.9420225620269775,
                    -3.7974143028259277
                ],
                [
                    -0.9936128854751587,
                    -0.035888295620679855,
                    -0.10698390752077103,
                    -0.4312659204006195
                ],
                [
                    3.725290298461914e-09,
                    0.9480780363082886,
                    -0.31803762912750244,
                    -1.2820507287979126
                ],
                [
                    0.0,
                    0.0,
                    0.0,
                    1.0
                ]
            ]
        },
        {
            "file_path": "/data/shapenet_blender/all_50_random/02958343/8c710a2319c1a5683f86d898378e5d97/r_13",
            "rotation": 0.12566370614359174,
            "transform_matrix": [
                [
                    0.31724047660827637,
                    0.8946129679679871,
                    -0.314684122800827,
                    -1.2685322761535645
                ],
                [
                    -0.9483451247215271,
                    0.29926598072052,
                    -0.10526815056800842,
                    -0.42434948682785034
                ],
                [
                    0.0,
                    0.33182448148727417,
                    0.9433411359786987,
                    3.802729845046997
                ],
                [
                    0.0,
                    0.0,
                    0.0,
                    1.0
                ]
            ]
        },
        {
            "file_path": "/data/shapenet_blender/all_50_random/02958343/8c710a2319c1a5683f86d898378e5d97/r_14",
            "rotation": 0.12566370614359174,
            "transform_matrix": [
                [
                    -0.9998696446418762,
                    0.00807177647948265,
                    0.013983058743178844,
                    0.05636751651763916
                ],
                [
                    0.016145572066307068,
                    0.49987223744392395,
                    0.8659485578536987,
                    3.490750551223755
                ],
                [
                    4.656612873077393e-10,
                    0.8660615086555481,
                    -0.49993738532066345,
                    -2.0153121948242188
                ],
                [
                    0.0,
                    0.0,
                    0.0,
                    1.0
                ]
            ]
        },
        {
            "file_path": "/data/shapenet_blender/all_50_random/02958343/8c710a2319c1a5683f86d898378e5d97/r_15",
            "rotation": 0.12566370614359174,
            "transform_matrix": [
                [
                    -0.8302633166313171,
                    -0.32376018166542053,
                    0.4536983072757721,
                    1.8289164304733276
                ],
                [
                    0.5573713779449463,
                    -0.4822748899459839,
                    0.6758313775062561,
                    2.724363327026367
                ],
                [
                    0.0,
                    0.813996434211731,
                    0.5808697938919067,
                    2.3415610790252686
                ],
                [
                    0.0,
                    0.0,
                    0.0,
                    1.0
                ]
            ]
        },
        {
            "file_path": "/data/shapenet_blender/all_50_random/02958343/8c710a2319c1a5683f86d898378e5d97/r_16",
            "rotation": 0.12566370614359174,
            "transform_matrix": [
                [
                    0.9905755519866943,
                    -0.0309143103659153,
                    -0.13343341648578644,
                    -0.5378873944282532
                ],
                [
                    -0.13696779310703278,
                    -0.2235778272151947,
                    -0.9650143384933472,
                    -3.8900973796844482
                ],
                [
                    -1.862645149230957e-09,
                    0.974195659160614,
                    -0.22570496797561646,
                    -0.9098458886146545
                ],
                [
                    0.0,
                    0.0,
                    0.0,
                    1.0
                ]
            ]
        },
        {
            "file_path": "/data/shapenet_blender/all_50_random/02958343/8c710a2319c1a5683f86d898378e5d97/r_17",
            "rotation": 0.12566370614359174,
            "transform_matrix": [
                [
                    -0.9750216603279114,
                    -0.08580157160758972,
                    -0.20486798882484436,
                    -0.8258492946624756
                ],
                [
                    -0.22210991382598877,
                    0.37665313482284546,
                    0.8993328213691711,
                    3.625326633453369
                ],
                [
                    0.0,
                    0.9223721623420715,
                    -0.38630232214927673,
                    -1.557234525680542
                ],
                [
                    0.0,
                    0.0,
                    0.0,
                    1.0
                ]
            ]
        },
        {
            "file_path": "/data/shapenet_blender/all_50_random/02958343/8c710a2319c1a5683f86d898378e5d97/r_18",
            "rotation": 0.12566370614359174,
            "transform_matrix": [
                [
                    0.8932966589927673,
                    0.006983970757573843,
                    -0.4494132399559021,
                    -1.8116427659988403
                ],
                [
                    -0.4494675397872925,
                    0.013880331069231033,
                    -0.8931887745857239,
                    -3.6005592346191406
                ],
                [
                    4.656612873077393e-10,
                    0.9998793005943298,
                    0.015538319945335388,
                    0.06263697147369385
                ],
                [
                    0.0,
                    0.0,
                    0.0,
                    1.0
                ]
            ]
        },
        {
            "file_path": "/data/shapenet_blender/all_50_random/02958343/8c710a2319c1a5683f86d898378e5d97/r_19",
            "rotation": 0.12566370614359174,
            "transform_matrix": [
                [
                    0.13259783387184143,
                    0.07071225345134735,
                    0.9886442422866821,
                    3.9853525161743164
                ],
                [
                    0.9911699295043945,
                    -0.009459822438657284,
                    -0.13225995004177094,
                    -0.5331569314002991
                ],
                [
                    0.0,
                    0.9974517822265625,
                    -0.07134221494197845,
                    -0.2875896692276001
                ],
                [
                    0.0,
                    0.0,
                    0.0,
                    1.0
                ]
            ]
        },
        {
            "file_path": "/data/shapenet_blender/all_50_random/02958343/8c710a2319c1a5683f86d898378e5d97/r_20",
            "rotation": 0.12566370614359174,
            "transform_matrix": [
                [
                    0.07297170907258987,
                    -0.8618942499160767,
                    0.5018100142478943,
                    2.0228610038757324
                ],
                [
                    0.9973339438438416,
                    0.06306201964616776,
                    -0.03671582415699959,
                    -0.14800623059272766
                ],
                [
                    3.725290076417309e-09,
                    0.5031513571739197,
                    0.8641982078552246,
                    3.483694553375244
                ],
                [
                    0.0,
                    0.0,
                    0.0,
                    1.0
                ]
            ]
        },
        {
            "file_path": "/data/shapenet_blender/all_50_random/02958343/8c710a2319c1a5683f86d898378e5d97/r_21",
            "rotation": 0.12566370614359174,
            "transform_matrix": [
                [
                    -0.7730048894882202,
                    -0.518333911895752,
                    0.36577799916267395,
                    1.4744982719421387
                ],
                [
                    0.6344001889228821,
                    -0.6315802335739136,
                    0.4456936717033386,
                    1.796648621559143
                ],
                [
                    1.4901162970204496e-08,
                    0.5765728950500488,
                    0.8170456290245056,
                    3.29361629486084
                ],
                [
                    0.0,
                    0.0,
                    0.0,
                    1.0
                ]
            ]
        },
        {
            "file_path": "/data/shapenet_blender/all_50_random/02958343/8c710a2319c1a5683f86d898378e5d97/r_22",
            "rotation": 0.12566370614359174,
            "transform_matrix": [
                [
                    -0.9397193789482117,
                    -0.04209215193986893,
                    -0.3393459618091583,
                    -1.3679473400115967
                ],
                [
                    -0.341946542263031,
                    0.1156754344701767,
                    0.932572603225708,
                    3.7593204975128174
                ],
                [
                    3.725290298461914e-09,
                    0.9923948049545288,
                    -0.12309571355581284,
                    -0.49621468782424927
                ],
                [
                    0.0,
                    0.0,
                    0.0,
                    1.0
                ]
            ]
        },
        {
            "file_path": "/data/shapenet_blender/all_50_random/02958343/8c710a2319c1a5683f86d898378e5d97/r_23",
            "rotation": 0.12566370614359174,
            "transform_matrix": [
                [
                    0.9982324838638306,
                    -0.017795048654079437,
                    0.05670192837715149,
                    0.2285727858543396
                ],
                [
                    0.059428710490465164,
                    0.29890596866607666,
                    -0.9524303078651428,
                    -3.839369297027588
                ],
                [
                    -1.8626448161640496e-09,
                    0.9541166424751282,
                    0.29943522810935974,
                    1.207062005996704
                ],
                [
                    0.0,
                    0.0,
                    0.0,
                    1.0
                ]
            ]
        },
        {
            "file_path": "/data/shapenet_blender/all_50_random/02958343/8c710a2319c1a5683f86d898378e5d97/r_24",
            "rotation": 0.12566370614359174,
            "transform_matrix": [
                [
                    0.7730823755264282,
                    -0.5271375179290771,
                    0.35280269384384155,
                    1.4221932888031006
                ],
                [
                    0.6343057751655579,
                    0.6424672603607178,
                    -0.42999058961868286,
                    -1.7333476543426514
                ],
                [
                    0.0,
                    0.5562028288841248,
                    0.831046462059021,
                    3.350055694580078
                ],
                [
                    0.0,
                    0.0,
                    0.0,
                    1.0
                ]
            ]
        },
        {
            "file_path": "/data/shapenet_blender/all_50_random/02958343/8c710a2319c1a5683f86d898378e5d97/r_25",
            "rotation": 0.12566370614359174,
            "transform_matrix": [
                [
                    -0.9957007765769958,
                    -0.014995059929788113,
                    -0.09140712022781372,
                    -0.36847391724586487
                ],
                [
                    -0.09262891113758087,
                    0.16118717193603516,
                    0.9825672507286072,
                    3.960855484008789
                ],
                [
                    9.31322685637781e-10,
                    0.9868099093437195,
                    -0.1618831306695938,
                    -0.6525718569755554
                ],
                [
                    0.0,
                    0.0,
                    0.0,
                    1.0
                ]
            ]
        },
        {
            "file_path": "/data/shapenet_blender/all_50_random/02958343/8c710a2319c1a5683f86d898378e5d97/r_26",
            "rotation": 0.12566370614359174,
            "transform_matrix": [
                [
                    -0.29475733637809753,
                    0.1677839308977127,
                    -0.9407265782356262,
                    -3.7921903133392334
                ],
                [
                    -0.9555720686912537,
                    -0.0517549104988575,
                    0.2901780605316162,
                    1.1697453260421753
                ],
                [
                    -3.725290076417309e-09,
                    0.9844642877578735,
                    0.17558477818965912,
                    0.7078049182891846
                ],
                [
                    0.0,
                    0.0,
                    0.0,
                    1.0
                ]
            ]
        },
        {
            "file_path": "/data/shapenet_blender/all_50_random/02958343/8c710a2319c1a5683f86d898378e5d97/r_27",
            "rotation": 0.12566370614359174,
            "transform_matrix": [
                [
                    -0.8106838464736938,
                    0.0983528196811676,
                    -0.5771639943122864,
                    -2.326622486114502
                ],
                [
                    -0.5854840278625488,
                    -0.13618311285972595,
                    0.7991636395454407,
                    3.221531629562378
                ],
                [
                    7.450580152834618e-09,
                    0.9857894778251648,
                    0.1679854691028595,
                    0.6771711111068726
                ],
                [
                    0.0,
                    0.0,
                    0.0,
                    1.0
                ]
            ]
        },
        {
            "file_path": "/data/shapenet_blender/all_50_random/02958343/8c710a2319c1a5683f86d898378e5d97/r_28",
            "rotation": 0.12566370614359174,
            "transform_matrix": [
                [
                    -0.6311194896697998,
                    0.06635094434022903,
                    0.7728425860404968,
                    3.1154282093048096
                ],
                [
                    0.7756855487823486,
                    0.05398498475551605,
                    0.6288063526153564,
                    2.534799575805664
                ],
                [
                    0.0,
                    0.9963349103927612,
                    -0.08553843945264816,
                    -0.3448164761066437
                ],
                [
                    0.0,
                    0.0,
                    0.0,
                    1.0
                ]
            ]
        },
        {
            "file_path": "/data/shapenet_blender/all_50_random/02958343/8c710a2319c1a5683f86d898378e5d97/r_29",
            "rotation": 0.12566370614359174,
            "transform_matrix": [
                [
                    -0.15302462875843048,
                    0.18864475190639496,
                    -0.9700497984886169,
                    -3.910395860671997
                ],
                [
                    -0.9882224798202515,
                    -0.02921132929623127,
                    0.15021061897277832,
                    0.6055184006690979
                ],
                [
                    0.0,
                    0.9816108345985413,
                    0.1908930093050003,
                    0.7695143222808838
                ],
                [
                    0.0,
                    0.0,
                    0.0,
                    1.0
                ]
            ]
        },
        {
            "file_path": "/data/shapenet_blender/all_50_random/02958343/8c710a2319c1a5683f86d898378e5d97/r_30",
            "rotation": 0.12566370614359174,
            "transform_matrix": [
                [
                    0.03843610733747482,
                    -0.08689379692077637,
                    0.9954758286476135,
                    4.0128912925720215
                ],
                [
                    0.9992610812187195,
                    0.0033423290587961674,
                    -0.03829050809144974,
                    -0.15435397624969482
                ],
                [
                    0.0,
                    0.9962120056152344,
                    0.08695805072784424,
                    0.35053908824920654
                ],
                [
                    0.0,
                    0.0,
                    0.0,
                    1.0
                ]
            ]
        },
        {
            "file_path": "/data/shapenet_blender/all_50_random/02958343/8c710a2319c1a5683f86d898378e5d97/r_31",
            "rotation": 0.12566370614359174,
            "transform_matrix": [
                [
                    -0.595089852809906,
                    0.393055260181427,
                    -0.7009817957878113,
                    -2.8257482051849365
                ],
                [
                    -0.8036591410636902,
                    -0.2910477817058563,
                    0.5190598368644714,
                    2.092397451400757
                ],
                [
                    0.0,
                    0.8722378015518188,
                    0.489082008600235,
                    1.9715527296066284
                ],
                [
                    0.0,
                    0.0,
                    0.0,
                    1.0
                ]
            ]
        },
        {
            "file_path": "/data/shapenet_blender/all_50_random/02958343/8c710a2319c1a5683f86d898378e5d97/r_32",
            "rotation": 0.12566370614359174,
            "transform_matrix": [
                [
                    0.871912956237793,
                    -0.050345320254564285,
                    -0.48706579208374023,
                    -1.9634251594543457
                ],
                [
                    -0.4896608293056488,
                    -0.08964722603559494,
                    -0.867292046546936,
                    -3.496166229248047
                ],
                [
                    0.0,
                    0.9947001934051514,
                    -0.10281671583652496,
                    -0.414467453956604
                ],
                [
                    0.0,
                    0.0,
                    0.0,
                    1.0
                ]
            ]
        },
        {
            "file_path": "/data/shapenet_blender/all_50_random/02958343/8c710a2319c1a5683f86d898378e5d97/r_33",
            "rotation": 0.12566370614359174,
            "transform_matrix": [
                [
                    -0.12719406187534332,
                    -0.12874308228492737,
                    0.9834870100021362,
                    3.9645631313323975
                ],
                [
                    0.9918778538703918,
                    -0.01650944910943508,
                    0.12611806392669678,
                    0.5083982348442078
                ],
                [
                    0.0,
                    0.9915404915809631,
                    0.1297973096370697,
                    0.5232297778129578
                ],
                [
                    0.0,
                    0.0,
                    0.0,
                    1.0
                ]
            ]
        },
        {
            "file_path": "/data/shapenet_blender/all_50_random/02958343/8c710a2319c1a5683f86d898378e5d97/r_34",
            "rotation": 0.12566370614359174,
            "transform_matrix": [
                [
                    -0.004491365514695644,
                    0.07890445739030838,
                    0.9968720078468323,
                    4.018519878387451
                ],
                [
                    0.9999899864196777,
                    0.0003543923085089773,
                    0.004477361217141151,
                    0.01804882287979126
                ],
                [
                    0.0,
                    0.9968821406364441,
                    -0.07890523970127106,
                    -0.3180772364139557
                ],
                [
                    0.0,
                    0.0,
                    0.0,
                    1.0
                ]
            ]
        },
        {
            "file_path": "/data/shapenet_blender/all_50_random/02958343/8c710a2319c1a5683f86d898378e5d97/r_35",
            "rotation": 0.12566370614359174,
            "transform_matrix": [
                [
                    -0.5439633727073669,
                    -0.5435923337936401,
                    -0.6392269134521484,
                    -2.5768063068389893
                ],
                [
                    -0.839108943939209,
                    0.3523908853530884,
                    0.4143872559070587,
                    1.6704485416412354
                ],
                [
                    1.4901161193847656e-08,
                    0.7617924809455872,
                    -0.6478209495544434,
                    -2.611449956893921
                ],
                [
                    0.0,
                    0.0,
                    0.0,
                    1.0
                ]
            ]
        },
        {
            "file_path": "/data/shapenet_blender/all_50_random/02958343/8c710a2319c1a5683f86d898378e5d97/r_36",
            "rotation": 0.12566370614359174,
            "transform_matrix": [
                [
                    -0.467995285987854,
                    -0.011971215717494488,
                    0.8836498856544495,
                    3.5621066093444824
                ],
                [
                    0.8837310075759888,
                    -0.006339567247778177,
                    0.46795231103897095,
                    1.886376142501831
                ],
                [
                    0.0,
                    0.9999082684516907,
                    0.01354622095823288,
                    0.054606564342975616
                ],
                [
                    0.0,
                    0.0,
                    0.0,
                    1.0
                ]
            ]
        },
        {
            "file_path": "/data/shapenet_blender/all_50_random/02958343/8c710a2319c1a5683f86d898378e5d97/r_37",
            "rotation": 0.12566370614359174,
            "transform_matrix": [
                [
                    0.9978156685829163,
                    -0.013330087065696716,
                    -0.06470144540071487,
                    -0.2608199119567871
                ],
                [
                    -0.06606034934520721,
                    -0.20134572684764862,
                    -0.9772899746894836,
                    -3.939582109451294
                ],
                [
                    9.313225746154785e-10,
                    0.9794295430183411,
                    -0.20178648829460144,
                    -0.8134273886680603
                ],
                [
                    0.0,
                    0.0,
                    0.0,
                    1.0
                ]
            ]
        },
        {
            "file_path": "/data/shapenet_blender/all_50_random/02958343/8c710a2319c1a5683f86d898378e5d97/r_38",
            "rotation": 0.12566370614359174,
            "transform_matrix": [
                [
                    -0.05687525495886803,
                    0.01150957215577364,
                    0.9983149766921997,
                    4.024336338043213
                ],
                [
                    0.9983813762664795,
                    0.0006556711159646511,
                    0.05687147378921509,
                    0.22925624251365662
                ],
                [
                    5.820766091346741e-11,
                    0.9999335408210754,
                    -0.011528233997523785,
                    -0.04647179692983627
                ],
                [
                    0.0,
                    0.0,
                    0.0,
                    1.0
                ]
            ]
        },
        {
            "file_path": "/data/shapenet_blender/all_50_random/02958343/8c710a2319c1a5683f86d898378e5d97/r_39",
            "rotation": 0.12566370614359174,
            "transform_matrix": [
                [
                    -0.947845458984375,
                    0.15941667556762695,
                    0.27599868178367615,
                    1.1125863790512085
                ],
                [
                    0.3187302350997925,
                    0.4740760624408722,
                    0.8207696676254272,
                    3.308628559112549
                ],
                [
                    0.0,
                    0.8659319281578064,
                    -0.5001617670059204,
                    -2.01621675491333
                ],
                [
                    0.0,
                    0.0,
                    0.0,
                    1.0
                ]
            ]
        },
        {
            "file_path": "/data/shapenet_blender/all_50_random/02958343/8c710a2319c1a5683f86d898378e5d97/r_40",
            "rotation": 0.12566370614359174,
            "transform_matrix": [
                [
                    -0.9887044429779053,
                    -0.04383449628949165,
                    -0.14332500100135803,
                    -0.5777615904808044
                ],
                [
                    -0.1498783677816391,
                    0.2891635596752167,
                    0.945473849773407,
                    3.8113272190093994
                ],
                [
                    0.0,
                    0.9562755823135376,
                    -0.2924671173095703,
                    -1.1789727210998535
                ],
                [
                    0.0,
                    0.0,
                    0.0,
                    1.0
                ]
            ]
        },
        {
            "file_path": "/data/shapenet_blender/all_50_random/02958343/8c710a2319c1a5683f86d898378e5d97/r_41",
            "rotation": 0.12566370614359174,
            "transform_matrix": [
                [
                    0.9929072856903076,
                    0.09276144951581955,
                    -0.07436726242303848,
                    -0.2997840344905853
                ],
                [
                    -0.11889144778251648,
                    0.7746858596801758,
                    -0.6210690140724182,
                    -2.5036091804504395
                ],
                [
