{
    "class": "02958343",
    "model": "34d28083d9f0c31fa2e586b3e41e79ff",
    "remove_doubles": true,
    "edge_split": true,
    "denoise": true,
    "camera_angle_x": 0.6911112070083618,
    "scale_factor": 2.2979736398683226,
    "hdri_file": "/data/IndoorHDRDataset2018/AG8A9730-803d53992f.exr",
    "center_offset": [
        0.0,
        0.0,
        -9.313225746154785e-10
    ],
    "lights": [],
    "frames": [
        {
            "file_path": "/data/shapenet_blender/all_50_random/02958343/34d28083d9f0c31fa2e586b3e41e79ff/r_0",
            "rotation": 0.12566370614359174,
            "transform_matrix": [
                [
                    0.5915665626525879,
                    0.16971124708652496,
                    -0.7881922721862793,
                    -3.17730450630188
                ],
                [
                    -0.8062560558319092,
                    0.12452061474323273,
                    -0.5783127546310425,
                    -2.3312532901763916
                ],
                [
                    7.4505792646561986e-09,
                    0.9775953888893127,
                    0.21049298346042633,
                    0.8485243320465088
                ],
                [
                    0.0,
                    0.0,
                    0.0,
                    1.0
                ]
            ]
        },
        {
            "file_path": "/data/shapenet_blender/all_50_random/02958343/34d28083d9f0c31fa2e586b3e41e79ff/r_1",
            "rotation": 0.12566370614359174,
            "transform_matrix": [
                [
                    0.5844480991363525,
                    -0.08643000572919846,
                    0.8068149089813232,
                    3.2523748874664307
                ],
                [
                    0.8114311695098877,
                    0.06225278973579407,
                    -0.5811231136322021,
                    -2.3425822257995605
                ],
                [
                    -3.725290298461914e-09,
                    0.9943110346794128,
                    0.10651551187038422,
                    0.4293777346611023
                ],
                [
                    0.0,
                    0.0,
                    0.0,
                    1.0
                ]
            ]
        },
        {
            "file_path": "/data/shapenet_blender/all_50_random/02958343/34d28083d9f0c31fa2e586b3e41e79ff/r_2",
            "rotation": 0.12566370614359174,
            "transform_matrix": [
                [
                    0.20471855998039246,
                    -0.2959991991519928,
                    -0.9329923391342163,
                    -3.761012554168701
                ],
                [
                    -0.9788208603858948,
                    -0.061907678842544556,
                    -0.19513361155986786,
                    -0.7866088151931763
                ],
                [
                    3.725290076417309e-09,
                    0.9531799554824829,
                    -0.3024037778377533,
                    -1.2190287113189697
                ],
                [
                    0.0,
                    0.0,
                    0.0,
                    1.0
                ]
            ]
        },
        {
            "file_path": "/data/shapenet_blender/all_50_random/02958343/34d28083d9f0c31fa2e586b3e41e79ff/r_3",
            "rotation": 0.12566370614359174,
            "transform_matrix": [
                [
                    0.38773593306541443,
                    0.43276894092559814,
                    0.8138622641563416,
                    3.2807838916778564
                ],
                [
                    0.9217705130577087,
                    -0.18204106390476227,
                    -0.34234514832496643,
                    -1.380037546157837
                ],
                [
                    0.0,
                    0.8829337954521179,
                    -0.469497412443161,
                    -1.8926047086715698
                ],
                [
                    0.0,
                    0.0,
                    0.0,
                    1.0
                ]
            ]
        },
        {
            "file_path": "/data/shapenet_blender/all_50_random/02958343/34d28083d9f0c31fa2e586b3e41e79ff/r_4",
            "rotation": 0.12566370614359174,
            "transform_matrix": [
                [
                    0.5646904706954956,
                    -0.2210749387741089,
                    -0.7951416969299316,
                    -3.2053189277648926
                ],
                [
                    -0.8253027200698853,
                    -0.15126439929008484,
                    -0.5440536737442017,
                    -2.193150758743286
                ],
                [
                    0.0,
                    0.96345454454422,
                    -0.26787132024765015,
                    -1.0798239707946777
                ],
                [
                    0.0,
                    0.0,
                    0.0,
                    1.0
                ]
            ]
        },
        {
            "file_path": "/data/shapenet_blender/all_50_random/02958343/34d28083d9f0c31fa2e586b3e41e79ff/r_5",
            "rotation": 0.12566370614359174,
            "transform_matrix": [
                [
                    -0.9345740079879761,
                    -0.34725701808929443,
                    -0.07735584676265717,
                    -0.31183138489723206
                ],
                [
                    -0.3557686507701874,
                    0.9122146964073181,
                    0.20320722460746765,
                    0.8191545009613037
                ],
                [
                    7.4505797087454084e-09,
                    0.21743294596672058,
                    -0.9760752320289612,
                    -3.934685230255127
                ],
                [
                    0.0,
                    0.0,
                    0.0,
                    1.0
                ]
            ]
        },
        {
            "file_path": "/data/shapenet_blender/all_50_random/02958343/34d28083d9f0c31fa2e586b3e41e79ff/r_6",
            "rotation": 0.12566370614359174,
            "transform_matrix": [
                [
                    0.31852877140045166,
                    0.22050736844539642,
                    -0.9219087958335876,
                    -3.7163333892822266
                ],
                [
                    -0.9479132294654846,
                    0.07409743964672089,
                    -0.3097904622554779,
                    -1.2488054037094116
                ],
                [
                    7.450580596923828e-09,
                    0.9725666642189026,
                    0.23262400925159454,
                    0.9377374649047852
                ],
                [
                    0.0,
                    0.0,
                    0.0,
                    1.0
                ]
            ]
        },
        {
            "file_path": "/data/shapenet_blender/all_50_random/02958343/34d28083d9f0c31fa2e586b3e41e79ff/r_7",
            "rotation": 0.12566370614359174,
            "transform_matrix": [
                [
                    -0.23732949793338776,
                    0.42596331238746643,
                    -0.8730577230453491,
                    -3.5194084644317627
                ],
                [
                    -0.971429169178009,
                    -0.10406694561243057,
                    0.21329641342163086,
                    0.8598254323005676
                ],
                [
                    0.0,
                    0.8987353444099426,
                    0.4384913742542267,
                    1.7676154375076294
                ],
                [
                    0.0,
                    0.0,
                    0.0,
                    1.0
                ]
            ]
        },
        {
            "file_path": "/data/shapenet_blender/all_50_random/02958343/34d28083d9f0c31fa2e586b3e41e79ff/r_8",
            "rotation": 0.12566370614359174,
            "transform_matrix": [
                [
                    -0.7864739894866943,
                    -0.5739567279815674,
                    -0.2281063199043274,
                    -0.9195259809494019
                ],
                [
                    -0.6176235675811768,
                    0.7308691740036011,
                    0.2904677093029022,
                    1.170912742614746
                ],
                [
                    -1.4901162970204496e-08,
                    0.3693290948867798,
                    -0.9292986392974854,
                    -3.7461225986480713
                ],
                [
                    0.0,
                    0.0,
                    0.0,
                    1.0
                ]
            ]
        },
        {
            "file_path": "/data/shapenet_blender/all_50_random/02958343/34d28083d9f0c31fa2e586b3e41e79ff/r_9",
            "rotation": 0.12566370614359174,
            "transform_matrix": [
                [
                    -0.2556842565536499,
                    0.01949165388941765,
                    0.9665637612342834,
                    3.896343469619751
                ],
                [
                    0.9667603373527527,
                    0.005155062302947044,
                    0.25563228130340576,
                    1.030486822128296
                ],
                [
                    -4.656612873077393e-10,
                    0.9997966289520264,
                    -0.0201618280261755,
                    -0.08127493411302567
                ],
                [
                    0.0,
                    0.0,
                    0.0,
                    1.0
                ]
            ]
        },
        {
            "file_path": "/data/shapenet_blender/all_50_random/02958343/34d28083d9f0c31fa2e586b3e41e79ff/r_10",
            "rotation": 0.12566370614359174,
            "transform_matrix": [
                [
                    -0.980929970741272,
                    -0.022413935512304306,
                    -0.19306457042694092,
                    -0.7782682180404663
                ],
                [
                    -0.19436131417751312,
                    0.11312180012464523,
                    0.9743854403495789,
                    3.9278736114501953
                ],
                [
                    0.0,
                    0.9933282136917114,
                    -0.11532096564769745,
                    -0.46487370133399963
                ],
                [
                    0.0,
                    0.0,
                    0.0,
                    1.0
                ]
            ]
        },
        {
            "file_path": "/data/shapenet_blender/all_50_random/02958343/34d28083d9f0c31fa2e586b3e41e79ff/r_11",
            "rotation": 0.12566370614359174,
            "transform_matrix": [
                [
                    -0.940342366695404,
                    0.14094242453575134,
                    0.3096635043621063,
                    1.2482936382293701
                ],
                [
                    0.34022971987724304,
                    0.3895430862903595,
                    0.855862021446228,
                    3.4500904083251953
                ],
                [
                    -1.4901161193847656e-08,
                    0.9101601243019104,
                    -0.41425663232803345,
                    -1.6699219942092896
                ],
                [
                    0.0,
                    0.0,
                    0.0,
                    1.0
                ]
            ]
        },
        {
            "file_path": "/data/shapenet_blender/all_50_random/02958343/34d28083d9f0c31fa2e586b3e41e79ff/r_12",
            "rotation": 0.12566370614359174,
            "transform_matrix": [
                [
                    0.680204451084137,
                    -0.5596184134483337,
                    -0.4734438359737396,
                    -1.9085131883621216
                ],
                [
                    -0.7330225110054016,
                    -0.5192950367927551,
                    -0.4393298029899597,
                    -1.7709951400756836
                ],
                [
                    1.4901162970204496e-08,
                    0.6458789706230164,
                    -0.7634397149085999,
                    -3.077523946762085
                ],
                [
                    0.0,
                    0.0,
                    0.0,
                    1.0
                ]
            ]
        },
        {
            "file_path": "/data/shapenet_blender/all_50_random/02958343/34d28083d9f0c31fa2e586b3e41e79ff/r_13",
            "rotation": 0.12566370614359174,
            "transform_matrix": [
                [
                    0.1274995058774948,
                    -0.5172690749168396,
                    0.8462721109390259,
                    3.4114322662353516
                ],
                [
                    0.9918386936187744,
                    0.06649423390626907,
                    -0.10878712683916092,
                    -0.4385349750518799
                ],
                [
                    0.0,
                    0.8532357215881348,
                    0.5215253233909607,
                    2.1023361682891846
                ],
                [
                    0.0,
                    0.0,
                    0.0,
                    1.0
                ]
            ]
        },
        {
            "file_path": "/data/shapenet_blender/all_50_random/02958343/34d28083d9f0c31fa2e586b3e41e79ff/r_14",
            "rotation": 0.12566370614359174,
            "transform_matrix": [
                [
                    -0.8826020956039429,
                    0.37854599952697754,
                    0.2787768542766571,
                    1.1237856149673462
                ],
                [
                    0.4701208770275116,
                    0.7106799483299255,
                    0.5233740210533142,
                    2.109788417816162
                ],
                [
                    1.4901162970204496e-08,
                    0.5929898023605347,
                    -0.8052098155021667,
                    -3.2459049224853516
                ],
                [
                    0.0,
                    0.0,
                    0.0,
                    1.0
                ]
            ]
        },
        {
            "file_path": "/data/shapenet_blender/all_50_random/02958343/34d28083d9f0c31fa2e586b3e41e79ff/r_15",
            "rotation": 0.12566370614359174,
            "transform_matrix": [
                [
                    0.657721757888794,
                    0.22932209074497223,
                    0.7175048589706421,
                    2.892354726791382
                ],
                [
                    0.7532608509063721,
                    -0.2002362608909607,
                    -0.6265009045600891,
                    -2.5255062580108643
                ],
                [
                    -1.4901161193847656e-08,
                    0.9525316953659058,
                    -0.30443912744522095,
                    -1.2272335290908813
                ],
                [
                    0.0,
                    0.0,
                    0.0,
                    1.0
                ]
            ]
        },
        {
            "file_path": "/data/shapenet_blender/all_50_random/02958343/34d28083d9f0c31fa2e586b3e41e79ff/r_16",
            "rotation": 0.12566370614359174,
            "transform_matrix": [
                [
                    0.9989482164382935,
                    0.02041776478290558,
                    0.0410560704767704,
                    0.16550230979919434
                ],
                [
                    0.04585287347435951,
                    -0.4448203146457672,
                    -0.8944453001022339,
                    -3.6056244373321533
                ],
                [
                    0.0,
                    0.8953871130943298,
                    -0.44528862833976746,
                    -1.7950159311294556
                ],
                [
                    0.0,
                    0.0,
                    0.0,
                    1.0
                ]
            ]
        },
        {
            "file_path": "/data/shapenet_blender/all_50_random/02958343/34d28083d9f0c31fa2e586b3e41e79ff/r_17",
            "rotation": 0.12566370614359174,
            "transform_matrix": [
                [
                    0.1474040150642395,
                    0.13724645972251892,
                    -0.9795077443122864,
                    -3.9485220909118652
                ],
                [
                    -0.9890763759613037,
                    0.02045411430299282,
                    -0.14597798883914948,
                    -0.5884560942649841
                ],
                [
                    1.862645149230957e-09,
                    0.9903257489204407,
                    0.1387622356414795,
                    0.5593684911727905
                ],
                [
                    0.0,
                    0.0,
                    0.0,
                    1.0
                ]
            ]
        },
        {
            "file_path": "/data/shapenet_blender/all_50_random/02958343/34d28083d9f0c31fa2e586b3e41e79ff/r_18",
            "rotation": 0.12566370614359174,
            "transform_matrix": [
                [
                    0.640381932258606,
                    -0.13672474026679993,
                    -0.7557891607284546,
                    -3.0466835498809814
                ],
                [
                    -0.7680566310882568,
                    -0.11399687081575394,
                    -0.6301537156105042,
                    -2.5402309894561768
                ],
                [
                    7.450580596923828e-09,
                    0.9840279817581177,
                    -0.178013876080513,
                    -0.7175968885421753
                ],
                [
                    0.0,
                    0.0,
                    0.0,
                    1.0
                ]
            ]
        },
        {
            "file_path": "/data/shapenet_blender/all_50_random/02958343/34d28083d9f0c31fa2e586b3e41e79ff/r_19",
            "rotation": 0.12566370614359174,
            "transform_matrix": [
                [
                    0.29522788524627686,
                    -0.019559131935238838,
                    0.9552266001701355,
                    3.8506417274475098
                ],
                [
                    0.9554268717765808,
                    0.006043791770935059,
                    -0.2951659858226776,
                    -1.189852237701416
                ],
                [
                    0.0,
                    0.9997904300689697,
                    0.020471615716814995,
                    0.08252373337745667
                ],
                [
                    0.0,
                    0.0,
                    0.0,
                    1.0
                ]
            ]
        },
        {
            "file_path": "/data/shapenet_blender/all_50_random/02958343/34d28083d9f0c31fa2e586b3e41e79ff/r_20",
            "rotation": 0.12566370614359174,
            "transform_matrix": [
                [
                    0.9814629554748535,
                    -0.014333289116621017,
                    0.191115602850914,
                    0.7704116106033325
                ],
                [
                    0.1916523575782776,
                    0.07340161502361298,
                    -0.9787142276763916,
                    -3.9453232288360596
                ],
                [
                    0.0,
                    0.9971993565559387,
                    0.07478796690702438,
                    0.30147993564605713
                ],
                [
                    0.0,
                    0.0,
                    0.0,
                    1.0
                ]
            ]
        },
        {
            "file_path": "/data/shapenet_blender/all_50_random/02958343/34d28083d9f0c31fa2e586b3e41e79ff/r_21",
            "rotation": 0.12566370614359174,
            "transform_matrix": [
                [
                    -0.8736238479614258,
                    0.3743044435977936,
                    0.3109302222728729,
                    1.2533998489379883
                ],
                [
                    0.48660188913345337,
                    0.6720098257064819,
                    0.5582305788993835,
                    2.2502994537353516
                ],
                [
                    1.4901161193847656e-08,
                    0.6389827728271484,
                    -0.7692210078239441,
                    -3.1008291244506836
                ],
                [
                    0.0,
                    0.0,
                    0.0,
                    1.0
                ]
            ]
        },
        {
            "file_path": "/data/shapenet_blender/all_50_random/02958343/34d28083d9f0c31fa2e586b3e41e79ff/r_22",
            "rotation": 0.12566370614359174,
            "transform_matrix": [
                [
                    0.585122287273407,
                    -0.20120322704315186,
                    0.7855885028839111,
                    3.1668081283569336
                ],
                [
                    0.8109450936317444,
                    0.14517441391944885,
                    -0.5668267011642456,
                    -2.2849512100219727
                ],
                [
                    1.4901161193847656e-08,
                    0.9687319397926331,
                    0.24810956418514252,
                    1.0001615285873413
                ],
                [
                    0.0,
                    0.0,
                    0.0,
                    1.0
                ]
            ]
        },
        {
            "file_path": "/data/shapenet_blender/all_50_random/02958343/34d28083d9f0c31fa2e586b3e41e79ff/r_23",
            "rotation": 0.12566370614359174,
            "transform_matrix": [
                [
                    0.5755386352539062,
                    0.6135299205780029,
                    0.5406811833381653,
                    2.179555892944336
                ],
                [
                    0.8177746534347534,
                    -0.43179401755332947,
                    -0.38052406907081604,
                    -1.5339417457580566
                ],
                [
                    0.0,
                    0.6611616015434265,
                    -0.7502433061599731,
                    -3.0243277549743652
                ],
                [
                    0.0,
                    0.0,
                    0.0,
                    1.0
                ]
            ]
        },
        {
            "file_path": "/data/shapenet_blender/all_50_random/02958343/34d28083d9f0c31fa2e586b3e41e79ff/r_24",
            "rotation": 0.12566370614359174,
            "transform_matrix": [
                [
                    0.06216520071029663,
                    -0.5395753979682922,
                    -0.8396391868591309,
                    -3.3846938610076904
                ],
                [
                    -0.9980659484863281,
                    -0.033607810735702515,
                    -0.05229748412966728,
                    -0.21081790328025818
                ],
                [
                    0.0,
                    0.8412663340568542,
                    -0.5406209826469421,
                    -2.1793129444122314
                ],
                [
                    0.0,
                    0.0,
                    0.0,
                    1.0
                ]
            ]
        },
        {
            "file_path": "/data/shapenet_blender/all_50_random/02958343/34d28083d9f0c31fa2e586b3e41e79ff/r_25",
            "rotation": 0.12566370614359174,
            "transform_matrix": [
                [
                    -0.8454099893569946,
                    -0.030676210299134254,
                    0.5332362055778503,
                    2.1495442390441895
                ],
                [
                    0.5341179370880127,
                    -0.04855477064847946,
                    0.8440144658088684,
                    3.4023313522338867
                ],
                [
                    -1.862645149230957e-09,
                    0.9983492493629456,
                    0.05743340775370598,
                    0.23152148723602295
                ],
                [
                    0.0,
                    0.0,
                    0.0,
                    1.0
                ]
            ]
        },
        {
            "file_path": "/data/shapenet_blender/all_50_random/02958343/34d28083d9f0c31fa2e586b3e41e79ff/r_26",
            "rotation": 0.12566370614359174,
            "transform_matrix": [
                [
                    0.9828274846076965,
                    -0.035116031765937805,
                    -0.18115493655204773,
                    -0.7302589416503906
                ],
                [
                    -0.18452709913253784,
                    -0.18703484535217285,
                    -0.9648666381835938,
                    -3.8895020484924316
                ],
                [
                    0.0,
                    0.9817254543304443,
                    -0.19030281901359558,
                    -0.7671352624893188
                ],
                [
                    0.0,
                    0.0,
                    0.0,
                    1.0
                ]
            ]
        },
        {
            "file_path": "/data/shapenet_blender/all_50_random/02958343/34d28083d9f0c31fa2e586b3e41e79ff/r_27",
            "rotation": 0.12566370614359174,
            "transform_matrix": [
                [
                    -0.715252697467804,
                    0.050638556480407715,
                    0.6970289349555969,
                    2.8098134994506836
                ],
                [
                    0.6988659501075745,
                    0.05182591453194618,
                    0.7133726477622986,
                    2.875697135925293
                ],
                [
                    -3.725290298461914e-09,
                    0.9973713755607605,
                    -0.07245820015668869,
                    -0.2920883595943451
                ],
                [
                    0.0,
                    0.0,
                    0.0,
                    1.0
                ]
            ]
        },
        {
            "file_path": "/data/shapenet_blender/all_50_random/02958343/34d28083d9f0c31fa2e586b3e41e79ff/r_28",
            "rotation": 0.12566370614359174,
            "transform_matrix": [
                [
                    0.7626209259033203,
                    -0.2467680126428604,
                    -0.5979254245758057,
                    -2.4103147983551025
                ],
                [
                    -0.6468456983566284,
                    -0.29093560576438904,
                    -0.7049446702003479,
                    -2.8417232036590576
                ],
                [
                    0.0,
                    0.9243711233139038,
                    -0.3814943730831146,
                    -1.5378531217575073
                ],
                [
                    0.0,
                    0.0,
                    0.0,
                    1.0
                ]
            ]
        },
        {
            "file_path": "/data/shapenet_blender/all_50_random/02958343/34d28083d9f0c31fa2e586b3e41e79ff/r_29",
            "rotation": 0.12566370614359174,
            "transform_matrix": [
                [
                    -0.2732555568218231,
                    0.01057777926325798,
                    0.9618833065032959,
                    3.8774757385253906
                ],
                [
                    0.9619415402412415,
                    0.0030047947075217962,
                    0.27323901653289795,
                    1.10146164894104
                ],
                [
                    2.3283064365386963e-10,
                    0.9999396204948425,
                    -0.010996280238032341,
                    -0.044327422976493835
                ],
                [
                    0.0,
                    0.0,
                    0.0,
                    1.0
                ]
            ]
        },
        {
            "file_path": "/data/shapenet_blender/all_50_random/02958343/34d28083d9f0c31fa2e586b3e41e79ff/r_30",
            "rotation": 0.12566370614359174,
            "transform_matrix": [
                [
                    -0.919314980506897,
                    -0.12377933412790298,
                    0.37354886531829834,
                    1.5058236122131348
                ],
                [
                    0.3935226798057556,
                    -0.2891629934310913,
                    0.8726538419723511,
                    3.517780065536499
                ],
                [
                    -7.450580596923828e-09,
                    0.9492436647415161,
                    0.3145418167114258,
                    1.267958641052246
                ],
                [
                    0.0,
                    0.0,
                    0.0,
                    1.0
                ]
            ]
        },
        {
            "file_path": "/data/shapenet_blender/all_50_random/02958343/34d28083d9f0c31fa2e586b3e41e79ff/r_31",
            "rotation": 0.12566370614359174,
            "transform_matrix": [
                [
                    0.07767999172210693,
                    0.4487171173095703,
                    -0.8902913928031921,
                    -3.588879346847534
                ],
                [
                    -0.9969783425331116,
                    0.03496198356151581,
                    -0.0693674385547638,
                    -0.27962908148765564
                ],
                [
                    -3.725290298461914e-09,
                    0.8929895758628845,
                    0.4500771164894104,
                    1.8143188953399658
                ],
                [
                    0.0,
                    0.0,
                    0.0,
                    1.0
                ]
            ]
        },
        {
            "file_path": "/data/shapenet_blender/all_50_random/02958343/34d28083d9f0c31fa2e586b3e41e79ff/r_32",
            "rotation": 0.12566370614359174,
            "transform_matrix": [
                [
                    -0.8917554616928101,
                    0.01614375039935112,
                    0.45222964882850647,
                    1.8229961395263672
                ],
                [
                    0.4525177478790283,
                    0.03181372955441475,
                    0.8911876678466797,
                    3.5924925804138184
                ],
                [
                    0.0,
                    0.9993633031845093,
                    -0.035675399005413055,
                    -0.1438121497631073
                ],
                [
                    0.0,
                    0.0,
                    0.0,
                    1.0
                ]
            ]
        },
        {
            "file_path": "/data/shapenet_blender/all_50_random/02958343/34d28083d9f0c31fa2e586b3e41e79ff/r_33",
            "rotation": 0.12566370614359174,
            "transform_matrix": [
                [
                    -0.05725426599383354,
                    -0.5851961970329285,
                    -0.808867871761322,
                    -3.260650634765625
                ],
                [
                    -0.9983596205711365,
                    0.03356003016233444,
                    0.04638722911477089,
                    0.18699289858341217
                ],
                [
                    0.0,
                    0.8101968169212341,
                    -0.5861577987670898,
                    -2.362877607345581
                ],
                [
                    0.0,
                    0.0,
                    0.0,
                    1.0
                ]
            ]
        },
        {
            "file_path": "/data/shapenet_blender/all_50_random/02958343/34d28083d9f0c31fa2e586b3e41e79ff/r_34",
            "rotation": 0.12566370614359174,
            "transform_matrix": [
                [
                    -0.5891708135604858,
                    -0.6085463762283325,
                    -0.531553328037262,
                    -2.1427600383758545
                ],
                [
                    -0.8080084919929504,
                    0.44373026490211487,
                    0.3875896632671356,
                    1.5624239444732666
                ],
                [
                    0.0,
                    0.6578561067581177,
                    -0.7531435489654541,
                    -3.0360188484191895
                ],
                [
                    0.0,
                    0.0,
                    0.0,
                    1.0
                ]
            ]
        },
        {
            "file_path": "/data/shapenet_blender/all_50_random/02958343/34d28083d9f0c31fa2e586b3e41e79ff/r_35",
            "rotation": 0.12566370614359174,
            "transform_matrix": [
                [
                    -0.7957719564437866,
                    0.026619356125593185,
                    0.6050111651420593,
                    2.438878059387207
                ],
                [
                    0.6055965423583984,
                    0.034978628158569336,
                    0.7950027585029602,
                    3.204758644104004
                ],
                [
                    0.0,
                    0.9990334510803223,
                    -0.04395560175180435,
                    -0.17719069123268127
                ],
                [
                    0.0,
                    0.0,
                    0.0,
                    1.0
                ]
            ]
        },
        {
            "file_path": "/data/shapenet_blender/all_50_random/02958343/34d28083d9f0c31fa2e586b3e41e79ff/r_36",
            "rotation": 0.12566370614359174,
            "transform_matrix": [
                [
                    0.9865363836288452,
                    -0.061732321977615356,
                    -0.15144337713718414,
                    -0.6104878187179565
                ],
                [
                    -0.1635419875383377,
                    -0.37238866090774536,
                    -0.9135538339614868,
                    -3.6826534271240234
                ],
                [
                    0.0,
                    0.9260214567184448,
                    -0.37747079133987427,
                    -1.521633505821228
                ],
                [
                    0.0,
                    0.0,
                    0.0,
                    1.0
                ]
            ]
        },
        {
            "file_path": "/data/shapenet_blender/all_50_random/02958343/34d28083d9f0c31fa2e586b3e41e79ff/r_37",
            "rotation": 0.12566370614359174,
            "transform_matrix": [
                [
                    0.8565221428871155,
                    -0.1388835310935974,
                    -0.49707257747650146,
                    -2.003763437271118
                ],
                [
                    -0.5161101222038269,
                    -0.23048727214336395,
                    -0.8249278664588928,
                    -3.325390100479126
                ],
                [
                    -7.450580152834618e-09,
                    0.9631131291389465,
                    -0.2690966725349426,
                    -1.0847632884979248
                ],
                [
                    0.0,
                    0.0,
                    0.0,
                    1.0
                ]
            ]
        },
        {
            "file_path": "/data/shapenet_blender/all_50_random/02958343/34d28083d9f0c31fa2e586b3e41e79ff/r_38",
            "rotation": 0.12566370614359174,
            "transform_matrix": [
                [
                    -0.9997877478599548,
                    -0.004412406589835882,
                    -0.020126791670918465,
                    -0.08113369345664978
                ],
                [
                    -0.020604785531759262,
                    0.21409930288791656,
                    0.9765945672988892,
                    3.9367783069610596
                ],
                [
                    0.0,
                    0.9768019318580627,
                    -0.214144766330719,
                    -0.8632451295852661
                ],
                [
                    0.0,
                    0.0,
                    0.0,
                    1.0
                ]
            ]
        },
        {
            "file_path": "/data/shapenet_blender/all_50_random/02958343/34d28083d9f0c31fa2e586b3e41e79ff/r_39",
            "rotation": 0.12566370614359174,
            "transform_matrix": [
                [
                    0.7587166428565979,
                    0.004660604055970907,
                    -0.6514041423797607,
                    -2.625894069671631
                ],
                [
                    -0.6514207720756531,
                    0.005428254138678312,
                    -0.7586972117424011,
                    -3.058406352996826
                ],
                [
                    0.0,
                    0.9999743700027466,
                    0.007154521532356739,
                    0.028840798884630203
                ],
                [
                    0.0,
                    0.0,
                    0.0,
                    1.0
                ]
            ]
        },
        {
            "file_path": "/data/shapenet_blender/all_50_random/02958343/34d28083d9f0c31fa2e586b3e41e79ff/r_40",
            "rotation": 0.12566370614359174,
            "transform_matrix": [
                [
                    0.1575549691915512,
                    0.07004965096712112,
                    -0.9850224852561951,
                    -3.9707529544830322
                ],
                [
                    -0.9875102639198303,
                    0.011176260188221931,
                    -0.1571580469608307,
                    -0.6335244178771973
                ],
                [
                    9.31322685637781e-10,
                    0.9974808692932129,
                    0.07093562185764313,
                    0.2859506607055664
                ],
                [
                    0.0,
                    0.0,
                    0.0,
                    1.0
                ]
            ]
        },
        {
            "file_path": "/data/shapenet_blender/all_50_random/02958343/34d28083d9f0c31fa2e586b3e41e79ff/r_41",
            "rotation": 0.12566370614359174,
            "transform_matrix": [
                [
                    -0.6404131054878235,
                    -0.04077254235744476,
                    -0.7669476270675659,
                    -3.0916647911071777
                ],
                [
                    -0.7680307626724243,
                    0.03399768844246864,
                    0.6395099759101868,
