{
    "class": "02958343",
    "model": "8cbc8e27e885eb763ffe0e5069bf1eb5",
    "remove_doubles": true,
    "edge_split": true,
    "denoise": true,
    "camera_angle_x": 0.6911112070083618,
    "scale_factor": 2.240030377609224,
    "hdri_file": "/data/IndoorHDRDataset2018/9C4A6467-3792f5847a.exr",
    "center_offset": [
        0.0,
        -8.731149137020111e-10,
        -3.725290298461914e-09
    ],
    "lights": [],
    "frames": [
        {
            "file_path": "/data/shapenet_blender/all_50_random/02958343/8cbc8e27e885eb763ffe0e5069bf1eb5/r_0",
            "rotation": 0.12566370614359174,
            "transform_matrix": [
                [
                    -0.4648670256137848,
                    0.044168926775455475,
                    0.8842780590057373,
                    3.564639091491699
                ],
                [
                    0.8853806257247925,
                    0.02319079264998436,
                    0.4642881155014038,
                    1.871605396270752
                ],
                [
                    -1.862645371275562e-09,
                    0.9987548589706421,
                    -0.04988693818449974,
                    -0.201100692152977
                ],
                [
                    0.0,
                    0.0,
                    0.0,
                    1.0
                ]
            ]
        },
        {
            "file_path": "/data/shapenet_blender/all_50_random/02958343/8cbc8e27e885eb763ffe0e5069bf1eb5/r_1",
            "rotation": 0.12566370614359174,
            "transform_matrix": [
                [
                    0.7628739476203918,
                    0.1703132838010788,
                    -0.6237120032310486,
                    -2.514263391494751
                ],
                [
                    -0.646547257900238,
                    0.2009560465812683,
                    -0.7359302639961243,
                    -2.96662974357605
                ],
                [
                    0.0,
                    0.9646813869476318,
                    0.2634196877479553,
                    1.0618786811828613
                ],
                [
                    0.0,
                    0.0,
                    0.0,
                    1.0
                ]
            ]
        },
        {
            "file_path": "/data/shapenet_blender/all_50_random/02958343/8cbc8e27e885eb763ffe0e5069bf1eb5/r_2",
            "rotation": 0.12566370614359174,
            "transform_matrix": [
                [
                    -0.3874005377292633,
                    0.014840887859463692,
                    0.9217920303344727,
                    3.715862512588501
                ],
                [
                    0.9219114780426025,
                    0.006236354820430279,
                    0.38735032081604004,
                    1.5614590644836426
                ],
                [
                    4.656612873077393e-10,
                    0.9998703002929688,
                    -0.01609795354306698,
                    -0.06489292532205582
                ],
                [
                    0.0,
                    0.0,
                    0.0,
                    1.0
                ]
            ]
        },
        {
            "file_path": "/data/shapenet_blender/all_50_random/02958343/8cbc8e27e885eb763ffe0e5069bf1eb5/r_3",
            "rotation": 0.12566370614359174,
            "transform_matrix": [
                [
                    -0.8813958764076233,
                    -0.08231387287378311,
                    -0.4651511609554291,
                    -1.875084400177002
                ],
                [
                    -0.4723782241344452,
                    0.15358690917491913,
                    0.867911159992218,
                    3.498661994934082
                ],
                [
                    0.0,
                    0.9847006797790527,
                    -0.1742541491985321,
                    -0.7024409770965576
                ],
                [
                    0.0,
                    0.0,
                    0.0,
                    1.0
                ]
            ]
        },
        {
            "file_path": "/data/shapenet_blender/all_50_random/02958343/8cbc8e27e885eb763ffe0e5069bf1eb5/r_4",
            "rotation": 0.12566370614359174,
            "transform_matrix": [
                [
                    0.5303931832313538,
                    -0.10213301330804825,
                    -0.8415770530700684,
                    -3.392505645751953
                ],
                [
                    -0.8477518558502197,
                    -0.06389918923377991,
                    -0.5265299677848816,
                    -2.1225101947784424
                ],
                [
                    0.0,
                    0.9927163124084473,
                    -0.12047513574361801,
                    -0.48565080761909485
                ],
                [
                    0.0,
                    0.0,
                    0.0,
                    1.0
                ]
            ]
        },
        {
            "file_path": "/data/shapenet_blender/all_50_random/02958343/8cbc8e27e885eb763ffe0e5069bf1eb5/r_5",
            "rotation": 0.12566370614359174,
            "transform_matrix": [
                [
                    0.9836997985839844,
                    0.02425256371498108,
                    -0.17817586660385132,
                    -0.7182499170303345
                ],
                [
                    -0.17981886863708496,
                    0.1326737403869629,
                    -0.9747117161750793,
                    -3.9291884899139404
                ],
                [
                    0.0,
                    0.9908629655838013,
                    0.1348721981048584,
                    0.5436872243881226
                ],
                [
                    0.0,
                    0.0,
                    0.0,
                    1.0
                ]
            ]
        },
        {
            "file_path": "/data/shapenet_blender/all_50_random/02958343/8cbc8e27e885eb763ffe0e5069bf1eb5/r_6",
            "rotation": 0.12566370614359174,
            "transform_matrix": [
                [
                    -0.7525942921638489,
                    -0.260999858379364,
                    0.6045502424240112,
                    2.4370200634002686
                ],
                [
                    0.6584846377372742,
                    -0.2983015477657318,
                    0.6909516453742981,
                    2.7853152751922607
                ],
                [
                    -1.4901162970204496e-08,
                    0.918093204498291,
                    0.3963644504547119,
                    1.5977962017059326
                ],
                [
                    0.0,
                    0.0,
                    0.0,
                    1.0
                ]
            ]
        },
        {
            "file_path": "/data/shapenet_blender/all_50_random/02958343/8cbc8e27e885eb763ffe0e5069bf1eb5/r_7",
            "rotation": 0.12566370614359174,
            "transform_matrix": [
                [
                    0.9060314297676086,
                    -0.13984964787960052,
                    0.39943602681159973,
                    1.6101782321929932
                ],
                [
                    0.4232105016708374,
                    0.2993975281715393,
                    -0.8551338315010071,
                    -3.447154998779297
                ],
                [
                    0.0,
                    0.9438236355781555,
                    0.3304493725299835,
                    1.3320841789245605
                ],
                [
                    0.0,
                    0.0,
                    0.0,
                    1.0
                ]
            ]
        },
        {
            "file_path": "/data/shapenet_blender/all_50_random/02958343/8cbc8e27e885eb763ffe0e5069bf1eb5/r_8",
            "rotation": 0.12566370614359174,
            "transform_matrix": [
                [
                    0.7999899387359619,
                    -0.4570256173610687,
                    -0.388772189617157,
                    -1.5671908855438232
                ],
                [
                    -0.6000135540962219,
                    -0.6093460321426392,
                    -0.5183446407318115,
                    -2.0895142555236816
                ],
                [
                    0.0,
                    0.6479390263557434,
                    -0.7616921067237854,
                    -3.070479393005371
                ],
                [
                    0.0,
                    0.0,
                    0.0,
                    1.0
                ]
            ]
        },
        {
            "file_path": "/data/shapenet_blender/all_50_random/02958343/8cbc8e27e885eb763ffe0e5069bf1eb5/r_9",
            "rotation": 0.12566370614359174,
            "transform_matrix": [
                [
                    -0.8448604941368103,
                    -0.06028790399432182,
                    -0.5315789580345154,
                    -2.1428632736206055
                ],
                [
                    -0.5349867343902588,
                    0.09520771354436874,
                    0.8394787907600403,
                    3.384047269821167
                ],
                [
                    0.0,
                    0.9936301112174988,
                    -0.11269047111272812,
                    -0.4542698264122009
                ],
                [
                    0.0,
                    0.0,
                    0.0,
                    1.0
                ]
            ]
        },
        {
            "file_path": "/data/shapenet_blender/all_50_random/02958343/8cbc8e27e885eb763ffe0e5069bf1eb5/r_10",
            "rotation": 0.12566370614359174,
            "transform_matrix": [
                [
                    0.3131522238254547,
                    -0.16909943521022797,
                    -0.9345270991325378,
                    -3.7671995162963867
                ],
                [
                    -0.9497030377388,
                    -0.05575834587216377,
                    -0.30814817547798157,
                    -1.242185115814209
                ],
                [
                    0.0,
                    0.9840205311775208,
                    -0.1780550628900528,
                    -0.7177630066871643
                ],
                [
                    0.0,
                    0.0,
                    0.0,
                    1.0
                ]
            ]
        },
        {
            "file_path": "/data/shapenet_blender/all_50_random/02958343/8cbc8e27e885eb763ffe0e5069bf1eb5/r_11",
            "rotation": 0.12566370614359174,
            "transform_matrix": [
                [
                    -0.7801450490951538,
                    0.011183412745594978,
                    -0.6254987716674805,
                    -2.5214664936065674
                ],
                [
                    -0.6255987882614136,
                    -0.01394613180309534,
                    0.7800202369689941,
                    3.144362449645996
                ],
                [
                    0.0,
                    0.9998400807380676,
                    0.017876332625746727,
                    0.07206180691719055
                ],
                [
                    0.0,
                    0.0,
                    0.0,
                    1.0
                ]
            ]
        },
        {
            "file_path": "/data/shapenet_blender/all_50_random/02958343/8cbc8e27e885eb763ffe0e5069bf1eb5/r_12",
            "rotation": 0.12566370614359174,
            "transform_matrix": [
                [
                    0.1644180566072464,
                    -0.06746909022331238,
                    -0.9840805530548096,
                    -3.9669556617736816
                ],
                [
                    -0.9863907694816589,
                    -0.01124618761241436,
                    -0.1640329658985138,
                    -0.6612380146980286
                ],
                [
                    0.0,
                    0.9976580142974854,
                    -0.06839995831251144,
                    -0.27572906017303467
                ],
                [
                    0.0,
                    0.0,
                    0.0,
                    1.0
                ]
            ]
        },
        {
            "file_path": "/data/shapenet_blender/all_50_random/02958343/8cbc8e27e885eb763ffe0e5069bf1eb5/r_13",
            "rotation": 0.12566370614359174,
            "transform_matrix": [
                [
                    -0.3415873944759369,
                    0.3267897665500641,
                    -0.8812074065208435,
                    -3.552260637283325
                ],
                [
                    -0.9398500919342041,
                    -0.11877135187387466,
                    0.3202737867832184,
                    1.291064977645874
                ],
                [
                    0.0,
                    0.9376041889190674,
                    0.3477042019367218,
                    1.4016404151916504
                ],
                [
                    0.0,
                    0.0,
                    0.0,
                    1.0
                ]
            ]
        },
        {
            "file_path": "/data/shapenet_blender/all_50_random/02958343/8cbc8e27e885eb763ffe0e5069bf1eb5/r_14",
            "rotation": 0.12566370614359174,
            "transform_matrix": [
                [
                    0.9900369644165039,
                    0.02017226815223694,
                    0.13935546576976776,
                    0.5617598295211792
                ],
                [
                    0.14080791175365448,
                    -0.1418336033821106,
                    -0.9798246622085571,
                    -3.9497995376586914
                ],
                [
                    1.862645149230957e-09,
                    0.9896849989891052,
                    -0.1432609111070633,
                    -0.5775032043457031
                ],
                [
                    0.0,
                    0.0,
                    0.0,
                    1.0
                ]
            ]
        },
        {
            "file_path": "/data/shapenet_blender/all_50_random/02958343/8cbc8e27e885eb763ffe0e5069bf1eb5/r_15",
            "rotation": 0.12566370614359174,
            "transform_matrix": [
                [
                    0.8741286993026733,
                    -0.0876992791891098,
                    -0.47771114110946655,
                    -1.9257152080535889
                ],
                [
                    -0.4856944680213928,
                    -0.15783677995204926,
                    -0.8597607016563416,
                    -3.465806245803833
                ],
                [
                    0.0,
                    0.9835630655288696,
                    -0.18056471645832062,
                    -0.7278796434402466
                ],
                [
                    0.0,
                    0.0,
                    0.0,
                    1.0
                ]
            ]
        },
        {
            "file_path": "/data/shapenet_blender/all_50_random/02958343/8cbc8e27e885eb763ffe0e5069bf1eb5/r_16",
            "rotation": 0.12566370614359174,
            "transform_matrix": [
                [
                    -0.9608060121536255,
                    -0.008473290130496025,
                    -0.2770921289920807,
                    -1.1169941425323486
                ],
                [
                    -0.2772216498851776,
                    0.029367070645093918,
                    0.960357129573822,
                    3.871323347091675
                ],
                [
                    0.0,
                    0.9995327591896057,
                    -0.030565040186047554,
                    -0.12321161478757858
                ],
                [
                    0.0,
                    0.0,
                    0.0,
                    1.0
                ]
            ]
        },
        {
            "file_path": "/data/shapenet_blender/all_50_random/02958343/8cbc8e27e885eb763ffe0e5069bf1eb5/r_17",
            "rotation": 0.12566370614359174,
            "transform_matrix": [
                [
                    0.026856359094381332,
                    -0.3044091463088989,
                    0.9521626234054565,
                    3.8382904529571533
                ],
                [
                    0.9996393322944641,
                    0.008178270421922207,
                    -0.02558084763586521,
                    -0.10311970114707947
                ],
                [
                    4.656612873077393e-10,
                    0.9525062441825867,
                    0.3045189678668976,
                    1.2275553941726685
                ],
                [
                    0.0,
                    0.0,
                    0.0,
                    1.0
                ]
            ]
        },
        {
            "file_path": "/data/shapenet_blender/all_50_random/02958343/8cbc8e27e885eb763ffe0e5069bf1eb5/r_18",
            "rotation": 0.12566370614359174,
            "transform_matrix": [
                [
                    0.06057940050959587,
                    -0.7610149383544922,
                    -0.6458994746208191,
                    -2.6037039756774902
                ],
                [
                    -0.9981634020805359,
                    -0.046186663210392,
                    -0.039200201630592346,
                    -0.15802106261253357
                ],
                [
                    0.0,
                    0.6470878720283508,
                    -0.76241534948349,
                    -3.073394536972046
                ],
                [
                    0.0,
                    0.0,
                    0.0,
                    1.0
                ]
            ]
        },
        {
            "file_path": "/data/shapenet_blender/all_50_random/02958343/8cbc8e27e885eb763ffe0e5069bf1eb5/r_19",
            "rotation": 0.12566370614359174,
            "transform_matrix": [
                [
                    -0.8067615628242493,
                    -0.061829812824726105,
                    -0.5876332521438599,
                    -2.3688254356384277
                ],
                [
                    -0.590877115726471,
                    0.0844201147556305,
                    0.8023325204849243,
                    3.2343058586120605
                ],
                [
                    -3.725290298461914e-09,
                    0.9945101141929626,
                    -0.10464072972536087,
                    -0.4218202829360962
                ],
                [
                    0.0,
                    0.0,
                    0.0,
                    1.0
                ]
            ]
        },
        {
            "file_path": "/data/shapenet_blender/all_50_random/02958343/8cbc8e27e885eb763ffe0e5069bf1eb5/r_20",
            "rotation": 0.12566370614359174,
            "transform_matrix": [
                [
                    -0.8669198155403137,
                    -0.390438050031662,
                    -0.3098517656326294,
                    -1.2490524053573608
                ],
                [
                    -0.49844756722450256,
                    0.6790654063224792,
                    0.5389065146446228,
                    2.1724016666412354
                ],
                [
                    0.0,
                    0.6216336488723755,
                    -0.7833081483840942,
                    -3.157616138458252
                ],
                [
                    0.0,
                    0.0,
                    0.0,
                    1.0
                ]
            ]
        },
        {
            "file_path": "/data/shapenet_blender/all_50_random/02958343/8cbc8e27e885eb763ffe0e5069bf1eb5/r_21",
            "rotation": 0.12566370614359174,
            "transform_matrix": [
                [
                    0.9895298480987549,
                    0.010112399235367775,
                    0.14397388696670532,
                    0.5803773403167725
                ],
                [
                    0.14432860910892487,
                    -0.06933151185512543,
                    -0.9870978593826294,
                    -3.979119062423706
                ],
                [
                    0.0,
                    0.9975423216819763,
                    -0.07006510347127914,
                    -0.28244149684906006
                ],
                [
                    0.0,
                    0.0,
                    0.0,
                    1.0
                ]
            ]
        },
        {
            "file_path": "/data/shapenet_blender/all_50_random/02958343/8cbc8e27e885eb763ffe0e5069bf1eb5/r_22",
            "rotation": 0.12566370614359174,
            "transform_matrix": [
                [
                    -0.8802741765975952,
                    -0.16279080510139465,
                    0.4456641376018524,
                    1.7965296506881714
                ],
                [
                    0.47446537017822266,
                    -0.3020252585411072,
                    0.8268393278121948,
                    3.3330960273742676
                ],
                [
                    0.0,
                    0.9392974972724915,
                    0.34310364723205566,
                    1.3830950260162354
                ],
                [
                    0.0,
                    0.0,
                    0.0,
                    1.0
                ]
            ]
        },
        {
            "file_path": "/data/shapenet_blender/all_50_random/02958343/8cbc8e27e885eb763ffe0e5069bf1eb5/r_23",
            "rotation": 0.12566370614359174,
            "transform_matrix": [
                [
                    -0.8948177695274353,
                    -0.29301539063453674,
                    -0.3368131220340729,
                    -1.3577370643615723
                ],
                [
                    -0.4464314877986908,
                    0.5873138308525085,
                    0.6751010417938232,
                    2.721419334411621
                ],
                [
                    0.0,
                    0.7544564008712769,
                    -0.6563500761985779,
                    -2.645831823348999
                ],
                [
                    0.0,
                    0.0,
                    0.0,
                    1.0
                ]
            ]
        },
        {
            "file_path": "/data/shapenet_blender/all_50_random/02958343/8cbc8e27e885eb763ffe0e5069bf1eb5/r_24",
            "rotation": 0.12566370614359174,
            "transform_matrix": [
                [
                    0.40677374601364136,
                    -0.11760777235031128,
                    0.9059267640113831,
                    3.6519079208374023
                ],
                [
                    0.9135288596153259,
                    0.052368078380823135,
                    -0.40338870882987976,
                    -1.6261119842529297
                ],
                [
                    3.725290076417309e-09,
                    0.9916783571243286,
                    0.12874004244804382,
                    0.5189677476882935
                ],
                [
                    0.0,
                    0.0,
                    0.0,
                    1.0
                ]
            ]
        },
        {
            "file_path": "/data/shapenet_blender/all_50_random/02958343/8cbc8e27e885eb763ffe0e5069bf1eb5/r_25",
            "rotation": 0.12566370614359174,
            "transform_matrix": [
                [
                    0.38005509972572327,
                    -0.163807675242424,
                    0.91034334897995,
                    3.6697115898132324
                ],
                [
                    0.9249639511108398,
                    0.06730634719133377,
                    -0.3740476965904236,
                    -1.5078346729278564
                ],
                [
                    -3.725290742551124e-09,
                    0.9841935038566589,
                    0.17709627747535706,
                    0.7138980031013489
                ],
                [
                    0.0,
                    0.0,
                    0.0,
                    1.0
                ]
            ]
        },
        {
            "file_path": "/data/shapenet_blender/all_50_random/02958343/8cbc8e27e885eb763ffe0e5069bf1eb5/r_26",
            "rotation": 0.12566370614359174,
            "transform_matrix": [
                [
                    0.8962973356246948,
                    -0.03124973177909851,
                    0.44235122203826904,
                    1.783174991607666
                ],
                [
                    0.44345369935035706,
                    0.06316115707159042,
                    -0.8940690159797668,
                    -3.604107618331909
                ],
                [
                    0.0,
                    0.9975138306617737,
                    0.07046898454427719,
                    0.28406959772109985
                ],
                [
                    0.0,
                    0.0,
                    0.0,
                    1.0
                ]
            ]
        },
        {
            "file_path": "/data/shapenet_blender/all_50_random/02958343/8cbc8e27e885eb763ffe0e5069bf1eb5/r_27",
            "rotation": 0.12566370614359174,
            "transform_matrix": [
                [
                    -0.9515716433525085,
                    -0.09441111981868744,
                    -0.29257121682167053,
                    -1.1793924570083618
                ],
                [
                    -0.3074270486831665,
                    0.29222849011421204,
                    0.9055887460708618,
                    3.650545358657837
                ],
                [
                    0.0,
                    0.9516769647598267,
                    -0.3071008324623108,
                    -1.2379631996154785
                ],
                [
                    0.0,
                    0.0,
                    0.0,
                    1.0
                ]
            ]
        },
        {
            "file_path": "/data/shapenet_blender/all_50_random/02958343/8cbc8e27e885eb763ffe0e5069bf1eb5/r_28",
            "rotation": 0.12566370614359174,
            "transform_matrix": [
                [
                    -0.9706976413726807,
                    0.21472826600074768,
                    0.10787975043058395,
                    0.4348771870136261
                ],
                [
                    0.24030452966690063,
                    0.867383599281311,
                    0.43577462434768677,
                    1.7566636800765991
                ],
                [
                    7.450580596923828e-09,
                    0.4489293396472931,
                    -0.8935672640800476,
                    -3.6020848751068115
                ],
                [
                    0.0,
                    0.0,
                    0.0,
                    1.0
                ]
            ]
        },
        {
            "file_path": "/data/shapenet_blender/all_50_random/02958343/8cbc8e27e885eb763ffe0e5069bf1eb5/r_29",
            "rotation": 0.12566370614359174,
            "transform_matrix": [
                [
                    -0.9969912767410278,
                    0.006252980325371027,
                    0.07726108282804489,
                    0.3114493787288666
                ],
                [
                    0.07751371711492538,
                    0.08042663335800171,
                    0.9937419891357422,
                    4.00590181350708
                ],
                [
                    0.0,
                    0.9967408180236816,
                    -0.0806693509221077,
                    -0.325188547372818
                ],
                [
                    0.0,
                    0.0,
                    0.0,
                    1.0
                ]
            ]
        },
        {
            "file_path": "/data/shapenet_blender/all_50_random/02958343/8cbc8e27e885eb763ffe0e5069bf1eb5/r_30",
            "rotation": 0.12566370614359174,
            "transform_matrix": [
                [
                    0.3915000259876251,
                    -0.8601920008659363,
                    0.32679882645606995,
                    1.3173681497573853
                ],
                [
                    0.9201779961585999,
                    0.36597830057144165,
                    -0.13904020190238953,
                    -0.5604889988899231
                ],
                [
                    -7.450580152834618e-09,
                    0.3551473021507263,
                    0.9348102807998657,
                    3.768340826034546
                ],
                [
                    0.0,
                    0.0,
                    0.0,
                    1.0
                ]
            ]
        },
        {
            "file_path": "/data/shapenet_blender/all_50_random/02958343/8cbc8e27e885eb763ffe0e5069bf1eb5/r_31",
            "rotation": 0.12566370614359174,
            "transform_matrix": [
                [
                    -0.5626831650733948,
                    0.2712462544441223,
                    -0.7809053659439087,
                    -3.1479299068450928
                ],
                [
                    -0.8266726136207581,
                    -0.18462654948234558,
                    0.5315312147140503,
                    2.1426706314086914
                ],
                [
                    0.0,
                    0.9446367621421814,
                    0.32811811566352844,
                    1.3226863145828247
                ],
                [
                    0.0,
                    0.0,
                    0.0,
                    1.0
                ]
            ]
        },
        {
            "file_path": "/data/shapenet_blender/all_50_random/02958343/8cbc8e27e885eb763ffe0e5069bf1eb5/r_32",
            "rotation": 0.12566370614359174,
            "transform_matrix": [
                [
                    -0.8366832733154297,
                    -0.530234694480896,
                    0.13715746998786926,
                    0.5528994798660278
                ],
                [
                    0.5476870536804199,
                    -0.8100219368934631,
                    0.20953090488910675,
                    0.844646155834198
                ],
                [
                    0.0,
                    0.25043046474456787,
                    0.9681345224380493,
                    3.9026753902435303
                ],
                [
                    0.0,
                    0.0,
                    0.0,
                    1.0
                ]
            ]
        },
        {
            "file_path": "/data/shapenet_blender/all_50_random/02958343/8cbc8e27e885eb763ffe0e5069bf1eb5/r_33",
            "rotation": 0.12566370614359174,
            "transform_matrix": [
                [
                    -0.9904802441596985,
                    0.00438292883336544,
                    -0.13758526742458344,
                    -0.5546239614486694
                ],
                [
                    -0.13765506446361542,
                    -0.031536828726530075,
                    0.989978015422821,
                    3.9907288551330566
                ],
                [
                    0.0,
                    0.9994929432868958,
                    0.03183993697166443,
                    0.1283508837223053
                ],
                [
                    0.0,
                    0.0,
                    0.0,
                    1.0
                ]
            ]
        },
        {
            "file_path": "/data/shapenet_blender/all_50_random/02958343/8cbc8e27e885eb763ffe0e5069bf1eb5/r_34",
            "rotation": 0.12566370614359174,
            "transform_matrix": [
                [
                    0.9934043884277344,
                    0.0023650608491152525,
                    -0.11463943123817444,
                    -0.46212634444236755
                ],
                [
                    -0.11466383188962936,
                    0.020490000024437904,
                    -0.9931929707527161,
                    -4.003688812255859
                ],
                [
                    2.3283064365386963e-10,
                    0.9997870922088623,
                    0.020626042038202286,
                    0.08314622938632965
                ],
                [
                    0.0,
                    0.0,
                    0.0,
                    1.0
                ]
            ]
        },
        {
            "file_path": "/data/shapenet_blender/all_50_random/02958343/8cbc8e27e885eb763ffe0e5069bf1eb5/r_35",
            "rotation": 0.12566370614359174,
            "transform_matrix": [
                [
                    0.8284561038017273,
                    0.45845866203308105,
                    -0.32167720794677734,
                    -1.296722412109375
                ],
                [
                    -0.5600541234016418,
                    0.678171694278717,
                    -0.47583869099617004,
                    -1.918167233467102
                ],
                [
                    1.4901162970204496e-08,
                    0.5743680000305176,
                    0.8185970187187195,
                    3.299870491027832
                ],
                [
                    0.0,
                    0.0,
                    0.0,
                    1.0
                ]
            ]
        },
        {
            "file_path": "/data/shapenet_blender/all_50_random/02958343/8cbc8e27e885eb763ffe0e5069bf1eb5/r_36",
            "rotation": 0.12566370614359174,
            "transform_matrix": [
                [
                    0.9909326434135437,
                    -0.05075714737176895,
                    -0.12440317124128342,
                    -0.5014852285385132
                ],
                [
                    -0.13435934484004974,
                    -0.37434619665145874,
                    -0.9175033569335938,
                    -3.6985743045806885
                ],
                [
                    0.0,
                    0.9258988499641418,
                    -0.3777715265750885,
                    -1.52284574508667
                ],
                [
                    0.0,
                    0.0,
                    0.0,
                    1.0
                ]
            ]
        },
        {
            "file_path": "/data/shapenet_blender/all_50_random/02958343/8cbc8e27e885eb763ffe0e5069bf1eb5/r_37",
            "rotation": 0.12566370614359174,
            "transform_matrix": [
                [
                    -0.6831598281860352,
                    -0.10809767991304398,
                    -0.7222240567207336,
                    -2.9113783836364746
                ],
                [
                    -0.7302689552307129,
                    0.1011243686079979,
                    0.6756339073181152,
                    2.723567485809326
                ],
                [
                    -7.450581485102248e-09,
                    0.9889836311340332,
                    -0.14802448451519012,
                    -0.5967057943344116
                ],
                [
                    0.0,
                    0.0,
                    0.0,
                    1.0
                ]
            ]
        },
        {
            "file_path": "/data/shapenet_blender/all_50_random/02958343/8cbc8e27e885eb763ffe0e5069bf1eb5/r_38",
            "rotation": 0.12566370614359174,
            "transform_matrix": [
                [
                    0.9269829988479614,
                    0.17600160837173462,
                    0.33124926686286926,
                    1.33530855178833
                ],
                [
                    0.37510359287261963,
                    -0.4349478781223297,
                    -0.8186071515083313,
                    -3.2999110221862793
                ],
                [
                    0.0,
                    0.883087694644928,
                    -0.4692080020904541,
                    -1.8914380073547363
                ],
                [
                    0.0,
                    0.0,
                    0.0,
                    1.0
                ]
            ]
        },
        {
            "file_path": "/data/shapenet_blender/all_50_random/02958343/8cbc8e27e885eb763ffe0e5069bf1eb5/r_39",
            "rotation": 0.12566370614359174,
            "transform_matrix": [
                [
                    0.1684945523738861,
                    -0.9465795755386353,
                    -0.27494844794273376,
                    -1.1083526611328125
                ],
                [
                    -0.9857025742530823,
                    -0.16180691123008728,
                    -0.04699927940964699,
                    -0.1894601583480835
                ],
                [
                    -3.725290298461914e-09,
                    0.278936505317688,
                    -0.9603095054626465,
                    -3.871131420135498
                ],
                [
                    0.0,
                    0.0,
                    0.0,
                    1.0
                ]
            ]
        },
        {
            "file_path": "/data/shapenet_blender/all_50_random/02958343/8cbc8e27e885eb763ffe0e5069bf1eb5/r_40",
            "rotation": 0.12566370614359174,
            "transform_matrix": [
                [
                    -0.47953325510025024,
                    -0.3923646807670593,
                    -0.7849189639091492,
                    -3.164109468460083
                ],
                [
                    -0.8775237202644348,
                    0.21441233158111572,
                    0.42892828583717346,
                    1.729065179824829
                ],
                [
                    0.0,
                    0.8944703340530396,
                    -0.44712725281715393,
                    -1.8024276494979858
                ],
                [
                    0.0,
                    0.0,
                    0.0,
                    1.0
                ]
            ]
        },
        {
            "file_path": "/data/shapenet_blender/all_50_random/02958343/8cbc8e27e885eb763ffe0e5069bf1eb5/r_41",
            "rotation": 0.12566370614359174,
            "transform_matrix": [
                [
                    0.7656353712081909,
                    0.4446144104003906,
                    -0.4648877680301666,
                    -1.8740224838256836
                ],
                [
                    -0.6432749629020691,
                    0.5291866064071655,
                    -0.5533162355422974,
                    -2.2304890155792236
                ],
                [
                    0.0,
                    0.7226890325546265,
