{
    "class": "02958343",
    "model": "67c229c70e64a25e69c2e0a91b39f742",
    "remove_doubles": true,
    "edge_split": true,
    "denoise": true,
    "camera_angle_x": 0.6911112070083618,
    "scale_factor": 2.1080257236892197,
    "hdri_file": "/data/IndoorHDRDataset2018/AG8A0932-fa3e4b0159.exr",
    "center_offset": [
        0.0,
        -1.862645149230957e-09,
        0.0
    ],
    "lights": [],
    "frames": [
        {
            "file_path": "/data/shapenet_blender/all_50_random/02958343/67c229c70e64a25e69c2e0a91b39f742/r_0",
            "rotation": 0.12566370614359174,
            "transform_matrix": [
                [
                    -0.9916159510612488,
                    -0.08292250335216522,
                    0.09910356998443604,
                    0.3994992673397064
                ],
                [
                    0.1292193979024887,
                    -0.636338472366333,
                    0.7605102062225342,
                    3.0657145977020264
                ],
                [
                    0.0,
                    0.766940176486969,
                    0.6417186260223389,
                    2.58685040473938
                ],
                [
                    0.0,
                    0.0,
                    0.0,
                    1.0
                ]
            ]
        },
        {
            "file_path": "/data/shapenet_blender/all_50_random/02958343/67c229c70e64a25e69c2e0a91b39f742/r_1",
            "rotation": 0.12566370614359174,
            "transform_matrix": [
                [
                    -0.948849081993103,
                    -0.1220121681690216,
                    0.29120153188705444,
                    1.1738709211349487
                ],
                [
                    0.3157297372817993,
                    -0.3666779398918152,
                    0.8751354217529297,
                    3.5277836322784424
                ],
                [
                    7.450580152834618e-09,
                    0.9223124980926514,
                    0.38644489645957947,
                    1.5578092336654663
                ],
                [
                    0.0,
                    0.0,
                    0.0,
                    1.0
                ]
            ]
        },
        {
            "file_path": "/data/shapenet_blender/all_50_random/02958343/67c229c70e64a25e69c2e0a91b39f742/r_2",
            "rotation": 0.12566370614359174,
            "transform_matrix": [
                [
                    -0.8636274337768555,
                    -0.05881690979003906,
                    0.5006876587867737,
                    2.018336534500122
                ],
                [
                    0.5041304230690002,
                    -0.10075943171977997,
                    0.8577295541763306,
                    3.457618474960327
                ],
                [
                    0.0,
                    0.9931707382202148,
                    0.11667001247406006,
                    0.47031185030937195
                ],
                [
                    0.0,
                    0.0,
                    0.0,
                    1.0
                ]
            ]
        },
        {
            "file_path": "/data/shapenet_blender/all_50_random/02958343/67c229c70e64a25e69c2e0a91b39f742/r_3",
            "rotation": 0.12566370614359174,
            "transform_matrix": [
                [
                    0.5888053178787231,
                    -0.04348542168736458,
                    -0.8071041703224182,
                    -3.2535412311553955
                ],
                [
                    -0.8082748651504517,
                    -0.03167789801955223,
                    -0.5879524946212769,
                    -2.370112657546997
                ],
                [
                    -1.8626450382086546e-09,
                    0.9985517859458923,
                    -0.05380028113722801,
                    -0.21687588095664978
                ],
                [
                    0.0,
                    0.0,
                    0.0,
                    1.0
                ]
            ]
        },
        {
            "file_path": "/data/shapenet_blender/all_50_random/02958343/67c229c70e64a25e69c2e0a91b39f742/r_4",
            "rotation": 0.12566370614359174,
            "transform_matrix": [
                [
                    -0.9968332052230835,
                    0.0019168610451743007,
                    0.07949872314929962,
                    0.32046961784362793
                ],
                [
                    0.07952184230089188,
                    0.02402850240468979,
                    0.9965434670448303,
                    4.017195224761963
                ],
                [
                    1.1641533570472262e-10,
                    0.99970942735672,
                    -0.02410483919084072,
                    -0.09716971218585968
                ],
                [
                    0.0,
                    0.0,
                    0.0,
                    1.0
                ]
            ]
        },
        {
            "file_path": "/data/shapenet_blender/all_50_random/02958343/67c229c70e64a25e69c2e0a91b39f742/r_5",
            "rotation": 0.12566370614359174,
            "transform_matrix": [
                [
                    0.9848884344100952,
                    0.09044865518808365,
                    0.147694930434227,
                    0.5953772068023682
                ],
                [
                    0.1731899231672287,
                    -0.5143592357635498,
                    -0.8399047255516052,
                    -3.3857638835906982
                ],
                [
                    0.0,
                    0.8527917265892029,
                    -0.5222512483596802,
                    -2.10526180267334
                ],
                [
                    0.0,
                    0.0,
                    0.0,
                    1.0
                ]
            ]
        },
        {
            "file_path": "/data/shapenet_blender/all_50_random/02958343/67c229c70e64a25e69c2e0a91b39f742/r_6",
            "rotation": 0.12566370614359174,
            "transform_matrix": [
                [
                    -0.1050456315279007,
                    0.04217202588915825,
                    -0.9935728907585144,
                    -4.00521993637085
                ],
                [
                    -0.9944673776626587,
                    -0.004454632755368948,
                    0.10495114326477051,
                    0.4230715334415436
                ],
                [
                    -4.6566123179658803e-10,
                    0.999100387096405,
                    0.04240664839744568,
                    0.1709466427564621
                ],
                [
                    0.0,
                    0.0,
                    0.0,
                    1.0
                ]
            ]
        },
        {
            "file_path": "/data/shapenet_blender/all_50_random/02958343/67c229c70e64a25e69c2e0a91b39f742/r_7",
            "rotation": 0.12566370614359174,
            "transform_matrix": [
                [
                    0.9417035579681396,
                    -0.04198348894715309,
                    0.3338141143321991,
                    1.3456478118896484
                ],
                [
                    0.3364439308643341,
                    0.11751142889261246,
                    -0.9343428015708923,
                    -3.7664566040039062
                ],
                [
                    -3.725290298461914e-09,
                    0.9921836853027344,
                    0.12478600442409515,
                    0.5030285120010376
                ],
                [
                    0.0,
                    0.0,
                    0.0,
                    1.0
                ]
            ]
        },
        {
            "file_path": "/data/shapenet_blender/all_50_random/02958343/67c229c70e64a25e69c2e0a91b39f742/r_8",
            "rotation": 0.12566370614359174,
            "transform_matrix": [
                [
                    0.3497227132320404,
                    0.8853612542152405,
                    -0.30631595849990845,
                    -1.2347991466522217
                ],
                [
                    -0.9368532299995422,
                    0.3305010199546814,
                    -0.11434624344110489,
                    -0.46094444394111633
                ],
                [
                    0.0,
                    0.32696253061294556,
                    0.945037305355072,
                    3.8095672130584717
                ],
                [
                    0.0,
                    0.0,
                    0.0,
                    1.0
                ]
            ]
        },
        {
            "file_path": "/data/shapenet_blender/all_50_random/02958343/67c229c70e64a25e69c2e0a91b39f742/r_9",
            "rotation": 0.12566370614359174,
            "transform_matrix": [
                [
                    0.23774704337120056,
                    0.7272233963012695,
                    0.6439118981361389,
                    2.5956919193267822
                ],
                [
                    0.9713271260261536,
                    -0.17799896001815796,
                    -0.15760721266269684,
                    -0.6353349685668945
                ],
                [
                    0.0,
                    0.6629197001457214,
                    -0.7486904859542847,
                    -3.0180678367614746
                ],
                [
                    0.0,
                    0.0,
                    0.0,
                    1.0
                ]
            ]
        },
        {
            "file_path": "/data/shapenet_blender/all_50_random/02958343/67c229c70e64a25e69c2e0a91b39f742/r_10",
            "rotation": 0.12566370614359174,
            "transform_matrix": [
                [
                    0.9016093611717224,
                    -0.3016054332256317,
                    0.31005582213401794,
                    1.2498748302459717
                ],
                [
                    0.4325510561466217,
                    0.628666341304779,
                    -0.6462803483009338,
                    -2.605239152908325
                ],
                [
                    1.4901158529312397e-08,
                    0.7168073058128357,
                    0.6972712874412537,
                    2.8107900619506836
                ],
                [
                    0.0,
                    0.0,
                    0.0,
                    1.0
                ]
            ]
        },
        {
            "file_path": "/data/shapenet_blender/all_50_random/02958343/67c229c70e64a25e69c2e0a91b39f742/r_11",
            "rotation": 0.12566370614359174,
            "transform_matrix": [
                [
                    -0.47700920701026917,
                    0.4308311343193054,
                    0.766059160232544,
                    3.088083267211914
                ],
                [
                    0.8788982629776001,
                    0.23382732272148132,
                    0.4157674312591553,
                    1.6760121583938599
                ],
                [
                    -1.4901161193847656e-08,
                    0.8716130256652832,
                    -0.49019455909729004,
                    -1.9760375022888184
                ],
                [
                    0.0,
                    0.0,
                    0.0,
                    1.0
                ]
            ]
        },
        {
            "file_path": "/data/shapenet_blender/all_50_random/02958343/67c229c70e64a25e69c2e0a91b39f742/r_12",
            "rotation": 0.12566370614359174,
            "transform_matrix": [
                [
                    -0.14349104464054108,
                    0.5281394124031067,
                    0.8369462490081787,
                    3.373838186264038
                ],
                [
                    0.9896516799926758,
                    0.07657571136951447,
                    0.12135006487369537,
                    0.48917776346206665
                ],
                [
                    0.0,
                    0.8456977605819702,
                    -0.5336620211601257,
                    -2.1512603759765625
                ],
                [
                    0.0,
                    0.0,
                    0.0,
                    1.0
                ]
            ]
        },
        {
            "file_path": "/data/shapenet_blender/all_50_random/02958343/67c229c70e64a25e69c2e0a91b39f742/r_13",
            "rotation": 0.12566370614359174,
            "transform_matrix": [
                [
                    0.08348015695810318,
                    0.2918521463871002,
                    -0.9528133869171143,
                    -3.8409135341644287
                ],
                [
                    -0.9965094923973083,
                    0.02444920502603054,
                    -0.07981962710618973,
                    -0.32176321744918823
                ],
                [
                    0.0,
                    0.9561509490013123,
                    0.29287442564964294,
                    1.1806145906448364
                ],
                [
                    0.0,
                    0.0,
                    0.0,
                    1.0
                ]
            ]
        },
        {
            "file_path": "/data/shapenet_blender/all_50_random/02958343/67c229c70e64a25e69c2e0a91b39f742/r_14",
            "rotation": 0.12566370614359174,
            "transform_matrix": [
                [
                    -0.7063171863555908,
                    -0.4486163258552551,
                    -0.5475941300392151,
                    -2.2074227333068848
                ],
                [
                    -0.7078955173492432,
                    0.4476161003112793,
                    0.546373188495636,
                    2.202501058578491
                ],
                [
                    1.4901161193847656e-08,
                    0.7735522389411926,
                    -0.6337323784828186,
                    -2.554657220840454
                ],
                [
                    0.0,
                    0.0,
                    0.0,
                    1.0
                ]
            ]
        },
        {
            "file_path": "/data/shapenet_blender/all_50_random/02958343/67c229c70e64a25e69c2e0a91b39f742/r_15",
            "rotation": 0.12566370614359174,
            "transform_matrix": [
                [
                    -0.41620421409606934,
                    -0.4766117036342621,
                    -0.7743483185768127,
                    -3.121497869491577
                ],
                [
                    -0.9092712998390198,
                    0.21816128492355347,
                    0.3544453978538513,
                    1.4288151264190674
                ],
                [
                    0.0,
                    0.8516142964363098,
                    -0.5241689682006836,
                    -2.112992763519287
                ],
                [
                    0.0,
                    0.0,
                    0.0,
                    1.0
                ]
            ]
        },
        {
            "file_path": "/data/shapenet_blender/all_50_random/02958343/67c229c70e64a25e69c2e0a91b39f742/r_16",
            "rotation": 0.12566370614359174,
            "transform_matrix": [
                [
                    0.974267303943634,
                    -0.08520475775003433,
                    -0.20867052674293518,
                    -0.8411778211593628
                ],
                [
                    -0.22539573907852173,
                    -0.3682953715324402,
                    -0.9019730091094971,
                    -3.635969400405884
                ],
                [
                    0.0,
                    0.9257961511611938,
                    -0.3780229389667511,
                    -1.5238592624664307
                ],
                [
                    0.0,
                    0.0,
                    0.0,
                    1.0
                ]
            ]
        },
        {
            "file_path": "/data/shapenet_blender/all_50_random/02958343/67c229c70e64a25e69c2e0a91b39f742/r_17",
            "rotation": 0.12566370614359174,
            "transform_matrix": [
                [
                    -0.9986318945884705,
                    -0.013545077294111252,
                    0.05050777271389961,
                    0.2036033570766449
                ],
                [
                    0.05229249596595764,
                    -0.2586708664894104,
                    0.9645489454269409,
                    3.888221502304077
                ],
                [
                    -9.31322685637781e-10,
                    0.9658705592155457,
                    0.2590252161026001,
                    1.0441641807556152
                ],
                [
                    0.0,
                    0.0,
                    0.0,
                    1.0
                ]
            ]
        },
        {
            "file_path": "/data/shapenet_blender/all_50_random/02958343/67c229c70e64a25e69c2e0a91b39f742/r_18",
            "rotation": 0.12566370614359174,
            "transform_matrix": [
                [
                    -0.5915092825889587,
                    -0.009023924358189106,
                    -0.8062478303909302,
                    -3.2500884532928467
                ],
                [
                    -0.8062982559204102,
                    0.0066200485453009605,
                    0.5914722084999084,
                    2.384300470352173
                ],
                [
                    -4.6566123179658803e-10,
                    0.9999374747276306,
                    -0.011191794648766518,
                    -0.04511556029319763
                ],
                [
                    0.0,
                    0.0,
                    0.0,
                    1.0
                ]
            ]
        },
        {
            "file_path": "/data/shapenet_blender/all_50_random/02958343/67c229c70e64a25e69c2e0a91b39f742/r_19",
            "rotation": 0.12566370614359174,
            "transform_matrix": [
                [
                    0.4780517518520355,
                    0.14592866599559784,
                    -0.8661243319511414,
                    -3.4914588928222656
                ],
                [
                    -0.8783316612243652,
                    0.07942495495080948,
                    -0.47140762209892273,
                    -1.900304913520813
                ],
                [
                    0.0,
                    0.9861016273498535,
                    0.1661430150270462,
                    0.6697438955307007
                ],
                [
                    0.0,
                    0.0,
                    0.0,
                    1.0
                ]
            ]
        },
        {
            "file_path": "/data/shapenet_blender/all_50_random/02958343/67c229c70e64a25e69c2e0a91b39f742/r_20",
            "rotation": 0.12566370614359174,
            "transform_matrix": [
                [
                    -0.9791771769523621,
                    -0.01609829068183899,
                    0.2023686021566391,
                    0.8157738447189331
                ],
                [
                    0.20300790667533875,
                    -0.0776476114988327,
                    0.9760936498641968,
                    3.9347589015960693
                ],
                [
                    0.0,
                    0.9968509078025818,
                    0.07929884642362595,
                    0.3196638226509094
                ],
                [
                    0.0,
                    0.0,
                    0.0,
                    1.0
                ]
            ]
        },
        {
            "file_path": "/data/shapenet_blender/all_50_random/02958343/67c229c70e64a25e69c2e0a91b39f742/r_21",
            "rotation": 0.12566370614359174,
            "transform_matrix": [
                [
                    0.16936397552490234,
                    0.7206111550331116,
                    0.6723358035087585,
                    2.7102723121643066
                ],
                [
                    0.9855536222457886,
                    -0.1238345354795456,
                    -0.1155385822057724,
                    -0.46575093269348145
                ],
                [
                    0.0,
                    0.6821910738945007,
                    -0.7311739921569824,
                    -2.9474565982818604
                ],
                [
                    0.0,
                    0.0,
                    0.0,
                    1.0
                ]
            ]
        },
        {
            "file_path": "/data/shapenet_blender/all_50_random/02958343/67c229c70e64a25e69c2e0a91b39f742/r_22",
            "rotation": 0.12566370614359174,
            "transform_matrix": [
                [
                    -0.8489035367965698,
                    -0.2536175549030304,
                    -0.46372509002685547,
                    -1.869335651397705
                ],
                [
                    -0.5285478830337524,
                    0.4073365032672882,
                    0.7447913289070129,
                    3.002349853515625
                ],
                [
                    0.0,
                    0.8773569464683533,
                    -0.47983840107917786,
                    -1.9342904090881348
                ],
                [
                    0.0,
                    0.0,
                    0.0,
                    1.0
                ]
            ]
        },
        {
            "file_path": "/data/shapenet_blender/all_50_random/02958343/67c229c70e64a25e69c2e0a91b39f742/r_23",
            "rotation": 0.12566370614359174,
            "transform_matrix": [
                [
                    -0.9875128865242004,
                    0.03847621753811836,
                    -0.15276779234409332,
                    -0.6158266663551331
                ],
                [
                    -0.15753862261772156,
                    -0.24118375778198242,
                    0.9576073884963989,
                    3.860238790512085
                ],
                [
                    0.0,
                    0.9697163701057434,
                    0.24423356354236603,
                    0.9845370054244995
                ],
                [
                    0.0,
                    0.0,
                    0.0,
                    1.0
                ]
            ]
        },
        {
            "file_path": "/data/shapenet_blender/all_50_random/02958343/67c229c70e64a25e69c2e0a91b39f742/r_24",
            "rotation": 0.12566370614359174,
            "transform_matrix": [
                [
                    -0.1483234167098999,
                    0.1410273015499115,
                    0.9788317084312439,
                    3.9457967281341553
                ],
                [
                    0.9889389276504517,
                    0.02115160971879959,
                    0.1468075066804886,
                    0.5917999744415283
                ],
                [
                    0.0,
                    0.9897797107696533,
                    -0.14260466396808624,
                    -0.574857771396637
                ],
                [
                    0.0,
                    0.0,
                    0.0,
                    1.0
                ]
            ]
        },
        {
            "file_path": "/data/shapenet_blender/all_50_random/02958343/67c229c70e64a25e69c2e0a91b39f742/r_25",
            "rotation": 0.12566370614359174,
            "transform_matrix": [
                [
                    -0.22113630175590515,
                    0.6744833588600159,
                    -0.7043939828872681,
                    -2.839503288269043
                ],
                [
                    -0.9752429127693176,
                    -0.1529390811920166,
                    0.15972131490707397,
                    0.6438573002815247
                ],
                [
                    0.0,
                    0.7222754955291748,
                    0.6916053891181946,
                    2.7879507541656494
                ],
                [
                    0.0,
                    0.0,
                    0.0,
                    1.0
                ]
            ]
        },
        {
            "file_path": "/data/shapenet_blender/all_50_random/02958343/67c229c70e64a25e69c2e0a91b39f742/r_26",
            "rotation": 0.12566370614359174,
            "transform_matrix": [
                [
                    0.9515894651412964,
                    -0.022043773904442787,
                    0.30658069252967834,
                    1.2358663082122803
                ],
                [
                    0.30737221240997314,
                    0.06824502348899841,
                    -0.9491390585899353,
                    -3.8261020183563232
                ],
                [
                    0.0,
                    0.9974249601364136,
                    0.07171688228845596,
                    0.2890999913215637
                ],
                [
                    0.0,
                    0.0,
                    0.0,
                    1.0
                ]
            ]
        },
        {
            "file_path": "/data/shapenet_blender/all_50_random/02958343/67c229c70e64a25e69c2e0a91b39f742/r_27",
            "rotation": 0.12566370614359174,
            "transform_matrix": [
                [
                    0.6720791459083557,
                    -0.038690559566020966,
                    0.7394678592681885,
                    2.9808902740478516
                ],
                [
                    0.7404794096946716,
                    0.03511659801006317,
                    -0.6711610555648804,
                    -2.7055368423461914
                ],
                [
                    0.0,
                    0.9986340403556824,
                    0.0522506907582283,
                    0.21062926948070526
                ],
                [
                    0.0,
                    0.0,
                    0.0,
                    1.0
                ]
            ]
        },
        {
            "file_path": "/data/shapenet_blender/all_50_random/02958343/67c229c70e64a25e69c2e0a91b39f742/r_28",
            "rotation": 0.12566370614359174,
            "transform_matrix": [
                [
                    -0.8282902836799622,
                    0.18892942368984222,
                    -0.5274854302406311,
                    -2.1263620853424072
                ],
                [
                    -0.5602993369102478,
                    -0.27929428219795227,
                    0.7797815203666687,
                    3.143400192260742
                ],
                [
                    0.0,
                    0.9414352178573608,
                    0.33719369769096375,
                    1.3592714071273804
                ],
                [
                    0.0,
                    0.0,
                    0.0,
                    1.0
                ]
            ]
        },
        {
            "file_path": "/data/shapenet_blender/all_50_random/02958343/67c229c70e64a25e69c2e0a91b39f742/r_29",
            "rotation": 0.12566370614359174,
            "transform_matrix": [
                [
                    -0.9759530425071716,
                    0.023760396987199783,
                    -0.21668192744255066,
                    -0.8734728097915649
                ],
                [
                    -0.2179807722568512,
                    -0.10638109594583511,
                    0.9701378345489502,
                    3.9107506275177
                ],
                [
                    -1.862645149230957e-09,
                    0.9940415024757385,
                    0.1090022623538971,
                    0.43940216302871704
                ],
                [
                    0.0,
                    0.0,
                    0.0,
                    1.0
                ]
            ]
        },
        {
            "file_path": "/data/shapenet_blender/all_50_random/02958343/67c229c70e64a25e69c2e0a91b39f742/r_30",
            "rotation": 0.12566370614359174,
            "transform_matrix": [
                [
                    -0.37707212567329407,
                    -0.11632725596427917,
                    0.9188496470451355,
                    3.704000949859619
                ],
                [
                    0.9261838793754578,
                    -0.04735967144370079,
                    0.3740861713886261,
                    1.5079894065856934
                ],
                [
                    0.0,
                    0.9920810461044312,
                    0.1255984604358673,
                    0.5063035488128662
                ],
                [
                    0.0,
                    0.0,
                    0.0,
                    1.0
                ]
            ]
        },
        {
            "file_path": "/data/shapenet_blender/all_50_random/02958343/67c229c70e64a25e69c2e0a91b39f742/r_31",
            "rotation": 0.12566370614359174,
            "transform_matrix": [
                [
                    0.9993070960044861,
                    -0.004886936396360397,
                    -0.0368996299803257,
                    -0.14874717593193054
                ],
                [
                    -0.037221841514110565,
                    -0.13120120763778687,
                    -0.9906566739082336,
                    -3.993464946746826
                ],
                [
                    0.0,
                    0.9913437366485596,
                    -0.1312921792268753,
                    -0.529255747795105
                ],
                [
                    0.0,
                    0.0,
                    0.0,
                    1.0
                ]
            ]
        },
        {
            "file_path": "/data/shapenet_blender/all_50_random/02958343/67c229c70e64a25e69c2e0a91b39f742/r_32",
            "rotation": 0.12566370614359174,
            "transform_matrix": [
                [
                    0.10547763109207153,
                    -0.8401467204093933,
                    -0.5320037603378296,
                    -2.144575834274292
                ],
                [
                    -0.994421660900116,
                    -0.08911379426717758,
                    -0.05642928183078766,
                    -0.22747370600700378
                ],
                [
                    0.0,
                    0.5349881052970886,
                    -0.8448596000671387,
                    -3.40573787689209
                ],
                [
                    0.0,
                    0.0,
                    0.0,
                    1.0
                ]
            ]
        },
        {
            "file_path": "/data/shapenet_blender/all_50_random/02958343/67c229c70e64a25e69c2e0a91b39f742/r_33",
            "rotation": 0.12566370614359174,
            "transform_matrix": [
                [
                    -0.13631604611873627,
                    0.7507345080375671,
                    -0.6463865637779236,
                    -2.6056675910949707
                ],
                [
                    -0.9906654953956604,
                    -0.10330143570899963,
                    0.08894310891628265,
                    0.3585411310195923
                ],
                [
                    0.0,
                    0.6524771451950073,
                    0.7578083872795105,
                    3.054823398590088
                ],
                [
                    0.0,
                    0.0,
                    0.0,
                    1.0
                ]
            ]
        },
        {
            "file_path": "/data/shapenet_blender/all_50_random/02958343/67c229c70e64a25e69c2e0a91b39f742/r_34",
            "rotation": 0.12566370614359174,
            "transform_matrix": [
                [
                    0.9980853199958801,
                    0.03727871924638748,
                    -0.049354538321495056,
                    -0.1989545226097107
                ],
                [
                    -0.061851222068071365,
                    0.601561963558197,
                    -0.7964279651641846,
                    -3.2105040550231934
                ],
                [
                    -1.8626450382086546e-09,
                    0.7979558110237122,
                    0.6027159094810486,
                    2.4296257495880127
                ],
                [
                    0.0,
                    0.0,
                    0.0,
                    1.0
                ]
            ]
        },
        {
            "file_path": "/data/shapenet_blender/all_50_random/02958343/67c229c70e64a25e69c2e0a91b39f742/r_35",
            "rotation": 0.12566370614359174,
            "transform_matrix": [
                [
                    -0.20971958339214325,
                    -0.033102549612522125,
                    0.9772011041641235,
                    3.939223289489746
                ],
                [
                    0.9777616262435913,
                    -0.007100148592144251,
                    0.2095993459224701,
                    0.844921886920929
                ],
                [
                    0.0,
                    0.9994267225265503,
                    0.03385544568300247,
                    0.13647565245628357
                ],
                [
                    0.0,
                    0.0,
                    0.0,
                    1.0
                ]
            ]
        },
        {
            "file_path": "/data/shapenet_blender/all_50_random/02958343/67c229c70e64a25e69c2e0a91b39f742/r_36",
            "rotation": 0.12566370614359174,
            "transform_matrix": [
                [
                    -0.22214293479919434,
                    -0.7984691858291626,
                    -0.5595527291297913,
                    -2.255629539489746
                ],
                [
                    -0.9750141501426697,
                    0.18191970884799957,
                    0.12748603522777557,
                    0.5139126777648926
                ],
                [
                    0.0,
                    0.5738919377326965,
                    -0.8189309239387512,
                    -3.3012163639068604
                ],
                [
                    0.0,
                    0.0,
                    0.0,
                    1.0
                ]
            ]
        },
        {
            "file_path": "/data/shapenet_blender/all_50_random/02958343/67c229c70e64a25e69c2e0a91b39f742/r_37",
            "rotation": 0.12566370614359174,
            "transform_matrix": [
                [
                    -0.6570606827735901,
                    0.7298412322998047,
                    0.18868765234947205,
                    0.7606242299079895
                ],
                [
                    0.7538376450538635,
                    0.6361449360847473,
                    0.1644641011953354,
                    0.6629760265350342
                ],
                [
                    -1.4901160305669237e-08,
                    0.2503027021884918,
                    -0.9681676030158997,
                    -3.902808427810669
                ],
                [
                    0.0,
                    0.0,
                    0.0,
                    1.0
                ]
            ]
        },
        {
            "file_path": "/data/shapenet_blender/all_50_random/02958343/67c229c70e64a25e69c2e0a91b39f742/r_38",
            "rotation": 0.12566370614359174,
            "transform_matrix": [
                [
                    -0.47866150736808777,
                    0.6899415850639343,
                    0.5430134534835815,
                    2.1889572143554688
                ],
                [
                    0.8779995441436768,
                    0.3761374056339264,
                    0.2960361838340759,
                    1.1933599710464478
                ],
                [
                    1.4901162970204496e-08,
                    0.6184666156768799,
                    -0.7858110070228577,
                    -3.167705535888672
                ],
                [
                    0.0,
                    0.0,
                    0.0,
                    1.0
                ]
            ]
        },
        {
            "file_path": "/data/shapenet_blender/all_50_random/02958343/67c229c70e64a25e69c2e0a91b39f742/r_39",
            "rotation": 0.12566370614359174,
            "transform_matrix": [
                [
                    -0.9348028898239136,
                    -0.013264264911413193,
                    0.3549189865589142,
                    1.4307241439819336
                ],
                [
                    0.3551667332649231,
                    -0.03491169586777687,
                    0.934150755405426,
                    3.7656822204589844
                ],
                [
                    9.313225191043273e-10,
                    0.9993023872375488,
                    0.037346579134464264,
                    0.15054887533187866
                ],
                [
                    0.0,
                    0.0,
                    0.0,
                    1.0
                ]
            ]
        },
        {
            "file_path": "/data/shapenet_blender/all_50_random/02958343/67c229c70e64a25e69c2e0a91b39f742/r_40",
            "rotation": 0.12566370614359174,
            "transform_matrix": [
                [
                    0.47730088233947754,
                    -0.3106883466243744,
                    0.8219834566116333,
                    3.313520908355713
                ],
                [
                    0.8787400126457214,
                    0.16875505447387695,
                    -0.446472704410553,
                    -1.7997888326644897
                ],
                [
                    1.4901162970204496e-08,
                    0.935411274433136,
                    0.35356128215789795,
                    1.4252510070800781
                ],
                [
                    0.0,
                    0.0,
                    0.0,
                    1.0
                ]
            ]
        },
        {
            "file_path": "/data/shapenet_blender/all_50_random/02958343/67c229c70e64a25e69c2e0a91b39f742/r_41",
            "rotation": 0.12566370614359174,
            "transform_matrix": [
                [
                    -0.2483137995004654,
                    0.8834355473518372,
                    0.3973431885242462,
                    1.6017417907714844
                ],
                [
                    0.9686796069145203,
                    0.22646212577819824,
                    0.10185596346855164,
                    0.41059455275535583
                ],
                [
                    0.0,
                    0.41019049286842346,
