{
    "class": "02958343",
    "model": "330a8f1243e7bf8b2ca8bf2993ca245b",
    "remove_doubles": true,
    "edge_split": true,
    "denoise": true,
    "camera_angle_x": 0.6911112070083618,
    "scale_factor": 2.3019223829810587,
    "hdri_file": "/data/IndoorHDRDataset2018/AG8A8729-b290f2be95.exr",
    "center_offset": [
        0.0,
        -1.862645149230957e-09,
        0.0
    ],
    "lights": [],
    "frames": [
        {
            "file_path": "/data/shapenet_blender/all_50_random/02958343/330a8f1243e7bf8b2ca8bf2993ca245b/r_0",
            "rotation": 0.12566370614359174,
            "transform_matrix": [
                [
                    -0.9839028716087341,
                    0.04568633809685707,
                    0.17276601493358612,
                    0.6964421272277832
                ],
                [
                    0.1787046492099762,
                    0.2515374720096588,
                    0.9512062668800354,
                    3.83443546295166
                ],
                [
                    0.0,
                    0.9667686223983765,
                    -0.2556527554988861,
                    -1.030569314956665
                ],
                [
                    0.0,
                    0.0,
                    0.0,
                    1.0
                ]
            ]
        },
        {
            "file_path": "/data/shapenet_blender/all_50_random/02958343/330a8f1243e7bf8b2ca8bf2993ca245b/r_1",
            "rotation": 0.12566370614359174,
            "transform_matrix": [
                [
                    0.8967882394790649,
                    -0.3967365324497223,
                    -0.19588518142700195,
                    -0.7896384000778198
                ],
                [
                    -0.4424600601196289,
                    -0.8041147589683533,
                    -0.39702460169792175,
                    -1.6004573106765747
                ],
                [
                    0.0,
                    0.4427182674407959,
                    -0.8966607451438904,
                    -3.6145551204681396
                ],
                [
                    0.0,
                    0.0,
                    0.0,
                    1.0
                ]
            ]
        },
        {
            "file_path": "/data/shapenet_blender/all_50_random/02958343/330a8f1243e7bf8b2ca8bf2993ca245b/r_2",
            "rotation": 0.12566370614359174,
            "transform_matrix": [
                [
                    0.7863184213638306,
                    0.10104378312826157,
                    0.6095027327537537,
                    2.456984043121338
                ],
                [
                    0.6178215742111206,
                    -0.12860117852687836,
                    -0.7757307887077332,
                    -3.127070903778076
                ],
                [
                    -7.450581485102248e-09,
                    0.9865353107452393,
                    -0.16354848444461823,
                    -0.6592850089073181
                ],
                [
                    0.0,
                    0.0,
                    0.0,
                    1.0
                ]
            ]
        },
        {
            "file_path": "/data/shapenet_blender/all_50_random/02958343/330a8f1243e7bf8b2ca8bf2993ca245b/r_3",
            "rotation": 0.12566370614359174,
            "transform_matrix": [
                [
                    -0.056003350764513016,
                    0.5223148465156555,
                    -0.8509116768836975,
                    -3.4301347732543945
                ],
                [
                    -0.998430609703064,
                    -0.02929736115038395,
                    0.04772881045937538,
                    0.1924009919166565
                ],
                [
                    1.862645371275562e-09,
                    0.8522491455078125,
                    0.5231359004974365,
                    2.10882830619812
                ],
                [
                    0.0,
                    0.0,
                    0.0,
                    1.0
                ]
            ]
        },
        {
            "file_path": "/data/shapenet_blender/all_50_random/02958343/330a8f1243e7bf8b2ca8bf2993ca245b/r_4",
            "rotation": 0.12566370614359174,
            "transform_matrix": [
                [
                    -0.8935678005218506,
                    -0.2992522418498993,
                    -0.3346412479877472,
                    -1.3489819765090942
                ],
                [
                    -0.4489283859729767,
                    0.5956454873085022,
                    0.666085422039032,
                    2.6850762367248535
                ],
                [
                    0.0,
                    0.74542236328125,
                    -0.6665924191474915,
                    -2.687119960784912
                ],
                [
                    0.0,
                    0.0,
                    0.0,
                    1.0
                ]
            ]
        },
        {
            "file_path": "/data/shapenet_blender/all_50_random/02958343/330a8f1243e7bf8b2ca8bf2993ca245b/r_5",
            "rotation": 0.12566370614359174,
            "transform_matrix": [
                [
                    0.23576496541500092,
                    -0.4479943513870239,
                    0.8623895645141602,
                    3.4764037132263184
                ],
                [
                    0.9718102216720581,
                    0.10868518054485321,
                    -0.2092190831899643,
                    -0.8433891534805298
                ],
                [
                    0.0,
                    0.8874054551124573,
                    0.4609895944595337,
                    1.8583086729049683
                ],
                [
                    0.0,
                    0.0,
                    0.0,
                    1.0
                ]
            ]
        },
        {
            "file_path": "/data/shapenet_blender/all_50_random/02958343/330a8f1243e7bf8b2ca8bf2993ca245b/r_6",
            "rotation": 0.12566370614359174,
            "transform_matrix": [
                [
                    -0.9999796152114868,
                    0.0017603890737518668,
                    -0.006136849522590637,
                    -0.024738430976867676
                ],
                [
                    -0.006384347099810839,
                    -0.2757295072078705,
                    0.9612140655517578,
                    3.8747777938842773
                ],
                [
                    2.3283064365386963e-10,
                    0.9612335562705994,
                    0.27573516964912415,
                    1.111523985862732
                ],
                [
                    0.0,
                    0.0,
                    0.0,
                    1.0
                ]
            ]
        },
        {
            "file_path": "/data/shapenet_blender/all_50_random/02958343/330a8f1243e7bf8b2ca8bf2993ca245b/r_7",
            "rotation": 0.12566370614359174,
            "transform_matrix": [
                [
                    0.0011560949496924877,
                    0.4798913896083832,
                    -0.8773270845413208,
                    -3.536618709564209
                ],
                [
                    -0.9999992847442627,
                    0.0005548003828153014,
                    -0.001014274195767939,
                    -0.004088670015335083
                ],
                [
                    -2.9103830456733704e-11,
                    0.8773276209831238,
                    0.47989168763160706,
                    1.9345052242279053
                ],
                [
                    0.0,
                    0.0,
                    0.0,
                    1.0
                ]
            ]
        },
        {
            "file_path": "/data/shapenet_blender/all_50_random/02958343/330a8f1243e7bf8b2ca8bf2993ca245b/r_8",
            "rotation": 0.12566370614359174,
            "transform_matrix": [
                [
                    0.9802812337875366,
                    0.13724744319915771,
                    0.14216867089271545,
                    0.5731003284454346
                ],
                [
                    0.19760769605636597,
                    -0.6808494329452515,
                    -0.7052624225616455,
                    -2.843003988265991
                ],
                [
                    0.0,
                    0.7194491624832153,
                    -0.6945449709892273,
                    -2.7998006343841553
                ],
                [
                    0.0,
                    0.0,
                    0.0,
                    1.0
                ]
            ]
        },
        {
            "file_path": "/data/shapenet_blender/all_50_random/02958343/330a8f1243e7bf8b2ca8bf2993ca245b/r_9",
            "rotation": 0.12566370614359174,
            "transform_matrix": [
                [
                    -0.9127799272537231,
                    0.07921330630779266,
                    -0.40069708228111267,
                    -1.6152615547180176
                ],
                [
                    -0.4084518849849701,
                    -0.17702040076255798,
                    0.8954500555992126,
                    3.6096746921539307
                ],
                [
                    7.450581485102248e-09,
                    0.9810141921043396,
                    0.19393551349639893,
                    0.7817790508270264
                ],
                [
                    0.0,
                    0.0,
                    0.0,
                    1.0
                ]
            ]
        },
        {
            "file_path": "/data/shapenet_blender/all_50_random/02958343/330a8f1243e7bf8b2ca8bf2993ca245b/r_10",
            "rotation": 0.12566370614359174,
            "transform_matrix": [
                [
                    -0.7242097854614258,
                    0.5868365168571472,
                    0.3621365427970886,
                    1.4598191976547241
                ],
                [
                    0.6895795464515686,
                    0.6163070797920227,
                    0.38032281398773193,
                    1.533130407333374
                ],
                [
                    0.0,
                    0.5251554250717163,
                    -0.8510062098503113,
                    -3.430516004562378
                ],
                [
                    0.0,
                    0.0,
                    0.0,
                    1.0
                ]
            ]
        },
        {
            "file_path": "/data/shapenet_blender/all_50_random/02958343/330a8f1243e7bf8b2ca8bf2993ca245b/r_11",
            "rotation": 0.12566370614359174,
            "transform_matrix": [
                [
                    -0.12736758589744568,
                    0.0010684243170544505,
                    0.9918550252914429,
                    3.998295545578003
                ],
                [
                    0.9918556213378906,
                    0.00013720005517825484,
                    0.1273675113916397,
                    0.513434886932373
                ],
                [
                    -2.9103830456733704e-11,
                    0.999999463558197,
                    -0.0010771974921226501,
                    -0.004342321772128344
                ],
                [
                    0.0,
                    0.0,
                    0.0,
                    1.0
                ]
            ]
        },
        {
            "file_path": "/data/shapenet_blender/all_50_random/02958343/330a8f1243e7bf8b2ca8bf2993ca245b/r_12",
            "rotation": 0.12566370614359174,
            "transform_matrix": [
                [
                    -0.7774230241775513,
                    0.2660762071609497,
                    0.5699271559715271,
                    2.297449827194214
                ],
                [
                    0.6289781928062439,
                    0.3288727104663849,
                    0.7044353485107422,
                    2.839669704437256
                ],
                [
                    0.0,
                    0.9061158299446106,
                    -0.4230293929576874,
                    -1.7052860260009766
                ],
                [
                    0.0,
                    0.0,
                    0.0,
                    1.0
                ]
            ]
        },
        {
            "file_path": "/data/shapenet_blender/all_50_random/02958343/330a8f1243e7bf8b2ca8bf2993ca245b/r_13",
            "rotation": 0.12566370614359174,
            "transform_matrix": [
                [
                    0.5480596423149109,
                    -0.018733171746134758,
                    -0.8362295031547546,
                    -3.3709487915039062
                ],
                [
                    -0.836439311504364,
                    -0.012274524196982384,
                    -0.5479221343994141,
                    -2.208744764328003
                ],
                [
                    0.0,
                    0.9997492432594299,
                    -0.022396331652998924,
                    -0.09028249979019165
                ],
                [
                    0.0,
                    0.0,
                    0.0,
                    1.0
                ]
            ]
        },
        {
            "file_path": "/data/shapenet_blender/all_50_random/02958343/330a8f1243e7bf8b2ca8bf2993ca245b/r_14",
            "rotation": 0.12566370614359174,
            "transform_matrix": [
                [
                    0.7106415629386902,
                    0.4325332045555115,
                    0.554890513420105,
                    2.236835241317749
                ],
                [
                    0.7035541534423828,
                    -0.43689045310020447,
                    -0.5604803562164307,
                    -2.259368658065796
                ],
                [
                    0.0,
                    0.7886961698532104,
                    -0.6147831082344055,
                    -2.4782700538635254
                ],
                [
                    0.0,
                    0.0,
                    0.0,
                    1.0
                ]
            ]
        },
        {
            "file_path": "/data/shapenet_blender/all_50_random/02958343/330a8f1243e7bf8b2ca8bf2993ca245b/r_15",
            "rotation": 0.12566370614359174,
            "transform_matrix": [
                [
                    0.18940037488937378,
                    0.09128972142934799,
                    -0.9776469469070435,
                    -3.941021203994751
                ],
                [
                    -0.9818999767303467,
                    0.01760903000831604,
                    -0.1885799914598465,
                    -0.7601903080940247
                ],
                [
                    0.0,
                    0.9956686496734619,
                    0.0929725170135498,
                    0.3747842311859131
                ],
                [
                    0.0,
                    0.0,
                    0.0,
                    1.0
                ]
            ]
        },
        {
            "file_path": "/data/shapenet_blender/all_50_random/02958343/330a8f1243e7bf8b2ca8bf2993ca245b/r_16",
            "rotation": 0.12566370614359174,
            "transform_matrix": [
                [
                    -0.2795961797237396,
                    0.8151149153709412,
                    0.5073592662811279,
                    2.0452306270599365
                ],
                [
                    0.9601176977157593,
                    0.23736989498138428,
                    0.14774826169013977,
                    0.5955923199653625
                ],
                [
                    -7.450581485102248e-09,
                    0.5284343361854553,
                    -0.8489740490913391,
                    -3.4223239421844482
                ],
                [
                    0.0,
                    0.0,
                    0.0,
                    1.0
                ]
            ]
        },
        {
            "file_path": "/data/shapenet_blender/all_50_random/02958343/330a8f1243e7bf8b2ca8bf2993ca245b/r_17",
            "rotation": 0.12566370614359174,
            "transform_matrix": [
                [
                    -0.550633430480957,
                    -0.2134360522031784,
                    0.8069992065429688,
                    3.2531180381774902
                ],
                [
                    0.8347470760345459,
                    -0.1407911777496338,
                    0.532329797744751,
                    2.145890235900879
                ],
                [
                    0.0,
                    0.9667589068412781,
                    0.25568944215774536,
                    1.0307172536849976
                ],
                [
                    0.0,
                    0.0,
                    0.0,
                    1.0
                ]
            ]
        },
        {
            "file_path": "/data/shapenet_blender/all_50_random/02958343/330a8f1243e7bf8b2ca8bf2993ca245b/r_18",
            "rotation": 0.12566370614359174,
            "transform_matrix": [
                [
                    -0.7994915246963501,
                    0.2309754341840744,
                    0.5544939637184143,
                    2.235236644744873
                ],
                [
                    0.6006771922111511,
                    0.30742448568344116,
                    0.7380223274230957,
                    2.9750630855560303
                ],
                [
                    0.0,
                    0.9231145977973938,
                    -0.38452500104904175,
                    -1.550069808959961
                ],
                [
                    0.0,
                    0.0,
                    0.0,
                    1.0
                ]
            ]
        },
        {
            "file_path": "/data/shapenet_blender/all_50_random/02958343/330a8f1243e7bf8b2ca8bf2993ca245b/r_19",
            "rotation": 0.12566370614359174,
            "transform_matrix": [
                [
                    -0.9256713390350342,
                    0.0663774386048317,
                    -0.37246018648147583,
                    -1.5014350414276123
                ],
                [
                    -0.3783286213874817,
                    -0.1624082624912262,
                    0.9113127589225769,
                    3.673619270324707
                ],
                [
                    -3.725290298461914e-09,
                    0.9844884276390076,
                    0.1754491776227951,
                    0.7072582840919495
                ],
                [
                    0.0,
                    0.0,
                    0.0,
                    1.0
                ]
            ]
        },
        {
            "file_path": "/data/shapenet_blender/all_50_random/02958343/330a8f1243e7bf8b2ca8bf2993ca245b/r_20",
            "rotation": 0.12566370614359174,
            "transform_matrix": [
                [
                    0.4628145098686218,
                    -0.5834324955940247,
                    0.6673898100852966,
                    2.6903345584869385
                ],
                [
                    0.886455237865448,
                    0.304607629776001,
                    -0.34844139218330383,
                    -1.4046123027801514
                ],
                [
                    0.0,
                    0.7528749108314514,
                    0.6581635475158691,
                    2.6531424522399902
                ],
                [
                    0.0,
                    0.0,
                    0.0,
                    1.0
                ]
            ]
        },
        {
            "file_path": "/data/shapenet_blender/all_50_random/02958343/330a8f1243e7bf8b2ca8bf2993ca245b/r_21",
            "rotation": 0.12566370614359174,
            "transform_matrix": [
                [
                    0.482906311750412,
                    0.03394312784075737,
                    -0.8750139474868774,
                    -3.5272936820983887
                ],
                [
                    -0.8756719827651978,
                    0.018718594685196877,
                    -0.4825434386730194,
                    -1.9451946020126343
                ],
                [
                    -3.725290076417309e-09,
                    0.9992483854293823,
                    0.03876237943768501,
                    0.15625612437725067
                ],
                [
                    0.0,
                    0.0,
                    0.0,
                    1.0
                ]
            ]
        },
        {
            "file_path": "/data/shapenet_blender/all_50_random/02958343/330a8f1243e7bf8b2ca8bf2993ca245b/r_22",
            "rotation": 0.12566370614359174,
            "transform_matrix": [
                [
                    -0.9996103644371033,
                    -0.007045296486467123,
                    -0.02700737491250038,
                    -0.10887020826339722
                ],
                [
                    -0.027911188080906868,
                    0.25231999158859253,
                    0.9672412276268005,
                    3.899074077606201
                ],
                [
                    -4.6566125955216364e-10,
                    0.9676181674003601,
                    -0.2524183690547943,
                    -1.0175310373306274
                ],
                [
                    0.0,
                    0.0,
                    0.0,
                    1.0
                ]
            ]
        },
        {
            "file_path": "/data/shapenet_blender/all_50_random/02958343/330a8f1243e7bf8b2ca8bf2993ca245b/r_23",
            "rotation": 0.12566370614359174,
            "transform_matrix": [
                [
                    0.26057103276252747,
                    0.6872774958610535,
                    0.6780503988265991,
                    2.7333085536956787
                ],
                [
                    0.965454638004303,
                    -0.18549253046512604,
                    -0.18300217390060425,
                    -0.7377053499221802
                ],
                [
                    0.0,
                    0.7023121118545532,
                    -0.7118691802024841,
                    -2.8696365356445312
                ],
                [
                    0.0,
                    0.0,
                    0.0,
                    1.0
                ]
            ]
        },
        {
            "file_path": "/data/shapenet_blender/all_50_random/02958343/330a8f1243e7bf8b2ca8bf2993ca245b/r_24",
            "rotation": 0.12566370614359174,
            "transform_matrix": [
                [
                    0.7754760384559631,
                    -0.3309282958507538,
                    -0.5377020239830017,
                    -2.167546272277832
                ],
                [
                    -0.631377100944519,
                    -0.40645596385002136,
                    -0.6604215502738953,
                    -2.6622443199157715
                ],
                [
                    -1.4901161193847656e-08,
                    0.8516337871551514,
                    -0.5241373181343079,
                    -2.1128652095794678
                ],
                [
                    0.0,
                    0.0,
                    0.0,
                    1.0
                ]
            ]
        },
        {
            "file_path": "/data/shapenet_blender/all_50_random/02958343/330a8f1243e7bf8b2ca8bf2993ca245b/r_25",
            "rotation": 0.12566370614359174,
            "transform_matrix": [
                [
                    0.3466823101043701,
                    -0.45850083231925964,
                    -0.8182836771011353,
                    -3.298607349395752
                ],
                [
                    -0.9379825592041016,
                    -0.16946382820606232,
                    -0.3024410903453827,
                    -1.2191791534423828
                ],
                [
                    1.4901160305669237e-08,
                    0.8723869323730469,
                    -0.48881590366363525,
                    -1.9704800844192505
                ],
                [
                    0.0,
                    0.0,
                    0.0,
                    1.0
                ]
            ]
        },
        {
            "file_path": "/data/shapenet_blender/all_50_random/02958343/330a8f1243e7bf8b2ca8bf2993ca245b/r_26",
            "rotation": 0.12566370614359174,
            "transform_matrix": [
                [
                    0.9859054684638977,
                    0.15130926668643951,
                    0.07138578593730927,
                    0.2877652943134308
                ],
                [
                    0.16730338335037231,
                    -0.8916534185409546,
                    -0.420670747756958,
                    -1.6957780122756958
                ],
                [
                    0.0,
                    0.4266846179962158,
                    -0.9044004678726196,
                    -3.645754814147949
                ],
                [
                    0.0,
                    0.0,
                    0.0,
                    1.0
                ]
            ]
        },
        {
            "file_path": "/data/shapenet_blender/all_50_random/02958343/330a8f1243e7bf8b2ca8bf2993ca245b/r_27",
            "rotation": 0.12566370614359174,
            "transform_matrix": [
                [
                    0.9553223848342896,
                    -0.08497384190559387,
                    -0.2830878794193268,
                    -1.14116370677948
                ],
                [
                    -0.2955661118030548,
                    -0.2746506333351135,
                    -0.9149905443191528,
                    -3.6884448528289795
                ],
                [
                    -7.450581485102248e-09,
                    0.957781970500946,
                    -0.2874952554702759,
                    -1.1589304208755493
                ],
                [
                    0.0,
                    0.0,
                    0.0,
                    1.0
                ]
            ]
        },
        {
            "file_path": "/data/shapenet_blender/all_50_random/02958343/330a8f1243e7bf8b2ca8bf2993ca245b/r_28",
            "rotation": 0.12566370614359174,
            "transform_matrix": [
                [
                    -0.91754549741745,
                    -0.29004180431365967,
                    0.2720036506652832,
                    1.0964818000793457
                ],
                [
                    0.39763081073760986,
                    -0.6692805290222168,
                    0.6276569366455078,
                    2.5301661491394043
                ],
                [
                    -1.4901161193847656e-08,
                    0.68406081199646,
                    0.7294249534606934,
                    2.940406084060669
                ],
                [
                    0.0,
                    0.0,
                    0.0,
                    1.0
                ]
            ]
        },
        {
            "file_path": "/data/shapenet_blender/all_50_random/02958343/330a8f1243e7bf8b2ca8bf2993ca245b/r_29",
            "rotation": 0.12566370614359174,
            "transform_matrix": [
                [
                    -0.3871432840824127,
                    -0.24415282905101776,
                    0.8891059756278992,
                    3.5841009616851807
                ],
                [
                    0.9220195412635803,
                    -0.10251640528440475,
                    0.37332332134246826,
                    1.5049145221710205
                ],
                [
                    0.0,
                    0.9643027186393738,
                    0.2648022174835205,
                    1.0674519538879395
                ],
                [
                    0.0,
                    0.0,
                    0.0,
                    1.0
                ]
            ]
        },
        {
            "file_path": "/data/shapenet_blender/all_50_random/02958343/330a8f1243e7bf8b2ca8bf2993ca245b/r_30",
            "rotation": 0.12566370614359174,
            "transform_matrix": [
                [
                    0.9999923706054688,
                    0.0013229910982772708,
                    -0.0036996426060795784,
                    -0.014913737773895264
                ],
                [
                    -0.003929079510271549,
                    0.3367152512073517,
                    -0.9415982365608215,
                    -3.7957041263580322
                ],
                [
                    0.0,
                    0.9416055083274841,
                    0.3367178440093994,
                    1.3573532104492188
                ],
                [
                    0.0,
                    0.0,
                    0.0,
                    1.0
                ]
            ]
        },
        {
            "file_path": "/data/shapenet_blender/all_50_random/02958343/330a8f1243e7bf8b2ca8bf2993ca245b/r_31",
            "rotation": 0.12566370614359174,
            "transform_matrix": [
                [
                    0.9011284112930298,
                    -0.292878121137619,
                    -0.3196718394756317,
                    -1.2886383533477783
                ],
                [
                    -0.43355244398117065,
                    -0.6087401509284973,
                    -0.6644302606582642,
                    -2.6784040927886963
                ],
                [
                    0.0,
                    0.7373313903808594,
                    -0.6755310893058777,
                    -2.7231528759002686
                ],
                [
                    0.0,
                    0.0,
                    0.0,
                    1.0
                ]
            ]
        },
        {
            "file_path": "/data/shapenet_blender/all_50_random/02958343/330a8f1243e7bf8b2ca8bf2993ca245b/r_32",
            "rotation": 0.12566370614359174,
            "transform_matrix": [
                [
                    -0.1025112047791481,
                    0.34284570813179016,
                    -0.9337817430496216,
                    -3.7641944885253906
                ],
                [
                    -0.9947317838668823,
                    -0.035331666469573975,
                    0.09623005986213684,
                    0.38791579008102417
                ],
                [
                    -3.7252896323280993e-09,
                    0.9387271404266357,
                    0.3446614444255829,
                    1.3893747329711914
                ],
                [
                    0.0,
                    0.0,
                    0.0,
                    1.0
                ]
            ]
        },
        {
            "file_path": "/data/shapenet_blender/all_50_random/02958343/330a8f1243e7bf8b2ca8bf2993ca245b/r_33",
            "rotation": 0.12566370614359174,
            "transform_matrix": [
                [
                    -0.9422438144683838,
                    -0.2000036984682083,
                    0.26865410804748535,
                    1.082979440689087
                ],
                [
                    0.33492761850357056,
                    -0.562665581703186,
                    0.7557981610298157,
                    3.046720027923584
                ],
                [
                    0.0,
                    0.8021258115768433,
                    0.5971549153327942,
                    2.4072086811065674
                ],
                [
                    0.0,
                    0.0,
                    0.0,
                    1.0
                ]
            ]
        },
        {
            "file_path": "/data/shapenet_blender/all_50_random/02958343/330a8f1243e7bf8b2ca8bf2993ca245b/r_34",
            "rotation": 0.12566370614359174,
            "transform_matrix": [
                [
                    0.9952422380447388,
                    0.028340235352516174,
                    0.09321890026330948,
                    0.37577739357948303
                ],
                [
                    0.09743168205022812,
                    -0.2894889712333679,
                    -0.9522095918655396,
                    -3.83847975730896
                ],
                [
                    -1.862645149230957e-09,
                    0.9567617774009705,
                    -0.29087287187576294,
                    -1.1725460290908813
                ],
                [
                    0.0,
                    0.0,
                    0.0,
                    1.0
                ]
            ]
        },
        {
            "file_path": "/data/shapenet_blender/all_50_random/02958343/330a8f1243e7bf8b2ca8bf2993ca245b/r_35",
            "rotation": 0.12566370614359174,
            "transform_matrix": [
                [
                    -0.5597323775291443,
                    0.306795597076416,
                    0.7697896361351013,
                    3.103121042251587
                ],
                [
                    0.8286734223365784,
                    0.2072269171476364,
                    0.5199589729309082,
                    2.0960216522216797
                ],
                [
                    0.0,
                    0.9289420247077942,
                    -0.3702249825000763,
                    -1.4924246072769165
                ],
                [
                    0.0,
                    0.0,
                    0.0,
                    1.0
                ]
            ]
        },
        {
            "file_path": "/data/shapenet_blender/all_50_random/02958343/330a8f1243e7bf8b2ca8bf2993ca245b/r_36",
            "rotation": 0.12566370614359174,
            "transform_matrix": [
                [
                    -0.531794011592865,
                    -0.020128412172198296,
                    -0.8466345071792603,
                    -3.4128928184509277
                ],
                [
                    -0.8468737602233887,
                    0.012639626860618591,
                    0.5316437482833862,
                    2.143124580383301
                ],
                [
                    0.0,
                    0.9997175335884094,
                    -0.023767899721860886,
                    -0.09581147134304047
                ],
                [
                    0.0,
                    0.0,
                    0.0,
                    1.0
                ]
            ]
        },
        {
            "file_path": "/data/shapenet_blender/all_50_random/02958343/330a8f1243e7bf8b2ca8bf2993ca245b/r_37",
            "rotation": 0.12566370614359174,
            "transform_matrix": [
                [
                    0.70054692029953,
                    0.21644018590450287,
                    0.6799909472465515,
                    2.74113130569458
                ],
                [
                    0.7136064171791077,
                    -0.21247918903827667,
                    -0.6675466299057007,
                    -2.6909666061401367
                ],
                [
                    0.0,
                    0.9528936743736267,
                    -0.3033047020435333,
                    -1.2226603031158447
                ],
                [
                    0.0,
                    0.0,
                    0.0,
                    1.0
                ]
            ]
        },
        {
            "file_path": "/data/shapenet_blender/all_50_random/02958343/330a8f1243e7bf8b2ca8bf2993ca245b/r_38",
            "rotation": 0.12566370614359174,
            "transform_matrix": [
                [
                    -0.8766500949859619,
                    -0.3665861487388611,
                    -0.3116072118282318,
                    -1.2561287879943848
                ],
                [
                    -0.4811282753944397,
                    0.6679461598396301,
                    0.5677706003189087,
                    2.2887563705444336
                ],
                [
                    1.4901158529312397e-08,
                    0.647659182548523,
                    -0.7619301080703735,
                    -3.0714383125305176
                ],
                [
                    0.0,
                    0.0,
                    0.0,
                    1.0
                ]
            ]
        },
        {
            "file_path": "/data/shapenet_blender/all_50_random/02958343/330a8f1243e7bf8b2ca8bf2993ca245b/r_39",
            "rotation": 0.12566370614359174,
            "transform_matrix": [
                [
                    0.6451013088226318,
                    0.29262134432792664,
                    0.7058447599411011,
                    2.845351457595825
                ],
                [
                    0.7640970349311829,
                    -0.24705037474632263,
                    -0.595920979976654,
                    -2.4022345542907715
                ],
                [
                    1.4901161193847656e-08,
                    0.9237633943557739,
                    -0.3829635977745056,
                    -1.5437757968902588
                ],
                [
                    0.0,
                    0.0,
                    0.0,
                    1.0
                ]
            ]
        },
        {
            "file_path": "/data/shapenet_blender/all_50_random/02958343/330a8f1243e7bf8b2ca8bf2993ca245b/r_40",
            "rotation": 0.12566370614359174,
            "transform_matrix": [
                [
                    0.6526103615760803,
                    0.6052719950675964,
                    0.4557911455631256,
                    1.837352991104126
                ],
                [
                    0.7576936483383179,
                    -0.521327793598175,
                    -0.39257821440696716,
                    -1.5825334787368774
                ],
                [
                    0.0,
                    0.6015507578849792,
                    -0.7988345623016357,
                    -3.220205307006836
                ],
                [
                    0.0,
                    0.0,
                    0.0,
                    1.0
                ]
            ]
        },
        {
            "file_path": "/data/shapenet_blender/all_50_random/02958343/330a8f1243e7bf8b2ca8bf2993ca245b/r_41",
            "rotation": 0.12566370614359174,
            "transform_matrix": [
                [
                    -0.9316774606704712,
                    -0.0024602271150797606,
                    0.3632781505584717,
                    1.464421033859253
                ],
                [
                    0.36328649520874023,
                    -0.0063094510696828365,
                    0.9316561222076416,
                    3.7556259632110596
                ],
                [
                    0.0,
