{
    "class": "02958343",
    "model": "2ccdd6d8db5a366f93680c5a9a367b4a",
    "remove_doubles": true,
    "edge_split": true,
    "denoise": true,
    "camera_angle_x": 0.6911112070083618,
    "scale_factor": 2.4080457575909806,
    "hdri_file": "/data/IndoorHDRDataset2018/9C4A7668-e974e67963.exr",
    "center_offset": [
        0.0,
        -4.190951585769653e-09,
        7.450580596923828e-09
    ],
    "lights": [],
    "frames": [
        {
            "file_path": "/data/shapenet_blender/all_50_random/02958343/2ccdd6d8db5a366f93680c5a9a367b4a/r_0",
            "rotation": 0.12566370614359174,
            "transform_matrix": [
                [
                    -0.14750118553638458,
                    -0.08822817355394363,
                    -0.9851189255714417,
                    -3.9711413383483887
                ],
                [
                    -0.9890618920326233,
                    0.013157680630683899,
                    0.14691317081451416,
                    0.5922259092330933
                ],
                [
                    -9.313225191043273e-10,
                    0.996013343334198,
                    -0.08920390158891678,
                    -0.3595924377441406
                ],
                [
                    0.0,
                    0.0,
                    0.0,
                    1.0
                ]
            ]
        },
        {
            "file_path": "/data/shapenet_blender/all_50_random/02958343/2ccdd6d8db5a366f93680c5a9a367b4a/r_1",
            "rotation": 0.12566370614359174,
            "transform_matrix": [
                [
                    0.9112076759338379,
                    0.06420419365167618,
                    0.40691325068473816,
                    1.64031982421875
                ],
                [
                    0.4119473099708557,
                    -0.14201658964157104,
                    -0.9000725746154785,
                    -3.6283085346221924
                ],
                [
                    -3.725290298461914e-09,
                    0.9877798557281494,
                    -0.15585534274578094,
                    -0.6282730102539062
                ],
                [
                    0.0,
                    0.0,
                    0.0,
                    1.0
                ]
            ]
        },
        {
            "file_path": "/data/shapenet_blender/all_50_random/02958343/2ccdd6d8db5a366f93680c5a9a367b4a/r_2",
            "rotation": 0.12566370614359174,
            "transform_matrix": [
                [
                    -0.09841766208410263,
                    -0.5088695883750916,
                    -0.8551991581916809,
                    -3.447418212890625
                ],
                [
                    -0.9951451420783997,
                    0.05032608285546303,
                    0.08457731455564499,
                    0.3409420847892761
                ],
                [
                    0.0,
                    0.8593712449073792,
                    -0.5113520622253418,
                    -2.061326265335083
                ],
                [
                    0.0,
                    0.0,
                    0.0,
                    1.0
                ]
            ]
        },
        {
            "file_path": "/data/shapenet_blender/all_50_random/02958343/2ccdd6d8db5a366f93680c5a9a367b4a/r_3",
            "rotation": 0.12566370614359174,
            "transform_matrix": [
                [
                    -0.5414757132530212,
                    -0.44287827610969543,
                    -0.714606761932373,
                    -2.880671977996826
                ],
                [
                    -0.8407163023948669,
                    0.2852422893047333,
                    0.4602530002593994,
                    1.8553391695022583
                ],
                [
                    1.4901160305669237e-08,
                    0.8499974608421326,
                    -0.526786744594574,
                    -2.1235454082489014
                ],
                [
                    0.0,
                    0.0,
                    0.0,
                    1.0
                ]
            ]
        },
        {
            "file_path": "/data/shapenet_blender/all_50_random/02958343/2ccdd6d8db5a366f93680c5a9a367b4a/r_4",
            "rotation": 0.12566370614359174,
            "transform_matrix": [
                [
                    -0.8113009929656982,
                    -0.4084283113479614,
                    -0.4183025360107422,
                    -1.6862316131591797
                ],
                [
                    -0.584628701210022,
                    0.566784143447876,
                    0.5804867744445801,
                    2.340017318725586
                ],
                [
                    0.0,
                    0.7155012488365173,
                    -0.6986113786697388,
                    -2.816192865371704
                ],
                [
                    0.0,
                    0.0,
                    0.0,
                    1.0
                ]
            ]
        },
        {
            "file_path": "/data/shapenet_blender/all_50_random/02958343/2ccdd6d8db5a366f93680c5a9a367b4a/r_5",
            "rotation": 0.12566370614359174,
            "transform_matrix": [
                [
                    0.9664284586906433,
                    0.0737820565700531,
                    -0.24611464142799377,
                    -0.9921198487281799
                ],
                [
                    -0.2569362223148346,
                    0.2775205373764038,
                    -0.9257246255874634,
                    -3.731715440750122
                ],
                [
                    0.0,
                    0.957882285118103,
                    0.2871610224246979,
                    1.1575831174850464
                ],
                [
                    0.0,
                    0.0,
                    0.0,
                    1.0
                ]
            ]
        },
        {
            "file_path": "/data/shapenet_blender/all_50_random/02958343/2ccdd6d8db5a366f93680c5a9a367b4a/r_6",
            "rotation": 0.12566370614359174,
            "transform_matrix": [
                [
                    0.8545855283737183,
                    -0.20358148217201233,
                    0.4777428209781647,
                    1.9258428812026978
                ],
                [
                    0.519310712814331,
                    0.33501675724983215,
                    -0.7861807346343994,
                    -3.1691958904266357
                ],
                [
                    -1.4901161193847656e-08,
                    0.9199556112289429,
                    0.3920224905014038,
                    1.5802931785583496
                ],
                [
                    0.0,
                    0.0,
                    0.0,
                    1.0
                ]
            ]
        },
        {
            "file_path": "/data/shapenet_blender/all_50_random/02958343/2ccdd6d8db5a366f93680c5a9a367b4a/r_7",
            "rotation": 0.12566370614359174,
            "transform_matrix": [
                [
                    -0.9361972808837891,
                    0.15099172294139862,
                    0.3173898756504059,
                    1.2794396877288818
                ],
                [
                    0.3514752984046936,
                    0.4021848142147064,
                    0.8454065918922424,
                    3.4079432487487793
                ],
                [
                    1.4901164746561335e-08,
                    0.9030219316482544,
                    -0.42959415912628174,
                    -1.7317495346069336
                ],
                [
                    0.0,
                    0.0,
                    0.0,
                    1.0
                ]
            ]
        },
        {
            "file_path": "/data/shapenet_blender/all_50_random/02958343/2ccdd6d8db5a366f93680c5a9a367b4a/r_8",
            "rotation": 0.12566370614359174,
            "transform_matrix": [
                [
                    0.5335452556610107,
                    0.7644237875938416,
                    0.36191949248313904,
                    1.4589440822601318
                ],
                [
                    0.8457715511322021,
                    -0.48222801089286804,
                    -0.22831277549266815,
                    -0.9203582406044006
                ],
                [
                    0.0,
                    0.4279162287712097,
                    -0.9038183689117432,
                    -3.6434082984924316
                ],
                [
                    0.0,
                    0.0,
                    0.0,
                    1.0
                ]
            ]
        },
        {
            "file_path": "/data/shapenet_blender/all_50_random/02958343/2ccdd6d8db5a366f93680c5a9a367b4a/r_9",
            "rotation": 0.12566370614359174,
            "transform_matrix": [
                [
                    0.8524991869926453,
                    -0.03794793412089348,
                    -0.5213492512702942,
                    -2.10162615776062
                ],
                [
                    -0.5227285027503967,
                    -0.061887919902801514,
                    -0.8502498269081116,
                    -3.42746639251709
                ],
                [
                    3.7252898543727042e-09,
                    0.997361421585083,
                    -0.07259586453437805,
                    -0.292643278837204
                ],
                [
                    0.0,
                    0.0,
                    0.0,
                    1.0
                ]
            ]
        },
        {
            "file_path": "/data/shapenet_blender/all_50_random/02958343/2ccdd6d8db5a366f93680c5a9a367b4a/r_10",
            "rotation": 0.12566370614359174,
            "transform_matrix": [
                [
                    -0.18877911567687988,
                    0.06499399244785309,
                    -0.9798663258552551,
                    -3.949967861175537
                ],
                [
                    -0.9820196628570557,
                    -0.012494156137108803,
                    0.1883651614189148,
                    0.759324312210083
                ],
                [
                    9.31322685637781e-10,
                    0.9978073835372925,
                    0.06618399918079376,
                    0.2667962610721588
                ],
                [
                    0.0,
                    0.0,
                    0.0,
                    1.0
                ]
            ]
        },
        {
            "file_path": "/data/shapenet_blender/all_50_random/02958343/2ccdd6d8db5a366f93680c5a9a367b4a/r_11",
            "rotation": 0.12566370614359174,
            "transform_matrix": [
                [
                    0.41198158264160156,
                    0.3811381161212921,
                    0.8276501893997192,
                    3.33636474609375
                ],
                [
                    0.9111922383308411,
                    -0.1723257601261139,
                    -0.37420934438705444,
                    -1.5084861516952515
                ],
                [
                    1.4901162970204496e-08,
                    0.9083156585693359,
                    -0.4182851016521454,
                    -1.6861611604690552
                ],
                [
                    0.0,
                    0.0,
                    0.0,
                    1.0
                ]
            ]
        },
        {
            "file_path": "/data/shapenet_blender/all_50_random/02958343/2ccdd6d8db5a366f93680c5a9a367b4a/r_12",
            "rotation": 0.12566370614359174,
            "transform_matrix": [
                [
                    -0.8137807846069336,
                    0.19009821116924286,
                    0.5492026209831238,
                    2.2139065265655518
                ],
                [
                    0.5811719298362732,
                    0.2661833167076111,
                    0.7690159678459167,
                    3.1000025272369385
                ],
                [
                    -1.4901161193847656e-08,
                    0.9449915289878845,
                    -0.3270946145057678,
                    -1.3185606002807617
                ],
                [
                    0.0,
                    0.0,
                    0.0,
                    1.0
                ]
            ]
        },
        {
            "file_path": "/data/shapenet_blender/all_50_random/02958343/2ccdd6d8db5a366f93680c5a9a367b4a/r_13",
            "rotation": 0.12566370614359174,
            "transform_matrix": [
                [
                    -0.23073843121528625,
                    -0.25925683975219727,
                    -0.93784099817276,
                    -3.780557870864868
                ],
                [
                    -0.9730159044265747,
                    0.061479490250349045,
                    0.22239714860916138,
                    0.8965115547180176
                ],
                [
                    3.725290298461914e-09,
                    0.9638496041297913,
                    -0.2664467394351959,
                    -1.0740811824798584
                ],
                [
                    0.0,
                    0.0,
                    0.0,
                    1.0
                ]
            ]
        },
        {
            "file_path": "/data/shapenet_blender/all_50_random/02958343/2ccdd6d8db5a366f93680c5a9a367b4a/r_14",
            "rotation": 0.12566370614359174,
            "transform_matrix": [
                [
                    0.8877584338188171,
                    0.256004273891449,
                    0.3825531005859375,
                    1.5421209335327148
                ],
                [
                    0.46030980348587036,
                    -0.4937325716018677,
                    -0.7377960681915283,
                    -2.974151134490967
                ],
                [
                    -2.980232594040899e-08,
                    0.831077516078949,
                    -0.5561565160751343,
                    -2.241938591003418
                ],
                [
                    0.0,
                    0.0,
                    0.0,
                    1.0
                ]
            ]
        },
        {
            "file_path": "/data/shapenet_blender/all_50_random/02958343/2ccdd6d8db5a366f93680c5a9a367b4a/r_15",
            "rotation": 0.12566370614359174,
            "transform_matrix": [
                [
                    0.13103099167346954,
                    0.023568280041217804,
                    0.9910980463027954,
                    3.995244026184082
                ],
                [
                    0.9913783073425293,
                    -0.0031150318682193756,
                    -0.13099394738674164,
                    -0.5280534625053406
                ],
                [
                    0.0,
                    0.9997174143791199,
                    -0.02377324365079403,
                    -0.09583301097154617
                ],
                [
                    0.0,
                    0.0,
                    0.0,
                    1.0
                ]
            ]
        },
        {
            "file_path": "/data/shapenet_blender/all_50_random/02958343/2ccdd6d8db5a366f93680c5a9a367b4a/r_16",
            "rotation": 0.12566370614359174,
            "transform_matrix": [
                [
                    0.8645907044410706,
                    -0.21303583681583405,
                    -0.4550807476043701,
                    -1.834489345550537
                ],
                [
                    -0.5024766325950623,
                    -0.3665619492530823,
                    -0.7830385565757751,
                    -3.156529664993286
                ],
                [
                    -1.4901161193847656e-08,
                    0.9056754112243652,
                    -0.42397159337997437,
                    -1.7090842723846436
                ],
                [
                    0.0,
                    0.0,
                    0.0,
                    1.0
                ]
            ]
        },
        {
            "file_path": "/data/shapenet_blender/all_50_random/02958343/2ccdd6d8db5a366f93680c5a9a367b4a/r_17",
            "rotation": 0.12566370614359174,
            "transform_matrix": [
                [
                    0.9885039329528809,
                    -0.025410877540707588,
                    0.1490446925163269,
                    0.600818395614624
                ],
                [
                    0.15119534730911255,
                    0.16613441705703735,
                    -0.9744431376457214,
                    -3.9281058311462402
                ],
                [
                    1.862645149230957e-09,
                    0.9857755899429321,
                    0.16806656122207642,
                    0.6774979829788208
                ],
                [
                    0.0,
                    0.0,
                    0.0,
                    1.0
                ]
            ]
        },
        {
            "file_path": "/data/shapenet_blender/all_50_random/02958343/2ccdd6d8db5a366f93680c5a9a367b4a/r_18",
            "rotation": 0.12566370614359174,
            "transform_matrix": [
                [
                    -0.5811455845832825,
                    0.2690110504627228,
                    0.7680511474609375,
                    3.096113681793213
                ],
                [
                    0.8137995004653931,
                    0.1921045482158661,
                    0.5484760999679565,
                    2.2109780311584473
                ],
                [
                    0.0,
                    0.9437843561172485,
                    -0.33056172728538513,
                    -1.332537055015564
                ],
                [
                    0.0,
                    0.0,
                    0.0,
                    1.0
                ]
            ]
        },
        {
            "file_path": "/data/shapenet_blender/all_50_random/02958343/2ccdd6d8db5a366f93680c5a9a367b4a/r_19",
            "rotation": 0.12566370614359174,
            "transform_matrix": [
                [
                    -0.9121388792991638,
                    0.13021519780158997,
                    0.38864725828170776,
                    1.5666873455047607
                ],
                [
                    0.4098813533782959,
                    0.28977736830711365,
                    0.8648850917816162,
                    3.4864635467529297
                ],
                [
                    0.0,
                    0.9481946229934692,
                    -0.3176899254322052,
                    -1.280649185180664
                ],
                [
                    0.0,
                    0.0,
                    0.0,
                    1.0
                ]
            ]
        },
        {
            "file_path": "/data/shapenet_blender/all_50_random/02958343/2ccdd6d8db5a366f93680c5a9a367b4a/r_20",
            "rotation": 0.12566370614359174,
            "transform_matrix": [
                [
                    0.5674837231636047,
                    -0.5678091049194336,
                    0.5962843298912048,
                    2.4036991596221924
                ],
                [
                    0.8233847618103027,
                    0.3913388252258301,
                    -0.4109642207622528,
                    -1.6566498279571533
                ],
                [
                    1.4901162970204496e-08,
                    0.7241869568824768,
                    0.6896036267280579,
                    2.779881477355957
                ],
                [
                    0.0,
                    0.0,
                    0.0,
                    1.0
                ]
            ]
        },
        {
            "file_path": "/data/shapenet_blender/all_50_random/02958343/2ccdd6d8db5a366f93680c5a9a367b4a/r_21",
            "rotation": 0.12566370614359174,
            "transform_matrix": [
                [
                    -0.959917426109314,
                    0.055758439004421234,
                    -0.2746809124946594,
                    -1.1072742938995361
                ],
                [
                    -0.280283123254776,
                    -0.19096224009990692,
                    0.9407309293746948,
                    3.792207956314087
                ],
                [
                    3.725290742551124e-09,
                    0.9800124168395996,
                    0.1989361196756363,
                    0.8019372224807739
                ],
                [
                    0.0,
                    0.0,
                    0.0,
                    1.0
                ]
            ]
        },
        {
            "file_path": "/data/shapenet_blender/all_50_random/02958343/2ccdd6d8db5a366f93680c5a9a367b4a/r_22",
            "rotation": 0.12566370614359174,
            "transform_matrix": [
                [
                    0.6058341264724731,
                    -0.2081788182258606,
                    -0.7678714394569397,
                    -3.095388889312744
                ],
                [
                    -0.7955909371376038,
                    -0.1585259884595871,
                    -0.5847260355949402,
                    -2.3571059703826904
                ],
                [
                    0.0,
                    0.9651585817337036,
                    -0.2616656422615051,
                    -1.0548079013824463
                ],
                [
                    0.0,
                    0.0,
                    0.0,
                    1.0
                ]
            ]
        },
        {
            "file_path": "/data/shapenet_blender/all_50_random/02958343/2ccdd6d8db5a366f93680c5a9a367b4a/r_23",
            "rotation": 0.12566370614359174,
            "transform_matrix": [
                [
                    0.5757163166999817,
                    -0.23290053009986877,
                    -0.7837780117988586,
                    -3.159510374069214
                ],
                [
                    -0.8176494836807251,
                    -0.1639879196882248,
                    -0.5518670678138733,
                    -2.2246475219726562
                ],
                [
                    1.4901161193847656e-08,
                    0.9585745334625244,
                    -0.28484153747558594,
                    -1.1482330560684204
                ],
                [
                    0.0,
                    0.0,
                    0.0,
                    1.0
                ]
            ]
        },
        {
            "file_path": "/data/shapenet_blender/all_50_random/02958343/2ccdd6d8db5a366f93680c5a9a367b4a/r_24",
            "rotation": 0.12566370614359174,
            "transform_matrix": [
                [
                    0.9862438440322876,
                    -0.16502645611763,
                    0.009449385106563568,
                    0.038091689348220825
                ],
                [
                    0.1652967631816864,
                    0.9846310019493103,
                    -0.05637979134917259,
                    -0.22727420926094055
                ],
                [
                    0.0,
                    0.057165682315826416,
                    0.9983646273612976,
                    4.024536609649658
                ],
                [
                    0.0,
                    0.0,
                    0.0,
                    1.0
                ]
            ]
        },
        {
            "file_path": "/data/shapenet_blender/all_50_random/02958343/2ccdd6d8db5a366f93680c5a9a367b4a/r_25",
            "rotation": 0.12566370614359174,
            "transform_matrix": [
                [
                    -0.9998300075531006,
                    0.006607044953852892,
                    0.017215721309185028,
                    0.06939879059791565
                ],
                [
                    0.018440013751387596,
                    0.35823842883110046,
                    0.9334480166435242,
                    3.7628493309020996
                ],
                [
                    0.0,
                    0.9336068034172058,
                    -0.3582993149757385,
                    -1.4443507194519043
                ],
                [
                    0.0,
                    0.0,
                    0.0,
                    1.0
                ]
            ]
        },
        {
            "file_path": "/data/shapenet_blender/all_50_random/02958343/2ccdd6d8db5a366f93680c5a9a367b4a/r_26",
            "rotation": 0.12566370614359174,
            "transform_matrix": [
                [
                    -0.343387633562088,
                    -0.3927578330039978,
                    -0.8531272411346436,
                    -3.439066171646118
                ],
                [
                    -0.939193844795227,
                    0.1435999572277069,
                    0.31192001700401306,
                    1.2573899030685425
                ],
                [
                    7.450581485102248e-09,
                    0.9083613157272339,
                    -0.41818612813949585,
                    -1.6857622861862183
                ],
                [
                    0.0,
                    0.0,
                    0.0,
                    1.0
                ]
            ]
        },
        {
            "file_path": "/data/shapenet_blender/all_50_random/02958343/2ccdd6d8db5a366f93680c5a9a367b4a/r_27",
            "rotation": 0.12566370614359174,
            "transform_matrix": [
                [
                    0.9258870482444763,
                    -0.11137323826551437,
                    0.3610113561153412,
                    1.455283284187317
                ],
                [
                    0.37780049443244934,
                    0.272945761680603,
                    -0.8847414255142212,
                    -3.566506862640381
                ],
                [
                    0.0,
                    0.9555609226226807,
                    0.2947937846183777,
                    1.1883517503738403
                ],
                [
                    0.0,
                    0.0,
                    0.0,
                    1.0
                ]
            ]
        },
        {
            "file_path": "/data/shapenet_blender/all_50_random/02958343/2ccdd6d8db5a366f93680c5a9a367b4a/r_28",
            "rotation": 0.12566370614359174,
            "transform_matrix": [
                [
                    0.989898681640625,
                    0.01786581426858902,
                    -0.14064694941043854,
                    -0.5669660568237305
                ],
                [
                    -0.1417771428823471,
                    0.12474045157432556,
                    -0.982007622718811,
                    -3.95859956741333
                ],
                [
                    0.0,
                    0.992028534412384,
                    0.12601333856582642,
                    0.5079760551452637
                ],
                [
                    0.0,
                    0.0,
                    0.0,
                    1.0
                ]
            ]
        },
        {
            "file_path": "/data/shapenet_blender/all_50_random/02958343/2ccdd6d8db5a366f93680c5a9a367b4a/r_29",
            "rotation": 0.12566370614359174,
            "transform_matrix": [
                [
                    -0.8108814358711243,
                    0.43950656056404114,
                    -0.3864003121852875,
                    -1.5576297044754028
                ],
                [
                    -0.5852105021476746,
                    -0.6089906096458435,
                    0.5354053974151611,
                    2.1582884788513184
                ],
                [
                    0.0,
                    0.6602758169174194,
                    0.7510229349136353,
                    3.027470827102661
                ],
                [
                    0.0,
                    0.0,
                    0.0,
                    1.0
                ]
            ]
        },
        {
            "file_path": "/data/shapenet_blender/all_50_random/02958343/2ccdd6d8db5a366f93680c5a9a367b4a/r_30",
            "rotation": 0.12566370614359174,
            "transform_matrix": [
                [
                    0.9022968411445618,
                    0.20742928981781006,
                    -0.37793323397636414,
                    -1.5234975814819336
                ],
                [
                    -0.43111535906791687,
                    0.43413621187210083,
                    -0.7909900546073914,
                    -3.1885828971862793
                ],
                [
                    -1.4901161193847656e-08,
                    0.8766406178474426,
                    0.4811456799507141,
                    1.9395602941513062
                ],
                [
                    0.0,
                    0.0,
                    0.0,
                    1.0
                ]
            ]
        },
        {
            "file_path": "/data/shapenet_blender/all_50_random/02958343/2ccdd6d8db5a366f93680c5a9a367b4a/r_31",
            "rotation": 0.12566370614359174,
            "transform_matrix": [
                [
                    -0.99964839220047,
                    -0.001251834211871028,
                    -0.026489462703466415,
                    -0.10678243637084961
                ],
                [
                    -0.02651902846992016,
                    0.04718853160738945,
                    0.9985339045524597,
                    4.025218963623047
                ],
                [
                    -1.1641533570472262e-10,
                    0.9988852143287659,
                    -0.047205131500959396,
                    -0.19028997421264648
                ],
                [
                    0.0,
                    0.0,
                    0.0,
                    1.0
                ]
            ]
        },
        {
            "file_path": "/data/shapenet_blender/all_50_random/02958343/2ccdd6d8db5a366f93680c5a9a367b4a/r_32",
            "rotation": 0.12566370614359174,
            "transform_matrix": [
                [
                    -0.7729926109313965,
                    0.34746772050857544,
                    -0.530799925327301,
                    -2.139723062515259
                ],
                [
                    -0.6344150304794312,
                    -0.42336633801460266,
                    0.646744430065155,
                    2.6071105003356934
                ],
                [
                    -1.4901161193847656e-08,
                    0.8366761803627014,
                    0.5476977229118347,
                    2.2078404426574707
                ],
                [
                    0.0,
                    0.0,
                    0.0,
                    1.0
                ]
            ]
        },
        {
            "file_path": "/data/shapenet_blender/all_50_random/02958343/2ccdd6d8db5a366f93680c5a9a367b4a/r_33",
            "rotation": 0.12566370614359174,
            "transform_matrix": [
                [
                    0.9696216583251953,
                    0.016178619116544724,
                    0.24407409131526947,
                    0.9838941097259521
                ],
                [
                    0.24460972845554352,
                    -0.06413129717111588,
                    -0.9674984216690063,
                    -3.900110960006714
                ],
                [
                    0.0,
                    0.9978103637695312,
                    -0.06614053249359131,
                    -0.26662102341651917
                ],
                [
                    0.0,
                    0.0,
                    0.0,
                    1.0
                ]
            ]
        },
        {
            "file_path": "/data/shapenet_blender/all_50_random/02958343/2ccdd6d8db5a366f93680c5a9a367b4a/r_34",
            "rotation": 0.12566370614359174,
            "transform_matrix": [
                [
                    0.9246888756752014,
                    0.34917354583740234,
                    -0.15175114572048187,
                    -0.6117284297943115
                ],
                [
                    -0.3807238042354584,
                    0.8480607271194458,
                    -0.36856794357299805,
                    -1.4857449531555176
                ],
                [
                    0.0,
                    0.3985857665538788,
                    0.9171309471130371,
                    3.697073221206665
                ],
                [
                    0.0,
                    0.0,
                    0.0,
                    1.0
                ]
            ]
        },
        {
            "file_path": "/data/shapenet_blender/all_50_random/02958343/2ccdd6d8db5a366f93680c5a9a367b4a/r_35",
            "rotation": 0.12566370614359174,
            "transform_matrix": [
                [
                    -0.4299074709415436,
                    0.2692831754684448,
                    0.8617807626724243,
                    3.473949432373047
                ],
                [
                    0.9028729796409607,
                    0.12822051346302032,
                    0.41034120321273804,
                    1.6541383266448975
                ],
                [
                    7.450581485102248e-09,
                    0.9544872641563416,
                    -0.2982514500617981,
                    -1.2022900581359863
                ],
                [
                    0.0,
                    0.0,
                    0.0,
                    1.0
                ]
            ]
        },
        {
            "file_path": "/data/shapenet_blender/all_50_random/02958343/2ccdd6d8db5a366f93680c5a9a367b4a/r_36",
            "rotation": 0.12566370614359174,
            "transform_matrix": [
                [
                    0.9649169445037842,
                    -0.2538991868495941,
                    -0.06686192005872726,
                    -0.2695290446281433
                ],
                [
                    -0.2625553607940674,
                    -0.9331046342849731,
                    -0.24572418630123138,
                    -0.990545928478241
                ],
                [
                    3.725290298461914e-09,
                    0.2546584904193878,
                    -0.9670310020446777,
                    -3.8982269763946533
                ],
                [
                    0.0,
                    0.0,
                    0.0,
                    1.0
                ]
            ]
        },
        {
            "file_path": "/data/shapenet_blender/all_50_random/02958343/2ccdd6d8db5a366f93680c5a9a367b4a/r_37",
            "rotation": 0.12566370614359174,
            "transform_matrix": [
                [
                    -0.4930306673049927,
                    0.16826459765434265,
                    0.8535851836204529,
                    3.4409122467041016
                ],
                [
                    0.8700119853019714,
                    0.09535455703735352,
                    0.48372170329093933,
                    1.9499447345733643
                ],
                [
                    0.0,
                    0.9811190366744995,
                    -0.1934049129486084,
                    -0.7796401977539062
                ],
                [
                    0.0,
                    0.0,
                    0.0,
                    1.0
                ]
            ]
        },
        {
            "file_path": "/data/shapenet_blender/all_50_random/02958343/2ccdd6d8db5a366f93680c5a9a367b4a/r_38",
            "rotation": 0.12566370614359174,
            "transform_matrix": [
                [
                    0.6812774538993835,
                    -0.38496702909469604,
                    0.6226245760917664,
                    2.5098800659179688
                ],
                [
                    0.7320252656936646,
                    0.35827910900115967,
                    -0.5794609785079956,
                    -2.3358819484710693
                ],
                [
                    0.0,
                    0.8505505919456482,
                    0.5258930921554565,
                    2.1199429035186768
                ],
                [
                    0.0,
                    0.0,
                    0.0,
                    1.0
                ]
            ]
        },
        {
            "file_path": "/data/shapenet_blender/all_50_random/02958343/2ccdd6d8db5a366f93680c5a9a367b4a/r_39",
            "rotation": 0.12566370614359174,
            "transform_matrix": [
                [
                    0.8827604651451111,
                    -0.030916495248675346,
                    0.4688050150871277,
                    1.8898134231567383
                ],
                [
                    0.46982333064079285,
                    0.05808962136507034,
                    -0.880847156047821,
                    -3.5508084297180176
                ],
                [
                    0.0,
                    0.9978324174880981,
                    0.06580452620983124,
                    0.2652665376663208
                ],
                [
                    0.0,
                    0.0,
                    0.0,
                    1.0
                ]
            ]
        },
        {
            "file_path": "/data/shapenet_blender/all_50_random/02958343/2ccdd6d8db5a366f93680c5a9a367b4a/r_40",
            "rotation": 0.12566370614359174,
            "transform_matrix": [
                [
                    0.3012843132019043,
                    -0.07771757990121841,
                    -0.9503618478775024,
                    -3.831031322479248
                ],
                [
                    -0.9535343647003174,
                    -0.024556104093790054,
                    -0.30028191208839417,
                    -1.210475206375122
                ],
                [
                    0.0,
                    0.9966728687286377,
                    -0.08150475472211838,
                    -0.32855620980262756
                ],
                [
                    0.0,
                    0.0,
                    0.0,
                    1.0
                ]
            ]
        },
        {
            "file_path": "/data/shapenet_blender/all_50_random/02958343/2ccdd6d8db5a366f93680c5a9a367b4a/r_41",
            "rotation": 0.12566370614359174,
            "transform_matrix": [
                [
                    -0.49904438853263855,
                    -0.40873557329177856,
                    -0.7641267776489258,
                    -3.080293893814087
                ],
                [
                    -0.8665763735771179,
                    0.2353828400373459,
                    0.44004571437835693,
                    1.7738810777664185
