{
    "class": "02958343",
    "model": "be1929020e6bb4c9c2920de4c5efc2ee",
    "remove_doubles": true,
    "edge_split": true,
    "denoise": true,
    "camera_angle_x": 0.6911112070083618,
    "scale_factor": 2.2865949636135285,
    "hdri_file": "/data/IndoorHDRDataset2018/AG8A8542-042a892f91.exr",
    "center_offset": [
        0.0,
        -2.561137080192566e-09,
        -3.725290298461914e-09
    ],
    "lights": [],
    "frames": [
        {
            "file_path": "/data/shapenet_blender/all_50_random/02958343/be1929020e6bb4c9c2920de4c5efc2ee/r_0",
            "rotation": 0.12566370614359174,
            "transform_matrix": [
                [
                    0.8421652317047119,
                    -0.0388762541115284,
                    0.5378164052963257,
                    2.1680073738098145
                ],
                [
                    0.5392196774482727,
                    0.06071779504418373,
                    -0.839973509311676,
                    -3.3860414028167725
                ],
                [
                    0.0,
                    0.9973974823951721,
                    0.07209726423025131,
                    0.2906333804130554
                ],
                [
                    0.0,
                    0.0,
                    0.0,
                    1.0
                ]
            ]
        },
        {
            "file_path": "/data/shapenet_blender/all_50_random/02958343/be1929020e6bb4c9c2920de4c5efc2ee/r_1",
            "rotation": 0.12566370614359174,
            "transform_matrix": [
                [
                    -0.909417986869812,
                    -0.09775728732347488,
                    -0.40423062443733215,
                    -1.6295056343078613
                ],
                [
                    -0.41588327288627625,
                    0.21376729011535645,
                    0.8839370012283325,
                    3.5632638931274414
                ],
                [
                    0.0,
                    0.9719809293746948,
                    -0.235059455037117,
                    -0.9475549459457397
                ],
                [
                    0.0,
                    0.0,
                    0.0,
                    1.0
                ]
            ]
        },
        {
            "file_path": "/data/shapenet_blender/all_50_random/02958343/be1929020e6bb4c9c2920de4c5efc2ee/r_2",
            "rotation": 0.12566370614359174,
            "transform_matrix": [
                [
                    0.8489598631858826,
                    -0.5247993469238281,
                    0.0620715357363224,
                    0.25021836161613464
                ],
                [
                    0.528457522392273,
                    0.8430830836296082,
                    -0.09971708059310913,
                    -0.4019724130630493
                ],
                [
                    0.0,
                    0.11745758354663849,
                    0.9930778741836548,
                    4.003224849700928
                ],
                [
                    0.0,
                    0.0,
                    0.0,
                    1.0
                ]
            ]
        },
        {
            "file_path": "/data/shapenet_blender/all_50_random/02958343/be1929020e6bb4c9c2920de4c5efc2ee/r_3",
            "rotation": 0.12566370614359174,
            "transform_matrix": [
                [
                    -0.9028617143630981,
                    0.18894000351428986,
                    0.38618966937065125,
                    1.556780457496643
                ],
                [
                    0.4299311935901642,
                    0.3967767357826233,
                    0.8110038638114929,
                    3.269261360168457
                ],
                [
                    0.0,
                    0.8982594013214111,
                    -0.43946564197540283,
                    -1.7715427875518799
                ],
                [
                    0.0,
                    0.0,
                    0.0,
                    1.0
                ]
            ]
        },
        {
            "file_path": "/data/shapenet_blender/all_50_random/02958343/be1929020e6bb4c9c2920de4c5efc2ee/r_4",
            "rotation": 0.12566370614359174,
            "transform_matrix": [
                [
                    0.7918135523796082,
                    -0.18649858236312866,
                    0.5815922617912292,
                    2.3444736003875732
                ],
                [
                    0.6107629537582397,
                    0.241783007979393,
                    -0.7539957165718079,
                    -3.039454221725464
                ],
                [
                    0.0,
                    0.9522390961647034,
                    0.30535343289375305,
                    1.2309191226959229
                ],
                [
                    0.0,
                    0.0,
                    0.0,
                    1.0
                ]
            ]
        },
        {
            "file_path": "/data/shapenet_blender/all_50_random/02958343/be1929020e6bb4c9c2920de4c5efc2ee/r_5",
            "rotation": 0.12566370614359174,
            "transform_matrix": [
                [
                    0.39664390683174133,
                    -0.478989839553833,
                    0.7830978631973267,
                    3.156768560409546
                ],
                [
                    0.9179725050926208,
                    0.20696523785591125,
                    -0.3383663594722748,
                    -1.3639984130859375
                ],
                [
                    1.4901160305669237e-08,
                    0.8530732989311218,
                    0.5217910408973694,
                    2.1034069061279297
                ],
                [
                    0.0,
                    0.0,
                    0.0,
                    1.0
                ]
            ]
        },
        {
            "file_path": "/data/shapenet_blender/all_50_random/02958343/be1929020e6bb4c9c2920de4c5efc2ee/r_6",
            "rotation": 0.12566370614359174,
            "transform_matrix": [
                [
                    -0.9982646107673645,
                    0.05637773126363754,
                    0.01700812205672264,
                    0.06856194138526917
                ],
                [
                    0.05888739973306656,
                    0.9557205438613892,
                    0.2883232831954956,
                    1.1622684001922607
                ],
                [
                    0.0,
                    0.28882452845573425,
                    -0.9573819637298584,
                    -3.859330415725708
                ],
                [
                    0.0,
                    0.0,
                    0.0,
                    1.0
                ]
            ]
        },
        {
            "file_path": "/data/shapenet_blender/all_50_random/02958343/be1929020e6bb4c9c2920de4c5efc2ee/r_7",
            "rotation": 0.12566370614359174,
            "transform_matrix": [
                [
                    -0.22238177061080933,
                    0.3013806939125061,
                    0.927208662033081,
                    3.7376978397369385
                ],
                [
                    0.974959671497345,
                    0.06874291598796844,
                    0.21149007976055145,
                    0.852543830871582
                ],
                [
                    0.0,
                    0.9510226249694824,
                    -0.30912113189697266,
                    -1.2461072206497192
                ],
                [
                    0.0,
                    0.0,
                    0.0,
                    1.0
                ]
            ]
        },
        {
            "file_path": "/data/shapenet_blender/all_50_random/02958343/be1929020e6bb4c9c2920de4c5efc2ee/r_8",
            "rotation": 0.12566370614359174,
            "transform_matrix": [
                [
                    -0.2080104947090149,
                    -0.11231393367052078,
                    -0.971656858921051,
                    -3.916874408721924
                ],
                [
                    -0.9781266450881958,
                    0.02388492040336132,
                    0.20663461089134216,
                    0.8329707980155945
                ],
                [
                    0.0,
                    0.9933855533599854,
                    -0.11482556164264679,
                    -0.46287667751312256
                ],
                [
                    0.0,
                    0.0,
                    0.0,
                    1.0
                ]
            ]
        },
        {
            "file_path": "/data/shapenet_blender/all_50_random/02958343/be1929020e6bb4c9c2920de4c5efc2ee/r_9",
            "rotation": 0.12566370614359174,
            "transform_matrix": [
                [
                    -0.9958794713020325,
                    -0.015141069889068604,
                    0.08941365033388138,
                    0.36043789982795715
                ],
                [
                    0.09068655222654343,
                    -0.16627250611782074,
                    0.9819009900093079,
                    3.9581689834594727
                ],
                [
                    0.0,
                    0.9859634637832642,
                    0.16696049273014069,
                    0.6730391979217529
                ],
                [
                    0.0,
                    0.0,
                    0.0,
                    1.0
                ]
            ]
        },
        {
            "file_path": "/data/shapenet_blender/all_50_random/02958343/be1929020e6bb4c9c2920de4c5efc2ee/r_10",
            "rotation": 0.12566370614359174,
            "transform_matrix": [
                [
                    0.38152065873146057,
                    -0.1850985586643219,
                    -0.9056381583213806,
                    -3.6507441997528076
                ],
                [
                    -0.9243603944778442,
                    -0.0763976126909256,
                    -0.37379324436187744,
                    -1.5068087577819824
                ],
                [
                    -7.450581485102248e-09,
                    0.9797457456588745,
                    -0.20024505257606506,
                    -0.8072136044502258
                ],
                [
                    0.0,
                    0.0,
                    0.0,
                    1.0
                ]
            ]
        },
        {
            "file_path": "/data/shapenet_blender/all_50_random/02958343/be1929020e6bb4c9c2920de4c5efc2ee/r_11",
            "rotation": 0.12566370614359174,
            "transform_matrix": [
                [
                    0.584774374961853,
                    -0.20556962490081787,
                    -0.7847165465354919,
                    -3.1632936000823975
                ],
                [
                    -0.811195969581604,
                    -0.14819088578224182,
                    -0.5656859278678894,
                    -2.280352830886841
                ],
                [
                    0.0,
                    0.9673574566841125,
                    -0.2534155249595642,
                    -1.0215506553649902
                ],
                [
                    0.0,
                    0.0,
                    0.0,
                    1.0
                ]
            ]
        },
        {
            "file_path": "/data/shapenet_blender/all_50_random/02958343/be1929020e6bb4c9c2920de4c5efc2ee/r_12",
            "rotation": 0.12566370614359174,
            "transform_matrix": [
                [
                    -0.6757866144180298,
                    -0.2576580345630646,
                    0.6905973553657532,
                    2.7838871479034424
                ],
                [
                    0.7370972633361816,
                    -0.236226424574852,
                    0.6331545114517212,
                    2.5523276329040527
                ],
                [
                    0.0,
                    0.9369148015975952,
                    0.34955766797065735,
                    1.4091120958328247
                ],
                [
                    0.0,
                    0.0,
                    0.0,
                    1.0
                ]
            ]
        },
        {
            "file_path": "/data/shapenet_blender/all_50_random/02958343/be1929020e6bb4c9c2920de4c5efc2ee/r_13",
            "rotation": 0.12566370614359174,
            "transform_matrix": [
                [
                    0.9999924302101135,
                    0.000955847033765167,
                    0.0037808630149811506,
                    0.015241146087646484
                ],
                [
                    0.0038998168893158436,
                    -0.24509866535663605,
                    -0.9694902896881104,
                    -3.9081404209136963
                ],
                [
                    5.820766785236131e-11,
                    0.9694976210594177,
                    -0.24510052800178528,
                    -0.988031804561615
                ],
                [
                    0.0,
                    0.0,
                    0.0,
                    1.0
                ]
            ]
        },
        {
            "file_path": "/data/shapenet_blender/all_50_random/02958343/be1929020e6bb4c9c2920de4c5efc2ee/r_14",
            "rotation": 0.12566370614359174,
            "transform_matrix": [
                [
                    -0.909260094165802,
                    0.345626562833786,
                    0.23192350566387177,
                    0.9349135756492615
                ],
                [
                    0.41622862219810486,
                    0.7550284266471863,
                    0.5066417455673218,
                    2.0423381328582764
                ],
                [
                    1.4901162970204496e-08,
                    0.5572022199630737,
                    -0.8303768038749695,
                    -3.347356081008911
                ],
                [
                    0.0,
                    0.0,
                    0.0,
                    1.0
                ]
            ]
        },
        {
            "file_path": "/data/shapenet_blender/all_50_random/02958343/be1929020e6bb4c9c2920de4c5efc2ee/r_15",
            "rotation": 0.12566370614359174,
            "transform_matrix": [
                [
                    0.7011553645133972,
                    0.2177208811044693,
                    0.6789541840553284,
                    2.7369518280029297
                ],
                [
                    0.7130086421966553,
                    -0.21410143375396729,
                    -0.6676670908927917,
                    -2.6914520263671875
                ],
                [
                    0.0,
                    0.9522384405136108,
                    -0.3053552210330963,
                    -1.230926275253296
                ],
                [
                    0.0,
                    0.0,
                    0.0,
                    1.0
                ]
            ]
        },
        {
            "file_path": "/data/shapenet_blender/all_50_random/02958343/be1929020e6bb4c9c2920de4c5efc2ee/r_16",
            "rotation": 0.12566370614359174,
            "transform_matrix": [
                [
                    -0.5401906967163086,
                    -0.6429944634437561,
                    0.5429106950759888,
                    2.1885433197021484
                ],
                [
                    0.8415424823760986,
                    -0.41274163126945496,
                    0.34849733114242554,
                    1.4048378467559814
                ],
                [
                    0.0,
                    0.6451375484466553,
                    0.7640663385391235,
                    3.080050230026245
                ],
                [
                    0.0,
                    0.0,
                    0.0,
                    1.0
                ]
            ]
        },
        {
            "file_path": "/data/shapenet_blender/all_50_random/02958343/be1929020e6bb4c9c2920de4c5efc2ee/r_17",
            "rotation": 0.12566370614359174,
            "transform_matrix": [
                [
                    -0.2666293680667877,
                    0.5976337790489197,
                    -0.7561365962028503,
                    -3.048084020614624
                ],
                [
                    -0.9637991189956665,
                    -0.1653318852186203,
                    0.20918075740337372,
                    0.8432345390319824
                ],
                [
                    0.0,
                    0.7845374941825867,
                    0.6200813055038452,
                    2.4996275901794434
                ],
                [
                    0.0,
                    0.0,
                    0.0,
                    1.0
                ]
            ]
        },
        {
            "file_path": "/data/shapenet_blender/all_50_random/02958343/be1929020e6bb4c9c2920de4c5efc2ee/r_18",
            "rotation": 0.12566370614359174,
            "transform_matrix": [
                [
                    -0.013721444644033909,
                    -0.04728325828909874,
                    -0.9987872838973999,
                    -4.026240348815918
                ],
                [
                    -0.9999058842658997,
                    0.000648855697363615,
                    0.013706093654036522,
                    0.05525103211402893
                ],
                [
                    5.820766091346741e-11,
                    0.9988812804222107,
                    -0.0472877137362957,
                    -0.19062286615371704
                ],
                [
                    0.0,
                    0.0,
                    0.0,
                    1.0
                ]
            ]
        },
        {
            "file_path": "/data/shapenet_blender/all_50_random/02958343/be1929020e6bb4c9c2920de4c5efc2ee/r_19",
            "rotation": 0.12566370614359174,
            "transform_matrix": [
                [
                    -0.15490946173667908,
                    -0.09891404956579208,
                    0.9829643964767456,
                    3.962456464767456
                ],
                [
                    0.9879287481307983,
                    -0.015509947203099728,
                    0.15413103997707367,
                    0.6213221549987793
                ],
                [
                    0.0,
                    0.9949751496315002,
                    0.10012265294790268,
                    0.4036073684692383
                ],
                [
                    0.0,
                    0.0,
                    0.0,
                    1.0
                ]
            ]
        },
        {
            "file_path": "/data/shapenet_blender/all_50_random/02958343/be1929020e6bb4c9c2920de4c5efc2ee/r_20",
            "rotation": 0.12566370614359174,
            "transform_matrix": [
                [
                    0.9997806549072266,
                    -0.01991209201514721,
                    0.006489807739853859,
                    0.026161253452301025
                ],
                [
                    0.020942995324730873,
                    0.9505671858787537,
                    -0.30981165170669556,
                    -1.2488908767700195
                ],
                [
                    0.0,
                    0.30987948179244995,
                    0.9507757425308228,
                    3.832699775695801
                ],
                [
                    0.0,
                    0.0,
                    0.0,
                    1.0
                ]
            ]
        },
        {
            "file_path": "/data/shapenet_blender/all_50_random/02958343/be1929020e6bb4c9c2920de4c5efc2ee/r_21",
            "rotation": 0.12566370614359174,
            "transform_matrix": [
                [
                    -0.2940073013305664,
                    -0.5926030278205872,
                    0.7499208450317383,
                    3.0230276584625244
                ],
                [
                    0.9558031558990479,
                    -0.1822860836982727,
                    0.23067741096019745,
                    0.9298903942108154
                ],
                [
                    -1.4901161193847656e-08,
                    0.7845975756645203,
                    0.6200053095817566,
                    2.499321460723877
                ],
                [
                    0.0,
                    0.0,
                    0.0,
                    1.0
                ]
            ]
        },
        {
            "file_path": "/data/shapenet_blender/all_50_random/02958343/be1929020e6bb4c9c2920de4c5efc2ee/r_22",
            "rotation": 0.12566370614359174,
            "transform_matrix": [
                [
                    0.8301641345024109,
                    -0.21437422931194305,
                    -0.5146563649177551,
                    -2.074646234512329
                ],
                [
                    -0.5575190186500549,
                    -0.3192102611064911,
                    -0.7663401961326599,
                    -3.0892162322998047
                ],
                [
                    0.0,
                    0.9231190085411072,
                    -0.38451454043388367,
                    -1.5500277280807495
                ],
                [
                    0.0,
                    0.0,
                    0.0,
                    1.0
                ]
            ]
        },
        {
            "file_path": "/data/shapenet_blender/all_50_random/02958343/be1929020e6bb4c9c2920de4c5efc2ee/r_23",
            "rotation": 0.12566370614359174,
            "transform_matrix": [
                [
                    -0.6851370334625244,
                    0.12360081076622009,
                    -0.717850923538208,
                    -2.893749713897705
                ],
                [
                    -0.7284140586853027,
                    -0.11625736951828003,
                    0.6752015352249146,
                    2.7218244075775146
                ],
                [
                    0.0,
                    0.985498309135437,
                    0.16968481242656708,
                    0.6840213537216187
                ],
                [
                    0.0,
                    0.0,
                    0.0,
                    1.0
                ]
            ]
        },
        {
            "file_path": "/data/shapenet_blender/all_50_random/02958343/be1929020e6bb4c9c2920de4c5efc2ee/r_24",
            "rotation": 0.12566370614359174,
            "transform_matrix": [
                [
                    0.13429659605026245,
                    -0.5703492164611816,
                    -0.8103493452072144,
                    -3.26662278175354
                ],
                [
                    -0.9909411668777466,
                    -0.077296182513237,
                    -0.10982202738523483,
                    -0.44270676374435425
                ],
                [
                    -7.450580596923828e-09,
                    0.8177573084831238,
                    -0.5755631327629089,
                    -2.32016921043396
                ],
                [
                    0.0,
                    0.0,
                    0.0,
                    1.0
                ]
            ]
        },
        {
            "file_path": "/data/shapenet_blender/all_50_random/02958343/be1929020e6bb4c9c2920de4c5efc2ee/r_25",
            "rotation": 0.12566370614359174,
            "transform_matrix": [
                [
                    -0.36288344860076904,
                    0.02364407107234001,
                    -0.9315345287322998,
                    -3.7551357746124268
                ],
                [
                    -0.9318345785140991,
                    -0.009207689203321934,
                    0.3627666234970093,
                    1.462359070777893
                ],
                [
                    -9.313225746154785e-10,
                    0.9996780753135681,
                    0.025373678654432297,
                    0.10228457301855087
                ],
                [
                    0.0,
                    0.0,
                    0.0,
                    1.0
                ]
            ]
        },
        {
            "file_path": "/data/shapenet_blender/all_50_random/02958343/be1929020e6bb4c9c2920de4c5efc2ee/r_26",
            "rotation": 0.12566370614359174,
            "transform_matrix": [
                [
                    -0.7590598464012146,
                    0.1661502569913864,
                    -0.6294618248939514,
                    -2.5374419689178467
                ],
                [
                    -0.651020884513855,
                    -0.1937234103679657,
                    0.7339230179786682,
                    2.95853853225708
                ],
                [
                    7.450580596923828e-09,
                    0.9668843150138855,
                    0.2552149295806885,
                    1.0288044214248657
                ],
                [
                    0.0,
                    0.0,
                    0.0,
                    1.0
                ]
            ]
        },
        {
            "file_path": "/data/shapenet_blender/all_50_random/02958343/be1929020e6bb4c9c2920de4c5efc2ee/r_27",
            "rotation": 0.12566370614359174,
            "transform_matrix": [
                [
                    -0.20114292204380035,
                    0.24909016489982605,
                    -0.9473624229431152,
                    -3.8189401626586914
                ],
                [
                    -0.979561984539032,
                    -0.05114808678627014,
                    0.19453106820583344,
                    0.7841798067092896
                ],
                [
                    0.0,
                    0.9671286940574646,
                    0.2542873024940491,
                    1.0250649452209473
                ],
                [
                    0.0,
                    0.0,
                    0.0,
                    1.0
                ]
            ]
        },
        {
            "file_path": "/data/shapenet_blender/all_50_random/02958343/be1929020e6bb4c9c2920de4c5efc2ee/r_28",
            "rotation": 0.12566370614359174,
            "transform_matrix": [
                [
                    -0.6990174055099487,
                    -0.4344254434108734,
                    -0.5680220723152161,
                    -2.2897703647613525
                ],
                [
                    -0.7151046395301819,
                    0.42465245723724365,
                    0.5552436709403992,
                    2.2382590770721436
                ],
                [
                    -1.4901161193847656e-08,
                    0.7943202257156372,
                    -0.6074991226196289,
                    -2.4489076137542725
                ],
                [
                    0.0,
                    0.0,
                    0.0,
                    1.0
                ]
            ]
        },
        {
            "file_path": "/data/shapenet_blender/all_50_random/02958343/be1929020e6bb4c9c2920de4c5efc2ee/r_29",
            "rotation": 0.12566370614359174,
            "transform_matrix": [
                [
                    -0.9814652800559998,
                    -0.024059947580099106,
                    -0.1901235580444336,
                    -0.766412615776062
                ],
                [
                    -0.19163990020751953,
                    0.12322071194648743,
                    0.9736995100975037,
                    3.9251084327697754
                ],
                [
                    1.862645149230957e-09,
                    0.9920874834060669,
                    -0.12554770708084106,
                    -0.5060990452766418
                ],
                [
                    0.0,
                    0.0,
                    0.0,
                    1.0
                ]
            ]
        },
        {
            "file_path": "/data/shapenet_blender/all_50_random/02958343/be1929020e6bb4c9c2920de4c5efc2ee/r_30",
            "rotation": 0.12566370614359174,
            "transform_matrix": [
                [
                    -0.6004393100738525,
                    0.6239867806434631,
                    0.5001130104064941,
                    2.0160202980041504
                ],
                [
                    0.7996701598167419,
                    0.46852588653564453,
                    0.3755142092704773,
                    1.5137462615966797
                ],
                [
                    1.4901158529312397e-08,
                    0.6253990530967712,
                    -0.7803049683570862,
                    -3.145510196685791
                ],
                [
                    0.0,
                    0.0,
                    0.0,
                    1.0
                ]
            ]
        },
        {
            "file_path": "/data/shapenet_blender/all_50_random/02958343/be1929020e6bb4c9c2920de4c5efc2ee/r_31",
            "rotation": 0.12566370614359174,
            "transform_matrix": [
                [
                    -0.0813925564289093,
                    0.10531889647245407,
                    0.9911019206047058,
                    3.9952597618103027
                ],
                [
                    0.9966821074485779,
                    0.008600710891187191,
                    0.08093686401844025,
                    0.32626697421073914
                ],
                [
                    0.0,
                    0.9944011569023132,
                    -0.10566949844360352,
                    -0.42596739530563354
                ],
                [
                    0.0,
                    0.0,
                    0.0,
                    1.0
                ]
            ]
        },
        {
            "file_path": "/data/shapenet_blender/all_50_random/02958343/be1929020e6bb4c9c2920de4c5efc2ee/r_32",
            "rotation": 0.12566370614359174,
            "transform_matrix": [
                [
                    -0.9468016028404236,
                    0.21104593575000763,
                    0.24295319616794586,
                    0.9793757200241089
                ],
                [
                    0.3218177258968353,
                    0.6209061741828918,
                    0.71477872133255,
                    2.8813655376434326
                ],
                [
                    0.0,
                    0.7549403309822083,
                    -0.655793309211731,
                    -2.643587589263916
                ],
                [
                    0.0,
                    0.0,
                    0.0,
                    1.0
                ]
            ]
        },
        {
            "file_path": "/data/shapenet_blender/all_50_random/02958343/be1929020e6bb4c9c2920de4c5efc2ee/r_33",
            "rotation": 0.12566370614359174,
            "transform_matrix": [
                [
                    0.21266478300094604,
                    0.28750571608543396,
                    0.9338705539703369,
                    3.764552354812622
                ],
                [
                    0.9771252274513245,
                    -0.06257370114326477,
                    -0.2032507061958313,
                    -0.8193297386169434
                ],
                [
                    0.0,
                    0.9557326436042786,
                    -0.29423633217811584,
                    -1.1861045360565186
                ],
                [
                    0.0,
                    0.0,
                    0.0,
                    1.0
                ]
            ]
        },
        {
            "file_path": "/data/shapenet_blender/all_50_random/02958343/be1929020e6bb4c9c2920de4c5efc2ee/r_34",
            "rotation": 0.12566370614359174,
            "transform_matrix": [
                [
                    0.9948910474777222,
                    0.06945853680372238,
                    -0.07326235622167587,
                    -0.2953300178050995
                ],
                [
                    -0.10095474869012833,
                    0.6845014691352844,
                    -0.7219874262809753,
                    -2.9104244709014893
                ],
                [
                    0.0,
                    0.7256949543952942,
                    0.6880165934562683,
                    2.7734835147857666
                ],
                [
                    0.0,
                    0.0,
                    0.0,
                    1.0
                ]
            ]
        },
        {
            "file_path": "/data/shapenet_blender/all_50_random/02958343/be1929020e6bb4c9c2920de4c5efc2ee/r_35",
            "rotation": 0.12566370614359174,
            "transform_matrix": [
                [
                    0.929499626159668,
                    0.05786677822470665,
                    -0.36425524950027466,
                    -1.4683598279953003
                ],
                [
                    -0.3688230514526367,
                    0.1458345651626587,
                    -0.9179879426956177,
                    -3.7005276679992676
                ],
                [
                    3.7252898543727042e-09,
                    0.987615168094635,
                    0.15689577162265778,
                    0.6324670910835266
                ],
                [
                    0.0,
                    0.0,
                    0.0,
                    1.0
                ]
            ]
        },
        {
            "file_path": "/data/shapenet_blender/all_50_random/02958343/be1929020e6bb4c9c2920de4c5efc2ee/r_36",
            "rotation": 0.12566370614359174,
            "transform_matrix": [
                [
                    0.2111806571483612,
                    0.4756050705909729,
                    -0.8539334535598755,
                    -3.4423160552978516
                ],
                [
                    -0.9774470329284668,
                    0.10275604575872421,
                    -0.18449513614177704,
                    -0.7437237501144409
                ],
                [
                    0.0,
                    0.8736366033554077,
                    0.4865788519382477,
                    1.9614622592926025
                ],
                [
                    0.0,
                    0.0,
                    0.0,
                    1.0
                ]
            ]
        },
        {
            "file_path": "/data/shapenet_blender/all_50_random/02958343/be1929020e6bb4c9c2920de4c5efc2ee/r_37",
            "rotation": 0.12566370614359174,
            "transform_matrix": [
                [
                    0.1317688524723053,
                    0.008577758446335793,
                    -0.9912433624267578,
                    -3.9958295822143555
                ],
                [
                    -0.9912804365158081,
                    0.0011402236996218562,
                    -0.13176392018795013,
                    -0.531157374382019
                ],
                [
                    0.0,
                    0.999962568283081,
                    0.008653209544718266,
                    0.03488220274448395
                ],
                [
                    0.0,
                    0.0,
                    0.0,
                    1.0
                ]
            ]
        },
        {
            "file_path": "/data/shapenet_blender/all_50_random/02958343/be1929020e6bb4c9c2920de4c5efc2ee/r_38",
            "rotation": 0.12566370614359174,
            "transform_matrix": [
                [
                    0.9139324426651001,
                    -0.11479785293340683,
                    0.38929298520088196,
                    1.5692901611328125
                ],
                [
                    0.40586647391319275,
                    0.25850245356559753,
                    -0.8766121864318848,
                    -3.5337367057800293
                ],
                [
                    0.0,
                    0.9591651558876038,
                    0.2828464210033417,
                    1.1401903629302979
                ],
                [
                    0.0,
                    0.0,
                    0.0,
                    1.0
                ]
            ]
        },
        {
            "file_path": "/data/shapenet_blender/all_50_random/02958343/be1929020e6bb4c9c2920de4c5efc2ee/r_39",
            "rotation": 0.12566370614359174,
            "transform_matrix": [
                [
                    -0.041387513279914856,
                    -0.12338034063577652,
                    -0.9914960861206055,
                    -3.9968481063842773
                ],
                [
                    -0.9991432428359985,
                    0.005110783968120813,
                    0.04107074439525604,
                    0.16556145250797272
                ],
                [
                    0.0,
                    0.9923462867736816,
                    -0.12348615378141403,
                    -0.49778854846954346
                ],
                [
                    0.0,
                    0.0,
                    0.0,
                    1.0
                ]
            ]
        },
        {
            "file_path": "/data/shapenet_blender/all_50_random/02958343/be1929020e6bb4c9c2920de4c5efc2ee/r_40",
            "rotation": 0.12566370614359174,
            "transform_matrix": [
                [
                    -0.5649245381355286,
                    -0.7088267803192139,
                    -0.4224037230014801,
                    -1.7027640342712402
                ],
                [
                    -0.8251426815986633,
                    0.48529019951820374,
                    0.28919389843940735,
                    1.1657780408859253
                ],
                [
                    0.0,
                    0.511915922164917,
                    -0.8590353727340698,
                    -3.4628825187683105
                ],
                [
                    0.0,
                    0.0,
                    0.0,
                    1.0
                ]
            ]
        },
        {
            "file_path": "/data/shapenet_blender/all_50_random/02958343/be1929020e6bb4c9c2920de4c5efc2ee/r_41",
            "rotation": 0.12566370614359174,
            "transform_matrix": [
                [
                    -0.9925559759140015,
                    -0.11165009438991547,
                    0.048651453107595444,
                    0.1961202770471573
                ],
                [
                    0.1217896044254303,
                    -0.9099213480949402,
                    0.39649760723114014,
                    1.5983330011367798
                ],
                [
                    0.0,
                    0.399471253156662,
                    0.9167457222938538,
