{
    "class": "02958343",
    "model": "c5b67d87b22583dc13ca2951bd3ea3d2",
    "remove_doubles": true,
    "edge_split": true,
    "denoise": true,
    "camera_angle_x": 0.6911112070083618,
    "scale_factor": 2.2246296762600184,
    "hdri_file": "/data/IndoorHDRDataset2018/9C4A0286-fb330a56ab.exr",
    "center_offset": [
        0.0,
        -1.862645149230957e-09,
        -1.862645149230957e-09
    ],
    "lights": [],
    "frames": [
        {
            "file_path": "/data/shapenet_blender/all_50_random/02958343/c5b67d87b22583dc13ca2951bd3ea3d2/r_0",
            "rotation": 0.12566370614359174,
            "transform_matrix": [
                [
                    0.2003169059753418,
                    -0.03744606673717499,
                    0.9790152907371521,
                    3.9465367794036865
                ],
                [
                    0.9797310829162598,
                    0.0076562645845115185,
                    -0.20017056167125702,
                    -0.8069133162498474
                ],
                [
                    0.0,
                    0.9992693066596985,
                    0.03822075575590134,
                    0.15407279133796692
                ],
                [
                    0.0,
                    0.0,
                    0.0,
                    1.0
                ]
            ]
        },
        {
            "file_path": "/data/shapenet_blender/all_50_random/02958343/c5b67d87b22583dc13ca2951bd3ea3d2/r_1",
            "rotation": 0.12566370614359174,
            "transform_matrix": [
                [
                    -0.8846211433410645,
                    0.37955033779144287,
                    -0.27090057730674744,
                    -1.0920352935791016
                ],
                [
                    -0.46631067991256714,
                    -0.720031201839447,
                    0.5139157176017761,
                    2.0716607570648193
                ],
                [
                    1.4901162970204496e-08,
                    0.5809445977210999,
                    0.8139430284500122,
                    3.281109571456909
                ],
                [
                    0.0,
                    0.0,
                    0.0,
                    1.0
                ]
            ]
        },
        {
            "file_path": "/data/shapenet_blender/all_50_random/02958343/c5b67d87b22583dc13ca2951bd3ea3d2/r_2",
            "rotation": 0.12566370614359174,
            "transform_matrix": [
                [
                    -0.1768055558204651,
                    -0.8314563035964966,
                    0.526706874370575,
                    2.1232235431671143
                ],
                [
                    0.9842458963394165,
                    -0.1493591070175171,
                    0.09461527317762375,
                    0.38140639662742615
                ],
                [
                    7.450581485102248e-09,
                    0.5351375341415405,
                    0.8447648286819458,
                    3.4053561687469482
                ],
                [
                    0.0,
                    0.0,
                    0.0,
                    1.0
                ]
            ]
        },
        {
            "file_path": "/data/shapenet_blender/all_50_random/02958343/c5b67d87b22583dc13ca2951bd3ea3d2/r_3",
            "rotation": 0.12566370614359174,
            "transform_matrix": [
                [
                    -0.32162702083587646,
                    -0.8616377711296082,
                    0.39260223507881165,
                    1.5826303958892822
                ],
                [
                    0.946866512298584,
                    -0.2926769256591797,
                    0.1333572119474411,
                    0.5375801920890808
                ],
                [
                    0.0,
                    0.4146331548690796,
                    0.9099885821342468,
                    3.6682815551757812
                ],
                [
                    0.0,
                    0.0,
                    0.0,
                    1.0
                ]
            ]
        },
        {
            "file_path": "/data/shapenet_blender/all_50_random/02958343/c5b67d87b22583dc13ca2951bd3ea3d2/r_4",
            "rotation": 0.12566370614359174,
            "transform_matrix": [
                [
                    0.08948320895433426,
                    0.024610668420791626,
                    0.9956841468811035,
                    4.013731479644775
                ],
                [
                    0.9959884285926819,
                    -0.002211111830547452,
                    -0.08945587277412415,
                    -0.36060819029808044
                ],
                [
                    0.0,
                    0.9996946454048157,
                    -0.02470979280769825,
                    -0.09960836917161942
                ],
                [
                    0.0,
                    0.0,
                    0.0,
                    1.0
                ]
            ]
        },
        {
            "file_path": "/data/shapenet_blender/all_50_random/02958343/c5b67d87b22583dc13ca2951bd3ea3d2/r_5",
            "rotation": 0.12566370614359174,
            "transform_matrix": [
                [
                    -0.39631858468055725,
                    -0.06370088458061218,
                    0.9159005284309387,
                    3.692113161087036
                ],
                [
                    0.9181130528450012,
                    -0.027497529983520508,
                    0.3953635096549988,
                    1.5937613248825073
                ],
                [
                    -3.725290298461914e-09,
                    0.9975901246070862,
                    0.06938239187002182,
                    0.27968937158584595
                ],
                [
                    0.0,
                    0.0,
                    0.0,
                    1.0
                ]
            ]
        },
        {
            "file_path": "/data/shapenet_blender/all_50_random/02958343/c5b67d87b22583dc13ca2951bd3ea3d2/r_6",
            "rotation": 0.12566370614359174,
            "transform_matrix": [
                [
                    -0.9999862313270569,
                    -0.004509285558015108,
                    -0.0026860833168029785,
                    -0.010827948339283466
                ],
                [
                    -0.005248685367405415,
                    0.8591147661209106,
                    0.5117560029029846,
                    2.0629544258117676
                ],
                [
                    0.0,
                    0.5117630958557129,
                    -0.859126627445221,
                    -3.463250160217285
                ],
                [
                    0.0,
                    0.0,
                    0.0,
                    1.0
                ]
            ]
        },
        {
            "file_path": "/data/shapenet_blender/all_50_random/02958343/c5b67d87b22583dc13ca2951bd3ea3d2/r_7",
            "rotation": 0.12566370614359174,
            "transform_matrix": [
                [
                    -0.9377334713935852,
                    0.06591293960809708,
                    -0.3410448133945465,
                    -1.37479567527771
                ],
                [
                    -0.34735584259033203,
                    -0.17794078588485718,
                    0.9206959009170532,
                    3.7114439010620117
                ],
                [
                    -7.450581485102248e-09,
                    0.9818311333656311,
                    0.18975624442100525,
                    0.7649319171905518
                ],
                [
                    0.0,
                    0.0,
                    0.0,
                    1.0
                ]
            ]
        },
        {
            "file_path": "/data/shapenet_blender/all_50_random/02958343/c5b67d87b22583dc13ca2951bd3ea3d2/r_8",
            "rotation": 0.12566370614359174,
            "transform_matrix": [
                [
                    -0.8743634819984436,
                    -0.15099802613258362,
                    -0.46118128299713135,
                    -1.8590812683105469
                ],
                [
                    -0.4852716624736786,
                    0.2720685601234436,
                    0.8309573531150818,
                    3.349696159362793
                ],
                [
                    1.4901161193847656e-08,
                    0.9503568410873413,
                    -0.3111618757247925,
                    -1.2543336153030396
                ],
                [
                    0.0,
                    0.0,
                    0.0,
                    1.0
                ]
            ]
        },
        {
            "file_path": "/data/shapenet_blender/all_50_random/02958343/c5b67d87b22583dc13ca2951bd3ea3d2/r_9",
            "rotation": 0.12566370614359174,
            "transform_matrix": [
                [
                    0.9802900552749634,
                    -0.08075196295976639,
                    -0.1803070604801178,
                    -0.7268410325050354
                ],
                [
                    -0.19756394624710083,
                    -0.40068215131759644,
                    -0.8946632742881775,
                    -3.6065030097961426
                ],
                [
                    -7.450580596923828e-09,
                    0.9126515984535217,
                    -0.4087383449077606,
                    -1.647676944732666
                ],
                [
                    0.0,
                    0.0,
                    0.0,
                    1.0
                ]
            ]
        },
        {
            "file_path": "/data/shapenet_blender/all_50_random/02958343/c5b67d87b22583dc13ca2951bd3ea3d2/r_10",
            "rotation": 0.12566370614359174,
            "transform_matrix": [
                [
                    -0.9906446933746338,
                    0.004048200324177742,
                    0.13640642166137695,
                    0.5498718619346619
                ],
                [
                    0.13646648824214935,
                    0.029386909678578377,
                    0.9902087450027466,
                    3.991659164428711
                ],
                [
                    0.0,
                    0.9995599389076233,
                    -0.029664427042007446,
                    -0.11958113312721252
                ],
                [
                    0.0,
                    0.0,
                    0.0,
                    1.0
                ]
            ]
        },
        {
            "file_path": "/data/shapenet_blender/all_50_random/02958343/c5b67d87b22583dc13ca2951bd3ea3d2/r_11",
            "rotation": 0.12566370614359174,
            "transform_matrix": [
                [
                    -0.22204484045505524,
                    0.8539419770240784,
                    -0.4706157147884369,
                    -1.8971126079559326
                ],
                [
                    -0.9750365614891052,
                    -0.19446799159049988,
                    0.10717320442199707,
                    0.43202900886535645
                ],
                [
                    7.450581485102248e-09,
                    0.48266470432281494,
                    0.8758051991462708,
                    3.5304837226867676
                ],
                [
                    0.0,
                    0.0,
                    0.0,
                    1.0
                ]
            ]
        },
        {
            "file_path": "/data/shapenet_blender/all_50_random/02958343/c5b67d87b22583dc13ca2951bd3ea3d2/r_12",
            "rotation": 0.12566370614359174,
            "transform_matrix": [
                [
                    -0.18475133180618286,
                    -0.23687589168548584,
                    0.9538117051124573,
                    3.844938039779663
                ],
                [
                    0.9827853441238403,
                    -0.04452969506382942,
                    0.17930464446544647,
                    0.7228001356124878
                ],
                [
                    -3.725290298461914e-09,
                    0.9705188870429993,
                    0.24102507531642914,
                    0.9716031551361084
                ],
                [
                    0.0,
                    0.0,
                    0.0,
                    1.0
                ]
            ]
        },
        {
            "file_path": "/data/shapenet_blender/all_50_random/02958343/c5b67d87b22583dc13ca2951bd3ea3d2/r_13",
            "rotation": 0.12566370614359174,
            "transform_matrix": [
                [
                    -0.5433422327041626,
                    0.6209366917610168,
                    0.5649926662445068,
                    2.2775585651397705
                ],
                [
                    0.8395112752914429,
                    0.4018780589103699,
                    0.365670382976532,
                    1.474064588546753
                ],
                [
                    -1.4901161193847656e-08,
                    0.6730019450187683,
                    -0.7396405935287476,
                    -2.9815869331359863
                ],
                [
                    0.0,
                    0.0,
                    0.0,
                    1.0
                ]
            ]
        },
        {
            "file_path": "/data/shapenet_blender/all_50_random/02958343/c5b67d87b22583dc13ca2951bd3ea3d2/r_14",
            "rotation": 0.12566370614359174,
            "transform_matrix": [
                [
                    0.017075447365641594,
                    0.8466861844062805,
                    0.5318185687065125,
                    2.143829107284546
                ],
                [
                    0.9998541474342346,
                    -0.014459654688835144,
                    -0.009082364849746227,
                    -0.03661218285560608
                ],
                [
                    0.0,
                    0.5318960547447205,
                    -0.8468096256256104,
                    -3.4135987758636475
                ],
                [
                    0.0,
                    0.0,
                    0.0,
                    1.0
                ]
            ]
        },
        {
            "file_path": "/data/shapenet_blender/all_50_random/02958343/c5b67d87b22583dc13ca2951bd3ea3d2/r_15",
            "rotation": 0.12566370614359174,
            "transform_matrix": [
                [
                    -0.5321601629257202,
                    0.40018075704574585,
                    -0.7460970878601074,
                    -3.0076136589050293
                ],
                [
                    -0.8466437458992004,
                    -0.25153467059135437,
                    0.46896132826805115,
                    1.8904435634613037
                ],
                [
                    0.0,
                    0.8812409043312073,
                    0.47266727685928345,
                    1.905382752418518
                ],
                [
                    0.0,
                    0.0,
                    0.0,
                    1.0
                ]
            ]
        },
        {
            "file_path": "/data/shapenet_blender/all_50_random/02958343/c5b67d87b22583dc13ca2951bd3ea3d2/r_16",
            "rotation": 0.12566370614359174,
            "transform_matrix": [
                [
                    0.5175617337226868,
                    0.3188546895980835,
                    0.7940160036087036,
                    3.2007808685302734
                ],
                [
                    0.8556458353996277,
                    -0.19286833703517914,
                    -0.4802832305431366,
                    -1.9360836744308472
                ],
                [
                    -1.4901161193847656e-08,
                    0.927972674369812,
                    -0.3726480007171631,
                    -1.5021921396255493
                ],
                [
                    0.0,
                    0.0,
                    0.0,
                    1.0
                ]
            ]
        },
        {
            "file_path": "/data/shapenet_blender/all_50_random/02958343/c5b67d87b22583dc13ca2951bd3ea3d2/r_17",
            "rotation": 0.12566370614359174,
            "transform_matrix": [
                [
                    0.07891815155744553,
                    0.21182513236999512,
                    -0.9741160869598389,
                    -3.9267871379852295
                ],
                [
                    -0.9968811273574829,
                    0.016769150272011757,
                    -0.07711596041917801,
                    -0.31086432933807373
                ],
                [
                    0.0,
                    0.9771636724472046,
                    0.21248789131641388,
                    0.8565660119056702
                ],
                [
                    0.0,
                    0.0,
                    0.0,
                    1.0
                ]
            ]
        },
        {
            "file_path": "/data/shapenet_blender/all_50_random/02958343/c5b67d87b22583dc13ca2951bd3ea3d2/r_18",
            "rotation": 0.12566370614359174,
            "transform_matrix": [
                [
                    -0.7118504047393799,
                    0.3515630066394806,
                    -0.6080069541931152,
                    -2.4509544372558594
                ],
                [
                    -0.7023311257362366,
                    -0.3563280403614044,
                    0.6162477731704712,
                    2.4841742515563965
                ],
                [
                    0.0,
                    0.8656984567642212,
                    0.5005658864974976,
                    2.017845630645752
                ],
                [
                    0.0,
                    0.0,
                    0.0,
                    1.0
                ]
            ]
        },
        {
            "file_path": "/data/shapenet_blender/all_50_random/02958343/c5b67d87b22583dc13ca2951bd3ea3d2/r_19",
            "rotation": 0.12566370614359174,
            "transform_matrix": [
                [
                    0.06589892506599426,
                    0.24762475490570068,
                    -0.9666122794151306,
                    -3.896538734436035
                ],
                [
                    -0.9978263974189758,
                    0.016353750601410866,
                    -0.06383746862411499,
                    -0.2573370635509491
                ],
                [
                    0.0,
                    0.9687179923057556,
                    0.24816419184207916,
                    1.0003818273544312
                ],
                [
                    0.0,
                    0.0,
                    0.0,
                    1.0
                ]
            ]
        },
        {
            "file_path": "/data/shapenet_blender/all_50_random/02958343/c5b67d87b22583dc13ca2951bd3ea3d2/r_20",
            "rotation": 0.12566370614359174,
            "transform_matrix": [
                [
                    -0.12996527552604675,
                    -0.28685101866722107,
                    0.9491181969642639,
                    3.8260180950164795
                ],
                [
                    0.9915185570716858,
                    -0.03759957104921341,
                    0.1244075745344162,
                    0.5015029907226562
                ],
                [
                    0.0,
                    0.9572368860244751,
                    0.2893047034740448,
                    1.166224718093872
                ],
                [
                    0.0,
                    0.0,
                    0.0,
                    1.0
                ]
            ]
        },
        {
            "file_path": "/data/shapenet_blender/all_50_random/02958343/c5b67d87b22583dc13ca2951bd3ea3d2/r_21",
            "rotation": 0.12566370614359174,
            "transform_matrix": [
                [
                    -0.3759612739086151,
                    -0.692639172077179,
                    0.6155518293380737,
                    2.4813690185546875
                ],
                [
                    0.9266353845596313,
                    -0.2810226082801819,
                    0.2497461885213852,
                    1.0067591667175293
                ],
                [
                    0.0,
                    0.6642871499061584,
                    0.7474774718284607,
                    3.0131783485412598
                ],
                [
                    0.0,
                    0.0,
                    0.0,
                    1.0
                ]
            ]
        },
        {
            "file_path": "/data/shapenet_blender/all_50_random/02958343/c5b67d87b22583dc13ca2951bd3ea3d2/r_22",
            "rotation": 0.12566370614359174,
            "transform_matrix": [
                [
                    -0.8800672888755798,
                    0.20631155371665955,
                    -0.4276880621910095,
                    -1.724065899848938
                ],
                [
                    -0.47484901547431946,
                    -0.3823700547218323,
                    0.7926609516143799,
                    3.1953186988830566
                ],
                [
                    0.0,
                    0.9006822109222412,
                    0.434478223323822,
                    1.7514379024505615
                ],
                [
                    0.0,
                    0.0,
                    0.0,
                    1.0
                ]
            ]
        },
        {
            "file_path": "/data/shapenet_blender/all_50_random/02958343/c5b67d87b22583dc13ca2951bd3ea3d2/r_23",
            "rotation": 0.12566370614359174,
            "transform_matrix": [
                [
                    -0.1668449491262436,
                    0.03376321122050285,
                    0.9854048490524292,
                    3.9722940921783447
                ],
                [
                    0.9859832525253296,
                    0.0057133035734295845,
                    0.1667470782995224,
                    0.6721789836883545
                ],
                [
                    0.0,
                    0.9994133710861206,
                    -0.03424319624900818,
                    -0.1380387395620346
                ],
                [
                    0.0,
                    0.0,
                    0.0,
                    1.0
                ]
            ]
        },
        {
            "file_path": "/data/shapenet_blender/all_50_random/02958343/c5b67d87b22583dc13ca2951bd3ea3d2/r_24",
            "rotation": 0.12566370614359174,
            "transform_matrix": [
                [
                    0.4592816233634949,
                    0.23544716835021973,
                    0.8565191030502319,
                    3.4527390003204346
                ],
                [
                    0.8882906436920166,
                    -0.12173555791378021,
                    -0.44285446405410767,
                    -1.785203456878662
                ],
                [
                    7.450580596923828e-09,
                    0.9642328023910522,
                    -0.26505646109580994,
                    -1.0684767961502075
                ],
                [
                    0.0,
                    0.0,
                    0.0,
                    1.0
                ]
            ]
        },
        {
            "file_path": "/data/shapenet_blender/all_50_random/02958343/c5b67d87b22583dc13ca2951bd3ea3d2/r_25",
            "rotation": 0.12566370614359174,
            "transform_matrix": [
                [
                    0.7948307394981384,
                    0.40076425671577454,
                    0.4556666314601898,
                    1.8368510007858276
                ],
                [
                    0.6068311929702759,
                    -0.5249231457710266,
                    -0.5968345999717712,
                    -2.405917167663574
                ],
                [
                    -1.4901161193847656e-08,
                    0.7508951425552368,
                    -0.6604213714599609,
                    -2.662243604660034
                ],
                [
                    0.0,
                    0.0,
                    0.0,
                    1.0
                ]
            ]
        },
        {
            "file_path": "/data/shapenet_blender/all_50_random/02958343/c5b67d87b22583dc13ca2951bd3ea3d2/r_26",
            "rotation": 0.12566370614359174,
            "transform_matrix": [
                [
                    -0.7936739325523376,
                    0.35364410281181335,
                    -0.4949924349784851,
                    -1.9953783750534058
                ],
                [
                    -0.6083433628082275,
                    -0.46138104796409607,
                    0.6457908749580383,
                    2.6032662391662598
                ],
                [
                    1.4901160305669237e-08,
                    0.8136727213859558,
                    0.5813232064247131,
                    2.343388795852661
                ],
                [
                    0.0,
                    0.0,
                    0.0,
                    1.0
                ]
            ]
        },
        {
            "file_path": "/data/shapenet_blender/all_50_random/02958343/c5b67d87b22583dc13ca2951bd3ea3d2/r_27",
            "rotation": 0.12566370614359174,
            "transform_matrix": [
                [
                    0.10079224407672882,
                    -0.18129420280456543,
                    0.9782501459121704,
                    3.9434523582458496
                ],
                [
                    0.9949074387550354,
                    0.018366580829024315,
                    -0.09910471737384796,
                    -0.3995038866996765
                ],
                [
                    0.0,
                    0.9832572937011719,
                    0.18222220242023468,
                    0.7345612049102783
                ],
                [
                    0.0,
                    0.0,
                    0.0,
                    1.0
                ]
            ]
        },
        {
            "file_path": "/data/shapenet_blender/all_50_random/02958343/c5b67d87b22583dc13ca2951bd3ea3d2/r_28",
            "rotation": 0.12566370614359174,
            "transform_matrix": [
                [
                    0.09599274396896362,
                    0.5475712418556213,
                    -0.8312346935272217,
                    -3.3508143424987793
                ],
                [
                    -0.9953820705413818,
                    0.05280672013759613,
                    -0.08016268163919449,
                    -0.32314610481262207
                ],
                [
                    0.0,
                    0.8350910544395447,
                    0.5501115918159485,
                    2.2175707817077637
                ],
                [
                    0.0,
                    0.0,
                    0.0,
                    1.0
                ]
            ]
        },
        {
            "file_path": "/data/shapenet_blender/all_50_random/02958343/c5b67d87b22583dc13ca2951bd3ea3d2/r_29",
            "rotation": 0.12566370614359174,
            "transform_matrix": [
                [
                    -0.11228874325752258,
                    -0.22878429293632507,
                    0.9669792652130127,
                    3.8980181217193604
                ],
                [
                    0.9936756491661072,
                    -0.025853406637907028,
                    0.10927196592092514,
                    0.44048938155174255
                ],
                [
                    -1.862645149230957e-09,
                    0.9731336832046509,
                    0.23024041950702667,
                    0.9281288385391235
                ],
                [
                    0.0,
                    0.0,
                    0.0,
                    1.0
                ]
            ]
        },
        {
            "file_path": "/data/shapenet_blender/all_50_random/02958343/c5b67d87b22583dc13ca2951bd3ea3d2/r_30",
            "rotation": 0.12566370614359174,
            "transform_matrix": [
                [
                    -0.032750487327575684,
                    0.0334656722843647,
                    -0.9989030957221985,
                    -4.026707172393799
                ],
                [
                    -0.9994635581970215,
                    -0.001096605323255062,
                    0.032732121646404266,
                    0.13194739818572998
                ],
                [
                    0.0,
                    0.9994392991065979,
                    0.03348362818360329,
                    0.1349768191576004
                ],
                [
                    0.0,
                    0.0,
                    0.0,
                    1.0
                ]
            ]
        },
        {
            "file_path": "/data/shapenet_blender/all_50_random/02958343/c5b67d87b22583dc13ca2951bd3ea3d2/r_31",
            "rotation": 0.12566370614359174,
            "transform_matrix": [
                [
                    -0.08046150952577591,
                    -0.4345313608646393,
                    0.897055447101593,
                    3.6161460876464844
                ],
                [
                    0.9967578053474426,
                    -0.03507677838206291,
                    0.07241321355104446,
                    0.29190701246261597
                ],
                [
                    3.725290742551124e-09,
                    0.8999732732772827,
                    0.4359448552131653,
                    1.757349967956543
                ],
                [
                    0.0,
                    0.0,
                    0.0,
                    1.0
                ]
            ]
        },
        {
            "file_path": "/data/shapenet_blender/all_50_random/02958343/c5b67d87b22583dc13ca2951bd3ea3d2/r_32",
            "rotation": 0.12566370614359174,
            "transform_matrix": [
                [
                    -0.9265041947364807,
                    0.0632043331861496,
                    0.37093836069107056,
                    1.495300531387329
                ],
                [
                    0.3762845993041992,
                    0.15562444925308228,
                    0.9133403897285461,
                    3.681793451309204
                ],
                [
                    -7.450581485102248e-09,
                    0.9857921600341797,
                    -0.1679694950580597,
                    -0.6771067380905151
                ],
                [
                    0.0,
                    0.0,
                    0.0,
                    1.0
                ]
            ]
        },
        {
            "file_path": "/data/shapenet_blender/all_50_random/02958343/c5b67d87b22583dc13ca2951bd3ea3d2/r_33",
            "rotation": 0.12566370614359174,
            "transform_matrix": [
                [
                    0.728157103061676,
                    0.1842859536409378,
                    0.6601711511611938,
                    2.6612350940704346
                ],
                [
                    0.6854102611541748,
                    -0.19577927887439728,
                    -0.7013438940048218,
                    -2.827207565307617
                ],
                [
                    0.0,
                    0.9631766080856323,
                    -0.268869549036026,
                    -1.0838477611541748
                ],
                [
                    0.0,
                    0.0,
                    0.0,
                    1.0
                ]
            ]
        },
        {
            "file_path": "/data/shapenet_blender/all_50_random/02958343/c5b67d87b22583dc13ca2951bd3ea3d2/r_34",
            "rotation": 0.12566370614359174,
            "transform_matrix": [
                [
                    0.8408445715904236,
                    -0.09010538458824158,
                    -0.5337241888046265,
                    -2.1515109539031982
                ],
                [
                    -0.5412766933441162,
                    -0.13997392356395721,
                    -0.8291121125221252,
                    -3.3422577381134033
                ],
                [
                    -7.450580596923828e-09,
                    0.9860467910766602,
                    -0.16646826267242432,
                    -0.671055018901825
                ],
                [
                    0.0,
                    0.0,
                    0.0,
                    1.0
                ]
            ]
        },
        {
            "file_path": "/data/shapenet_blender/all_50_random/02958343/c5b67d87b22583dc13ca2951bd3ea3d2/r_35",
            "rotation": 0.12566370614359174,
            "transform_matrix": [
                [
                    0.10717853903770447,
                    -0.09359991550445557,
                    -0.9898239970207214,
                    -3.9901084899902344
                ],
                [
                    -0.9942398071289062,
                    -0.010090023279190063,
                    -0.10670251399278641,
                    -0.43013161420822144
                ],
                [
                    -9.313225746154785e-10,
                    0.9955587387084961,
                    -0.09414219111204147,
                    -0.3794993460178375
                ],
                [
                    0.0,
                    0.0,
                    0.0,
                    1.0
                ]
            ]
        },
        {
            "file_path": "/data/shapenet_blender/all_50_random/02958343/c5b67d87b22583dc13ca2951bd3ea3d2/r_36",
            "rotation": 0.12566370614359174,
            "transform_matrix": [
                [
                    -0.7297224998474121,
                    -0.02366817370057106,
                    -0.6833335757255554,
                    -2.754606008529663
                ],
                [
                    -0.6837433576583862,
                    0.02525976672768593,
                    0.7292851209640503,
                    2.939842700958252
                ],
                [
                    0.0,
                    0.999400794506073,
                    -0.034615568816661835,
                    -0.13953983783721924
                ],
                [
                    0.0,
                    0.0,
                    0.0,
                    1.0
                ]
            ]
        },
        {
            "file_path": "/data/shapenet_blender/all_50_random/02958343/c5b67d87b22583dc13ca2951bd3ea3d2/r_37",
            "rotation": 0.12566370614359174,
            "transform_matrix": [
                [
                    -0.6016202569007874,
                    0.6184436082839966,
                    -0.5055499076843262,
                    -2.0379369258880615
                ],
                [
                    -0.7987823486328125,
                    -0.465794175863266,
                    0.3807658851146698,
                    1.5349164009094238
                ],
                [
                    2.980232594040899e-08,
                    0.6329007148742676,
                    0.7742328643798828,
                    3.121032476425171
                ],
                [
                    0.0,
                    0.0,
                    0.0,
                    1.0
                ]
            ]
        },
        {
            "file_path": "/data/shapenet_blender/all_50_random/02958343/c5b67d87b22583dc13ca2951bd3ea3d2/r_38",
            "rotation": 0.12566370614359174,
            "transform_matrix": [
                [
                    0.8254148960113525,
                    0.5377179384231567,
                    -0.17190034687519073,
                    -0.6929524540901184
                ],
                [
                    -0.5645266771316528,
                    0.7862168550491333,
                    -0.25134170055389404,
                    -1.013190746307373
                ],
                [
                    1.4901162970204496e-08,
                    0.3045036196708679,
                    0.952511191368103,
                    3.839695453643799
                ],
                [
                    0.0,
                    0.0,
                    0.0,
                    1.0
                ]
            ]
        },
        {
            "file_path": "/data/shapenet_blender/all_50_random/02958343/c5b67d87b22583dc13ca2951bd3ea3d2/r_39",
            "rotation": 0.12566370614359174,
            "transform_matrix": [
                [
                    -0.9614677429199219,
                    0.02162840962409973,
                    0.27406570315361023,
                    1.1047941446304321
                ],
                [
                    0.2749178111553192,
                    0.07564085721969604,
                    0.9584876894950867,
                    3.8637874126434326
                ],
                [
                    0.0,
                    0.9969004988670349,
                    -0.07867227494716644,
                    -0.31713807582855225
                ],
                [
                    0.0,
                    0.0,
                    0.0,
                    1.0
                ]
            ]
        },
        {
            "file_path": "/data/shapenet_blender/all_50_random/02958343/c5b67d87b22583dc13ca2951bd3ea3d2/r_40",
            "rotation": 0.12566370614359174,
            "transform_matrix": [
                [
                    0.1555408239364624,
                    0.22214871644973755,
                    -0.9625263214111328,
                    -3.880068063735962
                ],
                [
                    -0.9878295063972473,
                    0.03497890383005142,
                    -0.15155665576457977,
                    -0.6109445095062256
                ],
                [
                    0.0,
                    0.9743852019309998,
                    0.22488565742969513,
                    0.9065431356430054
                ],
                [
                    0.0,
                    0.0,
                    0.0,
                    1.0
                ]
            ]
        },
        {
            "file_path": "/data/shapenet_blender/all_50_random/02958343/c5b67d87b22583dc13ca2951bd3ea3d2/r_41",
            "rotation": 0.12566370614359174,
            "transform_matrix": [
                [
                    0.14096304774284363,
                    -0.08148126304149628,
                    0.9866560697555542,
                    3.9773378372192383
                ],
                [
                    0.9900148510932922,
                    0.011601692996919155,
                    -0.14048482477664948,
                    -0.5663124322891235
