{
    "class": "02958343",
    "model": "9e6156aea0c7e60ff7d6fd2038bf9a11",
    "remove_doubles": true,
    "edge_split": true,
    "denoise": true,
    "camera_angle_x": 0.6911112070083618,
    "scale_factor": 2.261478977695799,
    "hdri_file": "/data/IndoorHDRDataset2018/9C4A9795-6c3750de78.exr",
    "center_offset": [
        0.0,
        -9.313225746154785e-10,
        -3.725290298461914e-09
    ],
    "lights": [],
    "frames": [
        {
            "file_path": "/data/shapenet_blender/all_50_random/02958343/9e6156aea0c7e60ff7d6fd2038bf9a11/r_0",
            "rotation": 0.12566370614359174,
            "transform_matrix": [
                [
                    -0.21903596818447113,
                    0.6177695989608765,
                    0.7552376985549927,
                    3.0444605350494385
                ],
                [
                    0.9757168292999268,
                    0.13868138194084167,
                    0.16954120993614197,
                    0.6834424734115601
                ],
                [
                    0.0,
                    0.774033784866333,
                    -0.6331443190574646,
                    -2.552286386489868
                ],
                [
                    0.0,
                    0.0,
                    0.0,
                    1.0
                ]
            ]
        },
        {
            "file_path": "/data/shapenet_blender/all_50_random/02958343/9e6156aea0c7e60ff7d6fd2038bf9a11/r_1",
            "rotation": 0.12566370614359174,
            "transform_matrix": [
                [
                    -0.8621701002120972,
                    -0.04458756372332573,
                    -0.5046529769897461,
                    -2.0343213081359863
                ],
                [
                    -0.506618857383728,
                    0.07587964832782745,
                    0.8588244915008545,
                    3.4620323181152344
                ],
                [
                    0.0,
                    0.996119499206543,
                    -0.08801007270812988,
                    -0.3547799587249756
                ],
                [
                    0.0,
                    0.0,
                    0.0,
                    1.0
                ]
            ]
        },
        {
            "file_path": "/data/shapenet_blender/all_50_random/02958343/9e6156aea0c7e60ff7d6fd2038bf9a11/r_2",
            "rotation": 0.12566370614359174,
            "transform_matrix": [
                [
                    -0.19829098880290985,
                    -0.08675873279571533,
                    -0.9762958288192749,
                    -3.935574531555176
                ],
                [
                    -0.9801431894302368,
                    0.017552001401782036,
                    0.1975126415491104,
                    0.7961989641189575
                ],
                [
                    -1.862645149230957e-09,
                    0.9960746169090271,
                    -0.08851639181375504,
                    -0.3568210303783417
                ],
                [
                    0.0,
                    0.0,
                    0.0,
                    1.0
                ]
            ]
        },
        {
            "file_path": "/data/shapenet_blender/all_50_random/02958343/9e6156aea0c7e60ff7d6fd2038bf9a11/r_3",
            "rotation": 0.12566370614359174,
            "transform_matrix": [
                [
                    -0.014042927883565426,
                    0.727617621421814,
                    0.6858391165733337,
                    2.7647061347961426
                ],
                [
                    0.9999013543128967,
                    0.010218890383839607,
                    0.009632139466702938,
                    0.038828399032354355
                ],
                [
                    0.0,
                    0.6859068274497986,
                    -0.7276893258094788,
                    -2.9334096908569336
                ],
                [
                    0.0,
                    0.0,
                    0.0,
                    1.0
                ]
            ]
        },
        {
            "file_path": "/data/shapenet_blender/all_50_random/02958343/9e6156aea0c7e60ff7d6fd2038bf9a11/r_4",
            "rotation": 0.12566370614359174,
            "transform_matrix": [
                [
                    0.5584391355514526,
                    -0.6670790314674377,
                    0.49310368299484253,
                    1.9877644777297974
                ],
                [
                    0.8295454382896423,
                    0.44906890392303467,
                    -0.33195096254348755,
                    -1.338137149810791
                ],
                [
                    0.0,
                    0.5944263935089111,
                    0.8041500449180603,
                    3.2416324615478516
                ],
                [
                    0.0,
                    0.0,
                    0.0,
                    1.0
                ]
            ]
        },
        {
            "file_path": "/data/shapenet_blender/all_50_random/02958343/9e6156aea0c7e60ff7d6fd2038bf9a11/r_5",
            "rotation": 0.12566370614359174,
            "transform_matrix": [
                [
                    0.06813451647758484,
                    -0.39848482608795166,
                    0.9146406650543213,
                    3.6870343685150146
                ],
                [
                    0.9976761341094971,
                    0.0272138100117445,
                    -0.062463756650686264,
                    -0.25179946422576904
                ],
                [
                    1.862645149230957e-09,
                    0.9167709946632385,
                    0.39941301941871643,
                    1.610085368156433
                ],
                [
                    0.0,
                    0.0,
                    0.0,
                    1.0
                ]
            ]
        },
        {
            "file_path": "/data/shapenet_blender/all_50_random/02958343/9e6156aea0c7e60ff7d6fd2038bf9a11/r_6",
            "rotation": 0.12566370614359174,
            "transform_matrix": [
                [
                    -0.002526613185182214,
                    0.325499564409256,
                    0.9455386996269226,
                    3.811588764190674
                ],
                [
                    0.9999967813491821,
                    0.0008224141784012318,
                    0.002389018191024661,
                    0.009630441665649414
                ],
                [
                    -5.820766091346741e-11,
                    0.9455417990684509,
                    -0.32550057768821716,
                    -1.312134861946106
                ],
                [
                    0.0,
                    0.0,
                    0.0,
                    1.0
                ]
            ]
        },
        {
            "file_path": "/data/shapenet_blender/all_50_random/02958343/9e6156aea0c7e60ff7d6fd2038bf9a11/r_7",
            "rotation": 0.12566370614359174,
            "transform_matrix": [
                [
                    -0.7142609357833862,
                    0.13418374955654144,
                    -0.6868958473205566,
                    -2.76896595954895
                ],
                [
                    -0.6998794674873352,
                    -0.13694100081920624,
                    0.701010525226593,
                    2.82586407661438
                ],
                [
                    1.4901162970204496e-08,
                    0.9814487099647522,
                    0.19172407686710358,
                    0.7728645205497742
                ],
                [
                    0.0,
                    0.0,
                    0.0,
                    1.0
                ]
            ]
        },
        {
            "file_path": "/data/shapenet_blender/all_50_random/02958343/9e6156aea0c7e60ff7d6fd2038bf9a11/r_8",
            "rotation": 0.12566370614359174,
            "transform_matrix": [
                [
                    0.3672136664390564,
                    -0.7940056920051575,
                    0.484468013048172,
                    1.9529529809951782
                ],
                [
                    0.9301366209983826,
                    0.313469797372818,
                    -0.1912657469511032,
                    -0.7710168957710266
                ],
                [
                    0.0,
                    0.5208567976951599,
                    0.853644073009491,
                    3.4411492347717285
                ],
                [
                    0.0,
                    0.0,
                    0.0,
                    1.0
                ]
            ]
        },
        {
            "file_path": "/data/shapenet_blender/all_50_random/02958343/9e6156aea0c7e60ff7d6fd2038bf9a11/r_9",
            "rotation": 0.12566370614359174,
            "transform_matrix": [
                [
                    -0.04802098870277405,
                    -0.42073333263397217,
                    -0.9059123992919922,
                    -3.6518499851226807
                ],
                [
                    -0.9988463521003723,
                    0.02022736333310604,
                    0.043553050607442856,
                    0.17556798458099365
                ],
                [
                    -1.862645371275562e-09,
                    0.9069587588310242,
                    -0.42121925950050354,
                    -1.6979892253875732
                ],
                [
                    0.0,
                    0.0,
                    0.0,
                    1.0
                ]
            ]
        },
        {
            "file_path": "/data/shapenet_blender/all_50_random/02958343/9e6156aea0c7e60ff7d6fd2038bf9a11/r_10",
            "rotation": 0.12566370614359174,
            "transform_matrix": [
                [
                    -0.7552427053451538,
                    -0.055122777819633484,
                    0.653123140335083,
                    2.6328237056732178
                ],
                [
                    0.6554451584815979,
                    -0.06351573020219803,
                    0.7525671720504761,
                    3.0336952209472656
                ],
                [
                    0.0,
                    0.9964573979377747,
                    0.08409974724054337,
                    0.3390169143676758
                ],
                [
                    0.0,
                    0.0,
                    0.0,
                    1.0
                ]
            ]
        },
        {
            "file_path": "/data/shapenet_blender/all_50_random/02958343/9e6156aea0c7e60ff7d6fd2038bf9a11/r_11",
            "rotation": 0.12566370614359174,
            "transform_matrix": [
                [
                    0.5861905813217163,
                    -0.12646600604057312,
                    0.8002418875694275,
                    3.2258782386779785
                ],
                [
                    0.8101732730865479,
                    0.09150286763906479,
                    -0.5790048241615295,
                    -2.334043025970459
                ],
                [
                    0.0,
                    0.9877416491508484,
                    0.15609748661518097,
                    0.629249095916748
                ],
                [
                    0.0,
                    0.0,
                    0.0,
                    1.0
                ]
            ]
        },
        {
            "file_path": "/data/shapenet_blender/all_50_random/02958343/9e6156aea0c7e60ff7d6fd2038bf9a11/r_12",
            "rotation": 0.12566370614359174,
            "transform_matrix": [
                [
                    0.9932708144187927,
                    -0.061923813074827194,
                    -0.09787075221538544,
                    -0.3945296108722687
                ],
                [
                    -0.11581556499004364,
                    -0.5310781002044678,
                    -0.8393704295158386,
                    -3.383610486984253
                ],
                [
                    3.725290742551124e-09,
                    0.8450570702552795,
                    -0.5346761345863342,
                    -2.155348539352417
                ],
                [
                    0.0,
                    0.0,
                    0.0,
                    1.0
                ]
            ]
        },
        {
            "file_path": "/data/shapenet_blender/all_50_random/02958343/9e6156aea0c7e60ff7d6fd2038bf9a11/r_13",
            "rotation": 0.12566370614359174,
            "transform_matrix": [
                [
                    0.6699889302253723,
                    -0.17407391965389252,
                    0.721673846244812,
                    2.9091603755950928
                ],
                [
                    0.742371141910553,
                    0.15710146725177765,
                    -0.651309609413147,
                    -2.6255130767822266
                ],
                [
                    -7.450581485102248e-09,
                    0.9721199870109558,
                    0.23448368906974792,
                    0.9452340006828308
                ],
                [
                    0.0,
                    0.0,
                    0.0,
                    1.0
                ]
            ]
        },
        {
            "file_path": "/data/shapenet_blender/all_50_random/02958343/9e6156aea0c7e60ff7d6fd2038bf9a11/r_14",
            "rotation": 0.12566370614359174,
            "transform_matrix": [
                [
                    0.14077188074588776,
                    -0.604480504989624,
                    -0.7840833067893982,
                    -3.160740852355957
                ],
                [
                    -0.9900420308113098,
                    -0.08594973385334015,
                    -0.11148706078529358,
                    -0.44941872358322144
                ],
                [
                    0.0,
                    0.7919696569442749,
                    -0.610560417175293,
                    -2.461247682571411
                ],
                [
                    0.0,
                    0.0,
                    0.0,
                    1.0
                ]
            ]
        },
        {
            "file_path": "/data/shapenet_blender/all_50_random/02958343/9e6156aea0c7e60ff7d6fd2038bf9a11/r_15",
            "rotation": 0.12566370614359174,
            "transform_matrix": [
                [
                    0.9931563138961792,
                    -0.046870600432157516,
                    -0.10697557032108307,
                    -0.4312323033809662
                ],
                [
                    -0.11679310351610184,
                    -0.3985666334629059,
                    -0.9096724390983582,
                    -3.6670069694519043
                ],
                [
                    0.0,
                    0.9159408807754517,
                    -0.4013131260871887,
                    -1.6177449226379395
                ],
                [
                    0.0,
                    0.0,
                    0.0,
                    1.0
                ]
            ]
        },
        {
            "file_path": "/data/shapenet_blender/all_50_random/02958343/9e6156aea0c7e60ff7d6fd2038bf9a11/r_16",
            "rotation": 0.12566370614359174,
            "transform_matrix": [
                [
                    0.9527862071990967,
                    0.022121615707874298,
                    -0.3028348386287689,
                    -1.2207664251327515
                ],
                [
                    -0.30364173650741577,
                    0.06941460072994232,
                    -0.9502542614936829,
                    -3.8305976390838623
                ],
                [
                    0.0,
                    0.997342586517334,
                    0.07285431027412415,
                    0.2936851382255554
                ],
                [
                    0.0,
                    0.0,
                    0.0,
                    1.0
                ]
            ]
        },
        {
            "file_path": "/data/shapenet_blender/all_50_random/02958343/9e6156aea0c7e60ff7d6fd2038bf9a11/r_17",
            "rotation": 0.12566370614359174,
            "transform_matrix": [
                [
                    0.09543631970882416,
                    0.3978039622306824,
                    -0.9124932289123535,
                    -3.678377866744995
                ],
                [
                    -0.9954355359077454,
                    0.03813902661204338,
                    -0.08748431503772736,
                    -0.35266056656837463
                ],
                [
                    -3.725290298461914e-09,
                    0.9166772365570068,
                    0.3996281027793884,
                    1.610952377319336
                ],
                [
                    0.0,
                    0.0,
                    0.0,
                    1.0
                ]
            ]
        },
        {
            "file_path": "/data/shapenet_blender/all_50_random/02958343/9e6156aea0c7e60ff7d6fd2038bf9a11/r_18",
            "rotation": 0.12566370614359174,
            "transform_matrix": [
                [
                    -0.12799184024333954,
                    -0.08501779288053513,
                    -0.988124430179596,
                    -3.983257293701172
                ],
                [
                    -0.9917752742767334,
                    0.010971823707222939,
                    0.12752068042755127,
                    0.5140523910522461
                ],
                [
                    0.0,
                    0.996319055557251,
                    -0.08572283387184143,
                    -0.34555983543395996
                ],
                [
                    0.0,
                    0.0,
                    0.0,
                    1.0
                ]
            ]
        },
        {
            "file_path": "/data/shapenet_blender/all_50_random/02958343/9e6156aea0c7e60ff7d6fd2038bf9a11/r_19",
            "rotation": 0.12566370614359174,
            "transform_matrix": [
                [
                    -0.9966858625411987,
                    -0.03791562095284462,
                    0.07196978479623795,
                    0.290119469165802
                ],
                [
                    0.08134644478559494,
                    -0.4645558297634125,
                    0.8817996978759766,
                    3.5546481609344482
                ],
                [
                    0.0,
                    0.8847317695617676,
                    0.4661005139350891,
                    1.8789112567901611
                ],
                [
                    0.0,
                    0.0,
                    0.0,
                    1.0
                ]
            ]
        },
        {
            "file_path": "/data/shapenet_blender/all_50_random/02958343/9e6156aea0c7e60ff7d6fd2038bf9a11/r_20",
            "rotation": 0.12566370614359174,
            "transform_matrix": [
                [
                    -0.9999969005584717,
                    -0.0005669433157891035,
                    -0.0024419748224318027,
                    -0.009843915700912476
                ],
                [
                    -0.0025069236289709806,
                    0.22615031898021698,
                    0.9740892052650452,
                    3.9266791343688965
                ],
                [
                    0.0,
                    0.9740921258926392,
                    -0.22615103423595428,
                    -0.9116439819335938
                ],
                [
                    0.0,
                    0.0,
                    0.0,
                    1.0
                ]
            ]
        },
        {
            "file_path": "/data/shapenet_blender/all_50_random/02958343/9e6156aea0c7e60ff7d6fd2038bf9a11/r_21",
            "rotation": 0.12566370614359174,
            "transform_matrix": [
                [
                    0.7327113151550293,
                    -0.5418603420257568,
                    -0.41172969341278076,
                    -1.6597355604171753
                ],
                [
                    -0.6805395483970642,
                    -0.5834006667137146,
                    -0.44329386949539185,
                    -1.7869749069213867
                ],
                [
                    -1.4901161193847656e-08,
                    0.6050047874450684,
                    -0.7962217330932617,
                    -3.209672689437866
                ],
                [
                    0.0,
                    0.0,
                    0.0,
                    1.0
                ]
            ]
        },
        {
            "file_path": "/data/shapenet_blender/all_50_random/02958343/9e6156aea0c7e60ff7d6fd2038bf9a11/r_22",
            "rotation": 0.12566370614359174,
            "transform_matrix": [
                [
                    0.3908657133579254,
                    -0.09821238368749619,
                    0.9151930212974548,
                    3.6892611980438232
                ],
                [
                    0.9204477071762085,
                    0.04170563071966171,
                    -0.3886343240737915,
                    -1.5666351318359375
                ],
                [
                    0.0,
                    0.9942910671234131,
                    0.10670068114995956,
                    0.4301242232322693
                ],
                [
                    0.0,
                    0.0,
                    0.0,
                    1.0
                ]
            ]
        },
        {
            "file_path": "/data/shapenet_blender/all_50_random/02958343/9e6156aea0c7e60ff7d6fd2038bf9a11/r_23",
            "rotation": 0.12566370614359174,
            "transform_matrix": [
                [
                    -0.7805100083351135,
                    -0.37011757493019104,
                    0.5038026571273804,
                    2.030893564224243
                ],
                [
                    0.62514328956604,
                    -0.4621027708053589,
                    0.6290125846862793,
                    2.535630941390991
                ],
                [
                    -1.4901161193847656e-08,
                    0.805899441242218,
                    0.5920523405075073,
                    2.386639356613159
                ],
                [
                    0.0,
                    0.0,
                    0.0,
                    1.0
                ]
            ]
        },
        {
            "file_path": "/data/shapenet_blender/all_50_random/02958343/9e6156aea0c7e60ff7d6fd2038bf9a11/r_24",
            "rotation": 0.12566370614359174,
            "transform_matrix": [
                [
                    -0.9049383401870728,
                    0.14437875151634216,
                    -0.40030163526535034,
                    -1.6136674880981445
                ],
                [
                    -0.4255427420139313,
                    -0.30702877044677734,
                    0.8512617945671082,
                    3.4315459728240967
                ],
                [
                    0.0,
                    0.9406847357749939,
                    0.33928149938583374,
                    1.367687463760376
                ],
                [
                    0.0,
                    0.0,
                    0.0,
                    1.0
                ]
            ]
        },
        {
            "file_path": "/data/shapenet_blender/all_50_random/02958343/9e6156aea0c7e60ff7d6fd2038bf9a11/r_25",
            "rotation": 0.12566370614359174,
            "transform_matrix": [
                [
                    0.8255165815353394,
                    0.0965752974152565,
                    0.5560535192489624,
                    2.241523265838623
                ],
                [
                    0.5643777847290039,
                    -0.14126090705394745,
                    -0.8133407235145569,
                    -3.2786810398101807
                ],
                [
                    0.0,
                    0.9852505326271057,
                    -0.17111817002296448,
                    -0.6897993087768555
                ],
                [
                    0.0,
                    0.0,
                    0.0,
                    1.0
                ]
            ]
        },
        {
            "file_path": "/data/shapenet_blender/all_50_random/02958343/9e6156aea0c7e60ff7d6fd2038bf9a11/r_26",
            "rotation": 0.12566370614359174,
            "transform_matrix": [
                [
                    0.884554386138916,
                    -0.2711836099624634,
                    0.3795037567615509,
                    1.5298285484313965
                ],
                [
                    0.4664371907711029,
                    0.5142742395401001,
                    -0.7196932435035706,
                    -2.9011762142181396
                ],
                [
                    1.4901161193847656e-08,
                    0.8136224746704102,
                    0.5813935995101929,
                    2.343672513961792
                ],
                [
                    0.0,
                    0.0,
                    0.0,
                    1.0
                ]
            ]
        },
        {
            "file_path": "/data/shapenet_blender/all_50_random/02958343/9e6156aea0c7e60ff7d6fd2038bf9a11/r_27",
            "rotation": 0.12566370614359174,
            "transform_matrix": [
                [
                    -0.9729812145233154,
                    0.12980881333351135,
                    -0.1909380704164505,
                    -0.7696959972381592
                ],
                [
                    -0.2308845818042755,
                    -0.5470332503318787,
                    0.8046408891677856,
                    3.2436110973358154
                ],
                [
                    7.450580596923828e-09,
                    0.8269851803779602,
                    0.5622239112854004,
                    2.266396999359131
                ],
                [
                    0.0,
                    0.0,
                    0.0,
                    1.0
                ]
            ]
        },
        {
            "file_path": "/data/shapenet_blender/all_50_random/02958343/9e6156aea0c7e60ff7d6fd2038bf9a11/r_28",
            "rotation": 0.12566370614359174,
            "transform_matrix": [
                [
                    -0.8080780506134033,
                    0.1809234917163849,
                    -0.5606037378311157,
                    -2.259866237640381
                ],
                [
                    -0.5890755653381348,
                    -0.24818599224090576,
                    0.769021213054657,
                    3.1000239849090576
                ],
                [
                    1.4901162970204496e-08,
                    0.9516671895980835,
                    0.3071311414241791,
                    1.238085389137268
                ],
                [
                    0.0,
                    0.0,
                    0.0,
                    1.0
                ]
            ]
        },
        {
            "file_path": "/data/shapenet_blender/all_50_random/02958343/9e6156aea0c7e60ff7d6fd2038bf9a11/r_29",
            "rotation": 0.12566370614359174,
            "transform_matrix": [
                [
                    -0.3490663170814514,
                    0.6116626858711243,
                    0.7099446654319763,
                    2.8618786334991455
                ],
                [
                    0.9370980858802795,
                    0.2278425693511963,
                    0.26445233821868896,
                    1.0660415887832642
                ],
                [
                    1.4901161193847656e-08,
                    0.7575992345809937,
                    -0.6527199745178223,
                    -2.6311986446380615
                ],
                [
                    0.0,
                    0.0,
                    0.0,
                    1.0
                ]
            ]
        },
        {
            "file_path": "/data/shapenet_blender/all_50_random/02958343/9e6156aea0c7e60ff7d6fd2038bf9a11/r_30",
            "rotation": 0.12566370614359174,
            "transform_matrix": [
                [
                    -0.045577265322208405,
                    -0.4806731939315796,
                    0.8757145404815674,
                    3.530118227005005
                ],
                [
                    0.9989607930183411,
                    -0.02193056233227253,
                    0.03995419666171074,
                    0.16106051206588745
                ],
                [
                    1.862645149230957e-09,
                    0.8766254782676697,
                    0.48117324709892273,
                    1.9396713972091675
                ],
                [
                    0.0,
                    0.0,
                    0.0,
                    1.0
                ]
            ]
        },
        {
            "file_path": "/data/shapenet_blender/all_50_random/02958343/9e6156aea0c7e60ff7d6fd2038bf9a11/r_31",
            "rotation": 0.12566370614359174,
            "transform_matrix": [
                [
                    0.9882467985153198,
                    -0.04242865741252899,
                    0.146861270070076,
                    0.5920167565345764
                ],
                [
                    0.1528673619031906,
                    0.2742899954319,
                    -0.9494190216064453,
                    -3.82723069190979
                ],
                [
                    -3.725290742551124e-09,
                    0.9607105255126953,
                    0.2775520980358124,
                    1.118848443031311
                ],
                [
                    0.0,
                    0.0,
                    0.0,
                    1.0
                ]
            ]
        },
        {
            "file_path": "/data/shapenet_blender/all_50_random/02958343/9e6156aea0c7e60ff7d6fd2038bf9a11/r_32",
            "rotation": 0.12566370614359174,
            "transform_matrix": [
                [
                    -0.9164574146270752,
                    0.11094579845666885,
                    -0.3844434916973114,
                    -1.549741268157959
                ],
                [
                    -0.4001322090625763,
                    -0.2541087567806244,
                    0.880524218082428,
                    3.549506664276123
                ],
                [
                    7.450580596923828e-09,
                    0.9607911705970764,
                    0.2772728502750397,
                    1.1177226305007935
                ],
                [
                    0.0,
                    0.0,
                    0.0,
                    1.0
                ]
            ]
        },
        {
            "file_path": "/data/shapenet_blender/all_50_random/02958343/9e6156aea0c7e60ff7d6fd2038bf9a11/r_33",
            "rotation": 0.12566370614359174,
            "transform_matrix": [
                [
                    0.30787160992622375,
                    0.15976276993751526,
                    -0.937918484210968,
                    -3.780869960784912
                ],
                [
                    -0.9514279365539551,
                    0.05169747397303581,
                    -0.30350008606910706,
                    -1.2234477996826172
                ],
                [
                    3.725290076417309e-09,
                    0.9858008027076721,
                    0.16791895031929016,
                    0.6769028306007385
                ],
                [
                    0.0,
                    0.0,
                    0.0,
                    1.0
                ]
            ]
        },
        {
            "file_path": "/data/shapenet_blender/all_50_random/02958343/9e6156aea0c7e60ff7d6fd2038bf9a11/r_34",
            "rotation": 0.12566370614359174,
            "transform_matrix": [
                [
                    -0.7142430543899536,
                    -0.007653254084289074,
                    -0.6998558640480042,
                    -2.82120943069458
                ],
                [
                    -0.6998977661132812,
                    0.007810117676854134,
                    0.7142003178596497,
                    2.8790338039398193
                ],
                [
                    4.6566123179658803e-10,
                    0.9999402761459351,
                    -0.010934816673398018,
                    -0.04407966136932373
                ],
                [
                    0.0,
                    0.0,
                    0.0,
                    1.0
                ]
            ]
        },
        {
            "file_path": "/data/shapenet_blender/all_50_random/02958343/9e6156aea0c7e60ff7d6fd2038bf9a11/r_35",
            "rotation": 0.12566370614359174,
            "transform_matrix": [
                [
                    -0.8842728137969971,
                    -0.4364609122276306,
                    0.16602280735969543,
                    0.6692594289779663
                ],
                [
                    0.466970831155777,
                    -0.8264981508255005,
                    0.314386785030365,
                    1.267333745956421
                ],
                [
                    0.0,
                    0.35553136467933655,
                    0.9346641898155212,
                    3.767752170562744
                ],
                [
                    0.0,
                    0.0,
                    0.0,
                    1.0
                ]
            ]
        },
        {
            "file_path": "/data/shapenet_blender/all_50_random/02958343/9e6156aea0c7e60ff7d6fd2038bf9a11/r_36",
            "rotation": 0.12566370614359174,
            "transform_matrix": [
                [
                    -0.43362465500831604,
                    0.16195343434810638,
                    -0.8864201903343201,
                    -3.5732741355895996
                ],
                [
                    -0.9010936617851257,
                    -0.07793529331684113,
                    0.42656347155570984,
                    1.7195323705673218
                ],
                [
                    0.0,
                    0.9837158918380737,
                    0.1797298938035965,
                    0.724514365196228
                ],
                [
                    0.0,
                    0.0,
                    0.0,
                    1.0
                ]
            ]
        },
        {
            "file_path": "/data/shapenet_blender/all_50_random/02958343/9e6156aea0c7e60ff7d6fd2038bf9a11/r_37",
            "rotation": 0.12566370614359174,
            "transform_matrix": [
                [
                    -0.977165937423706,
                    -0.05828073248267174,
                    0.204328715801239,
                    0.8236753940582275
                ],
                [
                    0.21247795224189758,
                    -0.26802757382392883,
                    0.9396883845329285,
                    3.7880051136016846
                ],
                [
                    3.725290742551124e-09,
                    0.9616468548774719,
                    0.27429071068763733,
                    1.105701208114624
                ],
                [
                    0.0,
                    0.0,
                    0.0,
                    1.0
                ]
            ]
        },
        {
            "file_path": "/data/shapenet_blender/all_50_random/02958343/9e6156aea0c7e60ff7d6fd2038bf9a11/r_38",
            "rotation": 0.12566370614359174,
            "transform_matrix": [
                [
                    0.8634867668151855,
                    -0.1342381238937378,
                    -0.4861796796321869,
                    -1.959852933883667
                ],
                [
                    -0.5043714642524719,
                    -0.22981640696525574,
                    -0.8323423862457275,
                    -3.3552794456481934
                ],
                [
                    1.4901161193847656e-08,
                    0.9639317989349365,
                    -0.2661493122577667,
                    -1.0728821754455566
                ],
                [
                    0.0,
                    0.0,
                    0.0,
                    1.0
                ]
            ]
        },
        {
            "file_path": "/data/shapenet_blender/all_50_random/02958343/9e6156aea0c7e60ff7d6fd2038bf9a11/r_39",
            "rotation": 0.12566370614359174,
            "transform_matrix": [
                [
                    -0.9435256719589233,
                    -0.021617818623781204,
                    0.330593466758728,
                    1.332664966583252
                ],
                [
                    0.3312995731830597,
                    -0.061566539108753204,
                    0.9415147304534912,
                    3.795367479324341
                ],
                [
                    0.0,
                    0.9978687763214111,
                    0.06525156646966934,
                    0.2630375027656555
                ],
                [
                    0.0,
                    0.0,
                    0.0,
                    1.0
                ]
            ]
        },
        {
            "file_path": "/data/shapenet_blender/all_50_random/02958343/9e6156aea0c7e60ff7d6fd2038bf9a11/r_40",
            "rotation": 0.12566370614359174,
            "transform_matrix": [
                [
                    0.9998661279678345,
                    0.009353903122246265,
                    -0.013424906879663467,
                    -0.05411753058433533
                ],
                [
                    -0.016362264752388,
                    0.5715988278388977,
                    -0.8203700184822083,
                    -3.3070173263549805
                ],
                [
                    -9.313225746154785e-10,
                    0.8204798698425293,
                    0.5716754198074341,
                    2.304497241973877
                ],
                [
                    0.0,
                    0.0,
                    0.0,
                    1.0
                ]
            ]
        },
        {
            "file_path": "/data/shapenet_blender/all_50_random/02958343/9e6156aea0c7e60ff7d6fd2038bf9a11/r_41",
            "rotation": 0.12566370614359174,
            "transform_matrix": [
                [
                    0.16808629035949707,
                    0.3031289279460907,
                    0.9380084276199341,
                    3.781233072280884
                ],
                [
                    0.9857723712921143,
                    -0.05168720707297325,
                    -0.15994195640087128,
                    -0.644746720790863
