{
    "class": "02958343",
    "model": "e46d79a5d356436f23a5d95daeb50835",
    "remove_doubles": true,
    "edge_split": true,
    "denoise": true,
    "camera_angle_x": 0.6911112070083618,
    "scale_factor": 2.154462036715403,
    "hdri_file": "/data/IndoorHDRDataset2018/9C4A5438-f8362ba6fb.exr",
    "center_offset": [
        0.0,
        -3.725290298461914e-09,
        -3.725290298461914e-09
    ],
    "lights": [],
    "frames": [
        {
            "file_path": "/data/shapenet_blender/all_50_random/02958343/e46d79a5d356436f23a5d95daeb50835/r_0",
            "rotation": 0.12566370614359174,
            "transform_matrix": [
                [
                    0.30403754115104675,
                    -0.07508539408445358,
                    -0.9496965408325195,
                    -3.8283486366271973
                ],
                [
                    -0.952660083770752,
                    -0.023963194340467453,
                    -0.30309173464775085,
                    -1.2218017578125
                ],
                [
                    0.0,
                    0.996889054775238,
                    -0.07881657779216766,
                    -0.3177197575569153
                ],
                [
                    0.0,
                    0.0,
                    0.0,
                    1.0
                ]
            ]
        },
        {
            "file_path": "/data/shapenet_blender/all_50_random/02958343/e46d79a5d356436f23a5d95daeb50835/r_1",
            "rotation": 0.12566370614359174,
            "transform_matrix": [
                [
                    0.04902129992842674,
                    -0.3817914128303528,
                    -0.9229475259780884,
                    -3.720520496368408
                ],
                [
                    -0.9987977743148804,
                    -0.018738439306616783,
                    -0.04529854655265808,
                    -0.18260428309440613
                ],
                [
                    -1.862645371275562e-09,
                    0.9240584373474121,
                    -0.38225096464157104,
                    -1.5409029722213745
                ],
                [
                    0.0,
                    0.0,
                    0.0,
                    1.0
                ]
            ]
        },
        {
            "file_path": "/data/shapenet_blender/all_50_random/02958343/e46d79a5d356436f23a5d95daeb50835/r_2",
            "rotation": 0.12566370614359174,
            "transform_matrix": [
                [
                    -0.8806067109107971,
                    0.09111859649419785,
                    0.465004563331604,
                    1.8744934797286987
                ],
                [
                    0.47384798526763916,
                    0.1693362593650818,
                    0.8641719818115234,
                    3.483588933944702
                ],
                [
                    7.450581485102248e-09,
                    0.9813371300697327,
                    -0.19229498505592346,
                    -0.7751659154891968
                ],
                [
                    0.0,
                    0.0,
                    0.0,
                    1.0
                ]
            ]
        },
        {
            "file_path": "/data/shapenet_blender/all_50_random/02958343/e46d79a5d356436f23a5d95daeb50835/r_3",
            "rotation": 0.12566370614359174,
            "transform_matrix": [
                [
                    0.04962381348013878,
                    0.48778122663497925,
                    -0.8715543150901794,
                    -3.513347864151001
                ],
                [
                    -0.9987680315971375,
                    0.024235423654317856,
                    -0.043303199112415314,
                    -0.1745607852935791
                ],
                [
                    0.0,
                    0.8726294040679932,
                    0.48838290572166443,
                    1.9687345027923584
                ],
                [
                    0.0,
                    0.0,
                    0.0,
                    1.0
                ]
            ]
        },
        {
            "file_path": "/data/shapenet_blender/all_50_random/02958343/e46d79a5d356436f23a5d95daeb50835/r_4",
            "rotation": 0.12566370614359174,
            "transform_matrix": [
                [
                    -0.40324878692626953,
                    0.2726295590400696,
                    0.8735350370407104,
                    3.5213325023651123
                ],
                [
                    0.9150903820991516,
                    0.12013845145702362,
                    0.38493677973747253,
                    1.5517299175262451
                ],
                [
                    0.0,
                    0.9545888304710388,
                    -0.29792630672454834,
                    -1.200979471206665
                ],
                [
                    0.0,
                    0.0,
                    0.0,
                    1.0
                ]
            ]
        },
        {
            "file_path": "/data/shapenet_blender/all_50_random/02958343/e46d79a5d356436f23a5d95daeb50835/r_5",
            "rotation": 0.12566370614359174,
            "transform_matrix": [
                [
                    0.4119108319282532,
                    0.5671382546424866,
                    -0.7132205963134766,
                    -2.875084400177002
                ],
                [
                    -0.9112240672111511,
                    0.25636985898017883,
                    -0.322405070066452,
                    -1.2996565103530884
                ],
                [
                    1.4901160305669237e-08,
                    0.7827060222625732,
                    0.6223915219306946,
                    2.5089406967163086
                ],
                [
                    0.0,
                    0.0,
                    0.0,
                    1.0
                ]
            ]
        },
        {
            "file_path": "/data/shapenet_blender/all_50_random/02958343/e46d79a5d356436f23a5d95daeb50835/r_6",
            "rotation": 0.12566370614359174,
            "transform_matrix": [
                [
                    -0.3592678904533386,
                    -0.3511310815811157,
                    -0.8646580576896667,
                    -3.4855480194091797
                ],
                [
                    -0.9332345724105835,
                    0.13517515361309052,
                    0.33286795020103455,
                    1.3418335914611816
                ],
                [
                    0.0,
                    0.9265174269676208,
                    -0.37625178694725037,
                    -1.5167194604873657
                ],
                [
                    0.0,
                    0.0,
                    0.0,
                    1.0
                ]
            ]
        },
        {
            "file_path": "/data/shapenet_blender/all_50_random/02958343/e46d79a5d356436f23a5d95daeb50835/r_7",
            "rotation": 0.12566370614359174,
            "transform_matrix": [
                [
                    -0.7032625675201416,
                    -0.3552418649196625,
                    0.6158124208450317,
                    2.48241925239563
                ],
                [
                    0.7109301090240479,
                    -0.35141050815582275,
                    0.6091707348823547,
                    2.455645799636841
                ],
                [
                    1.4901160305669237e-08,
                    0.8662065863609314,
                    0.49968600273132324,
                    2.014298677444458
                ],
                [
                    0.0,
                    0.0,
                    0.0,
                    1.0
                ]
            ]
        },
        {
            "file_path": "/data/shapenet_blender/all_50_random/02958343/e46d79a5d356436f23a5d95daeb50835/r_8",
            "rotation": 0.12566370614359174,
            "transform_matrix": [
                [
                    -0.9323872923851013,
                    -0.07084190845489502,
                    -0.3544507920742035,
                    -1.428836703300476
                ],
                [
                    -0.3614608347415924,
                    0.18273654580116272,
                    0.9143049120903015,
                    3.685680627822876
                ],
                [
                    7.450580596923828e-09,
                    0.980606198310852,
                    -0.19598785042762756,
                    -0.7900521755218506
                ],
                [
                    0.0,
                    0.0,
                    0.0,
                    1.0
                ]
            ]
        },
        {
            "file_path": "/data/shapenet_blender/all_50_random/02958343/e46d79a5d356436f23a5d95daeb50835/r_9",
            "rotation": 0.12566370614359174,
            "transform_matrix": [
                [
                    -0.9996380805969238,
                    0.007475343998521566,
                    -0.02583996020257473,
                    -0.10416421294212341
                ],
                [
                    -0.02689952217042446,
                    -0.27779820561408997,
                    0.9602627754211426,
                    3.870943069458008
                ],
                [
                    0.0,
                    0.9606103897094727,
                    0.27789875864982605,
                    1.1202456951141357
                ],
                [
                    0.0,
                    0.0,
                    0.0,
                    1.0
                ]
            ]
        },
        {
            "file_path": "/data/shapenet_blender/all_50_random/02958343/e46d79a5d356436f23a5d95daeb50835/r_10",
            "rotation": 0.12566370614359174,
            "transform_matrix": [
                [
                    -0.1917671263217926,
                    -0.3031429648399353,
                    -0.93345046043396,
                    -3.7628591060638428
                ],
                [
                    -0.9814404249191284,
                    0.059232182800769806,
                    0.18239019811153412,
                    0.7352384328842163
                ],
                [
                    0.0,
                    0.9511024355888367,
                    -0.30887559056282043,
                    -1.2451173067092896
                ],
                [
                    0.0,
                    0.0,
                    0.0,
                    1.0
                ]
            ]
        },
        {
            "file_path": "/data/shapenet_blender/all_50_random/02958343/e46d79a5d356436f23a5d95daeb50835/r_11",
            "rotation": 0.12566370614359174,
            "transform_matrix": [
                [
                    -0.9826107621192932,
                    -0.07745577394962311,
                    -0.16875059902668,
                    -0.6802554130554199
                ],
                [
                    -0.18567758798599243,
                    0.409898042678833,
                    0.8930326700210571,
                    3.5999298095703125
                ],
                [
                    0.0,
                    0.9088367223739624,
                    -0.4171520173549652,
                    -1.6815935373306274
                ],
                [
                    0.0,
                    0.0,
                    0.0,
                    1.0
                ]
            ]
        },
        {
            "file_path": "/data/shapenet_blender/all_50_random/02958343/e46d79a5d356436f23a5d95daeb50835/r_12",
            "rotation": 0.12566370614359174,
            "transform_matrix": [
                [
                    -0.994172990322113,
                    -0.08352220058441162,
                    0.06814786046743393,
                    0.27471280097961426
                ],
                [
                    0.10779651999473572,
                    -0.7702986598014832,
                    0.6285060048103333,
                    2.5335886478424072
                ],
                [
                    0.0,
                    0.6321896910667419,
                    0.7748135924339294,
                    3.123373508453369
                ],
                [
                    0.0,
                    0.0,
                    0.0,
                    1.0
                ]
            ]
        },
        {
            "file_path": "/data/shapenet_blender/all_50_random/02958343/e46d79a5d356436f23a5d95daeb50835/r_13",
            "rotation": 0.12566370614359174,
            "transform_matrix": [
                [
                    -0.9557175040245056,
                    0.02159988321363926,
                    -0.2934918701648712,
                    -1.1831034421920776
                ],
                [
                    -0.2942856252193451,
                    -0.07014744728803635,
                    0.9531397819519043,
                    3.842228889465332
                ],
                [
                    3.7252898543727042e-09,
                    0.997302770614624,
                    0.0733976885676384,
                    0.29587551951408386
                ],
                [
                    0.0,
                    0.0,
                    0.0,
                    1.0
                ]
            ]
        },
        {
            "file_path": "/data/shapenet_blender/all_50_random/02958343/e46d79a5d356436f23a5d95daeb50835/r_14",
            "rotation": 0.12566370614359174,
            "transform_matrix": [
                [
                    -0.9283266067504883,
                    0.3189070224761963,
                    0.1910710483789444,
                    0.7702320218086243
                ],
                [
                    0.3717658221721649,
                    0.7963342070579529,
                    0.47711843252182007,
                    1.9233258962631226
                ],
                [
                    0.0,
                    0.5139552354812622,
                    -0.8578169345855713,
                    -3.45797061920166
                ],
                [
                    0.0,
                    0.0,
                    0.0,
                    1.0
                ]
            ]
        },
        {
            "file_path": "/data/shapenet_blender/all_50_random/02958343/e46d79a5d356436f23a5d95daeb50835/r_15",
            "rotation": 0.12566370614359174,
            "transform_matrix": [
                [
                    0.9530508518218994,
                    0.1099901869893074,
                    -0.2821281850337982,
                    -1.137295126914978
                ],
                [
                    -0.3028104305267334,
                    0.3461777865886688,
                    -0.8879565000534058,
                    -3.5794670581817627
                ],
                [
                    7.450580596923828e-09,
                    0.9316989779472351,
                    0.36323121190071106,
                    1.4642318487167358
                ],
                [
                    0.0,
                    0.0,
                    0.0,
                    1.0
                ]
            ]
        },
        {
            "file_path": "/data/shapenet_blender/all_50_random/02958343/e46d79a5d356436f23a5d95daeb50835/r_16",
            "rotation": 0.12566370614359174,
            "transform_matrix": [
                [
                    0.7341716885566711,
                    0.06284866482019424,
                    0.6760488152503967,
                    2.7252402305603027
                ],
                [
                    0.6789639592170715,
                    -0.06795898824930191,
                    -0.7310194969177246,
                    -2.946834087371826
                ],
                [
                    -7.450581485102248e-09,
                    0.9957064986228943,
                    -0.09256554394960403,
                    -0.37314367294311523
                ],
                [
                    0.0,
                    0.0,
                    0.0,
                    1.0
                ]
            ]
        },
        {
            "file_path": "/data/shapenet_blender/all_50_random/02958343/e46d79a5d356436f23a5d95daeb50835/r_17",
            "rotation": 0.12566370614359174,
            "transform_matrix": [
                [
                    -0.8577114939689636,
                    0.311133474111557,
                    -0.4093007743358612,
                    -1.6499441862106323
                ],
                [
                    -0.514131486415863,
                    -0.5190554261207581,
                    0.6828252077102661,
                    2.752556562423706
                ],
                [
                    -1.4901162970204496e-08,
                    0.7961013913154602,
                    0.6051632165908813,
                    2.439491033554077
                ],
                [
                    0.0,
                    0.0,
                    0.0,
                    1.0
                ]
            ]
        },
        {
            "file_path": "/data/shapenet_blender/all_50_random/02958343/e46d79a5d356436f23a5d95daeb50835/r_18",
            "rotation": 0.12566370614359174,
            "transform_matrix": [
                [
                    0.17753610014915466,
                    -0.01797950081527233,
                    0.9839500188827515,
                    3.9664294719696045
                ],
                [
                    0.9841143488883972,
                    0.0032435364555567503,
                    -0.1775064617395401,
                    -0.7155514359474182
                ],
                [
                    -2.3283067140944524e-10,
                    0.9998329877853394,
                    0.018269730731844902,
                    0.073647640645504
                ],
                [
                    0.0,
                    0.0,
                    0.0,
                    1.0
                ]
            ]
        },
        {
            "file_path": "/data/shapenet_blender/all_50_random/02958343/e46d79a5d356436f23a5d95daeb50835/r_19",
            "rotation": 0.12566370614359174,
            "transform_matrix": [
                [
                    0.8878868818283081,
                    -0.3638398349285126,
                    0.2815627157688141,
                    1.135015606880188
                ],
                [
                    0.4600619673728943,
                    0.7021849155426025,
                    -0.54339599609375,
                    -2.1904993057250977
                ],
                [
                    1.4901162970204496e-08,
                    0.6120104789733887,
                    0.7908496260643005,
                    3.188016891479492
                ],
                [
                    0.0,
                    0.0,
                    0.0,
                    1.0
                ]
            ]
        },
        {
            "file_path": "/data/shapenet_blender/all_50_random/02958343/e46d79a5d356436f23a5d95daeb50835/r_20",
            "rotation": 0.12566370614359174,
            "transform_matrix": [
                [
                    0.23032096028327942,
                    -0.5227960348129272,
                    -0.8207536339759827,
                    -3.308563709259033
                ],
                [
                    -0.9731146693229675,
                    -0.1237376257777214,
                    -0.19425950944423676,
                    -0.7830851078033447
                ],
                [
                    0.0,
                    0.843429446220398,
                    -0.5372399091720581,
                    -2.1656832695007324
                ],
                [
                    0.0,
                    0.0,
                    0.0,
                    1.0
                ]
            ]
        },
        {
            "file_path": "/data/shapenet_blender/all_50_random/02958343/e46d79a5d356436f23a5d95daeb50835/r_21",
            "rotation": 0.12566370614359174,
            "transform_matrix": [
                [
                    0.4349781274795532,
                    -0.42889702320098877,
                    0.7917330861091614,
                    3.1915783882141113
                ],
                [
                    0.9004411101341248,
                    0.20718824863433838,
                    -0.38246428966522217,
                    -1.5417629480361938
                ],
                [
                    1.4901161193847656e-08,
                    0.8792726397514343,
                    0.4763188064098358,
                    1.920102596282959
                ],
                [
                    0.0,
                    0.0,
                    0.0,
                    1.0
                ]
            ]
        },
        {
            "file_path": "/data/shapenet_blender/all_50_random/02958343/e46d79a5d356436f23a5d95daeb50835/r_22",
            "rotation": 0.12566370614359174,
            "transform_matrix": [
                [
                    -0.9260645508766174,
                    0.015646981075406075,
                    0.3770407438278198,
                    1.519899845123291
                ],
                [
                    0.3773652911186218,
                    0.03839810937643051,
                    0.9252681136131287,
                    3.729874849319458
                ],
                [
                    9.313225746154785e-10,
                    0.9991399049758911,
                    -0.041463762521743774,
                    -0.167145773768425
                ],
                [
                    0.0,
                    0.0,
                    0.0,
                    1.0
                ]
            ]
        },
        {
            "file_path": "/data/shapenet_blender/all_50_random/02958343/e46d79a5d356436f23a5d95daeb50835/r_23",
            "rotation": 0.12566370614359174,
            "transform_matrix": [
                [
                    -0.9763135313987732,
                    0.027899261564016342,
                    -0.21455466747283936,
                    -0.864897608757019
                ],
                [
                    -0.21636101603507996,
                    -0.12589341402053833,
                    0.9681625366210938,
                    3.9027881622314453
                ],
                [
                    0.0,
                    0.9916512966156006,
                    0.12894774973392487,
                    0.5198050737380981
                ],
                [
                    0.0,
                    0.0,
                    0.0,
                    1.0
                ]
            ]
        },
        {
            "file_path": "/data/shapenet_blender/all_50_random/02958343/e46d79a5d356436f23a5d95daeb50835/r_24",
            "rotation": 0.12566370614359174,
            "transform_matrix": [
                [
                    0.9433128237724304,
                    -0.05599809065461159,
                    0.32714682817459106,
                    1.3187711238861084
                ],
                [
                    0.33190488815307617,
                    0.15915317833423615,
                    -0.9297899007797241,
                    -3.748103141784668
                ],
                [
                    0.0,
                    0.9856644868850708,
                    0.16871725022792816,
                    0.6801210641860962
                ],
                [
                    0.0,
                    0.0,
                    0.0,
                    1.0
                ]
            ]
        },
        {
            "file_path": "/data/shapenet_blender/all_50_random/02958343/e46d79a5d356436f23a5d95daeb50835/r_25",
            "rotation": 0.12566370614359174,
            "transform_matrix": [
                [
                    0.13575603067874908,
                    0.4723104238510132,
                    0.8709151744842529,
                    3.5107712745666504
                ],
                [
                    0.9907423257827759,
                    -0.06471812725067139,
                    -0.11933676898479462,
                    -0.4810619056224823
                ],
                [
                    0.0,
                    0.8790531158447266,
                    -0.4767238199710846,
                    -1.921735167503357
                ],
                [
                    0.0,
                    0.0,
                    0.0,
                    1.0
                ]
            ]
        },
        {
            "file_path": "/data/shapenet_blender/all_50_random/02958343/e46d79a5d356436f23a5d95daeb50835/r_26",
            "rotation": 0.12566370614359174,
            "transform_matrix": [
                [
                    0.8145031929016113,
                    -0.04292977601289749,
                    -0.5785685181617737,
                    -2.3322842121124268
                ],
                [
                    -0.5801590085029602,
                    -0.06027044355869293,
                    -0.8122702836990356,
                    -3.2743661403656006
                ],
                [
                    0.0,
                    0.9972583651542664,
                    -0.07399657368659973,
                    -0.2982897162437439
                ],
                [
                    0.0,
                    0.0,
                    0.0,
                    1.0
                ]
            ]
        },
        {
            "file_path": "/data/shapenet_blender/all_50_random/02958343/e46d79a5d356436f23a5d95daeb50835/r_27",
            "rotation": 0.12566370614359174,
            "transform_matrix": [
                [
                    0.37795522809028625,
                    -0.6174625158309937,
                    0.6898475885391235,
                    2.7808644771575928
                ],
                [
                    0.9258238077163696,
                    0.2520708441734314,
                    -0.2816210985183716,
                    -1.1352509260177612
                ],
                [
                    0.0,
                    0.7451174855232239,
                    0.6669331192970276,
                    2.688493251800537
                ],
                [
                    0.0,
                    0.0,
                    0.0,
                    1.0
                ]
            ]
        },
        {
            "file_path": "/data/shapenet_blender/all_50_random/02958343/e46d79a5d356436f23a5d95daeb50835/r_28",
            "rotation": 0.12566370614359174,
            "transform_matrix": [
                [
                    -0.3378121554851532,
                    -0.1680818349123001,
                    -0.9260839819908142,
                    -3.733163595199585
                ],
                [
                    -0.9412136077880859,
                    0.0603264719247818,
                    0.3323819935321808,
                    1.339874505996704
                ],
                [
                    0.0,
                    0.9839252829551697,
                    -0.17857998609542847,
                    -0.7198788523674011
                ],
                [
                    0.0,
                    0.0,
                    0.0,
                    1.0
                ]
            ]
        },
        {
            "file_path": "/data/shapenet_blender/all_50_random/02958343/e46d79a5d356436f23a5d95daeb50835/r_29",
            "rotation": 0.12566370614359174,
            "transform_matrix": [
                [
                    -0.046343691647052765,
                    -0.5572811365127563,
                    0.8290295004844666,
                    3.3419251441955566
                ],
                [
                    0.9989255666732788,
                    -0.025854244828224182,
                    0.03846161067485809,
                    0.15504372119903564
                ],
                [
                    0.0,
                    0.8299211263656616,
                    0.5578805208206177,
                    2.2488884925842285
                ],
                [
                    0.0,
                    0.0,
                    0.0,
                    1.0
                ]
            ]
        },
        {
            "file_path": "/data/shapenet_blender/all_50_random/02958343/e46d79a5d356436f23a5d95daeb50835/r_30",
            "rotation": 0.12566370614359174,
            "transform_matrix": [
                [
                    0.6828160285949707,
                    -0.4315563440322876,
                    0.5895094275474548,
                    2.3763885498046875
                ],
                [
                    0.7305903434753418,
                    0.4033362865447998,
                    -0.5509606003761292,
                    -2.2209932804107666
                ],
                [
                    0.0,
                    0.8068946599960327,
                    0.5906953811645508,
                    2.381169319152832
                ],
                [
                    0.0,
                    0.0,
                    0.0,
                    1.0
                ]
            ]
        },
        {
            "file_path": "/data/shapenet_blender/all_50_random/02958343/e46d79a5d356436f23a5d95daeb50835/r_31",
            "rotation": 0.12566370614359174,
            "transform_matrix": [
                [
                    -0.9638357162475586,
                    0.02674945257604122,
                    0.2651512324810028,
                    1.0688588619232178
                ],
                [
                    0.2664971351623535,
                    0.09674429893493652,
                    0.9589680433273315,
                    3.8657238483428955
                ],
                [
                    0.0,
                    0.9949497580528259,
                    -0.1003742590546608,
                    -0.40462157130241394
                ],
                [
                    0.0,
                    0.0,
                    0.0,
                    1.0
                ]
            ]
        },
        {
            "file_path": "/data/shapenet_blender/all_50_random/02958343/e46d79a5d356436f23a5d95daeb50835/r_32",
            "rotation": 0.12566370614359174,
            "transform_matrix": [
                [
                    0.9810422658920288,
                    0.027984516695141792,
                    0.19176265597343445,
                    0.7730200290679932
                ],
                [
                    0.19379384815692902,
                    -0.14166595041751862,
                    -0.9707597494125366,
                    -3.9132580757141113
                ],
                [
                    -1.862645149230957e-09,
                    0.9895188212394714,
                    -0.14440350234508514,
                    -0.5821092128753662
                ],
                [
                    0.0,
                    0.0,
                    0.0,
                    1.0
                ]
            ]
        },
        {
            "file_path": "/data/shapenet_blender/all_50_random/02958343/e46d79a5d356436f23a5d95daeb50835/r_33",
            "rotation": 0.12566370614359174,
            "transform_matrix": [
                [
                    -0.9398703575134277,
                    0.13418139517307281,
                    0.3140687346458435,
                    1.2660515308380127
                ],
                [
                    0.34153157472610474,
                    0.36925753951072693,
                    0.8642945289611816,
                    3.4840826988220215
                ],
                [
                    -7.450580596923828e-09,
                    0.9195892214775085,
                    -0.3928813636302948,
                    -1.5837554931640625
                ],
                [
                    0.0,
                    0.0,
                    0.0,
                    1.0
                ]
            ]
        },
        {
            "file_path": "/data/shapenet_blender/all_50_random/02958343/e46d79a5d356436f23a5d95daeb50835/r_34",
            "rotation": 0.12566370614359174,
            "transform_matrix": [
                [
                    0.9691820740699768,
                    0.09401103109121323,
                    -0.22770166397094727,
                    -0.9178947806358337
                ],
                [
                    -0.24634553492069244,
                    0.3698618412017822,
                    -0.8958325982093811,
                    -3.6112167835235596
                ],
                [
                    1.4901161193847656e-08,
                    0.9243181943893433,
                    0.38162264227867126,
                    1.538370132446289
                ],
                [
                    0.0,
                    0.0,
                    0.0,
                    1.0
                ]
            ]
        },
        {
            "file_path": "/data/shapenet_blender/all_50_random/02958343/e46d79a5d356436f23a5d95daeb50835/r_35",
            "rotation": 0.12566370614359174,
            "transform_matrix": [
                [
                    -0.6224710941314697,
                    0.5184531211853027,
                    0.5862900614738464,
                    2.3634109497070312
                ],
                [
                    0.7826427817344666,
                    0.4123491942882538,
                    0.4663029611110687,
                    1.8797273635864258
                ],
                [
                    0.0,
                    0.7491158246994019,
                    -0.6624390482902527,
                    -2.670377254486084
                ],
                [
                    0.0,
                    0.0,
                    0.0,
                    1.0
                ]
            ]
        },
        {
            "file_path": "/data/shapenet_blender/all_50_random/02958343/e46d79a5d356436f23a5d95daeb50835/r_36",
            "rotation": 0.12566370614359174,
            "transform_matrix": [
                [
                    -0.8551443815231323,
                    -0.23577642440795898,
                    0.4616684317588806,
                    1.861045002937317
                ],
                [
                    0.5183901190757751,
                    -0.3889404237270355,
                    0.7615753412246704,
                    3.0700085163116455
                ],
                [
                    0.0,
                    0.8905811309814453,
                    0.45482438802719116,
                    1.8334558010101318
                ],
                [
                    0.0,
                    0.0,
                    0.0,
                    1.0
                ]
            ]
        },
        {
            "file_path": "/data/shapenet_blender/all_50_random/02958343/e46d79a5d356436f23a5d95daeb50835/r_37",
            "rotation": 0.12566370614359174,
            "transform_matrix": [
                [
                    0.9348680377006531,
                    0.23701322078704834,
                    -0.26428475975990295,
                    -1.0653659105300903
                ],
                [
                    -0.35499536991119385,
                    0.6241661310195923,
                    -0.6959848403930664,
                    -2.8056046962738037
                ],
                [
                    -1.4901161193847656e-08,
                    0.7444738745689392,
                    0.6676515936851501,
                    2.691389560699463
                ],
                [
                    0.0,
                    0.0,
                    0.0,
                    1.0
                ]
            ]
        },
        {
            "file_path": "/data/shapenet_blender/all_50_random/02958343/e46d79a5d356436f23a5d95daeb50835/r_38",
            "rotation": 0.12566370614359174,
            "transform_matrix": [
                [
                    0.4490450620651245,
                    0.01774338074028492,
                    -0.8933329582214355,
                    -3.601140260696411
                ],
                [
                    -0.8935092091560364,
                    0.00891717430204153,
                    -0.4489564597606659,
                    -1.8098013401031494
                ],
                [
                    0.0,
                    0.9998027086257935,
                    0.019858088344335556,
                    0.0800505131483078
                ],
                [
                    0.0,
                    0.0,
                    0.0,
                    1.0
                ]
            ]
        },
        {
            "file_path": "/data/shapenet_blender/all_50_random/02958343/e46d79a5d356436f23a5d95daeb50835/r_39",
            "rotation": 0.12566370614359174,
            "transform_matrix": [
                [
                    -0.9383131861686707,
                    -0.14477437734603882,
                    0.31402045488357544,
                    1.2658569812774658
                ],
                [
                    0.34578678011894226,
                    -0.3928540050983429,
                    0.8521133661270142,
                    3.43497896194458
                ],
                [
                    7.450581485102248e-09,
                    0.9081332087516785,
                    0.4186811149120331,
                    1.6877576112747192
                ],
                [
                    0.0,
                    0.0,
                    0.0,
                    1.0
                ]
            ]
        },
        {
            "file_path": "/data/shapenet_blender/all_50_random/02958343/e46d79a5d356436f23a5d95daeb50835/r_40",
            "rotation": 0.12566370614359174,
            "transform_matrix": [
                [
                    -0.5791000723838806,
                    -0.18838511407375336,
                    0.7931923866271973,
                    3.197460889816284
                ],
                [
                    0.8152565360069275,
                    -0.13381533324718475,
                    0.5634272694587708,
                    2.2712478637695312
                ],
                [
                    -7.450581485102248e-09,
                    0.9729359745979309,
                    0.23107464611530304,
                    0.9314916729927063
                ],
                [
                    0.0,
                    0.0,
                    0.0,
                    1.0
                ]
            ]
        },
        {
            "file_path": "/data/shapenet_blender/all_50_random/02958343/e46d79a5d356436f23a5d95daeb50835/r_41",
            "rotation": 0.12566370614359174,
            "transform_matrix": [
                [
                    0.8439674377441406,
                    -0.22329330444335938,
                    0.4877081513404846,
                    1.9660143852233887
                ],
                [
                    0.5363945960998535,
                    0.3513314127922058,
                    -0.7673637270927429,
                    -3.0933420658111572
                ],
                [
