{
    "class": "02958343",
    "model": "a26b62fa78e9d6e016abce8cb03e7794",
    "remove_doubles": true,
    "edge_split": true,
    "denoise": true,
    "camera_angle_x": 0.6911112070083618,
    "scale_factor": 2.192624202289163,
    "hdri_file": "/data/IndoorHDRDataset2018/9C4A6639-4e986ca3a2.exr",
    "center_offset": [
        0.0,
        -1.862645149230957e-09,
        -5.587935447692871e-09
    ],
    "lights": [],
    "frames": [
        {
            "file_path": "/data/shapenet_blender/all_50_random/02958343/a26b62fa78e9d6e016abce8cb03e7794/r_0",
            "rotation": 0.12566370614359174,
            "transform_matrix": [
                [
                    0.3622467517852783,
                    0.1484120488166809,
                    -0.9201908111572266,
                    -3.7094078063964844
                ],
                [
                    -0.9320822358131409,
                    0.057679224759340286,
                    -0.35762524604797363,
                    -1.4416334629058838
                ],
                [
                    -3.725290298461914e-09,
                    0.9872421026229858,
                    0.15922634303569794,
                    0.6418619155883789
                ],
                [
                    0.0,
                    0.0,
                    0.0,
                    1.0
                ]
            ]
        },
        {
            "file_path": "/data/shapenet_blender/all_50_random/02958343/a26b62fa78e9d6e016abce8cb03e7794/r_1",
            "rotation": 0.12566370614359174,
            "transform_matrix": [
                [
                    0.3035365641117096,
                    0.15912212431430817,
                    0.9394389390945435,
                    3.7869997024536133
                ],
                [
                    0.9528198838233948,
                    -0.050690989941358566,
                    -0.29927384853363037,
                    -1.206411600112915
                ],
                [
                    -3.725290742551124e-09,
                    0.985956609249115,
                    -0.16700126230716705,
                    -0.673203706741333
                ],
                [
                    0.0,
                    0.0,
                    0.0,
                    1.0
                ]
            ]
        },
        {
            "file_path": "/data/shapenet_blender/all_50_random/02958343/a26b62fa78e9d6e016abce8cb03e7794/r_2",
            "rotation": 0.12566370614359174,
            "transform_matrix": [
                [
                    0.5206649899482727,
                    -0.2695924639701843,
                    0.8100789189338684,
                    3.2655324935913086
                ],
                [
                    0.8537611365318298,
                    0.16441059112548828,
                    -0.49402546882629395,
                    -1.9914803504943848
                ],
                [
                    0.0,
                    0.9488354921340942,
                    0.3157704174518585,
                    1.2729113101959229
                ],
                [
                    0.0,
                    0.0,
                    0.0,
                    1.0
                ]
            ]
        },
        {
            "file_path": "/data/shapenet_blender/all_50_random/02958343/a26b62fa78e9d6e016abce8cb03e7794/r_3",
            "rotation": 0.12566370614359174,
            "transform_matrix": [
                [
                    0.0313294492661953,
                    0.534364640712738,
                    -0.8446731567382812,
                    -3.4049863815307617
                ],
                [
                    -0.9995091557502747,
                    0.01674957014620304,
                    -0.026476139202713966,
                    -0.10672873258590698
                ],
                [
                    0.0,
                    0.8450879454612732,
                    0.5346271991729736,
                    2.155151128768921
                ],
                [
                    0.0,
                    0.0,
                    0.0,
                    1.0
                ]
            ]
        },
        {
            "file_path": "/data/shapenet_blender/all_50_random/02958343/a26b62fa78e9d6e016abce8cb03e7794/r_4",
            "rotation": 0.12566370614359174,
            "transform_matrix": [
                [
                    0.1459401249885559,
                    -0.480129599571228,
                    -0.8649722933769226,
                    -3.4868147373199463
                ],
                [
                    -0.9892933964729309,
                    -0.07082850486040115,
                    -0.12760032713413239,
                    -0.5143733620643616
                ],
                [
                    3.7252896323280993e-09,
                    0.8743334412574768,
                    -0.48532575368881226,
                    -1.956410527229309
                ],
                [
                    0.0,
                    0.0,
                    0.0,
                    1.0
                ]
            ]
        },
        {
            "file_path": "/data/shapenet_blender/all_50_random/02958343/a26b62fa78e9d6e016abce8cb03e7794/r_5",
            "rotation": 0.12566370614359174,
            "transform_matrix": [
                [
                    0.7908031344413757,
                    0.2639578580856323,
                    0.5522286891937256,
                    2.226104974746704
                ],
                [
                    0.6120704412460327,
                    -0.3410370647907257,
                    -0.7134867906570435,
                    -2.876157283782959
                ],
                [
                    0.0,
                    0.9022305011749268,
                    -0.4312540292739868,
                    -1.7384406328201294
                ],
                [
                    0.0,
                    0.0,
                    0.0,
                    1.0
                ]
            ]
        },
        {
            "file_path": "/data/shapenet_blender/all_50_random/02958343/a26b62fa78e9d6e016abce8cb03e7794/r_6",
            "rotation": 0.12566370614359174,
            "transform_matrix": [
                [
                    0.8939062356948853,
                    0.21763159334659576,
                    -0.3918778896331787,
                    -1.5797102451324463
                ],
                [
                    -0.44825416803359985,
                    0.43399983644485474,
                    -0.7814809083938599,
                    -3.150250196456909
                ],
                [
                    1.4901161193847656e-08,
                    0.8742313981056213,
                    0.48550945520401,
                    1.957151174545288
                ],
                [
                    0.0,
                    0.0,
                    0.0,
                    1.0
                ]
            ]
        },
        {
            "file_path": "/data/shapenet_blender/all_50_random/02958343/a26b62fa78e9d6e016abce8cb03e7794/r_7",
            "rotation": 0.12566370614359174,
            "transform_matrix": [
                [
                    -0.9999676942825317,
                    0.004149767570197582,
                    0.006885068025439978,
                    0.02775459736585617
                ],
                [
                    0.008038951084017754,
                    0.5161908864974976,
                    0.8564358353614807,
                    3.4524033069610596
                ],
                [
                    2.3283064365386963e-10,
                    0.8564634919166565,
                    -0.5162075757980347,
                    -2.080899238586426
                ],
                [
                    0.0,
                    0.0,
                    0.0,
                    1.0
                ]
            ]
        },
        {
            "file_path": "/data/shapenet_blender/all_50_random/02958343/a26b62fa78e9d6e016abce8cb03e7794/r_8",
            "rotation": 0.12566370614359174,
            "transform_matrix": [
                [
                    0.376144140958786,
                    0.1618044078350067,
                    0.9123238921165466,
                    3.6776952743530273
                ],
                [
                    0.9265611171722412,
                    -0.06568565964698792,
                    -0.3703644573688507,
                    -1.4929869174957275
                ],
                [
                    -7.4505797087454084e-09,
                    0.9846343994140625,
                    -0.17462894320487976,
                    -0.7039517760276794
                ],
                [
                    0.0,
                    0.0,
                    0.0,
                    1.0
                ]
            ]
        },
        {
            "file_path": "/data/shapenet_blender/all_50_random/02958343/a26b62fa78e9d6e016abce8cb03e7794/r_9",
            "rotation": 0.12566370614359174,
            "transform_matrix": [
                [
                    -0.9286454916000366,
                    -0.19653941690921783,
                    -0.31462642550468445,
                    -1.2682996988296509
                ],
                [
                    -0.37096837162971497,
                    0.4919973313808441,
                    0.7876046299934387,
                    3.174935817718506
                ],
                [
                    1.4901162970204496e-08,
                    0.8481218218803406,
                    -0.529801070690155,
                    -2.1356964111328125
                ],
                [
                    0.0,
                    0.0,
                    0.0,
                    1.0
                ]
            ]
        },
        {
            "file_path": "/data/shapenet_blender/all_50_random/02958343/a26b62fa78e9d6e016abce8cb03e7794/r_10",
            "rotation": 0.12566370614359174,
            "transform_matrix": [
                [
                    -0.9091578125953674,
                    -0.018280452117323875,
                    -0.41605040431022644,
                    -1.6771528720855713
                ],
                [
                    -0.4164518415927887,
                    0.039908137172460556,
                    0.9082814455032349,
                    3.6613996028900146
                ],
                [
                    0.0,
                    0.9990360736846924,
                    -0.043895721435546875,
                    -0.17694930732250214
                ],
                [
                    0.0,
                    0.0,
                    0.0,
                    1.0
                ]
            ]
        },
        {
            "file_path": "/data/shapenet_blender/all_50_random/02958343/a26b62fa78e9d6e016abce8cb03e7794/r_11",
            "rotation": 0.12566370614359174,
            "transform_matrix": [
                [
                    -0.9843013286590576,
                    0.14693795144557953,
                    -0.09777653217315674,
                    -0.3941498398780823
                ],
                [
                    -0.1764965057373047,
                    -0.8194565773010254,
                    0.5452888011932373,
                    2.198129653930664
                ],
                [
                    0.0,
                    0.5539857745170593,
                    0.8325260877609253,
                    3.356020212173462
                ],
                [
                    0.0,
                    0.0,
                    0.0,
                    1.0
                ]
            ]
        },
        {
            "file_path": "/data/shapenet_blender/all_50_random/02958343/a26b62fa78e9d6e016abce8cb03e7794/r_12",
            "rotation": 0.12566370614359174,
            "transform_matrix": [
                [
                    -0.9078940153121948,
                    -0.3736079931259155,
                    -0.19011935591697693,
                    -0.7663956880569458
                ],
                [
                    -0.41919955611228943,
                    0.8091527223587036,
                    0.411756694316864,
                    1.6598443984985352
                ],
                [
                    0.0,
                    0.453529417514801,
                    -0.891241192817688,
                    -3.5927083492279053
                ],
                [
                    0.0,
                    0.0,
                    0.0,
                    1.0
                ]
            ]
        },
        {
            "file_path": "/data/shapenet_blender/all_50_random/02958343/a26b62fa78e9d6e016abce8cb03e7794/r_13",
            "rotation": 0.12566370614359174,
            "transform_matrix": [
                [
                    0.9909878373146057,
                    0.0365678034722805,
                    -0.1288633644580841,
                    -0.5194648504257202
                ],
                [
                    -0.1339513659477234,
                    0.27053287625312805,
                    -0.9533461928367615,
                    -3.8430614471435547
                ],
                [
                    0.0,
                    0.9620159864425659,
                    0.2729931175708771,
                    1.1004704236984253
                ],
                [
                    0.0,
                    0.0,
                    0.0,
                    1.0
                ]
            ]
        },
        {
            "file_path": "/data/shapenet_blender/all_50_random/02958343/a26b62fa78e9d6e016abce8cb03e7794/r_14",
            "rotation": 0.12566370614359174,
            "transform_matrix": [
                [
                    -0.8201258778572083,
                    -0.11799612641334534,
                    -0.5598843097686768,
                    -2.2569661140441895
                ],
                [
                    -0.5721831321716309,
                    0.16912706196308136,
                    0.8024975657463074,
                    3.234971284866333
                ],
                [
                    -1.4901161193847656e-08,
                    0.9785053730010986,
                    -0.20622088015079498,
                    -0.8313030004501343
                ],
                [
                    0.0,
                    0.0,
                    0.0,
                    1.0
                ]
            ]
        },
        {
            "file_path": "/data/shapenet_blender/all_50_random/02958343/a26b62fa78e9d6e016abce8cb03e7794/r_15",
            "rotation": 0.12566370614359174,
            "transform_matrix": [
                [
                    0.5994868278503418,
                    0.03303074091672897,
                    0.7997027039527893,
                    3.2237048149108887
                ],
                [
                    0.8003847002983093,
                    -0.024739975109696388,
                    -0.5989760756492615,
                    -2.4145498275756836
                ],
                [
                    0.0,
                    0.9991480112075806,
                    -0.04126858711242676,
                    -0.16635899245738983
                ],
                [
                    0.0,
                    0.0,
                    0.0,
                    1.0
                ]
            ]
        },
        {
            "file_path": "/data/shapenet_blender/all_50_random/02958343/a26b62fa78e9d6e016abce8cb03e7794/r_16",
            "rotation": 0.12566370614359174,
            "transform_matrix": [
                [
                    0.6303988695144653,
                    -0.5269816517829895,
                    0.5699890851974487,
                    2.297699451446533
                ],
                [
                    0.776271402835846,
                    0.4279542565345764,
                    -0.46288001537323,
                    -1.8659290075302124
                ],
                [
                    2.9802322387695312e-08,
                    0.7342652082443237,
                    0.6788626313209534,
                    2.7365827560424805
                ],
                [
                    0.0,
                    0.0,
                    0.0,
                    1.0
                ]
            ]
        },
        {
            "file_path": "/data/shapenet_blender/all_50_random/02958343/a26b62fa78e9d6e016abce8cb03e7794/r_17",
            "rotation": 0.12566370614359174,
            "transform_matrix": [
                [
                    0.04457106068730354,
                    -0.0006858401466161013,
                    -0.9990059733390808,
                    -4.0271220207214355
                ],
                [
                    -0.9990062713623047,
                    -3.0599028832511976e-05,
                    -0.04457104578614235,
                    -0.17967164516448975
                ],
                [
                    0.0,
                    0.9999997615814209,
                    -0.0006865223404020071,
                    -0.00276746042072773
                ],
                [
                    0.0,
                    0.0,
                    0.0,
                    1.0
                ]
            ]
        },
        {
            "file_path": "/data/shapenet_blender/all_50_random/02958343/a26b62fa78e9d6e016abce8cb03e7794/r_18",
            "rotation": 0.12566370614359174,
            "transform_matrix": [
                [
                    -0.49187391996383667,
                    0.15606577694416046,
                    -0.8565649390220642,
                    -3.4529237747192383
                ],
                [
                    -0.8706664443016052,
                    -0.08816772699356079,
                    0.48390743136405945,
                    1.9506932497024536
                ],
                [
                    0.0,
                    0.9838038086891174,
                    0.1792486310005188,
                    0.7225743532180786
                ],
                [
                    0.0,
                    0.0,
                    0.0,
                    1.0
                ]
            ]
        },
        {
            "file_path": "/data/shapenet_blender/all_50_random/02958343/a26b62fa78e9d6e016abce8cb03e7794/r_19",
            "rotation": 0.12566370614359174,
            "transform_matrix": [
                [
                    -0.4923665225505829,
                    0.3425084948539734,
                    -0.8001643419265747,
                    -3.2255659103393555
                ],
                [
                    -0.8703879117965698,
                    -0.19375237822532654,
                    0.452642023563385,
                    1.8246585130691528
                ],
                [
                    0.0,
                    0.9193193316459656,
                    0.39351239800453186,
                    1.5862993001937866
                ],
                [
                    0.0,
                    0.0,
                    0.0,
                    1.0
                ]
            ]
        },
        {
            "file_path": "/data/shapenet_blender/all_50_random/02958343/a26b62fa78e9d6e016abce8cb03e7794/r_20",
            "rotation": 0.12566370614359174,
            "transform_matrix": [
                [
                    -0.16111668944358826,
                    -0.0004975905176252127,
                    -0.9869351983070374,
                    -3.9784631729125977
                ],
                [
                    -0.9869353771209717,
                    8.123138832161203e-05,
                    0.16111664474010468,
                    0.649482011795044
                ],
                [
                    0.0,
                    0.9999998807907104,
                    -0.0005041774129495025,
                    -0.00203240429982543
                ],
                [
                    0.0,
                    0.0,
                    0.0,
                    1.0
                ]
            ]
        },
        {
            "file_path": "/data/shapenet_blender/all_50_random/02958343/a26b62fa78e9d6e016abce8cb03e7794/r_21",
            "rotation": 0.12566370614359174,
            "transform_matrix": [
                [
                    0.1562947779893875,
                    -0.01560761034488678,
                    -0.9875870943069458,
                    -3.981091022491455
                ],
                [
                    -0.9877104163169861,
                    -0.002469740342348814,
                    -0.15627527236938477,
                    -0.6299657821655273
                ],
                [
                    -2.3283062977608182e-10,
                    0.9998751878738403,
                    -0.0158018060028553,
                    -0.06369911879301071
                ],
                [
                    0.0,
                    0.0,
                    0.0,
                    1.0
                ]
            ]
        },
        {
            "file_path": "/data/shapenet_blender/all_50_random/02958343/a26b62fa78e9d6e016abce8cb03e7794/r_22",
            "rotation": 0.12566370614359174,
            "transform_matrix": [
                [
                    0.8449801206588745,
                    0.44246652722358704,
                    0.3003863990306854,
                    1.2108962535858154
                ],
                [
                    0.534797728061676,
                    -0.6990968585014343,
                    -0.4746103286743164,
                    -1.9132153987884521
                ],
                [
                    0.0,
                    0.5616822242736816,
                    -0.8273530006408691,
                    -3.3351666927337646
                ],
                [
                    0.0,
                    0.0,
                    0.0,
                    1.0
                ]
            ]
        },
        {
            "file_path": "/data/shapenet_blender/all_50_random/02958343/a26b62fa78e9d6e016abce8cb03e7794/r_23",
            "rotation": 0.12566370614359174,
            "transform_matrix": [
                [
                    -0.8575713634490967,
                    0.1801149845123291,
                    -0.48179858922958374,
                    -1.9421921968460083
                ],
                [
                    -0.5143648982048035,
                    -0.30029550194740295,
                    0.8032754063606262,
                    3.2381067276000977
                ],
                [
                    -1.4901159417490817e-08,
                    0.9366863369941711,
                    0.3501696288585663,
                    1.411578893661499
                ],
                [
                    0.0,
                    0.0,
                    0.0,
                    1.0
                ]
            ]
        },
        {
            "file_path": "/data/shapenet_blender/all_50_random/02958343/a26b62fa78e9d6e016abce8cb03e7794/r_24",
            "rotation": 0.12566370614359174,
            "transform_matrix": [
                [
                    0.6921401619911194,
                    0.3490118980407715,
                    -0.6317694783210754,
                    -2.5467441082000732
                ],
                [
                    -0.7217630743980408,
                    0.33468759059906006,
                    -0.6058400869369507,
                    -2.4422194957733154
                ],
                [
                    0.0,
                    0.8753141760826111,
                    0.4835546612739563,
                    1.9492712020874023
                ],
                [
                    0.0,
                    0.0,
                    0.0,
                    1.0
                ]
            ]
        },
        {
            "file_path": "/data/shapenet_blender/all_50_random/02958343/a26b62fa78e9d6e016abce8cb03e7794/r_25",
            "rotation": 0.12566370614359174,
            "transform_matrix": [
                [
                    0.9857484102249146,
                    0.05972139909863472,
                    0.1572689265012741,
                    0.6339713931083679
                ],
                [
                    0.16822652518749237,
                    -0.34994643926620483,
                    -0.9215406775474548,
                    -3.7148494720458984
                ],
                [
                    3.725290742551124e-09,
                    0.9348639249801636,
                    -0.3550058603286743,
                    -1.4310745000839233
                ],
                [
                    0.0,
                    0.0,
                    0.0,
                    1.0
                ]
            ]
        },
        {
            "file_path": "/data/shapenet_blender/all_50_random/02958343/a26b62fa78e9d6e016abce8cb03e7794/r_26",
            "rotation": 0.12566370614359174,
            "transform_matrix": [
                [
                    0.38341036438941956,
                    0.27776452898979187,
                    -0.8808196783065796,
                    -3.5506978034973145
                ],
                [
                    -0.9235780239105225,
                    0.11531002819538116,
                    -0.36565983295440674,
                    -1.4740219116210938
                ],
                [
                    7.450580152834618e-09,
                    0.9537035226821899,
                    0.3007482886314392,
                    1.212355136871338
                ],
                [
                    0.0,
                    0.0,
                    0.0,
                    1.0
                ]
            ]
        },
        {
            "file_path": "/data/shapenet_blender/all_50_random/02958343/a26b62fa78e9d6e016abce8cb03e7794/r_27",
            "rotation": 0.12566370614359174,
            "transform_matrix": [
                [
                    0.9526666402816772,
                    -0.26977792382240295,
                    -0.14016523957252502,
                    -0.565024197101593
                ],
                [
                    -0.30401718616485596,
                    -0.8453747034072876,
                    -0.439221054315567,
                    -1.7705568075180054
                ],
                [
                    -7.450580596923828e-09,
                    0.46104395389556885,
                    -0.8873772621154785,
                    -3.5771324634552
                ],
                [
                    0.0,
                    0.0,
                    0.0,
                    1.0
                ]
            ]
        },
        {
            "file_path": "/data/shapenet_blender/all_50_random/02958343/a26b62fa78e9d6e016abce8cb03e7794/r_28",
            "rotation": 0.12566370614359174,
            "transform_matrix": [
                [
                    0.10479500889778137,
                    -0.28367745876312256,
                    0.9531762599945068,
                    3.842376708984375
                ],
                [
                    0.9944939017295837,
                    0.029892573133111,
                    -0.10044115036725998,
                    -0.4048912525177002
                ],
                [
                    0.0,
                    0.9584537744522095,
                    0.2852480113506317,
                    1.149871587753296
                ],
                [
                    0.0,
                    0.0,
                    0.0,
                    1.0
                ]
            ]
        },
        {
            "file_path": "/data/shapenet_blender/all_50_random/02958343/a26b62fa78e9d6e016abce8cb03e7794/r_29",
            "rotation": 0.12566370614359174,
            "transform_matrix": [
                [
                    0.39726558327674866,
                    0.7625257968902588,
                    0.5106215476989746,
                    2.0583815574645996
                ],
                [
                    0.9177037477493286,
                    -0.3300904333591461,
                    -0.2210434079170227,
                    -0.8910545110702515
                ],
                [
                    0.0,
                    0.5564122200012207,
                    -0.8309062719345093,
                    -3.3494906425476074
                ],
                [
                    0.0,
                    0.0,
                    0.0,
                    1.0
                ]
            ]
        },
        {
            "file_path": "/data/shapenet_blender/all_50_random/02958343/a26b62fa78e9d6e016abce8cb03e7794/r_30",
            "rotation": 0.12566370614359174,
            "transform_matrix": [
                [
                    0.7388745546340942,
                    -0.17241685092449188,
                    0.6514113545417786,
                    2.6259231567382812
                ],
                [
                    0.6738429069519043,
                    0.18905656039714813,
                    -0.7142781615257263,
                    -2.879347324371338
                ],
                [
                    0.0,
                    0.9667109847068787,
                    0.2558709383010864,
                    1.0314487218856812
                ],
                [
                    0.0,
                    0.0,
                    0.0,
                    1.0
                ]
            ]
        },
        {
            "file_path": "/data/shapenet_blender/all_50_random/02958343/a26b62fa78e9d6e016abce8cb03e7794/r_31",
            "rotation": 0.12566370614359174,
            "transform_matrix": [
                [
                    0.9907885789871216,
                    0.034531738609075546,
                    0.1309407353401184,
                    0.5278390049934387
                ],
                [
                    0.13541756570339203,
                    -0.25265297293663025,
                    -0.9580336809158325,
                    -3.861957311630249
                ],
                [
                    0.0,
                    0.9669405221939087,
                    -0.25500190258026123,
                    -1.0279455184936523
                ],
                [
                    0.0,
                    0.0,
                    0.0,
                    1.0
                ]
            ]
        },
        {
            "file_path": "/data/shapenet_blender/all_50_random/02958343/a26b62fa78e9d6e016abce8cb03e7794/r_32",
            "rotation": 0.12566370614359174,
            "transform_matrix": [
                [
                    0.8686518669128418,
                    -0.4815343916416168,
                    -0.1164841279387474,
                    -0.4695625305175781
                ],
                [
                    -0.49542301893234253,
                    -0.8443002104759216,
                    -0.2042378932237625,
                    -0.8233093023300171
                ],
                [
                    -7.450580596923828e-09,
                    0.23512065410614014,
                    -0.9719662070274353,
                    -3.918121099472046
                ],
                [
                    0.0,
                    0.0,
                    0.0,
                    1.0
                ]
            ]
        },
        {
            "file_path": "/data/shapenet_blender/all_50_random/02958343/a26b62fa78e9d6e016abce8cb03e7794/r_33",
            "rotation": 0.12566370614359174,
            "transform_matrix": [
                [
                    -0.9761237502098083,
                    -0.19346071779727936,
                    -0.09876958280801773,
                    -0.3981529176235199
                ],
                [
                    -0.21721528470516205,
                    0.8693752884864807,
                    0.4438515305519104,
                    1.7892227172851562
                ],
                [
                    0.0,
                    0.4547083377838135,
                    -0.8906404376029968,
                    -3.5902864933013916
                ],
                [
                    0.0,
                    0.0,
                    0.0,
                    1.0
                ]
            ]
        },
        {
            "file_path": "/data/shapenet_blender/all_50_random/02958343/a26b62fa78e9d6e016abce8cb03e7794/r_34",
            "rotation": 0.12566370614359174,
            "transform_matrix": [
                [
                    0.9923781156539917,
                    0.10037843883037567,
                    0.07148264348506927,
                    0.28815576434135437
                ],
                [
                    0.12322984635829926,
                    -0.8083541393280029,
                    -0.5756543874740601,
                    -2.3205370903015137
                ],
                [
                    0.0,
                    0.5800755620002747,
                    -0.8145626187324524,
                    -3.283607006072998
                ],
                [
                    0.0,
                    0.0,
                    0.0,
                    1.0
                ]
            ]
        },
        {
            "file_path": "/data/shapenet_blender/all_50_random/02958343/a26b62fa78e9d6e016abce8cb03e7794/r_35",
            "rotation": 0.12566370614359174,
            "transform_matrix": [
                [
                    0.9750897884368896,
                    0.17351321876049042,
                    0.13817764818668365,
                    0.5570119023323059
                ],
                [
                    0.22181051969528198,
                    -0.7627725601196289,
                    -0.6074357032775879,
                    -2.4486515522003174
                ],
                [
                    -7.450580596923828e-09,
                    0.6229535937309265,
                    -0.7822588086128235,
                    -3.153386116027832
                ],
                [
                    0.0,
                    0.0,
                    0.0,
                    1.0
                ]
            ]
        },
        {
            "file_path": "/data/shapenet_blender/all_50_random/02958343/a26b62fa78e9d6e016abce8cb03e7794/r_36",
            "rotation": 0.12566370614359174,
            "transform_matrix": [
                [
                    0.9908992648124695,
                    0.06789109110832214,
                    0.11623034626245499,
                    0.4685395359992981
                ],
                [
                    0.13460570573806763,
                    -0.49977990984916687,
                    -0.8556291460990906,
                    -3.4491517543792725
                ],
                [
                    -3.725290298461914e-09,
                    0.8634876608848572,
                    -0.5043699741363525,
                    -2.0331807136535645
                ],
                [
                    0.0,
                    0.0,
                    0.0,
                    1.0
                ]
            ]
        },
        {
            "file_path": "/data/shapenet_blender/all_50_random/02958343/a26b62fa78e9d6e016abce8cb03e7794/r_37",
            "rotation": 0.12566370614359174,
            "transform_matrix": [
                [
                    0.06896144151687622,
                    0.4052511155605316,
                    -0.9116007089614868,
                    -3.6747798919677734
                ],
                [
                    -0.9976193308830261,
                    0.02801339142024517,
                    -0.06301531195640564,
                    -0.25402283668518066
                ],
                [
                    1.862645149230957e-09,
                    0.9137760400772095,
                    0.4062182307243347,
                    1.637518048286438
                ],
                [
                    0.0,
                    0.0,
                    0.0,
                    1.0
                ]
            ]
        },
        {
            "file_path": "/data/shapenet_blender/all_50_random/02958343/a26b62fa78e9d6e016abce8cb03e7794/r_38",
            "rotation": 0.12566370614359174,
            "transform_matrix": [
                [
                    -0.8763164281845093,
                    0.029860014095902443,
                    0.48080959916114807,
                    1.938205599784851
                ],
                [
                    0.4817359745502472,
                    0.054317764937877655,
                    0.8746312856674194,
                    3.525751829147339
                ],
                [
                    -1.862645149230957e-09,
                    0.9980772137641907,
                    -0.06198418140411377,
                    -0.24986624717712402
                ],
                [
                    0.0,
                    0.0,
                    0.0,
                    1.0
                ]
            ]
        },
        {
            "file_path": "/data/shapenet_blender/all_50_random/02958343/a26b62fa78e9d6e016abce8cb03e7794/r_39",
            "rotation": 0.12566370614359174,
            "transform_matrix": [
                [
                    -0.8947790265083313,
                    0.0750647783279419,
                    -0.44015419483184814,
                    -1.7743184566497803
                ],
                [
                    -0.44650915265083313,
                    -0.15042555332183838,
                    0.8820440173149109,
                    3.555633306503296
                ],
                [
                    0.0,
                    0.9857674241065979,
                    0.16811475157737732,
                    0.6776922941207886
                ],
                [
                    0.0,
                    0.0,
                    0.0,
                    1.0
                ]
            ]
        },
        {
            "file_path": "/data/shapenet_blender/all_50_random/02958343/a26b62fa78e9d6e016abce8cb03e7794/r_40",
            "rotation": 0.12566370614359174,
            "transform_matrix": [
                [
                    -0.6873466372489929,
                    -0.11560071259737015,
                    0.7170712351799011,
                    2.890606641769409
                ],
                [
                    0.7263296246528625,
                    -0.10939627140760422,
                    0.6785851120948792,
                    2.735464096069336
                ],
                [
                    0.0,
                    0.9872531294822693,
                    0.1591573804616928,
                    0.6415839195251465
                ],
                [
                    0.0,
                    0.0,
                    0.0,
                    1.0
                ]
            ]
        },
        {
            "file_path": "/data/shapenet_blender/all_50_random/02958343/a26b62fa78e9d6e016abce8cb03e7794/r_41",
            "rotation": 0.12566370614359174,
            "transform_matrix": [
                [
                    0.6512978076934814,
                    -0.04592566192150116,
                    -0.7574310898780823,
                    -3.053302526473999
                ],
                [
                    -0.7588221430778503,
                    -0.039418045431375504,
                    -0.6501038670539856,
                    -2.620652675628662
